1352,29,1381,0.1388
1398,28,1426,0.1388
1424,29,1453,0.1388
1444,28,1472,0.1388
1456,30,1486,0.1388
1465,31,1496,0.1388
1464,30,1494,0.1388
1460,29,1489,0.1388
1466,30,1496,0.1388
1468,31,1499,0.1388
1457,29,1486,0.1388
1463,32,1495,0.1388
1455,33,1488,0.1388
1463,33,1496,0.1388
1449,32,1481,0.1388
1459,33,1492,0.1388
1463,33,1496,0.1388
1467,32,1499,0.1388
1459,33,1492,0.1388
1448,34,1482,0.1388
1451,37,1488,0.1388
1465,40,1505,0.1388
1466,40,1506,0.1388
1460,38,1498,0.1388
1462,38,1500,0.1388
1450,38,1488,0.1388
1447,40,1487,0.1388
1463,41,1504,0.1388
1447,41,1488,0.1388
1433,44,1477,0.1388
1434,43,1477,0.1388
1452,44,1496,0.1388
1439,44,1483,0.1388
1444,47,1491,0.1388
1448,45,1493,0.1388
1459,45,1504,0.1388
1459,44,1503,0.1388
1459,42,1501,0.1388
1458,44,1502,0.1388
1459,47,1506,0.1388
1451,49,1500,0.1388
1439,49,1488,0.1388
1433,52,1485,0.1388
1429,53,1482,0.1388
1437,52,1489,0.1388
1441,52,1493,0.1388
1433,53,1486,0.1388
1435,57,1492,0.1388
1431,57,1488,0.1388
1436,57,1493,0.1388
1427,56,1483,0.1388
1428,54,1482,0.1388
1441,56,1497,0.1388
1439,55,1494,0.1388
1437,56,1493,0.1388
1429,57,1486,0.1388
1430,56,1486,0.1388
1429,59,1488,0.1388
1430,56,1486,0.1388
1436,54,1490,0.1388
1439,55,1494,0.1388
1445,55,1500,0.1388
1436,54,1490,0.1388
1458,55,1513,0.1388
1446,55,1501,0.1388
1438,53,1491,0.1388
1444,55,1499,0.1388
1450,55,1505,0.1388
1442,55,1497,0.1388
1436,53,1489,0.1388
1435,55,1490,0.1388
1447,54,1501,0.1388
1470,51,1521,0.1388
1471,53,1524,0.1388
1461,52,1513,0.1388
1456,52,1508,0.1388
1445,51,1496,0.1388
1438,53,1491,0.1388
1443,54,1497,0.1388
1430,54,1484,0.1388
1438,54,1492,0.1388
1436,52,1488,0.1388
1431,57,1488,0.1388
1434,59,1493,0.1388
1435,59,1494,0.1388
1432,59,1491,0.1388
1425,62,1487,0.1388
1431,62,1493,0.1388
1439,62,1501,0.1388
1441,64,1505,0.1388
1441,63,1504,0.1388
1434,63,1497,0.1388
1422,61,1483,0.1388
1438,61,1499,0.1388
1446,63,1509,0.1388
1439,63,1502,0.1388
1455,66,1521,0.1388
1445,63,1508,0.1388
1442,65,1507,0.1388
1438,62,1500,0.1388
1426,67,1493,0.1388
1428,66,1494,0.1388
1424,64,1488,0.1388
1425,67,1492,0.1388
1426,67,1493,0.1388
1424,67,1491,0.1388
1417,66,1483,0.1388
1415,65,1480,0.1388
1410,66,1476,0.1388
1406,66,1472,0.1388
1413,68,1481,0.1388
1416,67,1483,0.1388
1426,70,1496,0.1388
1425,68,1493,0.1388
1437,68,1505,0.1388
1430,70,1500,0.1388
1440,70,1510,0.1388
1438,71,1509,0.1388
1433,71,1504,0.1388
1439,74,1513,0.1388
1432,73,1505,0.1388
1420,71,1491,0.1388
1424,69,1493,0.1388
1427,72,1499,0.1388
1415,73,1488,0.1388
1409,75,1484,0.1388
1406,71,1477,0.1388
1417,71,1488,0.1388
1427,73,1500,0.1388
1431,76,1507,0.1388
1426,77,1503,0.1388
1433,79,1512,0.1388
1432,77,1509,0.1388
1420,75,1495,0.1388
1415,75,1490,0.1388
1407,73,1480,0.1388
1415,75,1490,0.1388
1406,82,1488,0.1388
1405,83,1488,0.1388
1406,85,1491,0.1388
1418,84,1502,0.1388
1417,85,1502,0.1388
1399,85,1484,0.1388
1404,81,1485,0.1388
1410,82,1492,0.1388
1412,84,1496,0.1388
1413,87,1500,0.1388
1399,89,1488,0.1388
1388,93,1481,0.1388
1400,94,1494,0.1388
1394,99,1493,0.1388
1381,98,1479,0.1388
1400,101,1501,0.1388
1387,104,1491,0.1388
1399,104,1503,0.1388
1402,102,1504,0.1388
1389,103,1492,0.1388
1392,99,1491,0.1388
1394,100,1494,0.1388
1387,103,1490,0.1388
1383,101,1484,0.1388
1396,101,1497,0.1388
1398,99,1497,0.1388
1397,99,1496,0.1388
1391,102,1493,0.1388
1394,103,1497,0.1388
1392,102,1494,0.1388
1397,100,1497,0.1388
1401,103,1504,0.1388
1398,104,1502,0.1388
1394,105,1499,0.1388
1379,104,1483,0.1388
1385,101,1486,0.1388
1383,101,1484,0.1388
1388,103,1491,0.1388
1391,105,1496,0.1388
1390,105,1495,0.1388
1392,105,1497,0.1388
1372,105,1477,0.1388
1380,109,1489,0.1388
1390,109,1499,0.1388
1401,111,1512,0.1388
1391,113,1504,0.1388
1374,116,1490,0.1388
1382,115,1497,0.1388
1378,119,1497,0.1388
1362,117,1479,0.1388
1358,116,1474,0.1388
1348,114,1462,0.1388
1355,115,1470,0.1388
1361,119,1480,0.1388
1367,121,1488,0.1388
1372,121,1493,0.1388
1384,121,1505,0.1388
1394,123,1517,0.1388
1379,116,1495,0.1388
1393,117,1510,0.1388
1382,119,1501,0.1388
1381,119,1500,0.1388
1367,114,1481,0.1388
1372,117,1489,0.1388
1377,120,1497,0.1388
1373,121,1494,0.1388
1362,121,1483,0.1388
1367,120,1487,0.1388
1374,118,1492,0.1388
1370,118,1488,0.1388
1372,119,1491,0.1388
1355,120,1475,0.1388
1367,117,1484,0.1388
1364,115,1479,0.1388
1372,114,1486,0.1388
1368,115,1483,0.1388
1385,111,1496,0.1388
1376,115,1491,0.1388
1374,120,1494,0.1388
1374,120,1494,0.1388
1385,122,1507,0.1388
1383,124,1507,0.1388
1389,121,1510,0.1388
1389,120,1509,0.1388
1375,126,1501,0.1388
1378,127,1505,0.1388
1368,127,1495,0.1388
1357,125,1482,0.1388
1359,133,1492,0.1388
1348,133,1481,0.1388
1345,134,1479,0.1388
1349,132,1481,0.1388
1362,128,1490,0.1388
1368,124,1492,0.1388
1369,124,1493,0.1388
1367,121,1488,0.1388
1361,125,1486,0.1388
1362,123,1485,0.1388
1368,123,1491,0.1388
1367,128,1495,0.1388
1363,127,1490,0.1388
1357,131,1488,0.1388
1365,131,1496,0.1388
1361,132,1493,0.1388
1364,136,1500,0.1388
1358,135,1493,0.1388
1368,137,1505,0.1388
1357,138,1495,0.1388
1352,141,1493,0.1388
1358,140,1498,0.1388
1352,142,1494,0.1388
1351,139,1490,0.1388
1347,142,1489,0.1388
1355,144,1499,0.1388
1347,145,1492,0.1388
1344,148,1492,0.1388
1348,146,1494,0.1388
1348,149,1497,0.1388
1340,149,1489,0.1388
1352,152,1504,0.1388
1351,154,1505,0.1388
1350,157,1507,0.1388
1342,152,1494,0.1388
1341,157,1498,0.1388
1344,158,1502,0.1388
1336,156,1492,0.1388
1326,153,1479,0.1388
1347,156,1503,0.1388
1346,158,1504,0.1388
1338,156,1494,0.1388
1337,152,1489,0.1388
1344,150,1494,0.1388
1350,151,1501,0.1388
1348,153,1501,0.1388
1348,151,1499,0.1388
1342,154,1496,0.1388
1344,157,1501,0.1388
1353,160,1513,0.1388
1339,161,1500,0.1388
1326,164,1490,0.1388
1325,168,1493,0.1388
1332,169,1501,0.1388
1333,169,1502,0.1388
1342,169,1511,0.1388
1334,168,1502,0.1388
1338,165,1503,0.1388
1324,163,1487,0.1388
1328,162,1490,0.1388
1335,161,1496,0.1388
1326,159,1485,0.1388
1335,154,1489,0.1388
1345,153,1498,0.1388
1333,148,1481,0.1388
1341,147,1488,0.1388
1338,153,1491,0.1388
1347,157,1504,0.1388
1342,160,1502,0.1388
1344,151,1495,0.1388
1342,150,1492,0.1388
1340,146,1486,0.1388
1346,144,1490,0.1388
1344,144,1488,0.1388
1345,145,1490,0.1388
1332,147,1479,0.1388
1339,148,1487,0.1388
1350,148,1498,0.1388
1348,150,1498,0.1388
1351,150,1501,0.1388
1355,154,1509,0.1388
1336,155,1491,0.1388
1321,159,1480,0.1388
1326,161,1487,0.1388
1327,160,1487,0.1388
1337,161,1498,0.1388
1328,164,1492,0.1388
1336,160,1496,0.1388
1339,161,1500,0.1388
1326,166,1492,0.1388
1316,171,1487,0.1388
1332,170,1502,0.1388
1324,171,1495,0.1388
1318,165,1483,0.1388
1323,166,1489,0.1388
1325,161,1486,0.1388
1331,161,1492,0.1388
1343,160,1503,0.1388
1350,159,1509,0.1388
1335,157,1492,0.1388
1342,152,1494,0.1388
1335,158,1493,0.1388
1332,161,1493,0.1388
1343,159,1502,0.1388
1330,161,1491,0.1388
1338,159,1497,0.1388
1336,157,1493,0.1388
1338,161,1499,0.1388
1341,160,1501,0.1388
1330,159,1489,0.1388
1333,159,1492,0.1388
1322,161,1483,0.1388
1329,159,1488,0.1388
1327,155,1482,0.1388
1332,161,1493,0.1388
1332,158,1490,0.1388
1331,153,1484,0.1388
1328,153,1481,0.1388
1345,158,1503,0.1388
1348,159,1507,0.1388
1334,160,1494,0.1388
1328,157,1485,0.1388
1324,160,1484,0.1388
1326,163,1489,0.1388
1312,163,1475,0.1388
1319,166,1485,0.1388
1318,158,1476,0.1388
1328,164,1492,0.1388
1328,163,1491,0.1388
1326,162,1488,0.1388
1335,160,1495,0.1388
1333,159,1492,0.1388
1334,160,1494,0.1388
1329,162,1491,0.1388
1338,165,1503,0.1388
1326,161,1487,0.1388
1339,163,1502,0.1388
1337,162,1499,0.1388
1329,162,1491,0.1388
1334,163,1497,0.1388
1338,166,1504,0.1388
1339,164,1503,0.1388
1328,165,1493,0.1388
1332,165,1497,0.1388
1323,163,1486,0.1388
1342,164,1506,0.1388
1341,165,1506,0.1388
1330,167,1497,0.1388
1329,169,1498,0.1388
1321,170,1491,0.1388
1331,170,1501,0.1388
1332,168,1500,0.1388
1330,169,1499,0.1388
1334,170,1504,0.1388
1331,171,1502,0.1388
1328,167,1495,0.1388
1325,165,1490,0.1388
1336,166,1502,0.1388
1326,168,1494,0.1388
1317,167,1484,0.1388
1311,168,1479,0.1388
1322,161,1483,0.1388
1339,164,1503,0.1388
1340,166,1506,0.1388
1334,167,1501,0.1388
1346,165,1511,0.1388
1340,166,1506,0.1388
1327,170,1497,0.1388
1320,173,1493,0.1388
1322,168,1490,0.1388
1319,170,1489,0.1388
1330,173,1503,0.1388
1334,177,1511,0.1388
1326,177,1503,0.1388
1317,174,1491,0.1388
1318,178,1496,0.1388
1325,173,1498,0.1388
1315,178,1493,0.1388
1314,178,1492,0.1388
1313,179,1492,0.1388
1316,182,1498,0.1388
1305,187,1492,0.1388
1296,188,1484,0.1388
1290,194,1484,0.1388
1298,198,1496,0.1388
1307,194,1501,0.1388
1297,201,1498,0.1388
1284,198,1482,0.1388
1284,195,1479,0.1388
1293,194,1487,0.1388
1287,198,1485,0.1388
1287,196,1483,0.1388
1280,195,1475,0.1388
1288,199,1487,0.1388
1284,202,1486,0.1388
1288,201,1489,0.1388
1284,200,1484,0.1388
1293,200,1493,0.1388
1300,203,1503,0.1388
1298,204,1502,0.1388
1296,203,1499,0.1388
1281,200,1481,0.1388
1292,199,1491,0.1388
1292,204,1496,0.1388
1293,205,1498,0.1388
1288,209,1497,0.1388
1280,214,1494,0.1388
1279,211,1490,0.1388
1272,215,1487,0.1388
1277,213,1490,0.1388
1287,211,1498,0.1388
1279,217,1496,0.1388
1290,222,1512,0.1388
1266,220,1486,0.1388
1261,222,1483,0.1388
1275,226,1501,0.1388
1258,228,1486,0.1388
1260,234,1494,0.1388
1260,233,1493,0.1388
1254,231,1485,0.1388
1247,233,1480,0.1388
1266,235,1501,0.1388
1262,232,1494,0.1388
1260,224,1484,0.1388
1257,226,1483,0.1388
1259,222,1481,0.1388
1270,226,1496,0.1388
1260,231,1491,0.1388
1254,230,1484,0.1388
1251,232,1483,0.1388
1265,229,1494,0.1388
1271,231,1502,0.1388
1273,227,1500,0.1388
1263,234,1497,0.1388
1277,234,1511,0.1388
1267,234,1501,0.1388
1262,230,1492,0.1388
1263,231,1494,0.1388
1267,233,1500,0.1388
1261,235,1496,0.1388
1268,237,1505,0.1388
1263,237,1500,0.1388
1269,235,1504,0.1388
1271,235,1506,0.1388
1271,236,1507,0.1388
1268,237,1505,0.1388
1275,238,1513,0.1388
1289,236,1525,0.1388
1280,243,1523,0.1388
1271,240,1511,0.1388
1260,241,1501,0.1388
1265,244,1509,0.1388
1257,245,1502,0.1388
1254,249,1503,0.1388
1262,248,1510,0.1388
1254,240,1494,0.1388
1263,241,1504,0.1388
1260,243,1503,0.1388
1256,246,1502,0.1388
1261,249,1510,0.1388
1259,252,1511,0.1388
1256,247,1503,0.1388
1264,238,1502,0.1388
1259,236,1495,0.1388
1264,239,1503,0.1388
1257,237,1494,0.1388
1252,239,1491,0.1388
1250,243,1493,0.1388
1236,247,1483,0.1388
1236,255,1491,0.1388
1239,257,1496,0.1388
1240,256,1496,0.1388
1237,256,1493,0.1388
1232,257,1489,0.1388
1237,259,1496,0.1388
1222,265,1487,0.1388
1240,267,1507,0.1388
1239,268,1507,0.1388
1240,271,1511,0.1388
1238,276,1514,0.1388
1234,278,1512,0.1388
1224,276,1500,0.1388
1218,278,1496,0.1388
1221,281,1502,0.1388
1218,290,1508,0.1388
1219,292,1511,0.1388
1205,290,1495,0.1388
1201,287,1488,0.1388
1212,289,1501,0.1388
1212,292,1504,0.1388
1207,292,1499,0.1388
1204,288,1492,0.1388
1208,294,1502,0.1388
1201,291,1492,0.1388
1213,294,1507,0.1388
1205,295,1500,0.1388
1195,297,1492,0.1388
1198,294,1492,0.1388
1202,296,1498,0.1388
1209,291,1500,0.1388
1205,288,1493,0.1388
1205,294,1499,0.1388
1201,294,1495,0.1388
1193,294,1487,0.1388
1190,299,1489,0.1388
1195,294,1489,0.1388
1194,296,1490,0.1388
1192,302,1494,0.1388
1194,308,1502,0.1388
1188,309,1497,0.1388
1190,303,1493,0.1388
1191,303,1494,0.1388
1193,302,1495,0.1388
1192,304,1496,0.1388
1192,303,1495,0.1388
1191,309,1500,0.1388
1194,312,1506,0.1388
1187,311,1498,0.1388
1177,313,1490,0.1388
1180,309,1489,0.1388
1181,309,1490,0.1388
1183,319,1502,0.1388
1189,323,1512,0.1388
1196,316,1512,0.1388
1185,318,1503,0.1388
1175,314,1489,0.1388
1182,310,1492,0.1388
1188,315,1503,0.1388
1185,319,1504,0.1388
1190,320,1510,0.1388
1181,313,1494,0.1388
1175,305,1480,0.1388
1168,317,1485,0.1388
1169,317,1486,0.1388
1169,316,1485,0.1388
1165,323,1488,0.1388
1181,321,1502,0.1388
1173,315,1488,0.1388
1177,327,1504,0.1388
1172,329,1501,0.1388
1181,325,1506,0.1388
1189,322,1511,0.1388
1176,320,1496,0.1388
1175,332,1507,0.1388
1177,334,1511,0.1388
1169,332,1501,0.1388
1161,335,1496,0.1388
1168,327,1495,0.1388
1171,326,1497,0.1388
1167,325,1492,0.1388
1163,325,1488,0.1388
1157,328,1485,0.1388
1154,332,1486,0.1388
1162,330,1492,0.1388
1161,330,1491,0.1388
1163,330,1493,0.1388
1168,333,1501,0.1388
1163,335,1498,0.1388
1154,338,1492,0.1388
1172,334,1506,0.1388
1161,335,1496,0.1388
1162,330,1492,0.1388
1164,339,1503,0.1388
1156,340,1496,0.1388
1143,339,1482,0.1388
1152,339,1491,0.1388
1160,339,1499,0.1388
1166,346,1512,0.1388
1161,346,1507,0.1388
1158,348,1506,0.1388
1149,350,1499,0.1388
1161,346,1507,0.1388
1157,341,1498,0.1388
1164,342,1506,0.1388
1156,342,1498,0.1388
1168,341,1509,0.1388
1163,337,1500,0.1388
1156,337,1493,0.1388
1165,331,1496,0.1388
1177,328,1505,0.1388
1161,337,1498,0.1388
1155,344,1499,0.1388
1159,344,1503,0.1388
1162,344,1506,0.1388
1150,345,1495,0.1388
1150,338,1488,0.1388
1155,336,1491,0.1388
1149,333,1482,0.1388
1148,348,1496,0.1388
1149,345,1494,0.1388
1148,353,1501,0.1388
1137,344,1481,0.1388
1140,350,1490,0.1388
1136,343,1479,0.1388
1150,351,1501,0.1388
1154,354,1508,0.1388
1151,355,1506,0.1388
1149,357,1506,0.1388
1148,357,1505,0.1388
1149,357,1506,0.1388
1130,362,1492,0.1388
1121,369,1490,0.1388
1129,373,1502,0.1388
1137,366,1503,0.1388
1134,362,1496,0.1388
1135,363,1498,0.1388
1144,368,1512,0.1388
1130,359,1489,0.1388
1131,367,1498,0.1388
1130,365,1495,0.1388
1132,367,1499,0.1388
1133,374,1507,0.1388
1139,375,1514,0.1388
1136,367,1503,0.1388
1131,378,1509,0.1388
1120,375,1495,0.1388
1114,374,1488,0.1388
1107,379,1486,0.1388
1116,379,1495,0.1388
1127,381,1508,0.1388
1122,381,1503,0.1388
1111,380,1491,0.1388
1119,382,1501,0.1388
1116,383,1499,0.1388
1116,382,1498,0.1388
1118,387,1505,0.1388
1109,387,1496,0.1388
1116,388,1504,0.1388
1103,395,1498,0.1388
1110,395,1505,0.1388
1112,389,1501,0.1388
1113,392,1505,0.1388
1116,395,1511,0.1388
1115,396,1511,0.1388
1107,397,1504,0.1388
1102,394,1496,0.1388
1117,396,1513,0.1388
1115,399,1514,0.1388
1115,397,1512,0.1388
1105,395,1500,0.1388
1113,392,1505,0.1388
1112,394,1506,0.1388
1118,399,1517,0.1388
1115,396,1511,0.1388
1116,395,1511,0.1388
1123,397,1520,0.1388
1118,400,1518,0.1388
1122,399,1521,0.1388
1110,401,1511,0.1388
1102,397,1499,0.1388
1100,395,1495,0.1388
1091,393,1484,0.1388
1095,393,1488,0.1388
1105,396,1501,0.1388
1098,399,1497,0.1388
1102,398,1500,0.1388
1096,390,1486,0.1388
1096,392,1488,0.1388
1084,387,1471,0.1388
1096,394,1490,0.1388
1103,398,1501,0.1388
1101,399,1500,0.1388
1111,406,1517,0.1388
1101,404,1505,0.1388
1103,405,1508,0.1388
1100,414,1514,0.1388
1093,413,1506,0.1388
1086,412,1498,0.1388
1087,416,1503,0.1388
1076,412,1488,0.1388
1079,423,1502,0.1388
1066,422,1488,0.1388
1058,424,1482,0.1388
1061,427,1488,0.1388
1063,427,1490,0.1388
1060,425,1485,0.1388
1065,417,1482,0.1388
1062,419,1481,0.1388
1059,427,1486,0.1388
1066,431,1497,0.1388
1064,425,1489,0.1388
1073,429,1502,0.1388
1077,427,1504,0.1388
1072,429,1501,0.1388
1073,431,1504,0.1388
1074,430,1504,0.1388
1077,424,1501,0.1388
1077,433,1510,0.1388
1081,439,1520,0.1388
1085,438,1523,0.1388
1077,433,1510,0.1388
1080,433,1513,0.1388
1085,438,1523,0.1388
1088,432,1520,0.1388
1084,427,1511,0.1388
1087,416,1503,0.1388
1090,415,1505,0.1388
1085,418,1503,0.1388
1086,426,1512,0.1388
1085,427,1512,0.1388
1085,432,1517,0.1388
1080,429,1509,0.1388
1071,436,1507,0.1388
1068,437,1505,0.1388
1058,435,1493,0.1388
1064,436,1500,0.1388
1076,436,1512,0.1388
1073,439,1512,0.1388
1076,430,1506,0.1388
1081,434,1515,0.1388
1080,433,1513,0.1388
1075,439,1514,0.1388
1077,433,1510,0.1388
1078,438,1516,0.1388
1076,435,1511,0.1388
1078,443,1521,0.1388
1077,441,1518,0.1388
1066,430,1496,0.1388
1067,438,1505,0.1388
1068,434,1502,0.1388
1067,432,1499,0.1388
1066,434,1500,0.1388
1062,442,1504,0.1388
1059,440,1499,0.1388
1063,443,1506,0.1388
1068,438,1506,0.1388
1063,439,1502,0.1388
1072,439,1511,0.1388
1066,444,1510,0.1388
1064,447,1511,0.1388
1067,443,1510,0.1388
1065,446,1511,0.1388
1069,444,1513,0.1388
1065,448,1513,0.1388
1069,446,1515,0.1388
1054,438,1492,0.1388
1054,443,1497,0.1388
1056,442,1498,0.1388
1051,445,1496,0.1388
1049,441,1490,0.1388
1059,445,1504,0.1388
1047,450,1497,0.1388
1047,455,1502,0.1388
1041,453,1494,0.1388
1050,452,1502,0.1388
1048,450,1498,0.1388
1052,442,1494,0.1388
1054,445,1499,0.1388
1048,450,1498,0.1388
1041,447,1488,0.1388
1057,445,1502,0.1388
1058,453,1511,0.1388
1057,450,1507,0.1388
1051,458,1509,0.1388
1039,459,1498,0.1388
1048,451,1499,0.1388
1040,451,1491,0.1388
1046,459,1505,0.1388
1041,462,1503,0.1388
1039,456,1495,0.1388
1033,461,1494,0.1388
1033,462,1495,0.1388
1027,457,1484,0.1388
1034,458,1492,0.1388
1035,460,1495,0.1388
1033,459,1492,0.1388
1048,450,1498,0.1388
1046,459,1505,0.1388
1048,455,1503,0.1388
1039,448,1487,0.1388
1039,454,1493,0.1388
1040,446,1486,0.1388
1044,442,1486,0.1388
1054,444,1498,0.1388
1054,445,1499,0.1388
1057,451,1508,0.1388
1056,446,1502,0.1388
1056,446,1502,0.1388
1053,445,1498,0.1388
1049,446,1495,0.1388
1055,448,1503,0.1388
1063,444,1507,0.1388
1066,448,1514,0.1388
1065,448,1513,0.1388
1061,448,1509,0.1388
1053,440,1493,0.1388
1054,445,1499,0.1388
1049,453,1502,0.1388
1052,451,1503,0.1388
1069,449,1518,0.1388
1072,452,1524,0.1388
1074,447,1521,0.1388
1055,440,1495,0.1388
1057,445,1502,0.1388
1051,444,1495,0.1388
1038,444,1482,0.1388
1046,449,1495,0.1388
1053,444,1497,0.1388
1045,441,1486,0.1388
1049,440,1489,0.1388
1061,444,1505,0.1388
1051,449,1500,0.1388
1050,455,1505,0.1388
1054,456,1510,0.1388
1049,459,1508,0.1388
1051,452,1503,0.1388
1054,451,1505,0.1388
1064,442,1506,0.1388
1066,445,1511,0.1388
1064,446,1510,0.1388
1066,448,1514,0.1388
1071,445,1516,0.1388
1068,445,1513,0.1388
1058,449,1507,0.1388
1056,451,1507,0.1388
1053,452,1505,0.1388
1045,456,1501,0.1388
1042,463,1505,0.1388
1056,459,1515,0.1388
1058,467,1525,0.1388
1047,463,1510,0.1388
1044,464,1508,0.1388
1043,466,1509,0.1388
1040,467,1507,0.1388
1041,469,1510,0.1388
1037,471,1508,0.1388
1047,465,1512,0.1388
1042,465,1507,0.1388
1039,463,1502,0.1388
1039,459,1498,0.1388
1043,466,1509,0.1388
1042,467,1509,0.1388
1037,467,1504,0.1388
1029,472,1501,0.1388
1032,465,1497,0.1388
1019,463,1482,0.1388
1012,469,1481,0.1388
1031,472,1503,0.1388
1042,467,1509,0.1388
1041,466,1507,0.1388
1042,468,1510,0.1388
1041,464,1505,0.1388
1032,473,1505,0.1388
1025,475,1500,0.1388
1011,480,1491,0.1388
1017,488,1505,0.1388
1029,489,1518,0.1388
1020,494,1514,0.1388
1017,487,1504,0.1388
1020,487,1507,0.1388
1033,488,1521,0.1388
1022,483,1505,0.1388
1023,486,1509,0.1388
1018,483,1501,0.1388
1023,482,1505,0.1388
1018,483,1501,0.1388
1023,474,1497,0.1388
1014,476,1490,0.1388
1023,482,1505,0.1388
1021,484,1505,0.1388
1009,485,1494,0.1388
1005,486,1491,0.1388
1011,480,1491,0.1388
1012,478,1490,0.1388
1038,480,1518,0.1388
1032,479,1511,0.1388
1029,480,1509,0.1388
1034,478,1512,0.1388
1030,476,1506,0.1388
1024,471,1495,0.1388
1028,482,1510,0.1388
1023,479,1502,0.1388
1028,484,1512,0.1388
1016,488,1504,0.1388
1027,488,1515,0.1388
1024,483,1507,0.1388
1020,482,1502,0.1388
1024,479,1503,0.1388
1026,479,1505,0.1388
1035,481,1516,0.1388
1041,475,1516,0.1388
1040,484,1524,0.1388
1040,487,1527,0.1388
1034,478,1512,0.1388
1035,484,1519,0.1388
1031,478,1509,0.1388
1028,485,1513,0.1388
1033,482,1515,0.1388
1040,480,1520,0.1388
1035,482,1517,0.1388
1032,478,1510,0.1388
1015,476,1491,0.1388
1019,484,1503,0.1388
1023,484,1507,0.1388
1020,482,1502,0.1388
1017,478,1495,0.1388
1020,483,1503,0.1388
1016,490,1506,0.1388
1018,489,1507,0.1388
1010,491,1501,0.1388
1007,491,1498,0.1388
1013,495,1508,0.1388
1012,496,1508,0.1388
1002,504,1506,0.1388
1008,499,1507,0.1388
1009,493,1502,0.1388
992,495,1487,0.1388
1004,496,1500,0.1388
1003,499,1502,0.1388
1001,494,1495,0.1388
1004,488,1492,0.1388
1007,482,1489,0.1388
1002,486,1488,0.1388
996,486,1482,0.1388
1004,483,1487,0.1388
1007,479,1486,0.1388
1011,478,1489,0.1388
1002,482,1484,0.1388
1016,484,1500,0.1388
1023,487,1510,0.1388
1019,485,1504,0.1388
1004,490,1494,0.1388
1003,493,1496,0.1388
1000,489,1489,0.1388
997,483,1480,0.1388
1003,476,1479,0.1388
1005,486,1491,0.1388
1015,488,1503,0.1388
1012,493,1505,0.1388
1010,500,1510,0.1388
1018,506,1524,0.1388
1013,501,1514,0.1388
1009,495,1504,0.1388
1007,488,1495,0.1388
999,487,1486,0.1388
1009,494,1503,0.1388
1020,493,1513,0.1388
1009,503,1512,0.1388
997,501,1498,0.1388
1003,496,1499,0.1388
1002,497,1499,0.1388
1006,497,1503,0.1388
1005,498,1503,0.1388
1009,487,1496,0.1388
1011,498,1509,0.1388
1005,505,1510,0.1388
993,506,1499,0.1388
993,507,1500,0.1388
986,512,1498,0.1388
993,506,1499,0.1388
984,511,1495,0.1388
973,517,1490,0.1388
972,517,1489,0.1388
986,519,1505,0.1388
972,519,1491,0.1388
981,519,1500,0.1388
986,518,1504,0.1388
980,511,1491,0.1388
985,513,1498,0.1388
981,516,1497,0.1388
980,509,1489,0.1388
988,509,1497,0.1388
990,515,1505,0.1388
986,511,1497,0.1388
999,512,1511,0.1388
997,509,1506,0.1388
991,508,1499,0.1388
995,510,1505,0.1388
989,510,1499,0.1388
994,508,1502,0.1388
989,514,1503,0.1388
971,512,1483,0.1388
973,521,1494,0.1388
977,524,1501,0.1388
984,521,1505,0.1388
990,522,1512,0.1388
991,514,1505,0.1388
988,519,1507,0.1388
988,509,1497,0.1388
986,519,1505,0.1388
991,517,1508,0.1388
986,518,1504,0.1388
983,518,1501,0.1388
978,525,1503,0.1388
972,518,1490,0.1388
982,519,1501,0.1388
961,520,1481,0.1388
960,529,1489,0.1388
954,534,1488,0.1388
959,527,1486,0.1388
963,535,1498,0.1388
957,536,1493,0.1388
953,540,1493,0.1388
948,538,1486,0.1388
952,534,1486,0.1388
964,526,1490,0.1388
978,521,1499,0.1388
982,524,1506,0.1388
974,530,1504,0.1388
971,537,1508,0.1388
969,541,1510,0.1388
970,540,1510,0.1388
984,547,1531,0.1388
982,546,1528,0.1388
973,551,1524,0.1388
972,547,1519,0.1388
968,542,1510,0.1388
960,547,1507,0.1388
954,543,1497,0.1388
954,551,1505,0.1388
947,554,1501,0.1388
947,551,1498,0.1388
942,552,1494,0.1388
926,549,1475,0.1388
918,551,1469,0.1388
921,556,1477,0.1388
930,564,1494,0.1388
933,560,1493,0.1388
933,550,1483,0.1388
933,552,1485,0.1388
936,558,1494,0.1388
928,557,1485,0.1388
915,561,1476,0.1388
914,561,1475,0.1388
914,565,1479,0.1388
919,568,1487,0.1388
910,568,1478,0.1388
914,566,1480,0.1388
907,561,1468,0.1388
921,565,1486,0.1388
930,567,1497,0.1388
934,578,1512,0.1388
925,578,1503,0.1388
928,573,1501,0.1388
918,579,1497,0.1388
937,576,1513,0.1388
941,579,1520,0.1388
923,576,1499,0.1388
918,574,1492,0.1388
913,577,1490,0.1388
910,584,1494,0.1388
909,584,1493,0.1388
918,580,1498,0.1388
920,580,1500,0.1388
926,586,1512,0.1388
912,603,1515,0.1388
910,603,1513,0.1388
903,604,1507,0.1388
886,601,1487,0.1388
894,603,1497,0.1388
887,605,1492,0.1388
892,604,1496,0.1388
890,613,1503,0.1388
895,619,1514,0.1388
897,617,1514,0.1388
891,614,1505,0.1388
896,615,1511,0.1388
892,610,1502,0.1388
898,604,1502,0.1388
890,614,1504,0.1388
886,619,1505,0.1388
887,610,1497,0.1388
880,611,1491,0.1388
890,615,1505,0.1388
892,605,1497,0.1388
895,608,1503,0.1388
902,611,1513,0.1388
893,604,1497,0.1388
896,607,1503,0.1388
900,606,1506,0.1388
891,604,1495,0.1388
895,598,1493,0.1388
897,595,1492,0.1388
905,602,1507,0.1388
910,599,1509,0.1388
900,616,1516,0.1388
889,614,1503,0.1388
890,625,1515,0.1388
890,619,1509,0.1388
891,613,1504,0.1388
894,613,1507,0.1388
880,612,1492,0.1388
884,613,1497,0.1388
887,616,1503,0.1388
892,613,1505,0.1388
885,616,1501,0.1388
893,618,1511,0.1388
887,616,1503,0.1388
885,617,1502,0.1388
893,614,1507,0.1388
894,617,1511,0.1388
898,613,1511,0.1388
882,622,1504,0.1388
883,623,1506,0.1388
889,625,1514,0.1388
875,633,1508,0.1388
865,632,1497,0.1388
865,627,1492,0.1388
869,633,1502,0.1388
876,640,1516,0.1388
879,636,1515,0.1388
870,633,1503,0.1388
862,646,1508,0.1388
870,640,1510,0.1388
880,643,1523,0.1388
878,640,1518,0.1388
876,635,1511,0.1388
868,632,1500,0.1388
871,643,1514,0.1388
872,643,1515,0.1388
875,640,1515,0.1388
874,637,1511,0.1388
870,638,1508,0.1388
865,636,1501,0.1388
872,649,1521,0.1388
871,649,1520,0.1388
864,636,1500,0.1388
864,631,1495,0.1388
873,631,1504,0.1388
858,615,1473,0.1388
854,627,1481,0.1388
861,630,1491,0.1388
855,635,1490,0.1388
845,639,1484,0.1388
858,642,1500,0.1388
861,642,1503,0.1388
860,631,1491,0.1388
868,638,1506,0.1388
870,640,1510,0.1388
868,643,1511,0.1388
862,648,1510,0.1388
858,649,1507,0.1388
853,640,1493,0.1388
853,645,1498,0.1388
861,649,1510,0.1388
871,644,1515,0.1388
875,644,1519,0.1388
872,650,1522,0.1388
866,649,1515,0.1388
858,651,1509,0.1388
857,655,1512,0.1388
846,655,1501,0.1388
852,653,1505,0.1388
849,659,1508,0.1388
858,661,1519,0.1388
833,661,1494,0.1388
840,664,1504,0.1388
843,658,1501,0.1388
831,664,1495,0.1388
829,666,1495,0.1388
830,673,1503,0.1388
840,673,1513,0.1388
829,657,1486,0.1388
833,664,1497,0.1388
839,654,1493,0.1388
831,669,1500,0.1388
832,673,1505,0.1388
835,675,1510,0.1388
836,670,1506,0.1388
852,665,1517,0.1388
850,660,1510,0.1388
845,654,1499,0.1388
846,655,1501,0.1388
848,657,1505,0.1388
849,657,1506,0.1388
847,663,1510,0.1388
838,663,1501,0.1388
840,661,1501,0.1388
831,658,1489,0.1388
830,653,1483,0.1388
828,655,1483,0.1388
835,664,1499,0.1388
828,668,1496,0.1388
837,665,1502,0.1388
821,668,1489,0.1388
820,670,1490,0.1388
816,668,1484,0.1388
832,672,1504,0.1388
827,670,1497,0.1388
827,674,1501,0.1388
824,674,1498,0.1388
818,673,1491,0.1388
815,677,1492,0.1388
808,675,1483,0.1388
817,682,1499,0.1388
809,689,1498,0.1388
815,693,1508,0.1388
813,680,1493,0.1388
808,687,1495,0.1388
804,695,1499,0.1388
800,697,1497,0.1388
803,698,1501,0.1388
804,695,1499,0.1388
792,698,1490,0.1388
785,697,1482,0.1388
794,704,1498,0.1388
803,706,1509,0.1388
808,708,1516,0.1388
807,711,1518,0.1388
810,709,1519,0.1388
806,705,1511,0.1388
795,715,1510,0.1388
788,711,1499,0.1388
785,710,1495,0.1388
787,710,1497,0.1388
786,713,1499,0.1388
784,716,1500,0.1388
792,712,1504,0.1388
797,712,1509,0.1388
799,709,1508,0.1388
796,720,1516,0.1388
782,726,1508,0.1388
772,726,1498,0.1388
776,726,1502,0.1388
782,718,1500,0.1388
773,731,1504,0.1388
773,728,1501,0.1388
769,723,1492,0.1388
765,732,1497,0.1388
769,735,1504,0.1388
772,734,1506,0.1388
770,724,1494,0.1388
778,732,1510,0.1388
770,732,1502,0.1388
778,723,1501,0.1388
782,726,1508,0.1388
782,740,1522,0.1388
794,741,1535,0.1388
790,726,1516,0.1388
792,729,1521,0.1388
790,734,1524,0.1388
786,735,1521,0.1388
783,731,1514,0.1388
782,722,1504,0.1388
778,727,1505,0.1388
768,730,1498,0.1388
770,724,1494,0.1388
769,730,1499,0.1388
762,735,1497,0.1388
755,739,1494,0.1388
755,745,1500,0.1388
766,742,1508,0.1388
763,740,1503,0.1388
762,754,1516,0.1388
759,761,1520,0.1388
759,763,1522,0.1388
754,763,1517,0.1388
757,757,1514,0.1388
755,764,1519,0.1388
758,767,1525,0.1388
747,757,1504,0.1388
743,763,1506,0.1388
739,763,1502,0.1388
750,763,1513,0.1388
750,763,1513,0.1388
749,748,1497,0.1388
740,761,1501,0.1388
741,757,1498,0.1388
744,752,1496,0.1388
745,748,1493,0.1388
745,768,1513,0.1388
729,771,1500,0.1388
720,770,1490,0.1388
731,774,1505,0.1388
727,779,1506,0.1388
728,787,1515,0.1388
730,789,1519,0.1388
735,789,1524,0.1388
732,787,1519,0.1388
748,782,1530,0.1388
738,774,1512,0.1388
739,775,1514,0.1388
738,776,1514,0.1388
736,756,1492,0.1388
734,762,1496,0.1388
728,762,1490,0.1388
736,765,1501,0.1388
730,754,1484,0.1388
731,762,1493,0.1388
746,761,1507,0.1388
752,768,1520,0.1388
743,759,1502,0.1388
746,768,1514,0.1388
746,777,1523,0.1388
741,772,1513,0.1388
731,773,1504,0.1388
736,780,1516,0.1388
715,781,1496,0.1388
719,786,1505,0.1388
721,781,1502,0.1388
724,786,1510,0.1388
723,788,1511,0.1388
722,784,1506,0.1388
715,779,1494,0.1388
723,773,1496,0.1388
719,775,1494,0.1388
725,789,1514,0.1388
731,787,1518,0.1388
724,787,1511,0.1388
719,783,1502,0.1388
724,777,1501,0.1388
719,788,1507,0.1388
722,794,1516,0.1388
718,805,1523,0.1388
710,793,1503,0.1388
716,792,1508,0.1388
704,793,1497,0.1388
704,785,1489,0.1388
705,801,1506,0.1388
698,794,1492,0.1388
702,797,1499,0.1388
705,806,1511,0.1388
701,813,1514,0.1388
705,810,1515,0.1388
700,793,1493,0.1388
697,793,1490,0.1388
697,795,1492,0.1388
705,804,1509,0.1388
697,812,1509,0.1388
701,814,1515,0.1388
700,802,1502,0.1388
695,808,1503,0.1388
703,803,1506,0.1388
695,809,1504,0.1388
700,810,1510,0.1388
705,796,1501,0.1388
705,796,1501,0.1388
702,798,1500,0.1388
700,802,1502,0.1388
708,805,1513,0.1388
702,812,1514,0.1388
692,804,1496,0.1388
703,804,1507,0.1388
703,808,1511,0.1388
698,807,1505,0.1388
688,807,1495,0.1388
695,809,1504,0.1388
694,800,1494,0.1388
693,806,1499,0.1388
692,814,1506,0.1388
698,806,1504,0.1388
697,801,1498,0.1388
698,804,1502,0.1388
690,810,1500,0.1388
685,814,1499,0.1388
676,817,1493,0.1388
680,816,1496,0.1388
684,813,1497,0.1388
684,809,1493,0.1388
688,811,1499,0.1388
693,812,1505,0.1388
690,814,1504,0.1388
695,812,1507,0.1388
695,805,1500,0.1388
699,814,1513,0.1388
703,812,1515,0.1388
704,811,1515,0.1388
701,808,1509,0.1388
704,811,1515,0.1388
699,805,1504,0.1388
696,808,1504,0.1388
698,805,1503,0.1388
692,808,1500,0.1388
695,807,1502,0.1388
686,806,1492,0.1388
682,824,1506,0.1388
688,822,1510,0.1388
688,831,1519,0.1388
681,825,1506,0.1388
680,825,1505,0.1388
672,827,1499,0.1388
667,825,1492,0.1388
669,821,1490,0.1388
679,822,1501,0.1388
674,831,1505,0.1388
681,829,1510,0.1388
679,832,1511,0.1388
675,834,1509,0.1388
679,820,1499,0.1388
681,822,1503,0.1388
665,829,1494,0.1388
671,824,1495,0.1388
669,826,1495,0.1388
663,834,1497,0.1388
667,827,1494,0.1388
666,824,1490,0.1388
673,831,1504,0.1388
675,829,1504,0.1388
670,831,1501,0.1388
678,824,1502,0.1388
674,819,1493,0.1388
672,825,1497,0.1388
672,829,1501,0.1388
678,834,1512,0.1388
685,823,1508,0.1388
686,825,1511,0.1388
688,824,1512,0.1388
677,824,1501,0.1388
679,835,1514,0.1388
683,819,1502,0.1388
690,819,1509,0.1388
681,818,1499,0.1388
672,823,1495,0.1388
670,823,1493,0.1388
674,821,1495,0.1388
671,822,1493,0.1388
674,825,1499,0.1388
683,822,1505,0.1388
672,820,1492,0.1388
681,821,1502,0.1388
695,828,1523,0.1388
693,827,1520,0.1388
688,838,1526,0.1388
684,841,1525,0.1388
678,837,1515,0.1388
671,841,1512,0.1388
674,838,1512,0.1388
679,837,1516,0.1388
686,836,1522,0.1388
669,824,1493,0.1388
661,835,1496,0.1388
656,841,1497,0.1388
657,837,1494,0.1388
656,833,1489,0.1388
657,836,1493,0.1388
655,841,1496,0.1388
652,835,1487,0.1388
651,839,1490,0.1388
652,844,1496,0.1388
647,839,1486,0.1388
646,850,1496,0.1388
644,851,1495,0.1388
652,856,1508,0.1388
642,855,1497,0.1388
638,850,1488,0.1388
638,863,1501,0.1388
638,867,1505,0.1388
634,866,1500,0.1388
636,866,1502,0.1388
633,872,1505,0.1388
634,859,1493,0.1388
642,857,1499,0.1388
629,860,1489,0.1388
631,869,1500,0.1388
641,869,1510,0.1388
635,863,1498,0.1388
634,865,1499,0.1388
635,867,1502,0.1388
636,863,1499,0.1388
635,875,1510,0.1388
638,879,1517,0.1388
636,868,1504,0.1388
638,861,1499,0.1388
639,855,1494,0.1388
639,869,1508,0.1388
641,863,1504,0.1388
647,865,1512,0.1388
646,857,1503,0.1388
649,864,1513,0.1388
638,855,1493,0.1388
635,861,1496,0.1388
638,863,1501,0.1388
630,857,1487,0.1388
632,864,1496,0.1388
632,867,1499,0.1388
626,875,1501,0.1388
628,883,1511,0.1388
619,884,1503,0.1388
613,880,1493,0.1388
610,890,1500,0.1388
615,898,1513,0.1388
622,894,1516,0.1388
618,884,1502,0.1388
627,881,1508,0.1388
629,884,1513,0.1388
624,885,1509,0.1388
629,887,1516,0.1388
637,891,1528,0.1388
634,886,1520,0.1388
629,881,1510,0.1388
633,874,1507,0.1388
639,877,1516,0.1388
632,872,1504,0.1388
629,870,1499,0.1388
629,875,1504,0.1388
624,878,1502,0.1388
628,882,1510,0.1388
630,874,1504,0.1388
621,872,1493,0.1388
628,881,1509,0.1388
626,887,1513,0.1388
628,892,1520,0.1388
628,879,1507,0.1388
631,863,1494,0.1388
630,864,1494,0.1388
626,871,1497,0.1388
636,876,1512,0.1388
634,866,1500,0.1388
628,871,1499,0.1388
632,869,1501,0.1388
632,879,1511,0.1388
628,881,1509,0.1388
633,884,1517,0.1388
637,883,1520,0.1388
627,880,1507,0.1388
626,881,1507,0.1388
633,875,1508,0.1388
631,881,1512,0.1388
627,879,1506,0.1388
619,887,1506,0.1388
615,886,1501,0.1388
614,884,1498,0.1388
613,880,1493,0.1388
615,891,1506,0.1388
619,896,1515,0.1388
618,897,1515,0.1388
617,907,1524,0.1388
603,903,1506,0.1388
606,895,1501,0.1388
595,894,1489,0.1388
603,897,1500,0.1388
608,908,1516,0.1388
611,910,1521,0.1388
607,906,1513,0.1388
602,911,1513,0.1388
593,900,1493,0.1388
594,909,1503,0.1388
604,918,1522,0.1388
601,922,1523,0.1388
596,915,1511,0.1388
594,907,1501,0.1388
590,905,1495,0.1388
583,904,1487,0.1388
580,906,1486,0.1388
581,907,1488,0.1388
579,912,1491,0.1388
591,904,1495,0.1388
592,914,1506,0.1388
590,915,1505,0.1388
587,925,1512,0.1388
586,934,1520,0.1388
596,924,1520,0.1388
596,922,1518,0.1388
594,915,1509,0.1388
595,921,1516,0.1388
594,925,1519,0.1388
600,925,1525,0.1388
599,923,1522,0.1388
590,921,1511,0.1388
588,926,1514,0.1388
590,926,1516,0.1388
579,916,1495,0.1388
579,919,1498,0.1388
584,922,1506,0.1388
579,921,1500,0.1388
576,934,1510,0.1388
576,938,1514,0.1388
574,929,1503,0.1388
573,926,1499,0.1388
583,933,1516,0.1388
576,928,1504,0.1388
579,933,1512,0.1388
579,936,1515,0.1388
580,930,1510,0.1388
582,923,1505,0.1388
571,934,1505,0.1388
574,937,1511,0.1388
575,936,1511,0.1388
579,943,1522,0.1388
580,940,1520,0.1388
582,937,1519,0.1388
579,945,1524,0.1388
579,938,1517,0.1388
574,940,1514,0.1388
579,942,1521,0.1388
571,938,1509,0.1388
573,929,1502,0.1388
578,926,1504,0.1388
575,928,1503,0.1388
584,944,1528,0.1388
580,930,1510,0.1388
586,934,1520,0.1388
580,940,1520,0.1388
585,934,1519,0.1388
583,930,1513,0.1388
579,932,1511,0.1388
584,930,1514,0.1388
581,922,1503,0.1388
579,927,1506,0.1388
580,930,1510,0.1388
574,938,1512,0.1388
572,935,1507,0.1388
568,932,1500,0.1388
568,934,1502,0.1388
564,930,1494,0.1388
570,942,1512,0.1388
568,951,1519,0.1388
569,955,1524,0.1388
570,954,1524,0.1388
564,964,1528,0.1388
559,963,1522,0.1388
554,950,1504,0.1388
555,948,1503,0.1388
548,947,1495,0.1388
555,959,1514,0.1388
556,957,1513,0.1388
551,960,1511,0.1388
554,965,1519,0.1388
550,961,1511,0.1388
554,962,1516,0.1388
550,945,1495,0.1388
556,952,1508,0.1388
562,957,1519,0.1388
562,957,1519,0.1388
561,949,1510,0.1388
556,942,1498,0.1388
550,943,1493,0.1388
553,940,1493,0.1388
555,938,1493,0.1388
551,943,1494,0.1388
560,943,1503,0.1388
558,952,1510,0.1388
562,950,1512,0.1388
558,960,1518,0.1388
557,955,1512,0.1388
550,957,1507,0.1388
549,964,1513,0.1388
555,957,1512,0.1388
553,946,1499,0.1388
552,939,1491,0.1388
554,943,1497,0.1388
557,951,1508,0.1388
555,939,1494,0.1388
551,951,1502,0.1388
553,960,1513,0.1388
557,952,1509,0.1388
548,954,1502,0.1388
552,953,1505,0.1388
559,946,1505,0.1388
549,934,1483,0.1388
549,941,1490,0.1388
550,950,1500,0.1388
544,956,1500,0.1388
535,964,1499,0.1388
544,964,1508,0.1388
543,964,1507,0.1388
543,963,1506,0.1388
532,966,1498,0.1388
534,971,1505,0.1388
545,963,1508,0.1388
545,959,1504,0.1388
544,960,1504,0.1388
541,968,1509,0.1388
540,974,1514,0.1388
546,972,1518,0.1388
543,973,1516,0.1388
534,965,1499,0.1388
546,964,1510,0.1388
541,970,1511,0.1388
537,976,1513,0.1388
538,969,1507,0.1388
543,973,1516,0.1388
540,961,1501,0.1388
541,964,1505,0.1388
536,972,1508,0.1388
538,969,1507,0.1388
532,970,1502,0.1388
530,979,1509,0.1388
532,985,1517,0.1388
526,981,1507,0.1388
524,970,1494,0.1388
521,977,1498,0.1388
522,988,1510,0.1388
520,991,1511,0.1388
521,981,1502,0.1388
520,981,1501,0.1388
518,984,1502,0.1388
517,988,1505,0.1388
514,999,1513,0.1388
512,1009,1521,0.1388
510,994,1504,0.1388
509,1001,1510,0.1388
509,1004,1513,0.1388
509,1013,1522,0.1388
504,1014,1518,0.1388
513,1010,1523,0.1388
514,1012,1526,0.1388
510,1015,1525,0.1388
511,1019,1530,0.1388
504,1010,1514,0.1388
502,1006,1508,0.1388
496,994,1490,0.1388
492,1000,1492,0.1388
500,1014,1514,0.1388
497,1007,1504,0.1388
494,1013,1507,0.1388
499,1011,1510,0.1388
496,1011,1507,0.1388
498,1011,1509,0.1388
498,998,1496,0.1388
488,1002,1490,0.1388
487,994,1481,0.1388
500,1009,1509,0.1388
493,1015,1508,0.1388
488,1004,1492,0.1388
489,1003,1492,0.1388
489,1008,1497,0.1388
493,1000,1493,0.1388
486,1009,1495,0.1388
486,1037,1523,0.1388
477,1041,1518,0.1388
478,1042,1520,0.1388
481,1046,1527,0.1388
481,1031,1512,0.1388
480,1030,1510,0.1388
472,1026,1498,0.1388
474,1034,1508,0.1388
473,1039,1512,0.1388
468,1042,1510,0.1388
473,1048,1521,0.1388
471,1045,1516,0.1388
469,1048,1517,0.1388
468,1056,1524,0.1388
469,1053,1522,0.1388
472,1058,1530,0.1388
471,1046,1517,0.1388
471,1052,1523,0.1388
467,1050,1517,0.1388
464,1051,1515,0.1388
467,1054,1521,0.1388
461,1047,1508,0.1388
464,1065,1529,0.1388
458,1056,1514,0.1388
463,1056,1519,0.1388
456,1050,1506,0.1388
455,1053,1508,0.1388
448,1060,1508,0.1388
445,1058,1503,0.1388
445,1064,1509,0.1388
458,1068,1526,0.1388
457,1066,1523,0.1388
456,1062,1518,0.1388
453,1062,1515,0.1388
455,1047,1502,0.1388
454,1057,1511,0.1388
453,1057,1510,0.1388
453,1047,1500,0.1388
456,1043,1499,0.1388
453,1048,1501,0.1388
453,1049,1502,0.1388
454,1048,1502,0.1388
458,1050,1508,0.1388
461,1059,1520,0.1388
464,1054,1518,0.1388
458,1056,1514,0.1388
458,1064,1522,0.1388
451,1068,1519,0.1388
452,1070,1522,0.1388
451,1063,1514,0.1388
455,1063,1518,0.1388
453,1064,1517,0.1388
453,1055,1508,0.1388
451,1054,1505,0.1388
447,1058,1505,0.1388
442,1057,1499,0.1388
439,1049,1488,0.1388
441,1058,1499,0.1388
451,1071,1522,0.1388
447,1069,1516,0.1388
453,1068,1521,0.1388
449,1068,1517,0.1388
437,1059,1496,0.1388
435,1072,1507,0.1388
435,1068,1503,0.1388
445,1073,1518,0.1388
444,1058,1502,0.1388
440,1061,1501,0.1388
439,1056,1495,0.1388
440,1058,1498,0.1388
437,1071,1508,0.1388
433,1067,1500,0.1388
434,1071,1505,0.1388
442,1079,1521,0.1388
437,1060,1497,0.1388
436,1062,1498,0.1388
435,1073,1508,0.1388
432,1071,1503,0.1388
437,1077,1514,0.1388
439,1076,1515,0.1388
437,1064,1501,0.1388
438,1072,1510,0.1388
440,1073,1513,0.1388
439,1084,1523,0.1388
435,1086,1521,0.1388
445,1080,1525,0.1388
438,1085,1523,0.1388
435,1079,1514,0.1388
438,1076,1514,0.1388
434,1076,1510,0.1388
436,1085,1521,0.1388
434,1078,1512,0.1388
439,1088,1527,0.1388
433,1076,1509,0.1388
432,1075,1507,0.1388
435,1075,1510,0.1388
432,1075,1507,0.1388
423,1079,1502,0.1388
429,1073,1502,0.1388
424,1078,1502,0.1388
423,1089,1512,0.1388
413,1087,1500,0.1388
409,1092,1501,0.1388
406,1096,1502,0.1388
404,1094,1498,0.1388
405,1104,1509,0.1388
414,1098,1512,0.1388
421,1095,1516,0.1388
418,1097,1515,0.1388
416,1097,1513,0.1388
423,1099,1522,0.1388
415,1110,1525,0.1388
412,1109,1521,0.1388
404,1103,1507,0.1388
406,1106,1512,0.1388
406,1094,1500,0.1388
405,1090,1495,0.1388
407,1091,1498,0.1388
413,1096,1509,0.1388
422,1116,1538,0.1388
418,1115,1533,0.1388
417,1114,1531,0.1388
413,1112,1525,0.1388
417,1109,1526,0.1388
406,1100,1506,0.1388
407,1097,1504,0.1388
411,1111,1522,0.1388
410,1100,1510,0.1388
411,1110,1521,0.1388
415,1094,1509,0.1388
412,1090,1502,0.1388
407,1094,1501,0.1388
408,1096,1504,0.1388
410,1102,1512,0.1388
413,1101,1514,0.1388
423,1098,1521,0.1388
424,1102,1526,0.1388
425,1100,1525,0.1388
420,1096,1516,0.1388
425,1109,1534,0.1388
425,1089,1514,0.1388
417,1089,1506,0.1388
419,1092,1511,0.1388
411,1099,1510,0.1388
405,1098,1503,0.1388
410,1102,1512,0.1388
412,1102,1514,0.1388
406,1101,1507,0.1388
405,1108,1513,0.1388
405,1099,1504,0.1388
406,1092,1498,0.1388
403,1101,1504,0.1388
402,1117,1519,0.1388
400,1116,1516,0.1388
391,1124,1515,0.1388
392,1116,1508,0.1388
389,1120,1509,0.1388
384,1130,1514,0.1388
376,1123,1499,0.1388
370,1120,1490,0.1388
372,1121,1493,0.1388
369,1118,1487,0.1388
377,1124,1501,0.1388
382,1130,1512,0.1388
387,1133,1520,0.1388
383,1129,1512,0.1388
387,1125,1512,0.1388
384,1116,1500,0.1388
388,1127,1515,0.1388
395,1116,1511,0.1388
392,1108,1500,0.1388
395,1107,1502,0.1388
397,1094,1491,0.1388
406,1095,1501,0.1388
400,1096,1496,0.1388
400,1107,1507,0.1388
398,1107,1505,0.1388
397,1112,1509,0.1388
399,1117,1516,0.1388
403,1121,1524,0.1388
399,1123,1522,0.1388
396,1118,1514,0.1388
389,1115,1504,0.1388
398,1122,1520,0.1388
405,1111,1516,0.1388
401,1109,1510,0.1388
394,1107,1501,0.1388
396,1105,1501,0.1388
391,1112,1503,0.1388
397,1117,1514,0.1388
404,1122,1526,0.1388
400,1111,1511,0.1388
393,1117,1510,0.1388
392,1117,1509,0.1388
393,1125,1518,0.1388
386,1122,1508,0.1388
379,1121,1500,0.1388
374,1120,1494,0.1388
378,1117,1495,0.1388
379,1116,1495,0.1388
378,1110,1488,0.1388
380,1116,1496,0.1388
383,1115,1498,0.1388
385,1117,1502,0.1388
391,1119,1510,0.1388
394,1128,1522,0.1388
389,1127,1516,0.1388
391,1117,1508,0.1388
385,1112,1497,0.1388
387,1105,1492,0.1388
381,1117,1498,0.1388
379,1124,1503,0.1388
376,1120,1496,0.1388
380,1113,1493,0.1388
380,1121,1501,0.1388
385,1118,1503,0.1388
384,1115,1499,0.1388
391,1115,1506,0.1388
392,1119,1511,0.1388
386,1118,1504,0.1388
388,1105,1493,0.1388
383,1105,1488,0.1388
380,1107,1487,0.1388
379,1105,1484,0.1388
388,1116,1504,0.1388
388,1111,1499,0.1388
394,1121,1515,0.1388
390,1128,1518,0.1388
389,1123,1512,0.1388
390,1132,1522,0.1388
386,1123,1509,0.1388
387,1126,1513,0.1388
396,1132,1528,0.1388
395,1130,1525,0.1388
390,1130,1520,0.1388
385,1136,1521,0.1388
389,1133,1522,0.1388
397,1115,1512,0.1388
393,1109,1502,0.1388
387,1111,1498,0.1388
392,1114,1506,0.1388
396,1120,1516,0.1388
390,1115,1505,0.1388
395,1127,1522,0.1388
392,1125,1517,0.1388
392,1116,1508,0.1388
395,1115,1510,0.1388
391,1121,1512,0.1388
390,1106,1496,0.1388
392,1119,1511,0.1388
390,1128,1518,0.1388
396,1121,1517,0.1388
394,1116,1510,0.1388
396,1117,1513,0.1388
401,1109,1510,0.1388
399,1122,1521,0.1388
391,1124,1515,0.1388
391,1120,1511,0.1388
399,1109,1508,0.1388
393,1117,1510,0.1388
397,1125,1522,0.1388
390,1129,1519,0.1388
384,1127,1511,0.1388
385,1124,1509,0.1388
388,1135,1523,0.1388
383,1145,1528,0.1388
386,1133,1519,0.1388
387,1124,1511,0.1388
382,1136,1518,0.1388
382,1126,1508,0.1388
385,1130,1515,0.1388
385,1119,1504,0.1388
381,1128,1509,0.1388
376,1130,1506,0.1388
378,1131,1509,0.1388
385,1132,1517,0.1388
384,1128,1512,0.1388
376,1134,1510,0.1388
373,1139,1512,0.1388
370,1144,1514,0.1388
369,1152,1521,0.1388
365,1162,1527,0.1388
358,1148,1506,0.1388
361,1150,1511,0.1388
353,1157,1510,0.1388
350,1153,1503,0.1388
351,1163,1514,0.1388
352,1157,1509,0.1388
357,1163,1520,0.1388
357,1164,1521,0.1388
355,1157,1512,0.1388
354,1169,1523,0.1388
352,1168,1520,0.1388
355,1163,1518,0.1388
349,1151,1500,0.1388
352,1166,1518,0.1388
348,1172,1520,0.1388
350,1170,1520,0.1388
348,1166,1514,0.1388
347,1167,1514,0.1388
346,1154,1500,0.1388
346,1169,1515,0.1388
344,1179,1523,0.1388
344,1164,1508,0.1388
345,1165,1510,0.1388
344,1164,1508,0.1388
344,1175,1519,0.1388
341,1180,1521,0.1388
335,1176,1511,0.1388
334,1173,1507,0.1388
333,1168,1501,0.1388
340,1161,1501,0.1388
341,1183,1524,0.1388
336,1184,1520,0.1388
336,1177,1513,0.1388
333,1174,1507,0.1388
327,1173,1500,0.1388
324,1177,1501,0.1388
326,1181,1507,0.1388
328,1189,1517,0.1388
319,1194,1513,0.1388
322,1209,1531,0.1388
328,1205,1533,0.1388
328,1200,1528,0.1388
323,1208,1531,0.1388
322,1201,1523,0.1388
315,1198,1513,0.1388
315,1201,1516,0.1388
320,1206,1526,0.1388
314,1210,1524,0.1388
312,1205,1517,0.1388
312,1201,1513,0.1388
305,1212,1517,0.1388
309,1212,1521,0.1388
308,1203,1511,0.1388
311,1203,1514,0.1388
316,1207,1523,0.1388
311,1203,1514,0.1388
315,1202,1517,0.1388
314,1202,1516,0.1388
314,1191,1505,0.1388
312,1193,1505,0.1388
310,1194,1504,0.1388
313,1194,1507,0.1388
312,1211,1523,0.1388
313,1207,1520,0.1388
311,1198,1509,0.1388
305,1194,1499,0.1388
298,1197,1495,0.1388
293,1196,1489,0.1388
296,1210,1506,0.1388
297,1212,1509,0.1388
287,1205,1492,0.1388
287,1201,1488,0.1388
282,1204,1486,0.1388
289,1206,1495,0.1388
296,1211,1507,0.1388
297,1211,1508,0.1388
301,1212,1513,0.1388
300,1211,1511,0.1388
299,1215,1514,0.1388
296,1210,1506,0.1388
296,1217,1513,0.1388
296,1206,1502,0.1388
294,1204,1498,0.1388
299,1212,1511,0.1388
297,1208,1505,0.1388
295,1214,1509,0.1388
298,1224,1522,0.1388
297,1229,1526,0.1388
295,1228,1523,0.1388
293,1225,1518,0.1388
294,1224,1518,0.1388
288,1233,1521,0.1388
290,1235,1525,0.1388
291,1229,1520,0.1388
288,1230,1518,0.1388
285,1209,1494,0.1388
290,1214,1504,0.1388
291,1223,1514,0.1388
284,1231,1515,0.1388
289,1231,1520,0.1388
288,1235,1523,0.1388
286,1229,1515,0.1388
285,1228,1513,0.1388
287,1230,1517,0.1388
289,1222,1511,0.1388
293,1213,1506,0.1388
288,1204,1492,0.1388
296,1204,1500,0.1388
294,1209,1503,0.1388
294,1223,1517,0.1388
294,1214,1508,0.1388
295,1203,1498,0.1388
286,1221,1507,0.1388
291,1217,1508,0.1388
293,1209,1502,0.1388
293,1209,1502,0.1388
289,1213,1502,0.1388
287,1220,1507,0.1388
289,1218,1507,0.1388
282,1208,1490,0.1388
286,1208,1494,0.1388
292,1215,1507,0.1388
297,1222,1519,0.1388
290,1218,1508,0.1388
288,1213,1501,0.1388
288,1221,1509,0.1388
286,1232,1518,0.1388
288,1218,1506,0.1388
290,1227,1517,0.1388
289,1232,1521,0.1388
288,1242,1530,0.1388
288,1234,1522,0.1388
286,1227,1513,0.1388
286,1223,1509,0.1388
288,1215,1503,0.1388
288,1227,1515,0.1388
282,1234,1516,0.1388
285,1231,1516,0.1388
281,1237,1518,0.1388
282,1229,1511,0.1388
283,1241,1524,0.1388
281,1239,1520,0.1388
282,1237,1519,0.1388
283,1249,1532,0.1388
274,1244,1518,0.1388
277,1242,1519,0.1388
275,1245,1520,0.1388
276,1233,1509,0.1388
276,1239,1515,0.1388
279,1225,1504,0.1388
283,1220,1503,0.1388
279,1221,1500,0.1388
274,1223,1497,0.1388
271,1214,1485,0.1388
267,1221,1488,0.1388
274,1213,1487,0.1388
269,1221,1490,0.1388
269,1226,1495,0.1388
272,1243,1515,0.1388
274,1226,1500,0.1388
276,1221,1497,0.1388
275,1238,1513,0.1388
269,1238,1507,0.1388
271,1239,1510,0.1388
267,1242,1509,0.1388
267,1243,1510,0.1388
271,1232,1503,0.1388
273,1239,1512,0.1388
271,1239,1510,0.1388
271,1233,1504,0.1388
271,1243,1514,0.1388
272,1247,1519,0.1388
276,1244,1520,0.1388
271,1247,1518,0.1388
265,1249,1514,0.1388
267,1244,1511,0.1388
267,1249,1516,0.1388
262,1261,1523,0.1388
257,1250,1507,0.1388
260,1250,1510,0.1388
261,1254,1515,0.1388
263,1250,1513,0.1388
267,1254,1521,0.1388
264,1238,1502,0.1388
260,1240,1500,0.1388
262,1244,1506,0.1388
264,1249,1513,0.1388
258,1254,1512,0.1388
254,1261,1515,0.1388
256,1263,1519,0.1388
255,1258,1513,0.1388
255,1262,1517,0.1388
247,1259,1506,0.1388
245,1261,1506,0.1388
243,1262,1505,0.1388
241,1262,1503,0.1388
242,1255,1497,0.1388
242,1261,1503,0.1388
246,1260,1506,0.1388
248,1264,1512,0.1388
244,1271,1515,0.1388
239,1265,1504,0.1388
237,1275,1512,0.1388
235,1272,1507,0.1388
235,1273,1508,0.1388
235,1277,1512,0.1388
233,1294,1527,0.1388
229,1291,1520,0.1388
233,1287,1520,0.1388
229,1290,1519,0.1388
235,1282,1517,0.1388
239,1282,1521,0.1388
230,1268,1498,0.1388
231,1273,1504,0.1388
235,1282,1517,0.1388
236,1292,1528,0.1388
231,1292,1523,0.1388
228,1288,1516,0.1388
225,1272,1497,0.1388
232,1261,1493,0.1388
228,1270,1498,0.1388
230,1273,1503,0.1388
231,1286,1517,0.1388
228,1279,1507,0.1388
230,1287,1517,0.1388
234,1289,1523,0.1388
232,1286,1518,0.1388
231,1280,1511,0.1388
225,1284,1509,0.1388
227,1282,1509,0.1388
229,1275,1504,0.1388
224,1278,1502,0.1388
225,1266,1491,0.1388
227,1277,1504,0.1388
224,1273,1497,0.1388
219,1272,1491,0.1388
214,1281,1495,0.1388
216,1273,1489,0.1388
214,1289,1503,0.1388
212,1299,1511,0.1388
215,1289,1504,0.1388
212,1298,1510,0.1388
217,1299,1516,0.1388
216,1304,1520,0.1388
217,1294,1511,0.1388
218,1294,1512,0.1388
214,1283,1497,0.1388
210,1274,1484,0.1388
213,1290,1503,0.1388
205,1297,1502,0.1388
204,1303,1507,0.1388
207,1311,1518,0.1388
210,1302,1512,0.1388
213,1306,1519,0.1388
208,1317,1525,0.1388
211,1321,1532,0.1388
218,1312,1530,0.1388
219,1288,1507,0.1388
220,1296,1516,0.1388
218,1305,1523,0.1388
221,1298,1519,0.1388
213,1307,1520,0.1388
211,1305,1516,0.1388
208,1297,1505,0.1388
206,1299,1505,0.1388
213,1296,1509,0.1388
210,1294,1504,0.1388
205,1278,1483,0.1388
205,1279,1484,0.1388
208,1278,1486,0.1388
208,1275,1483,0.1388
210,1284,1494,0.1388
210,1288,1498,0.1388
210,1303,1513,0.1388
209,1311,1520,0.1388
208,1312,1520,0.1388
208,1309,1517,0.1388
206,1307,1513,0.1388
209,1298,1507,0.1388
210,1306,1516,0.1388
207,1300,1507,0.1388
210,1301,1511,0.1388
199,1304,1503,0.1388
199,1311,1510,0.1388
196,1318,1514,0.1388
197,1301,1498,0.1388
194,1311,1505,0.1388
196,1303,1499,0.1388
194,1310,1504,0.1388
191,1318,1509,0.1388
194,1305,1499,0.1388
196,1323,1519,0.1388
196,1325,1521,0.1388
193,1320,1513,0.1388
193,1319,1512,0.1388
197,1316,1513,0.1388
198,1310,1508,0.1388
198,1313,1511,0.1388
196,1312,1508,0.1388
192,1327,1519,0.1388
189,1331,1520,0.1388
189,1322,1511,0.1388
185,1328,1513,0.1388
185,1332,1517,0.1388
182,1329,1511,0.1388
186,1336,1522,0.1388
189,1333,1522,0.1388
189,1341,1530,0.1388
188,1335,1523,0.1388
188,1334,1522,0.1388
189,1348,1537,0.1388
185,1328,1513,0.1388
184,1330,1514,0.1388
184,1324,1508,0.1388
183,1331,1514,0.1388
185,1328,1513,0.1388
185,1333,1518,0.1388
184,1323,1507,0.1388
188,1321,1509,0.1388
187,1327,1514,0.1388
182,1328,1510,0.1388
184,1328,1512,0.1388
177,1325,1502,0.1388
178,1325,1503,0.1388
175,1335,1510,0.1388
171,1340,1511,0.1388
172,1344,1516,0.1388
176,1343,1519,0.1388
179,1354,1533,0.1388
177,1353,1530,0.1388
173,1345,1518,0.1388
163,1347,1510,0.1388
166,1331,1497,0.1388
165,1332,1497,0.1388
168,1345,1513,0.1388
172,1359,1531,0.1388
176,1362,1538,0.1388
169,1349,1518,0.1388
172,1352,1524,0.1388
173,1366,1539,0.1388
169,1360,1529,0.1388
173,1361,1534,0.1388
171,1355,1526,0.1388
171,1353,1524,0.1388
174,1356,1530,0.1388
172,1343,1515,0.1388
171,1341,1512,0.1388
168,1350,1518,0.1388
170,1349,1519,0.1388
171,1354,1525,0.1388
171,1342,1513,0.1388
165,1338,1503,0.1388
163,1339,1502,0.1388
162,1345,1507,0.1388
162,1342,1504,0.1388
161,1341,1502,0.1388
164,1332,1496,0.1388
165,1332,1497,0.1388
162,1349,1511,0.1388
159,1343,1502,0.1388
159,1339,1498,0.1388
161,1336,1497,0.1388
162,1346,1508,0.1388
164,1356,1520,0.1388
166,1367,1533,0.1388
166,1371,1537,0.1388
164,1358,1522,0.1388
161,1364,1525,0.1388
162,1355,1517,0.1388
162,1361,1523,0.1388
159,1358,1517,0.1388
160,1367,1527,0.1388
162,1361,1523,0.1388
159,1357,1516,0.1388
164,1358,1522,0.1388
162,1357,1519,0.1388
163,1353,1516,0.1388
163,1346,1509,0.1388
161,1348,1509,0.1388
163,1351,1514,0.1388
158,1350,1508,0.1388
152,1356,1508,0.1388
154,1351,1505,0.1388
154,1356,1510,0.1388
155,1363,1518,0.1388
157,1367,1524,0.1388
158,1361,1519,0.1388
157,1375,1532,0.1388
158,1366,1524,0.1388
152,1362,1514,0.1388
151,1372,1523,0.1388
152,1377,1529,0.1388
150,1364,1514,0.1388
151,1352,1503,0.1388
149,1349,1498,0.1388
150,1359,1509,0.1388
153,1358,1511,0.1388
151,1351,1502,0.1388
147,1370,1517,0.1388
145,1382,1527,0.1388
145,1378,1523,0.1388
145,1380,1525,0.1388
144,1379,1523,0.1388
144,1365,1509,0.1388
145,1374,1519,0.1388
148,1363,1511,0.1388
150,1370,1520,0.1388
149,1369,1518,0.1388
143,1371,1514,0.1388
143,1370,1513,0.1388
141,1377,1518,0.1388
140,1382,1522,0.1388
138,1381,1519,0.1388
136,1390,1526,0.1388
133,1387,1520,0.1388
137,1380,1517,0.1388
143,1377,1520,0.1388
139,1370,1509,0.1388
143,1363,1506,0.1388
143,1365,1508,0.1388
142,1380,1522,0.1388
144,1380,1524,0.1388
144,1386,1530,0.1388
141,1386,1527,0.1388
139,1382,1521,0.1388
136,1385,1521,0.1388
140,1375,1515,0.1388
141,1382,1523,0.1388
144,1382,1526,0.1388
144,1381,1525,0.1388
143,1363,1506,0.1388
143,1361,1504,0.1388
143,1370,1513,0.1388
143,1368,1511,0.1388
144,1369,1513,0.1388
144,1374,1518,0.1388
146,1366,1512,0.1388
148,1375,1523,0.1388
146,1385,1531,0.1388
148,1379,1527,0.1388
150,1360,1510,0.1388
149,1363,1512,0.1388
150,1350,1500,0.1388
144,1347,1491,0.1388
146,1356,1502,0.1388
144,1352,1496,0.1388
145,1362,1507,0.1388
141,1368,1509,0.1388
135,1375,1510,0.1388
132,1379,1511,0.1388
134,1379,1513,0.1388
135,1384,1519,0.1388
131,1378,1509,0.1388
131,1384,1515,0.1388
129,1390,1519,0.1388
128,1385,1513,0.1388
128,1381,1509,0.1388
132,1388,1520,0.1388
133,1387,1520,0.1388
133,1385,1518,0.1388
134,1388,1522,0.1388
131,1373,1504,0.1388
139,1364,1503,0.1388
135,1375,1510,0.1388
132,1376,1508,0.1388
128,1391,1519,0.1388
130,1405,1535,0.1388
128,1397,1525,0.1388
130,1395,1525,0.1388
129,1390,1519,0.1388
131,1406,1537,0.1388
131,1399,1530,0.1388
124,1392,1516,0.1388
121,1403,1524,0.1388
116,1410,1526,0.1388
118,1414,1532,0.1388
116,1417,1533,0.1388
116,1420,1536,0.1388
117,1415,1532,0.1388
114,1399,1513,0.1388
114,1404,1518,0.1388
109,1392,1501,0.1388
108,1387,1495,0.1388
111,1395,1506,0.1388
110,1411,1521,0.1388
108,1417,1525,0.1388
108,1406,1514,0.1388
109,1413,1522,0.1388
108,1414,1522,0.1388
105,1402,1507,0.1388
105,1388,1493,0.1388
106,1398,1504,0.1388
103,1394,1497,0.1388
105,1379,1484,0.1388
106,1402,1508,0.1388
106,1410,1516,0.1388
107,1414,1521,0.1388
108,1408,1516,0.1388
103,1402,1505,0.1388
103,1407,1510,0.1388
105,1413,1518,0.1388
109,1407,1516,0.1388
108,1409,1517,0.1388
110,1409,1519,0.1388
107,1417,1524,0.1388
107,1414,1521,0.1388
108,1417,1525,0.1388
108,1420,1528,0.1388
109,1413,1522,0.1388
109,1401,1510,0.1388
105,1393,1498,0.1388
102,1401,1503,0.1388
106,1402,1508,0.1388
104,1411,1515,0.1388
102,1399,1501,0.1388
101,1406,1507,0.1388
100,1399,1499,0.1388
97,1403,1500,0.1388
98,1407,1505,0.1388
100,1415,1515,0.1388
98,1414,1512,0.1388
97,1408,1505,0.1388
98,1415,1513,0.1388
96,1428,1524,0.1388
98,1431,1529,0.1388
99,1424,1523,0.1388
99,1426,1525,0.1388
95,1422,1517,0.1388
96,1431,1527,0.1388
94,1420,1514,0.1388
92,1430,1522,0.1388
92,1429,1521,0.1388
88,1417,1505,0.1388
88,1422,1510,0.1388
92,1414,1506,0.1388
90,1407,1497,0.1388
90,1403,1493,0.1388
88,1425,1513,0.1388
88,1433,1521,0.1388
85,1420,1505,0.1388
84,1427,1511,0.1388
81,1428,1509,0.1388
78,1438,1516,0.1388
80,1429,1509,0.1388
76,1435,1511,0.1388
75,1439,1514,0.1388
75,1437,1512,0.1388
77,1434,1511,0.1388
78,1436,1514,0.1388
79,1437,1516,0.1388
81,1433,1514,0.1388
79,1444,1523,0.1388
77,1427,1504,0.1388
76,1438,1514,0.1388
77,1431,1508,0.1388
79,1433,1512,0.1388
78,1430,1508,0.1388
78,1426,1504,0.1388
78,1420,1498,0.1388
78,1423,1501,0.1388
78,1424,1502,0.1388
79,1433,1512,0.1388
80,1441,1521,0.1388
77,1437,1514,0.1388
78,1435,1513,0.1388
80,1428,1508,0.1388
79,1421,1500,0.1388
73,1421,1494,0.1388
74,1440,1514,0.1388
72,1445,1517,0.1388
72,1450,1522,0.1388
72,1454,1526,0.1388
68,1445,1513,0.1388
65,1440,1505,0.1388
66,1456,1522,0.1388
67,1451,1518,0.1388
61,1432,1493,0.1388
63,1443,1506,0.1388
65,1460,1525,0.1388
66,1464,1530,0.1388
64,1456,1520,0.1388
64,1457,1521,0.1388
62,1439,1501,0.1388
62,1449,1511,0.1388
61,1448,1509,0.1388
62,1462,1524,0.1388
61,1450,1511,0.1388
61,1452,1513,0.1388
62,1456,1518,0.1388
61,1461,1522,0.1388
61,1451,1512,0.1388
60,1435,1495,0.1388
61,1459,1520,0.1388
61,1448,1509,0.1388
61,1447,1508,0.1388
62,1453,1515,0.1388
58,1446,1504,0.1388
57,1449,1506,0.1388
58,1459,1517,0.1388
59,1449,1508,0.1388
60,1451,1511,0.1388
62,1449,1511,0.1388
58,1453,1511,0.1388
56,1458,1514,0.1388
57,1448,1505,0.1388
61,1459,1520,0.1388
64,1458,1522,0.1388
62,1460,1522,0.1388
62,1463,1525,0.1388
63,1466,1529,0.1388
65,1458,1523,0.1388
63,1457,1520,0.1388
65,1456,1521,0.1388
62,1448,1510,0.1388
61,1447,1508,0.1388
63,1461,1524,0.1388
64,1465,1529,0.1388
63,1448,1511,0.1388
61,1454,1515,0.1388
64,1449,1513,0.1388
63,1452,1515,0.1388
63,1451,1514,0.1388
63,1456,1519,0.1388
62,1456,1518,0.1388
59,1452,1511,0.1388
58,1454,1512,0.1388
59,1459,1518,0.1388
57,1456,1513,0.1388
55,1448,1503,0.1388
57,1450,1507,0.1388
63,1448,1511,0.1388
61,1454,1515,0.1388
62,1437,1499,0.1388
64,1432,1496,0.1388
63,1435,1498,0.1388
62,1432,1494,0.1388
63,1438,1501,0.1388
65,1438,1503,0.1388
64,1438,1502,0.1388
63,1452,1515,0.1388
63,1456,1519,0.1388
64,1444,1508,0.1388
63,1439,1502,0.1388
64,1456,1520,0.1388
62,1446,1508,0.1388
64,1464,1528,0.1388
62,1454,1516,0.1388
61,1465,1526,0.1388
62,1451,1513,0.1388
59,1454,1513,0.1388
61,1461,1522,0.1388
60,1459,1519,0.1388
60,1450,1510,0.1388
61,1455,1516,0.1388
59,1452,1511,0.1388
59,1446,1505,0.1388
56,1447,1503,0.1388
56,1466,1522,0.1388
55,1465,1520,0.1388
55,1452,1507,0.1388
56,1455,1511,0.1388
57,1464,1521,0.1388
57,1467,1524,0.1388
55,1458,1513,0.1388
58,1456,1514,0.1388
57,1456,1513,0.1388
60,1448,1508,0.1388
59,1464,1523,0.1388
60,1454,1514,0.1388
60,1464,1524,0.1388
61,1451,1512,0.1388
62,1450,1512,0.1388
63,1452,1515,0.1388
65,1448,1513,0.1388
63,1454,1517,0.1388
62,1450,1512,0.1388
61,1450,1511,0.1388
62,1452,1514,0.1388
60,1449,1509,0.1388
57,1453,1510,0.1388
58,1455,1513,0.1388
62,1457,1519,0.1388
62,1458,1520,0.1388
62,1457,1519,0.1388
63,1462,1525,0.1388
64,1467,1531,0.1388
62,1455,1517,0.1388
61,1460,1521,0.1388
62,1454,1516,0.1388
58,1457,1515,0.1388
58,1452,1510,0.1388
55,1447,1502,0.1388
57,1450,1507,0.1388
56,1458,1514,0.1388
55,1452,1507,0.1388
57,1467,1524,0.1388
57,1478,1535,0.1388
56,1473,1529,0.1388
53,1468,1521,0.1388
50,1458,1508,0.1388
50,1466,1516,0.1388
54,1453,1507,0.1388
57,1455,1512,0.1388
57,1460,1517,0.1388
56,1467,1523,0.1388
56,1474,1530,0.1388
56,1473,1529,0.1388
57,1471,1528,0.1388
56,1462,1518,0.1388
57,1469,1526,0.1388
55,1471,1526,0.1388
56,1466,1522,0.1388
56,1465,1521,0.1388
56,1465,1521,0.1388
57,1446,1503,0.1388
58,1441,1499,0.1388
59,1441,1500,0.1388
58,1455,1513,0.1388
58,1439,1497,0.1388
53,1451,1504,0.1388
52,1440,1492,0.1388
53,1456,1509,0.1388
52,1461,1513,0.1388
50,1472,1522,0.1388
48,1461,1509,0.1388
50,1462,1512,0.1388
51,1464,1515,0.1388
52,1462,1514,0.1388
51,1470,1521,0.1388
51,1459,1510,0.1388
53,1453,1506,0.1388
48,1457,1505,0.1388
48,1453,1501,0.1388
49,1447,1496,0.1388
49,1457,1506,0.1388
50,1456,1506,0.1388
49,1455,1504,0.1388
49,1466,1515,0.1388
50,1475,1525,0.1388
52,1470,1522,0.1388
50,1465,1515,0.1388
50,1473,1523,0.1388
50,1470,1520,0.1388
50,1466,1516,0.1388
50,1473,1523,0.1388
49,1465,1514,0.1388
47,1467,1514,0.1388
45,1483,1528,0.1388
45,1477,1522,0.1388
46,1483,1529,0.1388
46,1475,1521,0.1388
48,1470,1518,0.1388
47,1471,1518,0.1388
48,1463,1511,0.1388
47,1460,1507,0.1388
47,1474,1521,0.1388
49,1471,1520,0.1388
48,1462,1510,0.1388
49,1471,1520,0.1388
48,1465,1513,0.1388
47,1467,1514,0.1388
48,1467,1515,0.1388
50,1469,1519,0.1388
50,1462,1512,0.1388
48,1463,1511,0.1388
48,1455,1503,0.1388
49,1462,1511,0.1388
47,1461,1508,0.1388
45,1464,1509,0.1388
47,1454,1501,0.1388
48,1459,1507,0.1388
49,1462,1511,0.1388
49,1469,1518,0.1388
48,1469,1517,0.1388
47,1484,1531,0.1388
47,1477,1524,0.1388
47,1472,1519,0.1388
47,1483,1530,0.1388
43,1475,1518,0.1388
44,1486,1530,0.1388
44,1486,1530,0.1388
45,1475,1520,0.1388
45,1473,1518,0.1388
47,1464,1511,0.1388
46,1467,1513,0.1388
45,1466,1511,0.1388
44,1462,1506,0.1388
44,1470,1514,0.1388
42,1469,1511,0.1388
41,1466,1507,0.1388
40,1472,1512,0.1388
39,1468,1507,0.1388
39,1472,1511,0.1388
39,1473,1512,0.1388
42,1464,1506,0.1388
41,1457,1498,0.1388
41,1459,1500,0.1388
38,1463,1501,0.1388
38,1480,1518,0.1388
37,1473,1510,0.1388
36,1470,1506,0.1388
36,1479,1515,0.1388
37,1477,1514,0.1388
36,1483,1519,0.1388
39,1490,1529,0.1388
36,1483,1519,0.1388
34,1495,1529,0.1388
33,1482,1515,0.1388
33,1477,1510,0.1388
34,1466,1500,0.1388
34,1471,1505,0.1388
33,1486,1519,0.1388
32,1478,1510,0.1388
33,1480,1513,0.1388
33,1472,1505,0.1388
33,1471,1504,0.1388
34,1482,1516,0.1388
34,1484,1518,0.1388
34,1490,1524,0.1388
34,1472,1506,0.1388
36,1472,1508,0.1388
35,1473,1508,0.1388
34,1482,1516,0.1388
34,1477,1511,0.1388
35,1478,1513,0.1388
34,1484,1518,0.1388
35,1491,1526,0.1388
37,1490,1527,0.1388
37,1486,1523,0.1388
38,1486,1524,0.1388
37,1475,1512,0.1388
38,1476,1514,0.1388
38,1486,1524,0.1388
35,1484,1519,0.1388
33,1468,1501,0.1388
32,1475,1507,0.1388
34,1487,1521,0.1388
35,1484,1519,0.1388
36,1485,1521,0.1388
36,1494,1530,0.1388
36,1480,1516,0.1388
35,1488,1523,0.1388
35,1476,1511,0.1388
32,1486,1518,0.1388
34,1483,1517,0.1388
36,1474,1510,0.1388
36,1482,1518,0.1388
36,1485,1521,0.1388
35,1471,1506,0.1388
34,1471,1505,0.1388
34,1480,1514,0.1388
35,1463,1498,0.1388
34,1463,1497,0.1388
32,1476,1508,0.1388
32,1479,1511,0.1388
33,1485,1518,0.1388
32,1496,1528,0.1388
31,1480,1511,0.1388
31,1500,1531,0.1388
30,1501,1531,0.1388
32,1490,1522,0.1388
32,1504,1536,0.1388
33,1494,1527,0.1388
33,1484,1517,0.1388
33,1491,1524,0.1388
32,1480,1512,0.1388
28,1468,1496,0.1388
30,1471,1501,0.1388
32,1458,1490,0.1388
33,1472,1505,0.1388
33,1480,1513,0.1388
34,1502,1536,0.1388
35,1494,1529,0.1388
34,1477,1511,0.1388
34,1491,1525,0.1388
33,1492,1525,0.1388
34,1480,1514,0.1388
32,1480,1512,0.1388
33,1477,1510,0.1388
34,1480,1514,0.1388
35,1473,1508,0.1388
36,1485,1521,0.1388
36,1483,1519,0.1388
34,1486,1520,0.1388
35,1486,1521,0.1388
35,1496,1531,0.1388
34,1486,1520,0.1388
35,1479,1514,0.1388
34,1464,1498,0.1388
34,1477,1511,0.1388
34,1485,1519,0.1388
34,1471,1505,0.1388
33,1472,1505,0.1388
33,1463,1496,0.1388
34,1461,1495,0.1388
33,1457,1490,0.1388
34,1472,1506,0.1388
33,1470,1503,0.1388
33,1478,1511,0.1388
34,1484,1518,0.1388
35,1480,1515,0.1388
35,1485,1520,0.1388
34,1491,1525,0.1388
33,1484,1517,0.1388
33,1478,1511,0.1388
34,1479,1513,0.1388
34,1482,1516,0.1388
33,1477,1510,0.1388
32,1477,1509,0.1388
32,1479,1511,0.1388
33,1486,1519,0.1388
35,1487,1522,0.1388
35,1485,1520,0.1388
35,1487,1522,0.1388
33,1479,1512,0.1388
32,1492,1524,0.1388
34,1493,1527,0.1388
32,1492,1524,0.1388
34,1472,1506,0.1388
33,1472,1505,0.1388
34,1487,1521,0.1388
34,1485,1519,0.1388
33,1484,1517,0.1388
33,1493,1526,0.1388
31,1483,1514,0.1388
32,1485,1517,0.1388
33,1490,1523,0.1388
33,1486,1519,0.1388
33,1494,1527,0.1388
32,1481,1513,0.1388
30,1466,1496,0.1388
32,1459,1491,0.1388
33,1475,1508,0.1388
33,1487,1520,0.1388
34,1487,1521,0.1388
31,1475,1506,0.1388
32,1479,1511,0.1388
32,1481,1513,0.1388
31,1482,1513,0.1388
29,1492,1521,0.1388
30,1501,1531,0.1388
30,1487,1517,0.1388
28,1490,1518,0.1388
30,1487,1517,0.1388
31,1487,1518,0.1388
30,1492,1522,0.1388
29,1496,1525,0.1388
29,1475,1504,0.1388
29,1481,1510,0.1388
30,1480,1510,0.1388
32,1479,1511,0.1388
32,1488,1520,0.1388
31,1487,1518,0.1388
31,1480,1511,0.1388
30,1473,1503,0.1388
30,1482,1512,0.1388
30,1478,1508,0.1388
30,1479,1509,0.1388
32,1480,1512,0.1388
33,1491,1524,0.1388
33,1490,1523,0.1388
31,1491,1522,0.1388
30,1486,1516,0.1388
30,1511,1541,0.1388
29,1502,1531,0.1388
29,1497,1526,0.1388
29,1495,1524,0.1388
30,1495,1525,0.1388
27,1492,1519,0.1388
27,1491,1518,0.1388
26,1492,1518,0.1388
27,1491,1518,0.1388
27,1510,1537,0.1388
27,1490,1517,0.1388
27,1499,1526,0.1388
27,1493,1520,0.1388
27,1492,1519,0.1388
28,1478,1506,0.1388
26,1482,1508,0.1388
27,1471,1498,0.1388
28,1469,1497,0.1388
26,1470,1496,0.1388
25,1480,1505,0.1388
22,1486,1508,0.1388
22,1482,1504,0.1388
22,1500,1522,0.1388
22,1497,1519,0.1388
23,1508,1531,0.1388
23,1502,1525,0.1388
21,1494,1515,0.1388
21,1500,1521,0.1388
22,1493,1515,0.1388
22,1468,1490,0.1388
21,1474,1495,0.1388
22,1488,1510,0.1388
24,1494,1518,0.1388
24,1494,1518,0.1388
23,1497,1520,0.1388
23,1490,1513,0.1388
25,1485,1510,0.1388
24,1484,1508,0.1388
24,1494,1518,0.1388
24,1502,1526,0.1388
24,1495,1519,0.1388
25,1497,1522,0.1388
25,1492,1517,0.1388
24,1502,1526,0.1388
24,1500,1524,0.1388
23,1497,1520,0.1388
22,1491,1513,0.1388
22,1488,1510,0.1388
22,1486,1508,0.1388
22,1498,1520,0.1388
22,1480,1502,0.1388
22,1500,1522,0.1388
23,1493,1516,0.1388
23,1500,1523,0.1388
24,1499,1523,0.1388
24,1506,1530,0.1388
24,1500,1524,0.1388
24,1480,1504,0.1388
23,1483,1506,0.1388
23,1488,1511,0.1388
22,1492,1514,0.1388
22,1490,1512,0.1388
22,1488,1510,0.1388
21,1480,1501,0.1388
21,1476,1497,0.1388
22,1477,1499,0.1388
21,1491,1512,0.1388
20,1492,1512,0.1388
19,1499,1518,0.1388
19,1505,1524,0.1388
18,1485,1503,0.1388
16,1480,1496,0.1388
16,1502,1518,0.1388
15,1509,1524,0.1388
15,1511,1526,0.1388
15,1505,1520,0.1388
14,1499,1513,0.1388
15,1507,1522,0.1388
15,1505,1520,0.1388
16,1499,1515,0.1388
15,1500,1515,0.1388
14,1500,1514,0.1388
13,1496,1509,0.1388
14,1495,1509,0.1388
14,1507,1521,0.1388
14,1500,1514,0.1388
14,1502,1516,0.1388
14,1514,1528,0.1388
14,1511,1525,0.1388
16,1504,1520,0.1388
16,1511,1527,0.1388
16,1501,1517,0.1388
17,1507,1524,0.1388
17,1516,1533,0.1388
19,1506,1525,0.1388
19,1498,1517,0.1388
19,1497,1516,0.1388
19,1486,1505,0.1388
19,1488,1507,0.1388
19,1501,1520,0.1388
18,1504,1522,0.1388
18,1500,1518,0.1388
18,1502,1520,0.1388
18,1505,1523,0.1388
18,1509,1527,0.1388
18,1502,1520,0.1388
19,1506,1525,0.1388
20,1508,1528,0.1388
20,1506,1526,0.1388
20,1507,1527,0.1388
19,1514,1533,0.1388
20,1504,1524,0.1388
21,1501,1522,0.1388
19,1498,1517,0.1388
20,1515,1535,0.1388
19,1519,1538,0.1388
21,1514,1535,0.1388
18,1502,1520,0.1388
18,1500,1518,0.1388
18,1493,1511,0.1388
18,1479,1497,0.1388
18,1491,1509,0.1388
19,1512,1531,0.1388
19,1502,1521,0.1388
18,1493,1511,0.1388
18,1492,1510,0.1388
17,1501,1518,0.1388
17,1509,1526,0.1388
16,1515,1531,0.1388
15,1507,1522,0.1388
15,1501,1516,0.1388
12,1513,1525,0.1388
13,1516,1529,0.1388
13,1516,1529,0.1388
14,1521,1535,0.1388
13,1511,1524,0.1388
14,1497,1511,0.1388
16,1493,1509,0.1388
17,1495,1512,0.1388
17,1500,1517,0.1388
17,1503,1520,0.1388
17,1496,1513,0.1388
18,1495,1513,0.1388
19,1485,1504,0.1388
18,1481,1499,0.1388
17,1490,1507,0.1388
17,1484,1501,0.1388
16,1481,1497,0.1388
17,1490,1507,0.1388
20,1493,1513,0.1388
19,1492,1511,0.1388
17,1502,1519,0.1388
17,1486,1503,0.1388
18,1489,1507,0.1388
19,1489,1508,0.1388
19,1495,1514,0.1388
18,1480,1498,0.1388
18,1498,1516,0.1388
17,1496,1513,0.1388
18,1484,1502,0.1388
19,1500,1519,0.1388
18,1498,1516,0.1388
19,1506,1525,0.1388
19,1509,1528,0.1388
20,1517,1537,0.1388
19,1503,1522,0.1388
18,1499,1517,0.1388
18,1491,1509,0.1388
19,1497,1516,0.1388
19,1480,1499,0.1388
18,1494,1512,0.1388
18,1475,1493,0.1388
18,1489,1507,0.1388
19,1486,1505,0.1388
18,1481,1499,0.1388
18,1482,1500,0.1388
17,1484,1501,0.1388
17,1487,1504,0.1388
18,1488,1506,0.1388
16,1503,1519,0.1388
16,1503,1519,0.1388
17,1500,1517,0.1388
17,1505,1522,0.1388
17,1496,1513,0.1388
17,1485,1502,0.1388
17,1479,1496,0.1388
17,1478,1495,0.1388
17,1498,1515,0.1388
16,1507,1523,0.1388
17,1501,1518,0.1388
16,1504,1520,0.1388
16,1503,1519,0.1388
15,1499,1514,0.1388
15,1488,1503,0.1388
15,1507,1522,0.1388
15,1493,1508,0.1388
15,1513,1528,0.1388
15,1509,1524,0.1388
16,1512,1528,0.1388
16,1508,1524,0.1388
17,1508,1525,0.1388
19,1491,1510,0.1388
18,1497,1515,0.1388
19,1492,1511,0.1388
20,1493,1513,0.1388
20,1496,1516,0.1388
20,1502,1522,0.1388
20,1508,1528,0.1388
22,1505,1527,0.1388
20,1507,1527,0.1388
18,1513,1531,0.1388
18,1503,1521,0.1388
19,1489,1508,0.1388
19,1495,1514,0.1388
18,1495,1513,0.1388
19,1488,1507,0.1388
21,1490,1511,0.1388
20,1494,1514,0.1388
21,1498,1519,0.1388
21,1497,1518,0.1388
20,1499,1519,0.1388
20,1498,1518,0.1388
21,1505,1526,0.1388
19,1504,1523,0.1388
19,1495,1514,0.1388
17,1492,1509,0.1388
18,1496,1514,0.1388
18,1494,1512,0.1388
18,1496,1514,0.1388
18,1500,1518,0.1388
18,1508,1526,0.1388
17,1506,1523,0.1388
16,1511,1527,0.1388
16,1504,1520,0.1388
16,1511,1527,0.1388
16,1519,1535,0.1388
16,1524,1540,0.1388
17,1514,1531,0.1388
18,1519,1537,0.1388
17,1511,1528,0.1388
17,1512,1529,0.1388
16,1510,1526,0.1388
15,1510,1525,0.1388
16,1508,1524,0.1388
17,1500,1517,0.1388
17,1508,1525,0.1388
16,1505,1521,0.1388
16,1512,1528,0.1388
17,1509,1526,0.1388
17,1509,1526,0.1388
17,1499,1516,0.1388
17,1503,1520,0.1388
19,1486,1505,0.1388
17,1501,1518,0.1388
17,1494,1511,0.1388
17,1488,1505,0.1388
17,1483,1500,0.1388
17,1484,1501,0.1388
17,1498,1515,0.1388
16,1507,1523,0.1388
15,1507,1522,0.1388
14,1509,1523,0.1388
14,1517,1531,0.1388
14,1505,1519,0.1388
12,1505,1517,0.1388
12,1503,1515,0.1388
12,1506,1518,0.1388
13,1500,1513,0.1388
12,1508,1520,0.1388
12,1501,1513,0.1388
12,1508,1520,0.1388
12,1513,1525,0.1388
13,1511,1524,0.1388
13,1509,1522,0.1388
12,1512,1524,0.1388
12,1506,1518,0.1388
12,1507,1519,0.1388
13,1512,1525,0.1388
13,1508,1521,0.1388
13,1509,1522,0.1388
11,1502,1513,0.1388
12,1494,1506,0.1388
13,1499,1512,0.1388
13,1494,1507,0.1388
14,1498,1512,0.1388
15,1512,1527,0.1388
15,1507,1522,0.1388
15,1511,1526,0.1388
16,1507,1523,0.1388
16,1508,1524,0.1388
16,1501,1517,0.1388
15,1507,1522,0.1388
14,1505,1519,0.1388
13,1507,1520,0.1388
14,1495,1509,0.1388
14,1492,1506,0.1388
15,1501,1516,0.1388
17,1497,1514,0.1388
17,1507,1524,0.1388
17,1509,1526,0.1388
17,1511,1528,0.1388
18,1513,1531,0.1388
17,1504,1521,0.1388
17,1507,1524,0.1388
16,1499,1515,0.1388
15,1513,1528,0.1388
16,1510,1526,0.1388
16,1515,1531,0.1388
14,1511,1525,0.1388
14,1507,1521,0.1388
12,1502,1514,0.1388
12,1506,1518,0.1388
12,1506,1518,0.1388
12,1507,1519,0.1388
13,1507,1520,0.1388
13,1502,1515,0.1388
14,1500,1514,0.1388
15,1503,1518,0.1388
14,1508,1522,0.1388
12,1517,1529,0.1388
12,1522,1534,0.1388
13,1510,1523,0.1388
14,1514,1528,0.1388
14,1506,1520,0.1388
14,1505,1519,0.1388
14,1497,1511,0.1388
14,1497,1511,0.1388
15,1487,1502,0.1388
15,1485,1500,0.1388
14,1488,1502,0.1388
13,1501,1514,0.1388
13,1498,1511,0.1388
13,1497,1510,0.1388
13,1504,1517,0.1388
14,1507,1521,0.1388
13,1509,1522,0.1388
13,1519,1532,0.1388
13,1517,1530,0.1388
13,1504,1517,0.1388
13,1500,1513,0.1388
13,1498,1511,0.1388
13,1496,1509,0.1388
13,1499,1512,0.1388
12,1505,1517,0.1388
11,1497,1508,0.1388
11,1516,1527,0.1388
11,1508,1519,0.1388
11,1512,1523,0.1388
11,1508,1519,0.1388
11,1517,1528,0.1388
12,1515,1527,0.1388
12,1515,1527,0.1388
12,1515,1527,0.1388
12,1500,1512,0.1388
12,1502,1514,0.1388
12,1504,1516,0.1388
13,1494,1507,0.1388
13,1491,1504,0.1388
13,1490,1503,0.1388
13,1508,1521,0.1388
14,1495,1509,0.1388
16,1493,1509,0.1388
15,1493,1508,0.1388
16,1495,1511,0.1388
16,1497,1513,0.1388
15,1494,1509,0.1388
15,1500,1515,0.1388
15,1490,1505,0.1388
16,1483,1499,0.1388
15,1499,1514,0.1388
14,1491,1505,0.1388
14,1498,1512,0.1388
13,1497,1510,0.1388
14,1501,1515,0.1388
14,1496,1510,0.1388
13,1501,1514,0.1388
13,1498,1511,0.1388
13,1517,1530,0.1388
12,1516,1528,0.1388
11,1513,1524,0.1388
11,1513,1524,0.1388
10,1506,1516,0.1388
9,1503,1512,0.1388
9,1501,1510,0.1388
9,1501,1510,0.1388
10,1511,1521,0.1388
10,1511,1521,0.1388
9,1512,1521,0.1388
8,1521,1529,0.1388
8,1507,1515,0.1388
8,1497,1505,0.1388
7,1488,1495,0.1388
7,1511,1518,0.1388
5,1513,1518,0.1388
5,1529,1534,0.1388
5,1523,1528,0.1388
4,1511,1515,0.1388
4,1519,1523,0.1388
4,1523,1527,0.1388
4,1522,1526,0.1388
4,1525,1529,0.1388
4,1520,1524,0.1388
4,1498,1502,0.1388
4,1503,1507,0.1388
4,1506,1510,0.1388
4,1516,1520,0.1388
4,1508,1512,0.1388
4,1511,1515,0.1388
5,1511,1516,0.1388
4,1504,1508,0.1388
4,1502,1506,0.1388
5,1511,1516,0.1388
5,1511,1516,0.1388
5,1510,1515,0.1388
5,1512,1517,0.1388
5,1522,1527,0.1388
4,1529,1533,0.1388
4,1518,1522,0.1388
4,1506,1510,0.1388
4,1501,1505,0.1388
4,1498,1502,0.1388
4,1511,1515,0.1388
4,1512,1516,0.1388
4,1517,1521,0.1388
4,1517,1521,0.1388
4,1519,1523,0.1388
4,1515,1519,0.1388
3,1511,1514,0.1388
3,1502,1505,0.1388
3,1495,1498,0.1388
3,1499,1502,0.1388
3,1502,1505,0.1388
4,1509,1513,0.1388
5,1504,1509,0.1388
5,1510,1515,0.1388
5,1519,1524,0.1388
5,1517,1522,0.1388
5,1530,1535,0.1388
5,1515,1520,0.1388
5,1531,1536,0.1388
5,1532,1537,0.1388
4,1531,1535,0.1388
4,1510,1514,0.1388
4,1510,1514,0.1388
4,1510,1514,0.1388
4,1507,1511,0.1388
3,1501,1504,0.1388
3,1511,1514,0.1388
3,1515,1518,0.1388
3,1522,1525,0.1388
3,1519,1522,0.1388
3,1505,1508,0.1388
3,1511,1514,0.1388
3,1507,1510,0.1388
3,1510,1513,0.1388
3,1516,1519,0.1388
3,1519,1522,0.1388
3,1521,1524,0.1388
3,1513,1516,0.1388
3,1515,1518,0.1388
4,1521,1525,0.1388
4,1519,1523,0.1388
3,1523,1526,0.1388
3,1523,1526,0.1388
3,1506,1509,0.1388
3,1499,1502,0.1388
3,1499,1502,0.1388
3,1506,1509,0.1388
3,1511,1514,0.1388
3,1519,1522,0.1388
3,1506,1509,0.1388
4,1505,1509,0.1388
4,1514,1518,0.1388
3,1523,1526,0.1388
3,1513,1516,0.1388
3,1513,1516,0.1388
3,1515,1518,0.1388
3,1514,1517,0.1388
3,1509,1512,0.1388
2,1508,1510,0.1388
2,1511,1513,0.1388
2,1508,1510,0.1388
2,1510,1512,0.1388
2,1512,1514,0.1388
2,1512,1514,0.1388
2,1510,1512,0.1388
2,1500,1502,0.1388
2,1505,1507,0.1388
2,1509,1511,0.1388
2,1508,1510,0.1388
1,1507,1508,0.1388
2,1504,1506,0.1388
2,1499,1501,0.1388
2,1505,1507,0.1388
1,1519,1520,0.1388
1,1519,1520,0.1388
1,1515,1516,0.1388
1,1508,1509,0.1388
1,1518,1519,0.1388
1,1515,1516,0.1388
1,1521,1522,0.1388
1,1519,1520,0.1388
1,1511,1512,0.1388
1,1497,1498,0.1388
1,1511,1512,0.1388
1,1517,1518,0.1388
1,1506,1507,0.1388
1,1512,1513,0.1388
1,1513,1514,0.1388
1,1510,1511,0.1388
1,1514,1515,0.1388
1,1514,1515,0.1388
1,1520,1521,0.1388
1,1526,1527,0.1388
1,1529,1530,0.1388
1,1522,1523,0.1388
1,1518,1519,0.1388
1,1513,1514,0.1388
1,1495,1496,0.1388
1,1501,1502,0.1388
1,1501,1502,0.1388
1,1513,1514,0.1388
1,1510,1511,0.1388
1,1505,1506,0.1388
1,1508,1509,0.1388
1,1528,1529,0.1388
1,1522,1523,0.1388
1,1509,1510,0.1388
1,1512,1513,0.1388
1,1522,1523,0.1388
1,1535,1536,0.1388
1,1542,1543,0.1388
1,1526,1527,0.1388
1,1518,1519,0.1388
1,1520,1521,0.1388
1,1516,1517,0.1388
1,1526,1527,0.1388
1,1535,1536,0.1388
1,1529,1530,0.1388
1,1513,1514,0.1388
1,1513,1514,0.1388
1,1519,1520,0.1388
1,1511,1512,0.1388
1,1501,1502,0.1388
1,1493,1494,0.1388
1,1505,1506,0.1388
1,1516,1517,0.1388
1,1524,1525,0.1388
1,1519,1520,0.1388
1,1520,1521,0.1388
1,1527,1528,0.1388
1,1513,1514,0.1388
1,1510,1511,0.1388
1,1522,1523,0.1388
1,1523,1524,0.1388
1,1530,1531,0.1388
1,1519,1520,0.1388
1,1509,1510,0.1388
1,1518,1519,0.1388
1,1501,1502,0.1388
1,1515,1516,0.1388
1,1506,1507,0.1388
1,1520,1521,0.1388
1,1519,1520,0.1388
1,1526,1527,0.1388
2,1530,1532,0.1388
2,1530,1532,0.1388
2,1522,1524,0.1388
2,1528,1530,0.1388
2,1518,1520,0.1388
2,1525,1527,0.1388
2,1518,1520,0.1388
2,1529,1531,0.1388
2,1524,1526,0.1388
2,1510,1512,0.1388
2,1504,1506,0.1388
2,1512,1514,0.1388
2,1517,1519,0.1388
1,1526,1527,0.1388
1,1522,1523,0.1388
1,1538,1539,0.1388
1,1531,1532,0.1388
1,1529,1530,0.1388
0,1524,1524,0.1388
