1380,28,1408,0.1388
1409,31,1440,0.1388
1422,32,1454,0.1388
1428,33,1461,0.1388
1442,35,1477,0.1388
1453,35,1488,0.1388
1459,35,1494,0.1388
1452,39,1491,0.1388
1447,37,1484,0.1388
1446,37,1483,0.1388
1452,41,1493,0.1388
1443,42,1485,0.1388
1434,44,1478,0.1388
1433,44,1477,0.1388
1441,44,1485,0.1388
1451,44,1495,0.1388
1472,44,1516,0.1388
1463,44,1507,0.1388
1460,43,1503,0.1388
1448,43,1491,0.1388
1440,44,1484,0.1388
1450,43,1493,0.1388
1447,42,1489,0.1388
1440,41,1481,0.1388
1449,46,1495,0.1388
1436,47,1483,0.1388
1441,49,1490,0.1388
1438,51,1489,0.1388
1439,51,1490,0.1388
1436,50,1486,0.1388
1443,48,1491,0.1388
1453,48,1501,0.1388
1448,48,1496,0.1388
1450,47,1497,0.1388
1436,47,1483,0.1388
1442,46,1488,0.1388
1449,46,1495,0.1388
1443,47,1490,0.1388
1444,48,1492,0.1388
1438,49,1487,0.1388
1424,52,1476,0.1388
1432,51,1483,0.1388
1434,51,1485,0.1388
1428,49,1477,0.1388
1443,51,1494,0.1388
1440,52,1492,0.1388
1443,54,1497,0.1388
1424,56,1480,0.1388
1429,56,1485,0.1388
1433,58,1491,0.1388
1423,58,1481,0.1388
1434,57,1491,0.1388
1435,57,1492,0.1388
1433,57,1490,0.1388
1438,56,1494,0.1388
1435,55,1490,0.1388
1427,56,1483,0.1388
1430,56,1486,0.1388
1425,57,1482,0.1388
1446,58,1504,0.1388
1434,59,1493,0.1388
1426,60,1486,0.1388
1429,61,1490,0.1388
1429,63,1492,0.1388
1426,66,1492,0.1388
1427,67,1494,0.1388
1419,68,1487,0.1388
1429,68,1497,0.1388
1432,69,1501,0.1388
1422,69,1491,0.1388
1430,65,1495,0.1388
1426,63,1489,0.1388
1416,63,1479,0.1388
1433,64,1497,0.1388
1431,63,1494,0.1388
1433,62,1495,0.1388
1429,62,1491,0.1388
1437,60,1497,0.1388
1432,63,1495,0.1388
1427,62,1489,0.1388
1426,64,1490,0.1388
1432,66,1498,0.1388
1419,67,1486,0.1388
1428,66,1494,0.1388
1425,66,1491,0.1388
1428,65,1493,0.1388
1412,68,1480,0.1388
1442,66,1508,0.1388
1430,68,1498,0.1388
1430,67,1497,0.1388
1437,65,1502,0.1388
1425,65,1490,0.1388
1420,63,1483,0.1388
1427,63,1490,0.1388
1423,67,1490,0.1388
1433,72,1505,0.1388
1446,71,1517,0.1388
1430,71,1501,0.1388
1421,70,1491,0.1388
1417,69,1486,0.1388
1409,72,1481,0.1388
1431,71,1502,0.1388
1429,70,1499,0.1388
1422,69,1491,0.1388
1430,71,1501,0.1388
1430,72,1502,0.1388
1424,74,1498,0.1388
1422,75,1497,0.1388
1422,78,1500,0.1388
1422,77,1499,0.1388
1404,79,1483,0.1388
1410,83,1493,0.1388
1402,81,1483,0.1388
1405,81,1486,0.1388
1418,81,1499,0.1388
1417,81,1498,0.1388
1420,83,1503,0.1388
1426,83,1509,0.1388
1413,87,1500,0.1388
1413,85,1498,0.1388
1412,81,1493,0.1388
1410,83,1493,0.1388
1418,82,1500,0.1388
1410,81,1491,0.1388
1401,84,1485,0.1388
1409,87,1496,0.1388
1404,87,1491,0.1388
1400,87,1487,0.1388
1403,85,1488,0.1388
1404,83,1487,0.1388
1396,88,1484,0.1388
1396,88,1484,0.1388
1398,87,1485,0.1388
1411,91,1502,0.1388
1424,93,1517,0.1388
1422,97,1519,0.1388
1414,96,1510,0.1388
1406,95,1501,0.1388
1416,96,1512,0.1388
1410,97,1507,0.1388
1400,95,1495,0.1388
1408,88,1496,0.1388
1402,84,1486,0.1388
1395,88,1483,0.1388
1391,92,1483,0.1388
1397,97,1494,0.1388
1386,98,1484,0.1388
1388,100,1488,0.1388
1382,104,1486,0.1388
1390,103,1493,0.1388
1404,103,1507,0.1388
1399,102,1501,0.1388
1397,101,1498,0.1388
1402,98,1500,0.1388
1400,99,1499,0.1388
1383,104,1487,0.1388
1384,105,1489,0.1388
1389,106,1495,0.1388
1391,102,1493,0.1388
1395,102,1497,0.1388
1383,100,1483,0.1388
1374,104,1478,0.1388
1364,108,1472,0.1388
1381,107,1488,0.1388
1393,113,1506,0.1388
1397,111,1508,0.1388
1396,113,1509,0.1388
1400,114,1514,0.1388
1399,116,1515,0.1388
1390,112,1502,0.1388
1374,120,1494,0.1388
1367,122,1489,0.1388
1362,116,1478,0.1388
1373,116,1489,0.1388
1370,123,1493,0.1388
1366,128,1494,0.1388
1359,127,1486,0.1388
1361,131,1492,0.1388
1363,128,1491,0.1388
1372,128,1500,0.1388
1371,135,1506,0.1388
1380,134,1514,0.1388
1368,129,1497,0.1388
1375,124,1499,0.1388
1381,125,1506,0.1388
1360,128,1488,0.1388
1372,127,1499,0.1388
1379,128,1507,0.1388
1379,128,1507,0.1388
1373,128,1501,0.1388
1367,130,1497,0.1388
1377,129,1506,0.1388
1390,126,1516,0.1388
1382,126,1508,0.1388
1381,126,1507,0.1388
1383,123,1506,0.1388
1391,127,1518,0.1388
1379,127,1506,0.1388
1376,130,1506,0.1388
1371,136,1507,0.1388
1365,139,1504,0.1388
1360,135,1495,0.1388
1361,139,1500,0.1388
1360,140,1500,0.1388
1364,139,1503,0.1388
1366,138,1504,0.1388
1358,136,1494,0.1388
1357,137,1494,0.1388
1358,139,1497,0.1388
1363,138,1501,0.1388
1355,140,1495,0.1388
1368,141,1509,0.1388
1373,142,1515,0.1388
1361,140,1501,0.1388
1363,137,1500,0.1388
1361,140,1501,0.1388
1353,143,1496,0.1388
1347,142,1489,0.1388
1344,144,1488,0.1388
1341,145,1486,0.1388
1347,142,1489,0.1388
1366,141,1507,0.1388
1361,142,1503,0.1388
1357,138,1495,0.1388
1365,138,1503,0.1388
1368,136,1504,0.1388
1369,141,1510,0.1388
1375,142,1517,0.1388
1376,148,1524,0.1388
1366,145,1511,0.1388
1366,144,1510,0.1388
1351,142,1493,0.1388
1342,137,1479,0.1388
1359,139,1498,0.1388
1352,135,1487,0.1388
1343,134,1477,0.1388
1354,132,1486,0.1388
1340,135,1475,0.1388
1343,139,1482,0.1388
1333,142,1475,0.1388
1332,150,1482,0.1388
1339,152,1491,0.1388
1336,155,1491,0.1388
1336,154,1490,0.1388
1349,154,1503,0.1388
1346,153,1499,0.1388
1352,156,1508,0.1388
1344,157,1501,0.1388
1346,158,1504,0.1388
1354,150,1504,0.1388
1360,153,1513,0.1388
1345,153,1498,0.1388
1341,157,1498,0.1388
1336,159,1495,0.1388
1329,157,1486,0.1388
1341,156,1497,0.1388
1344,160,1504,0.1388
1350,161,1511,0.1388
1341,154,1495,0.1388
1331,156,1487,0.1388
1323,155,1478,0.1388
1314,155,1469,0.1388
1321,157,1478,0.1388
1324,158,1482,0.1388
1317,159,1476,0.1388
1325,155,1480,0.1388
1319,152,1471,0.1388
1328,152,1480,0.1388
1327,153,1480,0.1388
1331,155,1486,0.1388
1321,159,1480,0.1388
1323,160,1483,0.1388
1330,157,1487,0.1388
1331,163,1494,0.1388
1316,163,1479,0.1388
1329,164,1493,0.1388
1321,163,1484,0.1388
1332,164,1496,0.1388
1325,161,1486,0.1388
1332,163,1495,0.1388
1339,159,1498,0.1388
1331,162,1493,0.1388
1334,162,1496,0.1388
1341,163,1504,0.1388
1326,168,1494,0.1388
1332,167,1499,0.1388
1317,166,1483,0.1388
1318,168,1486,0.1388
1299,166,1465,0.1388
1302,172,1474,0.1388
1309,175,1484,0.1388
1319,178,1497,0.1388
1315,179,1494,0.1388
1313,180,1493,0.1388
1301,184,1485,0.1388
1319,184,1503,0.1388
1316,185,1501,0.1388
1312,189,1501,0.1388
1308,184,1492,0.1388
1300,185,1485,0.1388
1297,178,1475,0.1388
1294,176,1470,0.1388
1305,180,1485,0.1388
1317,181,1498,0.1388
1314,181,1495,0.1388
1318,189,1507,0.1388
1300,190,1490,0.1388
1304,192,1496,0.1388
1305,186,1491,0.1388
1298,187,1485,0.1388
1301,189,1490,0.1388
1294,192,1486,0.1388
1296,189,1485,0.1388
1301,190,1491,0.1388
1300,192,1492,0.1388
1304,193,1497,0.1388
1309,196,1505,0.1388
1308,199,1507,0.1388
1317,196,1513,0.1388
1309,193,1502,0.1388
1310,193,1503,0.1388
1299,191,1490,0.1388
1297,192,1489,0.1388
1301,194,1495,0.1388
1301,201,1502,0.1388
1286,199,1485,0.1388
1285,206,1491,0.1388
1291,200,1491,0.1388
1286,201,1487,0.1388
1294,205,1499,0.1388
1303,201,1504,0.1388
1296,201,1497,0.1388
1289,204,1493,0.1388
1271,205,1476,0.1388
1280,205,1485,0.1388
1287,207,1494,0.1388
1289,206,1495,0.1388
1285,211,1496,0.1388
1274,208,1482,0.1388
1282,213,1495,0.1388
1281,213,1494,0.1388
1283,216,1499,0.1388
1283,213,1496,0.1388
1275,217,1492,0.1388
1265,214,1479,0.1388
1265,219,1484,0.1388
1265,224,1489,0.1388
1268,224,1492,0.1388
1276,224,1500,0.1388
1267,228,1495,0.1388
1266,231,1497,0.1388
1261,231,1492,0.1388
1262,236,1498,0.1388
1265,235,1500,0.1388
1270,233,1503,0.1388
1262,233,1495,0.1388
1261,237,1498,0.1388
1251,237,1488,0.1388
1262,243,1505,0.1388
1258,235,1493,0.1388
1261,238,1499,0.1388
1262,242,1504,0.1388
1250,241,1491,0.1388
1248,240,1488,0.1388
1249,242,1491,0.1388
1259,242,1501,0.1388
1247,237,1484,0.1388
1244,238,1482,0.1388
1246,249,1495,0.1388
1245,250,1495,0.1388
1246,252,1498,0.1388
1243,255,1498,0.1388
1239,255,1494,0.1388
1235,259,1494,0.1388
1239,260,1499,0.1388
1238,265,1503,0.1388
1232,264,1496,0.1388
1231,269,1500,0.1388
1235,271,1506,0.1388
1230,271,1501,0.1388
1224,276,1500,0.1388
1231,269,1500,0.1388
1237,273,1510,0.1388
1220,265,1485,0.1388
1231,267,1498,0.1388
1229,269,1498,0.1388
1232,268,1500,0.1388
1215,277,1492,0.1388
1226,283,1509,0.1388
1224,277,1501,0.1388
1222,279,1501,0.1388
1223,285,1508,0.1388
1214,291,1505,0.1388
1212,289,1501,0.1388
1212,283,1495,0.1388
1221,285,1506,0.1388
1214,287,1501,0.1388
1214,289,1503,0.1388
1206,291,1497,0.1388
1206,290,1496,0.1388
1212,291,1503,0.1388
1209,292,1501,0.1388
1195,288,1483,0.1388
1209,286,1495,0.1388
1208,293,1501,0.1388
1203,285,1488,0.1388
1184,287,1471,0.1388
1199,292,1491,0.1388
1201,296,1497,0.1388
1209,296,1505,0.1388
1212,297,1509,0.1388
1204,298,1502,0.1388
1200,301,1501,0.1388
1201,300,1501,0.1388
1199,295,1494,0.1388
1215,301,1516,0.1388
1207,303,1510,0.1388
1207,308,1515,0.1388
1201,312,1513,0.1388
1201,312,1513,0.1388
1192,307,1499,0.1388
1211,301,1512,0.1388
1203,305,1508,0.1388
1196,301,1497,0.1388
1197,298,1495,0.1388
1185,300,1485,0.1388
1193,305,1498,0.1388
1189,316,1505,0.1388
1194,313,1507,0.1388
1186,314,1500,0.1388
1179,320,1499,0.1388
1165,320,1485,0.1388
1173,325,1498,0.1388
1175,326,1501,0.1388
1173,334,1507,0.1388
1179,327,1506,0.1388
1171,328,1499,0.1388
1159,327,1486,0.1388
1171,330,1501,0.1388
1172,329,1501,0.1388
1163,329,1492,0.1388
1172,325,1497,0.1388
1176,319,1495,0.1388
1175,318,1493,0.1388
1173,316,1489,0.1388
1162,317,1479,0.1388
1162,323,1485,0.1388
1165,323,1488,0.1388
1167,327,1494,0.1388
1178,324,1502,0.1388
1192,318,1510,0.1388
1192,321,1513,0.1388
1194,325,1519,0.1388
1195,325,1520,0.1388
1183,325,1508,0.1388
1178,326,1504,0.1388
1180,321,1501,0.1388
1185,320,1505,0.1388
1173,322,1495,0.1388
1182,323,1505,0.1388
1175,330,1505,0.1388
1175,335,1510,0.1388
1168,337,1505,0.1388
1159,336,1495,0.1388
1157,335,1492,0.1388
1161,334,1495,0.1388
1164,333,1497,0.1388
1171,327,1498,0.1388
1165,318,1483,0.1388
1161,322,1483,0.1388
1175,325,1500,0.1388
1171,329,1500,0.1388
1172,328,1500,0.1388
1169,323,1492,0.1388
1177,321,1498,0.1388
1180,323,1503,0.1388
1181,321,1502,0.1388
1179,323,1502,0.1388
1167,326,1493,0.1388
1168,328,1496,0.1388
1164,329,1493,0.1388
1167,328,1495,0.1388
1166,336,1502,0.1388
1156,342,1498,0.1388
1156,341,1497,0.1388
1152,342,1494,0.1388
1150,343,1493,0.1388
1153,342,1495,0.1388
1144,346,1490,0.1388
1159,341,1500,0.1388
1160,344,1504,0.1388
1153,339,1492,0.1388
1155,351,1506,0.1388
1152,346,1498,0.1388
1137,344,1481,0.1388
1144,346,1490,0.1388
1136,355,1491,0.1388
1132,358,1490,0.1388
1140,363,1503,0.1388
1141,358,1499,0.1388
1132,359,1491,0.1388
1130,355,1485,0.1388
1126,360,1486,0.1388
1115,362,1477,0.1388
1118,363,1481,0.1388
1114,365,1479,0.1388
1113,367,1480,0.1388
1113,373,1486,0.1388
1106,375,1481,0.1388
1111,378,1489,0.1388
1107,374,1481,0.1388
1122,375,1497,0.1388
1115,384,1499,0.1388
1114,383,1497,0.1388
1101,390,1491,0.1388
1106,388,1494,0.1388
1108,390,1498,0.1388
1107,392,1499,0.1388
1103,392,1495,0.1388
1116,387,1503,0.1388
1103,387,1490,0.1388
1102,390,1492,0.1388
1114,388,1502,0.1388
1092,390,1482,0.1388
1099,387,1486,0.1388
1099,388,1487,0.1388
1101,395,1496,0.1388
1094,394,1488,0.1388
1097,393,1490,0.1388
1098,398,1496,0.1388
1105,392,1497,0.1388
1101,397,1498,0.1388
1101,398,1499,0.1388
1108,402,1510,0.1388
1100,395,1495,0.1388
1109,396,1505,0.1388
1097,397,1494,0.1388
1096,398,1494,0.1388
1100,407,1507,0.1388
1091,406,1497,0.1388
1088,407,1495,0.1388
1081,412,1493,0.1388
1081,407,1488,0.1388
1081,410,1491,0.1388
1075,418,1493,0.1388
1066,430,1496,0.1388
1060,429,1489,0.1388
1061,433,1494,0.1388
1059,434,1493,0.1388
1062,431,1493,0.1388
1051,433,1484,0.1388
1058,436,1494,0.1388
1062,443,1505,0.1388
1056,439,1495,0.1388
1053,435,1488,0.1388
1062,440,1502,0.1388
1063,444,1507,0.1388
1058,438,1496,0.1388
1064,437,1501,0.1388
1063,440,1503,0.1388
1069,441,1510,0.1388
1072,442,1514,0.1388
1068,442,1510,0.1388
1076,441,1517,0.1388
1064,444,1508,0.1388
1075,445,1520,0.1388
1062,438,1500,0.1388
1054,430,1484,0.1388
1060,431,1491,0.1388
1059,436,1495,0.1388
1058,437,1495,0.1388
1055,435,1490,0.1388
1062,444,1506,0.1388
1059,446,1505,0.1388
1050,441,1491,0.1388
1067,442,1509,0.1388
1070,448,1518,0.1388
1063,446,1509,0.1388
1057,444,1501,0.1388
1060,432,1492,0.1388
1061,427,1488,0.1388
1057,434,1491,0.1388
1063,438,1501,0.1388
1063,436,1499,0.1388
1060,439,1499,0.1388
1062,446,1508,0.1388
1050,440,1490,0.1388
1047,447,1494,0.1388
1041,453,1494,0.1388
1050,455,1505,0.1388
1058,450,1508,0.1388
1065,442,1507,0.1388
1068,444,1512,0.1388
1064,446,1510,0.1388
1058,444,1502,0.1388
1045,441,1486,0.1388
1050,444,1494,0.1388
1046,448,1494,0.1388
1047,446,1493,0.1388
1043,450,1493,0.1388
1048,451,1499,0.1388
1047,445,1492,0.1388
1056,440,1496,0.1388
1050,438,1488,0.1388
1051,439,1490,0.1388
1047,435,1482,0.1388
1059,436,1495,0.1388
1064,437,1501,0.1388
1069,442,1511,0.1388
1056,447,1503,0.1388
1061,443,1504,0.1388
1057,442,1499,0.1388
1050,452,1502,0.1388
1059,454,1513,0.1388
1062,456,1518,0.1388
1067,457,1524,0.1388
1047,462,1509,0.1388
1049,459,1508,0.1388
1043,460,1503,0.1388
1034,458,1492,0.1388
1037,457,1494,0.1388
1037,463,1500,0.1388
1033,469,1502,0.1388
1038,474,1512,0.1388
1024,472,1496,0.1388
1020,482,1502,0.1388
1015,479,1494,0.1388
1021,477,1498,0.1388
1031,475,1506,0.1388
1023,479,1502,0.1388
1014,484,1498,0.1388
1020,483,1503,0.1388
1007,484,1491,0.1388
1008,484,1492,0.1388
1009,479,1488,0.1388
1022,478,1500,0.1388
1013,487,1500,0.1388
1004,493,1497,0.1388
1004,495,1499,0.1388
996,502,1498,0.1388
995,492,1487,0.1388
998,491,1489,0.1388
994,490,1484,0.1388
1000,486,1486,0.1388
1009,482,1491,0.1388
1000,488,1488,0.1388
991,496,1487,0.1388
997,503,1500,0.1388
1008,510,1518,0.1388
1013,508,1521,0.1388
1008,508,1516,0.1388
997,510,1507,0.1388
998,511,1509,0.1388
985,518,1503,0.1388
986,518,1504,0.1388
992,528,1520,0.1388
979,534,1513,0.1388
977,534,1511,0.1388
977,533,1510,0.1388
972,531,1503,0.1388
965,537,1502,0.1388
961,543,1504,0.1388
956,542,1498,0.1388
961,539,1500,0.1388
961,537,1498,0.1388
962,542,1504,0.1388
964,543,1507,0.1388
959,545,1504,0.1388
970,543,1513,0.1388
964,541,1505,0.1388
960,542,1502,0.1388
960,539,1499,0.1388
956,533,1489,0.1388
966,547,1513,0.1388
950,558,1508,0.1388
945,555,1500,0.1388
946,561,1507,0.1388
935,566,1501,0.1388
936,559,1495,0.1388
949,561,1510,0.1388
957,553,1510,0.1388
960,548,1508,0.1388
959,550,1509,0.1388
953,554,1507,0.1388
952,558,1510,0.1388
965,561,1526,0.1388
964,560,1524,0.1388
962,554,1516,0.1388
948,561,1509,0.1388
953,560,1513,0.1388
951,556,1507,0.1388
945,558,1503,0.1388
955,550,1505,0.1388
961,544,1505,0.1388
949,539,1488,0.1388
954,550,1504,0.1388
959,550,1509,0.1388
955,551,1506,0.1388
961,551,1512,0.1388
955,550,1505,0.1388
945,548,1493,0.1388
948,554,1502,0.1388
945,560,1505,0.1388
945,551,1496,0.1388
942,555,1497,0.1388
941,563,1504,0.1388
927,565,1492,0.1388
936,562,1498,0.1388
944,565,1509,0.1388
926,568,1494,0.1388
921,565,1486,0.1388
933,574,1507,0.1388
928,581,1509,0.1388
915,586,1501,0.1388
905,575,1480,0.1388
914,580,1494,0.1388
916,583,1499,0.1388
911,591,1502,0.1388
910,603,1513,0.1388
903,593,1496,0.1388
907,593,1500,0.1388
903,600,1503,0.1388
903,607,1510,0.1388
900,602,1502,0.1388
897,607,1504,0.1388
901,612,1513,0.1388
899,610,1509,0.1388
899,602,1501,0.1388
889,610,1499,0.1388
878,619,1497,0.1388
881,617,1498,0.1388
887,626,1513,0.1388
884,622,1506,0.1388
886,622,1508,0.1388
873,627,1500,0.1388
859,634,1493,0.1388
855,635,1490,0.1388
866,635,1501,0.1388
862,629,1491,0.1388
856,632,1488,0.1388
855,626,1481,0.1388
858,632,1490,0.1388
858,627,1485,0.1388
852,641,1493,0.1388
844,644,1488,0.1388
843,635,1478,0.1388
857,635,1492,0.1388
857,639,1496,0.1388
871,650,1521,0.1388
872,649,1521,0.1388
872,651,1523,0.1388
872,655,1527,0.1388
860,652,1512,0.1388
857,659,1516,0.1388
863,657,1520,0.1388
855,654,1509,0.1388
848,651,1499,0.1388
852,655,1507,0.1388
830,661,1491,0.1388
827,657,1484,0.1388
832,655,1487,0.1388
844,657,1501,0.1388
844,664,1508,0.1388
830,665,1495,0.1388
838,660,1498,0.1388
826,673,1499,0.1388
837,672,1509,0.1388
832,673,1505,0.1388
824,682,1506,0.1388
826,671,1497,0.1388
830,680,1510,0.1388
828,676,1504,0.1388
834,672,1506,0.1388
828,678,1506,0.1388
828,677,1505,0.1388
825,682,1507,0.1388
816,680,1496,0.1388
814,684,1498,0.1388
807,688,1495,0.1388
807,690,1497,0.1388
812,688,1500,0.1388
813,694,1507,0.1388
818,694,1512,0.1388
819,687,1506,0.1388
813,679,1492,0.1388
810,690,1500,0.1388
809,696,1505,0.1388
800,702,1502,0.1388
798,699,1497,0.1388
796,708,1504,0.1388
803,714,1517,0.1388
793,702,1495,0.1388
792,714,1506,0.1388
791,714,1505,0.1388
786,714,1500,0.1388
802,718,1520,0.1388
792,713,1505,0.1388
791,719,1510,0.1388
786,715,1501,0.1388
777,722,1499,0.1388
784,723,1507,0.1388
777,728,1505,0.1388
774,727,1501,0.1388
773,722,1495,0.1388
765,734,1499,0.1388
776,726,1502,0.1388
777,727,1504,0.1388
772,730,1502,0.1388
769,734,1503,0.1388
767,736,1503,0.1388
772,741,1513,0.1388
769,747,1516,0.1388
771,745,1516,0.1388
760,732,1492,0.1388
759,731,1490,0.1388
770,733,1503,0.1388
776,724,1500,0.1388
773,731,1504,0.1388
775,724,1499,0.1388
781,725,1506,0.1388
772,722,1494,0.1388
771,729,1500,0.1388
770,730,1500,0.1388
765,732,1497,0.1388
769,727,1496,0.1388
761,730,1491,0.1388
767,733,1500,0.1388
759,728,1487,0.1388
765,732,1497,0.1388
765,731,1496,0.1388
771,738,1509,0.1388
767,740,1507,0.1388
766,737,1503,0.1388
762,743,1505,0.1388
765,759,1524,0.1388
759,756,1515,0.1388
758,755,1513,0.1388
758,743,1501,0.1388
753,736,1489,0.1388
756,739,1495,0.1388
759,731,1490,0.1388
759,733,1492,0.1388
759,743,1502,0.1388
757,754,1511,0.1388
755,750,1505,0.1388
763,751,1514,0.1388
747,760,1507,0.1388
750,755,1505,0.1388
748,753,1501,0.1388
747,750,1497,0.1388
746,751,1497,0.1388
750,753,1503,0.1388
745,762,1507,0.1388
745,764,1509,0.1388
746,758,1504,0.1388
743,755,1498,0.1388
736,775,1511,0.1388
735,771,1506,0.1388
727,775,1502,0.1388
718,778,1496,0.1388
713,789,1502,0.1388
708,791,1499,0.1388
710,788,1498,0.1388
711,788,1499,0.1388
700,795,1495,0.1388
702,795,1497,0.1388
710,792,1502,0.1388
709,794,1503,0.1388
706,796,1502,0.1388
717,798,1515,0.1388
717,807,1524,0.1388
700,797,1497,0.1388
694,786,1480,0.1388
691,794,1485,0.1388
688,798,1486,0.1388
689,799,1488,0.1388
696,811,1507,0.1388
682,820,1502,0.1388
687,820,1507,0.1388
683,815,1498,0.1388
682,826,1508,0.1388
674,827,1501,0.1388
675,829,1504,0.1388
675,823,1498,0.1388
671,822,1493,0.1388
670,821,1491,0.1388
667,821,1488,0.1388
667,821,1488,0.1388
670,824,1494,0.1388
668,836,1504,0.1388
669,843,1512,0.1388
665,844,1509,0.1388
664,842,1506,0.1388
667,843,1510,0.1388
665,842,1507,0.1388
657,838,1495,0.1388
661,835,1496,0.1388
662,839,1501,0.1388
662,845,1507,0.1388
668,851,1519,0.1388
666,849,1515,0.1388
659,849,1508,0.1388
660,853,1513,0.1388
664,854,1518,0.1388
660,855,1515,0.1388
655,855,1510,0.1388
656,851,1507,0.1388
663,860,1523,0.1388
658,858,1516,0.1388
656,856,1512,0.1388
646,863,1509,0.1388
650,865,1515,0.1388
645,858,1503,0.1388
645,849,1494,0.1388
649,850,1499,0.1388
648,853,1501,0.1388
648,852,1500,0.1388
643,854,1497,0.1388
650,868,1518,0.1388
650,853,1503,0.1388
641,849,1490,0.1388
636,859,1495,0.1388
624,847,1471,0.1388
627,855,1482,0.1388
622,864,1486,0.1388
623,865,1488,0.1388
624,871,1495,0.1388
634,861,1495,0.1388
632,859,1491,0.1388
639,863,1502,0.1388
639,871,1510,0.1388
636,874,1510,0.1388
636,882,1518,0.1388
632,885,1517,0.1388
628,877,1505,0.1388
627,877,1504,0.1388
616,887,1503,0.1388
620,883,1503,0.1388
613,889,1502,0.1388
613,892,1505,0.1388
615,879,1494,0.1388
608,884,1492,0.1388
607,888,1495,0.1388
614,892,1506,0.1388
604,886,1490,0.1388
610,886,1496,0.1388
607,889,1496,0.1388
604,889,1493,0.1388
594,898,1492,0.1388
594,906,1500,0.1388
596,916,1512,0.1388
594,915,1509,0.1388
605,911,1516,0.1388
599,906,1505,0.1388
601,909,1510,0.1388
594,912,1506,0.1388
596,906,1502,0.1388
589,908,1497,0.1388
601,903,1504,0.1388
598,906,1504,0.1388
592,909,1501,0.1388
593,908,1501,0.1388
586,901,1487,0.1388
584,903,1487,0.1388
582,910,1492,0.1388
583,903,1486,0.1388
578,907,1485,0.1388
582,917,1499,0.1388
586,920,1506,0.1388
578,932,1510,0.1388
582,935,1517,0.1388
579,932,1511,0.1388
574,934,1508,0.1388
566,919,1485,0.1388
565,918,1483,0.1388
563,913,1476,0.1388
564,919,1483,0.1388
565,918,1483,0.1388
570,924,1494,0.1388
572,925,1497,0.1388
574,929,1503,0.1388
578,939,1517,0.1388
583,931,1514,0.1388
584,940,1524,0.1388
578,941,1519,0.1388
582,939,1521,0.1388
581,935,1516,0.1388
581,936,1517,0.1388
574,936,1510,0.1388
568,933,1501,0.1388
574,936,1510,0.1388
571,938,1509,0.1388
573,936,1509,0.1388
569,930,1499,0.1388
562,938,1500,0.1388
561,939,1500,0.1388
573,933,1506,0.1388
577,939,1516,0.1388
579,936,1515,0.1388
581,933,1514,0.1388
583,930,1513,0.1388
576,928,1504,0.1388
567,931,1498,0.1388
565,929,1494,0.1388
560,931,1491,0.1388
565,933,1498,0.1388
567,935,1502,0.1388
562,943,1505,0.1388
563,936,1499,0.1388
568,927,1495,0.1388
574,929,1503,0.1388
571,936,1507,0.1388
558,944,1502,0.1388
565,953,1518,0.1388
572,946,1518,0.1388
574,953,1527,0.1388
568,953,1521,0.1388
560,954,1514,0.1388
563,955,1518,0.1388
562,954,1516,0.1388
560,954,1514,0.1388
555,950,1505,0.1388
558,955,1513,0.1388
556,961,1517,0.1388
554,968,1522,0.1388
554,951,1505,0.1388
559,953,1512,0.1388
557,948,1505,0.1388
559,954,1513,0.1388
556,954,1510,0.1388
564,960,1524,0.1388
557,962,1519,0.1388
555,962,1517,0.1388
556,968,1524,0.1388
550,966,1516,0.1388
553,969,1522,0.1388
553,960,1513,0.1388
537,969,1506,0.1388
540,973,1513,0.1388
535,973,1508,0.1388
543,972,1515,0.1388
544,972,1516,0.1388
547,981,1528,0.1388
545,974,1519,0.1388
545,969,1514,0.1388
537,962,1499,0.1388
537,959,1496,0.1388
545,959,1504,0.1388
549,968,1517,0.1388
542,974,1516,0.1388
531,973,1504,0.1388
542,967,1509,0.1388
532,979,1511,0.1388
532,971,1503,0.1388
534,969,1503,0.1388
534,979,1513,0.1388
533,973,1506,0.1388
524,985,1509,0.1388
523,993,1516,0.1388
518,974,1492,0.1388
514,981,1495,0.1388
524,975,1499,0.1388
524,980,1504,0.1388
523,980,1503,0.1388
527,985,1512,0.1388
532,986,1518,0.1388
520,992,1512,0.1388
525,995,1520,0.1388
524,984,1508,0.1388
522,987,1509,0.1388
524,991,1515,0.1388
519,1005,1524,0.1388
507,1007,1514,0.1388
508,1011,1519,0.1388
504,1016,1520,0.1388
504,1011,1515,0.1388
501,1026,1527,0.1388
498,1024,1522,0.1388
490,1015,1505,0.1388
487,1019,1506,0.1388
482,1019,1501,0.1388
471,1014,1485,0.1388
484,1013,1497,0.1388
485,1010,1495,0.1388
478,1013,1491,0.1388
488,1018,1506,0.1388
495,1013,1508,0.1388
499,1011,1510,0.1388
497,1021,1518,0.1388
500,1024,1524,0.1388
501,1019,1520,0.1388
495,1024,1519,0.1388
500,1017,1517,0.1388
496,1023,1519,0.1388
490,1006,1496,0.1388
489,1016,1505,0.1388
490,1023,1513,0.1388
485,1020,1505,0.1388
481,1022,1503,0.1388
488,1030,1518,0.1388
487,1031,1518,0.1388
480,1032,1512,0.1388
483,1029,1512,0.1388
475,1031,1506,0.1388
467,1033,1500,0.1388
479,1029,1508,0.1388
467,1027,1494,0.1388
475,1037,1512,0.1388
480,1039,1519,0.1388
472,1027,1499,0.1388
479,1029,1508,0.1388
480,1027,1507,0.1388
481,1035,1516,0.1388
478,1038,1516,0.1388
473,1034,1507,0.1388
468,1027,1495,0.1388
466,1047,1513,0.1388
469,1047,1516,0.1388
470,1050,1520,0.1388
466,1056,1522,0.1388
463,1054,1517,0.1388
461,1050,1511,0.1388
465,1059,1524,0.1388
472,1050,1522,0.1388
465,1035,1500,0.1388
456,1043,1499,0.1388
459,1049,1508,0.1388
453,1061,1514,0.1388
462,1049,1511,0.1388
463,1056,1519,0.1388
462,1049,1511,0.1388
464,1053,1517,0.1388
459,1048,1507,0.1388
461,1051,1512,0.1388
458,1062,1520,0.1388
458,1068,1526,0.1388
459,1063,1522,0.1388
447,1070,1517,0.1388
443,1070,1513,0.1388
444,1074,1518,0.1388
437,1075,1512,0.1388
445,1072,1517,0.1388
442,1079,1521,0.1388
443,1077,1520,0.1388
437,1073,1510,0.1388
434,1063,1497,0.1388
432,1064,1496,0.1388
440,1062,1502,0.1388
439,1069,1508,0.1388
438,1061,1499,0.1388
438,1051,1489,0.1388
443,1054,1497,0.1388
443,1053,1496,0.1388
451,1040,1491,0.1388
451,1048,1499,0.1388
446,1058,1504,0.1388
449,1069,1518,0.1388
452,1069,1521,0.1388
449,1067,1516,0.1388
451,1067,1518,0.1388
451,1056,1507,0.1388
449,1060,1509,0.1388
450,1061,1511,0.1388
462,1059,1521,0.1388
461,1055,1516,0.1388
461,1059,1520,0.1388
459,1054,1513,0.1388
460,1054,1514,0.1388
456,1064,1520,0.1388
462,1059,1521,0.1388
454,1057,1511,0.1388
462,1052,1514,0.1388
460,1049,1509,0.1388
448,1058,1506,0.1388
445,1063,1508,0.1388
440,1058,1498,0.1388
437,1064,1501,0.1388
443,1063,1506,0.1388
446,1055,1501,0.1388
448,1059,1507,0.1388
452,1063,1515,0.1388
449,1061,1510,0.1388
443,1070,1513,0.1388
452,1074,1526,0.1388
446,1060,1506,0.1388
437,1060,1497,0.1388
430,1065,1495,0.1388
428,1061,1489,0.1388
427,1069,1496,0.1388
430,1077,1507,0.1388
424,1080,1504,0.1388
429,1081,1510,0.1388
424,1097,1521,0.1388
419,1095,1514,0.1388
423,1081,1504,0.1388
428,1089,1517,0.1388
431,1087,1518,0.1388
426,1098,1524,0.1388
425,1085,1510,0.1388
422,1085,1507,0.1388
419,1096,1515,0.1388
419,1084,1503,0.1388
419,1094,1513,0.1388
426,1082,1508,0.1388
421,1089,1510,0.1388
417,1084,1501,0.1388
416,1093,1509,0.1388
409,1091,1500,0.1388
405,1096,1501,0.1388
406,1101,1507,0.1388
409,1100,1509,0.1388
412,1105,1517,0.1388
414,1101,1515,0.1388
414,1113,1527,0.1388
411,1110,1521,0.1388
407,1109,1516,0.1388
412,1107,1519,0.1388
414,1092,1506,0.1388
419,1081,1500,0.1388
416,1091,1507,0.1388
415,1103,1518,0.1388
411,1100,1511,0.1388
409,1108,1517,0.1388
405,1098,1503,0.1388
408,1104,1512,0.1388
407,1108,1515,0.1388
402,1123,1525,0.1388
389,1131,1520,0.1388
384,1123,1507,0.1388
383,1112,1495,0.1388
379,1128,1507,0.1388
371,1126,1497,0.1388
366,1146,1512,0.1388
368,1139,1507,0.1388
373,1136,1509,0.1388
373,1136,1509,0.1388
368,1127,1495,0.1388
369,1137,1506,0.1388
369,1144,1513,0.1388
371,1148,1519,0.1388
371,1134,1505,0.1388
370,1156,1526,0.1388
368,1159,1527,0.1388
362,1165,1527,0.1388
358,1159,1517,0.1388
347,1158,1505,0.1388
342,1158,1500,0.1388
348,1164,1512,0.1388
348,1167,1515,0.1388
351,1163,1514,0.1388
347,1165,1512,0.1388
344,1164,1508,0.1388
342,1156,1498,0.1388
341,1172,1513,0.1388
346,1167,1513,0.1388
349,1170,1519,0.1388
351,1160,1511,0.1388
352,1156,1508,0.1388
352,1160,1512,0.1388
352,1146,1498,0.1388
352,1155,1507,0.1388
350,1147,1497,0.1388
350,1149,1499,0.1388
352,1148,1500,0.1388
356,1150,1506,0.1388
359,1155,1514,0.1388
357,1149,1506,0.1388
354,1150,1504,0.1388
355,1156,1511,0.1388
356,1141,1497,0.1388
357,1154,1511,0.1388
347,1161,1508,0.1388
350,1161,1511,0.1388
346,1173,1519,0.1388
343,1180,1523,0.1388
343,1185,1528,0.1388
340,1192,1532,0.1388
338,1184,1522,0.1388
333,1187,1520,0.1388
323,1183,1506,0.1388
324,1194,1518,0.1388
318,1209,1527,0.1388
314,1200,1514,0.1388
316,1187,1503,0.1388
317,1183,1500,0.1388
319,1184,1503,0.1388
317,1183,1500,0.1388
321,1182,1503,0.1388
329,1184,1513,0.1388
327,1190,1517,0.1388
325,1180,1505,0.1388
326,1189,1515,0.1388
328,1189,1517,0.1388
323,1200,1523,0.1388
324,1200,1524,0.1388
319,1199,1518,0.1388
318,1188,1506,0.1388
317,1176,1493,0.1388
316,1183,1499,0.1388
314,1195,1509,0.1388
310,1186,1496,0.1388
313,1193,1506,0.1388
315,1186,1501,0.1388
315,1197,1512,0.1388
312,1202,1514,0.1388
313,1205,1518,0.1388
314,1199,1513,0.1388
315,1211,1526,0.1388
310,1213,1523,0.1388
311,1218,1529,0.1388
310,1217,1527,0.1388
307,1215,1522,0.1388
308,1222,1530,0.1388
308,1223,1531,0.1388
298,1220,1518,0.1388
293,1220,1513,0.1388
296,1218,1514,0.1388
298,1228,1526,0.1388
293,1228,1521,0.1388
290,1217,1507,0.1388
289,1216,1505,0.1388
293,1215,1508,0.1388
299,1211,1510,0.1388
301,1204,1505,0.1388
303,1203,1506,0.1388
303,1212,1515,0.1388
303,1209,1512,0.1388
297,1208,1505,0.1388
292,1213,1505,0.1388
298,1222,1520,0.1388
296,1219,1515,0.1388
290,1218,1508,0.1388
290,1220,1510,0.1388
284,1220,1504,0.1388
278,1221,1499,0.1388
275,1226,1501,0.1388
266,1225,1491,0.1388
269,1232,1501,0.1388
270,1216,1486,0.1388
272,1219,1491,0.1388
271,1235,1506,0.1388
274,1235,1509,0.1388
276,1243,1519,0.1388
272,1239,1511,0.1388
263,1245,1508,0.1388
267,1241,1508,0.1388
270,1248,1518,0.1388
270,1236,1506,0.1388
273,1224,1497,0.1388
277,1231,1508,0.1388
282,1240,1522,0.1388
284,1240,1524,0.1388
281,1243,1524,0.1388
278,1245,1523,0.1388
272,1244,1516,0.1388
269,1243,1512,0.1388
274,1243,1517,0.1388
274,1249,1523,0.1388
273,1241,1514,0.1388
275,1243,1518,0.1388
274,1248,1522,0.1388
273,1252,1525,0.1388
266,1259,1525,0.1388
268,1249,1517,0.1388
269,1250,1519,0.1388
265,1250,1515,0.1388
262,1254,1516,0.1388
259,1249,1508,0.1388
260,1247,1507,0.1388
260,1235,1495,0.1388
259,1241,1500,0.1388
258,1251,1509,0.1388
263,1259,1522,0.1388
264,1261,1525,0.1388
260,1266,1526,0.1388
260,1258,1518,0.1388
262,1259,1521,0.1388
256,1262,1518,0.1388
255,1273,1528,0.1388
247,1271,1518,0.1388
247,1264,1511,0.1388
248,1272,1520,0.1388
248,1266,1514,0.1388
245,1260,1505,0.1388
246,1244,1490,0.1388
236,1257,1493,0.1388
237,1270,1507,0.1388
236,1256,1492,0.1388
235,1276,1511,0.1388
232,1280,1512,0.1388
234,1278,1512,0.1388
230,1278,1508,0.1388
231,1280,1511,0.1388
235,1282,1517,0.1388
231,1281,1512,0.1388
230,1276,1506,0.1388
227,1268,1495,0.1388
227,1274,1501,0.1388
230,1277,1507,0.1388
225,1273,1498,0.1388
226,1282,1508,0.1388
223,1302,1525,0.1388
218,1301,1519,0.1388
214,1295,1509,0.1388
222,1302,1524,0.1388
227,1298,1525,0.1388
232,1296,1528,0.1388
231,1282,1513,0.1388
232,1272,1504,0.1388
240,1267,1507,0.1388
244,1261,1505,0.1388
241,1269,1510,0.1388
236,1284,1520,0.1388
236,1286,1522,0.1388
237,1281,1518,0.1388
235,1288,1523,0.1388
231,1274,1505,0.1388
234,1269,1503,0.1388
237,1272,1509,0.1388
235,1284,1519,0.1388
230,1283,1513,0.1388
225,1289,1514,0.1388
221,1291,1512,0.1388
228,1296,1524,0.1388
225,1291,1516,0.1388
221,1287,1508,0.1388
217,1287,1504,0.1388
214,1294,1508,0.1388
213,1290,1503,0.1388
212,1281,1493,0.1388
218,1295,1513,0.1388
217,1293,1510,0.1388
212,1297,1509,0.1388
215,1303,1518,0.1388
211,1302,1513,0.1388
212,1307,1519,0.1388
207,1317,1524,0.1388
198,1324,1522,0.1388
197,1324,1521,0.1388
198,1317,1515,0.1388
193,1309,1502,0.1388
190,1317,1507,0.1388
193,1315,1508,0.1388
191,1303,1494,0.1388
192,1307,1499,0.1388
191,1320,1511,0.1388
185,1323,1508,0.1388
182,1324,1506,0.1388
180,1322,1502,0.1388
179,1345,1524,0.1388
179,1346,1525,0.1388
180,1337,1517,0.1388
183,1334,1517,0.1388
179,1337,1516,0.1388
180,1333,1513,0.1388
177,1344,1521,0.1388
176,1354,1530,0.1388
174,1347,1521,0.1388
177,1347,1524,0.1388
179,1342,1521,0.1388
179,1330,1509,0.1388
176,1333,1509,0.1388
176,1343,1519,0.1388
178,1333,1511,0.1388
178,1320,1498,0.1388
176,1323,1499,0.1388
179,1318,1497,0.1388
182,1330,1512,0.1388
181,1327,1508,0.1388
176,1327,1503,0.1388
176,1318,1494,0.1388
176,1342,1518,0.1388
174,1334,1508,0.1388
173,1327,1500,0.1388
172,1342,1514,0.1388
167,1347,1514,0.1388
167,1354,1521,0.1388
166,1351,1517,0.1388
167,1347,1514,0.1388
171,1351,1522,0.1388
170,1347,1517,0.1388
170,1345,1515,0.1388
167,1354,1521,0.1388
166,1357,1523,0.1388
163,1360,1523,0.1388
160,1341,1501,0.1388
167,1339,1506,0.1388
162,1344,1506,0.1388
156,1347,1503,0.1388
155,1343,1498,0.1388
155,1358,1513,0.1388
156,1344,1500,0.1388
154,1358,1512,0.1388
158,1346,1504,0.1388
155,1349,1504,0.1388
159,1357,1516,0.1388
159,1362,1521,0.1388
158,1364,1522,0.1388
159,1362,1521,0.1388
157,1362,1519,0.1388
156,1375,1531,0.1388
152,1374,1526,0.1388
152,1372,1524,0.1388
150,1359,1509,0.1388
149,1380,1529,0.1388
148,1378,1526,0.1388
145,1369,1514,0.1388
147,1367,1514,0.1388
145,1374,1519,0.1388
145,1374,1519,0.1388
140,1381,1521,0.1388
142,1378,1520,0.1388
141,1375,1516,0.1388
141,1367,1508,0.1388
144,1375,1519,0.1388
140,1373,1513,0.1388
139,1372,1511,0.1388
139,1377,1516,0.1388
136,1379,1515,0.1388
133,1371,1504,0.1388
131,1382,1513,0.1388
131,1384,1515,0.1388
131,1390,1521,0.1388
131,1389,1520,0.1388
131,1391,1522,0.1388
132,1392,1524,0.1388
130,1386,1516,0.1388
133,1391,1524,0.1388
131,1402,1533,0.1388
133,1398,1531,0.1388
131,1394,1525,0.1388
132,1385,1517,0.1388
128,1390,1518,0.1388
129,1389,1518,0.1388
129,1388,1517,0.1388
126,1379,1505,0.1388
129,1393,1522,0.1388
129,1393,1522,0.1388
126,1391,1517,0.1388
128,1388,1516,0.1388
125,1406,1531,0.1388
124,1408,1532,0.1388
121,1399,1520,0.1388
126,1401,1527,0.1388
125,1404,1529,0.1388
123,1394,1517,0.1388
120,1399,1519,0.1388
121,1398,1519,0.1388
120,1393,1513,0.1388
121,1399,1520,0.1388
123,1407,1530,0.1388
121,1398,1519,0.1388
124,1393,1517,0.1388
122,1385,1507,0.1388
120,1388,1508,0.1388
119,1400,1519,0.1388
116,1402,1518,0.1388
118,1406,1524,0.1388
118,1396,1514,0.1388
113,1388,1501,0.1388
112,1395,1507,0.1388
110,1414,1524,0.1388
107,1416,1523,0.1388
109,1403,1512,0.1388
110,1413,1523,0.1388
108,1416,1524,0.1388
104,1417,1521,0.1388
99,1421,1520,0.1388
97,1421,1518,0.1388
99,1418,1517,0.1388
100,1425,1525,0.1388
99,1428,1527,0.1388
95,1422,1517,0.1388
94,1411,1505,0.1388
97,1413,1510,0.1388
97,1409,1506,0.1388
96,1422,1518,0.1388
96,1421,1517,0.1388
94,1421,1515,0.1388
93,1427,1520,0.1388
86,1414,1500,0.1388
89,1424,1513,0.1388
89,1415,1504,0.1388
90,1419,1509,0.1388
91,1416,1507,0.1388
89,1428,1517,0.1388
89,1425,1514,0.1388
88,1445,1533,0.1388
87,1448,1535,0.1388
87,1439,1526,0.1388
85,1439,1524,0.1388
85,1449,1534,0.1388
84,1437,1521,0.1388
83,1438,1521,0.1388
83,1436,1519,0.1388
84,1438,1522,0.1388
85,1443,1528,0.1388
88,1451,1539,0.1388
86,1450,1536,0.1388
85,1432,1517,0.1388
87,1429,1516,0.1388
87,1429,1516,0.1388
87,1428,1515,0.1388
88,1431,1519,0.1388
85,1415,1500,0.1388
86,1418,1504,0.1388
86,1420,1506,0.1388
87,1441,1528,0.1388
85,1438,1523,0.1388
86,1445,1531,0.1388
85,1434,1519,0.1388
84,1441,1525,0.1388
85,1446,1531,0.1388
86,1439,1525,0.1388
87,1441,1528,0.1388
87,1440,1527,0.1388
87,1437,1524,0.1388
87,1438,1525,0.1388
87,1436,1523,0.1388
84,1432,1516,0.1388
83,1445,1528,0.1388
81,1435,1516,0.1388
79,1441,1520,0.1388
81,1436,1517,0.1388
82,1449,1531,0.1388
82,1431,1513,0.1388
81,1433,1514,0.1388
80,1435,1515,0.1388
80,1433,1513,0.1388
77,1428,1505,0.1388
71,1439,1510,0.1388
75,1428,1503,0.1388
76,1436,1512,0.1388
77,1423,1500,0.1388
75,1431,1506,0.1388
70,1432,1502,0.1388
72,1442,1514,0.1388
73,1441,1514,0.1388
73,1443,1516,0.1388
65,1445,1510,0.1388
65,1447,1512,0.1388
66,1455,1521,0.1388
69,1449,1518,0.1388
69,1452,1521,0.1388
69,1450,1519,0.1388
70,1447,1517,0.1388
69,1449,1518,0.1388
71,1426,1497,0.1388
68,1439,1507,0.1388
64,1452,1516,0.1388
64,1450,1514,0.1388
59,1444,1503,0.1388
60,1453,1513,0.1388
58,1450,1508,0.1388
59,1462,1521,0.1388
58,1453,1511,0.1388
57,1453,1510,0.1388
60,1453,1513,0.1388
61,1461,1522,0.1388
59,1454,1513,0.1388
57,1480,1537,0.1388
56,1476,1532,0.1388
59,1470,1529,0.1388
59,1472,1531,0.1388
57,1462,1519,0.1388
56,1464,1520,0.1388
57,1462,1519,0.1388
57,1448,1505,0.1388
57,1469,1526,0.1388
58,1466,1524,0.1388
57,1467,1524,0.1388
58,1472,1530,0.1388
58,1469,1527,0.1388
55,1473,1528,0.1388
53,1479,1532,0.1388
52,1473,1525,0.1388
52,1473,1525,0.1388
55,1463,1518,0.1388
55,1475,1530,0.1388
57,1470,1527,0.1388
55,1462,1517,0.1388
56,1467,1523,0.1388
56,1465,1521,0.1388
56,1460,1516,0.1388
57,1457,1514,0.1388
55,1452,1507,0.1388
55,1463,1518,0.1388
54,1468,1522,0.1388
53,1468,1521,0.1388
52,1461,1513,0.1388
52,1461,1513,0.1388
54,1452,1506,0.1388
53,1451,1504,0.1388
52,1459,1511,0.1388
53,1462,1515,0.1388
53,1472,1525,0.1388
54,1468,1522,0.1388
55,1467,1522,0.1388
53,1464,1517,0.1388
56,1468,1524,0.1388
56,1455,1511,0.1388
57,1440,1497,0.1388
57,1436,1493,0.1388
59,1448,1507,0.1388
57,1450,1507,0.1388
56,1452,1508,0.1388
57,1460,1517,0.1388
56,1446,1502,0.1388
56,1451,1507,0.1388
56,1455,1511,0.1388
56,1460,1516,0.1388
52,1454,1506,0.1388
51,1447,1498,0.1388
55,1455,1510,0.1388
55,1443,1498,0.1388
55,1451,1506,0.1388
56,1443,1499,0.1388
57,1458,1515,0.1388
57,1461,1518,0.1388
56,1473,1529,0.1388
57,1475,1532,0.1388
58,1479,1537,0.1388
57,1468,1525,0.1388
59,1463,1522,0.1388
58,1466,1524,0.1388
57,1460,1517,0.1388
59,1465,1524,0.1388
59,1472,1531,0.1388
59,1459,1518,0.1388
61,1452,1513,0.1388
60,1463,1523,0.1388
60,1468,1528,0.1388
61,1468,1529,0.1388
59,1464,1523,0.1388
60,1459,1519,0.1388
62,1460,1522,0.1388
60,1453,1513,0.1388
61,1444,1505,0.1388
63,1464,1527,0.1388
60,1453,1513,0.1388
59,1457,1516,0.1388
55,1455,1510,0.1388
55,1456,1511,0.1388
53,1460,1513,0.1388
52,1460,1512,0.1388
51,1459,1510,0.1388
49,1463,1512,0.1388
48,1458,1506,0.1388
46,1464,1510,0.1388
45,1472,1517,0.1388
45,1480,1525,0.1388
44,1472,1516,0.1388
44,1476,1520,0.1388
42,1488,1530,0.1388
43,1478,1521,0.1388
43,1477,1520,0.1388
45,1478,1523,0.1388
46,1484,1530,0.1388
46,1470,1516,0.1388
46,1469,1515,0.1388
46,1468,1514,0.1388
44,1469,1513,0.1388
44,1463,1507,0.1388
43,1473,1516,0.1388
43,1478,1521,0.1388
43,1477,1520,0.1388
42,1477,1519,0.1388
44,1474,1518,0.1388
41,1459,1500,0.1388
42,1466,1508,0.1388
43,1465,1508,0.1388
43,1455,1498,0.1388
45,1461,1506,0.1388
44,1464,1508,0.1388
47,1461,1508,0.1388
46,1461,1507,0.1388
47,1463,1510,0.1388
45,1480,1525,0.1388
45,1487,1532,0.1388
42,1479,1521,0.1388
41,1479,1520,0.1388
40,1485,1525,0.1388
39,1476,1515,0.1388
39,1482,1521,0.1388
41,1473,1514,0.1388
41,1477,1518,0.1388
40,1482,1522,0.1388
40,1482,1522,0.1388
39,1482,1521,0.1388
38,1484,1522,0.1388
39,1488,1527,0.1388
38,1484,1522,0.1388
38,1473,1511,0.1388
38,1474,1512,0.1388
36,1474,1510,0.1388
36,1483,1519,0.1388
36,1479,1515,0.1388
38,1466,1504,0.1388
38,1472,1510,0.1388
39,1465,1504,0.1388
38,1476,1514,0.1388
38,1467,1505,0.1388
37,1472,1509,0.1388
39,1476,1515,0.1388
40,1479,1519,0.1388
39,1480,1519,0.1388
38,1479,1517,0.1388
38,1469,1507,0.1388
39,1480,1519,0.1388
39,1484,1523,0.1388
39,1484,1523,0.1388
36,1486,1522,0.1388
36,1483,1519,0.1388
34,1489,1523,0.1388
35,1488,1523,0.1388
33,1479,1512,0.1388
33,1503,1536,0.1388
35,1501,1536,0.1388
33,1482,1515,0.1388
31,1479,1510,0.1388
34,1480,1514,0.1388
33,1471,1504,0.1388
34,1453,1487,0.1388
34,1461,1495,0.1388
34,1470,1504,0.1388
32,1470,1502,0.1388
32,1473,1505,0.1388
33,1464,1497,0.1388
33,1474,1507,0.1388
31,1477,1508,0.1388
30,1483,1513,0.1388
28,1472,1500,0.1388
31,1468,1499,0.1388
27,1478,1505,0.1388
28,1490,1518,0.1388
28,1473,1501,0.1388
26,1474,1500,0.1388
28,1484,1512,0.1388
28,1495,1523,0.1388
28,1472,1500,0.1388
28,1477,1505,0.1388
29,1485,1514,0.1388
28,1482,1510,0.1388
28,1481,1509,0.1388
27,1495,1522,0.1388
28,1502,1530,0.1388
29,1499,1528,0.1388
30,1503,1533,0.1388
29,1500,1529,0.1388
30,1491,1521,0.1388
31,1494,1525,0.1388
32,1485,1517,0.1388
35,1482,1517,0.1388
38,1479,1517,0.1388
38,1475,1513,0.1388
38,1474,1512,0.1388
37,1475,1512,0.1388
37,1481,1518,0.1388
35,1479,1514,0.1388
34,1478,1512,0.1388
34,1471,1505,0.1388
36,1473,1509,0.1388
37,1486,1523,0.1388
38,1486,1524,0.1388
39,1485,1524,0.1388
38,1489,1527,0.1388
36,1470,1506,0.1388
35,1475,1510,0.1388
35,1469,1504,0.1388
36,1473,1509,0.1388
35,1464,1499,0.1388
34,1477,1511,0.1388
36,1467,1503,0.1388
36,1466,1502,0.1388
36,1477,1513,0.1388
38,1485,1523,0.1388
37,1492,1529,0.1388
37,1496,1533,0.1388
38,1490,1528,0.1388
38,1495,1533,0.1388
38,1487,1525,0.1388
38,1480,1518,0.1388
37,1484,1521,0.1388
35,1478,1513,0.1388
34,1482,1516,0.1388
36,1487,1523,0.1388
35,1483,1518,0.1388
38,1493,1531,0.1388
37,1485,1522,0.1388
38,1486,1524,0.1388
38,1486,1524,0.1388
38,1485,1523,0.1388
37,1489,1526,0.1388
35,1483,1518,0.1388
35,1482,1517,0.1388
33,1469,1502,0.1388
33,1477,1510,0.1388
34,1483,1517,0.1388
35,1491,1526,0.1388
34,1495,1529,0.1388
34,1498,1532,0.1388
34,1484,1518,0.1388
35,1479,1514,0.1388
36,1466,1502,0.1388
36,1482,1518,0.1388
37,1481,1518,0.1388
37,1492,1529,0.1388
36,1486,1522,0.1388
36,1489,1525,0.1388
38,1490,1528,0.1388
38,1479,1517,0.1388
37,1488,1525,0.1388
37,1483,1520,0.1388
36,1485,1521,0.1388
36,1484,1520,0.1388
35,1471,1506,0.1388
34,1480,1514,0.1388
34,1483,1517,0.1388
35,1476,1511,0.1388
34,1484,1518,0.1388
33,1481,1514,0.1388
32,1476,1508,0.1388
31,1473,1504,0.1388
30,1477,1507,0.1388
29,1468,1497,0.1388
30,1469,1499,0.1388
30,1491,1521,0.1388
31,1488,1519,0.1388
31,1494,1525,0.1388
32,1484,1516,0.1388
32,1495,1527,0.1388
30,1475,1505,0.1388
29,1472,1501,0.1388
26,1476,1502,0.1388
27,1476,1503,0.1388
28,1470,1498,0.1388
29,1483,1512,0.1388
28,1479,1507,0.1388
29,1484,1513,0.1388
30,1502,1532,0.1388
30,1498,1528,0.1388
30,1492,1522,0.1388
28,1500,1528,0.1388
26,1496,1522,0.1388
26,1489,1515,0.1388
28,1492,1520,0.1388
27,1501,1528,0.1388
26,1497,1523,0.1388
25,1502,1527,0.1388
25,1495,1520,0.1388
25,1494,1519,0.1388
22,1498,1520,0.1388
22,1502,1524,0.1388
23,1494,1517,0.1388
23,1506,1529,0.1388
24,1507,1531,0.1388
24,1504,1528,0.1388
22,1493,1515,0.1388
21,1502,1523,0.1388
20,1502,1522,0.1388
18,1494,1512,0.1388
20,1492,1512,0.1388
20,1484,1504,0.1388
19,1483,1502,0.1388
19,1480,1499,0.1388
19,1500,1519,0.1388
19,1506,1525,0.1388
19,1497,1516,0.1388
18,1486,1504,0.1388
17,1491,1508,0.1388
18,1476,1494,0.1388
18,1485,1503,0.1388
18,1491,1509,0.1388
18,1505,1523,0.1388
17,1513,1530,0.1388
17,1504,1521,0.1388
18,1495,1513,0.1388
17,1499,1516,0.1388
17,1509,1526,0.1388
17,1510,1527,0.1388
17,1508,1525,0.1388
18,1509,1527,0.1388
18,1513,1531,0.1388
17,1506,1523,0.1388
18,1501,1519,0.1388
18,1507,1525,0.1388
18,1500,1518,0.1388
20,1495,1515,0.1388
20,1496,1516,0.1388
19,1509,1528,0.1388
18,1514,1532,0.1388
18,1522,1540,0.1388
18,1502,1520,0.1388
18,1493,1511,0.1388
16,1501,1517,0.1388
16,1503,1519,0.1388
17,1498,1515,0.1388
17,1485,1502,0.1388
17,1490,1507,0.1388
17,1482,1499,0.1388
17,1493,1510,0.1388
17,1504,1521,0.1388
18,1500,1518,0.1388
18,1496,1514,0.1388
17,1496,1513,0.1388
17,1491,1508,0.1388
16,1497,1513,0.1388
15,1504,1519,0.1388
15,1506,1521,0.1388
14,1511,1525,0.1388
14,1509,1523,0.1388
13,1511,1524,0.1388
12,1508,1520,0.1388
12,1506,1518,0.1388
12,1506,1518,0.1388
12,1505,1517,0.1388
12,1500,1512,0.1388
13,1523,1536,0.1388
12,1514,1526,0.1388
14,1514,1528,0.1388
15,1518,1533,0.1388
16,1506,1522,0.1388
17,1510,1527,0.1388
16,1517,1533,0.1388
16,1522,1538,0.1388
15,1507,1522,0.1388
15,1494,1509,0.1388
15,1497,1512,0.1388
16,1498,1514,0.1388
15,1505,1520,0.1388
15,1513,1528,0.1388
15,1499,1514,0.1388
15,1501,1516,0.1388
15,1496,1511,0.1388
13,1503,1516,0.1388
13,1505,1518,0.1388
11,1508,1519,0.1388
12,1499,1511,0.1388
11,1505,1516,0.1388
11,1496,1507,0.1388
10,1497,1507,0.1388
10,1503,1513,0.1388
9,1497,1506,0.1388
8,1506,1514,0.1388
7,1513,1520,0.1388
8,1505,1513,0.1388
8,1508,1516,0.1388
9,1516,1525,0.1388
8,1513,1521,0.1388
8,1514,1522,0.1388
7,1508,1515,0.1388
7,1511,1518,0.1388
7,1511,1518,0.1388
6,1504,1510,0.1388
7,1505,1512,0.1388
7,1503,1510,0.1388
7,1501,1508,0.1388
7,1511,1518,0.1388
7,1512,1519,0.1388
7,1502,1509,0.1388
7,1501,1508,0.1388
6,1499,1505,0.1388
6,1503,1509,0.1388
7,1515,1522,0.1388
7,1509,1516,0.1388
7,1484,1491,0.1388
6,1485,1491,0.1388
6,1505,1511,0.1388
6,1513,1519,0.1388
6,1512,1518,0.1388
7,1509,1516,0.1388
6,1514,1520,0.1388
6,1498,1504,0.1388
6,1500,1506,0.1388
6,1515,1521,0.1388
6,1516,1522,0.1388
6,1524,1530,0.1388
7,1539,1546,0.1388
7,1531,1538,0.1388
6,1522,1528,0.1388
6,1508,1514,0.1388
6,1528,1534,0.1388
6,1521,1527,0.1388
6,1512,1518,0.1388
7,1509,1516,0.1388
7,1504,1511,0.1388
8,1514,1522,0.1388
8,1516,1524,0.1388
8,1514,1522,0.1388
8,1512,1520,0.1388
9,1507,1516,0.1388
9,1513,1522,0.1388
9,1513,1522,0.1388
9,1506,1515,0.1388
9,1517,1526,0.1388
10,1514,1524,0.1388
10,1504,1514,0.1388
11,1518,1529,0.1388
11,1507,1518,0.1388
11,1505,1516,0.1388
11,1502,1513,0.1388
11,1500,1511,0.1388
11,1497,1508,0.1388
10,1500,1510,0.1388
12,1508,1520,0.1388
12,1510,1522,0.1388
13,1512,1525,0.1388
13,1510,1523,0.1388
13,1508,1521,0.1388
11,1505,1516,0.1388
12,1512,1524,0.1388
14,1485,1499,0.1388
12,1506,1518,0.1388
12,1513,1525,0.1388
13,1513,1526,0.1388
13,1506,1519,0.1388
13,1505,1518,0.1388
13,1492,1505,0.1388
12,1501,1513,0.1388
11,1486,1497,0.1388
11,1487,1498,0.1388
11,1485,1496,0.1388
12,1498,1510,0.1388
11,1507,1518,0.1388
11,1505,1516,0.1388
11,1495,1506,0.1388
10,1500,1510,0.1388
13,1496,1509,0.1388
14,1493,1507,0.1388
13,1500,1513,0.1388
14,1495,1509,0.1388
14,1477,1491,0.1388
14,1482,1496,0.1388
14,1500,1514,0.1388
14,1509,1523,0.1388
14,1509,1523,0.1388
14,1505,1519,0.1388
14,1500,1514,0.1388
13,1506,1519,0.1388
13,1503,1516,0.1388
12,1497,1509,0.1388
13,1494,1507,0.1388
13,1500,1513,0.1388
13,1494,1507,0.1388
13,1498,1511,0.1388
13,1488,1501,0.1388
12,1508,1520,0.1388
13,1502,1515,0.1388
13,1511,1524,0.1388
12,1493,1505,0.1388
12,1503,1515,0.1388
12,1500,1512,0.1388
13,1507,1520,0.1388
12,1503,1515,0.1388
13,1517,1530,0.1388
15,1504,1519,0.1388
15,1511,1526,0.1388
15,1516,1531,0.1388
14,1509,1523,0.1388
13,1500,1513,0.1388
14,1497,1511,0.1388
14,1488,1502,0.1388
13,1491,1504,0.1388
12,1495,1507,0.1388
10,1507,1517,0.1388
11,1516,1527,0.1388
11,1496,1507,0.1388
11,1499,1510,0.1388
10,1500,1510,0.1388
10,1500,1510,0.1388
11,1504,1515,0.1388
10,1501,1511,0.1388
10,1508,1518,0.1388
9,1505,1514,0.1388
10,1501,1511,0.1388
10,1502,1512,0.1388
11,1510,1521,0.1388
11,1502,1513,0.1388
11,1486,1497,0.1388
11,1482,1493,0.1388
11,1496,1507,0.1388
11,1492,1503,0.1388
12,1502,1514,0.1388
10,1506,1516,0.1388
10,1497,1507,0.1388
9,1491,1500,0.1388
9,1490,1499,0.1388
9,1505,1514,0.1388
8,1509,1517,0.1388
9,1517,1526,0.1388
10,1501,1511,0.1388
10,1504,1514,0.1388
10,1516,1526,0.1388
10,1505,1515,0.1388
10,1501,1511,0.1388
9,1507,1516,0.1388
8,1500,1508,0.1388
8,1505,1513,0.1388
8,1498,1506,0.1388
8,1510,1518,0.1388
8,1506,1514,0.1388
8,1505,1513,0.1388
8,1523,1531,0.1388
8,1520,1528,0.1388
9,1504,1513,0.1388
9,1493,1502,0.1388
9,1504,1513,0.1388
9,1514,1523,0.1388
9,1518,1527,0.1388
8,1512,1520,0.1388
8,1511,1519,0.1388
8,1518,1526,0.1388
8,1510,1518,0.1388
8,1517,1525,0.1388
8,1516,1524,0.1388
8,1504,1512,0.1388
6,1510,1516,0.1388
8,1510,1518,0.1388
8,1502,1510,0.1388
8,1505,1513,0.1388
7,1511,1518,0.1388
7,1497,1504,0.1388
7,1505,1512,0.1388
8,1515,1523,0.1388
9,1510,1519,0.1388
9,1508,1517,0.1388
9,1501,1510,0.1388
9,1507,1516,0.1388
9,1504,1513,0.1388
8,1512,1520,0.1388
9,1512,1521,0.1388
9,1515,1524,0.1388
9,1509,1518,0.1388
9,1514,1523,0.1388
10,1512,1522,0.1388
10,1515,1525,0.1388
10,1508,1518,0.1388
10,1511,1521,0.1388
10,1516,1526,0.1388
11,1524,1535,0.1388
10,1521,1531,0.1388
9,1520,1529,0.1388
9,1520,1529,0.1388
9,1512,1521,0.1388
8,1505,1513,0.1388
7,1504,1511,0.1388
7,1497,1504,0.1388
8,1499,1507,0.1388
7,1501,1508,0.1388
7,1497,1504,0.1388
7,1505,1512,0.1388
6,1501,1507,0.1388
6,1504,1510,0.1388
7,1503,1510,0.1388
7,1490,1497,0.1388
7,1489,1496,0.1388
7,1498,1505,0.1388
7,1510,1517,0.1388
7,1511,1518,0.1388
7,1496,1503,0.1388
7,1497,1504,0.1388
7,1515,1522,0.1388
7,1509,1516,0.1388
7,1511,1518,0.1388
6,1512,1518,0.1388
6,1521,1527,0.1388
6,1528,1534,0.1388
6,1518,1524,0.1388
6,1521,1527,0.1388
6,1517,1523,0.1388
5,1516,1521,0.1388
5,1522,1527,0.1388
5,1525,1530,0.1388
5,1517,1522,0.1388
5,1528,1533,0.1388
4,1528,1532,0.1388
4,1519,1523,0.1388
4,1520,1524,0.1388
4,1508,1512,0.1388
4,1508,1512,0.1388
4,1491,1495,0.1388
4,1501,1505,0.1388
4,1496,1500,0.1388
5,1505,1510,0.1388
5,1510,1515,0.1388
5,1503,1508,0.1388
5,1502,1507,0.1388
5,1505,1510,0.1388
5,1512,1517,0.1388
5,1521,1526,0.1388
4,1521,1525,0.1388
4,1520,1524,0.1388
4,1523,1527,0.1388
4,1510,1514,0.1388
4,1512,1516,0.1388
4,1512,1516,0.1388
4,1527,1531,0.1388
4,1530,1534,0.1388
4,1531,1535,0.1388
4,1517,1521,0.1388
3,1519,1522,0.1388
3,1522,1525,0.1388
3,1522,1525,0.1388
2,1513,1515,0.1388
2,1513,1515,0.1388
3,1507,1510,0.1388
3,1508,1511,0.1388
3,1504,1507,0.1388
3,1508,1511,0.1388
3,1509,1512,0.1388
3,1509,1512,0.1388
3,1501,1504,0.1388
3,1498,1501,0.1388
3,1508,1511,0.1388
3,1502,1505,0.1388
2,1518,1520,0.1388
2,1518,1520,0.1388
2,1507,1509,0.1388
2,1510,1512,0.1388
1,1501,1502,0.1388
1,1503,1504,0.1388
1,1495,1496,0.1388
1,1511,1512,0.1388
1,1516,1517,0.1388
1,1512,1513,0.1388
1,1516,1517,0.1388
1,1517,1518,0.1388
1,1528,1529,0.1388
1,1515,1516,0.1388
1,1509,1510,0.1388
1,1502,1503,0.1388
1,1511,1512,0.1388
1,1502,1503,0.1388
1,1503,1504,0.1388
1,1498,1499,0.1388
1,1507,1508,0.1388
1,1499,1500,0.1388
1,1508,1509,0.1388
1,1510,1511,0.1388
1,1513,1514,0.1388
1,1503,1504,0.1388
1,1529,1530,0.1388
1,1515,1516,0.1388
1,1517,1518,0.1388
1,1519,1520,0.1388
1,1519,1520,0.1388
1,1517,1518,0.1388
1,1515,1516,0.1388
1,1510,1511,0.1388
2,1509,1511,0.1388
2,1523,1525,0.1388
2,1517,1519,0.1388
2,1512,1514,0.1388
2,1507,1509,0.1388
2,1517,1519,0.1388
2,1521,1523,0.1388
2,1510,1512,0.1388
2,1516,1518,0.1388
2,1510,1512,0.1388
2,1522,1524,0.1388
2,1530,1532,0.1388
2,1513,1515,0.1388
3,1508,1511,0.1388
3,1516,1519,0.1388
4,1502,1506,0.1388
4,1498,1502,0.1388
4,1508,1512,0.1388
4,1509,1513,0.1388
4,1526,1530,0.1388
4,1534,1538,0.1388
4,1532,1536,0.1388
4,1519,1523,0.1388
4,1507,1511,0.1388
5,1511,1516,0.1388
5,1526,1531,0.1388
4,1519,1523,0.1388
4,1512,1516,0.1388
4,1513,1517,0.1388
5,1523,1528,0.1388
5,1516,1521,0.1388
5,1498,1503,0.1388
5,1493,1498,0.1388
5,1489,1494,0.1388
5,1509,1514,0.1388
5,1514,1519,0.1388
5,1518,1523,0.1388
5,1524,1529,0.1388
5,1509,1514,0.1388
5,1509,1514,0.1388
5,1515,1520,0.1388
5,1498,1503,0.1388
5,1490,1495,0.1388
4,1503,1507,0.1388
4,1510,1514,0.1388
4,1521,1525,0.1388
4,1527,1531,0.1388
4,1537,1541,0.1388
5,1521,1526,0.1388
5,1522,1527,0.1388
5,1531,1536,0.1388
4,1517,1521,0.1388
4,1506,1510,0.1388
4,1516,1520,0.1388
4,1507,1511,0.1388
3,1507,1510,0.1388
4,1511,1515,0.1388
4,1497,1501,0.1388
4,1509,1513,0.1388
4,1521,1525,0.1388
4,1515,1519,0.1388
3,1521,1524,0.1388
3,1520,1523,0.1388
3,1527,1530,0.1388
3,1532,1535,0.1388
2,1525,1527,0.1388
2,1524,1526,0.1388
2,1504,1506,0.1388
2,1514,1516,0.1388
2,1527,1529,0.1388
2,1527,1529,0.1388
2,1524,1526,0.1388
2,1523,1525,0.1388
2,1507,1509,0.1388
2,1506,1508,0.1388
2,1511,1513,0.1388
2,1501,1503,0.1388
2,1521,1523,0.1388
2,1522,1524,0.1388
2,1526,1528,0.1388
2,1515,1517,0.1388
2,1529,1531,0.1388
2,1530,1532,0.1388
2,1535,1537,0.1388
2,1526,1528,0.1388
2,1523,1525,0.1388
1,1525,1526,0.1388
1,1528,1529,0.1388
1,1518,1519,0.1388
1,1521,1522,0.1388
1,1521,1522,0.1388
0,1513,1513,0.1388
