1372,29,1401,0.1388
1390,30,1420,0.1388
1409,34,1443,0.1388
1430,37,1467,0.1388
1432,38,1470,0.1388
1442,37,1479,0.1388
1453,36,1489,0.1388
1455,37,1492,0.1388
1459,41,1500,0.1388
1450,40,1490,0.1388
1451,38,1489,0.1388
1458,40,1498,0.1388
1461,42,1503,0.1388
1461,43,1504,0.1388
1450,43,1493,0.1388
1463,45,1508,0.1388
1453,46,1499,0.1388
1456,46,1502,0.1388
1459,47,1506,0.1388
1465,47,1512,0.1388
1453,48,1501,0.1388
1458,46,1504,0.1388
1462,45,1507,0.1388
1454,45,1499,0.1388
1456,45,1501,0.1388
1452,47,1499,0.1388
1441,47,1488,0.1388
1437,48,1485,0.1388
1442,49,1491,0.1388
1430,49,1479,0.1388
1432,48,1480,0.1388
1427,52,1479,0.1388
1438,52,1490,0.1388
1423,50,1473,0.1388
1414,50,1464,0.1388
1417,49,1466,0.1388
1414,50,1464,0.1388
1417,53,1470,0.1388
1430,53,1483,0.1388
1422,58,1480,0.1388
1418,55,1473,0.1388
1421,57,1478,0.1388
1437,55,1492,0.1388
1432,56,1488,0.1388
1442,59,1501,0.1388
1437,62,1499,0.1388
1432,57,1489,0.1388
1438,58,1496,0.1388
1443,58,1501,0.1388
1446,58,1504,0.1388
1447,59,1506,0.1388
1446,57,1503,0.1388
1440,54,1494,0.1388
1446,53,1499,0.1388
1445,54,1499,0.1388
1434,54,1488,0.1388
1432,53,1485,0.1388
1429,52,1481,0.1388
1424,50,1474,0.1388
1422,48,1470,0.1388
1424,49,1473,0.1388
1426,48,1474,0.1388
1422,47,1469,0.1388
1437,49,1486,0.1388
1420,52,1472,0.1388
1432,55,1487,0.1388
1434,53,1487,0.1388
1433,54,1487,0.1388
1429,52,1481,0.1388
1420,51,1471,0.1388
1424,53,1477,0.1388
1436,56,1492,0.1388
1422,58,1480,0.1388
1422,62,1484,0.1388
1426,62,1488,0.1388
1428,62,1490,0.1388
1435,64,1499,0.1388
1435,65,1500,0.1388
1431,65,1496,0.1388
1439,60,1499,0.1388
1439,61,1500,0.1388
1434,64,1498,0.1388
1433,63,1496,0.1388
1430,62,1492,0.1388
1431,60,1491,0.1388
1443,64,1507,0.1388
1445,63,1508,0.1388
1442,64,1506,0.1388
1429,67,1496,0.1388
1426,66,1492,0.1388
1431,66,1497,0.1388
1442,68,1510,0.1388
1440,66,1506,0.1388
1443,64,1507,0.1388
1427,64,1491,0.1388
1421,63,1484,0.1388
1421,61,1482,0.1388
1419,62,1481,0.1388
1416,61,1477,0.1388
1429,61,1490,0.1388
1432,61,1493,0.1388
1418,64,1482,0.1388
1430,66,1496,0.1388
1440,64,1504,0.1388
1430,62,1492,0.1388
1420,60,1480,0.1388
1417,65,1482,0.1388
1415,64,1479,0.1388
1414,64,1478,0.1388
1417,66,1483,0.1388
1423,66,1489,0.1388
1418,69,1487,0.1388
1416,71,1487,0.1388
1417,69,1486,0.1388
1423,68,1491,0.1388
1425,67,1492,0.1388
1415,66,1481,0.1388
1406,66,1472,0.1388
1410,64,1474,0.1388
1414,66,1480,0.1388
1404,66,1470,0.1388
1411,66,1477,0.1388
1424,63,1487,0.1388
1438,63,1501,0.1388
1432,63,1495,0.1388
1436,66,1502,0.1388
1430,66,1496,0.1388
1435,67,1502,0.1388
1433,65,1498,0.1388
1436,63,1499,0.1388
1428,61,1489,0.1388
1425,60,1485,0.1388
1417,62,1479,0.1388
1427,65,1492,0.1388
1418,65,1483,0.1388
1423,62,1485,0.1388
1430,60,1490,0.1388
1433,66,1499,0.1388
1443,65,1508,0.1388
1430,64,1494,0.1388
1437,63,1500,0.1388
1431,63,1494,0.1388
1433,64,1497,0.1388
1425,62,1487,0.1388
1433,65,1498,0.1388
1421,65,1486,0.1388
1419,67,1486,0.1388
1435,67,1502,0.1388
1423,68,1491,0.1388
1413,71,1484,0.1388
1405,70,1475,0.1388
1408,70,1478,0.1388
1393,71,1464,0.1388
1399,71,1470,0.1388
1415,75,1490,0.1388
1440,76,1516,0.1388
1432,77,1509,0.1388
1442,74,1516,0.1388
1442,70,1512,0.1388
1447,72,1519,0.1388
1428,71,1499,0.1388
1425,73,1498,0.1388
1425,72,1497,0.1388
1413,73,1486,0.1388
1432,71,1503,0.1388
1423,73,1496,0.1388
1432,74,1506,0.1388
1427,75,1502,0.1388
1422,75,1497,0.1388
1425,78,1503,0.1388
1399,73,1472,0.1388
1407,75,1482,0.1388
1425,78,1503,0.1388
1437,74,1511,0.1388
1434,72,1506,0.1388
1427,73,1500,0.1388
1414,78,1492,0.1388
1424,75,1499,0.1388
1412,74,1486,0.1388
1425,73,1498,0.1388
1427,71,1498,0.1388
1412,72,1484,0.1388
1414,80,1494,0.1388
1406,79,1485,0.1388
1419,79,1498,0.1388
1409,81,1490,0.1388
1405,73,1478,0.1388
1407,75,1482,0.1388
1401,74,1475,0.1388
1414,76,1490,0.1388
1408,78,1486,0.1388
1410,78,1488,0.1388
1401,72,1473,0.1388
1413,75,1488,0.1388
1409,77,1486,0.1388
1410,80,1490,0.1388
1415,80,1495,0.1388
1426,82,1508,0.1388
1418,87,1505,0.1388
1410,84,1494,0.1388
1414,88,1502,0.1388
1411,87,1498,0.1388
1410,86,1496,0.1388
1405,86,1491,0.1388
1413,90,1503,0.1388
1412,91,1503,0.1388
1406,89,1495,0.1388
1396,90,1486,0.1388
1416,91,1507,0.1388
1422,91,1513,0.1388
1426,94,1520,0.1388
1416,96,1512,0.1388
1413,95,1508,0.1388
1428,94,1522,0.1388
1419,94,1513,0.1388
1402,93,1495,0.1388
1411,91,1502,0.1388
1406,91,1497,0.1388
1408,92,1500,0.1388
1415,90,1505,0.1388
1418,91,1509,0.1388
1410,90,1500,0.1388
1410,85,1495,0.1388
1409,92,1501,0.1388
1396,93,1489,0.1388
1403,92,1495,0.1388
1407,94,1501,0.1388
1400,92,1492,0.1388
1402,94,1496,0.1388
1405,94,1499,0.1388
1414,98,1512,0.1388
1411,100,1511,0.1388
1407,99,1506,0.1388
1392,102,1494,0.1388
1403,101,1504,0.1388
1406,103,1509,0.1388
1411,101,1512,0.1388
1408,103,1511,0.1388
1401,103,1504,0.1388
1398,104,1502,0.1388
1395,103,1498,0.1388
1385,106,1491,0.1388
1393,105,1498,0.1388
1395,108,1503,0.1388
1391,106,1497,0.1388
1393,107,1500,0.1388
1384,107,1491,0.1388
1367,105,1472,0.1388
1388,108,1496,0.1388
1382,108,1490,0.1388
1379,106,1485,0.1388
1383,109,1492,0.1388
1387,109,1496,0.1388
1392,110,1502,0.1388
1391,111,1502,0.1388
1387,110,1497,0.1388
1374,111,1485,0.1388
1362,111,1473,0.1388
1362,113,1475,0.1388
1348,115,1463,0.1388
1372,114,1486,0.1388
1366,119,1485,0.1388
1367,119,1486,0.1388
1362,121,1483,0.1388
1376,120,1496,0.1388
1367,123,1490,0.1388
1368,125,1493,0.1388
1369,126,1495,0.1388
1371,124,1495,0.1388
1371,123,1494,0.1388
1367,126,1493,0.1388
1373,121,1494,0.1388
1370,122,1492,0.1388
1371,122,1493,0.1388
1374,125,1499,0.1388
1373,125,1498,0.1388
1362,125,1487,0.1388
1355,124,1479,0.1388
1359,124,1483,0.1388
1356,128,1484,0.1388
1372,126,1498,0.1388
1354,127,1481,0.1388
1371,126,1497,0.1388
1356,133,1489,0.1388
1361,131,1492,0.1388
1356,135,1491,0.1388
1353,135,1488,0.1388
1351,138,1489,0.1388
1345,138,1483,0.1388
1334,142,1476,0.1388
1341,140,1481,0.1388
1324,146,1470,0.1388
1340,146,1486,0.1388
1338,145,1483,0.1388
1349,146,1495,0.1388
1351,148,1499,0.1388
1348,151,1499,0.1388
1351,151,1502,0.1388
1348,149,1497,0.1388
1350,151,1501,0.1388
1342,154,1496,0.1388
1323,154,1477,0.1388
1315,157,1472,0.1388
1321,155,1476,0.1388
1327,154,1481,0.1388
1333,160,1493,0.1388
1334,161,1495,0.1388
1324,159,1483,0.1388
1325,162,1487,0.1388
1333,161,1494,0.1388
1324,163,1487,0.1388
1327,167,1494,0.1388
1331,166,1497,0.1388
1340,162,1502,0.1388
1334,165,1499,0.1388
1336,164,1500,0.1388
1335,161,1496,0.1388
1329,159,1488,0.1388
1344,155,1499,0.1388
1339,152,1491,0.1388
1346,156,1502,0.1388
1342,156,1498,0.1388
1335,158,1493,0.1388
1328,159,1487,0.1388
1341,162,1503,0.1388
1355,166,1521,0.1388
1351,164,1515,0.1388
1333,161,1494,0.1388
1337,160,1497,0.1388
1336,163,1499,0.1388
1322,166,1488,0.1388
1327,167,1494,0.1388
1334,161,1495,0.1388
1331,159,1490,0.1388
1341,159,1500,0.1388
1334,160,1494,0.1388
1329,158,1487,0.1388
1341,157,1498,0.1388
1345,155,1500,0.1388
1329,157,1486,0.1388
1333,161,1494,0.1388
1337,162,1499,0.1388
1342,163,1505,0.1388
1344,166,1510,0.1388
1332,165,1497,0.1388
1329,161,1490,0.1388
1331,162,1493,0.1388
1330,160,1490,0.1388
1326,159,1485,0.1388
1326,156,1482,0.1388
1331,165,1496,0.1388
1330,161,1491,0.1388
1335,162,1497,0.1388
1332,162,1494,0.1388
1337,160,1497,0.1388
1343,163,1506,0.1388
1340,161,1501,0.1388
1331,161,1492,0.1388
1331,166,1497,0.1388
1331,169,1500,0.1388
1336,171,1507,0.1388
1346,167,1513,0.1388
1328,168,1496,0.1388
1335,169,1504,0.1388
1327,170,1497,0.1388
1319,170,1489,0.1388
1315,170,1485,0.1388
1308,173,1481,0.1388
1310,176,1486,0.1388
1320,176,1496,0.1388
1316,176,1492,0.1388
1320,177,1497,0.1388
1334,179,1513,0.1388
1331,175,1506,0.1388
1328,183,1511,0.1388
1336,185,1521,0.1388
1325,183,1508,0.1388
1316,187,1503,0.1388
1320,185,1505,0.1388
1314,183,1497,0.1388
1322,186,1508,0.1388
1317,184,1501,0.1388
1314,190,1504,0.1388
1303,193,1496,0.1388
1292,193,1485,0.1388
1306,194,1500,0.1388
1307,191,1498,0.1388
1318,192,1510,0.1388
1315,191,1506,0.1388
1296,193,1489,0.1388
1286,192,1478,0.1388
1286,196,1482,0.1388
1284,197,1481,0.1388
1291,191,1482,0.1388
1295,193,1488,0.1388
1296,189,1485,0.1388
1301,189,1490,0.1388
1314,194,1508,0.1388
1315,187,1502,0.1388
1322,188,1510,0.1388
1310,190,1500,0.1388
1323,186,1509,0.1388
1323,186,1509,0.1388
1320,184,1504,0.1388
1310,186,1496,0.1388
1313,186,1499,0.1388
1308,185,1493,0.1388
1312,187,1499,0.1388
1300,190,1490,0.1388
1304,191,1495,0.1388
1317,192,1509,0.1388
1316,198,1514,0.1388
1297,202,1499,0.1388
1285,204,1489,0.1388
1285,209,1494,0.1388
1283,210,1493,0.1388
1283,217,1500,0.1388
1285,214,1499,0.1388
1280,210,1490,0.1388
1281,212,1493,0.1388
1282,211,1493,0.1388
1282,211,1493,0.1388
1284,216,1500,0.1388
1285,214,1499,0.1388
1278,215,1493,0.1388
1261,222,1483,0.1388
1265,222,1487,0.1388
1269,222,1491,0.1388
1274,221,1495,0.1388
1277,222,1499,0.1388
1282,219,1501,0.1388
1277,224,1501,0.1388
1278,219,1497,0.1388
1277,222,1499,0.1388
1270,223,1493,0.1388
1276,227,1503,0.1388
1271,229,1500,0.1388
1272,228,1500,0.1388
1276,227,1503,0.1388
1270,222,1492,0.1388
1274,219,1493,0.1388
1269,224,1493,0.1388
1252,227,1479,0.1388
1265,228,1493,0.1388
1265,227,1492,0.1388
1269,231,1500,0.1388
1263,230,1493,0.1388
1266,234,1500,0.1388
1260,232,1492,0.1388
1264,230,1494,0.1388
1266,222,1488,0.1388
1277,230,1507,0.1388
1248,233,1481,0.1388
1244,233,1477,0.1388
1238,235,1473,0.1388
1237,234,1471,0.1388
1240,238,1478,0.1388
1239,238,1477,0.1388
1247,238,1485,0.1388
1255,244,1499,0.1388
1252,244,1496,0.1388
1250,241,1491,0.1388
1247,238,1485,0.1388
1247,245,1492,0.1388
1242,244,1486,0.1388
1248,241,1489,0.1388
1253,240,1493,0.1388
1242,238,1480,0.1388
1250,242,1492,0.1388
1253,244,1497,0.1388
1243,251,1494,0.1388
1238,250,1488,0.1388
1245,250,1495,0.1388
1245,247,1492,0.1388
1245,248,1493,0.1388
1237,247,1484,0.1388
1248,245,1493,0.1388
1252,244,1496,0.1388
1251,243,1494,0.1388
1260,245,1505,0.1388
1253,249,1502,0.1388
1254,251,1505,0.1388
1266,249,1515,0.1388
1259,251,1510,0.1388
1255,256,1511,0.1388
1257,256,1513,0.1388
1260,255,1515,0.1388
1246,248,1494,0.1388
1250,248,1498,0.1388
1246,247,1493,0.1388
1253,249,1502,0.1388
1257,251,1508,0.1388
1241,253,1494,0.1388
1246,253,1499,0.1388
1240,257,1497,0.1388
1232,267,1499,0.1388
1244,264,1508,0.1388
1239,268,1507,0.1388
1248,267,1515,0.1388
1238,264,1502,0.1388
1254,268,1522,0.1388
1252,260,1512,0.1388
1244,270,1514,0.1388
1246,267,1513,0.1388
1246,267,1513,0.1388
1248,263,1511,0.1388
1255,254,1509,0.1388
1256,257,1513,0.1388
1251,262,1513,0.1388
1251,264,1515,0.1388
1248,262,1510,0.1388
1244,259,1503,0.1388
1238,260,1498,0.1388
1240,257,1497,0.1388
1244,262,1506,0.1388
1235,264,1499,0.1388
1241,266,1507,0.1388
1249,273,1522,0.1388
1235,278,1513,0.1388
1232,272,1504,0.1388
1232,268,1500,0.1388
1227,269,1496,0.1388
1225,266,1491,0.1388
1226,268,1494,0.1388
1221,274,1495,0.1388
1213,272,1485,0.1388
1221,275,1496,0.1388
1217,277,1494,0.1388
1214,275,1489,0.1388
1217,272,1489,0.1388
1219,273,1492,0.1388
1232,273,1505,0.1388
1226,278,1504,0.1388
1224,277,1501,0.1388
1218,271,1489,0.1388
1225,274,1499,0.1388
1219,277,1496,0.1388
1236,278,1514,0.1388
1225,274,1499,0.1388
1222,281,1503,0.1388
1222,277,1499,0.1388
1216,276,1492,0.1388
1209,279,1488,0.1388
1215,285,1500,0.1388
1214,287,1501,0.1388
1205,292,1497,0.1388
1201,296,1497,0.1388
1206,291,1497,0.1388
1227,294,1521,0.1388
1215,295,1510,0.1388
1220,301,1521,0.1388
1211,301,1512,0.1388
1206,302,1508,0.1388
1209,305,1514,0.1388
1198,305,1503,0.1388
1194,306,1500,0.1388
1177,304,1481,0.1388
1190,301,1491,0.1388
1181,305,1486,0.1388
1178,300,1478,0.1388
1171,306,1477,0.1388
1171,309,1480,0.1388
1175,302,1477,0.1388
1192,311,1503,0.1388
1187,312,1499,0.1388
1193,311,1504,0.1388
1180,315,1495,0.1388
1183,319,1502,0.1388
1164,325,1489,0.1388
1179,326,1505,0.1388
1176,327,1503,0.1388
1170,326,1496,0.1388
1175,322,1497,0.1388
1166,322,1488,0.1388
1163,322,1485,0.1388
1162,322,1484,0.1388
1164,324,1488,0.1388
1161,326,1487,0.1388
1165,323,1488,0.1388
1168,328,1496,0.1388
1169,334,1503,0.1388
1171,333,1504,0.1388
1170,330,1500,0.1388
1159,333,1492,0.1388
1167,333,1500,0.1388
1173,337,1510,0.1388
1153,336,1489,0.1388
1167,336,1503,0.1388
1162,335,1497,0.1388
1163,338,1501,0.1388
1165,337,1502,0.1388
1169,337,1506,0.1388
1165,339,1504,0.1388
1163,336,1499,0.1388
1167,341,1508,0.1388
1178,338,1516,0.1388
1176,335,1511,0.1388
1184,335,1519,0.1388
1179,338,1517,0.1388
1166,339,1505,0.1388
1165,339,1504,0.1388
1164,338,1502,0.1388
1163,342,1505,0.1388
1163,343,1506,0.1388
1160,343,1503,0.1388
1160,345,1505,0.1388
1160,344,1504,0.1388
1161,340,1501,0.1388
1154,346,1500,0.1388
1148,344,1492,0.1388
1146,351,1497,0.1388
1138,349,1487,0.1388
1140,349,1489,0.1388
1135,349,1484,0.1388
1139,358,1497,0.1388
1140,365,1505,0.1388
1144,367,1511,0.1388
1144,370,1514,0.1388
1143,375,1518,0.1388
1139,376,1515,0.1388
1123,373,1496,0.1388
1131,372,1503,0.1388
1136,368,1504,0.1388
1135,368,1503,0.1388
1130,367,1497,0.1388
1139,368,1507,0.1388
1140,363,1503,0.1388
1135,364,1499,0.1388
1138,368,1506,0.1388
1145,370,1515,0.1388
1131,370,1501,0.1388
1126,373,1499,0.1388
1119,372,1491,0.1388
1112,373,1485,0.1388
1105,373,1478,0.1388
1114,374,1488,0.1388
1123,381,1504,0.1388
1114,382,1496,0.1388
1116,388,1504,0.1388
1116,384,1500,0.1388
1123,389,1512,0.1388
1116,384,1500,0.1388
1127,380,1507,0.1388
1131,385,1516,0.1388
1121,384,1505,0.1388
1110,389,1499,0.1388
1105,388,1493,0.1388
1108,392,1500,0.1388
1104,394,1498,0.1388
1109,398,1507,0.1388
1111,398,1509,0.1388
1108,401,1509,0.1388
1112,398,1510,0.1388
1110,393,1503,0.1388
1093,400,1493,0.1388
1102,403,1505,0.1388
1106,405,1511,0.1388
1106,398,1504,0.1388
1098,403,1501,0.1388
1101,402,1503,0.1388
1097,404,1501,0.1388
1086,405,1491,0.1388
1090,404,1494,0.1388
1087,401,1488,0.1388
1100,401,1501,0.1388
1097,405,1502,0.1388
1097,400,1497,0.1388
1102,405,1507,0.1388
1101,406,1507,0.1388
1097,409,1506,0.1388
1105,409,1514,0.1388
1100,405,1505,0.1388
1094,414,1508,0.1388
1094,416,1510,0.1388
1080,417,1497,0.1388
1074,418,1492,0.1388
1070,415,1485,0.1388
1072,416,1488,0.1388
1079,417,1496,0.1388
1084,418,1502,0.1388
1087,416,1503,0.1388
1088,417,1505,0.1388
1082,416,1498,0.1388
1088,417,1505,0.1388
1073,412,1485,0.1388
1079,419,1498,0.1388
1070,426,1496,0.1388
1074,422,1496,0.1388
1070,427,1497,0.1388
1075,427,1502,0.1388
1070,424,1494,0.1388
1069,424,1493,0.1388
1079,424,1503,0.1388
1076,423,1499,0.1388
1074,428,1502,0.1388
1082,427,1509,0.1388
1075,427,1502,0.1388
1083,422,1505,0.1388
1077,434,1511,0.1388
1073,428,1501,0.1388
1070,430,1500,0.1388
1075,425,1500,0.1388
1072,428,1500,0.1388
1077,426,1503,0.1388
1067,435,1502,0.1388
1061,429,1490,0.1388
1068,416,1484,0.1388
1069,417,1486,0.1388
1080,411,1491,0.1388
1085,414,1499,0.1388
1083,412,1495,0.1388
1076,415,1491,0.1388
1081,419,1500,0.1388
1082,423,1505,0.1388
1095,412,1507,0.1388
1091,417,1508,0.1388
1075,419,1494,0.1388
1080,420,1500,0.1388
1077,418,1495,0.1388
1082,415,1497,0.1388
1087,417,1504,0.1388
1069,420,1489,0.1388
1079,422,1501,0.1388
1076,424,1500,0.1388
1076,431,1507,0.1388
1074,432,1506,0.1388
1060,438,1498,0.1388
1063,437,1500,0.1388
1063,432,1495,0.1388
1065,430,1495,0.1388
1070,432,1502,0.1388
1069,425,1494,0.1388
1069,421,1490,0.1388
1071,430,1501,0.1388
1070,434,1504,0.1388
1075,429,1504,0.1388
1074,437,1511,0.1388
1072,434,1506,0.1388
1073,431,1504,0.1388
1071,428,1499,0.1388
1072,434,1506,0.1388
1068,433,1501,0.1388
1072,432,1504,0.1388
1072,435,1507,0.1388
1061,439,1500,0.1388
1067,447,1514,0.1388
1057,448,1505,0.1388
1052,452,1504,0.1388
1053,448,1501,0.1388
1052,451,1503,0.1388
1051,448,1499,0.1388
1043,454,1497,0.1388
1036,462,1498,0.1388
1042,464,1506,0.1388
1041,466,1507,0.1388
1040,463,1503,0.1388
1040,460,1500,0.1388
1030,461,1491,0.1388
1022,463,1485,0.1388
1021,463,1484,0.1388
1033,466,1499,0.1388
1035,471,1506,0.1388
1037,468,1505,0.1388
1029,465,1494,0.1388
1019,472,1491,0.1388
1021,476,1497,0.1388
1031,470,1501,0.1388
1027,465,1492,0.1388
1026,460,1486,0.1388
1035,461,1496,0.1388
1037,464,1501,0.1388
1031,464,1495,0.1388
1033,465,1498,0.1388
1037,469,1506,0.1388
1041,472,1513,0.1388
1035,472,1507,0.1388
1024,485,1509,0.1388
1025,488,1513,0.1388
1017,486,1503,0.1388
1020,487,1507,0.1388
1012,497,1509,0.1388
1004,496,1500,0.1388
993,495,1488,0.1388
991,498,1489,0.1388
993,500,1493,0.1388
985,499,1484,0.1388
979,507,1486,0.1388
979,513,1492,0.1388
977,512,1489,0.1388
979,509,1488,0.1388
984,514,1498,0.1388
972,516,1488,0.1388
989,519,1508,0.1388
980,523,1503,0.1388
986,520,1506,0.1388
992,517,1509,0.1388
994,522,1516,0.1388
983,523,1506,0.1388
989,521,1510,0.1388
974,522,1496,0.1388
974,520,1494,0.1388
974,523,1497,0.1388
974,516,1490,0.1388
971,514,1485,0.1388
986,519,1505,0.1388
993,525,1518,0.1388
998,533,1531,0.1388
984,531,1515,0.1388
988,526,1514,0.1388
987,532,1519,0.1388
984,528,1512,0.1388
987,533,1520,0.1388
984,535,1519,0.1388
973,533,1506,0.1388
970,534,1504,0.1388
967,539,1506,0.1388
956,540,1496,0.1388
954,533,1487,0.1388
958,529,1487,0.1388
973,526,1499,0.1388
972,529,1501,0.1388
973,528,1501,0.1388
977,534,1511,0.1388
978,526,1504,0.1388
974,529,1503,0.1388
970,538,1508,0.1388
964,540,1504,0.1388
968,548,1516,0.1388
967,536,1503,0.1388
951,533,1484,0.1388
953,529,1482,0.1388
973,533,1506,0.1388
975,529,1504,0.1388
983,525,1508,0.1388
976,526,1502,0.1388
967,534,1501,0.1388
978,533,1511,0.1388
976,538,1514,0.1388
965,542,1507,0.1388
966,543,1509,0.1388
973,538,1511,0.1388
972,540,1512,0.1388
980,541,1521,0.1388
975,532,1507,0.1388
974,534,1508,0.1388
962,539,1501,0.1388
967,538,1505,0.1388
964,538,1502,0.1388
965,546,1511,0.1388
971,537,1508,0.1388
969,540,1509,0.1388
960,526,1486,0.1388
959,529,1488,0.1388
959,527,1486,0.1388
960,531,1491,0.1388
955,530,1485,0.1388
940,536,1476,0.1388
946,543,1489,0.1388
947,542,1489,0.1388
945,538,1483,0.1388
957,541,1498,0.1388
957,541,1498,0.1388
947,541,1488,0.1388
946,543,1489,0.1388
943,547,1490,0.1388
955,549,1504,0.1388
960,550,1510,0.1388
957,551,1508,0.1388
955,545,1500,0.1388
965,547,1512,0.1388
958,545,1503,0.1388
954,548,1502,0.1388
942,546,1488,0.1388
932,551,1483,0.1388
941,547,1488,0.1388
945,549,1494,0.1388
948,547,1495,0.1388
943,555,1498,0.1388
939,557,1496,0.1388
939,556,1495,0.1388
941,557,1498,0.1388
948,552,1500,0.1388
942,555,1497,0.1388
955,554,1509,0.1388
961,556,1517,0.1388
960,554,1514,0.1388
955,557,1512,0.1388
942,550,1492,0.1388
943,545,1488,0.1388
939,552,1491,0.1388
936,552,1488,0.1388
921,554,1475,0.1388
928,557,1485,0.1388
916,560,1476,0.1388
907,566,1473,0.1388
920,573,1493,0.1388
928,581,1509,0.1388
923,579,1502,0.1388
916,583,1499,0.1388
913,581,1494,0.1388
930,582,1512,0.1388
929,576,1505,0.1388
929,577,1506,0.1388
930,573,1503,0.1388
917,574,1491,0.1388
920,581,1501,0.1388
921,578,1499,0.1388
918,588,1506,0.1388
929,590,1519,0.1388
934,591,1525,0.1388
932,582,1514,0.1388
931,581,1512,0.1388
920,574,1494,0.1388
918,573,1491,0.1388
918,570,1488,0.1388
910,572,1482,0.1388
915,574,1489,0.1388
922,574,1496,0.1388
924,581,1505,0.1388
933,573,1506,0.1388
927,569,1496,0.1388
927,571,1498,0.1388
928,571,1499,0.1388
925,571,1496,0.1388
924,581,1505,0.1388
925,579,1504,0.1388
922,576,1498,0.1388
914,577,1491,0.1388
907,580,1487,0.1388
909,598,1507,0.1388
909,600,1509,0.1388
913,606,1519,0.1388
900,599,1499,0.1388
899,605,1504,0.1388
903,599,1502,0.1388
901,602,1503,0.1388
903,606,1509,0.1388
902,607,1509,0.1388
888,604,1492,0.1388
890,603,1493,0.1388
897,613,1510,0.1388
891,608,1499,0.1388
888,623,1511,0.1388
896,617,1513,0.1388
889,624,1513,0.1388
882,629,1511,0.1388
884,633,1517,0.1388
886,634,1520,0.1388
875,636,1511,0.1388
872,633,1505,0.1388
866,628,1494,0.1388
868,626,1494,0.1388
873,619,1492,0.1388
861,624,1485,0.1388
856,626,1482,0.1388
854,635,1489,0.1388
847,644,1491,0.1388
855,646,1501,0.1388
869,642,1511,0.1388
863,635,1498,0.1388
857,641,1498,0.1388
858,652,1510,0.1388
853,653,1506,0.1388
850,657,1507,0.1388
848,652,1500,0.1388
855,657,1512,0.1388
854,664,1518,0.1388
851,648,1499,0.1388
851,656,1507,0.1388
842,648,1490,0.1388
850,654,1504,0.1388
851,664,1515,0.1388
853,673,1526,0.1388
836,669,1505,0.1388
837,667,1504,0.1388
834,667,1501,0.1388
844,664,1508,0.1388
839,667,1506,0.1388
836,672,1508,0.1388
837,676,1513,0.1388
839,674,1513,0.1388
832,681,1513,0.1388
825,683,1508,0.1388
826,691,1517,0.1388
830,693,1523,0.1388
832,694,1526,0.1388
820,684,1504,0.1388
827,688,1515,0.1388
816,688,1504,0.1388
813,681,1494,0.1388
822,676,1498,0.1388
813,672,1485,0.1388
810,678,1488,0.1388
808,697,1505,0.1388
789,700,1489,0.1388
794,705,1499,0.1388
784,705,1489,0.1388
786,711,1497,0.1388
794,711,1505,0.1388
788,713,1501,0.1388
789,711,1500,0.1388
798,715,1513,0.1388
793,721,1514,0.1388
784,725,1509,0.1388
787,718,1505,0.1388
787,725,1512,0.1388
794,717,1511,0.1388
785,711,1496,0.1388
785,724,1509,0.1388
785,736,1521,0.1388
787,728,1515,0.1388
786,727,1513,0.1388
791,729,1520,0.1388
790,733,1523,0.1388
786,741,1527,0.1388
782,734,1516,0.1388
774,734,1508,0.1388
770,733,1503,0.1388
769,737,1506,0.1388
753,739,1492,0.1388
757,739,1496,0.1388
762,729,1491,0.1388
758,735,1493,0.1388
762,735,1497,0.1388
751,737,1488,0.1388
765,731,1496,0.1388
757,741,1498,0.1388
750,743,1493,0.1388
757,745,1502,0.1388
769,738,1507,0.1388
777,740,1517,0.1388
779,738,1517,0.1388
776,742,1518,0.1388
781,735,1516,0.1388
778,742,1520,0.1388
776,738,1514,0.1388
771,738,1509,0.1388
767,735,1502,0.1388
758,740,1498,0.1388
759,742,1501,0.1388
754,743,1497,0.1388
748,741,1489,0.1388
749,756,1505,0.1388
740,754,1494,0.1388
745,753,1498,0.1388
742,754,1496,0.1388
740,752,1492,0.1388
738,753,1491,0.1388
747,746,1493,0.1388
741,753,1494,0.1388
742,754,1496,0.1388
741,760,1501,0.1388
749,765,1514,0.1388
742,766,1508,0.1388
742,764,1506,0.1388
748,772,1520,0.1388
738,774,1512,0.1388
736,782,1518,0.1388
737,781,1518,0.1388
728,778,1506,0.1388
722,778,1500,0.1388
721,771,1492,0.1388
719,785,1504,0.1388
717,785,1502,0.1388
712,789,1501,0.1388
711,782,1493,0.1388
717,792,1509,0.1388
712,789,1501,0.1388
710,790,1500,0.1388
717,789,1506,0.1388
721,779,1500,0.1388
716,784,1500,0.1388
715,784,1499,0.1388
703,783,1486,0.1388
703,780,1483,0.1388
696,784,1480,0.1388
702,797,1499,0.1388
706,792,1498,0.1388
708,793,1501,0.1388
707,793,1500,0.1388
704,794,1498,0.1388
710,791,1501,0.1388
710,787,1497,0.1388
712,791,1503,0.1388
720,788,1508,0.1388
716,793,1509,0.1388
705,802,1507,0.1388
710,806,1516,0.1388
712,812,1524,0.1388
714,803,1517,0.1388
713,805,1518,0.1388
718,792,1510,0.1388
715,789,1504,0.1388
724,794,1518,0.1388
725,801,1526,0.1388
724,791,1515,0.1388
720,786,1506,0.1388
718,783,1501,0.1388
719,782,1501,0.1388
722,783,1505,0.1388
724,777,1501,0.1388
725,778,1503,0.1388
717,774,1491,0.1388
712,783,1495,0.1388
703,781,1484,0.1388
711,787,1498,0.1388
715,796,1511,0.1388
716,801,1517,0.1388
714,799,1513,0.1388
704,801,1505,0.1388
707,803,1510,0.1388
705,807,1512,0.1388
702,804,1506,0.1388
698,799,1497,0.1388
696,802,1498,0.1388
701,797,1498,0.1388
709,798,1507,0.1388
712,806,1518,0.1388
715,807,1522,0.1388
715,803,1518,0.1388
710,795,1505,0.1388
703,798,1501,0.1388
710,801,1511,0.1388
699,796,1495,0.1388
697,798,1495,0.1388
692,803,1495,0.1388
694,797,1491,0.1388
696,790,1486,0.1388
698,790,1488,0.1388
706,783,1489,0.1388
696,788,1484,0.1388
695,800,1495,0.1388
698,803,1501,0.1388
700,804,1504,0.1388
696,810,1506,0.1388
700,811,1511,0.1388
697,809,1506,0.1388
706,810,1516,0.1388
696,814,1510,0.1388
698,814,1512,0.1388
689,818,1507,0.1388
689,806,1495,0.1388
694,813,1507,0.1388
682,806,1488,0.1388
691,813,1504,0.1388
684,825,1509,0.1388
689,828,1517,0.1388
698,827,1525,0.1388
686,822,1508,0.1388
693,818,1511,0.1388
696,819,1515,0.1388
693,824,1517,0.1388
683,827,1510,0.1388
680,829,1509,0.1388
683,837,1520,0.1388
679,827,1506,0.1388
681,822,1503,0.1388
671,822,1493,0.1388
671,831,1502,0.1388
668,834,1502,0.1388
668,840,1508,0.1388
674,838,1512,0.1388
677,839,1516,0.1388
673,834,1507,0.1388
683,834,1517,0.1388
672,842,1514,0.1388
666,842,1508,0.1388
673,836,1509,0.1388
666,837,1503,0.1388
662,844,1506,0.1388
660,839,1499,0.1388
664,844,1508,0.1388
658,849,1507,0.1388
657,849,1506,0.1388
662,844,1506,0.1388
664,840,1504,0.1388
665,840,1505,0.1388
658,843,1501,0.1388
660,846,1506,0.1388
650,846,1496,0.1388
651,852,1503,0.1388
650,862,1512,0.1388
650,859,1509,0.1388
648,863,1511,0.1388
643,864,1507,0.1388
631,875,1506,0.1388
637,857,1494,0.1388
637,853,1490,0.1388
639,865,1504,0.1388
646,857,1503,0.1388
650,859,1509,0.1388
647,868,1515,0.1388
637,869,1506,0.1388
644,873,1517,0.1388
649,873,1522,0.1388
655,864,1519,0.1388
649,854,1503,0.1388
643,855,1498,0.1388
638,852,1490,0.1388
631,856,1487,0.1388
645,868,1513,0.1388
652,871,1523,0.1388
648,874,1522,0.1388
641,874,1515,0.1388
634,859,1493,0.1388
636,864,1500,0.1388
631,871,1502,0.1388
643,878,1521,0.1388
632,875,1507,0.1388
640,882,1522,0.1388
624,886,1510,0.1388
625,878,1503,0.1388
625,877,1502,0.1388
623,889,1512,0.1388
633,881,1514,0.1388
627,878,1505,0.1388
621,870,1491,0.1388
626,881,1507,0.1388
629,898,1527,0.1388
627,891,1518,0.1388
629,899,1528,0.1388
625,892,1517,0.1388
614,899,1513,0.1388
608,897,1505,0.1388
613,897,1510,0.1388
618,895,1513,0.1388
615,892,1507,0.1388
609,897,1506,0.1388
617,904,1521,0.1388
616,901,1517,0.1388
609,896,1505,0.1388
609,895,1504,0.1388
614,905,1519,0.1388
619,897,1516,0.1388
617,892,1509,0.1388
621,894,1515,0.1388
624,890,1514,0.1388
620,896,1516,0.1388
614,888,1502,0.1388
612,895,1507,0.1388
607,897,1504,0.1388
600,896,1496,0.1388
600,908,1508,0.1388
607,910,1517,0.1388
602,917,1519,0.1388
599,903,1502,0.1388
604,913,1517,0.1388
599,915,1514,0.1388
595,915,1510,0.1388
596,915,1511,0.1388
592,908,1500,0.1388
594,909,1503,0.1388
592,915,1507,0.1388
594,911,1505,0.1388
602,916,1518,0.1388
599,924,1523,0.1388
590,923,1513,0.1388
589,921,1510,0.1388
582,917,1499,0.1388
582,916,1498,0.1388
589,919,1508,0.1388
577,922,1499,0.1388
572,935,1507,0.1388
577,927,1504,0.1388
580,925,1505,0.1388
580,920,1500,0.1388
573,910,1483,0.1388
571,910,1481,0.1388
569,922,1491,0.1388
575,921,1496,0.1388
578,922,1500,0.1388
587,924,1511,0.1388
584,922,1506,0.1388
593,934,1527,0.1388
589,927,1516,0.1388
585,926,1511,0.1388
582,926,1508,0.1388
575,920,1495,0.1388
580,917,1497,0.1388
579,936,1515,0.1388
578,933,1511,0.1388
570,943,1513,0.1388
574,930,1504,0.1388
576,925,1501,0.1388
575,933,1508,0.1388
574,938,1512,0.1388
573,946,1519,0.1388
559,951,1510,0.1388
563,940,1503,0.1388
562,947,1509,0.1388
553,945,1498,0.1388
550,947,1497,0.1388
552,948,1500,0.1388
551,949,1500,0.1388
550,958,1508,0.1388
548,954,1502,0.1388
553,945,1498,0.1388
555,941,1496,0.1388
552,949,1501,0.1388
548,957,1505,0.1388
543,967,1510,0.1388
534,956,1490,0.1388
540,963,1503,0.1388
544,965,1509,0.1388
545,968,1513,0.1388
545,965,1510,0.1388
540,961,1501,0.1388
543,965,1508,0.1388
534,963,1497,0.1388
535,956,1491,0.1388
543,952,1495,0.1388
549,956,1505,0.1388
548,956,1504,0.1388
544,957,1501,0.1388
544,960,1504,0.1388
529,965,1494,0.1388
529,978,1507,0.1388
535,969,1504,0.1388
535,972,1507,0.1388
531,969,1500,0.1388
532,971,1503,0.1388
528,970,1498,0.1388
525,971,1496,0.1388
524,976,1500,0.1388
526,988,1514,0.1388
521,979,1500,0.1388
509,987,1496,0.1388
515,993,1508,0.1388
521,987,1508,0.1388
522,993,1515,0.1388
525,990,1515,0.1388
529,991,1520,0.1388
524,992,1516,0.1388
508,999,1507,0.1388
515,991,1506,0.1388
516,995,1511,0.1388
507,988,1495,0.1388
514,989,1503,0.1388
508,981,1489,0.1388
509,985,1494,0.1388
510,992,1502,0.1388
517,994,1511,0.1388
515,995,1510,0.1388
506,981,1487,0.1388
505,990,1495,0.1388
509,992,1501,0.1388
503,1000,1503,0.1388
502,1008,1510,0.1388
499,1020,1519,0.1388
500,1012,1512,0.1388
496,1023,1519,0.1388
501,1015,1516,0.1388
504,1017,1521,0.1388
503,1027,1530,0.1388
508,1010,1518,0.1388
501,993,1494,0.1388
502,1019,1521,0.1388
498,1008,1506,0.1388
495,1015,1510,0.1388
489,1035,1524,0.1388
487,1026,1513,0.1388
487,1024,1511,0.1388
485,1022,1507,0.1388
485,1033,1518,0.1388
477,1031,1508,0.1388
479,1033,1512,0.1388
476,1033,1509,0.1388
469,1030,1499,0.1388
469,1029,1498,0.1388
468,1035,1503,0.1388
472,1024,1496,0.1388
474,1038,1512,0.1388
476,1021,1497,0.1388
483,1031,1514,0.1388
478,1038,1516,0.1388
484,1034,1518,0.1388
488,1037,1525,0.1388
483,1042,1525,0.1388
485,1046,1531,0.1388
487,1041,1528,0.1388
482,1050,1532,0.1388
481,1046,1527,0.1388
475,1042,1517,0.1388
479,1032,1511,0.1388
484,1029,1513,0.1388
482,1035,1517,0.1388
483,1031,1514,0.1388
482,1026,1508,0.1388
482,1025,1507,0.1388
480,1026,1506,0.1388
477,1022,1499,0.1388
482,1026,1508,0.1388
474,1023,1497,0.1388
471,1035,1506,0.1388
462,1034,1496,0.1388
463,1031,1494,0.1388
464,1039,1503,0.1388
468,1040,1508,0.1388
471,1046,1517,0.1388
468,1049,1517,0.1388
477,1040,1517,0.1388
476,1036,1512,0.1388
468,1039,1507,0.1388
465,1037,1502,0.1388
467,1042,1509,0.1388
475,1037,1512,0.1388
475,1028,1503,0.1388
479,1037,1516,0.1388
484,1030,1514,0.1388
481,1036,1517,0.1388
487,1033,1520,0.1388
485,1033,1518,0.1388
481,1023,1504,0.1388
483,1025,1508,0.1388
483,1032,1515,0.1388
483,1040,1523,0.1388
480,1036,1516,0.1388
471,1025,1496,0.1388
469,1034,1503,0.1388
466,1035,1501,0.1388
466,1040,1506,0.1388
472,1048,1520,0.1388
467,1041,1508,0.1388
466,1047,1513,0.1388
469,1052,1521,0.1388
463,1053,1516,0.1388
475,1040,1515,0.1388
475,1036,1511,0.1388
473,1040,1513,0.1388
474,1036,1510,0.1388
466,1047,1513,0.1388
467,1052,1519,0.1388
475,1042,1517,0.1388
470,1044,1514,0.1388
473,1047,1520,0.1388
469,1049,1518,0.1388
468,1050,1518,0.1388
466,1058,1524,0.1388
474,1053,1527,0.1388
470,1052,1522,0.1388
465,1036,1501,0.1388
467,1029,1496,0.1388
472,1043,1515,0.1388
470,1041,1511,0.1388
466,1051,1517,0.1388
470,1054,1524,0.1388
468,1048,1516,0.1388
457,1045,1502,0.1388
461,1051,1512,0.1388
457,1051,1508,0.1388
465,1050,1515,0.1388
463,1048,1511,0.1388
465,1047,1512,0.1388
468,1049,1517,0.1388
466,1046,1512,0.1388
462,1049,1511,0.1388
456,1052,1508,0.1388
458,1048,1506,0.1388
460,1050,1510,0.1388
459,1055,1514,0.1388
460,1055,1515,0.1388
470,1056,1526,0.1388
465,1063,1528,0.1388
468,1063,1531,0.1388
472,1050,1522,0.1388
471,1058,1529,0.1388
472,1046,1518,0.1388
472,1046,1518,0.1388
475,1034,1509,0.1388
473,1028,1501,0.1388
474,1034,1508,0.1388
468,1034,1502,0.1388
469,1042,1511,0.1388
465,1044,1509,0.1388
460,1046,1506,0.1388
459,1041,1500,0.1388
457,1047,1504,0.1388
456,1045,1501,0.1388
451,1054,1505,0.1388
443,1065,1508,0.1388
440,1063,1503,0.1388
437,1055,1492,0.1388
436,1055,1491,0.1388
436,1069,1505,0.1388
432,1081,1513,0.1388
435,1074,1509,0.1388
438,1077,1515,0.1388
434,1086,1520,0.1388
431,1079,1510,0.1388
432,1083,1515,0.1388
425,1084,1509,0.1388
427,1096,1523,0.1388
426,1086,1512,0.1388
432,1092,1524,0.1388
435,1092,1527,0.1388
431,1087,1518,0.1388
430,1086,1516,0.1388
429,1078,1507,0.1388
417,1075,1492,0.1388
420,1076,1496,0.1388
422,1078,1500,0.1388
421,1081,1502,0.1388
421,1091,1512,0.1388
419,1094,1513,0.1388
415,1094,1509,0.1388
415,1093,1508,0.1388
418,1096,1514,0.1388
410,1103,1513,0.1388
405,1095,1500,0.1388
410,1113,1523,0.1388
402,1106,1508,0.1388
401,1099,1500,0.1388
400,1103,1503,0.1388
392,1111,1503,0.1388
386,1110,1496,0.1388
391,1117,1508,0.1388
386,1114,1500,0.1388
381,1133,1514,0.1388
384,1124,1508,0.1388
384,1114,1498,0.1388
386,1114,1500,0.1388
382,1124,1506,0.1388
386,1123,1509,0.1388
388,1124,1512,0.1388
384,1127,1511,0.1388
381,1114,1495,0.1388
380,1131,1511,0.1388
374,1131,1505,0.1388
378,1120,1498,0.1388
372,1141,1513,0.1388
378,1128,1506,0.1388
378,1130,1508,0.1388
375,1135,1510,0.1388
379,1121,1500,0.1388
377,1136,1513,0.1388
378,1138,1516,0.1388
378,1144,1522,0.1388
377,1138,1515,0.1388
383,1139,1522,0.1388
382,1140,1522,0.1388
380,1135,1515,0.1388
372,1140,1512,0.1388
373,1147,1520,0.1388
370,1143,1513,0.1388
371,1142,1513,0.1388
362,1149,1511,0.1388
360,1151,1511,0.1388
361,1158,1519,0.1388
361,1167,1528,0.1388
355,1173,1528,0.1388
341,1181,1522,0.1388
346,1181,1527,0.1388
350,1172,1522,0.1388
347,1154,1501,0.1388
342,1166,1508,0.1388
346,1165,1511,0.1388
354,1157,1511,0.1388
349,1144,1493,0.1388
349,1153,1502,0.1388
351,1148,1499,0.1388
348,1162,1510,0.1388
349,1172,1521,0.1388
341,1154,1495,0.1388
342,1164,1506,0.1388
350,1156,1506,0.1388
338,1167,1505,0.1388
348,1181,1529,0.1388
344,1172,1516,0.1388
346,1185,1531,0.1388
349,1175,1524,0.1388
343,1166,1509,0.1388
340,1175,1515,0.1388
336,1165,1501,0.1388
337,1168,1505,0.1388
326,1158,1484,0.1388
329,1163,1492,0.1388
328,1177,1505,0.1388
323,1177,1500,0.1388
327,1183,1510,0.1388
326,1191,1517,0.1388
332,1183,1515,0.1388
329,1191,1520,0.1388
324,1197,1521,0.1388
323,1200,1523,0.1388
321,1191,1512,0.1388
317,1203,1520,0.1388
315,1201,1516,0.1388
321,1191,1512,0.1388
323,1199,1522,0.1388
315,1201,1516,0.1388
319,1203,1522,0.1388
314,1194,1508,0.1388
315,1190,1505,0.1388
317,1199,1516,0.1388
317,1211,1528,0.1388
314,1208,1522,0.1388
317,1203,1520,0.1388
312,1211,1523,0.1388
309,1201,1510,0.1388
305,1201,1506,0.1388
301,1187,1488,0.1388
299,1188,1487,0.1388
299,1197,1496,0.1388
304,1196,1500,0.1388
298,1210,1508,0.1388
293,1216,1509,0.1388
293,1218,1511,0.1388
291,1211,1502,0.1388
288,1210,1498,0.1388
290,1220,1510,0.1388
291,1218,1509,0.1388
292,1220,1512,0.1388
296,1231,1527,0.1388
290,1235,1525,0.1388
289,1230,1519,0.1388
295,1221,1516,0.1388
298,1225,1523,0.1388
294,1218,1512,0.1388
294,1220,1514,0.1388
288,1224,1512,0.1388
287,1220,1507,0.1388
280,1227,1507,0.1388
281,1231,1512,0.1388
284,1231,1515,0.1388
290,1242,1532,0.1388
284,1234,1518,0.1388
285,1236,1521,0.1388
277,1228,1505,0.1388
277,1233,1510,0.1388
279,1232,1511,0.1388
269,1229,1498,0.1388
267,1230,1497,0.1388
269,1234,1503,0.1388
267,1245,1512,0.1388
270,1245,1515,0.1388
269,1242,1511,0.1388
273,1242,1515,0.1388
273,1240,1513,0.1388
270,1248,1518,0.1388
269,1254,1523,0.1388
271,1251,1522,0.1388
277,1242,1519,0.1388
272,1248,1520,0.1388
271,1254,1525,0.1388
265,1250,1515,0.1388
265,1250,1515,0.1388
266,1253,1519,0.1388
267,1247,1514,0.1388
266,1244,1510,0.1388
264,1243,1507,0.1388
263,1245,1508,0.1388
260,1253,1513,0.1388
260,1266,1526,0.1388
265,1262,1527,0.1388
259,1271,1530,0.1388
259,1260,1519,0.1388
259,1254,1513,0.1388
260,1257,1517,0.1388
256,1253,1509,0.1388
256,1253,1509,0.1388
254,1241,1495,0.1388
254,1230,1484,0.1388
257,1236,1493,0.1388
256,1230,1486,0.1388
258,1239,1497,0.1388
259,1234,1493,0.1388
259,1255,1514,0.1388
263,1253,1516,0.1388
256,1243,1499,0.1388
259,1255,1514,0.1388
257,1258,1515,0.1388
257,1272,1529,0.1388
256,1274,1530,0.1388
251,1265,1516,0.1388
248,1267,1515,0.1388
247,1262,1509,0.1388
247,1253,1500,0.1388
248,1254,1502,0.1388
252,1257,1509,0.1388
248,1262,1510,0.1388
251,1257,1508,0.1388
253,1255,1508,0.1388
254,1258,1512,0.1388
245,1274,1519,0.1388
249,1272,1521,0.1388
249,1276,1525,0.1388
248,1272,1520,0.1388
243,1276,1519,0.1388
246,1271,1517,0.1388
244,1273,1517,0.1388
242,1279,1521,0.1388
240,1281,1521,0.1388
246,1280,1526,0.1388
245,1276,1521,0.1388
247,1269,1516,0.1388
244,1277,1521,0.1388
248,1273,1521,0.1388
250,1271,1521,0.1388
250,1274,1524,0.1388
246,1277,1523,0.1388
247,1269,1516,0.1388
248,1273,1521,0.1388
248,1268,1516,0.1388
244,1266,1510,0.1388
237,1275,1512,0.1388
234,1269,1503,0.1388
236,1276,1512,0.1388
242,1270,1512,0.1388
248,1276,1524,0.1388
244,1267,1511,0.1388
247,1268,1515,0.1388
245,1270,1515,0.1388
241,1279,1520,0.1388
241,1265,1506,0.1388
239,1274,1513,0.1388
240,1272,1512,0.1388
240,1286,1526,0.1388
240,1278,1518,0.1388
241,1265,1506,0.1388
227,1276,1503,0.1388
224,1278,1502,0.1388
223,1278,1501,0.1388
228,1300,1528,0.1388
226,1297,1523,0.1388
224,1304,1528,0.1388
226,1304,1530,0.1388
225,1308,1533,0.1388
224,1300,1524,0.1388
223,1297,1520,0.1388
222,1294,1516,0.1388
215,1285,1500,0.1388
212,1282,1494,0.1388
213,1298,1511,0.1388
205,1313,1518,0.1388
209,1296,1505,0.1388
210,1311,1521,0.1388
212,1303,1515,0.1388
212,1298,1510,0.1388
214,1292,1506,0.1388
216,1283,1499,0.1388
216,1290,1506,0.1388
216,1291,1507,0.1388
214,1287,1501,0.1388
214,1286,1500,0.1388
213,1290,1503,0.1388
210,1306,1516,0.1388
211,1294,1505,0.1388
212,1294,1506,0.1388
211,1283,1494,0.1388
212,1281,1493,0.1388
211,1284,1495,0.1388
208,1285,1493,0.1388
202,1279,1481,0.1388
203,1285,1488,0.1388
200,1295,1495,0.1388
208,1296,1504,0.1388
209,1292,1501,0.1388
210,1302,1512,0.1388
207,1307,1514,0.1388
207,1308,1515,0.1388
203,1302,1505,0.1388
204,1307,1511,0.1388
210,1320,1530,0.1388
213,1308,1521,0.1388
205,1296,1501,0.1388
207,1299,1506,0.1388
207,1296,1503,0.1388
208,1304,1512,0.1388
209,1301,1510,0.1388
210,1293,1503,0.1388
209,1287,1496,0.1388
215,1291,1506,0.1388
220,1290,1510,0.1388
218,1287,1505,0.1388
216,1284,1500,0.1388
213,1280,1493,0.1388
217,1289,1506,0.1388
214,1294,1508,0.1388
215,1298,1513,0.1388
212,1311,1523,0.1388
213,1306,1519,0.1388
208,1296,1504,0.1388
212,1291,1503,0.1388
212,1300,1512,0.1388
210,1301,1511,0.1388
211,1302,1513,0.1388
208,1301,1509,0.1388
209,1297,1506,0.1388
209,1309,1518,0.1388
214,1309,1523,0.1388
209,1319,1528,0.1388
213,1323,1536,0.1388
213,1303,1516,0.1388
209,1300,1509,0.1388
214,1299,1513,0.1388
214,1304,1518,0.1388
215,1302,1517,0.1388
210,1279,1489,0.1388
212,1281,1493,0.1388
215,1294,1509,0.1388
218,1299,1517,0.1388
218,1304,1522,0.1388
221,1294,1515,0.1388
213,1293,1506,0.1388
213,1296,1509,0.1388
211,1299,1510,0.1388
208,1300,1508,0.1388
208,1291,1499,0.1388
210,1290,1500,0.1388
206,1299,1505,0.1388
207,1301,1508,0.1388
208,1306,1514,0.1388
211,1292,1503,0.1388
204,1298,1502,0.1388
209,1297,1506,0.1388
209,1297,1506,0.1388
208,1293,1501,0.1388
208,1309,1517,0.1388
205,1312,1517,0.1388
204,1304,1508,0.1388
203,1312,1515,0.1388
203,1318,1521,0.1388
204,1331,1535,0.1388
204,1316,1520,0.1388
200,1315,1515,0.1388
192,1312,1504,0.1388
189,1309,1498,0.1388
187,1316,1503,0.1388
189,1332,1521,0.1388
188,1338,1526,0.1388
183,1335,1518,0.1388
182,1339,1521,0.1388
182,1340,1522,0.1388
182,1330,1512,0.1388
180,1341,1521,0.1388
183,1337,1520,0.1388
183,1330,1513,0.1388
181,1322,1503,0.1388
183,1333,1516,0.1388
183,1330,1513,0.1388
182,1331,1513,0.1388
179,1332,1511,0.1388
177,1337,1514,0.1388
175,1339,1514,0.1388
172,1339,1511,0.1388
173,1336,1509,0.1388
169,1339,1508,0.1388
164,1346,1510,0.1388
170,1341,1511,0.1388
172,1335,1507,0.1388
172,1332,1504,0.1388
172,1337,1509,0.1388
170,1337,1507,0.1388
166,1344,1510,0.1388
169,1351,1520,0.1388
169,1343,1512,0.1388
171,1349,1520,0.1388
171,1344,1515,0.1388
171,1342,1513,0.1388
169,1351,1520,0.1388
173,1342,1515,0.1388
172,1337,1509,0.1388
170,1343,1513,0.1388
172,1339,1511,0.1388
172,1335,1507,0.1388
174,1342,1516,0.1388
171,1347,1518,0.1388
168,1345,1513,0.1388
169,1343,1512,0.1388
169,1353,1522,0.1388
165,1364,1529,0.1388
167,1352,1519,0.1388
165,1357,1522,0.1388
167,1351,1518,0.1388
167,1337,1504,0.1388
167,1358,1525,0.1388
170,1356,1526,0.1388
169,1354,1523,0.1388
172,1348,1520,0.1388
166,1352,1518,0.1388
168,1358,1526,0.1388
167,1354,1521,0.1388
170,1351,1521,0.1388
166,1340,1506,0.1388
164,1352,1516,0.1388
167,1344,1511,0.1388
168,1345,1513,0.1388
166,1338,1504,0.1388
169,1345,1514,0.1388
168,1345,1513,0.1388
164,1351,1515,0.1388
166,1357,1523,0.1388
165,1350,1515,0.1388
162,1342,1504,0.1388
161,1351,1512,0.1388
162,1342,1504,0.1388
161,1348,1509,0.1388
165,1353,1518,0.1388
169,1341,1510,0.1388
163,1352,1515,0.1388
163,1351,1514,0.1388
161,1358,1519,0.1388
161,1366,1527,0.1388
162,1364,1526,0.1388
162,1356,1518,0.1388
161,1355,1516,0.1388
160,1372,1532,0.1388
158,1367,1525,0.1388
147,1370,1517,0.1388
151,1368,1519,0.1388
149,1369,1518,0.1388
151,1370,1521,0.1388
154,1377,1531,0.1388
154,1374,1528,0.1388
152,1370,1522,0.1388
151,1373,1524,0.1388
148,1373,1521,0.1388
154,1375,1529,0.1388
151,1372,1523,0.1388
152,1369,1521,0.1388
148,1363,1511,0.1388
147,1356,1503,0.1388
146,1347,1493,0.1388
150,1354,1504,0.1388
151,1361,1512,0.1388
150,1368,1518,0.1388
148,1365,1513,0.1388
146,1373,1519,0.1388
141,1378,1519,0.1388
141,1380,1521,0.1388
139,1383,1522,0.1388
138,1377,1515,0.1388
139,1377,1516,0.1388
144,1394,1538,0.1388
141,1378,1519,0.1388
136,1368,1504,0.1388
136,1360,1496,0.1388
136,1374,1510,0.1388
138,1371,1509,0.1388
139,1370,1509,0.1388
139,1369,1508,0.1388
140,1380,1520,0.1388
143,1387,1530,0.1388
137,1371,1508,0.1388
134,1365,1499,0.1388
135,1361,1496,0.1388
137,1350,1487,0.1388
140,1357,1497,0.1388
139,1375,1514,0.1388
132,1377,1509,0.1388
131,1383,1514,0.1388
133,1398,1531,0.1388
132,1392,1524,0.1388
130,1384,1514,0.1388
132,1388,1520,0.1388
124,1383,1507,0.1388
120,1393,1513,0.1388
116,1403,1519,0.1388
117,1397,1514,0.1388
123,1398,1521,0.1388
122,1389,1511,0.1388
121,1381,1502,0.1388
117,1381,1498,0.1388
119,1377,1496,0.1388
115,1398,1513,0.1388
113,1405,1518,0.1388
114,1403,1517,0.1388
115,1395,1510,0.1388
115,1413,1528,0.1388
118,1405,1523,0.1388
117,1400,1517,0.1388
116,1391,1507,0.1388
116,1397,1513,0.1388
116,1399,1515,0.1388
116,1399,1515,0.1388
117,1406,1523,0.1388
117,1417,1534,0.1388
117,1417,1534,0.1388
117,1416,1533,0.1388
118,1401,1519,0.1388
119,1401,1520,0.1388
118,1406,1524,0.1388
114,1396,1510,0.1388
112,1390,1502,0.1388
110,1394,1504,0.1388
109,1391,1500,0.1388
112,1387,1499,0.1388
112,1401,1513,0.1388
116,1407,1523,0.1388
116,1414,1530,0.1388
117,1404,1521,0.1388
117,1400,1517,0.1388
115,1395,1510,0.1388
112,1387,1499,0.1388
110,1394,1504,0.1388
112,1400,1512,0.1388
114,1393,1507,0.1388
120,1403,1523,0.1388
116,1397,1513,0.1388
117,1400,1517,0.1388
112,1408,1520,0.1388
109,1414,1523,0.1388
107,1410,1517,0.1388
105,1417,1522,0.1388
107,1417,1524,0.1388
106,1407,1513,0.1388
107,1404,1511,0.1388
104,1414,1518,0.1388
104,1408,1512,0.1388
105,1409,1514,0.1388
108,1403,1511,0.1388
110,1390,1500,0.1388
106,1391,1497,0.1388
104,1394,1498,0.1388
106,1402,1508,0.1388
102,1399,1501,0.1388
101,1415,1516,0.1388
102,1418,1520,0.1388
100,1419,1519,0.1388
98,1417,1515,0.1388
101,1425,1526,0.1388
101,1414,1515,0.1388
100,1417,1517,0.1388
97,1416,1513,0.1388
100,1397,1497,0.1388
100,1410,1510,0.1388
100,1412,1512,0.1388
101,1384,1485,0.1388
100,1388,1488,0.1388
99,1406,1505,0.1388
94,1404,1498,0.1388
94,1409,1503,0.1388
92,1418,1510,0.1388
88,1410,1498,0.1388
88,1420,1508,0.1388
85,1432,1517,0.1388
90,1444,1534,0.1388
88,1443,1531,0.1388
91,1433,1524,0.1388
90,1432,1522,0.1388
87,1429,1516,0.1388
86,1429,1515,0.1388
88,1424,1512,0.1388
91,1413,1504,0.1388
91,1419,1510,0.1388
92,1418,1510,0.1388
88,1425,1513,0.1388
92,1418,1510,0.1388
92,1427,1519,0.1388
92,1443,1535,0.1388
92,1431,1523,0.1388
92,1430,1522,0.1388
90,1437,1527,0.1388
88,1435,1523,0.1388
83,1421,1504,0.1388
84,1426,1510,0.1388
85,1427,1512,0.1388
86,1433,1519,0.1388
89,1430,1519,0.1388
89,1438,1527,0.1388
88,1435,1523,0.1388
89,1425,1514,0.1388
90,1432,1522,0.1388
90,1421,1511,0.1388
86,1445,1531,0.1388
88,1436,1524,0.1388
88,1433,1521,0.1388
87,1427,1514,0.1388
86,1418,1504,0.1388
88,1416,1504,0.1388
90,1428,1518,0.1388
91,1432,1523,0.1388
91,1420,1511,0.1388
91,1409,1500,0.1388
93,1407,1500,0.1388
97,1423,1520,0.1388
96,1415,1511,0.1388
92,1421,1513,0.1388
91,1415,1506,0.1388
93,1410,1503,0.1388
89,1421,1510,0.1388
89,1440,1529,0.1388
91,1428,1519,0.1388
88,1421,1509,0.1388
88,1432,1520,0.1388
85,1431,1516,0.1388
82,1432,1514,0.1388
82,1424,1506,0.1388
79,1435,1514,0.1388
83,1443,1526,0.1388
80,1442,1522,0.1388
78,1429,1507,0.1388
79,1439,1518,0.1388
79,1427,1506,0.1388
81,1433,1514,0.1388
78,1440,1518,0.1388
77,1444,1521,0.1388
77,1445,1522,0.1388
75,1435,1510,0.1388
77,1440,1517,0.1388
77,1445,1522,0.1388
78,1449,1527,0.1388
76,1445,1521,0.1388
78,1436,1514,0.1388
81,1425,1506,0.1388
78,1423,1501,0.1388
73,1440,1513,0.1388
73,1445,1518,0.1388
75,1455,1530,0.1388
76,1456,1532,0.1388
78,1457,1535,0.1388
78,1447,1525,0.1388
77,1437,1514,0.1388
79,1438,1517,0.1388
85,1444,1529,0.1388
83,1447,1530,0.1388
83,1440,1523,0.1388
85,1443,1528,0.1388
84,1443,1527,0.1388
79,1441,1520,0.1388
77,1440,1517,0.1388
77,1432,1509,0.1388
77,1437,1514,0.1388
79,1443,1522,0.1388
77,1431,1508,0.1388
77,1431,1508,0.1388
72,1436,1508,0.1388
71,1435,1506,0.1388
70,1443,1513,0.1388
70,1450,1520,0.1388
70,1440,1510,0.1388
73,1442,1515,0.1388
74,1439,1513,0.1388
74,1443,1517,0.1388
76,1443,1519,0.1388
75,1449,1524,0.1388
78,1441,1519,0.1388
76,1447,1523,0.1388
74,1446,1520,0.1388
75,1445,1520,0.1388
72,1440,1512,0.1388
72,1450,1522,0.1388
74,1458,1532,0.1388
70,1452,1522,0.1388
70,1462,1532,0.1388
69,1457,1526,0.1388
69,1446,1515,0.1388
67,1439,1506,0.1388
68,1435,1503,0.1388
72,1426,1498,0.1388
72,1439,1511,0.1388
70,1448,1518,0.1388
68,1432,1500,0.1388
68,1430,1498,0.1388
68,1440,1508,0.1388
66,1439,1505,0.1388
67,1458,1525,0.1388
67,1449,1516,0.1388
69,1457,1526,0.1388
67,1455,1522,0.1388
68,1450,1518,0.1388
64,1445,1509,0.1388
63,1441,1504,0.1388
64,1434,1498,0.1388
62,1448,1510,0.1388
62,1446,1508,0.1388
62,1454,1516,0.1388
62,1453,1515,0.1388
62,1466,1528,0.1388
63,1459,1522,0.1388
59,1451,1510,0.1388
57,1456,1513,0.1388
58,1464,1522,0.1388
57,1468,1525,0.1388
52,1467,1519,0.1388
52,1454,1506,0.1388
54,1452,1506,0.1388
53,1445,1498,0.1388
53,1449,1502,0.1388
55,1449,1504,0.1388
53,1444,1497,0.1388
55,1462,1517,0.1388
56,1461,1517,0.1388
58,1448,1506,0.1388
59,1458,1517,0.1388
59,1445,1504,0.1388
58,1455,1513,0.1388
60,1441,1501,0.1388
60,1448,1508,0.1388
62,1466,1528,0.1388
63,1467,1530,0.1388
63,1457,1520,0.1388
66,1460,1526,0.1388
65,1463,1528,0.1388
63,1466,1529,0.1388
65,1463,1528,0.1388
65,1462,1527,0.1388
63,1449,1512,0.1388
62,1454,1516,0.1388
62,1458,1520,0.1388
62,1457,1519,0.1388
62,1449,1511,0.1388
60,1434,1494,0.1388
58,1442,1500,0.1388
57,1453,1510,0.1388
57,1440,1497,0.1388
55,1441,1496,0.1388
55,1449,1504,0.1388
55,1459,1514,0.1388
55,1449,1504,0.1388
53,1453,1506,0.1388
54,1465,1519,0.1388
54,1458,1512,0.1388
54,1457,1511,0.1388
53,1455,1508,0.1388
55,1468,1523,0.1388
58,1463,1521,0.1388
58,1466,1524,0.1388
56,1464,1520,0.1388
57,1469,1526,0.1388
57,1466,1523,0.1388
59,1471,1530,0.1388
59,1471,1530,0.1388
57,1455,1512,0.1388
55,1464,1519,0.1388
53,1469,1522,0.1388
54,1465,1519,0.1388
56,1471,1527,0.1388
55,1465,1520,0.1388
55,1474,1529,0.1388
53,1465,1518,0.1388
54,1459,1513,0.1388
53,1458,1511,0.1388
55,1449,1504,0.1388
56,1443,1499,0.1388
54,1448,1502,0.1388
52,1454,1506,0.1388
52,1452,1504,0.1388
51,1464,1515,0.1388
52,1472,1524,0.1388
51,1460,1511,0.1388
48,1456,1504,0.1388
51,1453,1504,0.1388
51,1455,1506,0.1388
50,1461,1511,0.1388
51,1471,1522,0.1388
50,1451,1501,0.1388
51,1440,1491,0.1388
53,1447,1500,0.1388
55,1466,1521,0.1388
54,1468,1522,0.1388
50,1465,1515,0.1388
53,1456,1509,0.1388
52,1457,1509,0.1388
52,1461,1513,0.1388
48,1468,1516,0.1388
48,1469,1517,0.1388
47,1475,1522,0.1388
49,1468,1517,0.1388
47,1452,1499,0.1388
49,1456,1505,0.1388
49,1454,1503,0.1388
49,1472,1521,0.1388
47,1470,1517,0.1388
47,1474,1521,0.1388
49,1483,1532,0.1388
46,1485,1531,0.1388
44,1485,1529,0.1388
43,1481,1524,0.1388
45,1486,1531,0.1388
46,1485,1531,0.1388
45,1487,1532,0.1388
45,1479,1524,0.1388
43,1472,1515,0.1388
44,1476,1520,0.1388
45,1475,1520,0.1388
46,1471,1517,0.1388
48,1482,1530,0.1388
48,1482,1530,0.1388
47,1481,1528,0.1388
47,1487,1534,0.1388
48,1486,1534,0.1388
47,1481,1528,0.1388
49,1473,1522,0.1388
49,1472,1521,0.1388
46,1459,1505,0.1388
45,1463,1508,0.1388
45,1453,1498,0.1388
45,1459,1504,0.1388
47,1458,1505,0.1388
47,1458,1505,0.1388
48,1467,1515,0.1388
48,1469,1517,0.1388
51,1468,1519,0.1388
49,1465,1514,0.1388
47,1455,1502,0.1388
48,1460,1508,0.1388
48,1464,1512,0.1388
46,1451,1497,0.1388
44,1463,1507,0.1388
40,1472,1512,0.1388
41,1476,1517,0.1388
40,1475,1515,0.1388
41,1477,1518,0.1388
41,1481,1522,0.1388
42,1466,1508,0.1388
44,1472,1516,0.1388
42,1476,1518,0.1388
42,1471,1513,0.1388
39,1474,1513,0.1388
38,1478,1516,0.1388
38,1481,1519,0.1388
37,1480,1517,0.1388
38,1485,1523,0.1388
38,1477,1515,0.1388
39,1468,1507,0.1388
41,1475,1516,0.1388
42,1473,1515,0.1388
41,1472,1513,0.1388
41,1475,1516,0.1388
42,1470,1512,0.1388
41,1478,1519,0.1388
38,1480,1518,0.1388
37,1473,1510,0.1388
37,1475,1512,0.1388
37,1481,1518,0.1388
39,1481,1520,0.1388
41,1482,1523,0.1388
40,1479,1519,0.1388
40,1475,1515,0.1388
38,1469,1507,0.1388
39,1469,1508,0.1388
39,1483,1522,0.1388
38,1489,1527,0.1388
37,1484,1521,0.1388
38,1483,1521,0.1388
36,1480,1516,0.1388
36,1475,1511,0.1388
34,1477,1511,0.1388
33,1475,1508,0.1388
35,1477,1512,0.1388
35,1479,1514,0.1388
36,1466,1502,0.1388
39,1472,1511,0.1388
39,1472,1511,0.1388
39,1473,1512,0.1388
39,1474,1513,0.1388
37,1479,1516,0.1388
35,1472,1507,0.1388
36,1477,1513,0.1388
34,1473,1507,0.1388
33,1482,1515,0.1388
34,1481,1515,0.1388
35,1470,1505,0.1388
36,1468,1504,0.1388
35,1460,1495,0.1388
34,1460,1494,0.1388
35,1471,1506,0.1388
35,1477,1512,0.1388
36,1478,1514,0.1388
35,1485,1520,0.1388
32,1493,1525,0.1388
33,1496,1529,0.1388
35,1494,1529,0.1388
34,1499,1533,0.1388
35,1509,1544,0.1388
34,1508,1542,0.1388
35,1507,1542,0.1388
33,1496,1529,0.1388
32,1488,1520,0.1388
33,1480,1513,0.1388
33,1469,1502,0.1388
34,1481,1515,0.1388
36,1482,1518,0.1388
36,1478,1514,0.1388
34,1482,1516,0.1388
35,1486,1521,0.1388
32,1499,1531,0.1388
32,1500,1532,0.1388
32,1480,1512,0.1388
32,1482,1514,0.1388
32,1488,1520,0.1388
31,1486,1517,0.1388
30,1488,1518,0.1388
30,1486,1516,0.1388
29,1473,1502,0.1388
28,1473,1501,0.1388
30,1482,1512,0.1388
32,1487,1519,0.1388
31,1497,1528,0.1388
32,1484,1516,0.1388
33,1481,1514,0.1388
33,1484,1517,0.1388
33,1498,1531,0.1388
33,1499,1532,0.1388
33,1492,1525,0.1388
34,1494,1528,0.1388
33,1493,1526,0.1388
33,1485,1518,0.1388
32,1487,1519,0.1388
33,1489,1522,0.1388
33,1493,1526,0.1388
33,1485,1518,0.1388
34,1493,1527,0.1388
33,1496,1529,0.1388
32,1487,1519,0.1388
32,1492,1524,0.1388
32,1486,1518,0.1388
33,1486,1519,0.1388
33,1493,1526,0.1388
34,1492,1526,0.1388
34,1486,1520,0.1388
34,1488,1522,0.1388
33,1478,1511,0.1388
34,1472,1506,0.1388
33,1468,1501,0.1388
33,1473,1506,0.1388
33,1474,1507,0.1388
33,1463,1496,0.1388
32,1470,1502,0.1388
31,1482,1513,0.1388
31,1486,1517,0.1388
32,1485,1517,0.1388
34,1484,1518,0.1388
33,1482,1515,0.1388
32,1482,1514,0.1388
33,1483,1516,0.1388
31,1485,1516,0.1388
31,1494,1525,0.1388
32,1495,1527,0.1388
32,1494,1526,0.1388
32,1481,1513,0.1388
32,1473,1505,0.1388
31,1469,1500,0.1388
30,1484,1514,0.1388
29,1488,1517,0.1388
30,1470,1500,0.1388
31,1475,1506,0.1388
29,1489,1518,0.1388
28,1486,1514,0.1388
28,1482,1510,0.1388
29,1478,1507,0.1388
27,1483,1510,0.1388
26,1499,1525,0.1388
27,1498,1525,0.1388
26,1498,1524,0.1388
25,1471,1496,0.1388
26,1480,1506,0.1388
26,1479,1505,0.1388
26,1480,1506,0.1388
25,1480,1505,0.1388
23,1494,1517,0.1388
26,1486,1512,0.1388
24,1495,1519,0.1388
24,1495,1519,0.1388
24,1492,1516,0.1388
24,1481,1505,0.1388
23,1475,1498,0.1388
22,1491,1513,0.1388
22,1496,1518,0.1388
20,1494,1514,0.1388
20,1495,1515,0.1388
20,1503,1523,0.1388
20,1505,1525,0.1388
20,1498,1518,0.1388
21,1499,1520,0.1388
22,1493,1515,0.1388
22,1505,1527,0.1388
23,1485,1508,0.1388
21,1485,1506,0.1388
20,1488,1508,0.1388
21,1487,1508,0.1388
21,1498,1519,0.1388
23,1495,1518,0.1388
23,1483,1506,0.1388
24,1488,1512,0.1388
25,1489,1514,0.1388
25,1486,1511,0.1388
26,1477,1503,0.1388
26,1483,1509,0.1388
26,1492,1518,0.1388
26,1494,1520,0.1388
26,1497,1523,0.1388
25,1493,1518,0.1388
25,1493,1518,0.1388
25,1497,1522,0.1388
25,1500,1525,0.1388
24,1493,1517,0.1388
24,1495,1519,0.1388
24,1499,1523,0.1388
25,1515,1540,0.1388
25,1497,1522,0.1388
26,1485,1511,0.1388
26,1477,1503,0.1388
26,1500,1526,0.1388
27,1498,1525,0.1388
26,1485,1511,0.1388
27,1489,1516,0.1388
29,1481,1510,0.1388
28,1482,1510,0.1388
28,1492,1520,0.1388
28,1492,1520,0.1388
25,1499,1524,0.1388
26,1486,1512,0.1388
25,1489,1514,0.1388
25,1490,1515,0.1388
26,1492,1518,0.1388
25,1490,1515,0.1388
24,1488,1512,0.1388
24,1494,1518,0.1388
21,1489,1510,0.1388
21,1485,1506,0.1388
22,1475,1497,0.1388
22,1486,1508,0.1388
22,1499,1521,0.1388
22,1502,1524,0.1388
22,1520,1542,0.1388
22,1521,1543,0.1388
22,1512,1534,0.1388
21,1502,1523,0.1388
20,1501,1521,0.1388
20,1503,1523,0.1388
19,1501,1520,0.1388
19,1495,1514,0.1388
18,1514,1532,0.1388
16,1506,1522,0.1388
17,1495,1512,0.1388
18,1506,1524,0.1388
17,1491,1508,0.1388
16,1511,1527,0.1388
16,1512,1528,0.1388
16,1508,1524,0.1388
15,1511,1526,0.1388
16,1500,1516,0.1388
15,1491,1506,0.1388
16,1500,1516,0.1388
17,1503,1520,0.1388
16,1512,1528,0.1388
16,1497,1513,0.1388
15,1499,1514,0.1388
14,1496,1510,0.1388
11,1523,1534,0.1388
10,1509,1519,0.1388
10,1500,1510,0.1388
10,1506,1516,0.1388
10,1515,1525,0.1388
11,1502,1513,0.1388
10,1511,1521,0.1388
7,1502,1509,0.1388
9,1501,1510,0.1388
9,1506,1515,0.1388
11,1514,1525,0.1388
11,1504,1515,0.1388
13,1516,1529,0.1388
14,1507,1521,0.1388
14,1502,1516,0.1388
14,1501,1515,0.1388
15,1489,1504,0.1388
13,1487,1500,0.1388
13,1493,1506,0.1388
13,1486,1499,0.1388
13,1494,1507,0.1388
14,1490,1504,0.1388
15,1502,1517,0.1388
15,1505,1520,0.1388
15,1501,1516,0.1388
14,1502,1516,0.1388
14,1509,1523,0.1388
14,1509,1523,0.1388
13,1499,1512,0.1388
10,1505,1515,0.1388
10,1507,1517,0.1388
10,1514,1524,0.1388
10,1508,1518,0.1388
9,1511,1520,0.1388
9,1521,1530,0.1388
9,1516,1525,0.1388
10,1502,1512,0.1388
10,1512,1522,0.1388
10,1509,1519,0.1388
10,1503,1513,0.1388
10,1505,1515,0.1388
11,1503,1514,0.1388
13,1504,1517,0.1388
13,1505,1518,0.1388
13,1501,1514,0.1388
13,1505,1518,0.1388
13,1487,1500,0.1388
13,1490,1503,0.1388
13,1478,1491,0.1388
13,1487,1500,0.1388
13,1490,1503,0.1388
12,1490,1502,0.1388
11,1490,1501,0.1388
10,1500,1510,0.1388
10,1507,1517,0.1388
10,1510,1520,0.1388
9,1508,1517,0.1388
8,1500,1508,0.1388
8,1510,1518,0.1388
8,1506,1514,0.1388
8,1517,1525,0.1388
8,1517,1525,0.1388
8,1502,1510,0.1388
8,1496,1504,0.1388
8,1494,1502,0.1388
8,1493,1501,0.1388
9,1489,1498,0.1388
8,1489,1497,0.1388
8,1503,1511,0.1388
9,1508,1517,0.1388
8,1502,1510,0.1388
8,1513,1521,0.1388
7,1515,1522,0.1388
6,1517,1523,0.1388
6,1515,1521,0.1388
6,1502,1508,0.1388
6,1502,1508,0.1388
6,1498,1504,0.1388
6,1506,1512,0.1388
6,1513,1519,0.1388
5,1515,1520,0.1388
5,1504,1509,0.1388
5,1510,1515,0.1388
5,1520,1525,0.1388
5,1515,1520,0.1388
5,1517,1522,0.1388
5,1521,1526,0.1388
5,1514,1519,0.1388
5,1518,1523,0.1388
4,1513,1517,0.1388
5,1504,1509,0.1388
5,1512,1517,0.1388
5,1507,1512,0.1388
5,1520,1525,0.1388
5,1532,1537,0.1388
5,1527,1532,0.1388
5,1523,1528,0.1388
5,1498,1503,0.1388
5,1504,1509,0.1388
5,1504,1509,0.1388
5,1520,1525,0.1388
4,1521,1525,0.1388
4,1513,1517,0.1388
4,1520,1524,0.1388
4,1528,1532,0.1388
4,1526,1530,0.1388
4,1524,1528,0.1388
4,1527,1531,0.1388
3,1523,1526,0.1388
3,1518,1521,0.1388
3,1517,1520,0.1388
3,1528,1531,0.1388
3,1522,1525,0.1388
3,1526,1529,0.1388
3,1528,1531,0.1388
3,1534,1537,0.1388
3,1515,1518,0.1388
3,1520,1523,0.1388
3,1525,1528,0.1388
3,1527,1530,0.1388
3,1524,1527,0.1388
3,1524,1527,0.1388
3,1518,1521,0.1388
4,1509,1513,0.1388
5,1523,1528,0.1388
4,1523,1527,0.1388
4,1512,1516,0.1388
4,1517,1521,0.1388
4,1523,1527,0.1388
4,1522,1526,0.1388
4,1525,1529,0.1388
3,1533,1536,0.1388
4,1527,1531,0.1388
4,1510,1514,0.1388
4,1511,1515,0.1388
5,1509,1514,0.1388
5,1519,1524,0.1388
6,1519,1525,0.1388
6,1521,1527,0.1388
6,1514,1520,0.1388
4,1519,1523,0.1388
4,1521,1525,0.1388
3,1516,1519,0.1388
3,1520,1523,0.1388
3,1521,1524,0.1388
3,1503,1506,0.1388
3,1507,1510,0.1388
3,1506,1509,0.1388
1,1515,1516,0.1388
1,1518,1519,0.1388
1,1527,1528,0.1388
1,1516,1517,0.1388
0,1499,1499,0.1388
