1368,27,1395,0.1388
1397,26,1423,0.1388
1417,27,1444,0.1388
1441,25,1466,0.1388
1458,24,1482,0.1388
1452,25,1477,0.1388
1451,25,1476,0.1388
1449,26,1475,0.1388
1451,25,1476,0.1388
1458,26,1484,0.1388
1460,27,1487,0.1388
1452,26,1478,0.1388
1447,28,1475,0.1388
1454,28,1482,0.1388
1472,27,1499,0.1388
1452,26,1478,0.1388
1447,26,1473,0.1388
1437,28,1465,0.1388
1446,31,1477,0.1388
1443,32,1475,0.1388
1458,33,1491,0.1388
1451,32,1483,0.1388
1461,31,1492,0.1388
1455,30,1485,0.1388
1452,30,1482,0.1388
1451,31,1482,0.1388
1441,33,1474,0.1388
1437,34,1471,0.1388
1436,35,1471,0.1388
1449,34,1483,0.1388
1445,36,1481,0.1388
1456,36,1492,0.1388
1450,34,1484,0.1388
1450,33,1483,0.1388
1449,34,1483,0.1388
1457,33,1490,0.1388
1443,35,1478,0.1388
1456,33,1489,0.1388
1448,31,1479,0.1388
1445,31,1476,0.1388
1438,32,1470,0.1388
1440,30,1470,0.1388
1440,32,1472,0.1388
1435,31,1466,0.1388
1435,31,1466,0.1388
1449,31,1480,0.1388
1453,32,1485,0.1388
1466,35,1501,0.1388
1454,35,1489,0.1388
1460,34,1494,0.1388
1463,35,1498,0.1388
1444,35,1479,0.1388
1458,36,1494,0.1388
1444,34,1478,0.1388
1455,34,1489,0.1388
1459,34,1493,0.1388
1467,32,1499,0.1388
1464,32,1496,0.1388
1456,33,1489,0.1388
1461,32,1493,0.1388
1466,31,1497,0.1388
1458,30,1488,0.1388
1468,32,1500,0.1388
1471,34,1505,0.1388
1475,33,1508,0.1388
1472,31,1503,0.1388
1467,32,1499,0.1388
1474,34,1508,0.1388
1455,33,1488,0.1388
1449,37,1486,0.1388
1444,40,1484,0.1388
1445,39,1484,0.1388
1444,39,1483,0.1388
1450,41,1491,0.1388
1453,41,1494,0.1388
1457,38,1495,0.1388
1455,39,1494,0.1388
1445,39,1484,0.1388
1454,36,1490,0.1388
1450,34,1484,0.1388
1460,35,1495,0.1388
1452,37,1489,0.1388
1459,40,1499,0.1388
1444,39,1483,0.1388
1445,42,1487,0.1388
1445,41,1486,0.1388
1462,40,1502,0.1388
1457,40,1497,0.1388
1451,41,1492,0.1388
1447,44,1491,0.1388
1448,45,1493,0.1388
1445,46,1491,0.1388
1454,47,1501,0.1388
1455,47,1502,0.1388
1452,46,1498,0.1388
1458,46,1504,0.1388
1441,45,1486,0.1388
1454,46,1500,0.1388
1455,45,1500,0.1388
1463,46,1509,0.1388
1457,46,1503,0.1388
1452,47,1499,0.1388
1461,49,1510,0.1388
1451,50,1501,0.1388
1449,52,1501,0.1388
1438,49,1487,0.1388
1443,49,1492,0.1388
1439,52,1491,0.1388
1433,51,1484,0.1388
1436,51,1487,0.1388
1443,51,1494,0.1388
1448,54,1502,0.1388
1448,56,1504,0.1388
1447,58,1505,0.1388
1445,58,1503,0.1388
1453,56,1509,0.1388
1465,55,1520,0.1388
1468,55,1523,0.1388
1452,59,1511,0.1388
1447,58,1505,0.1388
1438,59,1497,0.1388
1438,62,1500,0.1388
1428,58,1486,0.1388
1437,57,1494,0.1388
1430,57,1487,0.1388
1445,57,1502,0.1388
1453,55,1508,0.1388
1442,54,1496,0.1388
1448,57,1505,0.1388
1430,55,1485,0.1388
1434,55,1489,0.1388
1449,54,1503,0.1388
1446,54,1500,0.1388
1440,56,1496,0.1388
1427,55,1482,0.1388
1423,55,1478,0.1388
1418,53,1471,0.1388
1428,53,1481,0.1388
1437,53,1490,0.1388
1435,56,1491,0.1388
1432,56,1488,0.1388
1431,57,1488,0.1388
1423,59,1482,0.1388
1436,58,1494,0.1388
1436,58,1494,0.1388
1442,58,1500,0.1388
1429,59,1488,0.1388
1440,58,1498,0.1388
1445,59,1504,0.1388
1450,59,1509,0.1388
1452,58,1510,0.1388
1426,60,1486,0.1388
1430,59,1489,0.1388
1430,61,1491,0.1388
1434,61,1495,0.1388
1433,60,1493,0.1388
1436,62,1498,0.1388
1435,63,1498,0.1388
1436,64,1500,0.1388
1424,63,1487,0.1388
1423,63,1486,0.1388
1436,61,1497,0.1388
1429,66,1495,0.1388
1421,66,1487,0.1388
1418,70,1488,0.1388
1413,73,1486,0.1388
1422,73,1495,0.1388
1407,69,1476,0.1388
1422,70,1492,0.1388
1417,73,1490,0.1388
1415,72,1487,0.1388
1423,76,1499,0.1388
1421,75,1496,0.1388
1430,75,1505,0.1388
1423,74,1497,0.1388
1427,74,1501,0.1388
1421,74,1495,0.1388
1421,76,1497,0.1388
1408,77,1485,0.1388
1409,79,1488,0.1388
1416,80,1496,0.1388
1413,74,1487,0.1388
1423,70,1493,0.1388
1431,72,1503,0.1388
1422,72,1494,0.1388
1423,73,1496,0.1388
1410,74,1484,0.1388
1413,74,1487,0.1388
1413,74,1487,0.1388
1423,77,1500,0.1388
1430,78,1508,0.1388
1433,75,1508,0.1388
1410,73,1483,0.1388
1429,73,1502,0.1388
1431,73,1504,0.1388
1427,75,1502,0.1388
1407,70,1477,0.1388
1419,71,1490,0.1388
1419,70,1489,0.1388
1414,68,1482,0.1388
1403,71,1474,0.1388
1402,74,1476,0.1388
1405,74,1479,0.1388
1398,75,1473,0.1388
1417,76,1493,0.1388
1418,76,1494,0.1388
1415,79,1494,0.1388
1418,79,1497,0.1388
1407,79,1486,0.1388
1395,76,1471,0.1388
1399,71,1470,0.1388
1416,71,1487,0.1388
1413,72,1485,0.1388
1414,73,1487,0.1388
1401,69,1470,0.1388
1414,72,1486,0.1388
1419,73,1492,0.1388
1412,69,1481,0.1388
1415,70,1485,0.1388
1419,70,1489,0.1388
1429,69,1498,0.1388
1416,73,1489,0.1388
1420,74,1494,0.1388
1408,78,1486,0.1388
1410,82,1492,0.1388
1430,81,1511,0.1388
1421,83,1504,0.1388
1412,82,1494,0.1388
1407,84,1491,0.1388
1405,83,1488,0.1388
1403,85,1488,0.1388
1422,92,1514,0.1388
1401,94,1495,0.1388
1388,95,1483,0.1388
1395,93,1488,0.1388
1408,97,1505,0.1388
1385,93,1478,0.1388
1386,92,1478,0.1388
1379,92,1471,0.1388
1391,94,1485,0.1388
1398,98,1496,0.1388
1396,101,1497,0.1388
1387,102,1489,0.1388
1393,99,1492,0.1388
1380,99,1479,0.1388
1384,99,1483,0.1388
1385,104,1489,0.1388
1400,107,1507,0.1388
1395,108,1503,0.1388
1387,109,1496,0.1388
1380,112,1492,0.1388
1394,113,1507,0.1388
1384,117,1501,0.1388
1391,114,1505,0.1388
1391,117,1508,0.1388
1383,113,1496,0.1388
1373,113,1486,0.1388
1375,115,1490,0.1388
1381,115,1496,0.1388
1381,113,1494,0.1388
1380,111,1491,0.1388
1367,114,1481,0.1388
1362,115,1477,0.1388
1357,111,1468,0.1388
1358,112,1470,0.1388
1369,113,1482,0.1388
1385,113,1498,0.1388
1368,116,1484,0.1388
1377,118,1495,0.1388
1380,117,1497,0.1388
1372,119,1491,0.1388
1371,124,1495,0.1388
1367,130,1497,0.1388
1368,132,1500,0.1388
1361,133,1494,0.1388
1369,128,1497,0.1388
1353,126,1479,0.1388
1348,131,1479,0.1388
1365,133,1498,0.1388
1374,128,1502,0.1388
1365,131,1496,0.1388
1371,134,1505,0.1388
1374,135,1509,0.1388
1364,132,1496,0.1388
1349,129,1478,0.1388
1356,131,1487,0.1388
1352,132,1484,0.1388
1368,137,1505,0.1388
1365,138,1503,0.1388
1363,135,1498,0.1388
1366,137,1503,0.1388
1357,140,1497,0.1388
1352,138,1490,0.1388
1354,137,1491,0.1388
1350,140,1490,0.1388
1350,142,1492,0.1388
1347,140,1487,0.1388
1343,144,1487,0.1388
1353,145,1498,0.1388
1343,145,1488,0.1388
1346,144,1490,0.1388
1346,148,1494,0.1388
1335,151,1486,0.1388
1335,151,1486,0.1388
1334,151,1485,0.1388
1338,155,1493,0.1388
1349,152,1501,0.1388
1346,157,1503,0.1388
1341,156,1497,0.1388
1336,158,1494,0.1388
1332,157,1489,0.1388
1332,163,1495,0.1388
1344,169,1513,0.1388
1332,170,1502,0.1388
1338,168,1506,0.1388
1322,170,1492,0.1388
1326,171,1497,0.1388
1317,170,1487,0.1388
1311,170,1481,0.1388
1301,179,1480,0.1388
1294,184,1478,0.1388
1293,184,1477,0.1388
1283,187,1470,0.1388
1291,187,1478,0.1388
1292,190,1482,0.1388
1295,193,1488,0.1388
1301,190,1491,0.1388
1301,190,1491,0.1388
1301,193,1494,0.1388
1305,196,1501,0.1388
1291,195,1486,0.1388
1282,201,1483,0.1388
1292,197,1489,0.1388
1291,196,1487,0.1388
1301,197,1498,0.1388
1297,198,1495,0.1388
1302,196,1498,0.1388
1292,194,1486,0.1388
1298,196,1494,0.1388
1301,198,1499,0.1388
1302,203,1505,0.1388
1301,201,1502,0.1388
1300,202,1502,0.1388
1304,202,1506,0.1388
1292,204,1496,0.1388
1296,201,1497,0.1388
1299,200,1499,0.1388
1292,202,1494,0.1388
1301,204,1505,0.1388
1302,202,1504,0.1388
1301,205,1506,0.1388
1294,205,1499,0.1388
1309,205,1514,0.1388
1314,206,1520,0.1388
1311,202,1513,0.1388
1295,200,1495,0.1388
1301,203,1504,0.1388
1292,203,1495,0.1388
1288,207,1495,0.1388
1290,206,1496,0.1388
1281,211,1492,0.1388
1271,211,1482,0.1388
1281,213,1494,0.1388
1285,216,1501,0.1388
1267,214,1481,0.1388
1277,215,1492,0.1388
1285,214,1499,0.1388
1283,214,1497,0.1388
1282,216,1498,0.1388
1277,220,1497,0.1388
1280,223,1503,0.1388
1282,223,1505,0.1388
1282,220,1502,0.1388
1284,223,1507,0.1388
1272,224,1496,0.1388
1271,229,1500,0.1388
1272,228,1500,0.1388
1260,232,1492,0.1388
1258,233,1491,0.1388
1261,236,1497,0.1388
1259,234,1493,0.1388
1257,238,1495,0.1388
1257,238,1495,0.1388
1260,237,1497,0.1388
1259,236,1495,0.1388
1250,232,1482,0.1388
1257,229,1486,0.1388
1259,227,1486,0.1388
1263,227,1490,0.1388
1254,231,1485,0.1388
1264,230,1494,0.1388
1268,231,1499,0.1388
1268,230,1498,0.1388
1265,230,1495,0.1388
1268,231,1499,0.1388
1270,236,1506,0.1388
1241,240,1481,0.1388
1256,235,1491,0.1388
1255,235,1490,0.1388
1244,240,1484,0.1388
1247,237,1484,0.1388
1271,236,1507,0.1388
1274,231,1505,0.1388
1270,235,1505,0.1388
1262,242,1504,0.1388
1256,243,1499,0.1388
1248,241,1489,0.1388
1238,245,1483,0.1388
1247,241,1488,0.1388
1237,243,1480,0.1388
1254,243,1497,0.1388
1265,244,1509,0.1388
1257,244,1501,0.1388
1252,243,1495,0.1388
1253,242,1495,0.1388
1254,244,1498,0.1388
1256,241,1497,0.1388
1262,240,1502,0.1388
1270,240,1510,0.1388
1268,241,1509,0.1388
1259,243,1502,0.1388
1245,240,1485,0.1388
1256,240,1496,0.1388
1264,238,1502,0.1388
1263,238,1501,0.1388
1268,239,1507,0.1388
1265,240,1505,0.1388
1255,239,1494,0.1388
1264,239,1503,0.1388
1272,249,1521,0.1388
1270,252,1522,0.1388
1264,252,1516,0.1388
1257,250,1507,0.1388
1258,248,1506,0.1388
1254,247,1501,0.1388
1258,246,1504,0.1388
1247,244,1491,0.1388
1254,244,1498,0.1388
1249,246,1495,0.1388
1253,243,1496,0.1388
1255,240,1495,0.1388
1252,246,1498,0.1388
1250,245,1495,0.1388
1245,244,1489,0.1388
1256,244,1500,0.1388
1249,250,1499,0.1388
1250,246,1496,0.1388
1249,252,1501,0.1388
1240,241,1481,0.1388
1244,248,1492,0.1388
1252,254,1506,0.1388
1236,250,1486,0.1388
1237,253,1490,0.1388
1245,254,1499,0.1388
1238,259,1497,0.1388
1248,263,1511,0.1388
1243,258,1501,0.1388
1242,256,1498,0.1388
1235,255,1490,0.1388
1242,249,1491,0.1388
1249,252,1501,0.1388
1245,253,1498,0.1388
1237,256,1493,0.1388
1232,260,1492,0.1388
1238,264,1502,0.1388
1235,262,1497,0.1388
1235,268,1503,0.1388
1222,268,1490,0.1388
1226,276,1502,0.1388
1220,281,1501,0.1388
1231,279,1510,0.1388
1221,276,1497,0.1388
1223,277,1500,0.1388
1222,273,1495,0.1388
1212,272,1484,0.1388
1212,271,1483,0.1388
1215,275,1490,0.1388
1205,274,1479,0.1388
1208,282,1490,0.1388
1211,286,1497,0.1388
1214,287,1501,0.1388
1199,290,1489,0.1388
1214,286,1500,0.1388
1203,290,1493,0.1388
1200,292,1492,0.1388
1202,293,1495,0.1388
1195,294,1489,0.1388
1198,301,1499,0.1388
1190,299,1489,0.1388
1188,302,1490,0.1388
1201,300,1501,0.1388
1191,298,1489,0.1388
1191,303,1494,0.1388
1190,301,1491,0.1388
1190,304,1494,0.1388
1181,303,1484,0.1388
1185,301,1486,0.1388
1194,308,1502,0.1388
1194,302,1496,0.1388
1203,304,1507,0.1388
1203,311,1514,0.1388
1203,308,1511,0.1388
1199,307,1506,0.1388
1195,305,1500,0.1388
1205,307,1512,0.1388
1193,309,1502,0.1388
1193,308,1501,0.1388
1199,307,1506,0.1388
1191,312,1503,0.1388
1193,314,1507,0.1388
1190,311,1501,0.1388
1198,301,1499,0.1388
1209,288,1497,0.1388
1204,289,1493,0.1388
1199,289,1488,0.1388
1188,292,1480,0.1388
1177,297,1474,0.1388
1188,300,1488,0.1388
1186,307,1493,0.1388
1193,307,1500,0.1388
1186,310,1496,0.1388
1189,300,1489,0.1388
1191,308,1499,0.1388
1204,306,1510,0.1388
1192,307,1499,0.1388
1190,299,1489,0.1388
1193,306,1499,0.1388
1195,304,1499,0.1388
1200,304,1504,0.1388
1197,301,1498,0.1388
1193,301,1494,0.1388
1189,296,1485,0.1388
1188,306,1494,0.1388
1171,316,1487,0.1388
1168,325,1493,0.1388
1170,326,1496,0.1388
1176,328,1504,0.1388
1170,328,1498,0.1388
1166,327,1493,0.1388
1154,327,1481,0.1388
1163,328,1491,0.1388
1168,328,1496,0.1388
1168,327,1495,0.1388
1160,325,1485,0.1388
1173,328,1501,0.1388
1167,330,1497,0.1388
1178,330,1508,0.1388
1173,330,1503,0.1388
1171,327,1498,0.1388
1184,332,1516,0.1388
1182,338,1520,0.1388
1179,335,1514,0.1388
1168,336,1504,0.1388
1152,338,1490,0.1388
1149,333,1482,0.1388
1157,337,1494,0.1388
1163,346,1509,0.1388
1158,344,1502,0.1388
1165,342,1507,0.1388
1149,347,1496,0.1388
1146,345,1491,0.1388
1147,338,1485,0.1388
1144,340,1484,0.1388
1135,338,1473,0.1388
1135,338,1473,0.1388
1145,349,1494,0.1388
1152,353,1505,0.1388
1149,357,1506,0.1388
1144,359,1503,0.1388
1143,353,1496,0.1388
1152,352,1504,0.1388
1152,356,1508,0.1388
1142,358,1500,0.1388
1142,364,1506,0.1388
1146,363,1509,0.1388
1137,365,1502,0.1388
1132,367,1499,0.1388
1143,370,1513,0.1388
1133,365,1498,0.1388
1129,361,1490,0.1388
1132,363,1495,0.1388
1129,366,1495,0.1388
1120,369,1489,0.1388
1131,366,1497,0.1388
1133,366,1499,0.1388
1138,364,1502,0.1388
1145,366,1511,0.1388
1140,360,1500,0.1388
1128,357,1485,0.1388
1128,365,1493,0.1388
1133,359,1492,0.1388
1128,358,1486,0.1388
1134,365,1499,0.1388
1148,365,1513,0.1388
1136,363,1499,0.1388
1142,363,1505,0.1388
1139,356,1495,0.1388
1143,360,1503,0.1388
1148,365,1513,0.1388
1146,366,1512,0.1388
1150,365,1515,0.1388
1153,363,1516,0.1388
1143,361,1504,0.1388
1137,358,1495,0.1388
1133,367,1500,0.1388
1137,367,1504,0.1388
1141,366,1507,0.1388
1141,368,1509,0.1388
1136,374,1510,0.1388
1132,372,1504,0.1388
1118,375,1493,0.1388
1119,378,1497,0.1388
1121,379,1500,0.1388
1138,383,1521,0.1388
1135,382,1517,0.1388
1120,385,1505,0.1388
1127,380,1507,0.1388
1113,381,1494,0.1388
1111,384,1495,0.1388
1110,385,1495,0.1388
1127,385,1512,0.1388
1126,385,1511,0.1388
1128,386,1514,0.1388
1127,387,1514,0.1388
1122,388,1510,0.1388
1111,384,1495,0.1388
1104,391,1495,0.1388
1101,395,1496,0.1388
1103,389,1492,0.1388
1109,389,1498,0.1388
1095,383,1478,0.1388
1112,388,1500,0.1388
1108,381,1489,0.1388
1099,383,1482,0.1388
1101,385,1486,0.1388
1108,386,1494,0.1388
1109,393,1502,0.1388
1105,392,1497,0.1388
1099,386,1485,0.1388
1103,395,1498,0.1388
1091,397,1488,0.1388
1105,399,1504,0.1388
1102,399,1501,0.1388
1100,401,1501,0.1388
1103,407,1510,0.1388
1107,404,1511,0.1388
1107,405,1512,0.1388
1082,404,1486,0.1388
1092,406,1498,0.1388
1076,396,1472,0.1388
1077,397,1474,0.1388
1077,394,1471,0.1388
1077,399,1476,0.1388
1082,402,1484,0.1388
1087,418,1505,0.1388
1092,413,1505,0.1388
1093,416,1509,0.1388
1095,415,1510,0.1388
1102,411,1513,0.1388
1088,412,1500,0.1388
1082,415,1497,0.1388
1073,417,1490,0.1388
1075,416,1491,0.1388
1077,413,1490,0.1388
1077,409,1486,0.1388
1082,405,1487,0.1388
1087,409,1496,0.1388
1101,413,1514,0.1388
1102,411,1513,0.1388
1099,409,1508,0.1388
1110,410,1520,0.1388
1111,406,1517,0.1388
1111,409,1520,0.1388
1112,402,1514,0.1388
1110,397,1507,0.1388
1095,404,1499,0.1388
1102,402,1504,0.1388
1113,405,1518,0.1388
1105,406,1511,0.1388
1099,401,1500,0.1388
1100,402,1502,0.1388
1085,405,1490,0.1388
1096,407,1503,0.1388
1090,408,1498,0.1388
1094,407,1501,0.1388
1078,410,1488,0.1388
1080,414,1494,0.1388
1085,418,1503,0.1388
1077,412,1489,0.1388
1077,418,1495,0.1388
1074,421,1495,0.1388
1073,414,1487,0.1388
1072,421,1493,0.1388
1069,424,1493,0.1388
1064,424,1488,0.1388
1060,419,1479,0.1388
1054,422,1476,0.1388
1066,429,1495,0.1388
1078,433,1511,0.1388
1068,438,1506,0.1388
1063,435,1498,0.1388
1059,437,1496,0.1388
1050,433,1483,0.1388
1060,436,1496,0.1388
1061,436,1497,0.1388
1063,433,1496,0.1388
1062,429,1491,0.1388
1068,434,1502,0.1388
1059,430,1489,0.1388
1061,430,1491,0.1388
1054,427,1481,0.1388
1059,432,1491,0.1388
1060,436,1496,0.1388
1068,443,1511,0.1388
1070,441,1511,0.1388
1077,432,1509,0.1388
1071,427,1498,0.1388
1065,428,1493,0.1388
1065,431,1496,0.1388
1060,438,1498,0.1388
1058,445,1503,0.1388
1063,444,1507,0.1388
1066,441,1507,0.1388
1053,448,1501,0.1388
1046,456,1502,0.1388
1039,457,1496,0.1388
1042,459,1501,0.1388
1031,460,1491,0.1388
1035,461,1496,0.1388
1043,460,1503,0.1388
1047,462,1509,0.1388
1055,465,1520,0.1388
1046,462,1508,0.1388
1032,462,1494,0.1388
1023,460,1483,0.1388
1022,462,1484,0.1388
1013,465,1478,0.1388
1024,465,1489,0.1388
1030,471,1501,0.1388
1033,472,1505,0.1388
1042,472,1514,0.1388
1031,472,1503,0.1388
1027,480,1507,0.1388
1023,481,1504,0.1388
1033,470,1503,0.1388
1032,469,1501,0.1388
1035,466,1501,0.1388
1031,470,1501,0.1388
1031,471,1502,0.1388
1041,467,1508,0.1388
1041,462,1503,0.1388
1031,466,1497,0.1388
1036,458,1494,0.1388
1026,461,1487,0.1388
1029,465,1494,0.1388
1025,465,1490,0.1388
1034,463,1497,0.1388
1033,459,1492,0.1388
1027,468,1495,0.1388
1025,473,1498,0.1388
1023,471,1494,0.1388
1019,469,1488,0.1388
1019,465,1484,0.1388
1020,467,1487,0.1388
1030,473,1503,0.1388
1022,477,1499,0.1388
1017,480,1497,0.1388
1020,478,1498,0.1388
1018,475,1493,0.1388
1025,475,1500,0.1388
1022,482,1504,0.1388
1016,481,1497,0.1388
1018,494,1512,0.1388
1010,491,1501,0.1388
1017,490,1507,0.1388
1010,494,1504,0.1388
1010,489,1499,0.1388
1011,489,1500,0.1388
1013,489,1502,0.1388
1015,497,1512,0.1388
1017,498,1515,0.1388
1017,495,1512,0.1388
1017,499,1516,0.1388
1017,498,1515,0.1388
1004,488,1492,0.1388
1005,488,1493,0.1388
1005,492,1497,0.1388
1006,493,1499,0.1388
1007,492,1499,0.1388
994,498,1492,0.1388
990,496,1486,0.1388
1001,493,1494,0.1388
992,499,1491,0.1388
996,503,1499,0.1388
1001,509,1510,0.1388
993,511,1504,0.1388
994,515,1509,0.1388
996,512,1508,0.1388
1011,511,1522,0.1388
1008,512,1520,0.1388
1001,504,1505,0.1388
998,498,1496,0.1388
990,498,1488,0.1388
996,499,1495,0.1388
1002,504,1506,0.1388
1003,502,1505,0.1388
1006,502,1508,0.1388
1009,507,1516,0.1388
1006,509,1515,0.1388
997,509,1506,0.1388
1005,505,1510,0.1388
1010,508,1518,0.1388
1014,505,1519,0.1388
1002,508,1510,0.1388
1002,509,1511,0.1388
1008,508,1516,0.1388
996,506,1502,0.1388
980,503,1483,0.1388
984,500,1484,0.1388
984,502,1486,0.1388
988,511,1499,0.1388
980,518,1498,0.1388
982,520,1502,0.1388
981,522,1503,0.1388
980,513,1493,0.1388
985,520,1505,0.1388
992,524,1516,0.1388
981,510,1491,0.1388
984,503,1487,0.1388
987,506,1493,0.1388
984,513,1497,0.1388
976,509,1485,0.1388
978,522,1500,0.1388
970,527,1497,0.1388
977,541,1518,0.1388
965,542,1507,0.1388
966,536,1502,0.1388
957,548,1505,0.1388
965,540,1505,0.1388
967,544,1511,0.1388
968,541,1509,0.1388
963,540,1503,0.1388
964,544,1508,0.1388
971,542,1513,0.1388
963,548,1511,0.1388
951,548,1499,0.1388
934,544,1478,0.1388
930,549,1479,0.1388
941,551,1492,0.1388
938,552,1490,0.1388
946,552,1498,0.1388
941,549,1490,0.1388
946,552,1498,0.1388
941,556,1497,0.1388
940,561,1501,0.1388
936,558,1494,0.1388
937,560,1497,0.1388
937,557,1494,0.1388
932,547,1479,0.1388
939,559,1498,0.1388
933,559,1492,0.1388
941,561,1502,0.1388
932,567,1499,0.1388
932,566,1498,0.1388
944,567,1511,0.1388
935,577,1512,0.1388
932,576,1508,0.1388
935,573,1508,0.1388
937,573,1510,0.1388
922,567,1489,0.1388
915,571,1486,0.1388
923,570,1493,0.1388
932,569,1501,0.1388
933,575,1508,0.1388
939,580,1519,0.1388
930,579,1509,0.1388
923,564,1487,0.1388
918,573,1491,0.1388
912,576,1488,0.1388
910,583,1493,0.1388
917,581,1498,0.1388
924,583,1507,0.1388
913,579,1492,0.1388
919,577,1496,0.1388
920,579,1499,0.1388
912,581,1493,0.1388
917,583,1500,0.1388
922,582,1504,0.1388
910,581,1491,0.1388
910,582,1492,0.1388
921,578,1499,0.1388
911,584,1495,0.1388
917,579,1496,0.1388
927,581,1508,0.1388
925,580,1505,0.1388
919,571,1490,0.1388
923,579,1502,0.1388
922,584,1506,0.1388
926,590,1516,0.1388
924,587,1511,0.1388
919,581,1500,0.1388
914,580,1494,0.1388
921,574,1495,0.1388
920,593,1513,0.1388
928,581,1509,0.1388
922,582,1504,0.1388
918,583,1501,0.1388
919,578,1497,0.1388
912,571,1483,0.1388
915,583,1498,0.1388
920,580,1500,0.1388
922,577,1499,0.1388
911,573,1484,0.1388
916,580,1496,0.1388
917,573,1490,0.1388
912,580,1492,0.1388
931,576,1507,0.1388
936,577,1513,0.1388
938,580,1518,0.1388
925,582,1507,0.1388
926,580,1506,0.1388
928,583,1511,0.1388
916,577,1493,0.1388
916,573,1489,0.1388
923,569,1492,0.1388
928,579,1507,0.1388
925,581,1506,0.1388
925,583,1508,0.1388
925,581,1506,0.1388
931,581,1512,0.1388
933,577,1510,0.1388
926,580,1506,0.1388
930,576,1506,0.1388
924,588,1512,0.1388
929,575,1504,0.1388
933,578,1511,0.1388
918,570,1488,0.1388
907,579,1486,0.1388
909,585,1494,0.1388
908,588,1496,0.1388
909,600,1509,0.1388
905,600,1505,0.1388
901,599,1500,0.1388
904,602,1506,0.1388
904,608,1512,0.1388
895,602,1497,0.1388
887,599,1486,0.1388
890,592,1482,0.1388
889,601,1490,0.1388
884,609,1493,0.1388
886,620,1506,0.1388
886,616,1502,0.1388
886,616,1502,0.1388
881,616,1497,0.1388
885,614,1499,0.1388
884,610,1494,0.1388
882,612,1494,0.1388
883,620,1503,0.1388
894,622,1516,0.1388
894,623,1517,0.1388
887,627,1514,0.1388
891,622,1513,0.1388
881,615,1496,0.1388
878,621,1499,0.1388
876,624,1500,0.1388
877,617,1494,0.1388
872,616,1488,0.1388
880,624,1504,0.1388
868,625,1493,0.1388
865,626,1491,0.1388
873,632,1505,0.1388
880,632,1512,0.1388
881,634,1515,0.1388
882,643,1525,0.1388
878,649,1527,0.1388
877,652,1529,0.1388
879,639,1518,0.1388
866,644,1510,0.1388
858,650,1508,0.1388
856,637,1493,0.1388
864,637,1501,0.1388
863,635,1498,0.1388
868,637,1505,0.1388
876,638,1514,0.1388
868,634,1502,0.1388
874,634,1508,0.1388
866,646,1512,0.1388
869,643,1512,0.1388
862,638,1500,0.1388
864,628,1492,0.1388
864,634,1498,0.1388
863,647,1510,0.1388
864,646,1510,0.1388
870,643,1513,0.1388
879,648,1527,0.1388
871,648,1519,0.1388
878,646,1524,0.1388
872,647,1519,0.1388
877,651,1528,0.1388
866,649,1515,0.1388
857,641,1498,0.1388
854,649,1503,0.1388
849,647,1496,0.1388
860,644,1504,0.1388
872,640,1512,0.1388
882,640,1522,0.1388
881,631,1512,0.1388
878,637,1515,0.1388
863,636,1499,0.1388
880,637,1517,0.1388
878,640,1518,0.1388
861,637,1498,0.1388
868,636,1504,0.1388
871,647,1518,0.1388
859,644,1503,0.1388
856,643,1499,0.1388
846,636,1482,0.1388
858,640,1498,0.1388
863,647,1510,0.1388
854,639,1493,0.1388
859,639,1498,0.1388
876,642,1518,0.1388
875,641,1516,0.1388
857,633,1490,0.1388
866,642,1508,0.1388
868,635,1503,0.1388
872,627,1499,0.1388
860,635,1495,0.1388
865,636,1501,0.1388
867,649,1516,0.1388
867,650,1517,0.1388
864,656,1520,0.1388
864,652,1516,0.1388
864,648,1512,0.1388
864,639,1503,0.1388
862,638,1500,0.1388
867,631,1498,0.1388
858,638,1496,0.1388
867,632,1499,0.1388
869,645,1514,0.1388
867,640,1507,0.1388
868,632,1500,0.1388
853,648,1501,0.1388
850,649,1499,0.1388
842,649,1491,0.1388
847,653,1500,0.1388
857,650,1507,0.1388
862,642,1504,0.1388
864,641,1505,0.1388
864,634,1498,0.1388
860,631,1491,0.1388
867,631,1498,0.1388
858,630,1488,0.1388
854,645,1499,0.1388
856,645,1501,0.1388
858,649,1507,0.1388
860,654,1514,0.1388
850,658,1508,0.1388
842,662,1504,0.1388
833,672,1505,0.1388
838,665,1503,0.1388
835,660,1495,0.1388
842,667,1509,0.1388
847,670,1517,0.1388
840,676,1516,0.1388
830,675,1505,0.1388
834,672,1506,0.1388
828,679,1507,0.1388
825,676,1501,0.1388
830,680,1510,0.1388
835,677,1512,0.1388
823,667,1490,0.1388
826,671,1497,0.1388
823,676,1499,0.1388
829,685,1514,0.1388
818,680,1498,0.1388
812,676,1488,0.1388
819,683,1502,0.1388
819,687,1506,0.1388
826,691,1517,0.1388
824,686,1510,0.1388
810,690,1500,0.1388
801,689,1490,0.1388
796,699,1495,0.1388
801,693,1494,0.1388
804,698,1502,0.1388
806,698,1504,0.1388
803,703,1506,0.1388
798,707,1505,0.1388
798,708,1506,0.1388
800,711,1511,0.1388
797,715,1512,0.1388
786,710,1496,0.1388
781,710,1491,0.1388
785,721,1506,0.1388
791,728,1519,0.1388
799,724,1523,0.1388
805,721,1526,0.1388
796,722,1518,0.1388
788,717,1505,0.1388
791,724,1515,0.1388
786,717,1503,0.1388
791,723,1514,0.1388
787,726,1513,0.1388
782,729,1511,0.1388
780,730,1510,0.1388
774,732,1506,0.1388
777,731,1508,0.1388
781,725,1506,0.1388
780,725,1505,0.1388
781,730,1511,0.1388
777,739,1516,0.1388
774,734,1508,0.1388
773,739,1512,0.1388
771,742,1513,0.1388
765,742,1507,0.1388
779,751,1530,0.1388
777,744,1521,0.1388
775,735,1510,0.1388
765,742,1507,0.1388
761,739,1500,0.1388
765,736,1501,0.1388
763,737,1500,0.1388
768,734,1502,0.1388
773,731,1504,0.1388
765,729,1494,0.1388
761,737,1498,0.1388
762,732,1494,0.1388
774,728,1502,0.1388
776,727,1503,0.1388
765,720,1485,0.1388
760,725,1485,0.1388
752,732,1484,0.1388
753,736,1489,0.1388
754,740,1494,0.1388
748,746,1494,0.1388
746,753,1499,0.1388
745,751,1496,0.1388
754,753,1507,0.1388
753,746,1499,0.1388
763,743,1506,0.1388
757,744,1501,0.1388
753,754,1507,0.1388
752,752,1504,0.1388
753,749,1502,0.1388
747,749,1496,0.1388
745,744,1489,0.1388
741,755,1496,0.1388
754,762,1516,0.1388
754,750,1504,0.1388
750,758,1508,0.1388
754,749,1503,0.1388
758,752,1510,0.1388
758,754,1512,0.1388
751,755,1506,0.1388
743,763,1506,0.1388
737,773,1510,0.1388
745,769,1514,0.1388
744,761,1505,0.1388
732,769,1501,0.1388
728,773,1501,0.1388
727,769,1496,0.1388
723,770,1493,0.1388
727,782,1509,0.1388
728,780,1508,0.1388
731,787,1518,0.1388
734,778,1512,0.1388
725,775,1500,0.1388
722,773,1495,0.1388
726,769,1495,0.1388
731,776,1507,0.1388
726,781,1507,0.1388
728,789,1517,0.1388
731,781,1512,0.1388
728,778,1506,0.1388
731,768,1499,0.1388
735,773,1508,0.1388
721,767,1488,0.1388
719,761,1480,0.1388
722,772,1494,0.1388
721,764,1485,0.1388
709,773,1482,0.1388
715,777,1492,0.1388
713,777,1490,0.1388
715,769,1484,0.1388
712,779,1491,0.1388
712,790,1502,0.1388
716,769,1485,0.1388
715,778,1493,0.1388
721,780,1501,0.1388
724,779,1503,0.1388
718,785,1503,0.1388
728,788,1516,0.1388
726,784,1510,0.1388
722,781,1503,0.1388
713,789,1502,0.1388
714,791,1505,0.1388
725,788,1513,0.1388
728,793,1521,0.1388
715,786,1501,0.1388
713,784,1497,0.1388
705,788,1493,0.1388
698,790,1488,0.1388
703,792,1495,0.1388
703,804,1507,0.1388
701,803,1504,0.1388
703,805,1508,0.1388
697,788,1485,0.1388
706,798,1504,0.1388
711,796,1507,0.1388
706,790,1496,0.1388
704,793,1497,0.1388
701,796,1497,0.1388
697,801,1498,0.1388
711,792,1503,0.1388
717,794,1511,0.1388
714,800,1514,0.1388
702,801,1503,0.1388
700,820,1520,0.1388
691,820,1511,0.1388
698,806,1504,0.1388
696,806,1502,0.1388
700,803,1503,0.1388
697,809,1506,0.1388
692,820,1512,0.1388
684,836,1520,0.1388
689,836,1525,0.1388
688,838,1526,0.1388
684,829,1513,0.1388
687,832,1519,0.1388
678,831,1509,0.1388
672,825,1497,0.1388
677,830,1507,0.1388
672,833,1505,0.1388
673,838,1511,0.1388
662,837,1499,0.1388
668,825,1493,0.1388
670,817,1487,0.1388
670,822,1492,0.1388
676,835,1511,0.1388
684,839,1523,0.1388
687,840,1527,0.1388
684,845,1529,0.1388
686,833,1519,0.1388
682,826,1508,0.1388
676,827,1503,0.1388
685,830,1515,0.1388
685,824,1509,0.1388
682,820,1502,0.1388
683,817,1500,0.1388
670,818,1488,0.1388
664,821,1485,0.1388
659,834,1493,0.1388
655,825,1480,0.1388
657,829,1486,0.1388
657,842,1499,0.1388
664,840,1504,0.1388
669,837,1506,0.1388
673,837,1510,0.1388
671,847,1518,0.1388
658,855,1513,0.1388
662,855,1517,0.1388
652,852,1504,0.1388
652,857,1509,0.1388
654,861,1515,0.1388
648,845,1493,0.1388
647,850,1497,0.1388
650,850,1500,0.1388
649,844,1493,0.1388
649,850,1499,0.1388
645,849,1494,0.1388
630,857,1487,0.1388
641,863,1504,0.1388
648,858,1506,0.1388
651,866,1517,0.1388
660,866,1526,0.1388
649,857,1506,0.1388
649,858,1507,0.1388
656,857,1513,0.1388
652,857,1509,0.1388
648,847,1495,0.1388
646,851,1497,0.1388
641,851,1492,0.1388
649,867,1516,0.1388
647,863,1510,0.1388
636,866,1502,0.1388
638,866,1504,0.1388
635,861,1496,0.1388
639,867,1506,0.1388
635,860,1495,0.1388
631,863,1494,0.1388
635,866,1501,0.1388
628,866,1494,0.1388
620,878,1498,0.1388
629,876,1505,0.1388
632,881,1513,0.1388
627,889,1516,0.1388
625,877,1502,0.1388
627,873,1500,0.1388
617,870,1487,0.1388
625,869,1494,0.1388
614,877,1491,0.1388
609,883,1492,0.1388
592,892,1484,0.1388
602,902,1504,0.1388
602,896,1498,0.1388
611,906,1517,0.1388
611,909,1520,0.1388
606,904,1510,0.1388
608,911,1519,0.1388
599,917,1516,0.1388
587,911,1498,0.1388
588,913,1501,0.1388
581,922,1503,0.1388
580,929,1509,0.1388
592,921,1513,0.1388
592,933,1525,0.1388
587,932,1519,0.1388
581,932,1513,0.1388
581,925,1506,0.1388
574,926,1500,0.1388
582,920,1502,0.1388
578,931,1509,0.1388
580,930,1510,0.1388
577,927,1504,0.1388
570,936,1506,0.1388
572,943,1515,0.1388
569,937,1506,0.1388
566,938,1504,0.1388
568,932,1500,0.1388
579,939,1518,0.1388
574,932,1506,0.1388
572,920,1492,0.1388
577,926,1503,0.1388
575,927,1502,0.1388
574,936,1510,0.1388
580,944,1524,0.1388
574,940,1514,0.1388
577,940,1517,0.1388
573,928,1501,0.1388
574,939,1513,0.1388
577,930,1507,0.1388
566,934,1500,0.1388
563,937,1500,0.1388
572,934,1506,0.1388
570,936,1506,0.1388
569,938,1507,0.1388
567,942,1509,0.1388
565,950,1515,0.1388
565,953,1518,0.1388
556,948,1504,0.1388
555,949,1504,0.1388
557,951,1508,0.1388
557,947,1504,0.1388
553,951,1504,0.1388
565,960,1525,0.1388
568,948,1516,0.1388
561,953,1514,0.1388
558,958,1516,0.1388
557,949,1506,0.1388
563,943,1506,0.1388
569,950,1519,0.1388
563,951,1514,0.1388
560,952,1512,0.1388
559,948,1507,0.1388
559,949,1508,0.1388
559,950,1509,0.1388
557,948,1505,0.1388
555,945,1500,0.1388
549,950,1499,0.1388
552,947,1499,0.1388
546,962,1508,0.1388
547,958,1505,0.1388
551,959,1510,0.1388
553,952,1505,0.1388
554,954,1508,0.1388
552,955,1507,0.1388
554,959,1513,0.1388
556,952,1508,0.1388
562,951,1513,0.1388
562,957,1519,0.1388
558,955,1513,0.1388
559,947,1506,0.1388
559,947,1506,0.1388
566,953,1519,0.1388
568,957,1525,0.1388
566,953,1519,0.1388
562,958,1520,0.1388
563,962,1525,0.1388
569,954,1523,0.1388
567,956,1523,0.1388
562,958,1520,0.1388
563,947,1510,0.1388
560,944,1504,0.1388
561,944,1505,0.1388
563,950,1513,0.1388
562,953,1515,0.1388
563,955,1518,0.1388
551,964,1515,0.1388
562,958,1520,0.1388
562,962,1524,0.1388
559,956,1515,0.1388
565,951,1516,0.1388
561,963,1524,0.1388
556,963,1519,0.1388
557,959,1516,0.1388
564,945,1509,0.1388
561,950,1511,0.1388
562,940,1502,0.1388
568,941,1509,0.1388
564,951,1515,0.1388
558,949,1507,0.1388
560,954,1514,0.1388
559,960,1519,0.1388
557,956,1513,0.1388
552,953,1505,0.1388
547,947,1494,0.1388
554,949,1503,0.1388
556,944,1500,0.1388
547,947,1494,0.1388
544,950,1494,0.1388
541,954,1495,0.1388
540,955,1495,0.1388
531,952,1483,0.1388
525,946,1471,0.1388
537,945,1482,0.1388
540,944,1484,0.1388
535,954,1489,0.1388
530,955,1485,0.1388
534,955,1489,0.1388
538,956,1494,0.1388
533,967,1500,0.1388
536,961,1497,0.1388
534,957,1491,0.1388
536,963,1499,0.1388
535,981,1516,0.1388
531,979,1510,0.1388
533,975,1508,0.1388
529,963,1492,0.1388
526,953,1479,0.1388
536,959,1495,0.1388
538,957,1495,0.1388
538,958,1496,0.1388
535,960,1495,0.1388
545,956,1501,0.1388
538,964,1502,0.1388
548,970,1518,0.1388
536,967,1503,0.1388
541,966,1507,0.1388
534,961,1495,0.1388
534,969,1503,0.1388
529,960,1489,0.1388
537,968,1505,0.1388
534,963,1497,0.1388
534,965,1499,0.1388
528,967,1495,0.1388
531,969,1500,0.1388
533,965,1498,0.1388
536,966,1502,0.1388
532,970,1502,0.1388
527,965,1492,0.1388
528,972,1500,0.1388
522,978,1500,0.1388
522,977,1499,0.1388
524,976,1500,0.1388
528,980,1508,0.1388
526,978,1504,0.1388
527,971,1498,0.1388
527,980,1507,0.1388
526,975,1501,0.1388
526,976,1502,0.1388
525,983,1508,0.1388
523,981,1504,0.1388
516,982,1498,0.1388
529,991,1520,0.1388
527,992,1519,0.1388
520,989,1509,0.1388
521,983,1504,0.1388
517,988,1505,0.1388
514,1003,1517,0.1388
507,1008,1515,0.1388
501,1008,1509,0.1388
506,995,1501,0.1388
506,1002,1508,0.1388
511,994,1505,0.1388
514,1006,1520,0.1388
510,1002,1512,0.1388
511,1007,1518,0.1388
508,1002,1510,0.1388
513,1006,1519,0.1388
513,994,1507,0.1388
507,994,1501,0.1388
517,992,1509,0.1388
516,994,1510,0.1388
521,1000,1521,0.1388
520,992,1512,0.1388
516,979,1495,0.1388
501,996,1497,0.1388
500,1006,1506,0.1388
501,1010,1511,0.1388
497,1014,1511,0.1388
498,1019,1517,0.1388
494,1015,1509,0.1388
493,1019,1512,0.1388
489,1014,1503,0.1388
494,1016,1510,0.1388
495,1012,1507,0.1388
498,1019,1517,0.1388
491,1025,1516,0.1388
497,1022,1519,0.1388
494,1025,1519,0.1388
492,1031,1523,0.1388
490,1030,1520,0.1388
496,1023,1519,0.1388
500,1003,1503,0.1388
502,1008,1510,0.1388
499,1015,1514,0.1388
503,1006,1509,0.1388
505,1025,1530,0.1388
502,1027,1529,0.1388
500,1027,1527,0.1388
494,1029,1523,0.1388
492,1027,1519,0.1388
482,1024,1506,0.1388
468,1028,1496,0.1388
470,1037,1507,0.1388
480,1036,1516,0.1388
482,1031,1513,0.1388
477,1035,1512,0.1388
484,1034,1518,0.1388
482,1035,1517,0.1388
478,1042,1520,0.1388
471,1043,1514,0.1388
473,1038,1511,0.1388
460,1061,1521,0.1388
465,1057,1522,0.1388
468,1059,1527,0.1388
463,1057,1520,0.1388
465,1044,1509,0.1388
466,1040,1506,0.1388
464,1040,1504,0.1388
466,1043,1509,0.1388
456,1039,1495,0.1388
464,1029,1493,0.1388
468,1024,1492,0.1388
469,1026,1495,0.1388
467,1026,1493,0.1388
467,1014,1481,0.1388
475,1017,1492,0.1388
476,1019,1495,0.1388
475,1017,1492,0.1388
476,1028,1504,0.1388
473,1031,1504,0.1388
476,1021,1497,0.1388
473,1031,1504,0.1388
471,1030,1501,0.1388
471,1028,1499,0.1388
475,1035,1510,0.1388
467,1051,1518,0.1388
463,1048,1511,0.1388
470,1056,1526,0.1388
466,1047,1513,0.1388
462,1042,1504,0.1388
457,1039,1496,0.1388
459,1039,1498,0.1388
465,1048,1513,0.1388
467,1043,1510,0.1388
471,1046,1517,0.1388
473,1048,1521,0.1388
471,1040,1511,0.1388
471,1032,1503,0.1388
469,1021,1490,0.1388
463,1035,1498,0.1388
456,1039,1495,0.1388
454,1043,1497,0.1388
452,1045,1497,0.1388
450,1058,1508,0.1388
457,1064,1521,0.1388
460,1054,1514,0.1388
460,1060,1520,0.1388
461,1062,1523,0.1388
464,1064,1528,0.1388
459,1058,1517,0.1388
449,1059,1508,0.1388
454,1073,1527,0.1388
452,1051,1503,0.1388
450,1047,1497,0.1388
448,1068,1516,0.1388
444,1064,1508,0.1388
437,1065,1502,0.1388
445,1069,1514,0.1388
439,1064,1503,0.1388
442,1060,1502,0.1388
444,1055,1499,0.1388
441,1054,1495,0.1388
445,1053,1498,0.1388
446,1058,1504,0.1388
453,1068,1521,0.1388
444,1063,1507,0.1388
435,1064,1499,0.1388
432,1076,1508,0.1388
427,1085,1512,0.1388
420,1085,1505,0.1388
416,1089,1505,0.1388
421,1084,1505,0.1388
421,1084,1505,0.1388
423,1093,1516,0.1388
427,1097,1524,0.1388
421,1099,1520,0.1388
415,1098,1513,0.1388
414,1090,1504,0.1388
413,1095,1508,0.1388
418,1092,1510,0.1388
419,1090,1509,0.1388
415,1095,1510,0.1388
415,1100,1515,0.1388
407,1097,1504,0.1388
408,1087,1495,0.1388
418,1092,1510,0.1388
418,1096,1514,0.1388
419,1091,1510,0.1388
418,1084,1502,0.1388
417,1089,1506,0.1388
414,1114,1528,0.1388
411,1117,1528,0.1388
414,1106,1520,0.1388
411,1108,1519,0.1388
415,1117,1532,0.1388
417,1118,1535,0.1388
416,1103,1519,0.1388
418,1094,1512,0.1388
421,1106,1527,0.1388
420,1109,1529,0.1388
418,1108,1526,0.1388
410,1110,1520,0.1388
407,1114,1521,0.1388
406,1117,1523,0.1388
408,1108,1516,0.1388
405,1105,1510,0.1388
397,1103,1500,0.1388
398,1098,1496,0.1388
400,1104,1504,0.1388
401,1103,1504,0.1388
399,1098,1497,0.1388
396,1105,1501,0.1388
390,1106,1496,0.1388
394,1109,1503,0.1388
392,1105,1497,0.1388
389,1101,1490,0.1388
388,1112,1500,0.1388
386,1111,1497,0.1388
384,1109,1493,0.1388
382,1124,1506,0.1388
388,1122,1510,0.1388
388,1137,1525,0.1388
391,1131,1522,0.1388
389,1115,1504,0.1388
388,1112,1500,0.1388
377,1131,1508,0.1388
373,1129,1502,0.1388
368,1128,1496,0.1388
372,1147,1519,0.1388
373,1134,1507,0.1388
378,1126,1504,0.1388
373,1143,1516,0.1388
366,1139,1505,0.1388
361,1144,1505,0.1388
359,1147,1506,0.1388
360,1147,1507,0.1388
360,1151,1511,0.1388
370,1153,1523,0.1388
370,1146,1516,0.1388
367,1131,1498,0.1388
356,1135,1491,0.1388
358,1139,1497,0.1388
354,1147,1501,0.1388
357,1151,1508,0.1388
360,1163,1523,0.1388
362,1152,1514,0.1388
363,1156,1519,0.1388
365,1150,1515,0.1388
365,1143,1508,0.1388
367,1161,1528,0.1388
358,1170,1528,0.1388
352,1165,1517,0.1388
355,1170,1525,0.1388
356,1156,1512,0.1388
355,1169,1524,0.1388
355,1163,1518,0.1388
350,1160,1510,0.1388
348,1154,1502,0.1388
349,1161,1510,0.1388
346,1170,1516,0.1388
346,1159,1505,0.1388
346,1158,1504,0.1388
344,1146,1490,0.1388
350,1143,1493,0.1388
350,1140,1490,0.1388
351,1151,1502,0.1388
347,1155,1502,0.1388
347,1170,1517,0.1388
346,1165,1511,0.1388
348,1160,1508,0.1388
343,1162,1505,0.1388
337,1170,1507,0.1388
340,1163,1503,0.1388
350,1158,1508,0.1388
347,1165,1512,0.1388
347,1174,1521,0.1388
350,1161,1511,0.1388
343,1165,1508,0.1388
349,1158,1507,0.1388
347,1160,1507,0.1388
347,1165,1512,0.1388
350,1157,1507,0.1388
345,1144,1489,0.1388
342,1169,1511,0.1388
340,1166,1506,0.1388
338,1167,1505,0.1388
340,1159,1499,0.1388
332,1158,1490,0.1388
328,1156,1484,0.1388
318,1165,1483,0.1388
320,1176,1496,0.1388
321,1180,1501,0.1388
317,1184,1501,0.1388
327,1179,1506,0.1388
327,1178,1505,0.1388
328,1187,1515,0.1388
326,1169,1495,0.1388
326,1182,1508,0.1388
325,1174,1499,0.1388
321,1178,1499,0.1388
324,1175,1499,0.1388
327,1194,1521,0.1388
323,1191,1514,0.1388
318,1182,1500,0.1388
321,1192,1513,0.1388
311,1195,1506,0.1388
309,1202,1511,0.1388
321,1206,1527,0.1388
320,1199,1519,0.1388
314,1188,1502,0.1388
312,1202,1514,0.1388
312,1201,1513,0.1388
308,1196,1504,0.1388
304,1206,1510,0.1388
312,1214,1526,0.1388
310,1210,1520,0.1388
311,1212,1523,0.1388
310,1218,1528,0.1388
306,1218,1524,0.1388
307,1205,1512,0.1388
304,1199,1503,0.1388
298,1201,1499,0.1388
295,1200,1495,0.1388
304,1207,1511,0.1388
303,1208,1511,0.1388
305,1203,1508,0.1388
307,1211,1518,0.1388
302,1202,1504,0.1388
308,1217,1525,0.1388
308,1205,1513,0.1388
302,1210,1512,0.1388
302,1212,1514,0.1388
295,1217,1512,0.1388
295,1218,1513,0.1388
292,1231,1523,0.1388
293,1225,1518,0.1388
289,1223,1512,0.1388
286,1220,1506,0.1388
286,1224,1510,0.1388
284,1221,1505,0.1388
284,1223,1507,0.1388
282,1234,1516,0.1388
278,1231,1509,0.1388
280,1241,1521,0.1388
286,1231,1517,0.1388
285,1237,1522,0.1388
296,1223,1519,0.1388
287,1213,1500,0.1388
285,1219,1504,0.1388
289,1218,1507,0.1388
292,1211,1503,0.1388
286,1215,1501,0.1388
279,1223,1502,0.1388
277,1228,1505,0.1388
268,1221,1489,0.1388
260,1235,1495,0.1388
266,1235,1501,0.1388
276,1224,1500,0.1388
272,1233,1505,0.1388
276,1238,1514,0.1388
266,1248,1514,0.1388
266,1246,1512,0.1388
267,1248,1515,0.1388
272,1247,1519,0.1388
273,1250,1523,0.1388
270,1241,1511,0.1388
268,1246,1514,0.1388
271,1247,1518,0.1388
270,1253,1523,0.1388
271,1248,1519,0.1388
270,1252,1522,0.1388
267,1246,1513,0.1388
262,1246,1508,0.1388
260,1250,1510,0.1388
261,1239,1500,0.1388
255,1237,1492,0.1388
260,1244,1504,0.1388
264,1245,1509,0.1388
263,1257,1520,0.1388
264,1248,1512,0.1388
261,1258,1519,0.1388
258,1254,1512,0.1388
257,1269,1526,0.1388
253,1276,1529,0.1388
253,1275,1528,0.1388
249,1260,1509,0.1388
247,1258,1505,0.1388
249,1260,1509,0.1388
252,1259,1511,0.1388
253,1263,1516,0.1388
251,1262,1513,0.1388
251,1265,1516,0.1388
249,1255,1504,0.1388
249,1250,1499,0.1388
247,1258,1505,0.1388
253,1245,1498,0.1388
251,1255,1506,0.1388
252,1254,1506,0.1388
254,1258,1512,0.1388
251,1252,1503,0.1388
256,1252,1508,0.1388
258,1252,1510,0.1388
262,1249,1511,0.1388
256,1249,1505,0.1388
250,1255,1505,0.1388
251,1259,1510,0.1388
254,1279,1533,0.1388
247,1260,1507,0.1388
245,1273,1518,0.1388
248,1279,1527,0.1388
248,1274,1522,0.1388
252,1277,1529,0.1388
250,1274,1524,0.1388
248,1271,1519,0.1388
247,1262,1509,0.1388
247,1270,1517,0.1388
248,1274,1522,0.1388
244,1272,1516,0.1388
241,1280,1521,0.1388
239,1277,1516,0.1388
239,1283,1522,0.1388
240,1289,1529,0.1388
236,1293,1529,0.1388
232,1293,1525,0.1388
235,1306,1541,0.1388
230,1302,1532,0.1388
228,1295,1523,0.1388
224,1279,1503,0.1388
226,1276,1502,0.1388
224,1291,1515,0.1388
223,1288,1511,0.1388
224,1289,1513,0.1388
226,1285,1511,0.1388
226,1268,1494,0.1388
227,1282,1509,0.1388
224,1282,1506,0.1388
225,1287,1512,0.1388
222,1297,1519,0.1388
222,1293,1515,0.1388
223,1283,1506,0.1388
223,1285,1508,0.1388
218,1291,1509,0.1388
219,1280,1499,0.1388
215,1294,1509,0.1388
218,1299,1517,0.1388
215,1284,1499,0.1388
212,1292,1504,0.1388
205,1284,1489,0.1388
207,1300,1507,0.1388
200,1313,1513,0.1388
198,1307,1505,0.1388
196,1306,1502,0.1388
196,1304,1500,0.1388
196,1319,1515,0.1388
194,1317,1511,0.1388
195,1319,1514,0.1388
195,1321,1516,0.1388
199,1312,1511,0.1388
199,1310,1509,0.1388
202,1311,1513,0.1388
199,1321,1520,0.1388
202,1320,1522,0.1388
204,1329,1533,0.1388
202,1326,1528,0.1388
206,1317,1523,0.1388
207,1324,1531,0.1388
204,1308,1512,0.1388
204,1321,1525,0.1388
207,1312,1519,0.1388
206,1309,1515,0.1388
204,1312,1516,0.1388
200,1306,1506,0.1388
196,1302,1498,0.1388
200,1316,1516,0.1388
199,1314,1513,0.1388
203,1313,1516,0.1388
203,1322,1525,0.1388
200,1319,1519,0.1388
193,1307,1500,0.1388
196,1320,1516,0.1388
196,1300,1496,0.1388
190,1298,1488,0.1388
190,1303,1493,0.1388
194,1308,1502,0.1388
193,1312,1505,0.1388
198,1320,1518,0.1388
195,1327,1522,0.1388
194,1330,1524,0.1388
188,1326,1514,0.1388
193,1331,1524,0.1388
190,1325,1515,0.1388
189,1324,1513,0.1388
186,1334,1520,0.1388
186,1333,1519,0.1388
187,1344,1531,0.1388
191,1329,1520,0.1388
192,1321,1513,0.1388
190,1323,1513,0.1388
192,1318,1510,0.1388
195,1315,1510,0.1388
195,1316,1511,0.1388
199,1312,1511,0.1388
198,1316,1514,0.1388
197,1334,1531,0.1388
197,1336,1533,0.1388
194,1332,1526,0.1388
192,1324,1516,0.1388
190,1336,1526,0.1388
186,1346,1532,0.1388
190,1344,1534,0.1388
189,1350,1539,0.1388
188,1337,1525,0.1388
183,1333,1516,0.1388
186,1321,1507,0.1388
187,1315,1502,0.1388
183,1321,1504,0.1388
181,1332,1513,0.1388
182,1349,1531,0.1388
183,1341,1524,0.1388
185,1334,1519,0.1388
182,1337,1519,0.1388
187,1328,1515,0.1388
184,1327,1511,0.1388
183,1334,1517,0.1388
184,1321,1505,0.1388
186,1336,1522,0.1388
186,1334,1520,0.1388
187,1345,1532,0.1388
186,1348,1534,0.1388
184,1344,1528,0.1388
182,1347,1529,0.1388
178,1343,1521,0.1388
179,1333,1512,0.1388
172,1326,1498,0.1388
172,1334,1506,0.1388
172,1339,1511,0.1388
170,1355,1525,0.1388
170,1355,1525,0.1388
171,1349,1520,0.1388
171,1359,1530,0.1388
171,1349,1520,0.1388
172,1355,1527,0.1388
174,1348,1522,0.1388
172,1346,1518,0.1388
168,1340,1508,0.1388
171,1346,1517,0.1388
169,1352,1521,0.1388
169,1341,1510,0.1388
165,1344,1509,0.1388
163,1345,1508,0.1388
168,1350,1518,0.1388
168,1357,1525,0.1388
168,1358,1526,0.1388
164,1362,1526,0.1388
162,1363,1525,0.1388
162,1360,1522,0.1388
161,1358,1519,0.1388
163,1363,1526,0.1388
157,1355,1512,0.1388
156,1357,1513,0.1388
154,1360,1514,0.1388
158,1350,1508,0.1388
156,1360,1516,0.1388
160,1359,1519,0.1388
158,1365,1523,0.1388
158,1368,1526,0.1388
156,1357,1513,0.1388
151,1364,1515,0.1388
150,1360,1510,0.1388
152,1359,1511,0.1388
148,1351,1499,0.1388
149,1371,1520,0.1388
146,1364,1510,0.1388
145,1370,1515,0.1388
143,1379,1522,0.1388
141,1377,1518,0.1388
143,1369,1512,0.1388
142,1367,1509,0.1388
146,1374,1520,0.1388
146,1374,1520,0.1388
145,1368,1513,0.1388
144,1371,1515,0.1388
145,1370,1515,0.1388
146,1379,1525,0.1388
146,1372,1518,0.1388
144,1374,1518,0.1388
146,1374,1520,0.1388
139,1376,1515,0.1388
139,1378,1517,0.1388
140,1380,1520,0.1388
146,1380,1526,0.1388
143,1377,1520,0.1388
141,1375,1516,0.1388
141,1379,1520,0.1388
141,1375,1516,0.1388
140,1367,1507,0.1388
135,1376,1511,0.1388
140,1367,1507,0.1388
139,1364,1503,0.1388
137,1371,1508,0.1388
142,1362,1504,0.1388
146,1362,1508,0.1388
148,1355,1503,0.1388
149,1364,1513,0.1388
147,1367,1514,0.1388
145,1364,1509,0.1388
145,1361,1506,0.1388
147,1363,1510,0.1388
142,1363,1505,0.1388
138,1361,1499,0.1388
137,1368,1505,0.1388
136,1364,1500,0.1388
135,1378,1513,0.1388
133,1373,1506,0.1388
133,1373,1506,0.1388
133,1374,1507,0.1388
136,1380,1516,0.1388
137,1373,1510,0.1388
138,1376,1514,0.1388
137,1370,1507,0.1388
137,1378,1515,0.1388
137,1367,1504,0.1388
141,1371,1512,0.1388
135,1373,1508,0.1388
133,1374,1507,0.1388
133,1371,1504,0.1388
134,1378,1512,0.1388
138,1382,1520,0.1388
137,1381,1518,0.1388
137,1371,1508,0.1388
137,1367,1504,0.1388
139,1381,1520,0.1388
139,1380,1519,0.1388
139,1379,1518,0.1388
142,1368,1510,0.1388
141,1372,1513,0.1388
146,1370,1516,0.1388
142,1369,1511,0.1388
135,1377,1512,0.1388
134,1383,1517,0.1388
134,1392,1526,0.1388
128,1400,1528,0.1388
134,1400,1534,0.1388
135,1409,1544,0.1388
136,1400,1536,0.1388
136,1395,1531,0.1388
134,1387,1521,0.1388
135,1378,1513,0.1388
132,1373,1505,0.1388
131,1378,1509,0.1388
132,1380,1512,0.1388
130,1383,1513,0.1388
129,1387,1516,0.1388
128,1384,1512,0.1388
127,1374,1501,0.1388
126,1402,1528,0.1388
124,1409,1533,0.1388
122,1408,1530,0.1388
126,1407,1533,0.1388
120,1400,1520,0.1388
119,1397,1516,0.1388
120,1402,1522,0.1388
118,1400,1518,0.1388
115,1407,1522,0.1388
115,1407,1522,0.1388
113,1407,1520,0.1388
109,1401,1510,0.1388
112,1409,1521,0.1388
112,1399,1511,0.1388
111,1403,1514,0.1388
113,1412,1525,0.1388
116,1409,1525,0.1388
116,1410,1526,0.1388
119,1408,1527,0.1388
120,1398,1518,0.1388
123,1411,1534,0.1388
123,1406,1529,0.1388
122,1409,1531,0.1388
119,1395,1514,0.1388
117,1397,1514,0.1388
119,1388,1507,0.1388
116,1380,1496,0.1388
115,1384,1499,0.1388
115,1390,1505,0.1388
117,1404,1521,0.1388
113,1402,1515,0.1388
110,1403,1513,0.1388
108,1410,1518,0.1388
108,1411,1519,0.1388
108,1416,1524,0.1388
113,1425,1538,0.1388
116,1402,1518,0.1388
117,1404,1521,0.1388
117,1404,1521,0.1388
117,1408,1525,0.1388
113,1396,1509,0.1388
114,1399,1513,0.1388
112,1395,1507,0.1388
116,1394,1510,0.1388
114,1401,1515,0.1388
115,1396,1511,0.1388
122,1404,1526,0.1388
125,1409,1534,0.1388
121,1412,1533,0.1388
123,1403,1526,0.1388
125,1401,1526,0.1388
124,1394,1518,0.1388
127,1393,1520,0.1388
124,1397,1521,0.1388
123,1383,1506,0.1388
124,1385,1509,0.1388
126,1394,1520,0.1388
123,1406,1529,0.1388
122,1404,1526,0.1388
122,1395,1517,0.1388
125,1401,1526,0.1388
124,1393,1517,0.1388
123,1383,1506,0.1388
125,1387,1512,0.1388
128,1393,1521,0.1388
127,1401,1528,0.1388
126,1398,1524,0.1388
124,1393,1517,0.1388
126,1389,1515,0.1388
125,1377,1502,0.1388
125,1374,1499,0.1388
126,1381,1507,0.1388
121,1379,1500,0.1388
119,1387,1506,0.1388
118,1381,1499,0.1388
121,1394,1515,0.1388
114,1416,1530,0.1388
111,1404,1515,0.1388
112,1401,1513,0.1388
110,1410,1520,0.1388
111,1415,1526,0.1388
112,1414,1526,0.1388
107,1409,1516,0.1388
107,1410,1517,0.1388
108,1410,1518,0.1388
109,1407,1516,0.1388
107,1401,1508,0.1388
108,1409,1517,0.1388
105,1409,1514,0.1388
105,1408,1513,0.1388
101,1407,1508,0.1388
106,1416,1522,0.1388
106,1417,1523,0.1388
106,1414,1520,0.1388
106,1416,1522,0.1388
101,1417,1518,0.1388
105,1414,1519,0.1388
104,1406,1510,0.1388
102,1416,1518,0.1388
100,1411,1511,0.1388
99,1406,1505,0.1388
100,1423,1523,0.1388
101,1423,1524,0.1388
102,1415,1517,0.1388
99,1413,1512,0.1388
101,1416,1517,0.1388
100,1421,1521,0.1388
98,1425,1523,0.1388
100,1428,1528,0.1388
98,1423,1521,0.1388
98,1409,1507,0.1388
99,1412,1511,0.1388
98,1413,1511,0.1388
97,1406,1503,0.1388
98,1401,1499,0.1388
100,1395,1495,0.1388
94,1397,1491,0.1388
95,1400,1495,0.1388
94,1409,1503,0.1388
94,1422,1516,0.1388
92,1429,1521,0.1388
94,1420,1514,0.1388
95,1429,1524,0.1388
96,1428,1524,0.1388
96,1423,1519,0.1388
95,1439,1534,0.1388
93,1441,1534,0.1388
92,1437,1529,0.1388
90,1445,1535,0.1388
90,1442,1532,0.1388
91,1444,1535,0.1388
88,1435,1523,0.1388
91,1429,1520,0.1388
93,1424,1517,0.1388
94,1440,1534,0.1388
94,1443,1537,0.1388
95,1434,1529,0.1388
96,1432,1528,0.1388
92,1435,1527,0.1388
94,1437,1531,0.1388
98,1429,1527,0.1388
96,1427,1523,0.1388
96,1424,1520,0.1388
95,1414,1509,0.1388
87,1428,1515,0.1388
83,1430,1513,0.1388
81,1423,1504,0.1388
85,1427,1512,0.1388
85,1433,1518,0.1388
87,1440,1527,0.1388
87,1444,1531,0.1388
82,1446,1528,0.1388
82,1442,1524,0.1388
84,1433,1517,0.1388
82,1432,1514,0.1388
81,1430,1511,0.1388
81,1435,1516,0.1388
80,1443,1523,0.1388
78,1438,1516,0.1388
77,1444,1521,0.1388
75,1436,1511,0.1388
74,1443,1517,0.1388
75,1446,1521,0.1388
74,1436,1510,0.1388
76,1433,1509,0.1388
75,1446,1521,0.1388
77,1435,1512,0.1388
74,1424,1498,0.1388
73,1435,1508,0.1388
71,1438,1509,0.1388
73,1429,1502,0.1388
72,1431,1503,0.1388
74,1443,1517,0.1388
72,1449,1521,0.1388
69,1444,1513,0.1388
66,1454,1520,0.1388
64,1447,1511,0.1388
62,1445,1507,0.1388
62,1449,1511,0.1388
63,1447,1510,0.1388
66,1427,1493,0.1388
66,1429,1495,0.1388
66,1439,1505,0.1388
64,1452,1516,0.1388
61,1451,1512,0.1388
61,1449,1510,0.1388
60,1464,1524,0.1388
59,1457,1516,0.1388
59,1446,1505,0.1388
59,1456,1515,0.1388
61,1445,1506,0.1388
59,1455,1514,0.1388
61,1466,1527,0.1388
57,1467,1524,0.1388
54,1462,1516,0.1388
55,1471,1526,0.1388
56,1452,1508,0.1388
57,1457,1514,0.1388
57,1465,1522,0.1388
59,1478,1537,0.1388
60,1472,1532,0.1388
61,1462,1523,0.1388
59,1469,1528,0.1388
59,1462,1521,0.1388
59,1462,1521,0.1388
58,1458,1516,0.1388
62,1458,1520,0.1388
60,1461,1521,0.1388
59,1466,1525,0.1388
60,1460,1520,0.1388
57,1459,1516,0.1388
60,1474,1534,0.1388
59,1470,1529,0.1388
55,1467,1522,0.1388
53,1462,1515,0.1388
54,1468,1522,0.1388
53,1454,1507,0.1388
56,1462,1518,0.1388
58,1461,1519,0.1388
54,1471,1525,0.1388
53,1466,1519,0.1388
53,1464,1517,0.1388
50,1479,1529,0.1388
50,1456,1506,0.1388
50,1435,1485,0.1388
53,1441,1494,0.1388
52,1450,1502,0.1388
52,1450,1502,0.1388
53,1471,1524,0.1388
51,1481,1532,0.1388
50,1475,1525,0.1388
47,1482,1529,0.1388
49,1462,1511,0.1388
48,1460,1508,0.1388
49,1465,1514,0.1388
50,1476,1526,0.1388
51,1476,1527,0.1388
49,1468,1517,0.1388
49,1456,1505,0.1388
49,1460,1509,0.1388
50,1465,1515,0.1388
50,1471,1521,0.1388
49,1459,1508,0.1388
51,1450,1501,0.1388
52,1470,1522,0.1388
51,1478,1529,0.1388
52,1478,1530,0.1388
51,1472,1523,0.1388
52,1460,1512,0.1388
52,1462,1514,0.1388
52,1455,1507,0.1388
53,1459,1512,0.1388
53,1465,1518,0.1388
54,1479,1533,0.1388
54,1469,1523,0.1388
55,1464,1519,0.1388
54,1458,1512,0.1388
54,1467,1521,0.1388
53,1458,1511,0.1388
53,1464,1517,0.1388
51,1462,1513,0.1388
52,1483,1535,0.1388
52,1475,1527,0.1388
52,1467,1519,0.1388
52,1468,1520,0.1388
52,1463,1515,0.1388
51,1468,1519,0.1388
54,1456,1510,0.1388
55,1472,1527,0.1388
54,1473,1527,0.1388
56,1466,1522,0.1388
54,1470,1524,0.1388
55,1466,1521,0.1388
55,1463,1518,0.1388
55,1466,1521,0.1388
54,1459,1513,0.1388
53,1460,1513,0.1388
52,1470,1522,0.1388
51,1472,1523,0.1388
48,1470,1518,0.1388
50,1462,1512,0.1388
49,1465,1514,0.1388
49,1451,1500,0.1388
50,1454,1504,0.1388
49,1458,1507,0.1388
50,1467,1517,0.1388
51,1476,1527,0.1388
49,1471,1520,0.1388
49,1473,1522,0.1388
50,1475,1525,0.1388
50,1474,1524,0.1388
51,1470,1521,0.1388
52,1452,1504,0.1388
48,1465,1513,0.1388
47,1457,1504,0.1388
49,1455,1504,0.1388
47,1473,1520,0.1388
47,1473,1520,0.1388
48,1462,1510,0.1388
51,1465,1516,0.1388
51,1461,1512,0.1388
50,1458,1508,0.1388
51,1451,1502,0.1388
50,1461,1511,0.1388
48,1475,1523,0.1388
45,1475,1520,0.1388
43,1471,1514,0.1388
42,1481,1523,0.1388
40,1475,1515,0.1388
42,1474,1516,0.1388
43,1465,1508,0.1388
42,1454,1496,0.1388
44,1462,1506,0.1388
45,1472,1517,0.1388
42,1469,1511,0.1388
43,1461,1504,0.1388
45,1468,1513,0.1388
46,1471,1517,0.1388
45,1462,1507,0.1388
44,1472,1516,0.1388
45,1475,1520,0.1388
44,1485,1529,0.1388
43,1475,1518,0.1388
42,1478,1520,0.1388
41,1452,1493,0.1388
41,1454,1495,0.1388
40,1469,1509,0.1388
42,1476,1518,0.1388
41,1480,1521,0.1388
41,1480,1521,0.1388
41,1475,1516,0.1388
41,1471,1512,0.1388
42,1474,1516,0.1388
43,1471,1514,0.1388
43,1469,1512,0.1388
43,1466,1509,0.1388
41,1468,1509,0.1388
41,1471,1512,0.1388
42,1477,1519,0.1388
43,1471,1514,0.1388
44,1471,1515,0.1388
45,1477,1522,0.1388
45,1475,1520,0.1388
45,1472,1517,0.1388
45,1475,1520,0.1388
44,1471,1515,0.1388
44,1468,1512,0.1388
44,1470,1514,0.1388
43,1458,1501,0.1388
43,1475,1518,0.1388
44,1473,1517,0.1388
45,1471,1516,0.1388
43,1467,1510,0.1388
45,1473,1518,0.1388
42,1480,1522,0.1388
42,1487,1529,0.1388
42,1473,1515,0.1388
43,1460,1503,0.1388
42,1454,1496,0.1388
40,1467,1507,0.1388
40,1473,1513,0.1388
42,1491,1533,0.1388
42,1493,1535,0.1388
40,1495,1535,0.1388
40,1479,1519,0.1388
40,1486,1526,0.1388
40,1486,1526,0.1388
40,1481,1521,0.1388
41,1474,1515,0.1388
41,1473,1514,0.1388
42,1459,1501,0.1388
41,1463,1504,0.1388
41,1473,1514,0.1388
43,1467,1510,0.1388
44,1465,1509,0.1388
46,1460,1506,0.1388
46,1470,1516,0.1388
47,1472,1519,0.1388
46,1473,1519,0.1388
45,1468,1513,0.1388
48,1448,1496,0.1388
48,1446,1494,0.1388
45,1452,1497,0.1388
43,1455,1498,0.1388
44,1473,1517,0.1388
44,1463,1507,0.1388
46,1468,1514,0.1388
48,1470,1518,0.1388
46,1452,1498,0.1388
44,1466,1510,0.1388
44,1471,1515,0.1388
44,1485,1529,0.1388
44,1479,1523,0.1388
41,1485,1526,0.1388
40,1487,1527,0.1388
40,1472,1512,0.1388
42,1484,1526,0.1388
40,1491,1531,0.1388
40,1489,1529,0.1388
40,1493,1533,0.1388
40,1484,1524,0.1388
42,1472,1514,0.1388
43,1458,1501,0.1388
42,1461,1503,0.1388
42,1477,1519,0.1388
40,1472,1512,0.1388
40,1471,1511,0.1388
40,1477,1517,0.1388
41,1486,1527,0.1388
41,1495,1536,0.1388
40,1474,1514,0.1388
43,1468,1511,0.1388
42,1462,1504,0.1388
43,1473,1516,0.1388
43,1468,1511,0.1388
40,1466,1506,0.1388
41,1478,1519,0.1388
41,1470,1511,0.1388
42,1461,1503,0.1388
42,1477,1519,0.1388
41,1480,1521,0.1388
41,1481,1522,0.1388
43,1481,1524,0.1388
43,1478,1521,0.1388
43,1478,1521,0.1388
42,1476,1518,0.1388
41,1472,1513,0.1388
40,1467,1507,0.1388
39,1461,1500,0.1388
39,1469,1508,0.1388
39,1477,1516,0.1388
38,1487,1525,0.1388
36,1486,1522,0.1388
35,1497,1532,0.1388
34,1488,1522,0.1388
34,1496,1530,0.1388
34,1492,1526,0.1388
34,1495,1529,0.1388
34,1491,1525,0.1388
34,1488,1522,0.1388
34,1497,1531,0.1388
34,1477,1511,0.1388
35,1475,1510,0.1388
32,1477,1509,0.1388
31,1479,1510,0.1388
30,1486,1516,0.1388
30,1482,1512,0.1388
31,1483,1514,0.1388
32,1477,1509,0.1388
33,1473,1506,0.1388
34,1478,1512,0.1388
32,1483,1515,0.1388
32,1493,1525,0.1388
31,1485,1516,0.1388
31,1485,1516,0.1388
33,1482,1515,0.1388
33,1483,1516,0.1388
33,1470,1503,0.1388
32,1487,1519,0.1388
34,1483,1517,0.1388
34,1481,1515,0.1388
33,1473,1506,0.1388
33,1488,1521,0.1388
33,1484,1517,0.1388
33,1487,1520,0.1388
32,1488,1520,0.1388
30,1496,1526,0.1388
30,1502,1532,0.1388
30,1482,1512,0.1388
26,1478,1504,0.1388
26,1498,1524,0.1388
25,1501,1526,0.1388
25,1486,1511,0.1388
25,1498,1523,0.1388
25,1501,1526,0.1388
25,1502,1527,0.1388
24,1488,1512,0.1388
24,1479,1503,0.1388
25,1485,1510,0.1388
26,1482,1508,0.1388
25,1477,1502,0.1388
26,1492,1518,0.1388
26,1483,1509,0.1388
28,1486,1514,0.1388
28,1484,1512,0.1388
29,1489,1518,0.1388
29,1495,1524,0.1388
30,1490,1520,0.1388
31,1475,1506,0.1388
29,1474,1503,0.1388
29,1467,1496,0.1388
31,1477,1508,0.1388
33,1473,1506,0.1388
32,1487,1519,0.1388
32,1493,1525,0.1388
32,1480,1512,0.1388
33,1479,1512,0.1388
31,1487,1518,0.1388
31,1486,1517,0.1388
31,1486,1517,0.1388
31,1487,1518,0.1388
31,1461,1492,0.1388
29,1462,1491,0.1388
26,1482,1508,0.1388
26,1478,1504,0.1388
27,1483,1510,0.1388
27,1483,1510,0.1388
27,1480,1507,0.1388
25,1480,1505,0.1388
26,1493,1519,0.1388
24,1503,1527,0.1388
24,1502,1526,0.1388
23,1500,1523,0.1388
22,1485,1507,0.1388
22,1495,1517,0.1388
22,1484,1506,0.1388
22,1489,1511,0.1388
22,1484,1506,0.1388
21,1475,1496,0.1388
21,1487,1508,0.1388
22,1500,1522,0.1388
22,1490,1512,0.1388
23,1504,1527,0.1388
24,1498,1522,0.1388
24,1489,1513,0.1388
22,1498,1520,0.1388
22,1501,1523,0.1388
22,1497,1519,0.1388
21,1513,1534,0.1388
21,1500,1521,0.1388
21,1497,1518,0.1388
20,1497,1517,0.1388
20,1505,1525,0.1388
19,1505,1524,0.1388
19,1514,1533,0.1388
20,1505,1525,0.1388
20,1508,1528,0.1388
19,1508,1527,0.1388
20,1507,1527,0.1388
19,1506,1525,0.1388
19,1507,1526,0.1388
20,1499,1519,0.1388
20,1503,1523,0.1388
21,1507,1528,0.1388
21,1500,1521,0.1388
21,1499,1520,0.1388
21,1500,1521,0.1388
20,1502,1522,0.1388
20,1500,1520,0.1388
21,1507,1528,0.1388
20,1498,1518,0.1388
21,1497,1518,0.1388
22,1489,1511,0.1388
22,1486,1508,0.1388
21,1492,1513,0.1388
18,1502,1520,0.1388
18,1491,1509,0.1388
18,1501,1519,0.1388
16,1506,1522,0.1388
15,1493,1508,0.1388
16,1505,1521,0.1388
16,1491,1507,0.1388
16,1507,1523,0.1388
15,1507,1522,0.1388
14,1493,1507,0.1388
14,1503,1517,0.1388
13,1497,1510,0.1388
15,1493,1508,0.1388
16,1517,1533,0.1388
15,1516,1531,0.1388
15,1519,1534,0.1388
15,1514,1529,0.1388
15,1507,1522,0.1388
14,1509,1523,0.1388
14,1506,1520,0.1388
13,1502,1515,0.1388
13,1507,1520,0.1388
13,1497,1510,0.1388
14,1506,1520,0.1388
14,1500,1514,0.1388
14,1518,1532,0.1388
14,1508,1522,0.1388
14,1514,1528,0.1388
14,1509,1523,0.1388
13,1520,1533,0.1388
13,1510,1523,0.1388
13,1504,1517,0.1388
12,1517,1529,0.1388
13,1495,1508,0.1388
14,1510,1524,0.1388
13,1510,1523,0.1388
13,1506,1519,0.1388
14,1505,1519,0.1388
12,1515,1527,0.1388
12,1516,1528,0.1388
12,1504,1516,0.1388
12,1502,1514,0.1388
12,1506,1518,0.1388
12,1518,1530,0.1388
12,1503,1515,0.1388
11,1503,1514,0.1388
10,1488,1498,0.1388
10,1497,1507,0.1388
12,1479,1491,0.1388
13,1496,1509,0.1388
12,1502,1514,0.1388
12,1512,1524,0.1388
11,1519,1530,0.1388
10,1505,1515,0.1388
9,1512,1521,0.1388
7,1508,1515,0.1388
7,1520,1527,0.1388
8,1522,1530,0.1388
8,1520,1528,0.1388
8,1514,1522,0.1388
8,1507,1515,0.1388
7,1515,1522,0.1388
7,1519,1526,0.1388
7,1511,1518,0.1388
7,1502,1509,0.1388
6,1502,1508,0.1388
6,1509,1515,0.1388
6,1517,1523,0.1388
5,1492,1497,0.1388
5,1499,1504,0.1388
6,1513,1519,0.1388
6,1510,1516,0.1388
6,1521,1527,0.1388
6,1513,1519,0.1388
5,1498,1503,0.1388
5,1518,1523,0.1388
5,1526,1531,0.1388
5,1510,1515,0.1388
4,1511,1515,0.1388
4,1507,1511,0.1388
4,1513,1517,0.1388
4,1511,1515,0.1388
4,1514,1518,0.1388
4,1525,1529,0.1388
4,1513,1517,0.1388
4,1517,1521,0.1388
5,1522,1527,0.1388
5,1523,1528,0.1388
5,1522,1527,0.1388
5,1513,1518,0.1388
5,1507,1512,0.1388
5,1504,1509,0.1388
5,1503,1508,0.1388
4,1509,1513,0.1388
4,1500,1504,0.1388
4,1495,1499,0.1388
2,1501,1503,0.1388
3,1506,1509,0.1388
3,1513,1516,0.1388
3,1516,1519,0.1388
3,1515,1518,0.1388
3,1516,1519,0.1388
3,1511,1514,0.1388
3,1508,1511,0.1388
3,1521,1524,0.1388
3,1509,1512,0.1388
3,1509,1512,0.1388
3,1518,1521,0.1388
3,1519,1522,0.1388
3,1508,1511,0.1388
2,1525,1527,0.1388
2,1513,1515,0.1388
2,1526,1528,0.1388
2,1522,1524,0.1388
2,1506,1508,0.1388
2,1505,1507,0.1388
2,1499,1501,0.1388
2,1501,1503,0.1388
2,1514,1516,0.1388
2,1514,1516,0.1388
2,1513,1515,0.1388
2,1503,1505,0.1388
2,1500,1502,0.1388
2,1500,1502,0.1388
2,1515,1517,0.1388
2,1517,1519,0.1388
2,1513,1515,0.1388
2,1524,1526,0.1388
2,1520,1522,0.1388
2,1525,1527,0.1388
2,1511,1513,0.1388
2,1504,1506,0.1388
2,1503,1505,0.1388
2,1505,1507,0.1388
2,1497,1499,0.1388
2,1509,1511,0.1388
2,1518,1520,0.1388
2,1516,1518,0.1388
2,1511,1513,0.1388
2,1508,1510,0.1388
2,1518,1520,0.1388
2,1513,1515,0.1388
2,1519,1521,0.1388
2,1525,1527,0.1388
2,1525,1527,0.1388
2,1516,1518,0.1388
2,1515,1517,0.1388
1,1517,1518,0.1388
1,1513,1514,0.1388
1,1512,1513,0.1388
1,1513,1514,0.1388
1,1519,1520,0.1388
1,1520,1521,0.1388
1,1524,1525,0.1388
1,1511,1512,0.1388
1,1520,1521,0.1388
1,1518,1519,0.1388
1,1521,1522,0.1388
1,1513,1514,0.1388
1,1524,1525,0.1388
1,1520,1521,0.1388
1,1522,1523,0.1388
1,1516,1517,0.1388
1,1511,1512,0.1388
1,1498,1499,0.1388
1,1511,1512,0.1388
1,1496,1497,0.1388
1,1490,1491,0.1388
1,1495,1496,0.1388
1,1512,1513,0.1388
1,1503,1504,0.1388
1,1504,1505,0.1388
1,1510,1511,0.1388
1,1513,1514,0.1388
1,1530,1531,0.1388
1,1522,1523,0.1388
1,1531,1532,0.1388
1,1529,1530,0.1388
1,1527,1528,0.1388
1,1528,1529,0.1388
1,1529,1530,0.1388
1,1509,1510,0.1388
1,1518,1519,0.1388
1,1517,1518,0.1388
1,1515,1516,0.1388
1,1512,1513,0.1388
1,1500,1501,0.1388
1,1506,1507,0.1388
1,1505,1506,0.1388
1,1508,1509,0.1388
1,1500,1501,0.1388
1,1510,1511,0.1388
1,1511,1512,0.1388
1,1508,1509,0.1388
1,1534,1535,0.1388
1,1518,1519,0.1388
1,1512,1513,0.1388
1,1530,1531,0.1388
1,1527,1528,0.1388
1,1521,1522,0.1388
0,1526,1526,0.1388
