1355,26,1381,0.1388
1384,26,1410,0.1388
1388,26,1414,0.1388
1422,26,1448,0.1388
1446,28,1474,0.1388
1451,29,1480,0.1388
1446,29,1475,0.1388
1466,30,1496,0.1388
1449,32,1481,0.1388
1451,35,1486,0.1388
1457,37,1494,0.1388
1448,37,1485,0.1388
1456,36,1492,0.1388
1456,36,1492,0.1388
1453,38,1491,0.1388
1457,40,1497,0.1388
1445,40,1485,0.1388
1443,42,1485,0.1388
1445,41,1486,0.1388
1445,44,1489,0.1388
1452,45,1497,0.1388
1442,44,1486,0.1388
1438,42,1480,0.1388
1433,42,1475,0.1388
1453,41,1494,0.1388
1458,44,1502,0.1388
1464,46,1510,0.1388
1465,42,1507,0.1388
1459,41,1500,0.1388
1458,38,1496,0.1388
1455,38,1493,0.1388
1463,37,1500,0.1388
1446,38,1484,0.1388
1447,37,1484,0.1388
1436,40,1476,0.1388
1442,41,1483,0.1388
1454,41,1495,0.1388
1458,40,1498,0.1388
1450,39,1489,0.1388
1441,37,1478,0.1388
1449,37,1486,0.1388
1458,38,1496,0.1388
1457,38,1495,0.1388
1464,39,1503,0.1388
1458,40,1498,0.1388
1449,42,1491,0.1388
1448,40,1488,0.1388
1444,42,1486,0.1388
1445,44,1489,0.1388
1459,43,1502,0.1388
1461,43,1504,0.1388
1451,40,1491,0.1388
1451,42,1493,0.1388
1446,44,1490,0.1388
1445,42,1487,0.1388
1463,42,1505,0.1388
1456,41,1497,0.1388
1447,43,1490,0.1388
1447,42,1489,0.1388
1453,43,1496,0.1388
1449,43,1492,0.1388
1456,42,1498,0.1388
1459,44,1503,0.1388
1465,44,1509,0.1388
1458,42,1500,0.1388
1451,44,1495,0.1388
1441,43,1484,0.1388
1446,43,1489,0.1388
1461,45,1506,0.1388
1451,46,1497,0.1388
1448,49,1497,0.1388
1435,47,1482,0.1388
1446,48,1494,0.1388
1441,46,1487,0.1388
1440,45,1485,0.1388
1447,44,1491,0.1388
1452,45,1497,0.1388
1445,46,1491,0.1388
1447,44,1491,0.1388
1451,45,1496,0.1388
1462,45,1507,0.1388
1464,43,1507,0.1388
1459,43,1502,0.1388
1460,42,1502,0.1388
1458,46,1504,0.1388
1465,46,1511,0.1388
1461,44,1505,0.1388
1461,45,1506,0.1388
1449,45,1494,0.1388
1442,44,1486,0.1388
1444,42,1486,0.1388
1439,45,1484,0.1388
1444,45,1489,0.1388
1445,47,1492,0.1388
1456,46,1502,0.1388
1443,45,1488,0.1388
1443,46,1489,0.1388
1446,45,1491,0.1388
1444,46,1490,0.1388
1430,49,1479,0.1388
1441,51,1492,0.1388
1446,50,1496,0.1388
1447,51,1498,0.1388
1426,51,1477,0.1388
1435,52,1487,0.1388
1450,52,1502,0.1388
1454,53,1507,0.1388
1454,52,1506,0.1388
1444,54,1498,0.1388
1445,55,1500,0.1388
1439,56,1495,0.1388
1443,54,1497,0.1388
1429,53,1482,0.1388
1422,53,1475,0.1388
1435,55,1490,0.1388
1440,55,1495,0.1388
1436,54,1490,0.1388
1441,56,1497,0.1388
1441,56,1497,0.1388
1440,56,1496,0.1388
1445,59,1504,0.1388
1438,57,1495,0.1388
1430,57,1487,0.1388
1442,58,1500,0.1388
1436,63,1499,0.1388
1435,62,1497,0.1388
1425,65,1490,0.1388
1408,64,1472,0.1388
1411,65,1476,0.1388
1411,66,1477,0.1388
1424,67,1491,0.1388
1426,68,1494,0.1388
1431,66,1497,0.1388
1434,68,1502,0.1388
1425,67,1492,0.1388
1431,62,1493,0.1388
1446,61,1507,0.1388
1435,61,1496,0.1388
1426,67,1493,0.1388
1433,69,1502,0.1388
1417,73,1490,0.1388
1423,73,1496,0.1388
1422,76,1498,0.1388
1418,75,1493,0.1388
1420,71,1491,0.1388
1418,70,1488,0.1388
1420,70,1490,0.1388
1418,73,1491,0.1388
1424,74,1498,0.1388
1420,78,1498,0.1388
1405,80,1485,0.1388
1410,81,1491,0.1388
1414,78,1492,0.1388
1417,80,1497,0.1388
1418,82,1500,0.1388
1399,79,1478,0.1388
1417,81,1498,0.1388
1412,85,1497,0.1388
1410,88,1498,0.1388
1409,87,1496,0.1388
1409,87,1496,0.1388
1418,88,1506,0.1388
1409,85,1494,0.1388
1412,84,1496,0.1388
1421,81,1502,0.1388
1434,82,1516,0.1388
1439,84,1523,0.1388
1436,82,1518,0.1388
1423,79,1502,0.1388
1416,81,1497,0.1388
1412,89,1501,0.1388
1405,89,1494,0.1388
1423,92,1515,0.1388
1414,94,1508,0.1388
1402,93,1495,0.1388
1415,92,1507,0.1388
1402,91,1493,0.1388
1398,90,1488,0.1388
1400,92,1492,0.1388
1402,93,1495,0.1388
1402,99,1501,0.1388
1400,99,1499,0.1388
1391,102,1493,0.1388
1402,101,1503,0.1388
1394,99,1493,0.1388
1396,96,1492,0.1388
1395,96,1491,0.1388
1404,97,1501,0.1388
1409,94,1503,0.1388
1407,95,1502,0.1388
1404,97,1501,0.1388
1405,95,1500,0.1388
1401,97,1498,0.1388
1379,98,1477,0.1388
1381,96,1477,0.1388
1375,98,1473,0.1388
1382,96,1478,0.1388
1393,100,1493,0.1388
1396,95,1491,0.1388
1396,99,1495,0.1388
1400,96,1496,0.1388
1405,98,1503,0.1388
1409,99,1508,0.1388
1414,97,1511,0.1388
1409,96,1505,0.1388
1387,98,1485,0.1388
1379,100,1479,0.1388
1363,103,1466,0.1388
1365,102,1467,0.1388
1371,104,1475,0.1388
1376,103,1479,0.1388
1372,100,1472,0.1388
1373,100,1473,0.1388
1390,100,1490,0.1388
1399,98,1497,0.1388
1398,99,1497,0.1388
1394,99,1493,0.1388
1384,99,1483,0.1388
1378,102,1480,0.1388
1393,98,1491,0.1388
1395,98,1493,0.1388
1387,96,1483,0.1388
1379,98,1477,0.1388
1378,100,1478,0.1388
1378,102,1480,0.1388
1382,101,1483,0.1388
1377,100,1477,0.1388
1375,98,1473,0.1388
1374,101,1475,0.1388
1390,102,1492,0.1388
1394,100,1494,0.1388
1415,100,1515,0.1388
1411,98,1509,0.1388
1418,94,1512,0.1388
1403,95,1498,0.1388
1409,96,1505,0.1388
1412,97,1509,0.1388
1413,98,1511,0.1388
1410,99,1509,0.1388
1405,97,1502,0.1388
1407,93,1500,0.1388
1415,99,1514,0.1388
1411,98,1509,0.1388
1410,98,1508,0.1388
1421,95,1516,0.1388
1414,96,1510,0.1388
1414,94,1508,0.1388
1412,98,1510,0.1388
1395,96,1491,0.1388
1401,95,1496,0.1388
1407,96,1503,0.1388
1418,101,1519,0.1388
1416,98,1514,0.1388
1398,99,1497,0.1388
1399,99,1498,0.1388
1410,94,1504,0.1388
1411,94,1505,0.1388
1407,95,1502,0.1388
1408,96,1504,0.1388
1394,91,1485,0.1388
1405,91,1496,0.1388
1401,94,1495,0.1388
1389,93,1482,0.1388
1403,89,1492,0.1388
1403,91,1494,0.1388
1404,93,1497,0.1388
1409,94,1503,0.1388
1419,95,1514,0.1388
1403,98,1501,0.1388
1400,96,1496,0.1388
1404,94,1498,0.1388
1408,89,1497,0.1388
1409,93,1502,0.1388
1397,95,1492,0.1388
1392,98,1490,0.1388
1388,97,1485,0.1388
1397,99,1496,0.1388
1393,101,1494,0.1388
1383,97,1480,0.1388
1383,101,1484,0.1388
1396,104,1500,0.1388
1400,101,1501,0.1388
1408,101,1509,0.1388
1399,98,1497,0.1388
1392,98,1490,0.1388
1393,95,1488,0.1388
1402,89,1491,0.1388
1416,91,1507,0.1388
1410,94,1504,0.1388
1409,94,1503,0.1388
1408,94,1502,0.1388
1398,91,1489,0.1388
1399,90,1489,0.1388
1407,91,1498,0.1388
1411,87,1498,0.1388
1398,92,1490,0.1388
1406,90,1496,0.1388
1403,89,1492,0.1388
1417,90,1507,0.1388
1413,94,1507,0.1388
1422,96,1518,0.1388
1406,97,1503,0.1388
1386,96,1482,0.1388
1376,98,1474,0.1388
1385,97,1482,0.1388
1378,95,1473,0.1388
1381,95,1476,0.1388
1388,95,1483,0.1388
1380,98,1478,0.1388
1391,97,1488,0.1388
1383,98,1481,0.1388
1389,102,1491,0.1388
1385,103,1488,0.1388
1387,104,1491,0.1388
1408,102,1510,0.1388
1411,102,1513,0.1388
1395,102,1497,0.1388
1396,98,1494,0.1388
1399,102,1501,0.1388
1393,107,1500,0.1388
1374,106,1480,0.1388
1376,108,1484,0.1388
1378,108,1486,0.1388
1372,109,1481,0.1388
1374,112,1486,0.1388
1371,114,1485,0.1388
1377,122,1499,0.1388
1378,118,1496,0.1388
1381,121,1502,0.1388
1370,121,1491,0.1388
1390,126,1516,0.1388
1384,124,1508,0.1388
1377,128,1505,0.1388
1376,131,1507,0.1388
1375,129,1504,0.1388
1357,127,1484,0.1388
1348,130,1478,0.1388
1348,127,1475,0.1388
1336,127,1463,0.1388
1358,127,1485,0.1388
1369,128,1497,0.1388
1377,129,1506,0.1388
1374,129,1503,0.1388
1371,127,1498,0.1388
1366,129,1495,0.1388
1372,129,1501,0.1388
1357,129,1486,0.1388
1354,130,1484,0.1388
1346,134,1480,0.1388
1345,136,1481,0.1388
1358,132,1490,0.1388
1367,135,1502,0.1388
1355,131,1486,0.1388
1358,132,1490,0.1388
1365,133,1498,0.1388
1370,130,1500,0.1388
1373,131,1504,0.1388
1363,132,1495,0.1388
1363,130,1493,0.1388
1358,135,1493,0.1388
1353,135,1488,0.1388
1349,134,1483,0.1388
1354,130,1484,0.1388
1351,131,1482,0.1388
1358,134,1492,0.1388
1367,135,1502,0.1388
1360,139,1499,0.1388
1351,138,1489,0.1388
1350,141,1491,0.1388
1344,142,1486,0.1388
1346,143,1489,0.1388
1353,144,1497,0.1388
1354,145,1499,0.1388
1352,146,1498,0.1388
1350,143,1493,0.1388
1358,141,1499,0.1388
1357,141,1498,0.1388
1347,142,1489,0.1388
1330,141,1471,0.1388
1338,144,1482,0.1388
1345,143,1488,0.1388
1355,143,1498,0.1388
1362,143,1505,0.1388
1354,143,1497,0.1388
1339,142,1481,0.1388
1345,143,1488,0.1388
1338,143,1481,0.1388
1355,139,1494,0.1388
1355,137,1492,0.1388
1358,136,1494,0.1388
1361,134,1495,0.1388
1349,135,1484,0.1388
1348,130,1478,0.1388
1353,135,1488,0.1388
1359,137,1496,0.1388
1342,135,1477,0.1388
1353,136,1489,0.1388
1356,135,1491,0.1388
1350,139,1489,0.1388
1353,142,1495,0.1388
1352,144,1496,0.1388
1365,140,1505,0.1388
1367,140,1507,0.1388
1367,142,1509,0.1388
1346,140,1486,0.1388
1347,141,1488,0.1388
1336,140,1476,0.1388
1330,144,1474,0.1388
1333,153,1486,0.1388
1332,153,1485,0.1388
1330,154,1484,0.1388
1341,155,1496,0.1388
1341,156,1497,0.1388
1333,156,1489,0.1388
1349,152,1501,0.1388
1349,153,1502,0.1388
1347,156,1503,0.1388
1356,147,1503,0.1388
1342,149,1491,0.1388
1337,143,1480,0.1388
1333,149,1482,0.1388
1333,150,1483,0.1388
1332,149,1481,0.1388
1341,157,1498,0.1388
1332,156,1488,0.1388
1330,155,1485,0.1388
1334,158,1492,0.1388
1347,158,1505,0.1388
1339,154,1493,0.1388
1351,164,1515,0.1388
1342,168,1510,0.1388
1331,166,1497,0.1388
1332,171,1503,0.1388
1334,167,1501,0.1388
1328,170,1498,0.1388
1329,168,1497,0.1388
1335,170,1505,0.1388
1334,173,1507,0.1388
1325,170,1495,0.1388
1325,166,1491,0.1388
1329,163,1492,0.1388
1329,166,1495,0.1388
1337,171,1508,0.1388
1334,169,1503,0.1388
1320,171,1491,0.1388
1330,173,1503,0.1388
1335,174,1509,0.1388
1317,174,1491,0.1388
1316,176,1492,0.1388
1321,176,1497,0.1388
1312,178,1490,0.1388
1312,174,1486,0.1388
1309,174,1483,0.1388
1312,173,1485,0.1388
1312,171,1483,0.1388
1325,171,1496,0.1388
1330,172,1502,0.1388
1335,170,1505,0.1388
1326,171,1497,0.1388
1327,172,1499,0.1388
1330,178,1508,0.1388
1320,172,1492,0.1388
1318,173,1491,0.1388
1308,169,1477,0.1388
1316,169,1485,0.1388
1314,175,1489,0.1388
1319,178,1497,0.1388
1317,177,1494,0.1388
1317,177,1494,0.1388
1317,181,1498,0.1388
1322,180,1502,0.1388
1306,181,1487,0.1388
1307,185,1492,0.1388
1309,187,1496,0.1388
1309,188,1497,0.1388
1308,188,1496,0.1388
1297,187,1484,0.1388
1302,194,1496,0.1388
1293,191,1484,0.1388
1288,189,1477,0.1388
1299,191,1490,0.1388
1308,191,1499,0.1388
1307,191,1498,0.1388
1298,199,1497,0.1388
1306,198,1504,0.1388
1312,197,1509,0.1388
1314,189,1503,0.1388
1312,192,1504,0.1388
1301,196,1497,0.1388
1296,197,1493,0.1388
1297,193,1490,0.1388
1288,188,1476,0.1388
1286,189,1475,0.1388
1296,189,1485,0.1388
1304,187,1491,0.1388
1304,184,1488,0.1388
1299,188,1487,0.1388
1306,190,1496,0.1388
1304,189,1493,0.1388
1295,185,1480,0.1388
1301,191,1492,0.1388
1287,197,1484,0.1388
1292,199,1491,0.1388
1291,200,1491,0.1388
1298,194,1492,0.1388
1298,196,1494,0.1388
1305,199,1504,0.1388
1287,206,1493,0.1388
1295,206,1501,0.1388
1295,206,1501,0.1388
1293,205,1498,0.1388
1297,206,1503,0.1388
1297,210,1507,0.1388
1278,213,1491,0.1388
1279,213,1492,0.1388
1279,213,1492,0.1388
1280,213,1493,0.1388
1272,215,1487,0.1388
1282,219,1501,0.1388
1280,222,1502,0.1388
1285,219,1504,0.1388
1269,222,1491,0.1388
1259,218,1477,0.1388
1267,225,1492,0.1388
1258,223,1481,0.1388
1267,223,1490,0.1388
1271,221,1492,0.1388
1265,221,1486,0.1388
1262,230,1492,0.1388
1258,228,1486,0.1388
1261,230,1491,0.1388
1268,232,1500,0.1388
1258,233,1491,0.1388
1255,235,1490,0.1388
1242,236,1478,0.1388
1247,240,1487,0.1388
1250,238,1488,0.1388
1238,241,1479,0.1388
1248,239,1487,0.1388
1248,234,1482,0.1388
1258,240,1498,0.1388
1256,240,1496,0.1388
1250,238,1488,0.1388
1251,237,1488,0.1388
1256,239,1495,0.1388
1248,242,1490,0.1388
1247,249,1496,0.1388
1242,250,1492,0.1388
1238,248,1486,0.1388
1247,254,1501,0.1388
1257,249,1506,0.1388
1251,257,1508,0.1388
1250,259,1509,0.1388
1244,260,1504,0.1388
1246,260,1506,0.1388
1236,259,1495,0.1388
1242,255,1497,0.1388
1248,256,1504,0.1388
1245,255,1500,0.1388
1250,252,1502,0.1388
1249,252,1501,0.1388
1242,250,1492,0.1388
1238,246,1484,0.1388
1245,253,1498,0.1388
1245,252,1497,0.1388
1249,258,1507,0.1388
1246,261,1507,0.1388
1242,259,1501,0.1388
1252,263,1515,0.1388
1234,262,1496,0.1388
1234,264,1498,0.1388
1234,261,1495,0.1388
1229,262,1491,0.1388
1230,256,1486,0.1388
1233,261,1494,0.1388
1232,263,1495,0.1388
1239,264,1503,0.1388
1225,268,1493,0.1388
1214,268,1482,0.1388
1220,271,1491,0.1388
1225,271,1496,0.1388
1227,267,1494,0.1388
1225,266,1491,0.1388
1226,270,1496,0.1388
1214,273,1487,0.1388
1212,282,1494,0.1388
1221,281,1502,0.1388
1224,284,1508,0.1388
1215,278,1493,0.1388
1221,279,1500,0.1388
1207,289,1496,0.1388
1204,291,1495,0.1388
1202,290,1492,0.1388
1204,295,1499,0.1388
1212,297,1509,0.1388
1210,289,1499,0.1388
1210,291,1501,0.1388
1209,293,1502,0.1388
1200,292,1492,0.1388
1204,297,1501,0.1388
1209,302,1511,0.1388
1199,301,1500,0.1388
1206,304,1510,0.1388
1204,299,1503,0.1388
1207,300,1507,0.1388
1203,302,1505,0.1388
1200,306,1506,0.1388
1208,312,1520,0.1388
1199,313,1512,0.1388
1205,313,1518,0.1388
1206,313,1519,0.1388
1196,313,1509,0.1388
1181,312,1493,0.1388
1177,307,1484,0.1388
1176,307,1483,0.1388
1174,312,1486,0.1388
1168,310,1478,0.1388
1182,311,1493,0.1388
1177,306,1483,0.1388
1187,304,1491,0.1388
1187,304,1491,0.1388
1199,308,1507,0.1388
1198,311,1509,0.1388
1198,312,1510,0.1388
1186,315,1501,0.1388
1189,319,1508,0.1388
1188,318,1506,0.1388
1179,317,1496,0.1388
1189,313,1502,0.1388
1185,313,1498,0.1388
1195,316,1511,0.1388
1186,316,1502,0.1388
1186,312,1498,0.1388
1189,311,1500,0.1388
1172,311,1483,0.1388
1167,314,1481,0.1388
1164,317,1481,0.1388
1168,321,1489,0.1388
1172,324,1496,0.1388
1175,321,1496,0.1388
1178,322,1500,0.1388
1181,325,1506,0.1388
1171,330,1501,0.1388
1166,329,1495,0.1388
1165,328,1493,0.1388
1170,332,1502,0.1388
1165,335,1500,0.1388
1173,332,1505,0.1388
1176,338,1514,0.1388
1168,346,1514,0.1388
1162,347,1509,0.1388
1140,352,1492,0.1388
1142,350,1492,0.1388
1147,353,1500,0.1388
1144,341,1485,0.1388
1137,343,1480,0.1388
1140,349,1489,0.1388
1139,351,1490,0.1388
1142,355,1497,0.1388
1143,354,1497,0.1388
1137,352,1489,0.1388
1140,358,1498,0.1388
1133,353,1486,0.1388
1147,347,1494,0.1388
1143,346,1489,0.1388
1140,350,1490,0.1388
1140,348,1488,0.1388
1138,348,1486,0.1388
1137,347,1484,0.1388
1151,347,1498,0.1388
1152,356,1508,0.1388
1153,358,1511,0.1388
1145,352,1497,0.1388
1151,354,1505,0.1388
1150,350,1500,0.1388
1154,347,1501,0.1388
1158,344,1502,0.1388
1161,347,1508,0.1388
1166,350,1516,0.1388
1151,354,1505,0.1388
1150,351,1501,0.1388
1142,353,1495,0.1388
1138,360,1498,0.1388
1143,358,1501,0.1388
1130,370,1500,0.1388
1123,370,1493,0.1388
1135,372,1507,0.1388
1138,371,1509,0.1388
1134,372,1506,0.1388
1136,373,1509,0.1388
1124,379,1503,0.1388
1126,384,1510,0.1388
1126,385,1511,0.1388
1134,386,1520,0.1388
1127,381,1508,0.1388
1115,395,1510,0.1388
1108,395,1503,0.1388
1106,388,1494,0.1388
1112,391,1503,0.1388
1101,387,1488,0.1388
1106,393,1499,0.1388
1097,396,1493,0.1388
1121,399,1520,0.1388
1125,397,1522,0.1388
1126,393,1519,0.1388
1124,393,1517,0.1388
1126,391,1517,0.1388
1123,392,1515,0.1388
1120,393,1513,0.1388
1108,394,1502,0.1388
1106,396,1502,0.1388
1110,399,1509,0.1388
1096,404,1500,0.1388
1098,407,1505,0.1388
1111,406,1517,0.1388
1114,401,1515,0.1388
1101,399,1500,0.1388
1108,409,1517,0.1388
1111,404,1515,0.1388
1116,399,1515,0.1388
1110,392,1502,0.1388
1116,393,1509,0.1388
1118,397,1515,0.1388
1115,399,1514,0.1388
1109,398,1507,0.1388
1118,393,1511,0.1388
1108,391,1499,0.1388
1103,397,1500,0.1388
1100,396,1496,0.1388
1100,395,1495,0.1388
1097,397,1494,0.1388
1098,408,1506,0.1388
1092,406,1498,0.1388
1104,402,1506,0.1388
1106,403,1509,0.1388
1101,406,1507,0.1388
1090,401,1491,0.1388
1099,404,1503,0.1388
1092,412,1504,0.1388
1090,415,1505,0.1388
1084,414,1498,0.1388
1077,418,1495,0.1388
1080,419,1499,0.1388
1081,420,1501,0.1388
1087,423,1510,0.1388
1080,419,1499,0.1388
1068,422,1490,0.1388
1081,418,1499,0.1388
1081,421,1502,0.1388
1083,427,1510,0.1388
1082,424,1506,0.1388
1082,422,1504,0.1388
1073,422,1495,0.1388
1076,425,1501,0.1388
1068,426,1494,0.1388
1058,431,1489,0.1388
1061,424,1485,0.1388
1062,431,1493,0.1388
1055,429,1484,0.1388
1066,424,1490,0.1388
1061,430,1491,0.1388
1056,438,1494,0.1388
1055,434,1489,0.1388
1058,436,1494,0.1388
1057,428,1485,0.1388
1062,427,1489,0.1388
1065,421,1486,0.1388
1077,424,1501,0.1388
1079,431,1510,0.1388
1076,428,1504,0.1388
1073,434,1507,0.1388
1064,431,1495,0.1388
1070,426,1496,0.1388
1072,429,1501,0.1388
1079,421,1500,0.1388
1073,423,1496,0.1388
1072,434,1506,0.1388
1063,432,1495,0.1388
1070,434,1504,0.1388
1066,434,1500,0.1388
1060,434,1494,0.1388
1064,431,1495,0.1388
1074,429,1503,0.1388
1073,423,1496,0.1388
1071,435,1506,0.1388
1073,430,1503,0.1388
1063,431,1494,0.1388
1056,434,1490,0.1388
1056,437,1493,0.1388
1066,434,1500,0.1388
1063,438,1501,0.1388
1065,444,1509,0.1388
1061,436,1497,0.1388
1063,433,1496,0.1388
1061,433,1494,0.1388
1061,439,1500,0.1388
1054,433,1487,0.1388
1051,434,1485,0.1388
1054,430,1484,0.1388
1061,424,1485,0.1388
1067,430,1497,0.1388
1070,432,1502,0.1388
1069,440,1509,0.1388
1072,442,1514,0.1388
1078,446,1524,0.1388
1073,448,1521,0.1388
1065,439,1504,0.1388
1060,433,1493,0.1388
1059,433,1492,0.1388
1065,436,1501,0.1388
1079,442,1521,0.1388
1074,446,1520,0.1388
1064,441,1505,0.1388
1063,441,1504,0.1388
1071,441,1512,0.1388
1054,448,1502,0.1388
1054,442,1496,0.1388
1049,448,1497,0.1388
1055,465,1520,0.1388
1051,466,1517,0.1388
1052,470,1522,0.1388
1049,469,1518,0.1388
1039,467,1506,0.1388
1050,468,1518,0.1388
1051,469,1520,0.1388
1038,468,1506,0.1388
1039,471,1510,0.1388
1028,468,1496,0.1388
1037,463,1500,0.1388
1037,464,1501,0.1388
1024,464,1488,0.1388
1021,467,1488,0.1388
1030,459,1489,0.1388
1021,464,1485,0.1388
1018,463,1481,0.1388
1019,461,1480,0.1388
1018,463,1481,0.1388
1029,468,1497,0.1388
1010,470,1480,0.1388
1018,469,1487,0.1388
1028,469,1497,0.1388
1016,464,1480,0.1388
1027,462,1489,0.1388
1022,467,1489,0.1388
1022,476,1498,0.1388
1018,487,1505,0.1388
1014,479,1493,0.1388
1010,479,1489,0.1388
1010,483,1493,0.1388
1018,484,1502,0.1388
1021,487,1508,0.1388
1019,486,1505,0.1388
1023,491,1514,0.1388
1013,492,1505,0.1388
1011,494,1505,0.1388
1007,486,1493,0.1388
1011,492,1503,0.1388
1014,496,1510,0.1388
1008,496,1504,0.1388
1012,493,1505,0.1388
1016,490,1506,0.1388
1011,492,1503,0.1388
1002,498,1500,0.1388
1012,491,1503,0.1388
1008,493,1501,0.1388
1012,499,1511,0.1388
1002,491,1493,0.1388
996,494,1490,0.1388
1008,500,1508,0.1388
1004,498,1502,0.1388
1012,501,1513,0.1388
1014,499,1513,0.1388
1015,495,1510,0.1388
1012,492,1504,0.1388
1015,492,1507,0.1388
1011,493,1504,0.1388
1007,496,1503,0.1388
1006,498,1504,0.1388
995,505,1500,0.1388
1004,502,1506,0.1388
999,506,1505,0.1388
986,506,1492,0.1388
992,500,1492,0.1388
980,496,1476,0.1388
974,505,1479,0.1388
977,503,1480,0.1388
975,513,1488,0.1388
978,508,1486,0.1388
987,513,1500,0.1388
982,523,1505,0.1388
985,523,1508,0.1388
986,525,1511,0.1388
977,524,1501,0.1388
962,526,1488,0.1388
955,528,1483,0.1388
968,532,1500,0.1388
970,530,1500,0.1388
970,532,1502,0.1388
961,535,1496,0.1388
966,535,1501,0.1388
969,528,1497,0.1388
960,528,1488,0.1388
960,530,1490,0.1388
957,534,1491,0.1388
956,540,1496,0.1388
956,538,1494,0.1388
951,534,1485,0.1388
949,520,1469,0.1388
957,537,1494,0.1388
952,546,1498,0.1388
944,542,1486,0.1388
953,535,1488,0.1388
950,545,1495,0.1388
944,540,1484,0.1388
939,536,1475,0.1388
945,537,1482,0.1388
948,541,1489,0.1388
942,540,1482,0.1388
945,542,1487,0.1388
956,547,1503,0.1388
956,552,1508,0.1388
944,553,1497,0.1388
937,553,1490,0.1388
945,552,1497,0.1388
947,555,1502,0.1388
944,555,1499,0.1388
959,555,1514,0.1388
945,551,1496,0.1388
946,559,1505,0.1388
954,551,1505,0.1388
948,541,1489,0.1388
954,545,1499,0.1388
957,554,1511,0.1388
952,556,1508,0.1388
940,546,1486,0.1388
942,546,1488,0.1388
939,550,1489,0.1388
927,557,1484,0.1388
917,557,1474,0.1388
917,556,1473,0.1388
930,561,1491,0.1388
922,562,1484,0.1388
917,568,1485,0.1388
918,576,1494,0.1388
922,578,1500,0.1388
927,578,1505,0.1388
922,579,1501,0.1388
921,586,1507,0.1388
920,581,1501,0.1388
923,579,1502,0.1388
927,582,1509,0.1388
911,589,1500,0.1388
914,601,1515,0.1388
914,599,1513,0.1388
918,597,1515,0.1388
916,592,1508,0.1388
914,594,1508,0.1388
917,590,1507,0.1388
915,595,1510,0.1388
920,597,1517,0.1388
924,591,1515,0.1388
919,588,1507,0.1388
914,591,1505,0.1388
918,589,1507,0.1388
926,587,1513,0.1388
928,581,1509,0.1388
927,588,1515,0.1388
923,590,1513,0.1388
921,591,1512,0.1388
915,582,1497,0.1388
924,582,1506,0.1388
927,585,1512,0.1388
930,580,1510,0.1388
926,583,1509,0.1388
917,580,1497,0.1388
901,581,1482,0.1388
904,580,1484,0.1388
908,580,1488,0.1388
897,587,1484,0.1388
907,586,1493,0.1388
906,588,1494,0.1388
919,590,1509,0.1388
909,590,1499,0.1388
908,586,1494,0.1388
908,601,1509,0.1388
922,600,1522,0.1388
915,597,1512,0.1388
912,597,1509,0.1388
900,596,1496,0.1388
886,601,1487,0.1388
895,607,1502,0.1388
900,606,1506,0.1388
895,608,1503,0.1388
891,608,1499,0.1388
902,616,1518,0.1388
894,615,1509,0.1388
888,612,1500,0.1388
887,618,1505,0.1388
894,621,1515,0.1388
892,624,1516,0.1388
885,627,1512,0.1388
879,620,1499,0.1388
883,632,1515,0.1388
861,628,1489,0.1388
860,626,1486,0.1388
854,634,1488,0.1388
853,638,1491,0.1388
857,643,1500,0.1388
860,640,1500,0.1388
854,643,1497,0.1388
852,654,1506,0.1388
854,645,1499,0.1388
845,649,1494,0.1388
837,646,1483,0.1388
843,650,1493,0.1388
856,651,1507,0.1388
858,642,1500,0.1388
850,654,1504,0.1388
845,648,1493,0.1388
851,653,1504,0.1388
855,661,1516,0.1388
851,665,1516,0.1388
859,665,1524,0.1388
854,659,1513,0.1388
851,653,1504,0.1388
844,655,1499,0.1388
839,660,1499,0.1388
831,654,1485,0.1388
830,666,1496,0.1388
822,664,1486,0.1388
825,673,1498,0.1388
828,671,1499,0.1388
834,675,1509,0.1388
834,672,1506,0.1388
844,674,1518,0.1388
841,675,1516,0.1388
831,674,1505,0.1388
827,672,1499,0.1388
819,676,1495,0.1388
812,682,1494,0.1388
809,688,1497,0.1388
814,682,1496,0.1388
820,685,1505,0.1388
822,686,1508,0.1388
818,693,1511,0.1388
817,694,1511,0.1388
814,690,1504,0.1388
817,681,1498,0.1388
819,682,1501,0.1388
820,687,1507,0.1388
823,687,1510,0.1388
838,674,1512,0.1388
844,680,1524,0.1388
839,687,1526,0.1388
827,681,1508,0.1388
822,679,1501,0.1388
813,690,1503,0.1388
814,689,1503,0.1388
808,690,1498,0.1388
802,690,1492,0.1388
807,686,1493,0.1388
817,676,1493,0.1388
821,676,1497,0.1388
831,682,1513,0.1388
833,684,1517,0.1388
831,670,1501,0.1388
816,675,1491,0.1388
812,675,1487,0.1388
804,680,1484,0.1388
802,682,1484,0.1388
802,689,1491,0.1388
804,696,1500,0.1388
806,705,1511,0.1388
809,700,1509,0.1388
803,703,1506,0.1388
806,708,1514,0.1388
798,711,1509,0.1388
795,705,1500,0.1388
793,702,1495,0.1388
797,701,1498,0.1388
802,694,1496,0.1388
812,694,1506,0.1388
813,701,1514,0.1388
807,707,1514,0.1388
812,703,1515,0.1388
808,707,1515,0.1388
803,704,1507,0.1388
800,708,1508,0.1388
792,706,1498,0.1388
786,718,1504,0.1388
784,717,1501,0.1388
782,718,1500,0.1388
780,720,1500,0.1388
781,723,1504,0.1388
791,719,1510,0.1388
788,720,1508,0.1388
783,726,1509,0.1388
787,728,1515,0.1388
790,725,1515,0.1388
788,724,1512,0.1388
778,720,1498,0.1388
777,726,1503,0.1388
780,736,1516,0.1388
779,734,1513,0.1388
775,735,1510,0.1388
771,739,1510,0.1388
778,743,1521,0.1388
772,741,1513,0.1388
780,736,1516,0.1388
772,740,1512,0.1388
769,734,1503,0.1388
773,732,1505,0.1388
761,735,1496,0.1388
773,733,1506,0.1388
765,743,1508,0.1388
762,732,1494,0.1388
752,739,1491,0.1388
746,734,1480,0.1388
749,733,1482,0.1388
758,738,1496,0.1388
752,738,1490,0.1388
755,733,1488,0.1388
748,737,1485,0.1388
748,738,1486,0.1388
752,753,1505,0.1388
751,755,1506,0.1388
750,764,1514,0.1388
744,763,1507,0.1388
743,761,1504,0.1388
744,766,1510,0.1388
753,760,1513,0.1388
753,759,1512,0.1388
756,761,1517,0.1388
749,764,1513,0.1388
747,755,1502,0.1388
749,757,1506,0.1388
743,756,1499,0.1388
743,760,1503,0.1388
744,762,1506,0.1388
745,775,1520,0.1388
749,775,1524,0.1388
743,766,1509,0.1388
735,775,1510,0.1388
735,763,1498,0.1388
732,759,1491,0.1388
723,754,1477,0.1388
736,755,1491,0.1388
737,761,1498,0.1388
738,770,1508,0.1388
734,771,1505,0.1388
735,773,1508,0.1388
746,773,1519,0.1388
753,776,1529,0.1388
747,780,1527,0.1388
751,773,1524,0.1388
749,774,1523,0.1388
745,768,1513,0.1388
729,777,1506,0.1388
728,786,1514,0.1388
731,788,1519,0.1388
735,789,1524,0.1388
723,782,1505,0.1388
724,789,1513,0.1388
728,795,1523,0.1388
722,794,1516,0.1388
729,791,1520,0.1388
736,779,1515,0.1388
725,781,1506,0.1388
734,782,1516,0.1388
726,783,1509,0.1388
722,772,1494,0.1388
728,775,1503,0.1388
731,785,1516,0.1388
725,780,1505,0.1388
720,789,1509,0.1388
723,796,1519,0.1388
721,802,1523,0.1388
723,795,1518,0.1388
721,805,1526,0.1388
719,804,1523,0.1388
713,804,1517,0.1388
703,806,1509,0.1388
705,806,1511,0.1388
705,819,1524,0.1388
702,823,1525,0.1388
698,826,1524,0.1388
696,816,1512,0.1388
699,810,1509,0.1388
697,820,1517,0.1388
691,815,1506,0.1388
690,818,1508,0.1388
683,819,1502,0.1388
692,816,1508,0.1388
702,814,1516,0.1388
699,809,1508,0.1388
705,806,1511,0.1388
709,809,1518,0.1388
707,808,1515,0.1388
708,815,1523,0.1388
710,799,1509,0.1388
704,810,1514,0.1388
705,814,1519,0.1388
702,809,1511,0.1388
711,815,1526,0.1388
709,803,1512,0.1388
709,805,1514,0.1388
704,803,1507,0.1388
702,802,1504,0.1388
708,808,1516,0.1388
707,807,1514,0.1388
699,796,1495,0.1388
703,796,1499,0.1388
702,799,1501,0.1388
693,811,1504,0.1388
696,817,1513,0.1388
697,820,1517,0.1388
690,824,1514,0.1388
690,820,1510,0.1388
690,816,1506,0.1388
684,828,1512,0.1388
680,818,1498,0.1388
682,816,1498,0.1388
684,817,1501,0.1388
679,816,1495,0.1388
681,821,1502,0.1388
680,824,1504,0.1388
677,827,1504,0.1388
680,824,1504,0.1388
676,832,1508,0.1388
679,825,1504,0.1388
676,824,1500,0.1388
673,834,1507,0.1388
677,835,1512,0.1388
673,835,1508,0.1388
675,839,1514,0.1388
665,840,1505,0.1388
659,846,1505,0.1388
673,842,1515,0.1388
666,845,1511,0.1388
662,845,1507,0.1388
664,835,1499,0.1388
657,844,1501,0.1388
647,847,1494,0.1388
644,855,1499,0.1388
644,855,1499,0.1388
648,853,1501,0.1388
644,855,1499,0.1388
631,863,1494,0.1388
636,865,1501,0.1388
648,873,1521,0.1388
644,869,1513,0.1388
645,864,1509,0.1388
650,873,1523,0.1388
647,870,1517,0.1388
642,868,1510,0.1388
636,870,1506,0.1388
634,858,1492,0.1388
647,851,1498,0.1388
644,863,1507,0.1388
647,856,1503,0.1388
650,865,1515,0.1388
647,869,1516,0.1388
639,873,1512,0.1388
636,870,1506,0.1388
627,873,1500,0.1388
632,870,1502,0.1388
634,869,1503,0.1388
627,871,1498,0.1388
617,872,1489,0.1388
610,879,1489,0.1388
611,884,1495,0.1388
610,887,1497,0.1388
610,902,1512,0.1388
608,907,1515,0.1388
594,908,1502,0.1388
594,903,1497,0.1388
600,898,1498,0.1388
607,898,1505,0.1388
611,897,1508,0.1388
607,910,1517,0.1388
602,915,1517,0.1388
597,907,1504,0.1388
590,909,1499,0.1388
597,900,1497,0.1388
590,899,1489,0.1388
595,900,1495,0.1388
593,906,1499,0.1388
587,912,1499,0.1388
599,908,1507,0.1388
597,914,1511,0.1388
602,910,1512,0.1388
610,911,1521,0.1388
600,913,1513,0.1388
605,915,1520,0.1388
601,918,1519,0.1388
603,909,1512,0.1388
600,916,1516,0.1388
595,921,1516,0.1388
593,929,1522,0.1388
586,927,1513,0.1388
589,920,1509,0.1388
600,909,1509,0.1388
602,913,1515,0.1388
595,910,1505,0.1388
594,910,1504,0.1388
599,909,1508,0.1388
598,907,1505,0.1388
596,922,1518,0.1388
581,919,1500,0.1388
586,926,1512,0.1388
588,924,1512,0.1388
588,922,1510,0.1388
583,930,1513,0.1388
578,933,1511,0.1388
578,940,1518,0.1388
577,946,1523,0.1388
574,930,1504,0.1388
577,938,1515,0.1388
575,930,1505,0.1388
579,933,1512,0.1388
575,942,1517,0.1388
571,942,1513,0.1388
576,945,1521,0.1388
572,937,1509,0.1388
575,936,1511,0.1388
571,934,1505,0.1388
575,940,1515,0.1388
573,941,1514,0.1388
572,937,1509,0.1388
579,935,1514,0.1388
580,933,1513,0.1388
584,939,1523,0.1388
588,940,1528,0.1388
583,938,1521,0.1388
581,929,1510,0.1388
575,928,1503,0.1388
580,919,1499,0.1388
584,925,1509,0.1388
576,920,1496,0.1388
581,916,1497,0.1388
570,931,1501,0.1388
566,935,1501,0.1388
565,939,1504,0.1388
567,943,1510,0.1388
575,930,1505,0.1388
574,925,1499,0.1388
581,927,1508,0.1388
576,935,1511,0.1388
571,943,1514,0.1388
554,950,1504,0.1388
554,959,1513,0.1388
560,949,1509,0.1388
564,945,1509,0.1388
570,941,1511,0.1388
568,952,1520,0.1388
568,960,1528,0.1388
560,960,1520,0.1388
551,963,1514,0.1388
562,957,1519,0.1388
553,956,1509,0.1388
555,959,1514,0.1388
556,957,1513,0.1388
549,960,1509,0.1388
548,958,1506,0.1388
549,957,1506,0.1388
557,955,1512,0.1388
557,960,1517,0.1388
553,954,1507,0.1388
556,960,1516,0.1388
548,949,1497,0.1388
555,944,1499,0.1388
562,943,1505,0.1388
563,943,1506,0.1388
564,943,1507,0.1388
565,947,1512,0.1388
563,949,1512,0.1388
558,950,1508,0.1388
555,948,1503,0.1388
545,950,1495,0.1388
545,948,1493,0.1388
535,963,1498,0.1388
537,973,1510,0.1388
533,982,1515,0.1388
546,987,1533,0.1388
542,980,1522,0.1388
538,975,1513,0.1388
538,971,1509,0.1388
536,974,1510,0.1388
538,974,1512,0.1388
534,975,1509,0.1388
528,973,1501,0.1388
526,970,1496,0.1388
529,978,1507,0.1388
533,984,1517,0.1388
533,973,1506,0.1388
524,977,1501,0.1388
522,977,1499,0.1388
513,983,1496,0.1388
528,989,1517,0.1388
531,989,1520,0.1388
520,988,1508,0.1388
527,978,1505,0.1388
525,970,1495,0.1388
524,973,1497,0.1388
524,976,1500,0.1388
523,977,1500,0.1388
522,982,1504,0.1388
519,984,1503,0.1388
527,990,1517,0.1388
520,988,1508,0.1388
504,992,1496,0.1388
512,1003,1515,0.1388
517,1000,1517,0.1388
523,1009,1532,0.1388
517,996,1513,0.1388
525,994,1519,0.1388
526,983,1509,0.1388
525,998,1523,0.1388
526,993,1519,0.1388
520,995,1515,0.1388
519,996,1515,0.1388
515,1002,1517,0.1388
510,1007,1517,0.1388
518,1003,1521,0.1388
517,1008,1525,0.1388
515,996,1511,0.1388
511,993,1504,0.1388
511,986,1497,0.1388
506,1010,1516,0.1388
504,1000,1504,0.1388
508,1002,1510,0.1388
509,1007,1516,0.1388
509,1012,1521,0.1388
505,1013,1518,0.1388
504,1007,1511,0.1388
506,1006,1512,0.1388
510,1003,1513,0.1388
503,1006,1509,0.1388
499,1007,1506,0.1388
496,1007,1503,0.1388
495,1011,1506,0.1388
497,1014,1511,0.1388
498,1005,1503,0.1388
496,1009,1505,0.1388
490,1016,1506,0.1388
488,1021,1509,0.1388
485,1026,1511,0.1388
480,1029,1509,0.1388
480,1029,1509,0.1388
476,1026,1502,0.1388
476,1035,1511,0.1388
484,1019,1503,0.1388
480,1023,1503,0.1388
483,1020,1503,0.1388
476,1013,1489,0.1388
471,1016,1487,0.1388
477,1030,1507,0.1388
481,1030,1511,0.1388
477,1036,1513,0.1388
466,1038,1504,0.1388
458,1049,1507,0.1388
460,1050,1510,0.1388
461,1043,1504,0.1388
461,1047,1508,0.1388
459,1060,1519,0.1388
462,1060,1522,0.1388
466,1058,1524,0.1388
464,1065,1529,0.1388
459,1060,1519,0.1388
455,1065,1520,0.1388
456,1061,1517,0.1388
454,1058,1512,0.1388
456,1047,1503,0.1388
462,1042,1504,0.1388
459,1045,1504,0.1388
448,1047,1495,0.1388
445,1058,1503,0.1388
457,1064,1521,0.1388
453,1072,1525,0.1388
459,1071,1530,0.1388
453,1069,1522,0.1388
447,1068,1515,0.1388
439,1062,1501,0.1388
450,1064,1514,0.1388
444,1078,1522,0.1388
442,1067,1509,0.1388
441,1068,1509,0.1388
447,1068,1515,0.1388
449,1068,1517,0.1388
451,1069,1520,0.1388
453,1064,1517,0.1388
445,1057,1502,0.1388
447,1054,1501,0.1388
448,1065,1513,0.1388
446,1063,1509,0.1388
455,1068,1523,0.1388
456,1061,1517,0.1388
462,1054,1516,0.1388
453,1058,1511,0.1388
453,1060,1513,0.1388
445,1059,1504,0.1388
448,1053,1501,0.1388
450,1062,1512,0.1388
450,1057,1507,0.1388
458,1058,1516,0.1388
452,1072,1524,0.1388
448,1075,1523,0.1388
453,1076,1529,0.1388
449,1070,1519,0.1388
441,1061,1502,0.1388
449,1060,1509,0.1388
453,1056,1509,0.1388
443,1064,1507,0.1388
444,1061,1505,0.1388
440,1063,1503,0.1388
436,1064,1500,0.1388
445,1062,1507,0.1388
448,1067,1515,0.1388
438,1071,1509,0.1388
442,1071,1513,0.1388
445,1064,1509,0.1388
449,1056,1505,0.1388
444,1049,1493,0.1388
443,1059,1502,0.1388
445,1057,1502,0.1388
451,1058,1509,0.1388
443,1056,1499,0.1388
448,1072,1520,0.1388
447,1064,1511,0.1388
445,1054,1499,0.1388
441,1062,1503,0.1388
447,1067,1514,0.1388
444,1065,1509,0.1388
444,1071,1515,0.1388
447,1066,1513,0.1388
449,1069,1518,0.1388
453,1064,1517,0.1388
454,1061,1515,0.1388
450,1062,1512,0.1388
453,1060,1513,0.1388
458,1068,1526,0.1388
457,1060,1517,0.1388
456,1051,1507,0.1388
449,1058,1507,0.1388
445,1058,1503,0.1388
446,1071,1517,0.1388
445,1075,1520,0.1388
439,1081,1520,0.1388
437,1074,1511,0.1388
426,1087,1513,0.1388
424,1091,1515,0.1388
430,1079,1509,0.1388
433,1081,1514,0.1388
434,1081,1515,0.1388
432,1079,1511,0.1388
429,1084,1513,0.1388
429,1074,1503,0.1388
429,1077,1506,0.1388
431,1086,1517,0.1388
428,1103,1531,0.1388
421,1100,1521,0.1388
416,1101,1517,0.1388
412,1108,1520,0.1388
417,1106,1523,0.1388
414,1106,1520,0.1388
409,1094,1503,0.1388
411,1089,1500,0.1388
409,1093,1502,0.1388
410,1093,1503,0.1388
413,1096,1509,0.1388
413,1114,1527,0.1388
402,1106,1508,0.1388
404,1104,1508,0.1388
397,1109,1506,0.1388
395,1106,1501,0.1388
401,1106,1507,0.1388
402,1109,1511,0.1388
394,1117,1511,0.1388
401,1118,1519,0.1388
398,1108,1506,0.1388
396,1109,1505,0.1388
403,1101,1504,0.1388
399,1101,1500,0.1388
410,1112,1522,0.1388
403,1120,1523,0.1388
396,1123,1519,0.1388
390,1122,1512,0.1388
389,1120,1509,0.1388
390,1118,1508,0.1388
384,1116,1500,0.1388
380,1131,1511,0.1388
379,1132,1511,0.1388
374,1132,1506,0.1388
376,1132,1508,0.1388
384,1133,1517,0.1388
371,1129,1500,0.1388
379,1133,1512,0.1388
374,1125,1499,0.1388
370,1136,1506,0.1388
366,1126,1492,0.1388
363,1135,1498,0.1388
367,1124,1491,0.1388
367,1136,1503,0.1388
369,1137,1506,0.1388
377,1141,1518,0.1388
375,1136,1511,0.1388
376,1133,1509,0.1388
371,1140,1511,0.1388
373,1143,1516,0.1388
371,1147,1518,0.1388
367,1129,1496,0.1388
370,1132,1502,0.1388
363,1130,1493,0.1388
361,1129,1490,0.1388
369,1131,1500,0.1388
365,1137,1502,0.1388
368,1134,1502,0.1388
372,1139,1511,0.1388
374,1145,1519,0.1388
373,1144,1517,0.1388
372,1153,1525,0.1388
373,1156,1529,0.1388
372,1147,1519,0.1388
371,1148,1519,0.1388
370,1143,1513,0.1388
368,1133,1501,0.1388
367,1137,1504,0.1388
363,1134,1497,0.1388
363,1132,1495,0.1388
365,1141,1506,0.1388
364,1142,1506,0.1388
362,1142,1504,0.1388
360,1137,1497,0.1388
366,1141,1507,0.1388
365,1132,1497,0.1388
360,1138,1498,0.1388
362,1132,1494,0.1388
365,1133,1498,0.1388
361,1148,1509,0.1388
359,1137,1496,0.1388
361,1139,1500,0.1388
355,1140,1495,0.1388
359,1151,1510,0.1388
361,1147,1508,0.1388
358,1147,1505,0.1388
359,1150,1509,0.1388
366,1150,1516,0.1388
363,1149,1512,0.1388
359,1151,1510,0.1388
356,1155,1511,0.1388
357,1151,1508,0.1388
360,1146,1506,0.1388
359,1156,1515,0.1388
362,1154,1516,0.1388
358,1161,1519,0.1388
357,1153,1510,0.1388
351,1146,1497,0.1388
357,1158,1515,0.1388
353,1157,1510,0.1388
354,1163,1517,0.1388
356,1169,1525,0.1388
351,1147,1498,0.1388
355,1148,1503,0.1388
353,1155,1508,0.1388
358,1155,1513,0.1388
362,1162,1524,0.1388
365,1157,1522,0.1388
370,1154,1524,0.1388
374,1145,1519,0.1388
367,1141,1508,0.1388
368,1151,1519,0.1388
365,1154,1519,0.1388
360,1146,1506,0.1388
361,1146,1507,0.1388
355,1143,1498,0.1388
356,1153,1509,0.1388
354,1164,1518,0.1388
359,1163,1522,0.1388
360,1174,1534,0.1388
358,1161,1519,0.1388
354,1161,1515,0.1388
356,1155,1511,0.1388
352,1147,1499,0.1388
344,1146,1490,0.1388
350,1157,1507,0.1388
347,1159,1506,0.1388
348,1159,1507,0.1388
355,1160,1515,0.1388
348,1169,1517,0.1388
350,1157,1507,0.1388
349,1151,1500,0.1388
357,1160,1517,0.1388
356,1169,1525,0.1388
351,1163,1514,0.1388
350,1171,1521,0.1388
349,1171,1520,0.1388
347,1157,1504,0.1388
349,1173,1522,0.1388
347,1166,1513,0.1388
350,1174,1524,0.1388
349,1169,1518,0.1388
348,1165,1513,0.1388
350,1172,1522,0.1388
349,1166,1515,0.1388
347,1158,1505,0.1388
349,1153,1502,0.1388
355,1164,1519,0.1388
352,1159,1511,0.1388
356,1150,1506,0.1388
346,1156,1502,0.1388
348,1148,1496,0.1388
351,1152,1503,0.1388
352,1154,1506,0.1388
355,1153,1508,0.1388
351,1152,1503,0.1388
349,1151,1500,0.1388
348,1162,1510,0.1388
343,1166,1509,0.1388
346,1175,1521,0.1388
339,1168,1507,0.1388
344,1169,1513,0.1388
344,1167,1511,0.1388
345,1174,1519,0.1388
345,1171,1516,0.1388
340,1169,1509,0.1388
339,1171,1510,0.1388
343,1166,1509,0.1388
341,1176,1517,0.1388
339,1178,1517,0.1388
340,1173,1513,0.1388
338,1177,1515,0.1388
343,1183,1526,0.1388
344,1173,1517,0.1388
345,1166,1511,0.1388
342,1172,1514,0.1388
341,1178,1519,0.1388
340,1179,1519,0.1388
342,1183,1525,0.1388
335,1181,1516,0.1388
329,1178,1507,0.1388
334,1178,1512,0.1388
333,1184,1517,0.1388
336,1184,1520,0.1388
332,1178,1510,0.1388
331,1179,1510,0.1388
329,1175,1504,0.1388
329,1182,1511,0.1388
321,1181,1502,0.1388
320,1179,1499,0.1388
324,1181,1505,0.1388
325,1185,1510,0.1388
324,1181,1505,0.1388
315,1192,1507,0.1388
316,1202,1518,0.1388
318,1202,1520,0.1388
317,1190,1507,0.1388
317,1192,1509,0.1388
324,1185,1509,0.1388
326,1190,1516,0.1388
329,1179,1508,0.1388
325,1185,1510,0.1388
324,1181,1505,0.1388
322,1188,1510,0.1388
325,1187,1512,0.1388
321,1196,1517,0.1388
318,1191,1509,0.1388
314,1186,1500,0.1388
310,1189,1499,0.1388
311,1190,1501,0.1388
309,1190,1499,0.1388
313,1202,1515,0.1388
311,1203,1514,0.1388
312,1196,1508,0.1388
306,1202,1508,0.1388
302,1194,1496,0.1388
302,1198,1500,0.1388
306,1199,1505,0.1388
303,1207,1510,0.1388
299,1202,1501,0.1388
312,1199,1511,0.1388
314,1193,1507,0.1388
308,1211,1519,0.1388
307,1206,1513,0.1388
301,1207,1508,0.1388
292,1201,1493,0.1388
295,1187,1482,0.1388
294,1188,1482,0.1388
294,1196,1490,0.1388
298,1208,1506,0.1388
298,1211,1509,0.1388
294,1205,1499,0.1388
296,1213,1509,0.1388
300,1211,1511,0.1388
300,1227,1527,0.1388
297,1229,1526,0.1388
295,1233,1528,0.1388
294,1237,1531,0.1388
288,1232,1520,0.1388
293,1239,1532,0.1388
290,1234,1524,0.1388
288,1232,1520,0.1388
288,1229,1517,0.1388
281,1232,1513,0.1388
276,1238,1514,0.1388
284,1230,1514,0.1388
292,1231,1523,0.1388
292,1220,1512,0.1388
291,1221,1512,0.1388
290,1234,1524,0.1388
292,1238,1530,0.1388
291,1229,1520,0.1388
289,1219,1508,0.1388
286,1212,1498,0.1388
287,1224,1511,0.1388
286,1220,1506,0.1388
283,1218,1501,0.1388
291,1218,1509,0.1388
290,1222,1512,0.1388
290,1223,1513,0.1388
276,1229,1505,0.1388
272,1223,1495,0.1388
274,1225,1499,0.1388
280,1232,1512,0.1388
281,1243,1524,0.1388
281,1230,1511,0.1388
285,1235,1520,0.1388
283,1246,1529,0.1388
281,1247,1528,0.1388
276,1252,1528,0.1388
267,1233,1500,0.1388
263,1233,1496,0.1388
265,1234,1499,0.1388
263,1241,1504,0.1388
267,1235,1502,0.1388
269,1243,1512,0.1388
271,1241,1512,0.1388
271,1240,1511,0.1388
277,1231,1508,0.1388
276,1225,1501,0.1388
282,1231,1513,0.1388
284,1222,1506,0.1388
276,1233,1509,0.1388
277,1238,1515,0.1388
278,1235,1513,0.1388
276,1242,1518,0.1388
276,1244,1520,0.1388
275,1259,1534,0.1388
268,1255,1523,0.1388
270,1261,1531,0.1388
265,1252,1517,0.1388
263,1244,1507,0.1388
264,1248,1512,0.1388
266,1254,1520,0.1388
264,1252,1516,0.1388
262,1250,1512,0.1388
263,1250,1513,0.1388
259,1258,1517,0.1388
257,1249,1506,0.1388
261,1242,1503,0.1388
262,1258,1520,0.1388
261,1262,1523,0.1388
262,1254,1516,0.1388
255,1244,1499,0.1388
251,1257,1508,0.1388
252,1250,1502,0.1388
253,1253,1506,0.1388
255,1255,1510,0.1388
255,1249,1504,0.1388
259,1254,1513,0.1388
256,1253,1509,0.1388
262,1250,1512,0.1388
259,1246,1505,0.1388
255,1237,1492,0.1388
258,1244,1502,0.1388
256,1248,1504,0.1388
257,1254,1511,0.1388
253,1259,1512,0.1388
252,1260,1512,0.1388
251,1263,1514,0.1388
246,1272,1518,0.1388
251,1260,1511,0.1388
251,1252,1503,0.1388
255,1257,1512,0.1388
255,1262,1517,0.1388
255,1259,1514,0.1388
259,1256,1515,0.1388
254,1259,1513,0.1388
259,1263,1522,0.1388
264,1249,1513,0.1388
259,1251,1510,0.1388
260,1258,1518,0.1388
255,1262,1517,0.1388
254,1257,1511,0.1388
252,1260,1512,0.1388
252,1263,1515,0.1388
248,1259,1507,0.1388
252,1256,1508,0.1388
250,1266,1516,0.1388
249,1256,1505,0.1388
251,1269,1520,0.1388
249,1278,1527,0.1388
247,1271,1518,0.1388
250,1266,1516,0.1388
250,1271,1521,0.1388
254,1268,1522,0.1388
253,1273,1526,0.1388
249,1271,1520,0.1388
253,1266,1519,0.1388
254,1265,1519,0.1388
257,1271,1528,0.1388
254,1267,1521,0.1388
256,1271,1527,0.1388
252,1274,1526,0.1388
253,1255,1508,0.1388
249,1263,1512,0.1388
246,1255,1501,0.1388
252,1262,1514,0.1388
249,1267,1516,0.1388
252,1265,1517,0.1388
251,1271,1522,0.1388
248,1266,1514,0.1388
247,1268,1515,0.1388
250,1265,1515,0.1388
250,1269,1519,0.1388
253,1271,1524,0.1388
250,1273,1523,0.1388
251,1276,1527,0.1388
250,1273,1523,0.1388
245,1263,1508,0.1388
247,1266,1513,0.1388
247,1258,1505,0.1388
245,1264,1509,0.1388
246,1270,1516,0.1388
245,1278,1523,0.1388
250,1273,1523,0.1388
254,1267,1521,0.1388
249,1259,1508,0.1388
248,1261,1509,0.1388
249,1257,1506,0.1388
253,1263,1516,0.1388
255,1274,1529,0.1388
252,1263,1515,0.1388
254,1277,1531,0.1388
256,1260,1516,0.1388
253,1258,1511,0.1388
254,1252,1506,0.1388
259,1268,1527,0.1388
256,1264,1520,0.1388
253,1256,1509,0.1388
255,1268,1523,0.1388
250,1268,1518,0.1388
240,1261,1501,0.1388
245,1262,1507,0.1388
247,1250,1497,0.1388
241,1266,1507,0.1388
243,1268,1511,0.1388
244,1275,1519,0.1388
242,1279,1521,0.1388
239,1289,1528,0.1388
241,1272,1513,0.1388
241,1275,1516,0.1388
242,1273,1515,0.1388
238,1267,1505,0.1388
233,1259,1492,0.1388
238,1262,1500,0.1388
241,1270,1511,0.1388
240,1265,1505,0.1388
240,1274,1514,0.1388
240,1269,1509,0.1388
236,1262,1498,0.1388
239,1264,1503,0.1388
235,1271,1506,0.1388
236,1282,1518,0.1388
237,1276,1513,0.1388
242,1275,1517,0.1388
237,1278,1515,0.1388
239,1270,1509,0.1388
233,1279,1512,0.1388
229,1278,1507,0.1388
223,1281,1504,0.1388
228,1266,1494,0.1388
228,1277,1505,0.1388
231,1265,1496,0.1388
238,1265,1503,0.1388
236,1260,1496,0.1388
236,1276,1512,0.1388
235,1267,1502,0.1388
233,1265,1498,0.1388
233,1271,1504,0.1388
232,1281,1513,0.1388
230,1285,1515,0.1388
233,1285,1518,0.1388
232,1286,1518,0.1388
234,1281,1515,0.1388
225,1279,1504,0.1388
226,1290,1516,0.1388
222,1280,1502,0.1388
224,1295,1519,0.1388
219,1282,1501,0.1388
219,1280,1499,0.1388
224,1293,1517,0.1388
227,1277,1504,0.1388
229,1287,1516,0.1388
227,1287,1514,0.1388
228,1284,1512,0.1388
226,1289,1515,0.1388
222,1290,1512,0.1388
220,1289,1509,0.1388
227,1295,1522,0.1388
226,1298,1524,0.1388
229,1286,1515,0.1388
229,1286,1515,0.1388
228,1295,1523,0.1388
228,1286,1514,0.1388
222,1292,1514,0.1388
219,1293,1512,0.1388
212,1301,1513,0.1388
212,1293,1505,0.1388
218,1289,1507,0.1388
221,1300,1521,0.1388
219,1298,1517,0.1388
221,1291,1512,0.1388
224,1292,1516,0.1388
225,1300,1525,0.1388
223,1301,1524,0.1388
222,1308,1530,0.1388
226,1302,1528,0.1388
221,1297,1518,0.1388
219,1298,1517,0.1388
212,1283,1495,0.1388
216,1289,1505,0.1388
216,1276,1492,0.1388
223,1285,1508,0.1388
221,1292,1513,0.1388
222,1290,1512,0.1388
225,1286,1511,0.1388
225,1300,1525,0.1388
224,1297,1521,0.1388
225,1293,1518,0.1388
226,1295,1521,0.1388
223,1294,1517,0.1388
222,1292,1514,0.1388
218,1285,1503,0.1388
215,1297,1512,0.1388
219,1297,1516,0.1388
218,1302,1520,0.1388
219,1303,1522,0.1388
217,1289,1506,0.1388
222,1281,1503,0.1388
224,1286,1510,0.1388
221,1276,1497,0.1388
215,1282,1497,0.1388
220,1295,1515,0.1388
221,1299,1520,0.1388
221,1294,1515,0.1388
223,1294,1517,0.1388
228,1291,1519,0.1388
222,1300,1522,0.1388
220,1295,1515,0.1388
216,1306,1522,0.1388
214,1301,1515,0.1388
212,1301,1513,0.1388
210,1293,1503,0.1388
213,1299,1512,0.1388
207,1301,1508,0.1388
207,1301,1508,0.1388
210,1302,1512,0.1388
205,1303,1508,0.1388
208,1309,1517,0.1388
208,1308,1516,0.1388
209,1315,1524,0.1388
210,1304,1514,0.1388
203,1306,1509,0.1388
207,1307,1514,0.1388
208,1297,1505,0.1388
207,1296,1503,0.1388
208,1302,1510,0.1388
212,1293,1505,0.1388
209,1300,1509,0.1388
210,1297,1507,0.1388
210,1301,1511,0.1388
210,1304,1514,0.1388
211,1300,1511,0.1388
209,1294,1503,0.1388
212,1301,1513,0.1388
216,1300,1516,0.1388
219,1304,1523,0.1388
215,1296,1511,0.1388
216,1298,1514,0.1388
219,1287,1506,0.1388
216,1294,1510,0.1388
216,1290,1506,0.1388
218,1289,1507,0.1388
215,1305,1520,0.1388
214,1291,1505,0.1388
212,1297,1509,0.1388
211,1297,1508,0.1388
208,1299,1507,0.1388
208,1299,1507,0.1388
207,1293,1500,0.1388
205,1294,1499,0.1388
202,1301,1503,0.1388
201,1298,1499,0.1388
198,1315,1513,0.1388
198,1299,1497,0.1388
203,1303,1506,0.1388
205,1311,1516,0.1388
207,1303,1510,0.1388
204,1304,1508,0.1388
201,1298,1499,0.1388
201,1300,1501,0.1388
205,1313,1518,0.1388
204,1309,1513,0.1388
201,1303,1504,0.1388
202,1306,1508,0.1388
202,1308,1510,0.1388
203,1301,1504,0.1388
196,1320,1516,0.1388
198,1325,1523,0.1388
196,1324,1520,0.1388
198,1327,1525,0.1388
196,1316,1512,0.1388
196,1326,1522,0.1388
197,1320,1517,0.1388
197,1316,1513,0.1388
187,1312,1499,0.1388
192,1322,1514,0.1388
196,1322,1518,0.1388
203,1312,1515,0.1388
203,1302,1505,0.1388
199,1302,1501,0.1388
193,1308,1501,0.1388
199,1307,1506,0.1388
200,1295,1495,0.1388
203,1288,1491,0.1388
201,1302,1503,0.1388
198,1316,1514,0.1388
195,1306,1501,0.1388
193,1319,1512,0.1388
191,1336,1527,0.1388
189,1338,1527,0.1388
188,1332,1520,0.1388
184,1337,1521,0.1388
184,1325,1509,0.1388
191,1331,1522,0.1388
194,1326,1520,0.1388
195,1335,1530,0.1388
194,1341,1535,0.1388
192,1341,1533,0.1388
194,1329,1523,0.1388
191,1328,1519,0.1388
192,1336,1528,0.1388
189,1350,1539,0.1388
184,1352,1536,0.1388
182,1341,1523,0.1388
184,1349,1533,0.1388
187,1343,1530,0.1388
185,1338,1523,0.1388
186,1339,1525,0.1388
186,1331,1517,0.1388
180,1340,1520,0.1388
182,1330,1512,0.1388
178,1323,1501,0.1388
177,1324,1501,0.1388
178,1325,1503,0.1388
180,1329,1509,0.1388
178,1334,1512,0.1388
182,1340,1522,0.1388
183,1319,1502,0.1388
177,1313,1490,0.1388
178,1330,1508,0.1388
178,1327,1505,0.1388
175,1319,1494,0.1388
180,1321,1501,0.1388
176,1323,1499,0.1388
175,1323,1498,0.1388
181,1340,1521,0.1388
177,1347,1524,0.1388
179,1347,1526,0.1388
178,1351,1529,0.1388
178,1343,1521,0.1388
176,1333,1509,0.1388
171,1330,1501,0.1388
169,1350,1519,0.1388
169,1347,1516,0.1388
171,1336,1507,0.1388
172,1337,1509,0.1388
168,1329,1497,0.1388
172,1319,1491,0.1388
172,1322,1494,0.1388
172,1325,1497,0.1388
176,1345,1521,0.1388
170,1346,1516,0.1388
168,1336,1504,0.1388
168,1345,1513,0.1388
169,1357,1526,0.1388
172,1351,1523,0.1388
170,1336,1506,0.1388
173,1346,1519,0.1388
173,1345,1518,0.1388
172,1343,1515,0.1388
171,1348,1519,0.1388
173,1333,1506,0.1388
172,1326,1498,0.1388
171,1323,1494,0.1388
167,1335,1502,0.1388
166,1343,1509,0.1388
169,1343,1512,0.1388
172,1351,1523,0.1388
171,1343,1514,0.1388
172,1343,1515,0.1388
171,1341,1512,0.1388
171,1351,1522,0.1388
169,1352,1521,0.1388
170,1354,1524,0.1388
172,1356,1528,0.1388
174,1338,1512,0.1388
172,1344,1516,0.1388
170,1344,1514,0.1388
168,1349,1517,0.1388
166,1345,1511,0.1388
167,1347,1514,0.1388
164,1353,1517,0.1388
162,1362,1524,0.1388
162,1341,1503,0.1388
162,1336,1498,0.1388
161,1344,1505,0.1388
161,1355,1516,0.1388
160,1345,1505,0.1388
159,1345,1504,0.1388
160,1345,1505,0.1388
158,1362,1520,0.1388
157,1354,1511,0.1388
156,1354,1510,0.1388
158,1349,1507,0.1388
161,1349,1510,0.1388
157,1350,1507,0.1388
160,1356,1516,0.1388
159,1352,1511,0.1388
161,1347,1508,0.1388
164,1363,1527,0.1388
160,1369,1529,0.1388
154,1360,1514,0.1388
153,1356,1509,0.1388
151,1362,1513,0.1388
149,1354,1503,0.1388
154,1364,1518,0.1388
153,1352,1505,0.1388
150,1352,1502,0.1388
151,1348,1499,0.1388
148,1351,1499,0.1388
147,1369,1516,0.1388
145,1367,1512,0.1388
146,1364,1510,0.1388
146,1361,1507,0.1388
146,1370,1516,0.1388
146,1361,1507,0.1388
150,1358,1508,0.1388
145,1359,1504,0.1388
146,1364,1510,0.1388
151,1370,1521,0.1388
148,1374,1522,0.1388
145,1363,1508,0.1388
143,1377,1520,0.1388
145,1381,1526,0.1388
143,1371,1514,0.1388
145,1373,1518,0.1388
143,1373,1516,0.1388
143,1374,1517,0.1388
141,1380,1521,0.1388
142,1378,1520,0.1388
139,1387,1526,0.1388
140,1387,1527,0.1388
138,1383,1521,0.1388
136,1374,1510,0.1388
135,1375,1510,0.1388
137,1365,1502,0.1388
135,1363,1498,0.1388
135,1374,1509,0.1388
139,1367,1506,0.1388
141,1384,1525,0.1388
144,1375,1519,0.1388
145,1389,1534,0.1388
138,1390,1528,0.1388
136,1390,1526,0.1388
140,1396,1536,0.1388
133,1405,1538,0.1388
133,1400,1533,0.1388
131,1390,1521,0.1388
133,1394,1527,0.1388
132,1376,1508,0.1388
130,1385,1515,0.1388
132,1398,1530,0.1388
135,1387,1522,0.1388
128,1378,1506,0.1388
129,1386,1515,0.1388
128,1392,1520,0.1388
126,1389,1515,0.1388
128,1398,1526,0.1388
126,1396,1522,0.1388
122,1394,1516,0.1388
126,1396,1522,0.1388
125,1376,1501,0.1388
124,1371,1495,0.1388
121,1370,1491,0.1388
121,1377,1498,0.1388
123,1388,1511,0.1388
124,1386,1510,0.1388
125,1382,1507,0.1388
124,1398,1522,0.1388
124,1406,1530,0.1388
124,1392,1516,0.1388
121,1385,1506,0.1388
122,1408,1530,0.1388
120,1408,1528,0.1388
124,1391,1515,0.1388
125,1401,1526,0.1388
123,1405,1528,0.1388
122,1411,1533,0.1388
120,1395,1515,0.1388
117,1394,1511,0.1388
119,1396,1515,0.1388
118,1395,1513,0.1388
116,1391,1507,0.1388
117,1395,1512,0.1388
123,1389,1512,0.1388
120,1394,1514,0.1388
120,1396,1516,0.1388
119,1405,1524,0.1388
119,1409,1528,0.1388
117,1397,1514,0.1388
118,1393,1511,0.1388
117,1405,1522,0.1388
112,1401,1513,0.1388
115,1407,1522,0.1388
115,1393,1508,0.1388
118,1400,1518,0.1388
118,1405,1523,0.1388
118,1396,1514,0.1388
116,1396,1512,0.1388
113,1398,1511,0.1388
113,1397,1510,0.1388
114,1402,1516,0.1388
118,1392,1510,0.1388
120,1402,1522,0.1388
117,1401,1518,0.1388
115,1403,1518,0.1388
115,1404,1519,0.1388
113,1417,1530,0.1388
117,1415,1532,0.1388
114,1407,1521,0.1388
113,1402,1515,0.1388
111,1403,1514,0.1388
110,1388,1498,0.1388
111,1396,1507,0.1388
110,1383,1493,0.1388
113,1391,1504,0.1388
112,1390,1502,0.1388
116,1393,1509,0.1388
115,1401,1516,0.1388
110,1403,1513,0.1388
107,1406,1513,0.1388
110,1405,1515,0.1388
114,1401,1515,0.1388
108,1385,1493,0.1388
111,1389,1500,0.1388
114,1391,1505,0.1388
114,1396,1510,0.1388
116,1390,1506,0.1388
115,1382,1497,0.1388
118,1380,1498,0.1388
116,1383,1499,0.1388
116,1380,1496,0.1388
115,1382,1497,0.1388
114,1374,1488,0.1388
116,1382,1498,0.1388
116,1390,1506,0.1388
118,1387,1505,0.1388
116,1410,1526,0.1388
113,1402,1515,0.1388
110,1414,1524,0.1388
109,1413,1522,0.1388
113,1412,1525,0.1388
110,1417,1527,0.1388
110,1411,1521,0.1388
113,1403,1516,0.1388
111,1392,1503,0.1388
114,1389,1503,0.1388
112,1379,1491,0.1388
110,1402,1512,0.1388
114,1401,1515,0.1388
114,1398,1512,0.1388
115,1394,1509,0.1388
113,1400,1513,0.1388
112,1391,1503,0.1388
109,1404,1513,0.1388
110,1409,1519,0.1388
110,1413,1523,0.1388
109,1415,1524,0.1388
107,1402,1509,0.1388
108,1403,1511,0.1388
114,1396,1510,0.1388
115,1397,1512,0.1388
113,1395,1508,0.1388
112,1393,1505,0.1388
113,1402,1515,0.1388
110,1397,1507,0.1388
112,1397,1509,0.1388
112,1387,1499,0.1388
112,1382,1494,0.1388
110,1393,1503,0.1388
109,1399,1508,0.1388
109,1395,1504,0.1388
106,1396,1502,0.1388
107,1396,1503,0.1388
103,1402,1505,0.1388
108,1399,1507,0.1388
110,1403,1513,0.1388
107,1409,1516,0.1388
104,1413,1517,0.1388
106,1425,1531,0.1388
109,1409,1518,0.1388
109,1398,1507,0.1388
108,1404,1512,0.1388
106,1402,1508,0.1388
101,1391,1492,0.1388
103,1396,1499,0.1388
104,1396,1500,0.1388
110,1405,1515,0.1388
112,1408,1520,0.1388
111,1407,1518,0.1388
112,1401,1513,0.1388
115,1400,1515,0.1388
114,1411,1525,0.1388
114,1403,1517,0.1388
117,1392,1509,0.1388
118,1388,1506,0.1388
116,1398,1514,0.1388
117,1396,1513,0.1388
116,1397,1513,0.1388
114,1399,1513,0.1388
115,1397,1512,0.1388
113,1398,1511,0.1388
112,1390,1502,0.1388
111,1402,1513,0.1388
108,1406,1514,0.1388
107,1411,1518,0.1388
103,1417,1520,0.1388
104,1413,1517,0.1388
108,1404,1512,0.1388
108,1404,1512,0.1388
107,1400,1507,0.1388
110,1401,1511,0.1388
108,1403,1511,0.1388
110,1406,1516,0.1388
106,1414,1520,0.1388
111,1400,1511,0.1388
108,1389,1497,0.1388
108,1400,1508,0.1388
108,1406,1514,0.1388
107,1409,1516,0.1388
108,1402,1510,0.1388
106,1401,1507,0.1388
108,1395,1503,0.1388
104,1384,1488,0.1388
104,1391,1495,0.1388
99,1402,1501,0.1388
102,1396,1498,0.1388
102,1388,1490,0.1388
103,1385,1488,0.1388
102,1391,1493,0.1388
103,1383,1486,0.1388
100,1397,1497,0.1388
103,1403,1506,0.1388
104,1405,1509,0.1388
104,1416,1520,0.1388
105,1415,1520,0.1388
106,1421,1527,0.1388
106,1421,1527,0.1388
101,1416,1517,0.1388
101,1413,1514,0.1388
99,1413,1512,0.1388
100,1410,1510,0.1388
97,1415,1512,0.1388
101,1415,1516,0.1388
102,1414,1516,0.1388
100,1424,1524,0.1388
100,1433,1533,0.1388
101,1430,1531,0.1388
102,1428,1530,0.1388
99,1430,1529,0.1388
93,1411,1504,0.1388
92,1415,1507,0.1388
90,1427,1517,0.1388
92,1431,1523,0.1388
89,1422,1511,0.1388
88,1408,1496,0.1388
85,1416,1501,0.1388
88,1429,1517,0.1388
91,1430,1521,0.1388
90,1427,1517,0.1388
88,1424,1512,0.1388
87,1429,1516,0.1388
86,1428,1514,0.1388
87,1431,1518,0.1388
87,1436,1523,0.1388
84,1421,1505,0.1388
82,1435,1517,0.1388
81,1443,1524,0.1388
80,1450,1530,0.1388
83,1438,1521,0.1388
83,1431,1514,0.1388
82,1434,1516,0.1388
83,1434,1517,0.1388
83,1442,1525,0.1388
82,1434,1516,0.1388
81,1424,1505,0.1388
77,1429,1506,0.1388
74,1428,1502,0.1388
74,1428,1502,0.1388
77,1435,1512,0.1388
78,1420,1498,0.1388
76,1420,1496,0.1388
76,1420,1496,0.1388
78,1431,1509,0.1388
73,1422,1495,0.1388
71,1436,1507,0.1388
75,1434,1509,0.1388
73,1426,1499,0.1388
74,1422,1496,0.1388
72,1435,1507,0.1388
75,1447,1522,0.1388
74,1436,1510,0.1388
75,1445,1520,0.1388
74,1447,1521,0.1388
75,1443,1518,0.1388
75,1447,1522,0.1388
76,1431,1507,0.1388
72,1432,1504,0.1388
74,1425,1499,0.1388
71,1424,1495,0.1388
69,1431,1500,0.1388
68,1452,1520,0.1388
68,1450,1518,0.1388
67,1460,1527,0.1388
68,1435,1503,0.1388
70,1448,1518,0.1388
66,1428,1494,0.1388
65,1429,1494,0.1388
62,1428,1490,0.1388
63,1421,1484,0.1388
66,1428,1494,0.1388
65,1444,1509,0.1388
65,1432,1497,0.1388
64,1443,1507,0.1388
65,1443,1508,0.1388
66,1450,1516,0.1388
68,1446,1514,0.1388
70,1437,1507,0.1388
70,1434,1504,0.1388
70,1439,1509,0.1388
69,1444,1513,0.1388
68,1455,1523,0.1388
70,1448,1518,0.1388
69,1453,1522,0.1388
67,1453,1520,0.1388
67,1457,1524,0.1388
69,1455,1524,0.1388
68,1456,1524,0.1388
63,1453,1516,0.1388
62,1453,1515,0.1388
63,1456,1519,0.1388
65,1458,1523,0.1388
64,1455,1519,0.1388
66,1449,1515,0.1388
65,1437,1502,0.1388
64,1431,1495,0.1388
61,1448,1509,0.1388
61,1462,1523,0.1388
61,1457,1518,0.1388
59,1448,1507,0.1388
58,1451,1509,0.1388
56,1450,1506,0.1388
55,1452,1507,0.1388
56,1459,1515,0.1388
56,1466,1522,0.1388
56,1460,1516,0.1388
59,1462,1521,0.1388
59,1470,1529,0.1388
58,1472,1530,0.1388
60,1463,1523,0.1388
60,1464,1524,0.1388
61,1464,1525,0.1388
61,1465,1526,0.1388
58,1477,1535,0.1388
58,1470,1528,0.1388
58,1467,1525,0.1388
58,1468,1526,0.1388
58,1457,1515,0.1388
56,1452,1508,0.1388
57,1459,1516,0.1388
57,1455,1512,0.1388
57,1452,1509,0.1388
55,1458,1513,0.1388
55,1456,1511,0.1388
54,1456,1510,0.1388
53,1464,1517,0.1388
53,1455,1508,0.1388
51,1457,1508,0.1388
54,1454,1508,0.1388
56,1458,1514,0.1388
58,1446,1504,0.1388
56,1458,1514,0.1388
55,1461,1516,0.1388
54,1464,1518,0.1388
55,1462,1517,0.1388
55,1477,1532,0.1388
55,1469,1524,0.1388
53,1465,1518,0.1388
53,1475,1528,0.1388
52,1475,1527,0.1388
51,1476,1527,0.1388
48,1460,1508,0.1388
51,1458,1509,0.1388
50,1455,1505,0.1388
52,1463,1515,0.1388
50,1460,1510,0.1388
47,1462,1509,0.1388
46,1469,1515,0.1388
47,1464,1511,0.1388
47,1452,1499,0.1388
48,1458,1506,0.1388
49,1453,1502,0.1388
49,1468,1517,0.1388
48,1482,1530,0.1388
49,1471,1520,0.1388
48,1475,1523,0.1388
49,1469,1518,0.1388
49,1468,1517,0.1388
50,1444,1494,0.1388
49,1455,1504,0.1388
47,1458,1505,0.1388
47,1468,1515,0.1388
44,1460,1504,0.1388
43,1473,1516,0.1388
43,1474,1517,0.1388
41,1479,1520,0.1388
40,1481,1521,0.1388
39,1478,1517,0.1388
38,1474,1512,0.1388
39,1481,1520,0.1388
39,1483,1522,0.1388
42,1485,1527,0.1388
43,1486,1529,0.1388
42,1504,1546,0.1388
41,1500,1541,0.1388
38,1489,1527,0.1388
38,1488,1526,0.1388
36,1484,1520,0.1388
38,1472,1510,0.1388
37,1475,1512,0.1388
37,1478,1515,0.1388
37,1476,1513,0.1388
35,1471,1506,0.1388
34,1477,1511,0.1388
35,1484,1519,0.1388
35,1472,1507,0.1388
35,1475,1510,0.1388
35,1457,1492,0.1388
35,1458,1493,0.1388
36,1466,1502,0.1388
36,1469,1505,0.1388
38,1488,1526,0.1388
35,1493,1528,0.1388
36,1481,1517,0.1388
37,1476,1513,0.1388
36,1482,1518,0.1388
35,1470,1505,0.1388
34,1470,1504,0.1388
32,1480,1512,0.1388
32,1481,1513,0.1388
33,1481,1514,0.1388
33,1483,1516,0.1388
33,1487,1520,0.1388
34,1486,1520,0.1388
35,1487,1522,0.1388
34,1479,1513,0.1388
34,1481,1515,0.1388
33,1490,1523,0.1388
34,1492,1526,0.1388
34,1498,1532,0.1388
35,1486,1521,0.1388
36,1491,1527,0.1388
35,1489,1524,0.1388
35,1475,1510,0.1388
34,1497,1531,0.1388
35,1493,1528,0.1388
36,1497,1533,0.1388
36,1489,1525,0.1388
35,1485,1520,0.1388
34,1492,1526,0.1388
34,1488,1522,0.1388
36,1478,1514,0.1388
35,1475,1510,0.1388
35,1465,1500,0.1388
39,1465,1504,0.1388
40,1473,1513,0.1388
42,1480,1522,0.1388
41,1471,1512,0.1388
42,1474,1516,0.1388
43,1478,1521,0.1388
43,1473,1516,0.1388
42,1459,1501,0.1388
40,1464,1504,0.1388
37,1464,1501,0.1388
37,1464,1501,0.1388
39,1471,1510,0.1388
39,1478,1517,0.1388
41,1472,1513,0.1388
42,1483,1525,0.1388
42,1482,1524,0.1388
40,1478,1518,0.1388
39,1468,1507,0.1388
37,1465,1502,0.1388
39,1472,1511,0.1388
38,1473,1511,0.1388
39,1473,1512,0.1388
40,1466,1506,0.1388
37,1479,1516,0.1388
37,1471,1508,0.1388
37,1470,1507,0.1388
38,1473,1511,0.1388
35,1474,1509,0.1388
32,1475,1507,0.1388
32,1491,1523,0.1388
33,1492,1525,0.1388
33,1505,1538,0.1388
32,1499,1531,0.1388
31,1504,1535,0.1388
32,1484,1516,0.1388
31,1472,1503,0.1388
33,1479,1512,0.1388
32,1485,1517,0.1388
32,1483,1515,0.1388
32,1480,1512,0.1388
32,1488,1520,0.1388
32,1481,1513,0.1388
32,1470,1502,0.1388
31,1477,1508,0.1388
31,1480,1511,0.1388
31,1477,1508,0.1388
31,1482,1513,0.1388
31,1490,1521,0.1388
30,1483,1513,0.1388
31,1493,1524,0.1388
33,1489,1522,0.1388
33,1482,1515,0.1388
33,1488,1521,0.1388
33,1490,1523,0.1388
34,1481,1515,0.1388
34,1479,1513,0.1388
32,1488,1520,0.1388
31,1490,1521,0.1388
30,1481,1511,0.1388
32,1484,1516,0.1388
32,1482,1514,0.1388
32,1489,1521,0.1388
32,1486,1518,0.1388
33,1479,1512,0.1388
33,1488,1521,0.1388
32,1498,1530,0.1388
32,1493,1525,0.1388
31,1482,1513,0.1388
31,1476,1507,0.1388
30,1482,1512,0.1388
30,1483,1513,0.1388
30,1486,1516,0.1388
30,1483,1513,0.1388
29,1485,1514,0.1388
29,1485,1514,0.1388
27,1486,1513,0.1388
26,1488,1514,0.1388
25,1485,1510,0.1388
26,1488,1514,0.1388
28,1491,1519,0.1388
27,1482,1509,0.1388
27,1486,1513,0.1388
27,1495,1522,0.1388
28,1492,1520,0.1388
26,1494,1520,0.1388
26,1493,1519,0.1388
27,1503,1530,0.1388
27,1503,1530,0.1388
25,1513,1538,0.1388
24,1505,1529,0.1388
24,1510,1534,0.1388
24,1504,1528,0.1388
23,1490,1513,0.1388
24,1497,1521,0.1388
23,1492,1515,0.1388
22,1493,1515,0.1388
21,1504,1525,0.1388
21,1504,1525,0.1388
23,1502,1525,0.1388
23,1504,1527,0.1388
22,1492,1514,0.1388
22,1487,1509,0.1388
22,1496,1518,0.1388
22,1491,1513,0.1388
24,1492,1516,0.1388
24,1507,1531,0.1388
22,1507,1529,0.1388
22,1497,1519,0.1388
22,1489,1511,0.1388
20,1492,1512,0.1388
20,1498,1518,0.1388
21,1497,1518,0.1388
21,1490,1511,0.1388
22,1496,1518,0.1388
22,1496,1518,0.1388
21,1492,1513,0.1388
20,1502,1522,0.1388
20,1509,1529,0.1388
20,1501,1521,0.1388
20,1497,1517,0.1388
20,1492,1512,0.1388
20,1501,1521,0.1388
21,1511,1532,0.1388
19,1493,1512,0.1388
19,1484,1503,0.1388
19,1501,1520,0.1388
20,1499,1519,0.1388
18,1501,1519,0.1388
18,1498,1516,0.1388
18,1500,1518,0.1388
17,1505,1522,0.1388
17,1505,1522,0.1388
18,1507,1525,0.1388
18,1501,1519,0.1388
18,1501,1519,0.1388
18,1513,1531,0.1388
18,1506,1524,0.1388
16,1509,1525,0.1388
17,1514,1531,0.1388
16,1499,1515,0.1388
15,1507,1522,0.1388
14,1508,1522,0.1388
14,1512,1526,0.1388
14,1508,1522,0.1388
12,1513,1525,0.1388
12,1511,1523,0.1388
12,1526,1538,0.1388
12,1520,1532,0.1388
12,1516,1528,0.1388
12,1511,1523,0.1388
13,1497,1510,0.1388
13,1511,1524,0.1388
14,1509,1523,0.1388
14,1504,1518,0.1388
14,1493,1507,0.1388
15,1491,1506,0.1388
15,1504,1519,0.1388
15,1503,1518,0.1388
14,1501,1515,0.1388
15,1495,1510,0.1388
15,1494,1509,0.1388
15,1497,1512,0.1388
15,1514,1529,0.1388
13,1519,1532,0.1388
13,1522,1535,0.1388
13,1519,1532,0.1388
13,1512,1525,0.1388
13,1526,1539,0.1388
13,1528,1541,0.1388
13,1520,1533,0.1388
14,1522,1536,0.1388
14,1510,1524,0.1388
13,1507,1520,0.1388
12,1501,1513,0.1388
13,1501,1514,0.1388
13,1492,1505,0.1388
13,1507,1520,0.1388
11,1523,1534,0.1388
11,1522,1533,0.1388
13,1513,1526,0.1388
14,1504,1518,0.1388
16,1519,1535,0.1388
15,1511,1526,0.1388
16,1505,1521,0.1388
16,1496,1512,0.1388
15,1500,1515,0.1388
15,1509,1524,0.1388
16,1505,1521,0.1388
15,1505,1520,0.1388
13,1506,1519,0.1388
13,1520,1533,0.1388
13,1519,1532,0.1388
11,1517,1528,0.1388
11,1523,1534,0.1388
10,1515,1525,0.1388
9,1506,1515,0.1388
9,1508,1517,0.1388
10,1508,1518,0.1388
10,1505,1515,0.1388
10,1496,1506,0.1388
10,1508,1518,0.1388
10,1511,1521,0.1388
9,1509,1518,0.1388
8,1503,1511,0.1388
8,1504,1512,0.1388
8,1512,1520,0.1388
8,1522,1530,0.1388
9,1513,1522,0.1388
9,1512,1521,0.1388
9,1518,1527,0.1388
9,1516,1525,0.1388
9,1493,1502,0.1388
8,1510,1518,0.1388
8,1499,1507,0.1388
8,1494,1502,0.1388
8,1511,1519,0.1388
9,1499,1508,0.1388
9,1506,1515,0.1388
8,1510,1518,0.1388
8,1506,1514,0.1388
8,1504,1512,0.1388
7,1498,1505,0.1388
7,1497,1504,0.1388
7,1498,1505,0.1388
7,1503,1510,0.1388
7,1498,1505,0.1388
7,1510,1517,0.1388
7,1504,1511,0.1388
7,1503,1510,0.1388
7,1501,1508,0.1388
7,1518,1525,0.1388
7,1528,1535,0.1388
6,1525,1531,0.1388
5,1517,1522,0.1388
5,1517,1522,0.1388
5,1497,1502,0.1388
5,1505,1510,0.1388
4,1515,1519,0.1388
4,1520,1524,0.1388
3,1507,1510,0.1388
2,1504,1506,0.1388
3,1497,1500,0.1388
3,1501,1504,0.1388
3,1503,1506,0.1388
3,1513,1516,0.1388
3,1530,1533,0.1388
3,1527,1530,0.1388
3,1523,1526,0.1388
3,1521,1524,0.1388
3,1521,1524,0.1388
3,1521,1524,0.1388
3,1508,1511,0.1388
3,1517,1520,0.1388
3,1512,1515,0.1388
3,1514,1517,0.1388
3,1515,1518,0.1388
3,1499,1502,0.1388
3,1485,1488,0.1388
3,1505,1508,0.1388
3,1512,1515,0.1388
1,1517,1518,0.1388
1,1521,1522,0.1388
1,1525,1526,0.1388
1,1522,1523,0.1388
1,1514,1515,0.1388
1,1520,1521,0.1388
1,1522,1523,0.1388
1,1517,1518,0.1388
1,1511,1512,0.1388
1,1517,1518,0.1388
1,1517,1518,0.1388
1,1520,1521,0.1388
1,1526,1527,0.1388
1,1522,1523,0.1388
1,1523,1524,0.1388
1,1526,1527,0.1388
1,1528,1529,0.1388
1,1503,1504,0.1388
1,1522,1523,0.1388
1,1510,1511,0.1388
1,1516,1517,0.1388
1,1522,1523,0.1388
1,1512,1513,0.1388
1,1512,1513,0.1388
1,1513,1514,0.1388
1,1518,1519,0.1388
1,1523,1524,0.1388
1,1529,1530,0.1388
1,1515,1516,0.1388
1,1506,1507,0.1388
1,1513,1514,0.1388
1,1504,1505,0.1388
1,1506,1507,0.1388
1,1513,1514,0.1388
1,1508,1509,0.1388
1,1495,1496,0.1388
1,1491,1492,0.1388
1,1505,1506,0.1388
1,1507,1508,0.1388
1,1507,1508,0.1388
1,1495,1496,0.1388
1,1502,1503,0.1388
1,1512,1513,0.1388
1,1523,1524,0.1388
1,1518,1519,0.1388
1,1521,1522,0.1388
1,1515,1516,0.1388
1,1517,1518,0.1388
1,1514,1515,0.1388
1,1512,1513,0.1388
1,1522,1523,0.1388
1,1515,1516,0.1388
1,1509,1510,0.1388
1,1510,1511,0.1388
1,1523,1524,0.1388
1,1519,1520,0.1388
1,1516,1517,0.1388
1,1515,1516,0.1388
1,1511,1512,0.1388
1,1502,1503,0.1388
1,1502,1503,0.1388
1,1516,1517,0.1388
1,1517,1518,0.1388
1,1501,1502,0.1388
1,1511,1512,0.1388
1,1504,1505,0.1388
1,1512,1513,0.1388
1,1519,1520,0.1388
1,1525,1526,0.1388
1,1518,1519,0.1388
2,1522,1524,0.1388
2,1517,1519,0.1388
1,1527,1528,0.1388
1,1512,1513,0.1388
1,1526,1527,0.1388
1,1520,1521,0.1388
1,1519,1520,0.1388
1,1529,1530,0.1388
1,1533,1534,0.1388
1,1540,1541,0.1388
1,1531,1532,0.1388
1,1524,1525,0.1388
1,1516,1517,0.1388
1,1503,1504,0.1388
1,1499,1500,0.1388
1,1518,1519,0.1388
1,1511,1512,0.1388
1,1510,1511,0.1388
1,1522,1523,0.1388
1,1519,1520,0.1388
1,1521,1522,0.1388
1,1519,1520,0.1388
1,1514,1515,0.1388
1,1511,1512,0.1388
1,1513,1514,0.1388
1,1503,1504,0.1388
1,1513,1514,0.1388
1,1514,1515,0.1388
2,1508,1510,0.1388
2,1499,1501,0.1388
1,1512,1513,0.1388
1,1507,1508,0.1388
1,1502,1503,0.1388
1,1496,1497,0.1388
1,1508,1509,0.1388
1,1498,1499,0.1388
1,1506,1507,0.1388
2,1505,1507,0.1388
2,1504,1506,0.1388
2,1507,1509,0.1388
2,1511,1513,0.1388
2,1511,1513,0.1388
2,1517,1519,0.1388
2,1507,1509,0.1388
2,1506,1508,0.1388
2,1514,1516,0.1388
2,1513,1515,0.1388
2,1511,1513,0.1388
2,1517,1519,0.1388
2,1530,1532,0.1388
1,1531,1532,0.1388
1,1523,1524,0.1388
1,1507,1508,0.1388
1,1518,1519,0.1388
1,1520,1521,0.1388
1,1532,1533,0.1388
1,1539,1540,0.1388
1,1528,1529,0.1388
1,1525,1526,0.1388
1,1521,1522,0.1388
1,1521,1522,0.1388
1,1534,1535,0.1388
1,1513,1514,0.1388
1,1507,1508,0.1388
1,1511,1512,0.1388
1,1513,1514,0.1388
1,1507,1508,0.1388
1,1517,1518,0.1388
1,1517,1518,0.1388
1,1525,1526,0.1388
1,1515,1516,0.1388
1,1520,1521,0.1388
1,1524,1525,0.1388
1,1512,1513,0.1388
1,1506,1507,0.1388
1,1511,1512,0.1388
2,1510,1512,0.1388
3,1516,1519,0.1388
4,1503,1507,0.1388
4,1512,1516,0.1388
4,1512,1516,0.1388
4,1498,1502,0.1388
4,1502,1506,0.1388
4,1509,1513,0.1388
4,1507,1511,0.1388
4,1517,1521,0.1388
4,1516,1520,0.1388
4,1505,1509,0.1388
4,1507,1511,0.1388
4,1525,1529,0.1388
5,1518,1523,0.1388
6,1516,1522,0.1388
6,1508,1514,0.1388
6,1511,1517,0.1388
6,1507,1513,0.1388
6,1521,1527,0.1388
7,1509,1516,0.1388
8,1503,1511,0.1388
8,1511,1519,0.1388
8,1506,1514,0.1388
8,1506,1514,0.1388
8,1504,1512,0.1388
8,1511,1519,0.1388
8,1508,1516,0.1388
8,1508,1516,0.1388
9,1503,1512,0.1388
9,1500,1509,0.1388
10,1499,1509,0.1388
11,1517,1528,0.1388
10,1520,1530,0.1388
11,1513,1524,0.1388
12,1508,1520,0.1388
12,1516,1528,0.1388
12,1502,1514,0.1388
12,1502,1514,0.1388
11,1502,1513,0.1388
11,1503,1514,0.1388
10,1510,1520,0.1388
10,1522,1532,0.1388
9,1507,1516,0.1388
11,1514,1525,0.1388
14,1513,1527,0.1388
14,1517,1531,0.1388
14,1502,1516,0.1388
14,1501,1515,0.1388
14,1496,1510,0.1388
14,1500,1514,0.1388
14,1504,1518,0.1388
14,1505,1519,0.1388
14,1510,1524,0.1388
15,1499,1514,0.1388
15,1498,1513,0.1388
14,1485,1499,0.1388
15,1496,1511,0.1388
15,1498,1513,0.1388
15,1498,1513,0.1388
16,1507,1523,0.1388
15,1509,1524,0.1388
15,1503,1518,0.1388
16,1505,1521,0.1388
17,1505,1522,0.1388
15,1498,1513,0.1388
15,1492,1507,0.1388
14,1497,1511,0.1388
13,1498,1511,0.1388
15,1501,1516,0.1388
15,1507,1522,0.1388
14,1506,1520,0.1388
14,1501,1515,0.1388
16,1498,1514,0.1388
16,1496,1512,0.1388
16,1490,1506,0.1388
15,1494,1509,0.1388
15,1483,1498,0.1388
14,1482,1496,0.1388
13,1500,1513,0.1388
12,1498,1510,0.1388
13,1498,1511,0.1388
12,1500,1512,0.1388
12,1501,1513,0.1388
12,1489,1501,0.1388
14,1491,1505,0.1388
14,1495,1509,0.1388
14,1510,1524,0.1388
14,1510,1524,0.1388
15,1502,1517,0.1388
15,1497,1512,0.1388
15,1490,1505,0.1388
15,1507,1522,0.1388
15,1503,1518,0.1388
15,1495,1510,0.1388
14,1509,1523,0.1388
14,1509,1523,0.1388
14,1509,1523,0.1388
14,1512,1526,0.1388
14,1506,1520,0.1388
14,1513,1527,0.1388
14,1515,1529,0.1388
14,1518,1532,0.1388
14,1510,1524,0.1388
14,1489,1503,0.1388
14,1496,1510,0.1388
15,1506,1521,0.1388
16,1511,1527,0.1388
16,1502,1518,0.1388
16,1523,1539,0.1388
16,1509,1525,0.1388
16,1508,1524,0.1388
15,1510,1525,0.1388
16,1506,1522,0.1388
16,1499,1515,0.1388
17,1492,1509,0.1388
17,1486,1503,0.1388
17,1498,1515,0.1388
17,1499,1516,0.1388
17,1492,1509,0.1388
17,1500,1517,0.1388
15,1495,1510,0.1388
15,1504,1519,0.1388
15,1502,1517,0.1388
16,1513,1529,0.1388
16,1501,1517,0.1388
15,1503,1518,0.1388
15,1501,1516,0.1388
15,1504,1519,0.1388
14,1511,1525,0.1388
14,1513,1527,0.1388
14,1508,1522,0.1388
13,1507,1520,0.1388
12,1504,1516,0.1388
11,1507,1518,0.1388
13,1509,1522,0.1388
14,1508,1522,0.1388
14,1515,1529,0.1388
13,1526,1539,0.1388
13,1508,1521,0.1388
13,1500,1513,0.1388
13,1495,1508,0.1388
12,1503,1515,0.1388
11,1496,1507,0.1388
11,1505,1516,0.1388
10,1511,1521,0.1388
9,1493,1502,0.1388
9,1503,1512,0.1388
8,1499,1507,0.1388
9,1508,1517,0.1388
9,1506,1515,0.1388
9,1513,1522,0.1388
10,1515,1525,0.1388
10,1518,1528,0.1388
10,1518,1528,0.1388
9,1514,1523,0.1388
10,1514,1524,0.1388
11,1500,1511,0.1388
11,1494,1505,0.1388
11,1502,1513,0.1388
10,1501,1511,0.1388
10,1502,1512,0.1388
10,1508,1518,0.1388
9,1507,1516,0.1388
10,1502,1512,0.1388
11,1513,1524,0.1388
10,1509,1519,0.1388
10,1516,1526,0.1388
10,1514,1524,0.1388
9,1509,1518,0.1388
9,1511,1520,0.1388
10,1518,1528,0.1388
10,1510,1520,0.1388
8,1508,1516,0.1388
10,1506,1516,0.1388
10,1508,1518,0.1388
9,1510,1519,0.1388
9,1511,1520,0.1388
7,1504,1511,0.1388
7,1517,1524,0.1388
6,1505,1511,0.1388
6,1502,1508,0.1388
6,1508,1514,0.1388
6,1520,1526,0.1388
6,1524,1530,0.1388
6,1516,1522,0.1388
6,1511,1517,0.1388
6,1505,1511,0.1388
6,1504,1510,0.1388
6,1505,1511,0.1388
6,1508,1514,0.1388
7,1515,1522,0.1388
7,1508,1515,0.1388
6,1518,1524,0.1388
5,1503,1508,0.1388
6,1497,1503,0.1388
6,1514,1520,0.1388
6,1518,1524,0.1388
6,1500,1506,0.1388
6,1516,1522,0.1388
6,1515,1521,0.1388
7,1521,1528,0.1388
7,1516,1523,0.1388
7,1510,1517,0.1388
7,1514,1521,0.1388
7,1508,1515,0.1388
7,1513,1520,0.1388
8,1513,1521,0.1388
7,1501,1508,0.1388
7,1492,1499,0.1388
8,1506,1514,0.1388
7,1505,1512,0.1388
7,1500,1507,0.1388
6,1508,1514,0.1388
6,1518,1524,0.1388
6,1511,1517,0.1388
6,1515,1521,0.1388
6,1492,1498,0.1388
6,1499,1505,0.1388
6,1504,1510,0.1388
5,1511,1516,0.1388
5,1514,1519,0.1388
6,1513,1519,0.1388
6,1526,1532,0.1388
6,1529,1535,0.1388
6,1520,1526,0.1388
6,1526,1532,0.1388
6,1517,1523,0.1388
6,1524,1530,0.1388
6,1522,1528,0.1388
6,1518,1524,0.1388
5,1508,1513,0.1388
5,1512,1517,0.1388
5,1511,1516,0.1388
5,1521,1526,0.1388
4,1503,1507,0.1388
3,1509,1512,0.1388
3,1512,1515,0.1388
3,1514,1517,0.1388
3,1525,1528,0.1388
3,1524,1527,0.1388
3,1520,1523,0.1388
3,1516,1519,0.1388
3,1519,1522,0.1388
3,1520,1523,0.1388
3,1496,1499,0.1388
3,1521,1524,0.1388
3,1523,1526,0.1388
3,1525,1528,0.1388
3,1521,1524,0.1388
2,1515,1517,0.1388
2,1515,1517,0.1388
2,1531,1533,0.1388
2,1531,1533,0.1388
2,1519,1521,0.1388
2,1526,1528,0.1388
1,1532,1533,0.1388
1,1530,1531,0.1388
1,1514,1515,0.1388
1,1519,1520,0.1388
1,1515,1516,0.1388
1,1515,1516,0.1388
1,1521,1522,0.1388
1,1511,1512,0.1388
1,1514,1515,0.1388
1,1519,1520,0.1388
1,1516,1517,0.1388
1,1522,1523,0.1388
1,1527,1528,0.1388
1,1531,1532,0.1388
1,1513,1514,0.1388
1,1513,1514,0.1388
1,1518,1519,0.1388
1,1531,1532,0.1388
1,1524,1525,0.1388
1,1515,1516,0.1388
1,1524,1525,0.1388
1,1524,1525,0.1388
1,1520,1521,0.1388
1,1520,1521,0.1388
1,1517,1518,0.1388
1,1505,1506,0.1388
1,1518,1519,0.1388
1,1527,1528,0.1388
1,1526,1527,0.1388
1,1529,1530,0.1388
1,1522,1523,0.1388
1,1510,1511,0.1388
1,1528,1529,0.1388
1,1518,1519,0.1388
1,1519,1520,0.1388
1,1521,1522,0.1388
1,1522,1523,0.1388
1,1518,1519,0.1388
1,1516,1517,0.1388
1,1522,1523,0.1388
1,1516,1517,0.1388
1,1511,1512,0.1388
1,1510,1511,0.1388
1,1516,1517,0.1388
1,1518,1519,0.1388
1,1513,1514,0.1388
1,1512,1513,0.1388
1,1518,1519,0.1388
2,1516,1518,0.1388
1,1514,1515,0.1388
2,1529,1531,0.1388
2,1519,1521,0.1388
2,1514,1516,0.1388
2,1515,1517,0.1388
2,1511,1513,0.1388
2,1515,1517,0.1388
2,1517,1519,0.1388
2,1510,1512,0.1388
2,1491,1493,0.1388
2,1494,1496,0.1388
2,1509,1511,0.1388
2,1522,1524,0.1388
2,1522,1524,0.1388
2,1522,1524,0.1388
2,1526,1528,0.1388
2,1522,1524,0.1388
2,1535,1537,0.1388
2,1529,1531,0.1388
2,1527,1529,0.1388
1,1520,1521,0.1388
1,1524,1525,0.1388
1,1526,1527,0.1388
1,1513,1514,0.1388
1,1514,1515,0.1388
1,1522,1523,0.1388
2,1514,1516,0.1388
2,1512,1514,0.1388
2,1507,1509,0.1388
2,1504,1506,0.1388
2,1511,1513,0.1388
2,1515,1517,0.1388
2,1527,1529,0.1388
2,1522,1524,0.1388
3,1523,1526,0.1388
2,1526,1528,0.1388
2,1522,1524,0.1388
2,1514,1516,0.1388
2,1518,1520,0.1388
2,1521,1523,0.1388
2,1514,1516,0.1388
1,1519,1520,0.1388
1,1508,1509,0.1388
1,1512,1513,0.1388
1,1524,1525,0.1388
1,1525,1526,0.1388
1,1518,1519,0.1388
2,1519,1521,0.1388
2,1508,1510,0.1388
1,1503,1504,0.1388
1,1517,1518,0.1388
1,1518,1519,0.1388
1,1505,1506,0.1388
1,1518,1519,0.1388
1,1521,1522,0.1388
1,1516,1517,0.1388
1,1513,1514,0.1388
1,1512,1513,0.1388
1,1513,1514,0.1388
1,1522,1523,0.1388
1,1531,1532,0.1388
1,1544,1545,0.1388
1,1516,1517,0.1388
1,1530,1531,0.1388
1,1517,1518,0.1388
1,1511,1512,0.1388
1,1507,1508,0.1388
1,1511,1512,0.1388
1,1519,1520,0.1388
1,1513,1514,0.1388
1,1516,1517,0.1388
1,1524,1525,0.1388
1,1527,1528,0.1388
1,1511,1512,0.1388
1,1508,1509,0.1388
1,1503,1504,0.1388
1,1520,1521,0.1388
1,1505,1506,0.1388
1,1514,1515,0.1388
1,1521,1522,0.1388
1,1518,1519,0.1388
1,1507,1508,0.1388
2,1489,1491,0.1388
2,1500,1502,0.1388
2,1514,1516,0.1388
2,1506,1508,0.1388
2,1499,1501,0.1388
2,1498,1500,0.1388
2,1502,1504,0.1388
3,1510,1513,0.1388
3,1508,1511,0.1388
3,1512,1515,0.1388
3,1508,1511,0.1388
3,1522,1525,0.1388
4,1526,1530,0.1388
4,1511,1515,0.1388
5,1509,1514,0.1388
5,1500,1505,0.1388
5,1515,1520,0.1388
5,1497,1502,0.1388
5,1508,1513,0.1388
5,1524,1529,0.1388
5,1525,1530,0.1388
5,1521,1526,0.1388
5,1514,1519,0.1388
5,1507,1512,0.1388
5,1510,1515,0.1388
6,1509,1515,0.1388
6,1491,1497,0.1388
6,1498,1504,0.1388
6,1491,1497,0.1388
6,1498,1504,0.1388
6,1507,1513,0.1388
6,1512,1518,0.1388
6,1499,1505,0.1388
6,1508,1514,0.1388
6,1508,1514,0.1388
6,1515,1521,0.1388
6,1521,1527,0.1388
6,1522,1528,0.1388
6,1506,1512,0.1388
6,1509,1515,0.1388
6,1504,1510,0.1388
6,1490,1496,0.1388
6,1511,1517,0.1388
6,1508,1514,0.1388
6,1518,1524,0.1388
5,1516,1521,0.1388
5,1516,1521,0.1388
5,1520,1525,0.1388
5,1530,1535,0.1388
5,1525,1530,0.1388
5,1526,1531,0.1388
5,1528,1533,0.1388
6,1528,1534,0.1388
6,1521,1527,0.1388
5,1521,1526,0.1388
5,1523,1528,0.1388
5,1517,1522,0.1388
5,1506,1511,0.1388
5,1509,1514,0.1388
4,1504,1508,0.1388
3,1517,1520,0.1388
3,1509,1512,0.1388
4,1513,1517,0.1388
4,1517,1521,0.1388
3,1519,1522,0.1388
3,1523,1526,0.1388
4,1520,1524,0.1388
4,1510,1514,0.1388
4,1513,1517,0.1388
5,1512,1517,0.1388
5,1510,1515,0.1388
6,1520,1526,0.1388
6,1521,1527,0.1388
6,1515,1521,0.1388
6,1522,1528,0.1388
5,1514,1519,0.1388
5,1502,1507,0.1388
5,1521,1526,0.1388
7,1515,1522,0.1388
7,1511,1518,0.1388
7,1506,1513,0.1388
8,1502,1510,0.1388
8,1503,1511,0.1388
9,1486,1495,0.1388
9,1488,1497,0.1388
8,1509,1517,0.1388
8,1501,1509,0.1388
9,1512,1521,0.1388
8,1503,1511,0.1388
8,1510,1518,0.1388
7,1504,1511,0.1388
7,1500,1507,0.1388
6,1499,1505,0.1388
7,1507,1514,0.1388
7,1502,1509,0.1388
7,1515,1522,0.1388
6,1513,1519,0.1388
7,1510,1517,0.1388
7,1507,1514,0.1388
7,1500,1507,0.1388
7,1508,1515,0.1388
7,1500,1507,0.1388
8,1516,1524,0.1388
8,1509,1517,0.1388
8,1513,1521,0.1388
8,1512,1520,0.1388
8,1524,1532,0.1388
8,1515,1523,0.1388
8,1511,1519,0.1388
7,1515,1522,0.1388
8,1502,1510,0.1388
8,1503,1511,0.1388
9,1513,1522,0.1388
9,1516,1525,0.1388
9,1512,1521,0.1388
9,1518,1527,0.1388
9,1505,1514,0.1388
9,1501,1510,0.1388
8,1508,1516,0.1388
8,1513,1521,0.1388
8,1524,1532,0.1388
8,1529,1537,0.1388
6,1502,1508,0.1388
6,1499,1505,0.1388
6,1503,1509,0.1388
6,1507,1513,0.1388
7,1504,1511,0.1388
7,1508,1515,0.1388
7,1508,1515,0.1388
5,1508,1513,0.1388
6,1513,1519,0.1388
6,1514,1520,0.1388
6,1516,1522,0.1388
6,1510,1516,0.1388
7,1495,1502,0.1388
8,1496,1504,0.1388
8,1497,1505,0.1388
8,1511,1519,0.1388
8,1519,1527,0.1388
8,1516,1524,0.1388
8,1503,1511,0.1388
8,1498,1506,0.1388
8,1499,1507,0.1388
8,1513,1521,0.1388
10,1510,1520,0.1388
11,1509,1520,0.1388
11,1507,1518,0.1388
11,1511,1522,0.1388
12,1500,1512,0.1388
12,1499,1511,0.1388
12,1495,1507,0.1388
13,1500,1513,0.1388
13,1495,1508,0.1388
14,1485,1499,0.1388
13,1499,1512,0.1388
13,1511,1524,0.1388
12,1509,1521,0.1388
13,1510,1523,0.1388
12,1514,1526,0.1388
12,1522,1534,0.1388
12,1503,1515,0.1388
12,1513,1525,0.1388
12,1510,1522,0.1388
12,1509,1521,0.1388
10,1499,1509,0.1388
10,1506,1516,0.1388
9,1503,1512,0.1388
9,1497,1506,0.1388
9,1504,1513,0.1388
9,1498,1507,0.1388
9,1493,1502,0.1388
9,1495,1504,0.1388
10,1505,1515,0.1388
10,1520,1530,0.1388
10,1523,1533,0.1388
11,1501,1512,0.1388
10,1493,1503,0.1388
12,1490,1502,0.1388
11,1491,1502,0.1388
11,1500,1511,0.1388
11,1487,1498,0.1388
11,1498,1509,0.1388
11,1501,1512,0.1388
11,1514,1525,0.1388
11,1507,1518,0.1388
11,1496,1507,0.1388
11,1498,1509,0.1388
11,1493,1504,0.1388
12,1491,1503,0.1388
12,1496,1508,0.1388
12,1511,1523,0.1388
12,1510,1522,0.1388
12,1505,1517,0.1388
12,1503,1515,0.1388
12,1504,1516,0.1388
12,1503,1515,0.1388
12,1501,1513,0.1388
12,1497,1509,0.1388
12,1499,1511,0.1388
12,1506,1518,0.1388
12,1508,1520,0.1388
12,1501,1513,0.1388
12,1500,1512,0.1388
12,1493,1505,0.1388
12,1498,1510,0.1388
12,1506,1518,0.1388
12,1503,1515,0.1388
12,1493,1505,0.1388
12,1499,1511,0.1388
12,1508,1520,0.1388
11,1510,1521,0.1388
11,1499,1510,0.1388
10,1492,1502,0.1388
10,1498,1508,0.1388
10,1499,1509,0.1388
9,1501,1510,0.1388
9,1500,1509,0.1388
10,1498,1508,0.1388
10,1496,1506,0.1388
10,1496,1506,0.1388
10,1501,1511,0.1388
9,1505,1514,0.1388
9,1503,1512,0.1388
9,1504,1513,0.1388
9,1497,1506,0.1388
10,1497,1507,0.1388
10,1494,1504,0.1388
9,1503,1512,0.1388
8,1502,1510,0.1388
8,1504,1512,0.1388
8,1489,1497,0.1388
8,1494,1502,0.1388
8,1501,1509,0.1388
10,1504,1514,0.1388
10,1505,1515,0.1388
10,1501,1511,0.1388
10,1499,1509,0.1388
8,1514,1522,0.1388
8,1512,1520,0.1388
8,1514,1522,0.1388
8,1516,1524,0.1388
7,1520,1527,0.1388
7,1514,1521,0.1388
7,1511,1518,0.1388
7,1520,1527,0.1388
7,1521,1528,0.1388
7,1512,1519,0.1388
6,1494,1500,0.1388
6,1497,1503,0.1388
6,1505,1511,0.1388
6,1511,1517,0.1388
5,1509,1514,0.1388
5,1510,1515,0.1388
5,1522,1527,0.1388
6,1526,1532,0.1388
6,1518,1524,0.1388
6,1518,1524,0.1388
6,1522,1528,0.1388
6,1525,1531,0.1388
6,1516,1522,0.1388
6,1527,1533,0.1388
5,1508,1513,0.1388
6,1526,1532,0.1388
6,1533,1539,0.1388
6,1531,1537,0.1388
6,1528,1534,0.1388
6,1531,1537,0.1388
7,1515,1522,0.1388
7,1513,1520,0.1388
7,1502,1509,0.1388
6,1514,1520,0.1388
5,1516,1521,0.1388
5,1508,1513,0.1388
4,1511,1515,0.1388
4,1518,1522,0.1388
4,1501,1505,0.1388
4,1502,1506,0.1388
4,1493,1497,0.1388
4,1502,1506,0.1388
4,1499,1503,0.1388
4,1506,1510,0.1388
4,1533,1537,0.1388
4,1534,1538,0.1388
4,1521,1525,0.1388
4,1510,1514,0.1388
4,1505,1509,0.1388
4,1522,1526,0.1388
4,1533,1537,0.1388
4,1533,1537,0.1388
4,1525,1529,0.1388
3,1528,1531,0.1388
3,1523,1526,0.1388
3,1523,1526,0.1388
4,1520,1524,0.1388
4,1518,1522,0.1388
4,1520,1524,0.1388
4,1491,1495,0.1388
9,1502,1511,0.1388
9,1507,1516,0.1388
9,1512,1521,0.1388
9,1527,1536,0.1388
9,1525,1534,0.1388
9,1519,1528,0.1388
10,1529,1539,0.1388
10,1527,1537,0.1388
10,1508,1518,0.1388
10,1519,1529,0.1388
10,1512,1522,0.1388
10,1504,1514,0.1388
10,1509,1519,0.1388
9,1510,1519,0.1388
8,1513,1521,0.1388
8,1500,1508,0.1388
8,1507,1515,0.1388
8,1509,1517,0.1388
7,1512,1519,0.1388
7,1510,1517,0.1388
7,1516,1523,0.1388
7,1519,1526,0.1388
6,1514,1520,0.1388
6,1514,1520,0.1388
5,1509,1514,0.1388
4,1523,1527,0.1388
4,1521,1525,0.1388
4,1521,1525,0.1388
4,1515,1519,0.1388
3,1511,1514,0.1388
3,1516,1519,0.1388
2,1519,1521,0.1388
2,1516,1518,0.1388
2,1518,1520,0.1388
3,1509,1512,0.1388
3,1509,1512,0.1388
3,1514,1517,0.1388
3,1511,1514,0.1388
4,1534,1538,0.1388
4,1529,1533,0.1388
4,1533,1537,0.1388
4,1526,1530,0.1388
4,1525,1529,0.1388
3,1515,1518,0.1388
3,1515,1518,0.1388
3,1509,1512,0.1388
3,1517,1520,0.1388
3,1507,1510,0.1388
4,1514,1518,0.1388
4,1514,1518,0.1388
4,1518,1522,0.1388
4,1523,1527,0.1388
4,1532,1536,0.1388
4,1533,1537,0.1388
4,1525,1529,0.1388
4,1511,1515,0.1388
4,1511,1515,0.1388
3,1506,1509,0.1388
3,1504,1507,0.1388
3,1500,1503,0.1388
3,1517,1520,0.1388
3,1518,1521,0.1388
3,1508,1511,0.1388
3,1521,1524,0.1388
3,1514,1517,0.1388
3,1519,1522,0.1388
3,1518,1521,0.1388
3,1518,1521,0.1388
3,1514,1517,0.1388
3,1506,1509,0.1388
3,1524,1527,0.1388
3,1529,1532,0.1388
3,1538,1541,0.1388
4,1526,1530,0.1388
4,1523,1527,0.1388
4,1517,1521,0.1388
4,1510,1514,0.1388
4,1519,1523,0.1388
4,1503,1507,0.1388
4,1521,1525,0.1388
4,1509,1513,0.1388
5,1505,1510,0.1388
5,1515,1520,0.1388
5,1510,1515,0.1388
5,1509,1514,0.1388
5,1514,1519,0.1388
4,1522,1526,0.1388
4,1517,1521,0.1388
4,1506,1510,0.1388
4,1509,1513,0.1388
4,1514,1518,0.1388
4,1517,1521,0.1388
4,1530,1534,0.1388
4,1534,1538,0.1388
5,1519,1524,0.1388
5,1524,1529,0.1388
3,1513,1516,0.1388
3,1516,1519,0.1388
4,1512,1516,0.1388
3,1510,1513,0.1388
3,1491,1494,0.1388
3,1503,1506,0.1388
2,1509,1511,0.1388
2,1518,1520,0.1388
2,1509,1511,0.1388
2,1522,1524,0.1388
2,1521,1523,0.1388
1,1520,1521,0.1388
1,1511,1512,0.1388
1,1511,1512,0.1388
1,1525,1526,0.1388
1,1509,1510,0.1388
1,1507,1508,0.1388
1,1514,1515,0.1388
0,1520,1520,0.1388
