1373,32,1405,0.1388
1397,34,1431,0.1388
1419,36,1455,0.1388
1434,33,1467,0.1388
1455,34,1489,0.1388
1455,37,1492,0.1388
1462,38,1500,0.1388
1459,41,1500,0.1388
1443,40,1483,0.1388
1450,42,1492,0.1388
1454,42,1496,0.1388
1444,40,1484,0.1388
1445,40,1485,0.1388
1443,41,1484,0.1388
1448,38,1486,0.1388
1454,39,1493,0.1388
1455,40,1495,0.1388
1448,43,1491,0.1388
1451,44,1495,0.1388
1432,45,1477,0.1388
1429,44,1473,0.1388
1446,44,1490,0.1388
1449,43,1492,0.1388
1458,45,1503,0.1388
1454,46,1500,0.1388
1458,45,1503,0.1388
1454,45,1499,0.1388
1453,46,1499,0.1388
1441,47,1488,0.1388
1454,47,1501,0.1388
1444,47,1491,0.1388
1447,51,1498,0.1388
1438,53,1491,0.1388
1443,53,1496,0.1388
1448,51,1499,0.1388
1435,48,1483,0.1388
1430,49,1479,0.1388
1434,48,1482,0.1388
1436,50,1486,0.1388
1435,54,1489,0.1388
1430,53,1483,0.1388
1440,52,1492,0.1388
1428,53,1481,0.1388
1433,54,1487,0.1388
1438,54,1492,0.1388
1450,55,1505,0.1388
1446,53,1499,0.1388
1460,50,1510,0.1388
1442,50,1492,0.1388
1448,49,1497,0.1388
1445,50,1495,0.1388
1439,51,1490,0.1388
1449,51,1500,0.1388
1438,49,1487,0.1388
1444,49,1493,0.1388
1444,50,1494,0.1388
1445,50,1495,0.1388
1444,50,1494,0.1388
1441,52,1493,0.1388
1450,52,1502,0.1388
1443,54,1497,0.1388
1439,56,1495,0.1388
1439,55,1494,0.1388
1445,52,1497,0.1388
1448,55,1503,0.1388
1437,54,1491,0.1388
1437,52,1489,0.1388
1451,52,1503,0.1388
1449,51,1500,0.1388
1446,51,1497,0.1388
1441,53,1494,0.1388
1455,53,1508,0.1388
1447,53,1500,0.1388
1457,53,1510,0.1388
1468,54,1522,0.1388
1466,53,1519,0.1388
1456,53,1509,0.1388
1460,54,1514,0.1388
1440,52,1492,0.1388
1451,53,1504,0.1388
1443,58,1501,0.1388
1434,60,1494,0.1388
1427,58,1485,0.1388
1425,59,1484,0.1388
1411,59,1470,0.1388
1432,59,1491,0.1388
1431,58,1489,0.1388
1414,56,1470,0.1388
1406,55,1461,0.1388
1417,56,1473,0.1388
1418,58,1476,0.1388
1421,55,1476,0.1388
1433,60,1493,0.1388
1443,57,1500,0.1388
1441,55,1496,0.1388
1453,57,1510,0.1388
1455,59,1514,0.1388
1454,57,1511,0.1388
1444,56,1500,0.1388
1450,56,1506,0.1388
1455,55,1510,0.1388
1450,55,1505,0.1388
1448,57,1505,0.1388
1436,55,1491,0.1388
1438,55,1493,0.1388
1424,57,1481,0.1388
1423,58,1481,0.1388
1436,57,1493,0.1388
1435,59,1494,0.1388
1444,58,1502,0.1388
1426,57,1483,0.1388
1431,56,1487,0.1388
1427,56,1483,0.1388
1450,55,1505,0.1388
1461,54,1515,0.1388
1455,55,1510,0.1388
1460,52,1512,0.1388
1454,54,1508,0.1388
1459,56,1515,0.1388
1434,58,1492,0.1388
1441,59,1500,0.1388
1446,60,1506,0.1388
1449,59,1508,0.1388
1437,59,1496,0.1388
1438,59,1497,0.1388
1442,60,1502,0.1388
1451,62,1513,0.1388
1453,58,1511,0.1388
1437,57,1494,0.1388
1437,57,1494,0.1388
1438,60,1498,0.1388
1432,59,1491,0.1388
1429,59,1488,0.1388
1423,59,1482,0.1388
1419,59,1478,0.1388
1422,61,1483,0.1388
1433,61,1494,0.1388
1430,64,1494,0.1388
1427,66,1493,0.1388
1417,66,1483,0.1388
1424,68,1492,0.1388
1440,70,1510,0.1388
1436,72,1508,0.1388
1423,71,1494,0.1388
1426,73,1499,0.1388
1433,71,1504,0.1388
1447,73,1520,0.1388
1450,72,1522,0.1388
1446,73,1519,0.1388
1434,69,1503,0.1388
1445,67,1512,0.1388
1451,68,1519,0.1388
1442,70,1512,0.1388
1425,68,1493,0.1388
1420,69,1489,0.1388
1420,71,1491,0.1388
1415,72,1487,0.1388
1407,72,1479,0.1388
1411,73,1484,0.1388
1415,73,1488,0.1388
1418,74,1492,0.1388
1424,75,1499,0.1388
1422,77,1499,0.1388
1415,76,1491,0.1388
1408,78,1486,0.1388
1427,80,1507,0.1388
1427,77,1504,0.1388
1422,78,1500,0.1388
1413,80,1493,0.1388
1418,81,1499,0.1388
1421,81,1502,0.1388
1428,79,1507,0.1388
1428,81,1509,0.1388
1412,81,1493,0.1388
1409,86,1495,0.1388
1420,85,1505,0.1388
1430,90,1520,0.1388
1420,89,1509,0.1388
1412,86,1498,0.1388
1412,87,1499,0.1388
1411,92,1503,0.1388
1413,90,1503,0.1388
1416,89,1505,0.1388
1409,87,1496,0.1388
1388,93,1481,0.1388
1398,94,1492,0.1388
1398,96,1494,0.1388
1396,96,1492,0.1388
1395,93,1488,0.1388
1396,92,1488,0.1388
1390,89,1479,0.1388
1398,91,1489,0.1388
1400,90,1490,0.1388
1387,89,1476,0.1388
1389,89,1478,0.1388
1390,85,1475,0.1388
1397,90,1487,0.1388
1406,90,1496,0.1388
1403,90,1493,0.1388
1394,91,1485,0.1388
1383,92,1475,0.1388
1394,91,1485,0.1388
1395,94,1489,0.1388
1407,92,1499,0.1388
1408,91,1499,0.1388
1401,86,1487,0.1388
1398,84,1482,0.1388
1409,88,1497,0.1388
1407,92,1499,0.1388
1400,89,1489,0.1388
1403,89,1492,0.1388
1408,89,1497,0.1388
1418,88,1506,0.1388
1418,90,1508,0.1388
1412,90,1502,0.1388
1397,85,1482,0.1388
1397,87,1484,0.1388
1378,84,1462,0.1388
1386,86,1472,0.1388
1388,88,1476,0.1388
1379,90,1469,0.1388
1376,87,1463,0.1388
1383,88,1471,0.1388
1376,91,1467,0.1388
1379,95,1474,0.1388
1386,95,1481,0.1388
1380,94,1474,0.1388
1392,94,1486,0.1388
1393,97,1490,0.1388
1403,97,1500,0.1388
1405,98,1503,0.1388
1408,98,1506,0.1388
1409,100,1509,0.1388
1395,104,1499,0.1388
1384,103,1487,0.1388
1386,101,1487,0.1388
1383,97,1480,0.1388
1386,96,1482,0.1388
1389,98,1487,0.1388
1409,100,1509,0.1388
1412,99,1511,0.1388
1408,95,1503,0.1388
1408,93,1501,0.1388
1393,94,1487,0.1388
1394,95,1489,0.1388
1394,94,1488,0.1388
1397,94,1491,0.1388
1406,91,1497,0.1388
1392,89,1481,0.1388
1386,91,1477,0.1388
1381,89,1470,0.1388
1383,86,1469,0.1388
1390,90,1480,0.1388
1402,90,1492,0.1388
1398,92,1490,0.1388
1404,93,1497,0.1388
1400,98,1498,0.1388
1396,98,1494,0.1388
1387,95,1482,0.1388
1399,99,1498,0.1388
1400,99,1499,0.1388
1394,101,1495,0.1388
1390,103,1493,0.1388
1391,105,1496,0.1388
1391,106,1497,0.1388
1402,101,1503,0.1388
1402,105,1507,0.1388
1404,107,1511,0.1388
1398,109,1507,0.1388
1393,105,1498,0.1388
1375,108,1483,0.1388
1385,108,1493,0.1388
1388,107,1495,0.1388
1389,107,1496,0.1388
1383,110,1493,0.1388
1391,113,1504,0.1388
1396,115,1511,0.1388
1395,112,1507,0.1388
1378,113,1491,0.1388
1382,119,1501,0.1388
1375,116,1491,0.1388
1382,122,1504,0.1388
1374,129,1503,0.1388
1359,127,1486,0.1388
1351,126,1477,0.1388
1352,124,1476,0.1388
1356,128,1484,0.1388
1360,125,1485,0.1388
1355,127,1482,0.1388
1358,130,1488,0.1388
1369,128,1497,0.1388
1370,125,1495,0.1388
1378,126,1504,0.1388
1365,125,1490,0.1388
1364,128,1492,0.1388
1372,130,1502,0.1388
1368,127,1495,0.1388
1371,130,1501,0.1388
1369,132,1501,0.1388
1365,132,1497,0.1388
1362,129,1491,0.1388
1364,130,1494,0.1388
1370,129,1499,0.1388
1390,130,1520,0.1388
1378,131,1509,0.1388
1362,132,1494,0.1388
1351,128,1479,0.1388
1341,126,1467,0.1388
1345,126,1471,0.1388
1345,129,1474,0.1388
1351,137,1488,0.1388
1354,143,1497,0.1388
1345,146,1491,0.1388
1351,145,1496,0.1388
1346,145,1491,0.1388
1348,145,1493,0.1388
1345,148,1493,0.1388
1339,148,1487,0.1388
1327,149,1476,0.1388
1328,147,1475,0.1388
1334,147,1481,0.1388
1328,149,1477,0.1388
1332,145,1477,0.1388
1320,148,1468,0.1388
1336,144,1480,0.1388
1347,144,1491,0.1388
1362,140,1502,0.1388
1346,141,1487,0.1388
1353,140,1493,0.1388
1367,144,1511,0.1388
1350,142,1492,0.1388
1345,136,1481,0.1388
1354,135,1489,0.1388
1362,139,1501,0.1388
1348,139,1487,0.1388
1344,134,1478,0.1388
1348,135,1483,0.1388
1353,140,1493,0.1388
1346,141,1487,0.1388
1348,145,1493,0.1388
1349,146,1495,0.1388
1349,150,1499,0.1388
1346,144,1490,0.1388
1346,145,1491,0.1388
1337,145,1482,0.1388
1353,145,1498,0.1388
1350,140,1490,0.1388
1343,142,1485,0.1388
1348,143,1491,0.1388
1348,144,1492,0.1388
1346,142,1488,0.1388
1349,142,1491,0.1388
1352,143,1495,0.1388
1350,144,1494,0.1388
1358,144,1502,0.1388
1352,144,1496,0.1388
1364,145,1509,0.1388
1353,145,1498,0.1388
1349,148,1497,0.1388
1354,148,1502,0.1388
1362,148,1510,0.1388
1371,146,1517,0.1388
1355,146,1501,0.1388
1339,148,1487,0.1388
1339,146,1485,0.1388
1330,150,1480,0.1388
1325,151,1476,0.1388
1331,150,1481,0.1388
1351,152,1503,0.1388
1357,152,1509,0.1388
1354,152,1506,0.1388
1356,153,1509,0.1388
1355,150,1505,0.1388
1341,157,1498,0.1388
1330,158,1488,0.1388
1329,154,1483,0.1388
1328,156,1484,0.1388
1320,152,1472,0.1388
1340,153,1493,0.1388
1332,157,1489,0.1388
1340,163,1503,0.1388
1323,161,1484,0.1388
1318,165,1483,0.1388
1337,168,1505,0.1388
1329,167,1496,0.1388
1324,164,1488,0.1388
1319,170,1489,0.1388
1321,172,1493,0.1388
1324,170,1494,0.1388
1325,168,1493,0.1388
1311,165,1476,0.1388
1305,166,1471,0.1388
1312,160,1472,0.1388
1307,165,1472,0.1388
1309,166,1475,0.1388
1321,168,1489,0.1388
1323,168,1491,0.1388
1317,171,1488,0.1388
1327,171,1498,0.1388
1323,174,1497,0.1388
1328,178,1506,0.1388
1330,175,1505,0.1388
1322,178,1500,0.1388
1326,176,1502,0.1388
1322,176,1498,0.1388
1327,172,1499,0.1388
1324,176,1500,0.1388
1314,179,1493,0.1388
1320,182,1502,0.1388
1317,181,1498,0.1388
1305,179,1484,0.1388
1315,179,1494,0.1388
1320,181,1501,0.1388
1329,179,1508,0.1388
1320,171,1491,0.1388
1320,174,1494,0.1388
1322,174,1496,0.1388
1313,175,1488,0.1388
1325,178,1503,0.1388
1313,179,1492,0.1388
1317,180,1497,0.1388
1313,182,1495,0.1388
1301,181,1482,0.1388
1297,177,1474,0.1388
1306,183,1489,0.1388
1299,186,1485,0.1388
1311,183,1494,0.1388
1304,179,1483,0.1388
1313,180,1493,0.1388
1316,179,1495,0.1388
1315,185,1500,0.1388
1310,186,1496,0.1388
1315,183,1498,0.1388
1323,182,1505,0.1388
1319,186,1505,0.1388
1319,186,1505,0.1388
1319,190,1509,0.1388
1304,189,1493,0.1388
1302,186,1488,0.1388
1302,185,1487,0.1388
1301,190,1491,0.1388
1310,194,1504,0.1388
1308,195,1503,0.1388
1290,188,1478,0.1388
1297,186,1483,0.1388
1288,190,1478,0.1388
1302,195,1497,0.1388
1307,199,1506,0.1388
1295,198,1493,0.1388
1303,202,1505,0.1388
1307,202,1509,0.1388
1298,201,1499,0.1388
1285,195,1480,0.1388
1296,196,1492,0.1388
1293,200,1493,0.1388
1291,204,1495,0.1388
1296,203,1499,0.1388
1294,202,1496,0.1388
1288,206,1494,0.1388
1288,206,1494,0.1388
1275,209,1484,0.1388
1269,209,1478,0.1388
1276,214,1490,0.1388
1287,218,1505,0.1388
1272,220,1492,0.1388
1268,218,1486,0.1388
1275,221,1496,0.1388
1287,226,1513,0.1388
1275,222,1497,0.1388
1256,233,1489,0.1388
1248,239,1487,0.1388
1242,240,1482,0.1388
1244,240,1484,0.1388
1256,243,1499,0.1388
1253,244,1497,0.1388
1256,248,1504,0.1388
1251,256,1507,0.1388
1247,264,1511,0.1388
1246,268,1514,0.1388
1249,268,1517,0.1388
1250,268,1518,0.1388
1246,266,1512,0.1388
1248,266,1514,0.1388
1251,270,1521,0.1388
1251,270,1521,0.1388
1245,275,1520,0.1388
1224,267,1491,0.1388
1222,269,1491,0.1388
1226,266,1492,0.1388
1239,265,1504,0.1388
1245,270,1515,0.1388
1246,267,1513,0.1388
1226,265,1491,0.1388
1214,269,1483,0.1388
1212,273,1485,0.1388
1220,279,1499,0.1388
1223,280,1503,0.1388
1225,280,1505,0.1388
1224,277,1501,0.1388
1230,282,1512,0.1388
1215,280,1495,0.1388
1207,293,1500,0.1388
1208,292,1500,0.1388
1202,292,1494,0.1388
1195,295,1490,0.1388
1192,291,1483,0.1388
1197,293,1490,0.1388
1185,290,1475,0.1388
1192,290,1482,0.1388
1191,294,1485,0.1388
1206,300,1506,0.1388
1207,301,1508,0.1388
1219,297,1516,0.1388
1216,295,1511,0.1388
1209,295,1504,0.1388
1205,297,1502,0.1388
1204,297,1501,0.1388
1199,293,1492,0.1388
1191,291,1482,0.1388
1200,296,1496,0.1388
1189,297,1486,0.1388
1201,307,1508,0.1388
1190,299,1489,0.1388
1193,300,1493,0.1388
1196,299,1495,0.1388
1200,303,1503,0.1388
1187,302,1489,0.1388
1184,304,1488,0.1388
1178,304,1482,0.1388
1184,305,1489,0.1388
1186,307,1493,0.1388
1185,308,1493,0.1388
1186,311,1497,0.1388
1181,311,1492,0.1388
1181,310,1491,0.1388
1178,310,1488,0.1388
1183,314,1497,0.1388
1182,317,1499,0.1388
1178,315,1493,0.1388
1176,316,1492,0.1388
1173,322,1495,0.1388
1179,325,1504,0.1388
1175,322,1497,0.1388
1183,322,1505,0.1388
1179,321,1500,0.1388
1174,323,1497,0.1388
1188,322,1510,0.1388
1183,314,1497,0.1388
1181,318,1499,0.1388
1173,323,1496,0.1388
1168,325,1493,0.1388
1185,328,1513,0.1388
1179,332,1511,0.1388
1182,334,1516,0.1388
1180,333,1513,0.1388
1176,333,1509,0.1388
1175,331,1506,0.1388
1175,337,1512,0.1388
1180,338,1518,0.1388
1187,339,1526,0.1388
1176,341,1517,0.1388
1166,343,1509,0.1388
1161,341,1502,0.1388
1166,349,1515,0.1388
1164,347,1511,0.1388
1158,346,1504,0.1388
1162,344,1506,0.1388
1152,348,1500,0.1388
1152,353,1505,0.1388
1151,349,1500,0.1388
1134,360,1494,0.1388
1140,361,1501,0.1388
1129,362,1491,0.1388
1150,362,1512,0.1388
1146,362,1508,0.1388
1137,370,1507,0.1388
1151,365,1516,0.1388
1142,366,1508,0.1388
1125,366,1491,0.1388
1112,363,1475,0.1388
1124,366,1490,0.1388
1140,374,1514,0.1388
1133,367,1500,0.1388
1119,372,1491,0.1388
1121,373,1494,0.1388
1120,370,1490,0.1388
1116,368,1484,0.1388
1103,375,1478,0.1388
1105,373,1478,0.1388
1122,371,1493,0.1388
1136,375,1511,0.1388
1128,374,1502,0.1388
1129,376,1505,0.1388
1119,382,1501,0.1388
1126,380,1506,0.1388
1122,379,1501,0.1388
1130,383,1513,0.1388
1124,384,1508,0.1388
1133,391,1524,0.1388
1126,393,1519,0.1388
1114,388,1502,0.1388
1103,393,1496,0.1388
1106,390,1496,0.1388
1095,388,1483,0.1388
1093,384,1477,0.1388
1106,381,1487,0.1388
1112,385,1497,0.1388
1100,385,1485,0.1388
1091,387,1478,0.1388
1090,389,1479,0.1388
1100,394,1494,0.1388
1098,404,1502,0.1388
1100,404,1504,0.1388
1092,410,1502,0.1388
1077,403,1480,0.1388
1080,400,1480,0.1388
1084,410,1494,0.1388
1078,414,1492,0.1388
1070,416,1486,0.1388
1077,414,1491,0.1388
1069,418,1487,0.1388
1058,420,1478,0.1388
1056,430,1486,0.1388
1060,434,1494,0.1388
1056,431,1487,0.1388
1068,430,1498,0.1388
1081,436,1517,0.1388
1077,440,1517,0.1388
1076,433,1509,0.1388
1083,430,1513,0.1388
1076,431,1507,0.1388
1070,420,1490,0.1388
1074,424,1498,0.1388
1072,431,1503,0.1388
1067,433,1500,0.1388
1070,437,1507,0.1388
1060,447,1507,0.1388
1065,441,1506,0.1388
1063,449,1512,0.1388
1052,455,1507,0.1388
1050,457,1507,0.1388
1045,459,1504,0.1388
1032,466,1498,0.1388
1027,469,1496,0.1388
1033,461,1494,0.1388
1028,465,1493,0.1388
1032,470,1502,0.1388
1029,476,1505,0.1388
1031,481,1512,0.1388
1023,477,1500,0.1388
1016,479,1495,0.1388
1011,474,1485,0.1388
1017,478,1495,0.1388
1017,482,1499,0.1388
1016,483,1499,0.1388
1012,491,1503,0.1388
1012,491,1503,0.1388
1014,493,1507,0.1388
1022,494,1516,0.1388
1012,497,1509,0.1388
1015,496,1511,0.1388
1009,508,1517,0.1388
1014,509,1523,0.1388
1011,502,1513,0.1388
1003,505,1508,0.1388
1000,504,1504,0.1388
997,503,1500,0.1388
989,507,1496,0.1388
986,512,1498,0.1388
990,514,1504,0.1388
989,511,1500,0.1388
995,509,1504,0.1388
993,513,1506,0.1388
999,512,1511,0.1388
989,506,1495,0.1388
993,506,1499,0.1388
984,512,1496,0.1388
985,521,1506,0.1388
974,520,1494,0.1388
980,522,1502,0.1388
983,517,1500,0.1388
982,518,1500,0.1388
978,519,1497,0.1388
977,521,1498,0.1388
984,519,1503,0.1388
991,523,1514,0.1388
992,522,1514,0.1388
993,526,1519,0.1388
982,521,1503,0.1388
981,521,1502,0.1388
982,531,1513,0.1388
972,526,1498,0.1388
973,528,1501,0.1388
975,536,1511,0.1388
977,537,1514,0.1388
966,536,1502,0.1388
977,536,1513,0.1388
966,545,1511,0.1388
968,547,1515,0.1388
958,545,1503,0.1388
971,545,1516,0.1388
969,538,1507,0.1388
965,542,1507,0.1388
960,541,1501,0.1388
954,545,1499,0.1388
947,551,1498,0.1388
941,549,1490,0.1388
949,548,1497,0.1388
930,552,1482,0.1388
946,551,1497,0.1388
952,552,1504,0.1388
965,553,1518,0.1388
970,546,1516,0.1388
957,544,1501,0.1388
957,543,1500,0.1388
956,549,1505,0.1388
953,552,1505,0.1388
959,549,1508,0.1388
957,550,1507,0.1388
963,547,1510,0.1388
962,545,1507,0.1388
958,554,1512,0.1388
949,551,1500,0.1388
947,549,1496,0.1388
965,551,1516,0.1388
965,550,1515,0.1388
959,551,1510,0.1388
965,552,1517,0.1388
965,545,1510,0.1388
961,545,1506,0.1388
954,555,1509,0.1388
948,562,1510,0.1388
953,566,1519,0.1388
943,561,1504,0.1388
947,564,1511,0.1388
937,563,1500,0.1388
944,557,1501,0.1388
953,558,1511,0.1388
945,557,1502,0.1388
953,561,1514,0.1388
939,557,1496,0.1388
938,566,1504,0.1388
941,573,1514,0.1388
938,573,1511,0.1388
940,572,1512,0.1388
933,577,1510,0.1388
941,577,1518,0.1388
932,576,1508,0.1388
932,576,1508,0.1388
929,581,1510,0.1388
916,578,1494,0.1388
918,581,1499,0.1388
919,582,1501,0.1388
914,582,1496,0.1388
924,588,1512,0.1388
927,593,1520,0.1388
926,589,1515,0.1388
928,585,1513,0.1388
913,582,1495,0.1388
921,577,1498,0.1388
922,585,1507,0.1388
920,584,1504,0.1388
913,593,1506,0.1388
911,595,1506,0.1388
921,593,1514,0.1388
916,599,1515,0.1388
911,598,1509,0.1388
902,596,1498,0.1388
904,595,1499,0.1388
914,582,1496,0.1388
911,579,1490,0.1388
916,588,1504,0.1388
914,595,1509,0.1388
905,594,1499,0.1388
907,590,1497,0.1388
905,593,1498,0.1388
908,590,1498,0.1388
903,591,1494,0.1388
903,599,1502,0.1388
910,607,1517,0.1388
909,609,1518,0.1388
904,613,1517,0.1388
903,603,1506,0.1388
894,607,1501,0.1388
893,604,1497,0.1388
881,605,1486,0.1388
891,611,1502,0.1388
895,615,1510,0.1388
901,617,1518,0.1388
893,618,1511,0.1388
893,622,1515,0.1388
898,623,1521,0.1388
886,621,1507,0.1388
883,626,1509,0.1388
889,625,1514,0.1388
877,636,1513,0.1388
879,646,1525,0.1388
873,646,1519,0.1388
866,650,1516,0.1388
864,639,1503,0.1388
866,640,1506,0.1388
862,640,1502,0.1388
870,644,1514,0.1388
854,641,1495,0.1388
854,647,1501,0.1388
857,648,1505,0.1388
858,645,1503,0.1388
853,645,1498,0.1388
858,638,1496,0.1388
860,645,1505,0.1388
858,642,1500,0.1388
856,634,1490,0.1388
854,647,1501,0.1388
856,651,1507,0.1388
860,658,1518,0.1388
851,660,1511,0.1388
841,672,1513,0.1388
845,667,1512,0.1388
846,671,1517,0.1388
847,678,1525,0.1388
850,670,1520,0.1388
840,678,1518,0.1388
832,684,1516,0.1388
828,685,1513,0.1388
835,693,1528,0.1388
825,696,1521,0.1388
831,696,1527,0.1388
810,695,1505,0.1388
804,692,1496,0.1388
803,699,1502,0.1388
813,694,1507,0.1388
819,702,1521,0.1388
814,698,1512,0.1388
816,691,1507,0.1388
813,696,1509,0.1388
813,705,1518,0.1388
807,696,1503,0.1388
803,697,1500,0.1388
800,698,1498,0.1388
794,707,1501,0.1388
787,714,1501,0.1388
784,714,1498,0.1388
781,708,1489,0.1388
779,712,1491,0.1388
787,719,1506,0.1388
785,722,1507,0.1388
785,721,1506,0.1388
789,713,1502,0.1388
793,712,1505,0.1388
778,717,1495,0.1388
780,734,1514,0.1388
772,742,1514,0.1388
772,748,1520,0.1388
767,744,1511,0.1388
768,739,1507,0.1388
772,739,1511,0.1388
779,730,1509,0.1388
777,742,1519,0.1388
773,741,1514,0.1388
769,735,1504,0.1388
757,728,1485,0.1388
771,725,1496,0.1388
771,731,1502,0.1388
764,739,1503,0.1388
759,742,1501,0.1388
759,735,1494,0.1388
752,745,1497,0.1388
761,755,1516,0.1388
751,756,1507,0.1388
745,750,1495,0.1388
740,755,1495,0.1388
739,752,1491,0.1388
739,764,1503,0.1388
742,762,1504,0.1388
742,768,1510,0.1388
730,778,1508,0.1388
726,776,1502,0.1388
732,781,1513,0.1388
722,788,1510,0.1388
728,795,1523,0.1388
721,791,1512,0.1388
720,788,1508,0.1388
720,789,1509,0.1388
710,792,1502,0.1388
707,794,1501,0.1388
705,803,1508,0.1388
706,794,1500,0.1388
708,803,1511,0.1388
705,807,1512,0.1388
704,804,1508,0.1388
700,801,1501,0.1388
707,806,1513,0.1388
700,816,1516,0.1388
692,812,1504,0.1388
699,810,1509,0.1388
698,821,1519,0.1388
703,825,1528,0.1388
703,814,1517,0.1388
692,810,1502,0.1388
688,811,1499,0.1388
691,808,1499,0.1388
690,808,1498,0.1388
697,814,1511,0.1388
697,812,1509,0.1388
706,812,1518,0.1388
701,793,1494,0.1388
683,793,1476,0.1388
687,800,1487,0.1388
689,801,1490,0.1388
691,814,1505,0.1388
690,805,1495,0.1388
697,821,1518,0.1388
708,825,1533,0.1388
701,807,1508,0.1388
691,810,1501,0.1388
695,819,1514,0.1388
688,827,1515,0.1388
684,832,1516,0.1388
684,836,1520,0.1388
686,846,1532,0.1388
685,834,1519,0.1388
684,837,1521,0.1388
688,835,1523,0.1388
681,830,1511,0.1388
680,830,1510,0.1388
681,839,1520,0.1388
676,830,1506,0.1388
661,846,1507,0.1388
665,837,1502,0.1388
663,828,1491,0.1388
664,840,1504,0.1388
676,836,1512,0.1388
673,823,1496,0.1388
669,835,1504,0.1388
672,840,1512,0.1388
657,842,1499,0.1388
653,850,1503,0.1388
648,869,1517,0.1388
637,876,1513,0.1388
638,866,1504,0.1388
636,875,1511,0.1388
643,884,1527,0.1388
639,886,1525,0.1388
639,884,1523,0.1388
636,884,1520,0.1388
629,879,1508,0.1388
623,880,1503,0.1388
622,873,1495,0.1388
621,883,1504,0.1388
621,885,1506,0.1388
621,882,1503,0.1388
624,872,1496,0.1388
625,872,1497,0.1388
612,874,1486,0.1388
613,877,1490,0.1388
605,889,1494,0.1388
599,889,1488,0.1388
619,891,1510,0.1388
623,889,1512,0.1388
618,898,1516,0.1388
614,898,1512,0.1388
607,906,1513,0.1388
605,900,1505,0.1388
601,895,1496,0.1388
603,898,1501,0.1388
597,900,1497,0.1388
594,899,1493,0.1388
582,907,1489,0.1388
592,916,1508,0.1388
583,927,1510,0.1388
578,932,1510,0.1388
584,931,1515,0.1388
580,935,1515,0.1388
588,928,1516,0.1388
588,929,1517,0.1388
589,926,1515,0.1388
593,933,1526,0.1388
595,933,1528,0.1388
588,932,1520,0.1388
593,934,1527,0.1388
584,935,1519,0.1388
582,939,1521,0.1388
571,935,1506,0.1388
568,940,1508,0.1388
561,937,1498,0.1388
551,938,1489,0.1388
558,939,1497,0.1388
561,944,1505,0.1388
564,948,1512,0.1388
563,953,1516,0.1388
559,951,1510,0.1388
554,942,1496,0.1388
550,945,1495,0.1388
550,954,1504,0.1388
555,948,1503,0.1388
550,956,1506,0.1388
549,961,1510,0.1388
551,941,1492,0.1388
550,961,1511,0.1388
543,966,1509,0.1388
538,958,1496,0.1388
536,960,1496,0.1388
535,967,1502,0.1388
534,974,1508,0.1388
539,976,1515,0.1388
535,976,1511,0.1388
541,977,1518,0.1388
541,978,1519,0.1388
537,979,1516,0.1388
539,991,1530,0.1388
537,990,1527,0.1388
539,985,1524,0.1388
538,986,1524,0.1388
536,987,1523,0.1388
532,994,1526,0.1388
529,987,1516,0.1388
530,992,1522,0.1388
528,975,1503,0.1388
528,979,1507,0.1388
530,974,1504,0.1388
524,973,1497,0.1388
524,984,1508,0.1388
527,988,1515,0.1388
522,992,1514,0.1388
529,991,1520,0.1388
530,987,1517,0.1388
519,994,1513,0.1388
522,992,1514,0.1388
522,993,1515,0.1388
512,994,1506,0.1388
517,983,1500,0.1388
521,998,1519,0.1388
510,995,1505,0.1388
506,1005,1511,0.1388
494,993,1487,0.1388
495,995,1490,0.1388
500,1002,1502,0.1388
498,1007,1505,0.1388
505,1012,1517,0.1388
505,1007,1512,0.1388
498,1005,1503,0.1388
491,1014,1505,0.1388
496,1019,1515,0.1388
501,1017,1518,0.1388
505,1013,1518,0.1388
508,996,1504,0.1388
506,996,1502,0.1388
500,1005,1505,0.1388
500,1011,1511,0.1388
493,1009,1502,0.1388
487,1010,1497,0.1388
496,1010,1506,0.1388
498,1016,1514,0.1388
499,1019,1518,0.1388
501,1014,1515,0.1388
500,1009,1509,0.1388
498,1003,1501,0.1388
504,997,1501,0.1388
499,1006,1505,0.1388
502,996,1498,0.1388
510,989,1499,0.1388
512,996,1508,0.1388
511,997,1508,0.1388
512,999,1511,0.1388
513,1000,1513,0.1388
505,986,1491,0.1388
507,985,1492,0.1388
516,999,1515,0.1388
517,995,1512,0.1388
510,994,1504,0.1388
493,1002,1495,0.1388
502,994,1496,0.1388
501,998,1499,0.1388
509,1000,1509,0.1388
504,1002,1506,0.1388
505,999,1504,0.1388
505,1007,1512,0.1388
499,1005,1504,0.1388
504,999,1503,0.1388
502,1007,1509,0.1388
501,1007,1508,0.1388
498,1014,1512,0.1388
492,1012,1504,0.1388
493,1008,1501,0.1388
489,1005,1494,0.1388
499,1007,1506,0.1388
500,1010,1510,0.1388
502,1006,1508,0.1388
501,1011,1512,0.1388
506,1006,1512,0.1388
510,1012,1522,0.1388
499,1021,1520,0.1388
501,1015,1516,0.1388
496,1030,1526,0.1388
495,1034,1529,0.1388
495,1034,1529,0.1388
489,1038,1527,0.1388
485,1035,1520,0.1388
486,1035,1521,0.1388
485,1028,1513,0.1388
487,1024,1511,0.1388
496,1013,1509,0.1388
488,1020,1508,0.1388
497,1010,1507,0.1388
503,1010,1513,0.1388
504,1016,1520,0.1388
500,1019,1519,0.1388
498,1025,1523,0.1388
496,1015,1511,0.1388
498,1027,1525,0.1388
491,1024,1515,0.1388
482,1023,1505,0.1388
481,1018,1499,0.1388
481,1029,1510,0.1388
480,1028,1508,0.1388
481,1031,1512,0.1388
479,1042,1521,0.1388
472,1045,1517,0.1388
469,1041,1510,0.1388
469,1045,1514,0.1388
470,1040,1510,0.1388
470,1041,1511,0.1388
477,1038,1515,0.1388
475,1043,1518,0.1388
468,1042,1510,0.1388
473,1043,1516,0.1388
468,1045,1513,0.1388
477,1040,1517,0.1388
475,1034,1509,0.1388
481,1044,1525,0.1388
470,1058,1528,0.1388
467,1047,1514,0.1388
464,1060,1524,0.1388
467,1061,1528,0.1388
464,1063,1527,0.1388
474,1056,1530,0.1388
473,1054,1527,0.1388
468,1059,1527,0.1388
471,1053,1524,0.1388
467,1049,1516,0.1388
470,1048,1518,0.1388
470,1056,1526,0.1388
466,1053,1519,0.1388
459,1055,1514,0.1388
455,1047,1502,0.1388
448,1051,1499,0.1388
453,1048,1501,0.1388
453,1046,1499,0.1388
460,1052,1512,0.1388
462,1048,1510,0.1388
464,1043,1507,0.1388
459,1044,1503,0.1388
454,1059,1513,0.1388
461,1068,1529,0.1388
459,1073,1532,0.1388
452,1063,1515,0.1388
450,1060,1510,0.1388
450,1058,1508,0.1388
450,1062,1512,0.1388
446,1066,1512,0.1388
439,1067,1506,0.1388
448,1070,1518,0.1388
441,1051,1492,0.1388
450,1057,1507,0.1388
451,1054,1505,0.1388
459,1058,1517,0.1388
456,1060,1516,0.1388
456,1049,1505,0.1388
455,1046,1501,0.1388
446,1054,1500,0.1388
439,1055,1494,0.1388
436,1050,1486,0.1388
441,1056,1497,0.1388
442,1071,1513,0.1388
440,1067,1507,0.1388
441,1062,1503,0.1388
436,1062,1498,0.1388
431,1067,1498,0.1388
429,1064,1493,0.1388
428,1074,1502,0.1388
423,1072,1495,0.1388
430,1089,1519,0.1388
431,1076,1507,0.1388
431,1084,1515,0.1388
428,1083,1511,0.1388
427,1084,1511,0.1388
430,1081,1511,0.1388
427,1083,1510,0.1388
428,1081,1509,0.1388
426,1078,1504,0.1388
422,1083,1505,0.1388
417,1086,1503,0.1388
417,1089,1506,0.1388
417,1091,1508,0.1388
408,1104,1512,0.1388
405,1101,1506,0.1388
408,1103,1511,0.1388
404,1097,1501,0.1388
406,1101,1507,0.1388
402,1109,1511,0.1388
405,1110,1515,0.1388
403,1107,1510,0.1388
397,1099,1496,0.1388
395,1100,1495,0.1388
394,1103,1497,0.1388
403,1104,1507,0.1388
407,1112,1519,0.1388
412,1103,1515,0.1388
408,1107,1515,0.1388
406,1115,1521,0.1388
405,1114,1519,0.1388
400,1115,1515,0.1388
399,1118,1517,0.1388
397,1118,1515,0.1388
401,1116,1517,0.1388
398,1113,1511,0.1388
403,1114,1517,0.1388
397,1116,1513,0.1388
396,1116,1512,0.1388
398,1121,1519,0.1388
399,1109,1508,0.1388
398,1108,1506,0.1388
396,1114,1510,0.1388
392,1120,1512,0.1388
390,1124,1514,0.1388
395,1126,1521,0.1388
395,1123,1518,0.1388
391,1131,1522,0.1388
389,1133,1522,0.1388
382,1126,1508,0.1388
382,1119,1501,0.1388
379,1119,1498,0.1388
386,1128,1514,0.1388
382,1128,1510,0.1388
384,1126,1510,0.1388
389,1138,1527,0.1388
386,1133,1519,0.1388
379,1135,1514,0.1388
380,1137,1517,0.1388
379,1134,1513,0.1388
380,1135,1515,0.1388
377,1125,1502,0.1388
380,1128,1508,0.1388
381,1138,1519,0.1388
376,1137,1513,0.1388
379,1133,1512,0.1388
378,1137,1515,0.1388
375,1145,1520,0.1388
375,1138,1513,0.1388
372,1145,1517,0.1388
368,1149,1517,0.1388
368,1141,1509,0.1388
367,1147,1514,0.1388
364,1149,1513,0.1388
364,1138,1502,0.1388
359,1145,1504,0.1388
354,1155,1509,0.1388
350,1174,1524,0.1388
351,1160,1511,0.1388
347,1177,1524,0.1388
348,1178,1526,0.1388
351,1159,1510,0.1388
348,1156,1504,0.1388
347,1145,1492,0.1388
351,1162,1513,0.1388
354,1173,1527,0.1388
350,1169,1519,0.1388
340,1169,1509,0.1388
336,1162,1498,0.1388
337,1171,1508,0.1388
329,1176,1505,0.1388
337,1171,1508,0.1388
337,1168,1505,0.1388
335,1171,1506,0.1388
343,1152,1495,0.1388
346,1156,1502,0.1388
340,1152,1492,0.1388
341,1152,1493,0.1388
341,1151,1492,0.1388
336,1147,1483,0.1388
338,1158,1496,0.1388
341,1181,1522,0.1388
332,1175,1507,0.1388
329,1172,1501,0.1388
331,1175,1506,0.1388
325,1176,1501,0.1388
327,1178,1505,0.1388
333,1189,1522,0.1388
336,1170,1506,0.1388
336,1172,1508,0.1388
333,1171,1504,0.1388
333,1164,1497,0.1388
331,1171,1502,0.1388
333,1182,1515,0.1388
334,1167,1501,0.1388
339,1180,1519,0.1388
334,1171,1505,0.1388
334,1173,1507,0.1388
335,1179,1514,0.1388
336,1181,1517,0.1388
337,1175,1512,0.1388
330,1182,1512,0.1388
324,1176,1500,0.1388
322,1173,1495,0.1388
323,1173,1496,0.1388
321,1178,1499,0.1388
320,1198,1518,0.1388
319,1205,1524,0.1388
316,1205,1521,0.1388
317,1201,1518,0.1388
312,1194,1506,0.1388
317,1184,1501,0.1388
315,1185,1500,0.1388
308,1194,1502,0.1388
305,1193,1498,0.1388
299,1198,1497,0.1388
307,1202,1509,0.1388
309,1199,1508,0.1388
301,1191,1492,0.1388
297,1196,1493,0.1388
300,1208,1508,0.1388
301,1221,1522,0.1388
303,1221,1524,0.1388
299,1227,1526,0.1388
291,1222,1513,0.1388
287,1227,1514,0.1388
284,1216,1500,0.1388
289,1220,1509,0.1388
289,1230,1519,0.1388
293,1235,1528,0.1388
291,1224,1515,0.1388
290,1229,1519,0.1388
292,1235,1527,0.1388
290,1231,1521,0.1388
292,1223,1515,0.1388
291,1214,1505,0.1388
291,1224,1515,0.1388
292,1226,1518,0.1388
291,1219,1510,0.1388
289,1227,1516,0.1388
289,1224,1513,0.1388
281,1231,1512,0.1388
279,1232,1511,0.1388
284,1223,1507,0.1388
281,1225,1506,0.1388
282,1227,1509,0.1388
278,1221,1499,0.1388
272,1217,1489,0.1388
273,1230,1503,0.1388
274,1233,1507,0.1388
276,1228,1504,0.1388
277,1227,1504,0.1388
278,1237,1515,0.1388
277,1237,1514,0.1388
280,1241,1521,0.1388
284,1240,1524,0.1388
283,1238,1521,0.1388
285,1233,1518,0.1388
283,1212,1495,0.1388
284,1217,1501,0.1388
287,1214,1501,0.1388
283,1225,1508,0.1388
285,1224,1509,0.1388
283,1232,1515,0.1388
280,1233,1513,0.1388
280,1242,1522,0.1388
277,1237,1514,0.1388
269,1233,1502,0.1388
269,1239,1508,0.1388
265,1245,1510,0.1388
266,1256,1522,0.1388
263,1242,1505,0.1388
267,1239,1506,0.1388
270,1241,1511,0.1388
269,1235,1504,0.1388
264,1246,1510,0.1388
266,1247,1513,0.1388
266,1240,1506,0.1388
271,1243,1514,0.1388
271,1244,1515,0.1388
273,1248,1521,0.1388
270,1238,1508,0.1388
268,1228,1496,0.1388
264,1230,1494,0.1388
260,1237,1497,0.1388
264,1243,1507,0.1388
260,1252,1512,0.1388
261,1259,1520,0.1388
261,1259,1520,0.1388
259,1259,1518,0.1388
255,1268,1523,0.1388
251,1271,1522,0.1388
253,1268,1521,0.1388
252,1268,1520,0.1388
251,1264,1515,0.1388
254,1276,1530,0.1388
250,1274,1524,0.1388
250,1265,1515,0.1388
252,1266,1518,0.1388
245,1256,1501,0.1388
247,1257,1504,0.1388
245,1261,1506,0.1388
247,1260,1507,0.1388
250,1267,1517,0.1388
248,1255,1503,0.1388
241,1274,1515,0.1388
237,1268,1505,0.1388
238,1266,1504,0.1388
242,1266,1508,0.1388
248,1267,1515,0.1388
245,1258,1503,0.1388
242,1265,1507,0.1388
246,1256,1502,0.1388
251,1268,1519,0.1388
255,1265,1520,0.1388
257,1262,1519,0.1388
261,1263,1524,0.1388
263,1256,1519,0.1388
264,1260,1524,0.1388
256,1258,1514,0.1388
254,1255,1509,0.1388
250,1266,1516,0.1388
245,1276,1521,0.1388
244,1267,1511,0.1388
247,1260,1507,0.1388
247,1251,1498,0.1388
247,1262,1509,0.1388
248,1262,1510,0.1388
244,1268,1512,0.1388
242,1271,1513,0.1388
238,1270,1508,0.1388
239,1274,1513,0.1388
241,1264,1505,0.1388
238,1268,1506,0.1388
237,1269,1506,0.1388
236,1258,1494,0.1388
238,1256,1494,0.1388
234,1267,1501,0.1388
233,1271,1504,0.1388
233,1268,1501,0.1388
235,1276,1511,0.1388
233,1272,1505,0.1388
230,1263,1493,0.1388
223,1262,1485,0.1388
224,1270,1494,0.1388
223,1274,1497,0.1388
226,1289,1515,0.1388
226,1287,1513,0.1388
222,1291,1513,0.1388
219,1285,1504,0.1388
218,1284,1502,0.1388
212,1281,1493,0.1388
211,1278,1489,0.1388
214,1291,1505,0.1388
210,1294,1504,0.1388
207,1299,1506,0.1388
211,1307,1518,0.1388
213,1303,1516,0.1388
214,1307,1521,0.1388
217,1309,1526,0.1388
214,1309,1523,0.1388
213,1300,1513,0.1388
206,1312,1518,0.1388
209,1303,1512,0.1388
207,1307,1514,0.1388
207,1293,1500,0.1388
209,1309,1518,0.1388
211,1314,1525,0.1388
213,1303,1516,0.1388
209,1317,1526,0.1388
208,1311,1519,0.1388
206,1303,1509,0.1388
207,1307,1514,0.1388
207,1315,1522,0.1388
212,1317,1529,0.1388
206,1310,1516,0.1388
207,1307,1514,0.1388
211,1295,1506,0.1388
209,1306,1515,0.1388
212,1309,1521,0.1388
205,1299,1504,0.1388
203,1295,1498,0.1388
200,1298,1498,0.1388
201,1298,1499,0.1388
194,1302,1496,0.1388
198,1314,1512,0.1388
196,1324,1520,0.1388
190,1326,1516,0.1388
192,1328,1520,0.1388
192,1331,1523,0.1388
191,1322,1513,0.1388
189,1315,1504,0.1388
186,1323,1509,0.1388
186,1332,1518,0.1388
184,1331,1515,0.1388
182,1325,1507,0.1388
176,1327,1503,0.1388
177,1330,1507,0.1388
176,1328,1504,0.1388
182,1324,1506,0.1388
180,1321,1501,0.1388
180,1317,1497,0.1388
183,1325,1508,0.1388
186,1318,1504,0.1388
188,1307,1495,0.1388
187,1314,1501,0.1388
183,1325,1508,0.1388
183,1328,1511,0.1388
185,1329,1514,0.1388
188,1337,1525,0.1388
188,1341,1529,0.1388
189,1344,1533,0.1388
190,1343,1533,0.1388
188,1335,1523,0.1388
185,1332,1517,0.1388
186,1322,1508,0.1388
183,1320,1503,0.1388
184,1317,1501,0.1388
186,1335,1521,0.1388
178,1339,1517,0.1388
178,1337,1515,0.1388
177,1340,1517,0.1388
178,1336,1514,0.1388
173,1332,1505,0.1388
173,1340,1513,0.1388
168,1339,1507,0.1388
165,1347,1512,0.1388
163,1347,1510,0.1388
165,1346,1511,0.1388
163,1344,1507,0.1388
164,1348,1512,0.1388
163,1343,1506,0.1388
163,1346,1509,0.1388
163,1344,1507,0.1388
157,1351,1508,0.1388
160,1367,1527,0.1388
161,1352,1513,0.1388
159,1358,1517,0.1388
163,1357,1520,0.1388
162,1360,1522,0.1388
158,1355,1513,0.1388
155,1363,1518,0.1388
155,1358,1513,0.1388
156,1353,1509,0.1388
161,1356,1517,0.1388
161,1352,1513,0.1388
163,1353,1516,0.1388
157,1354,1511,0.1388
155,1359,1514,0.1388
159,1372,1531,0.1388
154,1374,1528,0.1388
153,1371,1524,0.1388
153,1383,1536,0.1388
152,1375,1527,0.1388
151,1370,1521,0.1388
154,1373,1527,0.1388
150,1356,1506,0.1388
147,1358,1505,0.1388
150,1374,1524,0.1388
148,1373,1521,0.1388
146,1383,1529,0.1388
146,1381,1527,0.1388
147,1375,1522,0.1388
141,1371,1512,0.1388
138,1370,1508,0.1388
141,1359,1500,0.1388
144,1366,1510,0.1388
150,1365,1515,0.1388
154,1360,1514,0.1388
152,1371,1523,0.1388
150,1360,1510,0.1388
148,1362,1510,0.1388
142,1372,1514,0.1388
140,1373,1513,0.1388
144,1363,1507,0.1388
142,1355,1497,0.1388
135,1371,1506,0.1388
136,1357,1493,0.1388
141,1374,1515,0.1388
145,1383,1528,0.1388
145,1372,1517,0.1388
145,1366,1511,0.1388
149,1353,1502,0.1388
146,1358,1504,0.1388
142,1363,1505,0.1388
143,1368,1511,0.1388
139,1374,1513,0.1388
144,1372,1516,0.1388
138,1372,1510,0.1388
138,1362,1500,0.1388
137,1368,1505,0.1388
136,1369,1505,0.1388
134,1365,1499,0.1388
129,1378,1507,0.1388
131,1380,1511,0.1388
133,1374,1507,0.1388
135,1379,1514,0.1388
133,1395,1528,0.1388
130,1397,1527,0.1388
131,1385,1516,0.1388
130,1388,1518,0.1388
133,1395,1528,0.1388
132,1395,1527,0.1388
136,1387,1523,0.1388
131,1394,1525,0.1388
130,1386,1516,0.1388
132,1379,1511,0.1388
135,1370,1505,0.1388
138,1372,1510,0.1388
135,1377,1512,0.1388
132,1380,1512,0.1388
132,1374,1506,0.1388
133,1392,1525,0.1388
131,1379,1510,0.1388
132,1383,1515,0.1388
130,1379,1509,0.1388
127,1385,1512,0.1388
132,1371,1503,0.1388
133,1378,1511,0.1388
130,1384,1514,0.1388
129,1389,1518,0.1388
130,1395,1525,0.1388
129,1393,1522,0.1388
129,1397,1526,0.1388
136,1393,1529,0.1388
133,1384,1517,0.1388
135,1377,1512,0.1388
133,1388,1521,0.1388
130,1391,1521,0.1388
130,1378,1508,0.1388
131,1362,1493,0.1388
131,1364,1495,0.1388
131,1375,1506,0.1388
131,1383,1514,0.1388
130,1367,1497,0.1388
128,1367,1495,0.1388
132,1376,1508,0.1388
132,1378,1510,0.1388
136,1380,1516,0.1388
131,1382,1513,0.1388
129,1389,1518,0.1388
133,1387,1520,0.1388
132,1373,1505,0.1388
129,1377,1506,0.1388
126,1387,1513,0.1388
125,1387,1512,0.1388
121,1389,1510,0.1388
119,1383,1502,0.1388
118,1386,1504,0.1388
122,1390,1512,0.1388
125,1388,1513,0.1388
125,1389,1514,0.1388
126,1406,1532,0.1388
124,1405,1529,0.1388
121,1409,1530,0.1388
121,1391,1512,0.1388
123,1393,1516,0.1388
124,1389,1513,0.1388
123,1379,1502,0.1388
123,1394,1517,0.1388
122,1396,1518,0.1388
122,1388,1510,0.1388
121,1401,1522,0.1388
118,1401,1519,0.1388
115,1410,1525,0.1388
117,1407,1524,0.1388
112,1403,1515,0.1388
113,1399,1512,0.1388
109,1397,1506,0.1388
105,1396,1501,0.1388
113,1403,1516,0.1388
113,1406,1519,0.1388
114,1398,1512,0.1388
115,1409,1524,0.1388
115,1414,1529,0.1388
114,1417,1531,0.1388
112,1409,1521,0.1388
112,1408,1520,0.1388
114,1419,1533,0.1388
112,1413,1525,0.1388
112,1413,1525,0.1388
115,1406,1521,0.1388
116,1394,1510,0.1388
119,1392,1511,0.1388
118,1410,1528,0.1388
116,1399,1515,0.1388
117,1401,1518,0.1388
116,1387,1503,0.1388
117,1390,1507,0.1388
118,1386,1504,0.1388
120,1384,1504,0.1388
119,1390,1509,0.1388
117,1394,1511,0.1388
118,1400,1518,0.1388
116,1401,1517,0.1388
117,1396,1513,0.1388
117,1383,1500,0.1388
114,1395,1509,0.1388
114,1392,1506,0.1388
115,1387,1502,0.1388
116,1378,1494,0.1388
116,1379,1495,0.1388
115,1378,1493,0.1388
116,1383,1499,0.1388
117,1380,1497,0.1388
116,1373,1489,0.1388
116,1375,1491,0.1388
117,1387,1504,0.1388
113,1402,1515,0.1388
114,1400,1514,0.1388
110,1405,1515,0.1388
113,1406,1519,0.1388
113,1409,1522,0.1388
116,1410,1526,0.1388
116,1405,1521,0.1388
114,1402,1516,0.1388
113,1400,1513,0.1388
108,1393,1501,0.1388
106,1396,1502,0.1388
106,1405,1511,0.1388
105,1416,1521,0.1388
107,1414,1521,0.1388
104,1412,1516,0.1388
102,1406,1508,0.1388
101,1405,1506,0.1388
100,1401,1501,0.1388
100,1417,1517,0.1388
100,1400,1500,0.1388
100,1411,1511,0.1388
97,1417,1514,0.1388
99,1420,1519,0.1388
100,1418,1518,0.1388
101,1428,1529,0.1388
103,1430,1533,0.1388
101,1443,1544,0.1388
102,1429,1531,0.1388
98,1409,1507,0.1388
98,1417,1515,0.1388
101,1421,1522,0.1388
100,1421,1521,0.1388
101,1428,1529,0.1388
104,1425,1529,0.1388
99,1425,1524,0.1388
99,1434,1533,0.1388
100,1428,1528,0.1388
99,1428,1527,0.1388
104,1427,1531,0.1388
104,1423,1527,0.1388
100,1433,1533,0.1388
102,1436,1538,0.1388
99,1423,1522,0.1388
99,1412,1511,0.1388
102,1412,1514,0.1388
102,1416,1518,0.1388
100,1420,1520,0.1388
97,1411,1508,0.1388
98,1425,1523,0.1388
95,1425,1520,0.1388
92,1427,1519,0.1388
89,1417,1506,0.1388
89,1423,1512,0.1388
90,1431,1521,0.1388
95,1418,1513,0.1388
94,1428,1522,0.1388
95,1433,1528,0.1388
94,1429,1523,0.1388
91,1429,1520,0.1388
92,1421,1513,0.1388
95,1428,1523,0.1388
95,1421,1516,0.1388
90,1426,1516,0.1388
91,1426,1517,0.1388
92,1421,1513,0.1388
91,1423,1514,0.1388
93,1425,1518,0.1388
91,1418,1509,0.1388
88,1414,1502,0.1388
87,1414,1501,0.1388
87,1416,1503,0.1388
87,1423,1510,0.1388
84,1442,1526,0.1388
83,1445,1528,0.1388
82,1430,1512,0.1388
82,1429,1511,0.1388
80,1443,1523,0.1388
77,1446,1523,0.1388
77,1454,1531,0.1388
78,1444,1522,0.1388
80,1441,1521,0.1388
80,1448,1528,0.1388
79,1452,1531,0.1388
76,1460,1536,0.1388
79,1452,1531,0.1388
79,1444,1523,0.1388
77,1439,1516,0.1388
75,1447,1522,0.1388
78,1436,1514,0.1388
75,1440,1515,0.1388
72,1443,1515,0.1388
70,1444,1514,0.1388
70,1447,1517,0.1388
69,1440,1509,0.1388
67,1451,1518,0.1388
68,1448,1516,0.1388
70,1443,1513,0.1388
72,1448,1520,0.1388
68,1446,1514,0.1388
69,1459,1528,0.1388
68,1461,1529,0.1388
64,1458,1522,0.1388
62,1442,1504,0.1388
63,1432,1495,0.1388
65,1458,1523,0.1388
68,1438,1506,0.1388
68,1435,1503,0.1388
67,1433,1500,0.1388
67,1435,1502,0.1388
66,1440,1506,0.1388
66,1447,1513,0.1388
67,1456,1523,0.1388
65,1460,1525,0.1388
66,1464,1530,0.1388
68,1466,1534,0.1388
68,1457,1525,0.1388
68,1447,1515,0.1388
69,1445,1514,0.1388
64,1434,1498,0.1388
67,1438,1505,0.1388
67,1437,1504,0.1388
66,1446,1512,0.1388
66,1439,1505,0.1388
66,1435,1501,0.1388
67,1436,1503,0.1388
67,1449,1516,0.1388
65,1451,1516,0.1388
65,1454,1519,0.1388
65,1460,1525,0.1388
63,1454,1517,0.1388
64,1451,1515,0.1388
64,1445,1509,0.1388
62,1450,1512,0.1388
63,1436,1499,0.1388
63,1437,1500,0.1388
62,1455,1517,0.1388
66,1450,1516,0.1388
61,1455,1516,0.1388
62,1452,1514,0.1388
65,1449,1514,0.1388
65,1451,1516,0.1388
66,1456,1522,0.1388
66,1444,1510,0.1388
64,1446,1510,0.1388
62,1454,1516,0.1388
63,1459,1522,0.1388
67,1444,1511,0.1388
68,1439,1507,0.1388
69,1448,1517,0.1388
65,1453,1518,0.1388
63,1449,1512,0.1388
60,1444,1504,0.1388
63,1441,1504,0.1388
62,1438,1500,0.1388
64,1437,1501,0.1388
64,1444,1508,0.1388
62,1450,1512,0.1388
61,1461,1522,0.1388
62,1459,1521,0.1388
62,1466,1528,0.1388
59,1463,1522,0.1388
59,1453,1512,0.1388
59,1457,1516,0.1388
63,1463,1526,0.1388
67,1462,1529,0.1388
68,1449,1517,0.1388
67,1440,1507,0.1388
65,1435,1500,0.1388
66,1436,1502,0.1388
62,1442,1504,0.1388
59,1450,1509,0.1388
60,1448,1508,0.1388
61,1466,1527,0.1388
60,1453,1513,0.1388
62,1453,1515,0.1388
62,1444,1506,0.1388
59,1448,1507,0.1388
58,1456,1514,0.1388
60,1459,1519,0.1388
62,1453,1515,0.1388
60,1444,1504,0.1388
59,1438,1497,0.1388
59,1455,1514,0.1388
59,1431,1490,0.1388
59,1438,1497,0.1388
60,1465,1525,0.1388
58,1457,1515,0.1388
60,1453,1513,0.1388
61,1442,1503,0.1388
60,1444,1504,0.1388
59,1456,1515,0.1388
58,1448,1506,0.1388
57,1439,1496,0.1388
56,1442,1498,0.1388
55,1471,1526,0.1388
55,1464,1519,0.1388
55,1457,1512,0.1388
56,1457,1513,0.1388
54,1447,1501,0.1388
52,1462,1514,0.1388
53,1457,1510,0.1388
52,1456,1508,0.1388
53,1460,1513,0.1388
51,1460,1511,0.1388
49,1460,1509,0.1388
48,1480,1528,0.1388
48,1489,1537,0.1388
45,1472,1517,0.1388
45,1475,1520,0.1388
45,1478,1523,0.1388
46,1475,1521,0.1388
46,1471,1517,0.1388
44,1475,1519,0.1388
46,1466,1512,0.1388
45,1462,1507,0.1388
44,1483,1527,0.1388
44,1475,1519,0.1388
42,1478,1520,0.1388
42,1466,1508,0.1388
41,1486,1527,0.1388
38,1482,1520,0.1388
38,1485,1523,0.1388
38,1487,1525,0.1388
36,1487,1523,0.1388
37,1485,1522,0.1388
39,1489,1528,0.1388
38,1486,1524,0.1388
36,1490,1526,0.1388
33,1486,1519,0.1388
32,1493,1525,0.1388
33,1480,1513,0.1388
34,1486,1520,0.1388
35,1478,1513,0.1388
33,1487,1520,0.1388
33,1473,1506,0.1388
31,1464,1495,0.1388
30,1478,1508,0.1388
31,1488,1519,0.1388
30,1477,1507,0.1388
33,1460,1493,0.1388
30,1469,1499,0.1388
30,1462,1492,0.1388
31,1468,1499,0.1388
31,1472,1503,0.1388
31,1481,1512,0.1388
30,1489,1519,0.1388
32,1490,1522,0.1388
32,1503,1535,0.1388
31,1489,1520,0.1388
32,1489,1521,0.1388
31,1491,1522,0.1388
33,1477,1510,0.1388
34,1484,1518,0.1388
35,1489,1524,0.1388
35,1476,1511,0.1388
34,1483,1517,0.1388
32,1488,1520,0.1388
32,1491,1523,0.1388
32,1487,1519,0.1388
34,1472,1506,0.1388
34,1475,1509,0.1388
34,1482,1516,0.1388
33,1496,1529,0.1388
31,1476,1507,0.1388
31,1472,1503,0.1388
31,1475,1506,0.1388
34,1484,1518,0.1388
32,1487,1519,0.1388
33,1482,1515,0.1388
33,1471,1504,0.1388
32,1480,1512,0.1388
31,1486,1517,0.1388
33,1478,1511,0.1388
32,1472,1504,0.1388
31,1459,1490,0.1388
30,1462,1492,0.1388
29,1473,1502,0.1388
30,1475,1505,0.1388
29,1490,1519,0.1388
30,1482,1512,0.1388
28,1476,1504,0.1388
27,1480,1507,0.1388
30,1471,1501,0.1388
30,1469,1499,0.1388
30,1469,1499,0.1388
29,1473,1502,0.1388
29,1470,1499,0.1388
29,1479,1508,0.1388
29,1468,1497,0.1388
32,1473,1505,0.1388
31,1478,1509,0.1388
32,1480,1512,0.1388
33,1491,1524,0.1388
33,1483,1516,0.1388
32,1481,1513,0.1388
31,1486,1517,0.1388
32,1483,1515,0.1388
32,1490,1522,0.1388
30,1493,1523,0.1388
31,1495,1526,0.1388
32,1481,1513,0.1388
33,1470,1503,0.1388
33,1481,1514,0.1388
33,1484,1517,0.1388
32,1483,1515,0.1388
33,1487,1520,0.1388
34,1491,1525,0.1388
33,1472,1505,0.1388
34,1485,1519,0.1388
34,1471,1505,0.1388
32,1476,1508,0.1388
34,1479,1513,0.1388
34,1482,1516,0.1388
34,1481,1515,0.1388
35,1477,1512,0.1388
35,1482,1517,0.1388
35,1478,1513,0.1388
36,1480,1516,0.1388
35,1485,1520,0.1388
34,1491,1525,0.1388
36,1491,1527,0.1388
33,1488,1521,0.1388
33,1501,1534,0.1388
31,1490,1521,0.1388
31,1485,1516,0.1388
31,1483,1514,0.1388
32,1476,1508,0.1388
33,1477,1510,0.1388
34,1490,1524,0.1388
33,1500,1533,0.1388
32,1484,1516,0.1388
32,1490,1522,0.1388
32,1482,1514,0.1388
32,1475,1507,0.1388
31,1480,1511,0.1388
32,1474,1506,0.1388
30,1487,1517,0.1388
29,1480,1509,0.1388
29,1486,1515,0.1388
30,1469,1499,0.1388
28,1484,1512,0.1388
28,1462,1490,0.1388
28,1486,1514,0.1388
27,1490,1517,0.1388
27,1501,1528,0.1388
29,1493,1522,0.1388
30,1489,1519,0.1388
26,1488,1514,0.1388
28,1485,1513,0.1388
27,1485,1512,0.1388
27,1486,1513,0.1388
28,1481,1509,0.1388
28,1485,1513,0.1388
28,1482,1510,0.1388
28,1493,1521,0.1388
29,1501,1530,0.1388
29,1494,1523,0.1388
29,1489,1518,0.1388
29,1491,1520,0.1388
29,1482,1511,0.1388
29,1488,1517,0.1388
29,1470,1499,0.1388
28,1495,1523,0.1388
27,1504,1531,0.1388
26,1492,1518,0.1388
25,1493,1518,0.1388
25,1499,1524,0.1388
27,1487,1514,0.1388
26,1496,1522,0.1388
25,1508,1533,0.1388
25,1494,1519,0.1388
25,1496,1521,0.1388
25,1494,1519,0.1388
25,1499,1524,0.1388
23,1505,1528,0.1388
24,1517,1541,0.1388
24,1509,1533,0.1388
25,1501,1526,0.1388
26,1482,1508,0.1388
24,1486,1510,0.1388
24,1491,1515,0.1388
23,1480,1503,0.1388
23,1481,1504,0.1388
24,1489,1513,0.1388
23,1499,1522,0.1388
23,1504,1527,0.1388
23,1505,1528,0.1388
22,1508,1530,0.1388
22,1491,1513,0.1388
22,1501,1523,0.1388
20,1505,1525,0.1388
20,1498,1518,0.1388
17,1506,1523,0.1388
18,1500,1518,0.1388
17,1513,1530,0.1388
17,1514,1531,0.1388
17,1501,1518,0.1388
20,1509,1529,0.1388
20,1501,1521,0.1388
19,1504,1523,0.1388
20,1507,1527,0.1388
20,1502,1522,0.1388
19,1505,1524,0.1388
19,1507,1526,0.1388
18,1497,1515,0.1388
19,1498,1517,0.1388
20,1495,1515,0.1388
19,1501,1520,0.1388
19,1506,1525,0.1388
17,1508,1525,0.1388
14,1506,1520,0.1388
14,1515,1529,0.1388
15,1504,1519,0.1388
16,1510,1526,0.1388
16,1508,1524,0.1388
14,1500,1514,0.1388
14,1499,1513,0.1388
14,1502,1516,0.1388
14,1501,1515,0.1388
15,1501,1516,0.1388
16,1497,1513,0.1388
15,1502,1517,0.1388
15,1495,1510,0.1388
14,1497,1511,0.1388
15,1512,1527,0.1388
15,1498,1513,0.1388
15,1503,1518,0.1388
14,1499,1513,0.1388
13,1494,1507,0.1388
12,1490,1502,0.1388
12,1497,1509,0.1388
13,1502,1515,0.1388
13,1495,1508,0.1388
11,1505,1516,0.1388
12,1501,1513,0.1388
13,1499,1512,0.1388
12,1489,1501,0.1388
11,1496,1507,0.1388
11,1500,1511,0.1388
10,1494,1504,0.1388
9,1498,1507,0.1388
10,1506,1516,0.1388
11,1509,1520,0.1388
10,1511,1521,0.1388
10,1512,1522,0.1388
10,1515,1525,0.1388
10,1500,1510,0.1388
9,1512,1521,0.1388
10,1515,1525,0.1388
9,1506,1515,0.1388
9,1502,1511,0.1388
9,1510,1519,0.1388
10,1513,1523,0.1388
10,1509,1519,0.1388
11,1502,1513,0.1388
12,1512,1524,0.1388
12,1500,1512,0.1388
12,1505,1517,0.1388
12,1505,1517,0.1388
12,1505,1517,0.1388
12,1514,1526,0.1388
12,1506,1518,0.1388
12,1505,1517,0.1388
11,1507,1518,0.1388
11,1506,1517,0.1388
11,1503,1514,0.1388
11,1505,1516,0.1388
11,1505,1516,0.1388
11,1505,1516,0.1388
13,1517,1530,0.1388
12,1506,1518,0.1388
12,1517,1529,0.1388
14,1514,1528,0.1388
14,1507,1521,0.1388
15,1499,1514,0.1388
16,1483,1499,0.1388
16,1499,1515,0.1388
15,1504,1519,0.1388
15,1503,1518,0.1388
14,1510,1524,0.1388
13,1503,1516,0.1388
13,1499,1512,0.1388
12,1502,1514,0.1388
13,1504,1517,0.1388
13,1504,1517,0.1388
13,1500,1513,0.1388
13,1506,1519,0.1388
13,1499,1512,0.1388
12,1497,1509,0.1388
12,1501,1513,0.1388
11,1516,1527,0.1388
11,1527,1538,0.1388
11,1523,1534,0.1388
11,1518,1529,0.1388
12,1520,1532,0.1388
12,1518,1530,0.1388
12,1510,1522,0.1388
12,1508,1520,0.1388
12,1506,1518,0.1388
11,1508,1519,0.1388
11,1500,1511,0.1388
10,1511,1521,0.1388
10,1510,1520,0.1388
10,1506,1516,0.1388
10,1507,1517,0.1388
9,1510,1519,0.1388
8,1519,1527,0.1388
9,1502,1511,0.1388
9,1501,1510,0.1388
10,1507,1517,0.1388
10,1488,1498,0.1388
10,1488,1498,0.1388
10,1492,1502,0.1388
10,1502,1512,0.1388
10,1507,1517,0.1388
10,1515,1525,0.1388
10,1518,1528,0.1388
10,1509,1519,0.1388
10,1503,1513,0.1388
9,1503,1512,0.1388
9,1498,1507,0.1388
8,1504,1512,0.1388
8,1502,1510,0.1388
9,1509,1518,0.1388
9,1501,1510,0.1388
8,1503,1511,0.1388
8,1507,1515,0.1388
8,1506,1514,0.1388
9,1507,1516,0.1388
8,1510,1518,0.1388
8,1517,1525,0.1388
8,1502,1510,0.1388
9,1489,1498,0.1388
6,1499,1505,0.1388
6,1503,1509,0.1388
6,1508,1514,0.1388
6,1505,1511,0.1388
6,1511,1517,0.1388
6,1509,1515,0.1388
6,1522,1528,0.1388
6,1509,1515,0.1388
6,1504,1510,0.1388
6,1499,1505,0.1388
6,1511,1517,0.1388
6,1505,1511,0.1388
7,1508,1515,0.1388
7,1521,1528,0.1388
7,1517,1524,0.1388
7,1516,1523,0.1388
7,1520,1527,0.1388
7,1505,1512,0.1388
7,1520,1527,0.1388
7,1500,1507,0.1388
8,1502,1510,0.1388
8,1498,1506,0.1388
7,1498,1505,0.1388
7,1494,1501,0.1388
6,1495,1501,0.1388
5,1506,1511,0.1388
5,1501,1506,0.1388
5,1519,1524,0.1388
6,1513,1519,0.1388
5,1516,1521,0.1388
4,1509,1513,0.1388
4,1511,1515,0.1388
4,1509,1513,0.1388
4,1504,1508,0.1388
4,1509,1513,0.1388
4,1522,1526,0.1388
4,1507,1511,0.1388
3,1507,1510,0.1388
3,1503,1506,0.1388
3,1507,1510,0.1388
3,1505,1508,0.1388
3,1511,1514,0.1388
3,1513,1516,0.1388
3,1521,1524,0.1388
4,1525,1529,0.1388
4,1524,1528,0.1388
4,1525,1529,0.1388
4,1519,1523,0.1388
4,1520,1524,0.1388
5,1517,1522,0.1388
5,1513,1518,0.1388
5,1512,1517,0.1388
5,1520,1525,0.1388
5,1517,1522,0.1388
3,1525,1528,0.1388
4,1517,1521,0.1388
4,1521,1525,0.1388
4,1514,1518,0.1388
3,1505,1508,0.1388
3,1494,1497,0.1388
3,1505,1508,0.1388
3,1507,1510,0.1388
2,1503,1505,0.1388
2,1495,1497,0.1388
3,1505,1508,0.1388
3,1489,1492,0.1388
3,1503,1506,0.1388
3,1506,1509,0.1388
3,1513,1516,0.1388
3,1518,1521,0.1388
3,1513,1516,0.1388
3,1515,1518,0.1388
3,1509,1512,0.1388
3,1510,1513,0.1388
3,1512,1515,0.1388
3,1514,1517,0.1388
3,1519,1522,0.1388
3,1516,1519,0.1388
3,1520,1523,0.1388
3,1512,1515,0.1388
3,1516,1519,0.1388
3,1512,1515,0.1388
3,1512,1515,0.1388
3,1518,1521,0.1388
4,1517,1521,0.1388
4,1505,1509,0.1388
3,1510,1513,0.1388
3,1513,1516,0.1388
3,1517,1520,0.1388
3,1517,1520,0.1388
4,1526,1530,0.1388
4,1515,1519,0.1388
4,1516,1520,0.1388
4,1522,1526,0.1388
4,1514,1518,0.1388
4,1517,1521,0.1388
4,1509,1513,0.1388
4,1519,1523,0.1388
4,1519,1523,0.1388
4,1518,1522,0.1388
4,1516,1520,0.1388
4,1502,1506,0.1388
4,1490,1494,0.1388
4,1509,1513,0.1388
4,1509,1513,0.1388
4,1505,1509,0.1388
4,1520,1524,0.1388
4,1522,1526,0.1388
4,1518,1522,0.1388
4,1502,1506,0.1388
3,1502,1505,0.1388
3,1509,1512,0.1388
3,1510,1513,0.1388
3,1507,1510,0.1388
4,1505,1509,0.1388
4,1510,1514,0.1388
4,1515,1519,0.1388
4,1504,1508,0.1388
4,1503,1507,0.1388
4,1514,1518,0.1388
4,1526,1530,0.1388
4,1514,1518,0.1388
4,1526,1530,0.1388
4,1519,1523,0.1388
4,1511,1515,0.1388
4,1508,1512,0.1388
5,1514,1519,0.1388
5,1513,1518,0.1388
4,1527,1531,0.1388
4,1518,1522,0.1388
4,1525,1529,0.1388
5,1518,1523,0.1388
5,1496,1501,0.1388
5,1494,1499,0.1388
5,1498,1503,0.1388
6,1514,1520,0.1388
6,1514,1520,0.1388
6,1522,1528,0.1388
6,1523,1529,0.1388
5,1516,1521,0.1388
6,1527,1533,0.1388
5,1518,1523,0.1388
5,1501,1506,0.1388
5,1498,1503,0.1388
5,1503,1508,0.1388
5,1510,1515,0.1388
4,1504,1508,0.1388
4,1519,1523,0.1388
4,1512,1516,0.1388
4,1499,1503,0.1388
4,1508,1512,0.1388
4,1501,1505,0.1388
4,1509,1513,0.1388
4,1512,1516,0.1388
4,1524,1528,0.1388
4,1516,1520,0.1388
4,1519,1523,0.1388
4,1508,1512,0.1388
4,1500,1504,0.1388
4,1517,1521,0.1388
4,1513,1517,0.1388
4,1521,1525,0.1388
4,1514,1518,0.1388
4,1515,1519,0.1388
4,1505,1509,0.1388
4,1508,1512,0.1388
4,1501,1505,0.1388
4,1488,1492,0.1388
4,1490,1494,0.1388
5,1491,1496,0.1388
5,1486,1491,0.1388
5,1494,1499,0.1388
6,1504,1510,0.1388
6,1508,1514,0.1388
6,1501,1507,0.1388
6,1492,1498,0.1388
6,1503,1509,0.1388
6,1511,1517,0.1388
6,1508,1514,0.1388
6,1513,1519,0.1388
6,1519,1525,0.1388
6,1509,1515,0.1388
5,1517,1522,0.1388
5,1526,1531,0.1388
5,1526,1531,0.1388
5,1529,1534,0.1388
5,1534,1539,0.1388
5,1526,1531,0.1388
5,1524,1529,0.1388
5,1515,1520,0.1388
4,1509,1513,0.1388
3,1502,1505,0.1388
3,1505,1508,0.1388
3,1507,1510,0.1388
3,1516,1519,0.1388
3,1514,1517,0.1388
3,1508,1511,0.1388
3,1507,1510,0.1388
2,1521,1523,0.1388
1,1523,1524,0.1388
1,1524,1525,0.1388
1,1517,1518,0.1388
1,1524,1525,0.1388
1,1519,1520,0.1388
1,1515,1516,0.1388
1,1519,1520,0.1388
1,1510,1511,0.1388
1,1520,1521,0.1388
1,1524,1525,0.1388
1,1517,1518,0.1388
1,1527,1528,0.1388
1,1505,1506,0.1388
1,1509,1510,0.1388
2,1509,1511,0.1388
1,1515,1516,0.1388
1,1515,1516,0.1388
1,1502,1503,0.1388
1,1512,1513,0.1388
1,1523,1524,0.1388
1,1522,1523,0.1388
1,1511,1512,0.1388
1,1512,1513,0.1388
1,1521,1522,0.1388
1,1512,1513,0.1388
1,1514,1515,0.1388
1,1516,1517,0.1388
1,1526,1527,0.1388
1,1510,1511,0.1388
1,1510,1511,0.1388
1,1508,1509,0.1388
1,1516,1517,0.1388
1,1535,1536,0.1388
1,1529,1530,0.1388
1,1525,1526,0.1388
1,1526,1527,0.1388
1,1526,1527,0.1388
1,1523,1524,0.1388
1,1513,1514,0.1388
1,1522,1523,0.1388
1,1522,1523,0.1388
1,1518,1519,0.1388
0,1525,1525,0.1388
