1381,25,1406,0.1388
1412,26,1438,0.1388
1415,25,1440,0.1388
1446,24,1470,0.1388
1461,25,1486,0.1388
1465,26,1491,0.1388
1461,25,1486,0.1388
1472,27,1499,0.1388
1468,29,1497,0.1388
1468,29,1497,0.1388
1461,29,1490,0.1388
1454,28,1482,0.1388
1451,28,1479,0.1388
1455,29,1484,0.1388
1464,31,1495,0.1388
1468,30,1498,0.1388
1457,28,1485,0.1388
1460,28,1488,0.1388
1455,28,1483,0.1388
1458,28,1486,0.1388
1449,31,1480,0.1388
1441,31,1472,0.1388
1449,33,1482,0.1388
1454,33,1487,0.1388
1468,31,1499,0.1388
1463,34,1497,0.1388
1466,35,1501,0.1388
1456,35,1491,0.1388
1442,33,1475,0.1388
1462,33,1495,0.1388
1451,34,1485,0.1388
1461,35,1496,0.1388
1464,35,1499,0.1388
1463,35,1498,0.1388
1463,37,1500,0.1388
1472,37,1509,0.1388
1471,38,1509,0.1388
1469,39,1508,0.1388
1455,39,1494,0.1388
1466,41,1507,0.1388
1455,41,1496,0.1388
1446,41,1487,0.1388
1453,41,1494,0.1388
1456,40,1496,0.1388
1450,41,1491,0.1388
1440,41,1481,0.1388
1458,42,1500,0.1388
1462,41,1503,0.1388
1460,42,1502,0.1388
1449,41,1490,0.1388
1443,40,1483,0.1388
1436,38,1474,0.1388
1437,40,1477,0.1388
1426,41,1467,0.1388
1438,42,1480,0.1388
1447,41,1488,0.1388
1446,40,1486,0.1388
1445,41,1486,0.1388
1451,41,1492,0.1388
1446,41,1487,0.1388
1447,43,1490,0.1388
1443,41,1484,0.1388
1454,43,1497,0.1388
1452,44,1496,0.1388
1437,45,1482,0.1388
1458,44,1502,0.1388
1445,41,1486,0.1388
1447,42,1489,0.1388
1458,41,1499,0.1388
1452,41,1493,0.1388
1447,41,1488,0.1388
1453,42,1495,0.1388
1459,42,1501,0.1388
1453,41,1494,0.1388
1446,41,1487,0.1388
1445,41,1486,0.1388
1447,43,1490,0.1388
1450,45,1495,0.1388
1440,46,1486,0.1388
1444,49,1493,0.1388
1433,50,1483,0.1388
1440,49,1489,0.1388
1446,48,1494,0.1388
1436,48,1484,0.1388
1442,48,1490,0.1388
1453,48,1501,0.1388
1456,49,1505,0.1388
1477,51,1528,0.1388
1452,50,1502,0.1388
1464,51,1515,0.1388
1455,52,1507,0.1388
1449,52,1501,0.1388
1452,52,1504,0.1388
1453,52,1505,0.1388
1468,52,1520,0.1388
1465,50,1515,0.1388
1446,51,1497,0.1388
1441,50,1491,0.1388
1454,50,1504,0.1388
1454,52,1506,0.1388
1456,54,1510,0.1388
1439,52,1491,0.1388
1431,53,1484,0.1388
1429,51,1480,0.1388
1438,50,1488,0.1388
1437,49,1486,0.1388
1441,51,1492,0.1388
1443,49,1492,0.1388
1443,49,1492,0.1388
1449,50,1499,0.1388
1439,50,1489,0.1388
1450,49,1499,0.1388
1448,51,1499,0.1388
1442,51,1493,0.1388
1452,53,1505,0.1388
1438,53,1491,0.1388
1438,56,1494,0.1388
1423,53,1476,0.1388
1435,51,1486,0.1388
1428,52,1480,0.1388
1439,55,1494,0.1388
1430,57,1487,0.1388
1410,56,1466,0.1388
1416,57,1473,0.1388
1415,60,1475,0.1388
1427,61,1488,0.1388
1429,60,1489,0.1388
1438,61,1499,0.1388
1433,62,1495,0.1388
1425,61,1486,0.1388
1422,62,1484,0.1388
1431,61,1492,0.1388
1434,64,1498,0.1388
1435,64,1499,0.1388
1428,66,1494,0.1388
1432,67,1499,0.1388
1424,69,1493,0.1388
1429,67,1496,0.1388
1435,65,1500,0.1388
1432,71,1503,0.1388
1421,70,1491,0.1388
1429,69,1498,0.1388
1431,71,1502,0.1388
1423,74,1497,0.1388
1407,76,1483,0.1388
1406,74,1480,0.1388
1409,74,1483,0.1388
1414,73,1487,0.1388
1424,73,1497,0.1388
1405,73,1478,0.1388
1411,75,1486,0.1388
1423,77,1500,0.1388
1417,78,1495,0.1388
1413,76,1489,0.1388
1425,77,1502,0.1388
1429,75,1504,0.1388
1434,76,1510,0.1388
1415,73,1488,0.1388
1418,75,1493,0.1388
1419,73,1492,0.1388
1422,76,1498,0.1388
1435,77,1512,0.1388
1445,76,1521,0.1388
1440,78,1518,0.1388
1424,78,1502,0.1388
1426,78,1504,0.1388
1418,78,1496,0.1388
1423,80,1503,0.1388
1414,79,1493,0.1388
1419,80,1499,0.1388
1419,80,1499,0.1388
1413,79,1492,0.1388
1403,82,1485,0.1388
1419,75,1494,0.1388
1405,77,1482,0.1388
1384,78,1462,0.1388
1394,77,1471,0.1388
1396,82,1478,0.1388
1383,83,1466,0.1388
1398,84,1482,0.1388
1395,85,1480,0.1388
1404,87,1491,0.1388
1404,87,1491,0.1388
1401,87,1488,0.1388
1408,88,1496,0.1388
1413,87,1500,0.1388
1424,88,1512,0.1388
1419,89,1508,0.1388
1413,90,1503,0.1388
1407,88,1495,0.1388
1402,91,1493,0.1388
1411,89,1500,0.1388
1423,86,1509,0.1388
1409,87,1496,0.1388
1403,86,1489,0.1388
1412,85,1497,0.1388
1418,87,1505,0.1388
1409,91,1500,0.1388
1407,91,1498,0.1388
1401,89,1490,0.1388
1404,88,1492,0.1388
1387,90,1477,0.1388
1387,93,1480,0.1388
1392,92,1484,0.1388
1386,92,1478,0.1388
1393,97,1490,0.1388
1391,94,1485,0.1388
1399,93,1492,0.1388
1397,93,1490,0.1388
1391,94,1485,0.1388
1386,93,1479,0.1388
1388,95,1483,0.1388
1386,96,1482,0.1388
1408,100,1508,0.1388
1415,101,1516,0.1388
1406,105,1511,0.1388
1412,105,1517,0.1388
1407,103,1510,0.1388
1405,104,1509,0.1388
1407,104,1511,0.1388
1398,106,1504,0.1388
1398,108,1506,0.1388
1383,110,1493,0.1388
1389,107,1496,0.1388
1396,102,1498,0.1388
1389,105,1494,0.1388
1380,108,1488,0.1388
1384,107,1491,0.1388
1390,110,1500,0.1388
1379,111,1490,0.1388
1394,111,1505,0.1388
1393,115,1508,0.1388
1391,114,1505,0.1388
1393,117,1510,0.1388
1381,115,1496,0.1388
1376,116,1492,0.1388
1367,120,1487,0.1388
1364,124,1488,0.1388
1376,121,1497,0.1388
1364,127,1491,0.1388
1363,126,1489,0.1388
1360,126,1486,0.1388
1363,127,1490,0.1388
1363,128,1491,0.1388
1359,126,1485,0.1388
1379,128,1507,0.1388
1381,130,1511,0.1388
1365,130,1495,0.1388
1375,123,1498,0.1388
1370,123,1493,0.1388
1375,126,1501,0.1388
1374,121,1495,0.1388
1368,121,1489,0.1388
1366,128,1494,0.1388
1377,130,1507,0.1388
1382,131,1513,0.1388
1381,134,1515,0.1388
1375,137,1512,0.1388
1371,142,1513,0.1388
1350,140,1490,0.1388
1357,141,1498,0.1388
1380,142,1522,0.1388
1376,140,1516,0.1388
1366,143,1509,0.1388
1367,143,1510,0.1388
1363,147,1510,0.1388
1362,148,1510,0.1388
1350,146,1496,0.1388
1350,143,1493,0.1388
1354,143,1497,0.1388
1353,145,1498,0.1388
1337,143,1480,0.1388
1331,142,1473,0.1388
1350,140,1490,0.1388
1348,139,1487,0.1388
1346,140,1486,0.1388
1351,145,1496,0.1388
1357,144,1501,0.1388
1357,143,1500,0.1388
1350,148,1498,0.1388
1357,150,1507,0.1388
1351,151,1502,0.1388
1347,147,1494,0.1388
1357,148,1505,0.1388
1346,145,1491,0.1388
1340,153,1493,0.1388
1342,154,1496,0.1388
1337,150,1487,0.1388
1343,154,1497,0.1388
1343,151,1494,0.1388
1351,154,1505,0.1388
1340,157,1497,0.1388
1345,157,1502,0.1388
1346,157,1503,0.1388
1341,155,1496,0.1388
1332,160,1492,0.1388
1330,162,1492,0.1388
1323,163,1486,0.1388
1315,157,1472,0.1388
1323,156,1479,0.1388
1324,158,1482,0.1388
1326,163,1489,0.1388
1319,165,1484,0.1388
1331,164,1495,0.1388
1319,160,1479,0.1388
1311,163,1474,0.1388
1320,167,1487,0.1388
1323,168,1491,0.1388
1317,171,1488,0.1388
1320,174,1494,0.1388
1330,172,1502,0.1388
1335,169,1504,0.1388
1338,170,1508,0.1388
1337,166,1503,0.1388
1322,167,1489,0.1388
1328,173,1501,0.1388
1321,172,1493,0.1388
1322,174,1496,0.1388
1326,174,1500,0.1388
1325,173,1498,0.1388
1320,174,1494,0.1388
1322,173,1495,0.1388
1325,176,1501,0.1388
1319,177,1496,0.1388
1311,179,1490,0.1388
1329,175,1504,0.1388
1330,172,1502,0.1388
1335,167,1502,0.1388
1327,165,1492,0.1388
1340,166,1506,0.1388
1334,167,1501,0.1388
1342,171,1513,0.1388
1339,165,1504,0.1388
1333,172,1505,0.1388
1330,171,1501,0.1388
1328,172,1500,0.1388
1323,169,1492,0.1388
1323,174,1497,0.1388
1321,175,1496,0.1388
1334,170,1504,0.1388
1341,177,1518,0.1388
1336,179,1515,0.1388
1328,185,1513,0.1388
1328,183,1511,0.1388
1325,180,1505,0.1388
1321,180,1501,0.1388
1308,184,1492,0.1388
1304,187,1491,0.1388
1306,189,1495,0.1388
1311,188,1499,0.1388
1320,190,1510,0.1388
1316,192,1508,0.1388
1315,190,1505,0.1388
1315,190,1505,0.1388
1314,188,1502,0.1388
1318,189,1507,0.1388
1318,189,1507,0.1388
1318,191,1509,0.1388
1318,194,1512,0.1388
1316,193,1509,0.1388
1310,194,1504,0.1388
1312,193,1505,0.1388
1305,196,1501,0.1388
1297,198,1495,0.1388
1287,200,1487,0.1388
1281,202,1483,0.1388
1279,204,1483,0.1388
1290,208,1498,0.1388
1291,209,1500,0.1388
1295,208,1503,0.1388
1292,210,1502,0.1388
1280,208,1488,0.1388
1285,210,1495,0.1388
1291,211,1502,0.1388
1283,216,1499,0.1388
1282,222,1504,0.1388
1273,221,1494,0.1388
1274,222,1496,0.1388
1274,219,1493,0.1388
1292,218,1510,0.1388
1269,219,1488,0.1388
1264,222,1486,0.1388
1280,220,1500,0.1388
1279,218,1497,0.1388
1264,220,1484,0.1388
1266,222,1488,0.1388
1267,224,1491,0.1388
1269,224,1493,0.1388
1271,227,1498,0.1388
1268,225,1493,0.1388
1270,226,1496,0.1388
1269,225,1494,0.1388
1268,229,1497,0.1388
1278,229,1507,0.1388
1278,229,1507,0.1388
1286,233,1519,0.1388
1282,233,1515,0.1388
1266,231,1497,0.1388
1258,229,1487,0.1388
1271,229,1500,0.1388
1267,227,1494,0.1388
1265,233,1498,0.1388
1261,234,1495,0.1388
1255,238,1493,0.1388
1262,236,1498,0.1388
1259,232,1491,0.1388
1265,233,1498,0.1388
1256,234,1490,0.1388
1249,236,1485,0.1388
1251,240,1491,0.1388
1260,239,1499,0.1388
1263,242,1505,0.1388
1258,239,1497,0.1388
1253,237,1490,0.1388
1265,240,1505,0.1388
1272,237,1509,0.1388
1270,235,1505,0.1388
1265,235,1500,0.1388
1270,238,1508,0.1388
1278,239,1517,0.1388
1258,240,1498,0.1388
1253,246,1499,0.1388
1257,246,1503,0.1388
1258,247,1505,0.1388
1249,249,1498,0.1388
1246,253,1499,0.1388
1244,258,1502,0.1388
1236,258,1494,0.1388
1237,258,1495,0.1388
1235,264,1499,0.1388
1246,266,1512,0.1388
1247,268,1515,0.1388
1255,266,1521,0.1388
1245,268,1513,0.1388
1241,266,1507,0.1388
1246,262,1508,0.1388
1229,258,1487,0.1388
1235,261,1496,0.1388
1235,263,1498,0.1388
1240,263,1503,0.1388
1242,265,1507,0.1388
1246,264,1510,0.1388
1246,260,1506,0.1388
1246,263,1509,0.1388
1259,260,1519,0.1388
1260,259,1519,0.1388
1238,264,1502,0.1388
1242,263,1505,0.1388
1243,269,1512,0.1388
1237,268,1505,0.1388
1243,267,1510,0.1388
1240,265,1505,0.1388
1226,262,1488,0.1388
1228,261,1489,0.1388
1235,261,1496,0.1388
1245,262,1507,0.1388
1241,260,1501,0.1388
1238,260,1498,0.1388
1243,258,1501,0.1388
1238,261,1499,0.1388
1239,254,1493,0.1388
1246,257,1503,0.1388
1244,252,1496,0.1388
1244,255,1499,0.1388
1235,258,1493,0.1388
1232,254,1486,0.1388
1229,261,1490,0.1388
1242,259,1501,0.1388
1251,259,1510,0.1388
1256,253,1509,0.1388
1252,258,1510,0.1388
1259,259,1518,0.1388
1245,257,1502,0.1388
1248,258,1506,0.1388
1238,260,1498,0.1388
1235,267,1502,0.1388
1229,264,1493,0.1388
1238,265,1503,0.1388
1231,264,1495,0.1388
1218,264,1482,0.1388
1234,265,1499,0.1388
1239,270,1509,0.1388
1235,268,1503,0.1388
1230,267,1497,0.1388
1230,268,1498,0.1388
1218,270,1488,0.1388
1217,273,1490,0.1388
1217,270,1487,0.1388
1217,268,1485,0.1388
1227,273,1500,0.1388
1232,271,1503,0.1388
1232,261,1493,0.1388
1228,263,1491,0.1388
1254,260,1514,0.1388
1244,260,1504,0.1388
1235,263,1498,0.1388
1225,268,1493,0.1388
1211,268,1479,0.1388
1218,265,1483,0.1388
1222,268,1490,0.1388
1220,271,1491,0.1388
1226,270,1496,0.1388
1232,270,1502,0.1388
1234,272,1506,0.1388
1233,267,1500,0.1388
1227,272,1499,0.1388
1224,269,1493,0.1388
1215,276,1491,0.1388
1202,276,1478,0.1388
1203,283,1486,0.1388
1183,282,1465,0.1388
1202,286,1488,0.1388
1195,281,1476,0.1388
1197,285,1482,0.1388
1207,279,1486,0.1388
1204,281,1485,0.1388
1216,289,1505,0.1388
1214,292,1506,0.1388
1219,296,1515,0.1388
1214,301,1515,0.1388
1201,301,1502,0.1388
1212,299,1511,0.1388
1208,298,1506,0.1388
1206,295,1501,0.1388
1209,300,1509,0.1388
1205,300,1505,0.1388
1194,288,1482,0.1388
1207,294,1501,0.1388
1213,295,1508,0.1388
1216,295,1511,0.1388
1211,289,1500,0.1388
1192,284,1476,0.1388
1199,291,1490,0.1388
1191,298,1489,0.1388
1194,298,1492,0.1388
1195,298,1493,0.1388
1187,301,1488,0.1388
1198,299,1497,0.1388
1195,302,1497,0.1388
1170,307,1477,0.1388
1167,311,1478,0.1388
1174,308,1482,0.1388
1173,306,1479,0.1388
1177,311,1488,0.1388
1188,299,1487,0.1388
1188,305,1493,0.1388
1183,315,1498,0.1388
1186,314,1500,0.1388
1179,313,1492,0.1388
1182,319,1501,0.1388
1170,315,1485,0.1388
1167,319,1486,0.1388
1162,327,1489,0.1388
1163,331,1494,0.1388
1170,333,1503,0.1388
1164,338,1502,0.1388
1165,333,1498,0.1388
1159,337,1496,0.1388
1160,334,1494,0.1388
1157,335,1492,0.1388
1147,334,1481,0.1388
1164,333,1497,0.1388
1170,333,1503,0.1388
1164,334,1498,0.1388
1175,338,1513,0.1388
1174,339,1513,0.1388
1166,341,1507,0.1388
1159,341,1500,0.1388
1150,337,1487,0.1388
1159,341,1500,0.1388
1157,339,1496,0.1388
1152,344,1496,0.1388
1160,346,1506,0.1388
1160,342,1502,0.1388
1163,335,1498,0.1388
1157,334,1491,0.1388
1162,334,1496,0.1388
1164,335,1499,0.1388
1157,341,1498,0.1388
1151,341,1492,0.1388
1160,339,1499,0.1388
1170,334,1504,0.1388
1161,331,1492,0.1388
1151,334,1485,0.1388
1149,339,1488,0.1388
1152,338,1490,0.1388
1158,342,1500,0.1388
1162,340,1502,0.1388
1148,341,1489,0.1388
1145,343,1488,0.1388
1142,341,1483,0.1388
1126,343,1469,0.1388
1128,341,1469,0.1388
1132,354,1486,0.1388
1125,353,1478,0.1388
1126,357,1483,0.1388
1143,362,1505,0.1388
1147,353,1500,0.1388
1143,361,1504,0.1388
1150,351,1501,0.1388
1146,347,1493,0.1388
1143,350,1493,0.1388
1137,352,1489,0.1388
1147,355,1502,0.1388
1154,356,1510,0.1388
1154,355,1509,0.1388
1156,353,1509,0.1388
1156,352,1508,0.1388
1149,354,1503,0.1388
1150,358,1508,0.1388
1144,359,1503,0.1388
1143,353,1496,0.1388
1140,356,1496,0.1388
1136,353,1489,0.1388
1137,360,1497,0.1388
1139,362,1501,0.1388
1130,361,1491,0.1388
1138,357,1495,0.1388
1138,357,1495,0.1388
1141,359,1500,0.1388
1130,368,1498,0.1388
1136,362,1498,0.1388
1139,365,1504,0.1388
1133,364,1497,0.1388
1130,363,1493,0.1388
1144,363,1507,0.1388
1141,367,1508,0.1388
1129,365,1494,0.1388
1137,364,1501,0.1388
1142,362,1504,0.1388
1133,364,1497,0.1388
1133,370,1503,0.1388
1138,368,1506,0.1388
1139,364,1503,0.1388
1134,366,1500,0.1388
1137,366,1503,0.1388
1143,369,1512,0.1388
1143,374,1517,0.1388
1137,372,1509,0.1388
1142,375,1517,0.1388
1134,376,1510,0.1388
1131,376,1507,0.1388
1141,377,1518,0.1388
1138,376,1514,0.1388
1141,374,1515,0.1388
1143,373,1516,0.1388
1138,374,1512,0.1388
1144,372,1516,0.1388
1143,374,1517,0.1388
1139,364,1503,0.1388
1144,365,1509,0.1388
1140,359,1499,0.1388
1135,364,1499,0.1388
1142,376,1518,0.1388
1133,377,1510,0.1388
1137,372,1509,0.1388
1136,378,1514,0.1388
1133,375,1508,0.1388
1132,376,1508,0.1388
1131,376,1507,0.1388
1126,377,1503,0.1388
1132,382,1514,0.1388
1133,383,1516,0.1388
1122,375,1497,0.1388
1120,370,1490,0.1388
1114,370,1484,0.1388
1110,376,1486,0.1388
1097,380,1477,0.1388
1111,388,1499,0.1388
1115,387,1502,0.1388
1103,394,1497,0.1388
1107,395,1502,0.1388
1110,397,1507,0.1388
1103,400,1503,0.1388
1104,394,1498,0.1388
1111,395,1506,0.1388
1104,395,1499,0.1388
1084,396,1480,0.1388
1087,396,1483,0.1388
1102,399,1501,0.1388
1106,398,1504,0.1388
1105,398,1503,0.1388
1109,397,1506,0.1388
1099,401,1500,0.1388
1089,399,1488,0.1388
1105,400,1505,0.1388
1101,398,1499,0.1388
1097,398,1495,0.1388
1093,398,1491,0.1388
1089,410,1499,0.1388
1087,409,1496,0.1388
1090,407,1497,0.1388
1090,402,1492,0.1388
1095,402,1497,0.1388
1106,402,1508,0.1388
1100,404,1504,0.1388
1111,398,1509,0.1388
1102,397,1499,0.1388
1101,393,1494,0.1388
1111,400,1511,0.1388
1107,408,1515,0.1388
1098,413,1511,0.1388
1100,412,1512,0.1388
1096,417,1513,0.1388
1084,414,1498,0.1388
1074,420,1494,0.1388
1072,422,1494,0.1388
1070,415,1485,0.1388
1084,420,1504,0.1388
1080,414,1494,0.1388
1091,422,1513,0.1388
1085,416,1501,0.1388
1086,411,1497,0.1388
1082,413,1495,0.1388
1084,403,1487,0.1388
1076,405,1481,0.1388
1077,408,1485,0.1388
1085,406,1491,0.1388
1088,406,1494,0.1388
1085,408,1493,0.1388
1073,408,1481,0.1388
1080,408,1488,0.1388
1092,411,1503,0.1388
1089,408,1497,0.1388
1061,408,1469,0.1388
1066,413,1479,0.1388
1073,417,1490,0.1388
1079,415,1494,0.1388
1089,414,1503,0.1388
1091,416,1507,0.1388
1083,416,1499,0.1388
1072,416,1488,0.1388
1080,421,1501,0.1388
1073,428,1501,0.1388
1068,427,1495,0.1388
1067,428,1495,0.1388
1073,421,1494,0.1388
1076,423,1499,0.1388
1072,419,1491,0.1388
1076,433,1509,0.1388
1076,431,1507,0.1388
1065,426,1491,0.1388
1066,434,1500,0.1388
1052,440,1492,0.1388
1071,433,1504,0.1388
1067,431,1498,0.1388
1057,437,1494,0.1388
1041,435,1476,0.1388
1033,447,1480,0.1388
1042,445,1487,0.1388
1042,447,1489,0.1388
1055,452,1507,0.1388
1057,452,1509,0.1388
1070,442,1512,0.1388
1059,447,1506,0.1388
1057,446,1503,0.1388
1051,440,1491,0.1388
1046,438,1484,0.1388
1047,440,1487,0.1388
1045,448,1493,0.1388
1037,453,1490,0.1388
1040,454,1494,0.1388
1041,459,1500,0.1388
1033,463,1496,0.1388
1029,457,1486,0.1388
1034,455,1489,0.1388
1031,448,1479,0.1388
1031,455,1486,0.1388
1039,463,1502,0.1388
1049,459,1508,0.1388
1050,466,1516,0.1388
1042,468,1510,0.1388
1039,472,1511,0.1388
1031,475,1506,0.1388
1030,473,1503,0.1388
1026,476,1502,0.1388
1023,473,1496,0.1388
1031,477,1508,0.1388
1020,482,1502,0.1388
1020,487,1507,0.1388
1019,478,1497,0.1388
1016,477,1493,0.1388
1024,491,1515,0.1388
1021,486,1507,0.1388
1009,483,1492,0.1388
1018,484,1502,0.1388
1016,481,1497,0.1388
1009,483,1492,0.1388
1004,489,1493,0.1388
1010,485,1495,0.1388
998,486,1484,0.1388
1015,490,1505,0.1388
1009,494,1503,0.1388
1012,498,1510,0.1388
1002,492,1494,0.1388
1005,488,1493,0.1388
1011,483,1494,0.1388
1015,485,1500,0.1388
1016,493,1509,0.1388
1021,496,1517,0.1388
1024,489,1513,0.1388
1017,494,1511,0.1388
1010,497,1507,0.1388
1001,500,1501,0.1388
1009,505,1514,0.1388
997,503,1500,0.1388
1007,502,1509,0.1388
1013,495,1508,0.1388
1011,501,1512,0.1388
1003,492,1495,0.1388
1007,507,1514,0.1388
1011,502,1513,0.1388
1010,506,1516,0.1388
1007,504,1511,0.1388
1002,502,1504,0.1388
1000,505,1505,0.1388
1005,511,1516,0.1388
992,510,1502,0.1388
988,497,1485,0.1388
996,499,1495,0.1388
990,510,1500,0.1388
992,510,1502,0.1388
993,511,1504,0.1388
998,510,1508,0.1388
987,510,1497,0.1388
990,500,1490,0.1388
993,493,1486,0.1388
991,504,1495,0.1388
995,506,1501,0.1388
1003,508,1511,0.1388
993,517,1510,0.1388
992,517,1509,0.1388
990,518,1508,0.1388
997,514,1511,0.1388
1003,510,1513,0.1388
996,514,1510,0.1388
988,516,1504,0.1388
997,515,1512,0.1388
994,512,1506,0.1388
994,509,1503,0.1388
994,514,1508,0.1388
990,520,1510,0.1388
993,514,1507,0.1388
994,521,1515,0.1388
996,520,1516,0.1388
1003,527,1530,0.1388
989,528,1517,0.1388
993,530,1523,0.1388
990,528,1518,0.1388
994,530,1524,0.1388
982,529,1511,0.1388
976,530,1506,0.1388
975,529,1504,0.1388
982,529,1511,0.1388
977,520,1497,0.1388
980,531,1511,0.1388
974,533,1507,0.1388
970,525,1495,0.1388
966,527,1493,0.1388
964,530,1494,0.1388
962,535,1497,0.1388
972,534,1506,0.1388
967,530,1497,0.1388
973,533,1506,0.1388
967,532,1499,0.1388
966,540,1506,0.1388
959,543,1502,0.1388
966,547,1513,0.1388
965,541,1506,0.1388
965,536,1501,0.1388
962,536,1498,0.1388
955,542,1497,0.1388
961,540,1501,0.1388
970,532,1502,0.1388
969,532,1501,0.1388
969,540,1509,0.1388
961,536,1497,0.1388
962,536,1498,0.1388
936,548,1484,0.1388
938,553,1491,0.1388
950,559,1509,0.1388
944,559,1503,0.1388
943,561,1504,0.1388
941,558,1499,0.1388
940,552,1492,0.1388
945,559,1504,0.1388
952,562,1514,0.1388
946,566,1512,0.1388
946,567,1513,0.1388
944,567,1511,0.1388
937,564,1501,0.1388
929,568,1497,0.1388
939,558,1497,0.1388
943,557,1500,0.1388
936,555,1491,0.1388
937,556,1493,0.1388
937,553,1490,0.1388
947,552,1499,0.1388
945,554,1499,0.1388
941,550,1491,0.1388
943,539,1482,0.1388
943,543,1486,0.1388
949,549,1498,0.1388
951,555,1506,0.1388
949,553,1502,0.1388
954,545,1499,0.1388
955,546,1501,0.1388
951,557,1508,0.1388
943,556,1499,0.1388
938,557,1495,0.1388
931,561,1492,0.1388
933,567,1500,0.1388
940,566,1506,0.1388
938,561,1499,0.1388
940,565,1505,0.1388
932,564,1496,0.1388
933,565,1498,0.1388
931,555,1486,0.1388
923,556,1479,0.1388
919,559,1478,0.1388
914,561,1475,0.1388
914,561,1475,0.1388
923,556,1479,0.1388
924,569,1493,0.1388
920,575,1495,0.1388
922,579,1501,0.1388
930,578,1508,0.1388
919,584,1503,0.1388
915,586,1501,0.1388
921,590,1511,0.1388
911,585,1496,0.1388
919,591,1510,0.1388
906,586,1492,0.1388
913,588,1501,0.1388
925,583,1508,0.1388
916,583,1499,0.1388
909,591,1500,0.1388
904,589,1493,0.1388
899,585,1484,0.1388
895,591,1486,0.1388
903,587,1490,0.1388
904,586,1490,0.1388
909,590,1499,0.1388
911,577,1488,0.1388
912,580,1492,0.1388
914,584,1498,0.1388
916,585,1501,0.1388
908,589,1497,0.1388
914,592,1506,0.1388
910,594,1504,0.1388
907,596,1503,0.1388
911,594,1505,0.1388
922,598,1520,0.1388
918,597,1515,0.1388
902,595,1497,0.1388
912,595,1507,0.1388
912,590,1502,0.1388
914,597,1511,0.1388
911,602,1513,0.1388
896,609,1505,0.1388
900,610,1510,0.1388
908,609,1517,0.1388
916,604,1520,0.1388
901,602,1503,0.1388
903,602,1505,0.1388
901,592,1493,0.1388
897,599,1496,0.1388
893,605,1498,0.1388
884,606,1490,0.1388
891,610,1501,0.1388
890,610,1500,0.1388
887,616,1503,0.1388
894,619,1513,0.1388
891,619,1510,0.1388
890,622,1512,0.1388
888,613,1501,0.1388
889,615,1504,0.1388
885,622,1507,0.1388
877,624,1501,0.1388
881,616,1497,0.1388
900,618,1518,0.1388
907,614,1521,0.1388
890,608,1498,0.1388
898,604,1502,0.1388
899,599,1498,0.1388
893,605,1498,0.1388
898,607,1505,0.1388
898,608,1506,0.1388
898,612,1510,0.1388
893,617,1510,0.1388
884,625,1509,0.1388
882,617,1499,0.1388
888,621,1509,0.1388
881,613,1494,0.1388
883,611,1494,0.1388
879,600,1479,0.1388
877,604,1481,0.1388
884,606,1490,0.1388
886,604,1490,0.1388
889,616,1505,0.1388
890,605,1495,0.1388
893,597,1490,0.1388
888,603,1491,0.1388
886,608,1494,0.1388
882,606,1488,0.1388
887,610,1497,0.1388
889,608,1497,0.1388
887,613,1500,0.1388
877,608,1485,0.1388
877,610,1487,0.1388
882,607,1489,0.1388
884,615,1499,0.1388
888,617,1505,0.1388
890,620,1510,0.1388
894,620,1514,0.1388
881,620,1501,0.1388
882,616,1498,0.1388
887,610,1497,0.1388
884,611,1495,0.1388
881,613,1494,0.1388
880,618,1498,0.1388
885,623,1508,0.1388
885,622,1507,0.1388
890,623,1513,0.1388
884,621,1505,0.1388
887,617,1504,0.1388
889,609,1498,0.1388
894,599,1493,0.1388
900,602,1502,0.1388
895,605,1500,0.1388
887,601,1488,0.1388
881,604,1485,0.1388
882,600,1482,0.1388
885,606,1491,0.1388
883,607,1490,0.1388
872,602,1474,0.1388
876,602,1478,0.1388
874,621,1495,0.1388
868,626,1494,0.1388
870,620,1490,0.1388
878,616,1494,0.1388
880,626,1506,0.1388
872,624,1496,0.1388
868,626,1494,0.1388
874,619,1493,0.1388
865,624,1489,0.1388
867,629,1496,0.1388
873,630,1503,0.1388
869,639,1508,0.1388
864,641,1505,0.1388
865,641,1506,0.1388
863,641,1504,0.1388
859,648,1507,0.1388
855,656,1511,0.1388
855,655,1510,0.1388
848,660,1508,0.1388
844,659,1503,0.1388
849,652,1501,0.1388
839,662,1501,0.1388
838,658,1496,0.1388
835,656,1491,0.1388
840,657,1497,0.1388
836,663,1499,0.1388
836,667,1503,0.1388
837,678,1515,0.1388
845,672,1517,0.1388
843,673,1516,0.1388
836,663,1499,0.1388
828,665,1493,0.1388
828,659,1487,0.1388
831,664,1495,0.1388
837,669,1506,0.1388
840,671,1511,0.1388
834,676,1510,0.1388
831,685,1516,0.1388
835,680,1515,0.1388
835,676,1511,0.1388
828,667,1495,0.1388
834,671,1505,0.1388
827,664,1491,0.1388
822,672,1494,0.1388
826,672,1498,0.1388
836,669,1505,0.1388
838,679,1517,0.1388
833,679,1512,0.1388
836,680,1516,0.1388
822,684,1506,0.1388
815,689,1504,0.1388
812,693,1505,0.1388
813,702,1515,0.1388
808,697,1505,0.1388
809,706,1515,0.1388
816,704,1520,0.1388
809,697,1506,0.1388
809,695,1504,0.1388
801,703,1504,0.1388
801,704,1505,0.1388
795,718,1513,0.1388
799,717,1516,0.1388
794,713,1507,0.1388
803,712,1515,0.1388
797,716,1513,0.1388
781,716,1497,0.1388
779,717,1496,0.1388
784,719,1503,0.1388
777,712,1489,0.1388
786,709,1495,0.1388
794,714,1508,0.1388
790,717,1507,0.1388
786,704,1490,0.1388
784,705,1489,0.1388
790,717,1507,0.1388
789,719,1508,0.1388
778,720,1498,0.1388
771,722,1493,0.1388
760,724,1484,0.1388
758,731,1489,0.1388
763,725,1488,0.1388
756,735,1491,0.1388
761,739,1500,0.1388
762,745,1507,0.1388
765,742,1507,0.1388
761,738,1499,0.1388
759,745,1504,0.1388
756,746,1502,0.1388
745,749,1494,0.1388
748,749,1497,0.1388
753,743,1496,0.1388
742,732,1474,0.1388
744,746,1490,0.1388
747,752,1499,0.1388
752,741,1493,0.1388
750,743,1493,0.1388
747,744,1491,0.1388
750,743,1493,0.1388
758,757,1515,0.1388
760,759,1519,0.1388
747,765,1512,0.1388
744,753,1497,0.1388
741,756,1497,0.1388
726,769,1495,0.1388
732,767,1499,0.1388
731,776,1507,0.1388
728,777,1505,0.1388
736,777,1513,0.1388
728,783,1511,0.1388
728,778,1506,0.1388
726,782,1508,0.1388
723,778,1501,0.1388
712,791,1503,0.1388
707,794,1501,0.1388
702,788,1490,0.1388
709,791,1500,0.1388
699,800,1499,0.1388
710,796,1506,0.1388
699,803,1502,0.1388
699,805,1504,0.1388
692,812,1504,0.1388
681,816,1497,0.1388
680,817,1497,0.1388
685,818,1503,0.1388
685,821,1506,0.1388
687,821,1508,0.1388
688,818,1506,0.1388
705,817,1522,0.1388
709,814,1523,0.1388
708,814,1522,0.1388
699,813,1512,0.1388
695,822,1517,0.1388
692,825,1517,0.1388
699,822,1521,0.1388
691,829,1520,0.1388
686,818,1504,0.1388
689,823,1512,0.1388
684,819,1503,0.1388
677,820,1497,0.1388
672,821,1493,0.1388
665,823,1488,0.1388
674,824,1498,0.1388
676,832,1508,0.1388
677,844,1521,0.1388
676,853,1529,0.1388
675,852,1527,0.1388
666,850,1516,0.1388
660,853,1513,0.1388
651,864,1515,0.1388
654,871,1525,0.1388
651,861,1512,0.1388
650,860,1510,0.1388
650,860,1510,0.1388
646,870,1516,0.1388
638,870,1508,0.1388
627,874,1501,0.1388
632,879,1511,0.1388
635,889,1524,0.1388
627,882,1509,0.1388
617,877,1494,0.1388
611,880,1491,0.1388
611,885,1496,0.1388
615,878,1493,0.1388
612,883,1495,0.1388
614,884,1498,0.1388
614,895,1509,0.1388
602,886,1488,0.1388
597,885,1482,0.1388
609,886,1495,0.1388
612,884,1496,0.1388
625,868,1493,0.1388
618,868,1486,0.1388
612,884,1496,0.1388
605,880,1485,0.1388
612,881,1493,0.1388
611,891,1502,0.1388
607,900,1507,0.1388
607,897,1504,0.1388
602,908,1510,0.1388
592,905,1497,0.1388
591,918,1509,0.1388
586,914,1500,0.1388
590,915,1505,0.1388
593,921,1514,0.1388
586,919,1505,0.1388
582,911,1493,0.1388
591,913,1504,0.1388
586,917,1503,0.1388
591,911,1502,0.1388
583,919,1502,0.1388
588,918,1506,0.1388
590,918,1508,0.1388
590,923,1513,0.1388
587,929,1516,0.1388
580,934,1514,0.1388
573,937,1510,0.1388
576,941,1517,0.1388
574,947,1521,0.1388
574,949,1523,0.1388
578,942,1520,0.1388
580,927,1507,0.1388
572,927,1499,0.1388
579,931,1510,0.1388
574,932,1506,0.1388
569,939,1508,0.1388
572,931,1503,0.1388
568,937,1505,0.1388
559,939,1498,0.1388
552,937,1489,0.1388
553,945,1498,0.1388
554,944,1498,0.1388
551,962,1513,0.1388
546,959,1505,0.1388
552,964,1516,0.1388
554,965,1519,0.1388
557,969,1526,0.1388
553,960,1513,0.1388
549,967,1516,0.1388
548,962,1510,0.1388
551,967,1518,0.1388
554,960,1514,0.1388
558,962,1520,0.1388
556,959,1515,0.1388
545,962,1507,0.1388
541,969,1510,0.1388
545,970,1515,0.1388
539,970,1509,0.1388
542,974,1516,0.1388
544,971,1515,0.1388
544,967,1511,0.1388
546,962,1508,0.1388
544,960,1504,0.1388
535,961,1496,0.1388
539,963,1502,0.1388
540,967,1507,0.1388
535,964,1499,0.1388
527,977,1504,0.1388
525,976,1501,0.1388
523,984,1507,0.1388
525,980,1505,0.1388
524,977,1501,0.1388
515,980,1495,0.1388
517,980,1497,0.1388
522,987,1509,0.1388
520,992,1512,0.1388
521,996,1517,0.1388
517,996,1513,0.1388
518,997,1515,0.1388
515,995,1510,0.1388
507,1010,1517,0.1388
502,1007,1509,0.1388
505,1015,1520,0.1388
500,1014,1514,0.1388
496,1019,1515,0.1388
495,1016,1511,0.1388
498,1015,1513,0.1388
502,1008,1510,0.1388
501,1010,1511,0.1388
503,1006,1509,0.1388
499,1010,1509,0.1388
497,1010,1507,0.1388
498,1010,1508,0.1388
489,1022,1511,0.1388
483,1016,1499,0.1388
470,1023,1493,0.1388
466,1023,1489,0.1388
463,1028,1491,0.1388
466,1030,1496,0.1388
467,1049,1516,0.1388
467,1048,1515,0.1388
466,1041,1507,0.1388
464,1044,1508,0.1388
464,1039,1503,0.1388
462,1051,1513,0.1388
470,1054,1524,0.1388
473,1039,1512,0.1388
469,1035,1504,0.1388
471,1039,1510,0.1388
468,1039,1507,0.1388
470,1032,1502,0.1388
462,1036,1498,0.1388
461,1054,1515,0.1388
469,1054,1523,0.1388
461,1051,1512,0.1388
467,1035,1502,0.1388
465,1045,1510,0.1388
465,1062,1527,0.1388
463,1056,1519,0.1388
458,1059,1517,0.1388
456,1050,1506,0.1388
459,1054,1513,0.1388
460,1065,1525,0.1388
454,1066,1520,0.1388
455,1058,1513,0.1388
452,1074,1526,0.1388
440,1079,1519,0.1388
441,1074,1515,0.1388
439,1074,1513,0.1388
438,1075,1513,0.1388
435,1069,1504,0.1388
428,1067,1495,0.1388
421,1067,1488,0.1388
423,1081,1504,0.1388
423,1088,1511,0.1388
427,1096,1523,0.1388
429,1101,1530,0.1388
424,1104,1528,0.1388
426,1093,1519,0.1388
420,1100,1520,0.1388
423,1096,1519,0.1388
419,1092,1511,0.1388
418,1085,1503,0.1388
419,1086,1505,0.1388
425,1097,1522,0.1388
418,1095,1513,0.1388
418,1092,1510,0.1388
419,1098,1517,0.1388
414,1096,1510,0.1388
412,1103,1515,0.1388
403,1100,1503,0.1388
398,1101,1499,0.1388
392,1107,1499,0.1388
392,1111,1503,0.1388
392,1121,1513,0.1388
391,1123,1514,0.1388
384,1111,1495,0.1388
386,1120,1506,0.1388
388,1109,1497,0.1388
384,1108,1492,0.1388
390,1106,1496,0.1388
388,1101,1489,0.1388
383,1116,1499,0.1388
379,1124,1503,0.1388
379,1121,1500,0.1388
387,1120,1507,0.1388
385,1118,1503,0.1388
387,1129,1516,0.1388
385,1128,1513,0.1388
388,1127,1515,0.1388
390,1132,1522,0.1388
395,1127,1522,0.1388
389,1118,1507,0.1388
385,1123,1508,0.1388
382,1133,1515,0.1388
382,1128,1510,0.1388
375,1130,1505,0.1388
383,1130,1513,0.1388
386,1131,1517,0.1388
389,1139,1528,0.1388
384,1138,1522,0.1388
374,1135,1509,0.1388
373,1130,1503,0.1388
378,1136,1514,0.1388
381,1137,1518,0.1388
382,1129,1511,0.1388
387,1122,1509,0.1388
384,1124,1508,0.1388
385,1123,1508,0.1388
382,1129,1511,0.1388
376,1130,1506,0.1388
377,1141,1518,0.1388
371,1143,1514,0.1388
364,1153,1517,0.1388
363,1160,1523,0.1388
360,1163,1523,0.1388
364,1160,1524,0.1388
368,1160,1528,0.1388
358,1167,1525,0.1388
362,1158,1520,0.1388
363,1157,1520,0.1388
369,1151,1520,0.1388
363,1155,1518,0.1388
366,1146,1512,0.1388
363,1143,1506,0.1388
366,1144,1510,0.1388
367,1153,1520,0.1388
364,1157,1521,0.1388
366,1152,1518,0.1388
367,1157,1524,0.1388
372,1162,1534,0.1388
361,1164,1525,0.1388
357,1165,1522,0.1388
359,1157,1516,0.1388
358,1157,1515,0.1388
359,1161,1520,0.1388
356,1166,1522,0.1388
362,1153,1515,0.1388
354,1148,1502,0.1388
356,1166,1522,0.1388
351,1174,1525,0.1388
347,1167,1514,0.1388
345,1171,1516,0.1388
347,1170,1517,0.1388
347,1162,1509,0.1388
349,1169,1518,0.1388
345,1175,1520,0.1388
350,1158,1508,0.1388
353,1164,1517,0.1388
354,1165,1519,0.1388
356,1160,1516,0.1388
354,1153,1507,0.1388
347,1153,1500,0.1388
354,1155,1509,0.1388
349,1147,1496,0.1388
346,1149,1495,0.1388
349,1154,1503,0.1388
350,1164,1514,0.1388
349,1172,1521,0.1388
348,1165,1513,0.1388
353,1168,1521,0.1388
350,1147,1497,0.1388
349,1150,1499,0.1388
351,1162,1513,0.1388
342,1160,1502,0.1388
346,1160,1506,0.1388
348,1153,1501,0.1388
349,1166,1515,0.1388
346,1169,1515,0.1388
345,1168,1513,0.1388
346,1173,1519,0.1388
339,1173,1512,0.1388
334,1153,1487,0.1388
329,1164,1493,0.1388
325,1158,1483,0.1388
331,1163,1494,0.1388
337,1159,1496,0.1388
335,1156,1491,0.1388
336,1161,1497,0.1388
332,1158,1490,0.1388
333,1159,1492,0.1388
337,1175,1512,0.1388
339,1167,1506,0.1388
343,1170,1513,0.1388
341,1168,1509,0.1388
339,1176,1515,0.1388
343,1181,1524,0.1388
342,1182,1524,0.1388
334,1190,1524,0.1388
330,1190,1520,0.1388
327,1170,1497,0.1388
329,1180,1509,0.1388
334,1173,1507,0.1388
332,1162,1494,0.1388
326,1175,1501,0.1388
328,1179,1507,0.1388
330,1180,1510,0.1388
337,1180,1517,0.1388
343,1175,1518,0.1388
348,1173,1521,0.1388
344,1172,1516,0.1388
342,1174,1516,0.1388
349,1171,1520,0.1388
344,1181,1525,0.1388
339,1187,1526,0.1388
333,1183,1516,0.1388
337,1181,1518,0.1388
336,1188,1524,0.1388
335,1178,1513,0.1388
330,1190,1520,0.1388
332,1184,1516,0.1388
331,1189,1520,0.1388
329,1180,1509,0.1388
329,1179,1508,0.1388
330,1182,1512,0.1388
327,1187,1514,0.1388
328,1188,1516,0.1388
324,1176,1500,0.1388
327,1184,1511,0.1388
331,1182,1513,0.1388
331,1187,1518,0.1388
331,1182,1513,0.1388
323,1184,1507,0.1388
325,1185,1510,0.1388
321,1193,1514,0.1388
319,1174,1493,0.1388
318,1189,1507,0.1388
318,1181,1499,0.1388
326,1182,1508,0.1388
319,1184,1503,0.1388
318,1191,1509,0.1388
313,1192,1505,0.1388
319,1184,1503,0.1388
312,1181,1493,0.1388
323,1196,1519,0.1388
328,1195,1523,0.1388
331,1191,1522,0.1388
333,1188,1521,0.1388
330,1185,1515,0.1388
333,1170,1503,0.1388
338,1163,1501,0.1388
340,1159,1499,0.1388
337,1156,1493,0.1388
337,1163,1500,0.1388
342,1173,1515,0.1388
343,1168,1511,0.1388
345,1169,1514,0.1388
345,1179,1524,0.1388
346,1173,1519,0.1388
345,1162,1507,0.1388
344,1168,1512,0.1388
339,1169,1508,0.1388
347,1167,1514,0.1388
340,1176,1516,0.1388
341,1166,1507,0.1388
345,1170,1515,0.1388
347,1172,1519,0.1388
343,1170,1513,0.1388
337,1166,1503,0.1388
342,1179,1521,0.1388
344,1177,1521,0.1388
343,1163,1506,0.1388
340,1170,1510,0.1388
332,1180,1512,0.1388
328,1192,1520,0.1388
328,1188,1516,0.1388
322,1186,1508,0.1388
327,1186,1513,0.1388
329,1188,1517,0.1388
323,1196,1519,0.1388
319,1194,1513,0.1388
320,1184,1504,0.1388
317,1191,1508,0.1388
319,1195,1514,0.1388
318,1197,1515,0.1388
313,1200,1513,0.1388
308,1197,1505,0.1388
310,1207,1517,0.1388
315,1195,1510,0.1388
313,1203,1516,0.1388
318,1206,1524,0.1388
319,1216,1535,0.1388
319,1212,1531,0.1388
313,1203,1516,0.1388
312,1194,1506,0.1388
312,1198,1510,0.1388
310,1180,1490,0.1388
316,1186,1502,0.1388
315,1190,1505,0.1388
314,1199,1513,0.1388
300,1200,1500,0.1388
300,1203,1503,0.1388
306,1197,1503,0.1388
304,1198,1502,0.1388
306,1200,1506,0.1388
308,1203,1511,0.1388
307,1197,1504,0.1388
302,1196,1498,0.1388
306,1207,1513,0.1388
295,1205,1500,0.1388
290,1208,1498,0.1388
298,1214,1512,0.1388
306,1221,1527,0.1388
307,1220,1527,0.1388
297,1207,1504,0.1388
282,1208,1490,0.1388
287,1223,1510,0.1388
291,1232,1523,0.1388
292,1236,1528,0.1388
290,1230,1520,0.1388
288,1223,1511,0.1388
292,1222,1514,0.1388
292,1212,1504,0.1388
288,1214,1502,0.1388
277,1228,1505,0.1388
285,1220,1505,0.1388
289,1227,1516,0.1388
290,1229,1519,0.1388
288,1231,1519,0.1388
289,1232,1521,0.1388
287,1235,1522,0.1388
281,1231,1512,0.1388
278,1229,1507,0.1388
278,1242,1520,0.1388
275,1240,1515,0.1388
268,1238,1506,0.1388
270,1253,1523,0.1388
269,1238,1507,0.1388
266,1232,1498,0.1388
257,1243,1500,0.1388
249,1251,1500,0.1388
246,1255,1501,0.1388
254,1249,1503,0.1388
252,1262,1514,0.1388
246,1260,1506,0.1388
240,1262,1502,0.1388
240,1266,1506,0.1388
244,1285,1529,0.1388
241,1287,1528,0.1388
241,1296,1537,0.1388
242,1291,1533,0.1388
244,1288,1532,0.1388
244,1288,1532,0.1388
240,1279,1519,0.1388
235,1278,1513,0.1388
238,1285,1523,0.1388
237,1284,1521,0.1388
232,1290,1522,0.1388
231,1288,1519,0.1388
232,1281,1513,0.1388
223,1282,1505,0.1388
218,1303,1521,0.1388
220,1298,1518,0.1388
215,1306,1521,0.1388
214,1310,1524,0.1388
215,1305,1520,0.1388
214,1304,1518,0.1388
209,1307,1516,0.1388
210,1299,1509,0.1388
212,1300,1512,0.1388
216,1304,1520,0.1388
211,1298,1509,0.1388
209,1308,1517,0.1388
206,1308,1514,0.1388
206,1305,1511,0.1388
207,1319,1526,0.1388
207,1315,1522,0.1388
207,1302,1509,0.1388
202,1316,1518,0.1388
199,1314,1513,0.1388
198,1320,1518,0.1388
199,1317,1516,0.1388
192,1322,1514,0.1388
190,1315,1505,0.1388
183,1329,1512,0.1388
183,1324,1507,0.1388
175,1317,1492,0.1388
174,1326,1500,0.1388
175,1324,1499,0.1388
182,1338,1520,0.1388
185,1337,1522,0.1388
184,1335,1519,0.1388
185,1331,1516,0.1388
189,1330,1519,0.1388
193,1327,1520,0.1388
193,1320,1513,0.1388
192,1317,1509,0.1388
190,1330,1520,0.1388
185,1330,1515,0.1388
187,1332,1519,0.1388
186,1324,1510,0.1388
187,1331,1518,0.1388
192,1334,1526,0.1388
196,1327,1523,0.1388
185,1329,1514,0.1388
189,1336,1525,0.1388
190,1328,1518,0.1388
193,1333,1526,0.1388
192,1330,1522,0.1388
191,1317,1508,0.1388
190,1317,1507,0.1388
195,1313,1508,0.1388
192,1310,1502,0.1388
191,1318,1509,0.1388
188,1311,1499,0.1388
192,1309,1501,0.1388
192,1320,1512,0.1388
191,1315,1506,0.1388
189,1323,1512,0.1388
188,1308,1496,0.1388
194,1315,1509,0.1388
195,1316,1511,0.1388
198,1324,1522,0.1388
195,1317,1512,0.1388
199,1309,1508,0.1388
190,1318,1508,0.1388
194,1317,1511,0.1388
193,1318,1511,0.1388
193,1325,1518,0.1388
191,1323,1514,0.1388
195,1327,1522,0.1388
195,1329,1524,0.1388
193,1322,1515,0.1388
189,1319,1508,0.1388
189,1311,1500,0.1388
193,1318,1511,0.1388
192,1299,1491,0.1388
196,1297,1493,0.1388
197,1320,1517,0.1388
195,1326,1521,0.1388
190,1328,1518,0.1388
186,1318,1504,0.1388
190,1308,1498,0.1388
192,1314,1506,0.1388
189,1327,1516,0.1388
191,1330,1521,0.1388
190,1325,1515,0.1388
192,1330,1522,0.1388
192,1339,1531,0.1388
192,1338,1530,0.1388
192,1346,1538,0.1388
187,1354,1541,0.1388
183,1341,1524,0.1388
182,1336,1518,0.1388
175,1334,1509,0.1388
179,1329,1508,0.1388
175,1329,1504,0.1388
176,1344,1520,0.1388
178,1337,1515,0.1388
179,1336,1515,0.1388
175,1337,1512,0.1388
174,1341,1515,0.1388
175,1338,1513,0.1388
174,1344,1518,0.1388
174,1333,1507,0.1388
172,1331,1503,0.1388
171,1322,1493,0.1388
167,1329,1496,0.1388
168,1331,1499,0.1388
168,1341,1509,0.1388
167,1348,1515,0.1388
172,1348,1520,0.1388
165,1345,1510,0.1388
163,1343,1506,0.1388
169,1344,1513,0.1388
168,1353,1521,0.1388
173,1348,1521,0.1388
174,1348,1522,0.1388
174,1351,1525,0.1388
173,1355,1528,0.1388
171,1357,1528,0.1388
171,1353,1524,0.1388
173,1348,1521,0.1388
170,1341,1511,0.1388
167,1343,1510,0.1388
167,1348,1515,0.1388
167,1343,1510,0.1388
166,1337,1503,0.1388
167,1337,1504,0.1388
170,1344,1514,0.1388
170,1349,1519,0.1388
171,1352,1523,0.1388
169,1353,1522,0.1388
171,1347,1518,0.1388
173,1341,1514,0.1388
175,1335,1510,0.1388
171,1338,1509,0.1388
168,1357,1525,0.1388
167,1343,1510,0.1388
163,1343,1506,0.1388
165,1350,1515,0.1388
165,1355,1520,0.1388
166,1354,1520,0.1388
160,1360,1520,0.1388
159,1359,1518,0.1388
159,1354,1513,0.1388
156,1361,1517,0.1388
156,1344,1500,0.1388
156,1342,1498,0.1388
156,1337,1493,0.1388
155,1349,1504,0.1388
154,1362,1516,0.1388
150,1362,1512,0.1388
151,1352,1503,0.1388
151,1351,1502,0.1388
152,1362,1514,0.1388
153,1371,1524,0.1388
157,1358,1515,0.1388
154,1345,1499,0.1388
149,1346,1495,0.1388
154,1349,1503,0.1388
150,1361,1511,0.1388
148,1370,1518,0.1388
147,1367,1514,0.1388
147,1364,1511,0.1388
146,1360,1506,0.1388
143,1367,1510,0.1388
145,1370,1515,0.1388
146,1358,1504,0.1388
145,1338,1483,0.1388
147,1351,1498,0.1388
147,1360,1507,0.1388
151,1369,1520,0.1388
146,1365,1511,0.1388
141,1369,1510,0.1388
141,1372,1513,0.1388
141,1367,1508,0.1388
141,1364,1505,0.1388
139,1377,1516,0.1388
139,1371,1510,0.1388
147,1372,1519,0.1388
138,1382,1520,0.1388
142,1379,1521,0.1388
141,1386,1527,0.1388
146,1377,1523,0.1388
145,1383,1528,0.1388
146,1377,1523,0.1388
146,1364,1510,0.1388
146,1374,1520,0.1388
146,1360,1506,0.1388
146,1356,1502,0.1388
145,1365,1510,0.1388
145,1368,1513,0.1388
145,1383,1528,0.1388
144,1382,1526,0.1388
143,1363,1506,0.1388
140,1357,1497,0.1388
137,1366,1503,0.1388
139,1380,1519,0.1388
141,1378,1519,0.1388
139,1368,1507,0.1388
136,1372,1508,0.1388
134,1373,1507,0.1388
135,1382,1517,0.1388
132,1376,1508,0.1388
132,1384,1516,0.1388
132,1369,1501,0.1388
131,1368,1499,0.1388
132,1371,1503,0.1388
133,1377,1510,0.1388
139,1388,1527,0.1388
140,1384,1524,0.1388
142,1387,1529,0.1388
143,1384,1527,0.1388
140,1382,1522,0.1388
135,1388,1523,0.1388
138,1385,1523,0.1388
142,1394,1536,0.1388
138,1385,1523,0.1388
137,1376,1513,0.1388
136,1386,1522,0.1388
134,1374,1508,0.1388
132,1369,1501,0.1388
138,1374,1512,0.1388
135,1386,1521,0.1388
133,1393,1526,0.1388
136,1389,1525,0.1388
135,1377,1512,0.1388
131,1384,1515,0.1388
128,1387,1515,0.1388
130,1380,1510,0.1388
132,1382,1514,0.1388
130,1381,1511,0.1388
131,1375,1506,0.1388
130,1384,1514,0.1388
127,1378,1505,0.1388
127,1385,1512,0.1388
127,1376,1503,0.1388
130,1384,1514,0.1388
131,1372,1503,0.1388
130,1378,1508,0.1388
130,1381,1511,0.1388
131,1381,1512,0.1388
124,1378,1502,0.1388
127,1405,1532,0.1388
122,1396,1518,0.1388
123,1387,1510,0.1388
124,1390,1514,0.1388
122,1392,1514,0.1388
117,1383,1500,0.1388
116,1393,1509,0.1388
116,1395,1511,0.1388
116,1397,1513,0.1388
113,1391,1504,0.1388
113,1402,1515,0.1388
113,1406,1519,0.1388
113,1408,1521,0.1388
114,1416,1530,0.1388
111,1400,1511,0.1388
110,1403,1513,0.1388
113,1397,1510,0.1388
111,1411,1522,0.1388
112,1405,1517,0.1388
113,1416,1529,0.1388
110,1414,1524,0.1388
111,1412,1523,0.1388
111,1420,1531,0.1388
109,1416,1525,0.1388
110,1421,1531,0.1388
109,1422,1531,0.1388
107,1412,1519,0.1388
106,1401,1507,0.1388
105,1398,1503,0.1388
105,1404,1509,0.1388
103,1412,1515,0.1388
101,1410,1511,0.1388
99,1424,1523,0.1388
100,1418,1518,0.1388
101,1408,1509,0.1388
97,1409,1506,0.1388
96,1425,1521,0.1388
101,1418,1519,0.1388
102,1421,1523,0.1388
103,1432,1535,0.1388
99,1428,1527,0.1388
98,1428,1526,0.1388
101,1426,1527,0.1388
101,1433,1534,0.1388
99,1418,1517,0.1388
100,1413,1513,0.1388
98,1409,1507,0.1388
97,1417,1514,0.1388
98,1428,1526,0.1388
99,1428,1527,0.1388
100,1413,1513,0.1388
99,1410,1509,0.1388
96,1418,1514,0.1388
97,1429,1526,0.1388
93,1431,1524,0.1388
94,1420,1514,0.1388
94,1431,1525,0.1388
97,1423,1520,0.1388
96,1422,1518,0.1388
98,1429,1527,0.1388
99,1413,1512,0.1388
98,1419,1517,0.1388
97,1432,1529,0.1388
95,1427,1522,0.1388
95,1420,1515,0.1388
96,1421,1517,0.1388
94,1426,1520,0.1388
94,1426,1520,0.1388
94,1419,1513,0.1388
94,1424,1518,0.1388
94,1430,1524,0.1388
96,1430,1526,0.1388
96,1427,1523,0.1388
98,1425,1523,0.1388
96,1425,1521,0.1388
93,1403,1496,0.1388
93,1421,1514,0.1388
93,1430,1523,0.1388
91,1432,1523,0.1388
90,1422,1512,0.1388
89,1425,1514,0.1388
86,1416,1502,0.1388
87,1421,1508,0.1388
85,1427,1512,0.1388
87,1437,1524,0.1388
84,1438,1522,0.1388
87,1444,1531,0.1388
87,1443,1530,0.1388
85,1443,1528,0.1388
87,1438,1525,0.1388
89,1425,1514,0.1388
87,1431,1518,0.1388
86,1427,1513,0.1388
86,1429,1515,0.1388
86,1427,1513,0.1388
86,1427,1513,0.1388
86,1430,1516,0.1388
87,1435,1522,0.1388
85,1430,1515,0.1388
82,1440,1522,0.1388
80,1441,1521,0.1388
83,1435,1518,0.1388
85,1432,1517,0.1388
80,1428,1508,0.1388
80,1429,1509,0.1388
78,1426,1504,0.1388
76,1434,1510,0.1388
75,1443,1518,0.1388
77,1442,1519,0.1388
76,1448,1524,0.1388
75,1434,1509,0.1388
75,1438,1513,0.1388
79,1437,1516,0.1388
81,1431,1512,0.1388
79,1427,1506,0.1388
75,1423,1498,0.1388
82,1425,1507,0.1388
82,1440,1522,0.1388
81,1432,1513,0.1388
80,1440,1520,0.1388
80,1445,1525,0.1388
78,1447,1525,0.1388
80,1435,1515,0.1388
79,1428,1507,0.1388
77,1426,1503,0.1388
78,1433,1511,0.1388
76,1440,1516,0.1388
76,1439,1515,0.1388
75,1435,1510,0.1388
78,1445,1523,0.1388
75,1456,1531,0.1388
71,1454,1525,0.1388
72,1448,1520,0.1388
71,1435,1506,0.1388
71,1440,1511,0.1388
71,1430,1501,0.1388
71,1435,1506,0.1388
70,1416,1486,0.1388
76,1426,1502,0.1388
78,1436,1514,0.1388
73,1423,1496,0.1388
72,1422,1494,0.1388
73,1428,1501,0.1388
74,1451,1525,0.1388
71,1448,1519,0.1388
69,1443,1512,0.1388
71,1453,1524,0.1388
70,1449,1519,0.1388
68,1460,1528,0.1388
68,1462,1530,0.1388
68,1448,1516,0.1388
66,1452,1518,0.1388
65,1451,1516,0.1388
66,1448,1514,0.1388
64,1458,1522,0.1388
63,1453,1516,0.1388
56,1444,1500,0.1388
58,1451,1509,0.1388
60,1447,1507,0.1388
65,1441,1506,0.1388
66,1445,1511,0.1388
66,1434,1500,0.1388
67,1444,1511,0.1388
71,1434,1505,0.1388
66,1442,1508,0.1388
64,1460,1524,0.1388
67,1443,1510,0.1388
67,1459,1526,0.1388
68,1452,1520,0.1388
69,1442,1511,0.1388
71,1451,1522,0.1388
68,1454,1522,0.1388
68,1452,1520,0.1388
67,1447,1514,0.1388
67,1449,1516,0.1388
67,1457,1524,0.1388
66,1446,1512,0.1388
65,1444,1509,0.1388
65,1437,1502,0.1388
65,1431,1496,0.1388
66,1449,1515,0.1388
67,1461,1528,0.1388
67,1453,1520,0.1388
65,1461,1526,0.1388
62,1453,1515,0.1388
61,1450,1511,0.1388
58,1451,1509,0.1388
55,1452,1507,0.1388
59,1451,1510,0.1388
59,1459,1518,0.1388
58,1447,1505,0.1388
54,1441,1495,0.1388
55,1445,1500,0.1388
55,1461,1516,0.1388
59,1471,1530,0.1388
63,1470,1533,0.1388
62,1467,1529,0.1388
61,1466,1527,0.1388
59,1459,1518,0.1388
60,1464,1524,0.1388
60,1470,1530,0.1388
58,1463,1521,0.1388
59,1466,1525,0.1388
60,1469,1529,0.1388
61,1457,1518,0.1388
61,1469,1530,0.1388
62,1468,1530,0.1388
59,1464,1523,0.1388
58,1468,1526,0.1388
58,1453,1511,0.1388
57,1448,1505,0.1388
57,1455,1512,0.1388
57,1457,1514,0.1388
58,1459,1517,0.1388
57,1454,1511,0.1388
57,1466,1523,0.1388
56,1462,1518,0.1388
55,1452,1507,0.1388
56,1459,1515,0.1388
59,1458,1517,0.1388
59,1454,1513,0.1388
58,1455,1513,0.1388
59,1463,1522,0.1388
56,1465,1521,0.1388
60,1457,1517,0.1388
59,1459,1518,0.1388
61,1460,1521,0.1388
61,1464,1525,0.1388
59,1463,1522,0.1388
57,1470,1527,0.1388
58,1454,1512,0.1388
58,1446,1504,0.1388
57,1451,1508,0.1388
57,1452,1509,0.1388
56,1440,1496,0.1388
53,1454,1507,0.1388
52,1464,1516,0.1388
54,1466,1520,0.1388
54,1472,1526,0.1388
54,1465,1519,0.1388
56,1455,1511,0.1388
59,1452,1511,0.1388
60,1458,1518,0.1388
60,1447,1507,0.1388
56,1450,1506,0.1388
57,1441,1498,0.1388
58,1450,1508,0.1388
58,1471,1529,0.1388
60,1468,1528,0.1388
61,1472,1533,0.1388
63,1458,1521,0.1388
61,1455,1516,0.1388
63,1453,1516,0.1388
63,1434,1497,0.1388
63,1438,1501,0.1388
64,1428,1492,0.1388
66,1433,1499,0.1388
65,1460,1525,0.1388
64,1454,1518,0.1388
59,1459,1518,0.1388
61,1459,1520,0.1388
61,1474,1535,0.1388
62,1468,1530,0.1388
64,1457,1521,0.1388
65,1449,1514,0.1388
64,1447,1511,0.1388
63,1454,1517,0.1388
64,1462,1526,0.1388
62,1462,1524,0.1388
63,1451,1514,0.1388
60,1440,1500,0.1388
63,1455,1518,0.1388
65,1461,1526,0.1388
61,1457,1518,0.1388
62,1456,1518,0.1388
63,1464,1527,0.1388
66,1453,1519,0.1388
65,1452,1517,0.1388
62,1467,1529,0.1388
62,1459,1521,0.1388
64,1465,1529,0.1388
64,1455,1519,0.1388
65,1450,1515,0.1388
63,1464,1527,0.1388
63,1456,1519,0.1388
68,1465,1533,0.1388
66,1451,1517,0.1388
65,1450,1515,0.1388
63,1460,1523,0.1388
63,1448,1511,0.1388
61,1459,1520,0.1388
63,1463,1526,0.1388
62,1466,1528,0.1388
61,1464,1525,0.1388
61,1456,1517,0.1388
59,1452,1511,0.1388
59,1450,1509,0.1388
59,1450,1509,0.1388
63,1451,1514,0.1388
63,1440,1503,0.1388
62,1434,1496,0.1388
57,1444,1501,0.1388
59,1459,1518,0.1388
62,1457,1519,0.1388
61,1458,1519,0.1388
60,1453,1513,0.1388
58,1456,1514,0.1388
59,1450,1509,0.1388
60,1453,1513,0.1388
62,1455,1517,0.1388
62,1441,1503,0.1388
62,1434,1496,0.1388
61,1442,1503,0.1388
61,1428,1489,0.1388
63,1430,1493,0.1388
62,1447,1509,0.1388
62,1445,1507,0.1388
67,1448,1515,0.1388
65,1442,1507,0.1388
67,1456,1523,0.1388
70,1445,1515,0.1388
70,1456,1526,0.1388
70,1467,1537,0.1388
72,1460,1532,0.1388
69,1461,1530,0.1388
67,1453,1520,0.1388
66,1469,1535,0.1388
66,1463,1529,0.1388
65,1467,1532,0.1388
68,1463,1531,0.1388
69,1460,1529,0.1388
67,1453,1520,0.1388
65,1453,1518,0.1388
64,1447,1511,0.1388
66,1446,1512,0.1388
65,1448,1513,0.1388
65,1450,1515,0.1388
66,1453,1519,0.1388
66,1457,1523,0.1388
67,1454,1521,0.1388
69,1444,1513,0.1388
69,1449,1518,0.1388
67,1461,1528,0.1388
69,1451,1520,0.1388
68,1439,1507,0.1388
68,1451,1519,0.1388
68,1457,1525,0.1388
68,1456,1524,0.1388
70,1460,1530,0.1388
71,1450,1521,0.1388
73,1449,1522,0.1388
74,1454,1528,0.1388
75,1456,1531,0.1388
73,1459,1532,0.1388
73,1442,1515,0.1388
70,1445,1515,0.1388
71,1443,1514,0.1388
70,1446,1516,0.1388
68,1447,1515,0.1388
67,1441,1508,0.1388
72,1441,1513,0.1388
71,1448,1519,0.1388
71,1450,1521,0.1388
70,1438,1508,0.1388
70,1439,1509,0.1388
71,1436,1507,0.1388
72,1432,1504,0.1388
76,1429,1505,0.1388
73,1439,1512,0.1388
73,1451,1524,0.1388
71,1454,1525,0.1388
71,1446,1517,0.1388
70,1453,1523,0.1388
69,1446,1515,0.1388
70,1441,1511,0.1388
72,1442,1514,0.1388
72,1438,1510,0.1388
74,1441,1515,0.1388
72,1450,1522,0.1388
73,1452,1525,0.1388
74,1448,1522,0.1388
73,1440,1513,0.1388
74,1425,1499,0.1388
73,1439,1512,0.1388
75,1431,1506,0.1388
72,1430,1502,0.1388
71,1434,1505,0.1388
69,1437,1506,0.1388
67,1440,1507,0.1388
67,1430,1497,0.1388
68,1429,1497,0.1388
64,1450,1514,0.1388
66,1452,1518,0.1388
68,1455,1523,0.1388
68,1454,1522,0.1388
68,1442,1510,0.1388
67,1445,1512,0.1388
69,1439,1508,0.1388
70,1427,1497,0.1388
71,1429,1500,0.1388
70,1439,1509,0.1388
70,1436,1506,0.1388
70,1447,1517,0.1388
71,1444,1515,0.1388
72,1443,1515,0.1388
76,1444,1520,0.1388
77,1447,1524,0.1388
77,1445,1522,0.1388
77,1446,1523,0.1388
75,1448,1523,0.1388
76,1447,1523,0.1388
76,1447,1523,0.1388
73,1441,1514,0.1388
70,1446,1516,0.1388
70,1449,1519,0.1388
72,1433,1505,0.1388
72,1443,1515,0.1388
70,1436,1506,0.1388
68,1444,1512,0.1388
66,1456,1522,0.1388
69,1451,1520,0.1388
64,1448,1512,0.1388
64,1458,1522,0.1388
67,1456,1523,0.1388
68,1454,1522,0.1388
67,1459,1526,0.1388
69,1438,1507,0.1388
72,1442,1514,0.1388
71,1437,1508,0.1388
72,1443,1515,0.1388
69,1439,1508,0.1388
69,1436,1505,0.1388
71,1441,1512,0.1388
71,1439,1510,0.1388
73,1435,1508,0.1388
72,1447,1519,0.1388
73,1456,1529,0.1388
71,1450,1521,0.1388
71,1446,1517,0.1388
66,1447,1513,0.1388
69,1435,1504,0.1388
68,1445,1513,0.1388
67,1451,1518,0.1388
68,1468,1536,0.1388
67,1463,1530,0.1388
69,1459,1528,0.1388
70,1446,1516,0.1388
70,1447,1517,0.1388
67,1442,1509,0.1388
67,1446,1513,0.1388
67,1439,1506,0.1388
66,1436,1502,0.1388
67,1450,1517,0.1388
67,1448,1515,0.1388
68,1457,1525,0.1388
69,1456,1525,0.1388
66,1453,1519,0.1388
63,1444,1507,0.1388
62,1437,1499,0.1388
65,1446,1511,0.1388
66,1435,1501,0.1388
66,1434,1500,0.1388
64,1426,1490,0.1388
65,1430,1495,0.1388
65,1429,1494,0.1388
63,1430,1493,0.1388
64,1448,1512,0.1388
64,1432,1496,0.1388
64,1443,1507,0.1388
67,1443,1510,0.1388
66,1436,1502,0.1388
66,1437,1503,0.1388
66,1441,1507,0.1388
67,1444,1511,0.1388
67,1454,1521,0.1388
67,1453,1520,0.1388
67,1443,1510,0.1388
67,1441,1508,0.1388
65,1439,1504,0.1388
65,1441,1506,0.1388
66,1444,1510,0.1388
68,1446,1514,0.1388
67,1439,1506,0.1388
67,1451,1518,0.1388
63,1459,1522,0.1388
60,1476,1536,0.1388
62,1474,1536,0.1388
63,1453,1516,0.1388
64,1451,1515,0.1388
64,1441,1505,0.1388
61,1450,1511,0.1388
61,1446,1507,0.1388
62,1453,1515,0.1388
60,1457,1517,0.1388
61,1455,1516,0.1388
63,1461,1524,0.1388
61,1462,1523,0.1388
62,1480,1542,0.1388
62,1475,1537,0.1388
62,1468,1530,0.1388
61,1466,1527,0.1388
61,1468,1529,0.1388
63,1464,1527,0.1388
64,1449,1513,0.1388
64,1443,1507,0.1388
64,1451,1515,0.1388
65,1453,1518,0.1388
62,1452,1514,0.1388
62,1455,1517,0.1388
57,1447,1504,0.1388
57,1451,1508,0.1388
60,1464,1524,0.1388
63,1452,1515,0.1388
62,1456,1518,0.1388
59,1459,1518,0.1388
60,1463,1523,0.1388
61,1453,1514,0.1388
59,1464,1523,0.1388
62,1453,1515,0.1388
64,1449,1513,0.1388
65,1440,1505,0.1388
66,1442,1508,0.1388
69,1440,1509,0.1388
68,1435,1503,0.1388
67,1445,1512,0.1388
69,1440,1509,0.1388
69,1451,1520,0.1388
67,1450,1517,0.1388
67,1449,1516,0.1388
68,1457,1525,0.1388
65,1465,1530,0.1388
65,1457,1522,0.1388
64,1462,1526,0.1388
62,1460,1522,0.1388
63,1458,1521,0.1388
62,1464,1526,0.1388
59,1448,1507,0.1388
57,1452,1509,0.1388
54,1466,1520,0.1388
54,1459,1513,0.1388
54,1463,1517,0.1388
56,1458,1514,0.1388
57,1459,1516,0.1388
58,1459,1517,0.1388
54,1460,1514,0.1388
54,1456,1510,0.1388
56,1447,1503,0.1388
57,1454,1511,0.1388
58,1466,1524,0.1388
60,1460,1520,0.1388
61,1446,1507,0.1388
61,1454,1515,0.1388
59,1454,1513,0.1388
60,1460,1520,0.1388
60,1467,1527,0.1388
59,1476,1535,0.1388
60,1468,1528,0.1388
61,1456,1517,0.1388
61,1454,1515,0.1388
58,1459,1517,0.1388
56,1468,1524,0.1388
57,1462,1519,0.1388
57,1461,1518,0.1388
58,1461,1519,0.1388
56,1457,1513,0.1388
56,1472,1528,0.1388
54,1459,1513,0.1388
54,1451,1505,0.1388
53,1455,1508,0.1388
54,1473,1527,0.1388
57,1470,1527,0.1388
57,1464,1521,0.1388
58,1470,1528,0.1388
58,1481,1539,0.1388
58,1469,1527,0.1388
58,1463,1521,0.1388
55,1452,1507,0.1388
54,1450,1504,0.1388
54,1449,1503,0.1388
53,1455,1508,0.1388
52,1450,1502,0.1388
54,1461,1515,0.1388
55,1460,1515,0.1388
49,1460,1509,0.1388
50,1460,1510,0.1388
50,1467,1517,0.1388
50,1469,1519,0.1388
52,1474,1526,0.1388
53,1469,1522,0.1388
54,1457,1511,0.1388
54,1463,1517,0.1388
54,1462,1516,0.1388
54,1462,1516,0.1388
53,1472,1525,0.1388
53,1469,1522,0.1388
54,1473,1527,0.1388
56,1458,1514,0.1388
57,1461,1518,0.1388
54,1455,1509,0.1388
52,1449,1501,0.1388
52,1461,1513,0.1388
52,1459,1511,0.1388
52,1463,1515,0.1388
50,1465,1515,0.1388
49,1458,1507,0.1388
49,1461,1510,0.1388
49,1465,1514,0.1388
48,1478,1526,0.1388
46,1484,1530,0.1388
47,1476,1523,0.1388
46,1473,1519,0.1388
43,1475,1518,0.1388
42,1484,1526,0.1388
43,1490,1533,0.1388
44,1481,1525,0.1388
42,1488,1530,0.1388
40,1475,1515,0.1388
37,1482,1519,0.1388
37,1478,1515,0.1388
39,1467,1506,0.1388
41,1470,1511,0.1388
43,1464,1507,0.1388
43,1469,1512,0.1388
43,1460,1503,0.1388
43,1473,1516,0.1388
45,1473,1518,0.1388
42,1479,1521,0.1388
44,1479,1523,0.1388
44,1482,1526,0.1388
41,1465,1506,0.1388
40,1481,1521,0.1388
41,1478,1519,0.1388
40,1475,1515,0.1388
38,1481,1519,0.1388
39,1482,1521,0.1388
37,1486,1523,0.1388
37,1500,1537,0.1388
37,1491,1528,0.1388
38,1472,1510,0.1388
39,1483,1522,0.1388
39,1482,1521,0.1388
38,1492,1530,0.1388
38,1475,1513,0.1388
38,1476,1514,0.1388
38,1473,1511,0.1388
36,1480,1516,0.1388
36,1487,1523,0.1388
37,1498,1535,0.1388
35,1483,1518,0.1388
34,1474,1508,0.1388
37,1472,1509,0.1388
36,1479,1515,0.1388
36,1471,1507,0.1388
36,1469,1505,0.1388
37,1486,1523,0.1388
37,1485,1522,0.1388
38,1472,1510,0.1388
37,1466,1503,0.1388
39,1462,1501,0.1388
39,1476,1515,0.1388
36,1477,1513,0.1388
35,1474,1509,0.1388
34,1452,1486,0.1388
34,1455,1489,0.1388
32,1452,1484,0.1388
33,1476,1509,0.1388
33,1467,1500,0.1388
35,1471,1506,0.1388
35,1469,1504,0.1388
36,1491,1527,0.1388
37,1491,1528,0.1388
36,1481,1517,0.1388
35,1462,1497,0.1388
36,1464,1500,0.1388
34,1486,1520,0.1388
34,1482,1516,0.1388
33,1484,1517,0.1388
31,1490,1521,0.1388
31,1482,1513,0.1388
34,1475,1509,0.1388
34,1461,1495,0.1388
35,1480,1515,0.1388
35,1479,1514,0.1388
35,1480,1515,0.1388
34,1479,1513,0.1388
35,1475,1510,0.1388
36,1474,1510,0.1388
35,1479,1514,0.1388
36,1490,1526,0.1388
37,1480,1517,0.1388
36,1468,1504,0.1388
35,1462,1497,0.1388
36,1479,1515,0.1388
38,1487,1525,0.1388
38,1469,1507,0.1388
38,1466,1504,0.1388
37,1474,1511,0.1388
37,1483,1520,0.1388
36,1463,1499,0.1388
36,1472,1508,0.1388
34,1470,1504,0.1388
35,1471,1506,0.1388
37,1477,1514,0.1388
38,1480,1518,0.1388
37,1489,1526,0.1388
38,1487,1525,0.1388
37,1480,1517,0.1388
36,1474,1510,0.1388
36,1463,1499,0.1388
36,1468,1504,0.1388
36,1466,1502,0.1388
35,1478,1513,0.1388
32,1477,1509,0.1388
32,1482,1514,0.1388
32,1482,1514,0.1388
31,1493,1524,0.1388
30,1490,1520,0.1388
30,1500,1530,0.1388
30,1501,1531,0.1388
29,1496,1525,0.1388
28,1506,1534,0.1388
27,1503,1530,0.1388
27,1494,1521,0.1388
24,1488,1512,0.1388
24,1475,1499,0.1388
25,1492,1517,0.1388
24,1489,1513,0.1388
23,1487,1510,0.1388
23,1486,1509,0.1388
23,1498,1521,0.1388
23,1500,1523,0.1388
23,1512,1535,0.1388
24,1499,1523,0.1388
25,1497,1522,0.1388
24,1499,1523,0.1388
24,1491,1515,0.1388
23,1485,1508,0.1388
22,1495,1517,0.1388
22,1489,1511,0.1388
23,1494,1517,0.1388
22,1494,1516,0.1388
22,1516,1538,0.1388
23,1503,1526,0.1388
23,1500,1523,0.1388
23,1497,1520,0.1388
23,1506,1529,0.1388
24,1503,1527,0.1388
24,1506,1530,0.1388
23,1514,1537,0.1388
24,1492,1516,0.1388
24,1476,1500,0.1388
24,1485,1509,0.1388
24,1497,1521,0.1388
23,1505,1528,0.1388
23,1507,1530,0.1388
22,1495,1517,0.1388
22,1500,1522,0.1388
22,1499,1521,0.1388
21,1491,1512,0.1388
21,1506,1527,0.1388
23,1509,1532,0.1388
23,1514,1537,0.1388
24,1487,1511,0.1388
24,1491,1515,0.1388
24,1506,1530,0.1388
23,1505,1528,0.1388
22,1508,1530,0.1388
23,1503,1526,0.1388
23,1512,1535,0.1388
22,1498,1520,0.1388
22,1498,1520,0.1388
22,1499,1521,0.1388
24,1497,1521,0.1388
24,1492,1516,0.1388
25,1499,1524,0.1388
25,1495,1520,0.1388
26,1482,1508,0.1388
25,1499,1524,0.1388
26,1503,1529,0.1388
26,1479,1505,0.1388
26,1477,1503,0.1388
24,1498,1522,0.1388
23,1500,1523,0.1388
23,1489,1512,0.1388
22,1495,1517,0.1388
22,1495,1517,0.1388
21,1497,1518,0.1388
20,1490,1510,0.1388
19,1489,1508,0.1388
19,1490,1509,0.1388
19,1496,1515,0.1388
20,1495,1515,0.1388
21,1488,1509,0.1388
21,1477,1498,0.1388
19,1477,1496,0.1388
18,1491,1509,0.1388
21,1495,1516,0.1388
23,1491,1514,0.1388
22,1492,1514,0.1388
21,1491,1512,0.1388
21,1502,1523,0.1388
21,1502,1523,0.1388
22,1488,1510,0.1388
23,1507,1530,0.1388
24,1502,1526,0.1388
24,1487,1511,0.1388
25,1491,1516,0.1388
24,1498,1522,0.1388
24,1494,1518,0.1388
23,1498,1521,0.1388
22,1500,1522,0.1388
22,1492,1514,0.1388
22,1494,1516,0.1388
22,1493,1515,0.1388
22,1492,1514,0.1388
22,1502,1524,0.1388
22,1487,1509,0.1388
20,1505,1525,0.1388
20,1505,1525,0.1388
23,1488,1511,0.1388
23,1485,1508,0.1388
20,1481,1501,0.1388
20,1504,1524,0.1388
19,1488,1507,0.1388
18,1489,1507,0.1388
18,1486,1504,0.1388
20,1502,1522,0.1388
20,1498,1518,0.1388
19,1509,1528,0.1388
19,1505,1524,0.1388
20,1513,1533,0.1388
22,1502,1524,0.1388
20,1497,1517,0.1388
19,1496,1515,0.1388
18,1495,1513,0.1388
19,1479,1498,0.1388
20,1476,1496,0.1388
19,1482,1501,0.1388
19,1488,1507,0.1388
19,1495,1514,0.1388
19,1496,1515,0.1388
16,1491,1507,0.1388
16,1510,1526,0.1388
15,1509,1524,0.1388
15,1494,1509,0.1388
15,1489,1504,0.1388
13,1481,1494,0.1388
14,1488,1502,0.1388
13,1481,1494,0.1388
14,1488,1502,0.1388
14,1475,1489,0.1388
14,1491,1505,0.1388
15,1494,1509,0.1388
15,1476,1491,0.1388
15,1479,1494,0.1388
15,1496,1511,0.1388
15,1489,1504,0.1388
15,1502,1517,0.1388
15,1496,1511,0.1388
14,1500,1514,0.1388
14,1512,1526,0.1388
14,1515,1529,0.1388
14,1503,1517,0.1388
14,1493,1507,0.1388
14,1497,1511,0.1388
15,1504,1519,0.1388
15,1500,1515,0.1388
15,1497,1512,0.1388
15,1500,1515,0.1388
13,1492,1505,0.1388
13,1495,1508,0.1388
13,1492,1505,0.1388
13,1498,1511,0.1388
12,1505,1517,0.1388
12,1500,1512,0.1388
12,1500,1512,0.1388
12,1500,1512,0.1388
13,1499,1512,0.1388
13,1495,1508,0.1388
13,1506,1519,0.1388
13,1508,1521,0.1388
13,1487,1500,0.1388
13,1497,1510,0.1388
13,1503,1516,0.1388
13,1499,1512,0.1388
12,1511,1523,0.1388
13,1490,1503,0.1388
14,1488,1502,0.1388
15,1490,1505,0.1388
14,1492,1506,0.1388
12,1486,1498,0.1388
12,1495,1507,0.1388
12,1500,1512,0.1388
11,1505,1516,0.1388
11,1510,1521,0.1388
11,1516,1527,0.1388
11,1516,1527,0.1388
10,1525,1535,0.1388
11,1513,1524,0.1388
11,1515,1526,0.1388
11,1499,1510,0.1388
11,1506,1517,0.1388
10,1501,1511,0.1388
10,1507,1517,0.1388
10,1497,1507,0.1388
9,1507,1516,0.1388
9,1506,1515,0.1388
10,1509,1519,0.1388
10,1509,1519,0.1388
10,1505,1515,0.1388
10,1509,1519,0.1388
9,1503,1512,0.1388
9,1491,1500,0.1388
10,1504,1514,0.1388
9,1492,1501,0.1388
9,1481,1490,0.1388
9,1472,1481,0.1388
11,1484,1495,0.1388
12,1499,1511,0.1388
12,1503,1515,0.1388
12,1493,1505,0.1388
13,1486,1499,0.1388
13,1494,1507,0.1388
12,1498,1510,0.1388
12,1503,1515,0.1388
11,1495,1506,0.1388
11,1506,1517,0.1388
10,1503,1513,0.1388
9,1505,1514,0.1388
9,1495,1504,0.1388
9,1504,1513,0.1388
9,1502,1511,0.1388
10,1486,1496,0.1388
9,1496,1505,0.1388
9,1512,1521,0.1388
8,1505,1513,0.1388
8,1513,1521,0.1388
8,1520,1528,0.1388
8,1512,1520,0.1388
8,1512,1520,0.1388
8,1506,1514,0.1388
8,1505,1513,0.1388
7,1515,1522,0.1388
7,1516,1523,0.1388
8,1538,1546,0.1388
9,1530,1539,0.1388
10,1517,1527,0.1388
12,1508,1520,0.1388
13,1513,1526,0.1388
13,1505,1518,0.1388
13,1511,1524,0.1388
13,1506,1519,0.1388
13,1515,1528,0.1388
13,1505,1518,0.1388
13,1494,1507,0.1388
13,1504,1517,0.1388
12,1492,1504,0.1388
13,1492,1505,0.1388
13,1500,1513,0.1388
13,1509,1522,0.1388
11,1490,1501,0.1388
11,1486,1497,0.1388
12,1490,1502,0.1388
12,1493,1505,0.1388
12,1493,1505,0.1388
12,1489,1501,0.1388
13,1499,1512,0.1388
13,1493,1506,0.1388
13,1487,1500,0.1388
13,1494,1507,0.1388
13,1492,1505,0.1388
13,1495,1508,0.1388
13,1489,1502,0.1388
12,1490,1502,0.1388
11,1507,1518,0.1388
10,1504,1514,0.1388
10,1496,1506,0.1388
10,1517,1527,0.1388
10,1501,1511,0.1388
10,1509,1519,0.1388
10,1511,1521,0.1388
10,1520,1530,0.1388
9,1514,1523,0.1388
8,1511,1519,0.1388
8,1511,1519,0.1388
8,1513,1521,0.1388
8,1518,1526,0.1388
8,1521,1529,0.1388
9,1514,1523,0.1388
8,1505,1513,0.1388
8,1502,1510,0.1388
8,1503,1511,0.1388
7,1493,1500,0.1388
6,1496,1502,0.1388
6,1504,1510,0.1388
6,1498,1504,0.1388
6,1505,1511,0.1388
6,1516,1522,0.1388
6,1503,1509,0.1388
6,1506,1512,0.1388
6,1497,1503,0.1388
5,1512,1517,0.1388
5,1512,1517,0.1388
5,1525,1530,0.1388
5,1517,1522,0.1388
5,1526,1531,0.1388
5,1509,1514,0.1388
5,1504,1509,0.1388
5,1501,1506,0.1388
6,1510,1516,0.1388
6,1502,1508,0.1388
6,1497,1503,0.1388
5,1510,1515,0.1388
5,1511,1516,0.1388
5,1517,1522,0.1388
5,1506,1511,0.1388
4,1496,1500,0.1388
4,1504,1508,0.1388
4,1511,1515,0.1388
6,1501,1507,0.1388
6,1493,1499,0.1388
5,1480,1485,0.1388
6,1484,1490,0.1388
6,1497,1503,0.1388
6,1508,1514,0.1388
6,1508,1514,0.1388
6,1493,1499,0.1388
6,1495,1501,0.1388
6,1500,1506,0.1388
6,1508,1514,0.1388
6,1512,1518,0.1388
6,1514,1520,0.1388
7,1526,1533,0.1388
7,1505,1512,0.1388
7,1517,1524,0.1388
7,1510,1517,0.1388
7,1500,1507,0.1388
7,1486,1493,0.1388
6,1504,1510,0.1388
6,1505,1511,0.1388
6,1513,1519,0.1388
6,1524,1530,0.1388
6,1515,1521,0.1388
6,1521,1527,0.1388
6,1515,1521,0.1388
6,1527,1533,0.1388
6,1505,1511,0.1388
6,1499,1505,0.1388
6,1514,1520,0.1388
6,1520,1526,0.1388
5,1518,1523,0.1388
5,1528,1533,0.1388
4,1520,1524,0.1388
3,1520,1523,0.1388
3,1516,1519,0.1388
3,1503,1506,0.1388
3,1510,1513,0.1388
2,1514,1516,0.1388
2,1509,1511,0.1388
2,1518,1520,0.1388
2,1513,1515,0.1388
2,1517,1519,0.1388
2,1514,1516,0.1388
3,1505,1508,0.1388
3,1497,1500,0.1388
3,1510,1513,0.1388
3,1512,1515,0.1388
3,1516,1519,0.1388
3,1529,1532,0.1388
3,1523,1526,0.1388
3,1526,1529,0.1388
3,1516,1519,0.1388
3,1536,1539,0.1388
3,1530,1533,0.1388
3,1530,1533,0.1388
3,1531,1534,0.1388
3,1521,1524,0.1388
3,1524,1527,0.1388
3,1528,1531,0.1388
2,1525,1527,0.1388
2,1527,1529,0.1388
2,1513,1515,0.1388
2,1519,1521,0.1388
2,1518,1520,0.1388
2,1521,1523,0.1388
2,1505,1507,0.1388
2,1517,1519,0.1388
2,1523,1525,0.1388
2,1525,1527,0.1388
2,1519,1521,0.1388
2,1527,1529,0.1388
2,1526,1528,0.1388
2,1523,1525,0.1388
2,1524,1526,0.1388
1,1519,1520,0.1388
1,1520,1521,0.1388
1,1527,1528,0.1388
1,1525,1526,0.1388
1,1522,1523,0.1388
1,1519,1520,0.1388
1,1504,1505,0.1388
1,1503,1504,0.1388
1,1505,1506,0.1388
1,1513,1514,0.1388
1,1514,1515,0.1388
1,1511,1512,0.1388
0,1500,1500,0.1388
