1357,27,1384,0.1388
1391,28,1419,0.1388
1408,29,1437,0.1388
1437,30,1467,0.1388
1437,32,1469,0.1388
1438,31,1469,0.1388
1432,32,1464,0.1388
1437,32,1469,0.1388
1451,31,1482,0.1388
1438,29,1467,0.1388
1446,29,1475,0.1388
1460,31,1491,0.1388
1445,31,1476,0.1388
1463,32,1495,0.1388
1458,31,1489,0.1388
1454,34,1488,0.1388
1453,35,1488,0.1388
1470,34,1504,0.1388
1463,35,1498,0.1388
1456,36,1492,0.1388
1453,34,1487,0.1388
1448,34,1482,0.1388
1456,34,1490,0.1388
1466,34,1500,0.1388
1463,34,1497,0.1388
1463,33,1496,0.1388
1456,34,1490,0.1388
1466,36,1502,0.1388
1476,37,1513,0.1388
1470,37,1507,0.1388
1481,38,1519,0.1388
1466,36,1502,0.1388
1470,36,1506,0.1388
1468,36,1504,0.1388
1464,37,1501,0.1388
1464,36,1500,0.1388
1466,36,1502,0.1388
1467,36,1503,0.1388
1468,34,1502,0.1388
1452,35,1487,0.1388
1452,35,1487,0.1388
1452,35,1487,0.1388
1452,35,1487,0.1388
1467,34,1501,0.1388
1459,33,1492,0.1388
1463,32,1495,0.1388
1462,31,1493,0.1388
1466,34,1500,0.1388
1463,33,1496,0.1388
1456,31,1487,0.1388
1440,32,1472,0.1388
1439,34,1473,0.1388
1442,34,1476,0.1388
1436,37,1473,0.1388
1450,36,1486,0.1388
1438,35,1473,0.1388
1453,35,1488,0.1388
1460,35,1495,0.1388
1461,36,1497,0.1388
1456,37,1493,0.1388
1461,37,1498,0.1388
1461,36,1497,0.1388
1459,35,1494,0.1388
1454,35,1489,0.1388
1456,34,1490,0.1388
1450,34,1484,0.1388
1447,34,1481,0.1388
1465,32,1497,0.1388
1454,32,1486,0.1388
1452,34,1486,0.1388
1455,33,1488,0.1388
1461,32,1493,0.1388
1461,34,1495,0.1388
1454,34,1488,0.1388
1462,35,1497,0.1388
1454,35,1489,0.1388
1458,35,1493,0.1388
1463,37,1500,0.1388
1465,36,1501,0.1388
1467,36,1503,0.1388
1469,34,1503,0.1388
1463,34,1497,0.1388
1449,36,1485,0.1388
1454,36,1490,0.1388
1446,37,1483,0.1388
1443,38,1481,0.1388
1452,39,1491,0.1388
1449,40,1489,0.1388
1457,43,1500,0.1388
1468,42,1510,0.1388
1453,39,1492,0.1388
1439,38,1477,0.1388
1441,41,1482,0.1388
1454,41,1495,0.1388
1460,40,1500,0.1388
1454,38,1492,0.1388
1458,38,1496,0.1388
1448,39,1487,0.1388
1453,41,1494,0.1388
1453,44,1497,0.1388
1457,44,1501,0.1388
1465,44,1509,0.1388
1459,46,1505,0.1388
1449,45,1494,0.1388
1437,46,1483,0.1388
1439,45,1484,0.1388
1434,44,1478,0.1388
1432,48,1480,0.1388
1438,49,1487,0.1388
1434,49,1483,0.1388
1436,50,1486,0.1388
1424,49,1473,0.1388
1422,49,1471,0.1388
1444,52,1496,0.1388
1438,52,1490,0.1388
1426,52,1478,0.1388
1439,55,1494,0.1388
1432,54,1486,0.1388
1428,55,1483,0.1388
1428,57,1485,0.1388
1430,59,1489,0.1388
1425,58,1483,0.1388
1431,58,1489,0.1388
1429,57,1486,0.1388
1437,56,1493,0.1388
1437,55,1492,0.1388
1433,57,1490,0.1388
1432,58,1490,0.1388
1425,56,1481,0.1388
1429,58,1487,0.1388
1439,60,1499,0.1388
1435,61,1496,0.1388
1443,60,1503,0.1388
1449,59,1508,0.1388
1441,58,1499,0.1388
1424,60,1484,0.1388
1424,59,1483,0.1388
1413,58,1471,0.1388
1427,59,1486,0.1388
1423,62,1485,0.1388
1427,66,1493,0.1388
1424,64,1488,0.1388
1432,63,1495,0.1388
1429,61,1490,0.1388
1436,63,1499,0.1388
1420,64,1484,0.1388
1430,63,1493,0.1388
1435,64,1499,0.1388
1435,63,1498,0.1388
1434,61,1495,0.1388
1419,63,1482,0.1388
1417,60,1477,0.1388
1425,61,1486,0.1388
1437,59,1496,0.1388
1434,60,1494,0.1388
1429,65,1494,0.1388
1436,62,1498,0.1388
1438,61,1499,0.1388
1430,58,1488,0.1388
1411,60,1471,0.1388
1433,65,1498,0.1388
1434,66,1500,0.1388
1429,67,1496,0.1388
1427,67,1494,0.1388
1431,67,1498,0.1388
1434,65,1499,0.1388
1416,70,1486,0.1388
1427,67,1494,0.1388
1442,65,1507,0.1388
1428,65,1493,0.1388
1418,70,1488,0.1388
1420,67,1487,0.1388
1416,67,1483,0.1388
1423,65,1488,0.1388
1422,68,1490,0.1388
1427,69,1496,0.1388
1428,70,1498,0.1388
1425,74,1499,0.1388
1418,77,1495,0.1388
1412,76,1488,0.1388
1410,78,1488,0.1388
1406,77,1483,0.1388
1415,80,1495,0.1388
1414,79,1493,0.1388
1423,79,1502,0.1388
1419,78,1497,0.1388
1406,79,1485,0.1388
1392,78,1470,0.1388
1393,79,1472,0.1388
1392,78,1470,0.1388
1391,78,1469,0.1388
1399,78,1477,0.1388
1413,78,1491,0.1388
1411,76,1487,0.1388
1405,76,1481,0.1388
1414,76,1490,0.1388
1411,77,1488,0.1388
1412,76,1488,0.1388
1405,74,1479,0.1388
1404,75,1479,0.1388
1411,74,1485,0.1388
1419,72,1491,0.1388
1417,71,1488,0.1388
1413,73,1486,0.1388
1400,75,1475,0.1388
1423,73,1496,0.1388
1430,75,1505,0.1388
1417,77,1494,0.1388
1419,79,1498,0.1388
1426,79,1505,0.1388
1412,77,1489,0.1388
1403,81,1484,0.1388
1411,80,1491,0.1388
1404,84,1488,0.1388
1405,84,1489,0.1388
1394,86,1480,0.1388
1407,86,1493,0.1388
1408,86,1494,0.1388
1401,86,1487,0.1388
1413,90,1503,0.1388
1398,89,1487,0.1388
1396,89,1485,0.1388
1396,91,1487,0.1388
1407,92,1499,0.1388
1405,92,1497,0.1388
1413,94,1507,0.1388
1405,95,1500,0.1388
1404,92,1496,0.1388
1409,93,1502,0.1388
1398,95,1493,0.1388
1393,96,1489,0.1388
1383,98,1481,0.1388
1390,100,1490,0.1388
1407,95,1502,0.1388
1399,97,1496,0.1388
1402,95,1497,0.1388
1392,95,1487,0.1388
1396,94,1490,0.1388
1386,90,1476,0.1388
1392,93,1485,0.1388
1390,95,1485,0.1388
1402,94,1496,0.1388
1419,90,1509,0.1388
1423,95,1518,0.1388
1416,95,1511,0.1388
1426,93,1519,0.1388
1417,93,1510,0.1388
1424,93,1517,0.1388
1421,91,1512,0.1388
1421,95,1516,0.1388
1412,92,1504,0.1388
1413,91,1504,0.1388
1411,91,1502,0.1388
1406,91,1497,0.1388
1406,92,1498,0.1388
1399,94,1493,0.1388
1403,96,1499,0.1388
1395,100,1495,0.1388
1393,96,1489,0.1388
1409,94,1503,0.1388
1404,95,1499,0.1388
1389,97,1486,0.1388
1385,96,1481,0.1388
1396,95,1491,0.1388
1397,95,1492,0.1388
1393,97,1490,0.1388
1400,94,1494,0.1388
1400,97,1497,0.1388
1389,96,1485,0.1388
1389,100,1489,0.1388
1388,99,1487,0.1388
1412,98,1510,0.1388
1400,95,1495,0.1388
1404,95,1499,0.1388
1413,98,1511,0.1388
1421,93,1514,0.1388
1419,91,1510,0.1388
1405,95,1500,0.1388
1396,96,1492,0.1388
1396,95,1491,0.1388
1397,95,1492,0.1388
1390,93,1483,0.1388
1381,90,1471,0.1388
1379,86,1465,0.1388
1392,87,1479,0.1388
1392,87,1479,0.1388
1389,89,1478,0.1388
1389,93,1482,0.1388
1386,95,1481,0.1388
1380,94,1474,0.1388
1381,98,1479,0.1388
1383,99,1482,0.1388
1387,96,1483,0.1388
1400,92,1492,0.1388
1398,95,1493,0.1388
1404,96,1500,0.1388
1403,97,1500,0.1388
1399,96,1495,0.1388
1397,95,1492,0.1388
1404,97,1501,0.1388
1394,99,1493,0.1388
1392,100,1492,0.1388
1391,101,1492,0.1388
1387,102,1489,0.1388
1387,105,1492,0.1388
1392,106,1498,0.1388
1404,104,1508,0.1388
1390,104,1494,0.1388
1392,104,1496,0.1388
1390,98,1488,0.1388
1381,99,1480,0.1388
1375,104,1479,0.1388
1372,106,1478,0.1388
1382,108,1490,0.1388
1384,108,1492,0.1388
1387,104,1491,0.1388
1392,108,1500,0.1388
1376,109,1485,0.1388
1382,111,1493,0.1388
1389,110,1499,0.1388
1396,110,1506,0.1388
1392,111,1503,0.1388
1380,114,1494,0.1388
1366,112,1478,0.1388
1365,110,1475,0.1388
1378,111,1489,0.1388
1375,114,1489,0.1388
1382,112,1494,0.1388
1373,115,1488,0.1388
1370,116,1486,0.1388
1377,115,1492,0.1388
1380,114,1494,0.1388
1387,114,1501,0.1388
1380,119,1499,0.1388
1371,116,1487,0.1388
1369,120,1489,0.1388
1363,120,1483,0.1388
1367,115,1482,0.1388
1370,119,1489,0.1388
1374,126,1500,0.1388
1376,126,1502,0.1388
1369,126,1495,0.1388
1360,117,1477,0.1388
1361,120,1481,0.1388
1366,126,1492,0.1388
1370,128,1498,0.1388
1359,128,1487,0.1388
1353,126,1479,0.1388
1368,129,1497,0.1388
1356,129,1485,0.1388
1371,131,1502,0.1388
1362,128,1490,0.1388
1360,126,1486,0.1388
1356,128,1484,0.1388
1362,126,1488,0.1388
1356,130,1486,0.1388
1357,127,1484,0.1388
1366,126,1492,0.1388
1372,132,1504,0.1388
1376,133,1509,0.1388
1361,132,1493,0.1388
1371,131,1502,0.1388
1371,132,1503,0.1388
1380,128,1508,0.1388
1386,129,1515,0.1388
1379,135,1514,0.1388
1364,132,1496,0.1388
1350,130,1480,0.1388
1357,130,1487,0.1388
1366,128,1494,0.1388
1377,129,1506,0.1388
1365,132,1497,0.1388
1376,130,1506,0.1388
1366,126,1492,0.1388
1377,127,1504,0.1388
1371,127,1498,0.1388
1368,125,1493,0.1388
1372,124,1496,0.1388
1374,128,1502,0.1388
1356,131,1487,0.1388
1358,129,1487,0.1388
1373,127,1500,0.1388
1361,129,1490,0.1388
1360,128,1488,0.1388
1369,124,1493,0.1388
1369,126,1495,0.1388
1368,126,1494,0.1388
1355,128,1483,0.1388
1352,132,1484,0.1388
1367,130,1497,0.1388
1376,131,1507,0.1388
1372,132,1504,0.1388
1368,129,1497,0.1388
1366,130,1496,0.1388
1372,132,1504,0.1388
1369,131,1500,0.1388
1372,132,1504,0.1388
1368,131,1499,0.1388
1361,129,1490,0.1388
1354,133,1487,0.1388
1356,132,1488,0.1388
1354,130,1484,0.1388
1347,131,1478,0.1388
1341,130,1471,0.1388
1363,132,1495,0.1388
1373,130,1503,0.1388
1363,131,1494,0.1388
1364,129,1493,0.1388
1351,130,1481,0.1388
1368,130,1498,0.1388
1367,131,1498,0.1388
1364,129,1493,0.1388
1358,131,1489,0.1388
1350,135,1485,0.1388
1341,135,1476,0.1388
1352,134,1486,0.1388
1353,138,1491,0.1388
1359,137,1496,0.1388
1345,139,1484,0.1388
1336,142,1478,0.1388
1338,143,1481,0.1388
1339,148,1487,0.1388
1356,145,1501,0.1388
1342,145,1487,0.1388
1351,143,1494,0.1388
1339,145,1484,0.1388
1346,147,1493,0.1388
1333,146,1479,0.1388
1347,146,1493,0.1388
1334,147,1481,0.1388
1339,150,1489,0.1388
1340,149,1489,0.1388
1337,146,1483,0.1388
1337,148,1485,0.1388
1341,153,1494,0.1388
1349,158,1507,0.1388
1342,156,1498,0.1388
1344,154,1498,0.1388
1345,153,1498,0.1388
1348,154,1502,0.1388
1357,150,1507,0.1388
1342,153,1495,0.1388
1332,154,1486,0.1388
1326,154,1480,0.1388
1337,156,1493,0.1388
1335,152,1487,0.1388
1338,157,1495,0.1388
1334,160,1494,0.1388
1328,165,1493,0.1388
1325,160,1485,0.1388
1329,159,1488,0.1388
1323,163,1486,0.1388
1321,162,1483,0.1388
1323,162,1485,0.1388
1320,164,1484,0.1388
1321,164,1485,0.1388
1325,164,1489,0.1388
1320,164,1484,0.1388
1310,165,1475,0.1388
1310,170,1480,0.1388
1316,168,1484,0.1388
1325,165,1490,0.1388
1325,171,1496,0.1388
1325,172,1497,0.1388
1317,175,1492,0.1388
1324,178,1502,0.1388
1322,178,1500,0.1388
1307,177,1484,0.1388
1329,173,1502,0.1388
1337,171,1508,0.1388
1337,174,1511,0.1388
1323,178,1501,0.1388
1325,181,1506,0.1388
1332,181,1513,0.1388
1319,183,1502,0.1388
1323,187,1510,0.1388
1318,189,1507,0.1388
1310,188,1498,0.1388
1302,188,1490,0.1388
1308,191,1499,0.1388
1321,191,1512,0.1388
1324,189,1513,0.1388
1320,193,1513,0.1388
1317,191,1508,0.1388
1319,193,1512,0.1388
1306,199,1505,0.1388
1302,198,1500,0.1388
1302,200,1502,0.1388
1308,204,1512,0.1388
1300,200,1500,0.1388
1293,200,1493,0.1388
1289,202,1491,0.1388
1288,202,1490,0.1388
1282,204,1486,0.1388
1283,203,1486,0.1388
1291,201,1492,0.1388
1285,201,1486,0.1388
1303,196,1499,0.1388
1306,194,1500,0.1388
1292,198,1490,0.1388
1284,199,1483,0.1388
1296,203,1499,0.1388
1301,202,1503,0.1388
1301,195,1496,0.1388
1299,193,1492,0.1388
1308,198,1506,0.1388
1300,198,1498,0.1388
1300,196,1496,0.1388
1291,193,1484,0.1388
1298,190,1488,0.1388
1292,188,1480,0.1388
1304,187,1491,0.1388
1305,188,1493,0.1388
1298,197,1495,0.1388
1290,191,1481,0.1388
1287,195,1482,0.1388
1291,195,1486,0.1388
1291,196,1487,0.1388
1299,199,1498,0.1388
1295,199,1494,0.1388
1309,199,1508,0.1388
1305,200,1505,0.1388
1303,202,1505,0.1388
1298,200,1498,0.1388
1293,193,1486,0.1388
1295,194,1489,0.1388
1304,197,1501,0.1388
1305,195,1500,0.1388
1297,198,1495,0.1388
1295,199,1494,0.1388
1297,197,1494,0.1388
1301,195,1496,0.1388
1303,196,1499,0.1388
1307,192,1499,0.1388
1308,199,1507,0.1388
1300,206,1506,0.1388
1294,204,1498,0.1388
1308,206,1514,0.1388
1312,206,1518,0.1388
1296,207,1503,0.1388
1302,207,1509,0.1388
1299,208,1507,0.1388
1294,212,1506,0.1388
1304,209,1513,0.1388
1296,209,1505,0.1388
1300,210,1510,0.1388
1283,215,1498,0.1388
1285,223,1508,0.1388
1285,223,1508,0.1388
1269,227,1496,0.1388
1269,226,1495,0.1388
1263,226,1489,0.1388
1263,228,1491,0.1388
1258,229,1487,0.1388
1259,230,1489,0.1388
1257,234,1491,0.1388
1263,235,1498,0.1388
1265,237,1502,0.1388
1265,241,1506,0.1388
1260,239,1499,0.1388
1268,237,1505,0.1388
1258,238,1496,0.1388
1253,240,1493,0.1388
1256,239,1495,0.1388
1261,242,1503,0.1388
1263,238,1501,0.1388
1262,235,1497,0.1388
1277,232,1509,0.1388
1268,231,1499,0.1388
1278,233,1511,0.1388
1276,230,1506,0.1388
1276,229,1505,0.1388
1277,228,1505,0.1388
1266,227,1493,0.1388
1266,232,1498,0.1388
1269,233,1502,0.1388
1248,234,1482,0.1388
1256,234,1490,0.1388
1257,234,1491,0.1388
1252,235,1487,0.1388
1264,236,1500,0.1388
1260,235,1495,0.1388
1260,237,1497,0.1388
1252,236,1488,0.1388
1260,241,1501,0.1388
1263,231,1494,0.1388
1258,238,1496,0.1388
1260,236,1496,0.1388
1269,237,1506,0.1388
1259,234,1493,0.1388
1257,237,1494,0.1388
1274,244,1518,0.1388
1259,238,1497,0.1388
1251,240,1491,0.1388
1249,235,1484,0.1388
1245,240,1485,0.1388
1247,240,1487,0.1388
1256,246,1502,0.1388
1250,244,1494,0.1388
1254,240,1494,0.1388
1259,240,1499,0.1388
1241,247,1488,0.1388
1245,251,1496,0.1388
1243,248,1491,0.1388
1250,248,1498,0.1388
1249,245,1494,0.1388
1249,244,1493,0.1388
1257,247,1504,0.1388
1252,243,1495,0.1388
1248,246,1494,0.1388
1248,250,1498,0.1388
1250,252,1502,0.1388
1260,255,1515,0.1388
1256,256,1512,0.1388
1244,257,1501,0.1388
1248,256,1504,0.1388
1255,254,1509,0.1388
1259,253,1512,0.1388
1246,256,1502,0.1388
1238,256,1494,0.1388
1237,256,1493,0.1388
1241,259,1500,0.1388
1239,256,1495,0.1388
1233,257,1490,0.1388
1224,262,1486,0.1388
1216,262,1478,0.1388
1218,259,1477,0.1388
1219,256,1475,0.1388
1227,255,1482,0.1388
1232,254,1486,0.1388
1224,251,1475,0.1388
1212,254,1466,0.1388
1217,258,1475,0.1388
1223,261,1484,0.1388
1235,262,1497,0.1388
1230,258,1488,0.1388
1249,262,1511,0.1388
1239,269,1508,0.1388
1241,270,1511,0.1388
1234,269,1503,0.1388
1234,269,1503,0.1388
1218,269,1487,0.1388
1204,274,1478,0.1388
1222,278,1500,0.1388
1219,269,1488,0.1388
1225,275,1500,0.1388
1230,274,1504,0.1388
1233,272,1505,0.1388
1236,279,1515,0.1388
1221,278,1499,0.1388
1223,279,1502,0.1388
1217,277,1494,0.1388
1215,276,1491,0.1388
1192,268,1460,0.1388
1212,268,1480,0.1388
1207,275,1482,0.1388
1221,283,1504,0.1388
1203,283,1486,0.1388
1203,282,1485,0.1388
1204,285,1489,0.1388
1207,285,1492,0.1388
1213,293,1506,0.1388
1208,294,1502,0.1388
1202,294,1496,0.1388
1205,289,1494,0.1388
1214,286,1500,0.1388
1211,290,1501,0.1388
1208,293,1501,0.1388
1202,294,1496,0.1388
1203,295,1498,0.1388
1208,299,1507,0.1388
1200,302,1502,0.1388
1195,299,1494,0.1388
1192,306,1498,0.1388
1196,303,1499,0.1388
1189,304,1493,0.1388
1191,303,1494,0.1388
1190,307,1497,0.1388
1198,316,1514,0.1388
1185,316,1501,0.1388
1185,320,1505,0.1388
1184,318,1502,0.1388
1173,316,1489,0.1388
1173,320,1493,0.1388
1177,319,1496,0.1388
1176,319,1495,0.1388
1178,322,1500,0.1388
1167,316,1483,0.1388
1170,319,1489,0.1388
1184,317,1501,0.1388
1194,321,1515,0.1388
1175,322,1497,0.1388
1169,316,1485,0.1388
1188,320,1508,0.1388
1198,317,1515,0.1388
1193,314,1507,0.1388
1176,311,1487,0.1388
1173,316,1489,0.1388
1173,320,1493,0.1388
1172,322,1494,0.1388
1181,323,1504,0.1388
1174,319,1493,0.1388
1176,324,1500,0.1388
1162,326,1488,0.1388
1163,330,1493,0.1388
1168,337,1505,0.1388
1164,335,1499,0.1388
1165,340,1505,0.1388
1158,347,1505,0.1388
1156,344,1500,0.1388
1159,350,1509,0.1388
1157,340,1497,0.1388
1150,348,1498,0.1388
1141,349,1490,0.1388
1143,348,1491,0.1388
1162,351,1513,0.1388
1159,350,1509,0.1388
1144,348,1492,0.1388
1149,346,1495,0.1388
1154,346,1500,0.1388
1151,340,1491,0.1388
1157,336,1493,0.1388
1169,339,1508,0.1388
1168,342,1510,0.1388
1169,345,1514,0.1388
1172,344,1516,0.1388
1172,349,1521,0.1388
1168,348,1516,0.1388
1154,337,1491,0.1388
1153,335,1488,0.1388
1136,337,1473,0.1388
1134,337,1471,0.1388
1137,340,1477,0.1388
1127,349,1476,0.1388
1135,356,1491,0.1388
1146,359,1505,0.1388
1143,360,1503,0.1388
1144,355,1499,0.1388
1131,363,1494,0.1388
1126,366,1492,0.1388
1123,363,1486,0.1388
1129,363,1492,0.1388
1121,369,1490,0.1388
1122,382,1504,0.1388
1141,386,1527,0.1388
1135,382,1517,0.1388
1126,383,1509,0.1388
1128,381,1509,0.1388
1128,384,1512,0.1388
1118,386,1504,0.1388
1113,389,1502,0.1388
1109,382,1491,0.1388
1114,383,1497,0.1388
1116,390,1506,0.1388
1110,387,1497,0.1388
1124,390,1514,0.1388
1122,387,1509,0.1388
1121,382,1503,0.1388
1112,388,1500,0.1388
1124,386,1510,0.1388
1117,388,1505,0.1388
1114,387,1501,0.1388
1107,396,1503,0.1388
1107,395,1502,0.1388
1099,399,1498,0.1388
1098,401,1499,0.1388
1104,405,1509,0.1388
1109,396,1505,0.1388
1106,391,1497,0.1388
1096,396,1492,0.1388
1091,402,1493,0.1388
1100,404,1504,0.1388
1103,409,1512,0.1388
1109,414,1523,0.1388
1095,414,1509,0.1388
1087,418,1505,0.1388
1074,418,1492,0.1388
1075,424,1499,0.1388
1081,422,1503,0.1388
1081,431,1512,0.1388
1068,436,1504,0.1388
1078,433,1511,0.1388
1068,433,1501,0.1388
1073,434,1507,0.1388
1068,434,1502,0.1388
1074,432,1506,0.1388
1068,426,1494,0.1388
1064,430,1494,0.1388
1055,434,1489,0.1388
1056,434,1490,0.1388
1063,445,1508,0.1388
1061,438,1499,0.1388
1058,441,1499,0.1388
1066,440,1506,0.1388
1062,441,1503,0.1388
1060,446,1506,0.1388
1065,442,1507,0.1388
1065,443,1508,0.1388
1061,446,1507,0.1388
1055,455,1510,0.1388
1055,455,1510,0.1388
1058,453,1511,0.1388
1058,450,1508,0.1388
1051,445,1496,0.1388
1045,445,1490,0.1388
1064,446,1510,0.1388
1059,440,1499,0.1388
1052,439,1491,0.1388
1060,439,1499,0.1388
1074,434,1508,0.1388
1061,441,1502,0.1388
1067,442,1509,0.1388
1058,440,1498,0.1388
1058,435,1493,0.1388
1047,439,1486,0.1388
1049,434,1483,0.1388
1042,439,1481,0.1388
1054,443,1497,0.1388
1051,438,1489,0.1388
1048,439,1487,0.1388
1050,442,1492,0.1388
1040,442,1482,0.1388
1050,440,1490,0.1388
1056,450,1506,0.1388
1063,452,1515,0.1388
1059,443,1502,0.1388
1067,444,1511,0.1388
1068,443,1511,0.1388
1061,444,1505,0.1388
1043,450,1493,0.1388
1048,447,1495,0.1388
1047,448,1495,0.1388
1053,453,1506,0.1388
1053,456,1509,0.1388
1038,456,1494,0.1388
1044,457,1501,0.1388
1040,459,1499,0.1388
1035,459,1494,0.1388
1022,462,1484,0.1388
1028,460,1488,0.1388
1027,455,1482,0.1388
1031,453,1484,0.1388
1023,464,1487,0.1388
1021,467,1488,0.1388
1038,466,1504,0.1388
1030,464,1494,0.1388
1026,465,1491,0.1388
1026,454,1480,0.1388
1025,459,1484,0.1388
1029,461,1490,0.1388
1023,462,1485,0.1388
1020,465,1485,0.1388
1014,472,1486,0.1388
1022,478,1500,0.1388
1024,473,1497,0.1388
1016,483,1499,0.1388
1016,488,1504,0.1388
1002,478,1480,0.1388
1013,480,1493,0.1388
1022,487,1509,0.1388
1018,494,1512,0.1388
1011,490,1501,0.1388
1003,489,1492,0.1388
1000,487,1487,0.1388
1003,484,1487,0.1388
1008,490,1498,0.1388
1005,489,1494,0.1388
1013,484,1497,0.1388
1013,482,1495,0.1388
1015,476,1491,0.1388
1023,472,1495,0.1388
1017,484,1501,0.1388
1012,487,1499,0.1388
1008,486,1494,0.1388
1006,484,1490,0.1388
1008,488,1496,0.1388
1006,486,1492,0.1388
1020,487,1507,0.1388
1011,482,1493,0.1388
1012,494,1506,0.1388
1012,493,1505,0.1388
1022,498,1520,0.1388
1017,499,1516,0.1388
1014,501,1515,0.1388
1003,496,1499,0.1388
1001,506,1507,0.1388
999,505,1504,0.1388
1003,508,1511,0.1388
1003,510,1513,0.1388
987,511,1498,0.1388
985,503,1488,0.1388
989,507,1496,0.1388
979,501,1480,0.1388
990,508,1498,0.1388
1005,508,1513,0.1388
1001,506,1507,0.1388
999,510,1509,0.1388
997,509,1506,0.1388
992,516,1508,0.1388
985,512,1497,0.1388
986,509,1495,0.1388
999,507,1506,0.1388
991,516,1507,0.1388
988,519,1507,0.1388
978,531,1509,0.1388
982,522,1504,0.1388
987,522,1509,0.1388
980,521,1501,0.1388
983,522,1505,0.1388
992,523,1515,0.1388
988,535,1523,0.1388
986,530,1516,0.1388
981,528,1509,0.1388
982,526,1508,0.1388
983,518,1501,0.1388
987,524,1511,0.1388
981,526,1507,0.1388
991,528,1519,0.1388
983,523,1506,0.1388
990,530,1520,0.1388
974,533,1507,0.1388
978,533,1511,0.1388
960,531,1491,0.1388
966,537,1503,0.1388
952,537,1489,0.1388
955,547,1502,0.1388
948,547,1495,0.1388
946,545,1491,0.1388
943,550,1493,0.1388
945,543,1488,0.1388
933,544,1477,0.1388
926,551,1477,0.1388
931,558,1489,0.1388
930,553,1483,0.1388
934,558,1492,0.1388
948,562,1510,0.1388
936,562,1498,0.1388
949,558,1507,0.1388
952,563,1515,0.1388
948,573,1521,0.1388
941,574,1515,0.1388
943,575,1518,0.1388
937,581,1518,0.1388
926,582,1508,0.1388
922,583,1505,0.1388
930,585,1515,0.1388
934,579,1513,0.1388
931,581,1512,0.1388
932,577,1509,0.1388
925,586,1511,0.1388
928,583,1511,0.1388
917,571,1488,0.1388
919,578,1497,0.1388
909,584,1493,0.1388
916,590,1506,0.1388
907,585,1492,0.1388
909,592,1501,0.1388
910,591,1501,0.1388
905,589,1494,0.1388
921,595,1516,0.1388
911,599,1510,0.1388
900,602,1502,0.1388
897,605,1502,0.1388
900,604,1504,0.1388
903,606,1509,0.1388
905,607,1512,0.1388
917,599,1516,0.1388
920,604,1524,0.1388
910,601,1511,0.1388
913,595,1508,0.1388
897,595,1492,0.1388
900,598,1498,0.1388
896,604,1500,0.1388
900,609,1509,0.1388
895,600,1495,0.1388
903,603,1506,0.1388
906,594,1500,0.1388
911,603,1514,0.1388
909,603,1512,0.1388
901,607,1508,0.1388
891,607,1498,0.1388
886,611,1497,0.1388
892,608,1500,0.1388
897,603,1500,0.1388
903,602,1505,0.1388
894,609,1503,0.1388
889,606,1495,0.1388
882,593,1475,0.1388
888,598,1486,0.1388
882,607,1489,0.1388
882,607,1489,0.1388
883,608,1491,0.1388
886,612,1498,0.1388
883,617,1500,0.1388
888,617,1505,0.1388
889,623,1512,0.1388
897,621,1518,0.1388
901,612,1513,0.1388
897,615,1512,0.1388
899,622,1521,0.1388
888,625,1513,0.1388
878,623,1501,0.1388
884,628,1512,0.1388
895,634,1529,0.1388
893,638,1531,0.1388
888,636,1524,0.1388
891,638,1529,0.1388
895,624,1519,0.1388
899,613,1512,0.1388
890,619,1509,0.1388
884,616,1500,0.1388
893,623,1516,0.1388
883,623,1506,0.1388
881,623,1504,0.1388
880,640,1520,0.1388
884,643,1527,0.1388
879,640,1519,0.1388
864,633,1497,0.1388
862,643,1505,0.1388
863,635,1498,0.1388
863,637,1500,0.1388
867,632,1499,0.1388
876,636,1512,0.1388
862,647,1509,0.1388
862,646,1508,0.1388
850,650,1500,0.1388
853,644,1497,0.1388
850,645,1495,0.1388
842,658,1500,0.1388
848,662,1510,0.1388
846,657,1503,0.1388
846,654,1500,0.1388
853,643,1496,0.1388
859,646,1505,0.1388
855,653,1508,0.1388
855,643,1498,0.1388
852,654,1506,0.1388
853,658,1511,0.1388
856,661,1517,0.1388
860,661,1521,0.1388
854,657,1511,0.1388
864,649,1513,0.1388
870,640,1510,0.1388
863,632,1495,0.1388
862,631,1493,0.1388
853,640,1493,0.1388
863,638,1501,0.1388
866,646,1512,0.1388
867,648,1515,0.1388
867,648,1515,0.1388
865,652,1517,0.1388
867,645,1512,0.1388
862,635,1497,0.1388
857,628,1485,0.1388
853,637,1490,0.1388
857,643,1500,0.1388
862,654,1516,0.1388
857,652,1509,0.1388
855,649,1504,0.1388
850,641,1491,0.1388
851,649,1500,0.1388
850,653,1503,0.1388
843,653,1496,0.1388
841,663,1504,0.1388
843,667,1510,0.1388
849,662,1511,0.1388
839,660,1499,0.1388
840,660,1500,0.1388
839,659,1498,0.1388
833,664,1497,0.1388
831,667,1498,0.1388
838,671,1509,0.1388
834,667,1501,0.1388
837,664,1501,0.1388
840,666,1506,0.1388
837,663,1500,0.1388
842,660,1502,0.1388
839,662,1501,0.1388
838,658,1496,0.1388
833,661,1494,0.1388
833,669,1502,0.1388
839,675,1514,0.1388
836,680,1516,0.1388
827,686,1513,0.1388
823,674,1497,0.1388
805,677,1482,0.1388
803,686,1489,0.1388
804,686,1490,0.1388
812,699,1511,0.1388
813,692,1505,0.1388
809,686,1495,0.1388
798,685,1483,0.1388
806,693,1499,0.1388
799,697,1496,0.1388
795,700,1495,0.1388
788,706,1494,0.1388
796,706,1502,0.1388
806,703,1509,0.1388
800,690,1490,0.1388
804,694,1498,0.1388
789,699,1488,0.1388
801,705,1506,0.1388
809,707,1516,0.1388
809,708,1517,0.1388
808,716,1524,0.1388
803,715,1518,0.1388
812,706,1518,0.1388
806,699,1505,0.1388
800,702,1502,0.1388
812,702,1514,0.1388
801,698,1499,0.1388
797,703,1500,0.1388
808,704,1512,0.1388
806,697,1503,0.1388
803,701,1504,0.1388
801,706,1507,0.1388
796,703,1499,0.1388
799,706,1505,0.1388
807,718,1525,0.1388
802,711,1513,0.1388
794,719,1513,0.1388
785,716,1501,0.1388
801,713,1514,0.1388
793,710,1503,0.1388
790,720,1510,0.1388
799,717,1516,0.1388
791,713,1504,0.1388
794,720,1514,0.1388
790,718,1508,0.1388
790,725,1515,0.1388
787,719,1506,0.1388
796,718,1514,0.1388
781,723,1504,0.1388
783,715,1498,0.1388
785,721,1506,0.1388
776,727,1503,0.1388
775,720,1495,0.1388
768,733,1501,0.1388
784,725,1509,0.1388
783,723,1506,0.1388
787,729,1516,0.1388
780,729,1509,0.1388
777,728,1505,0.1388
775,730,1505,0.1388
766,732,1498,0.1388
763,745,1508,0.1388
762,740,1502,0.1388
764,742,1506,0.1388
774,745,1519,0.1388
775,737,1512,0.1388
769,742,1511,0.1388
768,736,1504,0.1388
770,732,1502,0.1388
764,735,1499,0.1388
760,740,1500,0.1388
766,739,1505,0.1388
761,737,1498,0.1388
759,735,1494,0.1388
753,740,1493,0.1388
765,734,1499,0.1388
766,735,1501,0.1388
764,733,1497,0.1388
767,732,1499,0.1388
768,742,1510,0.1388
771,750,1521,0.1388
779,740,1519,0.1388
770,734,1504,0.1388
774,724,1498,0.1388
773,731,1504,0.1388
768,730,1498,0.1388
769,736,1505,0.1388
762,739,1501,0.1388
766,753,1519,0.1388
760,743,1503,0.1388
755,745,1500,0.1388
752,746,1498,0.1388
755,748,1503,0.1388
754,749,1503,0.1388
750,754,1504,0.1388
758,754,1512,0.1388
758,751,1509,0.1388
750,751,1501,0.1388
753,748,1501,0.1388
754,750,1504,0.1388
746,749,1495,0.1388
747,752,1499,0.1388
745,754,1499,0.1388
757,755,1512,0.1388
761,753,1514,0.1388
764,750,1514,0.1388
752,753,1505,0.1388
750,748,1498,0.1388
749,746,1495,0.1388
748,738,1486,0.1388
752,754,1506,0.1388
754,755,1509,0.1388
753,755,1508,0.1388
750,759,1509,0.1388
750,757,1507,0.1388
740,762,1502,0.1388
731,757,1488,0.1388
731,762,1493,0.1388
728,759,1487,0.1388
725,769,1494,0.1388
730,777,1507,0.1388
721,795,1516,0.1388
717,788,1505,0.1388
719,793,1512,0.1388
718,783,1501,0.1388
711,780,1491,0.1388
713,781,1494,0.1388
711,784,1495,0.1388
704,796,1500,0.1388
706,797,1503,0.1388
705,802,1507,0.1388
698,797,1495,0.1388
699,795,1494,0.1388
699,795,1494,0.1388
715,792,1507,0.1388
711,790,1501,0.1388
704,799,1503,0.1388
705,788,1493,0.1388
710,794,1504,0.1388
702,800,1502,0.1388
700,798,1498,0.1388
699,789,1488,0.1388
702,792,1494,0.1388
709,802,1511,0.1388
709,809,1518,0.1388
711,802,1513,0.1388
704,804,1508,0.1388
697,793,1490,0.1388
698,792,1490,0.1388
693,792,1485,0.1388
701,802,1503,0.1388
697,800,1497,0.1388
702,811,1513,0.1388
695,818,1513,0.1388
696,812,1508,0.1388
698,811,1509,0.1388
707,802,1509,0.1388
697,797,1494,0.1388
695,802,1497,0.1388
698,808,1506,0.1388
688,805,1493,0.1388
694,813,1507,0.1388
690,816,1506,0.1388
690,803,1493,0.1388
703,803,1506,0.1388
706,806,1512,0.1388
703,808,1511,0.1388
699,812,1511,0.1388
697,811,1508,0.1388
692,806,1498,0.1388
688,811,1499,0.1388
688,819,1507,0.1388
693,822,1515,0.1388
686,824,1510,0.1388
689,835,1524,0.1388
679,838,1517,0.1388
669,841,1510,0.1388
669,844,1513,0.1388
668,840,1508,0.1388
671,840,1511,0.1388
672,841,1513,0.1388
677,838,1515,0.1388
665,840,1505,0.1388
659,838,1497,0.1388
661,839,1500,0.1388
659,846,1505,0.1388
664,851,1515,0.1388
652,856,1508,0.1388
652,849,1501,0.1388
652,851,1503,0.1388
657,846,1503,0.1388
655,850,1505,0.1388
655,852,1507,0.1388
650,857,1507,0.1388
661,855,1516,0.1388
656,859,1515,0.1388
652,873,1525,0.1388
656,862,1518,0.1388
664,863,1527,0.1388
656,869,1525,0.1388
643,867,1510,0.1388
637,868,1505,0.1388
636,854,1490,0.1388
638,862,1500,0.1388
641,859,1500,0.1388
646,867,1513,0.1388
647,872,1519,0.1388
648,869,1517,0.1388
637,868,1505,0.1388
646,867,1513,0.1388
645,875,1520,0.1388
642,864,1506,0.1388
630,867,1497,0.1388
632,880,1512,0.1388
637,867,1504,0.1388
639,870,1509,0.1388
639,873,1512,0.1388
636,870,1506,0.1388
636,865,1501,0.1388
638,872,1510,0.1388
636,873,1509,0.1388
631,876,1507,0.1388
630,878,1508,0.1388
627,876,1503,0.1388
630,876,1506,0.1388
623,872,1495,0.1388
621,881,1502,0.1388
609,887,1496,0.1388
611,885,1496,0.1388
605,887,1492,0.1388
595,897,1492,0.1388
603,893,1496,0.1388
606,895,1501,0.1388
601,892,1493,0.1388
594,897,1491,0.1388
595,896,1491,0.1388
586,894,1480,0.1388
593,898,1491,0.1388
595,897,1492,0.1388
598,897,1495,0.1388
591,915,1506,0.1388
587,918,1505,0.1388
582,916,1498,0.1388
589,922,1511,0.1388
582,923,1505,0.1388
578,921,1499,0.1388
578,934,1512,0.1388
582,924,1506,0.1388
587,926,1513,0.1388
581,925,1506,0.1388
592,923,1515,0.1388
587,917,1504,0.1388
591,908,1499,0.1388
593,911,1504,0.1388
590,907,1497,0.1388
579,918,1497,0.1388
573,931,1504,0.1388
572,929,1501,0.1388
570,936,1506,0.1388
569,928,1497,0.1388
568,939,1507,0.1388
570,939,1509,0.1388
571,928,1499,0.1388
579,934,1513,0.1388
582,939,1521,0.1388
582,943,1525,0.1388
584,939,1523,0.1388
577,943,1520,0.1388
580,923,1503,0.1388
585,926,1511,0.1388
589,924,1513,0.1388
581,921,1502,0.1388
574,921,1495,0.1388
572,931,1503,0.1388
568,929,1497,0.1388
573,914,1487,0.1388
577,933,1510,0.1388
574,930,1504,0.1388
571,934,1505,0.1388
568,935,1503,0.1388
562,943,1505,0.1388
565,951,1516,0.1388
559,953,1512,0.1388
565,948,1513,0.1388
558,944,1502,0.1388
556,951,1507,0.1388
569,948,1517,0.1388
574,941,1515,0.1388
571,942,1513,0.1388
573,937,1510,0.1388
565,935,1500,0.1388
564,939,1503,0.1388
559,946,1505,0.1388
562,946,1508,0.1388
557,950,1507,0.1388
556,960,1516,0.1388
559,955,1514,0.1388
557,958,1515,0.1388
559,956,1515,0.1388
558,959,1517,0.1388
559,956,1515,0.1388
558,947,1505,0.1388
550,945,1495,0.1388
547,950,1497,0.1388
556,958,1514,0.1388
554,968,1522,0.1388
541,963,1504,0.1388
536,960,1496,0.1388
535,962,1497,0.1388
547,973,1520,0.1388
546,976,1522,0.1388
540,975,1515,0.1388
545,969,1514,0.1388
543,973,1516,0.1388
522,989,1511,0.1388
525,993,1518,0.1388
521,992,1513,0.1388
520,982,1502,0.1388
519,981,1500,0.1388
525,984,1509,0.1388
528,987,1515,0.1388
528,998,1526,0.1388
522,986,1508,0.1388
523,978,1501,0.1388
523,999,1522,0.1388
523,995,1518,0.1388
522,993,1515,0.1388
517,990,1507,0.1388
513,994,1507,0.1388
514,1008,1522,0.1388
502,1016,1518,0.1388
491,1024,1515,0.1388
485,1026,1511,0.1388
488,1012,1500,0.1388
488,1019,1507,0.1388
490,1025,1515,0.1388
495,1020,1515,0.1388
488,1009,1497,0.1388
497,1008,1505,0.1388
491,1014,1505,0.1388
488,1022,1510,0.1388
489,1019,1508,0.1388
498,1011,1509,0.1388
496,1007,1503,0.1388
498,1010,1508,0.1388
493,1014,1507,0.1388
492,1005,1497,0.1388
487,1011,1498,0.1388
479,1023,1502,0.1388
482,1024,1506,0.1388
486,1023,1509,0.1388
479,1017,1496,0.1388
480,1015,1495,0.1388
485,1018,1503,0.1388
485,1026,1511,0.1388
481,1035,1516,0.1388
480,1033,1513,0.1388
478,1028,1506,0.1388
476,1025,1501,0.1388
464,1035,1499,0.1388
470,1037,1507,0.1388
477,1047,1524,0.1388
481,1057,1538,0.1388
481,1043,1524,0.1388
479,1052,1531,0.1388
476,1046,1522,0.1388
474,1037,1511,0.1388
479,1031,1510,0.1388
480,1032,1512,0.1388
483,1027,1510,0.1388
479,1046,1525,0.1388
483,1050,1533,0.1388
485,1044,1529,0.1388
479,1032,1511,0.1388
475,1036,1511,0.1388
483,1040,1523,0.1388
485,1032,1517,0.1388
477,1030,1507,0.1388
480,1025,1505,0.1388
479,1026,1505,0.1388
472,1032,1504,0.1388
477,1037,1514,0.1388
472,1048,1520,0.1388
468,1044,1512,0.1388
462,1035,1497,0.1388
466,1042,1508,0.1388
474,1038,1512,0.1388
474,1042,1516,0.1388
468,1043,1511,0.1388
470,1045,1515,0.1388
460,1051,1511,0.1388
459,1050,1509,0.1388
463,1051,1514,0.1388
463,1046,1509,0.1388
454,1039,1493,0.1388
449,1038,1487,0.1388
448,1045,1493,0.1388
446,1046,1492,0.1388
442,1062,1504,0.1388
439,1053,1492,0.1388
435,1059,1494,0.1388
435,1074,1509,0.1388
440,1072,1512,0.1388
445,1061,1506,0.1388
440,1068,1508,0.1388
443,1067,1510,0.1388
438,1068,1506,0.1388
438,1068,1506,0.1388
439,1072,1511,0.1388
444,1082,1526,0.1388
440,1077,1517,0.1388
439,1074,1513,0.1388
432,1088,1520,0.1388
420,1090,1510,0.1388
427,1093,1520,0.1388
423,1096,1519,0.1388
430,1096,1526,0.1388
425,1088,1513,0.1388
431,1079,1510,0.1388
431,1086,1517,0.1388
426,1076,1502,0.1388
423,1081,1504,0.1388
419,1081,1500,0.1388
414,1080,1494,0.1388
416,1080,1496,0.1388
419,1087,1506,0.1388
420,1089,1509,0.1388
414,1102,1516,0.1388
415,1077,1492,0.1388
408,1085,1493,0.1388
406,1094,1500,0.1388
411,1094,1505,0.1388
412,1103,1515,0.1388
411,1092,1503,0.1388
412,1089,1501,0.1388
413,1098,1511,0.1388
411,1099,1510,0.1388
411,1094,1505,0.1388
414,1078,1492,0.1388
413,1093,1506,0.1388
410,1105,1515,0.1388
410,1100,1510,0.1388
413,1106,1519,0.1388
412,1111,1523,0.1388
413,1118,1531,0.1388
415,1119,1534,0.1388
416,1118,1534,0.1388
414,1111,1525,0.1388
413,1104,1517,0.1388
415,1112,1527,0.1388
416,1097,1513,0.1388
420,1099,1519,0.1388
419,1084,1503,0.1388
420,1098,1518,0.1388
410,1096,1506,0.1388
400,1097,1497,0.1388
405,1085,1490,0.1388
402,1091,1493,0.1388
403,1079,1482,0.1388
400,1092,1492,0.1388
399,1089,1488,0.1388
394,1101,1495,0.1388
392,1120,1512,0.1388
394,1120,1514,0.1388
392,1120,1512,0.1388
393,1122,1515,0.1388
391,1123,1514,0.1388
384,1127,1511,0.1388
391,1123,1514,0.1388
382,1127,1509,0.1388
382,1130,1512,0.1388
383,1137,1520,0.1388
380,1128,1508,0.1388
377,1127,1504,0.1388
376,1120,1496,0.1388
374,1132,1506,0.1388
373,1127,1500,0.1388
373,1143,1516,0.1388
373,1139,1512,0.1388
373,1143,1516,0.1388
371,1134,1505,0.1388
371,1124,1495,0.1388
369,1135,1504,0.1388
365,1136,1501,0.1388
364,1138,1502,0.1388
367,1124,1491,0.1388
369,1125,1494,0.1388
373,1134,1507,0.1388
364,1142,1506,0.1388
356,1143,1499,0.1388
360,1135,1495,0.1388
364,1136,1500,0.1388
361,1137,1498,0.1388
360,1153,1513,0.1388
355,1149,1504,0.1388
352,1158,1510,0.1388
346,1165,1511,0.1388
344,1155,1499,0.1388
347,1162,1509,0.1388
345,1168,1513,0.1388
347,1170,1517,0.1388
344,1162,1506,0.1388
339,1181,1520,0.1388
338,1182,1520,0.1388
339,1183,1522,0.1388
342,1179,1521,0.1388
337,1183,1520,0.1388
338,1183,1521,0.1388
338,1183,1521,0.1388
336,1171,1507,0.1388
335,1167,1502,0.1388
345,1182,1527,0.1388
336,1186,1522,0.1388
332,1178,1510,0.1388
332,1184,1516,0.1388
326,1185,1511,0.1388
324,1178,1502,0.1388
320,1184,1504,0.1388
322,1186,1508,0.1388
320,1189,1509,0.1388
317,1188,1505,0.1388
318,1185,1503,0.1388
314,1181,1495,0.1388
311,1189,1500,0.1388
309,1195,1504,0.1388
306,1202,1508,0.1388
302,1201,1503,0.1388
291,1197,1488,0.1388
290,1204,1494,0.1388
290,1211,1501,0.1388
286,1215,1501,0.1388
291,1216,1507,0.1388
294,1217,1511,0.1388
300,1199,1499,0.1388
291,1202,1493,0.1388
297,1213,1510,0.1388
295,1204,1499,0.1388
298,1214,1512,0.1388
293,1215,1508,0.1388
292,1224,1516,0.1388
295,1218,1513,0.1388
301,1222,1523,0.1388
295,1220,1515,0.1388
294,1220,1514,0.1388
292,1229,1521,0.1388
286,1228,1514,0.1388
282,1229,1511,0.1388
285,1217,1502,0.1388
293,1210,1503,0.1388
292,1226,1518,0.1388
290,1232,1522,0.1388
290,1227,1517,0.1388
293,1224,1517,0.1388
286,1228,1514,0.1388
287,1226,1513,0.1388
290,1229,1519,0.1388
286,1234,1520,0.1388
283,1227,1510,0.1388
281,1233,1514,0.1388
287,1231,1518,0.1388
282,1234,1516,0.1388
276,1226,1502,0.1388
270,1230,1500,0.1388
267,1231,1498,0.1388
275,1238,1513,0.1388
273,1236,1509,0.1388
268,1239,1507,0.1388
273,1233,1506,0.1388
276,1234,1510,0.1388
271,1243,1514,0.1388
270,1238,1508,0.1388
271,1236,1507,0.1388
266,1250,1516,0.1388
264,1256,1520,0.1388
263,1259,1522,0.1388
261,1254,1515,0.1388
258,1251,1509,0.1388
257,1250,1507,0.1388
262,1245,1507,0.1388
265,1247,1512,0.1388
264,1241,1505,0.1388
265,1244,1509,0.1388
266,1249,1515,0.1388
270,1242,1512,0.1388
272,1244,1516,0.1388
269,1250,1519,0.1388
263,1256,1519,0.1388
256,1255,1511,0.1388
257,1240,1497,0.1388
257,1242,1499,0.1388
256,1251,1507,0.1388
260,1255,1515,0.1388
259,1265,1524,0.1388
262,1266,1528,0.1388
257,1271,1528,0.1388
255,1261,1516,0.1388
250,1257,1507,0.1388
244,1269,1513,0.1388
238,1272,1510,0.1388
240,1264,1504,0.1388
237,1259,1496,0.1388
241,1260,1501,0.1388
237,1274,1511,0.1388
230,1295,1525,0.1388
223,1283,1506,0.1388
223,1275,1498,0.1388
225,1285,1510,0.1388
226,1291,1517,0.1388
228,1292,1520,0.1388
231,1285,1516,0.1388
230,1287,1517,0.1388
229,1287,1516,0.1388
231,1285,1516,0.1388
231,1290,1521,0.1388
228,1292,1520,0.1388
229,1287,1516,0.1388
229,1286,1515,0.1388
233,1281,1514,0.1388
232,1278,1510,0.1388
233,1275,1508,0.1388
230,1271,1501,0.1388
228,1279,1507,0.1388
228,1287,1515,0.1388
229,1280,1509,0.1388
230,1287,1517,0.1388
224,1292,1516,0.1388
222,1286,1508,0.1388
224,1289,1513,0.1388
222,1296,1518,0.1388
216,1302,1518,0.1388
219,1293,1512,0.1388
223,1298,1521,0.1388
219,1295,1514,0.1388
218,1294,1512,0.1388
221,1294,1515,0.1388
213,1283,1496,0.1388
212,1298,1510,0.1388
211,1299,1510,0.1388
212,1305,1517,0.1388
213,1326,1539,0.1388
214,1325,1539,0.1388
215,1301,1516,0.1388
214,1299,1513,0.1388
219,1294,1513,0.1388
214,1300,1514,0.1388
213,1306,1519,0.1388
222,1307,1529,0.1388
218,1305,1523,0.1388
221,1314,1535,0.1388
221,1298,1519,0.1388
223,1289,1512,0.1388
223,1294,1517,0.1388
221,1284,1505,0.1388
220,1279,1499,0.1388
216,1276,1492,0.1388
218,1277,1495,0.1388
214,1280,1494,0.1388
218,1284,1502,0.1388
216,1283,1499,0.1388
217,1293,1510,0.1388
219,1285,1504,0.1388
219,1306,1525,0.1388
221,1298,1519,0.1388
224,1298,1522,0.1388
223,1299,1522,0.1388
217,1305,1522,0.1388
219,1303,1522,0.1388
222,1298,1520,0.1388
221,1303,1524,0.1388
214,1302,1516,0.1388
218,1293,1511,0.1388
222,1287,1509,0.1388
222,1273,1495,0.1388
220,1287,1507,0.1388
217,1293,1510,0.1388
212,1296,1508,0.1388
215,1305,1520,0.1388
208,1300,1508,0.1388
216,1289,1505,0.1388
216,1300,1516,0.1388
214,1302,1516,0.1388
216,1312,1528,0.1388
214,1311,1525,0.1388
209,1300,1509,0.1388
207,1300,1507,0.1388
209,1310,1519,0.1388
206,1316,1522,0.1388
206,1304,1510,0.1388
205,1314,1519,0.1388
204,1310,1514,0.1388
205,1309,1514,0.1388
200,1303,1503,0.1388
202,1299,1501,0.1388
202,1305,1507,0.1388
196,1295,1491,0.1388
200,1308,1508,0.1388
199,1302,1501,0.1388
203,1309,1512,0.1388
208,1310,1518,0.1388
207,1324,1531,0.1388
202,1326,1528,0.1388
202,1320,1522,0.1388
202,1324,1526,0.1388
202,1326,1528,0.1388
202,1330,1532,0.1388
201,1334,1535,0.1388
201,1322,1523,0.1388
199,1325,1524,0.1388
192,1334,1526,0.1388
190,1335,1525,0.1388
190,1348,1538,0.1388
189,1339,1528,0.1388
187,1337,1524,0.1388
186,1323,1509,0.1388
185,1316,1501,0.1388
184,1320,1504,0.1388
185,1327,1512,0.1388
183,1318,1501,0.1388
185,1315,1500,0.1388
184,1313,1497,0.1388
184,1323,1507,0.1388
183,1319,1502,0.1388
179,1323,1502,0.1388
182,1321,1503,0.1388
187,1325,1512,0.1388
183,1325,1508,0.1388
182,1328,1510,0.1388
179,1323,1502,0.1388
176,1319,1495,0.1388
178,1326,1504,0.1388
180,1325,1505,0.1388
177,1326,1503,0.1388
172,1332,1504,0.1388
171,1340,1511,0.1388
176,1337,1513,0.1388
175,1340,1515,0.1388
173,1348,1521,0.1388
170,1344,1514,0.1388
170,1358,1528,0.1388
169,1352,1521,0.1388
168,1340,1508,0.1388
165,1344,1509,0.1388
163,1340,1503,0.1388
166,1344,1510,0.1388
164,1334,1498,0.1388
157,1339,1496,0.1388
161,1349,1510,0.1388
163,1343,1506,0.1388
163,1342,1505,0.1388
162,1351,1513,0.1388
163,1350,1513,0.1388
163,1347,1510,0.1388
158,1347,1505,0.1388
159,1347,1506,0.1388
161,1350,1511,0.1388
162,1351,1513,0.1388
162,1344,1506,0.1388
161,1338,1499,0.1388
162,1351,1513,0.1388
161,1349,1510,0.1388
162,1351,1513,0.1388
160,1348,1508,0.1388
157,1344,1501,0.1388
161,1348,1509,0.1388
162,1357,1519,0.1388
163,1351,1514,0.1388
165,1359,1524,0.1388
161,1367,1528,0.1388
158,1355,1513,0.1388
159,1366,1525,0.1388
161,1352,1513,0.1388
159,1352,1511,0.1388
155,1347,1502,0.1388
150,1356,1506,0.1388
151,1356,1507,0.1388
151,1366,1517,0.1388
155,1354,1509,0.1388
152,1350,1502,0.1388
154,1343,1497,0.1388
155,1337,1492,0.1388
153,1347,1500,0.1388
153,1347,1500,0.1388
155,1339,1494,0.1388
156,1355,1511,0.1388
156,1358,1514,0.1388
156,1358,1514,0.1388
156,1371,1527,0.1388
152,1363,1515,0.1388
151,1362,1513,0.1388
154,1362,1516,0.1388
152,1366,1518,0.1388
158,1355,1513,0.1388
152,1360,1512,0.1388
150,1360,1510,0.1388
155,1360,1515,0.1388
152,1367,1519,0.1388
153,1365,1518,0.1388
154,1356,1510,0.1388
152,1347,1499,0.1388
155,1352,1507,0.1388
155,1356,1511,0.1388
153,1356,1509,0.1388
149,1360,1509,0.1388
148,1356,1504,0.1388
147,1355,1502,0.1388
146,1357,1503,0.1388
144,1362,1506,0.1388
141,1369,1510,0.1388
138,1373,1511,0.1388
137,1371,1508,0.1388
137,1377,1514,0.1388
140,1378,1518,0.1388
138,1382,1520,0.1388
135,1387,1522,0.1388
134,1383,1517,0.1388
135,1363,1498,0.1388
134,1373,1507,0.1388
135,1381,1516,0.1388
135,1380,1515,0.1388
136,1378,1514,0.1388
139,1383,1522,0.1388
137,1387,1524,0.1388
137,1385,1522,0.1388
135,1372,1507,0.1388
140,1372,1512,0.1388
136,1375,1511,0.1388
140,1383,1523,0.1388
137,1384,1521,0.1388
135,1368,1503,0.1388
136,1379,1515,0.1388
138,1389,1527,0.1388
134,1387,1521,0.1388
131,1381,1512,0.1388
130,1369,1499,0.1388
130,1366,1496,0.1388
131,1375,1506,0.1388
130,1395,1525,0.1388
131,1386,1517,0.1388
131,1387,1518,0.1388
125,1394,1519,0.1388
126,1383,1509,0.1388
124,1382,1506,0.1388
125,1384,1509,0.1388
124,1383,1507,0.1388
126,1383,1509,0.1388
125,1393,1518,0.1388
123,1395,1518,0.1388
123,1391,1514,0.1388
126,1390,1516,0.1388
129,1391,1520,0.1388
127,1390,1517,0.1388
126,1381,1507,0.1388
127,1374,1501,0.1388
120,1381,1501,0.1388
120,1387,1507,0.1388
121,1391,1512,0.1388
122,1377,1499,0.1388
122,1394,1516,0.1388
123,1396,1519,0.1388
123,1405,1528,0.1388
122,1408,1530,0.1388
121,1400,1521,0.1388
117,1390,1507,0.1388
117,1391,1508,0.1388
117,1391,1508,0.1388
115,1382,1497,0.1388
116,1393,1509,0.1388
116,1396,1512,0.1388
116,1400,1516,0.1388
110,1407,1517,0.1388
113,1412,1525,0.1388
112,1408,1520,0.1388
116,1399,1515,0.1388
118,1396,1514,0.1388
119,1401,1520,0.1388
119,1402,1521,0.1388
117,1403,1520,0.1388
118,1387,1505,0.1388
117,1399,1516,0.1388
118,1394,1512,0.1388
112,1395,1507,0.1388
119,1403,1522,0.1388
122,1398,1520,0.1388
121,1408,1529,0.1388
120,1393,1513,0.1388
119,1389,1508,0.1388
116,1392,1508,0.1388
113,1403,1516,0.1388
110,1395,1505,0.1388
107,1407,1514,0.1388
104,1411,1515,0.1388
106,1411,1517,0.1388
106,1417,1523,0.1388
106,1400,1506,0.1388
104,1409,1513,0.1388
106,1401,1507,0.1388
106,1402,1508,0.1388
105,1409,1514,0.1388
102,1418,1520,0.1388
104,1410,1514,0.1388
100,1410,1510,0.1388
98,1417,1515,0.1388
99,1426,1525,0.1388
103,1419,1522,0.1388
103,1414,1517,0.1388
102,1406,1508,0.1388
100,1412,1512,0.1388
97,1399,1496,0.1388
104,1412,1516,0.1388
104,1408,1512,0.1388
104,1410,1514,0.1388
104,1396,1500,0.1388
108,1400,1508,0.1388
108,1402,1510,0.1388
105,1409,1514,0.1388
104,1409,1513,0.1388
108,1396,1504,0.1388
108,1392,1500,0.1388
108,1404,1512,0.1388
105,1398,1503,0.1388
110,1408,1518,0.1388
110,1398,1508,0.1388
112,1401,1513,0.1388
112,1410,1522,0.1388
112,1412,1524,0.1388
112,1417,1529,0.1388
114,1421,1535,0.1388
116,1411,1527,0.1388
112,1409,1521,0.1388
113,1409,1522,0.1388
109,1426,1535,0.1388
107,1427,1534,0.1388
106,1422,1528,0.1388
104,1416,1520,0.1388
105,1420,1525,0.1388
99,1410,1509,0.1388
100,1411,1511,0.1388
102,1414,1516,0.1388
103,1418,1521,0.1388
104,1420,1524,0.1388
105,1402,1507,0.1388
106,1412,1518,0.1388
107,1404,1511,0.1388
107,1406,1513,0.1388
108,1403,1511,0.1388
106,1413,1519,0.1388
106,1410,1516,0.1388
106,1408,1514,0.1388
104,1400,1504,0.1388
102,1407,1509,0.1388
102,1419,1521,0.1388
104,1407,1511,0.1388
102,1397,1499,0.1388
102,1409,1511,0.1388
101,1421,1522,0.1388
103,1423,1526,0.1388
102,1417,1519,0.1388
100,1416,1516,0.1388
100,1422,1522,0.1388
99,1430,1529,0.1388
96,1427,1523,0.1388
95,1422,1517,0.1388
97,1423,1520,0.1388
98,1427,1525,0.1388
100,1418,1518,0.1388
101,1417,1518,0.1388
104,1404,1508,0.1388
104,1411,1515,0.1388
105,1408,1513,0.1388
107,1413,1520,0.1388
104,1419,1523,0.1388
103,1424,1527,0.1388
102,1426,1528,0.1388
103,1409,1512,0.1388
103,1417,1520,0.1388
103,1425,1528,0.1388
103,1418,1521,0.1388
100,1428,1528,0.1388
100,1418,1518,0.1388
103,1416,1519,0.1388
103,1415,1518,0.1388
104,1414,1518,0.1388
100,1409,1509,0.1388
102,1416,1518,0.1388
105,1408,1513,0.1388
102,1414,1516,0.1388
102,1413,1515,0.1388
100,1410,1510,0.1388
103,1403,1506,0.1388
101,1411,1512,0.1388
95,1429,1524,0.1388
94,1421,1515,0.1388
90,1422,1512,0.1388
95,1418,1513,0.1388
96,1420,1516,0.1388
100,1428,1528,0.1388
100,1421,1521,0.1388
98,1423,1521,0.1388
95,1426,1521,0.1388
95,1434,1529,0.1388
95,1424,1519,0.1388
93,1411,1504,0.1388
95,1416,1511,0.1388
96,1406,1502,0.1388
92,1405,1497,0.1388
92,1398,1490,0.1388
96,1400,1496,0.1388
97,1401,1498,0.1388
95,1411,1506,0.1388
95,1415,1510,0.1388
94,1407,1501,0.1388
94,1410,1504,0.1388
92,1418,1510,0.1388
91,1427,1518,0.1388
88,1420,1508,0.1388
85,1429,1514,0.1388
84,1422,1506,0.1388
85,1419,1504,0.1388
89,1421,1510,0.1388
90,1424,1514,0.1388
91,1430,1521,0.1388
93,1428,1521,0.1388
93,1427,1520,0.1388
91,1425,1516,0.1388
90,1414,1504,0.1388
87,1414,1501,0.1388
87,1410,1497,0.1388
81,1411,1492,0.1388
82,1405,1487,0.1388
82,1412,1494,0.1388
86,1422,1508,0.1388
86,1424,1510,0.1388
87,1430,1517,0.1388
85,1428,1513,0.1388
86,1435,1521,0.1388
84,1425,1509,0.1388
87,1420,1507,0.1388
85,1416,1501,0.1388
85,1425,1510,0.1388
85,1424,1509,0.1388
84,1413,1497,0.1388
88,1419,1507,0.1388
88,1424,1512,0.1388
86,1431,1517,0.1388
84,1433,1517,0.1388
77,1435,1512,0.1388
79,1435,1514,0.1388
82,1434,1516,0.1388
79,1425,1504,0.1388
77,1431,1508,0.1388
80,1434,1514,0.1388
78,1438,1516,0.1388
77,1438,1515,0.1388
79,1445,1524,0.1388
79,1452,1531,0.1388
77,1435,1512,0.1388
74,1424,1498,0.1388
72,1427,1499,0.1388
74,1433,1507,0.1388
79,1444,1523,0.1388
78,1450,1528,0.1388
76,1447,1523,0.1388
72,1433,1505,0.1388
76,1442,1518,0.1388
74,1440,1514,0.1388
71,1433,1504,0.1388
72,1435,1507,0.1388
72,1427,1499,0.1388
74,1429,1503,0.1388
71,1429,1500,0.1388
72,1432,1504,0.1388
71,1427,1498,0.1388
76,1432,1508,0.1388
76,1436,1512,0.1388
75,1432,1507,0.1388
72,1448,1520,0.1388
76,1452,1528,0.1388
70,1450,1520,0.1388
70,1443,1513,0.1388
70,1439,1509,0.1388
69,1421,1490,0.1388
73,1417,1490,0.1388
73,1420,1493,0.1388
72,1435,1507,0.1388
71,1441,1512,0.1388
72,1447,1519,0.1388
71,1455,1526,0.1388
72,1447,1519,0.1388
71,1445,1516,0.1388
72,1444,1516,0.1388
73,1452,1525,0.1388
68,1446,1514,0.1388
65,1458,1523,0.1388
65,1467,1532,0.1388
66,1473,1539,0.1388
65,1464,1529,0.1388
69,1450,1519,0.1388
70,1453,1523,0.1388
70,1451,1521,0.1388
69,1442,1511,0.1388
70,1438,1508,0.1388
71,1443,1514,0.1388
72,1442,1514,0.1388
72,1457,1529,0.1388
73,1463,1536,0.1388
72,1464,1536,0.1388
72,1460,1532,0.1388
73,1450,1523,0.1388
74,1442,1516,0.1388
74,1445,1519,0.1388
72,1445,1517,0.1388
73,1455,1528,0.1388
74,1452,1526,0.1388
72,1457,1529,0.1388
74,1458,1532,0.1388
74,1448,1522,0.1388
75,1443,1518,0.1388
75,1437,1512,0.1388
72,1448,1520,0.1388
73,1447,1520,0.1388
73,1460,1533,0.1388
71,1452,1523,0.1388
72,1450,1522,0.1388
73,1443,1516,0.1388
71,1445,1516,0.1388
71,1450,1521,0.1388
69,1440,1509,0.1388
68,1439,1507,0.1388
70,1447,1517,0.1388
69,1459,1528,0.1388
68,1455,1523,0.1388
66,1452,1518,0.1388
62,1456,1518,0.1388
62,1435,1497,0.1388
65,1431,1496,0.1388
69,1437,1506,0.1388
67,1437,1504,0.1388
68,1443,1511,0.1388
69,1447,1516,0.1388
70,1448,1518,0.1388
69,1438,1507,0.1388
71,1435,1506,0.1388
70,1429,1499,0.1388
69,1436,1505,0.1388
68,1436,1504,0.1388
68,1428,1496,0.1388
69,1436,1505,0.1388
70,1451,1521,0.1388
70,1449,1519,0.1388
72,1446,1518,0.1388
74,1439,1513,0.1388
70,1432,1502,0.1388
70,1433,1503,0.1388
72,1435,1507,0.1388
73,1431,1504,0.1388
70,1438,1508,0.1388
71,1434,1505,0.1388
72,1438,1510,0.1388
70,1438,1508,0.1388
74,1459,1533,0.1388
72,1441,1513,0.1388
72,1444,1516,0.1388
73,1445,1518,0.1388
70,1449,1519,0.1388
69,1457,1526,0.1388
66,1458,1524,0.1388
67,1449,1516,0.1388
67,1447,1514,0.1388
65,1450,1515,0.1388
64,1457,1521,0.1388
63,1449,1512,0.1388
64,1439,1503,0.1388
67,1454,1521,0.1388
69,1443,1512,0.1388
69,1449,1518,0.1388
66,1442,1508,0.1388
66,1451,1517,0.1388
68,1453,1521,0.1388
71,1455,1526,0.1388
71,1451,1522,0.1388
71,1452,1523,0.1388
69,1458,1527,0.1388
67,1460,1527,0.1388
65,1439,1504,0.1388
64,1452,1516,0.1388
62,1452,1514,0.1388
59,1462,1521,0.1388
60,1440,1500,0.1388
59,1442,1501,0.1388
58,1454,1512,0.1388
61,1469,1530,0.1388
63,1460,1523,0.1388
61,1459,1520,0.1388
59,1452,1511,0.1388
57,1442,1499,0.1388
54,1451,1505,0.1388
51,1463,1514,0.1388
57,1446,1503,0.1388
58,1460,1518,0.1388
61,1457,1518,0.1388
58,1468,1526,0.1388
56,1461,1517,0.1388
56,1465,1521,0.1388
58,1460,1518,0.1388
58,1467,1525,0.1388
54,1475,1529,0.1388
52,1470,1522,0.1388
49,1469,1518,0.1388
51,1477,1528,0.1388
50,1471,1521,0.1388
51,1462,1513,0.1388
51,1452,1503,0.1388
51,1449,1500,0.1388
50,1466,1516,0.1388
49,1468,1517,0.1388
49,1467,1516,0.1388
49,1465,1514,0.1388
49,1452,1501,0.1388
49,1453,1502,0.1388
49,1472,1521,0.1388
51,1467,1518,0.1388
50,1452,1502,0.1388
50,1451,1501,0.1388
48,1472,1520,0.1388
49,1461,1510,0.1388
48,1458,1506,0.1388
47,1466,1513,0.1388
45,1458,1503,0.1388
45,1454,1499,0.1388
46,1464,1510,0.1388
48,1478,1526,0.1388
49,1481,1530,0.1388
48,1465,1513,0.1388
45,1472,1517,0.1388
46,1463,1509,0.1388
46,1470,1516,0.1388
42,1463,1505,0.1388
46,1464,1510,0.1388
45,1467,1512,0.1388
46,1483,1529,0.1388
46,1479,1525,0.1388
45,1477,1522,0.1388
45,1480,1525,0.1388
45,1476,1521,0.1388
46,1477,1523,0.1388
44,1465,1509,0.1388
40,1477,1517,0.1388
40,1465,1505,0.1388
39,1458,1497,0.1388
42,1461,1503,0.1388
42,1474,1516,0.1388
44,1462,1506,0.1388
43,1472,1515,0.1388
45,1466,1511,0.1388
43,1466,1509,0.1388
44,1480,1524,0.1388
44,1476,1520,0.1388
43,1479,1522,0.1388
41,1471,1512,0.1388
40,1476,1516,0.1388
40,1483,1523,0.1388
39,1489,1528,0.1388
41,1484,1525,0.1388
44,1487,1531,0.1388
46,1481,1527,0.1388
48,1491,1539,0.1388
46,1483,1529,0.1388
46,1476,1522,0.1388
45,1467,1512,0.1388
43,1470,1513,0.1388
44,1471,1515,0.1388
44,1494,1538,0.1388
43,1487,1530,0.1388
43,1481,1524,0.1388
45,1472,1517,0.1388
44,1477,1521,0.1388
44,1481,1525,0.1388
46,1477,1523,0.1388
45,1485,1530,0.1388
45,1482,1527,0.1388
47,1478,1525,0.1388
47,1479,1526,0.1388
46,1483,1529,0.1388
45,1483,1528,0.1388
45,1475,1520,0.1388
44,1472,1516,0.1388
43,1493,1536,0.1388
43,1487,1530,0.1388
42,1476,1518,0.1388
42,1479,1521,0.1388
44,1478,1522,0.1388
42,1480,1522,0.1388
42,1469,1511,0.1388
42,1472,1514,0.1388
43,1491,1534,0.1388
45,1481,1526,0.1388
42,1457,1499,0.1388
43,1466,1509,0.1388
41,1461,1502,0.1388
43,1469,1512,0.1388
43,1470,1513,0.1388
42,1466,1508,0.1388
42,1467,1509,0.1388
40,1458,1498,0.1388
38,1454,1492,0.1388
40,1468,1508,0.1388
41,1474,1515,0.1388
40,1469,1509,0.1388
41,1459,1500,0.1388
42,1465,1507,0.1388
41,1472,1513,0.1388
39,1483,1522,0.1388
41,1476,1517,0.1388
42,1488,1530,0.1388
42,1472,1514,0.1388
44,1469,1513,0.1388
42,1474,1516,0.1388
43,1472,1515,0.1388
41,1483,1524,0.1388
39,1477,1516,0.1388
37,1474,1511,0.1388
36,1467,1503,0.1388
36,1452,1488,0.1388
37,1471,1508,0.1388
38,1475,1513,0.1388
35,1473,1508,0.1388
36,1465,1501,0.1388
35,1467,1502,0.1388
36,1471,1507,0.1388
37,1470,1507,0.1388
36,1477,1513,0.1388
36,1482,1518,0.1388
37,1494,1531,0.1388
37,1483,1520,0.1388
36,1490,1526,0.1388
37,1488,1525,0.1388
37,1479,1516,0.1388
37,1491,1528,0.1388
37,1485,1522,0.1388
37,1488,1525,0.1388
37,1491,1528,0.1388
38,1489,1527,0.1388
36,1476,1512,0.1388
37,1480,1517,0.1388
35,1489,1524,0.1388
36,1487,1523,0.1388
36,1483,1519,0.1388
36,1475,1511,0.1388
35,1470,1505,0.1388
35,1487,1522,0.1388
36,1481,1517,0.1388
32,1487,1519,0.1388
31,1481,1512,0.1388
32,1479,1511,0.1388
32,1482,1514,0.1388
34,1482,1516,0.1388
34,1486,1520,0.1388
35,1488,1523,0.1388
33,1488,1521,0.1388
34,1494,1528,0.1388
34,1481,1515,0.1388
33,1489,1522,0.1388
32,1482,1514,0.1388
29,1477,1506,0.1388
28,1488,1516,0.1388
27,1485,1512,0.1388
28,1485,1513,0.1388
28,1469,1497,0.1388
28,1476,1504,0.1388
27,1474,1501,0.1388
28,1474,1502,0.1388
25,1471,1496,0.1388
27,1465,1492,0.1388
30,1466,1496,0.1388
28,1466,1494,0.1388
29,1474,1503,0.1388
30,1472,1502,0.1388
31,1479,1510,0.1388
31,1503,1534,0.1388
30,1498,1528,0.1388
30,1497,1527,0.1388
30,1492,1522,0.1388
31,1494,1525,0.1388
33,1475,1508,0.1388
33,1482,1515,0.1388
34,1488,1522,0.1388
33,1481,1514,0.1388
33,1495,1528,0.1388
33,1494,1527,0.1388
34,1483,1517,0.1388
33,1492,1525,0.1388
29,1494,1523,0.1388
30,1495,1525,0.1388
28,1487,1515,0.1388
30,1485,1515,0.1388
29,1483,1512,0.1388
28,1499,1527,0.1388
29,1495,1524,0.1388
29,1504,1533,0.1388
29,1509,1538,0.1388
28,1503,1531,0.1388
28,1496,1524,0.1388
27,1492,1519,0.1388
27,1492,1519,0.1388
27,1491,1518,0.1388
27,1487,1514,0.1388
27,1495,1522,0.1388
28,1498,1526,0.1388
27,1499,1526,0.1388
28,1488,1516,0.1388
26,1487,1513,0.1388
26,1488,1514,0.1388
26,1495,1521,0.1388
27,1498,1525,0.1388
27,1500,1527,0.1388
27,1495,1522,0.1388
26,1503,1529,0.1388
26,1500,1526,0.1388
25,1496,1521,0.1388
24,1491,1515,0.1388
24,1469,1493,0.1388
23,1465,1488,0.1388
23,1473,1496,0.1388
24,1490,1514,0.1388
24,1493,1517,0.1388
24,1485,1509,0.1388
23,1481,1504,0.1388
23,1481,1504,0.1388
23,1483,1506,0.1388
24,1488,1512,0.1388
25,1490,1515,0.1388
23,1492,1515,0.1388
25,1504,1529,0.1388
23,1490,1513,0.1388
22,1490,1512,0.1388
22,1481,1503,0.1388
22,1477,1499,0.1388
25,1471,1496,0.1388
24,1494,1518,0.1388
24,1490,1514,0.1388
24,1490,1514,0.1388
24,1482,1506,0.1388
24,1490,1514,0.1388
24,1501,1525,0.1388
25,1508,1533,0.1388
25,1489,1514,0.1388
24,1487,1511,0.1388
24,1475,1499,0.1388
25,1484,1509,0.1388
25,1493,1518,0.1388
26,1501,1527,0.1388
25,1499,1524,0.1388
25,1490,1515,0.1388
24,1489,1513,0.1388
24,1484,1508,0.1388
25,1490,1515,0.1388
25,1490,1515,0.1388
25,1493,1518,0.1388
24,1496,1520,0.1388
24,1486,1510,0.1388
23,1491,1514,0.1388
22,1482,1504,0.1388
23,1487,1510,0.1388
21,1489,1510,0.1388
20,1493,1513,0.1388
19,1489,1508,0.1388
18,1500,1518,0.1388
17,1503,1520,0.1388
18,1513,1531,0.1388
18,1507,1525,0.1388
19,1513,1532,0.1388
19,1525,1544,0.1388
18,1507,1525,0.1388
18,1498,1516,0.1388
18,1493,1511,0.1388
18,1497,1515,0.1388
16,1513,1529,0.1388
16,1519,1535,0.1388
16,1504,1520,0.1388
16,1505,1521,0.1388
17,1504,1521,0.1388
18,1506,1524,0.1388
18,1511,1529,0.1388
19,1511,1530,0.1388
20,1502,1522,0.1388
19,1489,1508,0.1388
19,1496,1515,0.1388
19,1490,1509,0.1388
18,1488,1506,0.1388
18,1473,1491,0.1388
19,1479,1498,0.1388
19,1492,1511,0.1388
19,1504,1523,0.1388
19,1496,1515,0.1388
18,1500,1518,0.1388
18,1495,1513,0.1388
19,1484,1503,0.1388
18,1478,1496,0.1388
20,1482,1502,0.1388
20,1485,1505,0.1388
19,1492,1511,0.1388
20,1506,1526,0.1388
21,1504,1525,0.1388
20,1498,1518,0.1388
18,1493,1511,0.1388
19,1510,1529,0.1388
20,1508,1528,0.1388
18,1502,1520,0.1388
17,1499,1516,0.1388
15,1508,1523,0.1388
15,1501,1516,0.1388
15,1506,1521,0.1388
14,1491,1505,0.1388
12,1491,1503,0.1388
12,1494,1506,0.1388
13,1488,1501,0.1388
14,1509,1523,0.1388
14,1507,1521,0.1388
12,1512,1524,0.1388
12,1504,1516,0.1388
12,1502,1514,0.1388
12,1514,1526,0.1388
12,1502,1514,0.1388
13,1504,1517,0.1388
12,1495,1507,0.1388
13,1491,1504,0.1388
13,1496,1509,0.1388
13,1506,1519,0.1388
13,1488,1501,0.1388
15,1500,1515,0.1388
15,1510,1525,0.1388
15,1513,1528,0.1388
15,1507,1522,0.1388
15,1503,1518,0.1388
14,1512,1526,0.1388
13,1511,1524,0.1388
13,1528,1541,0.1388
13,1524,1537,0.1388
13,1521,1534,0.1388
12,1511,1523,0.1388
13,1511,1524,0.1388
13,1497,1510,0.1388
13,1515,1528,0.1388
12,1503,1515,0.1388
12,1509,1521,0.1388
13,1528,1541,0.1388
14,1530,1544,0.1388
12,1517,1529,0.1388
13,1515,1528,0.1388
14,1499,1513,0.1388
15,1500,1515,0.1388
15,1516,1531,0.1388
14,1520,1534,0.1388
13,1499,1512,0.1388
14,1507,1521,0.1388
15,1507,1522,0.1388
16,1491,1507,0.1388
16,1495,1511,0.1388
17,1490,1507,0.1388
17,1507,1524,0.1388
17,1499,1516,0.1388
17,1506,1523,0.1388
17,1502,1519,0.1388
17,1503,1520,0.1388
16,1499,1515,0.1388
16,1496,1512,0.1388
16,1498,1514,0.1388
16,1500,1516,0.1388
16,1493,1509,0.1388
18,1501,1519,0.1388
18,1502,1520,0.1388
19,1496,1515,0.1388
19,1492,1511,0.1388
18,1502,1520,0.1388
18,1505,1523,0.1388
17,1502,1519,0.1388
17,1490,1507,0.1388
17,1479,1496,0.1388
16,1501,1517,0.1388
15,1502,1517,0.1388
16,1508,1524,0.1388
18,1505,1523,0.1388
18,1495,1513,0.1388
17,1489,1506,0.1388
17,1501,1518,0.1388
16,1494,1510,0.1388
17,1518,1535,0.1388
17,1525,1542,0.1388
17,1522,1539,0.1388
17,1500,1517,0.1388
17,1485,1502,0.1388
18,1498,1516,0.1388
15,1487,1502,0.1388
15,1491,1506,0.1388
16,1498,1514,0.1388
15,1485,1500,0.1388
16,1477,1493,0.1388
18,1470,1488,0.1388
20,1492,1512,0.1388
21,1497,1518,0.1388
22,1497,1519,0.1388
23,1502,1525,0.1388
23,1509,1532,0.1388
22,1507,1529,0.1388
22,1496,1518,0.1388
22,1496,1518,0.1388
22,1505,1527,0.1388
22,1496,1518,0.1388
23,1494,1517,0.1388
22,1485,1507,0.1388
22,1492,1514,0.1388
23,1491,1514,0.1388
23,1501,1524,0.1388
23,1499,1522,0.1388
23,1495,1518,0.1388
22,1499,1521,0.1388
21,1483,1504,0.1388
22,1488,1510,0.1388
22,1499,1521,0.1388
22,1498,1520,0.1388
22,1496,1518,0.1388
22,1501,1523,0.1388
22,1497,1519,0.1388
20,1505,1525,0.1388
20,1502,1522,0.1388
22,1490,1512,0.1388
22,1501,1523,0.1388
23,1509,1532,0.1388
21,1503,1524,0.1388
21,1510,1531,0.1388
22,1495,1517,0.1388
22,1508,1530,0.1388
23,1477,1500,0.1388
22,1479,1501,0.1388
22,1487,1509,0.1388
24,1489,1513,0.1388
24,1479,1503,0.1388
24,1484,1508,0.1388
25,1483,1508,0.1388
25,1497,1522,0.1388
25,1495,1520,0.1388
25,1487,1512,0.1388
24,1486,1510,0.1388
23,1492,1515,0.1388
23,1490,1513,0.1388
22,1495,1517,0.1388
22,1495,1517,0.1388
22,1499,1521,0.1388
21,1484,1505,0.1388
22,1492,1514,0.1388
21,1496,1517,0.1388
22,1488,1510,0.1388
21,1495,1516,0.1388
22,1496,1518,0.1388
22,1480,1502,0.1388
22,1497,1519,0.1388
24,1499,1523,0.1388
24,1494,1518,0.1388
24,1511,1535,0.1388
25,1493,1518,0.1388
26,1496,1522,0.1388
26,1497,1523,0.1388
27,1498,1525,0.1388
27,1498,1525,0.1388
27,1489,1516,0.1388
27,1497,1524,0.1388
27,1496,1523,0.1388
27,1499,1526,0.1388
27,1507,1534,0.1388
26,1501,1527,0.1388
26,1503,1529,0.1388
27,1502,1529,0.1388
27,1497,1524,0.1388
29,1488,1517,0.1388
29,1492,1521,0.1388
27,1478,1505,0.1388
26,1494,1520,0.1388
26,1503,1529,0.1388
23,1508,1531,0.1388
24,1495,1519,0.1388
24,1499,1523,0.1388
25,1498,1523,0.1388
23,1500,1523,0.1388
24,1490,1514,0.1388
23,1498,1521,0.1388
24,1506,1530,0.1388
24,1504,1528,0.1388
24,1505,1529,0.1388
25,1508,1533,0.1388
24,1504,1528,0.1388
24,1501,1525,0.1388
23,1496,1519,0.1388
22,1501,1523,0.1388
23,1492,1515,0.1388
23,1486,1509,0.1388
24,1480,1504,0.1388
23,1493,1516,0.1388
23,1495,1518,0.1388
23,1510,1533,0.1388
23,1495,1518,0.1388
24,1492,1516,0.1388
23,1494,1517,0.1388
23,1497,1520,0.1388
25,1504,1529,0.1388
25,1503,1528,0.1388
24,1493,1517,0.1388
23,1497,1520,0.1388
21,1500,1521,0.1388
21,1503,1524,0.1388
20,1483,1503,0.1388
22,1481,1503,0.1388
22,1479,1501,0.1388
22,1495,1517,0.1388
22,1503,1525,0.1388
21,1491,1512,0.1388
23,1493,1516,0.1388
23,1504,1527,0.1388
22,1507,1529,0.1388
21,1498,1519,0.1388
21,1485,1506,0.1388
23,1498,1521,0.1388
24,1504,1528,0.1388
22,1493,1515,0.1388
23,1499,1522,0.1388
22,1493,1515,0.1388
22,1496,1518,0.1388
21,1496,1517,0.1388
21,1500,1521,0.1388
21,1493,1514,0.1388
20,1505,1525,0.1388
19,1506,1525,0.1388
19,1509,1528,0.1388
19,1505,1524,0.1388
18,1497,1515,0.1388
18,1492,1510,0.1388
17,1502,1519,0.1388
17,1496,1513,0.1388
17,1490,1507,0.1388
17,1501,1518,0.1388
17,1502,1519,0.1388
15,1495,1510,0.1388
15,1510,1525,0.1388
14,1505,1519,0.1388
14,1503,1517,0.1388
15,1502,1517,0.1388
15,1507,1522,0.1388
15,1513,1528,0.1388
14,1516,1530,0.1388
15,1515,1530,0.1388
15,1501,1516,0.1388
15,1503,1518,0.1388
14,1496,1510,0.1388
14,1506,1520,0.1388
14,1514,1528,0.1388
13,1496,1509,0.1388
15,1500,1515,0.1388
15,1492,1507,0.1388
15,1503,1518,0.1388
14,1490,1504,0.1388
14,1486,1500,0.1388
13,1492,1505,0.1388
12,1503,1515,0.1388
12,1512,1524,0.1388
12,1504,1516,0.1388
12,1499,1511,0.1388
12,1502,1514,0.1388
12,1500,1512,0.1388
12,1500,1512,0.1388
13,1494,1507,0.1388
12,1502,1514,0.1388
11,1517,1528,0.1388
12,1499,1511,0.1388
12,1508,1520,0.1388
12,1504,1516,0.1388
12,1505,1517,0.1388
12,1506,1518,0.1388
11,1507,1518,0.1388
13,1515,1528,0.1388
12,1513,1525,0.1388
11,1510,1521,0.1388
12,1511,1523,0.1388
11,1505,1516,0.1388
13,1502,1515,0.1388
13,1509,1522,0.1388
13,1501,1514,0.1388
13,1504,1517,0.1388
13,1515,1528,0.1388
12,1505,1517,0.1388
13,1501,1514,0.1388
14,1508,1522,0.1388
12,1508,1520,0.1388
13,1507,1520,0.1388
13,1517,1530,0.1388
13,1520,1533,0.1388
14,1503,1517,0.1388
14,1509,1523,0.1388
13,1523,1536,0.1388
13,1525,1538,0.1388
14,1519,1533,0.1388
13,1511,1524,0.1388
12,1512,1524,0.1388
15,1501,1516,0.1388
15,1496,1511,0.1388
15,1503,1518,0.1388
14,1503,1517,0.1388
15,1505,1520,0.1388
15,1506,1521,0.1388
15,1494,1509,0.1388
14,1499,1513,0.1388
14,1499,1513,0.1388
13,1508,1521,0.1388
13,1500,1513,0.1388
12,1492,1504,0.1388
14,1496,1510,0.1388
14,1493,1507,0.1388
14,1495,1509,0.1388
14,1496,1510,0.1388
15,1484,1499,0.1388
15,1496,1511,0.1388
15,1505,1520,0.1388
14,1495,1509,0.1388
15,1489,1504,0.1388
15,1497,1512,0.1388
15,1487,1502,0.1388
16,1492,1508,0.1388
16,1495,1511,0.1388
16,1488,1504,0.1388
16,1495,1511,0.1388
16,1508,1524,0.1388
16,1502,1518,0.1388
16,1507,1523,0.1388
16,1498,1514,0.1388
16,1497,1513,0.1388
15,1510,1525,0.1388
15,1499,1514,0.1388
16,1504,1520,0.1388
15,1497,1512,0.1388
14,1502,1516,0.1388
14,1504,1518,0.1388
14,1511,1525,0.1388
15,1510,1525,0.1388
15,1509,1524,0.1388
16,1500,1516,0.1388
14,1522,1536,0.1388
14,1513,1527,0.1388
14,1519,1533,0.1388
14,1512,1526,0.1388
14,1501,1515,0.1388
14,1510,1524,0.1388
14,1514,1528,0.1388
14,1529,1543,0.1388
14,1527,1541,0.1388
13,1516,1529,0.1388
14,1519,1533,0.1388
15,1513,1528,0.1388
16,1514,1530,0.1388
16,1517,1533,0.1388
16,1504,1520,0.1388
16,1505,1521,0.1388
16,1504,1520,0.1388
15,1508,1523,0.1388
14,1502,1516,0.1388
14,1494,1508,0.1388
14,1505,1519,0.1388
14,1512,1526,0.1388
15,1504,1519,0.1388
15,1511,1526,0.1388
15,1505,1520,0.1388
15,1507,1522,0.1388
15,1503,1518,0.1388
14,1505,1519,0.1388
14,1499,1513,0.1388
14,1503,1517,0.1388
14,1497,1511,0.1388
13,1499,1512,0.1388
13,1506,1519,0.1388
13,1504,1517,0.1388
13,1504,1517,0.1388
13,1502,1515,0.1388
13,1508,1521,0.1388
12,1514,1526,0.1388
12,1502,1514,0.1388
12,1491,1503,0.1388
12,1503,1515,0.1388
12,1504,1516,0.1388
13,1503,1516,0.1388
14,1515,1529,0.1388
15,1525,1540,0.1388
15,1505,1520,0.1388
15,1501,1516,0.1388
14,1487,1501,0.1388
14,1491,1505,0.1388
14,1498,1512,0.1388
12,1495,1507,0.1388
12,1504,1516,0.1388
13,1506,1519,0.1388
13,1507,1520,0.1388
13,1517,1530,0.1388
14,1534,1548,0.1388
13,1511,1524,0.1388
12,1512,1524,0.1388
11,1507,1518,0.1388
10,1518,1528,0.1388
10,1515,1525,0.1388
9,1505,1514,0.1388
8,1506,1514,0.1388
8,1525,1533,0.1388
8,1521,1529,0.1388
9,1509,1518,0.1388
9,1519,1528,0.1388
9,1522,1531,0.1388
9,1513,1522,0.1388
9,1507,1516,0.1388
10,1509,1519,0.1388
10,1517,1527,0.1388
8,1506,1514,0.1388
9,1503,1512,0.1388
9,1497,1506,0.1388
10,1521,1531,0.1388
10,1516,1526,0.1388
9,1516,1525,0.1388
9,1511,1520,0.1388
9,1501,1510,0.1388
9,1508,1517,0.1388
9,1508,1517,0.1388
9,1515,1524,0.1388
9,1500,1509,0.1388
9,1491,1500,0.1388
9,1499,1508,0.1388
7,1511,1518,0.1388
7,1512,1519,0.1388
6,1516,1522,0.1388
5,1517,1522,0.1388
5,1509,1514,0.1388
5,1525,1530,0.1388
5,1523,1528,0.1388
5,1517,1522,0.1388
4,1521,1525,0.1388
4,1518,1522,0.1388
4,1522,1526,0.1388
4,1518,1522,0.1388
4,1507,1511,0.1388
4,1523,1527,0.1388
4,1522,1526,0.1388
4,1511,1515,0.1388
4,1501,1505,0.1388
4,1504,1508,0.1388
4,1503,1507,0.1388
4,1518,1522,0.1388
4,1518,1522,0.1388
4,1516,1520,0.1388
4,1513,1517,0.1388
4,1511,1515,0.1388
4,1506,1510,0.1388
4,1495,1499,0.1388
5,1499,1504,0.1388
5,1501,1506,0.1388
6,1501,1507,0.1388
5,1502,1507,0.1388
4,1508,1512,0.1388
4,1509,1513,0.1388
4,1508,1512,0.1388
4,1509,1513,0.1388
4,1519,1523,0.1388
4,1510,1514,0.1388
4,1513,1517,0.1388
4,1497,1501,0.1388
4,1509,1513,0.1388
4,1504,1508,0.1388
4,1490,1494,0.1388
4,1510,1514,0.1388
4,1514,1518,0.1388
4,1515,1519,0.1388
4,1526,1530,0.1388
4,1520,1524,0.1388
4,1514,1518,0.1388
4,1513,1517,0.1388
4,1503,1507,0.1388
4,1511,1515,0.1388
4,1508,1512,0.1388
4,1502,1506,0.1388
4,1514,1518,0.1388
3,1513,1516,0.1388
4,1528,1532,0.1388
4,1507,1511,0.1388
4,1514,1518,0.1388
4,1503,1507,0.1388
4,1511,1515,0.1388
4,1509,1513,0.1388
4,1509,1513,0.1388
4,1512,1516,0.1388
4,1520,1524,0.1388
5,1517,1522,0.1388
6,1504,1510,0.1388
6,1499,1505,0.1388
6,1507,1513,0.1388
6,1510,1516,0.1388
6,1506,1512,0.1388
6,1504,1510,0.1388
6,1505,1511,0.1388
6,1512,1518,0.1388
6,1511,1517,0.1388
6,1504,1510,0.1388
6,1504,1510,0.1388
7,1508,1515,0.1388
7,1514,1521,0.1388
6,1510,1516,0.1388
6,1518,1524,0.1388
4,1513,1517,0.1388
4,1491,1495,0.1388
4,1503,1507,0.1388
4,1511,1515,0.1388
5,1511,1516,0.1388
5,1514,1519,0.1388
5,1513,1518,0.1388
5,1518,1523,0.1388
5,1513,1518,0.1388
5,1512,1517,0.1388
5,1520,1525,0.1388
4,1514,1518,0.1388
4,1501,1505,0.1388
4,1488,1492,0.1388
6,1494,1500,0.1388
7,1495,1502,0.1388
7,1499,1506,0.1388
7,1509,1516,0.1388
6,1511,1517,0.1388
6,1504,1510,0.1388
5,1521,1526,0.1388
5,1499,1504,0.1388
5,1494,1499,0.1388
5,1489,1494,0.1388
4,1479,1483,0.1388
4,1498,1502,0.1388
4,1504,1508,0.1388
4,1505,1509,0.1388
5,1501,1506,0.1388
5,1499,1504,0.1388
5,1506,1511,0.1388
5,1498,1503,0.1388
5,1494,1499,0.1388
5,1511,1516,0.1388
5,1518,1523,0.1388
4,1519,1523,0.1388
4,1516,1520,0.1388
4,1512,1516,0.1388
4,1507,1511,0.1388
4,1510,1514,0.1388
4,1507,1511,0.1388
4,1507,1511,0.1388
4,1512,1516,0.1388
5,1494,1499,0.1388
5,1507,1512,0.1388
5,1518,1523,0.1388
5,1524,1529,0.1388
5,1526,1531,0.1388
5,1520,1525,0.1388
5,1517,1522,0.1388
5,1514,1519,0.1388
5,1492,1497,0.1388
5,1499,1504,0.1388
6,1495,1501,0.1388
6,1500,1506,0.1388
6,1500,1506,0.1388
6,1504,1510,0.1388
6,1497,1503,0.1388
6,1505,1511,0.1388
6,1502,1508,0.1388
6,1509,1515,0.1388
6,1498,1504,0.1388
6,1496,1502,0.1388
6,1511,1517,0.1388
7,1511,1518,0.1388
7,1519,1526,0.1388
7,1524,1531,0.1388
7,1511,1518,0.1388
7,1519,1526,0.1388
8,1513,1521,0.1388
8,1514,1522,0.1388
7,1507,1514,0.1388
6,1502,1508,0.1388
6,1504,1510,0.1388
6,1516,1522,0.1388
5,1515,1520,0.1388
5,1512,1517,0.1388
5,1512,1517,0.1388
5,1492,1497,0.1388
5,1501,1506,0.1388
5,1500,1505,0.1388
5,1506,1511,0.1388
6,1505,1511,0.1388
6,1511,1517,0.1388
6,1524,1530,0.1388
6,1518,1524,0.1388
6,1522,1528,0.1388
6,1512,1518,0.1388
5,1516,1521,0.1388
5,1517,1522,0.1388
5,1534,1539,0.1388
5,1533,1538,0.1388
5,1521,1526,0.1388
5,1519,1524,0.1388
4,1507,1511,0.1388
4,1509,1513,0.1388
4,1520,1524,0.1388
4,1512,1516,0.1388
4,1507,1511,0.1388
4,1513,1517,0.1388
3,1506,1509,0.1388
3,1500,1503,0.1388
3,1504,1507,0.1388
2,1509,1511,0.1388
2,1506,1508,0.1388
2,1512,1514,0.1388
1,1524,1525,0.1388
1,1529,1530,0.1388
1,1526,1527,0.1388
1,1520,1521,0.1388
1,1520,1521,0.1388
1,1508,1509,0.1388
1,1515,1516,0.1388
1,1524,1525,0.1388
1,1529,1530,0.1388
1,1528,1529,0.1388
1,1527,1528,0.1388
1,1522,1523,0.1388
1,1504,1505,0.1388
1,1514,1515,0.1388
2,1531,1533,0.1388
2,1524,1526,0.1388
2,1536,1538,0.1388
2,1513,1515,0.1388
2,1518,1520,0.1388
2,1522,1524,0.1388
2,1514,1516,0.1388
2,1512,1514,0.1388
2,1511,1513,0.1388
2,1515,1517,0.1388
2,1521,1523,0.1388
2,1522,1524,0.1388
2,1517,1519,0.1388
2,1504,1506,0.1388
1,1511,1512,0.1388
1,1518,1519,0.1388
1,1515,1516,0.1388
1,1517,1518,0.1388
1,1526,1527,0.1388
1,1517,1518,0.1388
1,1518,1519,0.1388
1,1521,1522,0.1388
1,1512,1513,0.1388
1,1520,1521,0.1388
1,1525,1526,0.1388
1,1523,1524,0.1388
1,1517,1518,0.1388
1,1522,1523,0.1388
1,1523,1524,0.1388
1,1519,1520,0.1388
1,1509,1510,0.1388
1,1514,1515,0.1388
1,1517,1518,0.1388
1,1511,1512,0.1388
1,1514,1515,0.1388
1,1511,1512,0.1388
1,1520,1521,0.1388
1,1518,1519,0.1388
1,1506,1507,0.1388
1,1493,1494,0.1388
1,1503,1504,0.1388
1,1507,1508,0.1388
1,1526,1527,0.1388
1,1522,1523,0.1388
1,1527,1528,0.1388
1,1520,1521,0.1388
1,1535,1536,0.1388
1,1524,1525,0.1388
1,1513,1514,0.1388
2,1499,1501,0.1388
2,1513,1515,0.1388
2,1504,1506,0.1388
2,1501,1503,0.1388
2,1515,1517,0.1388
2,1523,1525,0.1388
1,1522,1523,0.1388
1,1519,1520,0.1388
1,1513,1514,0.1388
1,1528,1529,0.1388
1,1526,1527,0.1388
1,1525,1526,0.1388
1,1513,1514,0.1388
1,1500,1501,0.1388
1,1493,1494,0.1388
1,1499,1500,0.1388
1,1510,1511,0.1388
1,1507,1508,0.1388
1,1501,1502,0.1388
1,1505,1506,0.1388
1,1494,1495,0.1388
1,1496,1497,0.1388
1,1504,1505,0.1388
1,1510,1511,0.1388
1,1503,1504,0.1388
1,1491,1492,0.1388
1,1491,1492,0.1388
1,1496,1497,0.1388
1,1503,1504,0.1388
1,1498,1499,0.1388
1,1503,1504,0.1388
1,1512,1513,0.1388
1,1510,1511,0.1388
1,1522,1523,0.1388
1,1520,1521,0.1388
1,1518,1519,0.1388
1,1521,1522,0.1388
1,1531,1532,0.1388
1,1531,1532,0.1388
1,1522,1523,0.1388
1,1516,1517,0.1388
1,1517,1518,0.1388
1,1509,1510,0.1388
1,1498,1499,0.1388
1,1498,1499,0.1388
1,1508,1509,0.1388
1,1510,1511,0.1388
1,1522,1523,0.1388
0,1521,1521,0.1388
