1366,29,1395,0.1388
1401,31,1432,0.1388
1405,30,1435,0.1388
1429,31,1460,0.1388
1440,31,1471,0.1388
1447,34,1481,0.1388
1457,33,1490,0.1388
1448,31,1479,0.1388
1452,31,1483,0.1388
1453,31,1484,0.1388
1449,31,1480,0.1388
1440,33,1473,0.1388
1430,32,1462,0.1388
1441,32,1473,0.1388
1457,30,1487,0.1388
1471,31,1502,0.1388
1484,29,1513,0.1388
1477,31,1508,0.1388
1466,30,1496,0.1388
1460,30,1490,0.1388
1477,31,1508,0.1388
1457,31,1488,0.1388
1459,31,1490,0.1388
1461,31,1492,0.1388
1467,31,1498,0.1388
1456,30,1486,0.1388
1459,30,1489,0.1388
1464,30,1494,0.1388
1467,31,1498,0.1388
1463,32,1495,0.1388
1449,34,1483,0.1388
1444,32,1476,0.1388
1433,34,1467,0.1388
1426,32,1458,0.1388
1435,33,1468,0.1388
1436,31,1467,0.1388
1451,32,1483,0.1388
1457,32,1489,0.1388
1465,32,1497,0.1388
1463,32,1495,0.1388
1452,33,1485,0.1388
1464,34,1498,0.1388
1465,34,1499,0.1388
1467,31,1498,0.1388
1470,31,1501,0.1388
1462,29,1491,0.1388
1459,29,1488,0.1388
1458,31,1489,0.1388
1468,33,1501,0.1388
1455,34,1489,0.1388
1462,35,1497,0.1388
1471,36,1507,0.1388
1455,38,1493,0.1388
1457,36,1493,0.1388
1459,39,1498,0.1388
1458,42,1500,0.1388
1473,41,1514,0.1388
1458,43,1501,0.1388
1463,44,1507,0.1388
1447,43,1490,0.1388
1446,42,1488,0.1388
1450,39,1489,0.1388
1458,39,1497,0.1388
1466,38,1504,0.1388
1479,40,1519,0.1388
1478,35,1513,0.1388
1462,36,1498,0.1388
1469,35,1504,0.1388
1464,37,1501,0.1388
1452,38,1490,0.1388
1458,38,1496,0.1388
1463,38,1501,0.1388
1470,39,1509,0.1388
1467,40,1507,0.1388
1470,39,1509,0.1388
1456,39,1495,0.1388
1447,39,1486,0.1388
1448,38,1486,0.1388
1442,39,1481,0.1388
1454,40,1494,0.1388
1456,40,1496,0.1388
1445,41,1486,0.1388
1449,42,1491,0.1388
1444,39,1483,0.1388
1441,42,1483,0.1388
1446,42,1488,0.1388
1447,45,1492,0.1388
1455,46,1501,0.1388
1448,42,1490,0.1388
1441,42,1483,0.1388
1433,44,1477,0.1388
1442,42,1484,0.1388
1442,40,1482,0.1388
1452,42,1494,0.1388
1459,43,1502,0.1388
1445,43,1488,0.1388
1453,44,1497,0.1388
1460,42,1502,0.1388
1462,42,1504,0.1388
1462,44,1506,0.1388
1448,47,1495,0.1388
1462,47,1509,0.1388
1454,46,1500,0.1388
1458,48,1506,0.1388
1462,47,1509,0.1388
1448,43,1491,0.1388
1436,42,1478,0.1388
1434,46,1480,0.1388
1437,45,1482,0.1388
1445,47,1492,0.1388
1447,49,1496,0.1388
1457,49,1506,0.1388
1455,50,1505,0.1388
1454,47,1501,0.1388
1461,47,1508,0.1388
1453,45,1498,0.1388
1451,44,1495,0.1388
1449,45,1494,0.1388
1445,43,1488,0.1388
1442,45,1487,0.1388
1450,44,1494,0.1388
1453,44,1497,0.1388
1452,47,1499,0.1388
1457,45,1502,0.1388
1452,45,1497,0.1388
1445,48,1493,0.1388
1450,47,1497,0.1388
1455,46,1501,0.1388
1444,47,1491,0.1388
1442,45,1487,0.1388
1442,46,1488,0.1388
1446,48,1494,0.1388
1439,48,1487,0.1388
1454,45,1499,0.1388
1448,48,1496,0.1388
1440,45,1485,0.1388
1446,46,1492,0.1388
1458,46,1504,0.1388
1460,47,1507,0.1388
1477,47,1524,0.1388
1459,47,1506,0.1388
1448,47,1495,0.1388
1448,46,1494,0.1388
1442,47,1489,0.1388
1444,48,1492,0.1388
1437,48,1485,0.1388
1435,50,1485,0.1388
1439,49,1488,0.1388
1447,47,1494,0.1388
1447,47,1494,0.1388
1449,49,1498,0.1388
1448,52,1500,0.1388
1446,52,1498,0.1388
1445,54,1499,0.1388
1443,53,1496,0.1388
1438,51,1489,0.1388
1439,49,1488,0.1388
1446,51,1497,0.1388
1443,52,1495,0.1388
1447,53,1500,0.1388
1447,56,1503,0.1388
1435,53,1488,0.1388
1446,52,1498,0.1388
1451,52,1503,0.1388
1439,53,1492,0.1388
1442,55,1497,0.1388
1442,57,1499,0.1388
1439,60,1499,0.1388
1421,59,1480,0.1388
1425,59,1484,0.1388
1424,57,1481,0.1388
1417,56,1473,0.1388
1422,55,1477,0.1388
1433,53,1486,0.1388
1424,51,1475,0.1388
1441,53,1494,0.1388
1438,53,1491,0.1388
1445,55,1500,0.1388
1443,54,1497,0.1388
1434,52,1486,0.1388
1443,50,1493,0.1388
1452,50,1502,0.1388
1451,50,1501,0.1388
1439,50,1489,0.1388
1442,49,1491,0.1388
1437,47,1484,0.1388
1438,52,1490,0.1388
1439,50,1489,0.1388
1436,53,1489,0.1388
1433,53,1486,0.1388
1443,57,1500,0.1388
1443,57,1500,0.1388
1434,56,1490,0.1388
1431,57,1488,0.1388
1426,61,1487,0.1388
1429,59,1488,0.1388
1422,63,1485,0.1388
1417,62,1479,0.1388
1419,56,1475,0.1388
1428,58,1486,0.1388
1419,57,1476,0.1388
1439,59,1498,0.1388
1437,58,1495,0.1388
1441,57,1498,0.1388
1439,56,1495,0.1388
1428,57,1485,0.1388
1430,58,1488,0.1388
1436,56,1492,0.1388
1428,56,1484,0.1388
1425,56,1481,0.1388
1419,56,1475,0.1388
1422,58,1480,0.1388
1415,59,1474,0.1388
1416,59,1475,0.1388
1426,61,1487,0.1388
1437,63,1500,0.1388
1439,64,1503,0.1388
1431,68,1499,0.1388
1417,70,1487,0.1388
1406,72,1478,0.1388
1404,70,1474,0.1388
1411,71,1482,0.1388
1413,73,1486,0.1388
1407,72,1479,0.1388
1392,75,1467,0.1388
1399,76,1475,0.1388
1410,74,1484,0.1388
1412,71,1483,0.1388
1399,72,1471,0.1388
1411,77,1488,0.1388
1412,78,1490,0.1388
1411,78,1489,0.1388
1415,79,1494,0.1388
1421,80,1501,0.1388
1416,83,1499,0.1388
1422,83,1505,0.1388
1431,81,1512,0.1388
1430,82,1512,0.1388
1414,82,1496,0.1388
1411,82,1493,0.1388
1414,84,1498,0.1388
1403,85,1488,0.1388
1397,82,1479,0.1388
1395,85,1480,0.1388
1401,85,1486,0.1388
1395,86,1481,0.1388
1397,88,1485,0.1388
1398,88,1486,0.1388
1390,84,1474,0.1388
1391,83,1474,0.1388
1402,85,1487,0.1388
1413,85,1498,0.1388
1414,85,1499,0.1388
1406,84,1490,0.1388
1401,85,1486,0.1388
1406,86,1492,0.1388
1396,89,1485,0.1388
1388,86,1474,0.1388
1406,88,1494,0.1388
1410,88,1498,0.1388
1415,88,1503,0.1388
1402,85,1487,0.1388
1390,85,1475,0.1388
1399,88,1487,0.1388
1393,84,1477,0.1388
1404,85,1489,0.1388
1407,84,1491,0.1388
1394,83,1477,0.1388
1404,84,1488,0.1388
1390,80,1470,0.1388
1404,81,1485,0.1388
1413,82,1495,0.1388
1409,84,1493,0.1388
1411,84,1495,0.1388
1402,83,1485,0.1388
1399,84,1483,0.1388
1408,82,1490,0.1388
1418,83,1501,0.1388
1401,84,1485,0.1388
1393,85,1478,0.1388
1398,83,1481,0.1388
1408,85,1493,0.1388
1421,84,1505,0.1388
1401,85,1486,0.1388
1404,85,1489,0.1388
1412,85,1497,0.1388
1411,85,1496,0.1388
1398,89,1487,0.1388
1403,89,1492,0.1388
1397,89,1486,0.1388
1411,89,1500,0.1388
1420,88,1508,0.1388
1405,88,1493,0.1388
1403,86,1489,0.1388
1393,88,1481,0.1388
1401,89,1490,0.1388
1402,92,1494,0.1388
1414,90,1504,0.1388
1404,86,1490,0.1388
1409,87,1496,0.1388
1403,82,1485,0.1388
1392,83,1475,0.1388
1413,85,1498,0.1388
1399,86,1485,0.1388
1405,85,1490,0.1388
1399,83,1482,0.1388
1413,84,1497,0.1388
1421,84,1505,0.1388
1407,86,1493,0.1388
1408,86,1494,0.1388
1403,85,1488,0.1388
1406,85,1491,0.1388
1412,85,1497,0.1388
1405,84,1489,0.1388
1397,84,1481,0.1388
1407,85,1492,0.1388
1416,85,1501,0.1388
1415,88,1503,0.1388
1408,89,1497,0.1388
1418,88,1506,0.1388
1416,87,1503,0.1388
1415,86,1501,0.1388
1416,84,1500,0.1388
1405,83,1488,0.1388
1408,85,1493,0.1388
1402,86,1488,0.1388
1401,88,1489,0.1388
1411,89,1500,0.1388
1414,89,1503,0.1388
1404,91,1495,0.1388
1404,86,1490,0.1388
1407,88,1495,0.1388
1401,88,1489,0.1388
1400,89,1489,0.1388
1406,90,1496,0.1388
1406,86,1492,0.1388
1403,89,1492,0.1388
1399,87,1486,0.1388
1410,90,1500,0.1388
1408,92,1500,0.1388
1401,94,1495,0.1388
1410,91,1501,0.1388
1416,93,1509,0.1388
1414,94,1508,0.1388
1409,95,1504,0.1388
1412,95,1507,0.1388
1402,96,1498,0.1388
1399,95,1494,0.1388
1407,95,1502,0.1388
1399,95,1494,0.1388
1388,96,1484,0.1388
1388,95,1483,0.1388
1405,96,1501,0.1388
1385,98,1483,0.1388
1388,96,1484,0.1388
1393,96,1489,0.1388
1397,92,1489,0.1388
1398,93,1491,0.1388
1398,94,1492,0.1388
1384,93,1477,0.1388
1386,94,1480,0.1388
1389,90,1479,0.1388
1396,93,1489,0.1388
1398,93,1491,0.1388
1396,90,1486,0.1388
1406,92,1498,0.1388
1395,92,1487,0.1388
1392,94,1486,0.1388
1391,93,1484,0.1388
1394,90,1484,0.1388
1396,86,1482,0.1388
1400,87,1487,0.1388
1412,89,1501,0.1388
1414,88,1502,0.1388
1418,86,1504,0.1388
1408,90,1498,0.1388
1418,90,1508,0.1388
1417,91,1508,0.1388
1419,94,1513,0.1388
1410,93,1503,0.1388
1400,92,1492,0.1388
1395,89,1484,0.1388
1395,89,1484,0.1388
1397,87,1484,0.1388
1400,87,1487,0.1388
1395,87,1482,0.1388
1401,86,1487,0.1388
1409,90,1499,0.1388
1415,88,1503,0.1388
1412,89,1501,0.1388
1397,87,1484,0.1388
1408,87,1495,0.1388
1418,89,1507,0.1388
1413,91,1504,0.1388
1419,87,1506,0.1388
1411,87,1498,0.1388
1407,83,1490,0.1388
1394,80,1474,0.1388
1392,75,1467,0.1388
1392,78,1470,0.1388
1402,85,1487,0.1388
1413,83,1496,0.1388
1411,85,1496,0.1388
1411,84,1495,0.1388
1407,83,1490,0.1388
1417,84,1501,0.1388
1410,89,1499,0.1388
1403,90,1493,0.1388
1411,92,1503,0.1388
1404,89,1493,0.1388
1390,92,1482,0.1388
1390,95,1485,0.1388
1394,98,1492,0.1388
1391,99,1490,0.1388
1409,101,1510,0.1388
1407,97,1504,0.1388
1403,98,1501,0.1388
1410,100,1510,0.1388
1410,101,1511,0.1388
1402,101,1503,0.1388
1399,102,1501,0.1388
1393,101,1494,0.1388
1385,102,1487,0.1388
1401,106,1507,0.1388
1407,107,1514,0.1388
1405,102,1507,0.1388
1407,103,1510,0.1388
1390,107,1497,0.1388
1393,107,1500,0.1388
1385,109,1494,0.1388
1391,108,1499,0.1388
1395,108,1503,0.1388
1386,106,1492,0.1388
1378,108,1486,0.1388
1375,106,1481,0.1388
1375,110,1485,0.1388
1380,114,1494,0.1388
1366,118,1484,0.1388
1361,116,1477,0.1388
1375,116,1491,0.1388
1369,115,1484,0.1388
1377,113,1490,0.1388
1376,110,1486,0.1388
1376,111,1487,0.1388
1378,112,1490,0.1388
1386,112,1498,0.1388
1386,117,1503,0.1388
1373,119,1492,0.1388
1387,115,1502,0.1388
1385,118,1503,0.1388
1384,122,1506,0.1388
1390,122,1512,0.1388
1388,126,1514,0.1388
1383,125,1508,0.1388
1383,124,1507,0.1388
1384,121,1505,0.1388
1377,121,1498,0.1388
1386,121,1507,0.1388
1380,122,1502,0.1388
1385,121,1506,0.1388
1365,125,1490,0.1388
1354,130,1484,0.1388
1358,129,1487,0.1388
1370,129,1499,0.1388
1361,126,1487,0.1388
1365,122,1487,0.1388
1363,126,1489,0.1388
1362,123,1485,0.1388
1359,125,1484,0.1388
1359,127,1486,0.1388
1358,131,1489,0.1388
1357,131,1488,0.1388
1349,129,1478,0.1388
1362,128,1490,0.1388
1358,131,1489,0.1388
1366,132,1498,0.1388
1359,129,1488,0.1388
1366,128,1494,0.1388
1349,133,1482,0.1388
1365,132,1497,0.1388
1366,132,1498,0.1388
1384,132,1516,0.1388
1379,134,1513,0.1388
1384,139,1523,0.1388
1371,137,1508,0.1388
1360,140,1500,0.1388
1348,141,1489,0.1388
1356,139,1495,0.1388
1353,139,1492,0.1388
1375,139,1514,0.1388
1369,136,1505,0.1388
1370,138,1508,0.1388
1359,132,1491,0.1388
1357,128,1485,0.1388
1355,132,1487,0.1388
1353,134,1487,0.1388
1346,133,1479,0.1388
1352,128,1480,0.1388
1356,126,1482,0.1388
1363,128,1491,0.1388
1376,129,1505,0.1388
1366,129,1495,0.1388
1366,132,1498,0.1388
1365,134,1499,0.1388
1361,132,1493,0.1388
1365,132,1497,0.1388
1367,125,1492,0.1388
1370,124,1494,0.1388
1361,125,1486,0.1388
1368,128,1496,0.1388
1360,123,1483,0.1388
1353,126,1479,0.1388
1367,124,1491,0.1388
1353,120,1473,0.1388
1360,118,1478,0.1388
1356,115,1471,0.1388
1368,116,1484,0.1388
1373,110,1483,0.1388
1371,110,1481,0.1388
1371,113,1484,0.1388
1363,116,1479,0.1388
1375,113,1488,0.1388
1389,115,1504,0.1388
1389,114,1503,0.1388
1381,117,1498,0.1388
1384,121,1505,0.1388
1373,120,1493,0.1388
1376,121,1497,0.1388
1375,122,1497,0.1388
1371,124,1495,0.1388
1375,128,1503,0.1388
1379,127,1506,0.1388
1374,124,1498,0.1388
1372,127,1499,0.1388
1371,123,1494,0.1388
1354,121,1475,0.1388
1363,127,1490,0.1388
1379,129,1508,0.1388
1382,128,1510,0.1388
1382,125,1507,0.1388
1371,128,1499,0.1388
1368,124,1492,0.1388
1372,126,1498,0.1388
1369,128,1497,0.1388
1369,127,1496,0.1388
1370,127,1497,0.1388
1360,128,1488,0.1388
1359,128,1487,0.1388
1351,127,1478,0.1388
1354,125,1479,0.1388
1362,125,1487,0.1388
1355,126,1481,0.1388
1365,128,1493,0.1388
1364,127,1491,0.1388
1370,126,1496,0.1388
1381,125,1506,0.1388
1364,126,1490,0.1388
1381,127,1508,0.1388
1375,126,1501,0.1388
1367,124,1491,0.1388
1364,123,1487,0.1388
1364,129,1493,0.1388
1356,131,1487,0.1388
1364,133,1497,0.1388
1379,127,1506,0.1388
1385,128,1513,0.1388
1374,132,1506,0.1388
1357,133,1490,0.1388
1354,134,1488,0.1388
1352,133,1485,0.1388
1360,133,1493,0.1388
1352,133,1485,0.1388
1351,136,1487,0.1388
1361,137,1498,0.1388
1358,143,1501,0.1388
1352,142,1494,0.1388
1359,143,1502,0.1388
1377,142,1519,0.1388
1370,142,1512,0.1388
1362,143,1505,0.1388
1361,144,1505,0.1388
1343,143,1486,0.1388
1345,146,1491,0.1388
1361,149,1510,0.1388
1360,150,1510,0.1388
1358,149,1507,0.1388
1352,151,1503,0.1388
1353,147,1500,0.1388
1356,147,1503,0.1388
1358,145,1503,0.1388
1355,147,1502,0.1388
1352,153,1505,0.1388
1353,157,1510,0.1388
1349,155,1504,0.1388
1340,152,1492,0.1388
1341,148,1489,0.1388
1333,147,1480,0.1388
1344,149,1493,0.1388
1341,147,1488,0.1388
1336,151,1487,0.1388
1338,150,1488,0.1388
1342,154,1496,0.1388
1348,149,1497,0.1388
1334,153,1487,0.1388
1333,151,1484,0.1388
1337,153,1490,0.1388
1325,152,1477,0.1388
1335,151,1486,0.1388
1347,154,1501,0.1388
1338,155,1493,0.1388
1334,151,1485,0.1388
1341,156,1497,0.1388
1347,157,1504,0.1388
1351,160,1511,0.1388
1340,158,1498,0.1388
1345,160,1505,0.1388
1335,155,1490,0.1388
1336,160,1496,0.1388
1321,164,1485,0.1388
1336,164,1500,0.1388
1349,165,1514,0.1388
1324,167,1491,0.1388
1337,161,1498,0.1388
1332,163,1495,0.1388
1314,166,1480,0.1388
1315,169,1484,0.1388
1307,170,1477,0.1388
1309,164,1473,0.1388
1318,166,1484,0.1388
1320,166,1486,0.1388
1334,166,1500,0.1388
1354,166,1520,0.1388
1334,163,1497,0.1388
1323,161,1484,0.1388
1325,163,1488,0.1388
1329,168,1497,0.1388
1322,167,1489,0.1388
1312,167,1479,0.1388
1318,168,1486,0.1388
1319,178,1497,0.1388
1322,176,1498,0.1388
1317,175,1492,0.1388
1305,177,1482,0.1388
1301,178,1479,0.1388
1305,182,1487,0.1388
1312,186,1498,0.1388
1322,183,1505,0.1388
1317,178,1495,0.1388
1317,178,1495,0.1388
1300,181,1481,0.1388
1307,181,1488,0.1388
1320,180,1500,0.1388
1324,178,1502,0.1388
1322,178,1500,0.1388
1310,176,1486,0.1388
1318,173,1491,0.1388
1317,177,1494,0.1388
1317,179,1496,0.1388
1312,179,1491,0.1388
1314,178,1492,0.1388
1324,175,1499,0.1388
1319,178,1497,0.1388
1315,176,1491,0.1388
1311,176,1487,0.1388
1297,176,1473,0.1388
1300,178,1478,0.1388
1298,183,1481,0.1388
1320,187,1507,0.1388
1308,187,1495,0.1388
1318,182,1500,0.1388
1314,182,1496,0.1388
1307,182,1489,0.1388
1306,185,1491,0.1388
1309,186,1495,0.1388
1310,187,1497,0.1388
1308,182,1490,0.1388
1318,184,1502,0.1388
1295,183,1478,0.1388
1308,189,1497,0.1388
1308,191,1499,0.1388
1302,188,1490,0.1388
1305,186,1491,0.1388
1298,188,1486,0.1388
1299,189,1488,0.1388
1313,188,1501,0.1388
1302,194,1496,0.1388
1295,197,1492,0.1388
1289,191,1480,0.1388
1291,192,1483,0.1388
1294,192,1486,0.1388
1281,196,1477,0.1388
1285,198,1483,0.1388
1292,201,1493,0.1388
1291,201,1492,0.1388
1301,203,1504,0.1388
1298,201,1499,0.1388
1291,199,1490,0.1388
1289,200,1489,0.1388
1282,203,1485,0.1388
1284,198,1482,0.1388
1286,204,1490,0.1388
1278,206,1484,0.1388
1279,208,1487,0.1388
1276,206,1482,0.1388
1278,206,1484,0.1388
1280,213,1493,0.1388
1277,211,1488,0.1388
1275,214,1489,0.1388
1267,213,1480,0.1388
1271,218,1489,0.1388
1279,219,1498,0.1388
1282,219,1501,0.1388
1281,217,1498,0.1388
1278,218,1496,0.1388
1272,217,1489,0.1388
1268,209,1477,0.1388
1276,208,1484,0.1388
1282,210,1492,0.1388
1286,214,1500,0.1388
1290,214,1504,0.1388
1273,214,1487,0.1388
1292,212,1504,0.1388
1271,215,1486,0.1388
1281,217,1498,0.1388
1277,219,1496,0.1388
1286,224,1510,0.1388
1283,221,1504,0.1388
1273,217,1490,0.1388
1273,219,1492,0.1388
1266,225,1491,0.1388
1260,225,1485,0.1388
1258,230,1488,0.1388
1260,230,1490,0.1388
1253,233,1486,0.1388
1254,231,1485,0.1388
1249,230,1479,0.1388
1259,232,1491,0.1388
1263,235,1498,0.1388
1259,233,1492,0.1388
1253,234,1487,0.1388
1257,233,1490,0.1388
1260,236,1496,0.1388
1240,235,1475,0.1388
1251,227,1478,0.1388
1256,222,1478,0.1388
1247,224,1471,0.1388
1256,224,1480,0.1388
1268,225,1493,0.1388
1275,231,1506,0.1388
1262,233,1495,0.1388
1260,229,1489,0.1388
1263,228,1491,0.1388
1255,222,1477,0.1388
1270,225,1495,0.1388
1263,223,1486,0.1388
1271,217,1488,0.1388
1283,216,1499,0.1388
1284,215,1499,0.1388
1289,219,1508,0.1388
1280,225,1505,0.1388
1265,223,1488,0.1388
1285,224,1509,0.1388
1269,228,1497,0.1388
1279,227,1506,0.1388
1277,233,1510,0.1388
1281,234,1515,0.1388
1280,237,1517,0.1388
1271,236,1507,0.1388
1278,236,1514,0.1388
1274,238,1512,0.1388
1271,240,1511,0.1388
1270,238,1508,0.1388
1263,233,1496,0.1388
1276,233,1509,0.1388
1275,229,1504,0.1388
1270,229,1499,0.1388
1278,229,1507,0.1388
1274,231,1505,0.1388
1283,232,1515,0.1388
1274,232,1506,0.1388
1261,233,1494,0.1388
1270,234,1504,0.1388
1246,237,1483,0.1388
1239,232,1471,0.1388
1244,235,1479,0.1388
1257,239,1496,0.1388
1263,234,1497,0.1388
1256,238,1494,0.1388
1244,237,1481,0.1388
1232,249,1481,0.1388
1240,246,1486,0.1388
1253,247,1500,0.1388
1249,252,1501,0.1388
1255,252,1507,0.1388
1256,248,1504,0.1388
1254,248,1502,0.1388
1256,245,1501,0.1388
1257,245,1502,0.1388
1241,253,1494,0.1388
1237,252,1489,0.1388
1237,249,1486,0.1388
1247,252,1499,0.1388
1239,252,1491,0.1388
1238,251,1489,0.1388
1235,258,1493,0.1388
1238,257,1495,0.1388
1237,257,1494,0.1388
1244,253,1497,0.1388
1246,250,1496,0.1388
1245,260,1505,0.1388
1256,259,1515,0.1388
1247,257,1504,0.1388
1251,259,1510,0.1388
1246,265,1511,0.1388
1252,268,1520,0.1388
1237,271,1508,0.1388
1222,273,1495,0.1388
1224,270,1494,0.1388
1221,277,1498,0.1388
1213,276,1489,0.1388
1212,274,1486,0.1388
1215,272,1487,0.1388
1223,267,1490,0.1388
1221,268,1489,0.1388
1223,262,1485,0.1388
1231,270,1501,0.1388
1221,271,1492,0.1388
1232,268,1500,0.1388
1219,266,1485,0.1388
1217,271,1488,0.1388
1203,268,1471,0.1388
1218,271,1489,0.1388
1213,272,1485,0.1388
1201,271,1472,0.1388
1204,275,1479,0.1388
1209,276,1485,0.1388
1213,280,1493,0.1388
1220,282,1502,0.1388
1206,283,1489,0.1388
1218,284,1502,0.1388
1214,280,1494,0.1388
1219,282,1501,0.1388
1219,279,1498,0.1388
1211,284,1495,0.1388
1221,282,1503,0.1388
1219,279,1498,0.1388
1218,283,1501,0.1388
1220,287,1507,0.1388
1210,283,1493,0.1388
1212,285,1497,0.1388
1207,295,1502,0.1388
1211,292,1503,0.1388
1211,290,1501,0.1388
1222,285,1507,0.1388
1213,284,1497,0.1388
1207,285,1492,0.1388
1214,291,1505,0.1388
1225,290,1515,0.1388
1204,291,1495,0.1388
1204,296,1500,0.1388
1200,290,1490,0.1388
1197,299,1496,0.1388
1190,296,1486,0.1388
1201,301,1502,0.1388
1210,299,1509,0.1388
1209,294,1503,0.1388
1201,297,1498,0.1388
1186,303,1489,0.1388
1193,303,1496,0.1388
1185,300,1485,0.1388
1172,298,1470,0.1388
1174,299,1473,0.1388
1181,302,1483,0.1388
1186,304,1490,0.1388
1190,299,1489,0.1388
1199,302,1501,0.1388
1187,299,1486,0.1388
1181,300,1481,0.1388
1194,303,1497,0.1388
1201,301,1502,0.1388
1200,300,1500,0.1388
1204,296,1500,0.1388
1209,299,1508,0.1388
1205,302,1507,0.1388
1189,305,1494,0.1388
1191,305,1496,0.1388
1203,302,1505,0.1388
1198,303,1501,0.1388
1201,304,1505,0.1388
1195,303,1498,0.1388
1199,302,1501,0.1388
1194,302,1496,0.1388
1204,305,1509,0.1388
1207,307,1514,0.1388
1200,306,1506,0.1388
1186,307,1493,0.1388
1205,309,1514,0.1388
1199,307,1506,0.1388
1197,313,1510,0.1388
1184,309,1493,0.1388
1168,303,1471,0.1388
1176,308,1484,0.1388
1172,315,1487,0.1388
1180,316,1496,0.1388
1180,319,1499,0.1388
1183,317,1500,0.1388
1188,317,1505,0.1388
1192,319,1511,0.1388
1197,316,1513,0.1388
1187,320,1507,0.1388
1193,318,1511,0.1388
1181,314,1495,0.1388
1185,314,1499,0.1388
1168,319,1487,0.1388
1172,317,1489,0.1388
1169,315,1484,0.1388
1170,317,1487,0.1388
1172,324,1496,0.1388
1171,335,1506,0.1388
1176,333,1509,0.1388
1173,331,1504,0.1388
1171,331,1502,0.1388
1164,335,1499,0.1388
1161,334,1495,0.1388
1168,332,1500,0.1388
1171,336,1507,0.1388
1167,345,1512,0.1388
1166,337,1503,0.1388
1156,340,1496,0.1388
1158,336,1494,0.1388
1165,338,1503,0.1388
1162,333,1495,0.1388
1157,332,1489,0.1388
1157,332,1489,0.1388
1161,337,1498,0.1388
1153,334,1487,0.1388
1157,336,1493,0.1388
1151,342,1493,0.1388
1160,339,1499,0.1388
1162,337,1499,0.1388
1151,336,1487,0.1388
1160,332,1492,0.1388
1147,337,1484,0.1388
1152,340,1492,0.1388
1152,343,1495,0.1388
1149,348,1497,0.1388
1138,351,1489,0.1388
1140,353,1493,0.1388
1137,351,1488,0.1388
1134,347,1481,0.1388
1131,352,1483,0.1388
1132,345,1477,0.1388
1137,350,1487,0.1388
1148,350,1498,0.1388
1152,349,1501,0.1388
1153,354,1507,0.1388
1150,357,1507,0.1388
1142,368,1510,0.1388
1134,363,1497,0.1388
1139,361,1500,0.1388
1124,366,1490,0.1388
1125,370,1495,0.1388
1120,372,1492,0.1388
1119,371,1490,0.1388
1112,364,1476,0.1388
1108,361,1469,0.1388
1104,366,1470,0.1388
1101,369,1470,0.1388
1096,372,1468,0.1388
1106,379,1485,0.1388
1115,385,1500,0.1388
1104,382,1486,0.1388
1111,386,1497,0.1388
1108,381,1489,0.1388
1109,383,1492,0.1388
1104,385,1489,0.1388
1106,387,1493,0.1388
1109,397,1506,0.1388
1099,405,1504,0.1388
1100,411,1511,0.1388
1093,406,1499,0.1388
1086,411,1497,0.1388
1093,411,1504,0.1388
1096,407,1503,0.1388
1097,408,1505,0.1388
1096,401,1497,0.1388
1099,404,1503,0.1388
1089,410,1499,0.1388
1094,409,1503,0.1388
1096,410,1506,0.1388
1080,417,1497,0.1388
1078,419,1497,0.1388
1074,417,1491,0.1388
1072,422,1494,0.1388
1080,420,1500,0.1388
1074,415,1489,0.1388
1075,416,1491,0.1388
1072,416,1488,0.1388
1071,423,1494,0.1388
1080,430,1510,0.1388
1076,427,1503,0.1388
1080,429,1509,0.1388
1078,428,1506,0.1388
1079,426,1505,0.1388
1067,428,1495,0.1388
1060,429,1489,0.1388
1058,424,1482,0.1388
1070,422,1492,0.1388
1070,425,1495,0.1388
1088,422,1510,0.1388
1074,423,1497,0.1388
1085,421,1506,0.1388
1083,419,1502,0.1388
1084,419,1503,0.1388
1071,419,1490,0.1388
1071,425,1496,0.1388
1068,429,1497,0.1388
1058,437,1495,0.1388
1050,440,1490,0.1388
1045,443,1488,0.1388
1051,440,1491,0.1388
1060,443,1503,0.1388
1064,443,1507,0.1388
1065,440,1505,0.1388
1075,443,1518,0.1388
1067,445,1512,0.1388
1066,441,1507,0.1388
1063,441,1504,0.1388
1072,438,1510,0.1388
1063,432,1495,0.1388
1055,438,1493,0.1388
1049,446,1495,0.1388
1049,440,1489,0.1388
1058,444,1502,0.1388
1066,446,1512,0.1388
1051,449,1500,0.1388
1048,448,1496,0.1388
1039,453,1492,0.1388
1052,450,1502,0.1388
1059,446,1505,0.1388
1058,453,1511,0.1388
1049,459,1508,0.1388
1044,463,1507,0.1388
1045,460,1505,0.1388
1046,462,1508,0.1388
1051,466,1517,0.1388
1049,464,1513,0.1388
1037,468,1505,0.1388
1032,468,1500,0.1388
1035,471,1506,0.1388
1037,470,1507,0.1388
1037,464,1501,0.1388
1042,460,1502,0.1388
1045,460,1505,0.1388
1034,459,1493,0.1388
1051,460,1511,0.1388
1054,458,1512,0.1388
1049,459,1508,0.1388
1063,464,1527,0.1388
1062,459,1521,0.1388
1042,462,1504,0.1388
1046,463,1509,0.1388
1045,459,1504,0.1388
1042,458,1500,0.1388
1033,464,1497,0.1388
1040,473,1513,0.1388
1036,479,1515,0.1388
1024,481,1505,0.1388
1021,477,1498,0.1388
1024,476,1500,0.1388
1023,473,1496,0.1388
1031,473,1504,0.1388
1040,481,1521,0.1388
1039,484,1523,0.1388
1027,480,1507,0.1388
1021,481,1502,0.1388
1007,480,1487,0.1388
1006,485,1491,0.1388
1000,487,1487,0.1388
1008,492,1500,0.1388
1009,497,1506,0.1388
1011,483,1494,0.1388
1016,481,1497,0.1388
1005,477,1482,0.1388
1007,480,1487,0.1388
1006,479,1485,0.1388
1014,486,1500,0.1388
1032,484,1516,0.1388
1025,481,1506,0.1388
1026,482,1508,0.1388
1026,481,1507,0.1388
1009,482,1491,0.1388
1013,488,1501,0.1388
1012,496,1508,0.1388
1000,495,1495,0.1388
1013,501,1514,0.1388
1011,503,1514,0.1388
1010,501,1511,0.1388
1002,503,1505,0.1388
986,501,1487,0.1388
981,506,1487,0.1388
991,511,1502,0.1388
981,516,1497,0.1388
982,515,1497,0.1388
978,520,1498,0.1388
976,519,1495,0.1388
966,519,1485,0.1388
970,521,1491,0.1388
979,513,1492,0.1388
969,519,1488,0.1388
965,521,1486,0.1388
959,524,1483,0.1388
960,522,1482,0.1388
963,525,1488,0.1388
962,527,1489,0.1388
963,529,1492,0.1388
967,530,1497,0.1388
968,533,1501,0.1388
962,540,1502,0.1388
962,535,1497,0.1388
958,533,1491,0.1388
962,541,1503,0.1388
963,542,1505,0.1388
963,536,1499,0.1388
957,537,1494,0.1388
955,544,1499,0.1388
946,540,1486,0.1388
952,538,1490,0.1388
957,543,1500,0.1388
965,547,1512,0.1388
963,550,1513,0.1388
970,546,1516,0.1388
969,546,1515,0.1388
970,546,1516,0.1388
956,547,1503,0.1388
947,548,1495,0.1388
954,560,1514,0.1388
944,559,1503,0.1388
942,556,1498,0.1388
938,555,1493,0.1388
928,552,1480,0.1388
924,557,1481,0.1388
931,557,1488,0.1388
934,559,1493,0.1388
924,563,1487,0.1388
922,565,1487,0.1388
925,569,1494,0.1388
928,569,1497,0.1388
931,568,1499,0.1388
931,576,1507,0.1388
928,572,1500,0.1388
926,581,1507,0.1388
925,579,1504,0.1388
930,573,1503,0.1388
930,573,1503,0.1388
931,572,1503,0.1388
935,576,1511,0.1388
936,569,1505,0.1388
940,566,1506,0.1388
940,573,1513,0.1388
927,578,1505,0.1388
919,583,1502,0.1388
921,578,1499,0.1388
915,576,1491,0.1388
916,574,1490,0.1388
920,580,1500,0.1388
926,578,1504,0.1388
921,575,1496,0.1388
917,575,1492,0.1388
917,578,1495,0.1388
921,582,1503,0.1388
916,583,1499,0.1388
909,591,1500,0.1388
920,595,1515,0.1388
919,594,1513,0.1388
918,594,1512,0.1388
917,593,1510,0.1388
913,592,1505,0.1388
906,592,1498,0.1388
894,595,1489,0.1388
894,600,1494,0.1388
892,595,1487,0.1388
901,605,1506,0.1388
898,601,1499,0.1388
895,606,1501,0.1388
897,599,1496,0.1388
900,602,1502,0.1388
894,599,1493,0.1388
897,601,1498,0.1388
902,602,1504,0.1388
899,602,1501,0.1388
892,609,1501,0.1388
881,613,1494,0.1388
880,619,1499,0.1388
884,621,1505,0.1388
882,615,1497,0.1388
883,625,1508,0.1388
887,616,1503,0.1388
878,615,1493,0.1388
884,624,1508,0.1388
880,627,1507,0.1388
875,631,1506,0.1388
880,631,1511,0.1388
871,630,1501,0.1388
873,637,1510,0.1388
860,632,1492,0.1388
864,641,1505,0.1388
859,641,1500,0.1388
866,638,1504,0.1388
870,643,1513,0.1388
870,646,1516,0.1388
856,646,1502,0.1388
854,650,1504,0.1388
844,650,1494,0.1388
840,645,1485,0.1388
846,655,1501,0.1388
839,660,1499,0.1388
842,662,1504,0.1388
842,661,1503,0.1388
833,662,1495,0.1388
825,671,1496,0.1388
820,677,1497,0.1388
828,680,1508,0.1388
814,684,1498,0.1388
827,693,1520,0.1388
827,692,1519,0.1388
819,690,1509,0.1388
814,680,1494,0.1388
815,689,1504,0.1388
809,692,1501,0.1388
813,690,1503,0.1388
807,690,1497,0.1388
806,680,1486,0.1388
815,681,1496,0.1388
820,692,1512,0.1388
813,697,1510,0.1388
821,696,1517,0.1388
820,696,1516,0.1388
829,686,1515,0.1388
820,682,1502,0.1388
818,684,1502,0.1388
811,687,1498,0.1388
804,694,1498,0.1388
808,702,1510,0.1388
812,703,1515,0.1388
804,700,1504,0.1388
801,700,1501,0.1388
809,695,1504,0.1388
807,698,1505,0.1388
807,699,1506,0.1388
809,698,1507,0.1388
806,699,1505,0.1388
804,700,1504,0.1388
801,708,1509,0.1388
794,720,1514,0.1388
793,724,1517,0.1388
786,723,1509,0.1388
780,717,1497,0.1388
775,724,1499,0.1388
780,719,1499,0.1388
780,713,1493,0.1388
775,714,1489,0.1388
780,723,1503,0.1388
764,726,1490,0.1388
765,730,1495,0.1388
769,731,1500,0.1388
773,727,1500,0.1388
766,729,1495,0.1388
774,733,1507,0.1388
785,727,1512,0.1388
780,731,1511,0.1388
783,731,1514,0.1388
778,722,1500,0.1388
773,738,1511,0.1388
767,736,1503,0.1388
768,728,1496,0.1388
772,729,1501,0.1388
773,746,1519,0.1388
764,748,1512,0.1388
759,742,1501,0.1388
754,753,1507,0.1388
744,750,1494,0.1388
745,754,1499,0.1388
736,762,1498,0.1388
732,761,1493,0.1388
741,755,1496,0.1388
740,762,1502,0.1388
730,767,1497,0.1388
732,771,1503,0.1388
742,760,1502,0.1388
740,766,1506,0.1388
737,772,1509,0.1388
740,780,1520,0.1388
739,779,1518,0.1388
733,788,1521,0.1388
724,778,1502,0.1388
729,765,1494,0.1388
735,770,1505,0.1388
732,778,1510,0.1388
720,778,1498,0.1388
720,797,1517,0.1388
722,792,1514,0.1388
715,792,1507,0.1388
716,791,1507,0.1388
719,789,1508,0.1388
718,784,1502,0.1388
722,794,1516,0.1388
720,794,1514,0.1388
714,788,1502,0.1388
714,796,1510,0.1388
706,798,1504,0.1388
716,800,1516,0.1388
713,800,1513,0.1388
718,796,1514,0.1388
717,800,1517,0.1388
717,793,1510,0.1388
712,798,1510,0.1388
704,791,1495,0.1388
702,803,1505,0.1388
704,806,1510,0.1388
709,802,1511,0.1388
716,798,1514,0.1388
704,794,1498,0.1388
702,782,1484,0.1388
701,789,1490,0.1388
710,800,1510,0.1388
717,806,1523,0.1388
711,803,1514,0.1388
712,795,1507,0.1388
706,794,1500,0.1388
707,803,1510,0.1388
708,805,1513,0.1388
706,809,1515,0.1388
705,800,1505,0.1388
703,800,1503,0.1388
698,796,1494,0.1388
704,797,1501,0.1388
696,806,1502,0.1388
689,802,1491,0.1388
696,802,1498,0.1388
695,799,1494,0.1388
694,808,1502,0.1388
687,800,1487,0.1388
697,810,1507,0.1388
700,813,1513,0.1388
706,809,1515,0.1388
711,803,1514,0.1388
711,792,1503,0.1388
711,794,1505,0.1388
711,790,1501,0.1388
715,784,1499,0.1388
716,783,1499,0.1388
716,784,1500,0.1388
704,781,1485,0.1388
710,787,1497,0.1388
717,791,1508,0.1388
723,790,1513,0.1388
715,790,1505,0.1388
706,783,1489,0.1388
707,777,1484,0.1388
705,784,1489,0.1388
709,785,1494,0.1388
708,803,1511,0.1388
700,813,1513,0.1388
707,807,1514,0.1388
698,813,1511,0.1388
700,808,1508,0.1388
702,807,1509,0.1388
704,814,1518,0.1388
694,818,1512,0.1388
695,823,1518,0.1388
693,823,1516,0.1388
688,816,1504,0.1388
679,823,1502,0.1388
679,825,1504,0.1388
672,831,1503,0.1388
663,835,1498,0.1388
661,842,1503,0.1388
664,840,1504,0.1388
668,843,1511,0.1388
668,836,1504,0.1388
661,845,1506,0.1388
661,849,1510,0.1388
662,864,1526,0.1388
655,856,1511,0.1388
657,858,1515,0.1388
656,865,1521,0.1388
658,871,1529,0.1388
651,864,1515,0.1388
652,876,1528,0.1388
643,871,1514,0.1388
645,869,1514,0.1388
644,872,1516,0.1388
635,878,1513,0.1388
638,871,1509,0.1388
639,874,1513,0.1388
640,858,1498,0.1388
637,859,1496,0.1388
628,865,1493,0.1388
623,872,1495,0.1388
629,875,1504,0.1388
624,882,1506,0.1388
629,879,1508,0.1388
633,878,1511,0.1388
623,884,1507,0.1388
620,881,1501,0.1388
616,883,1499,0.1388
610,891,1501,0.1388
596,894,1490,0.1388
607,898,1505,0.1388
608,897,1505,0.1388
613,896,1509,0.1388
613,899,1512,0.1388
608,895,1503,0.1388
612,890,1502,0.1388
616,897,1513,0.1388
614,899,1513,0.1388
604,907,1511,0.1388
602,902,1504,0.1388
606,916,1522,0.1388
604,915,1519,0.1388
605,904,1509,0.1388
603,905,1508,0.1388
612,900,1512,0.1388
608,903,1511,0.1388
605,911,1516,0.1388
600,914,1514,0.1388
596,911,1507,0.1388
598,908,1506,0.1388
604,897,1501,0.1388
609,897,1506,0.1388
602,899,1501,0.1388
602,908,1510,0.1388
604,904,1508,0.1388
605,905,1510,0.1388
587,901,1488,0.1388
590,906,1496,0.1388
582,916,1498,0.1388
588,909,1497,0.1388
597,908,1505,0.1388
599,909,1508,0.1388
597,902,1499,0.1388
587,910,1497,0.1388
587,914,1501,0.1388
585,914,1499,0.1388
573,903,1476,0.1388
583,908,1491,0.1388
573,913,1486,0.1388
576,922,1498,0.1388
582,934,1516,0.1388
573,938,1511,0.1388
564,936,1500,0.1388
557,945,1502,0.1388
552,949,1501,0.1388
553,941,1494,0.1388
554,952,1506,0.1388
561,942,1503,0.1388
560,939,1499,0.1388
560,935,1495,0.1388
552,936,1488,0.1388
552,931,1483,0.1388
546,943,1489,0.1388
545,948,1493,0.1388
553,958,1511,0.1388
540,958,1498,0.1388
533,958,1491,0.1388
538,956,1494,0.1388
540,956,1496,0.1388
544,964,1508,0.1388
545,967,1512,0.1388
543,965,1508,0.1388
550,972,1522,0.1388
546,967,1513,0.1388
539,961,1500,0.1388
542,964,1506,0.1388
538,947,1485,0.1388
537,949,1486,0.1388
534,962,1496,0.1388
533,959,1492,0.1388
534,971,1505,0.1388
532,971,1503,0.1388
531,988,1519,0.1388
527,970,1497,0.1388
531,975,1506,0.1388
535,988,1523,0.1388
541,983,1524,0.1388
541,979,1520,0.1388
536,975,1511,0.1388
533,964,1497,0.1388
530,967,1497,0.1388
524,964,1488,0.1388
526,977,1503,0.1388
526,983,1509,0.1388
529,995,1524,0.1388
514,987,1501,0.1388
532,985,1517,0.1388
522,986,1508,0.1388
526,971,1497,0.1388
532,973,1505,0.1388
528,974,1502,0.1388
528,977,1505,0.1388
535,975,1510,0.1388
526,984,1510,0.1388
525,980,1505,0.1388
520,991,1511,0.1388
526,999,1525,0.1388
525,999,1524,0.1388
520,994,1514,0.1388
521,996,1517,0.1388
527,997,1524,0.1388
520,994,1514,0.1388
514,996,1510,0.1388
514,1000,1514,0.1388
510,996,1506,0.1388
512,1000,1512,0.1388
513,1009,1522,0.1388
508,1009,1517,0.1388
505,1004,1509,0.1388
506,1020,1526,0.1388
499,1017,1516,0.1388
493,1013,1506,0.1388
494,1012,1506,0.1388
499,1011,1510,0.1388
493,1011,1504,0.1388
501,1011,1512,0.1388
488,1007,1495,0.1388
492,1018,1510,0.1388
495,1018,1513,0.1388
499,1028,1527,0.1388
499,1026,1525,0.1388
500,1030,1530,0.1388
496,1024,1520,0.1388
493,1024,1517,0.1388
493,1021,1514,0.1388
488,1025,1513,0.1388
484,1034,1518,0.1388
480,1030,1510,0.1388
489,1036,1525,0.1388
491,1026,1517,0.1388
489,1018,1507,0.1388
491,1011,1502,0.1388
489,1023,1512,0.1388
484,1028,1512,0.1388
485,1037,1522,0.1388
487,1029,1516,0.1388
489,1028,1517,0.1388
486,1023,1509,0.1388
496,1023,1519,0.1388
504,1021,1525,0.1388
502,1023,1525,0.1388
496,1018,1514,0.1388
491,1033,1524,0.1388
493,1021,1514,0.1388
489,1013,1502,0.1388
489,1012,1501,0.1388
484,1027,1511,0.1388
478,1025,1503,0.1388
487,1028,1515,0.1388
487,1027,1514,0.1388
483,1027,1510,0.1388
486,1022,1508,0.1388
483,1021,1504,0.1388
487,1024,1511,0.1388
491,1021,1512,0.1388
485,1016,1501,0.1388
485,1025,1510,0.1388
486,1020,1506,0.1388
487,1025,1512,0.1388
486,1029,1515,0.1388
487,1025,1512,0.1388
478,1036,1514,0.1388
476,1040,1516,0.1388
477,1044,1521,0.1388
487,1036,1523,0.1388
486,1031,1517,0.1388
486,1031,1517,0.1388
488,1023,1511,0.1388
491,1028,1519,0.1388
485,1031,1516,0.1388
478,1035,1513,0.1388
483,1029,1512,0.1388
478,1024,1502,0.1388
483,1027,1510,0.1388
472,1026,1498,0.1388
469,1029,1498,0.1388
462,1027,1489,0.1388
462,1024,1486,0.1388
458,1044,1502,0.1388
463,1041,1504,0.1388
467,1045,1512,0.1388
469,1043,1512,0.1388
465,1050,1515,0.1388
463,1052,1515,0.1388
466,1042,1508,0.1388
460,1045,1505,0.1388
455,1038,1493,0.1388
468,1039,1507,0.1388
476,1044,1520,0.1388
473,1052,1525,0.1388
466,1046,1512,0.1388
466,1038,1504,0.1388
472,1051,1523,0.1388
465,1059,1524,0.1388
461,1056,1517,0.1388
458,1047,1505,0.1388
453,1053,1506,0.1388
448,1063,1511,0.1388
452,1069,1521,0.1388
457,1068,1525,0.1388
457,1062,1519,0.1388
460,1067,1527,0.1388
459,1052,1511,0.1388
454,1055,1509,0.1388
451,1049,1500,0.1388
449,1039,1488,0.1388
456,1047,1503,0.1388
460,1045,1505,0.1388
457,1050,1507,0.1388
452,1058,1510,0.1388
449,1061,1510,0.1388
442,1073,1515,0.1388
446,1063,1509,0.1388
448,1069,1517,0.1388
452,1066,1518,0.1388
450,1070,1520,0.1388
450,1059,1509,0.1388
448,1063,1511,0.1388
452,1057,1509,0.1388
442,1049,1491,0.1388
446,1050,1496,0.1388
445,1056,1501,0.1388
447,1057,1504,0.1388
438,1061,1499,0.1388
443,1050,1493,0.1388
446,1070,1516,0.1388
441,1077,1518,0.1388
443,1075,1518,0.1388
429,1065,1494,0.1388
428,1080,1508,0.1388
422,1076,1498,0.1388
422,1071,1493,0.1388
425,1075,1500,0.1388
427,1089,1516,0.1388
429,1074,1503,0.1388
420,1073,1493,0.1388
431,1070,1501,0.1388
424,1088,1512,0.1388
419,1081,1500,0.1388
413,1088,1501,0.1388
410,1096,1506,0.1388
409,1097,1506,0.1388
411,1104,1515,0.1388
414,1108,1522,0.1388
407,1116,1523,0.1388
411,1110,1521,0.1388
414,1109,1523,0.1388
419,1105,1524,0.1388
414,1097,1511,0.1388
412,1098,1510,0.1388
418,1091,1509,0.1388
414,1090,1504,0.1388
412,1087,1499,0.1388
409,1092,1501,0.1388
408,1093,1501,0.1388
407,1092,1499,0.1388
407,1093,1500,0.1388
405,1098,1503,0.1388
398,1101,1499,0.1388
407,1106,1513,0.1388
404,1104,1508,0.1388
397,1101,1498,0.1388
397,1099,1496,0.1388
397,1109,1506,0.1388
404,1101,1505,0.1388
404,1114,1518,0.1388
400,1117,1517,0.1388
398,1111,1509,0.1388
399,1115,1514,0.1388
396,1115,1511,0.1388
397,1113,1510,0.1388
396,1117,1513,0.1388
395,1118,1513,0.1388
388,1122,1510,0.1388
393,1121,1514,0.1388
402,1113,1515,0.1388
405,1114,1519,0.1388
407,1121,1528,0.1388
406,1121,1527,0.1388
407,1117,1524,0.1388
403,1128,1531,0.1388
401,1122,1523,0.1388
400,1110,1510,0.1388
400,1124,1524,0.1388
401,1117,1518,0.1388
395,1108,1503,0.1388
393,1121,1514,0.1388
393,1123,1516,0.1388
400,1124,1524,0.1388
402,1127,1529,0.1388
400,1121,1521,0.1388
396,1128,1524,0.1388
393,1112,1505,0.1388
391,1126,1517,0.1388
389,1123,1512,0.1388
395,1122,1517,0.1388
388,1113,1501,0.1388
389,1122,1511,0.1388
387,1127,1514,0.1388
385,1125,1510,0.1388
393,1129,1522,0.1388
390,1136,1526,0.1388
388,1139,1527,0.1388
383,1129,1512,0.1388
374,1120,1494,0.1388
383,1119,1502,0.1388
381,1136,1517,0.1388
383,1133,1516,0.1388
387,1133,1520,0.1388
379,1140,1519,0.1388
387,1138,1525,0.1388
385,1142,1527,0.1388
379,1139,1518,0.1388
381,1134,1515,0.1388
383,1136,1519,0.1388
376,1144,1520,0.1388
371,1147,1518,0.1388
371,1140,1511,0.1388
371,1143,1514,0.1388
366,1146,1512,0.1388
369,1151,1520,0.1388
366,1149,1515,0.1388
364,1155,1519,0.1388
356,1156,1512,0.1388
351,1158,1509,0.1388
352,1158,1510,0.1388
361,1151,1512,0.1388
363,1150,1513,0.1388
358,1153,1511,0.1388
356,1156,1512,0.1388
361,1147,1508,0.1388
366,1162,1528,0.1388
367,1162,1529,0.1388
370,1160,1530,0.1388
364,1162,1526,0.1388
358,1170,1528,0.1388
356,1156,1512,0.1388
354,1169,1523,0.1388
351,1155,1506,0.1388
351,1147,1498,0.1388
353,1152,1505,0.1388
354,1152,1506,0.1388
354,1156,1510,0.1388
351,1151,1502,0.1388
354,1142,1496,0.1388
357,1151,1508,0.1388
352,1158,1510,0.1388
349,1146,1495,0.1388
352,1153,1505,0.1388
355,1147,1502,0.1388
355,1155,1510,0.1388
348,1157,1505,0.1388
355,1163,1518,0.1388
352,1171,1523,0.1388
346,1177,1523,0.1388
344,1169,1513,0.1388
346,1172,1518,0.1388
343,1171,1514,0.1388
341,1178,1519,0.1388
340,1172,1512,0.1388
339,1176,1515,0.1388
341,1168,1509,0.1388
337,1174,1511,0.1388
339,1168,1507,0.1388
340,1161,1501,0.1388
345,1156,1501,0.1388
345,1165,1510,0.1388
346,1156,1502,0.1388
352,1154,1506,0.1388
351,1164,1515,0.1388
355,1157,1512,0.1388
355,1151,1506,0.1388
356,1147,1503,0.1388
345,1146,1491,0.1388
341,1149,1490,0.1388
348,1164,1512,0.1388
344,1167,1511,0.1388
355,1173,1528,0.1388
352,1176,1528,0.1388
354,1160,1514,0.1388
354,1165,1519,0.1388
346,1159,1505,0.1388
346,1171,1517,0.1388
348,1176,1524,0.1388
344,1181,1525,0.1388
344,1179,1523,0.1388
335,1170,1505,0.1388
339,1178,1517,0.1388
342,1193,1535,0.1388
340,1196,1536,0.1388
339,1189,1528,0.1388
335,1192,1527,0.1388
331,1194,1525,0.1388
330,1188,1518,0.1388
334,1179,1513,0.1388
332,1185,1517,0.1388
332,1179,1511,0.1388
335,1182,1517,0.1388
328,1175,1503,0.1388
329,1172,1501,0.1388
320,1179,1499,0.1388
332,1181,1513,0.1388
325,1187,1512,0.1388
322,1179,1501,0.1388
327,1170,1497,0.1388
325,1180,1505,0.1388
319,1183,1502,0.1388
319,1180,1499,0.1388
323,1179,1502,0.1388
325,1188,1513,0.1388
319,1194,1513,0.1388
318,1192,1510,0.1388
319,1191,1510,0.1388
321,1183,1504,0.1388
323,1184,1507,0.1388
324,1195,1519,0.1388
325,1191,1516,0.1388
323,1204,1527,0.1388
326,1196,1522,0.1388
325,1194,1519,0.1388
323,1197,1520,0.1388
320,1200,1520,0.1388
311,1201,1512,0.1388
313,1192,1505,0.1388
314,1190,1504,0.1388
317,1189,1506,0.1388
315,1186,1501,0.1388
316,1187,1503,0.1388
315,1191,1506,0.1388
321,1198,1519,0.1388
314,1192,1506,0.1388
320,1196,1516,0.1388
321,1196,1517,0.1388
318,1195,1513,0.1388
313,1185,1498,0.1388
317,1193,1510,0.1388
315,1198,1513,0.1388
313,1192,1505,0.1388
317,1187,1504,0.1388
316,1189,1505,0.1388
315,1186,1501,0.1388
319,1189,1508,0.1388
317,1195,1512,0.1388
312,1205,1517,0.1388
310,1202,1512,0.1388
311,1211,1522,0.1388
311,1209,1520,0.1388
313,1191,1504,0.1388
313,1192,1505,0.1388
313,1203,1516,0.1388
313,1196,1509,0.1388
314,1195,1509,0.1388
317,1191,1508,0.1388
312,1185,1497,0.1388
315,1185,1500,0.1388
317,1196,1513,0.1388
319,1183,1502,0.1388
318,1191,1509,0.1388
317,1202,1519,0.1388
319,1205,1524,0.1388
315,1211,1526,0.1388
313,1205,1518,0.1388
321,1202,1523,0.1388
319,1200,1519,0.1388
316,1207,1523,0.1388
316,1197,1513,0.1388
310,1193,1503,0.1388
313,1198,1511,0.1388
312,1206,1518,0.1388
311,1195,1506,0.1388
316,1204,1520,0.1388
317,1206,1523,0.1388
312,1199,1511,0.1388
307,1205,1512,0.1388
311,1203,1514,0.1388
310,1197,1507,0.1388
314,1209,1523,0.1388
320,1203,1523,0.1388
322,1191,1513,0.1388
318,1186,1504,0.1388
321,1182,1503,0.1388
320,1185,1505,0.1388
319,1190,1509,0.1388
318,1189,1507,0.1388
321,1190,1511,0.1388
321,1189,1510,0.1388
324,1203,1527,0.1388
327,1186,1513,0.1388
326,1190,1516,0.1388
329,1198,1527,0.1388
325,1206,1531,0.1388
325,1202,1527,0.1388
322,1199,1521,0.1388
327,1193,1520,0.1388
322,1187,1509,0.1388
325,1200,1525,0.1388
331,1197,1528,0.1388
318,1190,1508,0.1388
318,1190,1508,0.1388
316,1201,1517,0.1388
314,1203,1517,0.1388
315,1201,1516,0.1388
313,1212,1525,0.1388
319,1208,1527,0.1388
309,1213,1522,0.1388
314,1195,1509,0.1388
313,1198,1511,0.1388
313,1205,1518,0.1388
315,1200,1515,0.1388
313,1215,1528,0.1388
314,1203,1517,0.1388
316,1198,1514,0.1388
310,1194,1504,0.1388
310,1207,1517,0.1388
306,1202,1508,0.1388
301,1207,1508,0.1388
303,1206,1509,0.1388
304,1203,1507,0.1388
298,1191,1489,0.1388
303,1200,1503,0.1388
302,1204,1506,0.1388
298,1217,1515,0.1388
297,1219,1516,0.1388
293,1212,1505,0.1388
304,1213,1517,0.1388
309,1211,1520,0.1388
304,1207,1511,0.1388
300,1206,1506,0.1388
303,1211,1514,0.1388
300,1225,1525,0.1388
294,1226,1520,0.1388
290,1224,1514,0.1388
293,1219,1512,0.1388
287,1226,1513,0.1388
288,1220,1508,0.1388
293,1221,1514,0.1388
293,1225,1518,0.1388
295,1226,1521,0.1388
298,1218,1516,0.1388
305,1198,1503,0.1388
303,1203,1506,0.1388
306,1205,1511,0.1388
312,1211,1523,0.1388
316,1211,1527,0.1388
312,1209,1521,0.1388
316,1210,1526,0.1388
314,1215,1529,0.1388
313,1202,1515,0.1388
306,1192,1498,0.1388
311,1201,1512,0.1388
305,1210,1515,0.1388
310,1207,1517,0.1388
311,1216,1527,0.1388
310,1205,1515,0.1388
311,1192,1503,0.1388
307,1187,1494,0.1388
309,1207,1516,0.1388
306,1203,1509,0.1388
308,1201,1509,0.1388
307,1202,1509,0.1388
302,1202,1504,0.1388
301,1209,1510,0.1388
301,1211,1512,0.1388
296,1221,1517,0.1388
293,1218,1511,0.1388
292,1223,1515,0.1388
291,1226,1517,0.1388
290,1216,1506,0.1388
290,1219,1509,0.1388
285,1236,1521,0.1388
285,1228,1513,0.1388
282,1234,1516,0.1388
283,1230,1513,0.1388
286,1235,1521,0.1388
283,1225,1508,0.1388
281,1238,1519,0.1388
277,1225,1502,0.1388
277,1233,1510,0.1388
275,1239,1514,0.1388
274,1239,1513,0.1388
275,1246,1521,0.1388
275,1241,1516,0.1388
275,1244,1519,0.1388
277,1246,1523,0.1388
272,1249,1521,0.1388
272,1254,1526,0.1388
274,1241,1515,0.1388
269,1241,1510,0.1388
269,1245,1514,0.1388
268,1245,1513,0.1388
265,1247,1512,0.1388
264,1247,1511,0.1388
271,1234,1505,0.1388
273,1234,1507,0.1388
272,1238,1510,0.1388
277,1225,1502,0.1388
279,1236,1515,0.1388
277,1230,1507,0.1388
269,1229,1498,0.1388
277,1227,1504,0.1388
273,1230,1503,0.1388
275,1230,1505,0.1388
276,1241,1517,0.1388
272,1237,1509,0.1388
275,1227,1502,0.1388
274,1237,1511,0.1388
276,1234,1510,0.1388
283,1230,1513,0.1388
283,1222,1505,0.1388
281,1228,1509,0.1388
278,1229,1507,0.1388
270,1226,1496,0.1388
268,1224,1492,0.1388
271,1244,1515,0.1388
273,1232,1505,0.1388
273,1223,1496,0.1388
270,1233,1503,0.1388
271,1224,1495,0.1388
271,1225,1496,0.1388
280,1230,1510,0.1388
283,1245,1528,0.1388
277,1245,1522,0.1388
274,1245,1519,0.1388
272,1241,1513,0.1388
272,1231,1503,0.1388
278,1240,1518,0.1388
283,1232,1515,0.1388
283,1231,1514,0.1388
282,1232,1514,0.1388
283,1230,1513,0.1388
286,1231,1517,0.1388
286,1224,1510,0.1388
282,1234,1516,0.1388
283,1237,1520,0.1388
278,1225,1503,0.1388
282,1229,1511,0.1388
286,1235,1521,0.1388
285,1232,1517,0.1388
280,1232,1512,0.1388
278,1232,1510,0.1388
282,1237,1519,0.1388
285,1223,1508,0.1388
290,1232,1522,0.1388
291,1219,1510,0.1388
292,1226,1518,0.1388
287,1230,1517,0.1388
293,1222,1515,0.1388
298,1226,1524,0.1388
291,1227,1518,0.1388
291,1226,1517,0.1388
288,1234,1522,0.1388
293,1225,1518,0.1388
293,1229,1522,0.1388
287,1226,1513,0.1388
293,1225,1518,0.1388
290,1230,1520,0.1388
289,1219,1508,0.1388
292,1210,1502,0.1388
290,1212,1502,0.1388
291,1223,1514,0.1388
289,1209,1498,0.1388
288,1211,1499,0.1388
286,1224,1510,0.1388
285,1232,1517,0.1388
287,1241,1528,0.1388
278,1247,1525,0.1388
279,1235,1514,0.1388
280,1231,1511,0.1388
282,1225,1507,0.1388
283,1227,1510,0.1388
286,1228,1514,0.1388
281,1231,1512,0.1388
281,1233,1514,0.1388
279,1222,1501,0.1388
277,1234,1511,0.1388
275,1236,1511,0.1388
276,1227,1503,0.1388
275,1225,1500,0.1388
278,1230,1508,0.1388
280,1247,1527,0.1388
273,1238,1511,0.1388
277,1242,1519,0.1388
277,1246,1523,0.1388
276,1231,1507,0.1388
270,1233,1503,0.1388
272,1239,1511,0.1388
277,1242,1519,0.1388
273,1236,1509,0.1388
266,1233,1499,0.1388
265,1232,1497,0.1388
269,1233,1502,0.1388
268,1251,1519,0.1388
266,1243,1509,0.1388
263,1252,1515,0.1388
269,1246,1515,0.1388
269,1243,1512,0.1388
271,1247,1518,0.1388
267,1242,1509,0.1388
264,1234,1498,0.1388
267,1232,1499,0.1388
270,1238,1508,0.1388
272,1243,1515,0.1388
272,1243,1515,0.1388
274,1236,1510,0.1388
271,1236,1507,0.1388
267,1242,1509,0.1388
267,1242,1509,0.1388
263,1242,1505,0.1388
258,1237,1495,0.1388
257,1238,1495,0.1388
263,1240,1503,0.1388
260,1245,1505,0.1388
257,1238,1495,0.1388
265,1243,1508,0.1388
264,1247,1511,0.1388
264,1239,1503,0.1388
261,1254,1515,0.1388
259,1268,1527,0.1388
264,1266,1530,0.1388
260,1266,1526,0.1388
262,1268,1530,0.1388
257,1263,1520,0.1388
260,1267,1527,0.1388
252,1260,1512,0.1388
257,1259,1516,0.1388
259,1260,1519,0.1388
254,1263,1517,0.1388
244,1261,1505,0.1388
249,1256,1505,0.1388
258,1257,1515,0.1388
258,1254,1512,0.1388
256,1254,1510,0.1388
252,1254,1506,0.1388
251,1256,1507,0.1388
249,1254,1503,0.1388
252,1266,1518,0.1388
253,1251,1504,0.1388
253,1257,1510,0.1388
254,1246,1500,0.1388
256,1244,1500,0.1388
252,1252,1504,0.1388
253,1249,1502,0.1388
251,1256,1507,0.1388
254,1258,1512,0.1388
259,1263,1522,0.1388
257,1253,1510,0.1388
258,1252,1510,0.1388
259,1259,1518,0.1388
257,1252,1509,0.1388
256,1269,1525,0.1388
256,1270,1526,0.1388
262,1262,1524,0.1388
258,1262,1520,0.1388
265,1254,1519,0.1388
264,1245,1509,0.1388
257,1257,1514,0.1388
254,1251,1505,0.1388
253,1237,1490,0.1388
253,1245,1498,0.1388
255,1242,1497,0.1388
257,1254,1511,0.1388
257,1264,1521,0.1388
258,1265,1523,0.1388
254,1270,1524,0.1388
258,1270,1528,0.1388
258,1277,1535,0.1388
256,1272,1528,0.1388
256,1268,1524,0.1388
257,1271,1528,0.1388
262,1263,1525,0.1388
256,1273,1529,0.1388
249,1260,1509,0.1388
247,1259,1506,0.1388
246,1268,1514,0.1388
248,1282,1530,0.1388
246,1279,1525,0.1388
248,1272,1520,0.1388
244,1280,1524,0.1388
241,1274,1515,0.1388
237,1279,1516,0.1388
241,1284,1525,0.1388
241,1275,1516,0.1388
241,1278,1519,0.1388
244,1277,1521,0.1388
241,1291,1532,0.1388
237,1286,1523,0.1388
239,1281,1520,0.1388
236,1277,1513,0.1388
236,1288,1524,0.1388
239,1288,1527,0.1388
242,1278,1520,0.1388
242,1274,1516,0.1388
238,1280,1518,0.1388
237,1277,1514,0.1388
231,1273,1504,0.1388
233,1266,1499,0.1388
237,1275,1512,0.1388
239,1265,1504,0.1388
240,1261,1501,0.1388
237,1264,1501,0.1388
235,1262,1497,0.1388
235,1268,1503,0.1388
234,1262,1496,0.1388
231,1273,1504,0.1388
224,1280,1504,0.1388
224,1302,1526,0.1388
226,1293,1519,0.1388
218,1300,1518,0.1388
221,1286,1507,0.1388
221,1286,1507,0.1388
217,1288,1505,0.1388
220,1293,1513,0.1388
222,1285,1507,0.1388
221,1294,1515,0.1388
218,1286,1504,0.1388
217,1295,1512,0.1388
223,1290,1513,0.1388
219,1301,1520,0.1388
216,1300,1516,0.1388
215,1299,1514,0.1388
217,1285,1502,0.1388
217,1286,1503,0.1388
222,1283,1505,0.1388
223,1285,1508,0.1388
217,1295,1512,0.1388
220,1299,1519,0.1388
221,1296,1517,0.1388
220,1294,1514,0.1388
214,1295,1509,0.1388
212,1296,1508,0.1388
209,1307,1516,0.1388
206,1312,1518,0.1388
206,1312,1518,0.1388
203,1313,1516,0.1388
203,1311,1514,0.1388
204,1314,1518,0.1388
203,1315,1518,0.1388
206,1312,1518,0.1388
207,1297,1504,0.1388
204,1293,1497,0.1388
202,1304,1506,0.1388
202,1295,1497,0.1388
200,1305,1505,0.1388
199,1309,1508,0.1388
205,1310,1515,0.1388
203,1318,1521,0.1388
203,1318,1521,0.1388
200,1322,1522,0.1388
196,1319,1515,0.1388
192,1320,1512,0.1388
192,1317,1509,0.1388
196,1320,1516,0.1388
198,1315,1513,0.1388
195,1321,1516,0.1388
190,1320,1510,0.1388
190,1323,1513,0.1388
196,1327,1523,0.1388
193,1328,1521,0.1388
194,1332,1526,0.1388
191,1332,1523,0.1388
182,1324,1506,0.1388
181,1332,1513,0.1388
187,1344,1531,0.1388
183,1333,1516,0.1388
182,1326,1508,0.1388
186,1336,1522,0.1388
186,1330,1516,0.1388
181,1319,1500,0.1388
182,1328,1510,0.1388
177,1335,1512,0.1388
180,1333,1513,0.1388
178,1344,1522,0.1388
176,1344,1520,0.1388
174,1346,1520,0.1388
176,1344,1520,0.1388
172,1339,1511,0.1388
176,1334,1510,0.1388
174,1343,1517,0.1388
175,1341,1516,0.1388
179,1334,1513,0.1388
182,1342,1524,0.1388
180,1348,1528,0.1388
181,1345,1526,0.1388
176,1342,1518,0.1388
177,1347,1524,0.1388
179,1355,1534,0.1388
176,1360,1536,0.1388
174,1360,1534,0.1388
164,1370,1534,0.1388
163,1350,1513,0.1388
162,1338,1500,0.1388
165,1336,1501,0.1388
168,1332,1500,0.1388
169,1334,1503,0.1388
167,1337,1504,0.1388
168,1348,1516,0.1388
168,1364,1532,0.1388
168,1345,1513,0.1388
165,1344,1509,0.1388
159,1349,1508,0.1388
157,1350,1507,0.1388
161,1340,1501,0.1388
162,1349,1511,0.1388
159,1354,1513,0.1388
157,1361,1518,0.1388
155,1375,1530,0.1388
151,1364,1515,0.1388
152,1353,1505,0.1388
150,1358,1508,0.1388
153,1357,1510,0.1388
152,1352,1504,0.1388
153,1357,1510,0.1388
157,1358,1515,0.1388
157,1370,1527,0.1388
158,1379,1537,0.1388
156,1369,1525,0.1388
155,1367,1522,0.1388
151,1357,1508,0.1388
153,1355,1508,0.1388
155,1367,1522,0.1388
155,1352,1507,0.1388
154,1361,1515,0.1388
151,1354,1505,0.1388
153,1353,1506,0.1388
152,1362,1514,0.1388
152,1356,1508,0.1388
154,1363,1517,0.1388
158,1359,1517,0.1388
155,1366,1521,0.1388
157,1376,1533,0.1388
154,1367,1521,0.1388
153,1363,1516,0.1388
152,1365,1517,0.1388
153,1371,1524,0.1388
153,1371,1524,0.1388
154,1370,1524,0.1388
154,1373,1527,0.1388
150,1369,1519,0.1388
152,1380,1532,0.1388
150,1364,1514,0.1388
148,1357,1505,0.1388
150,1369,1519,0.1388
147,1371,1518,0.1388
148,1379,1527,0.1388
147,1390,1537,0.1388
149,1385,1534,0.1388
148,1379,1527,0.1388
144,1391,1535,0.1388
145,1382,1527,0.1388
144,1383,1527,0.1388
143,1371,1514,0.1388
141,1364,1505,0.1388
136,1368,1504,0.1388
141,1353,1494,0.1388
142,1365,1507,0.1388
133,1362,1495,0.1388
131,1380,1511,0.1388
131,1387,1518,0.1388
133,1388,1521,0.1388
134,1384,1518,0.1388
136,1375,1511,0.1388
133,1380,1513,0.1388
132,1376,1508,0.1388
129,1370,1499,0.1388
134,1375,1509,0.1388
139,1379,1518,0.1388
137,1387,1524,0.1388
138,1385,1523,0.1388
143,1371,1514,0.1388
136,1379,1515,0.1388
136,1374,1510,0.1388
136,1374,1510,0.1388
136,1381,1517,0.1388
139,1373,1512,0.1388
139,1361,1500,0.1388
132,1375,1507,0.1388
136,1374,1510,0.1388
134,1375,1509,0.1388
134,1381,1515,0.1388
137,1376,1513,0.1388
134,1369,1503,0.1388
136,1370,1506,0.1388
137,1371,1508,0.1388
139,1368,1507,0.1388
134,1373,1507,0.1388
137,1374,1511,0.1388
135,1382,1517,0.1388
136,1387,1523,0.1388
132,1385,1517,0.1388
131,1397,1528,0.1388
132,1399,1531,0.1388
132,1380,1512,0.1388
132,1378,1510,0.1388
127,1402,1529,0.1388
126,1399,1525,0.1388
128,1405,1533,0.1388
128,1404,1532,0.1388
127,1408,1535,0.1388
130,1399,1529,0.1388
129,1400,1529,0.1388
129,1399,1528,0.1388
133,1376,1509,0.1388
131,1386,1517,0.1388
128,1377,1505,0.1388
129,1380,1509,0.1388
130,1388,1518,0.1388
125,1391,1516,0.1388
124,1387,1511,0.1388
126,1388,1514,0.1388
127,1387,1514,0.1388
128,1395,1523,0.1388
122,1399,1521,0.1388
120,1409,1529,0.1388
122,1403,1525,0.1388
121,1390,1511,0.1388
122,1387,1509,0.1388
124,1392,1516,0.1388
125,1406,1531,0.1388
124,1399,1523,0.1388
124,1399,1523,0.1388
123,1397,1520,0.1388
121,1396,1517,0.1388
122,1398,1520,0.1388
125,1388,1513,0.1388
123,1396,1519,0.1388
123,1393,1516,0.1388
120,1395,1515,0.1388
121,1386,1507,0.1388
117,1380,1497,0.1388
116,1379,1495,0.1388
116,1379,1495,0.1388
116,1369,1485,0.1388
118,1384,1502,0.1388
119,1391,1510,0.1388
121,1397,1518,0.1388
118,1396,1514,0.1388
117,1392,1509,0.1388
115,1406,1521,0.1388
115,1397,1512,0.1388
115,1413,1528,0.1388
120,1418,1538,0.1388
118,1409,1527,0.1388
114,1415,1529,0.1388
112,1413,1525,0.1388
111,1413,1524,0.1388
114,1417,1531,0.1388
115,1419,1534,0.1388
110,1410,1520,0.1388
105,1401,1506,0.1388
109,1388,1497,0.1388
107,1382,1489,0.1388
107,1398,1505,0.1388
103,1404,1507,0.1388
102,1406,1508,0.1388
103,1409,1512,0.1388
102,1396,1498,0.1388
104,1401,1505,0.1388
104,1407,1511,0.1388
107,1402,1509,0.1388
111,1402,1513,0.1388
108,1395,1503,0.1388
107,1409,1516,0.1388
101,1414,1515,0.1388
102,1417,1519,0.1388
100,1410,1510,0.1388
98,1404,1502,0.1388
96,1402,1498,0.1388
99,1425,1524,0.1388
96,1415,1511,0.1388
96,1407,1503,0.1388
99,1420,1519,0.1388
98,1426,1524,0.1388
95,1426,1521,0.1388
98,1414,1512,0.1388
98,1413,1511,0.1388
100,1412,1512,0.1388
102,1424,1526,0.1388
101,1432,1533,0.1388
98,1427,1525,0.1388
99,1432,1531,0.1388
98,1438,1536,0.1388
95,1434,1529,0.1388
96,1426,1522,0.1388
96,1425,1521,0.1388
98,1420,1518,0.1388
93,1421,1514,0.1388
94,1436,1530,0.1388
89,1440,1529,0.1388
89,1438,1527,0.1388
88,1428,1516,0.1388
88,1422,1510,0.1388
85,1419,1504,0.1388
89,1416,1505,0.1388
86,1422,1508,0.1388
88,1443,1531,0.1388
86,1427,1513,0.1388
87,1438,1525,0.1388
86,1428,1514,0.1388
83,1422,1505,0.1388
82,1423,1505,0.1388
84,1423,1507,0.1388
85,1420,1505,0.1388
81,1436,1517,0.1388
79,1434,1513,0.1388
80,1449,1529,0.1388
82,1437,1519,0.1388
78,1440,1518,0.1388
78,1438,1516,0.1388
79,1437,1516,0.1388
80,1457,1537,0.1388
78,1450,1528,0.1388
76,1440,1516,0.1388
76,1448,1524,0.1388
77,1437,1514,0.1388
77,1419,1496,0.1388
74,1441,1515,0.1388
74,1435,1509,0.1388
75,1437,1512,0.1388
74,1434,1508,0.1388
73,1433,1506,0.1388
72,1420,1492,0.1388
71,1425,1496,0.1388
72,1425,1497,0.1388
72,1440,1512,0.1388
73,1451,1524,0.1388
73,1437,1510,0.1388
72,1439,1511,0.1388
74,1451,1525,0.1388
70,1448,1518,0.1388
66,1450,1516,0.1388
67,1462,1529,0.1388
70,1441,1511,0.1388
71,1445,1516,0.1388
69,1450,1519,0.1388
69,1435,1504,0.1388
67,1440,1507,0.1388
67,1445,1512,0.1388
67,1456,1523,0.1388
66,1454,1520,0.1388
65,1460,1525,0.1388
64,1457,1521,0.1388
66,1450,1516,0.1388
67,1452,1519,0.1388
67,1454,1521,0.1388
72,1450,1522,0.1388
70,1450,1520,0.1388
72,1452,1524,0.1388
73,1449,1522,0.1388
74,1433,1507,0.1388
72,1434,1506,0.1388
71,1441,1512,0.1388
73,1435,1508,0.1388
71,1429,1500,0.1388
72,1436,1508,0.1388
72,1439,1511,0.1388
68,1450,1518,0.1388
69,1450,1519,0.1388
68,1441,1509,0.1388
66,1452,1518,0.1388
64,1450,1514,0.1388
64,1455,1519,0.1388
65,1463,1528,0.1388
63,1463,1526,0.1388
62,1449,1511,0.1388
61,1450,1511,0.1388
60,1442,1502,0.1388
58,1445,1503,0.1388
58,1439,1497,0.1388
56,1452,1508,0.1388
57,1458,1515,0.1388
56,1448,1504,0.1388
56,1462,1518,0.1388
54,1461,1515,0.1388
55,1456,1511,0.1388
54,1463,1517,0.1388
54,1465,1519,0.1388
54,1458,1512,0.1388
55,1464,1519,0.1388
56,1467,1523,0.1388
55,1462,1517,0.1388
53,1464,1517,0.1388
52,1456,1508,0.1388
51,1468,1519,0.1388
49,1461,1510,0.1388
47,1479,1526,0.1388
47,1477,1524,0.1388
45,1475,1520,0.1388
46,1464,1510,0.1388
49,1465,1514,0.1388
48,1458,1506,0.1388
45,1464,1509,0.1388
45,1473,1518,0.1388
42,1471,1513,0.1388
40,1469,1509,0.1388
45,1487,1532,0.1388
45,1480,1525,0.1388
46,1482,1528,0.1388
46,1462,1508,0.1388
45,1478,1523,0.1388
46,1477,1523,0.1388
44,1470,1514,0.1388
43,1472,1515,0.1388
43,1469,1512,0.1388
42,1472,1514,0.1388
41,1463,1504,0.1388
45,1454,1499,0.1388
44,1467,1511,0.1388
42,1477,1519,0.1388
39,1478,1517,0.1388
39,1479,1518,0.1388
37,1473,1510,0.1388
37,1487,1524,0.1388
40,1478,1518,0.1388
41,1480,1521,0.1388
42,1470,1512,0.1388
41,1470,1511,0.1388
40,1471,1511,0.1388
40,1472,1512,0.1388
41,1477,1518,0.1388
41,1469,1510,0.1388
41,1467,1508,0.1388
43,1472,1515,0.1388
44,1475,1519,0.1388
45,1471,1516,0.1388
43,1461,1504,0.1388
44,1483,1527,0.1388
44,1476,1520,0.1388
44,1483,1527,0.1388
43,1488,1531,0.1388
44,1481,1525,0.1388
44,1490,1534,0.1388
46,1495,1541,0.1388
45,1485,1530,0.1388
45,1479,1524,0.1388
42,1474,1516,0.1388
41,1475,1516,0.1388
42,1475,1517,0.1388
40,1479,1519,0.1388
37,1472,1509,0.1388
37,1474,1511,0.1388
35,1468,1503,0.1388
35,1470,1505,0.1388
35,1478,1513,0.1388
35,1465,1500,0.1388
37,1469,1506,0.1388
36,1480,1516,0.1388
36,1488,1524,0.1388
37,1493,1530,0.1388
39,1482,1521,0.1388
39,1476,1515,0.1388
37,1461,1498,0.1388
35,1477,1512,0.1388
35,1470,1505,0.1388
33,1477,1510,0.1388
32,1489,1521,0.1388
32,1496,1528,0.1388
33,1497,1530,0.1388
33,1490,1523,0.1388
30,1456,1486,0.1388
30,1464,1494,0.1388
30,1469,1499,0.1388
30,1479,1509,0.1388
30,1490,1520,0.1388
28,1488,1516,0.1388
30,1484,1514,0.1388
31,1486,1517,0.1388
32,1495,1527,0.1388
32,1497,1529,0.1388
32,1494,1526,0.1388
33,1484,1517,0.1388
33,1465,1498,0.1388
32,1477,1509,0.1388
30,1481,1511,0.1388
31,1484,1515,0.1388
31,1484,1515,0.1388
31,1483,1514,0.1388
28,1485,1513,0.1388
29,1487,1516,0.1388
28,1489,1517,0.1388
27,1503,1530,0.1388
26,1488,1514,0.1388
25,1496,1521,0.1388
24,1491,1515,0.1388
26,1487,1513,0.1388
23,1487,1510,0.1388
23,1487,1510,0.1388
22,1500,1522,0.1388
21,1509,1530,0.1388
23,1500,1523,0.1388
23,1494,1517,0.1388
23,1499,1522,0.1388
23,1513,1536,0.1388
23,1499,1522,0.1388
23,1503,1526,0.1388
21,1508,1529,0.1388
20,1507,1527,0.1388
21,1502,1523,0.1388
21,1497,1518,0.1388
19,1494,1513,0.1388
19,1512,1531,0.1388
19,1499,1518,0.1388
19,1504,1523,0.1388
19,1514,1533,0.1388
20,1515,1535,0.1388
20,1498,1518,0.1388
22,1509,1531,0.1388
20,1496,1516,0.1388
20,1506,1526,0.1388
18,1506,1524,0.1388
18,1506,1524,0.1388
18,1511,1529,0.1388
18,1501,1519,0.1388
18,1500,1518,0.1388
19,1495,1514,0.1388
19,1511,1530,0.1388
17,1509,1526,0.1388
17,1515,1532,0.1388
16,1498,1514,0.1388
16,1503,1519,0.1388
16,1503,1519,0.1388
16,1489,1505,0.1388
15,1492,1507,0.1388
14,1509,1523,0.1388
14,1485,1499,0.1388
14,1480,1494,0.1388
15,1487,1502,0.1388
15,1495,1510,0.1388
16,1505,1521,0.1388
16,1499,1515,0.1388
16,1501,1517,0.1388
16,1503,1519,0.1388
14,1499,1513,0.1388
15,1504,1519,0.1388
15,1507,1522,0.1388
14,1507,1521,0.1388
14,1505,1519,0.1388
15,1488,1503,0.1388
14,1500,1514,0.1388
14,1500,1514,0.1388
15,1509,1524,0.1388
15,1504,1519,0.1388
15,1505,1520,0.1388
13,1498,1511,0.1388
13,1480,1493,0.1388
13,1493,1506,0.1388
12,1502,1514,0.1388
12,1506,1518,0.1388
12,1504,1516,0.1388
10,1498,1508,0.1388
10,1495,1505,0.1388
11,1510,1521,0.1388
10,1506,1516,0.1388
9,1504,1513,0.1388
9,1510,1519,0.1388
9,1507,1516,0.1388
9,1510,1519,0.1388
8,1525,1533,0.1388
8,1527,1535,0.1388
8,1515,1523,0.1388
8,1525,1533,0.1388
8,1528,1536,0.1388
8,1517,1525,0.1388
8,1516,1524,0.1388
8,1505,1513,0.1388
8,1510,1518,0.1388
8,1510,1518,0.1388
7,1494,1501,0.1388
7,1497,1504,0.1388
7,1485,1492,0.1388
7,1483,1490,0.1388
7,1486,1493,0.1388
7,1487,1494,0.1388
7,1478,1485,0.1388
7,1485,1492,0.1388
5,1490,1495,0.1388
5,1493,1498,0.1388
5,1510,1515,0.1388
5,1520,1525,0.1388
5,1506,1511,0.1388
5,1503,1508,0.1388
5,1509,1514,0.1388
5,1507,1512,0.1388
5,1507,1512,0.1388
5,1500,1505,0.1388
5,1509,1514,0.1388
5,1513,1518,0.1388
6,1504,1510,0.1388
6,1518,1524,0.1388
7,1515,1522,0.1388
6,1510,1516,0.1388
8,1507,1515,0.1388
8,1513,1521,0.1388
8,1509,1517,0.1388
8,1512,1520,0.1388
8,1517,1525,0.1388
8,1520,1528,0.1388
8,1519,1527,0.1388
8,1512,1520,0.1388
8,1516,1524,0.1388
7,1518,1525,0.1388
7,1517,1524,0.1388
7,1516,1523,0.1388
7,1511,1518,0.1388
7,1507,1514,0.1388
8,1511,1519,0.1388
8,1511,1519,0.1388
8,1513,1521,0.1388
8,1515,1523,0.1388
8,1521,1529,0.1388
8,1524,1532,0.1388
8,1516,1524,0.1388
7,1524,1531,0.1388
7,1522,1529,0.1388
7,1523,1530,0.1388
7,1506,1513,0.1388
6,1510,1516,0.1388
6,1495,1501,0.1388
6,1505,1511,0.1388
5,1519,1524,0.1388
7,1512,1519,0.1388
7,1496,1503,0.1388
7,1508,1515,0.1388
7,1496,1503,0.1388
7,1506,1513,0.1388
6,1525,1531,0.1388
6,1517,1523,0.1388
6,1507,1513,0.1388
6,1524,1530,0.1388
6,1511,1517,0.1388
6,1509,1515,0.1388
7,1508,1515,0.1388
7,1510,1517,0.1388
7,1511,1518,0.1388
8,1509,1517,0.1388
7,1514,1521,0.1388
7,1530,1537,0.1388
8,1521,1529,0.1388
8,1515,1523,0.1388
8,1517,1525,0.1388
8,1520,1528,0.1388
7,1517,1524,0.1388
6,1503,1509,0.1388
6,1517,1523,0.1388
6,1520,1526,0.1388
6,1503,1509,0.1388
6,1507,1513,0.1388
6,1501,1507,0.1388
6,1512,1518,0.1388
6,1510,1516,0.1388
6,1522,1528,0.1388
6,1502,1508,0.1388
5,1513,1518,0.1388
5,1522,1527,0.1388
5,1520,1525,0.1388
5,1531,1536,0.1388
5,1520,1525,0.1388
5,1519,1524,0.1388
5,1514,1519,0.1388
5,1529,1534,0.1388
5,1525,1530,0.1388
5,1517,1522,0.1388
5,1524,1529,0.1388
5,1529,1534,0.1388
5,1514,1519,0.1388
5,1522,1527,0.1388
5,1520,1525,0.1388
4,1519,1523,0.1388
4,1517,1521,0.1388
4,1521,1525,0.1388
4,1515,1519,0.1388
4,1515,1519,0.1388
4,1506,1510,0.1388
4,1518,1522,0.1388
4,1511,1515,0.1388
4,1516,1520,0.1388
4,1512,1516,0.1388
4,1515,1519,0.1388
4,1514,1518,0.1388
4,1516,1520,0.1388
4,1526,1530,0.1388
4,1511,1515,0.1388
4,1507,1511,0.1388
4,1508,1512,0.1388
4,1495,1499,0.1388
4,1501,1505,0.1388
2,1505,1507,0.1388
2,1501,1503,0.1388
2,1508,1510,0.1388
2,1507,1509,0.1388
1,1514,1515,0.1388
1,1503,1504,0.1388
1,1494,1495,0.1388
1,1512,1513,0.1388
1,1506,1507,0.1388
1,1507,1508,0.1388
1,1510,1511,0.1388
1,1514,1515,0.1388
1,1515,1516,0.1388
1,1517,1518,0.1388
1,1520,1521,0.1388
1,1514,1515,0.1388
1,1525,1526,0.1388
1,1516,1517,0.1388
2,1498,1500,0.1388
2,1504,1506,0.1388
2,1506,1508,0.1388
2,1503,1505,0.1388
2,1501,1503,0.1388
2,1519,1521,0.1388
2,1517,1519,0.1388
2,1507,1509,0.1388
2,1509,1511,0.1388
2,1498,1500,0.1388
2,1501,1503,0.1388
2,1503,1505,0.1388
1,1506,1507,0.1388
1,1511,1512,0.1388
1,1515,1516,0.1388
1,1525,1526,0.1388
1,1520,1521,0.1388
1,1512,1513,0.1388
1,1503,1504,0.1388
1,1503,1504,0.1388
1,1505,1506,0.1388
1,1502,1503,0.1388
1,1520,1521,0.1388
1,1528,1529,0.1388
1,1525,1526,0.1388
1,1527,1528,0.1388
1,1527,1528,0.1388
1,1518,1519,0.1388
1,1507,1508,0.1388
1,1515,1516,0.1388
1,1513,1514,0.1388
1,1518,1519,0.1388
1,1519,1520,0.1388
1,1506,1507,0.1388
1,1514,1515,0.1388
1,1524,1525,0.1388
1,1511,1512,0.1388
1,1518,1519,0.1388
1,1517,1518,0.1388
1,1505,1506,0.1388
1,1509,1510,0.1388
1,1523,1524,0.1388
1,1517,1518,0.1388
1,1517,1518,0.1388
1,1517,1518,0.1388
1,1526,1527,0.1388
1,1528,1529,0.1388
1,1518,1519,0.1388
1,1533,1534,0.1388
1,1532,1533,0.1388
1,1515,1516,0.1388
1,1518,1519,0.1388
1,1520,1521,0.1388
1,1525,1526,0.1388
1,1497,1498,0.1388
1,1505,1506,0.1388
1,1523,1524,0.1388
1,1526,1527,0.1388
0,1521,1521,0.1388
