1391,29,1420,0.1388
1407,27,1434,0.1388
1429,28,1457,0.1388
1449,29,1478,0.1388
1456,30,1486,0.1388
1451,31,1482,0.1388
1469,31,1500,0.1388
1456,30,1486,0.1388
1478,29,1507,0.1388
1474,30,1504,0.1388
1470,29,1499,0.1388
1460,29,1489,0.1388
1456,27,1483,0.1388
1458,27,1485,0.1388
1457,26,1483,0.1388
1462,25,1487,0.1388
1472,24,1496,0.1388
1459,27,1486,0.1388
1454,26,1480,0.1388
1447,26,1473,0.1388
1454,24,1478,0.1388
1461,23,1484,0.1388
1459,24,1483,0.1388
1459,24,1483,0.1388
1459,26,1485,0.1388
1458,26,1484,0.1388
1461,29,1490,0.1388
1452,29,1481,0.1388
1460,30,1490,0.1388
1461,31,1492,0.1388
1468,31,1499,0.1388
1457,31,1488,0.1388
1450,30,1480,0.1388
1465,30,1495,0.1388
1454,30,1484,0.1388
1462,30,1492,0.1388
1449,30,1479,0.1388
1458,31,1489,0.1388
1455,30,1485,0.1388
1455,31,1486,0.1388
1458,31,1489,0.1388
1465,31,1496,0.1388
1468,31,1499,0.1388
1451,32,1483,0.1388
1453,31,1484,0.1388
1456,31,1487,0.1388
1454,32,1486,0.1388
1465,31,1496,0.1388
1458,30,1488,0.1388
1460,28,1488,0.1388
1452,26,1478,0.1388
1451,26,1477,0.1388
1471,26,1497,0.1388
1462,29,1491,0.1388
1454,28,1482,0.1388
1461,29,1490,0.1388
1459,29,1488,0.1388
1469,30,1499,0.1388
1468,29,1497,0.1388
1475,30,1505,0.1388
1477,28,1505,0.1388
1473,27,1500,0.1388
1475,27,1502,0.1388
1460,29,1489,0.1388
1466,30,1496,0.1388
1464,30,1494,0.1388
1478,30,1508,0.1388
1475,30,1505,0.1388
1463,29,1492,0.1388
1470,27,1497,0.1388
1471,26,1497,0.1388
1467,27,1494,0.1388
1465,26,1491,0.1388
1470,25,1495,0.1388
1466,26,1492,0.1388
1475,26,1501,0.1388
1488,28,1516,0.1388
1475,27,1502,0.1388
1476,25,1501,0.1388
1455,24,1479,0.1388
1456,24,1480,0.1388
1462,23,1485,0.1388
1454,22,1476,0.1388
1456,22,1478,0.1388
1462,22,1484,0.1388
1463,22,1485,0.1388
1461,23,1484,0.1388
1467,23,1490,0.1388
1487,24,1511,0.1388
1477,23,1500,0.1388
1468,23,1491,0.1388
1450,23,1473,0.1388
1455,24,1479,0.1388
1458,26,1484,0.1388
1450,26,1476,0.1388
1452,25,1477,0.1388
1470,24,1494,0.1388
1463,23,1486,0.1388
1473,23,1496,0.1388
1476,23,1499,0.1388
1471,23,1494,0.1388
1458,24,1482,0.1388
1460,24,1484,0.1388
1458,24,1482,0.1388
1459,26,1485,0.1388
1470,26,1496,0.1388
1465,27,1492,0.1388
1457,25,1482,0.1388
1442,26,1468,0.1388
1448,26,1474,0.1388
1446,31,1477,0.1388
1438,30,1468,0.1388
1445,32,1477,0.1388
1462,33,1495,0.1388
1450,33,1483,0.1388
1470,32,1502,0.1388
1480,34,1514,0.1388
1477,36,1513,0.1388
1472,36,1508,0.1388
1467,34,1501,0.1388
1454,33,1487,0.1388
1465,32,1497,0.1388
1474,32,1506,0.1388
1471,33,1504,0.1388
1456,33,1489,0.1388
1455,33,1488,0.1388
1450,33,1483,0.1388
1451,32,1483,0.1388
1445,31,1476,0.1388
1450,33,1483,0.1388
1448,33,1481,0.1388
1445,32,1477,0.1388
1447,34,1481,0.1388
1442,35,1477,0.1388
1446,38,1484,0.1388
1451,37,1488,0.1388
1454,37,1491,0.1388
1464,37,1501,0.1388
1455,37,1492,0.1388
1455,37,1492,0.1388
1448,39,1487,0.1388
1444,38,1482,0.1388
1445,35,1480,0.1388
1445,38,1483,0.1388
1442,39,1481,0.1388
1448,39,1487,0.1388
1449,42,1491,0.1388
1450,41,1491,0.1388
1449,40,1489,0.1388
1461,41,1502,0.1388
1459,40,1499,0.1388
1457,39,1496,0.1388
1451,39,1490,0.1388
1450,38,1488,0.1388
1455,37,1492,0.1388
1448,36,1484,0.1388
1439,37,1476,0.1388
1441,37,1478,0.1388
1446,37,1483,0.1388
1453,37,1490,0.1388
1461,39,1500,0.1388
1449,38,1487,0.1388
1440,39,1479,0.1388
1459,37,1496,0.1388
1457,38,1495,0.1388
1459,38,1497,0.1388
1460,38,1498,0.1388
1459,38,1497,0.1388
1449,41,1490,0.1388
1464,41,1505,0.1388
1438,39,1477,0.1388
1431,39,1470,0.1388
1450,40,1490,0.1388
1448,41,1489,0.1388
1450,42,1492,0.1388
1449,42,1491,0.1388
1451,42,1493,0.1388
1443,42,1485,0.1388
1446,41,1487,0.1388
1446,42,1488,0.1388
1466,41,1507,0.1388
1469,44,1513,0.1388
1459,43,1502,0.1388
1456,43,1499,0.1388
1447,44,1491,0.1388
1453,42,1495,0.1388
1454,43,1497,0.1388
1451,43,1494,0.1388
1454,43,1497,0.1388
1467,43,1510,0.1388
1454,41,1495,0.1388
1471,40,1511,0.1388
1466,39,1505,0.1388
1467,39,1506,0.1388
1475,40,1515,0.1388
1463,40,1503,0.1388
1454,42,1496,0.1388
1449,40,1489,0.1388
1460,38,1498,0.1388
1461,38,1499,0.1388
1465,37,1502,0.1388
1459,37,1496,0.1388
1455,36,1491,0.1388
1463,37,1500,0.1388
1450,38,1488,0.1388
1458,35,1493,0.1388
1447,36,1483,0.1388
1449,36,1485,0.1388
1447,35,1482,0.1388
1445,35,1480,0.1388
1452,36,1488,0.1388
1444,36,1480,0.1388
1450,37,1487,0.1388
1452,37,1489,0.1388
1458,38,1496,0.1388
1469,38,1507,0.1388
1466,38,1504,0.1388
1460,37,1497,0.1388
1460,38,1498,0.1388
1453,38,1491,0.1388
1455,39,1494,0.1388
1440,41,1481,0.1388
1442,41,1483,0.1388
1430,42,1472,0.1388
1431,42,1473,0.1388
1434,40,1474,0.1388
1445,40,1485,0.1388
1458,40,1498,0.1388
1460,39,1499,0.1388
1447,39,1486,0.1388
1443,41,1484,0.1388
1438,42,1480,0.1388
1444,42,1486,0.1388
1446,40,1486,0.1388
1453,40,1493,0.1388
1452,41,1493,0.1388
1459,42,1501,0.1388
1464,44,1508,0.1388
1461,43,1504,0.1388
1458,42,1500,0.1388
1462,42,1504,0.1388
1462,41,1503,0.1388
1458,42,1500,0.1388
1450,43,1493,0.1388
1458,43,1501,0.1388
1453,42,1495,0.1388
1457,41,1498,0.1388
1461,42,1503,0.1388
1461,44,1505,0.1388
1447,44,1491,0.1388
1425,45,1470,0.1388
1433,44,1477,0.1388
1433,47,1480,0.1388
1430,48,1478,0.1388
1431,47,1478,0.1388
1435,49,1484,0.1388
1447,47,1494,0.1388
1448,46,1494,0.1388
1436,48,1484,0.1388
1436,47,1483,0.1388
1456,49,1505,0.1388
1437,48,1485,0.1388
1429,50,1479,0.1388
1429,49,1478,0.1388
1427,48,1475,0.1388
1432,46,1478,0.1388
1450,45,1495,0.1388
1451,44,1495,0.1388
1449,45,1494,0.1388
1443,44,1487,0.1388
1458,46,1504,0.1388
1460,45,1505,0.1388
1463,44,1507,0.1388
1451,43,1494,0.1388
1444,42,1486,0.1388
1444,45,1489,0.1388
1441,44,1485,0.1388
1451,45,1496,0.1388
1442,43,1485,0.1388
1440,40,1480,0.1388
1442,43,1485,0.1388
1457,41,1498,0.1388
1456,41,1497,0.1388
1451,39,1490,0.1388
1440,39,1479,0.1388
1448,40,1488,0.1388
1470,40,1510,0.1388
1462,41,1503,0.1388
1461,40,1501,0.1388
1452,40,1492,0.1388
1458,41,1499,0.1388
1466,41,1507,0.1388
1465,40,1505,0.1388
1471,39,1510,0.1388
1469,38,1507,0.1388
1471,37,1508,0.1388
1470,36,1506,0.1388
1458,38,1496,0.1388
1458,39,1497,0.1388
1454,38,1492,0.1388
1469,38,1507,0.1388
1474,37,1511,0.1388
1472,36,1508,0.1388
1461,35,1496,0.1388
1459,35,1494,0.1388
1465,36,1501,0.1388
1468,35,1503,0.1388
1455,36,1491,0.1388
1453,34,1487,0.1388
1459,34,1493,0.1388
1452,33,1485,0.1388
1444,34,1478,0.1388
1451,34,1485,0.1388
1463,35,1498,0.1388
1453,35,1488,0.1388
1461,35,1496,0.1388
1465,37,1502,0.1388
1467,38,1505,0.1388
1462,38,1500,0.1388
1451,36,1487,0.1388
1457,37,1494,0.1388
1467,37,1504,0.1388
1468,37,1505,0.1388
1464,38,1502,0.1388
1460,36,1496,0.1388
1458,37,1495,0.1388
1450,37,1487,0.1388
1459,40,1499,0.1388
1470,42,1512,0.1388
1458,40,1498,0.1388
1458,43,1501,0.1388
1456,44,1500,0.1388
1458,44,1502,0.1388
1448,46,1494,0.1388
1457,48,1505,0.1388
1449,47,1496,0.1388
1447,48,1495,0.1388
1437,52,1489,0.1388
1439,53,1492,0.1388
1438,50,1488,0.1388
1440,52,1492,0.1388
1441,53,1494,0.1388
1431,51,1482,0.1388
1424,51,1475,0.1388
1417,53,1470,0.1388
1410,52,1462,0.1388
1425,53,1478,0.1388
1436,53,1489,0.1388
1428,50,1478,0.1388
1435,50,1485,0.1388
1439,54,1493,0.1388
1431,55,1486,0.1388
1428,55,1483,0.1388
1423,53,1476,0.1388
1428,55,1483,0.1388
1418,57,1475,0.1388
1432,57,1489,0.1388
1433,58,1491,0.1388
1438,56,1494,0.1388
1439,59,1498,0.1388
1443,59,1502,0.1388
1438,57,1495,0.1388
1420,57,1477,0.1388
1436,60,1496,0.1388
1431,59,1490,0.1388
1424,59,1483,0.1388
1428,58,1486,0.1388
1433,54,1487,0.1388
1431,53,1484,0.1388
1432,54,1486,0.1388
1433,58,1491,0.1388
1436,58,1494,0.1388
1446,56,1502,0.1388
1439,58,1497,0.1388
1450,59,1509,0.1388
1460,59,1519,0.1388
1451,60,1511,0.1388
1438,58,1496,0.1388
1433,56,1489,0.1388
1436,59,1495,0.1388
1441,58,1499,0.1388
1419,58,1477,0.1388
1411,58,1469,0.1388
1408,59,1467,0.1388
1425,58,1483,0.1388
1426,55,1481,0.1388
1428,55,1483,0.1388
1437,54,1491,0.1388
1433,54,1487,0.1388
1440,53,1493,0.1388
1439,54,1493,0.1388
1424,54,1478,0.1388
1427,52,1479,0.1388
1431,55,1486,0.1388
1444,56,1500,0.1388
1433,56,1489,0.1388
1445,55,1500,0.1388
1427,55,1482,0.1388
1446,54,1500,0.1388
1437,55,1492,0.1388
1417,55,1472,0.1388
1433,56,1489,0.1388
1436,56,1492,0.1388
1435,54,1489,0.1388
1439,54,1493,0.1388
1428,55,1483,0.1388
1424,54,1478,0.1388
1432,55,1487,0.1388
1427,55,1482,0.1388
1434,53,1487,0.1388
1433,55,1488,0.1388
1441,56,1497,0.1388
1436,54,1490,0.1388
1439,51,1490,0.1388
1424,51,1475,0.1388
1427,51,1478,0.1388
1429,52,1481,0.1388
1429,52,1481,0.1388
1428,51,1479,0.1388
1424,51,1475,0.1388
1424,54,1478,0.1388
1432,54,1486,0.1388
1435,56,1491,0.1388
1442,56,1498,0.1388
1441,57,1498,0.1388
1443,58,1501,0.1388
1447,58,1505,0.1388
1445,56,1501,0.1388
1451,57,1508,0.1388
1441,54,1495,0.1388
1430,58,1488,0.1388
1441,56,1497,0.1388
1443,56,1499,0.1388
1446,58,1504,0.1388
1438,61,1499,0.1388
1444,63,1507,0.1388
1435,62,1497,0.1388
1431,61,1492,0.1388
1432,63,1495,0.1388
1427,64,1491,0.1388
1431,62,1493,0.1388
1432,59,1491,0.1388
1426,61,1487,0.1388
1424,60,1484,0.1388
1423,61,1484,0.1388
1431,61,1492,0.1388
1417,62,1479,0.1388
1422,64,1486,0.1388
1412,66,1478,0.1388
1426,69,1495,0.1388
1415,68,1483,0.1388
1422,68,1490,0.1388
1427,70,1497,0.1388
1420,71,1491,0.1388
1432,71,1503,0.1388
1434,72,1506,0.1388
1433,69,1502,0.1388
1418,71,1489,0.1388
1428,68,1496,0.1388
1421,68,1489,0.1388
1428,65,1493,0.1388
1429,65,1494,0.1388
1423,66,1489,0.1388
1435,65,1500,0.1388
1425,66,1491,0.1388
1426,67,1493,0.1388
1417,65,1482,0.1388
1416,66,1482,0.1388
1418,66,1484,0.1388
1429,68,1497,0.1388
1434,67,1501,0.1388
1448,71,1519,0.1388
1439,72,1511,0.1388
1438,75,1513,0.1388
1431,75,1506,0.1388
1429,73,1502,0.1388
1426,74,1500,0.1388
1427,76,1503,0.1388
1416,77,1493,0.1388
1424,77,1501,0.1388
1424,75,1499,0.1388
1427,76,1503,0.1388
1423,73,1496,0.1388
1431,76,1507,0.1388
1425,76,1501,0.1388
1433,72,1505,0.1388
1432,73,1505,0.1388
1430,74,1504,0.1388
1430,76,1506,0.1388
1430,77,1507,0.1388
1417,75,1492,0.1388
1416,70,1486,0.1388
1418,71,1489,0.1388
1416,71,1487,0.1388
1416,74,1490,0.1388
1417,73,1490,0.1388
1415,75,1490,0.1388
1408,79,1487,0.1388
1408,80,1488,0.1388
1402,79,1481,0.1388
1395,79,1474,0.1388
1392,79,1471,0.1388
1409,78,1487,0.1388
1413,79,1492,0.1388
1413,77,1490,0.1388
1415,78,1493,0.1388
1405,76,1481,0.1388
1406,76,1482,0.1388
1420,74,1494,0.1388
1411,79,1490,0.1388
1418,79,1497,0.1388
1421,79,1500,0.1388
1419,81,1500,0.1388
1428,82,1510,0.1388
1419,81,1500,0.1388
1405,78,1483,0.1388
1405,77,1482,0.1388
1404,77,1481,0.1388
1423,74,1497,0.1388
1427,76,1503,0.1388
1430,78,1508,0.1388
1420,78,1498,0.1388
1421,77,1498,0.1388
1431,76,1507,0.1388
1428,75,1503,0.1388
1419,75,1494,0.1388
1421,73,1494,0.1388
1421,75,1496,0.1388
1417,76,1493,0.1388
1416,77,1493,0.1388
1424,78,1502,0.1388
1410,80,1490,0.1388
1409,85,1494,0.1388
1423,78,1501,0.1388
1415,77,1492,0.1388
1416,77,1493,0.1388
1416,81,1497,0.1388
1424,83,1507,0.1388
1433,82,1515,0.1388
1433,83,1516,0.1388
1413,84,1497,0.1388
1396,84,1480,0.1388
1413,82,1495,0.1388
1402,82,1484,0.1388
1413,82,1495,0.1388
1411,81,1492,0.1388
1408,80,1488,0.1388
1408,75,1483,0.1388
1407,72,1479,0.1388
1397,73,1470,0.1388
1400,77,1477,0.1388
1402,79,1481,0.1388
1408,76,1484,0.1388
1401,77,1478,0.1388
1406,79,1485,0.1388
1417,78,1495,0.1388
1434,82,1516,0.1388
1419,84,1503,0.1388
1413,84,1497,0.1388
1412,84,1496,0.1388
1419,85,1504,0.1388
1411,85,1496,0.1388
1422,81,1503,0.1388
1410,82,1492,0.1388
1407,81,1488,0.1388
1407,81,1488,0.1388
1399,82,1481,0.1388
1406,79,1485,0.1388
1397,81,1478,0.1388
1407,85,1492,0.1388
1396,85,1481,0.1388
1400,87,1487,0.1388
1396,88,1484,0.1388
1402,90,1492,0.1388
1409,89,1498,0.1388
1405,91,1496,0.1388
1399,91,1490,0.1388
1383,93,1476,0.1388
1397,97,1494,0.1388
1396,98,1494,0.1388
1378,97,1475,0.1388
1386,99,1485,0.1388
1358,102,1460,0.1388
1357,101,1458,0.1388
1366,102,1468,0.1388
1369,96,1465,0.1388
1363,97,1460,0.1388
1376,102,1478,0.1388
1382,100,1482,0.1388
1382,100,1482,0.1388
1388,99,1487,0.1388
1386,98,1484,0.1388
1407,103,1510,0.1388
1409,102,1511,0.1388
1415,103,1518,0.1388
1395,106,1501,0.1388
1395,106,1501,0.1388
1408,103,1511,0.1388
1401,107,1508,0.1388
1375,107,1482,0.1388
1380,110,1490,0.1388
1388,107,1495,0.1388
1393,106,1499,0.1388
1403,109,1512,0.1388
1406,106,1512,0.1388
1393,109,1502,0.1388
1375,110,1485,0.1388
1387,108,1495,0.1388
1374,110,1484,0.1388
1392,111,1503,0.1388
1390,112,1502,0.1388
1389,114,1503,0.1388
1401,113,1514,0.1388
1398,108,1506,0.1388
1379,112,1491,0.1388
1378,112,1490,0.1388
1381,117,1498,0.1388
1376,118,1494,0.1388
1366,122,1488,0.1388
1380,119,1499,0.1388
1377,118,1495,0.1388
1371,117,1488,0.1388
1376,120,1496,0.1388
1377,122,1499,0.1388
1363,119,1482,0.1388
1365,116,1481,0.1388
1367,115,1482,0.1388
1376,116,1492,0.1388
1378,112,1490,0.1388
1374,115,1489,0.1388
1372,114,1486,0.1388
1366,115,1481,0.1388
1360,114,1474,0.1388
1364,111,1475,0.1388
1354,113,1467,0.1388
1364,117,1481,0.1388
1371,121,1492,0.1388
1371,123,1494,0.1388
1378,125,1503,0.1388
1375,126,1501,0.1388
1359,127,1486,0.1388
1351,129,1480,0.1388
1346,128,1474,0.1388
1364,131,1495,0.1388
1349,133,1482,0.1388
1338,133,1471,0.1388
1343,131,1474,0.1388
1356,128,1484,0.1388
1357,130,1487,0.1388
1358,128,1486,0.1388
1359,129,1488,0.1388
1353,131,1484,0.1388
1360,134,1494,0.1388
1368,133,1501,0.1388
1368,135,1503,0.1388
1367,134,1501,0.1388
1369,136,1505,0.1388
1366,140,1506,0.1388
1367,139,1506,0.1388
1363,136,1499,0.1388
1363,136,1499,0.1388
1366,136,1502,0.1388
1362,138,1500,0.1388
1369,141,1510,0.1388
1371,138,1509,0.1388
1355,142,1497,0.1388
1368,135,1503,0.1388
1366,134,1500,0.1388
1355,130,1485,0.1388
1364,129,1493,0.1388
1353,129,1482,0.1388
1350,132,1482,0.1388
1347,134,1481,0.1388
1362,137,1499,0.1388
1356,138,1494,0.1388
1365,138,1503,0.1388
1361,139,1500,0.1388
1367,136,1503,0.1388
1355,136,1491,0.1388
1348,140,1488,0.1388
1360,140,1500,0.1388
1353,142,1495,0.1388
1337,142,1479,0.1388
1338,144,1482,0.1388
1333,144,1477,0.1388
1343,143,1486,0.1388
1339,144,1483,0.1388
1358,146,1504,0.1388
1341,147,1488,0.1388
1349,141,1490,0.1388
1352,141,1493,0.1388
1350,146,1496,0.1388
1351,145,1496,0.1388
1350,149,1499,0.1388
1346,149,1495,0.1388
1353,149,1502,0.1388
1352,145,1497,0.1388
1358,151,1509,0.1388
1348,148,1496,0.1388
1356,147,1503,0.1388
1361,145,1506,0.1388
1367,147,1514,0.1388
1360,145,1505,0.1388
1350,147,1497,0.1388
1339,150,1489,0.1388
1341,150,1491,0.1388
1348,149,1497,0.1388
1335,151,1486,0.1388
1334,153,1487,0.1388
1344,152,1496,0.1388
1352,156,1508,0.1388
1358,156,1514,0.1388
1355,153,1508,0.1388
1348,153,1501,0.1388
1357,151,1508,0.1388
1349,151,1500,0.1388
1347,154,1501,0.1388
1353,156,1509,0.1388
1356,155,1511,0.1388
1357,154,1511,0.1388
1349,153,1502,0.1388
1347,154,1501,0.1388
1345,160,1505,0.1388
1338,161,1499,0.1388
1343,160,1503,0.1388
1340,161,1501,0.1388
1345,155,1500,0.1388
1330,157,1487,0.1388
1344,154,1498,0.1388
1336,148,1484,0.1388
1328,149,1477,0.1388
1335,149,1484,0.1388
1338,151,1489,0.1388
1338,154,1492,0.1388
1329,156,1485,0.1388
1335,157,1492,0.1388
1333,160,1493,0.1388
1328,149,1477,0.1388
1328,150,1478,0.1388
1336,157,1493,0.1388
1322,156,1478,0.1388
1320,156,1476,0.1388
1335,161,1496,0.1388
1345,159,1504,0.1388
1339,162,1501,0.1388
1341,162,1503,0.1388
1321,155,1476,0.1388
1326,157,1483,0.1388
1327,155,1482,0.1388
1328,155,1483,0.1388
1333,154,1487,0.1388
1338,154,1492,0.1388
1342,157,1499,0.1388
1347,158,1505,0.1388
1328,162,1490,0.1388
1318,164,1482,0.1388
1319,161,1480,0.1388
1328,170,1498,0.1388
1312,177,1489,0.1388
1316,174,1490,0.1388
1307,172,1479,0.1388
1311,176,1487,0.1388
1318,176,1494,0.1388
1319,173,1492,0.1388
1306,177,1483,0.1388
1315,189,1504,0.1388
1318,187,1505,0.1388
1323,189,1512,0.1388
1323,194,1517,0.1388
1314,195,1509,0.1388
1314,193,1507,0.1388
1305,193,1498,0.1388
1300,193,1493,0.1388
1304,188,1492,0.1388
1302,184,1486,0.1388
1310,185,1495,0.1388
1301,190,1491,0.1388
1306,188,1494,0.1388
1310,187,1497,0.1388
1313,185,1498,0.1388
1318,181,1499,0.1388
1323,185,1508,0.1388
1317,181,1498,0.1388
1306,188,1494,0.1388
1303,191,1494,0.1388
1291,190,1481,0.1388
1292,196,1488,0.1388
1292,199,1491,0.1388
1292,202,1494,0.1388
1286,209,1495,0.1388
1289,205,1494,0.1388
1299,203,1502,0.1388
1298,201,1499,0.1388
1305,206,1511,0.1388
1301,202,1503,0.1388
1299,205,1504,0.1388
1294,205,1499,0.1388
1296,202,1498,0.1388
1293,205,1498,0.1388
1288,202,1490,0.1388
1293,202,1495,0.1388
1306,202,1508,0.1388
1307,200,1507,0.1388
1307,200,1507,0.1388
1297,200,1497,0.1388
1294,206,1500,0.1388
1294,206,1500,0.1388
1298,208,1506,0.1388
1295,206,1501,0.1388
1287,201,1488,0.1388
1292,206,1498,0.1388
1300,205,1505,0.1388
1315,203,1518,0.1388
1312,210,1522,0.1388
1307,214,1521,0.1388
1299,210,1509,0.1388
1298,211,1509,0.1388
1287,214,1501,0.1388
1274,213,1487,0.1388
1267,216,1483,0.1388
1279,214,1493,0.1388
1289,215,1504,0.1388
1298,214,1512,0.1388
1290,207,1497,0.1388
1286,206,1492,0.1388
1289,203,1492,0.1388
1300,199,1499,0.1388
1295,199,1494,0.1388
1299,201,1500,0.1388
1295,201,1496,0.1388
1297,208,1505,0.1388
1297,212,1509,0.1388
1304,212,1516,0.1388
1305,211,1516,0.1388
1289,214,1503,0.1388
1283,219,1502,0.1388
1276,218,1494,0.1388
1287,217,1504,0.1388
1277,216,1493,0.1388
1287,214,1501,0.1388
1295,219,1514,0.1388
1303,217,1520,0.1388
1291,227,1518,0.1388
1288,230,1518,0.1388
1281,226,1507,0.1388
1269,228,1497,0.1388
1271,231,1502,0.1388
1272,227,1499,0.1388
1271,226,1497,0.1388
1271,231,1502,0.1388
1257,233,1490,0.1388
1255,240,1495,0.1388
1252,240,1492,0.1388
1251,235,1486,0.1388
1243,238,1481,0.1388
1240,237,1477,0.1388
1250,239,1489,0.1388
1262,235,1497,0.1388
1253,239,1492,0.1388
1257,248,1505,0.1388
1245,244,1489,0.1388
1245,245,1490,0.1388
1236,241,1477,0.1388
1231,251,1482,0.1388
1238,248,1486,0.1388
1242,255,1497,0.1388
1251,256,1507,0.1388
1242,257,1499,0.1388
1238,257,1495,0.1388
1248,255,1503,0.1388
1258,258,1516,0.1388
1245,262,1507,0.1388
1244,263,1507,0.1388
1230,263,1493,0.1388
1230,261,1491,0.1388
1240,262,1502,0.1388
1229,263,1492,0.1388
1238,264,1502,0.1388
1234,266,1500,0.1388
1229,269,1498,0.1388
1231,270,1501,0.1388
1238,272,1510,0.1388
1234,271,1505,0.1388
1242,270,1512,0.1388
1231,273,1504,0.1388
1237,272,1509,0.1388
1226,273,1499,0.1388
1239,274,1513,0.1388
1225,270,1495,0.1388
1210,275,1485,0.1388
1216,270,1486,0.1388
1229,266,1495,0.1388
1230,268,1498,0.1388
1224,270,1494,0.1388
1231,269,1500,0.1388
1226,271,1497,0.1388
1221,270,1491,0.1388
1218,267,1485,0.1388
1213,274,1487,0.1388
1215,275,1490,0.1388
1221,279,1500,0.1388
1210,279,1489,0.1388
1220,282,1502,0.1388
1227,279,1506,0.1388
1228,275,1503,0.1388
1227,282,1509,0.1388
1219,280,1499,0.1388
1211,283,1494,0.1388
1217,286,1503,0.1388
1223,287,1510,0.1388
1218,285,1503,0.1388
1225,277,1502,0.1388
1227,279,1506,0.1388
1219,279,1498,0.1388
1206,284,1490,0.1388
1215,288,1503,0.1388
1211,294,1505,0.1388
1214,291,1505,0.1388
1205,290,1495,0.1388
1198,287,1485,0.1388
1212,283,1495,0.1388
1208,281,1489,0.1388
1207,285,1492,0.1388
1204,287,1491,0.1388
1203,291,1494,0.1388
1206,296,1502,0.1388
1198,295,1493,0.1388
1199,290,1489,0.1388
1204,292,1496,0.1388
1195,293,1488,0.1388
1195,287,1482,0.1388
1198,288,1486,0.1388
1202,289,1491,0.1388
1198,293,1491,0.1388
1202,294,1496,0.1388
1200,293,1493,0.1388
1203,297,1500,0.1388
1208,293,1501,0.1388
1214,293,1507,0.1388
1207,286,1493,0.1388
1216,282,1498,0.1388
1211,285,1496,0.1388
1212,288,1500,0.1388
1197,287,1484,0.1388
1204,292,1496,0.1388
1215,288,1503,0.1388
1219,290,1509,0.1388
1213,292,1505,0.1388
1207,289,1496,0.1388
1201,291,1492,0.1388
1195,295,1490,0.1388
1198,299,1497,0.1388
1211,297,1508,0.1388
1206,291,1497,0.1388
1196,296,1492,0.1388
1203,297,1500,0.1388
1207,301,1508,0.1388
1192,305,1497,0.1388
1192,306,1498,0.1388
1187,306,1493,0.1388
1195,300,1495,0.1388
1212,307,1519,0.1388
1200,312,1512,0.1388
1202,307,1509,0.1388
1191,308,1499,0.1388
1186,316,1502,0.1388
1186,311,1497,0.1388
1187,310,1497,0.1388
1187,311,1498,0.1388
1171,317,1488,0.1388
1174,315,1489,0.1388
1171,315,1486,0.1388
1174,317,1491,0.1388
1162,318,1480,0.1388
1164,324,1488,0.1388
1169,319,1488,0.1388
1159,318,1477,0.1388
1155,324,1479,0.1388
1166,327,1493,0.1388
1180,321,1501,0.1388
1176,330,1506,0.1388
1163,334,1497,0.1388
1165,339,1504,0.1388
1165,334,1499,0.1388
1170,331,1501,0.1388
1166,333,1499,0.1388
1170,330,1500,0.1388
1152,327,1479,0.1388
1145,335,1480,0.1388
1155,338,1493,0.1388
1166,337,1503,0.1388
1150,339,1489,0.1388
1152,336,1488,0.1388
1147,337,1484,0.1388
1146,343,1489,0.1388
1144,340,1484,0.1388
1152,344,1496,0.1388
1143,343,1486,0.1388
1147,346,1493,0.1388
1156,351,1507,0.1388
1144,349,1493,0.1388
1140,345,1485,0.1388
1138,350,1488,0.1388
1132,352,1484,0.1388
1125,341,1466,0.1388
1129,345,1474,0.1388
1147,353,1500,0.1388
1154,351,1505,0.1388
1151,356,1507,0.1388
1137,350,1487,0.1388
1128,361,1489,0.1388
1131,361,1492,0.1388
1127,356,1483,0.1388
1128,358,1486,0.1388
1136,362,1498,0.1388
1134,366,1500,0.1388
1130,361,1491,0.1388
1138,361,1499,0.1388
1134,362,1496,0.1388
1129,364,1493,0.1388
1138,371,1509,0.1388
1138,371,1509,0.1388
1138,367,1505,0.1388
1123,366,1489,0.1388
1123,373,1496,0.1388
1121,382,1503,0.1388
1113,379,1492,0.1388
1116,375,1491,0.1388
1121,375,1496,0.1388
1131,383,1514,0.1388
1126,385,1511,0.1388
1124,380,1504,0.1388
1117,383,1500,0.1388
1118,377,1495,0.1388
1128,379,1507,0.1388
1136,376,1512,0.1388
1129,380,1509,0.1388
1123,378,1501,0.1388
1124,385,1509,0.1388
1120,383,1503,0.1388
1111,386,1497,0.1388
1110,391,1501,0.1388
1115,380,1495,0.1388
1092,386,1478,0.1388
1093,386,1479,0.1388
1093,385,1478,0.1388
1100,391,1491,0.1388
1100,391,1491,0.1388
1099,388,1487,0.1388
1095,383,1478,0.1388
1107,383,1490,0.1388
1108,383,1491,0.1388
1105,386,1491,0.1388
1118,386,1504,0.1388
1120,390,1510,0.1388
1100,398,1498,0.1388
1103,398,1501,0.1388
1117,398,1515,0.1388
1122,395,1517,0.1388
1110,396,1506,0.1388
1110,396,1506,0.1388
1111,397,1508,0.1388
1107,390,1497,0.1388
1109,389,1498,0.1388
1122,395,1517,0.1388
1115,407,1522,0.1388
1106,397,1503,0.1388
1102,397,1499,0.1388
1106,400,1506,0.1388
1107,401,1508,0.1388
1103,402,1505,0.1388
1107,393,1500,0.1388
1096,395,1491,0.1388
1093,402,1495,0.1388
1105,393,1498,0.1388
1113,392,1505,0.1388
1103,398,1501,0.1388
1097,398,1495,0.1388
1100,396,1496,0.1388
1096,400,1496,0.1388
1091,394,1485,0.1388
1094,402,1496,0.1388
1096,408,1504,0.1388
1091,412,1503,0.1388
1102,404,1506,0.1388
1110,396,1506,0.1388
1093,402,1495,0.1388
1092,403,1495,0.1388
1097,403,1500,0.1388
1086,408,1494,0.1388
1088,403,1491,0.1388
1083,401,1484,0.1388
1087,405,1492,0.1388
1088,400,1488,0.1388
1097,406,1503,0.1388
1107,409,1516,0.1388
1104,411,1515,0.1388
1103,405,1508,0.1388
1094,399,1493,0.1388
1096,401,1497,0.1388
1086,404,1490,0.1388
1097,405,1502,0.1388
1090,414,1504,0.1388
1091,412,1503,0.1388
1099,416,1515,0.1388
1089,417,1506,0.1388
1095,414,1509,0.1388
1087,422,1509,0.1388
1084,421,1505,0.1388
1087,418,1505,0.1388
1090,415,1505,0.1388
1090,415,1505,0.1388
1086,419,1505,0.1388
1087,422,1509,0.1388
1077,417,1494,0.1388
1074,420,1494,0.1388
1064,417,1481,0.1388
1059,422,1481,0.1388
1058,425,1483,0.1388
1069,423,1492,0.1388
1059,421,1480,0.1388
1061,422,1483,0.1388
1075,429,1504,0.1388
1066,429,1495,0.1388
1055,431,1486,0.1388
1063,428,1491,0.1388
1060,429,1489,0.1388
1053,439,1492,0.1388
1062,436,1498,0.1388
1061,435,1496,0.1388
1064,436,1500,0.1388
1066,437,1503,0.1388
1061,435,1496,0.1388
1057,441,1498,0.1388
1053,442,1495,0.1388
1054,443,1497,0.1388
1059,443,1502,0.1388
1064,445,1509,0.1388
1056,448,1504,0.1388
1049,453,1502,0.1388
1048,453,1501,0.1388
1046,450,1496,0.1388
1036,456,1492,0.1388
1043,464,1507,0.1388
1048,463,1511,0.1388
1055,457,1512,0.1388
1065,454,1519,0.1388
1054,451,1505,0.1388
1059,457,1516,0.1388
1059,465,1524,0.1388
1063,462,1525,0.1388
1054,463,1517,0.1388
1041,463,1504,0.1388
1046,459,1505,0.1388
1052,459,1511,0.1388
1049,456,1505,0.1388
1052,444,1496,0.1388
1044,443,1487,0.1388
1042,444,1486,0.1388
1042,453,1495,0.1388
1035,461,1496,0.1388
1029,465,1494,0.1388
1037,464,1501,0.1388
1049,468,1517,0.1388
1052,472,1524,0.1388
1042,473,1515,0.1388
1039,465,1504,0.1388
1030,469,1499,0.1388
1031,476,1507,0.1388
1017,473,1490,0.1388
1023,468,1491,0.1388
1025,472,1497,0.1388
1023,474,1497,0.1388
1012,479,1491,0.1388
1009,491,1500,0.1388
1013,488,1501,0.1388
1026,482,1508,0.1388
1014,480,1494,0.1388
1016,477,1493,0.1388
1006,480,1486,0.1388
998,483,1481,0.1388
1001,486,1487,0.1388
1008,488,1496,0.1388
987,491,1478,0.1388
1004,484,1488,0.1388
1009,483,1492,0.1388
1008,488,1496,0.1388
1007,493,1500,0.1388
1011,497,1508,0.1388
1009,500,1509,0.1388
1019,493,1512,0.1388
1017,491,1508,0.1388
1019,499,1518,0.1388
1014,505,1519,0.1388
1012,503,1515,0.1388
1001,510,1511,0.1388
1006,499,1505,0.1388
1000,491,1491,0.1388
1001,489,1490,0.1388
1005,492,1497,0.1388
1002,502,1504,0.1388
999,510,1509,0.1388
993,508,1501,0.1388
998,503,1501,0.1388
997,510,1507,0.1388
990,503,1493,0.1388
996,510,1506,0.1388
988,513,1501,0.1388
989,506,1495,0.1388
998,512,1510,0.1388
994,511,1505,0.1388
980,511,1491,0.1388
986,511,1497,0.1388
999,515,1514,0.1388
995,517,1512,0.1388
987,508,1495,0.1388
984,507,1491,0.1388
987,505,1492,0.1388
990,501,1491,0.1388
1001,509,1510,0.1388
990,515,1505,0.1388
978,517,1495,0.1388
980,519,1499,0.1388
979,526,1505,0.1388
991,524,1515,0.1388
983,522,1505,0.1388
977,519,1496,0.1388
980,523,1503,0.1388
979,530,1509,0.1388
970,529,1499,0.1388
981,532,1513,0.1388
980,535,1515,0.1388
972,541,1513,0.1388
975,545,1520,0.1388
976,538,1514,0.1388
974,538,1512,0.1388
966,534,1500,0.1388
956,530,1486,0.1388
964,529,1493,0.1388
966,534,1500,0.1388
971,534,1505,0.1388
966,532,1498,0.1388
965,538,1503,0.1388
951,547,1498,0.1388
949,545,1494,0.1388
954,541,1495,0.1388
957,533,1490,0.1388
954,530,1484,0.1388
957,528,1485,0.1388
957,529,1486,0.1388
955,534,1489,0.1388
955,536,1491,0.1388
956,532,1488,0.1388
955,538,1493,0.1388
968,538,1506,0.1388
972,537,1509,0.1388
971,543,1514,0.1388
982,531,1513,0.1388
980,538,1518,0.1388
971,531,1502,0.1388
972,538,1510,0.1388
969,541,1510,0.1388
969,541,1510,0.1388
972,545,1517,0.1388
963,546,1509,0.1388
951,554,1505,0.1388
946,556,1502,0.1388
947,561,1508,0.1388
948,551,1499,0.1388
949,550,1499,0.1388
930,553,1483,0.1388
920,542,1462,0.1388
932,547,1479,0.1388
940,544,1484,0.1388
939,547,1486,0.1388
937,548,1485,0.1388
945,547,1492,0.1388
953,544,1497,0.1388
952,548,1500,0.1388
962,547,1509,0.1388
959,541,1500,0.1388
964,545,1509,0.1388
970,541,1511,0.1388
974,551,1525,0.1388
979,539,1518,0.1388
970,537,1507,0.1388
969,538,1507,0.1388
970,544,1514,0.1388
967,540,1507,0.1388
961,545,1506,0.1388
959,546,1505,0.1388
950,548,1498,0.1388
957,551,1508,0.1388
953,546,1499,0.1388
960,544,1504,0.1388
962,547,1509,0.1388
953,543,1496,0.1388
947,538,1485,0.1388
958,550,1508,0.1388
953,547,1500,0.1388
952,551,1503,0.1388
942,563,1505,0.1388
931,560,1491,0.1388
939,565,1504,0.1388
932,553,1485,0.1388
929,548,1477,0.1388
922,555,1477,0.1388
922,564,1486,0.1388
931,563,1494,0.1388
938,570,1508,0.1388
942,570,1512,0.1388
940,573,1513,0.1388
941,564,1505,0.1388
942,561,1503,0.1388
935,562,1497,0.1388
932,556,1488,0.1388
946,562,1508,0.1388
943,558,1501,0.1388
949,557,1506,0.1388
958,567,1525,0.1388
958,572,1530,0.1388
949,575,1524,0.1388
946,577,1523,0.1388
944,563,1507,0.1388
944,560,1504,0.1388
937,566,1503,0.1388
941,556,1497,0.1388
944,571,1515,0.1388
942,567,1509,0.1388
945,563,1508,0.1388
939,563,1502,0.1388
944,560,1504,0.1388
950,570,1520,0.1388
941,567,1508,0.1388
932,561,1493,0.1388
936,562,1498,0.1388
939,559,1498,0.1388
929,564,1493,0.1388
941,574,1515,0.1388
938,574,1512,0.1388
931,579,1510,0.1388
941,582,1523,0.1388
943,572,1515,0.1388
934,575,1509,0.1388
934,584,1518,0.1388
935,574,1509,0.1388
945,578,1523,0.1388
935,582,1517,0.1388
923,580,1503,0.1388
915,583,1498,0.1388
920,589,1509,0.1388
918,590,1508,0.1388
917,594,1511,0.1388
903,592,1495,0.1388
899,580,1479,0.1388
911,580,1491,0.1388
907,588,1495,0.1388
894,591,1485,0.1388
896,595,1491,0.1388
896,602,1498,0.1388
897,606,1503,0.1388
898,602,1500,0.1388
892,600,1492,0.1388
897,603,1500,0.1388
896,599,1495,0.1388
898,607,1505,0.1388
904,610,1514,0.1388
897,610,1507,0.1388
892,605,1497,0.1388
888,616,1504,0.1388
898,605,1503,0.1388
900,600,1500,0.1388
899,612,1511,0.1388
896,606,1502,0.1388
895,601,1496,0.1388
887,608,1495,0.1388
889,611,1500,0.1388
897,607,1504,0.1388
890,609,1499,0.1388
887,606,1493,0.1388
887,604,1491,0.1388
893,593,1486,0.1388
882,607,1489,0.1388
877,604,1481,0.1388
889,607,1496,0.1388
899,603,1502,0.1388
909,603,1512,0.1388
907,604,1511,0.1388
918,608,1526,0.1388
910,602,1512,0.1388
903,600,1503,0.1388
889,605,1494,0.1388
887,610,1497,0.1388
880,613,1493,0.1388
890,614,1504,0.1388
883,621,1504,0.1388
894,618,1512,0.1388
894,615,1509,0.1388
880,616,1496,0.1388
890,604,1494,0.1388
894,604,1498,0.1388
899,606,1505,0.1388
898,612,1510,0.1388
893,611,1504,0.1388
893,600,1493,0.1388
890,615,1505,0.1388
885,616,1501,0.1388
888,613,1501,0.1388
892,617,1509,0.1388
887,618,1505,0.1388
883,619,1502,0.1388
880,612,1492,0.1388
889,616,1505,0.1388
881,607,1488,0.1388
884,615,1499,0.1388
889,614,1503,0.1388
882,618,1500,0.1388
879,619,1498,0.1388
889,621,1510,0.1388
895,618,1513,0.1388
895,611,1506,0.1388
894,611,1505,0.1388
898,621,1519,0.1388
900,619,1519,0.1388
895,608,1503,0.1388
891,608,1499,0.1388
890,607,1497,0.1388
900,609,1509,0.1388
902,614,1516,0.1388
904,617,1521,0.1388
908,621,1529,0.1388
910,612,1522,0.1388
900,612,1512,0.1388
896,603,1499,0.1388
900,604,1504,0.1388
900,604,1504,0.1388
884,608,1492,0.1388
880,620,1500,0.1388
873,622,1495,0.1388
868,620,1488,0.1388
872,619,1491,0.1388
877,628,1505,0.1388
878,629,1507,0.1388
872,631,1503,0.1388
863,641,1504,0.1388
864,637,1501,0.1388
854,630,1484,0.1388
856,640,1496,0.1388
866,636,1502,0.1388
859,645,1504,0.1388
864,649,1513,0.1388
856,654,1510,0.1388
841,657,1498,0.1388
851,653,1504,0.1388
848,644,1492,0.1388
850,643,1493,0.1388
852,642,1494,0.1388
852,637,1489,0.1388
847,630,1477,0.1388
841,635,1476,0.1388
836,644,1480,0.1388
849,645,1494,0.1388
848,647,1495,0.1388
849,643,1492,0.1388
856,635,1491,0.1388
860,636,1496,0.1388
856,636,1492,0.1388
863,638,1501,0.1388
865,643,1508,0.1388
864,632,1496,0.1388
864,631,1495,0.1388
854,641,1495,0.1388
851,645,1496,0.1388
854,649,1503,0.1388
853,654,1507,0.1388
843,654,1497,0.1388
845,655,1500,0.1388
856,649,1505,0.1388
849,646,1495,0.1388
862,636,1498,0.1388
855,634,1489,0.1388
856,644,1500,0.1388
867,642,1509,0.1388
857,637,1494,0.1388
853,637,1490,0.1388
863,649,1512,0.1388
852,642,1494,0.1388
856,639,1495,0.1388
852,641,1493,0.1388
845,645,1490,0.1388
850,645,1495,0.1388
848,639,1487,0.1388
856,645,1501,0.1388
862,646,1508,0.1388
870,641,1511,0.1388
863,644,1507,0.1388
859,647,1506,0.1388
856,651,1507,0.1388
852,646,1498,0.1388
867,639,1506,0.1388
862,635,1497,0.1388
864,632,1496,0.1388
861,646,1507,0.1388
860,641,1501,0.1388
866,642,1508,0.1388
874,653,1527,0.1388
872,647,1519,0.1388
865,648,1513,0.1388
867,649,1516,0.1388
866,647,1513,0.1388
862,646,1508,0.1388
860,646,1506,0.1388
859,641,1500,0.1388
862,651,1513,0.1388
864,657,1521,0.1388
864,648,1512,0.1388
857,652,1509,0.1388
856,654,1510,0.1388
849,647,1496,0.1388
853,642,1495,0.1388
856,644,1500,0.1388
855,641,1496,0.1388
852,644,1496,0.1388
869,650,1519,0.1388
872,642,1514,0.1388
866,647,1513,0.1388
862,648,1510,0.1388
856,658,1514,0.1388
849,661,1510,0.1388
849,660,1509,0.1388
856,655,1511,0.1388
852,667,1519,0.1388
850,671,1521,0.1388
855,667,1522,0.1388
846,664,1510,0.1388
833,667,1500,0.1388
837,672,1509,0.1388
834,669,1503,0.1388
824,668,1492,0.1388
815,671,1486,0.1388
809,678,1487,0.1388
813,680,1493,0.1388
813,687,1500,0.1388
821,688,1509,0.1388
817,686,1503,0.1388
818,682,1500,0.1388
824,686,1510,0.1388
827,689,1516,0.1388
826,681,1507,0.1388
820,688,1508,0.1388
817,694,1511,0.1388
818,691,1509,0.1388
812,688,1500,0.1388
819,684,1503,0.1388
817,690,1507,0.1388
807,702,1509,0.1388
803,694,1497,0.1388
815,705,1520,0.1388
816,700,1516,0.1388
805,694,1499,0.1388
811,690,1501,0.1388
805,700,1505,0.1388
801,707,1508,0.1388
804,714,1518,0.1388
811,709,1520,0.1388
801,706,1507,0.1388
802,704,1506,0.1388
809,703,1512,0.1388
811,699,1510,0.1388
807,692,1499,0.1388
809,696,1505,0.1388
805,703,1508,0.1388
810,698,1508,0.1388
802,707,1509,0.1388
796,706,1502,0.1388
791,704,1495,0.1388
801,707,1508,0.1388
803,707,1510,0.1388
793,696,1489,0.1388
794,696,1490,0.1388
803,706,1509,0.1388
807,708,1515,0.1388
811,711,1522,0.1388
805,703,1508,0.1388
797,712,1509,0.1388
783,710,1493,0.1388
784,705,1489,0.1388
788,702,1490,0.1388
782,716,1498,0.1388
783,716,1499,0.1388
777,716,1493,0.1388
779,718,1497,0.1388
790,721,1511,0.1388
788,723,1511,0.1388
791,716,1507,0.1388
788,717,1505,0.1388
783,720,1503,0.1388
783,725,1508,0.1388
786,724,1510,0.1388
794,721,1515,0.1388
798,713,1511,0.1388
796,715,1511,0.1388
791,717,1508,0.1388
786,720,1506,0.1388
785,718,1503,0.1388
786,723,1509,0.1388
791,711,1502,0.1388
790,709,1499,0.1388
793,717,1510,0.1388
792,711,1503,0.1388
780,710,1490,0.1388
782,709,1491,0.1388
786,709,1495,0.1388
785,718,1503,0.1388
789,717,1506,0.1388
797,715,1512,0.1388
797,725,1522,0.1388
791,724,1515,0.1388
783,720,1503,0.1388
792,722,1514,0.1388
788,722,1510,0.1388
782,720,1502,0.1388
779,727,1506,0.1388
780,735,1515,0.1388
778,730,1508,0.1388
783,721,1504,0.1388
781,722,1503,0.1388
776,724,1500,0.1388
770,728,1498,0.1388
772,732,1504,0.1388
769,727,1496,0.1388
776,726,1502,0.1388
774,737,1511,0.1388
766,726,1492,0.1388
762,730,1492,0.1388
771,728,1499,0.1388
765,735,1500,0.1388
770,730,1500,0.1388
775,735,1510,0.1388
772,742,1514,0.1388
769,739,1508,0.1388
763,745,1508,0.1388
762,738,1500,0.1388
767,741,1508,0.1388
768,731,1499,0.1388
766,735,1501,0.1388
766,742,1508,0.1388
773,741,1514,0.1388
773,741,1514,0.1388
764,736,1500,0.1388
759,737,1496,0.1388
758,735,1493,0.1388
765,738,1503,0.1388
771,747,1518,0.1388
771,738,1509,0.1388
764,744,1508,0.1388
759,748,1507,0.1388
767,747,1514,0.1388
760,746,1506,0.1388
764,744,1508,0.1388
764,748,1512,0.1388
770,756,1526,0.1388
762,755,1517,0.1388
759,767,1526,0.1388
761,760,1521,0.1388
749,759,1508,0.1388
757,757,1514,0.1388
743,743,1486,0.1388
747,745,1492,0.1388
748,751,1499,0.1388
740,740,1480,0.1388
734,735,1469,0.1388
740,743,1483,0.1388
744,750,1494,0.1388
738,755,1493,0.1388
742,754,1496,0.1388
737,750,1487,0.1388
737,755,1492,0.1388
742,754,1496,0.1388
745,753,1498,0.1388
755,754,1509,0.1388
758,757,1515,0.1388
757,752,1509,0.1388
750,752,1502,0.1388
753,751,1504,0.1388
756,753,1509,0.1388
760,758,1518,0.1388
753,768,1521,0.1388
742,764,1506,0.1388
740,760,1500,0.1388
746,769,1515,0.1388
747,767,1514,0.1388
736,760,1496,0.1388
742,766,1508,0.1388
739,766,1505,0.1388
742,777,1519,0.1388
748,773,1521,0.1388
743,774,1517,0.1388
747,771,1518,0.1388
749,764,1513,0.1388
733,766,1499,0.1388
735,766,1501,0.1388
732,760,1492,0.1388
744,757,1501,0.1388
729,759,1488,0.1388
735,753,1488,0.1388
736,764,1500,0.1388
741,767,1508,0.1388
733,767,1500,0.1388
741,765,1506,0.1388
742,770,1512,0.1388
744,767,1511,0.1388
743,776,1519,0.1388
739,780,1519,0.1388
740,779,1519,0.1388
734,776,1510,0.1388
723,772,1495,0.1388
726,775,1501,0.1388
736,783,1519,0.1388
745,783,1528,0.1388
737,793,1530,0.1388
724,794,1518,0.1388
718,793,1511,0.1388
713,788,1501,0.1388
717,798,1515,0.1388
723,793,1516,0.1388
722,782,1504,0.1388
714,792,1506,0.1388
706,793,1499,0.1388
703,782,1485,0.1388
697,787,1484,0.1388
699,808,1507,0.1388
693,803,1496,0.1388
699,806,1505,0.1388
703,804,1507,0.1388
702,806,1508,0.1388
702,810,1512,0.1388
703,815,1518,0.1388
701,811,1512,0.1388
695,815,1510,0.1388
692,819,1511,0.1388
682,820,1502,0.1388
677,823,1500,0.1388
674,821,1495,0.1388
671,824,1495,0.1388
673,820,1493,0.1388
673,828,1501,0.1388
670,827,1497,0.1388
673,826,1499,0.1388
679,825,1504,0.1388
684,825,1509,0.1388
681,820,1501,0.1388
676,827,1503,0.1388
679,824,1503,0.1388
679,824,1503,0.1388
683,826,1509,0.1388
674,827,1501,0.1388
668,833,1501,0.1388
670,843,1513,0.1388
678,830,1508,0.1388
689,831,1520,0.1388
688,829,1517,0.1388
681,822,1503,0.1388
679,829,1508,0.1388
675,834,1509,0.1388
678,839,1517,0.1388
675,830,1505,0.1388
674,826,1500,0.1388
678,825,1503,0.1388
681,826,1507,0.1388
683,829,1512,0.1388
674,831,1505,0.1388
668,824,1492,0.1388
671,832,1503,0.1388
673,838,1511,0.1388
673,843,1516,0.1388
673,845,1518,0.1388
664,851,1515,0.1388
654,845,1499,0.1388
655,843,1498,0.1388
652,844,1496,0.1388
660,849,1509,0.1388
657,850,1507,0.1388
657,845,1502,0.1388
650,837,1487,0.1388
654,839,1493,0.1388
655,835,1490,0.1388
663,843,1506,0.1388
660,842,1502,0.1388
656,839,1495,0.1388
656,847,1503,0.1388
656,852,1508,0.1388
654,856,1510,0.1388
646,856,1502,0.1388
644,856,1500,0.1388
643,863,1506,0.1388
644,862,1506,0.1388
644,865,1509,0.1388
645,858,1503,0.1388
649,850,1499,0.1388
656,860,1516,0.1388
657,866,1523,0.1388
651,861,1512,0.1388
651,861,1512,0.1388
643,860,1503,0.1388
640,861,1501,0.1388
643,871,1514,0.1388
640,868,1508,0.1388
641,874,1515,0.1388
637,871,1508,0.1388
639,871,1510,0.1388
629,873,1502,0.1388
637,869,1506,0.1388
625,870,1495,0.1388
628,874,1502,0.1388
626,874,1500,0.1388
619,881,1500,0.1388
615,873,1488,0.1388
618,882,1500,0.1388
627,883,1510,0.1388
635,884,1519,0.1388
626,886,1512,0.1388
633,879,1512,0.1388
634,875,1509,0.1388
639,871,1510,0.1388
632,879,1511,0.1388
633,876,1509,0.1388
629,877,1506,0.1388
637,879,1516,0.1388
634,871,1505,0.1388
637,878,1515,0.1388
642,879,1521,0.1388
639,873,1512,0.1388
641,865,1506,0.1388
640,854,1494,0.1388
636,872,1508,0.1388
638,866,1504,0.1388
643,860,1503,0.1388
641,864,1505,0.1388
643,868,1511,0.1388
638,868,1506,0.1388
639,873,1512,0.1388
636,872,1508,0.1388
635,865,1500,0.1388
630,861,1491,0.1388
641,866,1507,0.1388
636,873,1509,0.1388
629,883,1512,0.1388
626,883,1509,0.1388
635,876,1511,0.1388
624,871,1495,0.1388
629,881,1510,0.1388
631,880,1511,0.1388
634,878,1512,0.1388
635,870,1505,0.1388
638,868,1506,0.1388
636,865,1501,0.1388
627,880,1507,0.1388
635,878,1513,0.1388
642,872,1514,0.1388
645,877,1522,0.1388
641,879,1520,0.1388
647,874,1521,0.1388
652,875,1527,0.1388
660,872,1532,0.1388
655,868,1523,0.1388
653,862,1515,0.1388
652,870,1522,0.1388
648,864,1512,0.1388
648,868,1516,0.1388
646,871,1517,0.1388
645,884,1529,0.1388
638,880,1518,0.1388
641,880,1521,0.1388
638,878,1516,0.1388
641,870,1511,0.1388
635,870,1505,0.1388
634,880,1514,0.1388
636,867,1503,0.1388
637,871,1508,0.1388
626,881,1507,0.1388
631,886,1517,0.1388
634,887,1521,0.1388
636,887,1523,0.1388
629,885,1514,0.1388
632,886,1518,0.1388
624,890,1514,0.1388
628,899,1527,0.1388
638,894,1532,0.1388
626,892,1518,0.1388
623,892,1515,0.1388
622,888,1510,0.1388
624,893,1517,0.1388
621,887,1508,0.1388
619,893,1512,0.1388
617,890,1507,0.1388
614,888,1502,0.1388
612,892,1504,0.1388
610,880,1490,0.1388
604,886,1490,0.1388
602,890,1492,0.1388
602,896,1498,0.1388
600,899,1499,0.1388
599,894,1493,0.1388
594,895,1489,0.1388
592,905,1497,0.1388
594,910,1504,0.1388
595,918,1513,0.1388
590,901,1491,0.1388
597,905,1502,0.1388
589,906,1495,0.1388
584,896,1480,0.1388
593,897,1490,0.1388
586,917,1503,0.1388
579,914,1493,0.1388
570,917,1487,0.1388
572,920,1492,0.1388
583,912,1495,0.1388
588,910,1498,0.1388
594,916,1510,0.1388
585,916,1501,0.1388
594,915,1509,0.1388
593,913,1506,0.1388
595,915,1510,0.1388
591,920,1511,0.1388
588,916,1504,0.1388
593,922,1515,0.1388
597,932,1529,0.1388
592,919,1511,0.1388
589,911,1500,0.1388
582,919,1501,0.1388
575,914,1489,0.1388
584,916,1500,0.1388
600,907,1507,0.1388
589,905,1494,0.1388
586,910,1496,0.1388
585,927,1512,0.1388
598,926,1524,0.1388
592,920,1512,0.1388
593,915,1508,0.1388
604,915,1519,0.1388
596,916,1512,0.1388
596,915,1511,0.1388
591,908,1499,0.1388
591,912,1503,0.1388
582,913,1495,0.1388
587,914,1501,0.1388
571,908,1479,0.1388
573,905,1478,0.1388
575,922,1497,0.1388
588,902,1490,0.1388
596,899,1495,0.1388
591,907,1498,0.1388
586,905,1491,0.1388
593,900,1493,0.1388
592,912,1504,0.1388
595,911,1506,0.1388
590,916,1506,0.1388
586,907,1493,0.1388
591,907,1498,0.1388
590,920,1510,0.1388
601,914,1515,0.1388
600,907,1507,0.1388
600,912,1512,0.1388
588,920,1508,0.1388
585,919,1504,0.1388
584,929,1513,0.1388
582,939,1521,0.1388
580,937,1517,0.1388
572,924,1496,0.1388
572,933,1505,0.1388
580,925,1505,0.1388
582,930,1512,0.1388
582,927,1509,0.1388
581,919,1500,0.1388
576,933,1509,0.1388
576,934,1510,0.1388
573,944,1517,0.1388
566,942,1508,0.1388
573,939,1512,0.1388
576,931,1507,0.1388
580,936,1516,0.1388
579,929,1508,0.1388
572,936,1508,0.1388
571,932,1503,0.1388
573,934,1507,0.1388
572,935,1507,0.1388
569,938,1507,0.1388
571,931,1502,0.1388
566,938,1504,0.1388
563,949,1512,0.1388
563,947,1510,0.1388
565,948,1513,0.1388
561,944,1505,0.1388
564,936,1500,0.1388
557,938,1495,0.1388
556,939,1495,0.1388
573,944,1517,0.1388
570,942,1512,0.1388
567,951,1518,0.1388
559,946,1505,0.1388
566,947,1513,0.1388
567,945,1512,0.1388
576,954,1530,0.1388
578,949,1527,0.1388
578,945,1523,0.1388
573,936,1509,0.1388
573,942,1515,0.1388
565,942,1507,0.1388
563,940,1503,0.1388
567,936,1503,0.1388
568,941,1509,0.1388
564,943,1507,0.1388
559,945,1504,0.1388
555,955,1510,0.1388
549,950,1499,0.1388
551,950,1501,0.1388
551,947,1498,0.1388
564,953,1517,0.1388
569,946,1515,0.1388
564,949,1513,0.1388
562,955,1517,0.1388
559,940,1499,0.1388
557,941,1498,0.1388
556,947,1503,0.1388
557,947,1504,0.1388
561,951,1512,0.1388
554,946,1500,0.1388
554,944,1498,0.1388
556,947,1503,0.1388
550,942,1492,0.1388
559,941,1500,0.1388
560,958,1518,0.1388
554,964,1518,0.1388
559,953,1512,0.1388
556,959,1515,0.1388
560,956,1516,0.1388
563,965,1528,0.1388
562,969,1531,0.1388
560,962,1522,0.1388
553,954,1507,0.1388
551,949,1500,0.1388
551,951,1502,0.1388
549,946,1495,0.1388
553,938,1491,0.1388
558,940,1498,0.1388
561,939,1500,0.1388
562,953,1515,0.1388
563,950,1513,0.1388
557,962,1519,0.1388
554,959,1513,0.1388
556,946,1502,0.1388
553,959,1512,0.1388
555,943,1498,0.1388
557,947,1504,0.1388
552,953,1505,0.1388
559,948,1507,0.1388
553,956,1509,0.1388
549,955,1504,0.1388
545,963,1508,0.1388
547,967,1514,0.1388
536,970,1506,0.1388
542,960,1502,0.1388
530,959,1489,0.1388
529,969,1498,0.1388
532,975,1507,0.1388
527,969,1496,0.1388
523,971,1494,0.1388
526,973,1499,0.1388
530,961,1491,0.1388
527,970,1497,0.1388
525,976,1501,0.1388
525,974,1499,0.1388
521,966,1487,0.1388
526,967,1493,0.1388
528,964,1492,0.1388
530,967,1497,0.1388
531,978,1509,0.1388
528,973,1501,0.1388
532,973,1505,0.1388
530,973,1503,0.1388
539,982,1521,0.1388
538,995,1533,0.1388
536,994,1530,0.1388
534,988,1522,0.1388
536,975,1511,0.1388
537,972,1509,0.1388
530,971,1501,0.1388
540,967,1507,0.1388
539,966,1505,0.1388
536,977,1513,0.1388
537,973,1510,0.1388
532,976,1508,0.1388
538,976,1514,0.1388
543,983,1526,0.1388
541,974,1515,0.1388
543,977,1520,0.1388
540,963,1503,0.1388
531,965,1496,0.1388
526,971,1497,0.1388
529,966,1495,0.1388
526,970,1496,0.1388
522,973,1495,0.1388
524,983,1507,0.1388
522,970,1492,0.1388
527,962,1489,0.1388
531,961,1492,0.1388
530,967,1497,0.1388
534,973,1507,0.1388
533,980,1513,0.1388
538,977,1515,0.1388
536,973,1509,0.1388
539,974,1513,0.1388
537,982,1519,0.1388
540,984,1524,0.1388
534,992,1526,0.1388
528,976,1504,0.1388
535,979,1514,0.1388
527,970,1497,0.1388
534,975,1509,0.1388
542,977,1519,0.1388
537,974,1511,0.1388
537,970,1507,0.1388
533,980,1513,0.1388
522,975,1497,0.1388
523,977,1500,0.1388
526,988,1514,0.1388
524,983,1507,0.1388
529,983,1512,0.1388
529,988,1517,0.1388
523,987,1510,0.1388
527,982,1509,0.1388
539,983,1522,0.1388
533,987,1520,0.1388
534,986,1520,0.1388
533,988,1521,0.1388
528,981,1509,0.1388
521,980,1501,0.1388
527,972,1499,0.1388
522,982,1504,0.1388
518,978,1496,0.1388
515,985,1500,0.1388
522,989,1511,0.1388
523,989,1512,0.1388
514,979,1493,0.1388
514,994,1508,0.1388
518,998,1516,0.1388
512,1001,1513,0.1388
518,998,1516,0.1388
511,996,1507,0.1388
508,995,1503,0.1388
507,1009,1516,0.1388
503,1007,1510,0.1388
503,1006,1509,0.1388
491,1013,1504,0.1388
490,1011,1501,0.1388
498,1018,1516,0.1388
498,1014,1512,0.1388
494,999,1493,0.1388
501,1004,1505,0.1388
499,1001,1500,0.1388
500,1000,1500,0.1388
495,1008,1503,0.1388
494,1011,1505,0.1388
490,1006,1496,0.1388
494,1012,1506,0.1388
494,1010,1504,0.1388
495,1014,1509,0.1388
494,1019,1513,0.1388
493,1009,1502,0.1388
489,1015,1504,0.1388
493,1016,1509,0.1388
499,1016,1515,0.1388
490,1007,1497,0.1388
494,1011,1505,0.1388
491,1009,1500,0.1388
489,1018,1507,0.1388
498,1004,1502,0.1388
490,1000,1490,0.1388
489,1002,1491,0.1388
488,1008,1496,0.1388
493,1007,1500,0.1388
493,999,1492,0.1388
491,990,1481,0.1388
491,1013,1504,0.1388
492,1020,1512,0.1388
494,1020,1514,0.1388
494,1030,1524,0.1388
493,1034,1527,0.1388
492,1021,1513,0.1388
490,1024,1514,0.1388
491,1022,1513,0.1388
485,1023,1508,0.1388
477,1022,1499,0.1388
474,1018,1492,0.1388
474,1025,1499,0.1388
475,1022,1497,0.1388
474,1036,1510,0.1388
469,1036,1505,0.1388
475,1031,1506,0.1388
473,1046,1519,0.1388
481,1038,1519,0.1388
480,1037,1517,0.1388
475,1035,1510,0.1388
472,1030,1502,0.1388
475,1039,1514,0.1388
475,1036,1511,0.1388
471,1042,1513,0.1388
467,1032,1499,0.1388
462,1040,1502,0.1388
468,1043,1511,0.1388
468,1042,1510,0.1388
461,1044,1505,0.1388
469,1040,1509,0.1388
461,1044,1505,0.1388
463,1052,1515,0.1388
466,1040,1506,0.1388
467,1045,1512,0.1388
468,1047,1515,0.1388
469,1036,1505,0.1388
460,1036,1496,0.1388
463,1038,1501,0.1388
467,1035,1502,0.1388
465,1027,1492,0.1388
457,1038,1495,0.1388
451,1046,1497,0.1388
459,1049,1508,0.1388
461,1047,1508,0.1388
464,1042,1506,0.1388
457,1050,1507,0.1388
452,1055,1507,0.1388
450,1048,1498,0.1388
447,1045,1492,0.1388
453,1046,1499,0.1388
451,1058,1509,0.1388
450,1066,1516,0.1388
446,1066,1512,0.1388
441,1067,1508,0.1388
446,1076,1522,0.1388
447,1076,1523,0.1388
446,1061,1507,0.1388
449,1055,1504,0.1388
449,1055,1504,0.1388
445,1062,1507,0.1388
444,1055,1499,0.1388
453,1059,1512,0.1388
453,1067,1520,0.1388
449,1056,1505,0.1388
451,1066,1517,0.1388
450,1068,1518,0.1388
454,1065,1519,0.1388
441,1067,1508,0.1388
442,1070,1512,0.1388
446,1076,1522,0.1388
438,1072,1510,0.1388
438,1062,1500,0.1388
442,1071,1513,0.1388
438,1077,1515,0.1388
433,1093,1526,0.1388
432,1080,1512,0.1388
432,1071,1503,0.1388
433,1069,1502,0.1388
440,1074,1514,0.1388
439,1065,1504,0.1388
440,1072,1512,0.1388
442,1079,1521,0.1388
441,1077,1518,0.1388
432,1077,1509,0.1388
441,1074,1515,0.1388
441,1061,1502,0.1388
436,1072,1508,0.1388
428,1074,1502,0.1388
423,1077,1500,0.1388
434,1078,1512,0.1388
427,1076,1503,0.1388
429,1079,1508,0.1388
422,1084,1506,0.1388
425,1091,1516,0.1388
422,1093,1515,0.1388
424,1101,1525,0.1388
422,1093,1515,0.1388
421,1092,1513,0.1388
430,1088,1518,0.1388
426,1092,1518,0.1388
427,1092,1519,0.1388
425,1090,1515,0.1388
422,1082,1504,0.1388
421,1085,1506,0.1388
422,1086,1508,0.1388
425,1078,1503,0.1388
424,1077,1501,0.1388
424,1083,1507,0.1388
419,1089,1508,0.1388
415,1084,1499,0.1388
417,1093,1510,0.1388
417,1103,1520,0.1388
421,1105,1526,0.1388
411,1108,1519,0.1388
412,1110,1522,0.1388
411,1115,1526,0.1388
414,1110,1524,0.1388
411,1101,1512,0.1388
408,1097,1505,0.1388
411,1098,1509,0.1388
407,1107,1514,0.1388
406,1112,1518,0.1388
405,1109,1514,0.1388
407,1109,1516,0.1388
407,1113,1520,0.1388
409,1109,1518,0.1388
413,1110,1523,0.1388
409,1106,1515,0.1388
410,1114,1524,0.1388
409,1113,1522,0.1388
411,1093,1504,0.1388
405,1098,1503,0.1388
404,1107,1511,0.1388
401,1095,1496,0.1388
404,1096,1500,0.1388
404,1109,1513,0.1388
406,1101,1507,0.1388
413,1100,1513,0.1388
421,1102,1523,0.1388
419,1096,1515,0.1388
417,1093,1510,0.1388
415,1095,1510,0.1388
415,1094,1509,0.1388
410,1096,1506,0.1388
410,1092,1502,0.1388
411,1095,1506,0.1388
406,1100,1506,0.1388
411,1098,1509,0.1388
416,1100,1516,0.1388
423,1100,1523,0.1388
415,1101,1516,0.1388
411,1107,1518,0.1388
408,1107,1515,0.1388
418,1102,1520,0.1388
411,1109,1520,0.1388
412,1103,1515,0.1388
411,1114,1525,0.1388
406,1109,1515,0.1388
404,1117,1521,0.1388
398,1110,1508,0.1388
397,1104,1501,0.1388
402,1113,1515,0.1388
405,1117,1522,0.1388
398,1112,1510,0.1388
396,1113,1509,0.1388
390,1106,1496,0.1388
393,1109,1502,0.1388
394,1108,1502,0.1388
388,1108,1496,0.1388
390,1101,1491,0.1388
379,1107,1486,0.1388
381,1116,1497,0.1388
386,1120,1506,0.1388
387,1126,1513,0.1388
388,1120,1508,0.1388
385,1123,1508,0.1388
385,1129,1514,0.1388
388,1126,1514,0.1388
388,1139,1527,0.1388
387,1138,1525,0.1388
386,1140,1526,0.1388
380,1131,1511,0.1388
378,1126,1504,0.1388
380,1125,1505,0.1388
378,1121,1499,0.1388
380,1126,1506,0.1388
384,1128,1512,0.1388
381,1113,1494,0.1388
378,1118,1496,0.1388
379,1115,1494,0.1388
380,1134,1514,0.1388
387,1125,1512,0.1388
386,1132,1518,0.1388
389,1122,1511,0.1388
390,1117,1507,0.1388
388,1118,1506,0.1388
391,1111,1502,0.1388
396,1128,1524,0.1388
384,1124,1508,0.1388
376,1132,1508,0.1388
375,1137,1512,0.1388
381,1129,1510,0.1388
379,1135,1514,0.1388
375,1128,1503,0.1388
379,1123,1502,0.1388
382,1138,1520,0.1388
375,1145,1520,0.1388
375,1155,1530,0.1388
375,1152,1527,0.1388
369,1153,1522,0.1388
373,1151,1524,0.1388
368,1153,1521,0.1388
363,1137,1500,0.1388
365,1152,1517,0.1388
367,1155,1522,0.1388
364,1156,1520,0.1388
364,1158,1522,0.1388
363,1153,1516,0.1388
359,1154,1513,0.1388
355,1158,1513,0.1388
357,1167,1524,0.1388
355,1169,1524,0.1388
357,1162,1519,0.1388
361,1156,1517,0.1388
355,1142,1497,0.1388
350,1146,1496,0.1388
345,1147,1492,0.1388
339,1152,1491,0.1388
341,1163,1504,0.1388
345,1159,1504,0.1388
343,1159,1502,0.1388
344,1179,1523,0.1388
341,1170,1511,0.1388
340,1178,1518,0.1388
340,1180,1520,0.1388
340,1186,1526,0.1388
341,1176,1517,0.1388
338,1171,1509,0.1388
339,1168,1507,0.1388
338,1173,1511,0.1388
340,1173,1513,0.1388
340,1151,1491,0.1388
340,1164,1504,0.1388
336,1172,1508,0.1388
334,1167,1501,0.1388
329,1170,1499,0.1388
331,1175,1506,0.1388
327,1176,1503,0.1388
326,1167,1493,0.1388
331,1173,1504,0.1388
330,1174,1504,0.1388
329,1169,1498,0.1388
334,1180,1514,0.1388
335,1170,1505,0.1388
333,1182,1515,0.1388
323,1172,1495,0.1388
324,1184,1508,0.1388
325,1185,1510,0.1388
327,1182,1509,0.1388
327,1175,1502,0.1388
321,1172,1493,0.1388
331,1175,1506,0.1388
333,1169,1502,0.1388
330,1171,1501,0.1388
331,1180,1511,0.1388
335,1170,1505,0.1388
337,1173,1510,0.1388
337,1170,1507,0.1388
336,1181,1517,0.1388
329,1176,1505,0.1388
332,1172,1504,0.1388
331,1179,1510,0.1388
330,1185,1515,0.1388
320,1190,1510,0.1388
325,1180,1505,0.1388
323,1180,1503,0.1388
322,1187,1509,0.1388
321,1176,1497,0.1388
322,1188,1510,0.1388
320,1190,1510,0.1388
320,1211,1531,0.1388
323,1205,1528,0.1388
318,1197,1515,0.1388
315,1183,1498,0.1388
307,1190,1497,0.1388
307,1189,1496,0.1388
306,1191,1497,0.1388
306,1197,1503,0.1388
311,1189,1500,0.1388
311,1195,1506,0.1388
308,1193,1501,0.1388
311,1201,1512,0.1388
318,1207,1525,0.1388
314,1206,1520,0.1388
315,1206,1521,0.1388
317,1217,1534,0.1388
314,1221,1535,0.1388
314,1219,1533,0.1388
311,1210,1521,0.1388
311,1201,1512,0.1388
306,1200,1506,0.1388
304,1201,1505,0.1388
303,1214,1517,0.1388
304,1214,1518,0.1388
305,1216,1521,0.1388
300,1208,1508,0.1388
301,1226,1527,0.1388
296,1217,1513,0.1388
294,1216,1510,0.1388
292,1215,1507,0.1388
285,1213,1498,0.1388
286,1220,1506,0.1388
283,1221,1504,0.1388
278,1230,1508,0.1388
281,1234,1515,0.1388
288,1222,1510,0.1388
288,1222,1510,0.1388
287,1225,1512,0.1388
289,1229,1518,0.1388
290,1231,1521,0.1388
283,1234,1517,0.1388
285,1231,1516,0.1388
282,1235,1517,0.1388
280,1236,1516,0.1388
283,1237,1520,0.1388
293,1228,1521,0.1388
291,1224,1515,0.1388
284,1225,1509,0.1388
283,1234,1517,0.1388
279,1229,1508,0.1388
280,1221,1501,0.1388
281,1215,1496,0.1388
281,1230,1511,0.1388
278,1217,1495,0.1388
280,1221,1501,0.1388
277,1213,1490,0.1388
279,1226,1505,0.1388
274,1225,1499,0.1388
276,1231,1507,0.1388
275,1234,1509,0.1388
273,1242,1515,0.1388
271,1257,1528,0.1388
266,1262,1528,0.1388
272,1253,1525,0.1388
270,1238,1508,0.1388
274,1240,1514,0.1388
274,1245,1519,0.1388
273,1244,1517,0.1388
270,1228,1498,0.1388
263,1225,1488,0.1388
270,1228,1498,0.1388
269,1236,1505,0.1388
273,1239,1512,0.1388
270,1233,1503,0.1388
270,1244,1514,0.1388
270,1242,1512,0.1388
269,1240,1509,0.1388
271,1242,1513,0.1388
270,1234,1504,0.1388
273,1231,1504,0.1388
273,1239,1512,0.1388
270,1239,1509,0.1388
268,1250,1518,0.1388
264,1243,1507,0.1388
268,1244,1512,0.1388
268,1231,1499,0.1388
269,1244,1513,0.1388
267,1243,1510,0.1388
265,1256,1521,0.1388
266,1246,1512,0.1388
266,1255,1521,0.1388
263,1269,1532,0.1388
260,1277,1537,0.1388
262,1274,1536,0.1388
254,1266,1520,0.1388
249,1252,1501,0.1388
245,1269,1514,0.1388
244,1271,1515,0.1388
245,1257,1502,0.1388
242,1270,1512,0.1388
245,1256,1501,0.1388
242,1244,1486,0.1388
239,1255,1494,0.1388
238,1267,1505,0.1388
240,1272,1512,0.1388
240,1270,1510,0.1388
245,1279,1524,0.1388
239,1278,1517,0.1388
242,1272,1514,0.1388
242,1269,1511,0.1388
243,1271,1514,0.1388
237,1266,1503,0.1388
238,1272,1510,0.1388
232,1291,1523,0.1388
232,1284,1516,0.1388
233,1278,1511,0.1388
233,1280,1513,0.1388
229,1265,1494,0.1388
226,1266,1492,0.1388
224,1271,1495,0.1388
225,1277,1502,0.1388
217,1293,1510,0.1388
221,1292,1513,0.1388
219,1304,1523,0.1388
221,1301,1522,0.1388
220,1295,1515,0.1388
223,1293,1516,0.1388
219,1295,1514,0.1388
222,1290,1512,0.1388
214,1288,1502,0.1388
209,1290,1499,0.1388
207,1296,1503,0.1388
215,1295,1510,0.1388
221,1294,1515,0.1388
222,1294,1516,0.1388
220,1297,1517,0.1388
217,1303,1520,0.1388
216,1296,1512,0.1388
214,1304,1518,0.1388
213,1309,1522,0.1388
210,1317,1527,0.1388
213,1306,1519,0.1388
206,1326,1532,0.1388
201,1325,1526,0.1388
206,1307,1513,0.1388
202,1301,1503,0.1388
206,1295,1501,0.1388
204,1294,1498,0.1388
205,1288,1493,0.1388
205,1291,1496,0.1388
207,1297,1504,0.1388
203,1300,1503,0.1388
205,1307,1512,0.1388
195,1305,1500,0.1388
200,1302,1502,0.1388
200,1299,1499,0.1388
199,1312,1511,0.1388
205,1319,1524,0.1388
201,1327,1528,0.1388
202,1323,1525,0.1388
202,1320,1522,0.1388
201,1323,1524,0.1388
195,1319,1514,0.1388
195,1316,1511,0.1388
193,1311,1504,0.1388
193,1320,1513,0.1388
192,1320,1512,0.1388
195,1315,1510,0.1388
196,1321,1517,0.1388
200,1326,1526,0.1388
198,1322,1520,0.1388
202,1318,1520,0.1388
193,1325,1518,0.1388
193,1327,1520,0.1388
193,1323,1516,0.1388
192,1328,1520,0.1388
191,1320,1511,0.1388
187,1329,1516,0.1388
188,1332,1520,0.1388
186,1335,1521,0.1388
186,1340,1526,0.1388
182,1334,1516,0.1388
181,1326,1507,0.1388
183,1318,1501,0.1388
181,1332,1513,0.1388
181,1347,1528,0.1388
177,1352,1529,0.1388
181,1346,1527,0.1388
180,1346,1526,0.1388
177,1356,1533,0.1388
176,1346,1522,0.1388
174,1347,1521,0.1388
175,1347,1522,0.1388
169,1345,1514,0.1388
161,1343,1504,0.1388
161,1363,1524,0.1388
161,1367,1528,0.1388
161,1368,1529,0.1388
160,1365,1525,0.1388
155,1354,1509,0.1388
154,1355,1509,0.1388
159,1344,1503,0.1388
156,1361,1517,0.1388
159,1359,1518,0.1388
157,1362,1519,0.1388
160,1360,1520,0.1388
160,1362,1522,0.1388
161,1357,1518,0.1388
162,1351,1513,0.1388
166,1347,1513,0.1388
164,1351,1515,0.1388
165,1351,1516,0.1388
162,1356,1518,0.1388
165,1357,1522,0.1388
162,1364,1526,0.1388
162,1365,1527,0.1388
158,1363,1521,0.1388
156,1365,1521,0.1388
155,1370,1525,0.1388
156,1354,1510,0.1388
155,1353,1508,0.1388
151,1356,1507,0.1388
150,1363,1513,0.1388
153,1352,1505,0.1388
146,1354,1500,0.1388
147,1357,1504,0.1388
146,1366,1512,0.1388
147,1362,1509,0.1388
150,1367,1517,0.1388
152,1366,1518,0.1388
153,1364,1517,0.1388
146,1365,1511,0.1388
146,1367,1513,0.1388
146,1372,1518,0.1388
152,1372,1524,0.1388
150,1368,1518,0.1388
151,1378,1529,0.1388
148,1371,1519,0.1388
148,1376,1524,0.1388
148,1371,1519,0.1388
146,1371,1517,0.1388
144,1372,1516,0.1388
143,1373,1516,0.1388
141,1379,1520,0.1388
143,1380,1523,0.1388
140,1368,1508,0.1388
143,1376,1519,0.1388
142,1386,1528,0.1388
144,1371,1515,0.1388
143,1359,1502,0.1388
144,1366,1510,0.1388
139,1367,1506,0.1388
143,1366,1509,0.1388
143,1359,1502,0.1388
140,1368,1508,0.1388
141,1371,1512,0.1388
140,1386,1526,0.1388
144,1393,1537,0.1388
146,1382,1528,0.1388
150,1372,1522,0.1388
148,1362,1510,0.1388
148,1364,1512,0.1388
145,1378,1523,0.1388
145,1369,1514,0.1388
147,1356,1503,0.1388
145,1363,1508,0.1388
146,1358,1504,0.1388
149,1360,1509,0.1388
148,1362,1510,0.1388
143,1372,1515,0.1388
143,1378,1521,0.1388
148,1376,1524,0.1388
146,1364,1510,0.1388
146,1365,1511,0.1388
152,1372,1524,0.1388
147,1374,1521,0.1388
148,1365,1513,0.1388
145,1367,1512,0.1388
147,1371,1518,0.1388
143,1373,1516,0.1388
144,1366,1510,0.1388
144,1369,1513,0.1388
144,1367,1511,0.1388
145,1370,1515,0.1388
146,1369,1515,0.1388
143,1355,1498,0.1388
143,1354,1497,0.1388
139,1359,1498,0.1388
138,1366,1504,0.1388
138,1372,1510,0.1388
142,1377,1519,0.1388
143,1381,1524,0.1388
144,1381,1525,0.1388
141,1374,1515,0.1388
142,1363,1505,0.1388
140,1379,1519,0.1388
137,1380,1517,0.1388
134,1382,1516,0.1388
133,1388,1521,0.1388
134,1385,1519,0.1388
134,1399,1533,0.1388
132,1391,1523,0.1388
134,1389,1523,0.1388
135,1372,1507,0.1388
133,1381,1514,0.1388
128,1393,1521,0.1388
133,1391,1524,0.1388
133,1385,1518,0.1388
134,1387,1521,0.1388
138,1373,1511,0.1388
136,1374,1510,0.1388
135,1381,1516,0.1388
138,1383,1521,0.1388
133,1396,1529,0.1388
133,1382,1515,0.1388
132,1385,1517,0.1388
129,1371,1500,0.1388
122,1392,1514,0.1388
122,1397,1519,0.1388
122,1393,1515,0.1388
126,1379,1505,0.1388
127,1392,1519,0.1388
124,1387,1511,0.1388
122,1391,1513,0.1388
125,1389,1514,0.1388
124,1387,1511,0.1388
126,1394,1520,0.1388
129,1383,1512,0.1388
129,1392,1521,0.1388
127,1396,1523,0.1388
123,1393,1516,0.1388
121,1380,1501,0.1388
121,1391,1512,0.1388
120,1397,1517,0.1388
122,1380,1502,0.1388
121,1375,1496,0.1388
121,1374,1495,0.1388
118,1389,1507,0.1388
121,1385,1506,0.1388
120,1387,1507,0.1388
122,1382,1504,0.1388
121,1396,1517,0.1388
120,1398,1518,0.1388
117,1401,1518,0.1388
117,1395,1512,0.1388
117,1397,1514,0.1388
117,1390,1507,0.1388
113,1394,1507,0.1388
113,1399,1512,0.1388
113,1393,1506,0.1388
118,1395,1513,0.1388
117,1399,1516,0.1388
119,1402,1521,0.1388
120,1396,1516,0.1388
115,1392,1507,0.1388
118,1399,1517,0.1388
119,1404,1523,0.1388
120,1406,1526,0.1388
119,1409,1528,0.1388
115,1407,1522,0.1388
112,1408,1520,0.1388
115,1386,1501,0.1388
110,1393,1503,0.1388
110,1401,1511,0.1388
110,1410,1520,0.1388
107,1395,1502,0.1388
108,1399,1507,0.1388
110,1403,1513,0.1388
108,1405,1513,0.1388
108,1405,1513,0.1388
107,1412,1519,0.1388
104,1404,1508,0.1388
108,1407,1515,0.1388
107,1409,1516,0.1388
110,1417,1527,0.1388
107,1403,1510,0.1388
106,1419,1525,0.1388
102,1421,1523,0.1388
104,1410,1514,0.1388
102,1406,1508,0.1388
104,1406,1510,0.1388
99,1398,1497,0.1388
100,1401,1501,0.1388
102,1411,1513,0.1388
100,1409,1509,0.1388
100,1412,1512,0.1388
102,1413,1515,0.1388
103,1411,1514,0.1388
105,1416,1521,0.1388
104,1413,1517,0.1388
105,1416,1521,0.1388
103,1416,1519,0.1388
102,1416,1518,0.1388
102,1407,1509,0.1388
104,1400,1504,0.1388
105,1413,1518,0.1388
103,1416,1519,0.1388
99,1414,1513,0.1388
97,1417,1514,0.1388
100,1423,1523,0.1388
102,1429,1531,0.1388
103,1418,1521,0.1388
100,1416,1516,0.1388
98,1418,1516,0.1388
99,1419,1518,0.1388
98,1427,1525,0.1388
96,1415,1511,0.1388
95,1411,1506,0.1388
97,1414,1511,0.1388
97,1429,1526,0.1388
96,1425,1521,0.1388
91,1422,1513,0.1388
89,1417,1506,0.1388
90,1420,1510,0.1388
89,1422,1511,0.1388
84,1424,1508,0.1388
88,1433,1521,0.1388
89,1436,1525,0.1388
90,1417,1507,0.1388
91,1412,1503,0.1388
89,1415,1504,0.1388
91,1435,1526,0.1388
91,1434,1525,0.1388
91,1422,1513,0.1388
91,1425,1516,0.1388
91,1426,1517,0.1388
91,1446,1537,0.1388
93,1446,1539,0.1388
87,1441,1528,0.1388
88,1427,1515,0.1388
86,1436,1522,0.1388
84,1437,1521,0.1388
85,1442,1527,0.1388
83,1444,1527,0.1388
83,1440,1523,0.1388
83,1439,1522,0.1388
82,1445,1527,0.1388
78,1441,1519,0.1388
78,1442,1520,0.1388
78,1436,1514,0.1388
78,1429,1507,0.1388
77,1428,1505,0.1388
77,1445,1522,0.1388
78,1439,1517,0.1388
79,1443,1522,0.1388
76,1446,1522,0.1388
76,1441,1517,0.1388
78,1448,1526,0.1388
77,1438,1515,0.1388
79,1424,1503,0.1388
79,1426,1505,0.1388
81,1439,1520,0.1388
78,1436,1514,0.1388
78,1427,1505,0.1388
80,1434,1514,0.1388
78,1435,1513,0.1388
83,1435,1518,0.1388
87,1438,1525,0.1388
89,1437,1526,0.1388
86,1429,1515,0.1388
86,1433,1519,0.1388
84,1431,1515,0.1388
83,1441,1524,0.1388
84,1438,1522,0.1388
82,1443,1525,0.1388
82,1442,1524,0.1388
84,1438,1522,0.1388
81,1426,1507,0.1388
82,1434,1516,0.1388
87,1436,1523,0.1388
86,1430,1516,0.1388
85,1437,1522,0.1388
85,1438,1523,0.1388
81,1434,1515,0.1388
83,1423,1506,0.1388
83,1421,1504,0.1388
84,1418,1502,0.1388
82,1434,1516,0.1388
89,1429,1518,0.1388
89,1434,1523,0.1388
89,1442,1531,0.1388
87,1441,1528,0.1388
87,1435,1522,0.1388
84,1434,1518,0.1388
87,1428,1515,0.1388
86,1449,1535,0.1388
84,1432,1516,0.1388
85,1444,1529,0.1388
84,1442,1526,0.1388
86,1423,1509,0.1388
87,1425,1512,0.1388
86,1429,1515,0.1388
82,1430,1512,0.1388
86,1438,1524,0.1388
87,1440,1527,0.1388
88,1436,1524,0.1388
89,1442,1531,0.1388
88,1429,1517,0.1388
86,1433,1519,0.1388
85,1439,1524,0.1388
84,1439,1523,0.1388
84,1433,1517,0.1388
83,1434,1517,0.1388
86,1421,1507,0.1388
84,1419,1503,0.1388
80,1432,1512,0.1388
80,1445,1525,0.1388
82,1445,1527,0.1388
81,1449,1530,0.1388
81,1438,1519,0.1388
82,1425,1507,0.1388
82,1434,1516,0.1388
86,1426,1512,0.1388
84,1429,1513,0.1388
85,1441,1526,0.1388
86,1453,1539,0.1388
84,1441,1525,0.1388
80,1448,1528,0.1388
81,1446,1527,0.1388
79,1458,1537,0.1388
75,1453,1528,0.1388
76,1459,1535,0.1388
76,1455,1531,0.1388
74,1452,1526,0.1388
74,1461,1535,0.1388
70,1457,1527,0.1388
73,1448,1521,0.1388
71,1459,1530,0.1388
73,1460,1533,0.1388
73,1449,1522,0.1388
71,1433,1504,0.1388
71,1437,1508,0.1388
70,1442,1512,0.1388
68,1443,1511,0.1388
69,1450,1519,0.1388
69,1439,1508,0.1388
69,1446,1515,0.1388
69,1431,1500,0.1388
69,1433,1502,0.1388
72,1446,1518,0.1388
73,1446,1519,0.1388
74,1445,1519,0.1388
74,1445,1519,0.1388
76,1450,1526,0.1388
74,1459,1533,0.1388
75,1448,1523,0.1388
72,1448,1520,0.1388
71,1445,1516,0.1388
73,1434,1507,0.1388
72,1424,1496,0.1388
71,1422,1493,0.1388
69,1429,1498,0.1388
71,1427,1498,0.1388
70,1438,1508,0.1388
70,1432,1502,0.1388
72,1440,1512,0.1388
72,1434,1506,0.1388
70,1425,1495,0.1388
73,1434,1507,0.1388
71,1431,1502,0.1388
73,1435,1508,0.1388
72,1435,1507,0.1388
69,1428,1497,0.1388
69,1434,1503,0.1388
68,1436,1504,0.1388
70,1431,1501,0.1388
68,1440,1508,0.1388
67,1435,1502,0.1388
68,1442,1510,0.1388
67,1438,1505,0.1388
64,1446,1510,0.1388
66,1438,1504,0.1388
66,1443,1509,0.1388
69,1446,1515,0.1388
69,1452,1521,0.1388
69,1458,1527,0.1388
67,1452,1519,0.1388
65,1464,1529,0.1388
65,1466,1531,0.1388
65,1460,1525,0.1388
64,1451,1515,0.1388
63,1453,1516,0.1388
63,1451,1514,0.1388
63,1440,1503,0.1388
63,1444,1507,0.1388
64,1442,1506,0.1388
65,1443,1508,0.1388
64,1448,1512,0.1388
65,1451,1516,0.1388
63,1456,1519,0.1388
60,1458,1518,0.1388
60,1459,1519,0.1388
61,1447,1508,0.1388
62,1453,1515,0.1388
61,1445,1506,0.1388
63,1444,1507,0.1388
62,1442,1504,0.1388
61,1449,1510,0.1388
62,1453,1515,0.1388
61,1464,1525,0.1388
60,1466,1526,0.1388
61,1469,1530,0.1388
57,1476,1533,0.1388
54,1457,1511,0.1388
57,1459,1516,0.1388
61,1445,1506,0.1388
60,1453,1513,0.1388
60,1456,1516,0.1388
60,1457,1517,0.1388
60,1465,1525,0.1388
60,1455,1515,0.1388
64,1448,1512,0.1388
61,1448,1509,0.1388
62,1441,1503,0.1388
62,1454,1516,0.1388
63,1463,1526,0.1388
62,1470,1532,0.1388
60,1453,1513,0.1388
61,1456,1517,0.1388
62,1453,1515,0.1388
61,1458,1519,0.1388
60,1464,1524,0.1388
58,1440,1498,0.1388
59,1443,1502,0.1388
59,1427,1486,0.1388
58,1432,1490,0.1388
60,1443,1503,0.1388
56,1443,1499,0.1388
56,1462,1518,0.1388
57,1451,1508,0.1388
57,1442,1499,0.1388
59,1446,1505,0.1388
57,1449,1506,0.1388
58,1445,1503,0.1388
58,1454,1512,0.1388
56,1457,1513,0.1388
55,1464,1519,0.1388
55,1465,1520,0.1388
54,1461,1515,0.1388
56,1451,1507,0.1388
56,1445,1501,0.1388
56,1449,1505,0.1388
56,1453,1509,0.1388
53,1445,1498,0.1388
49,1452,1501,0.1388
46,1462,1508,0.1388
43,1472,1515,0.1388
44,1470,1514,0.1388
45,1476,1521,0.1388
43,1470,1513,0.1388
43,1464,1507,0.1388
41,1468,1509,0.1388
41,1459,1500,0.1388
40,1453,1493,0.1388
42,1468,1510,0.1388
42,1482,1524,0.1388
40,1480,1520,0.1388
38,1470,1508,0.1388
37,1469,1506,0.1388
35,1485,1520,0.1388
37,1485,1522,0.1388
38,1481,1519,0.1388
39,1491,1530,0.1388
39,1506,1545,0.1388
38,1498,1536,0.1388
35,1492,1527,0.1388
37,1492,1529,0.1388
36,1480,1516,0.1388
37,1475,1512,0.1388
36,1476,1512,0.1388
35,1485,1520,0.1388
33,1473,1506,0.1388
35,1472,1507,0.1388
36,1478,1514,0.1388
35,1483,1518,0.1388
34,1483,1517,0.1388
34,1471,1505,0.1388
34,1489,1523,0.1388
35,1490,1525,0.1388
36,1482,1518,0.1388
35,1489,1524,0.1388
36,1487,1523,0.1388
37,1491,1528,0.1388
37,1484,1521,0.1388
39,1489,1528,0.1388
40,1484,1524,0.1388
39,1485,1524,0.1388
38,1495,1533,0.1388
37,1492,1529,0.1388
37,1494,1531,0.1388
41,1487,1528,0.1388
40,1487,1527,0.1388
39,1474,1513,0.1388
42,1462,1504,0.1388
42,1475,1517,0.1388
42,1475,1517,0.1388
42,1476,1518,0.1388
42,1473,1515,0.1388
42,1486,1528,0.1388
42,1466,1508,0.1388
42,1476,1518,0.1388
42,1462,1504,0.1388
43,1465,1508,0.1388
42,1470,1512,0.1388
43,1476,1519,0.1388
43,1480,1523,0.1388
41,1480,1521,0.1388
41,1477,1518,0.1388
39,1463,1502,0.1388
38,1472,1510,0.1388
39,1464,1503,0.1388
39,1454,1493,0.1388
38,1467,1505,0.1388
40,1465,1505,0.1388
39,1477,1516,0.1388
38,1479,1517,0.1388
36,1476,1512,0.1388
38,1481,1519,0.1388
38,1481,1519,0.1388
36,1484,1520,0.1388
38,1476,1514,0.1388
38,1472,1510,0.1388
39,1472,1511,0.1388
38,1477,1515,0.1388
38,1480,1518,0.1388
39,1484,1523,0.1388
39,1477,1516,0.1388
40,1477,1517,0.1388
39,1477,1516,0.1388
41,1480,1521,0.1388
39,1477,1516,0.1388
38,1480,1518,0.1388
38,1485,1523,0.1388
38,1479,1517,0.1388
40,1469,1509,0.1388
40,1465,1505,0.1388
39,1464,1503,0.1388
41,1459,1500,0.1388
40,1455,1495,0.1388
38,1463,1501,0.1388
39,1464,1503,0.1388
39,1490,1529,0.1388
40,1491,1531,0.1388
38,1483,1521,0.1388
38,1479,1517,0.1388
38,1474,1512,0.1388
40,1482,1522,0.1388
41,1479,1520,0.1388
41,1464,1505,0.1388
41,1481,1522,0.1388
39,1481,1520,0.1388
40,1478,1518,0.1388
41,1473,1514,0.1388
40,1472,1512,0.1388
37,1471,1508,0.1388
38,1466,1504,0.1388
38,1488,1526,0.1388
39,1487,1526,0.1388
37,1479,1516,0.1388
37,1482,1519,0.1388
36,1485,1521,0.1388
37,1478,1515,0.1388
36,1473,1509,0.1388
36,1480,1516,0.1388
38,1472,1510,0.1388
38,1474,1512,0.1388
39,1468,1507,0.1388
36,1481,1517,0.1388
35,1491,1526,0.1388
33,1486,1519,0.1388
35,1489,1524,0.1388
36,1486,1522,0.1388
39,1480,1519,0.1388
38,1484,1522,0.1388
35,1491,1526,0.1388
35,1491,1526,0.1388
35,1492,1527,0.1388
38,1501,1539,0.1388
38,1487,1525,0.1388
39,1479,1518,0.1388
40,1487,1527,0.1388
39,1475,1514,0.1388
38,1476,1514,0.1388
37,1475,1512,0.1388
38,1477,1515,0.1388
41,1478,1519,0.1388
42,1487,1529,0.1388
43,1496,1539,0.1388
38,1480,1518,0.1388
36,1481,1517,0.1388
41,1474,1515,0.1388
41,1472,1513,0.1388
41,1470,1511,0.1388
41,1476,1517,0.1388
40,1469,1509,0.1388
38,1469,1507,0.1388
35,1474,1509,0.1388
34,1482,1516,0.1388
33,1473,1506,0.1388
34,1484,1518,0.1388
33,1489,1522,0.1388
33,1498,1531,0.1388
32,1497,1529,0.1388
31,1490,1521,0.1388
32,1493,1525,0.1388
32,1504,1536,0.1388
32,1499,1531,0.1388
31,1491,1522,0.1388
32,1487,1519,0.1388
31,1488,1519,0.1388
30,1501,1531,0.1388
29,1490,1519,0.1388
30,1497,1527,0.1388
30,1491,1521,0.1388
31,1481,1512,0.1388
29,1478,1507,0.1388
29,1486,1515,0.1388
28,1493,1521,0.1388
26,1485,1511,0.1388
27,1493,1520,0.1388
28,1506,1534,0.1388
28,1501,1529,0.1388
28,1510,1538,0.1388
26,1501,1527,0.1388
26,1508,1534,0.1388
25,1505,1530,0.1388
25,1488,1513,0.1388
25,1491,1516,0.1388
24,1502,1526,0.1388
25,1499,1524,0.1388
26,1497,1523,0.1388
26,1497,1523,0.1388
27,1496,1523,0.1388
27,1485,1512,0.1388
26,1497,1523,0.1388
24,1490,1514,0.1388
23,1479,1502,0.1388
23,1475,1498,0.1388
20,1483,1503,0.1388
22,1486,1508,0.1388
21,1485,1506,0.1388
23,1495,1518,0.1388
23,1499,1522,0.1388
22,1488,1510,0.1388
23,1490,1513,0.1388
23,1487,1510,0.1388
21,1491,1512,0.1388
21,1500,1521,0.1388
21,1486,1507,0.1388
20,1495,1515,0.1388
20,1498,1518,0.1388
20,1496,1516,0.1388
20,1501,1521,0.1388
21,1506,1527,0.1388
21,1505,1526,0.1388
21,1491,1512,0.1388
21,1503,1524,0.1388
21,1509,1530,0.1388
21,1508,1529,0.1388
20,1498,1518,0.1388
20,1499,1519,0.1388
20,1503,1523,0.1388
21,1501,1522,0.1388
22,1491,1513,0.1388
21,1500,1521,0.1388
21,1498,1519,0.1388
21,1500,1521,0.1388
20,1506,1526,0.1388
19,1505,1524,0.1388
22,1515,1537,0.1388
22,1498,1520,0.1388
23,1493,1516,0.1388
24,1486,1510,0.1388
23,1483,1506,0.1388
22,1475,1497,0.1388
24,1471,1495,0.1388
24,1473,1497,0.1388
25,1478,1503,0.1388
26,1481,1507,0.1388
27,1491,1518,0.1388
27,1500,1527,0.1388
27,1508,1535,0.1388
27,1512,1539,0.1388
27,1499,1526,0.1388
27,1496,1523,0.1388
26,1493,1519,0.1388
28,1506,1534,0.1388
28,1499,1527,0.1388
27,1505,1532,0.1388
25,1491,1516,0.1388
23,1486,1509,0.1388
22,1482,1504,0.1388
21,1486,1507,0.1388
20,1492,1512,0.1388
19,1500,1519,0.1388
19,1503,1522,0.1388
21,1508,1529,0.1388
21,1500,1521,0.1388
20,1512,1532,0.1388
19,1509,1528,0.1388
18,1509,1527,0.1388
18,1499,1517,0.1388
18,1485,1503,0.1388
19,1475,1494,0.1388
18,1481,1499,0.1388
19,1481,1500,0.1388
19,1469,1488,0.1388
19,1480,1499,0.1388
19,1475,1494,0.1388
18,1474,1492,0.1388
20,1476,1496,0.1388
18,1497,1515,0.1388
19,1498,1517,0.1388
19,1506,1525,0.1388
19,1508,1527,0.1388
18,1506,1524,0.1388
18,1496,1514,0.1388
17,1496,1513,0.1388
17,1509,1526,0.1388
16,1500,1516,0.1388
15,1496,1511,0.1388
15,1512,1527,0.1388
15,1515,1530,0.1388
15,1523,1538,0.1388
15,1508,1523,0.1388
14,1515,1529,0.1388
14,1505,1519,0.1388
14,1496,1510,0.1388
14,1499,1513,0.1388
13,1496,1509,0.1388
14,1507,1521,0.1388
13,1501,1514,0.1388
13,1498,1511,0.1388
12,1506,1518,0.1388
12,1501,1513,0.1388
12,1497,1509,0.1388
11,1503,1514,0.1388
11,1507,1518,0.1388
11,1517,1528,0.1388
11,1520,1531,0.1388
12,1518,1530,0.1388
12,1507,1519,0.1388
12,1507,1519,0.1388
12,1502,1514,0.1388
11,1506,1517,0.1388
11,1505,1516,0.1388
10,1508,1518,0.1388
9,1505,1514,0.1388
11,1517,1528,0.1388
11,1505,1516,0.1388
11,1501,1512,0.1388
11,1505,1516,0.1388
11,1499,1510,0.1388
11,1502,1513,0.1388
11,1484,1495,0.1388
11,1489,1500,0.1388
11,1490,1501,0.1388
12,1496,1508,0.1388
12,1511,1523,0.1388
13,1516,1529,0.1388
14,1513,1527,0.1388
14,1512,1526,0.1388
14,1518,1532,0.1388
14,1526,1540,0.1388
12,1506,1518,0.1388
12,1515,1527,0.1388
12,1510,1522,0.1388
11,1500,1511,0.1388
13,1500,1513,0.1388
13,1497,1510,0.1388
12,1493,1505,0.1388
12,1489,1501,0.1388
11,1489,1500,0.1388
11,1499,1510,0.1388
11,1512,1523,0.1388
11,1513,1524,0.1388
11,1511,1522,0.1388
11,1512,1523,0.1388
11,1521,1532,0.1388
10,1526,1536,0.1388
9,1528,1537,0.1388
9,1529,1538,0.1388
9,1513,1522,0.1388
9,1517,1526,0.1388
8,1508,1516,0.1388
8,1499,1507,0.1388
7,1496,1503,0.1388
6,1496,1502,0.1388
5,1498,1503,0.1388
5,1506,1511,0.1388
5,1504,1509,0.1388
6,1516,1522,0.1388
6,1512,1518,0.1388
6,1516,1522,0.1388
6,1520,1526,0.1388
5,1523,1528,0.1388
6,1506,1512,0.1388
6,1519,1525,0.1388
6,1518,1524,0.1388
6,1520,1526,0.1388
5,1521,1526,0.1388
5,1509,1514,0.1388
4,1507,1511,0.1388
3,1505,1508,0.1388
3,1509,1512,0.1388
3,1522,1525,0.1388
2,1521,1523,0.1388
2,1519,1521,0.1388
2,1509,1511,0.1388
2,1511,1513,0.1388
2,1513,1515,0.1388
2,1520,1522,0.1388
2,1528,1530,0.1388
2,1530,1532,0.1388
2,1528,1530,0.1388
3,1512,1515,0.1388
3,1517,1520,0.1388
3,1521,1524,0.1388
3,1522,1525,0.1388
3,1527,1530,0.1388
3,1519,1522,0.1388
3,1510,1513,0.1388
3,1504,1507,0.1388
3,1508,1511,0.1388
3,1504,1507,0.1388
3,1520,1523,0.1388
3,1518,1521,0.1388
4,1513,1517,0.1388
4,1507,1511,0.1388
4,1510,1514,0.1388
4,1519,1523,0.1388
4,1520,1524,0.1388
5,1520,1525,0.1388
6,1511,1517,0.1388
6,1516,1522,0.1388
6,1518,1524,0.1388
6,1508,1514,0.1388
6,1512,1518,0.1388
5,1514,1519,0.1388
5,1512,1517,0.1388
5,1526,1531,0.1388
5,1514,1519,0.1388
5,1512,1517,0.1388
5,1506,1511,0.1388
5,1508,1513,0.1388
5,1500,1505,0.1388
5,1502,1507,0.1388
5,1498,1503,0.1388
5,1500,1505,0.1388
5,1490,1495,0.1388
5,1500,1505,0.1388
5,1506,1511,0.1388
5,1515,1520,0.1388
5,1507,1512,0.1388
5,1508,1513,0.1388
5,1514,1519,0.1388
5,1513,1518,0.1388
5,1504,1509,0.1388
5,1503,1508,0.1388
5,1517,1522,0.1388
5,1519,1524,0.1388
4,1512,1516,0.1388
4,1500,1504,0.1388
4,1498,1502,0.1388
3,1499,1502,0.1388
3,1500,1503,0.1388
3,1509,1512,0.1388
3,1511,1514,0.1388
4,1522,1526,0.1388
4,1520,1524,0.1388
4,1524,1528,0.1388
4,1516,1520,0.1388
4,1509,1513,0.1388
4,1505,1509,0.1388
3,1514,1517,0.1388
3,1516,1519,0.1388
2,1514,1516,0.1388
2,1503,1505,0.1388
2,1511,1513,0.1388
2,1516,1518,0.1388
2,1522,1524,0.1388
2,1527,1529,0.1388
2,1518,1520,0.1388
1,1507,1508,0.1388
1,1514,1515,0.1388
1,1508,1509,0.1388
1,1499,1500,0.1388
1,1500,1501,0.1388
1,1501,1502,0.1388
1,1508,1509,0.1388
1,1514,1515,0.1388
1,1517,1518,0.1388
1,1514,1515,0.1388
1,1512,1513,0.1388
1,1523,1524,0.1388
1,1523,1524,0.1388
1,1529,1530,0.1388
1,1518,1519,0.1388
1,1524,1525,0.1388
1,1524,1525,0.1388
1,1522,1523,0.1388
1,1524,1525,0.1388
1,1519,1520,0.1388
1,1522,1523,0.1388
2,1533,1535,0.1388
1,1516,1517,0.1388
1,1507,1508,0.1388
1,1507,1508,0.1388
1,1521,1522,0.1388
1,1520,1521,0.1388
1,1513,1514,0.1388
1,1512,1513,0.1388
1,1513,1514,0.1388
1,1519,1520,0.1388
1,1513,1514,0.1388
1,1521,1522,0.1388
1,1527,1528,0.1388
2,1531,1533,0.1388
2,1513,1515,0.1388
2,1510,1512,0.1388
2,1512,1514,0.1388
2,1499,1501,0.1388
2,1510,1512,0.1388
2,1502,1504,0.1388
2,1505,1507,0.1388
2,1497,1499,0.1388
2,1483,1485,0.1388
2,1502,1504,0.1388
2,1513,1515,0.1388
2,1518,1520,0.1388
2,1508,1510,0.1388
2,1505,1507,0.1388
2,1510,1512,0.1388
2,1510,1512,0.1388
2,1511,1513,0.1388
2,1519,1521,0.1388
2,1516,1518,0.1388
1,1504,1505,0.1388
1,1518,1519,0.1388
1,1526,1527,0.1388
1,1527,1528,0.1388
1,1516,1517,0.1388
1,1519,1520,0.1388
1,1505,1506,0.1388
1,1514,1515,0.1388
1,1515,1516,0.1388
1,1513,1514,0.1388
1,1525,1526,0.1388
1,1525,1526,0.1388
1,1502,1503,0.1388
1,1523,1524,0.1388
1,1522,1523,0.1388
1,1519,1520,0.1388
1,1526,1527,0.1388
1,1520,1521,0.1388
1,1504,1505,0.1388
1,1503,1504,0.1388
1,1514,1515,0.1388
1,1518,1519,0.1388
1,1517,1518,0.1388
1,1510,1511,0.1388
1,1520,1521,0.1388
1,1524,1525,0.1388
1,1522,1523,0.1388
1,1527,1528,0.1388
1,1520,1521,0.1388
1,1518,1519,0.1388
1,1522,1523,0.1388
1,1506,1507,0.1388
1,1506,1507,0.1388
2,1512,1514,0.1388
2,1524,1526,0.1388
2,1523,1525,0.1388
2,1532,1534,0.1388
2,1523,1525,0.1388
2,1526,1528,0.1388
2,1522,1524,0.1388
2,1530,1532,0.1388
2,1515,1517,0.1388
2,1511,1513,0.1388
2,1522,1524,0.1388
2,1527,1529,0.1388
3,1510,1513,0.1388
3,1517,1520,0.1388
3,1515,1518,0.1388
3,1523,1526,0.1388
4,1521,1525,0.1388
4,1523,1527,0.1388
4,1526,1530,0.1388
3,1517,1520,0.1388
2,1512,1514,0.1388
2,1517,1519,0.1388
3,1524,1527,0.1388
3,1518,1521,0.1388
3,1526,1529,0.1388
3,1516,1519,0.1388
3,1518,1521,0.1388
2,1523,1525,0.1388
1,1522,1523,0.1388
1,1509,1510,0.1388
1,1503,1504,0.1388
1,1512,1513,0.1388
1,1517,1518,0.1388
1,1512,1513,0.1388
1,1515,1516,0.1388
1,1504,1505,0.1388
1,1502,1503,0.1388
1,1504,1505,0.1388
1,1509,1510,0.1388
1,1520,1521,0.1388
1,1518,1519,0.1388
1,1527,1528,0.1388
1,1524,1525,0.1388
1,1527,1528,0.1388
1,1521,1522,0.1388
1,1517,1518,0.1388
1,1511,1512,0.1388
1,1517,1518,0.1388
1,1522,1523,0.1388
1,1514,1515,0.1388
1,1521,1522,0.1388
1,1518,1519,0.1388
1,1514,1515,0.1388
1,1510,1511,0.1388
1,1513,1514,0.1388
2,1515,1517,0.1388
2,1517,1519,0.1388
2,1525,1527,0.1388
1,1522,1523,0.1388
1,1518,1519,0.1388
1,1514,1515,0.1388
1,1534,1535,0.1388
1,1530,1531,0.1388
1,1530,1531,0.1388
1,1512,1513,0.1388
1,1510,1511,0.1388
1,1506,1507,0.1388
1,1507,1508,0.1388
0,1500,1500,0.1388
