1371,30,1401,0.1388
1402,32,1434,0.1388
1415,34,1449,0.1388
1426,34,1460,0.1388
1435,32,1467,0.1388
1460,31,1491,0.1388
1469,31,1500,0.1388
1473,30,1503,0.1388
1471,29,1500,0.1388
1481,27,1508,0.1388
1477,30,1507,0.1388
1482,28,1510,0.1388
1476,28,1504,0.1388
1462,28,1490,0.1388
1460,30,1490,0.1388
1463,31,1494,0.1388
1467,34,1501,0.1388
1475,32,1507,0.1388
1473,31,1504,0.1388
1466,30,1496,0.1388
1462,28,1490,0.1388
1454,30,1484,0.1388
1467,31,1498,0.1388
1464,29,1493,0.1388
1478,31,1509,0.1388
1488,33,1521,0.1388
1483,32,1515,0.1388
1483,32,1515,0.1388
1486,32,1518,0.1388
1481,34,1515,0.1388
1475,34,1509,0.1388
1449,35,1484,0.1388
1445,34,1479,0.1388
1451,35,1486,0.1388
1449,36,1485,0.1388
1447,35,1482,0.1388
1452,35,1487,0.1388
1458,37,1495,0.1388
1458,36,1494,0.1388
1450,35,1485,0.1388
1453,36,1489,0.1388
1471,35,1506,0.1388
1466,33,1499,0.1388
1457,32,1489,0.1388
1460,34,1494,0.1388
1465,32,1497,0.1388
1478,32,1510,0.1388
1474,31,1505,0.1388
1478,31,1509,0.1388
1483,30,1513,0.1388
1477,28,1505,0.1388
1474,27,1501,0.1388
1475,27,1502,0.1388
1475,28,1503,0.1388
1480,28,1508,0.1388
1471,28,1499,0.1388
1457,28,1485,0.1388
1451,27,1478,0.1388
1464,28,1492,0.1388
1471,29,1500,0.1388
1475,28,1503,0.1388
1465,29,1494,0.1388
1455,29,1484,0.1388
1460,30,1490,0.1388
1457,28,1485,0.1388
1463,29,1492,0.1388
1460,28,1488,0.1388
1467,29,1496,0.1388
1463,27,1490,0.1388
1466,28,1494,0.1388
1450,25,1475,0.1388
1456,29,1485,0.1388
1466,29,1495,0.1388
1462,26,1488,0.1388
1476,25,1501,0.1388
1468,26,1494,0.1388
1468,29,1497,0.1388
1468,32,1500,0.1388
1461,34,1495,0.1388
1455,32,1487,0.1388
1448,33,1481,0.1388
1471,32,1503,0.1388
1453,33,1486,0.1388
1446,33,1479,0.1388
1444,33,1477,0.1388
1432,33,1465,0.1388
1440,35,1475,0.1388
1453,37,1490,0.1388
1458,37,1495,0.1388
1460,37,1497,0.1388
1458,37,1495,0.1388
1470,39,1509,0.1388
1472,40,1512,0.1388
1466,38,1504,0.1388
1457,39,1496,0.1388
1447,40,1487,0.1388
1425,37,1462,0.1388
1438,38,1476,0.1388
1459,37,1496,0.1388
1453,36,1489,0.1388
1456,39,1495,0.1388
1438,39,1477,0.1388
1446,40,1486,0.1388
1449,39,1488,0.1388
1444,40,1484,0.1388
1446,41,1487,0.1388
1460,42,1502,0.1388
1457,41,1498,0.1388
1453,42,1495,0.1388
1460,41,1501,0.1388
1461,40,1501,0.1388
1450,40,1490,0.1388
1451,41,1492,0.1388
1453,41,1494,0.1388
1454,41,1495,0.1388
1464,41,1505,0.1388
1453,41,1494,0.1388
1464,41,1505,0.1388
1459,42,1501,0.1388
1455,41,1496,0.1388
1446,41,1487,0.1388
1457,41,1498,0.1388
1461,41,1502,0.1388
1458,41,1499,0.1388
1438,42,1480,0.1388
1450,43,1493,0.1388
1443,44,1487,0.1388
1451,43,1494,0.1388
1440,44,1484,0.1388
1448,44,1492,0.1388
1447,43,1490,0.1388
1456,46,1502,0.1388
1453,45,1498,0.1388
1451,42,1493,0.1388
1450,41,1491,0.1388
1451,40,1491,0.1388
1462,43,1505,0.1388
1465,42,1507,0.1388
1445,39,1484,0.1388
1440,39,1479,0.1388
1446,39,1485,0.1388
1437,41,1478,0.1388
1447,38,1485,0.1388
1451,39,1490,0.1388
1454,39,1493,0.1388
1451,39,1490,0.1388
1444,40,1484,0.1388
1444,40,1484,0.1388
1444,39,1483,0.1388
1444,39,1483,0.1388
1448,40,1488,0.1388
1442,40,1482,0.1388
1451,42,1493,0.1388
1460,41,1501,0.1388
1457,40,1497,0.1388
1481,40,1521,0.1388
1465,42,1507,0.1388
1462,40,1502,0.1388
1461,38,1499,0.1388
1465,39,1504,0.1388
1458,38,1496,0.1388
1455,41,1496,0.1388
1479,41,1520,0.1388
1479,42,1521,0.1388
1478,42,1520,0.1388
1479,40,1519,0.1388
1466,36,1502,0.1388
1469,35,1504,0.1388
1470,35,1505,0.1388
1474,33,1507,0.1388
1462,33,1495,0.1388
1455,34,1489,0.1388
1450,33,1483,0.1388
1462,32,1494,0.1388
1465,31,1496,0.1388
1458,33,1491,0.1388
1450,33,1483,0.1388
1445,35,1480,0.1388
1442,35,1477,0.1388
1453,37,1490,0.1388
1448,37,1485,0.1388
1455,40,1495,0.1388
1444,42,1486,0.1388
1453,42,1495,0.1388
1465,41,1506,0.1388
1465,42,1507,0.1388
1455,43,1498,0.1388
1473,42,1515,0.1388
1463,45,1508,0.1388
1472,43,1515,0.1388
1466,42,1508,0.1388
1459,41,1500,0.1388
1454,40,1494,0.1388
1452,40,1492,0.1388
1453,40,1493,0.1388
1452,41,1493,0.1388
1456,41,1497,0.1388
1456,40,1496,0.1388
1446,40,1486,0.1388
1448,41,1489,0.1388
1454,41,1495,0.1388
1461,40,1501,0.1388
1464,40,1504,0.1388
1454,41,1495,0.1388
1445,41,1486,0.1388
1452,43,1495,0.1388
1445,42,1487,0.1388
1453,44,1497,0.1388
1445,42,1487,0.1388
1440,44,1484,0.1388
1437,42,1479,0.1388
1443,44,1487,0.1388
1454,44,1498,0.1388
1450,45,1495,0.1388
1462,47,1509,0.1388
1451,47,1498,0.1388
1456,48,1504,0.1388
1451,46,1497,0.1388
1455,47,1502,0.1388
1457,46,1503,0.1388
1458,46,1504,0.1388
1454,46,1500,0.1388
1479,45,1524,0.1388
1475,44,1519,0.1388
1470,46,1516,0.1388
1469,46,1515,0.1388
1450,45,1495,0.1388
1449,48,1497,0.1388
1447,47,1494,0.1388
1465,48,1513,0.1388
1458,48,1506,0.1388
1455,49,1504,0.1388
1444,49,1493,0.1388
1441,49,1490,0.1388
1437,49,1486,0.1388
1444,47,1491,0.1388
1447,48,1495,0.1388
1450,50,1500,0.1388
1452,52,1504,0.1388
1444,50,1494,0.1388
1442,54,1496,0.1388
1452,50,1502,0.1388
1441,53,1494,0.1388
1428,54,1482,0.1388
1430,55,1485,0.1388
1435,56,1491,0.1388
1445,56,1501,0.1388
1451,56,1507,0.1388
1435,57,1492,0.1388
1438,57,1495,0.1388
1437,58,1495,0.1388
1447,59,1506,0.1388
1434,58,1492,0.1388
1426,60,1486,0.1388
1424,61,1485,0.1388
1426,62,1488,0.1388
1435,63,1498,0.1388
1427,60,1487,0.1388
1433,59,1492,0.1388
1436,59,1495,0.1388
1446,62,1508,0.1388
1444,60,1504,0.1388
1455,59,1514,0.1388
1447,58,1505,0.1388
1441,59,1500,0.1388
1444,58,1502,0.1388
1428,59,1487,0.1388
1437,60,1497,0.1388
1419,61,1480,0.1388
1429,61,1490,0.1388
1426,59,1485,0.1388
1422,61,1483,0.1388
1434,62,1496,0.1388
1433,65,1498,0.1388
1440,65,1505,0.1388
1451,68,1519,0.1388
1434,67,1501,0.1388
1421,64,1485,0.1388
1418,63,1481,0.1388
1412,64,1476,0.1388
1438,62,1500,0.1388
1452,58,1510,0.1388
1437,58,1495,0.1388
1432,59,1491,0.1388
1439,58,1497,0.1388
1428,55,1483,0.1388
1440,56,1496,0.1388
1444,57,1501,0.1388
1447,57,1504,0.1388
1442,58,1500,0.1388
1429,59,1488,0.1388
1418,60,1478,0.1388
1419,64,1483,0.1388
1416,63,1479,0.1388
1402,62,1464,0.1388
1404,60,1464,0.1388
1415,65,1480,0.1388
1422,64,1486,0.1388
1416,65,1481,0.1388
1409,68,1477,0.1388
1423,71,1494,0.1388
1430,69,1499,0.1388
1422,65,1487,0.1388
1421,66,1487,0.1388
1418,67,1485,0.1388
1418,68,1486,0.1388
1413,72,1485,0.1388
1410,70,1480,0.1388
1423,70,1493,0.1388
1422,72,1494,0.1388
1419,73,1492,0.1388
1434,73,1507,0.1388
1421,73,1494,0.1388
1412,73,1485,0.1388
1423,76,1499,0.1388
1417,78,1495,0.1388
1414,76,1490,0.1388
1420,77,1497,0.1388
1435,78,1513,0.1388
1433,78,1511,0.1388
1426,79,1505,0.1388
1433,80,1513,0.1388
1413,81,1494,0.1388
1422,83,1505,0.1388
1416,82,1498,0.1388
1421,82,1503,0.1388
1414,80,1494,0.1388
1415,82,1497,0.1388
1410,84,1494,0.1388
1409,85,1494,0.1388
1407,86,1493,0.1388
1393,85,1478,0.1388
1406,87,1493,0.1388
1400,87,1487,0.1388
1400,89,1489,0.1388
1412,85,1497,0.1388
1420,88,1508,0.1388
1417,88,1505,0.1388
1416,85,1501,0.1388
1396,84,1480,0.1388
1396,85,1481,0.1388
1396,83,1479,0.1388
1399,83,1482,0.1388
1401,83,1484,0.1388
1418,82,1500,0.1388
1429,81,1510,0.1388
1418,83,1501,0.1388
1398,80,1478,0.1388
1401,79,1480,0.1388
1401,80,1481,0.1388
1404,82,1486,0.1388
1415,81,1496,0.1388
1422,82,1504,0.1388
1427,84,1511,0.1388
1425,84,1509,0.1388
1426,83,1509,0.1388
1412,82,1494,0.1388
1416,83,1499,0.1388
1413,85,1498,0.1388
1413,83,1496,0.1388
1405,85,1490,0.1388
1413,84,1497,0.1388
1421,84,1505,0.1388
1418,87,1505,0.1388
1414,89,1503,0.1388
1415,87,1502,0.1388
1419,87,1506,0.1388
1413,87,1500,0.1388
1422,85,1507,0.1388
1409,84,1493,0.1388
1408,84,1492,0.1388
1411,84,1495,0.1388
1420,81,1501,0.1388
1423,83,1506,0.1388
1424,86,1510,0.1388
1427,84,1511,0.1388
1425,81,1506,0.1388
1429,84,1513,0.1388
1418,85,1503,0.1388
1406,87,1493,0.1388
1382,90,1472,0.1388
1407,88,1495,0.1388
1418,85,1503,0.1388
1416,87,1503,0.1388
1408,84,1492,0.1388
1401,83,1484,0.1388
1412,85,1497,0.1388
1405,84,1489,0.1388
1406,84,1490,0.1388
1395,82,1477,0.1388
1406,85,1491,0.1388
1400,83,1483,0.1388
1407,83,1490,0.1388
1422,88,1510,0.1388
1434,83,1517,0.1388
1432,80,1512,0.1388
1435,86,1521,0.1388
1429,86,1515,0.1388
1424,87,1511,0.1388
1429,89,1518,0.1388
1433,88,1521,0.1388
1431,89,1520,0.1388
1412,89,1501,0.1388
1408,90,1498,0.1388
1401,90,1491,0.1388
1407,88,1495,0.1388
1392,85,1477,0.1388
1395,87,1482,0.1388
1405,89,1494,0.1388
1396,90,1486,0.1388
1386,91,1477,0.1388
1387,92,1479,0.1388
1408,95,1503,0.1388
1407,97,1504,0.1388
1409,96,1505,0.1388
1402,95,1497,0.1388
1401,97,1498,0.1388
1389,101,1490,0.1388
1395,101,1496,0.1388
1406,102,1508,0.1388
1404,100,1504,0.1388
1393,102,1495,0.1388
1391,102,1493,0.1388
1395,103,1498,0.1388
1403,106,1509,0.1388
1392,104,1496,0.1388
1397,105,1502,0.1388
1390,106,1496,0.1388
1384,107,1491,0.1388
1386,105,1491,0.1388
1378,105,1483,0.1388
1365,106,1471,0.1388
1371,109,1480,0.1388
1370,109,1479,0.1388
1384,108,1492,0.1388
1396,105,1501,0.1388
1382,103,1485,0.1388
1356,104,1460,0.1388
1379,99,1478,0.1388
1386,103,1489,0.1388
1397,102,1499,0.1388
1406,105,1511,0.1388
1396,103,1499,0.1388
1388,105,1493,0.1388
1387,104,1491,0.1388
1388,105,1493,0.1388
1382,104,1486,0.1388
1384,105,1489,0.1388
1388,103,1491,0.1388
1378,103,1481,0.1388
1388,102,1490,0.1388
1395,103,1498,0.1388
1392,106,1498,0.1388
1384,106,1490,0.1388
1386,108,1494,0.1388
1382,112,1494,0.1388
1383,107,1490,0.1388
1385,105,1490,0.1388
1391,102,1493,0.1388
1396,105,1501,0.1388
1395,104,1499,0.1388
1401,104,1505,0.1388
1390,103,1493,0.1388
1392,107,1499,0.1388
1392,108,1500,0.1388
1386,109,1495,0.1388
1386,109,1495,0.1388
1384,111,1495,0.1388
1398,111,1509,0.1388
1390,112,1502,0.1388
1375,112,1487,0.1388
1374,114,1488,0.1388
1372,110,1482,0.1388
1372,112,1484,0.1388
1381,115,1496,0.1388
1377,116,1493,0.1388
1374,117,1491,0.1388
1377,116,1493,0.1388
1370,119,1489,0.1388
1374,119,1493,0.1388
1375,119,1494,0.1388
1370,121,1491,0.1388
1359,122,1481,0.1388
1360,122,1482,0.1388
1363,125,1488,0.1388
1354,124,1478,0.1388
1366,122,1488,0.1388
1381,122,1503,0.1388
1377,122,1499,0.1388
1385,120,1505,0.1388
1373,119,1492,0.1388
1383,115,1498,0.1388
1378,115,1493,0.1388
1371,115,1486,0.1388
1358,118,1476,0.1388
1361,119,1480,0.1388
1371,117,1488,0.1388
1375,119,1494,0.1388
1386,120,1506,0.1388
1396,116,1512,0.1388
1375,119,1494,0.1388
1368,118,1486,0.1388
1367,118,1485,0.1388
1382,116,1498,0.1388
1379,116,1495,0.1388
1381,117,1498,0.1388
1367,119,1486,0.1388
1379,120,1499,0.1388
1377,122,1499,0.1388
1379,124,1503,0.1388
1370,124,1494,0.1388
1387,127,1514,0.1388
1373,128,1501,0.1388
1395,132,1527,0.1388
1380,134,1514,0.1388
1366,131,1497,0.1388
1363,132,1495,0.1388
1370,128,1498,0.1388
1371,132,1503,0.1388
1374,133,1507,0.1388
1375,131,1506,0.1388
1370,133,1503,0.1388
1370,134,1504,0.1388
1378,132,1510,0.1388
1373,132,1505,0.1388
1374,135,1509,0.1388
1368,133,1501,0.1388
1372,137,1509,0.1388
1363,136,1499,0.1388
1360,136,1496,0.1388
1355,137,1492,0.1388
1368,136,1504,0.1388
1360,133,1493,0.1388
1355,138,1493,0.1388
1354,138,1492,0.1388
1345,135,1480,0.1388
1348,139,1487,0.1388
1345,139,1484,0.1388
1345,142,1487,0.1388
1341,144,1485,0.1388
1351,142,1493,0.1388
1358,144,1502,0.1388
1346,145,1491,0.1388
1337,146,1483,0.1388
1340,147,1487,0.1388
1336,149,1485,0.1388
1349,145,1494,0.1388
1346,145,1491,0.1388
1351,148,1499,0.1388
1352,148,1500,0.1388
1337,152,1489,0.1388
1345,151,1496,0.1388
1341,151,1492,0.1388
1342,149,1491,0.1388
1342,152,1494,0.1388
1348,153,1501,0.1388
1344,157,1501,0.1388
1348,158,1506,0.1388
1340,153,1493,0.1388
1348,152,1500,0.1388
1352,149,1501,0.1388
1352,146,1498,0.1388
1350,147,1497,0.1388
1353,146,1499,0.1388
1350,146,1496,0.1388
1348,148,1496,0.1388
1349,149,1498,0.1388
1343,151,1494,0.1388
1341,154,1495,0.1388
1348,155,1503,0.1388
1349,153,1502,0.1388
1345,155,1500,0.1388
1331,157,1488,0.1388
1339,151,1490,0.1388
1348,154,1502,0.1388
1359,152,1511,0.1388
1368,148,1516,0.1388
1374,146,1520,0.1388
1359,146,1505,0.1388
1351,150,1501,0.1388
1347,153,1500,0.1388
1343,155,1498,0.1388
1340,151,1491,0.1388
1337,152,1489,0.1388
1333,150,1483,0.1388
1338,152,1490,0.1388
1344,152,1496,0.1388
1342,150,1492,0.1388
1334,153,1487,0.1388
1345,153,1498,0.1388
1354,157,1511,0.1388
1351,153,1504,0.1388
1345,153,1498,0.1388
1349,155,1504,0.1388
1357,150,1507,0.1388
1363,151,1514,0.1388
1351,154,1505,0.1388
1347,151,1498,0.1388
1347,152,1499,0.1388
1349,148,1497,0.1388
1343,149,1492,0.1388
1330,153,1483,0.1388
1329,152,1481,0.1388
1345,154,1499,0.1388
1334,152,1486,0.1388
1332,151,1483,0.1388
1329,156,1485,0.1388
1341,156,1497,0.1388
1336,157,1493,0.1388
1334,157,1491,0.1388
1343,157,1500,0.1388
1342,158,1500,0.1388
1327,157,1484,0.1388
1338,159,1497,0.1388
1345,158,1503,0.1388
1335,156,1491,0.1388
1334,156,1490,0.1388
1336,154,1490,0.1388
1326,155,1481,0.1388
1348,155,1503,0.1388
1341,155,1496,0.1388
1340,155,1495,0.1388
1334,153,1487,0.1388
1334,152,1486,0.1388
1335,152,1487,0.1388
1332,153,1485,0.1388
1335,156,1491,0.1388
1337,156,1493,0.1388
1343,157,1500,0.1388
1343,158,1501,0.1388
1344,158,1502,0.1388
1334,159,1493,0.1388
1351,160,1511,0.1388
1351,155,1506,0.1388
1355,158,1513,0.1388
1348,152,1500,0.1388
1337,159,1496,0.1388
1352,158,1510,0.1388
1339,154,1493,0.1388
1347,154,1501,0.1388
1344,155,1499,0.1388
1336,158,1494,0.1388
1337,156,1493,0.1388
1341,163,1504,0.1388
1339,164,1503,0.1388
1333,163,1496,0.1388
1330,165,1495,0.1388
1321,163,1484,0.1388
1336,162,1498,0.1388
1331,163,1494,0.1388
1334,159,1493,0.1388
1327,161,1488,0.1388
1337,165,1502,0.1388
1334,166,1500,0.1388
1324,173,1497,0.1388
1327,172,1499,0.1388
1321,169,1490,0.1388
1322,171,1493,0.1388
1331,176,1507,0.1388
1330,174,1504,0.1388
1334,172,1506,0.1388
1323,170,1493,0.1388
1328,168,1496,0.1388
1325,170,1495,0.1388
1332,169,1501,0.1388
1341,173,1514,0.1388
1322,172,1494,0.1388
1318,172,1490,0.1388
1309,171,1480,0.1388
1297,173,1470,0.1388
1310,169,1479,0.1388
1307,171,1478,0.1388
1310,173,1483,0.1388
1308,169,1477,0.1388
1316,169,1485,0.1388
1318,170,1488,0.1388
1328,170,1498,0.1388
1328,170,1498,0.1388
1339,166,1505,0.1388
1339,169,1508,0.1388
1343,168,1511,0.1388
1347,168,1515,0.1388
1342,170,1512,0.1388
1347,169,1516,0.1388
1344,170,1514,0.1388
1345,167,1512,0.1388
1337,164,1501,0.1388
1326,169,1495,0.1388
1335,168,1503,0.1388
1328,173,1501,0.1388
1339,176,1515,0.1388
1333,171,1504,0.1388
1323,170,1493,0.1388
1329,172,1501,0.1388
1324,170,1494,0.1388
1315,173,1488,0.1388
1318,175,1493,0.1388
1311,174,1485,0.1388
1319,175,1494,0.1388
1315,174,1489,0.1388
1309,179,1488,0.1388
1305,178,1483,0.1388
1313,178,1491,0.1388
1309,180,1489,0.1388
1303,177,1480,0.1388
1303,180,1483,0.1388
1319,183,1502,0.1388
1321,183,1504,0.1388
1324,183,1507,0.1388
1323,184,1507,0.1388
1328,187,1515,0.1388
1331,186,1517,0.1388
1323,182,1505,0.1388
1324,185,1509,0.1388
1322,182,1504,0.1388
1323,181,1504,0.1388
1319,182,1501,0.1388
1319,183,1502,0.1388
1316,186,1502,0.1388
1319,183,1502,0.1388
1306,188,1494,0.1388
1309,188,1497,0.1388
1304,184,1488,0.1388
1316,180,1496,0.1388
1326,187,1513,0.1388
1322,188,1510,0.1388
1313,189,1502,0.1388
1318,192,1510,0.1388
1319,189,1508,0.1388
1310,188,1498,0.1388
1310,185,1495,0.1388
1308,185,1493,0.1388
1298,184,1482,0.1388
1305,185,1490,0.1388
1320,187,1507,0.1388
1319,187,1506,0.1388
1305,186,1491,0.1388
1304,188,1492,0.1388
1306,187,1493,0.1388
1300,188,1488,0.1388
1298,190,1488,0.1388
1289,189,1478,0.1388
1292,195,1487,0.1388
1301,197,1498,0.1388
1289,199,1488,0.1388
1280,198,1478,0.1388
1295,196,1491,0.1388
1291,196,1487,0.1388
1301,200,1501,0.1388
1296,198,1494,0.1388
1310,199,1509,0.1388
1314,201,1515,0.1388
1304,201,1505,0.1388
1316,201,1517,0.1388
1305,201,1506,0.1388
1297,204,1501,0.1388
1299,206,1505,0.1388
1305,204,1509,0.1388
1298,201,1499,0.1388
1294,199,1493,0.1388
1300,203,1503,0.1388
1293,203,1496,0.1388
1295,202,1497,0.1388
1295,200,1495,0.1388
1297,205,1502,0.1388
1304,204,1508,0.1388
1301,205,1506,0.1388
1298,205,1503,0.1388
1297,199,1496,0.1388
1286,204,1490,0.1388
1298,201,1499,0.1388
1303,203,1506,0.1388
1305,202,1507,0.1388
1303,203,1506,0.1388
1295,202,1497,0.1388
1286,203,1489,0.1388
1292,203,1495,0.1388
1277,203,1480,0.1388
1279,206,1485,0.1388
1280,201,1481,0.1388
1283,201,1484,0.1388
1275,199,1474,0.1388
1267,201,1468,0.1388
1266,206,1472,0.1388
1262,207,1469,0.1388
1269,203,1472,0.1388
1270,202,1472,0.1388
1275,201,1476,0.1388
1273,197,1470,0.1388
1277,200,1477,0.1388
1291,203,1494,0.1388
1306,204,1510,0.1388
1298,199,1497,0.1388
1301,196,1497,0.1388
1299,197,1496,0.1388
1298,197,1495,0.1388
1301,201,1502,0.1388
1299,200,1499,0.1388
1291,202,1493,0.1388
1295,202,1497,0.1388
1301,201,1502,0.1388
1293,197,1490,0.1388
1294,200,1494,0.1388
1298,201,1499,0.1388
1292,205,1497,0.1388
1291,207,1498,0.1388
1289,207,1496,0.1388
1291,205,1496,0.1388
1305,207,1512,0.1388
1304,210,1514,0.1388
1304,197,1501,0.1388
1307,202,1509,0.1388
1309,197,1506,0.1388
1307,193,1500,0.1388
1312,194,1506,0.1388
1302,194,1496,0.1388
1309,192,1501,0.1388
1305,196,1501,0.1388
1305,200,1505,0.1388
1294,200,1494,0.1388
1288,201,1489,0.1388
1292,202,1494,0.1388
1292,200,1492,0.1388
1297,202,1499,0.1388
1295,204,1499,0.1388
1292,205,1497,0.1388
1316,209,1525,0.1388
1323,206,1529,0.1388
1313,204,1517,0.1388
1312,206,1518,0.1388
1293,201,1494,0.1388
1295,201,1496,0.1388
1289,200,1489,0.1388
1279,205,1484,0.1388
1292,204,1496,0.1388
1288,205,1493,0.1388
1281,205,1486,0.1388
1289,205,1494,0.1388
1277,207,1484,0.1388
1286,207,1493,0.1388
1290,209,1499,0.1388
1284,212,1496,0.1388
1287,213,1500,0.1388
1281,213,1494,0.1388
1292,213,1505,0.1388
1282,215,1497,0.1388
1277,210,1487,0.1388
1279,214,1493,0.1388
1271,211,1482,0.1388
1277,211,1488,0.1388
1269,207,1476,0.1388
1283,203,1486,0.1388
1284,204,1488,0.1388
1283,203,1486,0.1388
1293,202,1495,0.1388
1295,199,1494,0.1388
1296,204,1500,0.1388
1279,204,1483,0.1388
1278,203,1481,0.1388
1280,202,1482,0.1388
1281,202,1483,0.1388
1289,203,1492,0.1388
1291,202,1493,0.1388
1299,201,1500,0.1388
1291,203,1494,0.1388
1295,200,1495,0.1388
1295,203,1498,0.1388
1289,202,1491,0.1388
1287,207,1494,0.1388
1283,203,1486,0.1388
1288,200,1488,0.1388
1296,199,1495,0.1388
1289,196,1485,0.1388
1291,196,1487,0.1388
1299,198,1497,0.1388
1297,202,1499,0.1388
1283,198,1481,0.1388
1274,200,1474,0.1388
1274,200,1474,0.1388
1286,202,1488,0.1388
1265,206,1471,0.1388
1262,207,1469,0.1388
1267,202,1469,0.1388
1274,204,1478,0.1388
1281,204,1485,0.1388
1286,206,1492,0.1388
1287,207,1494,0.1388
1291,204,1495,0.1388
1295,209,1504,0.1388
1300,206,1506,0.1388
1294,205,1499,0.1388
1294,206,1500,0.1388
1290,203,1493,0.1388
1297,199,1496,0.1388
1301,200,1501,0.1388
1290,198,1488,0.1388
1289,204,1493,0.1388
1291,206,1497,0.1388
1280,202,1482,0.1388
1284,204,1488,0.1388
1297,203,1500,0.1388
1285,206,1491,0.1388
1286,205,1491,0.1388
1274,214,1488,0.1388
1274,212,1486,0.1388
1277,215,1492,0.1388
1269,216,1485,0.1388
1284,216,1500,0.1388
1280,212,1492,0.1388
1278,212,1490,0.1388
1273,210,1483,0.1388
1288,208,1496,0.1388
1289,208,1497,0.1388
1294,211,1505,0.1388
1292,209,1501,0.1388
1290,210,1500,0.1388
1279,210,1489,0.1388
1268,215,1483,0.1388
1274,213,1487,0.1388
1271,216,1487,0.1388
1267,214,1481,0.1388
1276,211,1487,0.1388
1283,208,1491,0.1388
1287,202,1489,0.1388
1294,203,1497,0.1388
1286,202,1488,0.1388
1276,212,1488,0.1388
1276,213,1489,0.1388
1280,216,1496,0.1388
1275,217,1492,0.1388
1276,222,1498,0.1388
1283,223,1506,0.1388
1276,224,1500,0.1388
1263,225,1488,0.1388
1269,224,1493,0.1388
1272,223,1495,0.1388
1268,220,1488,0.1388
1262,221,1483,0.1388
1265,219,1484,0.1388
1259,221,1480,0.1388
1275,226,1501,0.1388
1254,233,1487,0.1388
1260,231,1491,0.1388
1269,233,1502,0.1388
1261,238,1499,0.1388
1257,235,1492,0.1388
1251,232,1483,0.1388
1248,231,1479,0.1388
1242,235,1477,0.1388
1249,233,1482,0.1388
1249,241,1490,0.1388
1243,238,1481,0.1388
1257,238,1495,0.1388
1244,241,1485,0.1388
1242,244,1486,0.1388
1256,242,1498,0.1388
1254,244,1498,0.1388
1256,244,1500,0.1388
1253,240,1493,0.1388
1250,245,1495,0.1388
1247,244,1491,0.1388
1261,235,1496,0.1388
1252,240,1492,0.1388
1246,238,1484,0.1388
1248,245,1493,0.1388
1247,249,1496,0.1388
1243,248,1491,0.1388
1239,250,1489,0.1388
1233,252,1485,0.1388
1227,255,1482,0.1388
1219,252,1471,0.1388
1213,260,1473,0.1388
1230,264,1494,0.1388
1220,264,1484,0.1388
1229,263,1492,0.1388
1217,259,1476,0.1388
1232,261,1493,0.1388
1221,265,1486,0.1388
1220,266,1486,0.1388
1222,261,1483,0.1388
1224,255,1479,0.1388
1233,250,1483,0.1388
1247,254,1501,0.1388
1240,252,1492,0.1388
1244,251,1495,0.1388
1253,255,1508,0.1388
1242,252,1494,0.1388
1242,252,1494,0.1388
1232,253,1485,0.1388
1234,255,1489,0.1388
1227,259,1486,0.1388
1230,259,1489,0.1388
1227,263,1490,0.1388
1231,265,1496,0.1388
1243,262,1505,0.1388
1221,264,1485,0.1388
1212,261,1473,0.1388
1219,259,1478,0.1388
1217,261,1478,0.1388
1221,264,1485,0.1388
1225,264,1489,0.1388
1230,262,1492,0.1388
1223,258,1481,0.1388
1213,261,1474,0.1388
1221,265,1486,0.1388
1222,263,1485,0.1388
1236,259,1495,0.1388
1223,261,1484,0.1388
1231,260,1491,0.1388
1236,261,1497,0.1388
1234,261,1495,0.1388
1241,256,1497,0.1388
1234,256,1490,0.1388
1233,257,1490,0.1388
1240,254,1494,0.1388
1241,259,1500,0.1388
1237,258,1495,0.1388
1244,255,1499,0.1388
1229,253,1482,0.1388
1224,258,1482,0.1388
1225,263,1488,0.1388
1232,267,1499,0.1388
1226,262,1488,0.1388
1220,260,1480,0.1388
1229,267,1496,0.1388
1240,262,1502,0.1388
1241,255,1496,0.1388
1236,257,1493,0.1388
1234,255,1489,0.1388
1230,256,1486,0.1388
1239,254,1493,0.1388
1229,252,1481,0.1388
1223,257,1480,0.1388
1228,261,1489,0.1388
1234,261,1495,0.1388
1233,259,1492,0.1388
1233,262,1495,0.1388
1230,262,1492,0.1388
1235,268,1503,0.1388
1232,269,1501,0.1388
1230,272,1502,0.1388
1229,270,1499,0.1388
1232,266,1498,0.1388
1237,265,1502,0.1388
1241,268,1509,0.1388
1238,270,1508,0.1388
1233,275,1508,0.1388
1227,269,1496,0.1388
1223,273,1496,0.1388
1222,276,1498,0.1388
1222,274,1496,0.1388
1221,269,1490,0.1388
1225,274,1499,0.1388
1225,278,1503,0.1388
1227,278,1505,0.1388
1223,281,1504,0.1388
1218,284,1502,0.1388
1222,272,1494,0.1388
1219,271,1490,0.1388
1208,267,1475,0.1388
1222,273,1495,0.1388
1230,267,1497,0.1388
1232,268,1500,0.1388
1220,269,1489,0.1388
1238,269,1507,0.1388
1225,267,1492,0.1388
1225,271,1496,0.1388
1229,266,1495,0.1388
1236,263,1499,0.1388
1247,259,1506,0.1388
1249,257,1506,0.1388
1259,257,1516,0.1388
1246,256,1502,0.1388
1247,258,1505,0.1388
1236,259,1495,0.1388
1228,255,1483,0.1388
1234,251,1485,0.1388
1237,255,1492,0.1388
1236,261,1497,0.1388
1226,262,1488,0.1388
1221,261,1482,0.1388
1227,265,1492,0.1388
1228,265,1493,0.1388
1219,260,1479,0.1388
1227,260,1487,0.1388
1236,262,1498,0.1388
1242,266,1508,0.1388
1236,266,1502,0.1388
1234,264,1498,0.1388
1234,262,1496,0.1388
1229,263,1492,0.1388
1219,266,1485,0.1388
1226,264,1490,0.1388
1233,263,1496,0.1388
1233,271,1504,0.1388
1238,270,1508,0.1388
1229,269,1498,0.1388
1206,271,1477,0.1388
1206,277,1483,0.1388
1212,279,1491,0.1388
1222,282,1504,0.1388
1237,278,1515,0.1388
1234,279,1513,0.1388
1239,274,1513,0.1388
1228,277,1505,0.1388
1217,276,1493,0.1388
1227,273,1500,0.1388
1239,266,1505,0.1388
1213,273,1486,0.1388
1230,271,1501,0.1388
1224,274,1498,0.1388
1226,275,1501,0.1388
1214,276,1490,0.1388
1222,277,1499,0.1388
1237,283,1520,0.1388
1230,277,1507,0.1388
1230,278,1508,0.1388
1229,281,1510,0.1388
1223,283,1506,0.1388
1228,275,1503,0.1388
1216,279,1495,0.1388
1220,277,1497,0.1388
1209,274,1483,0.1388
1202,277,1479,0.1388
1207,275,1482,0.1388
1208,273,1481,0.1388
1212,278,1490,0.1388
1221,273,1494,0.1388
1225,271,1496,0.1388
1221,268,1489,0.1388
1215,269,1484,0.1388
1215,275,1490,0.1388
1205,283,1488,0.1388
1208,284,1492,0.1388
1216,285,1501,0.1388
1220,289,1509,0.1388
1220,287,1507,0.1388
1217,284,1501,0.1388
1215,286,1501,0.1388
1196,289,1485,0.1388
1189,285,1474,0.1388
1205,281,1486,0.1388
1203,280,1483,0.1388
1210,285,1495,0.1388
1204,282,1486,0.1388
1207,285,1492,0.1388
1191,284,1475,0.1388
1185,283,1468,0.1388
1201,281,1482,0.1388
1205,282,1487,0.1388
1203,289,1492,0.1388
1208,286,1494,0.1388
1221,289,1510,0.1388
1220,287,1507,0.1388
1218,286,1504,0.1388
1217,288,1505,0.1388
1206,289,1495,0.1388
1207,288,1495,0.1388
1209,287,1496,0.1388
1218,285,1503,0.1388
1223,283,1506,0.1388
1208,288,1496,0.1388
1203,286,1489,0.1388
1212,290,1502,0.1388
1225,288,1513,0.1388
1230,287,1517,0.1388
1216,291,1507,0.1388
1208,290,1498,0.1388
1212,278,1490,0.1388
1208,281,1489,0.1388
1208,284,1492,0.1388
1200,288,1488,0.1388
1201,289,1490,0.1388
1203,289,1492,0.1388
1202,294,1496,0.1388
1198,298,1496,0.1388
1191,300,1491,0.1388
1197,305,1502,0.1388
1213,301,1514,0.1388
1210,303,1513,0.1388
1208,296,1504,0.1388
1202,296,1498,0.1388
1185,302,1487,0.1388
1196,297,1493,0.1388
1198,295,1493,0.1388
1188,300,1488,0.1388
1191,305,1496,0.1388
1199,308,1507,0.1388
1192,305,1497,0.1388
1183,310,1493,0.1388
1192,314,1506,0.1388
1185,313,1498,0.1388
1188,310,1498,0.1388
1196,313,1509,0.1388
1200,313,1513,0.1388
1188,312,1500,0.1388
1190,312,1502,0.1388
1184,313,1497,0.1388
1189,310,1499,0.1388
1202,315,1517,0.1388
1197,317,1514,0.1388
1182,312,1494,0.1388
1194,316,1510,0.1388
1188,305,1493,0.1388
1196,314,1510,0.1388
1177,313,1490,0.1388
1170,312,1482,0.1388
1183,316,1499,0.1388
1191,318,1509,0.1388
1192,317,1509,0.1388
1194,318,1512,0.1388
1186,319,1505,0.1388
1186,320,1506,0.1388
1181,324,1505,0.1388
1182,320,1502,0.1388
1169,326,1495,0.1388
1157,320,1477,0.1388
1164,323,1487,0.1388
1168,323,1491,0.1388
1182,321,1503,0.1388
1178,320,1498,0.1388
1182,318,1500,0.1388
1185,318,1503,0.1388
1197,320,1517,0.1388
1188,318,1506,0.1388
1191,320,1511,0.1388
1179,323,1502,0.1388
1163,329,1492,0.1388
1165,319,1484,0.1388
1166,321,1487,0.1388
1183,319,1502,0.1388
1180,320,1500,0.1388
1182,317,1499,0.1388
1175,326,1501,0.1388
1178,330,1508,0.1388
1169,338,1507,0.1388
1165,339,1504,0.1388
1165,338,1503,0.1388
1163,338,1501,0.1388
1170,339,1509,0.1388
1177,337,1514,0.1388
1166,336,1502,0.1388
1159,339,1498,0.1388
1174,338,1512,0.1388
1161,336,1497,0.1388
1151,334,1485,0.1388
1162,336,1498,0.1388
1169,343,1512,0.1388
1158,345,1503,0.1388
1150,345,1495,0.1388
1148,347,1495,0.1388
1152,345,1497,0.1388
1156,341,1497,0.1388
1153,345,1498,0.1388
1148,348,1496,0.1388
1165,348,1513,0.1388
1147,353,1500,0.1388
1148,350,1498,0.1388
1149,346,1495,0.1388
1145,351,1496,0.1388
1137,353,1490,0.1388
1139,359,1498,0.1388
1140,364,1504,0.1388
1141,365,1506,0.1388
1145,364,1509,0.1388
1139,364,1503,0.1388
1122,366,1488,0.1388
1128,369,1497,0.1388
1126,369,1495,0.1388
1130,371,1501,0.1388
1139,372,1511,0.1388
1144,368,1512,0.1388
1143,359,1502,0.1388
1145,365,1510,0.1388
1144,362,1506,0.1388
1145,364,1509,0.1388
1142,368,1510,0.1388
1132,359,1491,0.1388
1135,359,1494,0.1388
1131,360,1491,0.1388
1142,361,1503,0.1388
1131,365,1496,0.1388
1130,368,1498,0.1388
1129,368,1497,0.1388
1126,369,1495,0.1388
1132,372,1504,0.1388
1117,375,1492,0.1388
1122,383,1505,0.1388
1117,378,1495,0.1388
1122,377,1499,0.1388
1122,377,1499,0.1388
1122,380,1502,0.1388
1119,381,1500,0.1388
1122,379,1501,0.1388
1124,369,1493,0.1388
1123,373,1496,0.1388
1116,370,1486,0.1388
1121,368,1489,0.1388
1128,372,1500,0.1388
1118,372,1490,0.1388
1130,374,1504,0.1388
1123,374,1497,0.1388
1127,371,1498,0.1388
1118,383,1501,0.1388
1115,379,1494,0.1388
1120,381,1501,0.1388
1134,377,1511,0.1388
1133,374,1507,0.1388
1136,379,1515,0.1388
1136,376,1512,0.1388
1136,375,1511,0.1388
1128,376,1504,0.1388
1125,385,1510,0.1388
1112,385,1497,0.1388
1105,382,1487,0.1388
1105,380,1485,0.1388
1102,382,1484,0.1388
1121,378,1499,0.1388
1127,388,1515,0.1388
1131,383,1514,0.1388
1127,384,1511,0.1388
1117,381,1498,0.1388
1109,387,1496,0.1388
1115,389,1504,0.1388
1118,393,1511,0.1388
1120,388,1508,0.1388
1126,378,1504,0.1388
1126,376,1502,0.1388
1119,370,1489,0.1388
1107,368,1475,0.1388
1116,379,1495,0.1388
1110,382,1492,0.1388
1100,384,1484,0.1388
1118,384,1502,0.1388
1114,383,1497,0.1388
1108,388,1496,0.1388
1110,390,1500,0.1388
1106,390,1496,0.1388
1108,393,1501,0.1388
1110,399,1509,0.1388
1118,399,1517,0.1388
1104,391,1495,0.1388
1103,390,1493,0.1388
1106,393,1499,0.1388
1102,397,1499,0.1388
1105,393,1498,0.1388
1109,392,1501,0.1388
1108,402,1510,0.1388
1114,396,1510,0.1388
1100,396,1496,0.1388
1099,395,1494,0.1388
1099,393,1492,0.1388
1095,396,1491,0.1388
1095,395,1490,0.1388
1092,405,1497,0.1388
1094,406,1500,0.1388
1100,407,1507,0.1388
1096,404,1500,0.1388
1097,407,1504,0.1388
1100,399,1499,0.1388
1096,401,1497,0.1388
1094,398,1492,0.1388
1103,397,1500,0.1388
1098,399,1497,0.1388
1093,403,1496,0.1388
1105,403,1508,0.1388
1095,404,1499,0.1388
1101,404,1505,0.1388
1093,402,1495,0.1388
1091,409,1500,0.1388
1087,416,1503,0.1388
1088,415,1503,0.1388
1091,410,1501,0.1388
1089,402,1491,0.1388
1084,407,1491,0.1388
1078,404,1482,0.1388
1076,410,1486,0.1388
1089,409,1498,0.1388
1089,407,1496,0.1388
1095,411,1506,0.1388
1092,412,1504,0.1388
1095,410,1505,0.1388
1099,411,1510,0.1388
1091,403,1494,0.1388
1102,403,1505,0.1388
1105,402,1507,0.1388
1105,407,1512,0.1388
1097,402,1499,0.1388
1091,403,1494,0.1388
1085,403,1488,0.1388
1088,403,1491,0.1388
1091,405,1496,0.1388
1089,410,1499,0.1388
1082,413,1495,0.1388
1071,408,1479,0.1388
1077,409,1486,0.1388
1075,403,1478,0.1388
1076,403,1479,0.1388
1070,413,1483,0.1388
1077,412,1489,0.1388
1087,412,1499,0.1388
1097,415,1512,0.1388
1090,411,1501,0.1388
1094,412,1506,0.1388
1092,407,1499,0.1388
1080,408,1488,0.1388
1080,410,1490,0.1388
1076,405,1481,0.1388
1081,410,1491,0.1388
1076,413,1489,0.1388
1072,412,1484,0.1388
1079,414,1493,0.1388
1085,419,1504,0.1388
1076,411,1487,0.1388
1081,411,1492,0.1388
1095,408,1503,0.1388
1096,407,1503,0.1388
1098,407,1505,0.1388
1092,419,1511,0.1388
1089,426,1515,0.1388
1088,428,1516,0.1388
1082,419,1501,0.1388
1086,422,1508,0.1388
1092,422,1514,0.1388
1079,420,1499,0.1388
1076,415,1491,0.1388
1077,428,1505,0.1388
1088,421,1509,0.1388
1091,420,1511,0.1388
1075,421,1496,0.1388
1081,427,1508,0.1388
1081,425,1506,0.1388
1067,429,1496,0.1388
1077,424,1501,0.1388
1066,420,1486,0.1388
1057,418,1475,0.1388
1068,425,1493,0.1388
1081,427,1508,0.1388
1068,431,1499,0.1388
1061,431,1492,0.1388
1064,431,1495,0.1388
1080,430,1510,0.1388
1084,426,1510,0.1388
1076,427,1503,0.1388
1080,423,1503,0.1388
1079,426,1505,0.1388
1077,420,1497,0.1388
1085,422,1507,0.1388
1075,430,1505,0.1388
1072,429,1501,0.1388
1078,424,1502,0.1388
1079,429,1508,0.1388
1068,430,1498,0.1388
1067,431,1498,0.1388
1072,432,1504,0.1388
1071,428,1499,0.1388
1067,421,1488,0.1388
1066,425,1491,0.1388
1070,428,1498,0.1388
1066,423,1489,0.1388
1067,428,1495,0.1388
1060,424,1484,0.1388
1056,421,1477,0.1388
1068,429,1497,0.1388
1068,433,1501,0.1388
1070,432,1502,0.1388
1071,433,1504,0.1388
1061,434,1495,0.1388
1068,437,1505,0.1388
1059,434,1493,0.1388
1059,436,1495,0.1388
1058,438,1496,0.1388
1061,440,1501,0.1388
1069,443,1512,0.1388
1067,437,1504,0.1388
1054,436,1490,0.1388
1063,438,1501,0.1388
1055,438,1493,0.1388
1070,431,1501,0.1388
1078,436,1514,0.1388
1068,438,1506,0.1388
1060,441,1501,0.1388
1058,441,1499,0.1388
1057,445,1502,0.1388
1072,444,1516,0.1388
1058,445,1503,0.1388
1064,442,1506,0.1388
1057,444,1501,0.1388
1059,440,1499,0.1388
1068,436,1504,0.1388
1056,442,1498,0.1388
1069,439,1508,0.1388
1066,438,1504,0.1388
1057,436,1493,0.1388
1068,436,1504,0.1388
1075,440,1515,0.1388
1071,440,1511,0.1388
1065,439,1504,0.1388
1068,434,1502,0.1388
1057,439,1496,0.1388
1061,446,1507,0.1388
1066,433,1499,0.1388
1073,439,1512,0.1388
1064,433,1497,0.1388
1069,436,1505,0.1388
1058,430,1488,0.1388
1054,443,1497,0.1388
1056,446,1502,0.1388
1061,440,1501,0.1388
1071,441,1512,0.1388
1063,439,1502,0.1388
1061,438,1499,0.1388
1056,434,1490,0.1388
1061,435,1496,0.1388
1051,437,1488,0.1388
1045,445,1490,0.1388
1042,447,1489,0.1388
1043,449,1492,0.1388
1030,445,1475,0.1388
1045,446,1491,0.1388
1033,445,1478,0.1388
1045,448,1493,0.1388
1036,441,1477,0.1388
1031,446,1477,0.1388
1044,449,1493,0.1388
1053,446,1499,0.1388
1047,453,1500,0.1388
1048,446,1494,0.1388
1054,445,1499,0.1388
1049,450,1499,0.1388
1046,454,1500,0.1388
1053,457,1510,0.1388
1045,455,1500,0.1388
1053,446,1499,0.1388
1052,447,1499,0.1388
1052,453,1505,0.1388
1051,454,1505,0.1388
1034,445,1479,0.1388
1038,447,1485,0.1388
1046,450,1496,0.1388
1046,449,1495,0.1388
1048,452,1500,0.1388
1049,444,1493,0.1388
1054,447,1501,0.1388
1059,455,1514,0.1388
1060,460,1520,0.1388
1050,458,1508,0.1388
1047,459,1506,0.1388
1056,462,1518,0.1388
1047,463,1510,0.1388
1034,463,1497,0.1388
1035,466,1501,0.1388
1039,472,1511,0.1388
1042,471,1513,0.1388
1028,465,1493,0.1388
1031,464,1495,0.1388
1033,461,1494,0.1388
1025,456,1481,0.1388
1015,459,1474,0.1388
1024,460,1484,0.1388
1031,464,1495,0.1388
1034,461,1495,0.1388
1027,461,1488,0.1388
1029,464,1493,0.1388
1029,470,1499,0.1388
1025,469,1494,0.1388
1033,469,1502,0.1388
1046,471,1517,0.1388
1035,466,1501,0.1388
1032,466,1498,0.1388
1031,462,1493,0.1388
1022,459,1481,0.1388
1022,460,1482,0.1388
1024,463,1487,0.1388
1019,467,1486,0.1388
1009,481,1490,0.1388
1008,477,1485,0.1388
1000,482,1482,0.1388
1016,482,1498,0.1388
1026,483,1509,0.1388
1035,485,1520,0.1388
1041,485,1526,0.1388
1032,486,1518,0.1388
1029,484,1513,0.1388
1026,476,1502,0.1388
1024,476,1500,0.1388
1022,477,1499,0.1388
1022,476,1498,0.1388
1025,482,1507,0.1388
1023,482,1505,0.1388
1017,485,1502,0.1388
1017,481,1498,0.1388
1016,492,1508,0.1388
1023,485,1508,0.1388
1026,482,1508,0.1388
1034,482,1516,0.1388
1025,487,1512,0.1388
1011,483,1494,0.1388
1021,482,1503,0.1388
1020,473,1493,0.1388
1015,477,1492,0.1388
1019,474,1493,0.1388
1024,470,1494,0.1388
1024,469,1493,0.1388
1019,468,1487,0.1388
1029,469,1498,0.1388
1029,471,1500,0.1388
1026,472,1498,0.1388
1020,476,1496,0.1388
1019,473,1492,0.1388
1016,467,1483,0.1388
1025,468,1493,0.1388
1021,468,1489,0.1388
1028,483,1511,0.1388
1032,481,1513,0.1388
1022,481,1503,0.1388
1025,468,1493,0.1388
1036,469,1505,0.1388
1025,478,1503,0.1388
1031,480,1511,0.1388
1029,482,1511,0.1388
1029,480,1509,0.1388
1028,475,1503,0.1388
1035,478,1513,0.1388
1028,473,1501,0.1388
1028,476,1504,0.1388
1027,477,1504,0.1388
1036,469,1505,0.1388
1036,470,1506,0.1388
1029,476,1505,0.1388
1028,474,1502,0.1388
1017,481,1498,0.1388
1017,483,1500,0.1388
1007,489,1496,0.1388
1004,490,1494,0.1388
1001,491,1492,0.1388
1001,493,1494,0.1388
1010,488,1498,0.1388
1009,484,1493,0.1388
1012,484,1496,0.1388
1017,482,1499,0.1388
1005,485,1490,0.1388
1012,486,1498,0.1388
1009,491,1500,0.1388
1013,487,1500,0.1388
993,491,1484,0.1388
996,493,1489,0.1388
981,501,1482,0.1388
986,499,1485,0.1388
992,502,1494,0.1388
988,500,1488,0.1388
992,500,1492,0.1388
986,505,1491,0.1388
993,511,1504,0.1388
996,507,1503,0.1388
998,504,1502,0.1388
992,505,1497,0.1388
990,505,1495,0.1388
999,504,1503,0.1388
1006,508,1514,0.1388
1003,509,1512,0.1388
1007,505,1512,0.1388
1004,510,1514,0.1388
1003,507,1510,0.1388
994,507,1501,0.1388
991,510,1501,0.1388
994,510,1504,0.1388
994,512,1506,0.1388
989,512,1501,0.1388
991,512,1503,0.1388
991,508,1499,0.1388
995,504,1499,0.1388
996,508,1504,0.1388
988,507,1495,0.1388
983,502,1485,0.1388
987,501,1488,0.1388
991,497,1488,0.1388
1007,502,1509,0.1388
1012,504,1516,0.1388
993,506,1499,0.1388
990,505,1495,0.1388
1004,508,1512,0.1388
990,508,1498,0.1388
986,518,1504,0.1388
989,508,1497,0.1388
991,510,1501,0.1388
987,513,1500,0.1388
988,512,1500,0.1388
995,511,1506,0.1388
986,515,1501,0.1388
985,510,1495,0.1388
986,516,1502,0.1388
985,511,1496,0.1388
983,520,1503,0.1388
972,518,1490,0.1388
970,527,1497,0.1388
974,527,1501,0.1388
965,528,1493,0.1388
968,521,1489,0.1388
968,524,1492,0.1388
968,518,1486,0.1388
974,520,1494,0.1388
980,528,1508,0.1388
970,531,1501,0.1388
964,532,1496,0.1388
959,536,1495,0.1388
970,530,1500,0.1388
988,535,1523,0.1388
980,533,1513,0.1388
976,531,1507,0.1388
980,528,1508,0.1388
957,527,1484,0.1388
955,530,1485,0.1388
943,525,1468,0.1388
952,525,1477,0.1388
946,532,1478,0.1388
953,542,1495,0.1388
965,539,1504,0.1388
977,534,1511,0.1388
986,544,1530,0.1388
973,546,1519,0.1388
974,540,1514,0.1388
973,543,1516,0.1388
975,532,1507,0.1388
959,535,1494,0.1388
973,527,1500,0.1388
978,530,1508,0.1388
967,523,1490,0.1388
967,526,1493,0.1388
982,523,1505,0.1388
977,528,1505,0.1388
978,526,1504,0.1388
975,530,1505,0.1388
969,534,1503,0.1388
973,525,1498,0.1388
974,526,1500,0.1388
974,520,1494,0.1388
973,528,1501,0.1388
977,530,1507,0.1388
983,538,1521,0.1388
986,533,1519,0.1388
987,533,1520,0.1388
971,532,1503,0.1388
975,529,1504,0.1388
978,523,1501,0.1388
971,530,1501,0.1388
975,535,1510,0.1388
976,530,1506,0.1388
980,530,1510,0.1388
983,536,1519,0.1388
984,533,1517,0.1388
976,541,1517,0.1388
975,544,1519,0.1388
975,536,1511,0.1388
977,534,1511,0.1388
968,532,1500,0.1388
975,532,1507,0.1388
967,527,1494,0.1388
975,529,1504,0.1388
963,519,1482,0.1388
956,507,1463,0.1388
963,505,1468,0.1388
965,511,1476,0.1388
965,515,1480,0.1388
973,521,1494,0.1388
980,524,1504,0.1388
966,527,1493,0.1388
968,528,1496,0.1388
967,521,1488,0.1388
956,525,1481,0.1388
966,523,1489,0.1388
965,531,1496,0.1388
969,526,1495,0.1388
958,535,1493,0.1388
964,527,1491,0.1388
969,527,1496,0.1388
965,527,1492,0.1388
976,536,1512,0.1388
965,537,1502,0.1388
974,539,1513,0.1388
960,544,1504,0.1388
959,533,1492,0.1388
954,534,1488,0.1388
951,548,1499,0.1388
945,551,1496,0.1388
952,540,1492,0.1388
956,542,1498,0.1388
956,537,1493,0.1388
965,541,1506,0.1388
960,536,1496,0.1388
955,542,1497,0.1388
954,540,1494,0.1388
939,534,1473,0.1388
952,537,1489,0.1388
959,529,1488,0.1388
956,540,1496,0.1388
963,536,1499,0.1388
964,530,1494,0.1388
964,539,1503,0.1388
970,546,1516,0.1388
962,551,1513,0.1388
957,547,1504,0.1388
958,544,1502,0.1388
953,546,1499,0.1388
953,544,1497,0.1388
946,543,1489,0.1388
958,541,1499,0.1388
956,552,1508,0.1388
952,558,1510,0.1388
952,555,1507,0.1388
946,557,1503,0.1388
933,561,1494,0.1388
946,552,1498,0.1388
944,558,1502,0.1388
943,562,1505,0.1388
937,559,1496,0.1388
931,565,1496,0.1388
928,577,1505,0.1388
925,575,1500,0.1388
934,573,1507,0.1388
937,570,1507,0.1388
944,577,1521,0.1388
932,582,1514,0.1388
935,575,1510,0.1388
937,577,1514,0.1388
923,583,1506,0.1388
923,591,1514,0.1388
919,582,1501,0.1388
920,583,1503,0.1388
926,595,1521,0.1388
929,592,1521,0.1388
926,594,1520,0.1388
931,595,1526,0.1388
930,596,1526,0.1388
932,593,1525,0.1388
922,593,1515,0.1388
912,593,1505,0.1388
909,584,1493,0.1388
903,592,1495,0.1388
907,596,1503,0.1388
918,595,1513,0.1388
915,595,1510,0.1388
915,590,1505,0.1388
914,591,1505,0.1388
912,592,1504,0.1388
912,593,1505,0.1388
902,594,1496,0.1388
898,600,1498,0.1388
898,595,1493,0.1388
902,593,1495,0.1388
906,589,1495,0.1388
902,594,1496,0.1388
906,587,1493,0.1388
904,590,1494,0.1388
914,595,1509,0.1388
914,603,1517,0.1388
918,600,1518,0.1388
927,601,1528,0.1388
923,597,1520,0.1388
923,600,1523,0.1388
922,604,1526,0.1388
928,599,1527,0.1388
911,600,1511,0.1388
907,596,1503,0.1388
907,590,1497,0.1388
894,600,1494,0.1388
894,601,1495,0.1388
880,595,1475,0.1388
884,593,1477,0.1388
890,598,1488,0.1388
885,596,1481,0.1388
894,600,1494,0.1388
897,602,1499,0.1388
900,600,1500,0.1388
894,592,1486,0.1388
904,598,1502,0.1388
890,601,1491,0.1388
895,604,1499,0.1388
897,592,1489,0.1388
885,599,1484,0.1388
892,598,1490,0.1388
888,597,1485,0.1388
888,593,1481,0.1388
893,598,1491,0.1388
900,584,1484,0.1388
908,586,1494,0.1388
913,580,1493,0.1388
916,587,1503,0.1388
904,595,1499,0.1388
909,603,1512,0.1388
912,592,1504,0.1388
918,588,1506,0.1388
920,595,1515,0.1388
915,596,1511,0.1388
926,596,1522,0.1388
911,605,1516,0.1388
910,602,1512,0.1388
906,608,1514,0.1388
904,601,1505,0.1388
913,594,1507,0.1388
904,598,1502,0.1388
908,603,1511,0.1388
900,601,1501,0.1388
908,601,1509,0.1388
909,597,1506,0.1388
917,601,1518,0.1388
914,599,1513,0.1388
908,597,1505,0.1388
902,586,1488,0.1388
904,592,1496,0.1388
897,594,1491,0.1388
905,597,1502,0.1388
912,608,1520,0.1388
911,602,1513,0.1388
903,601,1504,0.1388
901,606,1507,0.1388
907,606,1513,0.1388
909,602,1511,0.1388
910,593,1503,0.1388
911,597,1508,0.1388
907,600,1507,0.1388
912,596,1508,0.1388
902,602,1504,0.1388
903,606,1509,0.1388
895,612,1507,0.1388
893,608,1501,0.1388
896,603,1499,0.1388
900,605,1505,0.1388
891,606,1497,0.1388
887,609,1496,0.1388
891,603,1494,0.1388
885,602,1487,0.1388
875,610,1485,0.1388
891,611,1502,0.1388
890,609,1499,0.1388
893,601,1494,0.1388
886,612,1498,0.1388
896,612,1508,0.1388
893,621,1514,0.1388
891,615,1506,0.1388
893,609,1502,0.1388
895,613,1508,0.1388
884,623,1507,0.1388
890,621,1511,0.1388
884,621,1505,0.1388
889,619,1508,0.1388
876,627,1503,0.1388
873,621,1494,0.1388
866,620,1486,0.1388
863,624,1487,0.1388
878,621,1499,0.1388
884,626,1510,0.1388
875,613,1488,0.1388
879,618,1497,0.1388
878,618,1496,0.1388
880,619,1499,0.1388
882,625,1507,0.1388
877,631,1508,0.1388
877,630,1507,0.1388
881,633,1514,0.1388
882,630,1512,0.1388
868,632,1500,0.1388
862,637,1499,0.1388
868,637,1505,0.1388
862,638,1500,0.1388
857,636,1493,0.1388
861,628,1489,0.1388
871,631,1502,0.1388
865,628,1493,0.1388
849,631,1480,0.1388
847,636,1483,0.1388
855,628,1483,0.1388
860,633,1493,0.1388
861,639,1500,0.1388
864,631,1495,0.1388
870,633,1503,0.1388
868,637,1505,0.1388
870,640,1510,0.1388
869,633,1502,0.1388
864,636,1500,0.1388
865,646,1511,0.1388
871,653,1524,0.1388
858,655,1513,0.1388
848,645,1493,0.1388
838,651,1489,0.1388
836,649,1485,0.1388
845,647,1492,0.1388
841,653,1494,0.1388
844,656,1500,0.1388
837,656,1493,0.1388
846,651,1497,0.1388
853,651,1504,0.1388
851,650,1501,0.1388
854,646,1500,0.1388
849,645,1494,0.1388
859,653,1512,0.1388
849,650,1499,0.1388
846,643,1489,0.1388
840,647,1487,0.1388
844,645,1489,0.1388
836,652,1488,0.1388
834,656,1490,0.1388
836,655,1491,0.1388
841,650,1491,0.1388
835,651,1486,0.1388
848,645,1493,0.1388
841,644,1485,0.1388
847,643,1490,0.1388
856,651,1507,0.1388
860,661,1521,0.1388
864,652,1516,0.1388
860,658,1518,0.1388
857,658,1515,0.1388
857,662,1519,0.1388
855,657,1512,0.1388
853,650,1503,0.1388
848,641,1489,0.1388
843,638,1481,0.1388
844,647,1491,0.1388
853,649,1502,0.1388
857,642,1499,0.1388
859,643,1502,0.1388
860,645,1505,0.1388
861,650,1511,0.1388
856,649,1505,0.1388
860,649,1509,0.1388
848,657,1505,0.1388
855,651,1506,0.1388
851,650,1501,0.1388
852,652,1504,0.1388
846,654,1500,0.1388
855,655,1510,0.1388
862,653,1515,0.1388
863,652,1515,0.1388
862,650,1512,0.1388
863,652,1515,0.1388
861,652,1513,0.1388
852,648,1500,0.1388
859,646,1505,0.1388
864,636,1500,0.1388
859,640,1499,0.1388
848,641,1489,0.1388
863,637,1500,0.1388
864,644,1508,0.1388
859,640,1499,0.1388
853,650,1503,0.1388
848,647,1495,0.1388
855,654,1509,0.1388
855,649,1504,0.1388
852,647,1499,0.1388
851,646,1497,0.1388
853,653,1506,0.1388
843,659,1502,0.1388
837,663,1500,0.1388
847,661,1508,0.1388
845,651,1496,0.1388
841,661,1502,0.1388
847,659,1506,0.1388
845,654,1499,0.1388
839,656,1495,0.1388
835,659,1494,0.1388
848,658,1506,0.1388
837,654,1491,0.1388
829,658,1487,0.1388
837,671,1508,0.1388
838,665,1503,0.1388
846,662,1508,0.1388
835,662,1497,0.1388
831,667,1498,0.1388
832,661,1493,0.1388
835,668,1503,0.1388
839,668,1507,0.1388
830,666,1496,0.1388
829,654,1483,0.1388
833,656,1489,0.1388
822,658,1480,0.1388
838,661,1499,0.1388
844,660,1504,0.1388
849,663,1512,0.1388
847,659,1506,0.1388
843,664,1507,0.1388
839,669,1508,0.1388
832,675,1507,0.1388
825,676,1501,0.1388
833,670,1503,0.1388
830,665,1495,0.1388
830,662,1492,0.1388
826,662,1488,0.1388
831,657,1488,0.1388
822,657,1479,0.1388
829,664,1493,0.1388
831,666,1497,0.1388
833,678,1511,0.1388
844,671,1515,0.1388
838,671,1509,0.1388
840,674,1514,0.1388
835,678,1513,0.1388
836,669,1505,0.1388
829,676,1505,0.1388
831,683,1514,0.1388
827,681,1508,0.1388
837,678,1515,0.1388
840,667,1507,0.1388
830,678,1508,0.1388
837,677,1514,0.1388
831,674,1505,0.1388
830,671,1501,0.1388
832,678,1510,0.1388
829,677,1506,0.1388
828,673,1501,0.1388
827,671,1498,0.1388
826,675,1501,0.1388
828,682,1510,0.1388
829,684,1513,0.1388
832,681,1513,0.1388
833,685,1518,0.1388
826,681,1507,0.1388
811,675,1486,0.1388
805,679,1484,0.1388
809,681,1490,0.1388
813,684,1497,0.1388
810,689,1499,0.1388
818,689,1507,0.1388
811,687,1498,0.1388
813,695,1508,0.1388
813,685,1498,0.1388
815,685,1500,0.1388
814,691,1505,0.1388
805,690,1495,0.1388
803,687,1490,0.1388
793,697,1490,0.1388
797,701,1498,0.1388
812,709,1521,0.1388
818,707,1525,0.1388
809,698,1507,0.1388
802,696,1498,0.1388
804,691,1495,0.1388
809,701,1510,0.1388
793,715,1508,0.1388
786,718,1504,0.1388
784,719,1503,0.1388
780,718,1498,0.1388
783,719,1502,0.1388
785,716,1501,0.1388
783,723,1506,0.1388
788,715,1503,0.1388
797,722,1519,0.1388
792,710,1502,0.1388
798,710,1508,0.1388
806,703,1509,0.1388
803,710,1513,0.1388
793,701,1494,0.1388
796,713,1509,0.1388
800,722,1522,0.1388
803,717,1520,0.1388
792,720,1512,0.1388
806,719,1525,0.1388
796,729,1525,0.1388
777,727,1504,0.1388
780,731,1511,0.1388
780,734,1514,0.1388
779,725,1504,0.1388
779,728,1507,0.1388
782,720,1502,0.1388
777,711,1488,0.1388
784,713,1497,0.1388
776,712,1488,0.1388
786,715,1501,0.1388
784,716,1500,0.1388
782,727,1509,0.1388
783,717,1500,0.1388
779,714,1493,0.1388
784,719,1503,0.1388
776,722,1498,0.1388
780,727,1507,0.1388
771,730,1501,0.1388
771,738,1509,0.1388
761,742,1503,0.1388
759,730,1489,0.1388
765,730,1495,0.1388
763,741,1504,0.1388
755,738,1493,0.1388
759,740,1499,0.1388
769,746,1515,0.1388
770,737,1507,0.1388
765,740,1505,0.1388
764,740,1504,0.1388
762,741,1503,0.1388
762,746,1508,0.1388
768,747,1515,0.1388
763,744,1507,0.1388
764,735,1499,0.1388
763,733,1496,0.1388
763,740,1503,0.1388
770,735,1505,0.1388
768,730,1498,0.1388
771,723,1494,0.1388
768,741,1509,0.1388
760,740,1500,0.1388
763,746,1509,0.1388
765,747,1512,0.1388
751,751,1502,0.1388
755,753,1508,0.1388
754,752,1506,0.1388
751,756,1507,0.1388
754,760,1514,0.1388
756,749,1505,0.1388
760,743,1503,0.1388
753,735,1488,0.1388
754,744,1498,0.1388
756,756,1512,0.1388
760,756,1516,0.1388
759,753,1512,0.1388
756,745,1501,0.1388
752,753,1505,0.1388
756,744,1500,0.1388
760,745,1505,0.1388
752,749,1501,0.1388
757,755,1512,0.1388
764,754,1518,0.1388
754,745,1499,0.1388
743,749,1492,0.1388
739,752,1491,0.1388
742,752,1494,0.1388
744,756,1500,0.1388
749,762,1511,0.1388
753,761,1514,0.1388
746,747,1493,0.1388
750,756,1506,0.1388
746,765,1511,0.1388
748,772,1520,0.1388
754,772,1526,0.1388
749,758,1507,0.1388
754,756,1510,0.1388
752,755,1507,0.1388
751,748,1499,0.1388
746,752,1498,0.1388
751,747,1498,0.1388
742,755,1497,0.1388
752,767,1519,0.1388
740,762,1502,0.1388
733,766,1499,0.1388
733,758,1491,0.1388
738,751,1489,0.1388
740,751,1491,0.1388
731,750,1481,0.1388
740,761,1501,0.1388
745,768,1513,0.1388
748,761,1509,0.1388
745,768,1513,0.1388
738,771,1509,0.1388
746,764,1510,0.1388
742,753,1495,0.1388
737,764,1501,0.1388
747,766,1513,0.1388
748,762,1510,0.1388
749,764,1513,0.1388
742,763,1505,0.1388
751,766,1517,0.1388
743,773,1516,0.1388
749,773,1522,0.1388
758,767,1525,0.1388
745,762,1507,0.1388
743,766,1509,0.1388
749,762,1511,0.1388
749,760,1509,0.1388
746,765,1511,0.1388
747,771,1518,0.1388
748,767,1515,0.1388
746,767,1513,0.1388
742,768,1510,0.1388
754,758,1512,0.1388
752,753,1505,0.1388
752,758,1510,0.1388
755,767,1522,0.1388
740,773,1513,0.1388
741,767,1508,0.1388
739,762,1501,0.1388
736,761,1497,0.1388
734,761,1495,0.1388
735,758,1493,0.1388
741,762,1503,0.1388
737,770,1507,0.1388
732,767,1499,0.1388
734,769,1503,0.1388
738,774,1512,0.1388
750,765,1515,0.1388
751,767,1518,0.1388
739,759,1498,0.1388
737,763,1500,0.1388
735,753,1488,0.1388
739,756,1495,0.1388
742,766,1508,0.1388
743,764,1507,0.1388
749,765,1514,0.1388
744,770,1514,0.1388
746,774,1520,0.1388
750,773,1523,0.1388
755,768,1523,0.1388
739,770,1509,0.1388
740,771,1511,0.1388
742,775,1517,0.1388
744,779,1523,0.1388
751,770,1521,0.1388
743,773,1516,0.1388
738,773,1511,0.1388
740,756,1496,0.1388
733,768,1501,0.1388
732,772,1504,0.1388
729,783,1512,0.1388
733,787,1520,0.1388
734,787,1521,0.1388
735,782,1517,0.1388
720,779,1499,0.1388
713,774,1487,0.1388
718,778,1496,0.1388
717,772,1489,0.1388
720,774,1494,0.1388
726,783,1509,0.1388
723,785,1508,0.1388
718,783,1501,0.1388
724,776,1500,0.1388
718,786,1504,0.1388
732,785,1517,0.1388
726,782,1508,0.1388
727,775,1502,0.1388
712,778,1490,0.1388
717,792,1509,0.1388
723,786,1509,0.1388
714,796,1510,0.1388
718,786,1504,0.1388
715,808,1523,0.1388
713,806,1519,0.1388
720,799,1519,0.1388
711,791,1502,0.1388
705,798,1503,0.1388
700,787,1487,0.1388
702,788,1490,0.1388
703,788,1491,0.1388
702,797,1499,0.1388
697,798,1495,0.1388
699,806,1505,0.1388
706,816,1522,0.1388
705,808,1513,0.1388
692,816,1508,0.1388
692,818,1510,0.1388
691,813,1504,0.1388
683,809,1492,0.1388
684,809,1493,0.1388
690,815,1505,0.1388
694,823,1517,0.1388
702,815,1517,0.1388
690,820,1510,0.1388
682,821,1503,0.1388
679,826,1505,0.1388
688,821,1509,0.1388
683,814,1497,0.1388
685,815,1500,0.1388
688,819,1507,0.1388
686,814,1500,0.1388
682,818,1500,0.1388
674,815,1489,0.1388
671,806,1477,0.1388
684,810,1494,0.1388
686,807,1493,0.1388
684,818,1502,0.1388
684,820,1504,0.1388
677,819,1496,0.1388
684,814,1498,0.1388
676,816,1492,0.1388
674,814,1488,0.1388
681,817,1498,0.1388
688,819,1507,0.1388
689,829,1518,0.1388
686,827,1513,0.1388
688,828,1516,0.1388
684,823,1507,0.1388
680,830,1510,0.1388
675,832,1507,0.1388
674,834,1508,0.1388
675,831,1506,0.1388
679,833,1512,0.1388
681,826,1507,0.1388
684,832,1516,0.1388
681,831,1512,0.1388
687,835,1522,0.1388
679,840,1519,0.1388
676,835,1511,0.1388
676,835,1511,0.1388
683,823,1506,0.1388
678,823,1501,0.1388
681,830,1511,0.1388
684,834,1518,0.1388
685,838,1523,0.1388
679,839,1518,0.1388
673,842,1515,0.1388
675,836,1511,0.1388
682,833,1515,0.1388
689,831,1520,0.1388
692,836,1528,0.1388
694,841,1535,0.1388
679,837,1516,0.1388
674,827,1501,0.1388
674,826,1500,0.1388
662,827,1489,0.1388
662,829,1491,0.1388
660,842,1502,0.1388
665,844,1509,0.1388
654,845,1499,0.1388
658,846,1504,0.1388
656,858,1514,0.1388
663,859,1522,0.1388
655,846,1501,0.1388
649,840,1489,0.1388
652,837,1489,0.1388
650,832,1482,0.1388
649,846,1495,0.1388
654,850,1504,0.1388
651,841,1492,0.1388
656,844,1500,0.1388
658,846,1504,0.1388
656,847,1503,0.1388
654,851,1505,0.1388
658,852,1510,0.1388
658,855,1513,0.1388
656,856,1512,0.1388
649,850,1499,0.1388
653,856,1509,0.1388
650,866,1516,0.1388
653,864,1517,0.1388
642,859,1501,0.1388
652,850,1502,0.1388
645,856,1501,0.1388
646,846,1492,0.1388
643,855,1498,0.1388
645,841,1486,0.1388
653,839,1492,0.1388
657,849,1506,0.1388
657,856,1513,0.1388
654,853,1507,0.1388
654,855,1509,0.1388
656,858,1514,0.1388
657,865,1522,0.1388
650,864,1514,0.1388
643,862,1505,0.1388
641,863,1504,0.1388
644,865,1509,0.1388
646,867,1513,0.1388
648,874,1522,0.1388
650,865,1515,0.1388
654,851,1505,0.1388
664,858,1522,0.1388
657,857,1514,0.1388
650,853,1503,0.1388
650,855,1505,0.1388
645,864,1509,0.1388
649,858,1507,0.1388
646,854,1500,0.1388
640,851,1491,0.1388
634,859,1493,0.1388
637,862,1499,0.1388
640,857,1497,0.1388
633,872,1505,0.1388
628,877,1505,0.1388
635,883,1518,0.1388
633,881,1514,0.1388
627,876,1503,0.1388
627,872,1499,0.1388
627,865,1492,0.1388
623,868,1491,0.1388
624,862,1486,0.1388
622,868,1490,0.1388
618,873,1491,0.1388
619,870,1489,0.1388
622,883,1505,0.1388
621,882,1503,0.1388
622,877,1499,0.1388
630,872,1502,0.1388
632,871,1503,0.1388
626,879,1505,0.1388
623,891,1514,0.1388
618,884,1502,0.1388
609,884,1493,0.1388
618,878,1496,0.1388
603,890,1493,0.1388
607,883,1490,0.1388
607,892,1499,0.1388
611,906,1517,0.1388
604,904,1508,0.1388
597,900,1497,0.1388
604,885,1489,0.1388
606,881,1487,0.1388
609,879,1488,0.1388
615,881,1496,0.1388
610,889,1499,0.1388
608,891,1499,0.1388
622,885,1507,0.1388
627,892,1519,0.1388
617,889,1506,0.1388
615,883,1498,0.1388
626,886,1512,0.1388
616,892,1508,0.1388
618,895,1513,0.1388
620,895,1515,0.1388
619,891,1510,0.1388
619,885,1504,0.1388
618,893,1511,0.1388
620,903,1523,0.1388
612,900,1512,0.1388
621,901,1522,0.1388
614,906,1520,0.1388
611,904,1515,0.1388
605,902,1507,0.1388
603,895,1498,0.1388
613,912,1525,0.1388
610,898,1508,0.1388
609,900,1509,0.1388
616,896,1512,0.1388
610,898,1508,0.1388
606,908,1514,0.1388
607,904,1511,0.1388
600,911,1511,0.1388
590,917,1507,0.1388
583,923,1506,0.1388
588,912,1500,0.1388
584,919,1503,0.1388
583,913,1496,0.1388
594,925,1519,0.1388
591,921,1512,0.1388
588,904,1492,0.1388
595,907,1502,0.1388
594,916,1510,0.1388
586,914,1500,0.1388
572,921,1493,0.1388
583,921,1504,0.1388
589,917,1506,0.1388
583,921,1504,0.1388
582,920,1502,0.1388
576,927,1503,0.1388
570,921,1491,0.1388
573,928,1501,0.1388
577,932,1509,0.1388
573,932,1505,0.1388
578,935,1513,0.1388
578,931,1509,0.1388
581,927,1508,0.1388
577,918,1495,0.1388
575,913,1488,0.1388
585,928,1513,0.1388
594,927,1521,0.1388
583,925,1508,0.1388
578,931,1509,0.1388
570,936,1506,0.1388
570,936,1506,0.1388
577,936,1513,0.1388
566,943,1509,0.1388
564,946,1510,0.1388
565,950,1515,0.1388
569,947,1516,0.1388
570,939,1509,0.1388
570,944,1514,0.1388
556,939,1495,0.1388
559,928,1487,0.1388
561,936,1497,0.1388
563,934,1497,0.1388
567,931,1498,0.1388
568,923,1491,0.1388
569,937,1506,0.1388
564,937,1501,0.1388
567,939,1506,0.1388
565,930,1495,0.1388
568,938,1506,0.1388
567,929,1496,0.1388
569,939,1508,0.1388
566,944,1510,0.1388
569,939,1508,0.1388
568,936,1504,0.1388
563,926,1489,0.1388
565,935,1500,0.1388
559,940,1499,0.1388
553,943,1496,0.1388
553,942,1495,0.1388
552,945,1497,0.1388
550,944,1494,0.1388
550,955,1505,0.1388
558,953,1511,0.1388
557,951,1508,0.1388
555,943,1498,0.1388
545,947,1492,0.1388
551,961,1512,0.1388
539,963,1502,0.1388
544,952,1496,0.1388
548,965,1513,0.1388
555,956,1511,0.1388
555,960,1515,0.1388
560,960,1520,0.1388
564,967,1531,0.1388
552,958,1510,0.1388
545,950,1495,0.1388
545,962,1507,0.1388
533,961,1494,0.1388
544,960,1504,0.1388
544,970,1514,0.1388
536,962,1498,0.1388
534,967,1501,0.1388
533,971,1504,0.1388
538,978,1516,0.1388
533,972,1505,0.1388
530,975,1505,0.1388
534,975,1509,0.1388
532,971,1503,0.1388
537,969,1506,0.1388
532,984,1516,0.1388
531,987,1518,0.1388
531,988,1519,0.1388
526,998,1524,0.1388
524,987,1511,0.1388
533,987,1520,0.1388
522,989,1511,0.1388
525,985,1510,0.1388
521,980,1501,0.1388
531,978,1509,0.1388
533,974,1507,0.1388
521,970,1491,0.1388
525,975,1500,0.1388
532,990,1522,0.1388
527,992,1519,0.1388
528,981,1509,0.1388
526,974,1500,0.1388
524,966,1490,0.1388
528,970,1498,0.1388
532,981,1513,0.1388
528,989,1517,0.1388
528,987,1515,0.1388
529,985,1514,0.1388
523,988,1511,0.1388
529,990,1519,0.1388
527,999,1526,0.1388
522,991,1513,0.1388
526,984,1510,0.1388
515,983,1498,0.1388
519,977,1496,0.1388
522,972,1494,0.1388
520,982,1502,0.1388
522,994,1516,0.1388
521,999,1520,0.1388
516,983,1499,0.1388
517,987,1504,0.1388
514,991,1505,0.1388
511,985,1496,0.1388
520,989,1509,0.1388
512,996,1508,0.1388
514,992,1506,0.1388
507,1009,1516,0.1388
505,1008,1513,0.1388
511,1003,1514,0.1388
509,1004,1513,0.1388
507,1014,1521,0.1388
512,1016,1528,0.1388
501,1018,1519,0.1388
498,1022,1520,0.1388
494,1030,1524,0.1388
494,1028,1522,0.1388
490,1026,1516,0.1388
484,1024,1508,0.1388
488,1019,1507,0.1388
485,1009,1494,0.1388
493,1008,1501,0.1388
491,1018,1509,0.1388
488,1018,1506,0.1388
494,1015,1509,0.1388
490,1023,1513,0.1388
481,1022,1503,0.1388
485,1024,1509,0.1388
490,1025,1515,0.1388
484,1028,1512,0.1388
484,1018,1502,0.1388
483,1029,1512,0.1388
482,1014,1496,0.1388
476,1016,1492,0.1388
483,1022,1505,0.1388
483,1029,1512,0.1388
475,1039,1514,0.1388
471,1045,1516,0.1388
465,1044,1509,0.1388
466,1044,1510,0.1388
466,1041,1507,0.1388
465,1047,1512,0.1388
458,1053,1511,0.1388
458,1047,1505,0.1388
466,1048,1514,0.1388
472,1041,1513,0.1388
471,1044,1515,0.1388
462,1040,1502,0.1388
461,1043,1504,0.1388
456,1055,1511,0.1388
461,1048,1509,0.1388
459,1045,1504,0.1388
458,1046,1504,0.1388
460,1056,1516,0.1388
460,1053,1513,0.1388
460,1063,1523,0.1388
459,1058,1517,0.1388
458,1060,1518,0.1388
463,1058,1521,0.1388
462,1045,1507,0.1388
466,1044,1510,0.1388
458,1044,1502,0.1388
472,1051,1523,0.1388
465,1052,1517,0.1388
463,1048,1511,0.1388
466,1055,1521,0.1388
465,1053,1518,0.1388
466,1050,1516,0.1388
466,1037,1503,0.1388
467,1038,1505,0.1388
476,1043,1519,0.1388
474,1042,1516,0.1388
472,1053,1525,0.1388
465,1057,1522,0.1388
458,1053,1511,0.1388
461,1056,1517,0.1388
464,1052,1516,0.1388
465,1048,1513,0.1388
460,1049,1509,0.1388
462,1052,1514,0.1388
458,1046,1504,0.1388
462,1057,1519,0.1388
458,1054,1512,0.1388
464,1056,1520,0.1388
463,1047,1510,0.1388
458,1058,1516,0.1388
462,1053,1515,0.1388
453,1056,1509,0.1388
447,1049,1496,0.1388
449,1051,1500,0.1388
447,1052,1499,0.1388
450,1057,1507,0.1388
449,1060,1509,0.1388
451,1062,1513,0.1388
455,1059,1514,0.1388
451,1069,1520,0.1388
445,1062,1507,0.1388
446,1070,1516,0.1388
446,1060,1506,0.1388
449,1057,1506,0.1388
451,1051,1502,0.1388
451,1053,1504,0.1388
447,1067,1514,0.1388
438,1072,1510,0.1388
440,1078,1518,0.1388
442,1074,1516,0.1388
443,1068,1511,0.1388
445,1057,1502,0.1388
450,1067,1517,0.1388
452,1068,1520,0.1388
450,1077,1527,0.1388
444,1064,1508,0.1388
444,1066,1510,0.1388
442,1065,1507,0.1388
439,1075,1514,0.1388
439,1069,1508,0.1388
434,1081,1515,0.1388
433,1086,1519,0.1388
426,1086,1512,0.1388
431,1095,1526,0.1388
428,1094,1522,0.1388
429,1100,1529,0.1388
432,1097,1529,0.1388
427,1095,1522,0.1388
425,1094,1519,0.1388
423,1089,1512,0.1388
427,1091,1518,0.1388
433,1084,1517,0.1388
425,1095,1520,0.1388
420,1094,1514,0.1388
417,1085,1502,0.1388
416,1093,1509,0.1388
418,1097,1515,0.1388
428,1085,1513,0.1388
434,1085,1519,0.1388
430,1079,1509,0.1388
427,1089,1516,0.1388
423,1093,1516,0.1388
421,1094,1515,0.1388
424,1090,1514,0.1388
423,1090,1513,0.1388
426,1083,1509,0.1388
430,1089,1519,0.1388
432,1087,1519,0.1388
435,1080,1515,0.1388
430,1087,1517,0.1388
425,1092,1517,0.1388
427,1092,1519,0.1388
425,1093,1518,0.1388
429,1087,1516,0.1388
432,1078,1510,0.1388
437,1075,1512,0.1388
426,1072,1498,0.1388
426,1077,1503,0.1388
420,1089,1509,0.1388
417,1095,1512,0.1388
414,1096,1510,0.1388
410,1092,1502,0.1388
416,1098,1514,0.1388
421,1103,1524,0.1388
420,1093,1513,0.1388
420,1084,1504,0.1388
418,1097,1515,0.1388
419,1096,1515,0.1388
425,1092,1517,0.1388
418,1105,1523,0.1388
421,1091,1512,0.1388
427,1091,1518,0.1388
424,1092,1516,0.1388
422,1087,1509,0.1388
424,1082,1506,0.1388
421,1079,1500,0.1388
428,1081,1509,0.1388
426,1077,1503,0.1388
427,1069,1496,0.1388
426,1088,1514,0.1388
426,1079,1505,0.1388
434,1094,1528,0.1388
439,1085,1524,0.1388
434,1068,1502,0.1388
432,1074,1506,0.1388
432,1083,1515,0.1388
426,1084,1510,0.1388
421,1083,1504,0.1388
422,1093,1515,0.1388
419,1087,1506,0.1388
419,1097,1516,0.1388
417,1102,1519,0.1388
416,1100,1516,0.1388
418,1091,1509,0.1388
416,1096,1512,0.1388
415,1088,1503,0.1388
417,1094,1511,0.1388
420,1096,1516,0.1388
415,1101,1516,0.1388
415,1098,1513,0.1388
412,1105,1517,0.1388
408,1104,1512,0.1388
410,1108,1518,0.1388
402,1107,1509,0.1388
400,1095,1495,0.1388
403,1107,1510,0.1388
401,1097,1498,0.1388
408,1100,1508,0.1388
403,1107,1510,0.1388
406,1117,1523,0.1388
406,1119,1525,0.1388
402,1127,1529,0.1388
397,1120,1517,0.1388
392,1121,1513,0.1388
401,1123,1524,0.1388
391,1114,1505,0.1388
398,1107,1505,0.1388
397,1108,1505,0.1388
400,1106,1506,0.1388
396,1105,1501,0.1388
405,1096,1501,0.1388
403,1108,1511,0.1388
404,1105,1509,0.1388
408,1112,1520,0.1388
402,1111,1513,0.1388
398,1114,1512,0.1388
390,1113,1503,0.1388
398,1107,1505,0.1388
401,1107,1508,0.1388
399,1109,1508,0.1388
402,1111,1513,0.1388
395,1107,1502,0.1388
397,1105,1502,0.1388
405,1095,1500,0.1388
401,1103,1504,0.1388
399,1104,1503,0.1388
406,1103,1509,0.1388
405,1103,1508,0.1388
409,1105,1514,0.1388
405,1101,1506,0.1388
407,1097,1504,0.1388
409,1091,1500,0.1388
412,1096,1508,0.1388
403,1109,1512,0.1388
406,1108,1514,0.1388
410,1110,1520,0.1388
409,1112,1521,0.1388
403,1112,1515,0.1388
404,1118,1522,0.1388
397,1109,1506,0.1388
392,1114,1506,0.1388
391,1118,1509,0.1388
392,1126,1518,0.1388
391,1123,1514,0.1388
387,1109,1496,0.1388
388,1124,1512,0.1388
386,1131,1517,0.1388
392,1142,1534,0.1388
394,1136,1530,0.1388
390,1126,1516,0.1388
387,1126,1513,0.1388
387,1126,1513,0.1388
388,1128,1516,0.1388
381,1128,1509,0.1388
384,1131,1515,0.1388
381,1136,1517,0.1388
378,1120,1498,0.1388
376,1133,1509,0.1388
375,1125,1500,0.1388
376,1126,1502,0.1388
373,1134,1507,0.1388
375,1134,1509,0.1388
371,1144,1515,0.1388
371,1143,1514,0.1388
367,1144,1511,0.1388
368,1152,1520,0.1388
369,1156,1525,0.1388
371,1146,1517,0.1388
369,1141,1510,0.1388
365,1141,1506,0.1388
357,1143,1500,0.1388
353,1152,1505,0.1388
354,1158,1512,0.1388
355,1159,1514,0.1388
353,1154,1507,0.1388
353,1164,1517,0.1388
359,1168,1527,0.1388
356,1162,1518,0.1388
346,1155,1501,0.1388
345,1156,1501,0.1388
348,1153,1501,0.1388
346,1157,1503,0.1388
350,1154,1504,0.1388
348,1148,1496,0.1388
343,1154,1497,0.1388
343,1155,1498,0.1388
348,1158,1506,0.1388
350,1167,1517,0.1388
349,1168,1517,0.1388
350,1175,1525,0.1388
350,1173,1523,0.1388
346,1161,1507,0.1388
348,1155,1503,0.1388
341,1157,1498,0.1388
343,1160,1503,0.1388
341,1166,1507,0.1388
339,1161,1500,0.1388
341,1147,1488,0.1388
341,1158,1499,0.1388
340,1157,1497,0.1388
345,1163,1508,0.1388
342,1160,1502,0.1388
342,1155,1497,0.1388
349,1158,1507,0.1388
352,1162,1514,0.1388
349,1154,1503,0.1388
340,1162,1502,0.1388
339,1158,1497,0.1388
344,1155,1499,0.1388
348,1152,1500,0.1388
347,1158,1505,0.1388
348,1165,1513,0.1388
349,1168,1517,0.1388
349,1158,1507,0.1388
352,1157,1509,0.1388
356,1162,1518,0.1388
350,1161,1511,0.1388
345,1157,1502,0.1388
346,1165,1511,0.1388
342,1181,1523,0.1388
349,1173,1522,0.1388
350,1172,1522,0.1388
345,1165,1510,0.1388
342,1168,1510,0.1388
337,1178,1515,0.1388
338,1185,1523,0.1388
340,1167,1507,0.1388
343,1171,1514,0.1388
343,1173,1516,0.1388
342,1169,1511,0.1388
343,1160,1503,0.1388
340,1158,1498,0.1388
339,1147,1486,0.1388
342,1164,1506,0.1388
343,1164,1507,0.1388
342,1160,1502,0.1388
341,1163,1504,0.1388
335,1166,1501,0.1388
337,1167,1504,0.1388
337,1166,1503,0.1388
336,1167,1503,0.1388
336,1165,1501,0.1388
339,1174,1513,0.1388
338,1185,1523,0.1388
341,1188,1529,0.1388
341,1189,1530,0.1388
337,1179,1516,0.1388
334,1180,1514,0.1388
328,1188,1516,0.1388
326,1190,1516,0.1388
323,1189,1512,0.1388
322,1177,1499,0.1388
321,1178,1499,0.1388
321,1180,1501,0.1388
318,1189,1507,0.1388
315,1190,1505,0.1388
311,1192,1503,0.1388
311,1199,1510,0.1388
304,1209,1513,0.1388
307,1197,1504,0.1388
314,1191,1505,0.1388
311,1197,1508,0.1388
306,1194,1500,0.1388
307,1203,1510,0.1388
303,1208,1511,0.1388
303,1214,1517,0.1388
301,1214,1515,0.1388
298,1213,1511,0.1388
302,1206,1508,0.1388
303,1202,1505,0.1388
310,1194,1504,0.1388
306,1195,1501,0.1388
298,1206,1504,0.1388
300,1202,1502,0.1388
300,1206,1506,0.1388
301,1210,1511,0.1388
298,1202,1500,0.1388
299,1216,1515,0.1388
303,1208,1511,0.1388
307,1211,1518,0.1388
300,1206,1506,0.1388
297,1212,1509,0.1388
300,1211,1511,0.1388
297,1212,1509,0.1388
300,1212,1512,0.1388
301,1208,1509,0.1388
304,1213,1517,0.1388
306,1208,1514,0.1388
301,1207,1508,0.1388
301,1204,1505,0.1388
301,1224,1525,0.1388
298,1224,1522,0.1388
301,1230,1531,0.1388
296,1236,1532,0.1388
297,1222,1519,0.1388
296,1221,1517,0.1388
297,1215,1512,0.1388
290,1209,1499,0.1388
287,1211,1498,0.1388
282,1224,1506,0.1388
280,1215,1495,0.1388
277,1226,1503,0.1388
276,1226,1502,0.1388
278,1232,1510,0.1388
270,1237,1507,0.1388
274,1241,1515,0.1388
273,1243,1516,0.1388
272,1241,1513,0.1388
270,1228,1498,0.1388
270,1219,1489,0.1388
274,1229,1503,0.1388
270,1230,1500,0.1388
273,1228,1501,0.1388
272,1232,1504,0.1388
273,1238,1511,0.1388
270,1245,1515,0.1388
270,1243,1513,0.1388
271,1240,1511,0.1388
265,1242,1507,0.1388
263,1245,1508,0.1388
257,1255,1512,0.1388
260,1251,1511,0.1388
262,1259,1521,0.1388
263,1252,1515,0.1388
261,1259,1520,0.1388
262,1255,1517,0.1388
265,1248,1513,0.1388
261,1248,1509,0.1388
269,1253,1522,0.1388
262,1258,1520,0.1388
259,1245,1504,0.1388
257,1257,1514,0.1388
257,1258,1515,0.1388
257,1251,1508,0.1388
267,1266,1533,0.1388
268,1253,1521,0.1388
268,1241,1509,0.1388
264,1252,1516,0.1388
260,1242,1502,0.1388
258,1234,1492,0.1388
267,1251,1518,0.1388
269,1261,1530,0.1388
264,1268,1532,0.1388
256,1256,1512,0.1388
256,1245,1501,0.1388
251,1253,1504,0.1388
252,1262,1514,0.1388
252,1266,1518,0.1388
253,1266,1519,0.1388
245,1265,1510,0.1388
249,1270,1519,0.1388
247,1268,1515,0.1388
248,1274,1522,0.1388
245,1269,1514,0.1388
245,1258,1503,0.1388
245,1275,1520,0.1388
248,1270,1518,0.1388
244,1258,1502,0.1388
249,1258,1507,0.1388
247,1248,1495,0.1388
248,1267,1515,0.1388
246,1263,1509,0.1388
251,1250,1501,0.1388
247,1263,1510,0.1388
243,1273,1516,0.1388
244,1278,1522,0.1388
242,1283,1525,0.1388
242,1266,1508,0.1388
241,1269,1510,0.1388
242,1269,1511,0.1388
244,1274,1518,0.1388
240,1283,1523,0.1388
236,1274,1510,0.1388
239,1279,1518,0.1388
232,1278,1510,0.1388
240,1284,1524,0.1388
239,1276,1515,0.1388
237,1288,1525,0.1388
239,1283,1522,0.1388
233,1291,1524,0.1388
234,1292,1526,0.1388
236,1287,1523,0.1388
239,1277,1516,0.1388
243,1272,1515,0.1388
240,1272,1512,0.1388
235,1278,1513,0.1388
234,1272,1506,0.1388
236,1272,1508,0.1388
238,1286,1524,0.1388
241,1282,1523,0.1388
239,1282,1521,0.1388
238,1281,1519,0.1388
236,1285,1521,0.1388
234,1282,1516,0.1388
233,1277,1510,0.1388
232,1284,1516,0.1388
235,1278,1513,0.1388
235,1285,1520,0.1388
233,1278,1511,0.1388
233,1272,1505,0.1388
228,1276,1504,0.1388
228,1277,1505,0.1388
228,1271,1499,0.1388
228,1282,1510,0.1388
226,1278,1504,0.1388
226,1274,1500,0.1388
229,1279,1508,0.1388
226,1293,1519,0.1388
227,1275,1502,0.1388
223,1276,1499,0.1388
226,1288,1514,0.1388
220,1284,1504,0.1388
213,1283,1496,0.1388
211,1286,1497,0.1388
212,1296,1508,0.1388
211,1299,1510,0.1388
209,1307,1516,0.1388
209,1304,1513,0.1388
209,1299,1508,0.1388
210,1309,1519,0.1388
207,1300,1507,0.1388
209,1289,1498,0.1388
210,1291,1501,0.1388
210,1298,1508,0.1388
208,1308,1516,0.1388
208,1306,1514,0.1388
208,1300,1508,0.1388
210,1294,1504,0.1388
206,1294,1500,0.1388
212,1292,1504,0.1388
212,1300,1512,0.1388
209,1296,1505,0.1388
208,1301,1509,0.1388
210,1303,1513,0.1388
210,1304,1514,0.1388
213,1304,1517,0.1388
213,1295,1508,0.1388
217,1299,1516,0.1388
221,1303,1524,0.1388
221,1292,1513,0.1388
216,1281,1497,0.1388
211,1288,1499,0.1388
213,1300,1513,0.1388
211,1300,1511,0.1388
209,1278,1487,0.1388
209,1287,1496,0.1388
208,1296,1504,0.1388
209,1304,1513,0.1388
209,1298,1507,0.1388
212,1309,1521,0.1388
215,1319,1534,0.1388
210,1316,1526,0.1388
209,1312,1521,0.1388
208,1314,1522,0.1388
206,1308,1514,0.1388
205,1308,1513,0.1388
207,1318,1525,0.1388
207,1307,1514,0.1388
207,1309,1516,0.1388
205,1309,1514,0.1388
203,1297,1500,0.1388
207,1301,1508,0.1388
208,1302,1510,0.1388
205,1302,1507,0.1388
206,1300,1506,0.1388
206,1288,1494,0.1388
207,1291,1498,0.1388
210,1299,1509,0.1388
216,1292,1508,0.1388
217,1296,1513,0.1388
216,1298,1514,0.1388
213,1311,1524,0.1388
213,1303,1516,0.1388
221,1297,1518,0.1388
218,1295,1513,0.1388
211,1307,1518,0.1388
211,1287,1498,0.1388
213,1294,1507,0.1388
210,1305,1515,0.1388
206,1303,1509,0.1388
211,1298,1509,0.1388
209,1305,1514,0.1388
213,1292,1505,0.1388
212,1296,1508,0.1388
214,1304,1518,0.1388
217,1298,1515,0.1388
217,1300,1517,0.1388
218,1297,1515,0.1388
216,1293,1509,0.1388
219,1298,1517,0.1388
223,1308,1531,0.1388
218,1295,1513,0.1388
214,1296,1510,0.1388
212,1299,1511,0.1388
215,1308,1523,0.1388
219,1309,1528,0.1388
218,1313,1531,0.1388
218,1313,1531,0.1388
215,1302,1517,0.1388
215,1300,1515,0.1388
216,1286,1502,0.1388
217,1286,1503,0.1388
219,1288,1507,0.1388
220,1300,1520,0.1388
223,1291,1514,0.1388
221,1297,1518,0.1388
219,1292,1511,0.1388
222,1282,1504,0.1388
225,1286,1511,0.1388
223,1290,1513,0.1388
225,1287,1512,0.1388
225,1292,1517,0.1388
224,1282,1506,0.1388
222,1293,1515,0.1388
220,1285,1505,0.1388
217,1298,1515,0.1388
211,1296,1507,0.1388
207,1304,1511,0.1388
207,1305,1512,0.1388
206,1309,1515,0.1388
204,1298,1502,0.1388
203,1298,1501,0.1388
212,1314,1526,0.1388
205,1318,1523,0.1388
204,1305,1509,0.1388
206,1296,1502,0.1388
202,1311,1513,0.1388
200,1314,1514,0.1388
204,1321,1525,0.1388
204,1313,1517,0.1388
203,1308,1511,0.1388
207,1308,1515,0.1388
205,1312,1517,0.1388
206,1305,1511,0.1388
208,1300,1508,0.1388
205,1287,1492,0.1388
209,1289,1498,0.1388
213,1299,1512,0.1388
209,1310,1519,0.1388
209,1297,1506,0.1388
206,1300,1506,0.1388
213,1297,1510,0.1388
213,1295,1508,0.1388
214,1304,1518,0.1388
213,1295,1508,0.1388
214,1290,1504,0.1388
214,1298,1512,0.1388
216,1299,1515,0.1388
213,1295,1508,0.1388
211,1292,1503,0.1388
212,1300,1512,0.1388
212,1308,1520,0.1388
210,1313,1523,0.1388
209,1312,1521,0.1388
203,1310,1513,0.1388
206,1311,1517,0.1388
203,1292,1495,0.1388
198,1296,1494,0.1388
207,1307,1514,0.1388
210,1301,1511,0.1388
208,1305,1513,0.1388
209,1291,1500,0.1388
212,1290,1502,0.1388
211,1301,1512,0.1388
209,1312,1521,0.1388
207,1309,1516,0.1388
209,1317,1526,0.1388
208,1328,1536,0.1388
210,1314,1524,0.1388
203,1314,1517,0.1388
197,1322,1519,0.1388
201,1318,1519,0.1388
204,1317,1521,0.1388
208,1307,1515,0.1388
204,1311,1515,0.1388
204,1322,1526,0.1388
204,1331,1535,0.1388
208,1318,1526,0.1388
204,1305,1509,0.1388
202,1315,1517,0.1388
200,1323,1523,0.1388
198,1325,1523,0.1388
196,1317,1513,0.1388
197,1321,1518,0.1388
196,1330,1526,0.1388
200,1324,1524,0.1388
200,1329,1529,0.1388
197,1321,1518,0.1388
192,1329,1521,0.1388
187,1330,1517,0.1388
186,1336,1522,0.1388
181,1336,1517,0.1388
180,1332,1512,0.1388
182,1333,1515,0.1388
182,1337,1519,0.1388
183,1331,1514,0.1388
181,1318,1499,0.1388
182,1321,1503,0.1388
181,1327,1508,0.1388
181,1324,1505,0.1388
182,1317,1499,0.1388
178,1339,1517,0.1388
177,1331,1508,0.1388
178,1328,1506,0.1388
181,1321,1502,0.1388
179,1321,1500,0.1388
184,1329,1513,0.1388
186,1330,1516,0.1388
189,1345,1534,0.1388
189,1340,1529,0.1388
182,1330,1512,0.1388
178,1341,1519,0.1388
174,1349,1523,0.1388
174,1337,1511,0.1388
174,1347,1521,0.1388
174,1356,1530,0.1388
177,1349,1526,0.1388
177,1340,1517,0.1388
175,1333,1508,0.1388
169,1327,1496,0.1388
170,1347,1517,0.1388
166,1339,1505,0.1388
171,1322,1493,0.1388
175,1320,1495,0.1388
175,1326,1501,0.1388
185,1331,1516,0.1388
180,1317,1497,0.1388
182,1333,1515,0.1388
183,1331,1514,0.1388
185,1343,1528,0.1388
180,1338,1518,0.1388
176,1341,1517,0.1388
177,1343,1520,0.1388
183,1338,1521,0.1388
179,1334,1513,0.1388
181,1327,1508,0.1388
178,1330,1508,0.1388
182,1328,1510,0.1388
178,1328,1506,0.1388
175,1329,1504,0.1388
173,1328,1501,0.1388
172,1344,1516,0.1388
175,1327,1502,0.1388
178,1320,1498,0.1388
179,1314,1493,0.1388
179,1317,1496,0.1388
183,1324,1507,0.1388
189,1330,1519,0.1388
187,1320,1507,0.1388
188,1326,1514,0.1388
187,1335,1522,0.1388
188,1345,1533,0.1388
188,1326,1514,0.1388
189,1334,1523,0.1388
191,1337,1528,0.1388
188,1340,1528,0.1388
190,1334,1524,0.1388
188,1350,1538,0.1388
188,1357,1545,0.1388
180,1350,1530,0.1388
176,1336,1512,0.1388
177,1330,1507,0.1388
174,1330,1504,0.1388
173,1334,1507,0.1388
176,1334,1510,0.1388
175,1340,1515,0.1388
174,1331,1505,0.1388
175,1337,1512,0.1388
178,1333,1511,0.1388
177,1341,1518,0.1388
176,1346,1522,0.1388
173,1345,1518,0.1388
178,1338,1516,0.1388
181,1335,1516,0.1388
182,1335,1517,0.1388
181,1348,1529,0.1388
175,1335,1510,0.1388
172,1344,1516,0.1388
170,1342,1512,0.1388
172,1353,1525,0.1388
171,1345,1516,0.1388
172,1338,1510,0.1388
173,1335,1508,0.1388
176,1324,1500,0.1388
175,1311,1486,0.1388
174,1329,1503,0.1388
177,1337,1514,0.1388
174,1343,1517,0.1388
172,1353,1525,0.1388
169,1349,1518,0.1388
169,1341,1510,0.1388
168,1342,1510,0.1388
167,1352,1519,0.1388
167,1352,1519,0.1388
171,1351,1522,0.1388
165,1349,1514,0.1388
166,1353,1519,0.1388
164,1342,1506,0.1388
165,1336,1501,0.1388
161,1344,1505,0.1388
159,1347,1506,0.1388
163,1348,1511,0.1388
160,1352,1512,0.1388
163,1364,1527,0.1388
159,1359,1518,0.1388
158,1360,1518,0.1388
158,1348,1506,0.1388
157,1348,1505,0.1388
159,1349,1508,0.1388
159,1366,1525,0.1388
159,1368,1527,0.1388
164,1367,1531,0.1388
164,1365,1529,0.1388
161,1363,1524,0.1388
154,1356,1510,0.1388
149,1367,1516,0.1388
149,1366,1515,0.1388
146,1369,1515,0.1388
148,1381,1529,0.1388
151,1379,1530,0.1388
148,1369,1517,0.1388
149,1377,1526,0.1388
148,1370,1518,0.1388
147,1359,1506,0.1388
148,1364,1512,0.1388
148,1374,1522,0.1388
146,1369,1515,0.1388
145,1379,1524,0.1388
147,1372,1519,0.1388
145,1378,1523,0.1388
144,1357,1501,0.1388
140,1361,1501,0.1388
139,1356,1495,0.1388
141,1363,1504,0.1388
135,1365,1500,0.1388
132,1364,1496,0.1388
134,1370,1504,0.1388
133,1378,1511,0.1388
136,1388,1524,0.1388
134,1386,1520,0.1388
134,1384,1518,0.1388
133,1383,1516,0.1388
127,1376,1503,0.1388
128,1378,1506,0.1388
126,1379,1505,0.1388
127,1383,1510,0.1388
126,1384,1510,0.1388
124,1397,1521,0.1388
119,1389,1508,0.1388
122,1398,1520,0.1388
123,1384,1507,0.1388
122,1382,1504,0.1388
126,1391,1517,0.1388
127,1404,1531,0.1388
123,1389,1512,0.1388
123,1400,1523,0.1388
123,1402,1525,0.1388
125,1383,1508,0.1388
120,1393,1513,0.1388
123,1412,1535,0.1388
120,1405,1525,0.1388
121,1399,1520,0.1388
119,1414,1533,0.1388
119,1402,1521,0.1388
116,1399,1515,0.1388
114,1404,1518,0.1388
110,1410,1520,0.1388
107,1405,1512,0.1388
107,1419,1526,0.1388
109,1407,1516,0.1388
109,1409,1518,0.1388
106,1408,1514,0.1388
105,1395,1500,0.1388
104,1397,1501,0.1388
103,1417,1520,0.1388
102,1416,1518,0.1388
103,1413,1516,0.1388
102,1420,1522,0.1388
101,1401,1502,0.1388
98,1411,1509,0.1388
101,1405,1506,0.1388
105,1405,1510,0.1388
102,1405,1507,0.1388
100,1412,1512,0.1388
101,1401,1502,0.1388
99,1393,1492,0.1388
99,1395,1494,0.1388
100,1405,1505,0.1388
101,1405,1506,0.1388
102,1418,1520,0.1388
101,1414,1515,0.1388
106,1410,1516,0.1388
109,1414,1523,0.1388
105,1417,1522,0.1388
103,1420,1523,0.1388
105,1417,1522,0.1388
109,1411,1520,0.1388
110,1397,1507,0.1388
111,1401,1512,0.1388
109,1410,1519,0.1388
107,1411,1518,0.1388
104,1404,1508,0.1388
103,1404,1507,0.1388
104,1406,1510,0.1388
101,1413,1514,0.1388
104,1432,1536,0.1388
103,1427,1530,0.1388
102,1428,1530,0.1388
102,1420,1522,0.1388
103,1411,1514,0.1388
103,1404,1507,0.1388
102,1412,1514,0.1388
98,1401,1499,0.1388
97,1409,1506,0.1388
96,1403,1499,0.1388
97,1422,1519,0.1388
96,1423,1519,0.1388
94,1428,1522,0.1388
92,1424,1516,0.1388
97,1425,1522,0.1388
95,1426,1521,0.1388
94,1422,1516,0.1388
96,1422,1518,0.1388
96,1410,1506,0.1388
95,1406,1501,0.1388
95,1409,1504,0.1388
94,1422,1516,0.1388
96,1426,1522,0.1388
96,1429,1525,0.1388
95,1425,1520,0.1388
94,1407,1501,0.1388
94,1415,1509,0.1388
92,1413,1505,0.1388
91,1425,1516,0.1388
91,1429,1520,0.1388
91,1434,1525,0.1388
89,1435,1524,0.1388
89,1430,1519,0.1388
91,1420,1511,0.1388
89,1416,1505,0.1388
89,1425,1514,0.1388
87,1417,1504,0.1388
85,1416,1501,0.1388
85,1426,1511,0.1388
86,1429,1515,0.1388
88,1427,1515,0.1388
85,1429,1514,0.1388
85,1432,1517,0.1388
85,1434,1519,0.1388
81,1435,1516,0.1388
85,1415,1500,0.1388
82,1413,1495,0.1388
82,1426,1508,0.1388
83,1426,1509,0.1388
84,1434,1518,0.1388
84,1440,1524,0.1388
81,1437,1518,0.1388
81,1438,1519,0.1388
84,1446,1530,0.1388
84,1440,1524,0.1388
80,1437,1517,0.1388
81,1440,1521,0.1388
80,1432,1512,0.1388
78,1433,1511,0.1388
79,1441,1520,0.1388
78,1449,1527,0.1388
78,1435,1513,0.1388
79,1439,1518,0.1388
77,1451,1528,0.1388
74,1442,1516,0.1388
72,1432,1504,0.1388
75,1426,1501,0.1388
77,1430,1507,0.1388
77,1438,1515,0.1388
76,1448,1524,0.1388
78,1460,1538,0.1388
78,1464,1542,0.1388
78,1442,1520,0.1388
76,1446,1522,0.1388
80,1439,1519,0.1388
79,1438,1517,0.1388
79,1430,1509,0.1388
74,1437,1511,0.1388
74,1434,1508,0.1388
76,1425,1501,0.1388
76,1427,1503,0.1388
75,1429,1504,0.1388
75,1428,1503,0.1388
77,1430,1507,0.1388
79,1422,1501,0.1388
76,1421,1497,0.1388
75,1431,1506,0.1388
76,1433,1509,0.1388
76,1445,1521,0.1388
74,1443,1517,0.1388
74,1441,1515,0.1388
73,1434,1507,0.1388
73,1436,1509,0.1388
72,1440,1512,0.1388
74,1448,1522,0.1388
74,1441,1515,0.1388
75,1444,1519,0.1388
75,1448,1523,0.1388
74,1456,1530,0.1388
73,1456,1529,0.1388
72,1459,1531,0.1388
73,1454,1527,0.1388
72,1454,1526,0.1388
71,1437,1508,0.1388
70,1440,1510,0.1388
72,1445,1517,0.1388
70,1460,1530,0.1388
71,1450,1521,0.1388
71,1455,1526,0.1388
72,1448,1520,0.1388
70,1448,1518,0.1388
71,1450,1521,0.1388
70,1433,1503,0.1388
67,1433,1500,0.1388
67,1445,1512,0.1388
65,1449,1514,0.1388
63,1458,1521,0.1388
65,1453,1518,0.1388
64,1458,1522,0.1388
63,1453,1516,0.1388
64,1458,1522,0.1388
64,1456,1520,0.1388
63,1463,1526,0.1388
62,1460,1522,0.1388
64,1460,1524,0.1388
62,1459,1521,0.1388
62,1455,1517,0.1388
62,1448,1510,0.1388
59,1446,1505,0.1388
60,1450,1510,0.1388
62,1454,1516,0.1388
62,1463,1525,0.1388
64,1463,1527,0.1388
63,1455,1518,0.1388
63,1453,1516,0.1388
61,1456,1517,0.1388
64,1446,1510,0.1388
62,1453,1515,0.1388
60,1454,1514,0.1388
57,1448,1505,0.1388
60,1456,1516,0.1388
55,1468,1523,0.1388
56,1468,1524,0.1388
57,1474,1531,0.1388
60,1463,1523,0.1388
61,1450,1511,0.1388
61,1447,1508,0.1388
63,1443,1506,0.1388
61,1451,1512,0.1388
60,1455,1515,0.1388
60,1459,1519,0.1388
62,1465,1527,0.1388
62,1471,1533,0.1388
62,1459,1521,0.1388
60,1462,1522,0.1388
61,1450,1511,0.1388
62,1460,1522,0.1388
62,1466,1528,0.1388
61,1460,1521,0.1388
58,1455,1513,0.1388
61,1446,1507,0.1388
61,1458,1519,0.1388
62,1455,1517,0.1388
65,1463,1528,0.1388
64,1467,1531,0.1388
63,1479,1542,0.1388
63,1476,1539,0.1388
62,1476,1538,0.1388
63,1478,1541,0.1388
60,1469,1529,0.1388
58,1465,1523,0.1388
57,1463,1520,0.1388
60,1464,1524,0.1388
63,1458,1521,0.1388
60,1470,1530,0.1388
59,1468,1527,0.1388
59,1457,1516,0.1388
58,1463,1521,0.1388
57,1472,1529,0.1388
57,1460,1517,0.1388
59,1470,1529,0.1388
59,1472,1531,0.1388
58,1460,1518,0.1388
56,1455,1511,0.1388
60,1459,1519,0.1388
62,1449,1511,0.1388
61,1445,1506,0.1388
60,1452,1512,0.1388
58,1461,1519,0.1388
60,1456,1516,0.1388
59,1452,1511,0.1388
55,1448,1503,0.1388
55,1456,1511,0.1388
56,1457,1513,0.1388
56,1459,1515,0.1388
56,1456,1512,0.1388
57,1461,1518,0.1388
54,1460,1514,0.1388
54,1463,1517,0.1388
54,1456,1510,0.1388
53,1443,1496,0.1388
51,1454,1505,0.1388
50,1467,1517,0.1388
52,1470,1522,0.1388
49,1468,1517,0.1388
50,1464,1514,0.1388
51,1469,1520,0.1388
53,1457,1510,0.1388
57,1465,1522,0.1388
57,1463,1520,0.1388
56,1470,1526,0.1388
58,1450,1508,0.1388
60,1443,1503,0.1388
62,1435,1497,0.1388
61,1446,1507,0.1388
62,1440,1502,0.1388
61,1442,1503,0.1388
63,1465,1528,0.1388
61,1456,1517,0.1388
58,1461,1519,0.1388
60,1458,1518,0.1388
60,1455,1515,0.1388
63,1443,1506,0.1388
64,1449,1513,0.1388
63,1454,1517,0.1388
65,1440,1505,0.1388
63,1447,1510,0.1388
64,1442,1506,0.1388
63,1452,1515,0.1388
63,1436,1499,0.1388
65,1442,1507,0.1388
62,1447,1509,0.1388
62,1453,1515,0.1388
64,1463,1527,0.1388
62,1476,1538,0.1388
63,1463,1526,0.1388
62,1459,1521,0.1388
59,1452,1511,0.1388
61,1459,1520,0.1388
61,1453,1514,0.1388
59,1461,1520,0.1388
59,1461,1520,0.1388
59,1459,1518,0.1388
60,1464,1524,0.1388
57,1453,1510,0.1388
57,1462,1519,0.1388
57,1475,1532,0.1388
55,1474,1529,0.1388
54,1458,1512,0.1388
57,1461,1518,0.1388
55,1459,1514,0.1388
58,1461,1519,0.1388
57,1466,1523,0.1388
55,1453,1508,0.1388
52,1449,1501,0.1388
51,1449,1500,0.1388
52,1453,1505,0.1388
49,1458,1507,0.1388
47,1456,1503,0.1388
47,1449,1496,0.1388
47,1462,1509,0.1388
49,1460,1509,0.1388
47,1460,1507,0.1388
48,1454,1502,0.1388
48,1461,1509,0.1388
49,1481,1530,0.1388
46,1476,1522,0.1388
45,1470,1515,0.1388
45,1483,1528,0.1388
43,1470,1513,0.1388
44,1463,1507,0.1388
41,1458,1499,0.1388
38,1478,1516,0.1388
40,1480,1520,0.1388
39,1483,1522,0.1388
42,1489,1531,0.1388
40,1489,1529,0.1388
39,1497,1536,0.1388
43,1477,1520,0.1388
43,1478,1521,0.1388
43,1481,1524,0.1388
42,1472,1514,0.1388
42,1465,1507,0.1388
40,1468,1508,0.1388
38,1460,1498,0.1388
40,1466,1506,0.1388
39,1464,1503,0.1388
38,1479,1517,0.1388
39,1478,1517,0.1388
39,1487,1526,0.1388
40,1487,1527,0.1388
41,1491,1532,0.1388
40,1486,1526,0.1388
39,1491,1530,0.1388
38,1464,1502,0.1388
39,1474,1513,0.1388
38,1479,1517,0.1388
39,1483,1522,0.1388
40,1479,1519,0.1388
42,1469,1511,0.1388
41,1475,1516,0.1388
43,1466,1509,0.1388
43,1467,1510,0.1388
42,1471,1513,0.1388
44,1477,1521,0.1388
45,1475,1520,0.1388
43,1472,1515,0.1388
43,1464,1507,0.1388
42,1476,1518,0.1388
45,1478,1523,0.1388
45,1479,1524,0.1388
45,1476,1521,0.1388
47,1472,1519,0.1388
48,1481,1529,0.1388
47,1475,1522,0.1388
49,1468,1517,0.1388
48,1472,1520,0.1388
48,1476,1524,0.1388
44,1454,1498,0.1388
45,1454,1499,0.1388
43,1473,1516,0.1388
42,1478,1520,0.1388
40,1477,1517,0.1388
41,1480,1521,0.1388
41,1480,1521,0.1388
39,1476,1515,0.1388
40,1468,1508,0.1388
43,1473,1516,0.1388
44,1453,1497,0.1388
45,1455,1500,0.1388
44,1464,1508,0.1388
44,1471,1515,0.1388
45,1482,1527,0.1388
45,1485,1530,0.1388
44,1479,1523,0.1388
43,1478,1521,0.1388
43,1473,1516,0.1388
39,1481,1520,0.1388
39,1482,1521,0.1388
40,1476,1516,0.1388
40,1463,1503,0.1388
41,1480,1521,0.1388
41,1483,1524,0.1388
41,1489,1530,0.1388
41,1474,1515,0.1388
42,1471,1513,0.1388
43,1478,1521,0.1388
41,1484,1525,0.1388
40,1472,1512,0.1388
42,1474,1516,0.1388
42,1482,1524,0.1388
41,1494,1535,0.1388
45,1487,1532,0.1388
45,1477,1522,0.1388
44,1457,1501,0.1388
44,1463,1507,0.1388
44,1460,1504,0.1388
44,1452,1496,0.1388
43,1469,1512,0.1388
40,1460,1500,0.1388
42,1474,1516,0.1388
41,1484,1525,0.1388
40,1493,1533,0.1388
41,1491,1532,0.1388
41,1478,1519,0.1388
40,1473,1513,0.1388
40,1473,1513,0.1388
38,1462,1500,0.1388
38,1469,1507,0.1388
36,1468,1504,0.1388
37,1464,1501,0.1388
39,1473,1512,0.1388
41,1471,1512,0.1388
42,1472,1514,0.1388
42,1482,1524,0.1388
42,1469,1511,0.1388
43,1488,1531,0.1388
43,1482,1525,0.1388
44,1480,1524,0.1388
40,1480,1520,0.1388
41,1484,1525,0.1388
45,1480,1525,0.1388
45,1479,1524,0.1388
45,1452,1497,0.1388
44,1450,1494,0.1388
47,1453,1500,0.1388
45,1461,1506,0.1388
42,1455,1497,0.1388
43,1466,1509,0.1388
43,1467,1510,0.1388
42,1466,1508,0.1388
41,1465,1506,0.1388
44,1470,1514,0.1388
46,1464,1510,0.1388
48,1472,1520,0.1388
47,1478,1525,0.1388
47,1485,1532,0.1388
46,1478,1524,0.1388
42,1472,1514,0.1388
43,1465,1508,0.1388
43,1467,1510,0.1388
43,1476,1519,0.1388
44,1483,1527,0.1388
44,1486,1530,0.1388
43,1481,1524,0.1388
42,1489,1531,0.1388
40,1495,1535,0.1388
38,1481,1519,0.1388
37,1493,1530,0.1388
37,1485,1522,0.1388
38,1483,1521,0.1388
39,1463,1502,0.1388
42,1471,1513,0.1388
41,1476,1517,0.1388
42,1476,1518,0.1388
41,1481,1522,0.1388
40,1454,1494,0.1388
39,1460,1499,0.1388
37,1457,1494,0.1388
37,1468,1505,0.1388
37,1469,1506,0.1388
36,1475,1511,0.1388
37,1483,1520,0.1388
39,1488,1527,0.1388
39,1491,1530,0.1388
40,1483,1523,0.1388
41,1475,1516,0.1388
41,1453,1494,0.1388
40,1465,1505,0.1388
41,1470,1511,0.1388
41,1468,1509,0.1388
41,1468,1509,0.1388
41,1464,1505,0.1388
41,1474,1515,0.1388
41,1480,1521,0.1388
42,1472,1514,0.1388
43,1477,1520,0.1388
44,1473,1517,0.1388
43,1488,1531,0.1388
44,1490,1534,0.1388
45,1477,1522,0.1388
43,1487,1530,0.1388
43,1484,1527,0.1388
44,1488,1532,0.1388
44,1488,1532,0.1388
44,1489,1533,0.1388
41,1481,1522,0.1388
40,1479,1519,0.1388
42,1475,1517,0.1388
43,1462,1505,0.1388
43,1463,1506,0.1388
44,1464,1508,0.1388
45,1473,1518,0.1388
44,1489,1533,0.1388
43,1485,1528,0.1388
43,1486,1529,0.1388
41,1486,1527,0.1388
39,1475,1514,0.1388
42,1486,1528,0.1388
42,1473,1515,0.1388
43,1476,1519,0.1388
43,1472,1515,0.1388
41,1472,1513,0.1388
41,1475,1516,0.1388
41,1482,1523,0.1388
40,1481,1521,0.1388
41,1481,1522,0.1388
42,1488,1530,0.1388
41,1488,1529,0.1388
37,1498,1535,0.1388
37,1507,1544,0.1388
36,1495,1531,0.1388
36,1487,1523,0.1388
37,1487,1524,0.1388
36,1476,1512,0.1388
34,1479,1513,0.1388
35,1470,1505,0.1388
35,1477,1512,0.1388
36,1479,1515,0.1388
35,1470,1505,0.1388
35,1470,1505,0.1388
35,1479,1514,0.1388
35,1475,1510,0.1388
36,1467,1503,0.1388
38,1472,1510,0.1388
37,1466,1503,0.1388
36,1469,1505,0.1388
35,1485,1520,0.1388
35,1488,1523,0.1388
34,1488,1522,0.1388
32,1471,1503,0.1388
32,1466,1498,0.1388
31,1474,1505,0.1388
32,1471,1503,0.1388
30,1479,1509,0.1388
29,1489,1518,0.1388
28,1514,1542,0.1388
27,1506,1533,0.1388
28,1496,1524,0.1388
29,1497,1526,0.1388
29,1506,1535,0.1388
30,1504,1534,0.1388
30,1490,1520,0.1388
30,1479,1509,0.1388
31,1482,1513,0.1388
29,1487,1516,0.1388
29,1494,1523,0.1388
29,1492,1521,0.1388
28,1492,1520,0.1388
28,1487,1515,0.1388
28,1490,1518,0.1388
27,1489,1516,0.1388
27,1489,1516,0.1388
26,1487,1513,0.1388
28,1481,1509,0.1388
27,1491,1518,0.1388
30,1493,1523,0.1388
30,1496,1526,0.1388
31,1508,1539,0.1388
33,1494,1527,0.1388
32,1489,1521,0.1388
33,1496,1529,0.1388
33,1473,1506,0.1388
34,1476,1510,0.1388
35,1482,1517,0.1388
34,1474,1508,0.1388
33,1474,1507,0.1388
33,1476,1509,0.1388
32,1484,1516,0.1388
36,1479,1515,0.1388
35,1476,1511,0.1388
36,1475,1511,0.1388
35,1474,1509,0.1388
36,1472,1508,0.1388
36,1476,1512,0.1388
37,1476,1513,0.1388
37,1491,1528,0.1388
36,1485,1521,0.1388
36,1465,1501,0.1388
35,1469,1504,0.1388
35,1469,1504,0.1388
34,1480,1514,0.1388
34,1485,1519,0.1388
35,1487,1522,0.1388
35,1491,1526,0.1388
37,1495,1532,0.1388
35,1492,1527,0.1388
34,1475,1509,0.1388
34,1482,1516,0.1388
33,1478,1511,0.1388
33,1470,1503,0.1388
33,1475,1508,0.1388
35,1482,1517,0.1388
33,1476,1509,0.1388
32,1473,1505,0.1388
32,1471,1503,0.1388
33,1473,1506,0.1388
32,1488,1520,0.1388
33,1492,1525,0.1388
32,1486,1518,0.1388
31,1479,1510,0.1388
32,1481,1513,0.1388
33,1486,1519,0.1388
33,1479,1512,0.1388
33,1481,1514,0.1388
35,1478,1513,0.1388
35,1486,1521,0.1388
33,1483,1516,0.1388
32,1472,1504,0.1388
31,1474,1505,0.1388
33,1487,1520,0.1388
32,1487,1519,0.1388
34,1477,1511,0.1388
34,1484,1518,0.1388
34,1480,1514,0.1388
34,1470,1504,0.1388
35,1475,1510,0.1388
34,1482,1516,0.1388
34,1488,1522,0.1388
33,1484,1517,0.1388
31,1490,1521,0.1388
32,1491,1523,0.1388
32,1486,1518,0.1388
33,1478,1511,0.1388
33,1477,1510,0.1388
34,1479,1513,0.1388
34,1475,1509,0.1388
36,1484,1520,0.1388
38,1482,1520,0.1388
38,1483,1521,0.1388
39,1486,1525,0.1388
37,1479,1516,0.1388
38,1475,1513,0.1388
36,1464,1500,0.1388
37,1442,1479,0.1388
39,1458,1497,0.1388
38,1465,1503,0.1388
36,1462,1498,0.1388
38,1464,1502,0.1388
38,1475,1513,0.1388
36,1490,1526,0.1388
36,1486,1522,0.1388
37,1497,1534,0.1388
37,1495,1532,0.1388
37,1491,1528,0.1388
36,1498,1534,0.1388
35,1499,1534,0.1388
36,1488,1524,0.1388
37,1499,1536,0.1388
34,1484,1518,0.1388
35,1491,1526,0.1388
35,1481,1516,0.1388
36,1485,1521,0.1388
35,1489,1524,0.1388
34,1489,1523,0.1388
33,1474,1507,0.1388
32,1491,1523,0.1388
34,1485,1519,0.1388
33,1487,1520,0.1388
34,1485,1519,0.1388
34,1475,1509,0.1388
33,1482,1515,0.1388
34,1471,1505,0.1388
35,1477,1512,0.1388
36,1468,1504,0.1388
37,1478,1515,0.1388
37,1481,1518,0.1388
36,1499,1535,0.1388
35,1491,1526,0.1388
36,1486,1522,0.1388
36,1480,1516,0.1388
37,1479,1516,0.1388
36,1479,1515,0.1388
35,1483,1518,0.1388
35,1477,1512,0.1388
35,1483,1518,0.1388
35,1481,1516,0.1388
35,1481,1516,0.1388
35,1475,1510,0.1388
35,1474,1509,0.1388
35,1478,1513,0.1388
35,1480,1515,0.1388
35,1474,1509,0.1388
34,1485,1519,0.1388
33,1494,1527,0.1388
34,1494,1528,0.1388
34,1478,1512,0.1388
36,1474,1510,0.1388
34,1465,1499,0.1388
34,1470,1504,0.1388
35,1460,1495,0.1388
36,1473,1509,0.1388
35,1485,1520,0.1388
35,1474,1509,0.1388
37,1479,1516,0.1388
37,1483,1520,0.1388
35,1479,1514,0.1388
33,1480,1513,0.1388
34,1471,1505,0.1388
33,1474,1507,0.1388
36,1489,1525,0.1388
37,1492,1529,0.1388
38,1489,1527,0.1388
40,1480,1520,0.1388
39,1482,1521,0.1388
39,1477,1516,0.1388
38,1486,1524,0.1388
40,1480,1520,0.1388
41,1474,1515,0.1388
41,1475,1516,0.1388
41,1462,1503,0.1388
41,1471,1512,0.1388
43,1472,1515,0.1388
41,1462,1503,0.1388
39,1470,1509,0.1388
40,1459,1499,0.1388
41,1461,1502,0.1388
42,1463,1505,0.1388
41,1459,1500,0.1388
42,1460,1502,0.1388
39,1476,1515,0.1388
39,1482,1521,0.1388
39,1481,1520,0.1388
40,1470,1510,0.1388
39,1466,1505,0.1388
38,1473,1511,0.1388
39,1470,1509,0.1388
40,1475,1515,0.1388
43,1471,1514,0.1388
40,1468,1508,0.1388
38,1479,1517,0.1388
36,1463,1499,0.1388
36,1485,1521,0.1388
37,1475,1512,0.1388
35,1486,1521,0.1388
35,1479,1514,0.1388
36,1475,1511,0.1388
36,1462,1498,0.1388
33,1468,1501,0.1388
34,1474,1508,0.1388
31,1474,1505,0.1388
31,1461,1492,0.1388
31,1480,1511,0.1388
30,1474,1504,0.1388
28,1486,1514,0.1388
27,1484,1511,0.1388
28,1479,1507,0.1388
28,1486,1514,0.1388
28,1482,1510,0.1388
28,1496,1524,0.1388
27,1475,1502,0.1388
27,1475,1502,0.1388
27,1476,1503,0.1388
29,1471,1500,0.1388
29,1489,1518,0.1388
30,1487,1517,0.1388
29,1474,1503,0.1388
27,1480,1507,0.1388
29,1488,1517,0.1388
30,1487,1517,0.1388
30,1486,1516,0.1388
30,1480,1510,0.1388
29,1497,1526,0.1388
30,1489,1519,0.1388
30,1487,1517,0.1388
30,1488,1518,0.1388
29,1499,1528,0.1388
28,1493,1521,0.1388
27,1493,1520,0.1388
27,1482,1509,0.1388
27,1494,1521,0.1388
26,1505,1531,0.1388
25,1511,1536,0.1388
25,1502,1527,0.1388
25,1494,1519,0.1388
26,1483,1509,0.1388
25,1477,1502,0.1388
25,1489,1514,0.1388
25,1492,1517,0.1388
27,1488,1515,0.1388
26,1491,1517,0.1388
26,1495,1521,0.1388
26,1497,1523,0.1388
27,1503,1530,0.1388
27,1506,1533,0.1388
27,1499,1526,0.1388
27,1493,1520,0.1388
27,1492,1519,0.1388
26,1488,1514,0.1388
27,1497,1524,0.1388
27,1508,1535,0.1388
28,1510,1538,0.1388
27,1500,1527,0.1388
29,1492,1521,0.1388
28,1491,1519,0.1388
26,1495,1521,0.1388
26,1509,1535,0.1388
26,1502,1528,0.1388
25,1496,1521,0.1388
25,1494,1519,0.1388
25,1503,1528,0.1388
25,1499,1524,0.1388
25,1505,1530,0.1388
23,1495,1518,0.1388
23,1488,1511,0.1388
26,1490,1516,0.1388
27,1497,1524,0.1388
26,1499,1525,0.1388
24,1487,1511,0.1388
23,1477,1500,0.1388
22,1478,1500,0.1388
22,1506,1528,0.1388
24,1489,1513,0.1388
25,1491,1516,0.1388
25,1494,1519,0.1388
25,1497,1522,0.1388
26,1507,1533,0.1388
26,1503,1529,0.1388
25,1507,1532,0.1388
25,1502,1527,0.1388
24,1497,1521,0.1388
25,1497,1522,0.1388
25,1498,1523,0.1388
24,1498,1522,0.1388
24,1493,1517,0.1388
25,1499,1524,0.1388
25,1500,1525,0.1388
25,1496,1521,0.1388
23,1486,1509,0.1388
23,1493,1516,0.1388
22,1485,1507,0.1388
22,1489,1511,0.1388
21,1500,1521,0.1388
21,1509,1530,0.1388
21,1503,1524,0.1388
21,1499,1520,0.1388
21,1494,1515,0.1388
20,1498,1518,0.1388
18,1493,1511,0.1388
18,1493,1511,0.1388
17,1489,1506,0.1388
17,1483,1500,0.1388
18,1489,1507,0.1388
18,1500,1518,0.1388
17,1502,1519,0.1388
17,1511,1528,0.1388
15,1508,1523,0.1388
14,1505,1519,0.1388
16,1493,1509,0.1388
15,1498,1513,0.1388
16,1490,1506,0.1388
16,1491,1507,0.1388
15,1506,1521,0.1388
15,1516,1531,0.1388
15,1509,1524,0.1388
14,1512,1526,0.1388
13,1502,1515,0.1388
13,1502,1515,0.1388
13,1506,1519,0.1388
13,1488,1501,0.1388
13,1492,1505,0.1388
13,1490,1503,0.1388
12,1486,1498,0.1388
11,1500,1511,0.1388
10,1500,1510,0.1388
9,1491,1500,0.1388
9,1511,1520,0.1388
9,1515,1524,0.1388
9,1514,1523,0.1388
9,1514,1523,0.1388
9,1521,1530,0.1388
9,1518,1527,0.1388
9,1525,1534,0.1388
8,1509,1517,0.1388
9,1504,1513,0.1388
8,1514,1522,0.1388
9,1519,1528,0.1388
8,1536,1544,0.1388
8,1530,1538,0.1388
7,1526,1533,0.1388
7,1524,1531,0.1388
8,1519,1527,0.1388
8,1512,1520,0.1388
7,1514,1521,0.1388
7,1497,1504,0.1388
7,1508,1515,0.1388
5,1501,1506,0.1388
5,1491,1496,0.1388
5,1501,1506,0.1388
6,1496,1502,0.1388
6,1505,1511,0.1388
6,1515,1521,0.1388
6,1522,1528,0.1388
6,1507,1513,0.1388
6,1517,1523,0.1388
4,1522,1526,0.1388
4,1534,1538,0.1388
4,1529,1533,0.1388
4,1522,1526,0.1388
3,1530,1533,0.1388
3,1522,1525,0.1388
3,1519,1522,0.1388
3,1509,1512,0.1388
3,1510,1513,0.1388
3,1516,1519,0.1388
3,1522,1525,0.1388
3,1519,1522,0.1388
3,1526,1529,0.1388
2,1529,1531,0.1388
2,1518,1520,0.1388
2,1513,1515,0.1388
2,1519,1521,0.1388
3,1509,1512,0.1388
3,1509,1512,0.1388
3,1504,1507,0.1388
3,1509,1512,0.1388
3,1509,1512,0.1388
3,1519,1522,0.1388
3,1520,1523,0.1388
3,1532,1535,0.1388
3,1523,1526,0.1388
3,1516,1519,0.1388
3,1517,1520,0.1388
3,1533,1536,0.1388
3,1526,1529,0.1388
4,1531,1535,0.1388
4,1521,1525,0.1388
4,1522,1526,0.1388
4,1520,1524,0.1388
4,1535,1539,0.1388
4,1512,1516,0.1388
4,1522,1526,0.1388
4,1523,1527,0.1388
4,1522,1526,0.1388
4,1523,1527,0.1388
4,1518,1522,0.1388
4,1519,1523,0.1388
4,1521,1525,0.1388
3,1515,1518,0.1388
3,1524,1527,0.1388
3,1527,1530,0.1388
3,1527,1530,0.1388
3,1519,1522,0.1388
3,1513,1516,0.1388
3,1519,1522,0.1388
3,1518,1521,0.1388
3,1526,1529,0.1388
3,1542,1545,0.1388
3,1517,1520,0.1388
3,1525,1528,0.1388
3,1532,1535,0.1388
3,1525,1528,0.1388
3,1502,1505,0.1388
3,1496,1499,0.1388
3,1504,1507,0.1388
3,1508,1511,0.1388
3,1519,1522,0.1388
4,1530,1534,0.1388
4,1528,1532,0.1388
4,1525,1529,0.1388
4,1523,1527,0.1388
3,1509,1512,0.1388
3,1513,1516,0.1388
3,1511,1514,0.1388
3,1492,1495,0.1388
3,1494,1497,0.1388
3,1503,1506,0.1388
2,1510,1512,0.1388
2,1515,1517,0.1388
1,1505,1506,0.1388
1,1513,1514,0.1388
1,1510,1511,0.1388
1,1500,1501,0.1388
0,1509,1509,0.1388
