1364,24,1388,0.1388
1395,23,1418,0.1388
1428,23,1451,0.1388
1435,24,1459,0.1388
1448,26,1474,0.1388
1447,25,1472,0.1388
1463,23,1486,0.1388
1461,23,1484,0.1388
1462,23,1485,0.1388
1468,23,1491,0.1388
1460,24,1484,0.1388
1467,25,1492,0.1388
1478,26,1504,0.1388
1454,26,1480,0.1388
1459,26,1485,0.1388
1461,27,1488,0.1388
1458,25,1483,0.1388
1457,23,1480,0.1388
1458,27,1485,0.1388
1461,28,1489,0.1388
1456,28,1484,0.1388
1448,28,1476,0.1388
1442,30,1472,0.1388
1448,30,1478,0.1388
1457,31,1488,0.1388
1455,30,1485,0.1388
1452,31,1483,0.1388
1458,30,1488,0.1388
1473,30,1503,0.1388
1467,33,1500,0.1388
1465,34,1499,0.1388
1466,34,1500,0.1388
1468,34,1502,0.1388
1471,33,1504,0.1388
1466,33,1499,0.1388
1467,33,1500,0.1388
1471,34,1505,0.1388
1469,37,1506,0.1388
1463,39,1502,0.1388
1453,38,1491,0.1388
1467,38,1505,0.1388
1471,36,1507,0.1388
1466,35,1501,0.1388
1470,35,1505,0.1388
1453,36,1489,0.1388
1457,38,1495,0.1388
1449,36,1485,0.1388
1444,36,1480,0.1388
1435,37,1472,0.1388
1445,37,1482,0.1388
1463,37,1500,0.1388
1459,37,1496,0.1388
1459,36,1495,0.1388
1440,39,1479,0.1388
1444,39,1483,0.1388
1458,40,1498,0.1388
1458,38,1496,0.1388
1447,40,1487,0.1388
1439,39,1478,0.1388
1442,38,1480,0.1388
1434,39,1473,0.1388
1431,40,1471,0.1388
1435,41,1476,0.1388
1442,42,1484,0.1388
1446,42,1488,0.1388
1458,41,1499,0.1388
1438,42,1480,0.1388
1449,41,1490,0.1388
1442,42,1484,0.1388
1444,42,1486,0.1388
1446,40,1486,0.1388
1463,42,1505,0.1388
1465,40,1505,0.1388
1463,38,1501,0.1388
1462,37,1499,0.1388
1462,38,1500,0.1388
1466,38,1504,0.1388
1465,38,1503,0.1388
1448,38,1486,0.1388
1459,37,1496,0.1388
1455,35,1490,0.1388
1471,32,1503,0.1388
1461,33,1494,0.1388
1460,33,1493,0.1388
1455,33,1488,0.1388
1449,34,1483,0.1388
1449,36,1485,0.1388
1437,36,1473,0.1388
1443,37,1480,0.1388
1447,36,1483,0.1388
1449,34,1483,0.1388
1432,33,1465,0.1388
1441,34,1475,0.1388
1448,34,1482,0.1388
1451,36,1487,0.1388
1455,34,1489,0.1388
1455,37,1492,0.1388
1445,37,1482,0.1388
1449,35,1484,0.1388
1464,36,1500,0.1388
1467,38,1505,0.1388
1464,39,1503,0.1388
1459,38,1497,0.1388
1452,39,1491,0.1388
1443,40,1483,0.1388
1444,41,1485,0.1388
1448,39,1487,0.1388
1448,38,1486,0.1388
1443,37,1480,0.1388
1447,39,1486,0.1388
1461,41,1502,0.1388
1457,38,1495,0.1388
1462,38,1500,0.1388
1457,38,1495,0.1388
1453,38,1491,0.1388
1455,39,1494,0.1388
1458,39,1497,0.1388
1457,40,1497,0.1388
1458,41,1499,0.1388
1462,41,1503,0.1388
1452,40,1492,0.1388
1459,39,1498,0.1388
1451,41,1492,0.1388
1443,42,1485,0.1388
1445,43,1488,0.1388
1452,43,1495,0.1388
1461,45,1506,0.1388
1441,42,1483,0.1388
1442,44,1486,0.1388
1450,43,1493,0.1388
1462,43,1505,0.1388
1469,44,1513,0.1388
1464,42,1506,0.1388
1451,45,1496,0.1388
1447,46,1493,0.1388
1456,49,1505,0.1388
1448,48,1496,0.1388
1453,50,1503,0.1388
1445,51,1496,0.1388
1451,49,1500,0.1388
1448,50,1498,0.1388
1440,50,1490,0.1388
1448,50,1498,0.1388
1439,49,1488,0.1388
1444,48,1492,0.1388
1435,46,1481,0.1388
1445,46,1491,0.1388
1441,47,1488,0.1388
1437,48,1485,0.1388
1441,49,1490,0.1388
1450,49,1499,0.1388
1447,49,1496,0.1388
1437,50,1487,0.1388
1436,49,1485,0.1388
1435,47,1482,0.1388
1436,47,1483,0.1388
1435,48,1483,0.1388
1443,50,1493,0.1388
1438,52,1490,0.1388
1450,52,1502,0.1388
1453,52,1505,0.1388
1445,54,1499,0.1388
1450,55,1505,0.1388
1445,58,1503,0.1388
1457,57,1514,0.1388
1457,56,1513,0.1388
1450,57,1507,0.1388
1434,55,1489,0.1388
1441,58,1499,0.1388
1436,57,1493,0.1388
1429,59,1488,0.1388
1438,59,1497,0.1388
1443,62,1505,0.1388
1436,60,1496,0.1388
1437,59,1496,0.1388
1441,59,1500,0.1388
1420,60,1480,0.1388
1436,59,1495,0.1388
1430,59,1489,0.1388
1434,60,1494,0.1388
1450,57,1507,0.1388
1454,57,1511,0.1388
1445,58,1503,0.1388
1434,59,1493,0.1388
1431,61,1492,0.1388
1437,61,1498,0.1388
1434,62,1496,0.1388
1439,61,1500,0.1388
1432,62,1494,0.1388
1427,60,1487,0.1388
1429,58,1487,0.1388
1435,60,1495,0.1388
1434,59,1493,0.1388
1420,61,1481,0.1388
1401,60,1461,0.1388
1399,61,1460,0.1388
1426,62,1488,0.1388
1430,66,1496,0.1388
1416,63,1479,0.1388
1431,62,1493,0.1388
1426,63,1489,0.1388
1417,63,1480,0.1388
1411,62,1473,0.1388
1424,62,1486,0.1388
1420,64,1484,0.1388
1428,64,1492,0.1388
1423,67,1490,0.1388
1428,67,1495,0.1388
1429,65,1494,0.1388
1429,65,1494,0.1388
1429,66,1495,0.1388
1416,62,1478,0.1388
1418,62,1480,0.1388
1412,62,1474,0.1388
1408,66,1474,0.1388
1410,68,1478,0.1388
1412,65,1477,0.1388
1429,66,1495,0.1388
1433,65,1498,0.1388
1430,68,1498,0.1388
1420,66,1486,0.1388
1422,64,1486,0.1388
1438,63,1501,0.1388
1446,66,1512,0.1388
1432,68,1500,0.1388
1437,68,1505,0.1388
1425,71,1496,0.1388
1439,73,1512,0.1388
1429,74,1503,0.1388
1424,74,1498,0.1388
1417,70,1487,0.1388
1427,63,1490,0.1388
1421,65,1486,0.1388
1438,64,1502,0.1388
1438,64,1502,0.1388
1433,65,1498,0.1388
1442,63,1505,0.1388
1447,64,1511,0.1388
1437,65,1502,0.1388
1444,63,1507,0.1388
1433,65,1498,0.1388
1426,68,1494,0.1388
1432,68,1500,0.1388
1429,68,1497,0.1388
1417,68,1485,0.1388
1418,71,1489,0.1388
1399,68,1467,0.1388
1409,72,1481,0.1388
1413,74,1487,0.1388
1412,71,1483,0.1388
1415,72,1487,0.1388
1415,72,1487,0.1388
1408,70,1478,0.1388
1396,73,1469,0.1388
1401,76,1477,0.1388
1395,80,1475,0.1388
1410,80,1490,0.1388
1418,79,1497,0.1388
1416,83,1499,0.1388
1415,84,1499,0.1388
1425,81,1506,0.1388
1414,81,1495,0.1388
1421,82,1503,0.1388
1415,80,1495,0.1388
1416,81,1497,0.1388
1405,78,1483,0.1388
1407,76,1483,0.1388
1411,74,1485,0.1388
1407,77,1484,0.1388
1415,77,1492,0.1388
1413,77,1490,0.1388
1417,73,1490,0.1388
1402,75,1477,0.1388
1399,75,1474,0.1388
1412,73,1485,0.1388
1407,73,1480,0.1388
1409,71,1480,0.1388
1410,71,1481,0.1388
1422,71,1493,0.1388
1418,71,1489,0.1388
1420,74,1494,0.1388
1425,75,1500,0.1388
1430,75,1505,0.1388
1441,81,1522,0.1388
1431,81,1512,0.1388
1424,83,1507,0.1388
1417,84,1501,0.1388
1418,83,1501,0.1388
1417,84,1501,0.1388
1403,83,1486,0.1388
1405,85,1490,0.1388
1395,88,1483,0.1388
1401,89,1490,0.1388
1405,86,1491,0.1388
1408,84,1492,0.1388
1409,81,1490,0.1388
1409,82,1491,0.1388
1401,82,1483,0.1388
1409,84,1493,0.1388
1404,80,1484,0.1388
1408,79,1487,0.1388
1413,85,1498,0.1388
1414,87,1501,0.1388
1409,86,1495,0.1388
1406,86,1492,0.1388
1396,88,1484,0.1388
1391,87,1478,0.1388
1400,86,1486,0.1388
1405,86,1491,0.1388
1410,90,1500,0.1388
1410,88,1498,0.1388
1409,86,1495,0.1388
1415,88,1503,0.1388
1408,88,1496,0.1388
1416,86,1502,0.1388
1417,84,1501,0.1388
1414,81,1495,0.1388
1410,82,1492,0.1388
1412,81,1493,0.1388
1410,78,1488,0.1388
1418,80,1498,0.1388
1418,81,1499,0.1388
1425,81,1506,0.1388
1419,83,1502,0.1388
1416,83,1499,0.1388
1409,84,1493,0.1388
1407,89,1496,0.1388
1392,91,1483,0.1388
1390,90,1480,0.1388
1391,91,1482,0.1388
1380,88,1468,0.1388
1386,89,1475,0.1388
1396,88,1484,0.1388
1391,88,1479,0.1388
1403,92,1495,0.1388
1402,92,1494,0.1388
1399,93,1492,0.1388
1398,93,1491,0.1388
1395,95,1490,0.1388
1394,99,1493,0.1388
1398,97,1495,0.1388
1406,100,1506,0.1388
1390,101,1491,0.1388
1379,99,1478,0.1388
1384,102,1486,0.1388
1382,105,1487,0.1388
1389,108,1497,0.1388
1390,113,1503,0.1388
1391,111,1502,0.1388
1390,111,1501,0.1388
1391,114,1505,0.1388
1392,114,1506,0.1388
1385,111,1496,0.1388
1391,115,1506,0.1388
1398,116,1514,0.1388
1400,114,1514,0.1388
1409,113,1522,0.1388
1399,114,1513,0.1388
1404,114,1518,0.1388
1388,113,1501,0.1388
1397,110,1507,0.1388
1378,111,1489,0.1388
1386,111,1497,0.1388
1386,109,1495,0.1388
1393,109,1502,0.1388
1395,107,1502,0.1388
1386,109,1495,0.1388
1376,109,1485,0.1388
1381,112,1493,0.1388
1382,114,1496,0.1388
1389,115,1504,0.1388
1383,114,1497,0.1388
1391,114,1505,0.1388
1378,113,1491,0.1388
1383,109,1492,0.1388
1381,109,1490,0.1388
1376,113,1489,0.1388
1381,117,1498,0.1388
1382,117,1499,0.1388
1377,115,1492,0.1388
1386,117,1503,0.1388
1380,115,1495,0.1388
1384,115,1499,0.1388
1380,113,1493,0.1388
1380,113,1493,0.1388
1374,112,1486,0.1388
1375,114,1489,0.1388
1378,115,1493,0.1388
1369,115,1484,0.1388
1371,117,1488,0.1388
1365,118,1483,0.1388
1372,115,1487,0.1388
1364,120,1484,0.1388
1373,122,1495,0.1388
1380,121,1501,0.1388
1382,123,1505,0.1388
1368,125,1493,0.1388
1366,126,1492,0.1388
1370,131,1501,0.1388
1361,131,1492,0.1388
1355,133,1488,0.1388
1361,129,1490,0.1388
1369,132,1501,0.1388
1367,133,1500,0.1388
1376,128,1504,0.1388
1376,124,1500,0.1388
1378,127,1505,0.1388
1372,127,1499,0.1388
1359,124,1483,0.1388
1357,121,1478,0.1388
1363,116,1479,0.1388
1366,119,1485,0.1388
1374,118,1492,0.1388
1366,118,1484,0.1388
1370,118,1488,0.1388
1375,125,1500,0.1388
1368,124,1492,0.1388
1369,125,1494,0.1388
1375,128,1503,0.1388
1367,127,1494,0.1388
1362,125,1487,0.1388
1354,125,1479,0.1388
1354,121,1475,0.1388
1362,122,1484,0.1388
1357,126,1483,0.1388
1371,123,1494,0.1388
1360,121,1481,0.1388
1359,120,1479,0.1388
1368,121,1489,0.1388
1373,122,1495,0.1388
1374,124,1498,0.1388
1363,124,1487,0.1388
1374,124,1498,0.1388
1367,126,1493,0.1388
1366,126,1492,0.1388
1360,129,1489,0.1388
1371,130,1501,0.1388
1384,135,1519,0.1388
1389,134,1523,0.1388
1384,135,1519,0.1388
1388,133,1521,0.1388
1384,136,1520,0.1388
1377,132,1509,0.1388
1370,136,1506,0.1388
1363,133,1496,0.1388
1360,132,1492,0.1388
1373,131,1504,0.1388
1355,133,1488,0.1388
1365,136,1501,0.1388
1355,134,1489,0.1388
1356,131,1487,0.1388
1364,133,1497,0.1388
1367,135,1502,0.1388
1367,134,1501,0.1388
1369,136,1505,0.1388
1371,131,1502,0.1388
1369,136,1505,0.1388
1369,136,1505,0.1388
1377,141,1518,0.1388
1373,140,1513,0.1388
1372,138,1510,0.1388
1362,135,1497,0.1388
1349,134,1483,0.1388
1328,133,1461,0.1388
1347,136,1483,0.1388
1352,139,1491,0.1388
1349,140,1489,0.1388
1355,139,1494,0.1388
1346,147,1493,0.1388
1346,147,1493,0.1388
1350,150,1500,0.1388
1349,154,1503,0.1388
1339,155,1494,0.1388
1354,153,1507,0.1388
1348,151,1499,0.1388
1347,150,1497,0.1388
1335,155,1490,0.1388
1340,157,1497,0.1388
1342,161,1503,0.1388
1337,163,1500,0.1388
1333,160,1493,0.1388
1332,165,1497,0.1388
1341,164,1505,0.1388
1340,166,1506,0.1388
1332,163,1495,0.1388
1327,167,1494,0.1388
1333,163,1496,0.1388
1329,165,1494,0.1388
1327,167,1494,0.1388
1334,168,1502,0.1388
1318,168,1486,0.1388
1334,168,1502,0.1388
1337,166,1503,0.1388
1341,164,1505,0.1388
1340,163,1503,0.1388
1340,165,1505,0.1388
1335,161,1496,0.1388
1336,157,1493,0.1388
1339,155,1494,0.1388
1325,152,1477,0.1388
1327,154,1481,0.1388
1320,155,1475,0.1388
1332,153,1485,0.1388
1328,157,1485,0.1388
1326,161,1487,0.1388
1338,163,1501,0.1388
1345,165,1510,0.1388
1347,167,1514,0.1388
1328,166,1494,0.1388
1338,163,1501,0.1388
1341,164,1505,0.1388
1337,168,1505,0.1388
1323,167,1490,0.1388
1316,166,1482,0.1388
1302,167,1469,0.1388
1321,169,1490,0.1388
1325,171,1496,0.1388
1324,167,1491,0.1388
1324,169,1493,0.1388
1323,169,1492,0.1388
1321,166,1487,0.1388
1322,166,1488,0.1388
1313,165,1478,0.1388
1301,166,1467,0.1388
1297,175,1472,0.1388
1299,181,1480,0.1388
1287,190,1477,0.1388
1284,189,1473,0.1388
1279,194,1473,0.1388
1295,191,1486,0.1388
1287,191,1478,0.1388
1280,190,1470,0.1388
1291,193,1484,0.1388
1296,198,1494,0.1388
1305,198,1503,0.1388
1306,205,1511,0.1388
1303,208,1511,0.1388
1301,208,1509,0.1388
1281,212,1493,0.1388
1284,211,1495,0.1388
1278,211,1489,0.1388
1280,210,1490,0.1388
1290,205,1495,0.1388
1283,211,1494,0.1388
1289,208,1497,0.1388
1302,206,1508,0.1388
1299,204,1503,0.1388
1293,210,1503,0.1388
1286,219,1505,0.1388
1274,221,1495,0.1388
1280,219,1499,0.1388
1279,217,1496,0.1388
1276,214,1490,0.1388
1285,215,1500,0.1388
1270,210,1480,0.1388
1281,209,1490,0.1388
1281,201,1482,0.1388
1285,200,1485,0.1388
1297,208,1505,0.1388
1290,214,1504,0.1388
1294,207,1501,0.1388
1291,205,1496,0.1388
1283,209,1492,0.1388
1284,207,1491,0.1388
1286,207,1493,0.1388
1288,203,1491,0.1388
1293,209,1502,0.1388
1294,209,1503,0.1388
1291,208,1499,0.1388
1281,208,1489,0.1388
1287,210,1497,0.1388
1283,207,1490,0.1388
1288,216,1504,0.1388
1284,219,1503,0.1388
1292,217,1509,0.1388
1281,218,1499,0.1388
1267,223,1490,0.1388
1279,221,1500,0.1388
1270,222,1492,0.1388
1277,222,1499,0.1388
1272,227,1499,0.1388
1278,226,1504,0.1388
1276,226,1502,0.1388
1274,226,1500,0.1388
1263,220,1483,0.1388
1272,227,1499,0.1388
1264,218,1482,0.1388
1259,227,1486,0.1388
1268,229,1497,0.1388
1264,231,1495,0.1388
1275,231,1506,0.1388
1271,233,1504,0.1388
1259,235,1494,0.1388
1254,235,1489,0.1388
1260,240,1500,0.1388
1261,240,1501,0.1388
1258,236,1494,0.1388
1255,249,1504,0.1388
1258,250,1508,0.1388
1273,246,1519,0.1388
1266,247,1513,0.1388
1247,245,1492,0.1388
1245,243,1488,0.1388
1257,250,1507,0.1388
1254,245,1499,0.1388
1262,247,1509,0.1388
1259,249,1508,0.1388
1259,246,1505,0.1388
1251,248,1499,0.1388
1250,252,1502,0.1388
1246,252,1498,0.1388
1245,247,1492,0.1388
1231,246,1477,0.1388
1230,248,1478,0.1388
1227,244,1471,0.1388
1230,248,1478,0.1388
1244,244,1488,0.1388
1258,250,1508,0.1388
1247,255,1502,0.1388
1233,256,1489,0.1388
1237,259,1496,0.1388
1230,257,1487,0.1388
1247,260,1507,0.1388
1259,256,1515,0.1388
1262,254,1516,0.1388
1253,254,1507,0.1388
1245,252,1497,0.1388
1243,251,1494,0.1388
1240,254,1494,0.1388
1236,251,1487,0.1388
1228,256,1484,0.1388
1228,259,1487,0.1388
1234,262,1496,0.1388
1227,264,1491,0.1388
1220,260,1480,0.1388
1234,259,1493,0.1388
1221,260,1481,0.1388
1219,260,1479,0.1388
1221,259,1480,0.1388
1223,260,1483,0.1388
1227,264,1491,0.1388
1221,264,1485,0.1388
1219,266,1485,0.1388
1237,265,1502,0.1388
1239,261,1500,0.1388
1244,260,1504,0.1388
1229,262,1491,0.1388
1231,267,1498,0.1388
1223,266,1489,0.1388
1225,261,1486,0.1388
1230,267,1497,0.1388
1228,269,1497,0.1388
1241,265,1506,0.1388
1239,270,1509,0.1388
1221,268,1489,0.1388
1237,267,1504,0.1388
1235,267,1502,0.1388
1228,264,1492,0.1388
1232,274,1506,0.1388
1222,269,1491,0.1388
1217,272,1489,0.1388
1216,277,1493,0.1388
1208,279,1487,0.1388
1209,280,1489,0.1388
1208,274,1482,0.1388
1217,274,1491,0.1388
1229,277,1506,0.1388
1231,277,1508,0.1388
1225,276,1501,0.1388
1227,281,1508,0.1388
1211,284,1495,0.1388
1212,282,1494,0.1388
1204,283,1487,0.1388
1201,288,1489,0.1388
1204,288,1492,0.1388
1197,290,1487,0.1388
1204,289,1493,0.1388
1201,293,1494,0.1388
1200,285,1485,0.1388
1206,289,1495,0.1388
1199,293,1492,0.1388
1195,297,1492,0.1388
1199,298,1497,0.1388
1195,290,1485,0.1388
1187,295,1482,0.1388
1193,295,1488,0.1388
1200,306,1506,0.1388
1209,305,1514,0.1388
1204,305,1509,0.1388
1198,310,1508,0.1388
1201,312,1513,0.1388
1192,310,1502,0.1388
1191,310,1501,0.1388
1188,311,1499,0.1388
1174,313,1487,0.1388
1185,313,1498,0.1388
1188,306,1494,0.1388
1198,308,1506,0.1388
1187,308,1495,0.1388
1195,315,1510,0.1388
1202,313,1515,0.1388
1191,306,1497,0.1388
1196,309,1505,0.1388
1196,304,1500,0.1388
1194,310,1504,0.1388
1196,316,1512,0.1388
1196,316,1512,0.1388
1203,311,1514,0.1388
1189,315,1504,0.1388
1193,319,1512,0.1388
1194,316,1510,0.1388
1183,309,1492,0.1388
1185,313,1498,0.1388
1185,311,1496,0.1388
1189,316,1505,0.1388
1196,321,1517,0.1388
1191,317,1508,0.1388
1192,313,1505,0.1388
1184,313,1497,0.1388
1187,312,1499,0.1388
1175,314,1489,0.1388
1178,314,1492,0.1388
1169,317,1486,0.1388
1176,323,1499,0.1388
1166,326,1492,0.1388
1170,325,1495,0.1388
1172,327,1499,0.1388
1172,317,1489,0.1388
1179,314,1493,0.1388
1174,327,1501,0.1388
1175,325,1500,0.1388
1176,326,1502,0.1388
1166,333,1499,0.1388
1165,336,1501,0.1388
1172,334,1506,0.1388
1168,337,1505,0.1388
1168,339,1507,0.1388
1170,343,1513,0.1388
1151,345,1496,0.1388
1136,348,1484,0.1388
1133,342,1475,0.1388
1139,340,1479,0.1388
1121,338,1459,0.1388
1121,341,1462,0.1388
1133,337,1470,0.1388
1144,337,1481,0.1388
1159,340,1499,0.1388
1152,349,1501,0.1388
1154,351,1505,0.1388
1155,349,1504,0.1388
1149,355,1504,0.1388
1150,355,1505,0.1388
1151,355,1506,0.1388
1146,362,1508,0.1388
1145,364,1509,0.1388
1146,367,1513,0.1388
1147,367,1514,0.1388
1141,373,1514,0.1388
1126,372,1498,0.1388
1122,373,1495,0.1388
1122,370,1492,0.1388
1124,373,1497,0.1388
1125,371,1496,0.1388
1115,378,1493,0.1388
1128,375,1503,0.1388
1130,381,1511,0.1388
1120,375,1495,0.1388
1112,378,1490,0.1388
1103,385,1488,0.1388
1091,384,1475,0.1388
1091,388,1479,0.1388
1085,395,1480,0.1388
1083,401,1484,0.1388
1084,400,1484,0.1388
1080,409,1489,0.1388
1077,406,1483,0.1388
1083,405,1488,0.1388
1092,409,1501,0.1388
1093,405,1498,0.1388
1095,411,1506,0.1388
1097,418,1515,0.1388
1093,410,1503,0.1388
1094,405,1499,0.1388
1088,409,1497,0.1388
1085,409,1494,0.1388
1095,415,1510,0.1388
1099,417,1516,0.1388
1099,419,1518,0.1388
1095,413,1508,0.1388
1098,417,1515,0.1388
1080,423,1503,0.1388
1088,430,1518,0.1388
1082,431,1513,0.1388
1085,436,1521,0.1388
1091,428,1519,0.1388
1080,421,1501,0.1388
1073,423,1496,0.1388
1071,434,1505,0.1388
1067,429,1496,0.1388
1071,424,1495,0.1388
1070,429,1499,0.1388
1074,428,1502,0.1388
1075,432,1507,0.1388
1062,431,1493,0.1388
1075,443,1518,0.1388
1062,444,1506,0.1388
1055,445,1500,0.1388
1062,437,1499,0.1388
1062,439,1501,0.1388
1053,442,1495,0.1388
1050,447,1497,0.1388
1044,451,1495,0.1388
1039,446,1485,0.1388
1019,447,1466,0.1388
1025,449,1474,0.1388
1023,452,1475,0.1388
1041,454,1495,0.1388
1038,454,1492,0.1388
1035,455,1490,0.1388
1043,458,1501,0.1388
1039,466,1505,0.1388
1035,469,1504,0.1388
1022,468,1490,0.1388
1035,476,1511,0.1388
1028,471,1499,0.1388
1012,464,1476,0.1388
1023,462,1485,0.1388
1023,461,1484,0.1388
1038,459,1497,0.1388
1033,471,1504,0.1388
1028,473,1501,0.1388
1016,477,1493,0.1388
1021,480,1501,0.1388
1013,487,1500,0.1388
1017,488,1505,0.1388
1012,482,1494,0.1388
1013,487,1500,0.1388
1014,499,1513,0.1388
1010,501,1511,0.1388
1011,502,1513,0.1388
1004,505,1509,0.1388
989,506,1495,0.1388
981,514,1495,0.1388
990,507,1497,0.1388
1000,503,1503,0.1388
996,507,1503,0.1388
997,506,1503,0.1388
1000,507,1507,0.1388
998,509,1507,0.1388
985,512,1497,0.1388
994,514,1508,0.1388
998,514,1512,0.1388
994,512,1506,0.1388
998,512,1510,0.1388
1000,511,1511,0.1388
983,514,1497,0.1388
990,513,1503,0.1388
995,511,1506,0.1388
983,501,1484,0.1388
981,500,1481,0.1388
980,505,1485,0.1388
990,502,1492,0.1388
996,507,1503,0.1388
994,509,1503,0.1388
1004,508,1512,0.1388
997,510,1507,0.1388
986,512,1498,0.1388
982,505,1487,0.1388
989,510,1499,0.1388
988,511,1499,0.1388
984,519,1503,0.1388
985,519,1504,0.1388
996,521,1517,0.1388
991,518,1509,0.1388
987,522,1509,0.1388
986,518,1504,0.1388
973,512,1485,0.1388
964,522,1486,0.1388
973,529,1502,0.1388
990,532,1522,0.1388
993,530,1523,0.1388
983,534,1517,0.1388
978,528,1506,0.1388
984,528,1512,0.1388
987,534,1521,0.1388
995,530,1525,0.1388
999,524,1523,0.1388
981,526,1507,0.1388
979,532,1511,0.1388
973,529,1502,0.1388
979,531,1510,0.1388
981,534,1515,0.1388
978,541,1519,0.1388
968,543,1511,0.1388
974,541,1515,0.1388
983,532,1515,0.1388
977,542,1519,0.1388
966,543,1509,0.1388
957,541,1498,0.1388
944,548,1492,0.1388
936,546,1482,0.1388
928,550,1478,0.1388
928,557,1485,0.1388
937,558,1495,0.1388
941,557,1498,0.1388
934,559,1493,0.1388
933,548,1481,0.1388
940,553,1493,0.1388
938,556,1494,0.1388
936,570,1506,0.1388
931,576,1507,0.1388
934,581,1515,0.1388
920,584,1504,0.1388
926,581,1507,0.1388
925,582,1507,0.1388
926,580,1506,0.1388
924,582,1506,0.1388
912,583,1495,0.1388
910,583,1493,0.1388
910,585,1495,0.1388
917,588,1505,0.1388
921,579,1500,0.1388
917,580,1497,0.1388
920,589,1509,0.1388
920,590,1510,0.1388
926,587,1513,0.1388
919,583,1502,0.1388
910,598,1508,0.1388
910,592,1502,0.1388
902,588,1490,0.1388
910,583,1493,0.1388
922,587,1509,0.1388
909,588,1497,0.1388
909,592,1501,0.1388
905,601,1506,0.1388
923,596,1519,0.1388
917,596,1513,0.1388
920,601,1521,0.1388
920,598,1518,0.1388
920,586,1506,0.1388
906,600,1506,0.1388
914,601,1515,0.1388
909,598,1507,0.1388
906,606,1512,0.1388
899,612,1511,0.1388
890,613,1503,0.1388
889,609,1498,0.1388
901,605,1506,0.1388
900,604,1504,0.1388
902,607,1509,0.1388
903,613,1516,0.1388
906,603,1509,0.1388
906,602,1508,0.1388
902,607,1509,0.1388
908,596,1504,0.1388
908,603,1511,0.1388
904,607,1511,0.1388
899,604,1503,0.1388
900,604,1504,0.1388
917,604,1521,0.1388
910,602,1512,0.1388
908,599,1507,0.1388
899,602,1501,0.1388
906,604,1510,0.1388
906,610,1516,0.1388
910,600,1510,0.1388
911,595,1506,0.1388
909,605,1514,0.1388
906,604,1510,0.1388
907,594,1501,0.1388
897,603,1500,0.1388
902,600,1502,0.1388
896,597,1493,0.1388
905,588,1493,0.1388
904,596,1500,0.1388
901,600,1501,0.1388
905,605,1510,0.1388
894,607,1501,0.1388
897,606,1503,0.1388
903,604,1507,0.1388
901,603,1504,0.1388
897,609,1506,0.1388
892,622,1514,0.1388
883,620,1503,0.1388
875,625,1500,0.1388
880,618,1498,0.1388
864,623,1487,0.1388
865,619,1484,0.1388
862,631,1493,0.1388
854,629,1483,0.1388
864,634,1498,0.1388
867,639,1506,0.1388
861,650,1511,0.1388
860,645,1505,0.1388
856,647,1503,0.1388
862,647,1509,0.1388
862,648,1510,0.1388
862,653,1515,0.1388
853,654,1507,0.1388
843,656,1499,0.1388
840,658,1498,0.1388
845,653,1498,0.1388
842,657,1499,0.1388
848,650,1498,0.1388
856,651,1507,0.1388
856,651,1507,0.1388
857,644,1501,0.1388
860,647,1507,0.1388
856,642,1498,0.1388
861,641,1502,0.1388
867,648,1515,0.1388
860,642,1502,0.1388
867,640,1507,0.1388
863,639,1502,0.1388
861,647,1508,0.1388
864,650,1514,0.1388
861,651,1512,0.1388
857,642,1499,0.1388
849,649,1498,0.1388
845,648,1493,0.1388
842,654,1496,0.1388
848,651,1499,0.1388
843,652,1495,0.1388
841,648,1489,0.1388
826,653,1479,0.1388
832,657,1489,0.1388
834,659,1493,0.1388
820,663,1483,0.1388
827,674,1501,0.1388
827,675,1502,0.1388
817,678,1495,0.1388
825,670,1495,0.1388
835,670,1505,0.1388
829,671,1500,0.1388
818,675,1493,0.1388
835,674,1509,0.1388
833,672,1505,0.1388
833,668,1501,0.1388
832,655,1487,0.1388
836,655,1491,0.1388
839,663,1502,0.1388
831,679,1510,0.1388
819,682,1501,0.1388
826,684,1510,0.1388
826,694,1520,0.1388
822,691,1513,0.1388
828,687,1515,0.1388
828,683,1511,0.1388
828,677,1505,0.1388
826,678,1504,0.1388
818,687,1505,0.1388
813,696,1509,0.1388
809,699,1508,0.1388
806,690,1496,0.1388
803,694,1497,0.1388
802,697,1499,0.1388
798,709,1507,0.1388
798,699,1497,0.1388
806,705,1511,0.1388
797,703,1500,0.1388
790,708,1498,0.1388
787,708,1495,0.1388
789,714,1503,0.1388
793,716,1509,0.1388
789,716,1505,0.1388
791,714,1505,0.1388
789,715,1504,0.1388
789,715,1504,0.1388
789,719,1508,0.1388
788,714,1502,0.1388
790,712,1502,0.1388
780,719,1499,0.1388
787,712,1499,0.1388
791,714,1505,0.1388
799,714,1513,0.1388
797,713,1510,0.1388
803,707,1510,0.1388
809,696,1505,0.1388
808,696,1504,0.1388
809,705,1514,0.1388
812,704,1516,0.1388
809,701,1510,0.1388
808,710,1518,0.1388
800,713,1513,0.1388
799,712,1511,0.1388
800,714,1514,0.1388
793,716,1509,0.1388
793,715,1508,0.1388
791,713,1504,0.1388
792,715,1507,0.1388
782,714,1496,0.1388
775,725,1500,0.1388
776,723,1499,0.1388
783,715,1498,0.1388
780,722,1502,0.1388
781,721,1502,0.1388
774,727,1501,0.1388
773,730,1503,0.1388
779,731,1510,0.1388
766,724,1490,0.1388
771,716,1487,0.1388
780,721,1501,0.1388
782,728,1510,0.1388
776,735,1511,0.1388
782,736,1518,0.1388
769,740,1509,0.1388
769,738,1507,0.1388
760,738,1498,0.1388
757,734,1491,0.1388
763,740,1503,0.1388
753,749,1502,0.1388
748,740,1488,0.1388
748,740,1488,0.1388
752,742,1494,0.1388
757,742,1499,0.1388
755,750,1505,0.1388
751,750,1501,0.1388
750,756,1506,0.1388
748,764,1512,0.1388
751,762,1513,0.1388
744,760,1504,0.1388
746,760,1506,0.1388
742,760,1502,0.1388
745,755,1500,0.1388
751,759,1510,0.1388
747,763,1510,0.1388
742,766,1508,0.1388
740,772,1512,0.1388
742,765,1507,0.1388
742,762,1504,0.1388
747,761,1508,0.1388
748,776,1524,0.1388
743,770,1513,0.1388
746,767,1513,0.1388
745,751,1496,0.1388
756,754,1510,0.1388
752,753,1505,0.1388
755,746,1501,0.1388
752,746,1498,0.1388
756,751,1507,0.1388
757,754,1511,0.1388
747,764,1511,0.1388
747,762,1509,0.1388
744,765,1509,0.1388
733,766,1499,0.1388
733,781,1514,0.1388
729,779,1508,0.1388
731,784,1515,0.1388
735,781,1516,0.1388
738,780,1518,0.1388
731,789,1520,0.1388
721,784,1505,0.1388
726,782,1508,0.1388
722,785,1507,0.1388
724,790,1514,0.1388
722,793,1515,0.1388
730,798,1528,0.1388
719,796,1515,0.1388
717,786,1503,0.1388
710,796,1506,0.1388
707,797,1504,0.1388
703,800,1503,0.1388
707,805,1512,0.1388
702,808,1510,0.1388
697,817,1514,0.1388
696,809,1505,0.1388
692,811,1503,0.1388
691,816,1507,0.1388
691,817,1508,0.1388
691,818,1509,0.1388
691,821,1512,0.1388
696,823,1519,0.1388
699,825,1524,0.1388
704,823,1527,0.1388
701,818,1519,0.1388
691,817,1508,0.1388
692,822,1514,0.1388
685,826,1511,0.1388
682,827,1509,0.1388
678,834,1512,0.1388
672,836,1508,0.1388
680,824,1504,0.1388
682,828,1510,0.1388
674,823,1497,0.1388
668,828,1496,0.1388
673,829,1502,0.1388
672,837,1509,0.1388
674,838,1512,0.1388
680,838,1518,0.1388
674,827,1501,0.1388
668,827,1495,0.1388
659,827,1486,0.1388
654,837,1491,0.1388
653,843,1496,0.1388
666,849,1515,0.1388
659,849,1508,0.1388
655,854,1509,0.1388
650,858,1508,0.1388
649,864,1513,0.1388
645,870,1515,0.1388
648,880,1528,0.1388
643,876,1519,0.1388
643,884,1527,0.1388
638,881,1519,0.1388
636,874,1510,0.1388
633,889,1522,0.1388
633,891,1524,0.1388
631,885,1516,0.1388
631,889,1520,0.1388
636,879,1515,0.1388
631,877,1508,0.1388
623,878,1501,0.1388
618,889,1507,0.1388
614,893,1507,0.1388
621,908,1529,0.1388
619,896,1515,0.1388
627,896,1523,0.1388
621,885,1506,0.1388
617,888,1505,0.1388
617,889,1506,0.1388
623,886,1509,0.1388
624,876,1500,0.1388
627,889,1516,0.1388
626,888,1514,0.1388
638,883,1521,0.1388
638,880,1518,0.1388
635,878,1513,0.1388
632,882,1514,0.1388
621,885,1506,0.1388
620,882,1502,0.1388
625,881,1506,0.1388
616,882,1498,0.1388
617,881,1498,0.1388
616,875,1491,0.1388
624,884,1508,0.1388
637,884,1521,0.1388
637,880,1517,0.1388
641,874,1515,0.1388
634,877,1511,0.1388
630,869,1499,0.1388
625,881,1506,0.1388
613,882,1495,0.1388
607,894,1501,0.1388
611,891,1502,0.1388
609,893,1502,0.1388
607,896,1503,0.1388
597,900,1497,0.1388
614,900,1514,0.1388
614,895,1509,0.1388
612,892,1504,0.1388
604,902,1506,0.1388
608,902,1510,0.1388
605,908,1513,0.1388
608,907,1515,0.1388
607,907,1514,0.1388
611,909,1520,0.1388
608,907,1515,0.1388
605,904,1509,0.1388
599,904,1503,0.1388
595,906,1501,0.1388
592,912,1504,0.1388
582,921,1503,0.1388
591,916,1507,0.1388
586,915,1501,0.1388
582,910,1492,0.1388
584,923,1507,0.1388
588,930,1518,0.1388
587,933,1520,0.1388
585,936,1521,0.1388
582,941,1523,0.1388
577,947,1524,0.1388
569,957,1526,0.1388
560,945,1505,0.1388
552,948,1500,0.1388
553,950,1503,0.1388
546,963,1509,0.1388
542,965,1507,0.1388
545,960,1505,0.1388
542,954,1496,0.1388
544,958,1502,0.1388
547,950,1497,0.1388
538,959,1497,0.1388
526,952,1478,0.1388
527,957,1484,0.1388
529,959,1488,0.1388
531,977,1508,0.1388
532,982,1514,0.1388
529,989,1518,0.1388
524,976,1500,0.1388
524,969,1493,0.1388
523,969,1492,0.1388
523,971,1494,0.1388
518,963,1481,0.1388
518,971,1489,0.1388
528,977,1505,0.1388
525,992,1517,0.1388
525,980,1505,0.1388
521,969,1490,0.1388
519,972,1491,0.1388
518,970,1488,0.1388
509,974,1483,0.1388
518,984,1502,0.1388
509,991,1500,0.1388
516,988,1504,0.1388
524,995,1519,0.1388
525,996,1521,0.1388
523,993,1516,0.1388
513,988,1501,0.1388
514,1001,1515,0.1388
513,1005,1518,0.1388
515,1005,1520,0.1388
510,1000,1510,0.1388
508,1006,1514,0.1388
503,1007,1510,0.1388
499,1002,1501,0.1388
500,1000,1500,0.1388
508,996,1504,0.1388
512,996,1508,0.1388
504,1010,1514,0.1388
505,1015,1520,0.1388
502,1006,1508,0.1388
508,1008,1516,0.1388
504,1001,1505,0.1388
497,1005,1502,0.1388
503,1012,1515,0.1388
500,1009,1509,0.1388
507,1009,1516,0.1388
500,1010,1510,0.1388
495,1019,1514,0.1388
486,1028,1514,0.1388
483,1022,1505,0.1388
479,1022,1501,0.1388
477,1030,1507,0.1388
471,1033,1504,0.1388
474,1026,1500,0.1388
471,1039,1510,0.1388
464,1048,1512,0.1388
464,1041,1505,0.1388
462,1024,1486,0.1388
457,1033,1490,0.1388
466,1047,1513,0.1388
468,1041,1509,0.1388
458,1049,1507,0.1388
456,1057,1513,0.1388
464,1051,1515,0.1388
464,1053,1517,0.1388
460,1065,1525,0.1388
455,1058,1513,0.1388
455,1058,1513,0.1388
456,1052,1508,0.1388
458,1058,1516,0.1388
451,1060,1511,0.1388
441,1074,1515,0.1388
448,1067,1515,0.1388
450,1072,1522,0.1388
454,1073,1527,0.1388
454,1069,1523,0.1388
453,1066,1519,0.1388
450,1062,1512,0.1388
448,1070,1518,0.1388
451,1059,1510,0.1388
455,1063,1518,0.1388
458,1063,1521,0.1388
458,1055,1513,0.1388
464,1064,1528,0.1388
461,1051,1512,0.1388
460,1056,1516,0.1388
461,1056,1517,0.1388
461,1064,1525,0.1388
460,1065,1525,0.1388
452,1057,1509,0.1388
448,1069,1517,0.1388
444,1068,1512,0.1388
444,1060,1504,0.1388
445,1060,1505,0.1388
448,1074,1522,0.1388
450,1079,1529,0.1388
448,1065,1513,0.1388
447,1063,1510,0.1388
446,1068,1514,0.1388
445,1069,1514,0.1388
445,1076,1521,0.1388
440,1078,1518,0.1388
427,1079,1506,0.1388
429,1076,1505,0.1388
436,1081,1517,0.1388
436,1077,1513,0.1388
438,1074,1512,0.1388
439,1076,1515,0.1388
439,1060,1499,0.1388
441,1062,1503,0.1388
438,1072,1510,0.1388
436,1071,1507,0.1388
432,1079,1511,0.1388
426,1080,1506,0.1388
428,1074,1502,0.1388
426,1075,1501,0.1388
424,1085,1509,0.1388
424,1090,1514,0.1388
420,1093,1513,0.1388
417,1093,1510,0.1388
414,1100,1514,0.1388
417,1094,1511,0.1388
420,1095,1515,0.1388
418,1093,1511,0.1388
418,1097,1515,0.1388
417,1091,1508,0.1388
410,1105,1515,0.1388
414,1099,1513,0.1388
416,1095,1511,0.1388
410,1086,1496,0.1388
410,1077,1487,0.1388
402,1092,1494,0.1388
397,1100,1497,0.1388
406,1102,1508,0.1388
408,1107,1515,0.1388
409,1095,1504,0.1388
408,1093,1501,0.1388
399,1096,1495,0.1388
400,1100,1500,0.1388
403,1104,1507,0.1388
404,1108,1512,0.1388
404,1109,1513,0.1388
407,1114,1521,0.1388
408,1115,1523,0.1388
407,1126,1533,0.1388
405,1108,1513,0.1388
401,1110,1511,0.1388
393,1117,1510,0.1388
395,1110,1505,0.1388
395,1117,1512,0.1388
387,1117,1504,0.1388
386,1113,1499,0.1388
383,1109,1492,0.1388
384,1112,1496,0.1388
385,1119,1504,0.1388
387,1128,1515,0.1388
384,1132,1516,0.1388
390,1121,1511,0.1388
400,1120,1520,0.1388
393,1123,1516,0.1388
389,1123,1512,0.1388
396,1118,1514,0.1388
391,1119,1510,0.1388
394,1119,1513,0.1388
392,1128,1520,0.1388
382,1127,1509,0.1388
376,1126,1502,0.1388
370,1126,1496,0.1388
370,1134,1504,0.1388
367,1142,1509,0.1388
373,1142,1515,0.1388
369,1146,1515,0.1388
373,1145,1518,0.1388
367,1146,1513,0.1388
358,1140,1498,0.1388
358,1155,1513,0.1388
351,1165,1516,0.1388
350,1171,1521,0.1388
349,1175,1524,0.1388
348,1175,1523,0.1388
351,1171,1522,0.1388
348,1154,1502,0.1388
350,1157,1507,0.1388
345,1158,1503,0.1388
339,1167,1506,0.1388
339,1174,1513,0.1388
339,1179,1518,0.1388
336,1172,1508,0.1388
332,1177,1509,0.1388
334,1180,1514,0.1388
333,1181,1514,0.1388
334,1174,1508,0.1388
332,1165,1497,0.1388
329,1170,1499,0.1388
332,1185,1517,0.1388
333,1182,1515,0.1388
326,1182,1508,0.1388
325,1174,1499,0.1388
332,1181,1513,0.1388
331,1188,1519,0.1388
333,1189,1522,0.1388
327,1187,1514,0.1388
325,1181,1506,0.1388
321,1179,1500,0.1388
328,1187,1515,0.1388
328,1184,1512,0.1388
330,1174,1504,0.1388
328,1189,1517,0.1388
323,1199,1522,0.1388
322,1194,1516,0.1388
327,1185,1512,0.1388
323,1183,1506,0.1388
327,1187,1514,0.1388
327,1189,1516,0.1388
325,1191,1516,0.1388
321,1203,1524,0.1388
320,1200,1520,0.1388
315,1191,1506,0.1388
313,1180,1493,0.1388
316,1184,1500,0.1388
314,1200,1514,0.1388
313,1207,1520,0.1388
308,1206,1514,0.1388
309,1188,1497,0.1388
312,1198,1510,0.1388
310,1201,1511,0.1388
312,1199,1511,0.1388
305,1198,1503,0.1388
307,1199,1506,0.1388
304,1206,1510,0.1388
305,1201,1506,0.1388
308,1199,1507,0.1388
299,1209,1508,0.1388
296,1202,1498,0.1388
293,1209,1502,0.1388
299,1206,1505,0.1388
296,1200,1496,0.1388
294,1205,1499,0.1388
304,1204,1508,0.1388
304,1207,1511,0.1388
305,1207,1512,0.1388
304,1204,1508,0.1388
305,1203,1508,0.1388
300,1195,1495,0.1388
309,1205,1514,0.1388
311,1202,1513,0.1388
308,1208,1516,0.1388
304,1218,1522,0.1388
304,1221,1525,0.1388
296,1226,1522,0.1388
297,1223,1520,0.1388
302,1213,1515,0.1388
299,1200,1499,0.1388
304,1199,1503,0.1388
306,1203,1509,0.1388
304,1205,1509,0.1388
297,1209,1506,0.1388
294,1218,1512,0.1388
293,1216,1509,0.1388
293,1231,1524,0.1388
290,1230,1520,0.1388
289,1234,1523,0.1388
291,1219,1510,0.1388
290,1215,1505,0.1388
292,1222,1514,0.1388
284,1238,1522,0.1388
277,1238,1515,0.1388
279,1230,1509,0.1388
275,1245,1520,0.1388
274,1247,1521,0.1388
269,1250,1519,0.1388
273,1244,1517,0.1388
275,1249,1524,0.1388
277,1246,1523,0.1388
273,1255,1528,0.1388
271,1239,1510,0.1388
275,1247,1522,0.1388
269,1244,1513,0.1388
272,1252,1524,0.1388
270,1245,1515,0.1388
269,1238,1507,0.1388
269,1236,1505,0.1388
267,1238,1505,0.1388
265,1239,1504,0.1388
258,1246,1504,0.1388
260,1250,1510,0.1388
263,1257,1520,0.1388
259,1262,1521,0.1388
257,1268,1525,0.1388
254,1271,1525,0.1388
256,1264,1520,0.1388
255,1275,1530,0.1388
254,1277,1531,0.1388
250,1272,1522,0.1388
250,1260,1510,0.1388
258,1259,1517,0.1388
257,1267,1524,0.1388
253,1274,1527,0.1388
248,1279,1527,0.1388
245,1269,1514,0.1388
248,1262,1510,0.1388
253,1278,1531,0.1388
249,1255,1504,0.1388
243,1274,1517,0.1388
244,1260,1504,0.1388
244,1265,1509,0.1388
240,1267,1507,0.1388
239,1251,1490,0.1388
240,1250,1490,0.1388
244,1247,1491,0.1388
240,1264,1504,0.1388
241,1268,1509,0.1388
236,1272,1508,0.1388
232,1265,1497,0.1388
229,1265,1494,0.1388
229,1263,1492,0.1388
227,1272,1499,0.1388
223,1271,1494,0.1388
222,1274,1496,0.1388
219,1293,1512,0.1388
219,1305,1524,0.1388
220,1302,1522,0.1388
216,1295,1511,0.1388
213,1296,1509,0.1388
209,1295,1504,0.1388
207,1298,1505,0.1388
203,1321,1524,0.1388
204,1323,1527,0.1388
207,1319,1526,0.1388
206,1327,1533,0.1388
207,1330,1537,0.1388
201,1319,1520,0.1388
197,1324,1521,0.1388
197,1321,1518,0.1388
199,1327,1526,0.1388
199,1330,1529,0.1388
194,1322,1516,0.1388
201,1320,1521,0.1388
198,1330,1528,0.1388
195,1311,1506,0.1388
196,1321,1517,0.1388
196,1328,1524,0.1388
194,1320,1514,0.1388
195,1325,1520,0.1388
193,1315,1508,0.1388
193,1317,1510,0.1388
196,1319,1515,0.1388
199,1320,1519,0.1388
198,1309,1507,0.1388
196,1308,1504,0.1388
197,1309,1506,0.1388
196,1313,1509,0.1388
203,1309,1512,0.1388
206,1318,1524,0.1388
202,1309,1511,0.1388
200,1321,1521,0.1388
205,1310,1515,0.1388
203,1311,1514,0.1388
204,1301,1505,0.1388
197,1314,1511,0.1388
199,1319,1518,0.1388
194,1319,1513,0.1388
193,1321,1514,0.1388
199,1313,1512,0.1388
200,1319,1519,0.1388
199,1319,1518,0.1388
196,1325,1521,0.1388
192,1328,1520,0.1388
191,1321,1512,0.1388
197,1318,1515,0.1388
198,1314,1512,0.1388
199,1303,1502,0.1388
207,1315,1522,0.1388
206,1319,1525,0.1388
205,1312,1517,0.1388
204,1311,1515,0.1388
206,1301,1507,0.1388
205,1312,1517,0.1388
204,1309,1513,0.1388
207,1322,1529,0.1388
206,1316,1522,0.1388
210,1310,1520,0.1388
211,1321,1532,0.1388
210,1306,1516,0.1388
208,1301,1509,0.1388
208,1308,1516,0.1388
210,1301,1511,0.1388
209,1297,1506,0.1388
211,1301,1512,0.1388
205,1304,1509,0.1388
203,1304,1507,0.1388
200,1314,1514,0.1388
201,1316,1517,0.1388
199,1319,1518,0.1388
198,1323,1521,0.1388
194,1335,1529,0.1388
191,1338,1529,0.1388
192,1335,1527,0.1388
189,1322,1511,0.1388
188,1309,1497,0.1388
195,1316,1511,0.1388
196,1328,1524,0.1388
193,1334,1527,0.1388
192,1328,1520,0.1388
192,1333,1525,0.1388
192,1329,1521,0.1388
191,1325,1516,0.1388
189,1322,1511,0.1388
192,1332,1524,0.1388
192,1327,1519,0.1388
191,1321,1512,0.1388
193,1306,1499,0.1388
189,1305,1494,0.1388
191,1315,1506,0.1388
192,1309,1501,0.1388
193,1318,1511,0.1388
187,1320,1507,0.1388
183,1303,1486,0.1388
182,1317,1499,0.1388
184,1330,1514,0.1388
183,1331,1514,0.1388
186,1333,1519,0.1388
190,1333,1523,0.1388
189,1343,1532,0.1388
188,1359,1547,0.1388
187,1354,1541,0.1388
185,1344,1529,0.1388
189,1337,1526,0.1388
189,1338,1527,0.1388
183,1339,1522,0.1388
181,1346,1527,0.1388
177,1341,1518,0.1388
176,1350,1526,0.1388
175,1348,1523,0.1388
178,1344,1522,0.1388
178,1332,1510,0.1388
178,1328,1506,0.1388
175,1326,1501,0.1388
178,1332,1510,0.1388
179,1327,1506,0.1388
179,1332,1511,0.1388
177,1323,1500,0.1388
178,1335,1513,0.1388
174,1335,1509,0.1388
173,1326,1499,0.1388
167,1343,1510,0.1388
166,1353,1519,0.1388
167,1349,1516,0.1388
165,1352,1517,0.1388
160,1346,1506,0.1388
161,1351,1512,0.1388
162,1360,1522,0.1388
163,1347,1510,0.1388
171,1350,1521,0.1388
172,1338,1510,0.1388
168,1338,1506,0.1388
164,1354,1518,0.1388
158,1353,1511,0.1388
154,1356,1510,0.1388
156,1355,1511,0.1388
153,1365,1518,0.1388
154,1375,1529,0.1388
160,1377,1537,0.1388
159,1378,1537,0.1388
158,1365,1523,0.1388
156,1351,1507,0.1388
155,1353,1508,0.1388
153,1356,1509,0.1388
152,1348,1500,0.1388
150,1344,1494,0.1388
153,1331,1484,0.1388
153,1340,1493,0.1388
155,1354,1509,0.1388
152,1361,1513,0.1388
149,1357,1506,0.1388
151,1362,1513,0.1388
154,1356,1510,0.1388
152,1368,1520,0.1388
149,1363,1512,0.1388
147,1368,1515,0.1388
146,1373,1519,0.1388
147,1370,1517,0.1388
143,1370,1513,0.1388
137,1369,1506,0.1388
135,1386,1521,0.1388
134,1385,1519,0.1388
137,1383,1520,0.1388
138,1389,1527,0.1388
139,1392,1531,0.1388
135,1394,1529,0.1388
135,1391,1526,0.1388
134,1385,1519,0.1388
133,1397,1530,0.1388
129,1396,1525,0.1388
129,1376,1505,0.1388
128,1386,1514,0.1388
126,1382,1508,0.1388
129,1381,1510,0.1388
131,1384,1515,0.1388
129,1395,1524,0.1388
128,1389,1517,0.1388
127,1390,1517,0.1388
125,1385,1510,0.1388
126,1386,1512,0.1388
126,1373,1499,0.1388
128,1376,1504,0.1388
131,1371,1502,0.1388
133,1369,1502,0.1388
134,1386,1520,0.1388
134,1396,1530,0.1388
134,1388,1522,0.1388
133,1395,1528,0.1388
133,1383,1516,0.1388
134,1391,1525,0.1388
134,1388,1522,0.1388
131,1385,1516,0.1388
129,1383,1512,0.1388
130,1382,1512,0.1388
129,1374,1503,0.1388
126,1374,1500,0.1388
129,1386,1515,0.1388
130,1380,1510,0.1388
127,1393,1520,0.1388
126,1388,1514,0.1388
128,1404,1532,0.1388
123,1399,1522,0.1388
126,1399,1525,0.1388
128,1401,1529,0.1388
124,1394,1518,0.1388
124,1394,1518,0.1388
123,1389,1512,0.1388
122,1384,1506,0.1388
124,1385,1509,0.1388
122,1391,1513,0.1388
119,1385,1504,0.1388
121,1390,1511,0.1388
118,1392,1510,0.1388
119,1398,1517,0.1388
120,1394,1514,0.1388
118,1393,1511,0.1388
116,1414,1530,0.1388
113,1396,1509,0.1388
116,1398,1514,0.1388
117,1407,1524,0.1388
113,1399,1512,0.1388
111,1401,1512,0.1388
115,1400,1515,0.1388
119,1402,1521,0.1388
116,1399,1515,0.1388
113,1411,1524,0.1388
113,1397,1510,0.1388
114,1397,1511,0.1388
116,1390,1506,0.1388
117,1393,1510,0.1388
116,1401,1517,0.1388
115,1406,1521,0.1388
113,1399,1512,0.1388
115,1406,1521,0.1388
113,1399,1512,0.1388
108,1391,1499,0.1388
107,1394,1501,0.1388
109,1402,1511,0.1388
104,1405,1509,0.1388
102,1403,1505,0.1388
102,1409,1511,0.1388
104,1415,1519,0.1388
104,1402,1506,0.1388
102,1407,1509,0.1388
105,1401,1506,0.1388
101,1413,1514,0.1388
97,1417,1514,0.1388
98,1420,1518,0.1388
99,1423,1522,0.1388
97,1429,1526,0.1388
95,1436,1531,0.1388
96,1409,1505,0.1388
96,1424,1520,0.1388
95,1429,1524,0.1388
96,1417,1513,0.1388
94,1422,1516,0.1388
95,1441,1536,0.1388
93,1425,1518,0.1388
90,1412,1502,0.1388
91,1411,1502,0.1388
91,1419,1510,0.1388
90,1413,1503,0.1388
88,1417,1505,0.1388
88,1424,1512,0.1388
91,1433,1524,0.1388
89,1425,1514,0.1388
91,1434,1525,0.1388
90,1425,1515,0.1388
89,1422,1511,0.1388
89,1426,1515,0.1388
89,1420,1509,0.1388
88,1428,1516,0.1388
92,1437,1529,0.1388
88,1431,1519,0.1388
86,1426,1512,0.1388
84,1432,1516,0.1388
81,1433,1514,0.1388
81,1415,1496,0.1388
78,1430,1508,0.1388
79,1433,1512,0.1388
79,1450,1529,0.1388
80,1451,1531,0.1388
79,1446,1525,0.1388
81,1447,1528,0.1388
80,1449,1529,0.1388
79,1431,1510,0.1388
79,1431,1510,0.1388
81,1436,1517,0.1388
79,1442,1521,0.1388
77,1438,1515,0.1388
75,1440,1515,0.1388
75,1437,1512,0.1388
74,1440,1514,0.1388
78,1436,1514,0.1388
75,1442,1517,0.1388
74,1435,1509,0.1388
77,1444,1521,0.1388
72,1444,1516,0.1388
70,1454,1524,0.1388
70,1454,1524,0.1388
71,1445,1516,0.1388
71,1450,1521,0.1388
72,1448,1520,0.1388
70,1433,1503,0.1388
71,1427,1498,0.1388
72,1446,1518,0.1388
72,1440,1512,0.1388
71,1434,1505,0.1388
69,1437,1506,0.1388
69,1434,1503,0.1388
69,1454,1523,0.1388
70,1461,1531,0.1388
71,1462,1533,0.1388
68,1465,1533,0.1388
67,1440,1507,0.1388
66,1435,1501,0.1388
66,1443,1509,0.1388
64,1442,1506,0.1388
62,1448,1510,0.1388
64,1462,1526,0.1388
64,1459,1523,0.1388
63,1454,1517,0.1388
61,1461,1522,0.1388
62,1459,1521,0.1388
63,1455,1518,0.1388
63,1446,1509,0.1388
62,1444,1506,0.1388
61,1442,1503,0.1388
64,1444,1508,0.1388
63,1438,1501,0.1388
63,1433,1496,0.1388
64,1446,1510,0.1388
61,1450,1511,0.1388
58,1451,1509,0.1388
59,1461,1520,0.1388
58,1453,1511,0.1388
60,1452,1512,0.1388
61,1441,1502,0.1388
62,1441,1503,0.1388
62,1441,1503,0.1388
62,1458,1520,0.1388
61,1462,1523,0.1388
60,1453,1513,0.1388
60,1436,1496,0.1388
63,1446,1509,0.1388
61,1432,1493,0.1388
60,1446,1506,0.1388
59,1454,1513,0.1388
61,1459,1520,0.1388
61,1454,1515,0.1388
59,1449,1508,0.1388
58,1455,1513,0.1388
58,1475,1533,0.1388
60,1464,1524,0.1388
61,1466,1527,0.1388
59,1475,1534,0.1388
58,1471,1529,0.1388
58,1467,1525,0.1388
57,1466,1523,0.1388
58,1453,1511,0.1388
58,1469,1527,0.1388
56,1468,1524,0.1388
57,1453,1510,0.1388
54,1442,1496,0.1388
54,1448,1502,0.1388
55,1464,1519,0.1388
50,1471,1521,0.1388
49,1468,1517,0.1388
51,1466,1517,0.1388
49,1476,1525,0.1388
48,1466,1514,0.1388
49,1462,1511,0.1388
50,1458,1508,0.1388
53,1463,1516,0.1388
52,1468,1520,0.1388
49,1461,1510,0.1388
48,1452,1500,0.1388
49,1442,1491,0.1388
49,1453,1502,0.1388
50,1454,1504,0.1388
51,1454,1505,0.1388
51,1452,1503,0.1388
48,1456,1504,0.1388
49,1450,1499,0.1388
46,1458,1504,0.1388
46,1473,1519,0.1388
45,1475,1520,0.1388
47,1481,1528,0.1388
46,1480,1526,0.1388
46,1475,1521,0.1388
44,1472,1516,0.1388
43,1479,1522,0.1388
43,1482,1525,0.1388
42,1481,1523,0.1388
45,1481,1526,0.1388
45,1477,1522,0.1388
46,1485,1531,0.1388
47,1484,1531,0.1388
48,1470,1518,0.1388
47,1461,1508,0.1388
46,1471,1517,0.1388
47,1480,1527,0.1388
46,1482,1528,0.1388
44,1484,1528,0.1388
47,1473,1520,0.1388
46,1473,1519,0.1388
45,1480,1525,0.1388
41,1473,1514,0.1388
44,1469,1513,0.1388
44,1469,1513,0.1388
46,1473,1519,0.1388
45,1473,1518,0.1388
43,1466,1509,0.1388
42,1461,1503,0.1388
41,1471,1512,0.1388
41,1476,1517,0.1388
42,1462,1504,0.1388
39,1464,1503,0.1388
40,1469,1509,0.1388
39,1475,1514,0.1388
42,1474,1516,0.1388
43,1477,1520,0.1388
41,1482,1523,0.1388
40,1472,1512,0.1388
39,1469,1508,0.1388
39,1474,1513,0.1388
38,1467,1505,0.1388
35,1466,1501,0.1388
36,1474,1510,0.1388
36,1475,1511,0.1388
34,1468,1502,0.1388
35,1478,1513,0.1388
36,1473,1509,0.1388
35,1471,1506,0.1388
36,1468,1504,0.1388
36,1474,1510,0.1388
35,1485,1520,0.1388
37,1476,1513,0.1388
40,1484,1524,0.1388
40,1487,1527,0.1388
40,1487,1527,0.1388
42,1489,1531,0.1388
42,1484,1526,0.1388
42,1485,1527,0.1388
39,1484,1523,0.1388
41,1480,1521,0.1388
42,1478,1520,0.1388
43,1481,1524,0.1388
42,1467,1509,0.1388
40,1467,1507,0.1388
38,1472,1510,0.1388
39,1459,1498,0.1388
40,1461,1501,0.1388
39,1463,1502,0.1388
40,1472,1512,0.1388
39,1455,1494,0.1388
37,1448,1485,0.1388
37,1452,1489,0.1388
38,1456,1494,0.1388
33,1467,1500,0.1388
32,1473,1505,0.1388
33,1481,1514,0.1388
34,1487,1521,0.1388
33,1491,1524,0.1388
34,1491,1525,0.1388
33,1486,1519,0.1388
33,1493,1526,0.1388
32,1500,1532,0.1388
32,1499,1531,0.1388
30,1494,1524,0.1388
29,1503,1532,0.1388
30,1487,1517,0.1388
33,1491,1524,0.1388
34,1477,1511,0.1388
34,1476,1510,0.1388
33,1489,1522,0.1388
33,1478,1511,0.1388
35,1480,1515,0.1388
35,1475,1510,0.1388
35,1479,1514,0.1388
35,1476,1511,0.1388
36,1476,1512,0.1388
37,1464,1501,0.1388
36,1470,1506,0.1388
35,1468,1503,0.1388
36,1477,1513,0.1388
36,1471,1507,0.1388
36,1472,1508,0.1388
39,1466,1505,0.1388
37,1476,1513,0.1388
36,1477,1513,0.1388
36,1480,1516,0.1388
34,1472,1506,0.1388
34,1481,1515,0.1388
34,1494,1528,0.1388
34,1488,1522,0.1388
33,1490,1523,0.1388
34,1494,1528,0.1388
35,1493,1528,0.1388
35,1494,1529,0.1388
34,1481,1515,0.1388
32,1472,1504,0.1388
32,1484,1516,0.1388
31,1478,1509,0.1388
31,1477,1508,0.1388
29,1472,1501,0.1388
29,1470,1499,0.1388
30,1472,1502,0.1388
29,1480,1509,0.1388
27,1482,1509,0.1388
26,1489,1515,0.1388
26,1487,1513,0.1388
26,1488,1514,0.1388
26,1474,1500,0.1388
27,1486,1513,0.1388
27,1492,1519,0.1388
26,1484,1510,0.1388
25,1487,1512,0.1388
26,1489,1515,0.1388
25,1491,1516,0.1388
27,1491,1518,0.1388
27,1493,1520,0.1388
27,1491,1518,0.1388
26,1499,1525,0.1388
23,1492,1515,0.1388
23,1493,1516,0.1388
22,1499,1521,0.1388
22,1494,1516,0.1388
23,1492,1515,0.1388
23,1505,1528,0.1388
23,1493,1516,0.1388
24,1491,1515,0.1388
24,1495,1519,0.1388
24,1487,1511,0.1388
22,1479,1501,0.1388
22,1487,1509,0.1388
22,1494,1516,0.1388
21,1495,1516,0.1388
22,1489,1511,0.1388
21,1482,1503,0.1388
23,1483,1506,0.1388
23,1486,1509,0.1388
26,1492,1518,0.1388
26,1492,1518,0.1388
25,1472,1497,0.1388
24,1467,1491,0.1388
25,1470,1495,0.1388
25,1472,1497,0.1388
27,1482,1509,0.1388
26,1484,1510,0.1388
28,1488,1516,0.1388
29,1479,1508,0.1388
27,1475,1502,0.1388
27,1490,1517,0.1388
25,1492,1517,0.1388
26,1491,1517,0.1388
27,1491,1518,0.1388
26,1492,1518,0.1388
26,1493,1519,0.1388
25,1489,1514,0.1388
22,1492,1514,0.1388
21,1490,1511,0.1388
22,1482,1504,0.1388
21,1492,1513,0.1388
22,1491,1513,0.1388
21,1482,1503,0.1388
20,1479,1499,0.1388
20,1503,1523,0.1388
21,1495,1516,0.1388
21,1511,1532,0.1388
21,1521,1542,0.1388
21,1507,1528,0.1388
21,1498,1519,0.1388
22,1499,1521,0.1388
22,1503,1525,0.1388
23,1500,1523,0.1388
22,1497,1519,0.1388
24,1506,1530,0.1388
23,1504,1527,0.1388
23,1493,1516,0.1388
23,1491,1514,0.1388
23,1500,1523,0.1388
23,1500,1523,0.1388
23,1503,1526,0.1388
25,1493,1518,0.1388
24,1483,1507,0.1388
25,1503,1528,0.1388
23,1492,1515,0.1388
23,1494,1517,0.1388
24,1487,1511,0.1388
23,1494,1517,0.1388
22,1486,1508,0.1388
22,1503,1525,0.1388
22,1500,1522,0.1388
20,1499,1519,0.1388
21,1503,1524,0.1388
21,1497,1518,0.1388
21,1500,1521,0.1388
21,1502,1523,0.1388
21,1493,1514,0.1388
20,1483,1503,0.1388
20,1499,1519,0.1388
20,1500,1520,0.1388
20,1499,1519,0.1388
21,1501,1522,0.1388
22,1492,1514,0.1388
23,1473,1496,0.1388
23,1482,1505,0.1388
20,1486,1506,0.1388
20,1488,1508,0.1388
21,1473,1494,0.1388
21,1487,1508,0.1388
21,1496,1517,0.1388
21,1501,1522,0.1388
21,1499,1520,0.1388
22,1501,1523,0.1388
22,1502,1524,0.1388
21,1501,1522,0.1388
21,1502,1523,0.1388
21,1500,1521,0.1388
21,1493,1514,0.1388
21,1498,1519,0.1388
22,1497,1519,0.1388
24,1492,1516,0.1388
24,1485,1509,0.1388
24,1488,1512,0.1388
24,1483,1507,0.1388
22,1489,1511,0.1388
23,1505,1528,0.1388
23,1505,1528,0.1388
24,1497,1521,0.1388
23,1505,1528,0.1388
24,1500,1524,0.1388
23,1493,1516,0.1388
25,1512,1537,0.1388
26,1491,1517,0.1388
26,1487,1513,0.1388
26,1479,1505,0.1388
26,1482,1508,0.1388
25,1473,1498,0.1388
25,1494,1519,0.1388
24,1497,1521,0.1388
25,1498,1523,0.1388
25,1481,1506,0.1388
25,1485,1510,0.1388
25,1496,1521,0.1388
24,1501,1525,0.1388
25,1491,1516,0.1388
25,1478,1503,0.1388
26,1482,1508,0.1388
28,1478,1506,0.1388
27,1486,1513,0.1388
26,1496,1522,0.1388
26,1493,1519,0.1388
24,1504,1528,0.1388
24,1510,1534,0.1388
24,1502,1526,0.1388
24,1497,1521,0.1388
25,1505,1530,0.1388
25,1505,1530,0.1388
25,1515,1540,0.1388
25,1513,1538,0.1388
25,1509,1534,0.1388
25,1492,1517,0.1388
24,1487,1511,0.1388
25,1483,1508,0.1388
25,1498,1523,0.1388
27,1486,1513,0.1388
27,1485,1512,0.1388
27,1493,1520,0.1388
26,1484,1510,0.1388
25,1492,1517,0.1388
25,1478,1503,0.1388
26,1483,1509,0.1388
26,1484,1510,0.1388
26,1494,1520,0.1388
25,1478,1503,0.1388
25,1481,1506,0.1388
23,1482,1505,0.1388
24,1482,1506,0.1388
25,1486,1511,0.1388
26,1471,1497,0.1388
25,1475,1500,0.1388
24,1507,1531,0.1388
25,1500,1525,0.1388
25,1500,1525,0.1388
24,1501,1525,0.1388
24,1497,1521,0.1388
23,1505,1528,0.1388
22,1496,1518,0.1388
22,1499,1521,0.1388
23,1489,1512,0.1388
25,1487,1512,0.1388
26,1485,1511,0.1388
23,1481,1504,0.1388
25,1487,1512,0.1388
25,1498,1523,0.1388
25,1483,1508,0.1388
24,1485,1509,0.1388
26,1485,1511,0.1388
26,1476,1502,0.1388
25,1481,1506,0.1388
23,1484,1507,0.1388
23,1478,1501,0.1388
23,1479,1502,0.1388
23,1492,1515,0.1388
23,1496,1519,0.1388
23,1484,1507,0.1388
25,1486,1511,0.1388
26,1478,1504,0.1388
25,1476,1501,0.1388
27,1481,1508,0.1388
28,1482,1510,0.1388
27,1482,1509,0.1388
28,1484,1512,0.1388
28,1472,1500,0.1388
31,1474,1505,0.1388
31,1480,1511,0.1388
31,1480,1511,0.1388
31,1498,1529,0.1388
30,1493,1523,0.1388
29,1484,1513,0.1388
27,1489,1516,0.1388
30,1500,1530,0.1388
30,1496,1526,0.1388
31,1486,1517,0.1388
31,1486,1517,0.1388
31,1482,1513,0.1388
30,1483,1513,0.1388
31,1493,1524,0.1388
32,1497,1529,0.1388
32,1481,1513,0.1388
32,1491,1523,0.1388
32,1492,1524,0.1388
33,1487,1520,0.1388
33,1473,1506,0.1388
32,1477,1509,0.1388
31,1472,1503,0.1388
31,1486,1517,0.1388
31,1489,1520,0.1388
32,1488,1520,0.1388
30,1485,1515,0.1388
31,1502,1533,0.1388
32,1490,1522,0.1388
31,1491,1522,0.1388
30,1498,1528,0.1388
31,1486,1517,0.1388
31,1487,1518,0.1388
28,1482,1510,0.1388
29,1476,1505,0.1388
27,1473,1500,0.1388
27,1461,1488,0.1388
28,1476,1504,0.1388
27,1500,1527,0.1388
27,1507,1534,0.1388
27,1512,1539,0.1388
28,1508,1536,0.1388
27,1513,1540,0.1388
28,1493,1521,0.1388
28,1505,1533,0.1388
28,1489,1517,0.1388
28,1493,1521,0.1388
29,1484,1513,0.1388
29,1492,1521,0.1388
29,1490,1519,0.1388
29,1496,1525,0.1388
28,1484,1512,0.1388
29,1491,1520,0.1388
28,1482,1510,0.1388
29,1479,1508,0.1388
28,1488,1516,0.1388
28,1501,1529,0.1388
28,1494,1522,0.1388
28,1489,1517,0.1388
28,1480,1508,0.1388
27,1477,1504,0.1388
27,1496,1523,0.1388
28,1499,1527,0.1388
28,1480,1508,0.1388
27,1483,1510,0.1388
28,1489,1517,0.1388
28,1495,1523,0.1388
29,1500,1529,0.1388
30,1501,1531,0.1388
31,1500,1531,0.1388
31,1498,1529,0.1388
28,1500,1528,0.1388
28,1489,1517,0.1388
29,1479,1508,0.1388
30,1464,1494,0.1388
29,1474,1503,0.1388
31,1474,1505,0.1388
31,1474,1505,0.1388
30,1485,1515,0.1388
30,1484,1514,0.1388
30,1482,1512,0.1388
30,1479,1509,0.1388
31,1475,1506,0.1388
31,1470,1501,0.1388
30,1477,1507,0.1388
29,1486,1515,0.1388
28,1486,1514,0.1388
28,1477,1505,0.1388
29,1488,1517,0.1388
27,1478,1505,0.1388
27,1482,1509,0.1388
27,1482,1509,0.1388
27,1474,1501,0.1388
27,1484,1511,0.1388
25,1488,1513,0.1388
26,1483,1509,0.1388
25,1475,1500,0.1388
26,1472,1498,0.1388
28,1487,1515,0.1388
28,1490,1518,0.1388
29,1488,1517,0.1388
29,1484,1513,0.1388
28,1487,1515,0.1388
26,1490,1516,0.1388
29,1476,1505,0.1388
29,1482,1511,0.1388
28,1495,1523,0.1388
27,1488,1515,0.1388
28,1500,1528,0.1388
27,1495,1522,0.1388
26,1484,1510,0.1388
26,1498,1524,0.1388
27,1487,1514,0.1388
25,1495,1520,0.1388
26,1485,1511,0.1388
25,1488,1513,0.1388
26,1487,1513,0.1388
27,1493,1520,0.1388
25,1497,1522,0.1388
26,1484,1510,0.1388
25,1480,1505,0.1388
26,1474,1500,0.1388
26,1489,1515,0.1388
26,1489,1515,0.1388
27,1477,1504,0.1388
25,1490,1515,0.1388
25,1486,1511,0.1388
24,1495,1519,0.1388
24,1501,1525,0.1388
25,1499,1524,0.1388
27,1501,1528,0.1388
26,1512,1538,0.1388
25,1517,1542,0.1388
25,1501,1526,0.1388
26,1491,1517,0.1388
24,1491,1515,0.1388
24,1494,1518,0.1388
23,1498,1521,0.1388
24,1496,1520,0.1388
25,1483,1508,0.1388
24,1469,1493,0.1388
23,1474,1497,0.1388
22,1481,1503,0.1388
23,1478,1501,0.1388
23,1484,1507,0.1388
22,1501,1523,0.1388
22,1506,1528,0.1388
22,1502,1524,0.1388
21,1487,1508,0.1388
21,1495,1516,0.1388
21,1486,1507,0.1388
20,1493,1513,0.1388
20,1486,1506,0.1388
20,1492,1512,0.1388
22,1498,1520,0.1388
22,1492,1514,0.1388
22,1501,1523,0.1388
20,1492,1512,0.1388
21,1499,1520,0.1388
20,1490,1510,0.1388
20,1499,1519,0.1388
20,1499,1519,0.1388
22,1488,1510,0.1388
22,1491,1513,0.1388
22,1500,1522,0.1388
22,1492,1514,0.1388
22,1495,1517,0.1388
21,1490,1511,0.1388
21,1502,1523,0.1388
21,1492,1513,0.1388
22,1491,1513,0.1388
20,1489,1509,0.1388
21,1489,1510,0.1388
21,1498,1519,0.1388
22,1495,1517,0.1388
23,1493,1516,0.1388
23,1498,1521,0.1388
23,1501,1524,0.1388
24,1502,1526,0.1388
24,1507,1531,0.1388
24,1516,1540,0.1388
24,1502,1526,0.1388
22,1486,1508,0.1388
22,1488,1510,0.1388
23,1494,1517,0.1388
22,1493,1515,0.1388
22,1497,1519,0.1388
21,1497,1518,0.1388
21,1496,1517,0.1388
22,1497,1519,0.1388
21,1496,1517,0.1388
22,1490,1512,0.1388
22,1488,1510,0.1388
22,1490,1512,0.1388
22,1488,1510,0.1388
23,1498,1521,0.1388
23,1503,1526,0.1388
23,1504,1527,0.1388
23,1498,1521,0.1388
24,1504,1528,0.1388
25,1487,1512,0.1388
26,1495,1521,0.1388
27,1483,1510,0.1388
27,1479,1506,0.1388
27,1473,1500,0.1388
26,1487,1513,0.1388
26,1492,1518,0.1388
26,1498,1524,0.1388
25,1500,1525,0.1388
25,1496,1521,0.1388
25,1494,1519,0.1388
24,1493,1517,0.1388
25,1494,1519,0.1388
26,1494,1520,0.1388
23,1487,1510,0.1388
23,1487,1510,0.1388
24,1489,1513,0.1388
22,1496,1518,0.1388
24,1501,1525,0.1388
24,1495,1519,0.1388
22,1487,1509,0.1388
23,1484,1507,0.1388
24,1496,1520,0.1388
24,1495,1519,0.1388
23,1497,1520,0.1388
21,1493,1514,0.1388
21,1494,1515,0.1388
21,1510,1531,0.1388
23,1516,1539,0.1388
22,1509,1531,0.1388
21,1505,1526,0.1388
21,1519,1540,0.1388
22,1496,1518,0.1388
23,1498,1521,0.1388
22,1486,1508,0.1388
24,1492,1516,0.1388
22,1491,1513,0.1388
21,1499,1520,0.1388
24,1500,1524,0.1388
25,1503,1528,0.1388
25,1505,1530,0.1388
25,1507,1532,0.1388
25,1501,1526,0.1388
25,1509,1534,0.1388
24,1503,1527,0.1388
22,1502,1524,0.1388
22,1500,1522,0.1388
23,1495,1518,0.1388
24,1489,1513,0.1388
25,1482,1507,0.1388
27,1488,1515,0.1388
25,1496,1521,0.1388
24,1491,1515,0.1388
24,1488,1512,0.1388
24,1495,1519,0.1388
23,1499,1522,0.1388
23,1509,1532,0.1388
20,1507,1527,0.1388
20,1497,1517,0.1388
20,1506,1526,0.1388
20,1512,1532,0.1388
19,1502,1521,0.1388
19,1496,1515,0.1388
19,1494,1513,0.1388
19,1502,1521,0.1388
17,1487,1504,0.1388
19,1500,1519,0.1388
21,1502,1523,0.1388
21,1496,1517,0.1388
20,1491,1511,0.1388
22,1493,1515,0.1388
22,1493,1515,0.1388
20,1497,1517,0.1388
20,1503,1523,0.1388
20,1502,1522,0.1388
22,1500,1522,0.1388
22,1505,1527,0.1388
21,1501,1522,0.1388
21,1495,1516,0.1388
19,1492,1511,0.1388
19,1501,1520,0.1388
18,1490,1508,0.1388
18,1497,1515,0.1388
18,1481,1499,0.1388
16,1481,1497,0.1388
14,1482,1496,0.1388
14,1478,1492,0.1388
12,1488,1500,0.1388
12,1502,1514,0.1388
12,1494,1506,0.1388
12,1492,1504,0.1388
12,1507,1519,0.1388
13,1498,1511,0.1388
13,1508,1521,0.1388
12,1504,1516,0.1388
12,1515,1527,0.1388
11,1511,1522,0.1388
11,1518,1529,0.1388
11,1523,1534,0.1388
11,1515,1526,0.1388
11,1497,1508,0.1388
12,1507,1519,0.1388
12,1514,1526,0.1388
12,1505,1517,0.1388
14,1495,1509,0.1388
14,1512,1526,0.1388
14,1501,1515,0.1388
14,1496,1510,0.1388
14,1498,1512,0.1388
14,1493,1507,0.1388
14,1501,1515,0.1388
15,1506,1521,0.1388
16,1503,1519,0.1388
15,1516,1531,0.1388
15,1518,1533,0.1388
15,1505,1520,0.1388
15,1506,1521,0.1388
14,1505,1519,0.1388
14,1507,1521,0.1388
14,1507,1521,0.1388
14,1507,1521,0.1388
15,1512,1527,0.1388
15,1512,1527,0.1388
17,1498,1515,0.1388
18,1500,1518,0.1388
20,1512,1532,0.1388
19,1508,1527,0.1388
19,1511,1530,0.1388
18,1515,1533,0.1388
17,1510,1527,0.1388
18,1503,1521,0.1388
18,1502,1520,0.1388
16,1504,1520,0.1388
15,1506,1521,0.1388
16,1499,1515,0.1388
16,1508,1524,0.1388
17,1495,1512,0.1388
17,1496,1513,0.1388
18,1502,1520,0.1388
17,1481,1498,0.1388
16,1486,1502,0.1388
15,1490,1505,0.1388
15,1490,1505,0.1388
15,1491,1506,0.1388
16,1490,1506,0.1388
15,1495,1510,0.1388
16,1492,1508,0.1388
16,1499,1515,0.1388
18,1505,1523,0.1388
18,1504,1522,0.1388
17,1500,1517,0.1388
15,1498,1513,0.1388
15,1491,1506,0.1388
13,1504,1517,0.1388
11,1512,1523,0.1388
11,1511,1522,0.1388
11,1508,1519,0.1388
11,1487,1498,0.1388
12,1500,1512,0.1388
14,1498,1512,0.1388
13,1505,1518,0.1388
13,1516,1529,0.1388
12,1505,1517,0.1388
14,1509,1523,0.1388
16,1502,1518,0.1388
15,1508,1523,0.1388
15,1516,1531,0.1388
15,1514,1529,0.1388
14,1496,1510,0.1388
14,1507,1521,0.1388
14,1501,1515,0.1388
13,1519,1532,0.1388
11,1517,1528,0.1388
12,1512,1524,0.1388
12,1506,1518,0.1388
12,1513,1525,0.1388
11,1504,1515,0.1388
11,1497,1508,0.1388
12,1501,1513,0.1388
13,1495,1508,0.1388
13,1481,1494,0.1388
13,1496,1509,0.1388
13,1501,1514,0.1388
10,1501,1511,0.1388
10,1500,1510,0.1388
9,1497,1506,0.1388
9,1496,1505,0.1388
9,1505,1514,0.1388
9,1515,1524,0.1388
9,1520,1529,0.1388
10,1510,1520,0.1388
9,1513,1522,0.1388
9,1514,1523,0.1388
8,1534,1542,0.1388
8,1534,1542,0.1388
9,1530,1539,0.1388
9,1518,1527,0.1388
9,1512,1521,0.1388
9,1511,1520,0.1388
8,1515,1523,0.1388
7,1522,1529,0.1388
7,1530,1537,0.1388
7,1526,1533,0.1388
6,1518,1524,0.1388
6,1512,1518,0.1388
6,1524,1530,0.1388
6,1522,1528,0.1388
6,1514,1520,0.1388
4,1516,1520,0.1388
4,1514,1518,0.1388
4,1518,1522,0.1388
4,1524,1528,0.1388
4,1524,1528,0.1388
4,1523,1527,0.1388
4,1529,1533,0.1388
5,1515,1520,0.1388
5,1506,1511,0.1388
5,1503,1508,0.1388
5,1517,1522,0.1388
5,1505,1510,0.1388
5,1501,1506,0.1388
5,1493,1498,0.1388
5,1511,1516,0.1388
5,1513,1518,0.1388
5,1503,1508,0.1388
5,1517,1522,0.1388
5,1504,1509,0.1388
5,1509,1514,0.1388
5,1514,1519,0.1388
6,1502,1508,0.1388
6,1508,1514,0.1388
6,1507,1513,0.1388
6,1500,1506,0.1388
5,1498,1503,0.1388
5,1506,1511,0.1388
5,1496,1501,0.1388
5,1506,1511,0.1388
5,1514,1519,0.1388
5,1511,1516,0.1388
5,1509,1514,0.1388
5,1513,1518,0.1388
5,1507,1512,0.1388
5,1505,1510,0.1388
5,1503,1508,0.1388
5,1513,1518,0.1388
5,1508,1513,0.1388
5,1507,1512,0.1388
5,1509,1514,0.1388
5,1519,1524,0.1388
5,1514,1519,0.1388
6,1520,1526,0.1388
6,1518,1524,0.1388
7,1517,1524,0.1388
7,1510,1517,0.1388
7,1515,1522,0.1388
7,1519,1526,0.1388
7,1512,1519,0.1388
7,1527,1534,0.1388
8,1515,1523,0.1388
7,1506,1513,0.1388
7,1506,1513,0.1388
7,1508,1515,0.1388
7,1510,1517,0.1388
7,1520,1527,0.1388
6,1525,1531,0.1388
6,1522,1528,0.1388
6,1507,1513,0.1388
4,1508,1512,0.1388
4,1509,1513,0.1388
4,1506,1510,0.1388
4,1518,1522,0.1388
4,1522,1526,0.1388
4,1516,1520,0.1388
4,1510,1514,0.1388
4,1509,1513,0.1388
3,1513,1516,0.1388
3,1520,1523,0.1388
3,1520,1523,0.1388
4,1523,1527,0.1388
4,1510,1514,0.1388
4,1513,1517,0.1388
4,1519,1523,0.1388
4,1511,1515,0.1388
4,1520,1524,0.1388
4,1509,1513,0.1388
4,1505,1509,0.1388
4,1505,1509,0.1388
4,1501,1505,0.1388
4,1502,1506,0.1388
4,1497,1501,0.1388
4,1511,1515,0.1388
4,1511,1515,0.1388
4,1500,1504,0.1388
4,1507,1511,0.1388
5,1502,1507,0.1388
5,1493,1498,0.1388
5,1502,1507,0.1388
5,1501,1506,0.1388
5,1510,1515,0.1388
4,1511,1515,0.1388
4,1522,1526,0.1388
4,1515,1519,0.1388
4,1517,1521,0.1388
4,1504,1508,0.1388
4,1504,1508,0.1388
4,1509,1513,0.1388
5,1501,1506,0.1388
5,1497,1502,0.1388
5,1495,1500,0.1388
5,1504,1509,0.1388
4,1498,1502,0.1388
4,1493,1497,0.1388
5,1502,1507,0.1388
5,1496,1501,0.1388
4,1509,1513,0.1388
4,1498,1502,0.1388
4,1516,1520,0.1388
4,1516,1520,0.1388
4,1514,1518,0.1388
5,1508,1513,0.1388
4,1520,1524,0.1388
4,1504,1508,0.1388
4,1506,1510,0.1388
5,1509,1514,0.1388
4,1497,1501,0.1388
4,1501,1505,0.1388
5,1504,1509,0.1388
6,1509,1515,0.1388
6,1520,1526,0.1388
7,1514,1521,0.1388
7,1509,1516,0.1388
7,1503,1510,0.1388
8,1511,1519,0.1388
7,1505,1512,0.1388
6,1506,1512,0.1388
5,1505,1510,0.1388
5,1501,1506,0.1388
5,1501,1506,0.1388
5,1503,1508,0.1388
5,1506,1511,0.1388
4,1515,1519,0.1388
4,1525,1529,0.1388
5,1512,1517,0.1388
5,1505,1510,0.1388
5,1492,1497,0.1388
5,1507,1512,0.1388
5,1509,1514,0.1388
5,1513,1518,0.1388
5,1522,1527,0.1388
5,1517,1522,0.1388
4,1511,1515,0.1388
5,1500,1505,0.1388
5,1502,1507,0.1388
5,1496,1501,0.1388
4,1518,1522,0.1388
3,1523,1526,0.1388
3,1524,1527,0.1388
3,1530,1533,0.1388
3,1515,1518,0.1388
3,1515,1518,0.1388
3,1524,1527,0.1388
3,1523,1526,0.1388
3,1522,1525,0.1388
3,1513,1516,0.1388
2,1509,1511,0.1388
2,1511,1513,0.1388
2,1507,1509,0.1388
2,1504,1506,0.1388
2,1504,1506,0.1388
2,1511,1513,0.1388
2,1511,1513,0.1388
2,1527,1529,0.1388
2,1528,1530,0.1388
2,1529,1531,0.1388
2,1529,1531,0.1388
2,1529,1531,0.1388
2,1519,1521,0.1388
2,1524,1526,0.1388
2,1518,1520,0.1388
2,1510,1512,0.1388
3,1488,1491,0.1388
3,1506,1509,0.1388
3,1506,1509,0.1388
3,1497,1500,0.1388
3,1505,1508,0.1388
3,1510,1513,0.1388
3,1511,1514,0.1388
3,1513,1516,0.1388
2,1512,1514,0.1388
2,1512,1514,0.1388
2,1512,1514,0.1388
2,1516,1518,0.1388
2,1515,1517,0.1388
2,1513,1515,0.1388
2,1517,1519,0.1388
2,1519,1521,0.1388
2,1531,1533,0.1388
2,1529,1531,0.1388
2,1521,1523,0.1388
2,1519,1521,0.1388
2,1527,1529,0.1388
2,1510,1512,0.1388
2,1516,1518,0.1388
2,1516,1518,0.1388
2,1504,1506,0.1388
2,1503,1505,0.1388
2,1503,1505,0.1388
2,1510,1512,0.1388
2,1512,1514,0.1388
2,1511,1513,0.1388
2,1515,1517,0.1388
2,1506,1508,0.1388
2,1513,1515,0.1388
2,1507,1509,0.1388
2,1510,1512,0.1388
1,1513,1514,0.1388
1,1515,1516,0.1388
1,1523,1524,0.1388
1,1510,1511,0.1388
1,1504,1505,0.1388
1,1508,1509,0.1388
1,1526,1527,0.1388
1,1517,1518,0.1388
1,1520,1521,0.1388
1,1523,1524,0.1388
1,1521,1522,0.1388
1,1525,1526,0.1388
1,1525,1526,0.1388
1,1526,1527,0.1388
1,1528,1529,0.1388
1,1517,1518,0.1388
1,1509,1510,0.1388
1,1503,1504,0.1388
1,1505,1506,0.1388
1,1511,1512,0.1388
1,1511,1512,0.1388
1,1514,1515,0.1388
1,1511,1512,0.1388
1,1507,1508,0.1388
1,1499,1500,0.1388
1,1503,1504,0.1388
1,1513,1514,0.1388
1,1512,1513,0.1388
1,1519,1520,0.1388
1,1532,1533,0.1388
1,1519,1520,0.1388
1,1523,1524,0.1388
1,1522,1523,0.1388
1,1531,1532,0.1388
1,1516,1517,0.1388
1,1499,1500,0.1388
1,1502,1503,0.1388
1,1506,1507,0.1388
1,1512,1513,0.1388
1,1519,1520,0.1388
1,1518,1519,0.1388
1,1511,1512,0.1388
1,1521,1522,0.1388
1,1512,1513,0.1388
1,1503,1504,0.1388
1,1493,1494,0.1388
1,1496,1497,0.1388
1,1493,1494,0.1388
1,1513,1514,0.1388
1,1525,1526,0.1388
1,1527,1528,0.1388
1,1521,1522,0.1388
1,1525,1526,0.1388
1,1529,1530,0.1388
1,1531,1532,0.1388
1,1534,1535,0.1388
1,1531,1532,0.1388
1,1517,1518,0.1388
1,1514,1515,0.1388
1,1512,1513,0.1388
1,1517,1518,0.1388
1,1531,1532,0.1388
1,1535,1536,0.1388
1,1534,1535,0.1388
0,1527,1527,0.1388
