1375,27,1402,0.1388
1397,28,1425,0.1388
1407,30,1437,0.1388
1432,32,1464,0.1388
1443,32,1475,0.1388
1459,33,1492,0.1388
1444,35,1479,0.1388
1438,36,1474,0.1388
1443,35,1478,0.1388
1440,38,1478,0.1388
1456,37,1493,0.1388
1453,36,1489,0.1388
1457,38,1495,0.1388
1465,37,1502,0.1388
1462,39,1501,0.1388
1459,40,1499,0.1388
1464,41,1505,0.1388
1449,42,1491,0.1388
1458,45,1503,0.1388
1453,46,1499,0.1388
1457,46,1503,0.1388
1458,46,1504,0.1388
1446,49,1495,0.1388
1448,46,1494,0.1388
1451,47,1498,0.1388
1447,48,1495,0.1388
1445,51,1496,0.1388
1456,52,1508,0.1388
1458,51,1509,0.1388
1466,47,1513,0.1388
1472,47,1519,0.1388
1462,48,1510,0.1388
1451,49,1500,0.1388
1447,46,1493,0.1388
1443,46,1489,0.1388
1447,45,1492,0.1388
1442,45,1487,0.1388
1445,46,1491,0.1388
1451,51,1502,0.1388
1444,52,1496,0.1388
1439,52,1491,0.1388
1445,51,1496,0.1388
1434,53,1487,0.1388
1449,54,1503,0.1388
1447,56,1503,0.1388
1439,54,1493,0.1388
1431,55,1486,0.1388
1432,56,1488,0.1388
1435,56,1491,0.1388
1445,59,1504,0.1388
1449,58,1507,0.1388
1441,56,1497,0.1388
1444,55,1499,0.1388
1445,55,1500,0.1388
1437,53,1490,0.1388
1445,55,1500,0.1388
1441,57,1498,0.1388
1458,54,1512,0.1388
1456,53,1509,0.1388
1445,54,1499,0.1388
1449,51,1500,0.1388
1433,51,1484,0.1388
1437,52,1489,0.1388
1451,50,1501,0.1388
1443,51,1494,0.1388
1445,49,1494,0.1388
1445,48,1493,0.1388
1452,49,1501,0.1388
1447,48,1495,0.1388
1454,48,1502,0.1388
1441,49,1490,0.1388
1450,49,1499,0.1388
1448,48,1496,0.1388
1443,50,1493,0.1388
1446,49,1495,0.1388
1439,52,1491,0.1388
1448,50,1498,0.1388
1433,53,1486,0.1388
1442,52,1494,0.1388
1436,54,1490,0.1388
1437,55,1492,0.1388
1425,57,1482,0.1388
1422,57,1479,0.1388
1406,57,1463,0.1388
1424,57,1481,0.1388
1427,58,1485,0.1388
1435,57,1492,0.1388
1447,58,1505,0.1388
1443,59,1502,0.1388
1439,58,1497,0.1388
1458,58,1516,0.1388
1450,59,1509,0.1388
1454,58,1512,0.1388
1450,58,1508,0.1388
1446,58,1504,0.1388
1441,61,1502,0.1388
1436,60,1496,0.1388
1438,64,1502,0.1388
1429,67,1496,0.1388
1418,66,1484,0.1388
1411,68,1479,0.1388
1402,64,1466,0.1388
1412,70,1482,0.1388
1429,74,1503,0.1388
1432,75,1507,0.1388
1424,77,1501,0.1388
1423,78,1501,0.1388
1419,79,1498,0.1388
1407,76,1483,0.1388
1409,76,1485,0.1388
1410,79,1489,0.1388
1416,77,1493,0.1388
1420,77,1497,0.1388
1415,75,1490,0.1388
1414,76,1490,0.1388
1421,75,1496,0.1388
1409,74,1483,0.1388
1416,79,1495,0.1388
1412,77,1489,0.1388
1420,77,1497,0.1388
1409,75,1484,0.1388
1400,74,1474,0.1388
1403,79,1482,0.1388
1398,76,1474,0.1388
1388,77,1465,0.1388
1400,80,1480,0.1388
1405,78,1483,0.1388
1395,81,1476,0.1388
1391,84,1475,0.1388
1390,82,1472,0.1388
1398,82,1480,0.1388
1386,85,1471,0.1388
1383,84,1467,0.1388
1388,83,1471,0.1388
1392,84,1476,0.1388
1385,83,1468,0.1388
1406,79,1485,0.1388
1408,81,1489,0.1388
1403,82,1485,0.1388
1414,82,1496,0.1388
1418,85,1503,0.1388
1407,86,1493,0.1388
1403,90,1493,0.1388
1397,92,1489,0.1388
1409,94,1503,0.1388
1409,92,1501,0.1388
1402,92,1494,0.1388
1396,94,1490,0.1388
1404,94,1498,0.1388
1393,93,1486,0.1388
1393,94,1487,0.1388
1395,94,1489,0.1388
1404,90,1494,0.1388
1411,91,1502,0.1388
1423,93,1516,0.1388
1419,90,1509,0.1388
1417,93,1510,0.1388
1401,95,1496,0.1388
1391,98,1489,0.1388
1393,97,1490,0.1388
1390,96,1486,0.1388
1395,96,1491,0.1388
1393,96,1489,0.1388
1392,95,1487,0.1388
1399,97,1496,0.1388
1397,99,1496,0.1388
1398,102,1500,0.1388
1402,102,1504,0.1388
1404,100,1504,0.1388
1391,107,1498,0.1388
1392,104,1496,0.1388
1396,105,1501,0.1388
1397,104,1501,0.1388
1406,105,1511,0.1388
1394,106,1500,0.1388
1401,105,1506,0.1388
1397,100,1497,0.1388
1395,102,1497,0.1388
1390,103,1493,0.1388
1412,101,1513,0.1388
1390,100,1490,0.1388
1382,103,1485,0.1388
1394,104,1498,0.1388
1397,106,1503,0.1388
1390,108,1498,0.1388
1385,108,1493,0.1388
1379,105,1484,0.1388
1378,102,1480,0.1388
1376,104,1480,0.1388
1377,103,1480,0.1388
1386,103,1489,0.1388
1397,104,1501,0.1388
1402,102,1504,0.1388
1410,99,1509,0.1388
1408,96,1504,0.1388
1408,97,1505,0.1388
1400,99,1499,0.1388
1398,98,1496,0.1388
1391,98,1489,0.1388
1394,97,1491,0.1388
1389,99,1488,0.1388
1387,101,1488,0.1388
1403,100,1503,0.1388
1399,103,1502,0.1388
1405,103,1508,0.1388
1405,102,1507,0.1388
1400,106,1506,0.1388
1393,106,1499,0.1388
1392,108,1500,0.1388
1395,114,1509,0.1388
1390,113,1503,0.1388
1383,114,1497,0.1388
1385,113,1498,0.1388
1383,114,1497,0.1388
1370,114,1484,0.1388
1382,112,1494,0.1388
1374,112,1486,0.1388
1368,114,1482,0.1388
1364,115,1479,0.1388
1358,116,1474,0.1388
1357,116,1473,0.1388
1371,119,1490,0.1388
1377,117,1494,0.1388
1362,119,1481,0.1388
1368,118,1486,0.1388
1364,117,1481,0.1388
1373,120,1493,0.1388
1360,120,1480,0.1388
1363,120,1483,0.1388
1367,123,1490,0.1388
1367,125,1492,0.1388
1368,122,1490,0.1388
1368,121,1489,0.1388
1375,123,1498,0.1388
1368,122,1490,0.1388
1373,124,1497,0.1388
1372,125,1497,0.1388
1366,125,1491,0.1388
1375,122,1497,0.1388
1376,122,1498,0.1388
1378,119,1497,0.1388
1376,119,1495,0.1388
1376,116,1492,0.1388
1385,115,1500,0.1388
1371,116,1487,0.1388
1375,116,1491,0.1388
1376,117,1493,0.1388
1369,119,1488,0.1388
1378,117,1495,0.1388
1386,120,1506,0.1388
1383,121,1504,0.1388
1381,120,1501,0.1388
1380,120,1500,0.1388
1374,122,1496,0.1388
1367,124,1491,0.1388
1368,122,1490,0.1388
1361,129,1490,0.1388
1353,129,1482,0.1388
1335,131,1466,0.1388
1354,131,1485,0.1388
1361,128,1489,0.1388
1346,134,1480,0.1388
1354,134,1488,0.1388
1357,135,1492,0.1388
1365,138,1503,0.1388
1360,142,1502,0.1388
1366,144,1510,0.1388
1365,143,1508,0.1388
1361,146,1507,0.1388
1349,146,1495,0.1388
1346,148,1494,0.1388
1342,151,1493,0.1388
1332,146,1478,0.1388
1333,147,1480,0.1388
1340,148,1488,0.1388
1341,150,1491,0.1388
1357,148,1505,0.1388
1366,146,1512,0.1388
1362,146,1508,0.1388
1362,147,1509,0.1388
1362,146,1508,0.1388
1357,149,1506,0.1388
1369,148,1517,0.1388
1362,150,1512,0.1388
1359,149,1508,0.1388
1378,145,1523,0.1388
1367,148,1515,0.1388
1356,147,1503,0.1388
1362,147,1509,0.1388
1346,152,1498,0.1388
1337,151,1488,0.1388
1345,154,1499,0.1388
1335,152,1487,0.1388
1348,152,1500,0.1388
1356,154,1510,0.1388
1352,162,1514,0.1388
1351,157,1508,0.1388
1345,157,1502,0.1388
1332,160,1492,0.1388
1340,157,1497,0.1388
1337,152,1489,0.1388
1344,151,1495,0.1388
1330,151,1481,0.1388
1337,147,1484,0.1388
1337,150,1487,0.1388
1342,152,1494,0.1388
1346,152,1498,0.1388
1333,153,1486,0.1388
1332,158,1490,0.1388
1325,159,1484,0.1388
1323,162,1485,0.1388
1312,161,1473,0.1388
1305,165,1470,0.1388
1318,175,1493,0.1388
1316,179,1495,0.1388
1328,179,1507,0.1388
1320,174,1494,0.1388
1308,176,1484,0.1388
1320,169,1489,0.1388
1319,176,1495,0.1388
1317,179,1496,0.1388
1312,179,1491,0.1388
1303,177,1480,0.1388
1317,176,1493,0.1388
1309,180,1489,0.1388
1322,180,1502,0.1388
1314,176,1490,0.1388
1337,176,1513,0.1388
1336,175,1511,0.1388
1339,179,1518,0.1388
1331,178,1509,0.1388
1327,184,1511,0.1388
1332,179,1511,0.1388
1318,184,1502,0.1388
1304,183,1487,0.1388
1311,178,1489,0.1388
1317,180,1497,0.1388
1311,179,1490,0.1388
1309,181,1490,0.1388
1309,181,1490,0.1388
1302,186,1488,0.1388
1311,187,1498,0.1388
1304,185,1489,0.1388
1312,184,1496,0.1388
1307,183,1490,0.1388
1307,186,1493,0.1388
1302,189,1491,0.1388
1294,188,1482,0.1388
1302,193,1495,0.1388
1304,191,1495,0.1388
1300,188,1488,0.1388
1302,188,1490,0.1388
1295,190,1485,0.1388
1299,184,1483,0.1388
1294,188,1482,0.1388
1281,191,1472,0.1388
1293,196,1489,0.1388
1291,203,1494,0.1388
1283,206,1489,0.1388
1292,203,1495,0.1388
1297,206,1503,0.1388
1306,208,1514,0.1388
1312,208,1520,0.1388
1307,200,1507,0.1388
1300,199,1499,0.1388
1302,192,1494,0.1388
1296,194,1490,0.1388
1305,200,1505,0.1388
1313,200,1513,0.1388
1304,202,1506,0.1388
1290,203,1493,0.1388
1283,205,1488,0.1388
1276,209,1485,0.1388
1280,207,1487,0.1388
1285,214,1499,0.1388
1293,209,1502,0.1388
1289,208,1497,0.1388
1290,208,1498,0.1388
1287,209,1496,0.1388
1270,215,1485,0.1388
1272,217,1489,0.1388
1265,212,1477,0.1388
1259,220,1479,0.1388
1253,220,1473,0.1388
1262,225,1487,0.1388
1263,221,1484,0.1388
1284,227,1511,0.1388
1273,227,1500,0.1388
1272,227,1499,0.1388
1279,224,1503,0.1388
1271,226,1497,0.1388
1274,230,1504,0.1388
1267,228,1495,0.1388
1276,235,1511,0.1388
1265,235,1500,0.1388
1256,233,1489,0.1388
1254,235,1489,0.1388
1256,242,1498,0.1388
1253,240,1493,0.1388
1253,241,1494,0.1388
1251,242,1493,0.1388
1257,242,1499,0.1388
1259,240,1499,0.1388
1264,240,1504,0.1388
1256,244,1500,0.1388
1256,243,1499,0.1388
1254,242,1496,0.1388
1255,241,1496,0.1388
1261,243,1504,0.1388
1264,233,1497,0.1388
1257,236,1493,0.1388
1260,235,1495,0.1388
1263,231,1494,0.1388
1250,230,1480,0.1388
1252,233,1485,0.1388
1257,236,1493,0.1388
1256,234,1490,0.1388
1249,232,1481,0.1388
1260,232,1492,0.1388
1251,237,1488,0.1388
1257,242,1499,0.1388
1244,238,1482,0.1388
1242,243,1485,0.1388
1242,242,1484,0.1388
1236,237,1473,0.1388
1249,240,1489,0.1388
1250,242,1492,0.1388
1270,246,1516,0.1388
1267,252,1519,0.1388
1265,251,1516,0.1388
1253,247,1500,0.1388
1246,243,1489,0.1388
1257,245,1502,0.1388
1243,246,1489,0.1388
1248,247,1495,0.1388
1256,254,1510,0.1388
1255,245,1500,0.1388
1254,253,1507,0.1388
1242,253,1495,0.1388
1229,257,1486,0.1388
1227,256,1483,0.1388
1239,259,1498,0.1388
1248,254,1502,0.1388
1235,254,1489,0.1388
1234,257,1491,0.1388
1230,253,1483,0.1388
1217,258,1475,0.1388
1205,258,1463,0.1388
1206,257,1463,0.1388
1218,262,1480,0.1388
1226,265,1491,0.1388
1239,270,1509,0.1388
1240,270,1510,0.1388
1234,275,1509,0.1388
1230,277,1507,0.1388
1226,275,1501,0.1388
1219,276,1495,0.1388
1216,273,1489,0.1388
1226,274,1500,0.1388
1225,274,1499,0.1388
1225,272,1497,0.1388
1241,268,1509,0.1388
1244,270,1514,0.1388
1242,274,1516,0.1388
1240,278,1518,0.1388
1242,273,1515,0.1388
1226,277,1503,0.1388
1213,276,1489,0.1388
1218,272,1490,0.1388
1221,277,1498,0.1388
1221,280,1501,0.1388
1214,282,1496,0.1388
1203,282,1485,0.1388
1200,286,1486,0.1388
1216,278,1494,0.1388
1212,278,1490,0.1388
1211,280,1491,0.1388
1210,281,1491,0.1388
1208,287,1495,0.1388
1209,288,1497,0.1388
1208,285,1493,0.1388
1208,283,1491,0.1388
1204,283,1487,0.1388
1201,288,1489,0.1388
1206,292,1498,0.1388
1220,288,1508,0.1388
1209,282,1491,0.1388
1210,282,1492,0.1388
1217,285,1502,0.1388
1207,287,1494,0.1388
1214,280,1494,0.1388
1223,276,1499,0.1388
1224,282,1506,0.1388
1216,284,1500,0.1388
1215,279,1494,0.1388
1216,286,1502,0.1388
1223,288,1511,0.1388
1223,283,1506,0.1388
1216,284,1500,0.1388
1219,280,1499,0.1388
1208,288,1496,0.1388
1207,298,1505,0.1388
1216,295,1511,0.1388
1208,293,1501,0.1388
1204,297,1501,0.1388
1201,292,1493,0.1388
1207,297,1504,0.1388
1208,296,1504,0.1388
1197,292,1489,0.1388
1195,300,1495,0.1388
1199,300,1499,0.1388
1206,298,1504,0.1388
1208,301,1509,0.1388
1194,304,1498,0.1388
1188,310,1498,0.1388
1186,309,1495,0.1388
1196,306,1502,0.1388
1195,303,1498,0.1388
1191,300,1491,0.1388
1181,302,1483,0.1388
1184,306,1490,0.1388
1186,304,1490,0.1388
1185,301,1486,0.1388
1193,303,1496,0.1388
1187,307,1494,0.1388
1180,314,1494,0.1388
1184,318,1502,0.1388
1169,324,1493,0.1388
1165,324,1489,0.1388
1171,320,1491,0.1388
1176,326,1502,0.1388
1171,328,1499,0.1388
1171,322,1493,0.1388
1183,322,1505,0.1388
1188,318,1506,0.1388
1179,321,1500,0.1388
1184,325,1509,0.1388
1180,329,1509,0.1388
1183,324,1507,0.1388
1184,321,1505,0.1388
1174,324,1498,0.1388
1167,323,1490,0.1388
1171,327,1498,0.1388
1163,328,1491,0.1388
1163,329,1492,0.1388
1156,328,1484,0.1388
1159,324,1483,0.1388
1156,326,1482,0.1388
1160,326,1486,0.1388
1157,329,1486,0.1388
1166,329,1495,0.1388
1163,327,1490,0.1388
1164,328,1492,0.1388
1157,330,1487,0.1388
1146,331,1477,0.1388
1150,336,1486,0.1388
1148,341,1489,0.1388
1147,346,1493,0.1388
1150,344,1494,0.1388
1151,342,1493,0.1388
1143,343,1486,0.1388
1134,345,1479,0.1388
1146,345,1491,0.1388
1140,345,1485,0.1388
1127,347,1474,0.1388
1129,354,1483,0.1388
1145,359,1504,0.1388
1142,363,1505,0.1388
1147,364,1511,0.1388
1138,355,1493,0.1388
1149,362,1511,0.1388
1139,364,1503,0.1388
1144,359,1503,0.1388
1146,359,1505,0.1388
1153,362,1515,0.1388
1152,366,1518,0.1388
1153,367,1520,0.1388
1148,365,1513,0.1388
1135,354,1489,0.1388
1140,350,1490,0.1388
1147,356,1503,0.1388
1151,354,1505,0.1388
1137,349,1486,0.1388
1150,352,1502,0.1388
1141,357,1498,0.1388
1145,361,1506,0.1388
1132,356,1488,0.1388
1136,360,1496,0.1388
1135,358,1493,0.1388
1138,360,1498,0.1388
1139,352,1491,0.1388
1145,354,1499,0.1388
1138,352,1490,0.1388
1148,345,1493,0.1388
1141,346,1487,0.1388
1150,347,1497,0.1388
1148,350,1498,0.1388
1155,354,1509,0.1388
1153,355,1508,0.1388
1151,357,1508,0.1388
1150,350,1500,0.1388
1152,352,1504,0.1388
1156,353,1509,0.1388
1154,353,1507,0.1388
1141,359,1500,0.1388
1145,360,1505,0.1388
1147,358,1505,0.1388
1140,360,1500,0.1388
1148,363,1511,0.1388
1138,365,1503,0.1388
1130,366,1496,0.1388
1145,370,1515,0.1388
1135,370,1505,0.1388
1138,370,1508,0.1388
1135,362,1497,0.1388
1140,366,1506,0.1388
1137,370,1507,0.1388
1126,372,1498,0.1388
1126,371,1497,0.1388
1128,366,1494,0.1388
1128,365,1493,0.1388
1123,366,1489,0.1388
1125,364,1489,0.1388
1117,374,1491,0.1388
1122,366,1488,0.1388
1116,370,1486,0.1388
1125,369,1494,0.1388
1119,368,1487,0.1388
1118,372,1490,0.1388
1116,375,1491,0.1388
1125,381,1506,0.1388
1121,376,1497,0.1388
1110,373,1483,0.1388
1121,379,1500,0.1388
1115,378,1493,0.1388
1127,377,1504,0.1388
1139,372,1511,0.1388
1129,371,1500,0.1388
1123,365,1488,0.1388
1114,373,1487,0.1388
1115,376,1491,0.1388
1114,378,1492,0.1388
1112,384,1496,0.1388
1124,384,1508,0.1388
1134,382,1516,0.1388
1132,381,1513,0.1388
1131,380,1511,0.1388
1125,386,1511,0.1388
1130,382,1512,0.1388
1137,384,1521,0.1388
1125,377,1502,0.1388
1124,376,1500,0.1388
1128,375,1503,0.1388
1122,372,1494,0.1388
1126,378,1504,0.1388
1116,380,1496,0.1388
1119,380,1499,0.1388
1118,381,1499,0.1388
1119,383,1502,0.1388
1125,379,1504,0.1388
1119,379,1498,0.1388
1123,379,1502,0.1388
1128,378,1506,0.1388
1121,376,1497,0.1388
1132,375,1507,0.1388
1138,375,1513,0.1388
1143,375,1518,0.1388
1127,375,1502,0.1388
1126,379,1505,0.1388
1120,383,1503,0.1388
1121,389,1510,0.1388
1114,395,1509,0.1388
1101,392,1493,0.1388
1104,384,1488,0.1388
1103,383,1486,0.1388
1099,384,1483,0.1388
1107,383,1490,0.1388
1112,385,1497,0.1388
1102,377,1479,0.1388
1113,375,1488,0.1388
1116,382,1498,0.1388
1116,382,1498,0.1388
1108,385,1493,0.1388
1096,389,1485,0.1388
1104,393,1497,0.1388
1107,389,1496,0.1388
1099,392,1491,0.1388
1104,395,1499,0.1388
1098,396,1494,0.1388
1091,388,1479,0.1388
1104,382,1486,0.1388
1097,383,1480,0.1388
1092,387,1479,0.1388
1098,389,1487,0.1388
1098,388,1486,0.1388
1100,394,1494,0.1388
1098,395,1493,0.1388
1099,397,1496,0.1388
1095,398,1493,0.1388
1109,397,1506,0.1388
1102,392,1494,0.1388
1102,399,1501,0.1388
1100,394,1494,0.1388
1087,395,1482,0.1388
1094,398,1492,0.1388
1080,400,1480,0.1388
1094,403,1497,0.1388
1090,402,1492,0.1388
1095,409,1504,0.1388
1098,413,1511,0.1388
1108,413,1521,0.1388
1108,414,1522,0.1388
1106,418,1524,0.1388
1103,414,1517,0.1388
1114,408,1522,0.1388
1109,412,1521,0.1388
1085,413,1498,0.1388
1090,415,1505,0.1388
1080,416,1496,0.1388
1080,412,1492,0.1388
1095,415,1510,0.1388
1091,414,1505,0.1388
1091,418,1509,0.1388
1090,416,1506,0.1388
1084,418,1502,0.1388
1087,407,1494,0.1388
1086,403,1489,0.1388
1095,411,1506,0.1388
1097,414,1511,0.1388
1092,421,1513,0.1388
1088,418,1506,0.1388
1079,419,1498,0.1388
1073,414,1487,0.1388
1069,415,1484,0.1388
1068,414,1482,0.1388
1068,416,1484,0.1388
1076,420,1496,0.1388
1070,418,1488,0.1388
1077,423,1500,0.1388
1070,429,1499,0.1388
1074,436,1510,0.1388
1074,434,1508,0.1388
1070,433,1503,0.1388
1067,427,1494,0.1388
1074,425,1499,0.1388
1061,430,1491,0.1388
1059,428,1487,0.1388
1057,426,1483,0.1388
1044,430,1474,0.1388
1044,428,1472,0.1388
1043,432,1475,0.1388
1053,444,1497,0.1388
1042,454,1496,0.1388
1043,451,1494,0.1388
1038,450,1488,0.1388
1040,452,1492,0.1388
1044,451,1495,0.1388
1052,448,1500,0.1388
1053,451,1504,0.1388
1063,439,1502,0.1388
1059,444,1503,0.1388
1061,444,1505,0.1388
1065,443,1508,0.1388
1069,442,1511,0.1388
1064,437,1501,0.1388
1051,442,1493,0.1388
1046,447,1493,0.1388
1047,453,1500,0.1388
1048,453,1501,0.1388
1044,452,1496,0.1388
1047,452,1499,0.1388
1050,451,1501,0.1388
1043,444,1487,0.1388
1049,441,1490,0.1388
1048,451,1499,0.1388
1042,462,1504,0.1388
1039,460,1499,0.1388
1038,457,1495,0.1388
1044,465,1509,0.1388
1047,464,1511,0.1388
1040,470,1510,0.1388
1031,465,1496,0.1388
1029,467,1496,0.1388
1025,467,1492,0.1388
1038,469,1507,0.1388
1037,471,1508,0.1388
1031,475,1506,0.1388
1035,475,1510,0.1388
1032,475,1507,0.1388
1042,472,1514,0.1388
1036,468,1504,0.1388
1030,469,1499,0.1388
1034,466,1500,0.1388
1034,461,1495,0.1388
1042,467,1509,0.1388
1039,466,1505,0.1388
1038,466,1504,0.1388
1032,472,1504,0.1388
1037,469,1506,0.1388
1032,471,1503,0.1388
1027,468,1495,0.1388
1027,467,1494,0.1388
1015,469,1484,0.1388
1020,468,1488,0.1388
1021,467,1488,0.1388
1023,476,1499,0.1388
1017,484,1501,0.1388
1020,477,1497,0.1388
1022,481,1503,0.1388
1020,483,1503,0.1388
1029,482,1511,0.1388
1023,479,1502,0.1388
1022,479,1501,0.1388
1016,487,1503,0.1388
1013,481,1494,0.1388
1014,484,1498,0.1388
1014,478,1492,0.1388
1017,482,1499,0.1388
1025,479,1504,0.1388
1023,478,1501,0.1388
1025,485,1510,0.1388
1035,485,1520,0.1388
1027,481,1508,0.1388
1015,482,1497,0.1388
1028,476,1504,0.1388
1028,486,1514,0.1388
1030,489,1519,0.1388
1024,480,1504,0.1388
1015,487,1502,0.1388
1007,489,1496,0.1388
1010,488,1498,0.1388
1015,483,1498,0.1388
1012,485,1497,0.1388
1017,486,1503,0.1388
1016,491,1507,0.1388
1018,492,1510,0.1388
1008,500,1508,0.1388
1013,500,1513,0.1388
1002,501,1503,0.1388
1009,501,1510,0.1388
1015,496,1511,0.1388
1011,492,1503,0.1388
1009,502,1511,0.1388
997,506,1503,0.1388
1006,511,1517,0.1388
1000,514,1514,0.1388
995,518,1513,0.1388
1002,516,1518,0.1388
992,519,1511,0.1388
986,526,1512,0.1388
999,516,1515,0.1388
997,516,1513,0.1388
997,523,1520,0.1388
997,525,1522,0.1388
989,523,1512,0.1388
980,522,1502,0.1388
981,523,1504,0.1388
982,523,1505,0.1388
987,526,1513,0.1388
995,520,1515,0.1388
992,525,1517,0.1388
981,526,1507,0.1388
972,532,1504,0.1388
974,528,1502,0.1388
972,530,1502,0.1388
963,527,1490,0.1388
970,534,1504,0.1388
966,533,1499,0.1388
970,536,1506,0.1388
960,533,1493,0.1388
959,526,1485,0.1388
971,534,1505,0.1388
973,534,1507,0.1388
979,535,1514,0.1388
978,533,1511,0.1388
973,545,1518,0.1388
972,543,1515,0.1388
956,538,1494,0.1388
951,547,1498,0.1388
948,547,1495,0.1388
948,546,1494,0.1388
947,542,1489,0.1388
943,543,1486,0.1388
955,553,1508,0.1388
950,559,1509,0.1388
958,550,1508,0.1388
945,562,1507,0.1388
943,562,1505,0.1388
942,549,1491,0.1388
943,552,1495,0.1388
953,549,1502,0.1388
943,546,1489,0.1388
939,551,1490,0.1388
940,546,1486,0.1388
937,554,1491,0.1388
946,553,1499,0.1388
951,546,1497,0.1388
946,551,1497,0.1388
955,546,1501,0.1388
947,555,1502,0.1388
939,558,1497,0.1388
931,571,1502,0.1388
942,561,1503,0.1388
934,563,1497,0.1388
940,565,1505,0.1388
933,577,1510,0.1388
911,581,1492,0.1388
918,579,1497,0.1388
928,579,1507,0.1388
928,583,1511,0.1388
924,586,1510,0.1388
932,586,1518,0.1388
935,587,1522,0.1388
924,581,1505,0.1388
918,578,1496,0.1388
923,566,1489,0.1388
928,576,1504,0.1388
926,584,1510,0.1388
921,585,1506,0.1388
917,578,1495,0.1388
904,591,1495,0.1388
915,587,1502,0.1388
910,587,1497,0.1388
912,596,1508,0.1388
912,591,1503,0.1388
903,600,1503,0.1388
914,601,1515,0.1388
908,592,1500,0.1388
893,594,1487,0.1388
899,591,1490,0.1388
894,601,1495,0.1388
891,598,1489,0.1388
891,600,1491,0.1388
902,610,1512,0.1388
898,613,1511,0.1388
896,604,1500,0.1388
902,601,1503,0.1388
890,602,1492,0.1388
893,606,1499,0.1388
890,601,1491,0.1388
883,606,1489,0.1388
885,612,1497,0.1388
895,617,1512,0.1388
888,606,1494,0.1388
891,607,1498,0.1388
881,600,1481,0.1388
870,602,1472,0.1388
854,606,1460,0.1388
872,605,1477,0.1388
874,613,1487,0.1388
868,617,1485,0.1388
859,629,1488,0.1388
861,628,1489,0.1388
871,622,1493,0.1388
867,631,1498,0.1388
867,627,1494,0.1388
865,633,1498,0.1388
856,633,1489,0.1388
868,627,1495,0.1388
865,631,1496,0.1388
871,649,1520,0.1388
870,650,1520,0.1388
875,644,1519,0.1388
859,646,1505,0.1388
852,644,1496,0.1388
842,632,1474,0.1388
845,657,1502,0.1388
865,654,1519,0.1388
856,653,1509,0.1388
846,649,1495,0.1388
845,648,1493,0.1388
841,653,1494,0.1388
835,660,1495,0.1388
836,657,1493,0.1388
833,662,1495,0.1388
834,668,1502,0.1388
839,672,1511,0.1388
838,669,1507,0.1388
834,662,1496,0.1388
834,657,1491,0.1388
836,664,1500,0.1388
817,668,1485,0.1388
826,669,1495,0.1388
828,675,1503,0.1388
820,676,1496,0.1388
813,680,1493,0.1388
808,680,1488,0.1388
812,683,1495,0.1388
822,693,1515,0.1388
822,687,1509,0.1388
817,675,1492,0.1388
823,676,1499,0.1388
817,689,1506,0.1388
818,688,1506,0.1388
818,679,1497,0.1388
815,683,1498,0.1388
820,684,1504,0.1388
805,684,1489,0.1388
801,694,1495,0.1388
805,694,1499,0.1388
808,699,1507,0.1388
797,697,1494,0.1388
811,698,1509,0.1388
808,694,1502,0.1388
819,695,1514,0.1388
814,701,1515,0.1388
809,693,1502,0.1388
810,690,1500,0.1388
819,687,1506,0.1388
820,686,1506,0.1388
818,690,1508,0.1388
820,693,1513,0.1388
807,694,1501,0.1388
801,699,1500,0.1388
804,695,1499,0.1388
809,701,1510,0.1388
813,712,1525,0.1388
804,720,1524,0.1388
797,709,1506,0.1388
804,703,1507,0.1388
806,711,1517,0.1388
809,707,1516,0.1388
803,703,1506,0.1388
800,707,1507,0.1388
794,709,1503,0.1388
793,708,1501,0.1388
792,700,1492,0.1388
806,700,1506,0.1388
794,702,1496,0.1388
800,707,1507,0.1388
799,707,1506,0.1388
786,709,1495,0.1388
785,713,1498,0.1388
788,725,1513,0.1388
791,723,1514,0.1388
794,721,1515,0.1388
787,719,1506,0.1388
790,719,1509,0.1388
793,714,1507,0.1388
775,727,1502,0.1388
769,730,1499,0.1388
767,733,1500,0.1388
761,730,1491,0.1388
768,731,1499,0.1388
771,742,1513,0.1388
774,742,1516,0.1388
769,750,1519,0.1388
764,739,1503,0.1388
767,737,1504,0.1388
767,735,1502,0.1388
770,736,1506,0.1388
761,736,1497,0.1388
771,743,1514,0.1388
777,751,1528,0.1388
779,739,1518,0.1388
779,740,1519,0.1388
771,743,1514,0.1388
775,733,1508,0.1388
775,724,1499,0.1388
776,723,1499,0.1388
765,730,1495,0.1388
770,736,1506,0.1388
768,731,1499,0.1388
770,736,1506,0.1388
769,741,1510,0.1388
765,747,1512,0.1388
769,745,1514,0.1388
771,738,1509,0.1388
762,740,1502,0.1388
766,742,1508,0.1388
775,745,1520,0.1388
760,739,1499,0.1388
765,732,1497,0.1388
761,745,1506,0.1388
761,740,1501,0.1388
761,729,1490,0.1388
767,736,1503,0.1388
762,741,1503,0.1388
761,748,1509,0.1388
763,753,1516,0.1388
763,755,1518,0.1388
770,748,1518,0.1388
768,748,1516,0.1388
766,747,1513,0.1388
759,738,1497,0.1388
762,739,1501,0.1388
770,742,1512,0.1388
773,748,1521,0.1388
764,739,1503,0.1388
766,741,1507,0.1388
763,747,1510,0.1388
770,752,1522,0.1388
771,749,1520,0.1388
759,746,1505,0.1388
759,755,1514,0.1388
771,750,1521,0.1388
761,742,1503,0.1388
766,731,1497,0.1388
757,740,1497,0.1388
768,744,1512,0.1388
773,748,1521,0.1388
768,736,1504,0.1388
763,749,1512,0.1388
754,740,1494,0.1388
753,747,1500,0.1388
754,733,1487,0.1388
765,738,1503,0.1388
763,746,1509,0.1388
764,745,1509,0.1388
767,750,1517,0.1388
766,752,1518,0.1388
769,756,1525,0.1388
771,759,1530,0.1388
775,750,1525,0.1388
768,745,1513,0.1388
755,744,1499,0.1388
751,743,1494,0.1388
759,750,1509,0.1388
761,746,1507,0.1388
746,745,1491,0.1388
747,750,1497,0.1388
744,745,1489,0.1388
744,744,1488,0.1388
749,752,1501,0.1388
754,753,1507,0.1388
754,762,1516,0.1388
739,757,1496,0.1388
737,750,1487,0.1388
742,757,1499,0.1388
745,757,1502,0.1388
736,759,1495,0.1388
737,773,1510,0.1388
740,781,1521,0.1388
743,773,1516,0.1388
728,776,1504,0.1388
731,775,1506,0.1388
728,765,1493,0.1388
727,770,1497,0.1388
736,764,1500,0.1388
744,762,1506,0.1388
734,768,1502,0.1388
739,777,1516,0.1388
745,779,1524,0.1388
737,774,1511,0.1388
730,774,1504,0.1388
731,782,1513,0.1388
731,778,1509,0.1388
732,778,1510,0.1388
727,779,1506,0.1388
715,779,1494,0.1388
720,784,1504,0.1388
719,778,1497,0.1388
720,780,1500,0.1388
723,786,1509,0.1388
722,790,1512,0.1388
727,784,1511,0.1388
722,787,1509,0.1388
721,791,1512,0.1388
723,792,1515,0.1388
724,782,1506,0.1388
720,774,1494,0.1388
729,778,1507,0.1388
728,772,1500,0.1388
729,774,1503,0.1388
726,777,1503,0.1388
723,772,1495,0.1388
715,788,1503,0.1388
716,796,1512,0.1388
719,786,1505,0.1388
711,787,1498,0.1388
705,791,1496,0.1388
711,797,1508,0.1388
708,800,1508,0.1388
719,796,1515,0.1388
708,810,1518,0.1388
701,800,1501,0.1388
701,804,1505,0.1388
708,809,1517,0.1388
707,799,1506,0.1388
701,796,1497,0.1388
715,793,1508,0.1388
711,788,1499,0.1388
712,782,1494,0.1388
712,790,1502,0.1388
703,793,1496,0.1388
712,804,1516,0.1388
713,804,1517,0.1388
714,795,1509,0.1388
712,803,1515,0.1388
706,806,1512,0.1388
698,813,1511,0.1388
695,809,1504,0.1388
692,807,1499,0.1388
690,803,1493,0.1388
678,813,1491,0.1388
690,818,1508,0.1388
690,827,1517,0.1388
687,826,1513,0.1388
682,814,1496,0.1388
684,819,1503,0.1388
691,816,1507,0.1388
687,813,1500,0.1388
678,820,1498,0.1388
675,828,1503,0.1388
683,820,1503,0.1388
684,830,1514,0.1388
683,840,1523,0.1388
677,840,1517,0.1388
671,841,1512,0.1388
664,839,1503,0.1388
662,835,1497,0.1388
654,840,1494,0.1388
665,831,1496,0.1388
668,838,1506,0.1388
660,846,1506,0.1388
659,843,1502,0.1388
658,834,1492,0.1388
659,844,1503,0.1388
666,831,1497,0.1388
657,839,1496,0.1388
653,850,1503,0.1388
650,852,1502,0.1388
658,858,1516,0.1388
666,845,1511,0.1388
661,848,1509,0.1388
654,843,1497,0.1388
660,850,1510,0.1388
669,848,1517,0.1388
667,856,1523,0.1388
663,853,1516,0.1388
660,854,1514,0.1388
658,848,1506,0.1388
647,855,1502,0.1388
653,863,1516,0.1388
656,870,1526,0.1388
647,876,1523,0.1388
644,865,1509,0.1388
647,858,1505,0.1388
645,862,1507,0.1388
646,865,1511,0.1388
645,871,1516,0.1388
646,865,1511,0.1388
644,863,1507,0.1388
647,865,1512,0.1388
644,863,1507,0.1388
642,865,1507,0.1388
640,859,1499,0.1388
641,872,1513,0.1388
648,873,1521,0.1388
646,865,1511,0.1388
645,875,1520,0.1388
637,875,1512,0.1388
631,876,1507,0.1388
628,873,1501,0.1388
620,879,1499,0.1388
635,875,1510,0.1388
631,887,1518,0.1388
631,883,1514,0.1388
635,878,1513,0.1388
628,880,1508,0.1388
628,892,1520,0.1388
625,895,1520,0.1388
626,896,1522,0.1388
618,898,1516,0.1388
607,889,1496,0.1388
600,896,1496,0.1388
598,906,1504,0.1388
599,900,1499,0.1388
611,909,1520,0.1388
606,907,1513,0.1388
595,907,1502,0.1388
595,902,1497,0.1388
598,895,1493,0.1388
594,896,1490,0.1388
601,897,1498,0.1388
598,908,1506,0.1388
603,907,1510,0.1388
603,910,1513,0.1388
595,909,1504,0.1388
599,909,1508,0.1388
600,914,1514,0.1388
590,921,1511,0.1388
593,928,1521,0.1388
595,930,1525,0.1388
588,923,1511,0.1388
589,923,1512,0.1388
593,915,1508,0.1388
594,911,1505,0.1388
586,902,1488,0.1388
586,901,1487,0.1388
592,919,1511,0.1388
594,920,1514,0.1388
588,924,1512,0.1388
595,912,1507,0.1388
598,911,1509,0.1388
596,908,1504,0.1388
595,913,1508,0.1388
593,911,1504,0.1388
593,913,1506,0.1388
590,916,1506,0.1388
589,917,1506,0.1388
587,923,1510,0.1388
592,922,1514,0.1388
588,920,1508,0.1388
593,915,1508,0.1388
582,912,1494,0.1388
583,910,1493,0.1388
587,913,1500,0.1388
588,932,1520,0.1388
585,919,1504,0.1388
585,933,1518,0.1388
595,922,1517,0.1388
587,923,1510,0.1388
583,924,1507,0.1388
596,910,1506,0.1388
600,912,1512,0.1388
595,909,1504,0.1388
596,906,1502,0.1388
592,906,1498,0.1388
599,914,1513,0.1388
599,916,1515,0.1388
599,915,1514,0.1388
599,923,1522,0.1388
603,919,1522,0.1388
597,932,1529,0.1388
589,940,1529,0.1388
589,941,1530,0.1388
590,940,1530,0.1388
584,936,1520,0.1388
579,933,1512,0.1388
578,932,1510,0.1388
586,941,1527,0.1388
577,944,1521,0.1388
576,938,1514,0.1388
574,949,1523,0.1388
564,949,1513,0.1388
566,957,1523,0.1388
549,956,1505,0.1388
550,963,1513,0.1388
551,973,1524,0.1388
539,976,1515,0.1388
544,972,1516,0.1388
539,974,1513,0.1388
539,977,1516,0.1388
548,966,1514,0.1388
538,979,1517,0.1388
542,980,1522,0.1388
542,978,1520,0.1388
539,977,1516,0.1388
539,976,1515,0.1388
535,975,1510,0.1388
530,973,1503,0.1388
527,979,1506,0.1388
525,983,1508,0.1388
513,976,1489,0.1388
515,990,1505,0.1388
516,985,1501,0.1388
517,988,1505,0.1388
517,994,1511,0.1388
515,991,1506,0.1388
521,993,1514,0.1388
517,996,1513,0.1388
517,996,1513,0.1388
516,990,1506,0.1388
509,1001,1510,0.1388
515,1000,1515,0.1388
513,1004,1517,0.1388
517,994,1511,0.1388
520,998,1518,0.1388
518,997,1515,0.1388
513,999,1512,0.1388
521,1000,1521,0.1388
522,1001,1523,0.1388
516,997,1513,0.1388
518,982,1500,0.1388
521,991,1512,0.1388
519,995,1514,0.1388
512,989,1501,0.1388
513,1002,1515,0.1388
516,1006,1522,0.1388
522,996,1518,0.1388
520,998,1518,0.1388
525,999,1524,0.1388
519,1004,1523,0.1388
523,1009,1532,0.1388
519,1011,1530,0.1388
514,1002,1516,0.1388
518,993,1511,0.1388
521,988,1509,0.1388
511,1000,1511,0.1388
504,1004,1508,0.1388
497,1007,1504,0.1388
505,1005,1510,0.1388
511,1002,1513,0.1388
512,1006,1518,0.1388
514,1007,1521,0.1388
508,1014,1522,0.1388
505,1001,1506,0.1388
501,1013,1514,0.1388
498,1011,1509,0.1388
494,1007,1501,0.1388
498,1012,1510,0.1388
493,1021,1514,0.1388
494,1006,1500,0.1388
499,1009,1508,0.1388
493,1015,1508,0.1388
491,1008,1499,0.1388
489,1014,1503,0.1388
490,1014,1504,0.1388
495,1026,1521,0.1388
490,1017,1507,0.1388
491,1025,1516,0.1388
489,1022,1511,0.1388
494,1026,1520,0.1388
490,1031,1521,0.1388
489,1026,1515,0.1388
489,1029,1518,0.1388
481,1030,1511,0.1388
478,1040,1518,0.1388
480,1036,1516,0.1388
483,1026,1509,0.1388
493,1029,1522,0.1388
490,1027,1517,0.1388
485,1017,1502,0.1388
481,1015,1496,0.1388
480,1020,1500,0.1388
473,1018,1491,0.1388
472,1017,1489,0.1388
471,1022,1493,0.1388
467,1026,1493,0.1388
474,1035,1509,0.1388
471,1030,1501,0.1388
472,1031,1503,0.1388
461,1024,1485,0.1388
454,1031,1485,0.1388
466,1033,1499,0.1388
459,1037,1496,0.1388
455,1039,1494,0.1388
456,1039,1495,0.1388
461,1047,1508,0.1388
461,1050,1511,0.1388
465,1054,1519,0.1388
455,1047,1502,0.1388
453,1052,1505,0.1388
458,1040,1498,0.1388
453,1046,1499,0.1388
443,1047,1490,0.1388
447,1051,1498,0.1388
446,1063,1509,0.1388
445,1067,1512,0.1388
447,1064,1511,0.1388
449,1066,1515,0.1388
439,1072,1511,0.1388
432,1074,1506,0.1388
434,1066,1500,0.1388
432,1069,1501,0.1388
431,1079,1510,0.1388
434,1067,1501,0.1388
433,1064,1497,0.1388
436,1066,1502,0.1388
437,1066,1503,0.1388
435,1062,1497,0.1388
439,1070,1509,0.1388
450,1068,1518,0.1388
440,1061,1501,0.1388
430,1063,1493,0.1388
420,1068,1488,0.1388
419,1073,1492,0.1388
423,1080,1503,0.1388
422,1082,1504,0.1388
423,1101,1524,0.1388
419,1095,1514,0.1388
421,1093,1514,0.1388
423,1089,1512,0.1388
420,1085,1505,0.1388
419,1086,1505,0.1388
415,1090,1505,0.1388
413,1093,1506,0.1388
415,1091,1506,0.1388
409,1083,1492,0.1388
410,1088,1498,0.1388
411,1096,1507,0.1388
412,1092,1504,0.1388
408,1094,1502,0.1388
400,1098,1498,0.1388
400,1106,1506,0.1388
397,1108,1505,0.1388
397,1112,1509,0.1388
401,1114,1515,0.1388
398,1115,1513,0.1388
396,1114,1510,0.1388
388,1117,1505,0.1388
386,1115,1501,0.1388
394,1118,1512,0.1388
394,1128,1522,0.1388
396,1125,1521,0.1388
396,1121,1517,0.1388
396,1120,1516,0.1388
396,1113,1509,0.1388
392,1106,1498,0.1388
385,1105,1490,0.1388
380,1116,1496,0.1388
385,1116,1501,0.1388
382,1118,1500,0.1388
384,1131,1515,0.1388
380,1129,1509,0.1388
383,1134,1517,0.1388
380,1135,1515,0.1388
374,1146,1520,0.1388
372,1141,1513,0.1388
375,1145,1520,0.1388
376,1143,1519,0.1388
379,1146,1525,0.1388
376,1144,1520,0.1388
372,1140,1512,0.1388
375,1152,1527,0.1388
371,1157,1528,0.1388
368,1150,1518,0.1388
368,1149,1517,0.1388
365,1138,1503,0.1388
363,1140,1503,0.1388
362,1146,1508,0.1388
360,1149,1509,0.1388
359,1165,1524,0.1388
361,1161,1522,0.1388
357,1165,1522,0.1388
355,1176,1531,0.1388
358,1168,1526,0.1388
353,1167,1520,0.1388
347,1156,1503,0.1388
351,1165,1516,0.1388
354,1168,1522,0.1388
354,1158,1512,0.1388
353,1169,1522,0.1388
359,1159,1518,0.1388
362,1165,1527,0.1388
361,1159,1520,0.1388
362,1161,1523,0.1388
358,1156,1514,0.1388
349,1159,1508,0.1388
350,1166,1516,0.1388
348,1166,1514,0.1388
347,1164,1511,0.1388
348,1182,1530,0.1388
347,1181,1528,0.1388
341,1184,1525,0.1388
329,1179,1508,0.1388
327,1182,1509,0.1388
332,1172,1504,0.1388
329,1183,1512,0.1388
325,1179,1504,0.1388
324,1187,1511,0.1388
329,1193,1522,0.1388
325,1206,1531,0.1388
322,1194,1516,0.1388
316,1196,1512,0.1388
315,1189,1504,0.1388
320,1190,1510,0.1388
318,1188,1506,0.1388
318,1176,1494,0.1388
323,1182,1505,0.1388
321,1185,1506,0.1388
326,1187,1513,0.1388
320,1187,1507,0.1388
310,1191,1501,0.1388
311,1195,1506,0.1388
308,1190,1498,0.1388
316,1177,1493,0.1388
318,1194,1512,0.1388
321,1196,1517,0.1388
322,1185,1507,0.1388
327,1197,1524,0.1388
330,1198,1528,0.1388
325,1203,1528,0.1388
324,1197,1521,0.1388
316,1199,1515,0.1388
319,1193,1512,0.1388
318,1204,1522,0.1388
313,1205,1518,0.1388
302,1217,1519,0.1388
306,1208,1514,0.1388
309,1207,1516,0.1388
310,1200,1510,0.1388
312,1197,1509,0.1388
313,1200,1513,0.1388
311,1198,1509,0.1388
307,1203,1510,0.1388
305,1207,1512,0.1388
304,1202,1506,0.1388
307,1212,1519,0.1388
305,1209,1514,0.1388
308,1206,1514,0.1388
305,1211,1516,0.1388
302,1219,1521,0.1388
304,1207,1511,0.1388
301,1212,1513,0.1388
301,1214,1515,0.1388
301,1216,1517,0.1388
301,1209,1510,0.1388
305,1190,1495,0.1388
303,1200,1503,0.1388
307,1205,1512,0.1388
308,1213,1521,0.1388
302,1202,1504,0.1388
294,1198,1492,0.1388
289,1202,1491,0.1388
289,1215,1504,0.1388
299,1224,1523,0.1388
301,1222,1523,0.1388
299,1226,1525,0.1388
296,1221,1517,0.1388
287,1216,1503,0.1388
289,1222,1511,0.1388
287,1223,1510,0.1388
287,1226,1513,0.1388
292,1215,1507,0.1388
294,1218,1512,0.1388
290,1213,1503,0.1388
292,1215,1507,0.1388
293,1216,1509,0.1388
293,1209,1502,0.1388
289,1211,1500,0.1388
286,1224,1510,0.1388
286,1234,1520,0.1388
287,1229,1516,0.1388
286,1231,1517,0.1388
293,1223,1516,0.1388
296,1234,1530,0.1388
297,1235,1532,0.1388
294,1247,1541,0.1388
296,1232,1528,0.1388
290,1225,1515,0.1388
292,1216,1508,0.1388
288,1216,1504,0.1388
286,1224,1510,0.1388
287,1227,1514,0.1388
287,1229,1516,0.1388
282,1229,1511,0.1388
278,1228,1506,0.1388
275,1235,1510,0.1388
280,1225,1505,0.1388
278,1228,1506,0.1388
280,1232,1512,0.1388
280,1232,1512,0.1388
280,1231,1511,0.1388
281,1228,1509,0.1388
274,1240,1514,0.1388
270,1240,1510,0.1388
270,1252,1522,0.1388
276,1247,1523,0.1388
279,1231,1510,0.1388
282,1222,1504,0.1388
275,1222,1497,0.1388
280,1212,1492,0.1388
277,1223,1500,0.1388
278,1234,1512,0.1388
277,1245,1522,0.1388
272,1243,1515,0.1388
270,1241,1511,0.1388
266,1246,1512,0.1388
263,1257,1520,0.1388
267,1254,1521,0.1388
268,1256,1524,0.1388
263,1249,1512,0.1388
259,1261,1520,0.1388
260,1265,1525,0.1388
252,1261,1513,0.1388
254,1263,1517,0.1388
254,1255,1509,0.1388
253,1254,1507,0.1388
255,1253,1508,0.1388
250,1257,1507,0.1388
249,1263,1512,0.1388
248,1264,1512,0.1388
248,1261,1509,0.1388
239,1260,1499,0.1388
245,1263,1508,0.1388
248,1278,1526,0.1388
252,1276,1528,0.1388
247,1269,1516,0.1388
247,1275,1522,0.1388
253,1277,1530,0.1388
253,1263,1516,0.1388
251,1270,1521,0.1388
245,1279,1524,0.1388
240,1282,1522,0.1388
239,1294,1533,0.1388
233,1290,1523,0.1388
230,1289,1519,0.1388
224,1295,1519,0.1388
228,1319,1547,0.1388
235,1307,1542,0.1388
234,1303,1537,0.1388
232,1302,1534,0.1388
228,1312,1540,0.1388
223,1297,1520,0.1388
216,1301,1517,0.1388
215,1291,1506,0.1388
214,1303,1517,0.1388
219,1289,1508,0.1388
221,1279,1500,0.1388
221,1270,1491,0.1388
222,1274,1496,0.1388
228,1266,1494,0.1388
226,1284,1510,0.1388
226,1287,1513,0.1388
227,1280,1507,0.1388
227,1280,1507,0.1388
223,1275,1498,0.1388
230,1278,1508,0.1388
225,1284,1509,0.1388
220,1304,1524,0.1388
217,1315,1532,0.1388
213,1310,1523,0.1388
211,1308,1519,0.1388
204,1298,1502,0.1388
204,1308,1512,0.1388
206,1305,1511,0.1388
214,1299,1513,0.1388
217,1291,1508,0.1388
218,1300,1518,0.1388
215,1288,1503,0.1388
212,1298,1510,0.1388
207,1308,1515,0.1388
203,1295,1498,0.1388
197,1306,1503,0.1388
197,1308,1505,0.1388
199,1313,1512,0.1388
195,1322,1517,0.1388
192,1323,1515,0.1388
193,1344,1537,0.1388
189,1329,1518,0.1388
183,1318,1501,0.1388
183,1318,1501,0.1388
189,1329,1518,0.1388
187,1331,1518,0.1388
191,1348,1539,0.1388
185,1347,1532,0.1388
182,1338,1520,0.1388
179,1334,1513,0.1388
178,1330,1508,0.1388
177,1325,1502,0.1388
178,1323,1501,0.1388
177,1336,1513,0.1388
173,1330,1503,0.1388
167,1332,1499,0.1388
168,1344,1512,0.1388
169,1328,1497,0.1388
172,1343,1515,0.1388
174,1348,1522,0.1388
176,1340,1516,0.1388
172,1343,1515,0.1388
172,1333,1505,0.1388
172,1338,1510,0.1388
170,1346,1516,0.1388
168,1339,1507,0.1388
170,1337,1507,0.1388
176,1342,1518,0.1388
176,1350,1526,0.1388
173,1342,1515,0.1388
173,1340,1513,0.1388
177,1336,1513,0.1388
175,1343,1518,0.1388
178,1327,1505,0.1388
183,1329,1512,0.1388
184,1334,1518,0.1388
181,1342,1523,0.1388
182,1348,1530,0.1388
178,1346,1524,0.1388
181,1330,1511,0.1388
178,1335,1513,0.1388
174,1338,1512,0.1388
173,1342,1515,0.1388
175,1341,1516,0.1388
178,1343,1521,0.1388
176,1340,1516,0.1388
173,1338,1511,0.1388
175,1348,1523,0.1388
175,1354,1529,0.1388
176,1348,1524,0.1388
178,1348,1526,0.1388
175,1340,1515,0.1388
176,1330,1506,0.1388
181,1325,1506,0.1388
179,1346,1525,0.1388
177,1343,1520,0.1388
178,1343,1521,0.1388
177,1347,1524,0.1388
176,1332,1508,0.1388
173,1340,1513,0.1388
175,1336,1511,0.1388
175,1341,1516,0.1388
174,1330,1504,0.1388
175,1340,1515,0.1388
173,1342,1515,0.1388
172,1337,1509,0.1388
171,1341,1512,0.1388
174,1338,1512,0.1388
174,1337,1511,0.1388
174,1346,1520,0.1388
175,1344,1519,0.1388
177,1351,1528,0.1388
172,1350,1522,0.1388
168,1344,1512,0.1388
168,1343,1511,0.1388
166,1341,1507,0.1388
168,1347,1515,0.1388
172,1340,1512,0.1388
174,1345,1519,0.1388
171,1346,1517,0.1388
172,1355,1527,0.1388
170,1345,1515,0.1388
165,1350,1515,0.1388
161,1346,1507,0.1388
161,1340,1501,0.1388
164,1352,1516,0.1388
165,1345,1510,0.1388
165,1343,1508,0.1388
159,1343,1502,0.1388
158,1352,1510,0.1388
157,1359,1516,0.1388
152,1361,1513,0.1388
154,1351,1505,0.1388
156,1359,1515,0.1388
153,1358,1511,0.1388
155,1359,1514,0.1388
150,1361,1511,0.1388
149,1365,1514,0.1388
147,1357,1504,0.1388
151,1358,1509,0.1388
151,1367,1518,0.1388
149,1366,1515,0.1388
153,1366,1519,0.1388
151,1359,1510,0.1388
153,1362,1515,0.1388
151,1362,1513,0.1388
152,1372,1524,0.1388
154,1362,1516,0.1388
155,1356,1511,0.1388
154,1358,1512,0.1388
153,1368,1521,0.1388
157,1365,1522,0.1388
157,1368,1525,0.1388
152,1371,1523,0.1388
152,1378,1530,0.1388
150,1370,1520,0.1388
148,1365,1513,0.1388
146,1362,1508,0.1388
147,1365,1512,0.1388
147,1369,1516,0.1388
146,1375,1521,0.1388
143,1382,1525,0.1388
144,1372,1516,0.1388
147,1361,1508,0.1388
147,1367,1514,0.1388
146,1368,1514,0.1388
144,1365,1509,0.1388
146,1367,1513,0.1388
146,1368,1514,0.1388
145,1382,1527,0.1388
143,1383,1526,0.1388
141,1387,1528,0.1388
144,1379,1523,0.1388
142,1369,1511,0.1388
139,1363,1502,0.1388
137,1372,1509,0.1388
135,1374,1509,0.1388
135,1385,1520,0.1388
133,1388,1521,0.1388
132,1388,1520,0.1388
131,1388,1519,0.1388
135,1372,1507,0.1388
136,1368,1504,0.1388
136,1381,1517,0.1388
136,1372,1508,0.1388
136,1350,1486,0.1388
137,1364,1501,0.1388
134,1357,1491,0.1388
131,1367,1498,0.1388
130,1378,1508,0.1388
127,1379,1506,0.1388
126,1375,1501,0.1388
130,1390,1520,0.1388
125,1386,1511,0.1388
122,1384,1506,0.1388
123,1377,1500,0.1388
123,1382,1505,0.1388
121,1388,1509,0.1388
119,1399,1518,0.1388
120,1387,1507,0.1388
121,1401,1522,0.1388
118,1393,1511,0.1388
117,1402,1519,0.1388
119,1392,1511,0.1388
118,1397,1515,0.1388
122,1396,1518,0.1388
118,1389,1507,0.1388
118,1384,1502,0.1388
118,1386,1504,0.1388
117,1404,1521,0.1388
115,1409,1524,0.1388
117,1393,1510,0.1388
116,1393,1509,0.1388
120,1399,1519,0.1388
119,1397,1516,0.1388
119,1386,1505,0.1388
120,1377,1497,0.1388
122,1385,1507,0.1388
125,1391,1516,0.1388
117,1392,1509,0.1388
114,1391,1505,0.1388
109,1401,1510,0.1388
115,1393,1508,0.1388
117,1396,1513,0.1388
117,1408,1525,0.1388
116,1407,1523,0.1388
113,1412,1525,0.1388
116,1402,1518,0.1388
117,1408,1525,0.1388
119,1408,1527,0.1388
120,1401,1521,0.1388
116,1400,1516,0.1388
119,1403,1522,0.1388
118,1400,1518,0.1388
120,1394,1514,0.1388
120,1393,1513,0.1388
118,1390,1508,0.1388
114,1391,1505,0.1388
117,1398,1515,0.1388
117,1386,1503,0.1388
116,1406,1522,0.1388
116,1405,1521,0.1388
119,1404,1523,0.1388
117,1394,1511,0.1388
110,1406,1516,0.1388
110,1406,1516,0.1388
112,1406,1518,0.1388
113,1406,1519,0.1388
108,1394,1502,0.1388
113,1397,1510,0.1388
114,1395,1509,0.1388
114,1415,1529,0.1388
112,1409,1521,0.1388
107,1419,1526,0.1388
106,1419,1525,0.1388
110,1412,1522,0.1388
107,1401,1508,0.1388
111,1393,1504,0.1388
111,1392,1503,0.1388
112,1407,1519,0.1388
108,1406,1514,0.1388
108,1409,1517,0.1388
109,1425,1534,0.1388
107,1421,1528,0.1388
107,1422,1529,0.1388
105,1425,1530,0.1388
105,1428,1533,0.1388
106,1411,1517,0.1388
108,1414,1522,0.1388
105,1423,1528,0.1388
103,1427,1530,0.1388
103,1419,1522,0.1388
104,1425,1529,0.1388
103,1421,1524,0.1388
102,1421,1523,0.1388
98,1430,1528,0.1388
97,1425,1522,0.1388
99,1417,1516,0.1388
102,1424,1526,0.1388
102,1417,1519,0.1388
104,1428,1532,0.1388
105,1421,1526,0.1388
106,1417,1523,0.1388
106,1428,1534,0.1388
101,1426,1527,0.1388
104,1426,1530,0.1388
107,1427,1534,0.1388
106,1422,1528,0.1388
108,1419,1527,0.1388
106,1405,1511,0.1388
106,1410,1516,0.1388
108,1408,1516,0.1388
109,1402,1511,0.1388
106,1396,1502,0.1388
106,1405,1511,0.1388
105,1414,1519,0.1388
109,1405,1514,0.1388
111,1403,1514,0.1388
117,1410,1527,0.1388
114,1400,1514,0.1388
112,1402,1514,0.1388
111,1403,1514,0.1388
109,1397,1506,0.1388
110,1392,1502,0.1388
112,1394,1506,0.1388
111,1406,1517,0.1388
115,1400,1515,0.1388
114,1397,1511,0.1388
112,1394,1506,0.1388
112,1403,1515,0.1388
114,1390,1504,0.1388
114,1400,1514,0.1388
115,1414,1529,0.1388
116,1406,1522,0.1388
111,1405,1516,0.1388
109,1405,1514,0.1388
109,1410,1519,0.1388
103,1421,1524,0.1388
102,1411,1513,0.1388
102,1411,1513,0.1388
102,1409,1511,0.1388
101,1406,1507,0.1388
101,1417,1518,0.1388
103,1415,1518,0.1388
99,1415,1514,0.1388
97,1410,1507,0.1388
96,1403,1499,0.1388
92,1424,1516,0.1388
92,1429,1521,0.1388
91,1424,1515,0.1388
95,1423,1518,0.1388
94,1420,1514,0.1388
94,1425,1519,0.1388
95,1416,1511,0.1388
93,1433,1526,0.1388
95,1430,1525,0.1388
96,1417,1513,0.1388
96,1419,1515,0.1388
97,1420,1517,0.1388
98,1425,1523,0.1388
98,1416,1514,0.1388
101,1412,1513,0.1388
102,1417,1519,0.1388
103,1411,1514,0.1388
99,1402,1501,0.1388
99,1404,1503,0.1388
97,1420,1517,0.1388
97,1418,1515,0.1388
95,1403,1498,0.1388
92,1403,1495,0.1388
93,1413,1506,0.1388
94,1416,1510,0.1388
96,1419,1515,0.1388
94,1427,1521,0.1388
93,1423,1516,0.1388
94,1423,1517,0.1388
95,1414,1509,0.1388
93,1427,1520,0.1388
92,1415,1507,0.1388
93,1416,1509,0.1388
96,1419,1515,0.1388
97,1418,1515,0.1388
97,1424,1521,0.1388
96,1428,1524,0.1388
95,1428,1523,0.1388
91,1428,1519,0.1388
91,1416,1507,0.1388
89,1421,1510,0.1388
87,1412,1499,0.1388
86,1415,1501,0.1388
85,1427,1512,0.1388
87,1416,1503,0.1388
86,1419,1505,0.1388
86,1411,1497,0.1388
85,1426,1511,0.1388
86,1427,1513,0.1388
84,1420,1504,0.1388
85,1427,1512,0.1388
84,1434,1518,0.1388
83,1426,1509,0.1388
85,1420,1505,0.1388
82,1420,1502,0.1388
83,1417,1500,0.1388
82,1419,1501,0.1388
81,1410,1491,0.1388
84,1430,1514,0.1388
81,1435,1516,0.1388
80,1431,1511,0.1388
78,1434,1512,0.1388
78,1438,1516,0.1388
78,1446,1524,0.1388
76,1439,1515,0.1388
76,1444,1520,0.1388
74,1446,1520,0.1388
75,1433,1508,0.1388
74,1436,1510,0.1388
73,1439,1512,0.1388
75,1439,1514,0.1388
75,1430,1505,0.1388
78,1447,1525,0.1388
80,1451,1531,0.1388
78,1441,1519,0.1388
79,1437,1516,0.1388
78,1432,1510,0.1388
77,1453,1530,0.1388
76,1450,1526,0.1388
79,1433,1512,0.1388
80,1441,1521,0.1388
80,1427,1507,0.1388
75,1441,1516,0.1388
76,1443,1519,0.1388
72,1441,1513,0.1388
75,1438,1513,0.1388
73,1443,1516,0.1388
71,1457,1528,0.1388
71,1438,1509,0.1388
71,1445,1516,0.1388
73,1447,1520,0.1388
71,1444,1515,0.1388
73,1428,1501,0.1388
74,1426,1500,0.1388
72,1411,1483,0.1388
71,1419,1490,0.1388
70,1425,1495,0.1388
69,1435,1504,0.1388
70,1431,1501,0.1388
69,1436,1505,0.1388
68,1438,1506,0.1388
70,1437,1507,0.1388
68,1438,1506,0.1388
69,1453,1522,0.1388
71,1453,1524,0.1388
70,1453,1523,0.1388
68,1445,1513,0.1388
66,1438,1504,0.1388
65,1450,1515,0.1388
65,1449,1514,0.1388
66,1451,1517,0.1388
65,1466,1531,0.1388
65,1454,1519,0.1388
66,1454,1520,0.1388
65,1452,1517,0.1388
66,1443,1509,0.1388
66,1442,1508,0.1388
66,1438,1504,0.1388
66,1435,1501,0.1388
65,1452,1517,0.1388
63,1452,1515,0.1388
59,1447,1506,0.1388
61,1451,1512,0.1388
63,1459,1522,0.1388
67,1453,1520,0.1388
66,1439,1505,0.1388
66,1454,1520,0.1388
69,1453,1522,0.1388
69,1434,1503,0.1388
70,1451,1521,0.1388
70,1452,1522,0.1388
68,1457,1525,0.1388
67,1453,1520,0.1388
71,1455,1526,0.1388
70,1443,1513,0.1388
69,1444,1513,0.1388
70,1441,1511,0.1388
70,1442,1512,0.1388
71,1449,1520,0.1388
70,1446,1516,0.1388
69,1451,1520,0.1388
66,1447,1513,0.1388
66,1443,1509,0.1388
66,1448,1514,0.1388
65,1448,1513,0.1388
65,1445,1510,0.1388
65,1444,1509,0.1388
66,1455,1521,0.1388
69,1436,1505,0.1388
68,1440,1508,0.1388
67,1445,1512,0.1388
70,1457,1527,0.1388
69,1462,1531,0.1388
68,1451,1519,0.1388
66,1456,1522,0.1388
63,1446,1509,0.1388
66,1451,1517,0.1388
66,1457,1523,0.1388
65,1464,1529,0.1388
65,1470,1535,0.1388
64,1461,1525,0.1388
68,1444,1512,0.1388
69,1449,1518,0.1388
70,1441,1511,0.1388
71,1452,1523,0.1388
70,1440,1510,0.1388
70,1447,1517,0.1388
69,1437,1506,0.1388
68,1442,1510,0.1388
65,1446,1511,0.1388
69,1434,1503,0.1388
71,1435,1506,0.1388
69,1430,1499,0.1388
67,1438,1505,0.1388
65,1449,1514,0.1388
65,1464,1529,0.1388
63,1448,1511,0.1388
59,1458,1517,0.1388
60,1453,1513,0.1388
65,1442,1507,0.1388
64,1451,1515,0.1388
63,1451,1514,0.1388
64,1459,1523,0.1388
64,1465,1529,0.1388
62,1454,1516,0.1388
64,1453,1517,0.1388
62,1452,1514,0.1388
57,1451,1508,0.1388
59,1453,1512,0.1388
58,1440,1498,0.1388
59,1447,1506,0.1388
61,1443,1504,0.1388
60,1446,1506,0.1388
57,1463,1520,0.1388
58,1457,1515,0.1388
58,1444,1502,0.1388
59,1440,1499,0.1388
60,1454,1514,0.1388
61,1452,1513,0.1388
59,1443,1502,0.1388
64,1454,1518,0.1388
62,1457,1519,0.1388
61,1453,1514,0.1388
61,1450,1511,0.1388
60,1452,1512,0.1388
59,1444,1503,0.1388
59,1448,1507,0.1388
60,1458,1518,0.1388
62,1461,1523,0.1388
61,1461,1522,0.1388
60,1455,1515,0.1388
60,1459,1519,0.1388
58,1464,1522,0.1388
58,1473,1531,0.1388
59,1456,1515,0.1388
60,1467,1527,0.1388
62,1459,1521,0.1388
62,1461,1523,0.1388
62,1458,1520,0.1388
62,1469,1531,0.1388
62,1452,1514,0.1388
63,1451,1514,0.1388
60,1460,1520,0.1388
62,1467,1529,0.1388
59,1460,1519,0.1388
56,1461,1517,0.1388
58,1456,1514,0.1388
58,1461,1519,0.1388
58,1464,1522,0.1388
57,1463,1520,0.1388
55,1476,1531,0.1388
59,1464,1523,0.1388
58,1449,1507,0.1388
57,1454,1511,0.1388
56,1463,1519,0.1388
51,1475,1526,0.1388
52,1471,1523,0.1388
52,1462,1514,0.1388
54,1458,1512,0.1388
53,1453,1506,0.1388
52,1466,1518,0.1388
52,1450,1502,0.1388
52,1452,1504,0.1388
48,1451,1499,0.1388
49,1448,1497,0.1388
50,1466,1516,0.1388
52,1455,1507,0.1388
52,1460,1512,0.1388
50,1464,1514,0.1388
49,1456,1505,0.1388
49,1473,1522,0.1388
48,1488,1536,0.1388
49,1477,1526,0.1388
45,1482,1527,0.1388
45,1485,1530,0.1388
47,1474,1521,0.1388
46,1476,1522,0.1388
46,1468,1514,0.1388
47,1474,1521,0.1388
46,1467,1513,0.1388
47,1451,1498,0.1388
48,1455,1503,0.1388
47,1454,1501,0.1388
47,1463,1510,0.1388
45,1453,1498,0.1388
46,1452,1498,0.1388
46,1444,1490,0.1388
47,1450,1497,0.1388
46,1455,1501,0.1388
45,1474,1519,0.1388
46,1461,1507,0.1388
46,1470,1516,0.1388
45,1467,1512,0.1388
43,1472,1515,0.1388
42,1479,1521,0.1388
42,1472,1514,0.1388
41,1472,1513,0.1388
40,1480,1520,0.1388
43,1484,1527,0.1388
42,1489,1531,0.1388
43,1484,1527,0.1388
43,1469,1512,0.1388
43,1475,1518,0.1388
43,1462,1505,0.1388
44,1466,1510,0.1388
44,1450,1494,0.1388
43,1461,1504,0.1388
42,1451,1493,0.1388
42,1469,1511,0.1388
39,1475,1514,0.1388
37,1480,1517,0.1388
38,1478,1516,0.1388
38,1477,1515,0.1388
36,1483,1519,0.1388
33,1482,1515,0.1388
33,1475,1508,0.1388
33,1485,1518,0.1388
33,1483,1516,0.1388
32,1473,1505,0.1388
31,1476,1507,0.1388
33,1476,1509,0.1388
33,1490,1523,0.1388
33,1498,1531,0.1388
31,1498,1529,0.1388
32,1488,1520,0.1388
30,1486,1516,0.1388
29,1491,1520,0.1388
29,1494,1523,0.1388
28,1501,1529,0.1388
29,1503,1532,0.1388
29,1498,1527,0.1388
28,1495,1523,0.1388
28,1493,1521,0.1388
29,1483,1512,0.1388
28,1490,1518,0.1388
28,1484,1512,0.1388
28,1484,1512,0.1388
28,1498,1526,0.1388
27,1497,1524,0.1388
27,1490,1517,0.1388
29,1488,1517,0.1388
29,1496,1525,0.1388
29,1505,1534,0.1388
29,1498,1527,0.1388
29,1490,1519,0.1388
28,1496,1524,0.1388
28,1477,1505,0.1388
27,1474,1501,0.1388
28,1475,1503,0.1388
29,1488,1517,0.1388
28,1478,1506,0.1388
25,1476,1501,0.1388
24,1490,1514,0.1388
23,1493,1516,0.1388
22,1493,1515,0.1388
21,1496,1517,0.1388
21,1496,1517,0.1388
20,1495,1515,0.1388
20,1495,1515,0.1388
21,1500,1521,0.1388
21,1487,1508,0.1388
20,1478,1498,0.1388
20,1468,1488,0.1388
22,1481,1503,0.1388
24,1492,1516,0.1388
24,1493,1517,0.1388
23,1484,1507,0.1388
23,1492,1515,0.1388
22,1483,1505,0.1388
23,1487,1510,0.1388
22,1488,1510,0.1388
22,1490,1512,0.1388
21,1494,1515,0.1388
21,1475,1496,0.1388
21,1484,1505,0.1388
20,1484,1504,0.1388
20,1492,1512,0.1388
21,1491,1512,0.1388
20,1494,1514,0.1388
19,1502,1521,0.1388
20,1496,1516,0.1388
19,1497,1516,0.1388
21,1513,1534,0.1388
21,1504,1525,0.1388
20,1502,1522,0.1388
19,1502,1521,0.1388
19,1509,1528,0.1388
18,1501,1519,0.1388
19,1503,1522,0.1388
18,1508,1526,0.1388
17,1507,1524,0.1388
17,1504,1521,0.1388
16,1496,1512,0.1388
16,1506,1522,0.1388
16,1506,1522,0.1388
14,1514,1528,0.1388
13,1504,1517,0.1388
14,1499,1513,0.1388
12,1486,1498,0.1388
11,1484,1495,0.1388
11,1483,1494,0.1388
11,1495,1506,0.1388
12,1498,1510,0.1388
12,1513,1525,0.1388
12,1508,1520,0.1388
12,1498,1510,0.1388
12,1506,1518,0.1388
12,1507,1519,0.1388
13,1502,1515,0.1388
12,1508,1520,0.1388
12,1513,1525,0.1388
13,1517,1530,0.1388
13,1518,1531,0.1388
12,1508,1520,0.1388
11,1508,1519,0.1388
13,1503,1516,0.1388
12,1505,1517,0.1388
12,1492,1504,0.1388
12,1502,1514,0.1388
12,1496,1508,0.1388
12,1495,1507,0.1388
10,1503,1513,0.1388
10,1499,1509,0.1388
10,1506,1516,0.1388
10,1511,1521,0.1388
10,1516,1526,0.1388
10,1522,1532,0.1388
11,1519,1530,0.1388
11,1513,1524,0.1388
11,1506,1517,0.1388
11,1506,1517,0.1388
12,1505,1517,0.1388
12,1511,1523,0.1388
11,1505,1516,0.1388
11,1508,1519,0.1388
11,1503,1514,0.1388
11,1518,1529,0.1388
11,1524,1535,0.1388
11,1521,1532,0.1388
11,1514,1525,0.1388
13,1501,1514,0.1388
12,1499,1511,0.1388
12,1500,1512,0.1388
15,1504,1519,0.1388
17,1503,1520,0.1388
17,1483,1500,0.1388
16,1490,1506,0.1388
17,1501,1518,0.1388
17,1496,1513,0.1388
17,1486,1503,0.1388
17,1495,1512,0.1388
17,1488,1505,0.1388
17,1486,1503,0.1388
17,1488,1505,0.1388
18,1486,1504,0.1388
19,1486,1505,0.1388
19,1496,1515,0.1388
18,1497,1515,0.1388
19,1507,1526,0.1388
19,1512,1531,0.1388
19,1507,1526,0.1388
18,1505,1523,0.1388
17,1516,1533,0.1388
17,1504,1521,0.1388
17,1508,1525,0.1388
16,1502,1518,0.1388
15,1510,1525,0.1388
14,1507,1521,0.1388
14,1507,1521,0.1388
14,1503,1517,0.1388
15,1503,1518,0.1388
15,1501,1516,0.1388
15,1509,1524,0.1388
15,1508,1523,0.1388
15,1501,1516,0.1388
15,1514,1529,0.1388
15,1499,1514,0.1388
15,1504,1519,0.1388
14,1507,1521,0.1388
15,1500,1515,0.1388
14,1511,1525,0.1388
14,1508,1522,0.1388
13,1503,1516,0.1388
14,1498,1512,0.1388
14,1501,1515,0.1388
14,1499,1513,0.1388
14,1498,1512,0.1388
14,1489,1503,0.1388
13,1492,1505,0.1388
13,1498,1511,0.1388
12,1495,1507,0.1388
13,1498,1511,0.1388
12,1487,1499,0.1388
11,1479,1490,0.1388
11,1508,1519,0.1388
11,1516,1527,0.1388
10,1520,1530,0.1388
10,1514,1524,0.1388
10,1506,1516,0.1388
11,1519,1530,0.1388
12,1519,1531,0.1388
14,1519,1533,0.1388
14,1515,1529,0.1388
14,1512,1526,0.1388
16,1511,1527,0.1388
15,1512,1527,0.1388
14,1500,1514,0.1388
14,1497,1511,0.1388
15,1503,1518,0.1388
15,1494,1509,0.1388
14,1493,1507,0.1388
14,1495,1509,0.1388
15,1503,1518,0.1388
15,1491,1506,0.1388
16,1494,1510,0.1388
16,1498,1514,0.1388
16,1495,1511,0.1388
15,1481,1496,0.1388
15,1487,1502,0.1388
17,1498,1515,0.1388
17,1494,1511,0.1388
17,1500,1517,0.1388
17,1501,1518,0.1388
17,1506,1523,0.1388
16,1491,1507,0.1388
15,1491,1506,0.1388
14,1503,1517,0.1388
15,1503,1518,0.1388
15,1500,1515,0.1388
15,1507,1522,0.1388
15,1509,1524,0.1388
15,1506,1521,0.1388
15,1506,1521,0.1388
15,1511,1526,0.1388
14,1507,1521,0.1388
14,1485,1499,0.1388
15,1487,1502,0.1388
15,1509,1524,0.1388
16,1505,1521,0.1388
17,1497,1514,0.1388
17,1494,1511,0.1388
16,1498,1514,0.1388
17,1499,1516,0.1388
17,1507,1524,0.1388
17,1508,1525,0.1388
16,1500,1516,0.1388
17,1496,1513,0.1388
17,1495,1512,0.1388
16,1498,1514,0.1388
16,1492,1508,0.1388
16,1499,1515,0.1388
15,1506,1521,0.1388
16,1506,1522,0.1388
16,1507,1523,0.1388
18,1496,1514,0.1388
17,1498,1515,0.1388
18,1492,1510,0.1388
19,1492,1511,0.1388
18,1481,1499,0.1388
16,1490,1506,0.1388
14,1492,1506,0.1388
16,1506,1522,0.1388
16,1500,1516,0.1388
16,1505,1521,0.1388
16,1505,1521,0.1388
16,1497,1513,0.1388
17,1479,1496,0.1388
17,1490,1507,0.1388
18,1502,1520,0.1388
17,1506,1523,0.1388
17,1503,1520,0.1388
17,1515,1532,0.1388
17,1521,1538,0.1388
16,1504,1520,0.1388
17,1496,1513,0.1388
16,1498,1514,0.1388
16,1496,1512,0.1388
16,1497,1513,0.1388
16,1493,1509,0.1388
16,1492,1508,0.1388
16,1492,1508,0.1388
16,1506,1522,0.1388
16,1506,1522,0.1388
16,1504,1520,0.1388
16,1495,1511,0.1388
14,1484,1498,0.1388
17,1496,1513,0.1388
16,1490,1506,0.1388
15,1504,1519,0.1388
14,1495,1509,0.1388
13,1499,1512,0.1388
13,1499,1512,0.1388
14,1504,1518,0.1388
13,1500,1513,0.1388
14,1503,1517,0.1388
14,1516,1530,0.1388
14,1512,1526,0.1388
15,1497,1512,0.1388
15,1495,1510,0.1388
15,1504,1519,0.1388
15,1517,1532,0.1388
15,1514,1529,0.1388
14,1526,1540,0.1388
14,1519,1533,0.1388
12,1527,1539,0.1388
12,1519,1531,0.1388
11,1520,1531,0.1388
10,1518,1528,0.1388
10,1512,1522,0.1388
11,1506,1517,0.1388
11,1507,1518,0.1388
11,1494,1505,0.1388
11,1500,1511,0.1388
11,1495,1506,0.1388
11,1494,1505,0.1388
11,1499,1510,0.1388
10,1506,1516,0.1388
10,1511,1521,0.1388
9,1510,1519,0.1388
9,1511,1520,0.1388
9,1514,1523,0.1388
9,1504,1513,0.1388
9,1501,1510,0.1388
9,1510,1519,0.1388
8,1511,1519,0.1388
8,1510,1518,0.1388
8,1514,1522,0.1388
8,1515,1523,0.1388
7,1514,1521,0.1388
7,1510,1517,0.1388
7,1506,1513,0.1388
7,1516,1523,0.1388
7,1520,1527,0.1388
8,1515,1523,0.1388
6,1515,1521,0.1388
6,1518,1524,0.1388
6,1514,1520,0.1388
6,1508,1514,0.1388
5,1501,1506,0.1388
5,1497,1502,0.1388
5,1501,1506,0.1388
5,1506,1511,0.1388
5,1516,1521,0.1388
4,1505,1509,0.1388
5,1518,1523,0.1388
4,1521,1525,0.1388
4,1528,1532,0.1388
4,1516,1520,0.1388
5,1503,1508,0.1388
5,1506,1511,0.1388
5,1494,1499,0.1388
5,1492,1497,0.1388
5,1497,1502,0.1388
5,1506,1511,0.1388
5,1505,1510,0.1388
5,1499,1504,0.1388
5,1510,1515,0.1388
5,1509,1514,0.1388
5,1495,1500,0.1388
5,1485,1490,0.1388
4,1505,1509,0.1388
4,1513,1517,0.1388
4,1511,1515,0.1388
4,1524,1528,0.1388
5,1528,1533,0.1388
5,1527,1532,0.1388
4,1513,1517,0.1388
5,1520,1525,0.1388
5,1512,1517,0.1388
4,1513,1517,0.1388
3,1526,1529,0.1388
3,1524,1527,0.1388
5,1517,1522,0.1388
5,1508,1513,0.1388
5,1517,1522,0.1388
5,1512,1517,0.1388
5,1518,1523,0.1388
5,1516,1521,0.1388
5,1523,1528,0.1388
6,1505,1511,0.1388
6,1508,1514,0.1388
5,1500,1505,0.1388
4,1506,1510,0.1388
4,1521,1525,0.1388
4,1525,1529,0.1388
4,1526,1530,0.1388
4,1527,1531,0.1388
4,1527,1531,0.1388
4,1523,1527,0.1388
4,1510,1514,0.1388
4,1514,1518,0.1388
4,1510,1514,0.1388
4,1522,1526,0.1388
4,1515,1519,0.1388
3,1510,1513,0.1388
3,1527,1530,0.1388
3,1517,1520,0.1388
3,1516,1519,0.1388
3,1532,1535,0.1388
3,1529,1532,0.1388
3,1531,1534,0.1388
3,1529,1532,0.1388
3,1520,1523,0.1388
3,1510,1513,0.1388
3,1507,1510,0.1388
3,1500,1503,0.1388
3,1512,1515,0.1388
2,1506,1508,0.1388
2,1502,1504,0.1388
2,1498,1500,0.1388
3,1498,1501,0.1388
3,1500,1503,0.1388
3,1512,1515,0.1388
3,1516,1519,0.1388
2,1516,1518,0.1388
2,1514,1516,0.1388
2,1513,1515,0.1388
1,1509,1510,0.1388
1,1505,1506,0.1388
1,1512,1513,0.1388
1,1498,1499,0.1388
1,1508,1509,0.1388
1,1512,1513,0.1388
1,1515,1516,0.1388
1,1520,1521,0.1388
1,1525,1526,0.1388
1,1524,1525,0.1388
1,1531,1532,0.1388
1,1529,1530,0.1388
1,1522,1523,0.1388
1,1514,1515,0.1388
1,1519,1520,0.1388
1,1514,1515,0.1388
1,1529,1530,0.1388
1,1514,1515,0.1388
1,1524,1525,0.1388
1,1529,1530,0.1388
1,1527,1528,0.1388
1,1512,1513,0.1388
1,1532,1533,0.1388
1,1521,1522,0.1388
1,1506,1507,0.1388
1,1492,1493,0.1388
1,1496,1497,0.1388
1,1502,1503,0.1388
1,1507,1508,0.1388
1,1515,1516,0.1388
1,1520,1521,0.1388
1,1525,1526,0.1388
1,1520,1521,0.1388
1,1514,1515,0.1388
1,1522,1523,0.1388
1,1520,1521,0.1388
2,1510,1512,0.1388
2,1517,1519,0.1388
2,1516,1518,0.1388
2,1521,1523,0.1388
2,1526,1528,0.1388
2,1525,1527,0.1388
2,1520,1522,0.1388
2,1520,1522,0.1388
2,1513,1515,0.1388
1,1509,1510,0.1388
1,1515,1516,0.1388
1,1520,1521,0.1388
1,1517,1518,0.1388
1,1517,1518,0.1388
1,1515,1516,0.1388
1,1514,1515,0.1388
1,1508,1509,0.1388
1,1507,1508,0.1388
1,1509,1510,0.1388
1,1508,1509,0.1388
1,1524,1525,0.1388
1,1520,1521,0.1388
1,1528,1529,0.1388
1,1510,1511,0.1388
1,1513,1514,0.1388
1,1513,1514,0.1388
2,1511,1513,0.1388
2,1510,1512,0.1388
2,1534,1536,0.1388
2,1520,1522,0.1388
2,1517,1519,0.1388
2,1519,1521,0.1388
2,1518,1520,0.1388
1,1520,1521,0.1388
1,1528,1529,0.1388
1,1533,1534,0.1388
1,1521,1522,0.1388
1,1518,1519,0.1388
1,1526,1527,0.1388
1,1507,1508,0.1388
1,1514,1515,0.1388
0,1519,1519,0.1388
