1359,29,1388,0.1388
1388,30,1418,0.1388
1410,29,1439,0.1388
1414,30,1444,0.1388
1426,31,1457,0.1388
1432,33,1465,0.1388
1444,34,1478,0.1388
1446,35,1481,0.1388
1448,38,1486,0.1388
1455,37,1492,0.1388
1449,38,1487,0.1388
1447,39,1486,0.1388
1446,40,1486,0.1388
1458,40,1498,0.1388
1464,42,1506,0.1388
1466,42,1508,0.1388
1461,42,1503,0.1388
1465,42,1507,0.1388
1475,41,1516,0.1388
1478,39,1517,0.1388
1460,38,1498,0.1388
1461,37,1498,0.1388
1454,36,1490,0.1388
1451,39,1490,0.1388
1452,39,1491,0.1388
1448,41,1489,0.1388
1444,42,1486,0.1388
1458,40,1498,0.1388
1459,43,1502,0.1388
1457,43,1500,0.1388
1459,44,1503,0.1388
1462,45,1507,0.1388
1450,45,1495,0.1388
1441,47,1488,0.1388
1441,47,1488,0.1388
1447,47,1494,0.1388
1454,50,1504,0.1388
1455,50,1505,0.1388
1449,51,1500,0.1388
1444,49,1493,0.1388
1449,50,1499,0.1388
1446,50,1496,0.1388
1448,50,1498,0.1388
1445,52,1497,0.1388
1427,55,1482,0.1388
1426,55,1481,0.1388
1429,52,1481,0.1388
1426,55,1481,0.1388
1426,57,1483,0.1388
1429,61,1490,0.1388
1424,65,1489,0.1388
1422,67,1489,0.1388
1430,61,1491,0.1388
1420,60,1480,0.1388
1421,62,1483,0.1388
1418,66,1484,0.1388
1435,67,1502,0.1388
1438,69,1507,0.1388
1447,70,1517,0.1388
1433,72,1505,0.1388
1416,73,1489,0.1388
1411,73,1484,0.1388
1408,73,1481,0.1388
1414,73,1487,0.1388
1411,75,1486,0.1388
1409,74,1483,0.1388
1418,71,1489,0.1388
1416,69,1485,0.1388
1422,71,1493,0.1388
1425,72,1497,0.1388
1437,71,1508,0.1388
1432,73,1505,0.1388
1421,75,1496,0.1388
1426,76,1502,0.1388
1415,75,1490,0.1388
1404,76,1480,0.1388
1413,79,1492,0.1388
1416,78,1494,0.1388
1425,79,1504,0.1388
1413,82,1495,0.1388
1405,81,1486,0.1388
1408,80,1488,0.1388
1418,81,1499,0.1388
1411,83,1494,0.1388
1416,83,1499,0.1388
1421,86,1507,0.1388
1411,86,1497,0.1388
1390,87,1477,0.1388
1398,87,1485,0.1388
1415,88,1503,0.1388
1403,89,1492,0.1388
1399,87,1486,0.1388
1408,87,1495,0.1388
1415,89,1504,0.1388
1409,87,1496,0.1388
1413,91,1504,0.1388
1391,93,1484,0.1388
1404,94,1498,0.1388
1410,93,1503,0.1388
1404,89,1493,0.1388
1390,91,1481,0.1388
1389,92,1481,0.1388
1390,94,1484,0.1388
1396,90,1486,0.1388
1399,90,1489,0.1388
1412,89,1501,0.1388
1410,91,1501,0.1388
1410,90,1500,0.1388
1413,92,1505,0.1388
1408,97,1505,0.1388
1400,94,1494,0.1388
1397,94,1491,0.1388
1397,96,1493,0.1388
1404,96,1500,0.1388
1393,98,1491,0.1388
1394,99,1493,0.1388
1396,97,1493,0.1388
1395,99,1494,0.1388
1403,99,1502,0.1388
1400,98,1498,0.1388
1402,100,1502,0.1388
1404,100,1504,0.1388
1398,98,1496,0.1388
1387,98,1485,0.1388
1384,98,1482,0.1388
1381,100,1481,0.1388
1383,98,1481,0.1388
1389,99,1488,0.1388
1395,100,1495,0.1388
1395,102,1497,0.1388
1399,100,1499,0.1388
1382,105,1487,0.1388
1375,106,1481,0.1388
1371,114,1485,0.1388
1371,117,1488,0.1388
1367,118,1485,0.1388
1364,117,1481,0.1388
1365,123,1488,0.1388
1366,128,1494,0.1388
1368,127,1495,0.1388
1350,128,1478,0.1388
1357,132,1489,0.1388
1361,129,1490,0.1388
1363,128,1491,0.1388
1376,126,1502,0.1388
1372,120,1492,0.1388
1376,119,1495,0.1388
1377,120,1497,0.1388
1385,121,1506,0.1388
1369,124,1493,0.1388
1367,124,1491,0.1388
1368,123,1491,0.1388
1381,123,1504,0.1388
1375,125,1500,0.1388
1378,124,1502,0.1388
1368,124,1492,0.1388
1372,124,1496,0.1388
1365,121,1486,0.1388
1374,124,1498,0.1388
1376,122,1498,0.1388
1381,124,1505,0.1388
1393,127,1520,0.1388
1394,125,1519,0.1388
1391,127,1518,0.1388
1394,127,1521,0.1388
1389,119,1508,0.1388
1393,119,1512,0.1388
1387,116,1503,0.1388
1380,117,1497,0.1388
1381,116,1497,0.1388
1372,114,1486,0.1388
1376,117,1493,0.1388
1370,117,1487,0.1388
1359,118,1477,0.1388
1363,117,1480,0.1388
1351,118,1469,0.1388
1355,118,1473,0.1388
1351,121,1472,0.1388
1356,120,1476,0.1388
1361,122,1483,0.1388
1364,125,1489,0.1388
1356,126,1482,0.1388
1373,120,1493,0.1388
1364,125,1489,0.1388
1367,126,1493,0.1388
1374,127,1501,0.1388
1392,129,1521,0.1388
1393,126,1519,0.1388
1375,128,1503,0.1388
1367,128,1495,0.1388
1371,129,1500,0.1388
1364,126,1490,0.1388
1368,130,1498,0.1388
1368,134,1502,0.1388
1363,134,1497,0.1388
1366,134,1500,0.1388
1365,135,1500,0.1388
1365,136,1501,0.1388
1371,139,1510,0.1388
1360,137,1497,0.1388
1357,135,1492,0.1388
1351,134,1485,0.1388
1349,134,1483,0.1388
1367,135,1502,0.1388
1374,134,1508,0.1388
1353,136,1489,0.1388
1354,137,1491,0.1388
1361,137,1498,0.1388
1361,139,1500,0.1388
1355,140,1495,0.1388
1343,136,1479,0.1388
1343,139,1482,0.1388
1359,141,1500,0.1388
1344,141,1485,0.1388
1341,143,1484,0.1388
1333,147,1480,0.1388
1323,143,1466,0.1388
1342,142,1484,0.1388
1335,142,1477,0.1388
1339,145,1484,0.1388
1340,144,1484,0.1388
1341,145,1486,0.1388
1347,147,1494,0.1388
1337,143,1480,0.1388
1350,144,1494,0.1388
1340,142,1482,0.1388
1336,145,1481,0.1388
1341,139,1480,0.1388
1343,148,1491,0.1388
1335,149,1484,0.1388
1344,156,1500,0.1388
1337,156,1493,0.1388
1346,160,1506,0.1388
1334,160,1494,0.1388
1334,162,1496,0.1388
1328,160,1488,0.1388
1326,163,1489,0.1388
1326,163,1489,0.1388
1310,168,1478,0.1388
1320,168,1488,0.1388
1333,166,1499,0.1388
1334,170,1504,0.1388
1320,162,1482,0.1388
1337,162,1499,0.1388
1334,160,1494,0.1388
1339,166,1505,0.1388
1331,168,1499,0.1388
1327,170,1497,0.1388
1333,172,1505,0.1388
1335,171,1506,0.1388
1337,170,1507,0.1388
1334,175,1509,0.1388
1321,175,1496,0.1388
1316,171,1487,0.1388
1334,176,1510,0.1388
1321,174,1495,0.1388
1318,174,1492,0.1388
1318,173,1491,0.1388
1309,177,1486,0.1388
1307,184,1491,0.1388
1300,189,1489,0.1388
1307,194,1501,0.1388
1302,199,1501,0.1388
1314,196,1510,0.1388
1302,198,1500,0.1388
1295,205,1500,0.1388
1296,201,1497,0.1388
1295,199,1494,0.1388
1290,197,1487,0.1388
1296,201,1497,0.1388
1298,196,1494,0.1388
1309,196,1505,0.1388
1311,201,1512,0.1388
1322,196,1518,0.1388
1307,197,1504,0.1388
1307,199,1506,0.1388
1291,198,1489,0.1388
1292,202,1494,0.1388
1294,210,1504,0.1388
1282,208,1490,0.1388
1291,209,1500,0.1388
1293,206,1499,0.1388
1298,208,1506,0.1388
1295,202,1497,0.1388
1292,202,1494,0.1388
1290,200,1490,0.1388
1288,202,1490,0.1388
1290,204,1494,0.1388
1289,205,1494,0.1388
1293,206,1499,0.1388
1295,201,1496,0.1388
1290,204,1494,0.1388
1299,203,1502,0.1388
1301,201,1502,0.1388
1306,203,1509,0.1388
1302,207,1509,0.1388
1311,204,1515,0.1388
1309,199,1508,0.1388
1310,201,1511,0.1388
1301,204,1505,0.1388
1295,204,1499,0.1388
1302,209,1511,0.1388
1305,202,1507,0.1388
1303,202,1505,0.1388
1294,203,1497,0.1388
1292,202,1494,0.1388
1295,201,1496,0.1388
1290,206,1496,0.1388
1295,211,1506,0.1388
1289,207,1496,0.1388
1280,211,1491,0.1388
1268,213,1481,0.1388
1268,216,1484,0.1388
1287,217,1504,0.1388
1283,218,1501,0.1388
1279,216,1495,0.1388
1274,218,1492,0.1388
1278,216,1494,0.1388
1281,213,1494,0.1388
1280,214,1494,0.1388
1281,219,1500,0.1388
1283,216,1499,0.1388
1268,219,1487,0.1388
1284,216,1500,0.1388
1299,207,1506,0.1388
1286,207,1493,0.1388
1273,210,1483,0.1388
1275,211,1486,0.1388
1279,211,1490,0.1388
1274,214,1488,0.1388
1278,216,1494,0.1388
1271,218,1489,0.1388
1257,219,1476,0.1388
1260,226,1486,0.1388
1283,224,1507,0.1388
1266,228,1494,0.1388
1259,224,1483,0.1388
1260,221,1481,0.1388
1259,218,1477,0.1388
1268,220,1488,0.1388
1275,223,1498,0.1388
1260,228,1488,0.1388
1274,229,1503,0.1388
1272,232,1504,0.1388
1268,228,1496,0.1388
1273,230,1503,0.1388
1263,227,1490,0.1388
1254,231,1485,0.1388
1261,228,1489,0.1388
1250,233,1483,0.1388
1241,236,1477,0.1388
1251,239,1490,0.1388
1243,235,1478,0.1388
1242,242,1484,0.1388
1249,240,1489,0.1388
1248,242,1490,0.1388
1264,242,1506,0.1388
1257,248,1505,0.1388
1259,242,1501,0.1388
1247,243,1490,0.1388
1241,246,1487,0.1388
1243,250,1493,0.1388
1242,253,1495,0.1388
1250,256,1506,0.1388
1250,257,1507,0.1388
1245,259,1504,0.1388
1233,262,1495,0.1388
1243,261,1504,0.1388
1240,261,1501,0.1388
1249,264,1513,0.1388
1238,268,1506,0.1388
1234,261,1495,0.1388
1234,263,1497,0.1388
1232,261,1493,0.1388
1238,256,1494,0.1388
1245,258,1503,0.1388
1236,260,1496,0.1388
1243,256,1499,0.1388
1258,258,1516,0.1388
1255,258,1513,0.1388
1251,256,1507,0.1388
1245,253,1498,0.1388
1247,259,1506,0.1388
1244,260,1504,0.1388
1238,260,1498,0.1388
1252,257,1509,0.1388
1252,255,1507,0.1388
1233,257,1490,0.1388
1244,266,1510,0.1388
1240,264,1504,0.1388
1232,265,1497,0.1388
1213,262,1475,0.1388
1213,263,1476,0.1388
1229,261,1490,0.1388
1233,263,1496,0.1388
1232,264,1496,0.1388
1228,271,1499,0.1388
1220,273,1493,0.1388
1232,267,1499,0.1388
1232,271,1503,0.1388
1217,276,1493,0.1388
1227,276,1503,0.1388
1226,275,1501,0.1388
1232,279,1511,0.1388
1230,283,1513,0.1388
1232,283,1515,0.1388
1210,279,1489,0.1388
1216,279,1495,0.1388
1205,282,1487,0.1388
1205,286,1491,0.1388
1210,284,1494,0.1388
1213,280,1493,0.1388
1213,277,1490,0.1388
1210,277,1487,0.1388
1198,274,1472,0.1388
1217,279,1496,0.1388
1205,281,1486,0.1388
1209,277,1486,0.1388
1215,283,1498,0.1388
1217,276,1493,0.1388
1214,281,1495,0.1388
1209,287,1496,0.1388
1210,287,1497,0.1388
1223,282,1505,0.1388
1221,277,1498,0.1388
1228,280,1508,0.1388
1232,280,1512,0.1388
1229,284,1513,0.1388
1227,285,1512,0.1388
1219,288,1507,0.1388
1207,289,1496,0.1388
1183,286,1469,0.1388
1180,291,1471,0.1388
1200,284,1484,0.1388
1189,292,1481,0.1388
1189,305,1494,0.1388
1186,301,1487,0.1388
1197,297,1494,0.1388
1201,309,1510,0.1388
1193,305,1498,0.1388
1196,307,1503,0.1388
1185,309,1494,0.1388
1185,308,1493,0.1388
1187,311,1498,0.1388
1181,312,1493,0.1388
1179,306,1485,0.1388
1181,311,1492,0.1388
1175,313,1488,0.1388
1185,315,1500,0.1388
1180,313,1493,0.1388
1192,313,1505,0.1388
1206,318,1524,0.1388
1198,315,1513,0.1388
1207,317,1524,0.1388
1179,320,1499,0.1388
1159,318,1477,0.1388
1171,321,1492,0.1388
1159,318,1477,0.1388
1168,321,1489,0.1388
1173,315,1488,0.1388
1171,311,1482,0.1388
1176,311,1487,0.1388
1166,319,1485,0.1388
1174,317,1491,0.1388
1165,317,1482,0.1388
1175,319,1494,0.1388
1182,319,1501,0.1388
1182,325,1507,0.1388
1193,323,1516,0.1388
1189,323,1512,0.1388
1180,328,1508,0.1388
1185,327,1512,0.1388
1191,324,1515,0.1388
1193,323,1516,0.1388
1189,316,1505,0.1388
1180,319,1499,0.1388
1181,314,1495,0.1388
1179,312,1491,0.1388
1174,315,1489,0.1388
1174,312,1486,0.1388
1170,322,1492,0.1388
1166,321,1487,0.1388
1170,318,1488,0.1388
1179,323,1502,0.1388
1187,322,1509,0.1388
1205,327,1532,0.1388
1197,325,1522,0.1388
1189,323,1512,0.1388
1176,323,1499,0.1388
1182,328,1510,0.1388
1174,331,1505,0.1388
1169,339,1508,0.1388
1172,334,1506,0.1388
1178,335,1513,0.1388
1178,331,1509,0.1388
1166,332,1498,0.1388
1172,335,1507,0.1388
1167,331,1498,0.1388
1165,336,1501,0.1388
1160,330,1490,0.1388
1152,329,1481,0.1388
1162,334,1496,0.1388
1161,337,1498,0.1388
1168,339,1507,0.1388
1162,337,1499,0.1388
1160,336,1496,0.1388
1156,338,1494,0.1388
1150,345,1495,0.1388
1142,343,1485,0.1388
1158,343,1501,0.1388
1155,344,1499,0.1388
1163,335,1498,0.1388
1172,343,1515,0.1388
1152,343,1495,0.1388
1159,344,1503,0.1388
1148,345,1493,0.1388
1158,340,1498,0.1388
1155,339,1494,0.1388
1151,346,1497,0.1388
1145,348,1493,0.1388
1142,345,1487,0.1388
1131,349,1480,0.1388
1130,355,1485,0.1388
1132,353,1485,0.1388
1142,358,1500,0.1388
1139,365,1504,0.1388
1132,370,1502,0.1388
1133,369,1502,0.1388
1138,367,1505,0.1388
1142,365,1507,0.1388
1147,361,1508,0.1388
1150,364,1514,0.1388
1144,365,1509,0.1388
1129,370,1499,0.1388
1134,373,1507,0.1388
1141,371,1512,0.1388
1129,371,1500,0.1388
1126,373,1499,0.1388
1122,365,1487,0.1388
1117,369,1486,0.1388
1108,373,1481,0.1388
1118,375,1493,0.1388
1133,373,1506,0.1388
1137,378,1515,0.1388
1115,384,1499,0.1388
1116,387,1503,0.1388
1119,386,1505,0.1388
1101,389,1490,0.1388
1107,388,1495,0.1388
1107,387,1494,0.1388
1097,388,1485,0.1388
1104,388,1492,0.1388
1111,397,1508,0.1388
1118,391,1509,0.1388
1122,394,1516,0.1388
1128,390,1518,0.1388
1109,393,1502,0.1388
1112,399,1511,0.1388
1097,405,1502,0.1388
1101,409,1510,0.1388
1098,403,1501,0.1388
1114,396,1510,0.1388
1098,405,1503,0.1388
1103,406,1509,0.1388
1092,410,1502,0.1388
1100,411,1511,0.1388
1097,411,1508,0.1388
1085,416,1501,0.1388
1089,413,1502,0.1388
1078,414,1492,0.1388
1082,417,1499,0.1388
1091,414,1505,0.1388
1090,413,1503,0.1388
1098,416,1514,0.1388
1096,417,1513,0.1388
1094,424,1518,0.1388
1084,423,1507,0.1388
1080,418,1498,0.1388
1089,424,1513,0.1388
1089,422,1511,0.1388
1091,429,1520,0.1388
1088,432,1520,0.1388
1081,440,1521,0.1388
1085,434,1519,0.1388
1080,432,1512,0.1388
1080,427,1507,0.1388
1071,428,1499,0.1388
1068,438,1506,0.1388
1055,437,1492,0.1388
1052,434,1486,0.1388
1047,434,1481,0.1388
1059,431,1490,0.1388
1057,436,1493,0.1388
1064,441,1505,0.1388
1060,440,1500,0.1388
1074,446,1520,0.1388
1076,446,1522,0.1388
1080,451,1531,0.1388
1071,444,1515,0.1388
1069,447,1516,0.1388
1065,444,1509,0.1388
1058,435,1493,0.1388
1051,441,1492,0.1388
1053,446,1499,0.1388
1051,441,1492,0.1388
1048,443,1491,0.1388
1052,448,1500,0.1388
1058,446,1504,0.1388
1046,442,1488,0.1388
1058,440,1498,0.1388
1056,439,1495,0.1388
1038,444,1482,0.1388
1048,437,1485,0.1388
1047,440,1487,0.1388
1046,440,1486,0.1388
1037,440,1477,0.1388
1047,447,1494,0.1388
1045,455,1500,0.1388
1031,457,1488,0.1388
1026,463,1489,0.1388
1035,467,1502,0.1388
1034,469,1503,0.1388
1033,465,1498,0.1388
1032,470,1502,0.1388
1026,469,1495,0.1388
1027,473,1500,0.1388
1042,478,1520,0.1388
1040,477,1517,0.1388
1033,472,1505,0.1388
1023,478,1501,0.1388
1012,486,1498,0.1388
1003,487,1490,0.1388
1007,489,1496,0.1388
1009,486,1495,0.1388
1011,482,1493,0.1388
1015,484,1499,0.1388
1020,488,1508,0.1388
1025,495,1520,0.1388
1019,489,1508,0.1388
1013,497,1510,0.1388
1002,499,1501,0.1388
1002,497,1499,0.1388
1013,497,1510,0.1388
1006,496,1502,0.1388
1008,498,1506,0.1388
1014,498,1512,0.1388
1011,500,1511,0.1388
1014,504,1518,0.1388
1009,506,1515,0.1388
994,503,1497,0.1388
991,501,1492,0.1388
1000,500,1500,0.1388
1003,506,1509,0.1388
999,505,1504,0.1388
994,507,1501,0.1388
989,511,1500,0.1388
979,515,1494,0.1388
982,518,1500,0.1388
981,519,1500,0.1388
984,519,1503,0.1388
981,522,1503,0.1388
984,524,1508,0.1388
979,507,1486,0.1388
980,514,1494,0.1388
987,522,1509,0.1388
983,512,1495,0.1388
984,514,1498,0.1388
985,521,1506,0.1388
981,517,1498,0.1388
975,519,1494,0.1388
973,516,1489,0.1388
984,532,1516,0.1388
983,529,1512,0.1388
990,527,1517,0.1388
976,525,1501,0.1388
974,518,1492,0.1388
969,518,1487,0.1388
977,516,1493,0.1388
974,520,1494,0.1388
973,526,1499,0.1388
976,538,1514,0.1388
962,544,1506,0.1388
965,541,1506,0.1388
964,542,1506,0.1388
960,540,1500,0.1388
952,545,1497,0.1388
945,544,1489,0.1388
936,546,1482,0.1388
941,545,1486,0.1388
946,554,1500,0.1388
941,555,1496,0.1388
945,558,1503,0.1388
928,553,1481,0.1388
941,547,1488,0.1388
950,545,1495,0.1388
952,549,1501,0.1388
945,548,1493,0.1388
934,544,1478,0.1388
926,550,1476,0.1388
932,555,1487,0.1388
928,550,1478,0.1388
928,551,1479,0.1388
920,552,1472,0.1388
927,558,1485,0.1388
936,556,1492,0.1388
925,553,1478,0.1388
925,554,1479,0.1388
920,562,1482,0.1388
926,565,1491,0.1388
936,562,1498,0.1388
941,560,1501,0.1388
944,564,1508,0.1388
953,555,1508,0.1388
955,553,1508,0.1388
952,553,1505,0.1388
937,546,1483,0.1388
946,547,1493,0.1388
950,545,1495,0.1388
946,549,1495,0.1388
930,552,1482,0.1388
939,562,1501,0.1388
941,553,1494,0.1388
943,561,1504,0.1388
951,561,1512,0.1388
949,556,1505,0.1388
951,553,1504,0.1388
942,557,1499,0.1388
944,553,1497,0.1388
948,557,1505,0.1388
943,554,1497,0.1388
935,556,1491,0.1388
933,557,1490,0.1388
936,563,1499,0.1388
931,565,1496,0.1388
936,561,1497,0.1388
925,567,1492,0.1388
924,574,1498,0.1388
931,580,1511,0.1388
918,584,1502,0.1388
924,583,1507,0.1388
923,584,1507,0.1388
929,578,1507,0.1388
926,576,1502,0.1388
931,572,1503,0.1388
935,571,1506,0.1388
942,565,1507,0.1388
943,568,1511,0.1388
939,572,1511,0.1388
932,573,1505,0.1388
934,568,1502,0.1388
934,568,1502,0.1388
937,571,1508,0.1388
950,573,1523,0.1388
949,578,1527,0.1388
944,572,1516,0.1388
942,569,1511,0.1388
932,565,1497,0.1388
930,575,1505,0.1388
927,580,1507,0.1388
925,593,1518,0.1388
914,596,1510,0.1388
920,589,1509,0.1388
918,586,1504,0.1388
919,588,1507,0.1388
918,593,1511,0.1388
914,590,1504,0.1388
924,591,1515,0.1388
913,597,1510,0.1388
917,602,1519,0.1388
922,598,1520,0.1388
912,594,1506,0.1388
908,587,1495,0.1388
898,593,1491,0.1388
904,590,1494,0.1388
901,599,1500,0.1388
901,602,1503,0.1388
904,601,1505,0.1388
909,594,1503,0.1388
906,596,1502,0.1388
901,604,1505,0.1388
905,599,1504,0.1388
907,594,1501,0.1388
909,597,1506,0.1388
904,603,1507,0.1388
907,607,1514,0.1388
897,605,1502,0.1388
896,603,1499,0.1388
892,602,1494,0.1388
887,602,1489,0.1388
887,606,1493,0.1388
888,606,1494,0.1388
896,609,1505,0.1388
892,616,1508,0.1388
887,607,1494,0.1388
883,606,1489,0.1388
882,602,1484,0.1388
880,610,1490,0.1388
875,619,1494,0.1388
867,626,1493,0.1388
871,618,1489,0.1388
882,624,1506,0.1388
887,628,1515,0.1388
890,625,1515,0.1388
903,620,1523,0.1388
891,621,1512,0.1388
896,618,1514,0.1388
898,624,1522,0.1388
891,622,1513,0.1388
889,623,1512,0.1388
876,627,1503,0.1388
876,625,1501,0.1388
876,622,1498,0.1388
879,623,1502,0.1388
872,622,1494,0.1388
877,632,1509,0.1388
879,632,1511,0.1388
873,632,1505,0.1388
871,638,1509,0.1388
870,634,1504,0.1388
869,639,1508,0.1388
862,635,1497,0.1388
864,635,1499,0.1388
880,627,1507,0.1388
881,627,1508,0.1388
886,629,1515,0.1388
888,633,1521,0.1388
885,623,1508,0.1388
880,631,1511,0.1388
878,635,1513,0.1388
872,631,1503,0.1388
871,627,1498,0.1388
873,623,1496,0.1388
880,619,1499,0.1388
890,623,1513,0.1388
888,627,1515,0.1388
891,627,1518,0.1388
885,626,1511,0.1388
883,632,1515,0.1388
884,632,1516,0.1388
883,630,1513,0.1388
883,626,1509,0.1388
891,620,1511,0.1388
879,624,1503,0.1388
869,622,1491,0.1388
863,633,1496,0.1388
870,637,1507,0.1388
863,641,1504,0.1388
857,642,1499,0.1388
861,641,1502,0.1388
856,636,1492,0.1388
865,649,1514,0.1388
862,647,1509,0.1388
862,646,1508,0.1388
867,647,1514,0.1388
861,637,1498,0.1388
857,631,1488,0.1388
855,639,1494,0.1388
848,629,1477,0.1388
853,634,1487,0.1388
849,645,1494,0.1388
852,650,1502,0.1388
868,645,1513,0.1388
875,638,1513,0.1388
862,641,1503,0.1388
868,635,1503,0.1388
869,640,1509,0.1388
870,643,1513,0.1388
868,641,1509,0.1388
871,639,1510,0.1388
872,637,1509,0.1388
871,635,1506,0.1388
870,632,1502,0.1388
876,637,1513,0.1388
869,635,1504,0.1388
863,643,1506,0.1388
867,647,1514,0.1388
861,649,1510,0.1388
874,651,1525,0.1388
875,648,1523,0.1388
876,647,1523,0.1388
873,642,1515,0.1388
870,640,1510,0.1388
864,642,1506,0.1388
868,636,1504,0.1388
864,647,1511,0.1388
867,640,1507,0.1388
862,639,1501,0.1388
860,645,1505,0.1388
866,642,1508,0.1388
865,644,1509,0.1388
860,650,1510,0.1388
853,649,1502,0.1388
864,645,1509,0.1388
866,642,1508,0.1388
863,646,1509,0.1388
851,635,1486,0.1388
858,629,1487,0.1388
866,628,1494,0.1388
865,634,1499,0.1388
865,641,1506,0.1388
853,640,1493,0.1388
845,644,1489,0.1388
858,637,1495,0.1388
854,647,1501,0.1388
861,651,1512,0.1388
854,647,1501,0.1388
856,646,1502,0.1388
857,640,1497,0.1388
858,643,1501,0.1388
863,644,1507,0.1388
865,650,1515,0.1388
861,648,1509,0.1388
855,653,1508,0.1388
854,655,1509,0.1388
857,664,1521,0.1388
850,661,1511,0.1388
852,670,1522,0.1388
854,660,1514,0.1388
847,668,1515,0.1388
845,673,1518,0.1388
833,666,1499,0.1388
829,665,1494,0.1388
838,667,1505,0.1388
838,672,1510,0.1388
840,673,1513,0.1388
842,672,1514,0.1388
842,678,1520,0.1388
846,674,1520,0.1388
848,663,1511,0.1388
850,655,1505,0.1388
842,653,1495,0.1388
843,659,1502,0.1388
845,668,1513,0.1388
854,670,1524,0.1388
849,668,1517,0.1388
854,665,1519,0.1388
845,656,1501,0.1388
846,666,1512,0.1388
832,668,1500,0.1388
830,661,1491,0.1388
829,657,1486,0.1388
826,660,1486,0.1388
822,672,1494,0.1388
831,670,1501,0.1388
824,666,1490,0.1388
825,666,1491,0.1388
834,668,1502,0.1388
830,673,1503,0.1388
829,676,1505,0.1388
835,680,1515,0.1388
838,674,1512,0.1388
834,671,1505,0.1388
824,674,1498,0.1388
829,678,1507,0.1388
821,677,1498,0.1388
817,684,1501,0.1388
811,682,1493,0.1388
811,681,1492,0.1388
805,688,1493,0.1388
810,686,1496,0.1388
818,683,1501,0.1388
824,679,1503,0.1388
810,688,1498,0.1388
804,690,1494,0.1388
810,685,1495,0.1388
809,695,1504,0.1388
804,694,1498,0.1388
811,694,1505,0.1388
807,690,1497,0.1388
812,692,1504,0.1388
811,695,1506,0.1388
806,694,1500,0.1388
813,692,1505,0.1388
807,707,1514,0.1388
795,709,1504,0.1388
794,709,1503,0.1388
790,707,1497,0.1388
785,704,1489,0.1388
785,708,1493,0.1388
791,721,1512,0.1388
790,732,1522,0.1388
789,729,1518,0.1388
780,731,1511,0.1388
772,732,1504,0.1388
776,730,1506,0.1388
780,734,1514,0.1388
779,725,1504,0.1388
768,724,1492,0.1388
774,739,1513,0.1388
769,743,1512,0.1388
760,744,1504,0.1388
768,749,1517,0.1388
756,749,1505,0.1388
758,747,1505,0.1388
755,743,1498,0.1388
759,752,1511,0.1388
755,751,1506,0.1388
768,746,1514,0.1388
762,756,1518,0.1388
759,757,1516,0.1388
764,760,1524,0.1388
770,759,1529,0.1388
765,756,1521,0.1388
764,762,1526,0.1388
759,759,1518,0.1388
757,752,1509,0.1388
753,759,1512,0.1388
753,765,1518,0.1388
750,758,1508,0.1388
749,765,1514,0.1388
743,766,1509,0.1388
749,768,1517,0.1388
744,773,1517,0.1388
749,759,1508,0.1388
753,761,1514,0.1388
748,762,1510,0.1388
752,773,1525,0.1388
753,763,1516,0.1388
751,768,1519,0.1388
747,776,1523,0.1388
739,779,1518,0.1388
736,782,1518,0.1388
737,783,1520,0.1388
734,768,1502,0.1388
744,776,1520,0.1388
737,776,1513,0.1388
735,773,1508,0.1388
736,776,1512,0.1388
729,787,1516,0.1388
734,776,1510,0.1388
736,771,1507,0.1388
740,769,1509,0.1388
739,768,1507,0.1388
724,770,1494,0.1388
727,769,1496,0.1388
727,773,1500,0.1388
736,777,1513,0.1388
738,785,1523,0.1388
732,778,1510,0.1388
731,784,1515,0.1388
725,792,1517,0.1388
729,802,1531,0.1388
726,799,1525,0.1388
725,797,1522,0.1388
726,791,1517,0.1388
730,788,1518,0.1388
718,796,1514,0.1388
719,792,1511,0.1388
718,790,1508,0.1388
724,787,1511,0.1388
717,786,1503,0.1388
714,786,1500,0.1388
720,785,1505,0.1388
712,777,1489,0.1388
708,795,1503,0.1388
712,797,1509,0.1388
702,801,1503,0.1388
707,801,1508,0.1388
701,799,1500,0.1388
703,798,1501,0.1388
710,797,1507,0.1388
711,797,1508,0.1388
721,801,1522,0.1388
723,793,1516,0.1388
718,800,1518,0.1388
711,794,1505,0.1388
709,794,1503,0.1388
711,790,1501,0.1388
715,795,1510,0.1388
712,795,1507,0.1388
706,795,1501,0.1388
704,810,1514,0.1388
705,802,1507,0.1388
700,808,1508,0.1388
692,806,1498,0.1388
681,800,1481,0.1388
688,804,1492,0.1388
688,814,1502,0.1388
677,824,1501,0.1388
678,826,1504,0.1388
676,821,1497,0.1388
685,819,1504,0.1388
698,816,1514,0.1388
688,825,1513,0.1388
687,824,1511,0.1388
691,821,1512,0.1388
681,831,1512,0.1388
684,823,1507,0.1388
684,814,1498,0.1388
691,807,1498,0.1388
687,801,1488,0.1388
689,810,1499,0.1388
688,816,1504,0.1388
684,820,1504,0.1388
678,821,1499,0.1388
669,814,1483,0.1388
682,821,1503,0.1388
678,813,1491,0.1388
672,809,1481,0.1388
674,815,1489,0.1388
678,808,1486,0.1388
677,812,1489,0.1388
679,818,1497,0.1388
688,808,1496,0.1388
696,811,1507,0.1388
696,812,1508,0.1388
689,816,1505,0.1388
695,809,1504,0.1388
696,821,1517,0.1388
678,819,1497,0.1388
678,825,1503,0.1388
676,816,1492,0.1388
673,828,1501,0.1388
671,831,1502,0.1388
673,824,1497,0.1388
667,824,1491,0.1388
669,840,1509,0.1388
675,843,1518,0.1388
669,845,1514,0.1388
670,847,1517,0.1388
655,845,1500,0.1388
665,837,1502,0.1388
657,834,1491,0.1388
649,852,1501,0.1388
644,850,1494,0.1388
636,854,1490,0.1388
643,858,1501,0.1388
636,856,1492,0.1388
638,851,1489,0.1388
648,853,1501,0.1388
648,852,1500,0.1388
655,853,1508,0.1388
654,854,1508,0.1388
653,857,1510,0.1388
654,858,1512,0.1388
649,860,1509,0.1388
645,860,1505,0.1388
637,855,1492,0.1388
638,845,1483,0.1388
642,847,1489,0.1388
646,854,1500,0.1388
650,851,1501,0.1388
645,856,1501,0.1388
640,866,1506,0.1388
635,875,1510,0.1388
634,876,1510,0.1388
633,858,1491,0.1388
644,857,1501,0.1388
635,853,1488,0.1388
646,855,1501,0.1388
644,858,1502,0.1388
652,865,1517,0.1388
648,873,1521,0.1388
645,872,1517,0.1388
638,879,1517,0.1388
635,877,1512,0.1388
628,875,1503,0.1388
631,891,1522,0.1388
639,884,1523,0.1388
642,884,1526,0.1388
637,887,1524,0.1388
637,890,1527,0.1388
639,882,1521,0.1388
631,885,1516,0.1388
634,881,1515,0.1388
634,886,1520,0.1388
630,887,1517,0.1388
619,899,1518,0.1388
613,895,1508,0.1388
607,893,1500,0.1388
607,895,1502,0.1388
612,899,1511,0.1388
610,906,1516,0.1388
617,901,1518,0.1388
621,904,1525,0.1388
610,910,1520,0.1388
601,915,1516,0.1388
605,911,1516,0.1388
605,897,1502,0.1388
611,905,1516,0.1388
607,891,1498,0.1388
611,901,1512,0.1388
615,912,1527,0.1388
607,903,1510,0.1388
604,898,1502,0.1388
600,902,1502,0.1388
598,907,1505,0.1388
600,904,1504,0.1388
602,907,1509,0.1388
601,914,1515,0.1388
594,919,1513,0.1388
592,917,1509,0.1388
591,921,1512,0.1388
587,925,1512,0.1388
589,931,1520,0.1388
595,940,1535,0.1388
596,925,1521,0.1388
599,913,1512,0.1388
592,907,1499,0.1388
577,919,1496,0.1388
557,929,1486,0.1388
557,931,1488,0.1388
556,935,1491,0.1388
558,926,1484,0.1388
560,928,1488,0.1388
562,937,1499,0.1388
571,933,1504,0.1388
584,942,1526,0.1388
573,930,1503,0.1388
570,936,1506,0.1388
569,932,1501,0.1388
567,937,1504,0.1388
563,943,1506,0.1388
565,949,1514,0.1388
564,953,1517,0.1388
565,947,1512,0.1388
566,938,1504,0.1388
573,931,1504,0.1388
574,927,1501,0.1388
571,937,1508,0.1388
573,932,1505,0.1388
563,937,1500,0.1388
563,940,1503,0.1388
562,945,1507,0.1388
554,949,1503,0.1388
552,955,1507,0.1388
549,953,1502,0.1388
544,950,1494,0.1388
547,955,1502,0.1388
555,965,1520,0.1388
552,964,1516,0.1388
555,969,1524,0.1388
553,954,1507,0.1388
558,960,1518,0.1388
566,960,1526,0.1388
558,950,1508,0.1388
554,953,1507,0.1388
557,954,1511,0.1388
554,953,1507,0.1388
550,948,1498,0.1388
556,949,1505,0.1388
544,953,1497,0.1388
542,948,1490,0.1388
537,946,1483,0.1388
546,957,1503,0.1388
542,962,1504,0.1388
550,972,1522,0.1388
549,971,1520,0.1388
542,969,1511,0.1388
552,968,1520,0.1388
552,963,1515,0.1388
553,964,1517,0.1388
559,965,1524,0.1388
553,952,1505,0.1388
561,964,1525,0.1388
555,962,1517,0.1388
544,958,1502,0.1388
543,966,1509,0.1388
541,976,1517,0.1388
543,973,1516,0.1388
542,968,1510,0.1388
539,982,1521,0.1388
538,981,1519,0.1388
539,973,1512,0.1388
543,977,1520,0.1388
546,978,1524,0.1388
537,972,1509,0.1388
541,978,1519,0.1388
542,964,1506,0.1388
540,970,1510,0.1388
535,976,1511,0.1388
540,986,1526,0.1388
538,982,1520,0.1388
543,983,1526,0.1388
537,977,1514,0.1388
537,972,1509,0.1388
539,969,1508,0.1388
540,952,1492,0.1388
544,947,1491,0.1388
538,961,1499,0.1388
529,973,1502,0.1388
529,973,1502,0.1388
528,979,1507,0.1388
519,989,1508,0.1388
521,995,1516,0.1388
529,991,1520,0.1388
531,995,1526,0.1388
529,987,1516,0.1388
526,980,1506,0.1388
522,977,1499,0.1388
526,978,1504,0.1388
530,975,1505,0.1388
533,979,1512,0.1388
535,977,1512,0.1388
542,976,1518,0.1388
540,987,1527,0.1388
535,996,1531,0.1388
530,992,1522,0.1388
526,993,1519,0.1388
533,974,1507,0.1388
526,977,1503,0.1388
536,966,1502,0.1388
530,973,1503,0.1388
529,971,1500,0.1388
518,989,1507,0.1388
514,997,1511,0.1388
513,991,1504,0.1388
515,989,1504,0.1388
516,982,1498,0.1388
519,977,1496,0.1388
519,991,1510,0.1388
518,993,1511,0.1388
517,990,1507,0.1388
522,988,1510,0.1388
521,1002,1523,0.1388
516,1002,1518,0.1388
513,1007,1520,0.1388
511,1009,1520,0.1388
502,1008,1510,0.1388
499,1000,1499,0.1388
505,994,1499,0.1388
503,991,1494,0.1388
498,988,1486,0.1388
489,1004,1493,0.1388
491,1011,1502,0.1388
493,1019,1512,0.1388
496,1021,1517,0.1388
496,1019,1515,0.1388
486,1021,1507,0.1388
485,1021,1506,0.1388
478,1028,1506,0.1388
487,1028,1515,0.1388
494,1040,1534,0.1388
485,1030,1515,0.1388
482,1036,1518,0.1388
482,1033,1515,0.1388
475,1030,1505,0.1388
477,1035,1512,0.1388
480,1041,1521,0.1388
480,1038,1518,0.1388
481,1043,1524,0.1388
478,1035,1513,0.1388
479,1038,1517,0.1388
478,1040,1518,0.1388
474,1038,1512,0.1388
463,1030,1493,0.1388
468,1033,1501,0.1388
472,1033,1505,0.1388
472,1019,1491,0.1388
476,1028,1504,0.1388
474,1038,1512,0.1388
472,1034,1506,0.1388
471,1039,1510,0.1388
474,1022,1496,0.1388
478,1014,1492,0.1388
474,1020,1494,0.1388
480,1014,1494,0.1388
478,1018,1496,0.1388
480,1013,1493,0.1388
482,1020,1502,0.1388
483,1030,1513,0.1388
484,1026,1510,0.1388
488,1018,1506,0.1388
494,1023,1517,0.1388
491,1034,1525,0.1388
485,1044,1529,0.1388
471,1043,1514,0.1388
470,1047,1517,0.1388
472,1051,1523,0.1388
474,1042,1516,0.1388
470,1034,1504,0.1388
468,1035,1503,0.1388
472,1042,1514,0.1388
473,1044,1517,0.1388
471,1050,1521,0.1388
470,1052,1522,0.1388
459,1047,1506,0.1388
458,1038,1496,0.1388
464,1044,1508,0.1388
471,1048,1519,0.1388
469,1052,1521,0.1388
463,1057,1520,0.1388
457,1061,1518,0.1388
461,1058,1519,0.1388
459,1061,1520,0.1388
460,1049,1509,0.1388
445,1044,1489,0.1388
449,1054,1503,0.1388
447,1056,1503,0.1388
446,1051,1497,0.1388
452,1062,1514,0.1388
460,1070,1530,0.1388
459,1065,1524,0.1388
454,1060,1514,0.1388
448,1066,1514,0.1388
447,1060,1507,0.1388
448,1068,1516,0.1388
450,1070,1520,0.1388
452,1055,1507,0.1388
451,1057,1508,0.1388
444,1059,1503,0.1388
444,1067,1511,0.1388
439,1068,1507,0.1388
451,1061,1512,0.1388
446,1062,1508,0.1388
449,1071,1520,0.1388
453,1073,1526,0.1388
447,1056,1503,0.1388
441,1055,1496,0.1388
444,1059,1503,0.1388
441,1056,1497,0.1388
439,1060,1499,0.1388
442,1069,1511,0.1388
449,1067,1516,0.1388
452,1061,1513,0.1388
453,1059,1512,0.1388
452,1059,1511,0.1388
446,1068,1514,0.1388
441,1065,1506,0.1388
448,1067,1515,0.1388
447,1062,1509,0.1388
446,1058,1504,0.1388
448,1057,1505,0.1388
445,1047,1492,0.1388
445,1048,1493,0.1388
440,1059,1499,0.1388
442,1056,1498,0.1388
451,1063,1514,0.1388
449,1055,1504,0.1388
439,1056,1495,0.1388
436,1052,1488,0.1388
434,1065,1499,0.1388
432,1060,1492,0.1388
436,1061,1497,0.1388
428,1064,1492,0.1388
428,1067,1495,0.1388
435,1069,1504,0.1388
436,1073,1509,0.1388
436,1079,1515,0.1388
439,1070,1509,0.1388
442,1073,1515,0.1388
445,1066,1511,0.1388
443,1065,1508,0.1388
444,1063,1507,0.1388
440,1070,1510,0.1388
433,1070,1503,0.1388
436,1068,1504,0.1388
439,1067,1506,0.1388
437,1067,1504,0.1388
442,1066,1508,0.1388
445,1062,1507,0.1388
451,1077,1528,0.1388
443,1080,1523,0.1388
437,1069,1506,0.1388
440,1080,1520,0.1388
443,1081,1524,0.1388
446,1075,1521,0.1388
437,1083,1520,0.1388
438,1085,1523,0.1388
440,1086,1526,0.1388
433,1085,1518,0.1388
436,1085,1521,0.1388
438,1083,1521,0.1388
440,1080,1520,0.1388
436,1067,1503,0.1388
428,1067,1495,0.1388
427,1085,1512,0.1388
425,1095,1520,0.1388
424,1101,1525,0.1388
428,1085,1513,0.1388
417,1096,1513,0.1388
413,1105,1518,0.1388
413,1102,1515,0.1388
415,1112,1527,0.1388
414,1101,1515,0.1388
422,1097,1519,0.1388
414,1096,1510,0.1388
415,1099,1514,0.1388
415,1098,1513,0.1388
410,1093,1503,0.1388
415,1082,1497,0.1388
412,1090,1502,0.1388
413,1087,1500,0.1388
417,1082,1499,0.1388
419,1079,1498,0.1388
421,1085,1506,0.1388
415,1092,1507,0.1388
418,1090,1508,0.1388
420,1099,1519,0.1388
419,1097,1516,0.1388
416,1102,1518,0.1388
412,1100,1512,0.1388
418,1100,1518,0.1388
414,1098,1512,0.1388
409,1096,1505,0.1388
418,1106,1524,0.1388
413,1109,1522,0.1388
406,1100,1506,0.1388
413,1093,1506,0.1388
414,1094,1508,0.1388
417,1089,1506,0.1388
412,1092,1504,0.1388
414,1100,1514,0.1388
413,1105,1518,0.1388
410,1092,1502,0.1388
409,1089,1498,0.1388
412,1094,1506,0.1388
406,1095,1501,0.1388
405,1099,1504,0.1388
406,1097,1503,0.1388
400,1099,1499,0.1388
406,1100,1506,0.1388
417,1105,1522,0.1388
409,1111,1520,0.1388
412,1102,1514,0.1388
411,1100,1511,0.1388
402,1099,1501,0.1388
403,1105,1508,0.1388
402,1106,1508,0.1388
404,1110,1514,0.1388
396,1105,1501,0.1388
391,1112,1503,0.1388
400,1110,1510,0.1388
397,1104,1501,0.1388
393,1105,1498,0.1388
388,1115,1503,0.1388
387,1117,1504,0.1388
389,1121,1510,0.1388
381,1121,1502,0.1388
384,1132,1516,0.1388
383,1123,1506,0.1388
378,1109,1487,0.1388
378,1119,1497,0.1388
378,1124,1502,0.1388
382,1127,1509,0.1388
383,1119,1502,0.1388
380,1133,1513,0.1388
375,1135,1510,0.1388
376,1137,1513,0.1388
380,1135,1515,0.1388
375,1125,1500,0.1388
380,1130,1510,0.1388
372,1139,1511,0.1388
371,1137,1508,0.1388
373,1135,1508,0.1388
373,1130,1503,0.1388
373,1136,1509,0.1388
374,1140,1514,0.1388
377,1122,1499,0.1388
373,1119,1492,0.1388
376,1118,1494,0.1388
379,1135,1514,0.1388
375,1134,1509,0.1388
366,1132,1498,0.1388
368,1142,1510,0.1388
365,1140,1505,0.1388
362,1149,1511,0.1388
368,1149,1517,0.1388
368,1155,1523,0.1388
369,1157,1526,0.1388
368,1156,1524,0.1388
365,1161,1526,0.1388
372,1144,1516,0.1388
369,1145,1514,0.1388
373,1143,1516,0.1388
373,1145,1518,0.1388
372,1141,1513,0.1388
369,1147,1516,0.1388
366,1143,1509,0.1388
372,1157,1529,0.1388
367,1150,1517,0.1388
362,1153,1515,0.1388
366,1147,1513,0.1388
363,1148,1511,0.1388
359,1144,1503,0.1388
354,1148,1502,0.1388
355,1150,1505,0.1388
354,1150,1504,0.1388
350,1156,1506,0.1388
342,1158,1500,0.1388
342,1158,1500,0.1388
338,1158,1496,0.1388
343,1159,1502,0.1388
346,1167,1513,0.1388
345,1160,1505,0.1388
343,1154,1497,0.1388
336,1167,1503,0.1388
336,1175,1511,0.1388
330,1172,1502,0.1388
333,1167,1500,0.1388
332,1173,1505,0.1388
336,1185,1521,0.1388
329,1181,1510,0.1388
333,1176,1509,0.1388
330,1176,1506,0.1388
329,1168,1497,0.1388
326,1159,1485,0.1388
331,1170,1501,0.1388
329,1170,1499,0.1388
329,1162,1491,0.1388
328,1174,1502,0.1388
336,1171,1507,0.1388
334,1165,1499,0.1388
335,1174,1509,0.1388
338,1187,1525,0.1388
335,1173,1508,0.1388
332,1182,1514,0.1388
336,1168,1504,0.1388
333,1174,1507,0.1388
331,1181,1512,0.1388
337,1185,1522,0.1388
334,1193,1527,0.1388
330,1194,1524,0.1388
335,1196,1531,0.1388
327,1188,1515,0.1388
326,1181,1507,0.1388
329,1177,1506,0.1388
320,1178,1498,0.1388
323,1175,1498,0.1388
330,1177,1507,0.1388
329,1177,1506,0.1388
330,1173,1503,0.1388
333,1180,1513,0.1388
336,1187,1523,0.1388
331,1177,1508,0.1388
329,1178,1507,0.1388
330,1175,1505,0.1388
322,1180,1502,0.1388
324,1179,1503,0.1388
326,1182,1508,0.1388
324,1182,1506,0.1388
322,1184,1506,0.1388
322,1188,1510,0.1388
321,1183,1504,0.1388
320,1191,1511,0.1388
317,1198,1515,0.1388
319,1198,1517,0.1388
321,1209,1530,0.1388
318,1208,1526,0.1388
317,1196,1513,0.1388
317,1196,1513,0.1388
315,1191,1506,0.1388
315,1197,1512,0.1388
312,1197,1509,0.1388
310,1204,1514,0.1388
312,1212,1524,0.1388
313,1196,1509,0.1388
312,1208,1520,0.1388
313,1212,1525,0.1388
310,1213,1523,0.1388
309,1213,1522,0.1388
316,1208,1524,0.1388
315,1211,1526,0.1388
309,1203,1512,0.1388
314,1218,1532,0.1388
309,1217,1526,0.1388
310,1212,1522,0.1388
313,1215,1528,0.1388
313,1206,1519,0.1388
313,1218,1531,0.1388
311,1209,1520,0.1388
306,1203,1509,0.1388
295,1212,1507,0.1388
303,1208,1511,0.1388
300,1208,1508,0.1388
295,1227,1522,0.1388
293,1231,1524,0.1388
301,1217,1518,0.1388
299,1201,1500,0.1388
300,1211,1511,0.1388
301,1218,1519,0.1388
301,1230,1531,0.1388
298,1235,1533,0.1388
299,1238,1537,0.1388
296,1239,1535,0.1388
294,1216,1510,0.1388
301,1212,1513,0.1388
305,1226,1531,0.1388
295,1226,1521,0.1388
298,1220,1518,0.1388
288,1219,1507,0.1388
289,1218,1507,0.1388
286,1220,1506,0.1388
285,1225,1510,0.1388
282,1227,1509,0.1388
280,1226,1506,0.1388
286,1235,1521,0.1388
289,1235,1524,0.1388
285,1236,1521,0.1388
288,1239,1527,0.1388
287,1244,1531,0.1388
287,1235,1522,0.1388
281,1222,1503,0.1388
279,1232,1511,0.1388
280,1234,1514,0.1388
278,1246,1524,0.1388
281,1237,1518,0.1388
276,1235,1511,0.1388
275,1225,1500,0.1388
277,1213,1490,0.1388
280,1211,1491,0.1388
281,1226,1507,0.1388
284,1233,1517,0.1388
280,1236,1516,0.1388
279,1239,1518,0.1388
275,1252,1527,0.1388
276,1249,1525,0.1388
275,1253,1528,0.1388
275,1251,1526,0.1388
276,1246,1522,0.1388
271,1247,1518,0.1388
269,1248,1517,0.1388
272,1263,1535,0.1388
272,1252,1524,0.1388
267,1259,1526,0.1388
272,1259,1531,0.1388
266,1251,1517,0.1388
262,1248,1510,0.1388
267,1238,1505,0.1388
259,1247,1506,0.1388
260,1255,1515,0.1388
259,1253,1512,0.1388
259,1244,1503,0.1388
260,1250,1510,0.1388
261,1253,1514,0.1388
258,1255,1513,0.1388
260,1250,1510,0.1388
258,1252,1510,0.1388
259,1246,1505,0.1388
258,1252,1510,0.1388
256,1262,1518,0.1388
250,1267,1517,0.1388
247,1264,1511,0.1388
246,1264,1510,0.1388
245,1271,1516,0.1388
244,1277,1521,0.1388
246,1265,1511,0.1388
243,1274,1517,0.1388
239,1271,1510,0.1388
241,1266,1507,0.1388
242,1260,1502,0.1388
236,1258,1494,0.1388
238,1274,1512,0.1388
238,1287,1525,0.1388
238,1281,1519,0.1388
234,1278,1512,0.1388
236,1270,1506,0.1388
230,1270,1500,0.1388
231,1274,1505,0.1388
230,1295,1525,0.1388
231,1285,1516,0.1388
229,1285,1514,0.1388
227,1282,1509,0.1388
226,1288,1514,0.1388
220,1281,1501,0.1388
218,1277,1495,0.1388
225,1286,1511,0.1388
228,1283,1511,0.1388
220,1272,1492,0.1388
225,1284,1509,0.1388
226,1292,1518,0.1388
222,1282,1504,0.1388
224,1290,1514,0.1388
223,1287,1510,0.1388
222,1281,1503,0.1388
222,1274,1496,0.1388
222,1276,1498,0.1388
221,1294,1515,0.1388
223,1283,1506,0.1388
221,1283,1504,0.1388
221,1291,1512,0.1388
224,1291,1515,0.1388
232,1282,1514,0.1388
223,1291,1514,0.1388
225,1288,1513,0.1388
224,1286,1510,0.1388
221,1304,1525,0.1388
219,1304,1523,0.1388
222,1301,1523,0.1388
220,1301,1521,0.1388
217,1308,1525,0.1388
214,1297,1511,0.1388
211,1309,1520,0.1388
220,1310,1530,0.1388
222,1308,1530,0.1388
220,1305,1525,0.1388
217,1297,1514,0.1388
217,1298,1515,0.1388
216,1306,1522,0.1388
216,1304,1520,0.1388
217,1293,1510,0.1388
212,1279,1491,0.1388
210,1291,1501,0.1388
213,1293,1506,0.1388
214,1300,1514,0.1388
215,1312,1527,0.1388
210,1311,1521,0.1388
211,1307,1518,0.1388
210,1306,1516,0.1388
204,1294,1498,0.1388
201,1302,1503,0.1388
198,1318,1516,0.1388
204,1317,1521,0.1388
202,1304,1506,0.1388
201,1306,1507,0.1388
204,1309,1513,0.1388
202,1314,1516,0.1388
204,1310,1514,0.1388
202,1313,1515,0.1388
203,1300,1503,0.1388
202,1307,1509,0.1388
202,1321,1523,0.1388
195,1308,1503,0.1388
199,1314,1513,0.1388
197,1315,1512,0.1388
193,1300,1493,0.1388
192,1314,1506,0.1388
189,1318,1507,0.1388
188,1314,1502,0.1388
184,1311,1495,0.1388
190,1322,1512,0.1388
183,1334,1517,0.1388
185,1325,1510,0.1388
183,1342,1525,0.1388
187,1329,1516,0.1388
188,1328,1516,0.1388
190,1339,1529,0.1388
187,1330,1517,0.1388
191,1328,1519,0.1388
188,1325,1513,0.1388
188,1317,1505,0.1388
189,1327,1516,0.1388
191,1321,1512,0.1388
190,1323,1513,0.1388
188,1324,1512,0.1388
187,1338,1525,0.1388
185,1339,1524,0.1388
187,1340,1527,0.1388
188,1334,1522,0.1388
185,1326,1511,0.1388
182,1331,1513,0.1388
179,1330,1509,0.1388
175,1340,1515,0.1388
180,1339,1519,0.1388
182,1334,1516,0.1388
181,1331,1512,0.1388
181,1334,1515,0.1388
183,1340,1523,0.1388
182,1331,1513,0.1388
177,1326,1503,0.1388
173,1319,1492,0.1388
166,1310,1476,0.1388
167,1325,1492,0.1388
169,1331,1500,0.1388
172,1331,1503,0.1388
172,1333,1505,0.1388
173,1342,1515,0.1388
173,1349,1522,0.1388
170,1343,1513,0.1388
171,1350,1521,0.1388
174,1353,1527,0.1388
170,1347,1517,0.1388
169,1347,1516,0.1388
168,1346,1514,0.1388
166,1363,1529,0.1388
166,1351,1517,0.1388
164,1355,1519,0.1388
165,1356,1521,0.1388
163,1363,1526,0.1388
165,1360,1525,0.1388
167,1371,1538,0.1388
166,1365,1531,0.1388
165,1352,1517,0.1388
160,1344,1504,0.1388
159,1349,1508,0.1388
158,1355,1513,0.1388
159,1350,1509,0.1388
156,1357,1513,0.1388
158,1354,1512,0.1388
156,1360,1516,0.1388
156,1368,1524,0.1388
156,1374,1530,0.1388
151,1372,1523,0.1388
153,1373,1526,0.1388
155,1374,1529,0.1388
155,1373,1528,0.1388
156,1371,1527,0.1388
157,1362,1519,0.1388
154,1362,1516,0.1388
154,1362,1516,0.1388
152,1368,1520,0.1388
152,1364,1516,0.1388
148,1371,1519,0.1388
147,1369,1516,0.1388
149,1371,1520,0.1388
147,1369,1516,0.1388
148,1370,1518,0.1388
145,1364,1509,0.1388
143,1370,1513,0.1388
147,1374,1521,0.1388
147,1365,1512,0.1388
144,1361,1505,0.1388
145,1368,1513,0.1388
144,1371,1515,0.1388
142,1368,1510,0.1388
142,1375,1517,0.1388
140,1372,1512,0.1388
140,1360,1500,0.1388
142,1375,1517,0.1388
142,1378,1520,0.1388
140,1372,1512,0.1388
139,1378,1517,0.1388
144,1382,1526,0.1388
144,1366,1510,0.1388
145,1363,1508,0.1388
145,1359,1504,0.1388
146,1380,1526,0.1388
150,1368,1518,0.1388
147,1371,1518,0.1388
145,1359,1504,0.1388
145,1365,1510,0.1388
142,1370,1512,0.1388
144,1380,1524,0.1388
141,1379,1520,0.1388
143,1365,1508,0.1388
144,1377,1521,0.1388
146,1376,1522,0.1388
143,1370,1513,0.1388
142,1374,1516,0.1388
141,1376,1517,0.1388
136,1391,1527,0.1388
137,1387,1524,0.1388
129,1385,1514,0.1388
131,1383,1514,0.1388
129,1392,1521,0.1388
128,1386,1514,0.1388
130,1370,1500,0.1388
129,1364,1493,0.1388
128,1371,1499,0.1388
130,1374,1504,0.1388
132,1375,1507,0.1388
128,1381,1509,0.1388
133,1377,1510,0.1388
135,1381,1516,0.1388
136,1374,1510,0.1388
138,1377,1515,0.1388
135,1382,1517,0.1388
132,1389,1521,0.1388
130,1387,1517,0.1388
131,1378,1509,0.1388
128,1382,1510,0.1388
129,1394,1523,0.1388
127,1393,1520,0.1388
122,1375,1497,0.1388
123,1398,1521,0.1388
122,1401,1523,0.1388
117,1404,1521,0.1388
114,1396,1510,0.1388
111,1397,1508,0.1388
111,1393,1504,0.1388
116,1403,1519,0.1388
112,1404,1516,0.1388
115,1402,1517,0.1388
112,1402,1514,0.1388
115,1399,1514,0.1388
118,1395,1513,0.1388
120,1400,1520,0.1388
118,1402,1520,0.1388
118,1407,1525,0.1388
114,1400,1514,0.1388
115,1387,1502,0.1388
120,1384,1504,0.1388
120,1386,1506,0.1388
124,1396,1520,0.1388
123,1376,1499,0.1388
118,1384,1502,0.1388
120,1387,1507,0.1388
121,1391,1512,0.1388
119,1394,1513,0.1388
117,1396,1513,0.1388
119,1389,1508,0.1388
119,1398,1517,0.1388
121,1397,1518,0.1388
123,1399,1522,0.1388
121,1402,1523,0.1388
120,1390,1510,0.1388
121,1406,1527,0.1388
118,1404,1522,0.1388
119,1413,1532,0.1388
118,1401,1519,0.1388
116,1389,1505,0.1388
116,1399,1515,0.1388
114,1395,1509,0.1388
118,1391,1509,0.1388
117,1385,1502,0.1388
119,1391,1510,0.1388
124,1384,1508,0.1388
121,1384,1505,0.1388
119,1380,1499,0.1388
117,1404,1521,0.1388
120,1400,1520,0.1388
122,1395,1517,0.1388
120,1392,1512,0.1388
120,1400,1520,0.1388
120,1396,1516,0.1388
118,1386,1504,0.1388
118,1401,1519,0.1388
119,1399,1518,0.1388
119,1390,1509,0.1388
116,1394,1510,0.1388
114,1391,1505,0.1388
117,1393,1510,0.1388
116,1396,1512,0.1388
118,1411,1529,0.1388
118,1400,1518,0.1388
114,1396,1510,0.1388
116,1383,1499,0.1388
111,1388,1499,0.1388
108,1396,1504,0.1388
107,1415,1522,0.1388
109,1415,1524,0.1388
111,1416,1527,0.1388
110,1409,1519,0.1388
112,1400,1512,0.1388
112,1404,1516,0.1388
112,1404,1516,0.1388
114,1413,1527,0.1388
114,1417,1531,0.1388
114,1412,1526,0.1388
116,1405,1521,0.1388
113,1407,1520,0.1388
115,1415,1530,0.1388
115,1411,1526,0.1388
114,1417,1531,0.1388
110,1399,1509,0.1388
109,1403,1512,0.1388
109,1412,1521,0.1388
107,1413,1520,0.1388
112,1431,1543,0.1388
112,1418,1530,0.1388
109,1399,1508,0.1388
111,1412,1523,0.1388
109,1400,1509,0.1388
110,1391,1501,0.1388
109,1397,1506,0.1388
108,1393,1501,0.1388
108,1403,1511,0.1388
108,1404,1512,0.1388
108,1412,1520,0.1388
109,1406,1515,0.1388
111,1403,1514,0.1388
108,1394,1502,0.1388
109,1388,1497,0.1388
106,1403,1509,0.1388
109,1411,1520,0.1388
110,1403,1513,0.1388
111,1401,1512,0.1388
111,1410,1521,0.1388
110,1406,1516,0.1388
110,1404,1514,0.1388
113,1401,1514,0.1388
108,1404,1512,0.1388
106,1396,1502,0.1388
105,1397,1502,0.1388
104,1382,1486,0.1388
104,1390,1494,0.1388
103,1396,1499,0.1388
107,1406,1513,0.1388
105,1404,1509,0.1388
107,1394,1501,0.1388
104,1399,1503,0.1388
104,1418,1522,0.1388
103,1415,1518,0.1388
98,1404,1502,0.1388
101,1403,1504,0.1388
102,1406,1508,0.1388
101,1420,1521,0.1388
100,1425,1525,0.1388
100,1418,1518,0.1388
99,1415,1514,0.1388
101,1418,1519,0.1388
100,1412,1512,0.1388
105,1411,1516,0.1388
101,1403,1504,0.1388
103,1403,1506,0.1388
105,1400,1505,0.1388
100,1401,1501,0.1388
97,1397,1494,0.1388
100,1412,1512,0.1388
99,1417,1516,0.1388
95,1407,1502,0.1388
99,1406,1505,0.1388
99,1406,1505,0.1388
104,1396,1500,0.1388
107,1395,1502,0.1388
109,1396,1505,0.1388
110,1397,1507,0.1388
108,1403,1511,0.1388
111,1410,1521,0.1388
118,1408,1526,0.1388
118,1407,1525,0.1388
119,1410,1529,0.1388
114,1417,1531,0.1388
115,1423,1538,0.1388
112,1408,1520,0.1388
119,1403,1522,0.1388
113,1403,1516,0.1388
111,1390,1501,0.1388
111,1407,1518,0.1388
112,1402,1514,0.1388
110,1403,1513,0.1388
111,1407,1518,0.1388
108,1407,1515,0.1388
106,1415,1521,0.1388
105,1403,1508,0.1388
106,1398,1504,0.1388
102,1405,1507,0.1388
102,1410,1512,0.1388
101,1405,1506,0.1388
97,1418,1515,0.1388
102,1424,1526,0.1388
101,1426,1527,0.1388
100,1423,1523,0.1388
103,1424,1527,0.1388
101,1428,1529,0.1388
98,1431,1529,0.1388
96,1420,1516,0.1388
93,1417,1510,0.1388
93,1426,1519,0.1388
95,1418,1513,0.1388
92,1429,1521,0.1388
95,1435,1530,0.1388
93,1429,1522,0.1388
90,1428,1518,0.1388
88,1433,1521,0.1388
89,1399,1488,0.1388
89,1412,1501,0.1388
88,1421,1509,0.1388
92,1419,1511,0.1388
91,1428,1519,0.1388
90,1432,1522,0.1388
88,1428,1516,0.1388
88,1431,1519,0.1388
88,1425,1513,0.1388
91,1422,1513,0.1388
85,1435,1520,0.1388
86,1424,1510,0.1388
84,1422,1506,0.1388
84,1408,1492,0.1388
85,1418,1503,0.1388
86,1423,1509,0.1388
90,1432,1522,0.1388
91,1426,1517,0.1388
89,1420,1509,0.1388
88,1419,1507,0.1388
88,1423,1511,0.1388
85,1431,1516,0.1388
85,1429,1514,0.1388
85,1432,1517,0.1388
86,1431,1517,0.1388
89,1429,1518,0.1388
88,1431,1519,0.1388
85,1441,1526,0.1388
84,1438,1522,0.1388
84,1438,1522,0.1388
86,1425,1511,0.1388
90,1438,1528,0.1388
90,1435,1525,0.1388
87,1419,1506,0.1388
87,1422,1509,0.1388
86,1419,1505,0.1388
84,1425,1509,0.1388
81,1428,1509,0.1388
79,1426,1505,0.1388
82,1429,1511,0.1388
80,1435,1515,0.1388
78,1427,1505,0.1388
79,1434,1513,0.1388
81,1439,1520,0.1388
78,1430,1508,0.1388
81,1427,1508,0.1388
82,1425,1507,0.1388
86,1444,1530,0.1388
86,1447,1533,0.1388
87,1447,1534,0.1388
86,1444,1530,0.1388
87,1442,1529,0.1388
85,1436,1521,0.1388
85,1430,1515,0.1388
84,1429,1513,0.1388
81,1430,1511,0.1388
81,1412,1493,0.1388
81,1421,1502,0.1388
80,1436,1516,0.1388
78,1433,1511,0.1388
76,1437,1513,0.1388
73,1442,1515,0.1388
76,1454,1530,0.1388
74,1461,1535,0.1388
73,1442,1515,0.1388
73,1437,1510,0.1388
73,1433,1506,0.1388
76,1439,1515,0.1388
74,1448,1522,0.1388
74,1433,1507,0.1388
72,1445,1517,0.1388
70,1449,1519,0.1388
70,1442,1512,0.1388
71,1427,1498,0.1388
69,1434,1503,0.1388
67,1433,1500,0.1388
66,1440,1506,0.1388
64,1433,1497,0.1388
67,1433,1500,0.1388
67,1446,1513,0.1388
65,1446,1511,0.1388
67,1438,1505,0.1388
67,1437,1504,0.1388
63,1446,1509,0.1388
64,1454,1518,0.1388
62,1453,1515,0.1388
62,1457,1519,0.1388
60,1456,1516,0.1388
59,1436,1495,0.1388
60,1445,1505,0.1388
60,1440,1500,0.1388
60,1446,1506,0.1388
58,1446,1504,0.1388
58,1460,1518,0.1388
55,1459,1514,0.1388
55,1459,1514,0.1388
56,1459,1515,0.1388
56,1457,1513,0.1388
57,1458,1515,0.1388
55,1458,1513,0.1388
56,1448,1504,0.1388
56,1466,1522,0.1388
55,1461,1516,0.1388
55,1463,1518,0.1388
53,1460,1513,0.1388
56,1473,1529,0.1388
56,1468,1524,0.1388
55,1477,1532,0.1388
53,1475,1528,0.1388
51,1473,1524,0.1388
49,1477,1526,0.1388
48,1481,1529,0.1388
50,1479,1529,0.1388
50,1473,1523,0.1388
48,1481,1529,0.1388
48,1467,1515,0.1388
48,1476,1524,0.1388
48,1484,1532,0.1388
48,1476,1524,0.1388
45,1476,1521,0.1388
46,1484,1530,0.1388
45,1475,1520,0.1388
45,1478,1523,0.1388
42,1481,1523,0.1388
42,1483,1525,0.1388
38,1478,1516,0.1388
38,1486,1524,0.1388
38,1478,1516,0.1388
36,1480,1516,0.1388
35,1479,1514,0.1388
36,1473,1509,0.1388
37,1476,1513,0.1388
38,1482,1520,0.1388
38,1468,1506,0.1388
36,1483,1519,0.1388
35,1492,1527,0.1388
34,1489,1523,0.1388
35,1498,1533,0.1388
36,1496,1532,0.1388
35,1498,1533,0.1388
33,1484,1517,0.1388
32,1476,1508,0.1388
32,1477,1509,0.1388
31,1478,1509,0.1388
33,1478,1511,0.1388
34,1494,1528,0.1388
33,1478,1511,0.1388
33,1489,1522,0.1388
31,1487,1518,0.1388
31,1482,1513,0.1388
29,1482,1511,0.1388
29,1485,1514,0.1388
29,1487,1516,0.1388
29,1493,1522,0.1388
29,1496,1525,0.1388
27,1507,1534,0.1388
27,1499,1526,0.1388
26,1497,1523,0.1388
25,1495,1520,0.1388
26,1496,1522,0.1388
28,1490,1518,0.1388
27,1475,1502,0.1388
26,1481,1507,0.1388
26,1477,1503,0.1388
25,1486,1511,0.1388
25,1490,1515,0.1388
22,1499,1521,0.1388
22,1508,1530,0.1388
23,1498,1521,0.1388
21,1502,1523,0.1388
19,1499,1518,0.1388
19,1493,1512,0.1388
17,1496,1513,0.1388
17,1488,1505,0.1388
18,1485,1503,0.1388
18,1488,1506,0.1388
17,1497,1514,0.1388
17,1488,1505,0.1388
16,1492,1508,0.1388
16,1474,1490,0.1388
13,1479,1492,0.1388
13,1503,1516,0.1388
12,1505,1517,0.1388
10,1497,1507,0.1388
10,1494,1504,0.1388
10,1511,1521,0.1388
11,1503,1514,0.1388
11,1494,1505,0.1388
11,1506,1517,0.1388
11,1510,1521,0.1388
11,1510,1521,0.1388
11,1522,1533,0.1388
11,1517,1528,0.1388
11,1499,1510,0.1388
10,1523,1533,0.1388
10,1510,1520,0.1388
11,1496,1507,0.1388
10,1511,1521,0.1388
11,1509,1520,0.1388
10,1501,1511,0.1388
9,1515,1524,0.1388
9,1520,1529,0.1388
9,1513,1522,0.1388
9,1518,1527,0.1388
10,1520,1530,0.1388
9,1519,1528,0.1388
9,1511,1520,0.1388
9,1510,1519,0.1388
9,1510,1519,0.1388
9,1515,1524,0.1388
9,1513,1522,0.1388
7,1515,1522,0.1388
7,1520,1527,0.1388
7,1510,1517,0.1388
8,1510,1518,0.1388
9,1508,1517,0.1388
8,1515,1523,0.1388
8,1514,1522,0.1388
8,1506,1514,0.1388
8,1499,1507,0.1388
8,1497,1505,0.1388
8,1497,1505,0.1388
7,1506,1513,0.1388
7,1512,1519,0.1388
7,1499,1506,0.1388
7,1512,1519,0.1388
7,1507,1514,0.1388
7,1502,1509,0.1388
7,1511,1518,0.1388
7,1503,1510,0.1388
8,1507,1515,0.1388
9,1514,1523,0.1388
8,1504,1512,0.1388
8,1512,1520,0.1388
8,1523,1531,0.1388
8,1515,1523,0.1388
7,1515,1522,0.1388
8,1521,1529,0.1388
8,1517,1525,0.1388
7,1527,1534,0.1388
7,1522,1529,0.1388
7,1510,1517,0.1388
7,1518,1525,0.1388
7,1518,1525,0.1388
8,1509,1517,0.1388
8,1515,1523,0.1388
7,1504,1511,0.1388
7,1505,1512,0.1388
7,1503,1510,0.1388
7,1507,1514,0.1388
7,1512,1519,0.1388
7,1517,1524,0.1388
7,1514,1521,0.1388
7,1518,1525,0.1388
6,1511,1517,0.1388
6,1507,1513,0.1388
6,1512,1518,0.1388
6,1520,1526,0.1388
6,1528,1534,0.1388
6,1524,1530,0.1388
7,1521,1528,0.1388
7,1508,1515,0.1388
6,1505,1511,0.1388
6,1510,1516,0.1388
6,1505,1511,0.1388
6,1508,1514,0.1388
6,1518,1524,0.1388
5,1512,1517,0.1388
5,1505,1510,0.1388
4,1508,1512,0.1388
4,1507,1511,0.1388
4,1523,1527,0.1388
4,1520,1524,0.1388
4,1516,1520,0.1388
4,1516,1520,0.1388
4,1525,1529,0.1388
4,1521,1525,0.1388
4,1513,1517,0.1388
3,1522,1525,0.1388
3,1507,1510,0.1388
3,1507,1510,0.1388
3,1506,1509,0.1388
3,1503,1506,0.1388
2,1507,1509,0.1388
2,1514,1516,0.1388
1,1512,1513,0.1388
1,1507,1508,0.1388
1,1534,1535,0.1388
1,1521,1522,0.1388
1,1528,1529,0.1388
1,1502,1503,0.1388
1,1517,1518,0.1388
1,1514,1515,0.1388
1,1508,1509,0.1388
1,1499,1500,0.1388
1,1501,1502,0.1388
1,1506,1507,0.1388
1,1501,1502,0.1388
2,1501,1503,0.1388
2,1503,1505,0.1388
2,1496,1498,0.1388
2,1505,1507,0.1388
2,1506,1508,0.1388
2,1507,1509,0.1388
2,1495,1497,0.1388
2,1499,1501,0.1388
2,1510,1512,0.1388
2,1493,1495,0.1388
2,1504,1506,0.1388
2,1500,1502,0.1388
2,1500,1502,0.1388
2,1497,1499,0.1388
2,1496,1498,0.1388
2,1499,1501,0.1388
2,1515,1517,0.1388
2,1510,1512,0.1388
2,1502,1504,0.1388
2,1512,1514,0.1388
2,1514,1516,0.1388
2,1513,1515,0.1388
2,1510,1512,0.1388
2,1500,1502,0.1388
2,1493,1495,0.1388
2,1509,1511,0.1388
2,1519,1521,0.1388
2,1523,1525,0.1388
2,1524,1526,0.1388
2,1517,1519,0.1388
2,1510,1512,0.1388
2,1514,1516,0.1388
0,1511,1511,0.1388
