1360,30,1390,0.1388
1396,31,1427,0.1388
1410,32,1442,0.1388
1418,32,1450,0.1388
1431,33,1464,0.1388
1440,33,1473,0.1388
1450,34,1484,0.1388
1447,35,1482,0.1388
1444,32,1476,0.1388
1440,31,1471,0.1388
1457,31,1488,0.1388
1457,31,1488,0.1388
1453,32,1485,0.1388
1466,34,1500,0.1388
1468,34,1502,0.1388
1473,36,1509,0.1388
1464,37,1501,0.1388
1452,36,1488,0.1388
1465,39,1504,0.1388
1468,38,1506,0.1388
1471,37,1508,0.1388
1454,40,1494,0.1388
1454,38,1492,0.1388
1436,39,1475,0.1388
1437,38,1475,0.1388
1440,39,1479,0.1388
1427,39,1466,0.1388
1436,42,1478,0.1388
1442,45,1487,0.1388
1436,43,1479,0.1388
1439,42,1481,0.1388
1445,41,1486,0.1388
1455,44,1499,0.1388
1441,46,1487,0.1388
1458,45,1503,0.1388
1455,44,1499,0.1388
1455,44,1499,0.1388
1448,44,1492,0.1388
1446,43,1489,0.1388
1447,41,1488,0.1388
1437,38,1475,0.1388
1427,38,1465,0.1388
1427,39,1466,0.1388
1441,41,1482,0.1388
1439,41,1480,0.1388
1449,40,1489,0.1388
1453,39,1492,0.1388
1457,39,1496,0.1388
1466,39,1505,0.1388
1455,36,1491,0.1388
1465,37,1502,0.1388
1466,33,1499,0.1388
1465,34,1499,0.1388
1460,33,1493,0.1388
1449,34,1483,0.1388
1455,34,1489,0.1388
1450,34,1484,0.1388
1452,34,1486,0.1388
1451,36,1487,0.1388
1453,36,1489,0.1388
1448,37,1485,0.1388
1450,37,1487,0.1388
1449,37,1486,0.1388
1441,35,1476,0.1388
1451,35,1486,0.1388
1445,36,1481,0.1388
1450,34,1484,0.1388
1457,35,1492,0.1388
1442,37,1479,0.1388
1435,38,1473,0.1388
1442,39,1481,0.1388
1445,41,1486,0.1388
1448,42,1490,0.1388
1462,41,1503,0.1388
1467,40,1507,0.1388
1459,40,1499,0.1388
1454,40,1494,0.1388
1437,42,1479,0.1388
1444,41,1485,0.1388
1440,40,1480,0.1388
1444,38,1482,0.1388
1448,37,1485,0.1388
1449,35,1484,0.1388
1459,36,1495,0.1388
1452,35,1487,0.1388
1450,36,1486,0.1388
1458,36,1494,0.1388
1451,35,1486,0.1388
1465,35,1500,0.1388
1477,36,1513,0.1388
1481,37,1518,0.1388
1474,38,1512,0.1388
1473,38,1511,0.1388
1469,37,1506,0.1388
1468,37,1505,0.1388
1471,36,1507,0.1388
1465,39,1504,0.1388
1472,40,1512,0.1388
1468,38,1506,0.1388
1462,39,1501,0.1388
1465,38,1503,0.1388
1457,40,1497,0.1388
1453,42,1495,0.1388
1448,42,1490,0.1388
1463,42,1505,0.1388
1448,44,1492,0.1388
1446,44,1490,0.1388
1437,45,1482,0.1388
1435,45,1480,0.1388
1446,41,1487,0.1388
1454,42,1496,0.1388
1453,45,1498,0.1388
1455,43,1498,0.1388
1448,41,1489,0.1388
1431,42,1473,0.1388
1430,43,1473,0.1388
1436,48,1484,0.1388
1423,47,1470,0.1388
1433,50,1483,0.1388
1437,50,1487,0.1388
1434,54,1488,0.1388
1436,54,1490,0.1388
1431,53,1484,0.1388
1437,53,1490,0.1388
1441,52,1493,0.1388
1429,52,1481,0.1388
1432,56,1488,0.1388
1439,54,1493,0.1388
1450,51,1501,0.1388
1444,52,1496,0.1388
1436,52,1488,0.1388
1423,52,1475,0.1388
1430,54,1484,0.1388
1426,56,1482,0.1388
1431,57,1488,0.1388
1416,56,1472,0.1388
1428,58,1486,0.1388
1420,58,1478,0.1388
1425,59,1484,0.1388
1444,57,1501,0.1388
1445,58,1503,0.1388
1446,60,1506,0.1388
1438,63,1501,0.1388
1441,63,1504,0.1388
1438,66,1504,0.1388
1438,64,1502,0.1388
1439,64,1503,0.1388
1436,63,1499,0.1388
1426,63,1489,0.1388
1428,65,1493,0.1388
1430,65,1495,0.1388
1441,65,1506,0.1388
1441,68,1509,0.1388
1439,70,1509,0.1388
1429,69,1498,0.1388
1422,71,1493,0.1388
1426,74,1500,0.1388
1426,71,1497,0.1388
1417,66,1483,0.1388
1426,65,1491,0.1388
1426,69,1495,0.1388
1422,73,1495,0.1388
1416,73,1489,0.1388
1417,72,1489,0.1388
1431,72,1503,0.1388
1419,71,1490,0.1388
1419,71,1490,0.1388
1422,70,1492,0.1388
1420,71,1491,0.1388
1422,71,1493,0.1388
1421,71,1492,0.1388
1411,69,1480,0.1388
1431,67,1498,0.1388
1419,66,1485,0.1388
1421,69,1490,0.1388
1432,69,1501,0.1388
1422,72,1494,0.1388
1416,72,1488,0.1388
1401,73,1474,0.1388
1403,71,1474,0.1388
1416,72,1488,0.1388
1421,76,1497,0.1388
1430,81,1511,0.1388
1423,82,1505,0.1388
1413,84,1497,0.1388
1410,82,1492,0.1388
1408,82,1490,0.1388
1407,85,1492,0.1388
1400,84,1484,0.1388
1407,86,1493,0.1388
1403,85,1488,0.1388
1405,84,1489,0.1388
1417,86,1503,0.1388
1428,84,1512,0.1388
1418,86,1504,0.1388
1411,89,1500,0.1388
1423,90,1513,0.1388
1422,87,1509,0.1388
1416,87,1503,0.1388
1418,90,1508,0.1388
1390,90,1480,0.1388
1398,90,1488,0.1388
1401,91,1492,0.1388
1415,90,1505,0.1388
1420,93,1513,0.1388
1406,96,1502,0.1388
1407,98,1505,0.1388
1403,101,1504,0.1388
1392,101,1493,0.1388
1400,105,1505,0.1388
1398,103,1501,0.1388
1405,107,1512,0.1388
1390,106,1496,0.1388
1399,105,1504,0.1388
1398,103,1501,0.1388
1380,103,1483,0.1388
1386,103,1489,0.1388
1388,105,1493,0.1388
1393,103,1496,0.1388
1393,103,1496,0.1388
1397,105,1502,0.1388
1384,108,1492,0.1388
1401,113,1514,0.1388
1397,112,1509,0.1388
1392,112,1504,0.1388
1392,112,1504,0.1388
1384,111,1495,0.1388
1390,110,1500,0.1388
1382,115,1497,0.1388
1387,116,1503,0.1388
1373,114,1487,0.1388
1389,120,1509,0.1388
1383,116,1499,0.1388
1370,118,1488,0.1388
1377,118,1495,0.1388
1383,120,1503,0.1388
1385,118,1503,0.1388
1375,123,1498,0.1388
1375,120,1495,0.1388
1384,123,1507,0.1388
1380,122,1502,0.1388
1396,121,1517,0.1388
1390,122,1512,0.1388
1390,122,1512,0.1388
1378,116,1494,0.1388
1374,119,1493,0.1388
1366,118,1484,0.1388
1369,119,1488,0.1388
1363,118,1481,0.1388
1362,120,1482,0.1388
1368,119,1487,0.1388
1360,118,1478,0.1388
1377,118,1495,0.1388
1382,119,1501,0.1388
1375,116,1491,0.1388
1381,117,1498,0.1388
1372,120,1492,0.1388
1378,119,1497,0.1388
1379,120,1499,0.1388
1386,118,1504,0.1388
1373,116,1489,0.1388
1383,110,1493,0.1388
1393,113,1506,0.1388
1397,117,1514,0.1388
1391,115,1506,0.1388
1391,108,1499,0.1388
1379,108,1487,0.1388
1388,113,1501,0.1388
1386,110,1496,0.1388
1371,116,1487,0.1388
1364,122,1486,0.1388
1361,121,1482,0.1388
1357,117,1474,0.1388
1349,118,1467,0.1388
1363,121,1484,0.1388
1373,126,1499,0.1388
1367,131,1498,0.1388
1356,135,1491,0.1388
1362,135,1497,0.1388
1360,136,1496,0.1388
1353,137,1490,0.1388
1351,133,1484,0.1388
1357,135,1492,0.1388
1343,134,1477,0.1388
1348,130,1478,0.1388
1341,134,1475,0.1388
1358,136,1494,0.1388
1363,135,1498,0.1388
1358,131,1489,0.1388
1370,133,1503,0.1388
1375,132,1507,0.1388
1379,134,1513,0.1388
1373,136,1509,0.1388
1381,135,1516,0.1388
1373,132,1505,0.1388
1377,126,1503,0.1388
1383,126,1509,0.1388
1375,130,1505,0.1388
1371,136,1507,0.1388
1369,133,1502,0.1388
1384,135,1519,0.1388
1377,138,1515,0.1388
1371,139,1510,0.1388
1360,137,1497,0.1388
1360,140,1500,0.1388
1360,141,1501,0.1388
1353,144,1497,0.1388
1333,147,1480,0.1388
1334,148,1482,0.1388
1349,147,1496,0.1388
1351,142,1493,0.1388
1356,142,1498,0.1388
1361,143,1504,0.1388
1346,146,1492,0.1388
1345,146,1491,0.1388
1355,148,1503,0.1388
1354,144,1498,0.1388
1358,145,1503,0.1388
1353,144,1497,0.1388
1352,146,1498,0.1388
1367,147,1514,0.1388
1350,144,1494,0.1388
1356,145,1501,0.1388
1346,147,1493,0.1388
1344,145,1489,0.1388
1347,147,1494,0.1388
1352,151,1503,0.1388
1349,154,1503,0.1388
1333,154,1487,0.1388
1333,154,1487,0.1388
1322,157,1479,0.1388
1322,157,1479,0.1388
1333,155,1488,0.1388
1324,157,1481,0.1388
1326,154,1480,0.1388
1332,149,1481,0.1388
1348,150,1498,0.1388
1358,155,1513,0.1388
1342,153,1495,0.1388
1337,155,1492,0.1388
1324,160,1484,0.1388
1338,161,1499,0.1388
1329,161,1490,0.1388
1330,160,1490,0.1388
1333,158,1491,0.1388
1334,158,1492,0.1388
1342,159,1501,0.1388
1337,162,1499,0.1388
1326,163,1489,0.1388
1328,163,1491,0.1388
1325,162,1487,0.1388
1327,164,1491,0.1388
1325,164,1489,0.1388
1331,164,1495,0.1388
1317,164,1481,0.1388
1313,169,1482,0.1388
1318,173,1491,0.1388
1324,171,1495,0.1388
1338,173,1511,0.1388
1329,175,1504,0.1388
1324,179,1503,0.1388
1320,177,1497,0.1388
1328,177,1505,0.1388
1331,177,1508,0.1388
1320,171,1491,0.1388
1317,169,1486,0.1388
1312,175,1487,0.1388
1306,179,1485,0.1388
1291,187,1478,0.1388
1306,187,1493,0.1388
1294,187,1481,0.1388
1308,190,1498,0.1388
1309,183,1492,0.1388
1308,188,1496,0.1388
1304,190,1494,0.1388
1305,187,1492,0.1388
1295,187,1482,0.1388
1281,188,1469,0.1388
1283,189,1472,0.1388
1284,187,1471,0.1388
1294,192,1486,0.1388
1296,190,1486,0.1388
1295,196,1491,0.1388
1280,200,1480,0.1388
1276,198,1474,0.1388
1286,198,1484,0.1388
1289,196,1485,0.1388
1270,196,1466,0.1388
1273,194,1467,0.1388
1288,198,1486,0.1388
1285,199,1484,0.1388
1277,199,1476,0.1388
1296,203,1499,0.1388
1294,204,1498,0.1388
1285,201,1486,0.1388
1299,206,1505,0.1388
1304,208,1512,0.1388
1291,211,1502,0.1388
1289,210,1499,0.1388
1278,208,1486,0.1388
1270,211,1481,0.1388
1277,214,1491,0.1388
1273,213,1486,0.1388
1273,214,1487,0.1388
1286,219,1505,0.1388
1279,220,1499,0.1388
1274,217,1491,0.1388
1274,214,1488,0.1388
1275,219,1494,0.1388
1273,217,1490,0.1388
1275,221,1496,0.1388
1274,221,1495,0.1388
1277,218,1495,0.1388
1279,223,1502,0.1388
1270,221,1491,0.1388
1275,219,1494,0.1388
1269,218,1487,0.1388
1271,212,1483,0.1388
1269,217,1486,0.1388
1261,224,1485,0.1388
1261,217,1478,0.1388
1277,214,1491,0.1388
1281,216,1497,0.1388
1279,222,1501,0.1388
1279,226,1505,0.1388
1277,227,1504,0.1388
1269,227,1496,0.1388
1287,227,1514,0.1388
1271,227,1498,0.1388
1270,229,1499,0.1388
1254,231,1485,0.1388
1250,230,1480,0.1388
1243,233,1476,0.1388
1273,230,1503,0.1388
1275,228,1503,0.1388
1273,224,1497,0.1388
1284,226,1510,0.1388
1270,222,1492,0.1388
1261,223,1484,0.1388
1260,223,1483,0.1388
1259,229,1488,0.1388
1257,233,1490,0.1388
1258,236,1494,0.1388
1256,238,1494,0.1388
1252,235,1487,0.1388
1265,241,1506,0.1388
1257,245,1502,0.1388
1253,245,1498,0.1388
1252,239,1491,0.1388
1242,237,1479,0.1388
1235,242,1477,0.1388
1242,246,1488,0.1388
1253,244,1497,0.1388
1261,245,1506,0.1388
1257,249,1506,0.1388
1245,248,1493,0.1388
1248,248,1496,0.1388
1246,253,1499,0.1388
1245,254,1499,0.1388
1255,257,1512,0.1388
1249,256,1505,0.1388
1245,258,1503,0.1388
1239,262,1501,0.1388
1241,257,1498,0.1388
1243,254,1497,0.1388
1238,257,1495,0.1388
1243,263,1506,0.1388
1242,260,1502,0.1388
1250,259,1509,0.1388
1242,262,1504,0.1388
1243,257,1500,0.1388
1249,257,1506,0.1388
1248,257,1505,0.1388
1246,259,1505,0.1388
1251,260,1511,0.1388
1245,258,1503,0.1388
1234,257,1491,0.1388
1238,261,1499,0.1388
1234,265,1499,0.1388
1233,264,1497,0.1388
1229,262,1491,0.1388
1226,260,1486,0.1388
1225,263,1488,0.1388
1224,266,1490,0.1388
1223,264,1487,0.1388
1234,265,1499,0.1388
1232,267,1499,0.1388
1231,263,1494,0.1388
1226,260,1486,0.1388
1226,263,1489,0.1388
1234,268,1502,0.1388
1240,259,1499,0.1388
1228,264,1492,0.1388
1231,265,1496,0.1388
1235,277,1512,0.1388
1232,269,1501,0.1388
1229,273,1502,0.1388
1212,278,1490,0.1388
1207,280,1487,0.1388
1210,283,1493,0.1388
1214,282,1496,0.1388
1217,279,1496,0.1388
1217,281,1498,0.1388
1213,284,1497,0.1388
1208,283,1491,0.1388
1208,280,1488,0.1388
1211,285,1496,0.1388
1230,280,1510,0.1388
1224,282,1506,0.1388
1218,282,1500,0.1388
1213,278,1491,0.1388
1212,279,1491,0.1388
1214,283,1497,0.1388
1206,279,1485,0.1388
1209,286,1495,0.1388
1214,288,1502,0.1388
1218,296,1514,0.1388
1211,299,1510,0.1388
1191,300,1491,0.1388
1198,302,1500,0.1388
1193,306,1499,0.1388
1186,297,1483,0.1388
1199,300,1499,0.1388
1190,308,1498,0.1388
1186,307,1493,0.1388
1195,307,1502,0.1388
1195,308,1503,0.1388
1195,314,1509,0.1388
1189,313,1502,0.1388
1192,306,1498,0.1388
1192,302,1494,0.1388
1182,313,1495,0.1388
1178,312,1490,0.1388
1172,317,1489,0.1388
1183,320,1503,0.1388
1188,317,1505,0.1388
1187,319,1506,0.1388
1185,313,1498,0.1388
1186,313,1499,0.1388
1184,319,1503,0.1388
1182,324,1506,0.1388
1174,323,1497,0.1388
1175,322,1497,0.1388
1188,317,1505,0.1388
1177,320,1497,0.1388
1177,322,1499,0.1388
1172,320,1492,0.1388
1168,317,1485,0.1388
1162,325,1487,0.1388
1171,330,1501,0.1388
1167,337,1504,0.1388
1162,337,1499,0.1388
1159,341,1500,0.1388
1160,348,1508,0.1388
1174,345,1519,0.1388
1166,345,1511,0.1388
1172,343,1515,0.1388
1163,341,1504,0.1388
1146,345,1491,0.1388
1151,337,1488,0.1388
1143,344,1487,0.1388
1144,346,1490,0.1388
1147,342,1489,0.1388
1158,336,1494,0.1388
1155,339,1494,0.1388
1159,343,1502,0.1388
1152,342,1494,0.1388
1150,345,1495,0.1388
1153,352,1505,0.1388
1139,356,1495,0.1388
1139,363,1502,0.1388
1144,362,1506,0.1388
1138,362,1500,0.1388
1128,360,1488,0.1388
1107,364,1471,0.1388
1132,368,1500,0.1388
1133,365,1498,0.1388
1133,364,1497,0.1388
1131,359,1490,0.1388
1135,364,1499,0.1388
1130,370,1500,0.1388
1140,363,1503,0.1388
1141,364,1505,0.1388
1136,364,1500,0.1388
1141,367,1508,0.1388
1144,366,1510,0.1388
1149,363,1512,0.1388
1147,358,1505,0.1388
1148,358,1506,0.1388
1151,356,1507,0.1388
1150,356,1506,0.1388
1153,355,1508,0.1388
1136,362,1498,0.1388
1132,366,1498,0.1388
1125,372,1497,0.1388
1120,374,1494,0.1388
1122,373,1495,0.1388
1116,371,1487,0.1388
1117,368,1485,0.1388
1111,371,1482,0.1388
1115,377,1492,0.1388
1119,372,1491,0.1388
1121,375,1496,0.1388
1119,379,1498,0.1388
1125,377,1502,0.1388
1121,371,1492,0.1388
1122,375,1497,0.1388
1119,377,1496,0.1388
1121,380,1501,0.1388
1127,386,1513,0.1388
1137,383,1520,0.1388
1126,390,1516,0.1388
1112,386,1498,0.1388
1114,385,1499,0.1388
1120,384,1504,0.1388
1111,378,1489,0.1388
1111,380,1491,0.1388
1115,380,1495,0.1388
1107,382,1489,0.1388
1103,388,1491,0.1388
1117,391,1508,0.1388
1111,394,1505,0.1388
1113,393,1506,0.1388
1112,392,1504,0.1388
1105,386,1491,0.1388
1098,384,1482,0.1388
1115,384,1499,0.1388
1110,383,1493,0.1388
1116,387,1503,0.1388
1112,395,1507,0.1388
1112,396,1508,0.1388
1106,396,1502,0.1388
1114,400,1514,0.1388
1118,405,1523,0.1388
1111,403,1514,0.1388
1113,401,1514,0.1388
1109,396,1505,0.1388
1101,397,1498,0.1388
1103,398,1501,0.1388
1093,395,1488,0.1388
1076,405,1481,0.1388
1072,407,1479,0.1388
1071,402,1473,0.1388
1063,410,1473,0.1388
1075,418,1493,0.1388
1076,423,1499,0.1388
1078,432,1510,0.1388
1073,428,1501,0.1388
1071,423,1494,0.1388
1080,425,1505,0.1388
1085,426,1511,0.1388
1083,427,1510,0.1388
1078,427,1505,0.1388
1067,428,1495,0.1388
1055,425,1480,0.1388
1059,421,1480,0.1388
1051,424,1475,0.1388
1051,431,1482,0.1388
1048,437,1485,0.1388
1055,433,1488,0.1388
1051,443,1494,0.1388
1040,438,1478,0.1388
1050,440,1490,0.1388
1056,437,1493,0.1388
1070,439,1509,0.1388
1067,440,1507,0.1388
1047,444,1491,0.1388
1057,442,1499,0.1388
1059,443,1502,0.1388
1054,444,1498,0.1388
1052,444,1496,0.1388
1057,447,1504,0.1388
1053,455,1508,0.1388
1048,447,1495,0.1388
1050,447,1497,0.1388
1037,444,1481,0.1388
1048,448,1496,0.1388
1040,440,1480,0.1388
1064,446,1510,0.1388
1059,442,1501,0.1388
1062,439,1501,0.1388
1069,448,1517,0.1388
1067,441,1508,0.1388
1058,439,1497,0.1388
1063,442,1505,0.1388
1049,446,1495,0.1388
1044,443,1487,0.1388
1044,450,1494,0.1388
1044,449,1493,0.1388
1052,448,1500,0.1388
1057,448,1505,0.1388
1055,453,1508,0.1388
1056,449,1505,0.1388
1062,444,1506,0.1388
1062,446,1508,0.1388
1071,451,1522,0.1388
1075,456,1531,0.1388
1070,459,1529,0.1388
1055,455,1510,0.1388
1053,453,1506,0.1388
1054,447,1501,0.1388
1044,448,1492,0.1388
1048,454,1502,0.1388
1052,458,1510,0.1388
1039,459,1498,0.1388
1046,462,1508,0.1388
1036,458,1494,0.1388
1036,458,1494,0.1388
1043,458,1501,0.1388
1038,463,1501,0.1388
1036,448,1484,0.1388
1033,463,1496,0.1388
1026,466,1492,0.1388
1030,451,1481,0.1388
1031,455,1486,0.1388
1035,456,1491,0.1388
1031,458,1489,0.1388
1023,454,1477,0.1388
1021,454,1475,0.1388
1021,457,1478,0.1388
1020,461,1481,0.1388
1016,469,1485,0.1388
1016,471,1487,0.1388
1031,470,1501,0.1388
1017,470,1487,0.1388
1022,471,1493,0.1388
1019,476,1495,0.1388
1020,474,1494,0.1388
1026,477,1503,0.1388
1024,474,1498,0.1388
1028,477,1505,0.1388
1025,477,1502,0.1388
1028,475,1503,0.1388
1020,470,1490,0.1388
1007,474,1481,0.1388
994,479,1473,0.1388
998,482,1480,0.1388
990,483,1473,0.1388
981,490,1471,0.1388
999,498,1497,0.1388
1003,498,1501,0.1388
1001,495,1496,0.1388
1003,498,1501,0.1388
1003,506,1509,0.1388
1004,505,1509,0.1388
1008,501,1509,0.1388
1009,507,1516,0.1388
1011,502,1513,0.1388
1003,509,1512,0.1388
988,505,1493,0.1388
997,494,1491,0.1388
998,494,1492,0.1388
1004,489,1493,0.1388
1001,492,1493,0.1388
1005,497,1502,0.1388
1001,503,1504,0.1388
1003,500,1503,0.1388
999,502,1501,0.1388
995,510,1505,0.1388
995,507,1502,0.1388
986,517,1503,0.1388
975,517,1492,0.1388
984,513,1497,0.1388
992,515,1507,0.1388
992,514,1506,0.1388
997,515,1512,0.1388
990,510,1500,0.1388
982,512,1494,0.1388
993,506,1499,0.1388
990,507,1497,0.1388
994,510,1504,0.1388
997,508,1505,0.1388
994,508,1502,0.1388
1004,503,1507,0.1388
1002,502,1504,0.1388
1002,506,1508,0.1388
1007,504,1511,0.1388
1003,502,1505,0.1388
1002,505,1507,0.1388
994,501,1495,0.1388
991,510,1501,0.1388
995,509,1504,0.1388
982,510,1492,0.1388
978,514,1492,0.1388
982,511,1493,0.1388
978,508,1486,0.1388
986,526,1512,0.1388
982,523,1505,0.1388
990,525,1515,0.1388
980,521,1501,0.1388
973,521,1494,0.1388
976,519,1495,0.1388
992,519,1511,0.1388
991,518,1509,0.1388
987,525,1512,0.1388
972,521,1493,0.1388
963,527,1490,0.1388
967,534,1501,0.1388
965,532,1497,0.1388
963,530,1493,0.1388
970,530,1500,0.1388
969,537,1506,0.1388
957,535,1492,0.1388
961,535,1496,0.1388
963,544,1507,0.1388
963,548,1511,0.1388
952,542,1494,0.1388
961,541,1502,0.1388
960,539,1499,0.1388
946,538,1484,0.1388
966,544,1510,0.1388
955,533,1488,0.1388
962,538,1500,0.1388
969,535,1504,0.1388
972,531,1503,0.1388
965,531,1496,0.1388
962,535,1497,0.1388
973,533,1506,0.1388
977,535,1512,0.1388
979,526,1505,0.1388
973,519,1492,0.1388
964,522,1486,0.1388
966,535,1501,0.1388
972,540,1512,0.1388
979,536,1515,0.1388
980,536,1516,0.1388
975,534,1509,0.1388
971,534,1505,0.1388
965,539,1504,0.1388
969,530,1499,0.1388
971,527,1498,0.1388
971,526,1497,0.1388
966,535,1501,0.1388
960,540,1500,0.1388
964,537,1501,0.1388
968,536,1504,0.1388
970,529,1499,0.1388
962,516,1478,0.1388
970,519,1489,0.1388
976,510,1486,0.1388
975,514,1489,0.1388
965,518,1483,0.1388
961,519,1480,0.1388
959,527,1486,0.1388
953,536,1489,0.1388
959,536,1495,0.1388
945,547,1492,0.1388
944,556,1500,0.1388
946,572,1518,0.1388
950,569,1519,0.1388
953,570,1523,0.1388
940,565,1505,0.1388
945,555,1500,0.1388
935,563,1498,0.1388
941,568,1509,0.1388
943,562,1505,0.1388
941,565,1506,0.1388
936,563,1499,0.1388
942,563,1505,0.1388
948,572,1520,0.1388
940,561,1501,0.1388
934,572,1506,0.1388
927,576,1503,0.1388
925,574,1499,0.1388
923,591,1514,0.1388
929,589,1518,0.1388
921,588,1509,0.1388
922,587,1509,0.1388
919,594,1513,0.1388
917,594,1511,0.1388
916,593,1509,0.1388
916,594,1510,0.1388
917,596,1513,0.1388
902,602,1504,0.1388
904,605,1509,0.1388
900,609,1509,0.1388
901,607,1508,0.1388
911,596,1507,0.1388
902,595,1497,0.1388
908,601,1509,0.1388
917,603,1520,0.1388
912,599,1511,0.1388
906,594,1500,0.1388
901,598,1499,0.1388
894,601,1495,0.1388
888,590,1478,0.1388
899,596,1495,0.1388
900,591,1491,0.1388
895,599,1494,0.1388
896,607,1503,0.1388
888,616,1504,0.1388
890,615,1505,0.1388
893,613,1506,0.1388
882,612,1494,0.1388
888,615,1503,0.1388
875,614,1489,0.1388
880,613,1493,0.1388
880,608,1488,0.1388
879,618,1497,0.1388
884,618,1502,0.1388
879,617,1496,0.1388
875,622,1497,0.1388
883,630,1513,0.1388
877,636,1513,0.1388
872,638,1510,0.1388
867,638,1505,0.1388
860,639,1499,0.1388
862,636,1498,0.1388
872,633,1505,0.1388
867,638,1505,0.1388
864,641,1505,0.1388
864,645,1509,0.1388
874,645,1519,0.1388
869,649,1518,0.1388
866,645,1511,0.1388
862,645,1507,0.1388
853,634,1487,0.1388
850,637,1487,0.1388
849,636,1485,0.1388
852,636,1488,0.1388
856,641,1497,0.1388
860,638,1498,0.1388
861,655,1516,0.1388
861,650,1511,0.1388
863,649,1512,0.1388
852,655,1507,0.1388
858,637,1495,0.1388
858,640,1498,0.1388
861,645,1506,0.1388
859,647,1506,0.1388
862,645,1507,0.1388
849,637,1486,0.1388
862,637,1499,0.1388
862,641,1503,0.1388
858,640,1498,0.1388
858,643,1501,0.1388
862,644,1506,0.1388
864,641,1505,0.1388
858,641,1499,0.1388
859,643,1502,0.1388
856,653,1509,0.1388
851,646,1497,0.1388
856,643,1499,0.1388
847,647,1494,0.1388
843,652,1495,0.1388
850,650,1500,0.1388
845,650,1495,0.1388
842,656,1498,0.1388
854,652,1506,0.1388
857,659,1516,0.1388
862,667,1529,0.1388
843,659,1502,0.1388
838,657,1495,0.1388
838,656,1494,0.1388
835,652,1487,0.1388
839,656,1495,0.1388
831,660,1491,0.1388
835,658,1493,0.1388
827,653,1480,0.1388
830,656,1486,0.1388
833,668,1501,0.1388
848,658,1506,0.1388
846,668,1514,0.1388
840,659,1499,0.1388
848,671,1519,0.1388
844,667,1511,0.1388
849,664,1513,0.1388
849,665,1514,0.1388
841,667,1508,0.1388
827,674,1501,0.1388
832,668,1500,0.1388
830,677,1507,0.1388
834,676,1510,0.1388
816,674,1490,0.1388
812,673,1485,0.1388
820,680,1500,0.1388
815,685,1500,0.1388
824,680,1504,0.1388
825,684,1509,0.1388
823,695,1518,0.1388
822,700,1522,0.1388
820,702,1522,0.1388
814,691,1505,0.1388
817,685,1502,0.1388
820,680,1500,0.1388
810,681,1491,0.1388
808,682,1490,0.1388
811,682,1493,0.1388
816,687,1503,0.1388
817,685,1502,0.1388
820,683,1503,0.1388
829,686,1515,0.1388
825,698,1523,0.1388
828,697,1525,0.1388
828,698,1526,0.1388
832,687,1519,0.1388
831,688,1519,0.1388
826,681,1507,0.1388
837,679,1516,0.1388
836,671,1507,0.1388
826,675,1501,0.1388
827,683,1510,0.1388
817,682,1499,0.1388
819,684,1503,0.1388
811,697,1508,0.1388
812,705,1517,0.1388
809,704,1513,0.1388
797,692,1489,0.1388
795,695,1490,0.1388
798,698,1496,0.1388
791,712,1503,0.1388
794,713,1507,0.1388
799,713,1512,0.1388
798,717,1515,0.1388
793,715,1508,0.1388
795,716,1511,0.1388
796,716,1512,0.1388
790,722,1512,0.1388
791,720,1511,0.1388
791,718,1509,0.1388
774,729,1503,0.1388
775,732,1507,0.1388
778,737,1515,0.1388
781,737,1518,0.1388
774,739,1513,0.1388
774,733,1507,0.1388
775,732,1507,0.1388
787,735,1522,0.1388
785,729,1514,0.1388
781,729,1510,0.1388
771,726,1497,0.1388
769,721,1490,0.1388
781,725,1506,0.1388
779,730,1509,0.1388
782,716,1498,0.1388
778,716,1494,0.1388
773,716,1489,0.1388
770,716,1486,0.1388
765,706,1471,0.1388
774,713,1487,0.1388
778,712,1490,0.1388
775,711,1486,0.1388
774,715,1489,0.1388
779,717,1496,0.1388
773,717,1490,0.1388
771,725,1496,0.1388
767,736,1503,0.1388
768,737,1505,0.1388
762,735,1497,0.1388
765,725,1490,0.1388
763,733,1496,0.1388
770,735,1505,0.1388
774,734,1508,0.1388
776,730,1506,0.1388
777,731,1508,0.1388
769,739,1508,0.1388
765,735,1500,0.1388
769,731,1500,0.1388
776,724,1500,0.1388
781,718,1499,0.1388
775,722,1497,0.1388
779,726,1505,0.1388
783,733,1516,0.1388
778,739,1517,0.1388
771,746,1517,0.1388
769,735,1504,0.1388
769,736,1505,0.1388
764,745,1509,0.1388
761,744,1505,0.1388
748,755,1503,0.1388
754,751,1505,0.1388
748,755,1503,0.1388
749,757,1506,0.1388
756,754,1510,0.1388
746,756,1502,0.1388
746,756,1502,0.1388
746,742,1488,0.1388
747,738,1485,0.1388
753,746,1499,0.1388
750,749,1499,0.1388
747,748,1495,0.1388
746,750,1496,0.1388
752,750,1502,0.1388
752,747,1499,0.1388
755,747,1502,0.1388
757,743,1500,0.1388
756,748,1504,0.1388
756,756,1512,0.1388
754,754,1508,0.1388
745,756,1501,0.1388
748,759,1507,0.1388
743,751,1494,0.1388
749,757,1506,0.1388
764,741,1505,0.1388
758,746,1504,0.1388
762,743,1505,0.1388
760,756,1516,0.1388
751,759,1510,0.1388
744,750,1494,0.1388
752,752,1504,0.1388
750,762,1512,0.1388
753,759,1512,0.1388
749,760,1509,0.1388
748,753,1501,0.1388
741,765,1506,0.1388
743,759,1502,0.1388
752,759,1511,0.1388
754,763,1517,0.1388
748,758,1506,0.1388
747,762,1509,0.1388
750,757,1507,0.1388
746,767,1513,0.1388
751,765,1516,0.1388
749,767,1516,0.1388
756,763,1519,0.1388
750,759,1509,0.1388
748,761,1509,0.1388
746,768,1514,0.1388
739,766,1505,0.1388
741,758,1499,0.1388
745,753,1498,0.1388
743,758,1501,0.1388
742,759,1501,0.1388
740,765,1505,0.1388
738,761,1499,0.1388
738,763,1501,0.1388
740,762,1502,0.1388
745,753,1498,0.1388
744,751,1495,0.1388
748,758,1506,0.1388
746,763,1509,0.1388
742,766,1508,0.1388
744,765,1509,0.1388
748,759,1507,0.1388
748,764,1512,0.1388
750,767,1517,0.1388
746,769,1515,0.1388
744,764,1508,0.1388
735,770,1505,0.1388
737,769,1506,0.1388
738,771,1509,0.1388
739,772,1511,0.1388
727,775,1502,0.1388
726,775,1501,0.1388
727,785,1512,0.1388
726,788,1514,0.1388
730,780,1510,0.1388
726,782,1508,0.1388
722,789,1511,0.1388
724,782,1506,0.1388
715,793,1508,0.1388
708,787,1495,0.1388
715,789,1504,0.1388
718,789,1507,0.1388
719,790,1509,0.1388
722,792,1514,0.1388
712,789,1501,0.1388
719,793,1512,0.1388
709,786,1495,0.1388
714,788,1502,0.1388
717,785,1502,0.1388
711,779,1490,0.1388
709,785,1494,0.1388
716,789,1505,0.1388
719,802,1521,0.1388
717,794,1511,0.1388
717,800,1517,0.1388
711,799,1510,0.1388
711,804,1515,0.1388
702,807,1509,0.1388
703,806,1509,0.1388
701,806,1507,0.1388
696,816,1512,0.1388
699,809,1508,0.1388
706,808,1514,0.1388
700,809,1509,0.1388
696,816,1512,0.1388
698,816,1514,0.1388
698,827,1525,0.1388
697,823,1520,0.1388
697,813,1510,0.1388
696,802,1498,0.1388
697,811,1508,0.1388
695,813,1508,0.1388
690,807,1497,0.1388
693,809,1502,0.1388
689,814,1503,0.1388
692,822,1514,0.1388
697,825,1522,0.1388
701,821,1522,0.1388
699,819,1518,0.1388
692,812,1504,0.1388
693,821,1514,0.1388
695,836,1531,0.1388
697,830,1527,0.1388
693,827,1520,0.1388
686,830,1516,0.1388
691,821,1512,0.1388
685,825,1510,0.1388
677,825,1502,0.1388
667,820,1487,0.1388
673,819,1492,0.1388
676,825,1501,0.1388
678,827,1505,0.1388
674,829,1503,0.1388
683,833,1516,0.1388
685,833,1518,0.1388
677,831,1508,0.1388
666,837,1503,0.1388
668,826,1494,0.1388
671,821,1492,0.1388
677,827,1504,0.1388
685,830,1515,0.1388
688,837,1525,0.1388
675,839,1514,0.1388
677,839,1516,0.1388
676,844,1520,0.1388
677,841,1518,0.1388
690,841,1531,0.1388
680,831,1511,0.1388
669,839,1508,0.1388
669,835,1504,0.1388
675,837,1512,0.1388
665,841,1506,0.1388
665,847,1512,0.1388
659,853,1512,0.1388
655,858,1513,0.1388
650,857,1507,0.1388
643,854,1497,0.1388
634,851,1485,0.1388
633,855,1488,0.1388
639,865,1504,0.1388
633,865,1498,0.1388
634,866,1500,0.1388
623,867,1490,0.1388
626,865,1491,0.1388
631,859,1490,0.1388
631,856,1487,0.1388
623,861,1484,0.1388
628,871,1499,0.1388
630,862,1492,0.1388
628,861,1489,0.1388
636,869,1505,0.1388
634,869,1503,0.1388
630,875,1505,0.1388
616,870,1486,0.1388
608,868,1476,0.1388
614,872,1486,0.1388
605,863,1468,0.1388
621,862,1483,0.1388
625,864,1489,0.1388
623,867,1490,0.1388
620,873,1493,0.1388
622,873,1495,0.1388
615,876,1491,0.1388
622,887,1509,0.1388
619,881,1500,0.1388
619,878,1497,0.1388
622,890,1512,0.1388
622,890,1512,0.1388
614,879,1493,0.1388
631,870,1501,0.1388
629,874,1503,0.1388
622,884,1506,0.1388
610,878,1488,0.1388
614,882,1496,0.1388
610,877,1487,0.1388
610,874,1484,0.1388
598,884,1482,0.1388
604,894,1498,0.1388
602,894,1496,0.1388
601,892,1493,0.1388
612,903,1515,0.1388
613,907,1520,0.1388
608,897,1505,0.1388
606,900,1506,0.1388
602,894,1496,0.1388
609,896,1505,0.1388
607,901,1508,0.1388
612,897,1509,0.1388
611,904,1515,0.1388
597,906,1503,0.1388
596,907,1503,0.1388
598,924,1522,0.1388
593,925,1518,0.1388
590,916,1506,0.1388
585,910,1495,0.1388
581,903,1484,0.1388
586,918,1504,0.1388
587,906,1493,0.1388
579,905,1484,0.1388
582,920,1502,0.1388
581,921,1502,0.1388
584,916,1500,0.1388
588,909,1497,0.1388
593,901,1494,0.1388
597,909,1506,0.1388
591,916,1507,0.1388
592,916,1508,0.1388
593,915,1508,0.1388
587,925,1512,0.1388
583,916,1499,0.1388
581,929,1510,0.1388
586,927,1513,0.1388
587,935,1522,0.1388
583,930,1513,0.1388
592,934,1526,0.1388
589,927,1516,0.1388
579,924,1503,0.1388
578,920,1498,0.1388
565,908,1473,0.1388
551,927,1478,0.1388
554,934,1488,0.1388
564,937,1501,0.1388
561,952,1513,0.1388
567,956,1523,0.1388
561,955,1516,0.1388
554,951,1505,0.1388
545,957,1502,0.1388
546,963,1509,0.1388
541,962,1503,0.1388
548,957,1505,0.1388
559,941,1500,0.1388
552,950,1502,0.1388
545,952,1497,0.1388
556,948,1504,0.1388
558,951,1509,0.1388
555,949,1504,0.1388
546,967,1513,0.1388
549,971,1520,0.1388
539,972,1511,0.1388
543,967,1510,0.1388
543,976,1519,0.1388
543,977,1520,0.1388
539,972,1511,0.1388
539,962,1501,0.1388
537,954,1491,0.1388
539,963,1502,0.1388
542,967,1509,0.1388
541,982,1523,0.1388
545,974,1519,0.1388
550,973,1523,0.1388
548,964,1512,0.1388
546,967,1513,0.1388
542,973,1515,0.1388
542,969,1511,0.1388
536,968,1504,0.1388
537,975,1512,0.1388
541,980,1521,0.1388
548,971,1519,0.1388
553,970,1523,0.1388
550,975,1525,0.1388
552,971,1523,0.1388
544,964,1508,0.1388
540,961,1501,0.1388
543,955,1498,0.1388
547,951,1498,0.1388
546,957,1503,0.1388
545,959,1504,0.1388
550,951,1501,0.1388
546,953,1499,0.1388
541,962,1503,0.1388
550,968,1518,0.1388
547,971,1518,0.1388
547,971,1518,0.1388
548,963,1511,0.1388
554,958,1512,0.1388
561,964,1525,0.1388
561,966,1527,0.1388
553,959,1512,0.1388
544,959,1503,0.1388
546,956,1502,0.1388
540,973,1513,0.1388
538,981,1519,0.1388
540,970,1510,0.1388
536,970,1506,0.1388
536,971,1507,0.1388
526,965,1491,0.1388
522,965,1487,0.1388
529,958,1487,0.1388
518,961,1479,0.1388
523,967,1490,0.1388
531,973,1504,0.1388
528,960,1488,0.1388
530,962,1492,0.1388
530,959,1489,0.1388
533,975,1508,0.1388
533,981,1514,0.1388
532,978,1510,0.1388
530,977,1507,0.1388
539,973,1512,0.1388
535,970,1505,0.1388
538,973,1511,0.1388
538,970,1508,0.1388
538,962,1500,0.1388
542,965,1507,0.1388
540,974,1514,0.1388
534,980,1514,0.1388
526,982,1508,0.1388
524,981,1505,0.1388
529,975,1504,0.1388
524,975,1499,0.1388
523,981,1504,0.1388
519,980,1499,0.1388
521,978,1499,0.1388
512,983,1495,0.1388
514,980,1494,0.1388
509,975,1484,0.1388
513,979,1492,0.1388
516,984,1500,0.1388
509,986,1495,0.1388
513,983,1496,0.1388
520,982,1502,0.1388
518,991,1509,0.1388
509,999,1508,0.1388
505,1013,1518,0.1388
504,1010,1514,0.1388
504,1001,1505,0.1388
498,998,1496,0.1388
502,996,1498,0.1388
508,990,1498,0.1388
502,1002,1504,0.1388
505,1005,1510,0.1388
502,1007,1509,0.1388
502,1009,1511,0.1388
504,1015,1519,0.1388
501,1014,1515,0.1388
502,1009,1511,0.1388
500,1011,1511,0.1388
499,1019,1518,0.1388
498,1025,1523,0.1388
495,1025,1520,0.1388
495,1019,1514,0.1388
491,1026,1517,0.1388
491,1026,1517,0.1388
496,1028,1524,0.1388
495,1014,1509,0.1388
489,1031,1520,0.1388
483,1020,1503,0.1388
483,1027,1510,0.1388
483,1015,1498,0.1388
478,1034,1512,0.1388
481,1045,1526,0.1388
478,1041,1519,0.1388
479,1038,1517,0.1388
473,1014,1487,0.1388
473,1016,1489,0.1388
477,1019,1496,0.1388
478,1025,1503,0.1388
477,1018,1495,0.1388
479,1031,1510,0.1388
480,1036,1516,0.1388
481,1029,1510,0.1388
484,1034,1518,0.1388
476,1041,1517,0.1388
475,1043,1518,0.1388
468,1038,1506,0.1388
465,1048,1513,0.1388
470,1041,1511,0.1388
465,1039,1504,0.1388
469,1053,1522,0.1388
470,1048,1518,0.1388
470,1038,1508,0.1388
476,1035,1511,0.1388
473,1048,1521,0.1388
471,1039,1510,0.1388
463,1037,1500,0.1388
465,1029,1494,0.1388
469,1035,1504,0.1388
474,1036,1510,0.1388
478,1039,1517,0.1388
478,1042,1520,0.1388
471,1043,1514,0.1388
472,1043,1515,0.1388
467,1050,1517,0.1388
463,1047,1510,0.1388
468,1045,1513,0.1388
459,1037,1496,0.1388
464,1045,1509,0.1388
469,1051,1520,0.1388
466,1054,1520,0.1388
458,1060,1518,0.1388
463,1040,1503,0.1388
453,1040,1493,0.1388
455,1045,1500,0.1388
459,1042,1501,0.1388
458,1036,1494,0.1388
458,1042,1500,0.1388
460,1050,1510,0.1388
459,1049,1508,0.1388
460,1045,1505,0.1388
462,1052,1514,0.1388
461,1049,1510,0.1388
461,1053,1514,0.1388
466,1049,1515,0.1388
468,1040,1508,0.1388
469,1045,1514,0.1388
467,1043,1510,0.1388
466,1054,1520,0.1388
459,1050,1509,0.1388
455,1065,1520,0.1388
454,1070,1524,0.1388
447,1064,1511,0.1388
457,1056,1513,0.1388
454,1068,1522,0.1388
452,1066,1518,0.1388
445,1065,1510,0.1388
449,1064,1513,0.1388
450,1068,1518,0.1388
451,1062,1513,0.1388
446,1060,1506,0.1388
450,1070,1520,0.1388
446,1073,1519,0.1388
448,1076,1524,0.1388
445,1066,1511,0.1388
445,1067,1512,0.1388
436,1054,1490,0.1388
438,1051,1489,0.1388
435,1055,1490,0.1388
440,1064,1504,0.1388
442,1057,1499,0.1388
443,1065,1508,0.1388
441,1062,1503,0.1388
429,1066,1495,0.1388
431,1072,1503,0.1388
427,1076,1503,0.1388
430,1077,1507,0.1388
427,1081,1508,0.1388
416,1097,1513,0.1388
414,1097,1511,0.1388
410,1097,1507,0.1388
413,1099,1512,0.1388
407,1088,1495,0.1388
408,1099,1507,0.1388
409,1096,1505,0.1388
419,1098,1517,0.1388
427,1088,1515,0.1388
430,1091,1521,0.1388
427,1094,1521,0.1388
422,1088,1510,0.1388
424,1096,1520,0.1388
422,1093,1515,0.1388
419,1095,1514,0.1388
417,1085,1502,0.1388
416,1086,1502,0.1388
409,1081,1490,0.1388
397,1091,1488,0.1388
392,1098,1490,0.1388
395,1111,1506,0.1388
397,1115,1512,0.1388
396,1114,1510,0.1388
392,1125,1517,0.1388
392,1115,1507,0.1388
395,1120,1515,0.1388
407,1126,1533,0.1388
399,1113,1512,0.1388
397,1118,1515,0.1388
394,1108,1502,0.1388
397,1122,1519,0.1388
394,1115,1509,0.1388
386,1109,1495,0.1388
395,1114,1509,0.1388
398,1131,1529,0.1388
392,1119,1511,0.1388
385,1117,1502,0.1388
385,1107,1492,0.1388
382,1115,1497,0.1388
382,1128,1510,0.1388
379,1117,1496,0.1388
375,1123,1498,0.1388
376,1129,1505,0.1388
378,1113,1491,0.1388
375,1130,1505,0.1388
374,1136,1510,0.1388
372,1141,1513,0.1388
375,1142,1517,0.1388
364,1139,1503,0.1388
368,1137,1505,0.1388
370,1134,1504,0.1388
373,1135,1508,0.1388
367,1129,1496,0.1388
373,1122,1495,0.1388
374,1123,1497,0.1388
368,1124,1492,0.1388
372,1143,1515,0.1388
362,1142,1504,0.1388
365,1144,1509,0.1388
364,1144,1508,0.1388
361,1154,1515,0.1388
358,1134,1492,0.1388
356,1141,1497,0.1388
351,1146,1497,0.1388
354,1153,1507,0.1388
354,1161,1515,0.1388
351,1170,1521,0.1388
343,1164,1507,0.1388
343,1178,1521,0.1388
340,1172,1512,0.1388
341,1171,1512,0.1388
348,1158,1506,0.1388
345,1160,1505,0.1388
344,1156,1500,0.1388
347,1165,1512,0.1388
340,1176,1516,0.1388
342,1179,1521,0.1388
342,1174,1516,0.1388
341,1174,1515,0.1388
339,1172,1511,0.1388
337,1169,1506,0.1388
347,1171,1518,0.1388
340,1181,1521,0.1388
327,1168,1495,0.1388
323,1179,1502,0.1388
324,1168,1492,0.1388
326,1176,1502,0.1388
324,1178,1502,0.1388
330,1179,1509,0.1388
328,1179,1507,0.1388
323,1188,1511,0.1388
326,1191,1517,0.1388
332,1190,1522,0.1388
328,1183,1511,0.1388
334,1186,1520,0.1388
339,1177,1516,0.1388
336,1174,1510,0.1388
331,1180,1511,0.1388
332,1183,1515,0.1388
328,1177,1505,0.1388
325,1186,1511,0.1388
322,1176,1498,0.1388
316,1187,1503,0.1388
316,1194,1510,0.1388
323,1201,1524,0.1388
321,1200,1521,0.1388
329,1192,1521,0.1388
330,1196,1526,0.1388
321,1207,1528,0.1388
326,1188,1514,0.1388
324,1190,1514,0.1388
321,1191,1512,0.1388
316,1205,1521,0.1388
314,1193,1507,0.1388
316,1197,1513,0.1388
310,1196,1506,0.1388
308,1201,1509,0.1388
313,1197,1510,0.1388
311,1198,1509,0.1388
309,1193,1502,0.1388
309,1194,1503,0.1388
314,1194,1508,0.1388
315,1195,1510,0.1388
308,1178,1486,0.1388
301,1185,1486,0.1388
301,1200,1501,0.1388
306,1215,1521,0.1388
308,1205,1513,0.1388
305,1207,1512,0.1388
305,1204,1509,0.1388
306,1202,1508,0.1388
306,1202,1508,0.1388
305,1203,1508,0.1388
309,1206,1515,0.1388
309,1198,1507,0.1388
309,1206,1515,0.1388
304,1200,1504,0.1388
303,1210,1513,0.1388
297,1211,1508,0.1388
297,1207,1504,0.1388
297,1204,1501,0.1388
306,1208,1514,0.1388
313,1212,1525,0.1388
311,1205,1516,0.1388
311,1207,1518,0.1388
307,1214,1521,0.1388
305,1217,1522,0.1388
304,1210,1514,0.1388
296,1205,1501,0.1388
298,1211,1509,0.1388
296,1214,1510,0.1388
298,1213,1511,0.1388
300,1207,1507,0.1388
301,1212,1513,0.1388
306,1220,1526,0.1388
298,1213,1511,0.1388
298,1224,1522,0.1388
298,1220,1518,0.1388
294,1225,1519,0.1388
290,1213,1503,0.1388
293,1199,1492,0.1388
291,1206,1497,0.1388
291,1221,1512,0.1388
293,1216,1509,0.1388
297,1217,1514,0.1388
300,1210,1510,0.1388
293,1213,1506,0.1388
300,1225,1525,0.1388
299,1222,1521,0.1388
299,1213,1512,0.1388
298,1208,1506,0.1388
304,1201,1505,0.1388
298,1210,1508,0.1388
303,1199,1502,0.1388
297,1205,1502,0.1388
301,1216,1517,0.1388
304,1220,1524,0.1388
305,1223,1528,0.1388
302,1216,1518,0.1388
302,1203,1505,0.1388
300,1211,1511,0.1388
302,1217,1519,0.1388
309,1212,1521,0.1388
303,1203,1506,0.1388
297,1211,1508,0.1388
295,1202,1497,0.1388
295,1210,1505,0.1388
294,1200,1494,0.1388
303,1208,1511,0.1388
303,1218,1521,0.1388
301,1212,1513,0.1388
307,1212,1519,0.1388
302,1215,1517,0.1388
297,1213,1510,0.1388
301,1212,1513,0.1388
306,1189,1495,0.1388
302,1195,1497,0.1388
304,1201,1505,0.1388
303,1199,1502,0.1388
299,1206,1505,0.1388
299,1207,1506,0.1388
299,1195,1494,0.1388
301,1194,1495,0.1388
304,1195,1499,0.1388
299,1195,1494,0.1388
297,1205,1502,0.1388
300,1217,1517,0.1388
295,1207,1502,0.1388
295,1201,1496,0.1388
298,1193,1491,0.1388
297,1197,1494,0.1388
292,1203,1495,0.1388
290,1202,1492,0.1388
294,1197,1491,0.1388
295,1202,1497,0.1388
301,1197,1498,0.1388
303,1195,1498,0.1388
301,1197,1498,0.1388
301,1199,1500,0.1388
295,1200,1495,0.1388
290,1204,1494,0.1388
292,1204,1496,0.1388
295,1212,1507,0.1388
294,1215,1509,0.1388
291,1225,1516,0.1388
299,1222,1521,0.1388
294,1215,1509,0.1388
299,1223,1522,0.1388
299,1217,1516,0.1388
306,1211,1517,0.1388
305,1200,1505,0.1388
306,1216,1522,0.1388
300,1215,1515,0.1388
306,1208,1514,0.1388
306,1213,1519,0.1388
310,1214,1524,0.1388
304,1227,1531,0.1388
309,1223,1532,0.1388
303,1210,1513,0.1388
304,1209,1513,0.1388
304,1203,1507,0.1388
307,1214,1521,0.1388
307,1213,1520,0.1388
307,1197,1504,0.1388
313,1202,1515,0.1388
317,1201,1518,0.1388
312,1192,1504,0.1388
309,1195,1504,0.1388
314,1204,1518,0.1388
310,1205,1515,0.1388
306,1209,1515,0.1388
308,1211,1519,0.1388
306,1214,1520,0.1388
307,1211,1518,0.1388
303,1213,1516,0.1388
303,1215,1518,0.1388
302,1222,1524,0.1388
298,1216,1514,0.1388
296,1212,1508,0.1388
291,1212,1503,0.1388
296,1217,1513,0.1388
298,1217,1515,0.1388
299,1217,1516,0.1388
296,1226,1522,0.1388
291,1230,1521,0.1388
290,1219,1509,0.1388
288,1225,1513,0.1388
284,1223,1507,0.1388
285,1230,1515,0.1388
284,1232,1516,0.1388
279,1236,1515,0.1388
283,1227,1510,0.1388
282,1240,1522,0.1388
285,1236,1521,0.1388
280,1243,1523,0.1388
277,1242,1519,0.1388
271,1235,1506,0.1388
270,1246,1516,0.1388
270,1243,1513,0.1388
273,1238,1511,0.1388
273,1232,1505,0.1388
270,1243,1513,0.1388
264,1246,1510,0.1388
266,1244,1510,0.1388
261,1240,1501,0.1388
261,1251,1512,0.1388
257,1249,1506,0.1388
252,1247,1499,0.1388
263,1250,1513,0.1388
258,1255,1513,0.1388
259,1247,1506,0.1388
250,1253,1503,0.1388
246,1252,1498,0.1388
247,1250,1497,0.1388
250,1270,1520,0.1388
253,1258,1511,0.1388
247,1255,1502,0.1388
253,1251,1504,0.1388
249,1251,1500,0.1388
245,1258,1503,0.1388
247,1262,1509,0.1388
248,1259,1507,0.1388
246,1258,1504,0.1388
244,1257,1501,0.1388
242,1273,1515,0.1388
236,1285,1521,0.1388
236,1281,1517,0.1388
242,1278,1520,0.1388
243,1274,1517,0.1388
249,1275,1524,0.1388
248,1273,1521,0.1388
252,1282,1534,0.1388
247,1278,1525,0.1388
247,1278,1525,0.1388
247,1285,1532,0.1388
244,1279,1523,0.1388
241,1275,1516,0.1388
247,1268,1515,0.1388
251,1270,1521,0.1388
250,1262,1512,0.1388
251,1253,1504,0.1388
253,1259,1512,0.1388
258,1256,1514,0.1388
259,1257,1516,0.1388
259,1258,1517,0.1388
263,1254,1517,0.1388
264,1247,1511,0.1388
259,1244,1503,0.1388
252,1251,1503,0.1388
256,1264,1520,0.1388
253,1255,1508,0.1388
249,1257,1506,0.1388
252,1264,1516,0.1388
253,1265,1518,0.1388
251,1265,1516,0.1388
253,1264,1517,0.1388
250,1259,1509,0.1388
251,1254,1505,0.1388
252,1251,1503,0.1388
252,1255,1507,0.1388
247,1259,1506,0.1388
244,1257,1501,0.1388
247,1261,1508,0.1388
247,1265,1512,0.1388
244,1274,1518,0.1388
240,1279,1519,0.1388
247,1273,1520,0.1388
246,1265,1511,0.1388
240,1265,1505,0.1388
237,1260,1497,0.1388
236,1276,1512,0.1388
236,1278,1514,0.1388
236,1272,1508,0.1388
233,1282,1515,0.1388
231,1275,1506,0.1388
227,1283,1510,0.1388
228,1288,1516,0.1388
228,1278,1506,0.1388
226,1282,1508,0.1388
230,1285,1515,0.1388
230,1279,1509,0.1388
229,1290,1519,0.1388
226,1286,1512,0.1388
229,1282,1511,0.1388
231,1289,1520,0.1388
231,1289,1520,0.1388
226,1297,1523,0.1388
226,1286,1512,0.1388
225,1296,1521,0.1388
225,1305,1530,0.1388
234,1299,1533,0.1388
229,1309,1538,0.1388
227,1292,1519,0.1388
230,1290,1520,0.1388
222,1288,1510,0.1388
224,1293,1517,0.1388
224,1298,1522,0.1388
229,1294,1523,0.1388
227,1291,1518,0.1388
227,1284,1511,0.1388
229,1288,1517,0.1388
222,1286,1508,0.1388
221,1285,1506,0.1388
219,1288,1507,0.1388
221,1289,1510,0.1388
226,1298,1524,0.1388
222,1297,1519,0.1388
221,1299,1520,0.1388
220,1294,1514,0.1388
216,1303,1519,0.1388
218,1298,1516,0.1388
224,1299,1523,0.1388
224,1297,1521,0.1388
224,1291,1515,0.1388
223,1285,1508,0.1388
224,1291,1515,0.1388
217,1291,1508,0.1388
213,1303,1516,0.1388
214,1316,1530,0.1388
213,1310,1523,0.1388
210,1303,1513,0.1388
216,1300,1516,0.1388
215,1297,1512,0.1388
219,1300,1519,0.1388
221,1305,1526,0.1388
223,1296,1519,0.1388
221,1293,1514,0.1388
219,1297,1516,0.1388
223,1294,1517,0.1388
225,1291,1516,0.1388
225,1287,1512,0.1388
220,1294,1514,0.1388
212,1297,1509,0.1388
214,1306,1520,0.1388
213,1302,1515,0.1388
210,1303,1513,0.1388
214,1301,1515,0.1388
215,1302,1517,0.1388
214,1300,1514,0.1388
215,1308,1523,0.1388
216,1287,1503,0.1388
218,1283,1501,0.1388
214,1296,1510,0.1388
213,1294,1507,0.1388
212,1311,1523,0.1388
214,1316,1530,0.1388
216,1314,1530,0.1388
214,1311,1525,0.1388
213,1309,1522,0.1388
211,1308,1519,0.1388
211,1296,1507,0.1388
212,1308,1520,0.1388
211,1307,1518,0.1388
210,1292,1502,0.1388
203,1291,1494,0.1388
207,1297,1504,0.1388
211,1295,1506,0.1388
210,1298,1508,0.1388
209,1306,1515,0.1388
204,1318,1522,0.1388
207,1311,1518,0.1388
206,1308,1514,0.1388
212,1323,1535,0.1388
211,1320,1531,0.1388
209,1308,1517,0.1388
206,1321,1527,0.1388
206,1324,1530,0.1388
204,1298,1502,0.1388
206,1306,1512,0.1388
200,1305,1505,0.1388
197,1301,1498,0.1388
201,1316,1517,0.1388
199,1321,1520,0.1388
199,1325,1524,0.1388
192,1338,1530,0.1388
196,1324,1520,0.1388
194,1318,1512,0.1388
195,1330,1525,0.1388
194,1329,1523,0.1388
192,1331,1523,0.1388
190,1322,1512,0.1388
191,1332,1523,0.1388
189,1329,1518,0.1388
190,1317,1507,0.1388
191,1320,1511,0.1388
194,1304,1498,0.1388
190,1319,1509,0.1388
189,1323,1512,0.1388
193,1318,1511,0.1388
189,1334,1523,0.1388
188,1333,1521,0.1388
181,1332,1513,0.1388
178,1336,1514,0.1388
177,1338,1515,0.1388
181,1319,1500,0.1388
178,1330,1508,0.1388
171,1331,1502,0.1388
171,1337,1508,0.1388
170,1350,1520,0.1388
173,1348,1521,0.1388
174,1338,1512,0.1388
173,1342,1515,0.1388
171,1340,1511,0.1388
173,1327,1500,0.1388
175,1334,1509,0.1388
172,1341,1513,0.1388
167,1345,1512,0.1388
167,1357,1524,0.1388
163,1366,1529,0.1388
169,1352,1521,0.1388
168,1356,1524,0.1388
168,1353,1521,0.1388
169,1345,1514,0.1388
166,1345,1511,0.1388
164,1340,1504,0.1388
161,1359,1520,0.1388
160,1355,1515,0.1388
161,1338,1499,0.1388
160,1349,1509,0.1388
162,1353,1515,0.1388
160,1347,1507,0.1388
164,1347,1511,0.1388
168,1359,1527,0.1388
168,1355,1523,0.1388
166,1347,1513,0.1388
162,1358,1520,0.1388
153,1360,1513,0.1388
153,1364,1517,0.1388
158,1367,1525,0.1388
158,1368,1526,0.1388
156,1355,1511,0.1388
155,1363,1518,0.1388
154,1359,1513,0.1388
156,1368,1524,0.1388
152,1369,1521,0.1388
153,1364,1517,0.1388
153,1357,1510,0.1388
154,1359,1513,0.1388
151,1357,1508,0.1388
149,1378,1527,0.1388
148,1372,1520,0.1388
143,1369,1512,0.1388
145,1374,1519,0.1388
142,1389,1531,0.1388
140,1378,1518,0.1388
142,1365,1507,0.1388
140,1358,1498,0.1388
138,1365,1503,0.1388
137,1376,1513,0.1388
140,1368,1508,0.1388
141,1360,1501,0.1388
142,1362,1504,0.1388
139,1363,1502,0.1388
139,1365,1504,0.1388
137,1383,1520,0.1388
137,1366,1503,0.1388
139,1364,1503,0.1388
139,1364,1503,0.1388
134,1376,1510,0.1388
133,1372,1505,0.1388
133,1374,1507,0.1388
137,1391,1528,0.1388
135,1384,1519,0.1388
132,1386,1518,0.1388
132,1386,1518,0.1388
134,1395,1529,0.1388
132,1403,1535,0.1388
131,1395,1526,0.1388
125,1405,1530,0.1388
126,1392,1518,0.1388
125,1382,1507,0.1388
128,1392,1520,0.1388
127,1403,1530,0.1388
125,1395,1520,0.1388
122,1397,1519,0.1388
124,1389,1513,0.1388
126,1388,1514,0.1388
118,1378,1496,0.1388
121,1390,1511,0.1388
125,1387,1512,0.1388
121,1392,1513,0.1388
125,1400,1525,0.1388
124,1389,1513,0.1388
124,1379,1503,0.1388
125,1386,1511,0.1388
122,1388,1510,0.1388
121,1397,1518,0.1388
117,1393,1510,0.1388
117,1410,1527,0.1388
120,1404,1524,0.1388
117,1388,1505,0.1388
117,1395,1512,0.1388
115,1393,1508,0.1388
113,1410,1523,0.1388
111,1404,1515,0.1388
112,1407,1519,0.1388
113,1402,1515,0.1388
111,1407,1518,0.1388
109,1411,1520,0.1388
108,1404,1512,0.1388
105,1405,1510,0.1388
105,1409,1514,0.1388
103,1403,1506,0.1388
104,1404,1508,0.1388
100,1414,1514,0.1388
98,1418,1516,0.1388
97,1410,1507,0.1388
93,1406,1499,0.1388
93,1414,1507,0.1388
95,1418,1513,0.1388
97,1406,1503,0.1388
93,1408,1501,0.1388
88,1416,1504,0.1388
90,1414,1504,0.1388
97,1424,1521,0.1388
99,1418,1517,0.1388
99,1413,1512,0.1388
95,1423,1518,0.1388
91,1427,1518,0.1388
92,1431,1523,0.1388
91,1422,1513,0.1388
93,1432,1525,0.1388
94,1437,1531,0.1388
89,1431,1520,0.1388
87,1416,1503,0.1388
85,1419,1504,0.1388
83,1438,1521,0.1388
84,1435,1519,0.1388
80,1436,1516,0.1388
80,1426,1506,0.1388
81,1425,1506,0.1388
82,1433,1515,0.1388
83,1417,1500,0.1388
83,1434,1517,0.1388
82,1430,1512,0.1388
82,1428,1510,0.1388
80,1431,1511,0.1388
82,1427,1509,0.1388
81,1429,1510,0.1388
80,1432,1512,0.1388
83,1443,1526,0.1388
84,1435,1519,0.1388
83,1444,1527,0.1388
85,1440,1525,0.1388
85,1437,1522,0.1388
82,1444,1526,0.1388
78,1444,1522,0.1388
77,1440,1517,0.1388
77,1430,1507,0.1388
77,1448,1525,0.1388
78,1446,1524,0.1388
78,1432,1510,0.1388
77,1439,1516,0.1388
78,1436,1514,0.1388
79,1443,1522,0.1388
77,1444,1521,0.1388
78,1440,1518,0.1388
75,1437,1512,0.1388
76,1424,1500,0.1388
74,1436,1510,0.1388
76,1448,1524,0.1388
75,1441,1516,0.1388
75,1434,1509,0.1388
76,1439,1515,0.1388
78,1438,1516,0.1388
77,1444,1521,0.1388
75,1439,1514,0.1388
75,1445,1520,0.1388
77,1442,1519,0.1388
75,1433,1508,0.1388
75,1440,1515,0.1388
74,1440,1514,0.1388
72,1457,1529,0.1388
73,1453,1526,0.1388
73,1447,1520,0.1388
74,1437,1511,0.1388
72,1440,1512,0.1388
70,1446,1516,0.1388
69,1453,1522,0.1388
68,1448,1516,0.1388
68,1451,1519,0.1388
67,1440,1507,0.1388
64,1439,1503,0.1388
62,1455,1517,0.1388
64,1450,1514,0.1388
64,1446,1510,0.1388
63,1444,1507,0.1388
60,1448,1508,0.1388
60,1453,1513,0.1388
61,1454,1515,0.1388
62,1447,1509,0.1388
63,1446,1509,0.1388
61,1441,1502,0.1388
61,1453,1514,0.1388
61,1458,1519,0.1388
60,1458,1518,0.1388
58,1458,1516,0.1388
59,1457,1516,0.1388
61,1454,1515,0.1388
62,1450,1512,0.1388
64,1447,1511,0.1388
64,1454,1518,0.1388
60,1451,1511,0.1388
64,1446,1510,0.1388
65,1439,1504,0.1388
66,1449,1515,0.1388
67,1444,1511,0.1388
68,1451,1519,0.1388
67,1448,1515,0.1388
68,1441,1509,0.1388
67,1449,1516,0.1388
67,1451,1518,0.1388
64,1451,1515,0.1388
64,1461,1525,0.1388
63,1458,1521,0.1388
62,1452,1514,0.1388
62,1448,1510,0.1388
62,1447,1509,0.1388
66,1430,1496,0.1388
66,1446,1512,0.1388
65,1454,1519,0.1388
65,1456,1521,0.1388
65,1454,1519,0.1388
66,1451,1517,0.1388
66,1430,1496,0.1388
69,1441,1510,0.1388
71,1438,1509,0.1388
73,1424,1497,0.1388
71,1430,1501,0.1388
68,1441,1509,0.1388
67,1443,1510,0.1388
68,1467,1535,0.1388
67,1441,1508,0.1388
68,1446,1514,0.1388
68,1447,1515,0.1388
69,1436,1505,0.1388
67,1429,1496,0.1388
65,1430,1495,0.1388
62,1435,1497,0.1388
61,1440,1501,0.1388
63,1428,1491,0.1388
64,1444,1508,0.1388
63,1435,1498,0.1388
60,1435,1495,0.1388
58,1445,1503,0.1388
59,1444,1503,0.1388
57,1454,1511,0.1388
57,1451,1508,0.1388
56,1453,1509,0.1388
55,1447,1502,0.1388
55,1442,1497,0.1388
55,1456,1511,0.1388
53,1450,1503,0.1388
58,1457,1515,0.1388
56,1455,1511,0.1388
58,1453,1511,0.1388
60,1459,1519,0.1388
60,1474,1534,0.1388
60,1464,1524,0.1388
60,1467,1527,0.1388
61,1451,1512,0.1388
60,1453,1513,0.1388
59,1468,1527,0.1388
58,1468,1526,0.1388
58,1457,1515,0.1388
58,1454,1512,0.1388
56,1456,1512,0.1388
54,1445,1499,0.1388
54,1458,1512,0.1388
54,1458,1512,0.1388
55,1451,1506,0.1388
57,1459,1516,0.1388
57,1461,1518,0.1388
59,1465,1524,0.1388
57,1461,1518,0.1388
57,1441,1498,0.1388
58,1441,1499,0.1388
56,1447,1503,0.1388
57,1449,1506,0.1388
55,1453,1508,0.1388
56,1452,1508,0.1388
56,1453,1509,0.1388
57,1448,1505,0.1388
61,1452,1513,0.1388
61,1450,1511,0.1388
62,1454,1516,0.1388
62,1461,1523,0.1388
62,1461,1523,0.1388
64,1466,1530,0.1388
61,1460,1521,0.1388
61,1457,1518,0.1388
58,1465,1523,0.1388
59,1455,1514,0.1388
60,1459,1519,0.1388
60,1463,1523,0.1388
58,1445,1503,0.1388
60,1459,1519,0.1388
59,1449,1508,0.1388
58,1449,1507,0.1388
57,1462,1519,0.1388
56,1456,1512,0.1388
54,1463,1517,0.1388
55,1464,1519,0.1388
54,1476,1530,0.1388
53,1458,1511,0.1388
52,1471,1523,0.1388
52,1456,1508,0.1388
55,1457,1512,0.1388
56,1448,1504,0.1388
57,1447,1504,0.1388
56,1436,1492,0.1388
56,1451,1507,0.1388
58,1441,1499,0.1388
60,1458,1518,0.1388
60,1461,1521,0.1388
60,1466,1526,0.1388
62,1444,1506,0.1388
62,1452,1514,0.1388
61,1458,1519,0.1388
58,1460,1518,0.1388
58,1461,1519,0.1388
55,1463,1518,0.1388
54,1465,1519,0.1388
58,1460,1518,0.1388
60,1463,1523,0.1388
60,1455,1515,0.1388
61,1454,1515,0.1388
58,1455,1513,0.1388
59,1448,1507,0.1388
60,1448,1508,0.1388
60,1453,1513,0.1388
61,1445,1506,0.1388
57,1451,1508,0.1388
55,1453,1508,0.1388
57,1452,1509,0.1388
58,1455,1513,0.1388
55,1462,1517,0.1388
57,1471,1528,0.1388
55,1470,1525,0.1388
55,1463,1518,0.1388
55,1462,1517,0.1388
56,1456,1512,0.1388
53,1445,1498,0.1388
51,1454,1505,0.1388
52,1459,1511,0.1388
51,1468,1519,0.1388
51,1466,1517,0.1388
52,1472,1524,0.1388
55,1467,1522,0.1388
52,1467,1519,0.1388
48,1465,1513,0.1388
49,1457,1506,0.1388
47,1461,1508,0.1388
51,1470,1521,0.1388
47,1465,1512,0.1388
48,1467,1515,0.1388
47,1470,1517,0.1388
47,1471,1518,0.1388
47,1487,1534,0.1388
46,1476,1522,0.1388
43,1486,1529,0.1388
44,1476,1520,0.1388
47,1467,1514,0.1388
46,1472,1518,0.1388
47,1474,1521,0.1388
46,1453,1499,0.1388
45,1468,1513,0.1388
45,1466,1511,0.1388
45,1448,1493,0.1388
43,1456,1499,0.1388
44,1458,1502,0.1388
41,1462,1503,0.1388
42,1463,1505,0.1388
40,1461,1501,0.1388
40,1471,1511,0.1388
40,1483,1523,0.1388
41,1476,1517,0.1388
42,1479,1521,0.1388
42,1480,1522,0.1388
39,1478,1517,0.1388
38,1470,1508,0.1388
37,1471,1508,0.1388
38,1474,1512,0.1388
38,1485,1523,0.1388
40,1478,1518,0.1388
38,1464,1502,0.1388
37,1469,1506,0.1388
36,1478,1514,0.1388
36,1473,1509,0.1388
36,1483,1519,0.1388
38,1469,1507,0.1388
40,1466,1506,0.1388
41,1473,1514,0.1388
43,1475,1518,0.1388
43,1490,1533,0.1388
42,1499,1541,0.1388
40,1485,1525,0.1388
40,1481,1521,0.1388
40,1476,1516,0.1388
38,1478,1516,0.1388
38,1467,1505,0.1388
37,1476,1513,0.1388
38,1486,1524,0.1388
39,1479,1518,0.1388
38,1475,1513,0.1388
37,1480,1517,0.1388
37,1478,1515,0.1388
38,1479,1517,0.1388
38,1481,1519,0.1388
37,1492,1529,0.1388
37,1489,1526,0.1388
37,1483,1520,0.1388
37,1470,1507,0.1388
32,1482,1514,0.1388
34,1479,1513,0.1388
35,1472,1507,0.1388
35,1474,1509,0.1388
36,1491,1527,0.1388
33,1480,1513,0.1388
35,1474,1509,0.1388
36,1465,1501,0.1388
36,1454,1490,0.1388
35,1444,1479,0.1388
35,1472,1507,0.1388
34,1477,1511,0.1388
35,1465,1500,0.1388
36,1482,1518,0.1388
37,1468,1505,0.1388
37,1479,1516,0.1388
36,1489,1525,0.1388
35,1497,1532,0.1388
34,1480,1514,0.1388
36,1483,1519,0.1388
36,1478,1514,0.1388
35,1478,1513,0.1388
36,1486,1522,0.1388
33,1477,1510,0.1388
33,1486,1519,0.1388
34,1498,1532,0.1388
32,1489,1521,0.1388
35,1494,1529,0.1388
32,1484,1516,0.1388
32,1478,1510,0.1388
33,1488,1521,0.1388
32,1490,1522,0.1388
33,1496,1529,0.1388
32,1494,1526,0.1388
31,1491,1522,0.1388
29,1490,1519,0.1388
28,1497,1525,0.1388
28,1493,1521,0.1388
28,1501,1529,0.1388
29,1488,1517,0.1388
29,1494,1523,0.1388
27,1482,1509,0.1388
27,1483,1510,0.1388
27,1478,1505,0.1388
27,1486,1513,0.1388
25,1486,1511,0.1388
25,1487,1512,0.1388
26,1482,1508,0.1388
26,1482,1508,0.1388
26,1500,1526,0.1388
27,1491,1518,0.1388
27,1495,1522,0.1388
26,1488,1514,0.1388
24,1493,1517,0.1388
24,1500,1524,0.1388
25,1506,1531,0.1388
24,1514,1538,0.1388
24,1496,1520,0.1388
25,1488,1513,0.1388
27,1485,1512,0.1388
27,1493,1520,0.1388
28,1486,1514,0.1388
27,1489,1516,0.1388
28,1479,1507,0.1388
28,1489,1517,0.1388
29,1486,1515,0.1388
29,1473,1502,0.1388
29,1480,1509,0.1388
28,1487,1515,0.1388
29,1496,1525,0.1388
29,1490,1519,0.1388
28,1487,1515,0.1388
29,1480,1509,0.1388
29,1465,1494,0.1388
29,1475,1504,0.1388
29,1488,1517,0.1388
31,1480,1511,0.1388
31,1474,1505,0.1388
32,1475,1507,0.1388
33,1470,1503,0.1388
34,1476,1510,0.1388
33,1486,1519,0.1388
33,1498,1531,0.1388
34,1485,1519,0.1388
34,1492,1526,0.1388
33,1490,1523,0.1388
29,1493,1522,0.1388
28,1496,1524,0.1388
28,1492,1520,0.1388
29,1488,1517,0.1388
30,1496,1526,0.1388
29,1494,1523,0.1388
29,1491,1520,0.1388
30,1499,1529,0.1388
29,1494,1523,0.1388
28,1481,1509,0.1388
27,1470,1497,0.1388
26,1471,1497,0.1388
27,1480,1507,0.1388
28,1495,1523,0.1388
28,1486,1514,0.1388
28,1491,1519,0.1388
27,1496,1523,0.1388
26,1487,1513,0.1388
27,1488,1515,0.1388
26,1487,1513,0.1388
26,1490,1516,0.1388
25,1492,1517,0.1388
24,1493,1517,0.1388
24,1492,1516,0.1388
24,1486,1510,0.1388
24,1482,1506,0.1388
22,1496,1518,0.1388
21,1506,1527,0.1388
21,1505,1526,0.1388
21,1504,1525,0.1388
19,1495,1514,0.1388
19,1507,1526,0.1388
19,1498,1517,0.1388
16,1485,1501,0.1388
15,1495,1510,0.1388
16,1493,1509,0.1388
16,1498,1514,0.1388
18,1496,1514,0.1388
19,1495,1514,0.1388
20,1502,1522,0.1388
19,1504,1523,0.1388
19,1490,1509,0.1388
19,1489,1508,0.1388
17,1492,1509,0.1388
18,1512,1530,0.1388
19,1509,1528,0.1388
19,1503,1522,0.1388
21,1500,1521,0.1388
21,1497,1518,0.1388
21,1506,1527,0.1388
21,1521,1542,0.1388
21,1518,1539,0.1388
18,1512,1530,0.1388
17,1506,1523,0.1388
18,1509,1527,0.1388
18,1510,1528,0.1388
19,1505,1524,0.1388
18,1502,1520,0.1388
17,1492,1509,0.1388
18,1490,1508,0.1388
18,1481,1499,0.1388
17,1483,1500,0.1388
16,1473,1489,0.1388
16,1484,1500,0.1388
16,1487,1503,0.1388
17,1509,1526,0.1388
16,1510,1526,0.1388
17,1500,1517,0.1388
16,1504,1520,0.1388
15,1493,1508,0.1388
16,1497,1513,0.1388
17,1491,1508,0.1388
18,1495,1513,0.1388
19,1505,1524,0.1388
19,1503,1522,0.1388
19,1491,1510,0.1388
19,1493,1512,0.1388
19,1493,1512,0.1388
20,1491,1511,0.1388
20,1507,1527,0.1388
20,1500,1520,0.1388
19,1503,1522,0.1388
20,1495,1515,0.1388
20,1497,1517,0.1388
21,1493,1514,0.1388
21,1494,1515,0.1388
20,1489,1509,0.1388
20,1483,1503,0.1388
20,1495,1515,0.1388
19,1498,1517,0.1388
21,1495,1516,0.1388
21,1495,1516,0.1388
19,1492,1511,0.1388
19,1499,1518,0.1388
19,1504,1523,0.1388
20,1500,1520,0.1388
21,1491,1512,0.1388
21,1492,1513,0.1388
19,1496,1515,0.1388
20,1490,1510,0.1388
20,1511,1531,0.1388
19,1505,1524,0.1388
22,1501,1523,0.1388
21,1506,1527,0.1388
21,1498,1519,0.1388
19,1494,1513,0.1388
19,1494,1513,0.1388
18,1498,1516,0.1388
18,1500,1518,0.1388
16,1510,1526,0.1388
16,1503,1519,0.1388
18,1496,1514,0.1388
18,1498,1516,0.1388
18,1495,1513,0.1388
18,1496,1514,0.1388
17,1494,1511,0.1388
17,1503,1520,0.1388
16,1497,1513,0.1388
16,1504,1520,0.1388
15,1496,1511,0.1388
16,1493,1509,0.1388
16,1507,1523,0.1388
16,1493,1509,0.1388
15,1507,1522,0.1388
15,1500,1515,0.1388
15,1510,1525,0.1388
15,1517,1532,0.1388
15,1511,1526,0.1388
16,1515,1531,0.1388
16,1512,1528,0.1388
15,1514,1529,0.1388
14,1506,1520,0.1388
13,1502,1515,0.1388
13,1499,1512,0.1388
13,1502,1515,0.1388
13,1506,1519,0.1388
13,1500,1513,0.1388
13,1498,1511,0.1388
13,1496,1509,0.1388
14,1496,1510,0.1388
14,1491,1505,0.1388
13,1502,1515,0.1388
13,1495,1508,0.1388
12,1497,1509,0.1388
12,1508,1520,0.1388
12,1496,1508,0.1388
12,1502,1514,0.1388
12,1517,1529,0.1388
12,1523,1535,0.1388
12,1510,1522,0.1388
12,1504,1516,0.1388
12,1511,1523,0.1388
12,1501,1513,0.1388
12,1505,1517,0.1388
12,1503,1515,0.1388
12,1504,1516,0.1388
12,1508,1520,0.1388
11,1511,1522,0.1388
10,1514,1524,0.1388
9,1504,1513,0.1388
10,1507,1517,0.1388
10,1508,1518,0.1388
10,1511,1521,0.1388
10,1513,1523,0.1388
10,1510,1520,0.1388
10,1514,1524,0.1388
10,1506,1516,0.1388
10,1501,1511,0.1388
10,1494,1504,0.1388
10,1504,1514,0.1388
10,1503,1513,0.1388
10,1509,1519,0.1388
9,1505,1514,0.1388
8,1499,1507,0.1388
8,1503,1511,0.1388
8,1503,1511,0.1388
8,1501,1509,0.1388
9,1497,1506,0.1388
8,1508,1516,0.1388
7,1515,1522,0.1388
6,1500,1506,0.1388
6,1497,1503,0.1388
6,1502,1508,0.1388
6,1501,1507,0.1388
6,1504,1510,0.1388
6,1509,1515,0.1388
6,1510,1516,0.1388
6,1522,1528,0.1388
5,1517,1522,0.1388
8,1511,1519,0.1388
8,1503,1511,0.1388
7,1496,1503,0.1388
8,1512,1520,0.1388
7,1515,1522,0.1388
6,1518,1524,0.1388
7,1520,1527,0.1388
7,1525,1532,0.1388
7,1524,1531,0.1388
7,1511,1518,0.1388
7,1507,1514,0.1388
8,1502,1510,0.1388
9,1511,1520,0.1388
9,1509,1518,0.1388
9,1522,1531,0.1388
9,1514,1523,0.1388
10,1508,1518,0.1388
10,1508,1518,0.1388
11,1505,1516,0.1388
11,1509,1520,0.1388
11,1508,1519,0.1388
11,1513,1524,0.1388
11,1502,1513,0.1388
10,1509,1519,0.1388
10,1514,1524,0.1388
10,1514,1524,0.1388
10,1507,1517,0.1388
11,1503,1514,0.1388
11,1500,1511,0.1388
10,1507,1517,0.1388
9,1506,1515,0.1388
8,1500,1508,0.1388
8,1509,1517,0.1388
8,1503,1511,0.1388
8,1513,1521,0.1388
8,1514,1522,0.1388
7,1501,1508,0.1388
8,1513,1521,0.1388
8,1515,1523,0.1388
8,1504,1512,0.1388
8,1499,1507,0.1388
8,1479,1487,0.1388
8,1494,1502,0.1388
8,1503,1511,0.1388
8,1509,1517,0.1388
8,1506,1514,0.1388
8,1500,1508,0.1388
7,1503,1510,0.1388
6,1503,1509,0.1388
6,1515,1521,0.1388
6,1517,1523,0.1388
5,1516,1521,0.1388
5,1516,1521,0.1388
5,1526,1531,0.1388
5,1529,1534,0.1388
5,1527,1532,0.1388
6,1519,1525,0.1388
6,1510,1516,0.1388
6,1513,1519,0.1388
5,1521,1526,0.1388
5,1516,1521,0.1388
5,1506,1511,0.1388
6,1516,1522,0.1388
6,1521,1527,0.1388
6,1531,1537,0.1388
6,1528,1534,0.1388
6,1532,1538,0.1388
6,1526,1532,0.1388
6,1521,1527,0.1388
6,1519,1525,0.1388
6,1501,1507,0.1388
6,1506,1512,0.1388
6,1512,1518,0.1388
5,1523,1528,0.1388
5,1514,1519,0.1388
5,1516,1521,0.1388
4,1521,1525,0.1388
4,1525,1529,0.1388
4,1518,1522,0.1388
4,1521,1525,0.1388
4,1520,1524,0.1388
4,1513,1517,0.1388
3,1520,1523,0.1388
3,1521,1524,0.1388
3,1508,1511,0.1388
3,1508,1511,0.1388
3,1513,1516,0.1388
3,1513,1516,0.1388
3,1500,1503,0.1388
3,1508,1511,0.1388
3,1497,1500,0.1388
3,1511,1514,0.1388
3,1510,1513,0.1388
3,1504,1507,0.1388
2,1515,1517,0.1388
2,1511,1513,0.1388
2,1509,1511,0.1388
2,1509,1511,0.1388
2,1508,1510,0.1388
2,1502,1504,0.1388
2,1508,1510,0.1388
2,1513,1515,0.1388
2,1512,1514,0.1388
2,1513,1515,0.1388
2,1520,1522,0.1388
2,1504,1506,0.1388
2,1506,1508,0.1388
2,1500,1502,0.1388
2,1501,1503,0.1388
2,1506,1508,0.1388
2,1505,1507,0.1388
2,1512,1514,0.1388
2,1512,1514,0.1388
2,1507,1509,0.1388
2,1514,1516,0.1388
1,1500,1501,0.1388
1,1497,1498,0.1388
1,1506,1507,0.1388
1,1513,1514,0.1388
1,1504,1505,0.1388
1,1521,1522,0.1388
3,1511,1514,0.1388
3,1507,1510,0.1388
3,1515,1518,0.1388
3,1504,1507,0.1388
3,1509,1512,0.1388
3,1520,1523,0.1388
3,1526,1529,0.1388
3,1518,1521,0.1388
3,1514,1517,0.1388
4,1522,1526,0.1388
4,1514,1518,0.1388
5,1505,1510,0.1388
5,1510,1515,0.1388
5,1510,1515,0.1388
5,1505,1510,0.1388
5,1523,1528,0.1388
5,1529,1534,0.1388
5,1522,1527,0.1388
5,1512,1517,0.1388
5,1510,1515,0.1388
5,1518,1523,0.1388
5,1505,1510,0.1388
5,1505,1510,0.1388
5,1501,1506,0.1388
5,1518,1523,0.1388
5,1529,1534,0.1388
5,1521,1526,0.1388
4,1523,1527,0.1388
4,1515,1519,0.1388
4,1517,1521,0.1388
4,1513,1517,0.1388
4,1508,1512,0.1388
4,1509,1513,0.1388
4,1515,1519,0.1388
4,1513,1517,0.1388
4,1515,1519,0.1388
5,1503,1508,0.1388
4,1505,1509,0.1388
4,1504,1508,0.1388
4,1501,1505,0.1388
4,1514,1518,0.1388
4,1521,1525,0.1388
4,1524,1528,0.1388
4,1530,1534,0.1388
4,1529,1533,0.1388
4,1533,1537,0.1388
4,1516,1520,0.1388
4,1510,1514,0.1388
4,1507,1511,0.1388
2,1507,1509,0.1388
2,1500,1502,0.1388
2,1509,1511,0.1388
2,1514,1516,0.1388
2,1499,1501,0.1388
2,1500,1502,0.1388
3,1509,1512,0.1388
3,1509,1512,0.1388
3,1509,1512,0.1388
3,1510,1513,0.1388
2,1509,1511,0.1388
2,1508,1510,0.1388
2,1513,1515,0.1388
2,1508,1510,0.1388
2,1515,1517,0.1388
2,1507,1509,0.1388
1,1497,1498,0.1388
1,1488,1489,0.1388
1,1509,1510,0.1388
1,1505,1506,0.1388
1,1518,1519,0.1388
1,1518,1519,0.1388
1,1520,1521,0.1388
1,1520,1521,0.1388
1,1506,1507,0.1388
1,1509,1510,0.1388
0,1521,1521,0.1388
