1363,32,1395,0.1388
1411,31,1442,0.1388
1412,31,1443,0.1388
1435,29,1464,0.1388
1450,29,1479,0.1388
1460,31,1491,0.1388
1463,29,1492,0.1388
1469,30,1499,0.1388
1460,28,1488,0.1388
1462,29,1491,0.1388
1473,30,1503,0.1388
1471,32,1503,0.1388
1477,31,1508,0.1388
1477,32,1509,0.1388
1473,31,1504,0.1388
1468,32,1500,0.1388
1474,32,1506,0.1388
1463,33,1496,0.1388
1449,33,1482,0.1388
1453,34,1487,0.1388
1457,36,1493,0.1388
1452,37,1489,0.1388
1452,38,1490,0.1388
1453,38,1491,0.1388
1457,38,1495,0.1388
1458,36,1494,0.1388
1459,36,1495,0.1388
1456,37,1493,0.1388
1464,37,1501,0.1388
1444,37,1481,0.1388
1436,37,1473,0.1388
1434,36,1470,0.1388
1435,35,1470,0.1388
1421,41,1462,0.1388
1421,43,1464,0.1388
1426,40,1466,0.1388
1444,40,1484,0.1388
1437,44,1481,0.1388
1447,46,1493,0.1388
1447,46,1493,0.1388
1452,47,1499,0.1388
1450,48,1498,0.1388
1450,49,1499,0.1388
1442,50,1492,0.1388
1445,50,1495,0.1388
1441,47,1488,0.1388
1445,47,1492,0.1388
1447,47,1494,0.1388
1445,47,1492,0.1388
1442,47,1489,0.1388
1431,44,1475,0.1388
1452,44,1496,0.1388
1443,43,1486,0.1388
1443,43,1486,0.1388
1448,43,1491,0.1388
1439,41,1480,0.1388
1438,44,1482,0.1388
1452,43,1495,0.1388
1437,49,1486,0.1388
1441,50,1491,0.1388
1446,50,1496,0.1388
1455,50,1505,0.1388
1438,49,1487,0.1388
1454,48,1502,0.1388
1450,48,1498,0.1388
1444,48,1492,0.1388
1444,49,1493,0.1388
1443,47,1490,0.1388
1438,49,1487,0.1388
1436,55,1491,0.1388
1448,57,1505,0.1388
1451,58,1509,0.1388
1461,60,1521,0.1388
1456,59,1515,0.1388
1452,59,1511,0.1388
1445,58,1503,0.1388
1459,56,1515,0.1388
1466,57,1523,0.1388
1460,57,1517,0.1388
1452,57,1509,0.1388
1456,59,1515,0.1388
1447,60,1507,0.1388
1430,61,1491,0.1388
1442,59,1501,0.1388
1442,59,1501,0.1388
1442,61,1503,0.1388
1457,60,1517,0.1388
1453,61,1514,0.1388
1435,65,1500,0.1388
1442,66,1508,0.1388
1425,61,1486,0.1388
1427,63,1490,0.1388
1439,63,1502,0.1388
1452,62,1514,0.1388
1448,60,1508,0.1388
1448,55,1503,0.1388
1445,55,1500,0.1388
1450,54,1504,0.1388
1436,55,1491,0.1388
1433,56,1489,0.1388
1431,58,1489,0.1388
1427,61,1488,0.1388
1423,62,1485,0.1388
1414,61,1475,0.1388
1414,62,1476,0.1388
1422,63,1485,0.1388
1415,63,1478,0.1388
1422,60,1482,0.1388
1423,62,1485,0.1388
1420,61,1481,0.1388
1421,62,1483,0.1388
1411,63,1474,0.1388
1400,65,1465,0.1388
1405,66,1471,0.1388
1400,60,1460,0.1388
1407,60,1467,0.1388
1414,60,1474,0.1388
1423,62,1485,0.1388
1416,66,1482,0.1388
1409,66,1475,0.1388
1409,68,1477,0.1388
1403,72,1475,0.1388
1397,73,1470,0.1388
1399,75,1474,0.1388
1397,77,1474,0.1388
1400,79,1479,0.1388
1409,84,1493,0.1388
1403,86,1489,0.1388
1400,88,1488,0.1388
1407,87,1494,0.1388
1415,85,1500,0.1388
1420,83,1503,0.1388
1430,84,1514,0.1388
1421,87,1508,0.1388
1421,85,1506,0.1388
1429,87,1516,0.1388
1422,83,1505,0.1388
1418,88,1506,0.1388
1424,92,1516,0.1388
1407,93,1500,0.1388
1390,97,1487,0.1388
1392,97,1489,0.1388
1403,96,1499,0.1388
1409,97,1506,0.1388
1402,97,1499,0.1388
1408,96,1504,0.1388
1405,98,1503,0.1388
1403,98,1501,0.1388
1395,97,1492,0.1388
1397,101,1498,0.1388
1402,104,1506,0.1388
1398,104,1502,0.1388
1392,103,1495,0.1388
1388,107,1495,0.1388
1384,104,1488,0.1388
1391,102,1493,0.1388
1384,102,1486,0.1388
1393,105,1498,0.1388
1388,102,1490,0.1388
1382,105,1487,0.1388
1394,105,1499,0.1388
1386,105,1491,0.1388
1385,107,1492,0.1388
1391,103,1494,0.1388
1402,100,1502,0.1388
1412,102,1514,0.1388
1405,104,1509,0.1388
1395,100,1495,0.1388
1388,96,1484,0.1388
1382,98,1480,0.1388
1385,98,1483,0.1388
1398,102,1500,0.1388
1376,104,1480,0.1388
1377,101,1478,0.1388
1371,104,1475,0.1388
1379,108,1487,0.1388
1383,112,1495,0.1388
1376,112,1488,0.1388
1375,114,1489,0.1388
1364,118,1482,0.1388
1374,119,1493,0.1388
1368,119,1487,0.1388
1373,121,1494,0.1388
1380,121,1501,0.1388
1379,121,1500,0.1388
1375,121,1496,0.1388
1369,120,1489,0.1388
1372,123,1495,0.1388
1359,125,1484,0.1388
1364,125,1489,0.1388
1360,127,1487,0.1388
1355,127,1482,0.1388
1362,127,1489,0.1388
1369,132,1501,0.1388
1349,133,1482,0.1388
1349,132,1481,0.1388
1360,130,1490,0.1388
1359,134,1493,0.1388
1361,130,1491,0.1388
1351,127,1478,0.1388
1353,125,1478,0.1388
1355,126,1481,0.1388
1356,126,1482,0.1388
1359,127,1486,0.1388
1334,126,1460,0.1388
1347,123,1470,0.1388
1362,126,1488,0.1388
1365,128,1493,0.1388
1365,127,1492,0.1388
1366,127,1493,0.1388
1366,128,1494,0.1388
1362,126,1488,0.1388
1377,130,1507,0.1388
1371,132,1503,0.1388
1368,135,1503,0.1388
1366,135,1501,0.1388
1367,132,1499,0.1388
1353,134,1487,0.1388
1351,138,1489,0.1388
1362,141,1503,0.1388
1366,143,1509,0.1388
1365,139,1504,0.1388
1370,140,1510,0.1388
1359,141,1500,0.1388
1359,144,1503,0.1388
1363,144,1507,0.1388
1353,142,1495,0.1388
1356,146,1502,0.1388
1356,140,1496,0.1388
1345,139,1484,0.1388
1333,141,1474,0.1388
1341,144,1485,0.1388
1328,146,1474,0.1388
1334,143,1477,0.1388
1340,145,1485,0.1388
1314,146,1460,0.1388
1315,149,1464,0.1388
1319,153,1472,0.1388
1338,151,1489,0.1388
1339,156,1495,0.1388
1330,155,1485,0.1388
1339,152,1491,0.1388
1344,148,1492,0.1388
1341,150,1491,0.1388
1337,153,1490,0.1388
1331,156,1487,0.1388
1348,152,1500,0.1388
1357,154,1511,0.1388
1358,153,1511,0.1388
1356,150,1506,0.1388
1357,152,1509,0.1388
1348,154,1502,0.1388
1340,151,1491,0.1388
1346,152,1498,0.1388
1342,158,1500,0.1388
1334,161,1495,0.1388
1335,158,1493,0.1388
1326,161,1487,0.1388
1330,164,1494,0.1388
1333,162,1495,0.1388
1327,159,1486,0.1388
1343,158,1501,0.1388
1343,159,1502,0.1388
1330,165,1495,0.1388
1325,168,1493,0.1388
1324,165,1489,0.1388
1324,167,1491,0.1388
1330,166,1496,0.1388
1330,168,1498,0.1388
1322,170,1492,0.1388
1314,173,1487,0.1388
1300,174,1474,0.1388
1313,174,1487,0.1388
1314,175,1489,0.1388
1321,168,1489,0.1388
1310,168,1478,0.1388
1297,170,1467,0.1388
1296,176,1472,0.1388
1293,178,1471,0.1388
1303,176,1479,0.1388
1306,178,1484,0.1388
1318,175,1493,0.1388
1311,183,1494,0.1388
1316,184,1500,0.1388
1316,179,1495,0.1388
1320,181,1501,0.1388
1315,174,1489,0.1388
1316,174,1490,0.1388
1320,173,1493,0.1388
1319,176,1495,0.1388
1323,178,1501,0.1388
1333,174,1507,0.1388
1339,176,1515,0.1388
1326,176,1502,0.1388
1332,178,1510,0.1388
1317,181,1498,0.1388
1317,180,1497,0.1388
1322,183,1505,0.1388
1302,180,1482,0.1388
1298,180,1478,0.1388
1297,182,1479,0.1388
1294,193,1487,0.1388
1296,191,1487,0.1388
1309,188,1497,0.1388
1298,189,1487,0.1388
1281,189,1470,0.1388
1296,191,1487,0.1388
1306,196,1502,0.1388
1303,195,1498,0.1388
1297,199,1496,0.1388
1288,198,1486,0.1388
1297,204,1501,0.1388
1302,204,1506,0.1388
1300,205,1505,0.1388
1294,202,1496,0.1388
1296,201,1497,0.1388
1301,199,1500,0.1388
1297,197,1494,0.1388
1304,203,1507,0.1388
1295,202,1497,0.1388
1290,200,1490,0.1388
1282,205,1487,0.1388
1292,206,1498,0.1388
1284,206,1490,0.1388
1280,206,1486,0.1388
1278,208,1486,0.1388
1270,205,1475,0.1388
1276,205,1481,0.1388
1268,208,1476,0.1388
1281,209,1490,0.1388
1277,210,1487,0.1388
1284,211,1495,0.1388
1290,213,1503,0.1388
1275,214,1489,0.1388
1291,209,1500,0.1388
1292,210,1502,0.1388
1293,207,1500,0.1388
1287,202,1489,0.1388
1279,203,1482,0.1388
1277,205,1482,0.1388
1296,207,1503,0.1388
1296,202,1498,0.1388
1291,206,1497,0.1388
1288,204,1492,0.1388
1287,203,1490,0.1388
1304,204,1508,0.1388
1313,204,1517,0.1388
1308,201,1509,0.1388
1292,199,1491,0.1388
1286,202,1488,0.1388
1279,207,1486,0.1388
1281,215,1496,0.1388
1277,210,1487,0.1388
1293,208,1501,0.1388
1291,211,1502,0.1388
1286,217,1503,0.1388
1289,215,1504,0.1388
1281,220,1501,0.1388
1271,219,1490,0.1388
1281,219,1500,0.1388
1282,223,1505,0.1388
1281,217,1498,0.1388
1288,220,1508,0.1388
1275,222,1497,0.1388
1279,222,1501,0.1388
1277,226,1503,0.1388
1268,228,1496,0.1388
1265,232,1497,0.1388
1264,227,1491,0.1388
1259,229,1488,0.1388
1263,227,1490,0.1388
1266,225,1491,0.1388
1279,219,1498,0.1388
1276,218,1494,0.1388
1282,219,1501,0.1388
1276,221,1497,0.1388
1266,216,1482,0.1388
1267,216,1483,0.1388
1273,218,1491,0.1388
1264,223,1487,0.1388
1273,228,1501,0.1388
1281,232,1513,0.1388
1267,234,1501,0.1388
1281,234,1515,0.1388
1272,233,1505,0.1388
1282,233,1515,0.1388
1280,229,1509,0.1388
1270,227,1497,0.1388
1266,231,1497,0.1388
1254,233,1487,0.1388
1264,238,1502,0.1388
1274,235,1509,0.1388
1264,235,1499,0.1388
1263,239,1502,0.1388
1255,238,1493,0.1388
1265,240,1505,0.1388
1265,241,1506,0.1388
1248,247,1495,0.1388
1251,256,1507,0.1388
1251,250,1501,0.1388
1256,250,1506,0.1388
1247,255,1502,0.1388
1245,251,1496,0.1388
1248,250,1498,0.1388
1249,252,1501,0.1388
1243,250,1493,0.1388
1241,248,1489,0.1388
1249,257,1506,0.1388
1245,254,1499,0.1388
1248,252,1500,0.1388
1243,256,1499,0.1388
1225,254,1479,0.1388
1236,251,1487,0.1388
1234,253,1487,0.1388
1244,253,1497,0.1388
1244,252,1496,0.1388
1241,245,1486,0.1388
1235,252,1487,0.1388
1242,245,1487,0.1388
1254,239,1493,0.1388
1254,241,1495,0.1388
1265,241,1506,0.1388
1263,239,1502,0.1388
1256,240,1496,0.1388
1254,243,1497,0.1388
1252,243,1495,0.1388
1254,248,1502,0.1388
1260,244,1504,0.1388
1261,245,1506,0.1388
1253,248,1501,0.1388
1257,246,1503,0.1388
1259,244,1503,0.1388
1253,244,1497,0.1388
1251,251,1502,0.1388
1239,252,1491,0.1388
1252,254,1506,0.1388
1252,257,1509,0.1388
1257,256,1513,0.1388
1256,260,1516,0.1388
1252,266,1518,0.1388
1245,267,1512,0.1388
1233,266,1499,0.1388
1232,268,1500,0.1388
1235,267,1502,0.1388
1236,269,1505,0.1388
1232,276,1508,0.1388
1227,272,1499,0.1388
1226,270,1496,0.1388
1228,269,1497,0.1388
1234,270,1504,0.1388
1228,270,1498,0.1388
1227,279,1506,0.1388
1222,280,1502,0.1388
1209,276,1485,0.1388
1217,277,1494,0.1388
1208,277,1485,0.1388
1209,283,1492,0.1388
1208,289,1497,0.1388
1213,292,1505,0.1388
1211,290,1501,0.1388
1197,290,1487,0.1388
1192,293,1485,0.1388
1187,288,1475,0.1388
1186,289,1475,0.1388
1198,292,1490,0.1388
1191,307,1498,0.1388
1182,301,1483,0.1388
1191,306,1497,0.1388
1202,310,1512,0.1388
1198,306,1504,0.1388
1191,302,1493,0.1388
1181,306,1487,0.1388
1180,309,1489,0.1388
1178,310,1488,0.1388
1169,310,1479,0.1388
1182,314,1496,0.1388
1173,319,1492,0.1388
1166,321,1487,0.1388
1165,323,1488,0.1388
1166,317,1483,0.1388
1161,321,1482,0.1388
1161,323,1484,0.1388
1161,324,1485,0.1388
1166,326,1492,0.1388
1158,329,1487,0.1388
1152,333,1485,0.1388
1156,332,1488,0.1388
1157,334,1491,0.1388
1156,338,1494,0.1388
1161,338,1499,0.1388
1161,334,1495,0.1388
1160,333,1493,0.1388
1165,339,1504,0.1388
1171,341,1512,0.1388
1157,346,1503,0.1388
1159,340,1499,0.1388
1160,340,1500,0.1388
1164,341,1505,0.1388
1160,335,1495,0.1388
1164,335,1499,0.1388
1160,327,1487,0.1388
1147,323,1470,0.1388
1162,330,1492,0.1388
1157,334,1491,0.1388
1169,333,1502,0.1388
1167,328,1495,0.1388
1182,325,1507,0.1388
1173,323,1496,0.1388
1168,323,1491,0.1388
1172,324,1496,0.1388
1171,330,1501,0.1388
1163,326,1489,0.1388
1165,337,1502,0.1388
1159,339,1498,0.1388
1162,346,1508,0.1388
1167,342,1509,0.1388
1169,342,1511,0.1388
1171,338,1509,0.1388
1165,339,1504,0.1388
1165,337,1502,0.1388
1156,342,1498,0.1388
1161,343,1504,0.1388
1161,340,1501,0.1388
1159,341,1500,0.1388
1159,342,1501,0.1388
1173,337,1510,0.1388
1182,334,1516,0.1388
1169,332,1501,0.1388
1161,333,1494,0.1388
1164,337,1501,0.1388
1155,350,1505,0.1388
1156,351,1507,0.1388
1150,352,1502,0.1388
1157,355,1512,0.1388
1150,354,1504,0.1388
1142,354,1496,0.1388
1148,346,1494,0.1388
1153,350,1503,0.1388
1155,351,1506,0.1388
1153,352,1505,0.1388
1160,359,1519,0.1388
1144,354,1498,0.1388
1142,353,1495,0.1388
1134,353,1487,0.1388
1141,351,1492,0.1388
1148,352,1500,0.1388
1154,348,1502,0.1388
1144,350,1494,0.1388
1153,354,1507,0.1388
1148,350,1498,0.1388
1156,357,1513,0.1388
1135,364,1499,0.1388
1139,367,1506,0.1388
1144,371,1515,0.1388
1146,365,1511,0.1388
1140,374,1514,0.1388
1136,372,1508,0.1388
1135,370,1505,0.1388
1144,369,1513,0.1388
1135,364,1499,0.1388
1136,366,1502,0.1388
1127,373,1500,0.1388
1143,374,1517,0.1388
1134,368,1502,0.1388
1131,363,1494,0.1388
1127,370,1497,0.1388
1113,374,1487,0.1388
1115,379,1494,0.1388
1115,379,1494,0.1388
1130,379,1509,0.1388
1127,388,1515,0.1388
1120,385,1505,0.1388
1135,383,1518,0.1388
1122,379,1501,0.1388
1125,374,1499,0.1388
1135,380,1515,0.1388
1122,377,1499,0.1388
1108,368,1476,0.1388
1105,372,1477,0.1388
1117,377,1494,0.1388
1105,382,1487,0.1388
1100,394,1494,0.1388
1098,397,1495,0.1388
1093,405,1498,0.1388
1085,399,1484,0.1388
1090,406,1496,0.1388
1083,407,1490,0.1388
1077,408,1485,0.1388
1071,415,1486,0.1388
1066,419,1485,0.1388
1062,417,1479,0.1388
1064,424,1488,0.1388
1064,419,1483,0.1388
1069,426,1495,0.1388
1074,432,1506,0.1388
1075,442,1517,0.1388
1078,441,1519,0.1388
1070,437,1507,0.1388
1078,444,1522,0.1388
1073,449,1522,0.1388
1058,452,1510,0.1388
1058,448,1506,0.1388
1054,443,1497,0.1388
1054,440,1494,0.1388
1058,441,1499,0.1388
1046,440,1486,0.1388
1038,436,1474,0.1388
1036,438,1474,0.1388
1047,440,1487,0.1388
1043,439,1482,0.1388
1044,445,1489,0.1388
1047,449,1496,0.1388
1043,442,1485,0.1388
1047,451,1498,0.1388
1061,450,1511,0.1388
1063,457,1520,0.1388
1053,456,1509,0.1388
1041,452,1493,0.1388
1028,459,1487,0.1388
1025,455,1480,0.1388
1032,456,1488,0.1388
1043,460,1503,0.1388
1038,467,1505,0.1388
1028,468,1496,0.1388
1032,468,1500,0.1388
1019,469,1488,0.1388
1026,475,1501,0.1388
1020,484,1504,0.1388
1027,488,1515,0.1388
1022,482,1504,0.1388
1020,482,1502,0.1388
1012,489,1501,0.1388
1023,485,1508,0.1388
1023,485,1508,0.1388
1034,486,1520,0.1388
1024,485,1509,0.1388
1034,490,1524,0.1388
1024,485,1509,0.1388
1025,478,1503,0.1388
1029,484,1513,0.1388
1028,474,1502,0.1388
1031,477,1508,0.1388
1031,469,1500,0.1388
1026,477,1503,0.1388
1015,478,1493,0.1388
1014,483,1497,0.1388
1021,479,1500,0.1388
1024,473,1497,0.1388
1024,478,1502,0.1388
1029,475,1504,0.1388
1028,476,1504,0.1388
1031,479,1510,0.1388
1025,486,1511,0.1388
1012,484,1496,0.1388
1016,484,1500,0.1388
1019,477,1496,0.1388
1020,477,1497,0.1388
1029,478,1507,0.1388
1017,479,1496,0.1388
1009,480,1489,0.1388
1012,478,1490,0.1388
1020,482,1502,0.1388
1025,477,1502,0.1388
1036,485,1521,0.1388
1024,471,1495,0.1388
1040,476,1516,0.1388
1033,474,1507,0.1388
1011,474,1485,0.1388
1013,482,1495,0.1388
1001,484,1485,0.1388
1007,486,1493,0.1388
1024,489,1513,0.1388
1020,497,1517,0.1388
1018,491,1509,0.1388
1018,493,1511,0.1388
1014,495,1509,0.1388
1021,489,1510,0.1388
1017,489,1506,0.1388
1012,492,1504,0.1388
1009,499,1508,0.1388
1007,501,1508,0.1388
994,494,1488,0.1388
975,496,1471,0.1388
971,500,1471,0.1388
987,509,1496,0.1388
983,514,1497,0.1388
982,510,1492,0.1388
986,506,1492,0.1388
982,513,1495,0.1388
983,513,1496,0.1388
982,524,1506,0.1388
987,517,1504,0.1388
973,529,1502,0.1388
978,521,1499,0.1388
982,514,1496,0.1388
979,518,1497,0.1388
969,524,1493,0.1388
967,534,1501,0.1388
970,537,1507,0.1388
971,548,1519,0.1388
975,548,1523,0.1388
968,547,1515,0.1388
965,542,1507,0.1388
971,541,1512,0.1388
978,542,1520,0.1388
975,537,1512,0.1388
967,542,1509,0.1388
965,539,1504,0.1388
960,540,1500,0.1388
962,547,1509,0.1388
946,545,1491,0.1388
956,548,1504,0.1388
956,553,1509,0.1388
950,559,1509,0.1388
947,547,1494,0.1388
928,548,1476,0.1388
945,537,1482,0.1388
943,552,1495,0.1388
946,557,1503,0.1388
959,552,1511,0.1388
957,553,1510,0.1388
949,552,1501,0.1388
951,556,1507,0.1388
945,559,1504,0.1388
942,566,1508,0.1388
933,567,1500,0.1388
929,574,1503,0.1388
934,562,1496,0.1388
936,569,1505,0.1388
928,576,1504,0.1388
929,574,1503,0.1388
933,572,1505,0.1388
935,571,1506,0.1388
933,565,1498,0.1388
927,561,1488,0.1388
929,568,1497,0.1388
923,561,1484,0.1388
927,568,1495,0.1388
922,581,1503,0.1388
918,584,1502,0.1388
915,573,1488,0.1388
910,587,1497,0.1388
918,584,1502,0.1388
922,583,1505,0.1388
918,584,1502,0.1388
910,586,1496,0.1388
902,590,1492,0.1388
892,597,1489,0.1388
899,602,1501,0.1388
895,599,1494,0.1388
893,595,1488,0.1388
895,591,1486,0.1388
886,601,1487,0.1388
885,602,1487,0.1388
891,608,1499,0.1388
887,601,1488,0.1388
895,602,1497,0.1388
893,602,1495,0.1388
888,608,1496,0.1388
887,612,1499,0.1388
884,621,1505,0.1388
880,623,1503,0.1388
870,624,1494,0.1388
875,623,1498,0.1388
880,621,1501,0.1388
883,620,1503,0.1388
885,629,1514,0.1388
882,629,1511,0.1388
887,624,1511,0.1388
878,631,1509,0.1388
868,636,1504,0.1388
862,632,1494,0.1388
869,633,1502,0.1388
866,637,1503,0.1388
870,650,1520,0.1388
871,642,1513,0.1388
867,637,1504,0.1388
862,635,1497,0.1388
868,637,1505,0.1388
862,635,1497,0.1388
870,639,1509,0.1388
876,630,1506,0.1388
875,634,1509,0.1388
861,626,1487,0.1388
865,627,1492,0.1388
869,638,1507,0.1388
866,638,1504,0.1388
865,645,1510,0.1388
866,636,1502,0.1388
865,645,1510,0.1388
857,643,1500,0.1388
854,639,1493,0.1388
852,648,1500,0.1388
853,647,1500,0.1388
854,643,1497,0.1388
844,648,1492,0.1388
849,644,1493,0.1388
843,657,1500,0.1388
847,653,1500,0.1388
849,646,1495,0.1388
851,642,1493,0.1388
844,649,1493,0.1388
846,656,1502,0.1388
844,653,1497,0.1388
850,652,1502,0.1388
852,656,1508,0.1388
843,654,1497,0.1388
839,656,1495,0.1388
842,657,1499,0.1388
846,664,1510,0.1388
847,657,1504,0.1388
849,653,1502,0.1388
839,656,1495,0.1388
835,664,1499,0.1388
851,655,1506,0.1388
842,657,1499,0.1388
841,660,1501,0.1388
840,663,1503,0.1388
838,672,1510,0.1388
839,671,1510,0.1388
836,666,1502,0.1388
829,671,1500,0.1388
829,677,1506,0.1388
830,673,1503,0.1388
822,688,1510,0.1388
819,682,1501,0.1388
819,683,1502,0.1388
816,691,1507,0.1388
813,696,1509,0.1388
814,707,1521,0.1388
811,705,1516,0.1388
805,706,1511,0.1388
807,696,1503,0.1388
805,692,1497,0.1388
810,693,1503,0.1388
811,689,1500,0.1388
797,700,1497,0.1388
797,696,1493,0.1388
806,698,1504,0.1388
805,706,1511,0.1388
804,709,1513,0.1388
799,707,1506,0.1388
798,719,1517,0.1388
796,718,1514,0.1388
796,717,1513,0.1388
799,724,1523,0.1388
799,720,1519,0.1388
796,721,1517,0.1388
801,721,1522,0.1388
798,711,1509,0.1388
795,727,1522,0.1388
795,718,1513,0.1388
785,723,1508,0.1388
780,733,1513,0.1388
788,727,1515,0.1388
788,731,1519,0.1388
781,723,1504,0.1388
785,723,1508,0.1388
788,719,1507,0.1388
784,720,1504,0.1388
784,726,1510,0.1388
781,721,1502,0.1388
786,719,1505,0.1388
787,714,1501,0.1388
778,718,1496,0.1388
777,725,1502,0.1388
770,725,1495,0.1388
777,730,1507,0.1388
780,743,1523,0.1388
777,737,1514,0.1388
780,729,1509,0.1388
767,726,1493,0.1388
770,735,1505,0.1388
774,733,1507,0.1388
772,748,1520,0.1388
763,755,1518,0.1388
763,754,1517,0.1388
759,749,1508,0.1388
754,751,1505,0.1388
757,757,1514,0.1388
746,761,1507,0.1388
750,759,1509,0.1388
744,759,1503,0.1388
735,759,1494,0.1388
738,752,1490,0.1388
746,755,1501,0.1388
738,761,1499,0.1388
736,755,1491,0.1388
735,754,1489,0.1388
746,752,1498,0.1388
739,749,1488,0.1388
732,746,1478,0.1388
735,755,1490,0.1388
736,761,1497,0.1388
737,761,1498,0.1388
740,766,1506,0.1388
740,766,1506,0.1388
741,769,1510,0.1388
740,769,1509,0.1388
740,764,1504,0.1388
733,769,1502,0.1388
731,766,1497,0.1388
732,780,1512,0.1388
731,784,1515,0.1388
725,783,1508,0.1388
729,778,1507,0.1388
729,776,1505,0.1388
723,790,1513,0.1388
725,791,1516,0.1388
729,785,1514,0.1388
721,799,1520,0.1388
716,800,1516,0.1388
711,803,1514,0.1388
708,799,1507,0.1388
709,793,1502,0.1388
715,795,1510,0.1388
710,809,1519,0.1388
708,811,1519,0.1388
700,816,1516,0.1388
702,810,1512,0.1388
699,805,1504,0.1388
693,806,1499,0.1388
691,804,1495,0.1388
690,796,1486,0.1388
688,805,1493,0.1388
676,808,1484,0.1388
683,816,1499,0.1388
681,817,1498,0.1388
682,821,1503,0.1388
683,830,1513,0.1388
673,830,1503,0.1388
674,841,1515,0.1388
660,839,1499,0.1388
659,843,1502,0.1388
662,842,1504,0.1388
649,839,1488,0.1388
665,847,1512,0.1388
661,846,1507,0.1388
665,852,1517,0.1388
659,851,1510,0.1388
657,854,1511,0.1388
646,852,1498,0.1388
649,866,1515,0.1388
647,867,1514,0.1388
646,856,1502,0.1388
646,854,1500,0.1388
647,862,1509,0.1388
647,864,1511,0.1388
647,857,1504,0.1388
642,858,1500,0.1388
643,864,1507,0.1388
646,868,1514,0.1388
642,872,1514,0.1388
646,868,1514,0.1388
645,871,1516,0.1388
649,870,1519,0.1388
642,864,1506,0.1388
638,870,1508,0.1388
640,867,1507,0.1388
641,859,1500,0.1388
643,859,1502,0.1388
645,862,1507,0.1388
645,850,1495,0.1388
645,853,1498,0.1388
647,858,1505,0.1388
641,861,1502,0.1388
633,861,1494,0.1388
636,861,1497,0.1388
643,865,1508,0.1388
642,869,1511,0.1388
651,869,1520,0.1388
642,861,1503,0.1388
641,868,1509,0.1388
635,866,1501,0.1388
639,870,1509,0.1388
639,856,1495,0.1388
637,856,1493,0.1388
640,866,1506,0.1388
634,870,1504,0.1388
640,859,1499,0.1388
634,861,1495,0.1388
639,864,1503,0.1388
632,866,1498,0.1388
626,882,1508,0.1388
627,875,1502,0.1388
632,864,1496,0.1388
623,879,1502,0.1388
632,880,1512,0.1388
629,888,1517,0.1388
629,890,1519,0.1388
626,892,1518,0.1388
621,886,1507,0.1388
612,903,1515,0.1388
610,895,1505,0.1388
606,891,1497,0.1388
606,883,1489,0.1388
608,883,1491,0.1388
612,888,1500,0.1388
602,879,1481,0.1388
607,878,1485,0.1388
613,870,1483,0.1388
621,885,1506,0.1388
620,885,1505,0.1388
609,875,1484,0.1388
601,879,1480,0.1388
611,887,1498,0.1388
615,896,1511,0.1388
618,899,1517,0.1388
618,900,1518,0.1388
614,898,1512,0.1388
609,899,1508,0.1388
603,904,1507,0.1388
600,901,1501,0.1388
600,899,1499,0.1388
589,908,1497,0.1388
600,904,1504,0.1388
606,905,1511,0.1388
604,907,1511,0.1388
600,914,1514,0.1388
601,916,1517,0.1388
600,927,1527,0.1388
593,925,1518,0.1388
584,925,1509,0.1388
586,924,1510,0.1388
582,936,1518,0.1388
584,926,1510,0.1388
581,932,1513,0.1388
584,933,1517,0.1388
586,927,1513,0.1388
587,921,1508,0.1388
583,925,1508,0.1388
572,921,1493,0.1388
572,923,1495,0.1388
575,921,1496,0.1388
581,911,1492,0.1388
585,907,1492,0.1388
584,919,1503,0.1388
587,927,1514,0.1388
588,919,1507,0.1388
583,927,1510,0.1388
579,923,1502,0.1388
585,916,1501,0.1388
576,928,1504,0.1388
570,935,1505,0.1388
567,933,1500,0.1388
572,937,1509,0.1388
576,933,1509,0.1388
577,933,1510,0.1388
571,946,1517,0.1388
578,934,1512,0.1388
578,932,1510,0.1388
582,928,1510,0.1388
575,933,1508,0.1388
570,928,1498,0.1388
579,929,1508,0.1388
581,941,1522,0.1388
573,946,1519,0.1388
563,946,1509,0.1388
556,942,1498,0.1388
561,939,1500,0.1388
561,957,1518,0.1388
564,956,1520,0.1388
565,952,1517,0.1388
576,957,1533,0.1388
574,955,1529,0.1388
564,945,1509,0.1388
569,938,1507,0.1388
569,943,1512,0.1388
567,945,1512,0.1388
571,942,1513,0.1388
570,945,1515,0.1388
567,948,1515,0.1388
563,950,1513,0.1388
561,946,1507,0.1388
557,959,1516,0.1388
552,967,1519,0.1388
549,966,1515,0.1388
551,969,1520,0.1388
556,970,1526,0.1388
549,976,1525,0.1388
554,967,1521,0.1388
550,965,1515,0.1388
548,958,1506,0.1388
552,958,1510,0.1388
548,953,1501,0.1388
550,951,1501,0.1388
552,964,1516,0.1388
545,963,1508,0.1388
543,975,1518,0.1388
545,975,1520,0.1388
537,964,1501,0.1388
537,968,1505,0.1388
548,967,1515,0.1388
540,968,1508,0.1388
543,975,1518,0.1388
541,966,1507,0.1388
533,965,1498,0.1388
538,976,1514,0.1388
539,982,1521,0.1388
532,981,1513,0.1388
525,979,1504,0.1388
525,982,1507,0.1388
528,978,1506,0.1388
525,973,1498,0.1388
528,977,1505,0.1388
522,966,1488,0.1388
524,973,1497,0.1388
523,985,1508,0.1388
528,994,1522,0.1388
527,985,1512,0.1388
518,992,1510,0.1388
519,1000,1519,0.1388
518,1010,1528,0.1388
510,1006,1516,0.1388
502,1007,1509,0.1388
498,1009,1507,0.1388
499,1009,1508,0.1388
497,1007,1504,0.1388
496,1013,1509,0.1388
491,1018,1509,0.1388
484,1024,1508,0.1388
487,1027,1514,0.1388
487,1022,1509,0.1388
486,1021,1507,0.1388
486,1028,1514,0.1388
486,1021,1507,0.1388
487,1029,1516,0.1388
479,1036,1515,0.1388
472,1028,1500,0.1388
467,1030,1497,0.1388
471,1038,1509,0.1388
479,1038,1517,0.1388
474,1035,1509,0.1388
471,1033,1504,0.1388
474,1035,1509,0.1388
476,1047,1523,0.1388
473,1035,1508,0.1388
472,1030,1502,0.1388
477,1041,1518,0.1388
477,1042,1519,0.1388
472,1047,1519,0.1388
470,1061,1531,0.1388
465,1045,1510,0.1388
465,1038,1503,0.1388
462,1030,1492,0.1388
466,1043,1509,0.1388
473,1041,1514,0.1388
471,1043,1514,0.1388
467,1052,1519,0.1388
467,1049,1516,0.1388
468,1041,1509,0.1388
469,1032,1501,0.1388
467,1033,1500,0.1388
462,1049,1511,0.1388
470,1042,1512,0.1388
470,1045,1515,0.1388
465,1048,1513,0.1388
467,1039,1506,0.1388
467,1050,1517,0.1388
467,1050,1517,0.1388
469,1035,1504,0.1388
468,1031,1499,0.1388
460,1032,1492,0.1388
455,1041,1496,0.1388
448,1048,1496,0.1388
445,1042,1487,0.1388
445,1053,1498,0.1388
443,1071,1514,0.1388
444,1064,1508,0.1388
442,1074,1516,0.1388
440,1077,1517,0.1388
440,1078,1518,0.1388
437,1078,1515,0.1388
445,1077,1522,0.1388
439,1068,1507,0.1388
438,1076,1514,0.1388
442,1068,1510,0.1388
447,1079,1526,0.1388
443,1079,1522,0.1388
446,1070,1516,0.1388
446,1067,1513,0.1388
443,1063,1506,0.1388
441,1068,1509,0.1388
436,1068,1504,0.1388
439,1077,1516,0.1388
441,1086,1527,0.1388
443,1088,1531,0.1388
442,1082,1524,0.1388
437,1071,1508,0.1388
430,1063,1493,0.1388
426,1078,1504,0.1388
429,1085,1514,0.1388
427,1088,1515,0.1388
422,1095,1517,0.1388
424,1087,1511,0.1388
426,1084,1510,0.1388
424,1081,1505,0.1388
421,1076,1497,0.1388
423,1082,1505,0.1388
425,1084,1509,0.1388
423,1089,1512,0.1388
415,1087,1502,0.1388
409,1091,1500,0.1388
406,1089,1495,0.1388
408,1102,1510,0.1388
415,1103,1518,0.1388
420,1098,1518,0.1388
418,1097,1515,0.1388
418,1101,1519,0.1388
410,1101,1511,0.1388
406,1095,1501,0.1388
403,1098,1501,0.1388
406,1101,1507,0.1388
405,1090,1495,0.1388
411,1105,1516,0.1388
406,1097,1503,0.1388
415,1101,1516,0.1388
408,1111,1519,0.1388
400,1110,1510,0.1388
390,1130,1520,0.1388
391,1121,1512,0.1388
391,1116,1507,0.1388
391,1117,1508,0.1388
392,1107,1499,0.1388
385,1109,1494,0.1388
381,1109,1490,0.1388
382,1122,1504,0.1388
385,1116,1501,0.1388
384,1121,1505,0.1388
383,1119,1502,0.1388
385,1120,1505,0.1388
381,1126,1507,0.1388
386,1127,1513,0.1388
386,1129,1515,0.1388
375,1133,1508,0.1388
377,1134,1511,0.1388
390,1136,1526,0.1388
387,1131,1518,0.1388
385,1129,1514,0.1388
385,1129,1514,0.1388
379,1131,1510,0.1388
371,1126,1497,0.1388
370,1118,1488,0.1388
370,1120,1490,0.1388
376,1136,1512,0.1388
368,1139,1507,0.1388
368,1139,1507,0.1388
364,1136,1500,0.1388
366,1146,1512,0.1388
368,1144,1512,0.1388
367,1143,1510,0.1388
363,1145,1508,0.1388
364,1144,1508,0.1388
366,1147,1513,0.1388
367,1148,1515,0.1388
364,1149,1513,0.1388
365,1155,1520,0.1388
363,1159,1522,0.1388
357,1154,1511,0.1388
359,1158,1517,0.1388
353,1159,1512,0.1388
349,1159,1508,0.1388
347,1163,1510,0.1388
344,1162,1506,0.1388
342,1164,1506,0.1388
343,1164,1507,0.1388
347,1166,1513,0.1388
348,1176,1524,0.1388
339,1183,1522,0.1388
336,1178,1514,0.1388
336,1180,1516,0.1388
332,1181,1513,0.1388
330,1177,1507,0.1388
326,1183,1509,0.1388
322,1182,1504,0.1388
330,1185,1515,0.1388
328,1183,1511,0.1388
325,1195,1520,0.1388
326,1187,1513,0.1388
320,1193,1513,0.1388
317,1192,1509,0.1388
318,1200,1518,0.1388
319,1206,1525,0.1388
318,1198,1516,0.1388
322,1190,1512,0.1388
321,1195,1516,0.1388
327,1201,1528,0.1388
328,1198,1526,0.1388
327,1196,1523,0.1388
321,1190,1511,0.1388
320,1196,1516,0.1388
319,1202,1521,0.1388
311,1207,1518,0.1388
304,1208,1512,0.1388
307,1211,1518,0.1388
303,1204,1507,0.1388
313,1192,1505,0.1388
316,1197,1513,0.1388
316,1186,1502,0.1388
309,1192,1501,0.1388
310,1193,1503,0.1388
312,1185,1497,0.1388
308,1204,1512,0.1388
309,1200,1509,0.1388
308,1198,1506,0.1388
314,1203,1517,0.1388
318,1204,1522,0.1388
319,1211,1530,0.1388
312,1187,1499,0.1388
312,1179,1491,0.1388
309,1195,1504,0.1388
317,1196,1513,0.1388
314,1195,1509,0.1388
314,1194,1508,0.1388
309,1199,1508,0.1388
314,1197,1511,0.1388
310,1198,1508,0.1388
311,1209,1520,0.1388
309,1201,1510,0.1388
308,1195,1503,0.1388
308,1195,1503,0.1388
307,1196,1503,0.1388
310,1193,1503,0.1388
310,1180,1490,0.1388
306,1183,1489,0.1388
307,1187,1494,0.1388
312,1199,1511,0.1388
310,1187,1497,0.1388
311,1181,1492,0.1388
313,1181,1494,0.1388
309,1193,1502,0.1388
314,1201,1515,0.1388
310,1211,1521,0.1388
312,1206,1518,0.1388
310,1211,1521,0.1388
312,1207,1519,0.1388
309,1214,1523,0.1388
305,1209,1514,0.1388
307,1204,1511,0.1388
302,1222,1524,0.1388
302,1227,1529,0.1388
298,1215,1513,0.1388
298,1216,1514,0.1388
292,1216,1508,0.1388
295,1214,1509,0.1388
298,1225,1523,0.1388
300,1224,1524,0.1388
300,1228,1528,0.1388
303,1226,1529,0.1388
302,1214,1516,0.1388
298,1219,1517,0.1388
301,1220,1521,0.1388
298,1223,1521,0.1388
289,1218,1507,0.1388
284,1219,1503,0.1388
285,1228,1513,0.1388
284,1240,1524,0.1388
283,1234,1517,0.1388
275,1232,1507,0.1388
275,1232,1507,0.1388
277,1234,1511,0.1388
274,1239,1513,0.1388
273,1236,1509,0.1388
273,1228,1501,0.1388
275,1229,1504,0.1388
274,1231,1505,0.1388
272,1228,1500,0.1388
270,1241,1511,0.1388
266,1241,1507,0.1388
262,1232,1494,0.1388
263,1238,1501,0.1388
266,1239,1505,0.1388
260,1230,1490,0.1388
259,1238,1497,0.1388
259,1243,1502,0.1388
259,1253,1512,0.1388
255,1252,1507,0.1388
258,1248,1506,0.1388
257,1247,1504,0.1388
254,1250,1504,0.1388
264,1251,1515,0.1388
269,1251,1520,0.1388
265,1264,1529,0.1388
267,1255,1522,0.1388
264,1267,1531,0.1388
264,1258,1522,0.1388
266,1251,1517,0.1388
259,1239,1498,0.1388
255,1238,1493,0.1388
254,1249,1503,0.1388
254,1248,1502,0.1388
255,1243,1498,0.1388
255,1249,1504,0.1388
255,1265,1520,0.1388
255,1250,1505,0.1388
255,1252,1507,0.1388
256,1248,1504,0.1388
255,1250,1505,0.1388
257,1256,1513,0.1388
261,1250,1511,0.1388
262,1244,1506,0.1388
261,1259,1520,0.1388
264,1255,1519,0.1388
261,1234,1495,0.1388
263,1255,1518,0.1388
259,1273,1532,0.1388
255,1263,1518,0.1388
248,1258,1506,0.1388
245,1252,1497,0.1388
246,1256,1502,0.1388
247,1267,1514,0.1388
246,1258,1504,0.1388
248,1267,1515,0.1388
246,1262,1508,0.1388
248,1275,1523,0.1388
246,1274,1520,0.1388
245,1274,1519,0.1388
239,1278,1517,0.1388
244,1266,1510,0.1388
243,1264,1507,0.1388
239,1281,1520,0.1388
231,1273,1504,0.1388
232,1278,1510,0.1388
229,1292,1521,0.1388
230,1299,1529,0.1388
228,1293,1521,0.1388
233,1277,1510,0.1388
234,1286,1520,0.1388
234,1275,1509,0.1388
241,1276,1517,0.1388
235,1266,1501,0.1388
234,1266,1500,0.1388
233,1272,1505,0.1388
231,1267,1498,0.1388
230,1272,1502,0.1388
229,1269,1498,0.1388
229,1266,1495,0.1388
228,1273,1501,0.1388
232,1285,1517,0.1388
226,1281,1507,0.1388
225,1284,1509,0.1388
222,1301,1523,0.1388
220,1296,1516,0.1388
211,1303,1514,0.1388
214,1286,1500,0.1388
218,1300,1518,0.1388
218,1285,1503,0.1388
220,1295,1515,0.1388
217,1295,1512,0.1388
219,1302,1521,0.1388
219,1300,1519,0.1388
222,1309,1531,0.1388
221,1290,1511,0.1388
222,1293,1515,0.1388
223,1284,1507,0.1388
218,1285,1503,0.1388
212,1277,1489,0.1388
217,1288,1505,0.1388
216,1296,1512,0.1388
213,1295,1508,0.1388
215,1298,1513,0.1388
212,1295,1507,0.1388
212,1306,1518,0.1388
212,1322,1534,0.1388
214,1315,1529,0.1388
220,1309,1529,0.1388
218,1302,1520,0.1388
221,1294,1515,0.1388
219,1304,1523,0.1388
221,1301,1522,0.1388
217,1305,1522,0.1388
212,1294,1506,0.1388
216,1295,1511,0.1388
218,1297,1515,0.1388
216,1297,1513,0.1388
221,1297,1518,0.1388
218,1280,1498,0.1388
213,1289,1502,0.1388
212,1288,1500,0.1388
212,1290,1502,0.1388
209,1297,1506,0.1388
212,1308,1520,0.1388
216,1308,1524,0.1388
212,1310,1522,0.1388
216,1306,1522,0.1388
215,1302,1517,0.1388
217,1288,1505,0.1388
215,1295,1510,0.1388
207,1296,1503,0.1388
212,1304,1516,0.1388
214,1303,1517,0.1388
218,1294,1512,0.1388
204,1298,1502,0.1388
202,1294,1496,0.1388
204,1299,1503,0.1388
210,1308,1518,0.1388
201,1314,1515,0.1388
198,1317,1515,0.1388
197,1312,1509,0.1388
196,1319,1515,0.1388
193,1312,1505,0.1388
193,1327,1520,0.1388
191,1320,1511,0.1388
193,1316,1509,0.1388
193,1328,1521,0.1388
197,1316,1513,0.1388
195,1324,1519,0.1388
195,1317,1512,0.1388
194,1322,1516,0.1388
194,1330,1524,0.1388
194,1327,1521,0.1388
193,1318,1511,0.1388
189,1324,1513,0.1388
190,1315,1505,0.1388
188,1326,1514,0.1388
187,1337,1524,0.1388
188,1330,1518,0.1388
188,1333,1521,0.1388
189,1330,1519,0.1388
192,1323,1515,0.1388
190,1334,1524,0.1388
193,1332,1525,0.1388
188,1322,1510,0.1388
186,1317,1503,0.1388
189,1326,1515,0.1388
192,1334,1526,0.1388
189,1328,1517,0.1388
189,1337,1526,0.1388
189,1325,1514,0.1388
186,1330,1516,0.1388
188,1335,1523,0.1388
186,1326,1512,0.1388
187,1334,1521,0.1388
187,1318,1505,0.1388
182,1328,1510,0.1388
181,1320,1501,0.1388
185,1329,1514,0.1388
187,1336,1523,0.1388
181,1333,1514,0.1388
179,1353,1532,0.1388
177,1336,1513,0.1388
181,1349,1530,0.1388
180,1347,1527,0.1388
172,1348,1520,0.1388
173,1347,1520,0.1388
168,1350,1518,0.1388
174,1361,1535,0.1388
175,1353,1528,0.1388
171,1341,1512,0.1388
170,1331,1501,0.1388
171,1334,1505,0.1388
174,1336,1510,0.1388
174,1342,1516,0.1388
173,1340,1513,0.1388
170,1332,1502,0.1388
172,1344,1516,0.1388
176,1358,1534,0.1388
175,1352,1527,0.1388
176,1346,1522,0.1388
169,1354,1523,0.1388
169,1340,1509,0.1388
173,1337,1510,0.1388
170,1335,1505,0.1388
172,1348,1520,0.1388
172,1335,1507,0.1388
167,1330,1497,0.1388
165,1338,1503,0.1388
167,1336,1503,0.1388
167,1357,1524,0.1388
166,1341,1507,0.1388
162,1347,1509,0.1388
164,1348,1512,0.1388
166,1345,1511,0.1388
157,1349,1506,0.1388
160,1349,1509,0.1388
165,1361,1526,0.1388
160,1347,1507,0.1388
162,1358,1520,0.1388
161,1367,1528,0.1388
161,1363,1524,0.1388
160,1356,1516,0.1388
163,1362,1525,0.1388
162,1368,1530,0.1388
158,1370,1528,0.1388
160,1358,1518,0.1388
159,1369,1528,0.1388
157,1362,1519,0.1388
157,1355,1512,0.1388
158,1351,1509,0.1388
156,1357,1513,0.1388
155,1360,1515,0.1388
155,1367,1522,0.1388
155,1365,1520,0.1388
156,1371,1527,0.1388
147,1364,1511,0.1388
141,1363,1504,0.1388
139,1370,1509,0.1388
140,1365,1505,0.1388
139,1378,1517,0.1388
140,1366,1506,0.1388
145,1364,1509,0.1388
146,1373,1519,0.1388
143,1381,1524,0.1388
142,1368,1510,0.1388
143,1378,1521,0.1388
143,1365,1508,0.1388
141,1382,1523,0.1388
136,1373,1509,0.1388
139,1369,1508,0.1388
138,1367,1505,0.1388
141,1373,1514,0.1388
137,1377,1514,0.1388
132,1374,1506,0.1388
135,1360,1495,0.1388
131,1365,1496,0.1388
130,1373,1503,0.1388
132,1375,1507,0.1388
135,1367,1502,0.1388
136,1377,1513,0.1388
132,1368,1500,0.1388
135,1361,1496,0.1388
136,1370,1506,0.1388
135,1377,1512,0.1388
136,1376,1512,0.1388
133,1389,1522,0.1388
128,1391,1519,0.1388
126,1393,1519,0.1388
129,1389,1518,0.1388
130,1387,1517,0.1388
128,1393,1521,0.1388
125,1393,1518,0.1388
127,1392,1519,0.1388
129,1385,1514,0.1388
128,1391,1519,0.1388
127,1410,1537,0.1388
128,1407,1535,0.1388
126,1398,1524,0.1388
122,1393,1515,0.1388
119,1391,1510,0.1388
121,1389,1510,0.1388
128,1381,1509,0.1388
129,1388,1517,0.1388
130,1387,1517,0.1388
131,1397,1528,0.1388
134,1404,1538,0.1388
134,1410,1544,0.1388
133,1397,1530,0.1388
131,1382,1513,0.1388
134,1383,1517,0.1388
134,1392,1526,0.1388
130,1388,1518,0.1388
131,1386,1517,0.1388
127,1384,1511,0.1388
125,1381,1506,0.1388
132,1378,1510,0.1388
128,1386,1514,0.1388
129,1388,1517,0.1388
128,1381,1509,0.1388
125,1402,1527,0.1388
125,1397,1522,0.1388
123,1405,1528,0.1388
121,1392,1513,0.1388
121,1399,1520,0.1388
120,1403,1523,0.1388
119,1406,1525,0.1388
120,1409,1529,0.1388
123,1399,1522,0.1388
118,1405,1523,0.1388
120,1390,1510,0.1388
121,1392,1513,0.1388
119,1394,1513,0.1388
121,1388,1509,0.1388
119,1381,1500,0.1388
123,1395,1518,0.1388
124,1388,1512,0.1388
125,1391,1516,0.1388
122,1399,1521,0.1388
122,1401,1523,0.1388
120,1384,1504,0.1388
118,1394,1512,0.1388
119,1393,1512,0.1388
119,1403,1522,0.1388
119,1402,1521,0.1388
120,1386,1506,0.1388
120,1400,1520,0.1388
119,1407,1526,0.1388
122,1399,1521,0.1388
122,1398,1520,0.1388
120,1397,1517,0.1388
122,1398,1520,0.1388
122,1382,1504,0.1388
126,1376,1502,0.1388
128,1384,1512,0.1388
129,1387,1516,0.1388
127,1395,1522,0.1388
126,1392,1518,0.1388
125,1387,1512,0.1388
125,1383,1508,0.1388
129,1375,1504,0.1388
133,1390,1523,0.1388
128,1400,1528,0.1388
128,1388,1516,0.1388
125,1375,1500,0.1388
127,1379,1506,0.1388
128,1382,1510,0.1388
131,1380,1511,0.1388
127,1387,1514,0.1388
124,1385,1509,0.1388
126,1382,1508,0.1388
129,1385,1514,0.1388
128,1379,1507,0.1388
128,1386,1514,0.1388
129,1393,1522,0.1388
127,1395,1522,0.1388
126,1398,1524,0.1388
124,1396,1520,0.1388
124,1393,1517,0.1388
124,1398,1522,0.1388
124,1392,1516,0.1388
119,1392,1511,0.1388
120,1384,1504,0.1388
119,1390,1509,0.1388
118,1395,1513,0.1388
120,1400,1520,0.1388
119,1398,1517,0.1388
119,1390,1509,0.1388
121,1388,1509,0.1388
119,1388,1507,0.1388
119,1373,1492,0.1388
118,1395,1513,0.1388
117,1403,1520,0.1388
117,1413,1530,0.1388
116,1406,1522,0.1388
114,1413,1527,0.1388
114,1402,1516,0.1388
110,1400,1510,0.1388
112,1392,1504,0.1388
116,1397,1513,0.1388
113,1405,1518,0.1388
112,1405,1517,0.1388
109,1418,1527,0.1388
112,1409,1521,0.1388
114,1404,1518,0.1388
116,1403,1519,0.1388
115,1395,1510,0.1388
115,1387,1502,0.1388
115,1391,1506,0.1388
115,1398,1513,0.1388
112,1396,1508,0.1388
119,1388,1507,0.1388
115,1392,1507,0.1388
114,1398,1512,0.1388
117,1385,1502,0.1388
118,1390,1508,0.1388
119,1379,1498,0.1388
114,1395,1509,0.1388
116,1391,1507,0.1388
113,1404,1517,0.1388
113,1410,1523,0.1388
113,1400,1513,0.1388
113,1415,1528,0.1388
114,1400,1514,0.1388
117,1400,1517,0.1388
117,1402,1519,0.1388
117,1391,1508,0.1388
114,1403,1517,0.1388
114,1388,1502,0.1388
114,1382,1496,0.1388
116,1374,1490,0.1388
117,1379,1496,0.1388
115,1388,1503,0.1388
115,1380,1495,0.1388
121,1377,1498,0.1388
124,1380,1504,0.1388
126,1382,1508,0.1388
118,1394,1512,0.1388
116,1377,1493,0.1388
113,1384,1497,0.1388
116,1381,1497,0.1388
125,1378,1503,0.1388
127,1377,1504,0.1388
125,1391,1516,0.1388
129,1388,1517,0.1388
128,1389,1517,0.1388
127,1394,1521,0.1388
129,1393,1522,0.1388
125,1394,1519,0.1388
123,1393,1516,0.1388
124,1393,1517,0.1388
128,1394,1522,0.1388
128,1381,1509,0.1388
128,1387,1515,0.1388
132,1386,1518,0.1388
129,1388,1517,0.1388
128,1387,1515,0.1388
127,1382,1509,0.1388
123,1403,1526,0.1388
119,1399,1518,0.1388
123,1392,1515,0.1388
122,1392,1514,0.1388
123,1382,1505,0.1388
122,1386,1508,0.1388
123,1385,1508,0.1388
123,1381,1504,0.1388
127,1374,1501,0.1388
123,1392,1515,0.1388
124,1400,1524,0.1388
121,1412,1533,0.1388
123,1407,1530,0.1388
122,1402,1524,0.1388
121,1387,1508,0.1388
122,1390,1512,0.1388
124,1390,1514,0.1388
119,1397,1516,0.1388
120,1410,1530,0.1388
119,1397,1516,0.1388
117,1392,1509,0.1388
121,1393,1514,0.1388
121,1394,1515,0.1388
123,1389,1512,0.1388
120,1397,1517,0.1388
121,1392,1513,0.1388
121,1401,1522,0.1388
121,1403,1524,0.1388
121,1398,1519,0.1388
119,1401,1520,0.1388
114,1390,1504,0.1388
113,1402,1515,0.1388
112,1408,1520,0.1388
108,1401,1509,0.1388
106,1403,1509,0.1388
106,1397,1503,0.1388
107,1410,1517,0.1388
112,1406,1518,0.1388
113,1401,1514,0.1388
113,1399,1512,0.1388
111,1393,1504,0.1388
114,1410,1524,0.1388
116,1418,1534,0.1388
115,1414,1529,0.1388
113,1405,1518,0.1388
110,1406,1516,0.1388
111,1404,1515,0.1388
113,1410,1523,0.1388
113,1412,1525,0.1388
111,1404,1515,0.1388
110,1402,1512,0.1388
111,1427,1538,0.1388
109,1416,1525,0.1388
113,1406,1519,0.1388
111,1412,1523,0.1388
112,1420,1532,0.1388
112,1417,1529,0.1388
110,1413,1523,0.1388
107,1418,1525,0.1388
109,1410,1519,0.1388
107,1411,1518,0.1388
106,1416,1522,0.1388
107,1428,1535,0.1388
105,1432,1537,0.1388
108,1428,1536,0.1388
108,1411,1519,0.1388
108,1409,1517,0.1388
109,1396,1505,0.1388
110,1400,1510,0.1388
112,1404,1516,0.1388
113,1401,1514,0.1388
112,1404,1516,0.1388
110,1409,1519,0.1388
111,1401,1512,0.1388
112,1400,1512,0.1388
111,1402,1513,0.1388
111,1392,1503,0.1388
108,1399,1507,0.1388
107,1396,1503,0.1388
109,1407,1516,0.1388
110,1408,1518,0.1388
105,1403,1508,0.1388
107,1403,1510,0.1388
103,1412,1515,0.1388
102,1420,1522,0.1388
104,1408,1512,0.1388
106,1412,1518,0.1388
108,1413,1521,0.1388
106,1426,1532,0.1388
102,1416,1518,0.1388
103,1417,1520,0.1388
104,1408,1512,0.1388
107,1412,1519,0.1388
104,1410,1514,0.1388
102,1409,1511,0.1388
102,1416,1518,0.1388
99,1397,1496,0.1388
97,1410,1507,0.1388
96,1408,1504,0.1388
98,1412,1510,0.1388
100,1411,1511,0.1388
98,1412,1510,0.1388
94,1408,1502,0.1388
96,1401,1497,0.1388
90,1406,1496,0.1388
94,1393,1487,0.1388
96,1400,1496,0.1388
97,1420,1517,0.1388
92,1422,1514,0.1388
96,1427,1523,0.1388
94,1426,1520,0.1388
92,1415,1507,0.1388
93,1420,1513,0.1388
92,1425,1517,0.1388
96,1413,1509,0.1388
98,1416,1514,0.1388
100,1434,1534,0.1388
101,1432,1533,0.1388
97,1423,1520,0.1388
97,1426,1523,0.1388
95,1420,1515,0.1388
92,1422,1514,0.1388
90,1429,1519,0.1388
94,1430,1524,0.1388
93,1422,1515,0.1388
98,1412,1510,0.1388
94,1418,1512,0.1388
96,1424,1520,0.1388
97,1420,1517,0.1388
98,1425,1523,0.1388
97,1409,1506,0.1388
99,1401,1500,0.1388
99,1417,1516,0.1388
99,1420,1519,0.1388
97,1423,1520,0.1388
94,1428,1522,0.1388
95,1441,1536,0.1388
97,1439,1536,0.1388
96,1426,1522,0.1388
100,1424,1524,0.1388
99,1421,1520,0.1388
100,1421,1521,0.1388
99,1430,1529,0.1388
99,1426,1525,0.1388
98,1425,1523,0.1388
98,1421,1519,0.1388
99,1415,1514,0.1388
101,1405,1506,0.1388
97,1418,1515,0.1388
94,1418,1512,0.1388
93,1412,1505,0.1388
91,1412,1503,0.1388
96,1408,1504,0.1388
98,1407,1505,0.1388
99,1406,1505,0.1388
99,1399,1498,0.1388
96,1415,1511,0.1388
95,1424,1519,0.1388
95,1408,1503,0.1388
91,1405,1496,0.1388
92,1414,1506,0.1388
92,1416,1508,0.1388
90,1419,1509,0.1388
90,1428,1518,0.1388
93,1421,1514,0.1388
96,1418,1514,0.1388
96,1427,1523,0.1388
95,1426,1521,0.1388
99,1407,1506,0.1388
102,1403,1505,0.1388
104,1412,1516,0.1388
101,1416,1517,0.1388
101,1414,1515,0.1388
100,1407,1507,0.1388
100,1410,1510,0.1388
102,1411,1513,0.1388
102,1402,1504,0.1388
103,1405,1508,0.1388
100,1417,1517,0.1388
100,1397,1497,0.1388
99,1402,1501,0.1388
97,1406,1503,0.1388
97,1405,1502,0.1388
98,1417,1515,0.1388
96,1424,1520,0.1388
93,1415,1508,0.1388
94,1422,1516,0.1388
95,1421,1516,0.1388
93,1425,1518,0.1388
95,1424,1519,0.1388
93,1438,1531,0.1388
93,1446,1539,0.1388
88,1445,1533,0.1388
87,1435,1522,0.1388
86,1432,1518,0.1388
83,1423,1506,0.1388
84,1443,1527,0.1388
85,1429,1514,0.1388
90,1427,1517,0.1388
89,1411,1500,0.1388
90,1407,1497,0.1388
88,1421,1509,0.1388
88,1429,1517,0.1388
89,1426,1515,0.1388
90,1421,1511,0.1388
92,1419,1511,0.1388
90,1426,1516,0.1388
88,1443,1531,0.1388
90,1437,1527,0.1388
88,1448,1536,0.1388
88,1441,1529,0.1388
83,1450,1533,0.1388
83,1423,1506,0.1388
81,1431,1512,0.1388
78,1420,1498,0.1388
81,1427,1508,0.1388
80,1429,1509,0.1388
82,1431,1513,0.1388
84,1434,1518,0.1388
85,1429,1514,0.1388
85,1439,1524,0.1388
84,1438,1522,0.1388
83,1430,1513,0.1388
82,1429,1511,0.1388
84,1427,1511,0.1388
82,1426,1508,0.1388
81,1439,1520,0.1388
80,1449,1529,0.1388
78,1435,1513,0.1388
81,1436,1517,0.1388
81,1424,1505,0.1388
80,1431,1511,0.1388
79,1430,1509,0.1388
81,1444,1525,0.1388
80,1455,1535,0.1388
79,1456,1535,0.1388
76,1450,1526,0.1388
79,1443,1522,0.1388
77,1434,1511,0.1388
79,1438,1517,0.1388
79,1445,1524,0.1388
77,1431,1508,0.1388
76,1418,1494,0.1388
78,1430,1508,0.1388
80,1438,1518,0.1388
81,1452,1533,0.1388
84,1446,1530,0.1388
84,1431,1515,0.1388
81,1437,1518,0.1388
81,1436,1517,0.1388
81,1444,1525,0.1388
79,1446,1525,0.1388
81,1446,1527,0.1388
81,1432,1513,0.1388
77,1444,1521,0.1388
77,1438,1515,0.1388
77,1443,1520,0.1388
73,1431,1504,0.1388
69,1434,1503,0.1388
68,1444,1512,0.1388
69,1439,1508,0.1388
71,1437,1508,0.1388
70,1437,1507,0.1388
65,1438,1503,0.1388
67,1443,1510,0.1388
70,1437,1507,0.1388
65,1442,1507,0.1388
63,1451,1514,0.1388
66,1437,1503,0.1388
67,1456,1523,0.1388
68,1453,1521,0.1388
68,1447,1515,0.1388
66,1433,1499,0.1388
64,1447,1511,0.1388
62,1451,1513,0.1388
62,1457,1519,0.1388
62,1462,1524,0.1388
62,1443,1505,0.1388
60,1439,1499,0.1388
62,1453,1515,0.1388
63,1455,1518,0.1388
62,1441,1503,0.1388
63,1440,1503,0.1388
61,1440,1501,0.1388
58,1445,1503,0.1388
59,1444,1503,0.1388
59,1447,1506,0.1388
58,1450,1508,0.1388
57,1462,1519,0.1388
58,1468,1526,0.1388
58,1465,1523,0.1388
59,1463,1522,0.1388
58,1452,1510,0.1388
55,1455,1510,0.1388
56,1455,1511,0.1388
57,1445,1502,0.1388
58,1440,1498,0.1388
58,1460,1518,0.1388
56,1455,1511,0.1388
57,1455,1512,0.1388
57,1478,1535,0.1388
59,1475,1534,0.1388
57,1457,1514,0.1388
54,1452,1506,0.1388
56,1455,1511,0.1388
57,1453,1510,0.1388
59,1466,1525,0.1388
61,1461,1522,0.1388
62,1457,1519,0.1388
62,1460,1522,0.1388
64,1466,1530,0.1388
64,1462,1526,0.1388
64,1463,1527,0.1388
65,1464,1529,0.1388
67,1466,1533,0.1388
64,1463,1527,0.1388
61,1461,1522,0.1388
60,1468,1528,0.1388
60,1464,1524,0.1388
61,1451,1512,0.1388
62,1451,1513,0.1388
60,1454,1514,0.1388
59,1455,1514,0.1388
60,1453,1513,0.1388
57,1454,1511,0.1388
57,1460,1517,0.1388
56,1461,1517,0.1388
53,1471,1524,0.1388
57,1468,1525,0.1388
58,1471,1529,0.1388
60,1453,1513,0.1388
59,1453,1512,0.1388
59,1459,1518,0.1388
56,1459,1515,0.1388
56,1465,1521,0.1388
55,1458,1513,0.1388
53,1464,1517,0.1388
53,1461,1514,0.1388
54,1460,1514,0.1388
56,1463,1519,0.1388
54,1449,1503,0.1388
54,1455,1509,0.1388
50,1467,1517,0.1388
52,1467,1519,0.1388
53,1462,1515,0.1388
52,1457,1509,0.1388
53,1453,1506,0.1388
54,1449,1503,0.1388
56,1462,1518,0.1388
57,1457,1514,0.1388
57,1462,1519,0.1388
54,1458,1512,0.1388
53,1461,1514,0.1388
55,1453,1508,0.1388
54,1451,1505,0.1388
53,1461,1514,0.1388
53,1456,1509,0.1388
53,1463,1516,0.1388
53,1470,1523,0.1388
53,1471,1524,0.1388
51,1475,1526,0.1388
48,1462,1510,0.1388
47,1467,1514,0.1388
48,1475,1523,0.1388
50,1469,1519,0.1388
48,1475,1523,0.1388
53,1473,1526,0.1388
51,1470,1521,0.1388
50,1448,1498,0.1388
49,1448,1497,0.1388
48,1466,1514,0.1388
48,1464,1512,0.1388
51,1475,1526,0.1388
50,1471,1521,0.1388
45,1473,1518,0.1388
45,1469,1514,0.1388
44,1472,1516,0.1388
45,1474,1519,0.1388
47,1463,1510,0.1388
50,1473,1523,0.1388
50,1481,1531,0.1388
49,1479,1528,0.1388
48,1469,1517,0.1388
48,1470,1518,0.1388
47,1480,1527,0.1388
45,1481,1526,0.1388
48,1461,1509,0.1388
49,1472,1521,0.1388
50,1469,1519,0.1388
50,1468,1518,0.1388
51,1462,1513,0.1388
51,1466,1517,0.1388
51,1464,1515,0.1388
49,1454,1503,0.1388
50,1464,1514,0.1388
50,1469,1519,0.1388
51,1468,1519,0.1388
51,1477,1528,0.1388
51,1466,1517,0.1388
47,1454,1501,0.1388
48,1472,1520,0.1388
52,1474,1526,0.1388
52,1475,1527,0.1388
52,1479,1531,0.1388
53,1470,1523,0.1388
52,1471,1523,0.1388
53,1457,1510,0.1388
52,1460,1512,0.1388
50,1455,1505,0.1388
55,1465,1520,0.1388
53,1467,1520,0.1388
55,1463,1518,0.1388
54,1472,1526,0.1388
54,1455,1509,0.1388
53,1464,1517,0.1388
51,1465,1516,0.1388
54,1473,1527,0.1388
53,1463,1516,0.1388
52,1473,1525,0.1388
50,1459,1509,0.1388
52,1468,1520,0.1388
54,1468,1522,0.1388
52,1479,1531,0.1388
54,1469,1523,0.1388
53,1475,1528,0.1388
53,1474,1527,0.1388
52,1480,1532,0.1388
53,1474,1527,0.1388
52,1480,1532,0.1388
52,1473,1525,0.1388
51,1475,1526,0.1388
49,1463,1512,0.1388
49,1466,1515,0.1388
51,1469,1520,0.1388
50,1461,1511,0.1388
48,1462,1510,0.1388
48,1467,1515,0.1388
48,1476,1524,0.1388
48,1475,1523,0.1388
48,1467,1515,0.1388
48,1461,1509,0.1388
48,1465,1513,0.1388
47,1469,1516,0.1388
48,1476,1524,0.1388
47,1464,1511,0.1388
48,1470,1518,0.1388
50,1458,1508,0.1388
50,1458,1508,0.1388
50,1463,1513,0.1388
51,1458,1509,0.1388
50,1455,1505,0.1388
50,1456,1506,0.1388
49,1449,1498,0.1388
49,1453,1502,0.1388
49,1467,1516,0.1388
49,1468,1517,0.1388
48,1452,1500,0.1388
46,1470,1516,0.1388
47,1477,1524,0.1388
43,1483,1526,0.1388
40,1489,1529,0.1388
41,1474,1515,0.1388
43,1486,1529,0.1388
43,1474,1517,0.1388
42,1471,1513,0.1388
43,1474,1517,0.1388
42,1478,1520,0.1388
42,1462,1504,0.1388
43,1466,1509,0.1388
42,1477,1519,0.1388
43,1475,1518,0.1388
42,1472,1514,0.1388
41,1467,1508,0.1388
40,1467,1507,0.1388
41,1474,1515,0.1388
41,1463,1504,0.1388
39,1476,1515,0.1388
38,1468,1506,0.1388
40,1464,1504,0.1388
38,1459,1497,0.1388
38,1467,1505,0.1388
39,1467,1506,0.1388
38,1469,1507,0.1388
39,1477,1516,0.1388
41,1482,1523,0.1388
39,1477,1516,0.1388
39,1466,1505,0.1388
38,1475,1513,0.1388
38,1470,1508,0.1388
37,1473,1510,0.1388
37,1476,1513,0.1388
37,1480,1517,0.1388
35,1470,1505,0.1388
36,1478,1514,0.1388
36,1481,1517,0.1388
35,1489,1524,0.1388
35,1489,1524,0.1388
38,1479,1517,0.1388
39,1473,1512,0.1388
39,1475,1514,0.1388
39,1471,1510,0.1388
38,1476,1514,0.1388
39,1479,1518,0.1388
39,1477,1516,0.1388
39,1463,1502,0.1388
36,1461,1497,0.1388
36,1467,1503,0.1388
34,1471,1505,0.1388
32,1474,1506,0.1388
33,1484,1517,0.1388
34,1490,1524,0.1388
34,1479,1513,0.1388
34,1489,1523,0.1388
35,1487,1522,0.1388
34,1488,1522,0.1388
34,1490,1524,0.1388
32,1496,1528,0.1388
33,1476,1509,0.1388
33,1484,1517,0.1388
32,1502,1534,0.1388
32,1495,1527,0.1388
32,1474,1506,0.1388
32,1482,1514,0.1388
31,1477,1508,0.1388
31,1486,1517,0.1388
32,1487,1519,0.1388
32,1493,1525,0.1388
32,1476,1508,0.1388
35,1487,1522,0.1388
34,1502,1536,0.1388
33,1496,1529,0.1388
32,1495,1527,0.1388
29,1502,1531,0.1388
29,1492,1521,0.1388
29,1482,1511,0.1388
30,1484,1514,0.1388
28,1486,1514,0.1388
29,1499,1528,0.1388
29,1496,1525,0.1388
29,1491,1520,0.1388
30,1501,1531,0.1388
30,1492,1522,0.1388
31,1486,1517,0.1388
31,1487,1518,0.1388
29,1474,1503,0.1388
30,1493,1523,0.1388
30,1488,1518,0.1388
29,1482,1511,0.1388
28,1498,1526,0.1388
27,1507,1534,0.1388
25,1504,1529,0.1388
22,1497,1519,0.1388
24,1494,1518,0.1388
24,1505,1529,0.1388
24,1502,1526,0.1388
24,1492,1516,0.1388
21,1489,1510,0.1388
20,1490,1510,0.1388
20,1484,1504,0.1388
20,1479,1499,0.1388
20,1484,1504,0.1388
20,1493,1513,0.1388
19,1507,1526,0.1388
19,1513,1532,0.1388
17,1508,1525,0.1388
16,1502,1518,0.1388
16,1521,1537,0.1388
16,1515,1531,0.1388
18,1503,1521,0.1388
16,1494,1510,0.1388
17,1498,1515,0.1388
17,1492,1509,0.1388
17,1494,1511,0.1388
19,1503,1522,0.1388
19,1512,1531,0.1388
18,1499,1517,0.1388
18,1486,1504,0.1388
18,1478,1496,0.1388
17,1480,1497,0.1388
18,1489,1507,0.1388
18,1477,1495,0.1388
18,1474,1492,0.1388
18,1484,1502,0.1388
17,1488,1505,0.1388
17,1499,1516,0.1388
17,1499,1516,0.1388
17,1500,1517,0.1388
17,1493,1510,0.1388
17,1501,1518,0.1388
17,1511,1528,0.1388
17,1502,1519,0.1388
16,1490,1506,0.1388
14,1494,1508,0.1388
14,1500,1514,0.1388
15,1501,1516,0.1388
14,1508,1522,0.1388
15,1503,1518,0.1388
15,1499,1514,0.1388
14,1505,1519,0.1388
14,1514,1528,0.1388
14,1503,1517,0.1388
14,1502,1516,0.1388
14,1481,1495,0.1388
14,1496,1510,0.1388
12,1501,1513,0.1388
12,1489,1501,0.1388
12,1497,1509,0.1388
13,1514,1527,0.1388
13,1510,1523,0.1388
13,1512,1525,0.1388
13,1508,1521,0.1388
13,1506,1519,0.1388
13,1503,1516,0.1388
13,1499,1512,0.1388
13,1498,1511,0.1388
13,1504,1517,0.1388
12,1501,1513,0.1388
11,1490,1501,0.1388
10,1491,1501,0.1388
10,1491,1501,0.1388
9,1502,1511,0.1388
8,1508,1516,0.1388
8,1515,1523,0.1388
8,1512,1520,0.1388
9,1513,1522,0.1388
9,1495,1504,0.1388
9,1506,1515,0.1388
9,1500,1509,0.1388
9,1508,1517,0.1388
9,1514,1523,0.1388
9,1516,1525,0.1388
10,1514,1524,0.1388
10,1497,1507,0.1388
10,1509,1519,0.1388
10,1506,1516,0.1388
10,1519,1529,0.1388
10,1515,1525,0.1388
10,1521,1531,0.1388
11,1512,1523,0.1388
11,1507,1518,0.1388
11,1518,1529,0.1388
11,1511,1522,0.1388
11,1508,1519,0.1388
11,1508,1519,0.1388
11,1508,1519,0.1388
11,1492,1503,0.1388
10,1495,1505,0.1388
10,1507,1517,0.1388
10,1503,1513,0.1388
10,1519,1529,0.1388
11,1514,1525,0.1388
11,1508,1519,0.1388
10,1523,1533,0.1388
11,1519,1530,0.1388
11,1509,1520,0.1388
11,1517,1528,0.1388
11,1514,1525,0.1388
11,1516,1527,0.1388
11,1501,1512,0.1388
11,1511,1522,0.1388
11,1506,1517,0.1388
10,1501,1511,0.1388
10,1503,1513,0.1388
7,1505,1512,0.1388
7,1501,1508,0.1388
7,1506,1513,0.1388
7,1502,1509,0.1388
7,1508,1515,0.1388
7,1498,1505,0.1388
7,1503,1510,0.1388
7,1513,1520,0.1388
7,1515,1522,0.1388
7,1526,1533,0.1388
7,1508,1515,0.1388
7,1495,1502,0.1388
7,1499,1506,0.1388
7,1497,1504,0.1388
5,1501,1506,0.1388
5,1491,1496,0.1388
6,1496,1502,0.1388
7,1505,1512,0.1388
7,1506,1513,0.1388
7,1510,1517,0.1388
7,1513,1520,0.1388
6,1503,1509,0.1388
6,1505,1511,0.1388
6,1495,1501,0.1388
6,1486,1492,0.1388
6,1495,1501,0.1388
6,1509,1515,0.1388
6,1509,1515,0.1388
5,1506,1511,0.1388
5,1498,1503,0.1388
5,1511,1516,0.1388
5,1507,1512,0.1388
6,1509,1515,0.1388
6,1514,1520,0.1388
5,1512,1517,0.1388
5,1519,1524,0.1388
5,1528,1533,0.1388
5,1519,1524,0.1388
5,1517,1522,0.1388
5,1509,1514,0.1388
5,1496,1501,0.1388
5,1505,1510,0.1388
4,1500,1504,0.1388
5,1502,1507,0.1388
5,1490,1495,0.1388
5,1490,1495,0.1388
6,1502,1508,0.1388
6,1505,1511,0.1388
6,1505,1511,0.1388
5,1501,1506,0.1388
5,1506,1511,0.1388
4,1514,1518,0.1388
4,1520,1524,0.1388
4,1524,1528,0.1388
4,1525,1529,0.1388
4,1525,1529,0.1388
4,1514,1518,0.1388
4,1512,1516,0.1388
4,1491,1495,0.1388
5,1504,1509,0.1388
5,1509,1514,0.1388
5,1511,1516,0.1388
5,1503,1508,0.1388
5,1502,1507,0.1388
5,1495,1500,0.1388
5,1490,1495,0.1388
5,1490,1495,0.1388
5,1494,1499,0.1388
5,1490,1495,0.1388
5,1494,1499,0.1388
5,1494,1499,0.1388
5,1496,1501,0.1388
5,1518,1523,0.1388
5,1517,1522,0.1388
6,1517,1523,0.1388
7,1512,1519,0.1388
7,1514,1521,0.1388
7,1515,1522,0.1388
7,1518,1525,0.1388
7,1514,1521,0.1388
7,1509,1516,0.1388
8,1501,1509,0.1388
9,1514,1523,0.1388
8,1526,1534,0.1388
7,1513,1520,0.1388
6,1525,1531,0.1388
6,1515,1521,0.1388
6,1509,1515,0.1388
5,1522,1527,0.1388
5,1524,1529,0.1388
5,1505,1510,0.1388
6,1510,1516,0.1388
7,1508,1515,0.1388
8,1506,1514,0.1388
8,1514,1522,0.1388
8,1510,1518,0.1388
6,1512,1518,0.1388
6,1520,1526,0.1388
6,1527,1533,0.1388
7,1524,1531,0.1388
7,1516,1523,0.1388
7,1504,1511,0.1388
7,1501,1508,0.1388
9,1502,1511,0.1388
9,1491,1500,0.1388
9,1487,1496,0.1388
8,1494,1502,0.1388
7,1487,1494,0.1388
7,1499,1506,0.1388
7,1508,1515,0.1388
6,1521,1527,0.1388
6,1517,1523,0.1388
5,1507,1512,0.1388
5,1504,1509,0.1388
6,1512,1518,0.1388
7,1496,1503,0.1388
7,1485,1492,0.1388
7,1490,1497,0.1388
7,1496,1503,0.1388
6,1505,1511,0.1388
6,1498,1504,0.1388
6,1500,1506,0.1388
6,1511,1517,0.1388
6,1508,1514,0.1388
6,1519,1525,0.1388
6,1531,1537,0.1388
6,1524,1530,0.1388
6,1518,1524,0.1388
6,1497,1503,0.1388
7,1509,1516,0.1388
7,1514,1521,0.1388
8,1513,1521,0.1388
9,1505,1514,0.1388
9,1506,1515,0.1388
9,1507,1516,0.1388
9,1504,1513,0.1388
10,1496,1506,0.1388
8,1499,1507,0.1388
8,1501,1509,0.1388
6,1495,1501,0.1388
6,1488,1494,0.1388
7,1500,1507,0.1388
7,1493,1500,0.1388
7,1504,1511,0.1388
8,1505,1513,0.1388
8,1503,1511,0.1388
8,1498,1506,0.1388
9,1502,1511,0.1388
9,1504,1513,0.1388
9,1509,1518,0.1388
9,1519,1528,0.1388
10,1511,1521,0.1388
9,1504,1513,0.1388
8,1492,1500,0.1388
8,1505,1513,0.1388
8,1502,1510,0.1388
7,1510,1517,0.1388
6,1512,1518,0.1388
6,1511,1517,0.1388
6,1517,1523,0.1388
6,1530,1536,0.1388
6,1529,1535,0.1388
6,1512,1518,0.1388
6,1506,1512,0.1388
6,1519,1525,0.1388
6,1505,1511,0.1388
7,1505,1512,0.1388
7,1509,1516,0.1388
7,1520,1527,0.1388
8,1513,1521,0.1388
6,1515,1521,0.1388
6,1509,1515,0.1388
7,1516,1523,0.1388
7,1505,1512,0.1388
7,1515,1522,0.1388
7,1511,1518,0.1388
6,1507,1513,0.1388
6,1508,1514,0.1388
6,1513,1519,0.1388
6,1504,1510,0.1388
6,1518,1524,0.1388
6,1509,1515,0.1388
6,1515,1521,0.1388
6,1494,1500,0.1388
6,1498,1504,0.1388
6,1510,1516,0.1388
6,1494,1500,0.1388
7,1505,1512,0.1388
8,1506,1514,0.1388
8,1497,1505,0.1388
8,1499,1507,0.1388
8,1497,1505,0.1388
8,1507,1515,0.1388
8,1512,1520,0.1388
8,1507,1515,0.1388
8,1507,1515,0.1388
7,1492,1499,0.1388
7,1506,1513,0.1388
6,1506,1512,0.1388
6,1501,1507,0.1388
6,1509,1515,0.1388
6,1517,1523,0.1388
6,1513,1519,0.1388
6,1512,1518,0.1388
6,1512,1518,0.1388
7,1508,1515,0.1388
7,1504,1511,0.1388
7,1499,1506,0.1388
7,1483,1490,0.1388
7,1490,1497,0.1388
6,1500,1506,0.1388
7,1510,1517,0.1388
7,1504,1511,0.1388
8,1497,1505,0.1388
8,1503,1511,0.1388
8,1498,1506,0.1388
8,1504,1512,0.1388
8,1508,1516,0.1388
8,1494,1502,0.1388
8,1499,1507,0.1388
7,1510,1517,0.1388
7,1505,1512,0.1388
9,1494,1503,0.1388
9,1512,1521,0.1388
9,1508,1517,0.1388
9,1518,1527,0.1388
9,1514,1523,0.1388
9,1513,1522,0.1388
9,1505,1514,0.1388
10,1500,1510,0.1388
10,1511,1521,0.1388
10,1505,1515,0.1388
10,1512,1522,0.1388
10,1512,1522,0.1388
11,1496,1507,0.1388
11,1498,1509,0.1388
11,1496,1507,0.1388
12,1508,1520,0.1388
12,1507,1519,0.1388
12,1512,1524,0.1388
13,1500,1513,0.1388
13,1508,1521,0.1388
13,1509,1522,0.1388
12,1504,1516,0.1388
11,1510,1521,0.1388
10,1508,1518,0.1388
10,1512,1522,0.1388
10,1516,1526,0.1388
11,1512,1523,0.1388
10,1500,1510,0.1388
8,1507,1515,0.1388
8,1499,1507,0.1388
8,1495,1503,0.1388
8,1498,1506,0.1388
9,1502,1511,0.1388
9,1511,1520,0.1388
7,1506,1513,0.1388
8,1502,1510,0.1388
8,1501,1509,0.1388
8,1511,1519,0.1388
8,1514,1522,0.1388
8,1520,1528,0.1388
8,1506,1514,0.1388
8,1506,1514,0.1388
8,1508,1516,0.1388
8,1520,1528,0.1388
7,1508,1515,0.1388
7,1520,1527,0.1388
6,1523,1529,0.1388
6,1525,1531,0.1388
6,1502,1508,0.1388
5,1523,1528,0.1388
5,1518,1523,0.1388
6,1521,1527,0.1388
6,1519,1525,0.1388
6,1509,1515,0.1388
5,1514,1519,0.1388
6,1508,1514,0.1388
5,1504,1509,0.1388
4,1512,1516,0.1388
3,1510,1513,0.1388
3,1504,1507,0.1388
3,1511,1514,0.1388
3,1505,1508,0.1388
3,1512,1515,0.1388
3,1526,1529,0.1388
3,1520,1523,0.1388
3,1511,1514,0.1388
3,1509,1512,0.1388
3,1501,1504,0.1388
3,1525,1528,0.1388
3,1518,1521,0.1388
3,1521,1524,0.1388
3,1510,1513,0.1388
3,1505,1508,0.1388
3,1517,1520,0.1388
3,1518,1521,0.1388
3,1519,1522,0.1388
3,1508,1511,0.1388
3,1520,1523,0.1388
3,1507,1510,0.1388
3,1508,1511,0.1388
3,1506,1509,0.1388
3,1514,1517,0.1388
3,1512,1515,0.1388
3,1522,1525,0.1388
3,1519,1522,0.1388
2,1519,1521,0.1388
2,1528,1530,0.1388
2,1526,1528,0.1388
2,1532,1534,0.1388
2,1521,1523,0.1388
2,1506,1508,0.1388
2,1505,1507,0.1388
2,1509,1511,0.1388
2,1524,1526,0.1388
2,1515,1517,0.1388
2,1511,1513,0.1388
2,1513,1515,0.1388
2,1516,1518,0.1388
2,1525,1527,0.1388
2,1523,1525,0.1388
1,1510,1511,0.1388
1,1507,1508,0.1388
1,1520,1521,0.1388
1,1519,1520,0.1388
1,1518,1519,0.1388
1,1514,1515,0.1388
1,1513,1514,0.1388
1,1530,1531,0.1388
1,1523,1524,0.1388
1,1518,1519,0.1388
1,1510,1511,0.1388
1,1504,1505,0.1388
1,1506,1507,0.1388
1,1521,1522,0.1388
1,1519,1520,0.1388
1,1511,1512,0.1388
1,1519,1520,0.1388
1,1526,1527,0.1388
1,1517,1518,0.1388
1,1513,1514,0.1388
1,1507,1508,0.1388
2,1503,1505,0.1388
2,1518,1520,0.1388
2,1514,1516,0.1388
2,1513,1515,0.1388
2,1505,1507,0.1388
2,1504,1506,0.1388
2,1507,1509,0.1388
2,1504,1506,0.1388
2,1511,1513,0.1388
2,1507,1509,0.1388
2,1513,1515,0.1388
3,1517,1520,0.1388
3,1510,1513,0.1388
3,1511,1514,0.1388
3,1512,1515,0.1388
4,1510,1514,0.1388
4,1495,1499,0.1388
4,1499,1503,0.1388
4,1494,1498,0.1388
3,1494,1497,0.1388
4,1497,1501,0.1388
4,1512,1516,0.1388
4,1510,1514,0.1388
4,1520,1524,0.1388
4,1507,1511,0.1388
4,1529,1533,0.1388
4,1519,1523,0.1388
4,1523,1527,0.1388
5,1511,1516,0.1388
6,1514,1520,0.1388
6,1497,1503,0.1388
6,1504,1510,0.1388
6,1523,1529,0.1388
6,1528,1534,0.1388
6,1515,1521,0.1388
6,1509,1515,0.1388
6,1516,1522,0.1388
6,1531,1537,0.1388
5,1529,1534,0.1388
5,1511,1516,0.1388
5,1521,1526,0.1388
5,1520,1525,0.1388
4,1517,1521,0.1388
5,1518,1523,0.1388
5,1519,1524,0.1388
4,1503,1507,0.1388
4,1513,1517,0.1388
5,1517,1522,0.1388
5,1517,1522,0.1388
5,1526,1531,0.1388
5,1505,1510,0.1388
4,1512,1516,0.1388
4,1518,1522,0.1388
4,1513,1517,0.1388
5,1509,1514,0.1388
5,1506,1511,0.1388
5,1505,1510,0.1388
5,1496,1501,0.1388
5,1491,1496,0.1388
5,1501,1506,0.1388
5,1511,1516,0.1388
5,1506,1511,0.1388
5,1516,1521,0.1388
5,1510,1515,0.1388
5,1502,1507,0.1388
5,1498,1503,0.1388
5,1510,1515,0.1388
5,1525,1530,0.1388
4,1537,1541,0.1388
4,1532,1536,0.1388
5,1526,1531,0.1388
5,1524,1529,0.1388
3,1534,1537,0.1388
3,1528,1531,0.1388
2,1525,1527,0.1388
2,1539,1541,0.1388
2,1525,1527,0.1388
2,1520,1522,0.1388
2,1519,1521,0.1388
3,1523,1526,0.1388
2,1519,1521,0.1388
2,1522,1524,0.1388
2,1523,1525,0.1388
2,1515,1517,0.1388
2,1518,1520,0.1388
2,1515,1517,0.1388
2,1511,1513,0.1388
2,1503,1505,0.1388
2,1523,1525,0.1388
1,1519,1520,0.1388
1,1502,1503,0.1388
1,1508,1509,0.1388
1,1509,1510,0.1388
1,1505,1506,0.1388
1,1509,1510,0.1388
1,1506,1507,0.1388
1,1511,1512,0.1388
0,1526,1526,0.1388
