1379,29,1408,0.1388
1419,29,1448,0.1388
1430,29,1459,0.1388
1427,30,1457,0.1388
1429,31,1460,0.1388
1434,29,1463,0.1388
1446,28,1474,0.1388
1441,26,1467,0.1388
1446,26,1472,0.1388
1465,27,1492,0.1388
1470,27,1497,0.1388
1465,26,1491,0.1388
1473,29,1502,0.1388
1465,31,1496,0.1388
1458,33,1491,0.1388
1463,32,1495,0.1388
1471,29,1500,0.1388
1477,29,1506,0.1388
1485,28,1513,0.1388
1476,29,1505,0.1388
1482,30,1512,0.1388
1471,29,1500,0.1388
1474,27,1501,0.1388
1471,26,1497,0.1388
1475,26,1501,0.1388
1481,23,1504,0.1388
1476,24,1500,0.1388
1477,24,1501,0.1388
1487,24,1511,0.1388
1481,24,1505,0.1388
1481,26,1507,0.1388
1477,27,1504,0.1388
1472,24,1496,0.1388
1448,24,1472,0.1388
1461,24,1485,0.1388
1457,26,1483,0.1388
1461,26,1487,0.1388
1462,25,1487,0.1388
1453,28,1481,0.1388
1456,28,1484,0.1388
1463,28,1491,0.1388
1453,26,1479,0.1388
1470,23,1493,0.1388
1476,22,1498,0.1388
1469,22,1491,0.1388
1474,24,1498,0.1388
1480,23,1503,0.1388
1479,22,1501,0.1388
1477,23,1500,0.1388
1464,24,1488,0.1388
1451,26,1477,0.1388
1451,26,1477,0.1388
1450,26,1476,0.1388
1452,25,1477,0.1388
1471,28,1499,0.1388
1472,28,1500,0.1388
1480,29,1509,0.1388
1457,29,1486,0.1388
1453,29,1482,0.1388
1447,30,1477,0.1388
1466,31,1497,0.1388
1473,31,1504,0.1388
1460,32,1492,0.1388
1469,34,1503,0.1388
1456,33,1489,0.1388
1457,32,1489,0.1388
1456,33,1489,0.1388
1459,30,1489,0.1388
1466,30,1496,0.1388
1464,31,1495,0.1388
1462,30,1492,0.1388
1455,32,1487,0.1388
1472,30,1502,0.1388
1464,29,1493,0.1388
1473,29,1502,0.1388
1475,27,1502,0.1388
1475,27,1502,0.1388
1471,30,1501,0.1388
1465,31,1496,0.1388
1460,31,1491,0.1388
1467,33,1500,0.1388
1470,31,1501,0.1388
1467,33,1500,0.1388
1467,34,1501,0.1388
1467,35,1502,0.1388
1470,34,1504,0.1388
1462,33,1495,0.1388
1446,31,1477,0.1388
1441,33,1474,0.1388
1424,33,1457,0.1388
1442,33,1475,0.1388
1439,34,1473,0.1388
1450,37,1487,0.1388
1443,40,1483,0.1388
1440,39,1479,0.1388
1440,39,1479,0.1388
1437,39,1476,0.1388
1431,40,1471,0.1388
1445,40,1485,0.1388
1442,43,1485,0.1388
1444,44,1488,0.1388
1435,47,1482,0.1388
1447,48,1495,0.1388
1458,47,1505,0.1388
1445,45,1490,0.1388
1452,46,1498,0.1388
1449,45,1494,0.1388
1451,41,1492,0.1388
1453,40,1493,0.1388
1454,39,1493,0.1388
1444,39,1483,0.1388
1457,40,1497,0.1388
1446,38,1484,0.1388
1442,39,1481,0.1388
1441,39,1480,0.1388
1427,40,1467,0.1388
1426,44,1470,0.1388
1427,47,1474,0.1388
1420,47,1467,0.1388
1422,50,1472,0.1388
1424,49,1473,0.1388
1429,48,1477,0.1388
1446,49,1495,0.1388
1456,49,1505,0.1388
1444,49,1493,0.1388
1447,49,1496,0.1388
1442,49,1491,0.1388
1438,48,1486,0.1388
1434,48,1482,0.1388
1442,49,1491,0.1388
1454,50,1504,0.1388
1456,50,1506,0.1388
1446,51,1497,0.1388
1460,51,1511,0.1388
1459,51,1510,0.1388
1458,50,1508,0.1388
1443,48,1491,0.1388
1447,52,1499,0.1388
1451,52,1503,0.1388
1458,53,1511,0.1388
1446,51,1497,0.1388
1454,52,1506,0.1388
1445,50,1495,0.1388
1435,51,1486,0.1388
1438,49,1487,0.1388
1432,49,1481,0.1388
1429,49,1478,0.1388
1428,47,1475,0.1388
1436,49,1485,0.1388
1449,51,1500,0.1388
1442,52,1494,0.1388
1457,54,1511,0.1388
1449,55,1504,0.1388
1457,55,1512,0.1388
1445,59,1504,0.1388
1440,59,1499,0.1388
1443,59,1502,0.1388
1446,59,1505,0.1388
1434,59,1493,0.1388
1441,57,1498,0.1388
1438,60,1498,0.1388
1443,60,1503,0.1388
1446,59,1505,0.1388
1435,62,1497,0.1388
1436,60,1496,0.1388
1434,60,1494,0.1388
1439,58,1497,0.1388
1441,58,1499,0.1388
1446,57,1503,0.1388
1447,57,1504,0.1388
1451,54,1505,0.1388
1454,56,1510,0.1388
1456,56,1512,0.1388
1461,55,1516,0.1388
1448,54,1502,0.1388
1433,53,1486,0.1388
1428,54,1482,0.1388
1415,54,1469,0.1388
1429,53,1482,0.1388
1439,56,1495,0.1388
1452,50,1502,0.1388
1439,53,1492,0.1388
1440,55,1495,0.1388
1431,54,1485,0.1388
1425,54,1479,0.1388
1421,54,1475,0.1388
1421,55,1476,0.1388
1422,56,1478,0.1388
1408,55,1463,0.1388
1403,57,1460,0.1388
1411,56,1467,0.1388
1417,57,1474,0.1388
1419,57,1476,0.1388
1413,58,1471,0.1388
1430,59,1489,0.1388
1423,59,1482,0.1388
1429,62,1491,0.1388
1414,63,1477,0.1388
1429,62,1491,0.1388
1429,62,1491,0.1388
1415,62,1477,0.1388
1419,62,1481,0.1388
1423,62,1485,0.1388
1429,63,1492,0.1388
1428,63,1491,0.1388
1409,66,1475,0.1388
1411,65,1476,0.1388
1416,70,1486,0.1388
1424,68,1492,0.1388
1403,69,1472,0.1388
1414,73,1487,0.1388
1425,75,1500,0.1388
1431,75,1506,0.1388
1438,75,1513,0.1388
1438,75,1513,0.1388
1440,74,1514,0.1388
1424,74,1498,0.1388
1417,75,1492,0.1388
1416,74,1490,0.1388
1408,73,1481,0.1388
1409,75,1484,0.1388
1398,78,1476,0.1388
1385,77,1462,0.1388
1384,79,1463,0.1388
1403,80,1483,0.1388
1404,78,1482,0.1388
1398,78,1476,0.1388
1394,81,1475,0.1388
1406,79,1485,0.1388
1414,76,1490,0.1388
1415,75,1490,0.1388
1425,75,1500,0.1388
1415,74,1489,0.1388
1406,75,1481,0.1388
1419,79,1498,0.1388
1410,80,1490,0.1388
1419,80,1499,0.1388
1430,76,1506,0.1388
1428,76,1504,0.1388
1416,77,1493,0.1388
1422,79,1501,0.1388
1431,79,1510,0.1388
1429,78,1507,0.1388
1422,78,1500,0.1388
1413,80,1493,0.1388
1404,77,1481,0.1388
1396,81,1477,0.1388
1412,79,1491,0.1388
1408,78,1486,0.1388
1414,79,1493,0.1388
1418,81,1499,0.1388
1415,85,1500,0.1388
1416,83,1499,0.1388
1402,82,1484,0.1388
1400,85,1485,0.1388
1385,86,1471,0.1388
1394,85,1479,0.1388
1399,83,1482,0.1388
1407,85,1492,0.1388
1412,83,1495,0.1388
1406,83,1489,0.1388
1406,84,1490,0.1388
1397,85,1482,0.1388
1386,85,1471,0.1388
1387,83,1470,0.1388
1374,83,1457,0.1388
1393,83,1476,0.1388
1387,84,1471,0.1388
1392,87,1479,0.1388
1400,87,1487,0.1388
1395,82,1477,0.1388
1402,86,1488,0.1388
1396,85,1481,0.1388
1402,85,1487,0.1388
1402,82,1484,0.1388
1405,82,1487,0.1388
1418,85,1503,0.1388
1404,86,1490,0.1388
1415,85,1500,0.1388
1410,81,1491,0.1388
1410,82,1492,0.1388
1414,84,1498,0.1388
1403,82,1485,0.1388
1406,79,1485,0.1388
1416,81,1497,0.1388
1415,83,1498,0.1388
1418,86,1504,0.1388
1406,88,1494,0.1388
1401,89,1490,0.1388
1399,89,1488,0.1388
1390,88,1478,0.1388
1405,86,1491,0.1388
1406,86,1492,0.1388
1412,84,1496,0.1388
1417,85,1502,0.1388
1420,86,1506,0.1388
1418,85,1503,0.1388
1419,89,1508,0.1388
1413,88,1501,0.1388
1422,88,1510,0.1388
1402,87,1489,0.1388
1405,91,1496,0.1388
1397,92,1489,0.1388
1401,96,1497,0.1388
1409,93,1502,0.1388
1407,94,1501,0.1388
1398,94,1492,0.1388
1399,99,1498,0.1388
1400,98,1498,0.1388
1405,96,1501,0.1388
1417,95,1512,0.1388
1409,95,1504,0.1388
1398,93,1491,0.1388
1391,88,1479,0.1388
1387,86,1473,0.1388
1380,90,1470,0.1388
1374,92,1466,0.1388
1376,92,1468,0.1388
1371,92,1463,0.1388
1381,92,1473,0.1388
1387,89,1476,0.1388
1392,89,1481,0.1388
1403,91,1494,0.1388
1397,93,1490,0.1388
1392,93,1485,0.1388
1393,94,1487,0.1388
1403,91,1494,0.1388
1400,94,1494,0.1388
1396,94,1490,0.1388
1386,98,1484,0.1388
1388,96,1484,0.1388
1401,95,1496,0.1388
1396,100,1496,0.1388
1391,98,1489,0.1388
1371,98,1469,0.1388
1374,100,1474,0.1388
1375,100,1475,0.1388
1382,100,1482,0.1388
1375,103,1478,0.1388
1380,108,1488,0.1388
1386,110,1496,0.1388
1387,110,1497,0.1388
1394,106,1500,0.1388
1374,111,1485,0.1388
1377,109,1486,0.1388
1375,108,1483,0.1388
1375,107,1482,0.1388
1377,112,1489,0.1388
1371,115,1486,0.1388
1356,117,1473,0.1388
1360,123,1483,0.1388
1365,124,1489,0.1388
1378,127,1505,0.1388
1366,122,1488,0.1388
1356,126,1482,0.1388
1356,127,1483,0.1388
1364,129,1493,0.1388
1368,131,1499,0.1388
1371,132,1503,0.1388
1369,132,1501,0.1388
1379,134,1513,0.1388
1383,137,1520,0.1388
1365,134,1499,0.1388
1362,136,1498,0.1388
1367,134,1501,0.1388
1364,133,1497,0.1388
1354,137,1491,0.1388
1362,137,1499,0.1388
1373,140,1513,0.1388
1369,143,1512,0.1388
1364,144,1508,0.1388
1348,147,1495,0.1388
1356,143,1499,0.1388
1357,147,1504,0.1388
1349,148,1497,0.1388
1341,147,1488,0.1388
1339,144,1483,0.1388
1337,142,1479,0.1388
1339,144,1483,0.1388
1345,145,1490,0.1388
1351,144,1495,0.1388
1342,144,1486,0.1388
1344,147,1491,0.1388
1343,152,1495,0.1388
1333,154,1487,0.1388
1339,149,1488,0.1388
1352,148,1500,0.1388
1368,148,1516,0.1388
1358,146,1504,0.1388
1357,149,1506,0.1388
1349,150,1499,0.1388
1339,151,1490,0.1388
1339,152,1491,0.1388
1338,156,1494,0.1388
1346,156,1502,0.1388
1343,159,1502,0.1388
1347,158,1505,0.1388
1343,162,1505,0.1388
1333,162,1495,0.1388
1332,163,1495,0.1388
1338,164,1502,0.1388
1330,164,1494,0.1388
1332,160,1492,0.1388
1331,158,1489,0.1388
1332,157,1489,0.1388
1314,160,1474,0.1388
1320,159,1479,0.1388
1312,161,1473,0.1388
1313,167,1480,0.1388
1319,168,1487,0.1388
1310,171,1481,0.1388
1324,170,1494,0.1388
1321,174,1495,0.1388
1335,174,1509,0.1388
1330,175,1505,0.1388
1314,175,1489,0.1388
1317,178,1495,0.1388
1313,177,1490,0.1388
1304,179,1483,0.1388
1298,181,1479,0.1388
1298,179,1477,0.1388
1306,182,1488,0.1388
1298,181,1479,0.1388
1289,181,1470,0.1388
1285,184,1469,0.1388
1286,192,1478,0.1388
1302,192,1494,0.1388
1296,193,1489,0.1388
1300,191,1491,0.1388
1305,193,1498,0.1388
1293,189,1482,0.1388
1289,191,1480,0.1388
1297,191,1488,0.1388
1303,194,1497,0.1388
1299,196,1495,0.1388
1315,200,1515,0.1388
1312,204,1516,0.1388
1302,202,1504,0.1388
1306,205,1511,0.1388
1298,205,1503,0.1388
1298,202,1500,0.1388
1306,202,1508,0.1388
1313,207,1520,0.1388
1305,204,1509,0.1388
1320,199,1519,0.1388
1312,201,1513,0.1388
1309,202,1511,0.1388
1307,200,1507,0.1388
1303,197,1500,0.1388
1294,199,1493,0.1388
1297,200,1497,0.1388
1292,200,1492,0.1388
1299,199,1498,0.1388
1301,199,1500,0.1388
1308,199,1507,0.1388
1305,201,1506,0.1388
1300,200,1500,0.1388
1301,201,1502,0.1388
1290,203,1493,0.1388
1282,204,1486,0.1388
1301,205,1506,0.1388
1290,212,1502,0.1388
1286,212,1498,0.1388
1281,215,1496,0.1388
1286,218,1504,0.1388
1276,216,1492,0.1388
1275,214,1489,0.1388
1273,217,1490,0.1388
1271,215,1486,0.1388
1283,217,1500,0.1388
1288,220,1508,0.1388
1280,218,1498,0.1388
1283,221,1504,0.1388
1280,222,1502,0.1388
1282,221,1503,0.1388
1274,220,1494,0.1388
1273,224,1497,0.1388
1275,227,1502,0.1388
1285,227,1512,0.1388
1278,221,1499,0.1388
1283,226,1509,0.1388
1273,226,1499,0.1388
1279,227,1506,0.1388
1270,229,1499,0.1388
1272,225,1497,0.1388
1280,222,1502,0.1388
1274,230,1504,0.1388
1280,225,1505,0.1388
1276,226,1502,0.1388
1273,228,1501,0.1388
1269,231,1500,0.1388
1271,231,1502,0.1388
1269,232,1501,0.1388
1270,234,1504,0.1388
1267,233,1500,0.1388
1274,236,1510,0.1388
1265,230,1495,0.1388
1269,226,1495,0.1388
1268,223,1491,0.1388
1279,222,1501,0.1388
1279,220,1499,0.1388
1284,217,1501,0.1388
1290,216,1506,0.1388
1269,220,1489,0.1388
1284,219,1503,0.1388
1291,214,1505,0.1388
1295,214,1509,0.1388
1273,222,1495,0.1388
1266,220,1486,0.1388
1262,223,1485,0.1388
1267,223,1490,0.1388
1267,225,1492,0.1388
1270,225,1495,0.1388
1272,229,1501,0.1388
1271,230,1501,0.1388
1268,229,1497,0.1388
1267,232,1499,0.1388
1268,228,1496,0.1388
1266,228,1494,0.1388
1275,230,1505,0.1388
1275,228,1503,0.1388
1271,230,1501,0.1388
1256,235,1491,0.1388
1254,234,1488,0.1388
1268,231,1499,0.1388
1255,234,1489,0.1388
1264,236,1500,0.1388
1254,235,1489,0.1388
1250,236,1486,0.1388
1253,235,1488,0.1388
1246,238,1484,0.1388
1244,243,1487,0.1388
1257,241,1498,0.1388
1258,245,1503,0.1388
1256,246,1502,0.1388
1257,248,1505,0.1388
1252,242,1494,0.1388
1250,246,1496,0.1388
1244,244,1488,0.1388
1246,245,1491,0.1388
1237,248,1485,0.1388
1249,255,1504,0.1388
1241,252,1493,0.1388
1232,254,1486,0.1388
1236,251,1487,0.1388
1227,249,1476,0.1388
1238,253,1491,0.1388
1236,249,1485,0.1388
1234,249,1483,0.1388
1231,250,1481,0.1388
1229,252,1481,0.1388
1229,258,1487,0.1388
1223,260,1483,0.1388
1241,262,1503,0.1388
1233,265,1498,0.1388
1233,264,1497,0.1388
1243,262,1505,0.1388
1237,260,1497,0.1388
1237,260,1497,0.1388
1228,267,1495,0.1388
1233,264,1497,0.1388
1238,261,1499,0.1388
1232,259,1491,0.1388
1243,260,1503,0.1388
1233,261,1494,0.1388
1239,262,1501,0.1388
1239,262,1501,0.1388
1238,260,1498,0.1388
1234,265,1499,0.1388
1243,261,1504,0.1388
1229,258,1487,0.1388
1230,252,1482,0.1388
1239,257,1496,0.1388
1239,261,1500,0.1388
1234,268,1502,0.1388
1230,268,1498,0.1388
1234,270,1504,0.1388
1234,270,1504,0.1388
1241,270,1511,0.1388
1241,273,1514,0.1388
1239,268,1507,0.1388
1239,269,1508,0.1388
1235,263,1498,0.1388
1225,271,1496,0.1388
1220,268,1488,0.1388
1223,265,1488,0.1388
1219,266,1485,0.1388
1226,270,1496,0.1388
1224,271,1495,0.1388
1205,270,1475,0.1388
1222,271,1493,0.1388
1227,267,1494,0.1388
1224,269,1493,0.1388
1224,271,1495,0.1388
1222,272,1494,0.1388
1228,278,1506,0.1388
1231,273,1504,0.1388
1241,277,1518,0.1388
1237,286,1523,0.1388
1231,280,1511,0.1388
1237,290,1527,0.1388
1220,288,1508,0.1388
1215,289,1504,0.1388
1212,295,1507,0.1388
1221,297,1518,0.1388
1206,302,1508,0.1388
1209,299,1508,0.1388
1213,291,1504,0.1388
1210,289,1499,0.1388
1211,289,1500,0.1388
1207,292,1499,0.1388
1210,288,1498,0.1388
1204,292,1496,0.1388
1204,287,1491,0.1388
1195,290,1485,0.1388
1191,286,1477,0.1388
1192,290,1482,0.1388
1193,297,1490,0.1388
1189,299,1488,0.1388
1187,306,1493,0.1388
1183,307,1490,0.1388
1190,316,1506,0.1388
1198,322,1520,0.1388
1188,319,1507,0.1388
1172,318,1490,0.1388
1177,314,1491,0.1388
1173,316,1489,0.1388
1169,315,1484,0.1388
1167,314,1481,0.1388
1173,312,1485,0.1388
1183,303,1486,0.1388
1183,307,1490,0.1388
1197,316,1513,0.1388
1206,318,1524,0.1388
1202,316,1518,0.1388
1202,315,1517,0.1388
1198,313,1511,0.1388
1188,317,1505,0.1388
1200,318,1518,0.1388
1189,313,1502,0.1388
1186,314,1500,0.1388
1189,313,1502,0.1388
1192,314,1506,0.1388
1185,310,1495,0.1388
1192,315,1507,0.1388
1189,311,1500,0.1388
1203,310,1513,0.1388
1193,316,1509,0.1388
1185,312,1497,0.1388
1195,313,1508,0.1388
1186,305,1491,0.1388
1193,305,1498,0.1388
1200,306,1506,0.1388
1202,306,1508,0.1388
1205,311,1516,0.1388
1201,313,1514,0.1388
1197,310,1507,0.1388
1203,305,1508,0.1388
1210,302,1512,0.1388
1190,302,1492,0.1388
1189,301,1490,0.1388
1197,298,1495,0.1388
1194,303,1497,0.1388
1201,301,1502,0.1388
1194,305,1499,0.1388
1194,308,1502,0.1388
1176,304,1480,0.1388
1172,304,1476,0.1388
1173,310,1483,0.1388
1185,312,1497,0.1388
1189,322,1511,0.1388
1189,324,1513,0.1388
1190,323,1513,0.1388
1188,322,1510,0.1388
1201,312,1513,0.1388
1184,310,1494,0.1388
1203,313,1516,0.1388
1190,317,1507,0.1388
1192,318,1510,0.1388
1190,319,1509,0.1388
1182,320,1502,0.1388
1171,315,1486,0.1388
1178,314,1492,0.1388
1176,316,1492,0.1388
1163,318,1481,0.1388
1157,318,1475,0.1388
1168,316,1484,0.1388
1164,317,1481,0.1388
1170,323,1493,0.1388
1171,319,1490,0.1388
1182,312,1494,0.1388
1189,308,1497,0.1388
1193,314,1507,0.1388
1195,320,1515,0.1388
1193,318,1511,0.1388
1192,321,1513,0.1388
1179,321,1500,0.1388
1179,322,1501,0.1388
1169,315,1484,0.1388
1188,314,1502,0.1388
1185,315,1500,0.1388
1187,314,1501,0.1388
1187,317,1504,0.1388
1193,314,1507,0.1388
1189,316,1505,0.1388
1192,313,1505,0.1388
1196,309,1505,0.1388
1195,309,1504,0.1388
1193,316,1509,0.1388
1187,316,1503,0.1388
1188,311,1499,0.1388
1182,314,1496,0.1388
1185,316,1501,0.1388
1186,317,1503,0.1388
1181,317,1498,0.1388
1178,314,1492,0.1388
1181,316,1497,0.1388
1189,319,1508,0.1388
1184,320,1504,0.1388
1189,315,1504,0.1388
1180,319,1499,0.1388
1182,318,1500,0.1388
1192,320,1512,0.1388
1197,328,1525,0.1388
1187,323,1510,0.1388
1179,319,1498,0.1388
1173,323,1496,0.1388
1165,322,1487,0.1388
1181,323,1504,0.1388
1174,329,1503,0.1388
1175,334,1509,0.1388
1167,331,1498,0.1388
1160,324,1484,0.1388
1168,318,1486,0.1388
1164,317,1481,0.1388
1161,318,1479,0.1388
1174,321,1495,0.1388
1178,324,1502,0.1388
1166,327,1493,0.1388
1166,326,1492,0.1388
1167,330,1497,0.1388
1165,334,1499,0.1388
1156,330,1486,0.1388
1154,326,1480,0.1388
1168,326,1494,0.1388
1173,331,1504,0.1388
1183,335,1518,0.1388
1161,333,1494,0.1388
1168,333,1501,0.1388
1168,334,1502,0.1388
1175,329,1504,0.1388
1164,328,1492,0.1388
1168,330,1498,0.1388
1167,324,1491,0.1388
1169,329,1498,0.1388
1164,324,1488,0.1388
1177,329,1506,0.1388
1170,328,1498,0.1388
1181,326,1507,0.1388
1182,326,1508,0.1388
1188,327,1515,0.1388
1187,326,1513,0.1388
1177,326,1503,0.1388
1172,333,1505,0.1388
1164,338,1502,0.1388
1164,334,1498,0.1388
1174,337,1511,0.1388
1170,345,1515,0.1388
1153,341,1494,0.1388
1163,341,1504,0.1388
1159,345,1504,0.1388
1152,350,1502,0.1388
1152,353,1505,0.1388
1158,356,1514,0.1388
1153,356,1509,0.1388
1148,346,1494,0.1388
1139,349,1488,0.1388
1124,359,1483,0.1388
1121,365,1486,0.1388
1125,369,1494,0.1388
1123,371,1494,0.1388
1133,369,1502,0.1388
1131,372,1503,0.1388
1140,371,1511,0.1388
1138,376,1514,0.1388
1133,383,1516,0.1388
1133,383,1516,0.1388
1138,378,1516,0.1388
1137,379,1516,0.1388
1117,378,1495,0.1388
1123,384,1507,0.1388
1128,384,1512,0.1388
1127,377,1504,0.1388
1132,382,1514,0.1388
1124,384,1508,0.1388
1120,383,1503,0.1388
1111,382,1493,0.1388
1109,382,1491,0.1388
1122,386,1508,0.1388
1114,393,1507,0.1388
1104,390,1494,0.1388
1087,401,1488,0.1388
1085,406,1491,0.1388
1096,403,1499,0.1388
1089,403,1492,0.1388
1090,397,1487,0.1388
1093,404,1497,0.1388
1099,411,1510,0.1388
1093,409,1502,0.1388
1088,401,1489,0.1388
1079,407,1486,0.1388
1068,406,1474,0.1388
1073,413,1486,0.1388
1079,422,1501,0.1388
1078,419,1497,0.1388
1077,421,1498,0.1388
1075,425,1500,0.1388
1067,423,1490,0.1388
1076,424,1500,0.1388
1076,424,1500,0.1388
1087,418,1505,0.1388
1084,418,1502,0.1388
1087,419,1506,0.1388
1076,416,1492,0.1388
1075,422,1497,0.1388
1080,431,1511,0.1388
1081,430,1511,0.1388
1074,430,1504,0.1388
1082,438,1520,0.1388
1078,438,1516,0.1388
1075,443,1518,0.1388
1071,442,1513,0.1388
1062,442,1504,0.1388
1058,446,1504,0.1388
1058,440,1498,0.1388
1049,445,1494,0.1388
1049,443,1492,0.1388
1062,445,1507,0.1388
1059,450,1509,0.1388
1047,452,1499,0.1388
1044,449,1493,0.1388
1041,461,1502,0.1388
1032,456,1488,0.1388
1036,460,1496,0.1388
1046,462,1508,0.1388
1042,459,1501,0.1388
1048,459,1507,0.1388
1055,450,1505,0.1388
1056,456,1512,0.1388
1045,458,1503,0.1388
1028,471,1499,0.1388
1028,465,1493,0.1388
1041,468,1509,0.1388
1035,470,1505,0.1388
1037,474,1511,0.1388
1030,478,1508,0.1388
1031,473,1504,0.1388
1023,476,1499,0.1388
1013,478,1491,0.1388
1018,480,1498,0.1388
1020,482,1502,0.1388
1025,486,1511,0.1388
1022,487,1509,0.1388
1026,483,1509,0.1388
1023,480,1503,0.1388
1025,480,1505,0.1388
1030,470,1500,0.1388
1038,470,1508,0.1388
1037,479,1516,0.1388
1028,478,1506,0.1388
1021,475,1496,0.1388
1041,468,1509,0.1388
1039,475,1514,0.1388
1035,480,1515,0.1388
1021,479,1500,0.1388
1019,472,1491,0.1388
1027,474,1501,0.1388
1024,481,1505,0.1388
1010,489,1499,0.1388
1014,489,1503,0.1388
1011,495,1506,0.1388
1005,495,1500,0.1388
1002,499,1501,0.1388
1002,494,1496,0.1388
1012,492,1504,0.1388
1002,489,1491,0.1388
1004,497,1501,0.1388
1016,491,1507,0.1388
1020,489,1509,0.1388
1022,492,1514,0.1388
1017,489,1506,0.1388
1011,487,1498,0.1388
1020,487,1507,0.1388
1011,492,1503,0.1388
1007,497,1504,0.1388
1009,489,1498,0.1388
1015,487,1502,0.1388
1014,484,1498,0.1388
1015,486,1501,0.1388
1008,486,1494,0.1388
1012,486,1498,0.1388
1007,494,1501,0.1388
1015,491,1506,0.1388
1018,488,1506,0.1388
1025,489,1514,0.1388
1016,487,1503,0.1388
1023,489,1512,0.1388
1015,495,1510,0.1388
1012,500,1512,0.1388
1022,502,1524,0.1388
1012,508,1520,0.1388
1005,509,1514,0.1388
997,504,1501,0.1388
1000,500,1500,0.1388
1007,502,1509,0.1388
996,504,1500,0.1388
991,499,1490,0.1388
995,502,1497,0.1388
993,489,1482,0.1388
992,497,1489,0.1388
990,496,1486,0.1388
994,495,1489,0.1388
987,501,1488,0.1388
991,502,1493,0.1388
996,501,1497,0.1388
992,505,1497,0.1388
988,512,1500,0.1388
975,515,1490,0.1388
972,514,1486,0.1388
971,514,1485,0.1388
962,521,1483,0.1388
964,538,1502,0.1388
977,531,1508,0.1388
963,525,1488,0.1388
964,524,1488,0.1388
965,527,1492,0.1388
962,526,1488,0.1388
977,523,1500,0.1388
970,532,1502,0.1388
976,528,1504,0.1388
964,534,1498,0.1388
957,537,1494,0.1388
962,543,1505,0.1388
962,544,1506,0.1388
956,548,1504,0.1388
955,546,1501,0.1388
952,549,1501,0.1388
954,555,1509,0.1388
952,562,1514,0.1388
940,563,1503,0.1388
948,559,1507,0.1388
947,559,1506,0.1388
950,558,1508,0.1388
958,560,1518,0.1388
958,552,1510,0.1388
966,550,1516,0.1388
976,551,1527,0.1388
975,547,1522,0.1388
969,554,1523,0.1388
959,547,1506,0.1388
960,556,1516,0.1388
964,563,1527,0.1388
953,562,1515,0.1388
944,569,1513,0.1388
951,566,1517,0.1388
940,567,1507,0.1388
934,580,1514,0.1388
935,582,1517,0.1388
928,579,1507,0.1388
917,585,1502,0.1388
925,584,1509,0.1388
927,593,1520,0.1388
914,592,1506,0.1388
910,589,1499,0.1388
910,583,1493,0.1388
912,576,1488,0.1388
913,593,1506,0.1388
911,596,1507,0.1388
907,598,1505,0.1388
892,585,1477,0.1388
893,595,1488,0.1388
890,595,1485,0.1388
897,593,1490,0.1388
893,594,1487,0.1388
902,594,1496,0.1388
904,588,1492,0.1388
901,600,1501,0.1388
888,588,1476,0.1388
891,582,1473,0.1388
885,581,1466,0.1388
876,594,1470,0.1388
879,602,1481,0.1388
873,611,1484,0.1388
877,609,1486,0.1388
879,610,1489,0.1388
875,604,1479,0.1388
887,607,1494,0.1388
887,601,1488,0.1388
885,599,1484,0.1388
878,598,1476,0.1388
881,602,1483,0.1388
877,616,1493,0.1388
880,613,1493,0.1388
887,612,1499,0.1388
892,617,1509,0.1388
888,613,1501,0.1388
886,622,1508,0.1388
892,619,1511,0.1388
896,621,1517,0.1388
899,618,1517,0.1388
891,613,1504,0.1388
887,608,1495,0.1388
897,617,1514,0.1388
894,622,1516,0.1388
892,630,1522,0.1388
886,631,1517,0.1388
888,621,1509,0.1388
889,631,1520,0.1388
887,629,1516,0.1388
887,633,1520,0.1388
882,629,1511,0.1388
886,620,1506,0.1388
887,627,1514,0.1388
870,624,1494,0.1388
876,625,1501,0.1388
880,620,1500,0.1388
878,629,1507,0.1388
872,634,1506,0.1388
864,634,1498,0.1388
852,644,1496,0.1388
856,644,1500,0.1388
857,659,1516,0.1388
849,655,1504,0.1388
858,650,1508,0.1388
861,647,1508,0.1388
864,644,1508,0.1388
862,643,1505,0.1388
869,646,1515,0.1388
879,645,1524,0.1388
873,648,1521,0.1388
867,644,1511,0.1388
857,641,1498,0.1388
855,648,1503,0.1388
853,660,1513,0.1388
853,656,1509,0.1388
836,654,1490,0.1388
834,655,1489,0.1388
821,660,1481,0.1388
828,669,1497,0.1388
828,668,1496,0.1388
820,668,1488,0.1388
822,682,1504,0.1388
825,680,1505,0.1388
813,679,1492,0.1388
812,685,1497,0.1388
801,683,1484,0.1388
808,693,1501,0.1388
816,689,1505,0.1388
814,688,1502,0.1388
805,693,1498,0.1388
813,692,1505,0.1388
810,689,1499,0.1388
813,673,1486,0.1388
812,680,1492,0.1388
815,683,1498,0.1388
821,692,1513,0.1388
824,683,1507,0.1388
817,689,1506,0.1388
815,677,1492,0.1388
826,681,1507,0.1388
833,684,1517,0.1388
828,678,1506,0.1388
832,669,1501,0.1388
833,673,1506,0.1388
829,675,1504,0.1388
828,672,1500,0.1388
822,684,1506,0.1388
824,684,1508,0.1388
828,688,1516,0.1388
828,685,1513,0.1388
833,688,1521,0.1388
837,684,1521,0.1388
836,687,1523,0.1388
824,677,1501,0.1388
819,684,1503,0.1388
826,687,1513,0.1388
814,687,1501,0.1388
815,685,1500,0.1388
824,695,1519,0.1388
819,690,1509,0.1388
818,687,1505,0.1388
819,672,1491,0.1388
822,686,1508,0.1388
815,699,1514,0.1388
817,688,1505,0.1388
815,693,1508,0.1388
802,695,1497,0.1388
817,686,1503,0.1388
816,680,1496,0.1388
817,678,1495,0.1388
807,684,1491,0.1388
820,688,1508,0.1388
818,693,1511,0.1388
815,689,1504,0.1388
813,677,1490,0.1388
823,675,1498,0.1388
815,679,1494,0.1388
814,678,1492,0.1388
816,680,1496,0.1388
815,695,1510,0.1388
821,690,1511,0.1388
810,684,1494,0.1388
810,692,1502,0.1388
807,686,1493,0.1388
807,682,1489,0.1388
806,682,1488,0.1388
801,682,1483,0.1388
808,686,1494,0.1388
816,693,1509,0.1388
818,693,1511,0.1388
814,697,1511,0.1388
810,700,1510,0.1388
798,699,1497,0.1388
792,705,1497,0.1388
786,704,1490,0.1388
772,711,1483,0.1388
785,704,1489,0.1388
789,717,1506,0.1388
779,716,1495,0.1388
786,717,1503,0.1388
783,718,1501,0.1388
787,713,1500,0.1388
782,716,1498,0.1388
788,718,1506,0.1388
780,722,1502,0.1388
779,729,1508,0.1388
777,735,1512,0.1388
769,736,1505,0.1388
760,748,1508,0.1388
759,752,1511,0.1388
763,743,1506,0.1388
750,743,1493,0.1388
749,736,1485,0.1388
745,748,1493,0.1388
747,754,1501,0.1388
750,757,1507,0.1388
752,751,1503,0.1388
753,759,1512,0.1388
752,755,1507,0.1388
751,755,1506,0.1388
757,755,1512,0.1388
752,748,1500,0.1388
753,750,1503,0.1388
753,755,1508,0.1388
753,759,1512,0.1388
756,755,1511,0.1388
744,762,1506,0.1388
733,769,1502,0.1388
732,768,1500,0.1388
737,767,1504,0.1388
742,770,1512,0.1388
739,769,1508,0.1388
732,773,1505,0.1388
737,767,1504,0.1388
725,776,1501,0.1388
720,777,1497,0.1388
721,773,1494,0.1388
732,767,1499,0.1388
722,757,1479,0.1388
718,767,1485,0.1388
722,761,1483,0.1388
727,770,1497,0.1388
722,774,1496,0.1388
726,791,1517,0.1388
723,795,1518,0.1388
726,800,1526,0.1388
725,785,1510,0.1388
719,783,1502,0.1388
712,789,1501,0.1388
720,793,1513,0.1388
731,780,1511,0.1388
730,778,1508,0.1388
729,789,1518,0.1388
724,788,1512,0.1388
714,790,1504,0.1388
721,790,1511,0.1388
723,786,1509,0.1388
722,794,1516,0.1388
722,790,1512,0.1388
726,778,1504,0.1388
726,798,1524,0.1388
726,802,1528,0.1388
723,802,1525,0.1388
717,799,1516,0.1388
713,804,1517,0.1388
716,809,1525,0.1388
709,800,1509,0.1388
699,797,1496,0.1388
698,802,1500,0.1388
695,811,1506,0.1388
697,803,1500,0.1388
697,813,1510,0.1388
687,821,1508,0.1388
686,826,1512,0.1388
695,831,1526,0.1388
702,836,1538,0.1388
709,822,1531,0.1388
699,811,1510,0.1388
702,820,1522,0.1388
705,818,1523,0.1388
699,821,1520,0.1388
700,815,1515,0.1388
698,820,1518,0.1388
695,812,1507,0.1388
703,809,1512,0.1388
694,803,1497,0.1388
692,805,1497,0.1388
698,814,1512,0.1388
692,812,1504,0.1388
687,824,1511,0.1388
691,825,1516,0.1388
688,829,1517,0.1388
686,826,1512,0.1388
677,838,1515,0.1388
682,832,1514,0.1388
678,829,1507,0.1388
672,830,1502,0.1388
677,827,1504,0.1388
678,833,1511,0.1388
668,834,1502,0.1388
665,843,1508,0.1388
670,851,1521,0.1388
687,842,1529,0.1388
676,849,1525,0.1388
672,846,1518,0.1388
679,844,1523,0.1388
666,841,1507,0.1388
661,850,1511,0.1388
668,846,1514,0.1388
663,846,1509,0.1388
676,845,1521,0.1388
671,837,1508,0.1388
677,840,1517,0.1388
670,844,1514,0.1388
670,842,1512,0.1388
671,840,1511,0.1388
664,847,1511,0.1388
669,850,1519,0.1388
673,839,1512,0.1388
668,841,1509,0.1388
655,838,1493,0.1388
660,834,1494,0.1388
664,843,1507,0.1388
663,838,1501,0.1388
656,834,1490,0.1388
660,859,1519,0.1388
658,858,1516,0.1388
652,853,1505,0.1388
650,855,1505,0.1388
655,862,1517,0.1388
654,867,1521,0.1388
648,859,1507,0.1388
650,865,1515,0.1388
644,868,1512,0.1388
643,872,1515,0.1388
646,872,1518,0.1388
629,879,1508,0.1388
630,869,1499,0.1388
625,876,1501,0.1388
635,869,1504,0.1388
635,873,1508,0.1388
627,871,1498,0.1388
617,870,1487,0.1388
618,862,1480,0.1388
632,865,1497,0.1388
641,870,1511,0.1388
634,857,1491,0.1388
637,861,1498,0.1388
636,858,1494,0.1388
640,864,1504,0.1388
642,868,1510,0.1388
639,861,1500,0.1388
646,870,1516,0.1388
646,871,1517,0.1388
637,871,1508,0.1388
637,877,1514,0.1388
638,872,1510,0.1388
633,873,1506,0.1388
633,880,1513,0.1388
634,877,1511,0.1388
625,876,1501,0.1388
630,884,1514,0.1388
636,884,1520,0.1388
634,881,1515,0.1388
636,883,1519,0.1388
628,889,1517,0.1388
623,894,1517,0.1388
616,894,1510,0.1388
615,903,1518,0.1388
617,905,1522,0.1388
618,896,1514,0.1388
622,892,1514,0.1388
618,894,1512,0.1388
611,898,1509,0.1388
607,909,1516,0.1388
597,900,1497,0.1388
606,910,1516,0.1388
609,911,1520,0.1388
603,910,1513,0.1388
611,897,1508,0.1388
611,902,1513,0.1388
600,901,1501,0.1388
595,908,1503,0.1388
603,911,1514,0.1388
606,905,1511,0.1388
604,905,1509,0.1388
597,904,1501,0.1388
592,911,1503,0.1388
597,906,1503,0.1388
601,912,1513,0.1388
598,910,1508,0.1388
594,910,1504,0.1388
600,911,1511,0.1388
597,911,1508,0.1388
595,918,1513,0.1388
596,928,1524,0.1388
605,928,1533,0.1388
601,925,1526,0.1388
600,920,1520,0.1388
597,910,1507,0.1388
602,912,1514,0.1388
594,912,1506,0.1388
598,903,1501,0.1388
603,909,1512,0.1388
598,912,1510,0.1388
592,905,1497,0.1388
593,903,1496,0.1388
600,911,1511,0.1388
599,916,1515,0.1388
595,922,1517,0.1388
594,917,1511,0.1388
582,922,1504,0.1388
577,931,1508,0.1388
574,937,1511,0.1388
572,936,1508,0.1388
567,942,1509,0.1388
571,938,1509,0.1388
566,950,1516,0.1388
567,949,1516,0.1388
561,944,1505,0.1388
565,950,1515,0.1388
565,949,1514,0.1388
566,948,1514,0.1388
560,948,1508,0.1388
561,955,1516,0.1388
560,964,1524,0.1388
564,962,1526,0.1388
559,961,1520,0.1388
557,951,1508,0.1388
556,938,1494,0.1388
558,950,1508,0.1388
550,956,1506,0.1388
549,956,1505,0.1388
543,961,1504,0.1388
547,964,1511,0.1388
543,961,1504,0.1388
550,956,1506,0.1388
543,951,1494,0.1388
558,947,1505,0.1388
547,950,1497,0.1388
550,957,1507,0.1388
546,948,1494,0.1388
539,956,1495,0.1388
538,966,1504,0.1388
538,973,1511,0.1388
537,972,1509,0.1388
536,982,1518,0.1388
531,982,1513,0.1388
532,963,1495,0.1388
527,965,1492,0.1388
522,976,1498,0.1388
525,986,1511,0.1388
527,979,1506,0.1388
520,984,1504,0.1388
518,1001,1519,0.1388
512,991,1503,0.1388
511,990,1501,0.1388
511,995,1506,0.1388
505,985,1490,0.1388
511,985,1496,0.1388
510,991,1501,0.1388
512,993,1505,0.1388
510,994,1504,0.1388
505,988,1493,0.1388
505,990,1495,0.1388
512,996,1508,0.1388
510,991,1501,0.1388
512,994,1506,0.1388
518,1007,1525,0.1388
518,1008,1526,0.1388
515,1007,1522,0.1388
508,1015,1523,0.1388
506,1021,1527,0.1388
499,1022,1521,0.1388
494,1019,1513,0.1388
493,1035,1528,0.1388
493,1019,1512,0.1388
493,1013,1506,0.1388
484,1016,1500,0.1388
482,1011,1493,0.1388
485,1027,1512,0.1388
488,1038,1526,0.1388
491,1024,1515,0.1388
482,1025,1507,0.1388
481,1030,1511,0.1388
472,1026,1498,0.1388
473,1035,1508,0.1388
475,1038,1513,0.1388
467,1042,1509,0.1388
469,1029,1498,0.1388
471,1026,1497,0.1388
474,1041,1515,0.1388
473,1043,1516,0.1388
467,1043,1510,0.1388
466,1041,1507,0.1388
472,1032,1504,0.1388
475,1036,1511,0.1388
477,1036,1513,0.1388
468,1044,1512,0.1388
465,1042,1507,0.1388
465,1037,1502,0.1388
454,1038,1492,0.1388
446,1050,1496,0.1388
451,1058,1509,0.1388
449,1058,1507,0.1388
449,1057,1506,0.1388
456,1046,1502,0.1388
457,1053,1510,0.1388
450,1050,1500,0.1388
455,1056,1511,0.1388
455,1056,1511,0.1388
446,1052,1498,0.1388
441,1047,1488,0.1388
438,1059,1497,0.1388
439,1075,1514,0.1388
441,1070,1511,0.1388
443,1071,1514,0.1388
449,1058,1507,0.1388
445,1047,1492,0.1388
450,1055,1505,0.1388
443,1061,1504,0.1388
445,1058,1503,0.1388
438,1071,1509,0.1388
439,1074,1513,0.1388
443,1069,1512,0.1388
445,1072,1517,0.1388
438,1074,1512,0.1388
435,1080,1515,0.1388
437,1068,1505,0.1388
438,1084,1522,0.1388
431,1075,1506,0.1388
429,1083,1512,0.1388
426,1085,1511,0.1388
423,1103,1526,0.1388
420,1102,1522,0.1388
420,1095,1515,0.1388
413,1094,1507,0.1388
405,1102,1507,0.1388
390,1092,1482,0.1388
391,1099,1490,0.1388
401,1101,1502,0.1388
397,1097,1494,0.1388
396,1099,1495,0.1388
395,1105,1500,0.1388
396,1107,1503,0.1388
393,1092,1485,0.1388
397,1104,1501,0.1388
399,1099,1498,0.1388
390,1101,1491,0.1388
395,1116,1511,0.1388
390,1125,1515,0.1388
393,1128,1521,0.1388
395,1122,1517,0.1388
385,1127,1512,0.1388
386,1123,1509,0.1388
383,1127,1510,0.1388
386,1134,1520,0.1388
390,1134,1524,0.1388
391,1131,1522,0.1388
386,1131,1517,0.1388
388,1128,1516,0.1388
386,1124,1510,0.1388
383,1129,1512,0.1388
383,1128,1511,0.1388
384,1137,1521,0.1388
386,1129,1515,0.1388
382,1123,1505,0.1388
387,1120,1507,0.1388
385,1117,1502,0.1388
380,1115,1495,0.1388
383,1123,1506,0.1388
380,1135,1515,0.1388
376,1141,1517,0.1388
377,1127,1504,0.1388
372,1136,1508,0.1388
373,1130,1503,0.1388
376,1131,1507,0.1388
371,1139,1510,0.1388
364,1138,1502,0.1388
365,1158,1523,0.1388
367,1172,1539,0.1388
366,1153,1519,0.1388
367,1169,1536,0.1388
374,1158,1532,0.1388
368,1158,1526,0.1388
367,1153,1520,0.1388
370,1151,1521,0.1388
363,1149,1512,0.1388
357,1158,1515,0.1388
366,1158,1524,0.1388
368,1158,1526,0.1388
368,1155,1523,0.1388
366,1164,1530,0.1388
362,1159,1521,0.1388
359,1148,1507,0.1388
352,1154,1506,0.1388
350,1156,1506,0.1388
352,1151,1503,0.1388
353,1164,1517,0.1388
354,1157,1511,0.1388
353,1169,1522,0.1388
358,1154,1512,0.1388
358,1153,1511,0.1388
363,1168,1531,0.1388
359,1163,1522,0.1388
357,1154,1511,0.1388
353,1160,1513,0.1388
354,1157,1511,0.1388
349,1154,1503,0.1388
354,1151,1505,0.1388
351,1159,1510,0.1388
350,1166,1516,0.1388
347,1153,1500,0.1388
339,1148,1487,0.1388
340,1165,1505,0.1388
340,1161,1501,0.1388
337,1165,1502,0.1388
339,1173,1512,0.1388
343,1175,1518,0.1388
333,1169,1502,0.1388
331,1169,1500,0.1388
330,1182,1512,0.1388
336,1171,1507,0.1388
338,1177,1515,0.1388
332,1176,1508,0.1388
334,1178,1512,0.1388
333,1176,1509,0.1388
334,1174,1508,0.1388
333,1176,1509,0.1388
332,1185,1517,0.1388
323,1195,1518,0.1388
325,1197,1522,0.1388
320,1195,1515,0.1388
315,1190,1505,0.1388
320,1189,1509,0.1388
319,1198,1517,0.1388
318,1185,1503,0.1388
321,1194,1515,0.1388
323,1183,1506,0.1388
323,1185,1508,0.1388
323,1195,1518,0.1388
317,1195,1512,0.1388
318,1192,1510,0.1388
323,1188,1511,0.1388
326,1191,1517,0.1388
324,1195,1519,0.1388
319,1196,1515,0.1388
315,1202,1517,0.1388
316,1192,1508,0.1388
319,1185,1504,0.1388
318,1181,1499,0.1388
318,1201,1519,0.1388
318,1206,1524,0.1388
323,1208,1531,0.1388
323,1199,1522,0.1388
320,1202,1522,0.1388
318,1205,1523,0.1388
317,1201,1518,0.1388
311,1198,1509,0.1388
311,1190,1501,0.1388
313,1193,1506,0.1388
313,1196,1509,0.1388
313,1188,1501,0.1388
313,1181,1494,0.1388
317,1184,1501,0.1388
313,1190,1503,0.1388
312,1193,1505,0.1388
313,1195,1508,0.1388
312,1195,1507,0.1388
314,1197,1511,0.1388
316,1212,1528,0.1388
316,1211,1527,0.1388
313,1214,1527,0.1388
317,1214,1531,0.1388
317,1210,1527,0.1388
313,1201,1514,0.1388
312,1198,1510,0.1388
310,1196,1506,0.1388
313,1206,1519,0.1388
307,1204,1511,0.1388
301,1200,1501,0.1388
306,1195,1501,0.1388
307,1198,1505,0.1388
309,1200,1509,0.1388
306,1203,1509,0.1388
306,1197,1503,0.1388
302,1204,1506,0.1388
299,1210,1509,0.1388
296,1212,1508,0.1388
302,1216,1518,0.1388
307,1224,1531,0.1388
311,1214,1525,0.1388
304,1206,1510,0.1388
306,1219,1525,0.1388
304,1223,1527,0.1388
304,1223,1527,0.1388
301,1219,1520,0.1388
294,1225,1519,0.1388
296,1224,1520,0.1388
294,1225,1519,0.1388
286,1215,1501,0.1388
289,1214,1503,0.1388
287,1213,1500,0.1388
291,1222,1513,0.1388
287,1227,1514,0.1388
285,1224,1509,0.1388
283,1223,1506,0.1388
285,1224,1509,0.1388
284,1217,1501,0.1388
287,1219,1506,0.1388
283,1221,1504,0.1388
279,1240,1519,0.1388
274,1242,1516,0.1388
274,1235,1509,0.1388
280,1231,1511,0.1388
277,1237,1514,0.1388
280,1236,1516,0.1388
276,1240,1516,0.1388
277,1234,1511,0.1388
279,1223,1502,0.1388
273,1231,1504,0.1388
274,1237,1511,0.1388
276,1232,1508,0.1388
273,1234,1507,0.1388
277,1242,1519,0.1388
271,1235,1506,0.1388
272,1241,1513,0.1388
274,1245,1519,0.1388
274,1233,1507,0.1388
277,1233,1510,0.1388
272,1233,1505,0.1388
279,1238,1517,0.1388
277,1236,1513,0.1388
280,1245,1525,0.1388
280,1249,1529,0.1388
279,1244,1523,0.1388
274,1244,1518,0.1388
267,1241,1508,0.1388
260,1242,1502,0.1388
265,1239,1504,0.1388
265,1241,1506,0.1388
265,1245,1510,0.1388
265,1244,1509,0.1388
263,1238,1501,0.1388
265,1241,1506,0.1388
270,1235,1505,0.1388
268,1238,1506,0.1388
268,1249,1517,0.1388
271,1251,1522,0.1388
268,1251,1519,0.1388
264,1243,1507,0.1388
268,1248,1516,0.1388
264,1248,1512,0.1388
266,1249,1515,0.1388
262,1241,1503,0.1388
260,1245,1505,0.1388
260,1254,1514,0.1388
258,1252,1510,0.1388
261,1256,1517,0.1388
265,1259,1524,0.1388
269,1256,1525,0.1388
268,1266,1534,0.1388
270,1260,1530,0.1388
265,1266,1531,0.1388
269,1242,1511,0.1388
265,1234,1499,0.1388
267,1234,1501,0.1388
267,1236,1503,0.1388
267,1245,1512,0.1388
264,1242,1506,0.1388
260,1252,1512,0.1388
255,1253,1508,0.1388
255,1252,1507,0.1388
255,1256,1511,0.1388
252,1258,1510,0.1388
251,1263,1514,0.1388
249,1258,1507,0.1388
247,1267,1514,0.1388
250,1264,1514,0.1388
252,1268,1520,0.1388
251,1273,1524,0.1388
248,1255,1503,0.1388
248,1264,1512,0.1388
245,1257,1502,0.1388
248,1257,1505,0.1388
250,1267,1517,0.1388
250,1252,1502,0.1388
248,1252,1500,0.1388
250,1265,1515,0.1388
252,1250,1502,0.1388
250,1268,1518,0.1388
250,1264,1514,0.1388
253,1257,1510,0.1388
250,1266,1516,0.1388
247,1280,1527,0.1388
242,1274,1516,0.1388
243,1272,1515,0.1388
242,1284,1526,0.1388
246,1272,1518,0.1388
240,1280,1520,0.1388
242,1285,1527,0.1388
241,1278,1519,0.1388
239,1267,1506,0.1388
242,1259,1501,0.1388
237,1255,1492,0.1388
243,1265,1508,0.1388
233,1286,1519,0.1388
235,1287,1522,0.1388
235,1286,1521,0.1388
229,1282,1511,0.1388
230,1282,1512,0.1388
231,1285,1516,0.1388
233,1289,1522,0.1388
233,1290,1523,0.1388
238,1284,1522,0.1388
238,1277,1515,0.1388
237,1277,1514,0.1388
240,1284,1524,0.1388
239,1277,1516,0.1388
238,1280,1518,0.1388
238,1273,1511,0.1388
242,1276,1518,0.1388
245,1262,1507,0.1388
244,1259,1503,0.1388
243,1262,1505,0.1388
248,1264,1512,0.1388
251,1272,1523,0.1388
251,1263,1514,0.1388
247,1271,1518,0.1388
245,1257,1502,0.1388
248,1265,1513,0.1388
247,1266,1513,0.1388
242,1254,1496,0.1388
240,1251,1491,0.1388
242,1247,1489,0.1388
243,1256,1499,0.1388
246,1261,1507,0.1388
242,1278,1520,0.1388
242,1280,1522,0.1388
239,1270,1509,0.1388
240,1280,1520,0.1388
247,1275,1522,0.1388
243,1270,1513,0.1388
240,1272,1512,0.1388
241,1267,1508,0.1388
236,1282,1518,0.1388
236,1287,1523,0.1388
236,1284,1520,0.1388
239,1281,1520,0.1388
242,1275,1517,0.1388
237,1267,1504,0.1388
234,1262,1496,0.1388
230,1269,1499,0.1388
233,1270,1503,0.1388
239,1266,1505,0.1388
239,1269,1508,0.1388
237,1275,1512,0.1388
238,1273,1511,0.1388
238,1272,1510,0.1388
237,1282,1519,0.1388
238,1281,1519,0.1388
233,1261,1494,0.1388
229,1281,1510,0.1388
236,1283,1519,0.1388
230,1277,1507,0.1388
229,1275,1504,0.1388
228,1282,1510,0.1388
230,1280,1510,0.1388
230,1269,1499,0.1388
227,1273,1500,0.1388
223,1278,1501,0.1388
216,1285,1501,0.1388
211,1286,1497,0.1388
211,1297,1508,0.1388
211,1308,1519,0.1388
205,1294,1499,0.1388
202,1311,1513,0.1388
210,1308,1518,0.1388
211,1297,1508,0.1388
216,1304,1520,0.1388
209,1300,1509,0.1388
205,1308,1513,0.1388
209,1293,1502,0.1388
208,1290,1498,0.1388
206,1295,1501,0.1388
207,1310,1517,0.1388
207,1313,1520,0.1388
206,1304,1510,0.1388
206,1301,1507,0.1388
207,1305,1512,0.1388
208,1303,1511,0.1388
206,1311,1517,0.1388
204,1304,1508,0.1388
209,1299,1508,0.1388
208,1304,1512,0.1388
207,1301,1508,0.1388
201,1301,1502,0.1388
198,1309,1507,0.1388
193,1315,1508,0.1388
188,1328,1516,0.1388
188,1323,1511,0.1388
185,1325,1510,0.1388
188,1322,1510,0.1388
185,1331,1516,0.1388
184,1325,1509,0.1388
180,1318,1498,0.1388
180,1327,1507,0.1388
181,1335,1516,0.1388
183,1339,1522,0.1388
184,1347,1531,0.1388
185,1341,1526,0.1388
184,1334,1518,0.1388
184,1330,1514,0.1388
184,1332,1516,0.1388
183,1339,1522,0.1388
180,1349,1529,0.1388
180,1330,1510,0.1388
177,1333,1510,0.1388
180,1337,1517,0.1388
177,1341,1518,0.1388
178,1338,1516,0.1388
175,1338,1513,0.1388
178,1327,1505,0.1388
178,1332,1510,0.1388
177,1340,1517,0.1388
177,1345,1522,0.1388
181,1337,1518,0.1388
186,1344,1530,0.1388
183,1334,1517,0.1388
182,1319,1501,0.1388
178,1326,1504,0.1388
181,1321,1502,0.1388
185,1321,1506,0.1388
182,1323,1505,0.1388
184,1334,1518,0.1388
184,1337,1521,0.1388
187,1328,1515,0.1388
190,1327,1517,0.1388
190,1324,1514,0.1388
187,1318,1505,0.1388
194,1324,1518,0.1388
196,1317,1513,0.1388
195,1312,1507,0.1388
193,1310,1503,0.1388
194,1315,1509,0.1388
194,1320,1514,0.1388
196,1312,1508,0.1388
198,1317,1515,0.1388
195,1323,1518,0.1388
191,1322,1513,0.1388
188,1323,1511,0.1388
188,1329,1517,0.1388
184,1329,1513,0.1388
188,1327,1515,0.1388
185,1332,1517,0.1388
187,1330,1517,0.1388
187,1332,1519,0.1388
185,1320,1505,0.1388
183,1322,1505,0.1388
177,1328,1505,0.1388
179,1337,1516,0.1388
182,1334,1516,0.1388
185,1341,1526,0.1388
189,1327,1516,0.1388
187,1321,1508,0.1388
181,1316,1497,0.1388
182,1333,1515,0.1388
181,1334,1515,0.1388
173,1348,1521,0.1388
173,1333,1506,0.1388
173,1334,1507,0.1388
174,1340,1514,0.1388
175,1339,1514,0.1388
180,1353,1533,0.1388
177,1359,1536,0.1388
177,1363,1540,0.1388
176,1342,1518,0.1388
176,1344,1520,0.1388
174,1342,1516,0.1388
175,1348,1523,0.1388
170,1346,1516,0.1388
168,1348,1516,0.1388
164,1349,1513,0.1388
157,1334,1491,0.1388
158,1340,1498,0.1388
158,1345,1503,0.1388
158,1364,1522,0.1388
154,1367,1521,0.1388
154,1374,1528,0.1388
158,1378,1536,0.1388
159,1360,1519,0.1388
159,1346,1505,0.1388
157,1344,1501,0.1388
155,1345,1500,0.1388
155,1346,1501,0.1388
153,1352,1505,0.1388
151,1364,1515,0.1388
153,1366,1519,0.1388
153,1365,1518,0.1388
152,1371,1523,0.1388
156,1368,1524,0.1388
154,1359,1513,0.1388
154,1356,1510,0.1388
150,1365,1515,0.1388
149,1370,1519,0.1388
150,1362,1512,0.1388
148,1370,1518,0.1388
148,1367,1515,0.1388
147,1374,1521,0.1388
148,1360,1508,0.1388
149,1376,1525,0.1388
148,1367,1515,0.1388
146,1361,1507,0.1388
147,1362,1509,0.1388
150,1376,1526,0.1388
148,1374,1522,0.1388
145,1378,1523,0.1388
145,1381,1526,0.1388
143,1366,1509,0.1388
145,1359,1504,0.1388
147,1370,1517,0.1388
147,1385,1532,0.1388
147,1380,1527,0.1388
145,1375,1520,0.1388
144,1369,1513,0.1388
139,1360,1499,0.1388
141,1378,1519,0.1388
135,1382,1517,0.1388
134,1377,1511,0.1388
134,1382,1516,0.1388
136,1373,1509,0.1388
143,1361,1504,0.1388
141,1363,1504,0.1388
142,1355,1497,0.1388
137,1364,1501,0.1388
138,1369,1507,0.1388
143,1370,1513,0.1388
143,1376,1519,0.1388
142,1374,1516,0.1388
140,1377,1517,0.1388
139,1366,1505,0.1388
136,1374,1510,0.1388
134,1382,1516,0.1388
138,1386,1524,0.1388
136,1377,1513,0.1388
137,1365,1502,0.1388
137,1364,1501,0.1388
132,1376,1508,0.1388
133,1391,1524,0.1388
128,1382,1510,0.1388
131,1369,1500,0.1388
129,1379,1508,0.1388
130,1385,1515,0.1388
126,1386,1512,0.1388
127,1379,1506,0.1388
121,1376,1497,0.1388
121,1382,1503,0.1388
125,1397,1522,0.1388
129,1380,1509,0.1388
128,1382,1510,0.1388
125,1382,1507,0.1388
127,1387,1514,0.1388
129,1391,1520,0.1388
127,1380,1507,0.1388
123,1391,1514,0.1388
125,1393,1518,0.1388
126,1395,1521,0.1388
123,1393,1516,0.1388
118,1391,1509,0.1388
119,1396,1515,0.1388
118,1388,1506,0.1388
111,1400,1511,0.1388
111,1396,1507,0.1388
112,1399,1511,0.1388
111,1386,1497,0.1388
109,1405,1514,0.1388
113,1404,1517,0.1388
118,1404,1522,0.1388
116,1400,1516,0.1388
121,1402,1523,0.1388
115,1388,1503,0.1388
113,1399,1512,0.1388
112,1395,1507,0.1388
112,1408,1520,0.1388
116,1415,1531,0.1388
117,1409,1526,0.1388
110,1411,1521,0.1388
111,1403,1514,0.1388
108,1412,1520,0.1388
104,1394,1498,0.1388
102,1397,1499,0.1388
99,1413,1512,0.1388
102,1413,1515,0.1388
101,1410,1511,0.1388
102,1415,1517,0.1388
100,1421,1521,0.1388
101,1408,1509,0.1388
101,1407,1508,0.1388
100,1415,1515,0.1388
97,1410,1507,0.1388
96,1421,1517,0.1388
95,1419,1514,0.1388
95,1427,1522,0.1388
91,1425,1516,0.1388
88,1421,1509,0.1388
90,1430,1520,0.1388
90,1431,1521,0.1388
90,1422,1512,0.1388
87,1422,1509,0.1388
89,1430,1519,0.1388
88,1438,1526,0.1388
87,1439,1526,0.1388
84,1439,1523,0.1388
82,1441,1523,0.1388
84,1439,1523,0.1388
86,1430,1516,0.1388
85,1434,1519,0.1388
88,1425,1513,0.1388
87,1436,1523,0.1388
84,1427,1511,0.1388
87,1426,1513,0.1388
87,1417,1504,0.1388
92,1421,1513,0.1388
91,1420,1511,0.1388
91,1426,1517,0.1388
89,1428,1517,0.1388
92,1431,1523,0.1388
92,1432,1524,0.1388
93,1433,1526,0.1388
92,1431,1523,0.1388
89,1429,1518,0.1388
85,1432,1517,0.1388
86,1421,1507,0.1388
85,1431,1516,0.1388
85,1431,1516,0.1388
87,1435,1522,0.1388
87,1428,1515,0.1388
85,1435,1520,0.1388
88,1441,1529,0.1388
88,1434,1522,0.1388
88,1434,1522,0.1388
86,1431,1517,0.1388
85,1420,1505,0.1388
84,1421,1505,0.1388
84,1410,1494,0.1388
86,1411,1497,0.1388
86,1429,1515,0.1388
89,1436,1525,0.1388
90,1435,1525,0.1388
88,1432,1520,0.1388
87,1434,1521,0.1388
86,1425,1511,0.1388
88,1422,1510,0.1388
87,1431,1518,0.1388
85,1417,1502,0.1388
85,1417,1502,0.1388
86,1411,1497,0.1388
88,1418,1506,0.1388
90,1421,1511,0.1388
90,1424,1514,0.1388
91,1422,1513,0.1388
90,1417,1507,0.1388
88,1429,1517,0.1388
87,1425,1512,0.1388
85,1434,1519,0.1388
91,1426,1517,0.1388
90,1429,1519,0.1388
91,1431,1522,0.1388
91,1437,1528,0.1388
90,1426,1516,0.1388
89,1427,1516,0.1388
86,1411,1497,0.1388
84,1417,1501,0.1388
87,1421,1508,0.1388
86,1420,1506,0.1388
83,1429,1512,0.1388
83,1422,1505,0.1388
83,1429,1512,0.1388
83,1434,1517,0.1388
82,1421,1503,0.1388
84,1437,1521,0.1388
84,1443,1527,0.1388
83,1435,1518,0.1388
84,1427,1511,0.1388
86,1419,1505,0.1388
86,1430,1516,0.1388
87,1440,1527,0.1388
87,1455,1542,0.1388
89,1439,1528,0.1388
90,1442,1532,0.1388
87,1442,1529,0.1388
87,1433,1520,0.1388
87,1421,1508,0.1388
88,1422,1510,0.1388
86,1423,1509,0.1388
86,1428,1514,0.1388
84,1417,1501,0.1388
85,1427,1512,0.1388
88,1423,1511,0.1388
86,1418,1504,0.1388
84,1425,1509,0.1388
83,1441,1524,0.1388
81,1423,1504,0.1388
77,1436,1513,0.1388
77,1447,1524,0.1388
79,1442,1521,0.1388
80,1443,1523,0.1388
82,1451,1533,0.1388
84,1449,1533,0.1388
81,1424,1505,0.1388
80,1422,1502,0.1388
78,1420,1498,0.1388
80,1433,1513,0.1388
80,1432,1512,0.1388
80,1438,1518,0.1388
80,1442,1522,0.1388
80,1441,1521,0.1388
75,1451,1526,0.1388
77,1448,1525,0.1388
79,1448,1527,0.1388
79,1445,1524,0.1388
77,1450,1527,0.1388
76,1441,1517,0.1388
76,1449,1525,0.1388
77,1440,1517,0.1388
77,1445,1522,0.1388
74,1440,1514,0.1388
76,1435,1511,0.1388
78,1421,1499,0.1388
74,1432,1506,0.1388
73,1433,1506,0.1388
72,1436,1508,0.1388
72,1445,1517,0.1388
71,1439,1510,0.1388
72,1436,1508,0.1388
70,1454,1524,0.1388
68,1464,1532,0.1388
68,1448,1516,0.1388
67,1452,1519,0.1388
65,1443,1508,0.1388
65,1452,1517,0.1388
62,1457,1519,0.1388
63,1461,1524,0.1388
64,1466,1530,0.1388
62,1460,1522,0.1388
63,1469,1532,0.1388
62,1464,1526,0.1388
64,1453,1517,0.1388
62,1446,1508,0.1388
64,1446,1510,0.1388
64,1458,1522,0.1388
66,1455,1521,0.1388
65,1448,1513,0.1388
63,1441,1504,0.1388
63,1450,1513,0.1388
62,1463,1525,0.1388
63,1465,1528,0.1388
64,1463,1527,0.1388
62,1452,1514,0.1388
60,1461,1521,0.1388
60,1457,1517,0.1388
57,1446,1503,0.1388
58,1443,1501,0.1388
59,1450,1509,0.1388
62,1450,1512,0.1388
62,1448,1510,0.1388
60,1446,1506,0.1388
59,1454,1513,0.1388
58,1466,1524,0.1388
54,1446,1500,0.1388
55,1457,1512,0.1388
57,1463,1520,0.1388
53,1467,1520,0.1388
55,1465,1520,0.1388
55,1458,1513,0.1388
56,1463,1519,0.1388
55,1460,1515,0.1388
54,1467,1521,0.1388
55,1469,1524,0.1388
52,1471,1523,0.1388
54,1468,1522,0.1388
53,1469,1522,0.1388
52,1461,1513,0.1388
54,1446,1500,0.1388
53,1450,1503,0.1388
53,1452,1505,0.1388
54,1467,1521,0.1388
49,1475,1524,0.1388
49,1477,1526,0.1388
50,1484,1534,0.1388
52,1482,1534,0.1388
51,1482,1533,0.1388
50,1468,1518,0.1388
47,1456,1503,0.1388
47,1445,1492,0.1388
46,1467,1513,0.1388
47,1463,1510,0.1388
47,1474,1521,0.1388
46,1474,1520,0.1388
47,1483,1530,0.1388
49,1477,1526,0.1388
50,1480,1530,0.1388
48,1484,1532,0.1388
46,1480,1526,0.1388
49,1479,1528,0.1388
47,1476,1523,0.1388
47,1468,1515,0.1388
48,1471,1519,0.1388
44,1461,1505,0.1388
46,1454,1500,0.1388
46,1468,1514,0.1388
48,1477,1525,0.1388
47,1467,1514,0.1388
47,1468,1515,0.1388
48,1466,1514,0.1388
50,1475,1525,0.1388
52,1471,1523,0.1388
51,1472,1523,0.1388
51,1474,1525,0.1388
48,1472,1520,0.1388
48,1464,1512,0.1388
47,1464,1511,0.1388
47,1465,1512,0.1388
48,1464,1512,0.1388
51,1481,1532,0.1388
50,1478,1528,0.1388
49,1468,1517,0.1388
49,1466,1515,0.1388
51,1465,1516,0.1388
50,1477,1527,0.1388
49,1469,1518,0.1388
48,1460,1508,0.1388
49,1459,1508,0.1388
49,1466,1515,0.1388
48,1465,1513,0.1388
48,1471,1519,0.1388
46,1464,1510,0.1388
45,1480,1525,0.1388
46,1478,1524,0.1388
46,1480,1526,0.1388
46,1481,1527,0.1388
45,1471,1516,0.1388
44,1471,1515,0.1388
44,1475,1519,0.1388
45,1479,1524,0.1388
45,1454,1499,0.1388
43,1469,1512,0.1388
45,1461,1506,0.1388
45,1472,1517,0.1388
41,1476,1517,0.1388
41,1479,1520,0.1388
42,1479,1521,0.1388
42,1489,1531,0.1388
44,1478,1522,0.1388
42,1490,1532,0.1388
41,1494,1535,0.1388
42,1489,1531,0.1388
44,1490,1534,0.1388
44,1475,1519,0.1388
44,1480,1524,0.1388
43,1465,1508,0.1388
45,1467,1512,0.1388
45,1481,1526,0.1388
43,1476,1519,0.1388
44,1478,1522,0.1388
43,1486,1529,0.1388
44,1479,1523,0.1388
44,1478,1522,0.1388
43,1479,1522,0.1388
43,1470,1513,0.1388
46,1463,1509,0.1388
47,1451,1498,0.1388
48,1465,1513,0.1388
49,1471,1520,0.1388
50,1467,1517,0.1388
50,1459,1509,0.1388
51,1460,1511,0.1388
49,1471,1520,0.1388
50,1459,1509,0.1388
50,1460,1510,0.1388
50,1464,1514,0.1388
50,1458,1508,0.1388
48,1458,1506,0.1388
48,1455,1503,0.1388
48,1450,1498,0.1388
46,1453,1499,0.1388
48,1460,1508,0.1388
48,1466,1514,0.1388
47,1465,1512,0.1388
49,1457,1506,0.1388
49,1460,1509,0.1388
47,1465,1512,0.1388
44,1468,1512,0.1388
40,1465,1505,0.1388
41,1475,1516,0.1388
39,1476,1515,0.1388
40,1472,1512,0.1388
40,1478,1518,0.1388
36,1488,1524,0.1388
36,1489,1525,0.1388
37,1482,1519,0.1388
38,1477,1515,0.1388
38,1487,1525,0.1388
38,1506,1544,0.1388
37,1502,1539,0.1388
38,1487,1525,0.1388
38,1493,1531,0.1388
35,1477,1512,0.1388
38,1476,1514,0.1388
37,1471,1508,0.1388
37,1480,1517,0.1388
36,1475,1511,0.1388
37,1483,1520,0.1388
35,1482,1517,0.1388
35,1478,1513,0.1388
35,1474,1509,0.1388
34,1482,1516,0.1388
34,1488,1522,0.1388
35,1486,1521,0.1388
35,1476,1511,0.1388
34,1492,1526,0.1388
34,1495,1529,0.1388
31,1485,1516,0.1388
29,1481,1510,0.1388
26,1493,1519,0.1388
25,1488,1513,0.1388
25,1494,1519,0.1388
25,1505,1530,0.1388
24,1495,1519,0.1388
24,1499,1523,0.1388
24,1499,1523,0.1388
23,1505,1528,0.1388
23,1506,1529,0.1388
22,1498,1520,0.1388
22,1500,1522,0.1388
23,1501,1524,0.1388
23,1502,1525,0.1388
23,1502,1525,0.1388
22,1500,1522,0.1388
21,1490,1511,0.1388
21,1498,1519,0.1388
21,1509,1530,0.1388
21,1499,1520,0.1388
21,1495,1516,0.1388
20,1491,1511,0.1388
20,1488,1508,0.1388
19,1487,1506,0.1388
19,1489,1508,0.1388
19,1505,1524,0.1388
20,1508,1528,0.1388
20,1506,1526,0.1388
19,1505,1524,0.1388
20,1503,1523,0.1388
20,1505,1525,0.1388
20,1513,1533,0.1388
19,1500,1519,0.1388
21,1494,1515,0.1388
20,1509,1529,0.1388
21,1503,1524,0.1388
22,1510,1532,0.1388
22,1488,1510,0.1388
22,1501,1523,0.1388
22,1497,1519,0.1388
22,1492,1514,0.1388
22,1503,1525,0.1388
22,1500,1522,0.1388
21,1503,1524,0.1388
21,1501,1522,0.1388
21,1498,1519,0.1388
21,1503,1524,0.1388
22,1498,1520,0.1388
21,1502,1523,0.1388
21,1496,1517,0.1388
21,1500,1521,0.1388
19,1501,1520,0.1388
19,1500,1519,0.1388
19,1509,1528,0.1388
18,1504,1522,0.1388
18,1514,1532,0.1388
18,1509,1527,0.1388
18,1516,1534,0.1388
18,1498,1516,0.1388
17,1494,1511,0.1388
17,1496,1513,0.1388
16,1507,1523,0.1388
14,1510,1524,0.1388
15,1514,1529,0.1388
16,1512,1528,0.1388
16,1503,1519,0.1388
16,1512,1528,0.1388
16,1497,1513,0.1388
16,1501,1517,0.1388
14,1505,1519,0.1388
15,1510,1525,0.1388
14,1501,1515,0.1388
14,1503,1517,0.1388
14,1503,1517,0.1388
15,1518,1533,0.1388
15,1501,1516,0.1388
15,1485,1500,0.1388
16,1491,1507,0.1388
16,1503,1519,0.1388
17,1512,1529,0.1388
17,1513,1530,0.1388
17,1499,1516,0.1388
16,1500,1516,0.1388
16,1489,1505,0.1388
17,1497,1514,0.1388
17,1490,1507,0.1388
16,1499,1515,0.1388
16,1493,1509,0.1388
15,1509,1524,0.1388
16,1511,1527,0.1388
16,1510,1526,0.1388
15,1499,1514,0.1388
16,1498,1514,0.1388
16,1498,1514,0.1388
15,1487,1502,0.1388
15,1491,1506,0.1388
15,1504,1519,0.1388
14,1486,1500,0.1388
14,1490,1504,0.1388
13,1503,1516,0.1388
13,1509,1522,0.1388
13,1502,1515,0.1388
13,1522,1535,0.1388
13,1522,1535,0.1388
13,1519,1532,0.1388
13,1498,1511,0.1388
13,1490,1503,0.1388
14,1502,1516,0.1388
14,1498,1512,0.1388
14,1502,1516,0.1388
14,1512,1526,0.1388
14,1523,1537,0.1388
12,1509,1521,0.1388
12,1507,1519,0.1388
12,1499,1511,0.1388
12,1491,1503,0.1388
11,1493,1504,0.1388
11,1510,1521,0.1388
11,1509,1520,0.1388
11,1499,1510,0.1388
12,1505,1517,0.1388
12,1503,1515,0.1388
13,1494,1507,0.1388
13,1508,1521,0.1388
13,1504,1517,0.1388
13,1495,1508,0.1388
13,1501,1514,0.1388
14,1507,1521,0.1388
13,1508,1521,0.1388
13,1500,1513,0.1388
13,1501,1514,0.1388
13,1513,1526,0.1388
13,1502,1515,0.1388
13,1498,1511,0.1388
13,1498,1511,0.1388
12,1498,1510,0.1388
13,1505,1518,0.1388
14,1505,1519,0.1388
14,1515,1529,0.1388
15,1506,1521,0.1388
15,1511,1526,0.1388
15,1508,1523,0.1388
15,1502,1517,0.1388
16,1498,1514,0.1388
16,1491,1507,0.1388
18,1491,1509,0.1388
16,1503,1519,0.1388
16,1506,1522,0.1388
16,1508,1524,0.1388
16,1505,1521,0.1388
16,1503,1519,0.1388
17,1498,1515,0.1388
17,1501,1518,0.1388
17,1500,1517,0.1388
16,1510,1526,0.1388
15,1506,1521,0.1388
16,1508,1524,0.1388
15,1500,1515,0.1388
15,1492,1507,0.1388
14,1495,1509,0.1388
14,1488,1502,0.1388
14,1488,1502,0.1388
15,1489,1504,0.1388
16,1494,1510,0.1388
16,1493,1509,0.1388
16,1504,1520,0.1388
16,1510,1526,0.1388
16,1514,1530,0.1388
17,1501,1518,0.1388
17,1509,1526,0.1388
17,1509,1526,0.1388
14,1518,1532,0.1388
14,1514,1528,0.1388
14,1510,1524,0.1388
16,1519,1535,0.1388
16,1514,1530,0.1388
18,1508,1526,0.1388
17,1490,1507,0.1388
18,1480,1498,0.1388
18,1492,1510,0.1388
18,1494,1512,0.1388
18,1502,1520,0.1388
18,1489,1507,0.1388
18,1474,1492,0.1388
19,1483,1502,0.1388
21,1477,1498,0.1388
21,1492,1513,0.1388
22,1487,1509,0.1388
22,1473,1495,0.1388
23,1491,1514,0.1388
22,1492,1514,0.1388
24,1501,1525,0.1388
24,1503,1527,0.1388
25,1500,1525,0.1388
25,1495,1520,0.1388
25,1492,1517,0.1388
25,1491,1516,0.1388
25,1493,1518,0.1388
25,1485,1510,0.1388
24,1480,1504,0.1388
24,1474,1498,0.1388
24,1481,1505,0.1388
25,1485,1510,0.1388
25,1482,1507,0.1388
25,1481,1506,0.1388
25,1489,1514,0.1388
23,1498,1521,0.1388
19,1499,1518,0.1388
20,1505,1525,0.1388
22,1506,1528,0.1388
21,1504,1525,0.1388
21,1501,1522,0.1388
20,1505,1525,0.1388
19,1496,1515,0.1388
20,1485,1505,0.1388
19,1501,1520,0.1388
18,1503,1521,0.1388
17,1500,1517,0.1388
18,1497,1515,0.1388
18,1505,1523,0.1388
18,1492,1510,0.1388
18,1501,1519,0.1388
19,1504,1523,0.1388
19,1498,1517,0.1388
20,1508,1528,0.1388
18,1512,1530,0.1388
18,1510,1528,0.1388
21,1502,1523,0.1388
20,1491,1511,0.1388
19,1488,1507,0.1388
17,1500,1517,0.1388
16,1505,1521,0.1388
17,1518,1535,0.1388
18,1524,1542,0.1388
18,1522,1540,0.1388
18,1517,1535,0.1388
17,1518,1535,0.1388
17,1504,1521,0.1388
16,1496,1512,0.1388
16,1501,1517,0.1388
17,1504,1521,0.1388
16,1498,1514,0.1388
16,1491,1507,0.1388
16,1493,1509,0.1388
17,1491,1508,0.1388
17,1497,1514,0.1388
17,1496,1513,0.1388
16,1487,1503,0.1388
16,1495,1511,0.1388
15,1502,1517,0.1388
14,1510,1524,0.1388
15,1505,1520,0.1388
15,1493,1508,0.1388
15,1496,1511,0.1388
15,1479,1494,0.1388
15,1493,1508,0.1388
15,1508,1523,0.1388
17,1491,1508,0.1388
15,1500,1515,0.1388
16,1494,1510,0.1388
16,1501,1517,0.1388
15,1495,1510,0.1388
15,1491,1506,0.1388
14,1506,1520,0.1388
14,1508,1522,0.1388
14,1512,1526,0.1388
14,1530,1544,0.1388
14,1514,1528,0.1388
14,1506,1520,0.1388
13,1505,1518,0.1388
11,1509,1520,0.1388
11,1501,1512,0.1388
10,1499,1509,0.1388
10,1500,1510,0.1388
11,1514,1525,0.1388
11,1502,1513,0.1388
11,1511,1522,0.1388
10,1511,1521,0.1388
10,1493,1503,0.1388
9,1502,1511,0.1388
8,1490,1498,0.1388
8,1499,1507,0.1388
8,1498,1506,0.1388
8,1501,1509,0.1388
8,1514,1522,0.1388
7,1512,1519,0.1388
7,1501,1508,0.1388
7,1513,1520,0.1388
7,1510,1517,0.1388
7,1502,1509,0.1388
7,1509,1516,0.1388
7,1512,1519,0.1388
7,1517,1524,0.1388
7,1522,1529,0.1388
6,1510,1516,0.1388
6,1499,1505,0.1388
7,1499,1506,0.1388
7,1502,1509,0.1388
7,1512,1519,0.1388
8,1520,1528,0.1388
8,1519,1527,0.1388
8,1503,1511,0.1388
8,1514,1522,0.1388
8,1515,1523,0.1388
8,1515,1523,0.1388
8,1518,1526,0.1388
8,1513,1521,0.1388
7,1529,1536,0.1388
7,1512,1519,0.1388
7,1510,1517,0.1388
7,1512,1519,0.1388
7,1526,1533,0.1388
7,1530,1537,0.1388
7,1533,1540,0.1388
6,1516,1522,0.1388
5,1511,1516,0.1388
7,1496,1503,0.1388
7,1511,1518,0.1388
7,1508,1515,0.1388
7,1508,1515,0.1388
7,1511,1518,0.1388
7,1510,1517,0.1388
7,1521,1528,0.1388
8,1512,1520,0.1388
8,1506,1514,0.1388
7,1518,1525,0.1388
7,1510,1517,0.1388
7,1509,1516,0.1388
7,1505,1512,0.1388
7,1512,1519,0.1388
7,1508,1515,0.1388
5,1524,1529,0.1388
6,1532,1538,0.1388
5,1522,1527,0.1388
5,1519,1524,0.1388
5,1520,1525,0.1388
5,1508,1513,0.1388
5,1513,1518,0.1388
5,1516,1521,0.1388
5,1513,1518,0.1388
4,1516,1520,0.1388
4,1512,1516,0.1388
4,1506,1510,0.1388
4,1514,1518,0.1388
4,1503,1507,0.1388
4,1506,1510,0.1388
4,1507,1511,0.1388
5,1499,1504,0.1388
5,1495,1500,0.1388
4,1494,1498,0.1388
4,1490,1494,0.1388
4,1496,1500,0.1388
4,1509,1513,0.1388
4,1510,1514,0.1388
3,1516,1519,0.1388
3,1516,1519,0.1388
3,1505,1508,0.1388
3,1506,1509,0.1388
3,1511,1514,0.1388
3,1499,1502,0.1388
3,1516,1519,0.1388
3,1513,1516,0.1388
2,1520,1522,0.1388
2,1522,1524,0.1388
2,1515,1517,0.1388
2,1511,1513,0.1388
2,1508,1510,0.1388
2,1516,1518,0.1388
2,1512,1514,0.1388
2,1509,1511,0.1388
2,1500,1502,0.1388
2,1495,1497,0.1388
2,1509,1511,0.1388
2,1521,1523,0.1388
2,1526,1528,0.1388
2,1514,1516,0.1388
2,1522,1524,0.1388
1,1508,1509,0.1388
1,1504,1505,0.1388
2,1502,1504,0.1388
2,1504,1506,0.1388
2,1521,1523,0.1388
1,1522,1523,0.1388
0,1523,1523,0.1388
