1379,28,1407,0.1388
1392,30,1422,0.1388
1416,30,1446,0.1388
1432,31,1463,0.1388
1446,29,1475,0.1388
1457,30,1487,0.1388
1473,32,1505,0.1388
1467,34,1501,0.1388
1458,35,1493,0.1388
1443,36,1479,0.1388
1436,37,1473,0.1388
1438,37,1475,0.1388
1453,35,1488,0.1388
1468,34,1502,0.1388
1464,34,1498,0.1388
1442,33,1475,0.1388
1444,33,1477,0.1388
1451,34,1485,0.1388
1460,34,1494,0.1388
1457,35,1492,0.1388
1475,37,1512,0.1388
1469,38,1507,0.1388
1471,39,1510,0.1388
1459,39,1498,0.1388
1452,41,1493,0.1388
1460,42,1502,0.1388
1468,40,1508,0.1388
1454,42,1496,0.1388
1452,44,1496,0.1388
1446,45,1491,0.1388
1441,43,1484,0.1388
1447,43,1490,0.1388
1452,42,1494,0.1388
1461,42,1503,0.1388
1437,42,1479,0.1388
1440,43,1483,0.1388
1444,46,1490,0.1388
1449,47,1496,0.1388
1459,47,1506,0.1388
1452,50,1502,0.1388
1466,49,1515,0.1388
1459,50,1509,0.1388
1447,52,1499,0.1388
1447,54,1501,0.1388
1440,54,1494,0.1388
1442,52,1494,0.1388
1440,52,1492,0.1388
1440,53,1493,0.1388
1427,51,1478,0.1388
1433,51,1484,0.1388
1450,52,1502,0.1388
1453,49,1502,0.1388
1438,50,1488,0.1388
1426,53,1479,0.1388
1432,55,1487,0.1388
1440,55,1495,0.1388
1449,56,1505,0.1388
1456,58,1514,0.1388
1453,58,1511,0.1388
1442,61,1503,0.1388
1419,64,1483,0.1388
1422,62,1484,0.1388
1424,61,1485,0.1388
1432,58,1490,0.1388
1436,65,1501,0.1388
1434,66,1500,0.1388
1440,62,1502,0.1388
1422,64,1486,0.1388
1415,69,1484,0.1388
1429,70,1499,0.1388
1428,69,1497,0.1388
1417,70,1487,0.1388
1413,70,1483,0.1388
1415,72,1487,0.1388
1436,70,1506,0.1388
1428,70,1498,0.1388
1430,73,1503,0.1388
1422,74,1496,0.1388
1422,73,1495,0.1388
1424,72,1496,0.1388
1423,70,1493,0.1388
1422,69,1491,0.1388
1422,69,1491,0.1388
1413,70,1483,0.1388
1412,70,1482,0.1388
1431,71,1502,0.1388
1423,71,1494,0.1388
1420,72,1492,0.1388
1429,73,1502,0.1388
1426,70,1496,0.1388
1431,71,1502,0.1388
1423,70,1493,0.1388
1428,72,1500,0.1388
1435,69,1504,0.1388
1430,72,1502,0.1388
1424,72,1496,0.1388
1426,70,1496,0.1388
1425,68,1493,0.1388
1428,64,1492,0.1388
1430,68,1498,0.1388
1425,65,1490,0.1388
1429,64,1493,0.1388
1423,67,1490,0.1388
1434,67,1501,0.1388
1431,63,1494,0.1388
1428,68,1496,0.1388
1431,70,1501,0.1388
1429,67,1496,0.1388
1420,67,1487,0.1388
1424,66,1490,0.1388
1433,63,1496,0.1388
1436,61,1497,0.1388
1441,60,1501,0.1388
1445,57,1502,0.1388
1431,58,1489,0.1388
1428,58,1486,0.1388
1416,60,1476,0.1388
1422,63,1485,0.1388
1429,64,1493,0.1388
1431,59,1490,0.1388
1418,57,1475,0.1388
1430,56,1486,0.1388
1432,55,1487,0.1388
1439,53,1492,0.1388
1446,53,1499,0.1388
1433,56,1489,0.1388
1426,57,1483,0.1388
1439,58,1497,0.1388
1438,57,1495,0.1388
1443,56,1499,0.1388
1456,54,1510,0.1388
1456,52,1508,0.1388
1457,47,1504,0.1388
1454,46,1500,0.1388
1460,47,1507,0.1388
1455,50,1505,0.1388
1447,51,1498,0.1388
1443,51,1494,0.1388
1459,51,1510,0.1388
1448,51,1499,0.1388
1446,51,1497,0.1388
1446,50,1496,0.1388
1456,48,1504,0.1388
1458,49,1507,0.1388
1461,50,1511,0.1388
1456,48,1504,0.1388
1462,46,1508,0.1388
1453,46,1499,0.1388
1448,47,1495,0.1388
1439,52,1491,0.1388
1441,52,1493,0.1388
1432,53,1485,0.1388
1427,52,1479,0.1388
1425,51,1476,0.1388
1433,52,1485,0.1388
1438,51,1489,0.1388
1435,51,1486,0.1388
1443,51,1494,0.1388
1448,51,1499,0.1388
1441,50,1491,0.1388
1454,52,1506,0.1388
1437,52,1489,0.1388
1446,54,1500,0.1388
1431,54,1485,0.1388
1436,54,1490,0.1388
1440,55,1495,0.1388
1438,58,1496,0.1388
1426,60,1486,0.1388
1419,59,1478,0.1388
1436,56,1492,0.1388
1444,56,1500,0.1388
1439,58,1497,0.1388
1434,61,1495,0.1388
1437,60,1497,0.1388
1422,60,1482,0.1388
1421,60,1481,0.1388
1421,60,1481,0.1388
1419,60,1479,0.1388
1427,57,1484,0.1388
1441,56,1497,0.1388
1428,58,1486,0.1388
1444,57,1501,0.1388
1436,57,1493,0.1388
1434,57,1491,0.1388
1439,59,1498,0.1388
1442,61,1503,0.1388
1455,59,1514,0.1388
1441,60,1501,0.1388
1451,60,1511,0.1388
1435,60,1495,0.1388
1441,60,1501,0.1388
1425,60,1485,0.1388
1427,61,1488,0.1388
1422,60,1482,0.1388
1432,61,1493,0.1388
1432,64,1496,0.1388
1445,65,1510,0.1388
1444,68,1512,0.1388
1441,68,1509,0.1388
1441,65,1506,0.1388
1453,64,1517,0.1388
1434,66,1500,0.1388
1429,67,1496,0.1388
1426,72,1498,0.1388
1405,74,1479,0.1388
1403,75,1478,0.1388
1408,78,1486,0.1388
1418,74,1492,0.1388
1406,76,1482,0.1388
1424,77,1501,0.1388
1421,77,1498,0.1388
1417,78,1495,0.1388
1421,77,1498,0.1388
1413,79,1492,0.1388
1410,80,1490,0.1388
1416,80,1496,0.1388
1416,82,1498,0.1388
1418,83,1501,0.1388
1419,84,1503,0.1388
1411,83,1494,0.1388
1419,80,1499,0.1388
1420,79,1499,0.1388
1429,83,1512,0.1388
1410,84,1494,0.1388
1422,85,1507,0.1388
1419,86,1505,0.1388
1410,85,1495,0.1388
1404,87,1491,0.1388
1402,87,1489,0.1388
1397,88,1485,0.1388
1398,92,1490,0.1388
1412,93,1505,0.1388
1413,94,1507,0.1388
1408,94,1502,0.1388
1404,95,1499,0.1388
1410,97,1507,0.1388
1407,100,1507,0.1388
1407,101,1508,0.1388
1406,103,1509,0.1388
1405,102,1507,0.1388
1415,103,1518,0.1388
1411,103,1514,0.1388
1410,103,1513,0.1388
1406,103,1509,0.1388
1405,102,1507,0.1388
1384,100,1484,0.1388
1387,108,1495,0.1388
1380,107,1487,0.1388
1375,106,1481,0.1388
1364,111,1475,0.1388
1370,111,1481,0.1388
1382,110,1492,0.1388
1385,108,1493,0.1388
1386,103,1489,0.1388
1378,109,1487,0.1388
1375,113,1488,0.1388
1384,113,1497,0.1388
1389,112,1501,0.1388
1389,112,1501,0.1388
1395,112,1507,0.1388
1392,115,1507,0.1388
1382,111,1493,0.1388
1383,112,1495,0.1388
1374,115,1489,0.1388
1387,113,1500,0.1388
1384,111,1495,0.1388
1382,114,1496,0.1388
1381,114,1495,0.1388
1375,111,1486,0.1388
1388,109,1497,0.1388
1396,108,1504,0.1388
1378,110,1488,0.1388
1372,111,1483,0.1388
1369,115,1484,0.1388
1376,120,1496,0.1388
1388,121,1509,0.1388
1387,118,1505,0.1388
1390,120,1510,0.1388
1381,118,1499,0.1388
1386,119,1505,0.1388
1383,120,1503,0.1388
1365,120,1485,0.1388
1362,118,1480,0.1388
1360,119,1479,0.1388
1363,124,1487,0.1388
1364,123,1487,0.1388
1367,126,1493,0.1388
1370,123,1493,0.1388
1372,124,1496,0.1388
1369,127,1496,0.1388
1373,128,1501,0.1388
1375,126,1501,0.1388
1381,123,1504,0.1388
1385,125,1510,0.1388
1384,129,1513,0.1388
1376,129,1505,0.1388
1363,123,1486,0.1388
1368,119,1487,0.1388
1379,117,1496,0.1388
1368,117,1485,0.1388
1373,117,1490,0.1388
1375,117,1492,0.1388
1383,121,1504,0.1388
1371,120,1491,0.1388
1375,120,1495,0.1388
1381,123,1504,0.1388
1376,119,1495,0.1388
1381,120,1501,0.1388
1380,122,1502,0.1388
1378,126,1504,0.1388
1361,126,1487,0.1388
1356,123,1479,0.1388
1357,123,1480,0.1388
1364,121,1485,0.1388
1371,123,1494,0.1388
1380,122,1502,0.1388
1382,118,1500,0.1388
1365,119,1484,0.1388
1377,117,1494,0.1388
1384,118,1502,0.1388
1385,118,1503,0.1388
1382,117,1499,0.1388
1375,121,1496,0.1388
1382,122,1504,0.1388
1378,120,1498,0.1388
1365,117,1482,0.1388
1374,117,1491,0.1388
1365,119,1484,0.1388
1369,120,1489,0.1388
1379,121,1500,0.1388
1394,121,1515,0.1388
1390,120,1510,0.1388
1387,120,1507,0.1388
1374,120,1494,0.1388
1372,117,1489,0.1388
1369,116,1485,0.1388
1366,119,1485,0.1388
1362,120,1482,0.1388
1376,116,1492,0.1388
1380,116,1496,0.1388
1379,117,1496,0.1388
1382,117,1499,0.1388
1383,123,1506,0.1388
1386,124,1510,0.1388
1385,126,1511,0.1388
1380,126,1506,0.1388
1385,125,1510,0.1388
1378,120,1498,0.1388
1384,117,1501,0.1388
1385,120,1505,0.1388
1381,122,1503,0.1388
1388,123,1511,0.1388
1398,122,1520,0.1388
1396,118,1514,0.1388
1391,118,1509,0.1388
1386,120,1506,0.1388
1381,117,1498,0.1388
1384,115,1499,0.1388
1386,116,1502,0.1388
1385,118,1503,0.1388
1377,118,1495,0.1388
1383,115,1498,0.1388
1395,116,1511,0.1388
1370,114,1484,0.1388
1362,117,1479,0.1388
1374,122,1496,0.1388
1380,118,1498,0.1388
1372,117,1489,0.1388
1380,116,1496,0.1388
1367,119,1486,0.1388
1361,119,1480,0.1388
1371,120,1491,0.1388
1364,121,1485,0.1388
1373,121,1494,0.1388
1377,121,1498,0.1388
1370,122,1492,0.1388
1368,118,1486,0.1388
1368,118,1486,0.1388
1369,120,1489,0.1388
1353,120,1473,0.1388
1374,123,1497,0.1388
1377,126,1503,0.1388
1374,123,1497,0.1388
1371,127,1498,0.1388
1366,129,1495,0.1388
1366,128,1494,0.1388
1364,127,1491,0.1388
1358,135,1493,0.1388
1367,136,1503,0.1388
1376,135,1511,0.1388
1377,133,1510,0.1388
1377,129,1506,0.1388
1364,128,1492,0.1388
1369,131,1500,0.1388
1364,129,1493,0.1388
1354,131,1485,0.1388
1349,132,1481,0.1388
1361,132,1493,0.1388
1364,129,1493,0.1388
1365,131,1496,0.1388
1377,133,1510,0.1388
1370,134,1504,0.1388
1370,131,1501,0.1388
1376,128,1504,0.1388
1362,130,1492,0.1388
1362,126,1488,0.1388
1367,129,1496,0.1388
1373,128,1501,0.1388
1369,129,1498,0.1388
1365,129,1494,0.1388
1354,125,1479,0.1388
1354,124,1478,0.1388
1362,124,1486,0.1388
1370,126,1496,0.1388
1359,130,1489,0.1388
1372,128,1500,0.1388
1369,129,1498,0.1388
1357,127,1484,0.1388
1364,121,1485,0.1388
1349,120,1469,0.1388
1350,124,1474,0.1388
1359,124,1483,0.1388
1377,123,1500,0.1388
1384,125,1509,0.1388
1384,124,1508,0.1388
1385,127,1512,0.1388
1365,129,1494,0.1388
1365,131,1496,0.1388
1362,136,1498,0.1388
1356,133,1489,0.1388
1363,135,1498,0.1388
1366,134,1500,0.1388
1370,133,1503,0.1388
1370,134,1504,0.1388
1374,136,1510,0.1388
1370,140,1510,0.1388
1354,141,1495,0.1388
1355,148,1503,0.1388
1339,148,1487,0.1388
1345,138,1483,0.1388
1334,143,1477,0.1388
1344,140,1484,0.1388
1343,145,1488,0.1388
1358,144,1502,0.1388
1349,143,1492,0.1388
1341,141,1482,0.1388
1334,144,1478,0.1388
1318,141,1459,0.1388
1341,136,1477,0.1388
1348,137,1485,0.1388
1356,137,1493,0.1388
1354,135,1489,0.1388
1356,137,1493,0.1388
1341,143,1484,0.1388
1334,143,1477,0.1388
1339,144,1483,0.1388
1348,145,1493,0.1388
1342,146,1488,0.1388
1334,148,1482,0.1388
1335,143,1478,0.1388
1333,142,1475,0.1388
1343,147,1490,0.1388
1351,147,1498,0.1388
1354,153,1507,0.1388
1354,149,1503,0.1388
1360,153,1513,0.1388
1345,152,1497,0.1388
1324,153,1477,0.1388
1313,147,1460,0.1388
1318,154,1472,0.1388
1316,157,1473,0.1388
1303,162,1465,0.1388
1306,162,1468,0.1388
1311,171,1482,0.1388
1321,171,1492,0.1388
1333,174,1507,0.1388
1328,172,1500,0.1388
1320,173,1493,0.1388
1324,169,1493,0.1388
1328,168,1496,0.1388
1324,167,1491,0.1388
1314,163,1477,0.1388
1323,163,1486,0.1388
1336,168,1504,0.1388
1326,172,1498,0.1388
1313,173,1486,0.1388
1303,180,1483,0.1388
1314,177,1491,0.1388
1316,173,1489,0.1388
1318,173,1491,0.1388
1333,172,1505,0.1388
1333,175,1508,0.1388
1334,176,1510,0.1388
1328,174,1502,0.1388
1330,170,1500,0.1388
1318,173,1491,0.1388
1302,175,1477,0.1388
1305,179,1484,0.1388
1311,182,1493,0.1388
1322,177,1499,0.1388
1328,174,1502,0.1388
1332,177,1509,0.1388
1325,175,1500,0.1388
1316,180,1496,0.1388
1310,180,1490,0.1388
1316,181,1497,0.1388
1298,182,1480,0.1388
1287,183,1470,0.1388
1314,186,1500,0.1388
1308,192,1500,0.1388
1317,198,1515,0.1388
1312,200,1512,0.1388
1303,196,1499,0.1388
1288,198,1486,0.1388
1304,205,1509,0.1388
1304,207,1511,0.1388
1308,201,1509,0.1388
1295,202,1497,0.1388
1300,203,1503,0.1388
1304,206,1510,0.1388
1300,207,1507,0.1388
1305,210,1515,0.1388
1307,205,1512,0.1388
1300,208,1508,0.1388
1303,213,1516,0.1388
1305,211,1516,0.1388
1306,211,1517,0.1388
1308,205,1513,0.1388
1301,201,1502,0.1388
1299,200,1499,0.1388
1301,203,1504,0.1388
1299,204,1503,0.1388
1289,203,1492,0.1388
1276,211,1487,0.1388
1280,208,1488,0.1388
1279,213,1492,0.1388
1288,215,1503,0.1388
1291,217,1508,0.1388
1287,218,1505,0.1388
1277,223,1500,0.1388
1269,225,1494,0.1388
1268,222,1490,0.1388
1281,227,1508,0.1388
1281,229,1510,0.1388
1271,234,1505,0.1388
1255,238,1493,0.1388
1264,236,1500,0.1388
1254,231,1485,0.1388
1260,235,1495,0.1388
1253,238,1491,0.1388
1257,235,1492,0.1388
1257,238,1495,0.1388
1259,235,1494,0.1388
1256,238,1494,0.1388
1267,235,1502,0.1388
1273,229,1502,0.1388
1265,233,1498,0.1388
1268,228,1496,0.1388
1272,226,1498,0.1388
1267,237,1504,0.1388
1269,235,1504,0.1388
1275,224,1499,0.1388
1267,227,1494,0.1388
1269,229,1498,0.1388
1280,234,1514,0.1388
1277,234,1511,0.1388
1278,231,1509,0.1388
1274,232,1506,0.1388
1270,232,1502,0.1388
1271,230,1501,0.1388
1269,231,1500,0.1388
1271,231,1502,0.1388
1270,231,1501,0.1388
1260,231,1491,0.1388
1263,232,1495,0.1388
1276,234,1510,0.1388
1266,234,1500,0.1388
1264,229,1493,0.1388
1265,232,1497,0.1388
1261,233,1494,0.1388
1254,228,1482,0.1388
1262,229,1491,0.1388
1254,234,1488,0.1388
1247,239,1486,0.1388
1241,241,1482,0.1388
1242,237,1479,0.1388
1247,245,1492,0.1388
1239,250,1489,0.1388
1247,240,1487,0.1388
1251,240,1491,0.1388
1254,246,1500,0.1388
1265,249,1514,0.1388
1259,240,1499,0.1388
1251,239,1490,0.1388
1243,240,1483,0.1388
1248,245,1493,0.1388
1245,237,1482,0.1388
1256,236,1492,0.1388
1255,236,1491,0.1388
1250,239,1489,0.1388
1244,241,1485,0.1388
1247,236,1483,0.1388
1250,233,1483,0.1388
1253,239,1492,0.1388
1256,238,1494,0.1388
1242,240,1482,0.1388
1247,241,1488,0.1388
1230,238,1468,0.1388
1249,241,1490,0.1388
1261,236,1497,0.1388
1268,234,1502,0.1388
1261,232,1493,0.1388
1259,229,1488,0.1388
1248,235,1483,0.1388
1251,246,1497,0.1388
1256,250,1506,0.1388
1252,252,1504,0.1388
1248,252,1500,0.1388
1240,257,1497,0.1388
1252,264,1516,0.1388
1251,262,1513,0.1388
1244,265,1509,0.1388
1242,264,1506,0.1388
1232,268,1500,0.1388
1243,266,1509,0.1388
1242,261,1503,0.1388
1238,260,1498,0.1388
1233,260,1493,0.1388
1240,261,1501,0.1388
1251,259,1510,0.1388
1252,258,1510,0.1388
1236,255,1491,0.1388
1240,258,1498,0.1388
1233,258,1491,0.1388
1227,261,1488,0.1388
1229,261,1490,0.1388
1232,257,1489,0.1388
1233,255,1488,0.1388
1218,257,1475,0.1388
1230,258,1488,0.1388
1235,258,1493,0.1388
1234,253,1487,0.1388
1236,251,1487,0.1388
1243,246,1489,0.1388
1257,245,1502,0.1388
1258,251,1509,0.1388
1249,253,1502,0.1388
1252,256,1508,0.1388
1255,265,1520,0.1388
1253,261,1514,0.1388
1249,259,1508,0.1388
1251,263,1514,0.1388
1246,259,1505,0.1388
1231,253,1484,0.1388
1225,247,1472,0.1388
1236,253,1489,0.1388
1237,256,1493,0.1388
1239,257,1496,0.1388
1227,262,1489,0.1388
1230,259,1489,0.1388
1219,263,1482,0.1388
1230,261,1491,0.1388
1226,263,1489,0.1388
1226,263,1489,0.1388
1230,265,1495,0.1388
1243,271,1514,0.1388
1241,268,1509,0.1388
1226,272,1498,0.1388
1231,274,1505,0.1388
1226,279,1505,0.1388
1219,287,1506,0.1388
1231,287,1518,0.1388
1227,281,1508,0.1388
1217,284,1501,0.1388
1215,282,1497,0.1388
1215,271,1486,0.1388
1220,271,1491,0.1388
1220,279,1499,0.1388
1222,285,1507,0.1388
1224,282,1506,0.1388
1218,280,1498,0.1388
1209,275,1484,0.1388
1207,282,1489,0.1388
1217,279,1496,0.1388
1206,283,1489,0.1388
1204,285,1489,0.1388
1215,288,1503,0.1388
1216,287,1503,0.1388
1224,283,1507,0.1388
1221,285,1506,0.1388
1209,282,1491,0.1388
1218,284,1502,0.1388
1196,288,1484,0.1388
1196,290,1486,0.1388
1197,294,1491,0.1388
1194,297,1491,0.1388
1198,297,1495,0.1388
1202,294,1496,0.1388
1204,294,1498,0.1388
1197,300,1497,0.1388
1201,298,1499,0.1388
1201,303,1504,0.1388
1200,299,1499,0.1388
1204,296,1500,0.1388
1211,296,1507,0.1388
1204,288,1492,0.1388
1200,295,1495,0.1388
1195,294,1489,0.1388
1193,300,1493,0.1388
1192,299,1491,0.1388
1189,299,1488,0.1388
1181,300,1481,0.1388
1194,298,1492,0.1388
1201,300,1501,0.1388
1210,293,1503,0.1388
1202,291,1493,0.1388
1206,290,1496,0.1388
1192,294,1486,0.1388
1194,299,1493,0.1388
1182,298,1480,0.1388
1189,296,1485,0.1388
1199,297,1496,0.1388
1205,296,1501,0.1388
1212,299,1511,0.1388
1208,300,1508,0.1388
1199,303,1502,0.1388
1201,305,1506,0.1388
1210,308,1518,0.1388
1214,307,1521,0.1388
1208,300,1508,0.1388
1212,293,1505,0.1388
1200,291,1491,0.1388
1182,290,1472,0.1388
1190,293,1483,0.1388
1196,290,1486,0.1388
1207,293,1500,0.1388
1213,295,1508,0.1388
1206,293,1499,0.1388
1209,288,1497,0.1388
1200,293,1493,0.1388
1188,292,1480,0.1388
1189,293,1482,0.1388
1201,290,1491,0.1388
1200,290,1490,0.1388
1199,291,1490,0.1388
1199,283,1482,0.1388
1199,286,1485,0.1388
1202,292,1494,0.1388
1211,295,1506,0.1388
1217,294,1511,0.1388
1213,289,1502,0.1388
1210,285,1495,0.1388
1209,287,1496,0.1388
1212,286,1498,0.1388
1201,290,1491,0.1388
1197,298,1495,0.1388
1194,296,1490,0.1388
1200,301,1501,0.1388
1204,303,1507,0.1388
1207,297,1504,0.1388
1208,297,1505,0.1388
1209,300,1509,0.1388
1208,301,1509,0.1388
1200,299,1499,0.1388
1198,305,1503,0.1388
1197,307,1504,0.1388
1195,309,1504,0.1388
1198,311,1509,0.1388
1185,313,1498,0.1388
1175,311,1486,0.1388
1174,307,1481,0.1388
1172,313,1485,0.1388
1172,311,1483,0.1388
1169,313,1482,0.1388
1162,317,1479,0.1388
1171,317,1488,0.1388
1170,316,1486,0.1388
1170,319,1489,0.1388
1173,318,1491,0.1388
1173,323,1496,0.1388
1163,331,1494,0.1388
1169,338,1507,0.1388
1185,345,1530,0.1388
1178,337,1515,0.1388
1165,333,1498,0.1388
1160,329,1489,0.1388
1162,330,1492,0.1388
1164,335,1499,0.1388
1160,342,1502,0.1388
1161,339,1500,0.1388
1163,344,1507,0.1388
1152,346,1498,0.1388
1158,344,1502,0.1388
1156,340,1496,0.1388
1142,340,1482,0.1388
1158,345,1503,0.1388
1146,346,1492,0.1388
1162,341,1503,0.1388
1154,338,1492,0.1388
1148,337,1485,0.1388
1147,341,1488,0.1388
1153,348,1501,0.1388
1151,349,1500,0.1388
1145,348,1493,0.1388
1147,349,1496,0.1388
1144,347,1491,0.1388
1146,346,1492,0.1388
1152,347,1499,0.1388
1152,336,1488,0.1388
1147,340,1487,0.1388
1142,350,1492,0.1388
1139,341,1480,0.1388
1138,352,1490,0.1388
1119,352,1471,0.1388
1127,352,1479,0.1388
1126,353,1479,0.1388
1129,346,1475,0.1388
1145,348,1493,0.1388
1150,354,1504,0.1388
1162,353,1515,0.1388
1160,354,1514,0.1388
1161,352,1513,0.1388
1151,355,1506,0.1388
1144,359,1503,0.1388
1137,357,1494,0.1388
1150,358,1508,0.1388
1157,359,1516,0.1388
1156,357,1513,0.1388
1154,366,1520,0.1388
1155,368,1523,0.1388
1151,368,1519,0.1388
1137,370,1507,0.1388
1127,367,1494,0.1388
1129,368,1497,0.1388
1126,365,1491,0.1388
1123,370,1493,0.1388
1127,372,1499,0.1388
1125,369,1494,0.1388
1127,369,1496,0.1388
1128,369,1497,0.1388
1113,375,1488,0.1388
1123,375,1498,0.1388
1118,381,1499,0.1388
1120,391,1511,0.1388
1115,388,1503,0.1388
1121,385,1506,0.1388
1121,388,1509,0.1388
1126,386,1512,0.1388
1117,388,1505,0.1388
1109,388,1497,0.1388
1118,399,1517,0.1388
1102,398,1500,0.1388
1098,403,1501,0.1388
1085,403,1488,0.1388
1096,410,1506,0.1388
1095,410,1505,0.1388
1096,413,1509,0.1388
1087,415,1502,0.1388
1081,415,1496,0.1388
1082,420,1502,0.1388
1071,419,1490,0.1388
1078,416,1494,0.1388
1078,422,1500,0.1388
1086,414,1500,0.1388
1078,415,1493,0.1388
1080,414,1494,0.1388
1058,422,1480,0.1388
1066,423,1489,0.1388
1072,421,1493,0.1388
1073,422,1495,0.1388
1072,423,1495,0.1388
1068,424,1492,0.1388
1067,427,1494,0.1388
1073,434,1507,0.1388
1074,433,1507,0.1388
1072,433,1505,0.1388
1062,428,1490,0.1388
1059,431,1490,0.1388
1064,426,1490,0.1388
1062,426,1488,0.1388
1065,430,1495,0.1388
1067,425,1492,0.1388
1060,429,1489,0.1388
1056,435,1491,0.1388
1058,431,1489,0.1388
1067,442,1509,0.1388
1071,439,1510,0.1388
1069,444,1513,0.1388
1064,445,1509,0.1388
1071,448,1519,0.1388
1059,444,1503,0.1388
1068,441,1509,0.1388
1075,447,1522,0.1388
1064,443,1507,0.1388
1047,453,1500,0.1388
1050,464,1514,0.1388
1050,459,1509,0.1388
1048,459,1507,0.1388
1045,470,1515,0.1388
1041,469,1510,0.1388
1048,472,1520,0.1388
1044,473,1517,0.1388
1028,477,1505,0.1388
1035,466,1501,0.1388
1026,460,1486,0.1388
1020,462,1482,0.1388
1007,471,1478,0.1388
1006,472,1478,0.1388
1019,473,1492,0.1388
1014,484,1498,0.1388
999,473,1472,0.1388
996,478,1474,0.1388
1001,481,1482,0.1388
1003,480,1483,0.1388
1006,480,1486,0.1388
1009,485,1494,0.1388
1009,474,1483,0.1388
1020,476,1496,0.1388
1016,481,1497,0.1388
1018,492,1510,0.1388
1012,497,1509,0.1388
1011,499,1510,0.1388
1006,500,1506,0.1388
997,506,1503,0.1388
998,506,1504,0.1388
1002,500,1502,0.1388
1010,509,1519,0.1388
1013,503,1516,0.1388
1004,503,1507,0.1388
1011,513,1524,0.1388
1015,510,1525,0.1388
1014,505,1519,0.1388
1009,508,1517,0.1388
1004,507,1511,0.1388
1001,503,1504,0.1388
994,512,1506,0.1388
997,509,1506,0.1388
993,499,1492,0.1388
1007,510,1517,0.1388
995,507,1502,0.1388
991,507,1498,0.1388
983,503,1486,0.1388
981,505,1486,0.1388
992,504,1496,0.1388
995,503,1498,0.1388
998,501,1499,0.1388
1004,505,1509,0.1388
994,510,1504,0.1388
996,516,1512,0.1388
991,517,1508,0.1388
981,515,1496,0.1388
980,518,1498,0.1388
968,530,1498,0.1388
980,532,1512,0.1388
980,523,1503,0.1388
984,517,1501,0.1388
974,522,1496,0.1388
974,524,1498,0.1388
983,522,1505,0.1388
981,526,1507,0.1388
972,518,1490,0.1388
973,519,1492,0.1388
967,521,1488,0.1388
977,524,1501,0.1388
984,523,1507,0.1388
976,528,1504,0.1388
976,527,1503,0.1388
984,520,1504,0.1388
981,529,1510,0.1388
977,540,1517,0.1388
964,537,1501,0.1388
965,539,1504,0.1388
954,536,1490,0.1388
947,539,1486,0.1388
961,541,1502,0.1388
976,531,1507,0.1388
978,522,1500,0.1388
970,522,1492,0.1388
968,526,1494,0.1388
973,527,1500,0.1388
987,534,1521,0.1388
979,529,1508,0.1388
976,542,1518,0.1388
971,541,1512,0.1388
971,544,1515,0.1388
970,548,1518,0.1388
955,547,1502,0.1388
953,548,1501,0.1388
949,551,1500,0.1388
946,564,1510,0.1388
943,570,1513,0.1388
944,575,1519,0.1388
937,566,1503,0.1388
932,564,1496,0.1388
932,568,1500,0.1388
930,563,1493,0.1388
942,558,1500,0.1388
943,554,1497,0.1388
949,560,1509,0.1388
943,568,1511,0.1388
937,568,1505,0.1388
934,565,1499,0.1388
946,569,1515,0.1388
939,568,1507,0.1388
938,566,1504,0.1388
940,567,1507,0.1388
947,569,1516,0.1388
949,582,1531,0.1388
947,576,1523,0.1388
938,567,1505,0.1388
917,572,1489,0.1388
916,578,1494,0.1388
921,589,1510,0.1388
935,588,1523,0.1388
930,584,1514,0.1388
920,590,1510,0.1388
917,581,1498,0.1388
921,578,1499,0.1388
910,578,1488,0.1388
910,576,1486,0.1388
903,578,1481,0.1388
895,583,1478,0.1388
897,586,1483,0.1388
904,586,1490,0.1388
909,589,1498,0.1388
904,595,1499,0.1388
911,606,1517,0.1388
907,610,1517,0.1388
908,606,1514,0.1388
898,603,1501,0.1388
898,616,1514,0.1388
899,617,1516,0.1388
900,616,1516,0.1388
883,608,1491,0.1388
878,607,1485,0.1388
877,606,1483,0.1388
876,611,1487,0.1388
873,611,1484,0.1388
878,613,1491,0.1388
880,615,1495,0.1388
887,621,1508,0.1388
881,620,1501,0.1388
876,620,1496,0.1388
885,623,1508,0.1388
878,616,1494,0.1388
874,626,1500,0.1388
863,621,1484,0.1388
872,626,1498,0.1388
866,634,1500,0.1388
868,636,1504,0.1388
872,639,1511,0.1388
864,650,1514,0.1388
870,647,1517,0.1388
867,652,1519,0.1388
860,647,1507,0.1388
863,643,1506,0.1388
861,652,1513,0.1388
853,656,1509,0.1388
858,658,1516,0.1388
844,645,1489,0.1388
847,645,1492,0.1388
849,645,1494,0.1388
856,646,1502,0.1388
860,647,1507,0.1388
848,648,1496,0.1388
837,645,1482,0.1388
835,649,1484,0.1388
833,652,1485,0.1388
840,650,1490,0.1388
840,644,1484,0.1388
834,638,1472,0.1388
833,643,1476,0.1388
850,645,1495,0.1388
855,641,1496,0.1388
846,638,1484,0.1388
842,643,1485,0.1388
837,651,1488,0.1388
837,652,1489,0.1388
835,660,1495,0.1388
830,657,1487,0.1388
834,656,1490,0.1388
842,658,1500,0.1388
841,658,1499,0.1388
833,661,1494,0.1388
832,660,1492,0.1388
828,671,1499,0.1388
823,677,1500,0.1388
822,672,1494,0.1388
820,666,1486,0.1388
828,668,1496,0.1388
834,669,1503,0.1388
823,672,1495,0.1388
824,675,1499,0.1388
820,684,1504,0.1388
821,687,1508,0.1388
823,680,1503,0.1388
818,685,1503,0.1388
802,685,1487,0.1388
802,695,1497,0.1388
789,703,1492,0.1388
795,704,1499,0.1388
796,709,1505,0.1388
797,707,1504,0.1388
798,711,1509,0.1388
802,716,1518,0.1388
803,719,1522,0.1388
803,717,1520,0.1388
805,716,1521,0.1388
795,713,1508,0.1388
809,707,1516,0.1388
802,702,1504,0.1388
812,705,1517,0.1388
805,710,1515,0.1388
800,705,1505,0.1388
795,702,1497,0.1388
799,706,1505,0.1388
795,715,1510,0.1388
798,724,1522,0.1388
789,720,1509,0.1388
784,721,1505,0.1388
789,720,1509,0.1388
790,719,1509,0.1388
799,722,1521,0.1388
797,722,1519,0.1388
799,727,1526,0.1388
794,723,1517,0.1388
788,723,1511,0.1388
783,712,1495,0.1388
782,719,1501,0.1388
780,706,1486,0.1388
776,704,1480,0.1388
774,709,1483,0.1388
780,703,1483,0.1388
786,713,1499,0.1388
787,716,1503,0.1388
786,715,1501,0.1388
776,729,1505,0.1388
779,727,1506,0.1388
778,742,1520,0.1388
782,735,1517,0.1388
781,738,1519,0.1388
790,741,1531,0.1388
791,742,1533,0.1388
780,733,1513,0.1388
781,732,1513,0.1388
798,731,1529,0.1388
793,716,1509,0.1388
785,718,1503,0.1388
772,720,1492,0.1388
772,729,1501,0.1388
776,740,1516,0.1388
772,747,1519,0.1388
776,743,1519,0.1388
781,738,1519,0.1388
773,737,1510,0.1388
765,730,1495,0.1388
763,738,1501,0.1388
767,739,1506,0.1388
768,735,1503,0.1388
763,732,1495,0.1388
766,748,1514,0.1388
755,746,1501,0.1388
756,755,1511,0.1388
756,746,1502,0.1388
747,748,1495,0.1388
757,753,1510,0.1388
744,756,1500,0.1388
748,755,1503,0.1388
738,744,1482,0.1388
741,760,1501,0.1388
732,763,1495,0.1388
737,764,1501,0.1388
739,765,1504,0.1388
738,768,1506,0.1388
742,767,1509,0.1388
741,772,1513,0.1388
734,771,1505,0.1388
725,767,1492,0.1388
728,766,1494,0.1388
729,771,1500,0.1388
726,778,1504,0.1388
741,774,1515,0.1388
738,770,1508,0.1388
737,775,1512,0.1388
730,780,1510,0.1388
717,774,1491,0.1388
728,784,1512,0.1388
740,770,1510,0.1388
733,771,1504,0.1388
734,763,1497,0.1388
736,766,1502,0.1388
743,763,1506,0.1388
741,768,1509,0.1388
743,769,1512,0.1388
735,769,1504,0.1388
739,774,1513,0.1388
740,773,1513,0.1388
741,782,1523,0.1388
733,774,1507,0.1388
733,769,1502,0.1388
736,779,1515,0.1388
734,774,1508,0.1388
736,783,1519,0.1388
738,771,1509,0.1388
736,772,1508,0.1388
730,769,1499,0.1388
732,777,1509,0.1388
730,781,1511,0.1388
728,792,1520,0.1388
727,783,1510,0.1388
723,784,1507,0.1388
721,780,1501,0.1388
712,780,1492,0.1388
704,787,1491,0.1388
707,783,1490,0.1388
716,795,1511,0.1388
705,799,1504,0.1388
708,796,1504,0.1388
717,802,1519,0.1388
723,803,1526,0.1388
717,817,1534,0.1388
715,824,1539,0.1388
708,814,1522,0.1388
697,818,1515,0.1388
702,810,1512,0.1388
693,810,1503,0.1388
692,804,1496,0.1388
698,805,1503,0.1388
688,807,1495,0.1388
689,808,1497,0.1388
697,818,1515,0.1388
686,817,1503,0.1388
686,824,1510,0.1388
691,814,1505,0.1388
685,823,1508,0.1388
690,821,1511,0.1388
689,818,1507,0.1388
685,814,1499,0.1388
686,822,1508,0.1388
683,829,1512,0.1388
671,846,1517,0.1388
660,850,1510,0.1388
663,852,1515,0.1388
666,848,1514,0.1388
668,846,1514,0.1388
667,852,1519,0.1388
663,853,1516,0.1388
652,848,1500,0.1388
655,852,1507,0.1388
656,849,1505,0.1388
654,845,1499,0.1388
650,857,1507,0.1388
635,865,1500,0.1388
637,867,1504,0.1388
643,865,1508,0.1388
644,877,1521,0.1388
647,877,1524,0.1388
637,880,1517,0.1388
645,876,1521,0.1388
636,881,1517,0.1388
641,883,1524,0.1388
639,872,1511,0.1388
639,880,1519,0.1388
637,893,1530,0.1388
627,889,1516,0.1388
627,882,1509,0.1388
627,898,1525,0.1388
626,902,1528,0.1388
614,892,1506,0.1388
622,885,1507,0.1388
624,881,1505,0.1388
627,872,1499,0.1388
628,884,1512,0.1388
625,883,1508,0.1388
634,888,1522,0.1388
632,881,1513,0.1388
636,882,1518,0.1388
638,877,1515,0.1388
645,879,1524,0.1388
645,883,1528,0.1388
637,877,1514,0.1388
631,879,1510,0.1388
629,879,1508,0.1388
626,873,1499,0.1388
630,879,1509,0.1388
626,877,1503,0.1388
625,887,1512,0.1388
619,887,1506,0.1388
618,892,1510,0.1388
621,883,1504,0.1388
623,884,1507,0.1388
619,889,1508,0.1388
616,899,1515,0.1388
612,904,1516,0.1388
611,911,1522,0.1388
610,912,1522,0.1388
610,913,1523,0.1388
611,912,1523,0.1388
613,906,1519,0.1388
614,896,1510,0.1388
614,896,1510,0.1388
615,905,1520,0.1388
616,910,1526,0.1388
615,912,1527,0.1388
605,905,1510,0.1388
602,921,1523,0.1388
599,918,1517,0.1388
592,911,1503,0.1388
591,912,1503,0.1388
590,916,1506,0.1388
591,916,1507,0.1388
599,918,1517,0.1388
591,914,1505,0.1388
588,907,1495,0.1388
585,915,1500,0.1388
591,915,1506,0.1388
586,912,1498,0.1388
579,920,1499,0.1388
581,931,1512,0.1388
569,938,1507,0.1388
572,939,1511,0.1388
566,932,1498,0.1388
571,941,1512,0.1388
564,932,1496,0.1388
556,932,1488,0.1388
564,930,1494,0.1388
566,934,1500,0.1388
571,931,1502,0.1388
575,925,1500,0.1388
579,933,1512,0.1388
573,931,1504,0.1388
575,936,1511,0.1388
577,936,1513,0.1388
575,934,1509,0.1388
567,939,1506,0.1388
561,931,1492,0.1388
565,934,1499,0.1388
562,927,1489,0.1388
568,945,1513,0.1388
566,945,1511,0.1388
573,939,1512,0.1388
569,937,1506,0.1388
562,943,1505,0.1388
558,950,1508,0.1388
555,950,1505,0.1388
555,950,1505,0.1388
549,964,1513,0.1388
540,967,1507,0.1388
535,967,1502,0.1388
527,968,1495,0.1388
527,969,1496,0.1388
523,970,1493,0.1388
522,975,1497,0.1388
524,984,1508,0.1388
522,973,1495,0.1388
521,972,1493,0.1388
524,971,1495,0.1388
523,982,1505,0.1388
521,989,1510,0.1388
526,988,1514,0.1388
525,993,1518,0.1388
511,986,1497,0.1388
519,985,1504,0.1388
515,982,1497,0.1388
523,991,1514,0.1388
518,996,1514,0.1388
513,995,1508,0.1388
512,1003,1515,0.1388
501,1002,1503,0.1388
497,993,1490,0.1388
493,1011,1504,0.1388
488,999,1487,0.1388
487,1011,1498,0.1388
494,1007,1501,0.1388
494,998,1492,0.1388
493,1003,1496,0.1388
488,1002,1490,0.1388
493,1004,1497,0.1388
490,1012,1502,0.1388
483,1019,1502,0.1388
488,1022,1510,0.1388
481,1029,1510,0.1388
484,1032,1516,0.1388
483,1032,1515,0.1388
481,1028,1509,0.1388
476,1016,1492,0.1388
479,1028,1507,0.1388
467,1031,1498,0.1388
474,1023,1497,0.1388
484,1027,1511,0.1388
478,1027,1505,0.1388
479,1032,1511,0.1388
470,1036,1506,0.1388
467,1036,1503,0.1388
469,1044,1513,0.1388
469,1044,1513,0.1388
473,1050,1523,0.1388
478,1049,1527,0.1388
476,1050,1526,0.1388
462,1048,1510,0.1388
457,1057,1514,0.1388
463,1056,1519,0.1388
462,1060,1522,0.1388
455,1056,1511,0.1388
449,1069,1518,0.1388
451,1070,1521,0.1388
456,1075,1531,0.1388
446,1064,1510,0.1388
441,1063,1504,0.1388
439,1056,1495,0.1388
431,1083,1514,0.1388
428,1064,1492,0.1388
432,1074,1506,0.1388
429,1067,1496,0.1388
422,1083,1505,0.1388
422,1086,1508,0.1388
418,1089,1507,0.1388
414,1099,1513,0.1388
416,1095,1511,0.1388
416,1092,1508,0.1388
412,1103,1515,0.1388
410,1100,1510,0.1388
412,1098,1510,0.1388
398,1108,1506,0.1388
400,1105,1505,0.1388
399,1111,1510,0.1388
395,1119,1514,0.1388
395,1120,1515,0.1388
399,1128,1527,0.1388
392,1118,1510,0.1388
393,1130,1523,0.1388
390,1137,1527,0.1388
390,1132,1522,0.1388
389,1128,1517,0.1388
399,1135,1534,0.1388
392,1136,1528,0.1388
388,1131,1519,0.1388
381,1126,1507,0.1388
384,1131,1515,0.1388
381,1129,1510,0.1388
379,1134,1513,0.1388
381,1134,1515,0.1388
387,1119,1506,0.1388
384,1122,1506,0.1388
380,1128,1508,0.1388
375,1123,1498,0.1388
379,1125,1504,0.1388
376,1128,1504,0.1388
380,1128,1508,0.1388
381,1114,1495,0.1388
382,1119,1501,0.1388
381,1128,1509,0.1388
387,1118,1505,0.1388
381,1120,1501,0.1388
369,1132,1501,0.1388
367,1150,1517,0.1388
363,1154,1517,0.1388
369,1137,1506,0.1388
379,1140,1519,0.1388
373,1153,1526,0.1388
373,1158,1531,0.1388
372,1143,1515,0.1388
365,1153,1518,0.1388
366,1153,1519,0.1388
368,1156,1524,0.1388
368,1167,1535,0.1388
361,1166,1527,0.1388
352,1169,1521,0.1388
353,1169,1522,0.1388
353,1175,1528,0.1388
355,1173,1528,0.1388
356,1169,1525,0.1388
355,1168,1523,0.1388
356,1155,1511,0.1388
357,1149,1506,0.1388
360,1162,1522,0.1388
364,1154,1518,0.1388
360,1150,1510,0.1388
360,1150,1510,0.1388
358,1158,1516,0.1388
358,1164,1522,0.1388
353,1162,1515,0.1388
350,1162,1512,0.1388
352,1157,1509,0.1388
348,1168,1516,0.1388
349,1166,1515,0.1388
344,1175,1519,0.1388
344,1173,1517,0.1388
338,1178,1516,0.1388
334,1169,1503,0.1388
332,1175,1507,0.1388
336,1186,1522,0.1388
335,1185,1520,0.1388
330,1185,1515,0.1388
324,1186,1510,0.1388
329,1185,1514,0.1388
339,1180,1519,0.1388
338,1178,1516,0.1388
331,1173,1504,0.1388
330,1180,1510,0.1388
333,1196,1529,0.1388
327,1200,1527,0.1388
328,1199,1527,0.1388
332,1186,1518,0.1388
328,1186,1514,0.1388
327,1172,1499,0.1388
326,1185,1511,0.1388
327,1184,1511,0.1388
330,1191,1521,0.1388
330,1190,1520,0.1388
329,1207,1536,0.1388
324,1207,1531,0.1388
320,1196,1516,0.1388
317,1193,1510,0.1388
325,1193,1518,0.1388
325,1189,1514,0.1388
323,1191,1514,0.1388
319,1185,1504,0.1388
317,1196,1513,0.1388
321,1185,1506,0.1388
325,1182,1507,0.1388
326,1178,1504,0.1388
323,1197,1520,0.1388
322,1185,1507,0.1388
325,1182,1507,0.1388
326,1182,1508,0.1388
330,1175,1505,0.1388
329,1184,1513,0.1388
336,1193,1529,0.1388
329,1197,1526,0.1388
328,1186,1514,0.1388
323,1187,1510,0.1388
322,1191,1513,0.1388
329,1186,1515,0.1388
334,1179,1513,0.1388
330,1184,1514,0.1388
327,1179,1506,0.1388
324,1181,1505,0.1388
317,1189,1506,0.1388
321,1188,1509,0.1388
315,1185,1500,0.1388
315,1188,1503,0.1388
322,1184,1506,0.1388
319,1184,1503,0.1388
317,1199,1516,0.1388
319,1189,1508,0.1388
316,1205,1521,0.1388
309,1208,1517,0.1388
308,1201,1509,0.1388
306,1217,1523,0.1388
302,1220,1522,0.1388
293,1224,1517,0.1388
291,1232,1523,0.1388
292,1231,1523,0.1388
289,1205,1494,0.1388
288,1225,1513,0.1388
287,1228,1515,0.1388
285,1234,1519,0.1388
284,1232,1516,0.1388
278,1230,1508,0.1388
280,1231,1511,0.1388
282,1219,1501,0.1388
286,1228,1514,0.1388
292,1232,1524,0.1388
293,1226,1519,0.1388
286,1210,1496,0.1388
288,1210,1498,0.1388
296,1219,1515,0.1388
298,1231,1529,0.1388
289,1228,1517,0.1388
285,1236,1521,0.1388
283,1236,1519,0.1388
279,1236,1515,0.1388
266,1233,1499,0.1388
264,1236,1500,0.1388
266,1224,1490,0.1388
268,1227,1495,0.1388
271,1237,1508,0.1388
269,1235,1504,0.1388
269,1228,1497,0.1388
270,1240,1510,0.1388
270,1242,1512,0.1388
270,1244,1514,0.1388
273,1243,1516,0.1388
271,1247,1518,0.1388
271,1239,1510,0.1388
270,1241,1511,0.1388
265,1242,1507,0.1388
272,1251,1523,0.1388
265,1261,1526,0.1388
262,1254,1516,0.1388
259,1240,1499,0.1388
259,1243,1502,0.1388
260,1254,1514,0.1388
261,1244,1505,0.1388
258,1250,1508,0.1388
256,1263,1519,0.1388
255,1258,1513,0.1388
254,1269,1523,0.1388
248,1258,1506,0.1388
246,1257,1503,0.1388
253,1263,1516,0.1388
253,1256,1509,0.1388
254,1251,1505,0.1388
254,1259,1513,0.1388
252,1250,1502,0.1388
252,1261,1513,0.1388
249,1274,1523,0.1388
251,1263,1514,0.1388
249,1260,1509,0.1388
253,1255,1508,0.1388
245,1244,1489,0.1388
245,1249,1494,0.1388
250,1272,1522,0.1388
244,1272,1516,0.1388
239,1275,1514,0.1388
236,1296,1532,0.1388
237,1287,1524,0.1388
238,1290,1528,0.1388
236,1284,1520,0.1388
239,1274,1513,0.1388
236,1286,1522,0.1388
230,1268,1498,0.1388
230,1272,1502,0.1388
230,1284,1514,0.1388
227,1291,1518,0.1388
226,1289,1515,0.1388
226,1292,1518,0.1388
226,1292,1518,0.1388
223,1275,1498,0.1388
220,1283,1503,0.1388
219,1287,1506,0.1388
216,1287,1503,0.1388
215,1279,1494,0.1388
219,1293,1512,0.1388
221,1293,1514,0.1388
220,1296,1516,0.1388
226,1290,1516,0.1388
215,1296,1511,0.1388
220,1297,1517,0.1388
221,1306,1527,0.1388
217,1295,1512,0.1388
213,1300,1513,0.1388
210,1294,1504,0.1388
210,1300,1510,0.1388
206,1297,1503,0.1388
207,1307,1514,0.1388
204,1314,1518,0.1388
206,1307,1513,0.1388
210,1304,1514,0.1388
205,1313,1518,0.1388
212,1319,1531,0.1388
207,1322,1529,0.1388
209,1312,1521,0.1388
203,1318,1521,0.1388
204,1323,1527,0.1388
205,1324,1529,0.1388
203,1316,1519,0.1388
201,1297,1498,0.1388
196,1299,1495,0.1388
198,1303,1501,0.1388
197,1303,1500,0.1388
202,1313,1515,0.1388
200,1301,1501,0.1388
199,1298,1497,0.1388
195,1297,1492,0.1388
196,1314,1510,0.1388
199,1321,1520,0.1388
199,1331,1530,0.1388
197,1327,1524,0.1388
197,1323,1520,0.1388
195,1324,1519,0.1388
193,1314,1507,0.1388
197,1311,1508,0.1388
197,1306,1503,0.1388
196,1301,1497,0.1388
196,1316,1512,0.1388
191,1321,1512,0.1388
191,1310,1501,0.1388
185,1328,1513,0.1388
186,1320,1506,0.1388
187,1315,1502,0.1388
190,1310,1500,0.1388
187,1318,1505,0.1388
188,1317,1505,0.1388
186,1328,1514,0.1388
185,1326,1511,0.1388
182,1326,1508,0.1388
182,1344,1526,0.1388
174,1351,1525,0.1388
179,1342,1521,0.1388
180,1342,1522,0.1388
180,1349,1529,0.1388
181,1346,1527,0.1388
184,1334,1518,0.1388
183,1323,1506,0.1388
184,1324,1508,0.1388
188,1328,1516,0.1388
186,1334,1520,0.1388
186,1338,1524,0.1388
182,1339,1521,0.1388
173,1338,1511,0.1388
176,1341,1517,0.1388
177,1345,1522,0.1388
171,1345,1516,0.1388
171,1345,1516,0.1388
172,1347,1519,0.1388
170,1350,1520,0.1388
171,1343,1514,0.1388
176,1346,1522,0.1388
175,1357,1532,0.1388
175,1363,1538,0.1388
173,1354,1527,0.1388
176,1353,1529,0.1388
175,1352,1527,0.1388
178,1352,1530,0.1388
176,1350,1526,0.1388
170,1351,1521,0.1388
172,1355,1527,0.1388
169,1348,1517,0.1388
170,1340,1510,0.1388
166,1350,1516,0.1388
169,1343,1512,0.1388
167,1344,1511,0.1388
165,1344,1509,0.1388
163,1350,1513,0.1388
162,1346,1508,0.1388
159,1351,1510,0.1388
162,1353,1515,0.1388
162,1343,1505,0.1388
162,1349,1511,0.1388
161,1358,1519,0.1388
164,1355,1519,0.1388
162,1351,1513,0.1388
163,1354,1517,0.1388
163,1358,1521,0.1388
161,1350,1511,0.1388
160,1348,1508,0.1388
158,1336,1494,0.1388
155,1327,1482,0.1388
152,1337,1489,0.1388
152,1350,1502,0.1388
151,1346,1497,0.1388
152,1357,1509,0.1388
161,1354,1515,0.1388
160,1364,1524,0.1388
164,1346,1510,0.1388
164,1345,1509,0.1388
163,1352,1515,0.1388
157,1360,1517,0.1388
157,1361,1518,0.1388
155,1358,1513,0.1388
155,1375,1530,0.1388
154,1377,1531,0.1388
157,1363,1520,0.1388
154,1370,1524,0.1388
151,1386,1537,0.1388
149,1380,1529,0.1388
147,1385,1532,0.1388
149,1384,1533,0.1388
150,1391,1541,0.1388
148,1381,1529,0.1388
149,1366,1515,0.1388
146,1363,1509,0.1388
146,1365,1511,0.1388
142,1379,1521,0.1388
139,1381,1520,0.1388
142,1383,1525,0.1388
135,1381,1516,0.1388
137,1372,1509,0.1388
136,1374,1510,0.1388
134,1388,1522,0.1388
136,1381,1517,0.1388
138,1386,1524,0.1388
135,1380,1515,0.1388
133,1383,1516,0.1388
134,1386,1520,0.1388
129,1381,1510,0.1388
127,1381,1508,0.1388
125,1395,1520,0.1388
126,1397,1523,0.1388
126,1394,1520,0.1388
131,1397,1528,0.1388
131,1403,1534,0.1388
131,1399,1530,0.1388
131,1400,1531,0.1388
129,1392,1521,0.1388
129,1397,1526,0.1388
130,1390,1520,0.1388
130,1385,1515,0.1388
131,1366,1497,0.1388
128,1381,1509,0.1388
127,1389,1516,0.1388
130,1382,1512,0.1388
130,1391,1521,0.1388
129,1399,1528,0.1388
125,1385,1510,0.1388
127,1382,1509,0.1388
131,1379,1510,0.1388
134,1371,1505,0.1388
131,1382,1513,0.1388
128,1374,1502,0.1388
133,1374,1507,0.1388
132,1382,1514,0.1388
136,1377,1513,0.1388
136,1377,1513,0.1388
134,1384,1518,0.1388
133,1391,1524,0.1388
132,1379,1511,0.1388
132,1377,1509,0.1388
132,1390,1522,0.1388
130,1393,1523,0.1388
127,1390,1517,0.1388
125,1386,1511,0.1388
126,1378,1504,0.1388
119,1387,1506,0.1388
115,1390,1505,0.1388
117,1388,1505,0.1388
117,1389,1506,0.1388
121,1396,1517,0.1388
122,1399,1521,0.1388
120,1398,1518,0.1388
121,1398,1519,0.1388
121,1407,1528,0.1388
116,1393,1509,0.1388
115,1398,1513,0.1388
115,1407,1522,0.1388
111,1402,1513,0.1388
108,1410,1518,0.1388
105,1410,1515,0.1388
106,1407,1513,0.1388
106,1408,1514,0.1388
107,1407,1514,0.1388
111,1401,1512,0.1388
113,1414,1527,0.1388
115,1402,1517,0.1388
115,1398,1513,0.1388
114,1395,1509,0.1388
115,1400,1515,0.1388
113,1397,1510,0.1388
117,1395,1512,0.1388
118,1400,1518,0.1388
117,1408,1525,0.1388
117,1408,1525,0.1388
116,1416,1532,0.1388
116,1407,1523,0.1388
115,1399,1514,0.1388
115,1404,1519,0.1388
116,1404,1520,0.1388
117,1416,1533,0.1388
113,1410,1523,0.1388
114,1402,1516,0.1388
114,1394,1508,0.1388
109,1400,1509,0.1388
113,1397,1510,0.1388
111,1393,1504,0.1388
112,1410,1522,0.1388
111,1408,1519,0.1388
115,1396,1511,0.1388
113,1394,1507,0.1388
113,1395,1508,0.1388
111,1406,1517,0.1388
111,1401,1512,0.1388
112,1403,1515,0.1388
110,1409,1519,0.1388
112,1411,1523,0.1388
112,1401,1513,0.1388
109,1408,1517,0.1388
111,1404,1515,0.1388
108,1410,1518,0.1388
107,1408,1515,0.1388
105,1403,1508,0.1388
104,1407,1511,0.1388
104,1418,1522,0.1388
106,1414,1520,0.1388
105,1414,1519,0.1388
107,1411,1518,0.1388
110,1399,1509,0.1388
108,1406,1514,0.1388
104,1403,1507,0.1388
102,1395,1497,0.1388
101,1396,1497,0.1388
99,1390,1489,0.1388
96,1408,1504,0.1388
96,1407,1503,0.1388
97,1415,1512,0.1388
96,1426,1522,0.1388
94,1422,1516,0.1388
93,1434,1527,0.1388
94,1429,1523,0.1388
91,1428,1519,0.1388
86,1414,1500,0.1388
83,1421,1504,0.1388
83,1416,1499,0.1388
83,1419,1502,0.1388
83,1426,1509,0.1388
81,1440,1521,0.1388
78,1426,1504,0.1388
79,1420,1499,0.1388
82,1427,1509,0.1388
83,1432,1515,0.1388
84,1432,1516,0.1388
85,1440,1525,0.1388
85,1429,1514,0.1388
85,1429,1514,0.1388
86,1421,1507,0.1388
91,1428,1519,0.1388
88,1426,1514,0.1388
88,1421,1509,0.1388
87,1411,1498,0.1388
84,1413,1497,0.1388
83,1411,1494,0.1388
82,1424,1506,0.1388
78,1426,1504,0.1388
80,1427,1507,0.1388
81,1436,1517,0.1388
83,1434,1517,0.1388
80,1426,1506,0.1388
80,1418,1498,0.1388
78,1431,1509,0.1388
76,1424,1500,0.1388
73,1428,1501,0.1388
74,1436,1510,0.1388
75,1433,1508,0.1388
76,1417,1493,0.1388
77,1429,1506,0.1388
75,1442,1517,0.1388
76,1449,1525,0.1388
69,1450,1519,0.1388
67,1452,1519,0.1388
66,1467,1533,0.1388
66,1456,1522,0.1388
65,1445,1510,0.1388
64,1461,1525,0.1388
63,1452,1515,0.1388
65,1453,1518,0.1388
65,1456,1521,0.1388
66,1460,1526,0.1388
65,1449,1514,0.1388
64,1447,1511,0.1388
67,1445,1512,0.1388
65,1457,1522,0.1388
64,1457,1521,0.1388
63,1453,1516,0.1388
61,1456,1517,0.1388
60,1466,1526,0.1388
62,1458,1520,0.1388
58,1436,1494,0.1388
59,1446,1505,0.1388
59,1457,1516,0.1388
62,1455,1517,0.1388
65,1457,1522,0.1388
64,1448,1512,0.1388
61,1443,1504,0.1388
59,1458,1517,0.1388
58,1455,1513,0.1388
58,1450,1508,0.1388
59,1456,1515,0.1388
59,1453,1512,0.1388
57,1463,1520,0.1388
57,1464,1521,0.1388
57,1451,1508,0.1388
57,1458,1515,0.1388
57,1465,1522,0.1388
56,1456,1512,0.1388
58,1457,1515,0.1388
58,1452,1510,0.1388
55,1454,1509,0.1388
52,1457,1509,0.1388
52,1460,1512,0.1388
52,1457,1509,0.1388
52,1457,1509,0.1388
52,1472,1524,0.1388
54,1473,1527,0.1388
53,1483,1536,0.1388
54,1472,1526,0.1388
54,1470,1524,0.1388
55,1454,1509,0.1388
56,1455,1511,0.1388
59,1447,1506,0.1388
59,1451,1510,0.1388
60,1458,1518,0.1388
60,1460,1520,0.1388
62,1459,1521,0.1388
59,1444,1503,0.1388
58,1454,1512,0.1388
57,1460,1517,0.1388
57,1458,1515,0.1388
56,1455,1511,0.1388
58,1470,1528,0.1388
56,1479,1535,0.1388
54,1483,1537,0.1388
52,1480,1532,0.1388
49,1471,1520,0.1388
51,1474,1525,0.1388
52,1455,1507,0.1388
54,1468,1522,0.1388
55,1469,1524,0.1388
54,1461,1515,0.1388
50,1456,1506,0.1388
50,1460,1510,0.1388
50,1459,1509,0.1388
48,1475,1523,0.1388
45,1483,1528,0.1388
46,1483,1529,0.1388
43,1483,1526,0.1388
46,1473,1519,0.1388
47,1468,1515,0.1388
47,1473,1520,0.1388
49,1468,1517,0.1388
49,1454,1503,0.1388
51,1460,1511,0.1388
49,1462,1511,0.1388
49,1468,1517,0.1388
47,1468,1515,0.1388
47,1462,1509,0.1388
49,1463,1512,0.1388
48,1459,1507,0.1388
52,1459,1511,0.1388
53,1464,1517,0.1388
53,1476,1529,0.1388
51,1466,1517,0.1388
52,1479,1531,0.1388
52,1468,1520,0.1388
55,1471,1526,0.1388
56,1464,1520,0.1388
58,1459,1517,0.1388
60,1457,1517,0.1388
60,1462,1522,0.1388
59,1475,1534,0.1388
57,1473,1530,0.1388
56,1464,1520,0.1388
54,1455,1509,0.1388
56,1464,1520,0.1388
59,1459,1518,0.1388
62,1453,1515,0.1388
61,1454,1515,0.1388
60,1461,1521,0.1388
60,1466,1526,0.1388
59,1460,1519,0.1388
56,1453,1509,0.1388
57,1445,1502,0.1388
58,1453,1511,0.1388
56,1456,1512,0.1388
57,1450,1507,0.1388
60,1461,1521,0.1388
61,1449,1510,0.1388
62,1449,1511,0.1388
59,1442,1501,0.1388
57,1450,1507,0.1388
56,1442,1498,0.1388
58,1450,1508,0.1388
55,1455,1510,0.1388
58,1457,1515,0.1388
57,1453,1510,0.1388
53,1450,1503,0.1388
52,1459,1511,0.1388
52,1455,1507,0.1388
55,1459,1514,0.1388
57,1460,1517,0.1388
58,1461,1519,0.1388
58,1474,1532,0.1388
60,1464,1524,0.1388
57,1457,1514,0.1388
57,1456,1513,0.1388
59,1466,1525,0.1388
60,1470,1530,0.1388
59,1454,1513,0.1388
60,1458,1518,0.1388
58,1445,1503,0.1388
59,1449,1508,0.1388
58,1457,1515,0.1388
58,1455,1513,0.1388
55,1453,1508,0.1388
55,1448,1503,0.1388
54,1444,1498,0.1388
54,1457,1511,0.1388
56,1468,1524,0.1388
56,1457,1513,0.1388
57,1467,1524,0.1388
56,1463,1519,0.1388
56,1453,1509,0.1388
54,1458,1512,0.1388
56,1459,1515,0.1388
58,1461,1519,0.1388
57,1460,1517,0.1388
56,1460,1516,0.1388
58,1467,1525,0.1388
59,1456,1515,0.1388
59,1448,1507,0.1388
59,1466,1525,0.1388
58,1453,1511,0.1388
59,1462,1521,0.1388
57,1452,1509,0.1388
56,1457,1513,0.1388
55,1443,1498,0.1388
56,1455,1511,0.1388
51,1449,1500,0.1388
53,1453,1506,0.1388
55,1452,1507,0.1388
57,1450,1507,0.1388
56,1448,1504,0.1388
56,1449,1505,0.1388
56,1442,1498,0.1388
54,1452,1506,0.1388
54,1462,1516,0.1388
57,1474,1531,0.1388
57,1467,1524,0.1388
58,1462,1520,0.1388
58,1472,1530,0.1388
52,1461,1513,0.1388
51,1460,1511,0.1388
52,1459,1511,0.1388
50,1465,1515,0.1388
49,1473,1522,0.1388
50,1479,1529,0.1388
50,1469,1519,0.1388
47,1480,1527,0.1388
45,1477,1522,0.1388
46,1475,1521,0.1388
47,1474,1521,0.1388
46,1470,1516,0.1388
45,1479,1524,0.1388
45,1470,1515,0.1388
48,1472,1520,0.1388
47,1472,1519,0.1388
48,1462,1510,0.1388
49,1468,1517,0.1388
49,1468,1517,0.1388
45,1469,1514,0.1388
46,1465,1511,0.1388
46,1482,1528,0.1388
44,1464,1508,0.1388
45,1457,1502,0.1388
45,1455,1500,0.1388
48,1464,1512,0.1388
51,1458,1509,0.1388
50,1477,1527,0.1388
49,1471,1520,0.1388
46,1462,1508,0.1388
44,1458,1502,0.1388
45,1466,1511,0.1388
46,1470,1516,0.1388
46,1469,1515,0.1388
47,1475,1522,0.1388
45,1475,1520,0.1388
44,1471,1515,0.1388
45,1460,1505,0.1388
44,1456,1500,0.1388
43,1474,1517,0.1388
41,1475,1516,0.1388
39,1477,1516,0.1388
38,1473,1511,0.1388
37,1464,1501,0.1388
38,1470,1508,0.1388
38,1481,1519,0.1388
37,1471,1508,0.1388
37,1463,1500,0.1388
35,1472,1507,0.1388
35,1479,1514,0.1388
37,1475,1512,0.1388
38,1465,1503,0.1388
37,1465,1502,0.1388
38,1470,1508,0.1388
37,1479,1516,0.1388
38,1475,1513,0.1388
39,1485,1524,0.1388
38,1484,1522,0.1388
37,1471,1508,0.1388
38,1486,1524,0.1388
39,1477,1516,0.1388
41,1482,1523,0.1388
38,1469,1507,0.1388
35,1461,1496,0.1388
33,1456,1489,0.1388
33,1464,1497,0.1388
34,1471,1505,0.1388
35,1471,1506,0.1388
36,1476,1512,0.1388
33,1478,1511,0.1388
34,1477,1511,0.1388
34,1481,1515,0.1388
34,1474,1508,0.1388
32,1483,1515,0.1388
33,1483,1516,0.1388
32,1475,1507,0.1388
32,1487,1519,0.1388
32,1485,1517,0.1388
35,1478,1513,0.1388
34,1488,1522,0.1388
36,1490,1526,0.1388
32,1484,1516,0.1388
32,1488,1520,0.1388
33,1497,1530,0.1388
34,1479,1513,0.1388
32,1480,1512,0.1388
32,1488,1520,0.1388
31,1490,1521,0.1388
32,1494,1526,0.1388
33,1483,1516,0.1388
35,1478,1513,0.1388
36,1475,1511,0.1388
36,1478,1514,0.1388
37,1471,1508,0.1388
36,1479,1515,0.1388
38,1475,1513,0.1388
35,1492,1527,0.1388
34,1490,1524,0.1388
36,1491,1527,0.1388
37,1496,1533,0.1388
36,1488,1524,0.1388
37,1487,1524,0.1388
37,1492,1529,0.1388
37,1483,1520,0.1388
37,1488,1525,0.1388
36,1484,1520,0.1388
34,1489,1523,0.1388
33,1494,1527,0.1388
31,1499,1530,0.1388
31,1498,1529,0.1388
31,1485,1516,0.1388
31,1487,1518,0.1388
30,1492,1522,0.1388
30,1490,1520,0.1388
30,1494,1524,0.1388
29,1488,1517,0.1388
30,1500,1530,0.1388
31,1481,1512,0.1388
28,1485,1513,0.1388
28,1473,1501,0.1388
28,1491,1519,0.1388
28,1491,1519,0.1388
28,1496,1524,0.1388
28,1505,1533,0.1388
28,1489,1517,0.1388
28,1488,1516,0.1388
26,1487,1513,0.1388
26,1499,1525,0.1388
26,1491,1517,0.1388
27,1492,1519,0.1388
25,1518,1543,0.1388
25,1500,1525,0.1388
25,1505,1530,0.1388
27,1501,1528,0.1388
26,1490,1516,0.1388
25,1503,1528,0.1388
25,1495,1520,0.1388
24,1506,1530,0.1388
24,1495,1519,0.1388
25,1496,1521,0.1388
24,1488,1512,0.1388
22,1486,1508,0.1388
21,1484,1505,0.1388
19,1489,1508,0.1388
21,1494,1515,0.1388
20,1503,1523,0.1388
20,1505,1525,0.1388
20,1502,1522,0.1388
20,1517,1537,0.1388
20,1510,1530,0.1388
21,1515,1536,0.1388
22,1517,1539,0.1388
21,1507,1528,0.1388
20,1506,1526,0.1388
20,1515,1535,0.1388
19,1513,1532,0.1388
19,1503,1522,0.1388
18,1508,1526,0.1388
19,1515,1534,0.1388
20,1498,1518,0.1388
20,1505,1525,0.1388
19,1506,1525,0.1388
18,1500,1518,0.1388
18,1499,1517,0.1388
17,1509,1526,0.1388
17,1501,1518,0.1388
17,1502,1519,0.1388
17,1510,1527,0.1388
17,1498,1515,0.1388
17,1500,1517,0.1388
18,1503,1521,0.1388
16,1508,1524,0.1388
17,1516,1533,0.1388
16,1500,1516,0.1388
18,1494,1512,0.1388
18,1501,1519,0.1388
19,1501,1520,0.1388
19,1497,1516,0.1388
20,1499,1519,0.1388
19,1495,1514,0.1388
16,1502,1518,0.1388
18,1491,1509,0.1388
19,1490,1509,0.1388
20,1506,1526,0.1388
20,1498,1518,0.1388
21,1496,1517,0.1388
22,1500,1522,0.1388
23,1498,1521,0.1388
23,1496,1519,0.1388
22,1493,1515,0.1388
20,1500,1520,0.1388
21,1502,1523,0.1388
21,1486,1507,0.1388
22,1500,1522,0.1388
25,1495,1520,0.1388
26,1498,1524,0.1388
26,1498,1524,0.1388
29,1471,1500,0.1388
29,1482,1511,0.1388
29,1492,1521,0.1388
29,1494,1523,0.1388
28,1488,1516,0.1388
28,1481,1509,0.1388
27,1488,1515,0.1388
27,1497,1524,0.1388
27,1492,1519,0.1388
26,1490,1516,0.1388
26,1493,1519,0.1388
25,1486,1511,0.1388
25,1486,1511,0.1388
23,1493,1516,0.1388
22,1489,1511,0.1388
22,1479,1501,0.1388
22,1485,1507,0.1388
21,1470,1491,0.1388
20,1484,1504,0.1388
19,1484,1503,0.1388
18,1480,1498,0.1388
17,1486,1503,0.1388
14,1492,1506,0.1388
15,1505,1520,0.1388
15,1502,1517,0.1388
15,1503,1518,0.1388
15,1508,1523,0.1388
16,1503,1519,0.1388
16,1499,1515,0.1388
15,1512,1527,0.1388
15,1503,1518,0.1388
15,1506,1521,0.1388
15,1505,1520,0.1388
14,1506,1520,0.1388
15,1514,1529,0.1388
15,1508,1523,0.1388
17,1502,1519,0.1388
13,1503,1516,0.1388
13,1502,1515,0.1388
13,1507,1520,0.1388
12,1509,1521,0.1388
12,1510,1522,0.1388
11,1502,1513,0.1388
9,1499,1508,0.1388
11,1500,1511,0.1388
12,1499,1511,0.1388
12,1507,1519,0.1388
12,1504,1516,0.1388
13,1502,1515,0.1388
13,1504,1517,0.1388
12,1484,1496,0.1388
12,1495,1507,0.1388
12,1510,1522,0.1388
12,1499,1511,0.1388
12,1495,1507,0.1388
12,1507,1519,0.1388
12,1505,1517,0.1388
12,1512,1524,0.1388
13,1533,1546,0.1388
13,1518,1531,0.1388
12,1515,1527,0.1388
9,1518,1527,0.1388
10,1513,1523,0.1388
10,1503,1513,0.1388
10,1502,1512,0.1388
11,1512,1523,0.1388
10,1512,1522,0.1388
10,1509,1519,0.1388
10,1502,1512,0.1388
10,1499,1509,0.1388
9,1504,1513,0.1388
9,1498,1507,0.1388
9,1499,1508,0.1388
8,1509,1517,0.1388
7,1501,1508,0.1388
7,1515,1522,0.1388
7,1511,1518,0.1388
7,1498,1505,0.1388
7,1510,1517,0.1388
7,1512,1519,0.1388
7,1504,1511,0.1388
8,1499,1507,0.1388
5,1488,1493,0.1388
4,1501,1505,0.1388
4,1489,1493,0.1388
5,1503,1508,0.1388
5,1514,1519,0.1388
5,1519,1524,0.1388
4,1505,1509,0.1388
4,1508,1512,0.1388
4,1499,1503,0.1388
4,1507,1511,0.1388
4,1508,1512,0.1388
4,1518,1522,0.1388
4,1522,1526,0.1388
4,1525,1529,0.1388
4,1505,1509,0.1388
4,1513,1517,0.1388
4,1517,1521,0.1388
4,1507,1511,0.1388
4,1504,1508,0.1388
3,1502,1505,0.1388
3,1505,1508,0.1388
3,1506,1509,0.1388
3,1519,1522,0.1388
3,1526,1529,0.1388
3,1525,1528,0.1388
4,1527,1531,0.1388
4,1523,1527,0.1388
4,1510,1514,0.1388
4,1516,1520,0.1388
4,1515,1519,0.1388
4,1516,1520,0.1388
3,1512,1515,0.1388
3,1516,1519,0.1388
3,1510,1513,0.1388
3,1511,1514,0.1388
3,1520,1523,0.1388
3,1498,1501,0.1388
3,1507,1510,0.1388
3,1509,1512,0.1388
3,1503,1506,0.1388
3,1495,1498,0.1388
3,1510,1513,0.1388
3,1510,1513,0.1388
3,1506,1509,0.1388
2,1506,1508,0.1388
2,1506,1508,0.1388
3,1505,1508,0.1388
3,1521,1524,0.1388
2,1503,1505,0.1388
2,1516,1518,0.1388
2,1529,1531,0.1388
2,1529,1531,0.1388
2,1523,1525,0.1388
2,1509,1511,0.1388
2,1501,1503,0.1388
1,1516,1517,0.1388
1,1525,1526,0.1388
1,1526,1527,0.1388
1,1510,1511,0.1388
1,1516,1517,0.1388
1,1519,1520,0.1388
1,1519,1520,0.1388
1,1518,1519,0.1388
1,1523,1524,0.1388
1,1518,1519,0.1388
1,1522,1523,0.1388
1,1522,1523,0.1388
1,1517,1518,0.1388
1,1512,1513,0.1388
1,1505,1506,0.1388
1,1508,1509,0.1388
1,1508,1509,0.1388
1,1496,1497,0.1388
1,1515,1516,0.1388
1,1516,1517,0.1388
1,1524,1525,0.1388
1,1518,1519,0.1388
1,1533,1534,0.1388
1,1520,1521,0.1388
1,1523,1524,0.1388
1,1509,1510,0.1388
1,1508,1509,0.1388
1,1511,1512,0.1388
1,1515,1516,0.1388
1,1520,1521,0.1388
1,1526,1527,0.1388
1,1514,1515,0.1388
1,1521,1522,0.1388
1,1517,1518,0.1388
1,1510,1511,0.1388
1,1517,1518,0.1388
1,1518,1519,0.1388
1,1513,1514,0.1388
1,1511,1512,0.1388
1,1495,1496,0.1388
1,1507,1508,0.1388
1,1512,1513,0.1388
1,1510,1511,0.1388
1,1512,1513,0.1388
1,1524,1525,0.1388
1,1524,1525,0.1388
1,1518,1519,0.1388
1,1514,1515,0.1388
1,1512,1513,0.1388
1,1521,1522,0.1388
1,1521,1522,0.1388
2,1516,1518,0.1388
2,1526,1528,0.1388
2,1524,1526,0.1388
2,1520,1522,0.1388
2,1518,1520,0.1388
3,1513,1516,0.1388
2,1518,1520,0.1388
2,1508,1510,0.1388
2,1510,1512,0.1388
2,1516,1518,0.1388
2,1499,1501,0.1388
2,1507,1509,0.1388
2,1506,1508,0.1388
2,1507,1509,0.1388
2,1506,1508,0.1388
2,1519,1521,0.1388
2,1516,1518,0.1388
1,1519,1520,0.1388
1,1516,1517,0.1388
2,1513,1515,0.1388
2,1530,1532,0.1388
2,1527,1529,0.1388
2,1523,1525,0.1388
2,1517,1519,0.1388
3,1525,1528,0.1388
3,1533,1536,0.1388
2,1527,1529,0.1388
2,1514,1516,0.1388
2,1526,1528,0.1388
2,1502,1504,0.1388
2,1500,1502,0.1388
2,1514,1516,0.1388
2,1520,1522,0.1388
2,1521,1523,0.1388
2,1512,1514,0.1388
2,1514,1516,0.1388
2,1518,1520,0.1388
2,1510,1512,0.1388
1,1513,1514,0.1388
1,1505,1506,0.1388
1,1499,1500,0.1388
1,1502,1503,0.1388
1,1513,1514,0.1388
1,1507,1508,0.1388
1,1508,1509,0.1388
1,1504,1505,0.1388
1,1506,1507,0.1388
1,1516,1517,0.1388
1,1519,1520,0.1388
1,1510,1511,0.1388
1,1512,1513,0.1388
1,1506,1507,0.1388
1,1517,1518,0.1388
1,1511,1512,0.1388
1,1504,1505,0.1388
1,1499,1500,0.1388
1,1516,1517,0.1388
1,1516,1517,0.1388
1,1523,1524,0.1388
1,1528,1529,0.1388
1,1537,1538,0.1388
1,1533,1534,0.1388
1,1517,1518,0.1388
1,1502,1503,0.1388
1,1519,1520,0.1388
1,1509,1510,0.1388
1,1505,1506,0.1388
1,1523,1524,0.1388
1,1529,1530,0.1388
1,1532,1533,0.1388
1,1528,1529,0.1388
1,1503,1504,0.1388
1,1520,1521,0.1388
1,1519,1520,0.1388
1,1513,1514,0.1388
1,1507,1508,0.1388
1,1501,1502,0.1388
1,1511,1512,0.1388
1,1504,1505,0.1388
1,1513,1514,0.1388
1,1503,1504,0.1388
1,1517,1518,0.1388
1,1514,1515,0.1388
0,1515,1515,0.1388
