1369,29,1398,0.1388
1397,32,1429,0.1388
1408,33,1441,0.1388
1422,33,1455,0.1388
1434,37,1471,0.1388
1440,40,1480,0.1388
1435,38,1473,0.1388
1451,38,1489,0.1388
1464,35,1499,0.1388
1465,35,1500,0.1388
1480,34,1514,0.1388
1483,34,1517,0.1388
1467,33,1500,0.1388
1471,33,1504,0.1388
1481,34,1515,0.1388
1481,35,1516,0.1388
1478,34,1512,0.1388
1460,35,1495,0.1388
1437,35,1472,0.1388
1450,36,1486,0.1388
1447,34,1481,0.1388
1455,34,1489,0.1388
1449,34,1483,0.1388
1459,36,1495,0.1388
1461,36,1497,0.1388
1460,38,1498,0.1388
1461,37,1498,0.1388
1455,38,1493,0.1388
1452,40,1492,0.1388
1452,43,1495,0.1388
1451,46,1497,0.1388
1451,47,1498,0.1388
1447,48,1495,0.1388
1442,46,1488,0.1388
1436,46,1482,0.1388
1443,45,1488,0.1388
1441,48,1489,0.1388
1432,48,1480,0.1388
1437,48,1485,0.1388
1450,48,1498,0.1388
1448,49,1497,0.1388
1446,49,1495,0.1388
1450,49,1499,0.1388
1446,53,1499,0.1388
1447,56,1503,0.1388
1430,56,1486,0.1388
1429,55,1484,0.1388
1428,55,1483,0.1388
1429,53,1482,0.1388
1427,55,1482,0.1388
1424,61,1485,0.1388
1426,61,1487,0.1388
1432,61,1493,0.1388
1433,63,1496,0.1388
1420,68,1488,0.1388
1415,65,1480,0.1388
1426,68,1494,0.1388
1426,70,1496,0.1388
1411,70,1481,0.1388
1418,69,1487,0.1388
1406,69,1475,0.1388
1407,72,1479,0.1388
1412,73,1485,0.1388
1410,76,1486,0.1388
1408,74,1482,0.1388
1413,77,1490,0.1388
1426,77,1503,0.1388
1422,74,1496,0.1388
1420,74,1494,0.1388
1419,75,1494,0.1388
1425,80,1505,0.1388
1407,81,1488,0.1388
1406,81,1487,0.1388
1408,79,1487,0.1388
1412,80,1492,0.1388
1412,78,1490,0.1388
1398,77,1475,0.1388
1397,77,1474,0.1388
1413,75,1488,0.1388
1417,73,1490,0.1388
1409,72,1481,0.1388
1428,73,1501,0.1388
1425,77,1502,0.1388
1415,77,1492,0.1388
1418,78,1496,0.1388
1404,81,1485,0.1388
1410,80,1490,0.1388
1419,81,1500,0.1388
1406,82,1488,0.1388
1410,85,1495,0.1388
1418,83,1501,0.1388
1414,83,1497,0.1388
1409,82,1491,0.1388
1403,83,1486,0.1388
1406,80,1486,0.1388
1408,81,1489,0.1388
1408,81,1489,0.1388
1388,81,1469,0.1388
1403,82,1485,0.1388
1404,82,1486,0.1388
1403,85,1488,0.1388
1414,86,1500,0.1388
1412,87,1499,0.1388
1423,86,1509,0.1388
1417,86,1503,0.1388
1407,84,1491,0.1388
1410,83,1493,0.1388
1416,84,1500,0.1388
1410,84,1494,0.1388
1408,86,1494,0.1388
1407,86,1493,0.1388
1396,88,1484,0.1388
1394,91,1485,0.1388
1401,93,1494,0.1388
1402,95,1497,0.1388
1392,95,1487,0.1388
1395,97,1492,0.1388
1394,96,1490,0.1388
1400,96,1496,0.1388
1393,95,1488,0.1388
1407,95,1502,0.1388
1406,96,1502,0.1388
1398,95,1493,0.1388
1384,102,1486,0.1388
1383,104,1487,0.1388
1390,105,1495,0.1388
1384,104,1488,0.1388
1388,102,1490,0.1388
1390,99,1489,0.1388
1392,98,1490,0.1388
1388,102,1490,0.1388
1403,103,1506,0.1388
1399,107,1506,0.1388
1389,103,1492,0.1388
1380,100,1480,0.1388
1386,102,1488,0.1388
1384,106,1490,0.1388
1395,108,1503,0.1388
1390,110,1500,0.1388
1403,112,1515,0.1388
1403,113,1516,0.1388
1398,110,1508,0.1388
1388,111,1499,0.1388
1381,114,1495,0.1388
1372,115,1487,0.1388
1389,113,1502,0.1388
1390,112,1502,0.1388
1385,108,1493,0.1388
1398,116,1514,0.1388
1385,113,1498,0.1388
1381,116,1497,0.1388
1370,117,1487,0.1388
1374,114,1488,0.1388
1382,109,1491,0.1388
1378,110,1488,0.1388
1380,110,1490,0.1388
1359,111,1470,0.1388
1356,112,1468,0.1388
1346,114,1460,0.1388
1377,117,1494,0.1388
1374,115,1489,0.1388
1382,117,1499,0.1388
1392,118,1510,0.1388
1387,119,1506,0.1388
1392,117,1509,0.1388
1374,119,1493,0.1388
1383,121,1504,0.1388
1374,118,1492,0.1388
1362,121,1483,0.1388
1373,123,1496,0.1388
1380,121,1501,0.1388
1381,122,1503,0.1388
1370,123,1493,0.1388
1378,122,1500,0.1388
1380,124,1504,0.1388
1375,122,1497,0.1388
1367,117,1484,0.1388
1373,114,1487,0.1388
1369,116,1485,0.1388
1358,122,1480,0.1388
1360,121,1481,0.1388
1363,119,1482,0.1388
1364,115,1479,0.1388
1379,117,1496,0.1388
1379,121,1500,0.1388
1369,120,1489,0.1388
1370,121,1491,0.1388
1360,123,1483,0.1388
1374,125,1499,0.1388
1368,125,1493,0.1388
1360,124,1484,0.1388
1344,126,1470,0.1388
1354,130,1484,0.1388
1361,131,1492,0.1388
1357,129,1486,0.1388
1361,130,1491,0.1388
1357,128,1485,0.1388
1349,132,1481,0.1388
1350,140,1490,0.1388
1361,139,1500,0.1388
1350,137,1487,0.1388
1340,141,1481,0.1388
1335,151,1486,0.1388
1336,150,1486,0.1388
1330,151,1481,0.1388
1338,155,1493,0.1388
1338,159,1497,0.1388
1343,161,1504,0.1388
1347,159,1506,0.1388
1344,158,1502,0.1388
1348,158,1506,0.1388
1336,154,1490,0.1388
1331,154,1485,0.1388
1336,155,1491,0.1388
1332,148,1480,0.1388
1340,149,1489,0.1388
1335,151,1486,0.1388
1340,150,1490,0.1388
1334,148,1482,0.1388
1333,150,1483,0.1388
1332,150,1482,0.1388
1338,145,1483,0.1388
1334,142,1476,0.1388
1337,143,1480,0.1388
1329,149,1478,0.1388
1341,146,1487,0.1388
1346,147,1493,0.1388
1369,148,1517,0.1388
1359,149,1508,0.1388
1366,146,1512,0.1388
1354,143,1497,0.1388
1349,144,1493,0.1388
1330,152,1482,0.1388
1330,156,1486,0.1388
1332,154,1486,0.1388
1332,153,1485,0.1388
1334,156,1490,0.1388
1330,160,1490,0.1388
1326,156,1482,0.1388
1332,156,1488,0.1388
1332,157,1489,0.1388
1345,152,1497,0.1388
1336,146,1482,0.1388
1322,152,1474,0.1388
1326,153,1479,0.1388
1327,156,1483,0.1388
1330,156,1486,0.1388
1340,156,1496,0.1388
1331,158,1489,0.1388
1333,157,1490,0.1388
1331,157,1488,0.1388
1337,154,1491,0.1388
1347,154,1501,0.1388
1346,154,1500,0.1388
1344,156,1500,0.1388
1342,160,1502,0.1388
1343,159,1502,0.1388
1344,154,1498,0.1388
1341,159,1500,0.1388
1337,159,1496,0.1388
1336,162,1498,0.1388
1331,164,1495,0.1388
1341,167,1508,0.1388
1338,167,1505,0.1388
1337,172,1509,0.1388
1324,170,1494,0.1388
1318,170,1488,0.1388
1322,172,1494,0.1388
1316,177,1493,0.1388
1323,177,1500,0.1388
1315,179,1494,0.1388
1306,180,1486,0.1388
1286,186,1472,0.1388
1296,191,1487,0.1388
1284,195,1479,0.1388
1290,195,1485,0.1388
1291,195,1486,0.1388
1296,194,1490,0.1388
1298,194,1492,0.1388
1300,201,1501,0.1388
1307,204,1511,0.1388
1310,204,1514,0.1388
1310,206,1516,0.1388
1298,207,1505,0.1388
1301,206,1507,0.1388
1300,203,1503,0.1388
1287,210,1497,0.1388
1277,213,1490,0.1388
1281,212,1493,0.1388
1276,217,1493,0.1388
1272,214,1486,0.1388
1284,218,1502,0.1388
1268,222,1490,0.1388
1269,218,1487,0.1388
1279,216,1495,0.1388
1272,218,1490,0.1388
1271,221,1492,0.1388
1274,219,1493,0.1388
1260,222,1482,0.1388
1261,221,1482,0.1388
1268,225,1493,0.1388
1270,226,1496,0.1388
1277,224,1501,0.1388
1285,222,1507,0.1388
1282,225,1507,0.1388
1277,222,1499,0.1388
1277,234,1511,0.1388
1273,232,1505,0.1388
1266,235,1501,0.1388
1256,237,1493,0.1388
1253,239,1492,0.1388
1248,241,1489,0.1388
1248,246,1494,0.1388
1261,244,1505,0.1388
1248,248,1496,0.1388
1246,248,1494,0.1388
1246,251,1497,0.1388
1237,249,1486,0.1388
1247,247,1494,0.1388
1248,249,1497,0.1388
1247,251,1498,0.1388
1234,256,1490,0.1388
1234,263,1497,0.1388
1235,262,1497,0.1388
1234,260,1494,0.1388
1228,262,1490,0.1388
1238,262,1500,0.1388
1233,266,1499,0.1388
1218,271,1489,0.1388
1225,274,1499,0.1388
1230,277,1507,0.1388
1237,276,1513,0.1388
1227,277,1504,0.1388
1225,276,1501,0.1388
1216,274,1490,0.1388
1212,275,1487,0.1388
1216,277,1493,0.1388
1213,274,1487,0.1388
1212,269,1481,0.1388
1200,270,1470,0.1388
1207,277,1484,0.1388
1197,277,1474,0.1388
1201,275,1476,0.1388
1201,268,1469,0.1388
1204,275,1479,0.1388
1231,278,1509,0.1388
1209,276,1485,0.1388
1211,284,1495,0.1388
1216,284,1500,0.1388
1209,281,1490,0.1388
1198,284,1482,0.1388
1205,285,1490,0.1388
1211,285,1496,0.1388
1210,279,1489,0.1388
1215,286,1501,0.1388
1211,285,1496,0.1388
1214,288,1502,0.1388
1210,286,1496,0.1388
1223,286,1509,0.1388
1229,286,1515,0.1388
1234,287,1521,0.1388
1227,284,1511,0.1388
1219,293,1512,0.1388
1205,298,1503,0.1388
1202,302,1504,0.1388
1212,302,1514,0.1388
1212,304,1516,0.1388
1197,301,1498,0.1388
1203,302,1505,0.1388
1210,300,1510,0.1388
1209,299,1508,0.1388
1209,299,1508,0.1388
1209,296,1505,0.1388
1193,300,1493,0.1388
1195,304,1499,0.1388
1186,310,1496,0.1388
1183,312,1495,0.1388
1187,310,1497,0.1388
1188,305,1493,0.1388
1183,308,1491,0.1388
1185,309,1494,0.1388
1195,307,1502,0.1388
1194,316,1510,0.1388
1193,315,1508,0.1388
1189,314,1503,0.1388
1187,315,1502,0.1388
1181,313,1494,0.1388
1179,317,1496,0.1388
1173,314,1487,0.1388
1174,313,1487,0.1388
1179,311,1490,0.1388
1178,312,1490,0.1388
1182,314,1496,0.1388
1186,319,1505,0.1388
1191,322,1513,0.1388
1190,323,1513,0.1388
1185,319,1504,0.1388
1183,323,1506,0.1388
1179,330,1509,0.1388
1179,327,1506,0.1388
1171,326,1497,0.1388
1164,333,1497,0.1388
1166,334,1500,0.1388
1159,334,1493,0.1388
1164,339,1503,0.1388
1170,341,1511,0.1388
1165,338,1503,0.1388
1167,333,1500,0.1388
1164,335,1499,0.1388
1172,328,1500,0.1388
1162,325,1487,0.1388
1172,329,1501,0.1388
1184,326,1510,0.1388
1180,324,1504,0.1388
1180,332,1512,0.1388
1183,333,1516,0.1388
1173,332,1505,0.1388
1182,335,1517,0.1388
1184,328,1512,0.1388
1191,325,1516,0.1388
1190,322,1512,0.1388
1187,328,1515,0.1388
1170,327,1497,0.1388
1162,322,1484,0.1388
1153,328,1481,0.1388
1155,332,1487,0.1388
1153,336,1489,0.1388
1145,342,1487,0.1388
1142,349,1491,0.1388
1137,348,1485,0.1388
1139,354,1493,0.1388
1133,357,1490,0.1388
1140,352,1492,0.1388
1139,354,1493,0.1388
1144,371,1515,0.1388
1141,366,1507,0.1388
1144,367,1511,0.1388
1148,372,1520,0.1388
1136,370,1506,0.1388
1133,380,1513,0.1388
1125,376,1501,0.1388
1128,374,1502,0.1388
1127,370,1497,0.1388
1126,364,1490,0.1388
1128,371,1499,0.1388
1126,376,1502,0.1388
1116,382,1498,0.1388
1118,383,1501,0.1388
1113,376,1489,0.1388
1116,379,1495,0.1388
1116,383,1499,0.1388
1115,385,1500,0.1388
1111,391,1502,0.1388
1113,392,1505,0.1388
1109,388,1497,0.1388
1115,386,1501,0.1388
1106,392,1498,0.1388
1104,400,1504,0.1388
1107,402,1509,0.1388
1096,400,1496,0.1388
1090,401,1491,0.1388
1088,404,1492,0.1388
1078,393,1471,0.1388
1086,397,1483,0.1388
1088,399,1487,0.1388
1090,406,1496,0.1388
1085,405,1490,0.1388
1083,410,1493,0.1388
1079,412,1491,0.1388
1075,414,1489,0.1388
1062,410,1472,0.1388
1070,414,1484,0.1388
1085,415,1500,0.1388
1092,415,1507,0.1388
1096,422,1518,0.1388
1091,420,1511,0.1388
1075,425,1500,0.1388
1065,431,1496,0.1388
1069,427,1496,0.1388
1073,419,1492,0.1388
1057,426,1483,0.1388
1077,420,1497,0.1388
1082,424,1506,0.1388
1075,426,1501,0.1388
1073,416,1489,0.1388
1070,424,1494,0.1388
1066,425,1491,0.1388
1067,434,1501,0.1388
1056,434,1490,0.1388
1062,433,1495,0.1388
1072,433,1505,0.1388
1068,437,1505,0.1388
1075,434,1509,0.1388
1072,434,1506,0.1388
1069,442,1511,0.1388
1060,436,1496,0.1388
1066,437,1503,0.1388
1056,431,1487,0.1388
1052,433,1485,0.1388
1055,435,1490,0.1388
1054,438,1492,0.1388
1053,438,1491,0.1388
1065,432,1497,0.1388
1062,433,1495,0.1388
1066,439,1505,0.1388
1076,438,1514,0.1388
1064,443,1507,0.1388
1064,445,1509,0.1388
1062,440,1502,0.1388
1054,440,1494,0.1388
1056,437,1493,0.1388
1062,435,1497,0.1388
1050,430,1480,0.1388
1050,432,1482,0.1388
1055,441,1496,0.1388
1066,446,1512,0.1388
1070,454,1524,0.1388
1048,449,1497,0.1388
1042,452,1494,0.1388
1037,455,1492,0.1388
1045,464,1509,0.1388
1041,463,1504,0.1388
1036,458,1494,0.1388
1026,454,1480,0.1388
1030,462,1492,0.1388
1036,459,1495,0.1388
1041,461,1502,0.1388
1024,462,1486,0.1388
1018,465,1483,0.1388
1019,474,1493,0.1388
1012,479,1491,0.1388
1007,485,1492,0.1388
999,485,1484,0.1388
998,483,1481,0.1388
1009,482,1491,0.1388
995,490,1485,0.1388
1006,498,1504,0.1388
1009,495,1504,0.1388
999,496,1495,0.1388
993,497,1490,0.1388
997,494,1491,0.1388
1004,498,1502,0.1388
990,512,1502,0.1388
995,509,1504,0.1388
993,508,1501,0.1388
993,508,1501,0.1388
985,503,1488,0.1388
982,507,1489,0.1388
987,507,1494,0.1388
988,515,1503,0.1388
1000,506,1506,0.1388
989,514,1503,0.1388
993,516,1509,0.1388
1007,509,1516,0.1388
1002,512,1514,0.1388
990,510,1500,0.1388
978,516,1494,0.1388
994,514,1508,0.1388
990,515,1505,0.1388
995,509,1504,0.1388
991,505,1496,0.1388
989,512,1501,0.1388
992,513,1505,0.1388
987,517,1504,0.1388
983,516,1499,0.1388
972,520,1492,0.1388
977,528,1505,0.1388
983,542,1525,0.1388
984,542,1526,0.1388
976,544,1520,0.1388
960,536,1496,0.1388
966,538,1504,0.1388
969,535,1504,0.1388
965,544,1509,0.1388
953,546,1499,0.1388
946,547,1493,0.1388
952,543,1495,0.1388
959,546,1505,0.1388
958,545,1503,0.1388
963,537,1500,0.1388
960,541,1501,0.1388
957,539,1496,0.1388
953,539,1492,0.1388
963,545,1508,0.1388
950,546,1496,0.1388
954,549,1503,0.1388
953,550,1503,0.1388
949,551,1500,0.1388
955,546,1501,0.1388
964,544,1508,0.1388
963,543,1506,0.1388
956,549,1505,0.1388
964,542,1506,0.1388
959,549,1508,0.1388
967,552,1519,0.1388
961,547,1508,0.1388
960,543,1503,0.1388
953,544,1497,0.1388
955,548,1503,0.1388
961,555,1516,0.1388
944,548,1492,0.1388
929,555,1484,0.1388
921,564,1485,0.1388
928,561,1489,0.1388
937,556,1493,0.1388
951,554,1505,0.1388
942,558,1500,0.1388
936,562,1498,0.1388
930,567,1497,0.1388
926,571,1497,0.1388
927,575,1502,0.1388
931,575,1506,0.1388
928,578,1506,0.1388
929,576,1505,0.1388
932,569,1501,0.1388
923,564,1487,0.1388
929,571,1500,0.1388
932,572,1504,0.1388
924,572,1496,0.1388
934,572,1506,0.1388
927,565,1492,0.1388
934,564,1498,0.1388
920,566,1486,0.1388
910,573,1483,0.1388
919,573,1492,0.1388
920,579,1499,0.1388
919,580,1499,0.1388
921,581,1502,0.1388
919,579,1498,0.1388
919,577,1496,0.1388
919,589,1508,0.1388
912,589,1501,0.1388
912,586,1498,0.1388
911,589,1500,0.1388
922,591,1513,0.1388
917,586,1503,0.1388
915,597,1512,0.1388
904,588,1492,0.1388
901,590,1491,0.1388
894,598,1492,0.1388
893,598,1491,0.1388
892,605,1497,0.1388
894,611,1505,0.1388
889,606,1495,0.1388
894,604,1498,0.1388
898,605,1503,0.1388
900,606,1506,0.1388
900,601,1501,0.1388
903,592,1495,0.1388
912,586,1498,0.1388
915,587,1502,0.1388
915,589,1504,0.1388
915,586,1501,0.1388
913,587,1500,0.1388
917,589,1506,0.1388
913,588,1501,0.1388
903,591,1494,0.1388
912,594,1506,0.1388
906,596,1502,0.1388
903,594,1497,0.1388
902,591,1493,0.1388
906,595,1501,0.1388
911,598,1509,0.1388
909,599,1508,0.1388
914,599,1513,0.1388
905,610,1515,0.1388
905,608,1513,0.1388
897,610,1507,0.1388
895,612,1507,0.1388
900,610,1510,0.1388
909,604,1513,0.1388
896,604,1500,0.1388
902,606,1508,0.1388
897,608,1505,0.1388
892,613,1505,0.1388
898,611,1509,0.1388
901,610,1511,0.1388
904,616,1520,0.1388
897,624,1521,0.1388
888,617,1505,0.1388
904,609,1513,0.1388
907,598,1505,0.1388
897,609,1506,0.1388
902,620,1522,0.1388
889,610,1499,0.1388
889,610,1499,0.1388
883,606,1489,0.1388
886,606,1492,0.1388
884,603,1487,0.1388
875,612,1487,0.1388
866,628,1494,0.1388
862,627,1489,0.1388
869,630,1499,0.1388
861,642,1503,0.1388
860,638,1498,0.1388
862,636,1498,0.1388
852,644,1496,0.1388
849,645,1494,0.1388
850,654,1504,0.1388
852,647,1499,0.1388
849,653,1502,0.1388
846,651,1497,0.1388
849,649,1498,0.1388
846,659,1505,0.1388
846,660,1506,0.1388
853,660,1513,0.1388
847,662,1509,0.1388
859,652,1511,0.1388
860,655,1515,0.1388
861,657,1518,0.1388
852,656,1508,0.1388
852,658,1510,0.1388
844,653,1497,0.1388
841,664,1505,0.1388
840,668,1508,0.1388
836,667,1503,0.1388
830,665,1495,0.1388
832,667,1499,0.1388
834,661,1495,0.1388
837,671,1508,0.1388
835,674,1509,0.1388
835,668,1503,0.1388
833,668,1501,0.1388
831,677,1508,0.1388
830,680,1510,0.1388
831,694,1525,0.1388
828,698,1526,0.1388
830,691,1521,0.1388
833,686,1519,0.1388
825,698,1523,0.1388
817,697,1514,0.1388
828,691,1519,0.1388
817,691,1508,0.1388
818,689,1507,0.1388
827,680,1507,0.1388
830,682,1512,0.1388
833,688,1521,0.1388
827,680,1507,0.1388
813,688,1501,0.1388
814,702,1516,0.1388
815,698,1513,0.1388
813,693,1506,0.1388
809,680,1489,0.1388
813,683,1496,0.1388
809,694,1503,0.1388
809,701,1510,0.1388
810,702,1512,0.1388
816,695,1511,0.1388
817,697,1514,0.1388
809,703,1512,0.1388
808,701,1509,0.1388
803,700,1503,0.1388
804,706,1510,0.1388
810,713,1523,0.1388
811,711,1522,0.1388
812,713,1525,0.1388
812,700,1512,0.1388
816,698,1514,0.1388
806,699,1505,0.1388
801,705,1506,0.1388
801,707,1508,0.1388
803,704,1507,0.1388
803,705,1508,0.1388
802,717,1519,0.1388
794,715,1509,0.1388
796,714,1510,0.1388
793,712,1505,0.1388
797,713,1510,0.1388
799,712,1511,0.1388
798,701,1499,0.1388
796,709,1505,0.1388
783,707,1490,0.1388
780,715,1495,0.1388
776,710,1486,0.1388
784,708,1492,0.1388
784,706,1490,0.1388
786,729,1515,0.1388
788,729,1517,0.1388
773,720,1493,0.1388
769,727,1496,0.1388
765,723,1488,0.1388
772,723,1495,0.1388
768,727,1495,0.1388
775,730,1505,0.1388
783,729,1512,0.1388
785,721,1506,0.1388
771,728,1499,0.1388
777,723,1500,0.1388
780,727,1507,0.1388
780,723,1503,0.1388
781,727,1508,0.1388
775,722,1497,0.1388
781,716,1497,0.1388
785,718,1503,0.1388
778,719,1497,0.1388
779,725,1504,0.1388
770,731,1501,0.1388
780,742,1522,0.1388
776,739,1515,0.1388
769,751,1520,0.1388
759,745,1504,0.1388
754,752,1506,0.1388
751,746,1497,0.1388
753,744,1497,0.1388
759,743,1502,0.1388
750,750,1500,0.1388
748,743,1491,0.1388
750,748,1498,0.1388
747,753,1500,0.1388
752,756,1508,0.1388
747,757,1504,0.1388
757,747,1504,0.1388
751,745,1496,0.1388
753,753,1506,0.1388
758,755,1513,0.1388
747,756,1503,0.1388
752,767,1519,0.1388
751,766,1517,0.1388
746,781,1527,0.1388
733,779,1512,0.1388
720,772,1492,0.1388
725,773,1498,0.1388
729,788,1517,0.1388
711,789,1500,0.1388
704,794,1498,0.1388
714,799,1513,0.1388
711,800,1511,0.1388
713,789,1502,0.1388
704,792,1496,0.1388
708,795,1503,0.1388
705,802,1507,0.1388
709,804,1513,0.1388
707,801,1508,0.1388
707,802,1509,0.1388
711,806,1517,0.1388
720,808,1528,0.1388
717,807,1524,0.1388
712,799,1511,0.1388
704,799,1503,0.1388
714,798,1512,0.1388
717,801,1518,0.1388
717,799,1516,0.1388
726,790,1516,0.1388
712,788,1500,0.1388
709,799,1508,0.1388
698,807,1505,0.1388
703,804,1507,0.1388
698,806,1504,0.1388
695,798,1493,0.1388
698,798,1496,0.1388
694,803,1497,0.1388
690,797,1487,0.1388
691,803,1494,0.1388
694,812,1506,0.1388
689,816,1505,0.1388
696,819,1515,0.1388
700,816,1516,0.1388
695,823,1518,0.1388
687,814,1501,0.1388
688,811,1499,0.1388
686,814,1500,0.1388
688,805,1493,0.1388
687,806,1493,0.1388
686,808,1494,0.1388
686,815,1501,0.1388
691,818,1509,0.1388
679,827,1506,0.1388
674,818,1492,0.1388
684,817,1501,0.1388
686,816,1502,0.1388
689,820,1509,0.1388
694,813,1507,0.1388
696,810,1506,0.1388
696,807,1503,0.1388
691,806,1497,0.1388
683,813,1496,0.1388
684,813,1497,0.1388
692,816,1508,0.1388
693,811,1504,0.1388
695,817,1512,0.1388
687,808,1495,0.1388
683,818,1501,0.1388
682,825,1507,0.1388
686,823,1509,0.1388
677,805,1482,0.1388
673,816,1489,0.1388
675,816,1491,0.1388
674,820,1494,0.1388
680,819,1499,0.1388
677,820,1497,0.1388
670,831,1501,0.1388
667,833,1500,0.1388
662,835,1497,0.1388
664,836,1500,0.1388
662,829,1491,0.1388
667,839,1506,0.1388
665,838,1503,0.1388
661,848,1509,0.1388
660,845,1505,0.1388
650,843,1493,0.1388
647,847,1494,0.1388
643,850,1493,0.1388
656,854,1510,0.1388
654,851,1505,0.1388
663,852,1515,0.1388
661,853,1514,0.1388
654,858,1512,0.1388
649,864,1513,0.1388
647,858,1505,0.1388
658,858,1516,0.1388
659,852,1511,0.1388
650,857,1507,0.1388
656,854,1510,0.1388
651,860,1511,0.1388
645,858,1503,0.1388
646,864,1510,0.1388
643,872,1515,0.1388
639,867,1506,0.1388
633,869,1502,0.1388
635,861,1496,0.1388
634,862,1496,0.1388
641,871,1512,0.1388
639,860,1499,0.1388
630,867,1497,0.1388
632,867,1499,0.1388
632,867,1499,0.1388
632,866,1498,0.1388
635,863,1498,0.1388
630,867,1497,0.1388
636,866,1502,0.1388
637,868,1505,0.1388
633,874,1507,0.1388
633,874,1507,0.1388
632,874,1506,0.1388
634,882,1516,0.1388
626,878,1504,0.1388
618,881,1499,0.1388
620,877,1497,0.1388
613,883,1496,0.1388
627,879,1506,0.1388
622,885,1507,0.1388
625,887,1512,0.1388
620,886,1506,0.1388
617,886,1503,0.1388
614,886,1500,0.1388
615,892,1507,0.1388
611,891,1502,0.1388
612,890,1502,0.1388
615,887,1502,0.1388
618,888,1506,0.1388
620,892,1512,0.1388
614,884,1498,0.1388
612,882,1494,0.1388
609,891,1500,0.1388
604,894,1498,0.1388
612,890,1502,0.1388
620,883,1503,0.1388
619,883,1502,0.1388
616,866,1482,0.1388
616,878,1494,0.1388
611,885,1496,0.1388
612,875,1487,0.1388
611,889,1500,0.1388
620,890,1510,0.1388
612,888,1500,0.1388
605,889,1494,0.1388
597,896,1493,0.1388
599,885,1484,0.1388
610,895,1505,0.1388
611,905,1516,0.1388
607,902,1509,0.1388
603,894,1497,0.1388
602,905,1507,0.1388
607,906,1513,0.1388
617,904,1521,0.1388
617,901,1518,0.1388
617,885,1502,0.1388
620,887,1507,0.1388
616,880,1496,0.1388
608,894,1502,0.1388
605,892,1497,0.1388
608,901,1509,0.1388
615,909,1524,0.1388
616,907,1523,0.1388
620,901,1521,0.1388
610,906,1516,0.1388
600,910,1510,0.1388
588,920,1508,0.1388
592,912,1504,0.1388
589,911,1500,0.1388
582,918,1500,0.1388
576,920,1496,0.1388
585,914,1499,0.1388
581,916,1497,0.1388
582,913,1495,0.1388
581,918,1499,0.1388
584,915,1499,0.1388
591,918,1509,0.1388
587,914,1501,0.1388
584,915,1499,0.1388
584,908,1492,0.1388
581,918,1499,0.1388
579,918,1497,0.1388
578,921,1499,0.1388
567,923,1490,0.1388
573,930,1503,0.1388
575,939,1514,0.1388
578,935,1513,0.1388
581,944,1525,0.1388
573,941,1514,0.1388
570,943,1513,0.1388
571,934,1505,0.1388
575,936,1511,0.1388
574,928,1502,0.1388
566,936,1502,0.1388
564,944,1508,0.1388
559,945,1504,0.1388
561,937,1498,0.1388
559,938,1497,0.1388
559,942,1501,0.1388
555,934,1489,0.1388
559,935,1494,0.1388
559,945,1504,0.1388
560,941,1501,0.1388
558,936,1494,0.1388
570,940,1510,0.1388
564,939,1503,0.1388
555,934,1489,0.1388
552,953,1505,0.1388
552,961,1513,0.1388
555,962,1517,0.1388
562,955,1517,0.1388
563,942,1505,0.1388
555,956,1511,0.1388
552,956,1508,0.1388
554,960,1514,0.1388
556,959,1515,0.1388
557,968,1525,0.1388
557,957,1514,0.1388
558,955,1513,0.1388
561,954,1515,0.1388
558,956,1514,0.1388
558,962,1520,0.1388
558,958,1516,0.1388
550,956,1506,0.1388
547,953,1500,0.1388
553,956,1509,0.1388
548,956,1504,0.1388
548,957,1505,0.1388
552,951,1503,0.1388
548,958,1506,0.1388
544,964,1508,0.1388
552,959,1511,0.1388
551,954,1505,0.1388
562,953,1515,0.1388
560,951,1511,0.1388
560,960,1520,0.1388
554,960,1514,0.1388
545,957,1502,0.1388
545,955,1500,0.1388
553,966,1519,0.1388
555,960,1515,0.1388
558,958,1516,0.1388
567,957,1524,0.1388
566,957,1523,0.1388
561,961,1522,0.1388
560,962,1522,0.1388
553,951,1504,0.1388
558,956,1514,0.1388
559,955,1514,0.1388
561,943,1504,0.1388
552,935,1487,0.1388
547,945,1492,0.1388
555,953,1508,0.1388
556,954,1510,0.1388
561,947,1508,0.1388
556,951,1507,0.1388
556,948,1504,0.1388
561,949,1510,0.1388
555,952,1507,0.1388
552,953,1505,0.1388
556,955,1511,0.1388
553,951,1504,0.1388
553,955,1508,0.1388
551,957,1508,0.1388
553,963,1516,0.1388
549,965,1514,0.1388
544,963,1507,0.1388
541,973,1514,0.1388
542,971,1513,0.1388
541,964,1505,0.1388
542,961,1503,0.1388
546,957,1503,0.1388
552,971,1523,0.1388
552,968,1520,0.1388
543,964,1507,0.1388
545,960,1505,0.1388
549,967,1516,0.1388
554,969,1523,0.1388
557,961,1518,0.1388
551,958,1509,0.1388
549,956,1505,0.1388
546,961,1507,0.1388
546,965,1511,0.1388
539,978,1517,0.1388
541,969,1510,0.1388
540,968,1508,0.1388
543,973,1516,0.1388
540,974,1514,0.1388
543,964,1507,0.1388
546,966,1512,0.1388
541,959,1500,0.1388
539,972,1511,0.1388
537,970,1507,0.1388
535,972,1507,0.1388
527,978,1505,0.1388
537,983,1520,0.1388
529,989,1518,0.1388
527,984,1511,0.1388
525,975,1500,0.1388
522,980,1502,0.1388
515,994,1509,0.1388
517,988,1505,0.1388
519,996,1515,0.1388
519,996,1515,0.1388
519,996,1515,0.1388
522,986,1508,0.1388
527,983,1510,0.1388
523,976,1499,0.1388
526,990,1516,0.1388
528,998,1526,0.1388
525,996,1521,0.1388
523,1004,1527,0.1388
528,1002,1530,0.1388
521,991,1512,0.1388
518,1002,1520,0.1388
518,989,1507,0.1388
518,986,1504,0.1388
515,981,1496,0.1388
525,974,1499,0.1388
526,978,1504,0.1388
526,982,1508,0.1388
521,1002,1523,0.1388
523,1001,1524,0.1388
523,991,1514,0.1388
519,992,1511,0.1388
523,988,1511,0.1388
521,985,1506,0.1388
519,990,1509,0.1388
518,992,1510,0.1388
518,998,1516,0.1388
516,1001,1517,0.1388
522,993,1515,0.1388
522,994,1516,0.1388
521,988,1509,0.1388
519,992,1511,0.1388
519,989,1508,0.1388
516,993,1509,0.1388
529,985,1514,0.1388
536,988,1524,0.1388
532,990,1522,0.1388
529,989,1518,0.1388
525,987,1512,0.1388
519,986,1505,0.1388
512,988,1500,0.1388
519,986,1505,0.1388
520,990,1510,0.1388
519,980,1499,0.1388
510,994,1504,0.1388
513,997,1510,0.1388
506,992,1498,0.1388
509,984,1493,0.1388
509,986,1495,0.1388
508,995,1503,0.1388
497,994,1491,0.1388
499,999,1498,0.1388
503,998,1501,0.1388
506,1003,1509,0.1388
505,997,1502,0.1388
511,994,1505,0.1388
517,995,1512,0.1388
516,989,1505,0.1388
513,992,1505,0.1388
514,992,1506,0.1388
505,986,1491,0.1388
506,990,1496,0.1388
513,998,1511,0.1388
512,994,1506,0.1388
512,1012,1524,0.1388
515,1002,1517,0.1388
515,1001,1516,0.1388
510,1000,1510,0.1388
508,1004,1512,0.1388
505,1010,1515,0.1388
499,1015,1514,0.1388
496,1008,1504,0.1388
499,1016,1515,0.1388
497,1011,1508,0.1388
496,1007,1503,0.1388
499,1009,1508,0.1388
497,1010,1507,0.1388
495,1001,1496,0.1388
501,1010,1511,0.1388
497,1015,1512,0.1388
491,1019,1510,0.1388
488,1016,1504,0.1388
489,1008,1497,0.1388
483,1012,1495,0.1388
481,1010,1491,0.1388
481,1015,1496,0.1388
482,1013,1495,0.1388
484,1012,1496,0.1388
494,1018,1512,0.1388
492,1007,1499,0.1388
492,1015,1507,0.1388
481,1028,1509,0.1388
473,1034,1507,0.1388
468,1030,1498,0.1388
465,1027,1492,0.1388
462,1022,1484,0.1388
455,1042,1497,0.1388
462,1050,1512,0.1388
458,1047,1505,0.1388
454,1056,1510,0.1388
455,1061,1516,0.1388
452,1062,1514,0.1388
455,1055,1510,0.1388
446,1052,1498,0.1388
444,1055,1499,0.1388
444,1056,1500,0.1388
454,1068,1522,0.1388
451,1067,1518,0.1388
445,1074,1519,0.1388
439,1073,1512,0.1388
440,1067,1507,0.1388
435,1069,1504,0.1388
440,1060,1500,0.1388
440,1068,1508,0.1388
442,1068,1510,0.1388
444,1074,1518,0.1388
438,1068,1506,0.1388
431,1080,1511,0.1388
427,1061,1488,0.1388
433,1076,1509,0.1388
434,1085,1519,0.1388
433,1083,1516,0.1388
435,1083,1518,0.1388
438,1087,1525,0.1388
431,1091,1522,0.1388
429,1089,1518,0.1388
424,1094,1518,0.1388
425,1090,1515,0.1388
428,1086,1514,0.1388
429,1082,1511,0.1388
418,1092,1510,0.1388
418,1089,1507,0.1388
423,1086,1509,0.1388
429,1087,1516,0.1388
433,1088,1521,0.1388
427,1091,1518,0.1388
432,1092,1524,0.1388
429,1079,1508,0.1388
431,1084,1515,0.1388
425,1077,1502,0.1388
424,1078,1502,0.1388
419,1091,1510,0.1388
415,1096,1511,0.1388
415,1099,1514,0.1388
413,1099,1512,0.1388
411,1093,1504,0.1388
421,1092,1513,0.1388
425,1099,1524,0.1388
419,1098,1517,0.1388
418,1092,1510,0.1388
413,1099,1512,0.1388
412,1104,1516,0.1388
412,1101,1513,0.1388
402,1092,1494,0.1388
403,1088,1491,0.1388
405,1104,1509,0.1388
406,1100,1506,0.1388
403,1106,1509,0.1388
402,1111,1513,0.1388
400,1112,1512,0.1388
404,1107,1511,0.1388
402,1113,1515,0.1388
403,1111,1514,0.1388
399,1116,1515,0.1388
402,1120,1522,0.1388
397,1121,1518,0.1388
396,1126,1522,0.1388
402,1129,1531,0.1388
404,1128,1532,0.1388
403,1117,1520,0.1388
398,1116,1514,0.1388
406,1115,1521,0.1388
401,1129,1530,0.1388
404,1134,1538,0.1388
399,1109,1508,0.1388
396,1110,1506,0.1388
393,1107,1500,0.1388
393,1111,1504,0.1388
389,1121,1510,0.1388
393,1122,1515,0.1388
400,1122,1522,0.1388
400,1130,1530,0.1388
398,1117,1515,0.1388
398,1127,1525,0.1388
398,1125,1523,0.1388
398,1127,1525,0.1388
395,1125,1520,0.1388
401,1120,1521,0.1388
404,1110,1514,0.1388
405,1106,1511,0.1388
404,1109,1513,0.1388
397,1112,1509,0.1388
393,1120,1513,0.1388
389,1124,1513,0.1388
396,1118,1514,0.1388
393,1119,1512,0.1388
388,1118,1506,0.1388
395,1121,1516,0.1388
395,1130,1525,0.1388
391,1119,1510,0.1388
390,1112,1502,0.1388
391,1112,1503,0.1388
396,1107,1503,0.1388
388,1114,1502,0.1388
393,1107,1500,0.1388
393,1117,1510,0.1388
396,1116,1512,0.1388
398,1120,1518,0.1388
396,1128,1524,0.1388
392,1121,1513,0.1388
391,1121,1512,0.1388
389,1117,1506,0.1388
395,1121,1516,0.1388
390,1119,1509,0.1388
388,1126,1514,0.1388
389,1132,1521,0.1388
392,1133,1525,0.1388
395,1118,1513,0.1388
393,1115,1508,0.1388
392,1110,1502,0.1388
390,1118,1508,0.1388
391,1119,1510,0.1388
386,1105,1491,0.1388
378,1132,1510,0.1388
371,1139,1510,0.1388
372,1142,1514,0.1388
370,1142,1512,0.1388
368,1143,1511,0.1388
371,1137,1508,0.1388
371,1147,1518,0.1388
370,1137,1507,0.1388
376,1139,1515,0.1388
382,1130,1512,0.1388
380,1130,1510,0.1388
384,1135,1519,0.1388
380,1121,1501,0.1388
375,1135,1510,0.1388
380,1141,1521,0.1388
384,1139,1523,0.1388
389,1137,1526,0.1388
379,1135,1514,0.1388
376,1141,1517,0.1388
369,1145,1514,0.1388
370,1142,1512,0.1388
369,1137,1506,0.1388
371,1138,1509,0.1388
373,1144,1517,0.1388
368,1133,1501,0.1388
367,1138,1505,0.1388
362,1136,1498,0.1388
367,1133,1500,0.1388
367,1132,1499,0.1388
366,1128,1494,0.1388
367,1134,1501,0.1388
360,1138,1498,0.1388
352,1143,1495,0.1388
352,1145,1497,0.1388
352,1148,1500,0.1388
343,1149,1492,0.1388
333,1162,1495,0.1388
339,1170,1509,0.1388
336,1169,1505,0.1388
335,1157,1492,0.1388
338,1160,1498,0.1388
341,1162,1503,0.1388
346,1146,1492,0.1388
349,1148,1497,0.1388
348,1156,1504,0.1388
349,1174,1523,0.1388
351,1176,1527,0.1388
347,1175,1522,0.1388
346,1164,1510,0.1388
340,1172,1512,0.1388
348,1174,1522,0.1388
348,1158,1506,0.1388
348,1154,1502,0.1388
344,1159,1503,0.1388
343,1171,1514,0.1388
341,1181,1522,0.1388
339,1183,1522,0.1388
340,1170,1510,0.1388
340,1182,1522,0.1388
333,1181,1514,0.1388
332,1178,1510,0.1388
333,1178,1511,0.1388
331,1182,1513,0.1388
324,1185,1509,0.1388
322,1188,1510,0.1388
320,1189,1509,0.1388
322,1185,1507,0.1388
319,1194,1513,0.1388
318,1196,1514,0.1388
321,1205,1526,0.1388
320,1202,1522,0.1388
324,1192,1516,0.1388
321,1194,1515,0.1388
322,1201,1523,0.1388
321,1192,1513,0.1388
316,1188,1504,0.1388
320,1191,1511,0.1388
315,1193,1508,0.1388
312,1188,1500,0.1388
310,1191,1501,0.1388
305,1191,1496,0.1388
303,1193,1496,0.1388
301,1208,1509,0.1388
292,1220,1512,0.1388
292,1218,1510,0.1388
284,1225,1509,0.1388
289,1214,1503,0.1388
290,1213,1503,0.1388
290,1203,1493,0.1388
290,1215,1505,0.1388
293,1207,1500,0.1388
293,1208,1501,0.1388
298,1205,1503,0.1388
294,1223,1517,0.1388
292,1214,1506,0.1388
298,1218,1516,0.1388
292,1212,1504,0.1388
292,1209,1501,0.1388
286,1212,1498,0.1388
284,1224,1508,0.1388
279,1219,1498,0.1388
279,1226,1505,0.1388
272,1232,1504,0.1388
271,1243,1514,0.1388
272,1252,1524,0.1388
272,1254,1526,0.1388
273,1240,1513,0.1388
271,1245,1516,0.1388
268,1240,1508,0.1388
268,1241,1509,0.1388
269,1241,1510,0.1388
264,1244,1508,0.1388
269,1245,1514,0.1388
273,1242,1515,0.1388
270,1235,1505,0.1388
271,1233,1504,0.1388
269,1236,1505,0.1388
269,1222,1491,0.1388
270,1224,1494,0.1388
271,1223,1494,0.1388
276,1226,1502,0.1388
276,1238,1514,0.1388
278,1248,1526,0.1388
275,1247,1522,0.1388
271,1244,1515,0.1388
268,1242,1510,0.1388
272,1236,1508,0.1388
270,1249,1519,0.1388
276,1248,1524,0.1388
276,1232,1508,0.1388
274,1232,1506,0.1388
272,1226,1498,0.1388
267,1236,1503,0.1388
267,1240,1507,0.1388
266,1252,1518,0.1388
259,1249,1508,0.1388
260,1234,1494,0.1388
259,1249,1508,0.1388
261,1262,1523,0.1388
258,1253,1511,0.1388
256,1265,1521,0.1388
260,1261,1521,0.1388
263,1269,1532,0.1388
261,1266,1527,0.1388
259,1258,1517,0.1388
258,1260,1518,0.1388
255,1257,1512,0.1388
252,1250,1502,0.1388
249,1248,1497,0.1388
247,1257,1504,0.1388
245,1262,1507,0.1388
246,1262,1508,0.1388
247,1268,1515,0.1388
250,1266,1516,0.1388
248,1255,1503,0.1388
246,1256,1502,0.1388
245,1264,1509,0.1388
253,1265,1518,0.1388
250,1271,1521,0.1388
244,1278,1522,0.1388
244,1282,1526,0.1388
246,1285,1531,0.1388
242,1277,1519,0.1388
239,1274,1513,0.1388
241,1271,1512,0.1388
241,1270,1511,0.1388
241,1264,1505,0.1388
247,1276,1523,0.1388
245,1276,1521,0.1388
243,1255,1498,0.1388
241,1274,1515,0.1388
240,1281,1521,0.1388
235,1262,1497,0.1388
235,1275,1510,0.1388
235,1268,1503,0.1388
231,1284,1515,0.1388
225,1284,1509,0.1388
226,1288,1514,0.1388
227,1294,1521,0.1388
225,1281,1506,0.1388
225,1285,1510,0.1388
225,1302,1527,0.1388
222,1310,1532,0.1388
218,1294,1512,0.1388
217,1303,1520,0.1388
217,1301,1518,0.1388
215,1307,1522,0.1388
210,1299,1509,0.1388
214,1297,1511,0.1388
214,1300,1514,0.1388
218,1300,1518,0.1388
217,1291,1508,0.1388
215,1288,1503,0.1388
214,1295,1509,0.1388
220,1290,1510,0.1388
219,1297,1516,0.1388
217,1296,1513,0.1388
216,1289,1505,0.1388
217,1299,1516,0.1388
218,1299,1517,0.1388
222,1294,1516,0.1388
224,1306,1530,0.1388
216,1298,1514,0.1388
217,1303,1520,0.1388
221,1309,1530,0.1388
219,1324,1543,0.1388
217,1306,1523,0.1388
220,1297,1517,0.1388
224,1294,1518,0.1388
221,1294,1515,0.1388
223,1294,1517,0.1388
224,1312,1536,0.1388
222,1306,1528,0.1388
221,1284,1505,0.1388
220,1294,1514,0.1388
221,1298,1519,0.1388
225,1308,1533,0.1388
222,1317,1539,0.1388
223,1307,1530,0.1388
220,1310,1530,0.1388
218,1308,1526,0.1388
218,1306,1524,0.1388
221,1301,1522,0.1388
219,1310,1529,0.1388
220,1308,1528,0.1388
215,1300,1515,0.1388
214,1296,1510,0.1388
212,1293,1505,0.1388
219,1294,1513,0.1388
214,1303,1517,0.1388
212,1291,1503,0.1388
221,1277,1498,0.1388
216,1280,1496,0.1388
215,1281,1496,0.1388
212,1300,1512,0.1388
213,1290,1503,0.1388
208,1290,1498,0.1388
207,1308,1515,0.1388
208,1304,1512,0.1388
202,1305,1507,0.1388
208,1321,1529,0.1388
206,1315,1521,0.1388
202,1322,1524,0.1388
201,1298,1499,0.1388
202,1306,1508,0.1388
202,1302,1504,0.1388
201,1302,1503,0.1388
202,1304,1506,0.1388
202,1317,1519,0.1388
200,1325,1525,0.1388
201,1326,1527,0.1388
204,1314,1518,0.1388
202,1318,1520,0.1388
201,1318,1519,0.1388
203,1305,1508,0.1388
198,1299,1497,0.1388
200,1302,1502,0.1388
205,1320,1525,0.1388
203,1316,1519,0.1388
199,1307,1506,0.1388
199,1314,1513,0.1388
195,1311,1506,0.1388
200,1309,1509,0.1388
200,1307,1507,0.1388
202,1313,1515,0.1388
197,1318,1515,0.1388
199,1310,1509,0.1388
202,1306,1508,0.1388
203,1304,1507,0.1388
193,1305,1498,0.1388
198,1307,1505,0.1388
197,1296,1493,0.1388
198,1298,1496,0.1388
200,1303,1503,0.1388
203,1308,1511,0.1388
201,1314,1515,0.1388
204,1313,1517,0.1388
203,1307,1510,0.1388
206,1304,1510,0.1388
204,1318,1522,0.1388
205,1318,1523,0.1388
200,1321,1521,0.1388
198,1303,1501,0.1388
197,1302,1499,0.1388
192,1318,1510,0.1388
191,1318,1509,0.1388
191,1339,1530,0.1388
193,1337,1530,0.1388
189,1331,1520,0.1388
190,1310,1500,0.1388
192,1315,1507,0.1388
191,1317,1508,0.1388
193,1307,1500,0.1388
192,1316,1508,0.1388
195,1306,1501,0.1388
199,1316,1515,0.1388
202,1314,1516,0.1388
200,1329,1529,0.1388
199,1325,1524,0.1388
199,1335,1534,0.1388
195,1331,1526,0.1388
193,1322,1515,0.1388
194,1318,1512,0.1388
191,1312,1503,0.1388
190,1317,1507,0.1388
188,1330,1518,0.1388
188,1320,1508,0.1388
187,1314,1501,0.1388
187,1321,1508,0.1388
182,1328,1510,0.1388
178,1327,1505,0.1388
175,1320,1495,0.1388
173,1333,1506,0.1388
175,1348,1523,0.1388
176,1341,1517,0.1388
173,1342,1515,0.1388
174,1348,1522,0.1388
174,1344,1518,0.1388
169,1342,1511,0.1388
167,1339,1506,0.1388
167,1342,1509,0.1388
167,1354,1521,0.1388
163,1348,1511,0.1388
161,1357,1518,0.1388
162,1364,1526,0.1388
165,1345,1510,0.1388
166,1354,1520,0.1388
160,1348,1508,0.1388
159,1347,1506,0.1388
155,1351,1506,0.1388
152,1348,1500,0.1388
154,1350,1504,0.1388
158,1352,1510,0.1388
159,1351,1510,0.1388
162,1356,1518,0.1388
161,1357,1518,0.1388
166,1358,1524,0.1388
165,1361,1526,0.1388
162,1355,1517,0.1388
163,1352,1515,0.1388
163,1358,1521,0.1388
166,1351,1517,0.1388
163,1360,1523,0.1388
161,1360,1521,0.1388
158,1360,1518,0.1388
158,1358,1516,0.1388
158,1367,1525,0.1388
154,1366,1520,0.1388
156,1365,1521,0.1388
153,1357,1510,0.1388
153,1354,1507,0.1388
151,1348,1499,0.1388
151,1357,1508,0.1388
153,1364,1517,0.1388
155,1378,1533,0.1388
152,1376,1528,0.1388
149,1373,1522,0.1388
147,1382,1529,0.1388
146,1381,1527,0.1388
144,1374,1518,0.1388
144,1373,1517,0.1388
144,1369,1513,0.1388
139,1376,1515,0.1388
143,1363,1506,0.1388
138,1377,1515,0.1388
136,1363,1499,0.1388
132,1369,1501,0.1388
135,1375,1510,0.1388
135,1382,1517,0.1388
136,1370,1506,0.1388
138,1370,1508,0.1388
136,1379,1515,0.1388
135,1370,1505,0.1388
135,1359,1494,0.1388
138,1372,1510,0.1388
133,1374,1507,0.1388
133,1388,1521,0.1388
132,1387,1519,0.1388
131,1385,1516,0.1388
129,1387,1516,0.1388
124,1387,1511,0.1388
123,1373,1496,0.1388
119,1394,1513,0.1388
123,1387,1510,0.1388
120,1382,1502,0.1388
119,1390,1509,0.1388
122,1382,1504,0.1388
124,1387,1511,0.1388
126,1395,1521,0.1388
125,1387,1512,0.1388
127,1388,1515,0.1388
127,1394,1521,0.1388
123,1386,1509,0.1388
123,1389,1512,0.1388
123,1389,1512,0.1388
122,1385,1507,0.1388
118,1398,1516,0.1388
121,1394,1515,0.1388
121,1400,1521,0.1388
120,1397,1517,0.1388
118,1401,1519,0.1388
117,1399,1516,0.1388
115,1385,1500,0.1388
116,1385,1501,0.1388
119,1384,1503,0.1388
117,1394,1511,0.1388
116,1392,1508,0.1388
117,1395,1512,0.1388
121,1403,1524,0.1388
124,1399,1523,0.1388
124,1395,1519,0.1388
120,1392,1512,0.1388
121,1400,1521,0.1388
120,1402,1522,0.1388
120,1411,1531,0.1388
120,1397,1517,0.1388
121,1379,1500,0.1388
119,1385,1504,0.1388
123,1396,1519,0.1388
123,1399,1522,0.1388
122,1401,1523,0.1388
120,1401,1521,0.1388
116,1402,1518,0.1388
118,1398,1516,0.1388
119,1411,1530,0.1388
118,1411,1529,0.1388
120,1415,1535,0.1388
119,1397,1516,0.1388
119,1414,1533,0.1388
119,1410,1529,0.1388
116,1400,1516,0.1388
115,1394,1509,0.1388
112,1406,1518,0.1388
111,1406,1517,0.1388
110,1400,1510,0.1388
112,1395,1507,0.1388
110,1402,1512,0.1388
112,1412,1524,0.1388
108,1404,1512,0.1388
107,1400,1507,0.1388
107,1409,1516,0.1388
108,1413,1521,0.1388
105,1407,1512,0.1388
102,1412,1514,0.1388
104,1413,1517,0.1388
105,1413,1518,0.1388
101,1397,1498,0.1388
104,1417,1521,0.1388
102,1427,1529,0.1388
100,1423,1523,0.1388
97,1430,1527,0.1388
97,1415,1512,0.1388
93,1410,1503,0.1388
91,1416,1507,0.1388
92,1411,1503,0.1388
89,1422,1511,0.1388
92,1404,1496,0.1388
96,1410,1506,0.1388
96,1405,1501,0.1388
95,1405,1500,0.1388
98,1413,1511,0.1388
101,1421,1522,0.1388
99,1420,1519,0.1388
98,1426,1524,0.1388
99,1428,1527,0.1388
101,1418,1519,0.1388
99,1420,1519,0.1388
96,1439,1535,0.1388
96,1432,1528,0.1388
101,1421,1522,0.1388
102,1411,1513,0.1388
104,1417,1521,0.1388
103,1401,1504,0.1388
103,1398,1501,0.1388
102,1415,1517,0.1388
101,1416,1517,0.1388
104,1409,1513,0.1388
101,1404,1505,0.1388
101,1409,1510,0.1388
100,1411,1511,0.1388
98,1419,1517,0.1388
99,1430,1529,0.1388
100,1431,1531,0.1388
98,1424,1522,0.1388
98,1427,1525,0.1388
98,1421,1519,0.1388
99,1413,1512,0.1388
100,1415,1515,0.1388
100,1406,1506,0.1388
100,1415,1515,0.1388
100,1409,1509,0.1388
99,1408,1507,0.1388
99,1404,1503,0.1388
104,1398,1502,0.1388
104,1401,1505,0.1388
105,1408,1513,0.1388
103,1418,1521,0.1388
103,1418,1521,0.1388
102,1428,1530,0.1388
100,1425,1525,0.1388
100,1421,1521,0.1388
98,1409,1507,0.1388
95,1406,1501,0.1388
97,1405,1502,0.1388
98,1416,1514,0.1388
102,1411,1513,0.1388
102,1413,1515,0.1388
104,1410,1514,0.1388
100,1412,1512,0.1388
101,1414,1515,0.1388
100,1411,1511,0.1388
99,1431,1530,0.1388
95,1428,1523,0.1388
95,1436,1531,0.1388
95,1430,1525,0.1388
96,1432,1528,0.1388
96,1428,1524,0.1388
96,1431,1527,0.1388
96,1426,1522,0.1388
93,1420,1513,0.1388
94,1428,1522,0.1388
95,1438,1533,0.1388
97,1424,1521,0.1388
99,1421,1520,0.1388
96,1435,1531,0.1388
96,1443,1539,0.1388
95,1437,1532,0.1388
94,1432,1526,0.1388
92,1429,1521,0.1388
92,1415,1507,0.1388
93,1413,1506,0.1388
90,1415,1505,0.1388
93,1425,1518,0.1388
94,1430,1524,0.1388
94,1419,1513,0.1388
97,1416,1513,0.1388
95,1419,1514,0.1388
93,1412,1505,0.1388
93,1418,1511,0.1388
92,1407,1499,0.1388
92,1406,1498,0.1388
91,1405,1496,0.1388
92,1415,1507,0.1388
92,1419,1511,0.1388
96,1424,1520,0.1388
96,1435,1531,0.1388
92,1437,1529,0.1388
94,1433,1527,0.1388
94,1427,1521,0.1388
90,1421,1511,0.1388
90,1420,1510,0.1388
87,1422,1509,0.1388
89,1430,1519,0.1388
87,1442,1529,0.1388
84,1420,1504,0.1388
86,1430,1516,0.1388
84,1436,1520,0.1388
84,1433,1517,0.1388
82,1435,1517,0.1388
79,1442,1521,0.1388
79,1441,1520,0.1388
77,1436,1513,0.1388
76,1429,1505,0.1388
78,1420,1498,0.1388
80,1430,1510,0.1388
81,1432,1513,0.1388
80,1429,1509,0.1388
81,1440,1521,0.1388
79,1439,1518,0.1388
79,1445,1524,0.1388
78,1443,1521,0.1388
80,1442,1522,0.1388
77,1446,1523,0.1388
76,1443,1519,0.1388
77,1440,1517,0.1388
78,1438,1516,0.1388
79,1436,1515,0.1388
77,1445,1522,0.1388
79,1444,1523,0.1388
76,1442,1518,0.1388
75,1433,1508,0.1388
76,1437,1513,0.1388
75,1434,1509,0.1388
74,1440,1514,0.1388
75,1439,1514,0.1388
71,1454,1525,0.1388
70,1451,1521,0.1388
71,1452,1523,0.1388
72,1454,1526,0.1388
71,1453,1524,0.1388
69,1458,1527,0.1388
69,1441,1510,0.1388
65,1441,1506,0.1388
65,1439,1504,0.1388
64,1447,1511,0.1388
66,1450,1516,0.1388
66,1447,1513,0.1388
66,1443,1509,0.1388
65,1451,1516,0.1388
65,1455,1520,0.1388
66,1462,1528,0.1388
65,1459,1524,0.1388
65,1461,1526,0.1388
65,1464,1529,0.1388
66,1456,1522,0.1388
67,1457,1524,0.1388
67,1443,1510,0.1388
66,1442,1508,0.1388
65,1446,1511,0.1388
63,1447,1510,0.1388
61,1455,1516,0.1388
61,1456,1517,0.1388
60,1459,1519,0.1388
60,1463,1523,0.1388
60,1450,1510,0.1388
58,1453,1511,0.1388
56,1457,1513,0.1388
55,1462,1517,0.1388
58,1460,1518,0.1388
60,1452,1512,0.1388
60,1465,1525,0.1388
61,1458,1519,0.1388
59,1463,1522,0.1388
60,1443,1503,0.1388
59,1444,1503,0.1388
59,1448,1507,0.1388
60,1445,1505,0.1388
60,1440,1500,0.1388
58,1444,1502,0.1388
60,1438,1498,0.1388
61,1446,1507,0.1388
61,1456,1517,0.1388
62,1455,1517,0.1388
63,1452,1515,0.1388
63,1457,1520,0.1388
62,1453,1515,0.1388
63,1452,1515,0.1388
64,1464,1528,0.1388
65,1463,1528,0.1388
63,1451,1514,0.1388
65,1449,1514,0.1388
64,1451,1515,0.1388
63,1458,1521,0.1388
63,1445,1508,0.1388
63,1444,1507,0.1388
65,1457,1522,0.1388
67,1460,1527,0.1388
68,1455,1523,0.1388
66,1464,1530,0.1388
69,1452,1521,0.1388
68,1447,1515,0.1388
69,1441,1510,0.1388
69,1449,1518,0.1388
69,1454,1523,0.1388
68,1450,1518,0.1388
67,1456,1523,0.1388
67,1456,1523,0.1388
65,1455,1520,0.1388
65,1442,1507,0.1388
67,1450,1517,0.1388
68,1448,1516,0.1388
67,1442,1509,0.1388
67,1448,1515,0.1388
69,1441,1510,0.1388
70,1446,1516,0.1388
70,1441,1511,0.1388
69,1447,1516,0.1388
67,1436,1503,0.1388
67,1441,1508,0.1388
69,1448,1517,0.1388
68,1449,1517,0.1388
68,1455,1523,0.1388
67,1452,1519,0.1388
64,1454,1518,0.1388
65,1454,1519,0.1388
67,1457,1524,0.1388
69,1450,1519,0.1388
69,1465,1534,0.1388
70,1456,1526,0.1388
66,1457,1523,0.1388
67,1455,1522,0.1388
66,1467,1533,0.1388
68,1464,1532,0.1388
68,1454,1522,0.1388
68,1451,1519,0.1388
68,1453,1521,0.1388
70,1444,1514,0.1388
68,1454,1522,0.1388
68,1454,1522,0.1388
64,1454,1518,0.1388
62,1462,1524,0.1388
62,1475,1537,0.1388
64,1477,1541,0.1388
62,1478,1540,0.1388
64,1472,1536,0.1388
64,1474,1538,0.1388
63,1461,1524,0.1388
61,1454,1515,0.1388
60,1455,1515,0.1388
58,1445,1503,0.1388
58,1464,1522,0.1388
60,1463,1523,0.1388
58,1461,1519,0.1388
56,1461,1517,0.1388
57,1448,1505,0.1388
57,1456,1513,0.1388
56,1460,1516,0.1388
56,1459,1515,0.1388
55,1470,1525,0.1388
55,1463,1518,0.1388
54,1468,1522,0.1388
56,1460,1516,0.1388
56,1442,1498,0.1388
56,1448,1504,0.1388
56,1457,1513,0.1388
57,1462,1519,0.1388
54,1461,1515,0.1388
53,1474,1527,0.1388
51,1481,1532,0.1388
52,1485,1537,0.1388
52,1489,1541,0.1388
54,1480,1534,0.1388
52,1466,1518,0.1388
53,1455,1508,0.1388
53,1445,1498,0.1388
50,1453,1503,0.1388
48,1459,1507,0.1388
47,1457,1504,0.1388
48,1476,1524,0.1388
48,1464,1512,0.1388
47,1470,1517,0.1388
49,1462,1511,0.1388
47,1456,1503,0.1388
47,1457,1504,0.1388
48,1454,1502,0.1388
48,1459,1507,0.1388
49,1456,1505,0.1388
49,1458,1507,0.1388
50,1456,1506,0.1388
51,1462,1513,0.1388
54,1471,1525,0.1388
53,1470,1523,0.1388
55,1472,1527,0.1388
54,1479,1533,0.1388
51,1465,1516,0.1388
55,1464,1519,0.1388
54,1460,1514,0.1388
54,1463,1517,0.1388
55,1469,1524,0.1388
55,1469,1524,0.1388
56,1467,1523,0.1388
55,1465,1520,0.1388
54,1472,1526,0.1388
53,1459,1512,0.1388
52,1454,1506,0.1388
52,1464,1516,0.1388
52,1460,1512,0.1388
52,1455,1507,0.1388
51,1465,1516,0.1388
50,1476,1526,0.1388
49,1479,1528,0.1388
50,1467,1517,0.1388
48,1466,1514,0.1388
46,1460,1506,0.1388
48,1468,1516,0.1388
48,1473,1521,0.1388
48,1465,1513,0.1388
47,1466,1513,0.1388
45,1463,1508,0.1388
45,1466,1511,0.1388
46,1449,1495,0.1388
47,1457,1504,0.1388
48,1460,1508,0.1388
49,1468,1517,0.1388
50,1457,1507,0.1388
49,1460,1509,0.1388
50,1466,1516,0.1388
48,1468,1516,0.1388
49,1461,1510,0.1388
48,1465,1513,0.1388
47,1452,1499,0.1388
47,1452,1499,0.1388
49,1461,1510,0.1388
49,1465,1514,0.1388
49,1464,1513,0.1388
49,1465,1514,0.1388
50,1463,1513,0.1388
49,1455,1504,0.1388
53,1454,1507,0.1388
52,1452,1504,0.1388
53,1459,1512,0.1388
52,1456,1508,0.1388
53,1473,1526,0.1388
52,1465,1517,0.1388
54,1481,1535,0.1388
54,1477,1531,0.1388
56,1474,1530,0.1388
58,1474,1532,0.1388
59,1469,1528,0.1388
61,1470,1531,0.1388
59,1460,1519,0.1388
59,1463,1522,0.1388
60,1460,1520,0.1388
56,1461,1517,0.1388
57,1469,1526,0.1388
56,1483,1539,0.1388
53,1468,1521,0.1388
53,1458,1511,0.1388
52,1472,1524,0.1388
50,1467,1517,0.1388
50,1468,1518,0.1388
52,1461,1513,0.1388
52,1470,1522,0.1388
51,1451,1502,0.1388
52,1453,1505,0.1388
54,1440,1494,0.1388
54,1440,1494,0.1388
53,1438,1491,0.1388
53,1441,1494,0.1388
53,1438,1491,0.1388
51,1429,1480,0.1388
49,1436,1485,0.1388
47,1452,1499,0.1388
45,1464,1509,0.1388
47,1471,1518,0.1388
50,1463,1513,0.1388
49,1467,1516,0.1388
48,1469,1517,0.1388
51,1476,1527,0.1388
53,1465,1518,0.1388
56,1470,1526,0.1388
57,1452,1509,0.1388
57,1462,1519,0.1388
55,1454,1509,0.1388
51,1441,1492,0.1388
53,1438,1491,0.1388
53,1440,1493,0.1388
55,1443,1498,0.1388
55,1443,1498,0.1388
55,1456,1511,0.1388
56,1456,1512,0.1388
55,1453,1508,0.1388
52,1460,1512,0.1388
54,1471,1525,0.1388
55,1470,1525,0.1388
54,1458,1512,0.1388
56,1460,1516,0.1388
58,1464,1522,0.1388
53,1462,1515,0.1388
54,1464,1518,0.1388
52,1477,1529,0.1388
54,1481,1535,0.1388
53,1477,1530,0.1388
51,1470,1521,0.1388
52,1464,1516,0.1388
53,1451,1504,0.1388
55,1468,1523,0.1388
57,1470,1527,0.1388
54,1456,1510,0.1388
53,1472,1525,0.1388
54,1463,1517,0.1388
55,1455,1510,0.1388
53,1460,1513,0.1388
55,1462,1517,0.1388
54,1461,1515,0.1388
51,1473,1524,0.1388
47,1479,1526,0.1388
47,1482,1529,0.1388
45,1480,1525,0.1388
47,1487,1534,0.1388
47,1490,1537,0.1388
47,1474,1521,0.1388
47,1467,1514,0.1388
45,1467,1512,0.1388
45,1465,1510,0.1388
46,1465,1511,0.1388
47,1473,1520,0.1388
45,1469,1514,0.1388
46,1471,1517,0.1388
47,1470,1517,0.1388
47,1470,1517,0.1388
46,1461,1507,0.1388
47,1449,1496,0.1388
47,1448,1495,0.1388
44,1442,1486,0.1388
47,1429,1476,0.1388
47,1446,1493,0.1388
46,1456,1502,0.1388
48,1456,1504,0.1388
48,1462,1510,0.1388
48,1453,1501,0.1388
48,1459,1507,0.1388
43,1456,1499,0.1388
43,1456,1499,0.1388
44,1448,1492,0.1388
43,1452,1495,0.1388
43,1462,1505,0.1388
42,1465,1507,0.1388
44,1479,1523,0.1388
45,1477,1522,0.1388
45,1484,1529,0.1388
43,1479,1522,0.1388
41,1482,1523,0.1388
39,1477,1516,0.1388
41,1471,1512,0.1388
41,1469,1510,0.1388
42,1467,1509,0.1388
41,1467,1508,0.1388
40,1463,1503,0.1388
39,1458,1497,0.1388
41,1463,1504,0.1388
41,1459,1500,0.1388
39,1473,1512,0.1388
40,1472,1512,0.1388
42,1459,1501,0.1388
42,1449,1491,0.1388
45,1467,1512,0.1388
44,1476,1520,0.1388
46,1476,1522,0.1388
46,1474,1520,0.1388
45,1484,1529,0.1388
43,1474,1517,0.1388
45,1469,1514,0.1388
47,1467,1514,0.1388
46,1470,1516,0.1388
44,1481,1525,0.1388
43,1486,1529,0.1388
42,1492,1534,0.1388
42,1490,1532,0.1388
42,1478,1520,0.1388
42,1474,1516,0.1388
43,1476,1519,0.1388
43,1462,1505,0.1388
42,1476,1518,0.1388
41,1472,1513,0.1388
42,1472,1514,0.1388
39,1483,1522,0.1388
38,1478,1516,0.1388
37,1481,1518,0.1388
38,1477,1515,0.1388
37,1479,1516,0.1388
38,1469,1507,0.1388
37,1486,1523,0.1388
38,1501,1539,0.1388
35,1480,1515,0.1388
33,1488,1521,0.1388
31,1496,1527,0.1388
32,1487,1519,0.1388
33,1479,1512,0.1388
34,1481,1515,0.1388
34,1484,1518,0.1388
36,1476,1512,0.1388
35,1485,1520,0.1388
34,1476,1510,0.1388
31,1471,1502,0.1388
32,1478,1510,0.1388
32,1487,1519,0.1388
34,1491,1525,0.1388
34,1494,1528,0.1388
33,1505,1538,0.1388
33,1496,1529,0.1388
33,1495,1528,0.1388
34,1491,1525,0.1388
34,1476,1510,0.1388
34,1483,1517,0.1388
34,1478,1512,0.1388
33,1477,1510,0.1388
34,1476,1510,0.1388
33,1488,1521,0.1388
32,1488,1520,0.1388
32,1490,1522,0.1388
33,1486,1519,0.1388
31,1487,1518,0.1388
31,1484,1515,0.1388
29,1499,1528,0.1388
30,1495,1525,0.1388
29,1505,1534,0.1388
30,1492,1522,0.1388
29,1485,1514,0.1388
32,1481,1513,0.1388
32,1487,1519,0.1388
32,1492,1524,0.1388
32,1488,1520,0.1388
33,1488,1521,0.1388
34,1495,1529,0.1388
34,1489,1523,0.1388
34,1486,1520,0.1388
35,1492,1527,0.1388
35,1496,1531,0.1388
32,1497,1529,0.1388
32,1487,1519,0.1388
34,1492,1526,0.1388
32,1480,1512,0.1388
34,1488,1522,0.1388
34,1486,1520,0.1388
34,1476,1510,0.1388
34,1477,1511,0.1388
34,1479,1513,0.1388
33,1487,1520,0.1388
35,1474,1509,0.1388
35,1478,1513,0.1388
34,1481,1515,0.1388
35,1485,1520,0.1388
34,1493,1527,0.1388
34,1482,1516,0.1388
35,1490,1525,0.1388
33,1494,1527,0.1388
34,1498,1532,0.1388
35,1491,1526,0.1388
35,1498,1533,0.1388
31,1504,1535,0.1388
31,1497,1528,0.1388
29,1489,1518,0.1388
28,1483,1511,0.1388
29,1480,1509,0.1388
32,1477,1509,0.1388
29,1476,1505,0.1388
29,1472,1501,0.1388
30,1481,1511,0.1388
30,1471,1501,0.1388
29,1472,1501,0.1388
29,1483,1512,0.1388
29,1485,1514,0.1388
29,1490,1519,0.1388
30,1487,1517,0.1388
31,1483,1514,0.1388
29,1484,1513,0.1388
31,1493,1524,0.1388
28,1489,1517,0.1388
29,1489,1518,0.1388
29,1492,1521,0.1388
28,1497,1525,0.1388
27,1494,1521,0.1388
27,1495,1522,0.1388
27,1485,1512,0.1388
26,1487,1513,0.1388
26,1492,1518,0.1388
26,1502,1528,0.1388
26,1481,1507,0.1388
26,1489,1515,0.1388
26,1495,1521,0.1388
25,1495,1520,0.1388
25,1507,1532,0.1388
24,1507,1531,0.1388
26,1504,1530,0.1388
26,1509,1535,0.1388
26,1502,1528,0.1388
26,1488,1514,0.1388
26,1499,1525,0.1388
25,1500,1525,0.1388
26,1487,1513,0.1388
25,1486,1511,0.1388
26,1493,1519,0.1388
26,1491,1517,0.1388
26,1504,1530,0.1388
25,1504,1529,0.1388
25,1496,1521,0.1388
26,1486,1512,0.1388
25,1488,1513,0.1388
26,1478,1504,0.1388
26,1479,1505,0.1388
26,1477,1503,0.1388
26,1474,1500,0.1388
26,1473,1499,0.1388
26,1493,1519,0.1388
25,1482,1507,0.1388
25,1484,1509,0.1388
25,1479,1504,0.1388
23,1481,1504,0.1388
23,1492,1515,0.1388
24,1499,1523,0.1388
23,1502,1525,0.1388
22,1486,1508,0.1388
19,1484,1503,0.1388
20,1488,1508,0.1388
21,1485,1506,0.1388
22,1492,1514,0.1388
22,1500,1522,0.1388
23,1490,1513,0.1388
22,1497,1519,0.1388
21,1499,1520,0.1388
20,1503,1523,0.1388
19,1491,1510,0.1388
20,1507,1527,0.1388
20,1497,1517,0.1388
20,1490,1510,0.1388
20,1489,1509,0.1388
20,1494,1514,0.1388
20,1499,1519,0.1388
19,1496,1515,0.1388
19,1493,1512,0.1388
18,1495,1513,0.1388
18,1482,1500,0.1388
18,1484,1502,0.1388
17,1473,1490,0.1388
17,1479,1496,0.1388
17,1492,1509,0.1388
18,1494,1512,0.1388
19,1499,1518,0.1388
19,1489,1508,0.1388
20,1505,1525,0.1388
20,1508,1528,0.1388
20,1513,1533,0.1388
20,1505,1525,0.1388
20,1500,1520,0.1388
18,1495,1513,0.1388
18,1495,1513,0.1388
18,1496,1514,0.1388
18,1496,1514,0.1388
17,1489,1506,0.1388
17,1488,1505,0.1388
17,1485,1502,0.1388
17,1489,1506,0.1388
17,1488,1505,0.1388
19,1481,1500,0.1388
19,1495,1514,0.1388
19,1481,1500,0.1388
19,1481,1500,0.1388
18,1496,1514,0.1388
19,1490,1509,0.1388
19,1494,1513,0.1388
19,1503,1522,0.1388
19,1504,1523,0.1388
18,1489,1507,0.1388
18,1503,1521,0.1388
16,1493,1509,0.1388
17,1491,1508,0.1388
17,1485,1502,0.1388
17,1488,1505,0.1388
17,1493,1510,0.1388
17,1506,1523,0.1388
16,1507,1523,0.1388
16,1514,1530,0.1388
17,1506,1523,0.1388
17,1479,1496,0.1388
19,1487,1506,0.1388
18,1484,1502,0.1388
20,1486,1506,0.1388
19,1495,1514,0.1388
19,1505,1524,0.1388
19,1503,1522,0.1388
19,1492,1511,0.1388
21,1492,1513,0.1388
22,1503,1525,0.1388
22,1506,1528,0.1388
22,1482,1504,0.1388
23,1490,1513,0.1388
23,1497,1520,0.1388
23,1492,1515,0.1388
23,1501,1524,0.1388
23,1504,1527,0.1388
22,1493,1515,0.1388
25,1491,1516,0.1388
25,1501,1526,0.1388
23,1498,1521,0.1388
24,1494,1518,0.1388
22,1487,1509,0.1388
23,1489,1512,0.1388
23,1479,1502,0.1388
22,1490,1512,0.1388
23,1491,1514,0.1388
25,1492,1517,0.1388
24,1488,1512,0.1388
25,1487,1512,0.1388
25,1476,1501,0.1388
26,1487,1513,0.1388
26,1482,1508,0.1388
27,1499,1526,0.1388
26,1503,1529,0.1388
26,1502,1528,0.1388
26,1507,1533,0.1388
27,1489,1516,0.1388
26,1486,1512,0.1388
24,1490,1514,0.1388
23,1496,1519,0.1388
23,1502,1525,0.1388
23,1495,1518,0.1388
24,1504,1528,0.1388
23,1497,1520,0.1388
23,1503,1526,0.1388
26,1493,1519,0.1388
26,1492,1518,0.1388
26,1494,1520,0.1388
26,1494,1520,0.1388
23,1500,1523,0.1388
24,1496,1520,0.1388
24,1483,1507,0.1388
24,1487,1511,0.1388
24,1491,1515,0.1388
25,1485,1510,0.1388
25,1494,1519,0.1388
25,1493,1518,0.1388
23,1491,1514,0.1388
23,1502,1525,0.1388
23,1502,1525,0.1388
22,1501,1523,0.1388
21,1501,1522,0.1388
22,1501,1523,0.1388
22,1511,1533,0.1388
22,1497,1519,0.1388
21,1500,1521,0.1388
20,1489,1509,0.1388
19,1476,1495,0.1388
19,1477,1496,0.1388
19,1498,1517,0.1388
20,1501,1521,0.1388
21,1497,1518,0.1388
20,1490,1510,0.1388
20,1491,1511,0.1388
18,1500,1518,0.1388
18,1496,1514,0.1388
17,1490,1507,0.1388
18,1488,1506,0.1388
19,1494,1513,0.1388
19,1507,1526,0.1388
16,1507,1523,0.1388
16,1505,1521,0.1388
15,1501,1516,0.1388
15,1488,1503,0.1388
16,1504,1520,0.1388
17,1495,1512,0.1388
18,1489,1507,0.1388
18,1481,1499,0.1388
17,1490,1507,0.1388
14,1497,1511,0.1388
14,1489,1503,0.1388
14,1497,1511,0.1388
14,1504,1518,0.1388
15,1509,1524,0.1388
15,1498,1513,0.1388
15,1496,1511,0.1388
13,1489,1502,0.1388
13,1480,1493,0.1388
12,1498,1510,0.1388
13,1493,1506,0.1388
14,1492,1506,0.1388
14,1497,1511,0.1388
16,1495,1511,0.1388
16,1502,1518,0.1388
15,1501,1516,0.1388
15,1501,1516,0.1388
15,1503,1518,0.1388
15,1501,1516,0.1388
16,1503,1519,0.1388
15,1517,1532,0.1388
14,1503,1517,0.1388
12,1501,1513,0.1388
11,1505,1516,0.1388
12,1500,1512,0.1388
12,1505,1517,0.1388
12,1508,1520,0.1388
15,1514,1529,0.1388
15,1505,1520,0.1388
16,1503,1519,0.1388
16,1501,1517,0.1388
15,1495,1510,0.1388
15,1504,1519,0.1388
14,1502,1516,0.1388
14,1492,1506,0.1388
14,1496,1510,0.1388
14,1496,1510,0.1388
12,1510,1522,0.1388
12,1504,1516,0.1388
13,1498,1511,0.1388
15,1498,1513,0.1388
15,1497,1512,0.1388
15,1504,1519,0.1388
14,1507,1521,0.1388
14,1505,1519,0.1388
15,1512,1527,0.1388
15,1506,1521,0.1388
14,1498,1512,0.1388
13,1491,1504,0.1388
12,1505,1517,0.1388
11,1510,1521,0.1388
12,1511,1523,0.1388
12,1509,1521,0.1388
12,1515,1527,0.1388
13,1500,1513,0.1388
13,1494,1507,0.1388
14,1504,1518,0.1388
14,1507,1521,0.1388
14,1497,1511,0.1388
14,1504,1518,0.1388
13,1504,1517,0.1388
13,1520,1533,0.1388
13,1511,1524,0.1388
12,1519,1531,0.1388
13,1518,1531,0.1388
14,1509,1523,0.1388
14,1512,1526,0.1388
14,1508,1522,0.1388
12,1499,1511,0.1388
12,1512,1524,0.1388
11,1500,1511,0.1388
11,1489,1500,0.1388
10,1503,1513,0.1388
10,1504,1514,0.1388
10,1491,1501,0.1388
10,1498,1508,0.1388
10,1491,1501,0.1388
10,1491,1501,0.1388
11,1489,1500,0.1388
11,1498,1509,0.1388
12,1492,1504,0.1388
12,1497,1509,0.1388
12,1488,1500,0.1388
11,1502,1513,0.1388
11,1484,1495,0.1388
11,1495,1506,0.1388
11,1490,1501,0.1388
11,1499,1510,0.1388
11,1492,1503,0.1388
12,1491,1503,0.1388
11,1495,1506,0.1388
9,1493,1502,0.1388
9,1492,1501,0.1388
9,1485,1494,0.1388
9,1506,1515,0.1388
9,1496,1505,0.1388
9,1516,1525,0.1388
10,1517,1527,0.1388
10,1508,1518,0.1388
10,1511,1521,0.1388
10,1520,1530,0.1388
10,1510,1520,0.1388
10,1502,1512,0.1388
11,1508,1519,0.1388
11,1507,1518,0.1388
10,1508,1518,0.1388
10,1501,1511,0.1388
10,1498,1508,0.1388
10,1505,1515,0.1388
10,1506,1516,0.1388
10,1501,1511,0.1388
10,1501,1511,0.1388
10,1505,1515,0.1388
10,1505,1515,0.1388
10,1513,1523,0.1388
9,1509,1518,0.1388
9,1513,1522,0.1388
10,1496,1506,0.1388
10,1504,1514,0.1388
10,1515,1525,0.1388
10,1519,1529,0.1388
10,1536,1546,0.1388
9,1512,1521,0.1388
9,1520,1529,0.1388
9,1518,1527,0.1388
9,1514,1523,0.1388
9,1505,1514,0.1388
9,1532,1541,0.1388
9,1510,1519,0.1388
9,1506,1515,0.1388
9,1517,1526,0.1388
9,1509,1518,0.1388
9,1515,1524,0.1388
9,1513,1522,0.1388
8,1521,1529,0.1388
7,1512,1519,0.1388
8,1520,1528,0.1388
8,1523,1531,0.1388
9,1518,1527,0.1388
9,1521,1530,0.1388
10,1517,1527,0.1388
10,1517,1527,0.1388
10,1508,1518,0.1388
10,1503,1513,0.1388
9,1503,1512,0.1388
9,1502,1511,0.1388
9,1501,1510,0.1388
9,1511,1520,0.1388
8,1507,1515,0.1388
8,1496,1504,0.1388
7,1505,1512,0.1388
8,1513,1521,0.1388
8,1509,1517,0.1388
9,1513,1522,0.1388
9,1502,1511,0.1388
9,1506,1515,0.1388
9,1523,1532,0.1388
9,1519,1528,0.1388
9,1504,1513,0.1388
9,1508,1517,0.1388
8,1516,1524,0.1388
8,1528,1536,0.1388
8,1508,1516,0.1388
8,1514,1522,0.1388
8,1515,1523,0.1388
8,1503,1511,0.1388
8,1517,1525,0.1388
8,1524,1532,0.1388
8,1515,1523,0.1388
8,1507,1515,0.1388
8,1519,1527,0.1388
8,1518,1526,0.1388
8,1510,1518,0.1388
8,1509,1517,0.1388
9,1502,1511,0.1388
8,1505,1513,0.1388
9,1512,1521,0.1388
9,1522,1531,0.1388
9,1510,1519,0.1388
9,1512,1521,0.1388
8,1507,1515,0.1388
7,1503,1510,0.1388
8,1500,1508,0.1388
8,1496,1504,0.1388
8,1512,1520,0.1388
8,1517,1525,0.1388
8,1512,1520,0.1388
8,1503,1511,0.1388
8,1506,1514,0.1388
8,1513,1521,0.1388
7,1507,1514,0.1388
6,1514,1520,0.1388
6,1489,1495,0.1388
6,1494,1500,0.1388
6,1493,1499,0.1388
6,1503,1509,0.1388
6,1504,1510,0.1388
6,1512,1518,0.1388
6,1524,1530,0.1388
5,1511,1516,0.1388
5,1520,1525,0.1388
5,1517,1522,0.1388
4,1515,1519,0.1388
4,1506,1510,0.1388
4,1503,1507,0.1388
4,1508,1512,0.1388
4,1509,1513,0.1388
4,1495,1499,0.1388
3,1503,1506,0.1388
2,1516,1518,0.1388
1,1516,1517,0.1388
1,1528,1529,0.1388
1,1533,1534,0.1388
1,1530,1531,0.1388
1,1525,1526,0.1388
1,1507,1508,0.1388
1,1516,1517,0.1388
1,1512,1513,0.1388
1,1507,1508,0.1388
1,1519,1520,0.1388
1,1517,1518,0.1388
1,1522,1523,0.1388
1,1527,1528,0.1388
1,1517,1518,0.1388
1,1514,1515,0.1388
1,1518,1519,0.1388
1,1527,1528,0.1388
1,1531,1532,0.1388
1,1529,1530,0.1388
1,1516,1517,0.1388
1,1510,1511,0.1388
1,1521,1522,0.1388
1,1523,1524,0.1388
1,1514,1515,0.1388
1,1524,1525,0.1388
1,1520,1521,0.1388
1,1519,1520,0.1388
1,1519,1520,0.1388
1,1517,1518,0.1388
1,1518,1519,0.1388
1,1518,1519,0.1388
1,1525,1526,0.1388
1,1526,1527,0.1388
1,1529,1530,0.1388
0,1518,1518,0.1388
