1360,28,1388,0.1388
1406,33,1439,0.1388
1428,33,1461,0.1388
1442,32,1474,0.1388
1443,33,1476,0.1388
1453,30,1483,0.1388
1449,30,1479,0.1388
1444,29,1473,0.1388
1453,29,1482,0.1388
1458,29,1487,0.1388
1463,28,1491,0.1388
1465,28,1493,0.1388
1476,26,1502,0.1388
1478,24,1502,0.1388
1466,23,1489,0.1388
1471,23,1494,0.1388
1472,23,1495,0.1388
1475,23,1498,0.1388
1486,22,1508,0.1388
1492,20,1512,0.1388
1489,21,1510,0.1388
1479,24,1503,0.1388
1465,23,1488,0.1388
1469,19,1488,0.1388
1473,18,1491,0.1388
1478,18,1496,0.1388
1469,18,1487,0.1388
1466,17,1483,0.1388
1471,18,1489,0.1388
1463,18,1481,0.1388
1464,17,1481,0.1388
1464,19,1483,0.1388
1462,19,1481,0.1388
1465,19,1484,0.1388
1465,18,1483,0.1388
1464,20,1484,0.1388
1464,21,1485,0.1388
1477,21,1498,0.1388
1473,20,1493,0.1388
1477,21,1498,0.1388
1481,22,1503,0.1388
1486,24,1510,0.1388
1477,26,1503,0.1388
1473,26,1499,0.1388
1456,26,1482,0.1388
1477,29,1506,0.1388
1460,30,1490,0.1388
1471,31,1502,0.1388
1459,29,1488,0.1388
1450,28,1478,0.1388
1456,30,1486,0.1388
1452,32,1484,0.1388
1460,32,1492,0.1388
1460,33,1493,0.1388
1456,33,1489,0.1388
1459,33,1492,0.1388
1461,31,1492,0.1388
1457,32,1489,0.1388
1449,33,1482,0.1388
1443,34,1477,0.1388
1452,33,1485,0.1388
1466,33,1499,0.1388
1467,32,1499,0.1388
1460,31,1491,0.1388
1451,29,1480,0.1388
1452,30,1482,0.1388
1455,26,1481,0.1388
1453,26,1479,0.1388
1453,25,1478,0.1388
1450,24,1474,0.1388
1466,26,1492,0.1388
1461,24,1485,0.1388
1457,23,1480,0.1388
1458,23,1481,0.1388
1467,23,1490,0.1388
1472,24,1496,0.1388
1463,24,1487,0.1388
1466,24,1490,0.1388
1465,23,1488,0.1388
1464,23,1487,0.1388
1460,25,1485,0.1388
1467,24,1491,0.1388
1473,23,1496,0.1388
1473,23,1496,0.1388
1466,25,1491,0.1388
1484,25,1509,0.1388
1477,27,1504,0.1388
1476,27,1503,0.1388
1466,27,1493,0.1388
1458,28,1486,0.1388
1462,27,1489,0.1388
1466,26,1492,0.1388
1467,28,1495,0.1388
1460,29,1489,0.1388
1456,30,1486,0.1388
1474,29,1503,0.1388
1461,30,1491,0.1388
1488,31,1519,0.1388
1478,31,1509,0.1388
1470,31,1501,0.1388
1477,30,1507,0.1388
1469,30,1499,0.1388
1483,29,1512,0.1388
1474,29,1503,0.1388
1481,30,1511,0.1388
1478,29,1507,0.1388
1474,29,1503,0.1388
1486,30,1516,0.1388
1487,30,1517,0.1388
1481,30,1511,0.1388
1468,29,1497,0.1388
1465,30,1495,0.1388
1469,28,1497,0.1388
1458,29,1487,0.1388
1462,28,1490,0.1388
1450,30,1480,0.1388
1455,27,1482,0.1388
1465,27,1492,0.1388
1464,28,1492,0.1388
1473,28,1501,0.1388
1467,28,1495,0.1388
1473,28,1501,0.1388
1464,28,1492,0.1388
1456,27,1483,0.1388
1470,28,1498,0.1388
1460,29,1489,0.1388
1443,29,1472,0.1388
1443,29,1472,0.1388
1447,29,1476,0.1388
1449,30,1479,0.1388
1452,29,1481,0.1388
1455,29,1484,0.1388
1457,28,1485,0.1388
1466,29,1495,0.1388
1461,29,1490,0.1388
1461,29,1490,0.1388
1467,29,1496,0.1388
1461,28,1489,0.1388
1461,27,1488,0.1388
1463,26,1489,0.1388
1475,27,1502,0.1388
1471,27,1498,0.1388
1468,28,1496,0.1388
1468,29,1497,0.1388
1469,27,1496,0.1388
1459,28,1487,0.1388
1457,25,1482,0.1388
1459,24,1483,0.1388
1439,28,1467,0.1388
1438,27,1465,0.1388
1443,26,1469,0.1388
1452,27,1479,0.1388
1457,30,1487,0.1388
1454,30,1484,0.1388
1455,30,1485,0.1388
1468,29,1497,0.1388
1466,29,1495,0.1388
1473,28,1501,0.1388
1465,30,1495,0.1388
1459,30,1489,0.1388
1460,30,1490,0.1388
1453,29,1482,0.1388
1458,29,1487,0.1388
1463,28,1491,0.1388
1461,27,1488,0.1388
1467,27,1494,0.1388
1468,28,1496,0.1388
1467,27,1494,0.1388
1464,24,1488,0.1388
1469,26,1495,0.1388
1460,28,1488,0.1388
1459,28,1487,0.1388
1453,28,1481,0.1388
1460,29,1489,0.1388
1455,29,1484,0.1388
1449,29,1478,0.1388
1454,27,1481,0.1388
1450,25,1475,0.1388
1456,27,1483,0.1388
1451,26,1477,0.1388
1463,28,1491,0.1388
1469,27,1496,0.1388
1459,28,1487,0.1388
1459,27,1486,0.1388
1463,28,1491,0.1388
1477,29,1506,0.1388
1476,31,1507,0.1388
1465,30,1495,0.1388
1482,29,1511,0.1388
1485,29,1514,0.1388
1475,30,1505,0.1388
1476,30,1506,0.1388
1470,29,1499,0.1388
1470,32,1502,0.1388
1472,31,1503,0.1388
1485,30,1515,0.1388
1484,32,1516,0.1388
1462,33,1495,0.1388
1467,33,1500,0.1388
1458,32,1490,0.1388
1455,32,1487,0.1388
1464,30,1494,0.1388
1456,29,1485,0.1388
1474,29,1503,0.1388
1481,30,1511,0.1388
1466,30,1496,0.1388
1463,30,1493,0.1388
1469,30,1499,0.1388
1460,31,1491,0.1388
1458,32,1490,0.1388
1454,31,1485,0.1388
1475,32,1507,0.1388
1469,32,1501,0.1388
1472,34,1506,0.1388
1459,36,1495,0.1388
1465,35,1500,0.1388
1457,35,1492,0.1388
1456,34,1490,0.1388
1467,34,1501,0.1388
1474,33,1507,0.1388
1468,33,1501,0.1388
1470,33,1503,0.1388
1453,32,1485,0.1388
1468,34,1502,0.1388
1459,34,1493,0.1388
1453,33,1486,0.1388
1448,35,1483,0.1388
1446,35,1481,0.1388
1446,36,1482,0.1388
1447,39,1486,0.1388
1452,38,1490,0.1388
1453,35,1488,0.1388
1455,35,1490,0.1388
1457,34,1491,0.1388
1456,34,1490,0.1388
1453,34,1487,0.1388
1459,36,1495,0.1388
1456,36,1492,0.1388
1458,36,1494,0.1388
1459,36,1495,0.1388
1446,36,1482,0.1388
1450,34,1484,0.1388
1459,36,1495,0.1388
1449,35,1484,0.1388
1465,36,1501,0.1388
1467,35,1502,0.1388
1459,36,1495,0.1388
1451,37,1488,0.1388
1457,37,1494,0.1388
1467,36,1503,0.1388
1461,35,1496,0.1388
1455,35,1490,0.1388
1459,35,1494,0.1388
1456,38,1494,0.1388
1457,39,1496,0.1388
1456,40,1496,0.1388
1453,40,1493,0.1388
1458,40,1498,0.1388
1449,40,1489,0.1388
1458,41,1499,0.1388
1452,40,1492,0.1388
1452,40,1492,0.1388
1445,41,1486,0.1388
1443,39,1482,0.1388
1450,41,1491,0.1388
1435,40,1475,0.1388
1427,38,1465,0.1388
1443,38,1481,0.1388
1445,41,1486,0.1388
1444,40,1484,0.1388
1445,37,1482,0.1388
1448,40,1488,0.1388
1446,40,1486,0.1388
1450,40,1490,0.1388
1458,41,1499,0.1388
1468,40,1508,0.1388
1458,40,1498,0.1388
1454,42,1496,0.1388
1470,42,1512,0.1388
1454,44,1498,0.1388
1462,44,1506,0.1388
1456,44,1500,0.1388
1443,43,1486,0.1388
1448,40,1488,0.1388
1456,41,1497,0.1388
1458,44,1502,0.1388
1463,44,1507,0.1388
1440,41,1481,0.1388
1442,41,1483,0.1388
1455,43,1498,0.1388
1448,43,1491,0.1388
1446,43,1489,0.1388
1447,43,1490,0.1388
1463,44,1507,0.1388
1459,44,1503,0.1388
1463,43,1506,0.1388
1461,43,1504,0.1388
1469,43,1512,0.1388
1453,42,1495,0.1388
1450,43,1493,0.1388
1456,43,1499,0.1388
1456,45,1501,0.1388
1467,45,1512,0.1388
1465,45,1510,0.1388
1466,45,1511,0.1388
1457,45,1502,0.1388
1453,46,1499,0.1388
1442,46,1488,0.1388
1445,47,1492,0.1388
1446,46,1492,0.1388
1439,48,1487,0.1388
1432,48,1480,0.1388
1431,49,1480,0.1388
1444,49,1493,0.1388
1447,49,1496,0.1388
1449,49,1498,0.1388
1459,47,1506,0.1388
1452,45,1497,0.1388
1454,45,1499,0.1388
1453,47,1500,0.1388
1446,47,1493,0.1388
1457,46,1503,0.1388
1461,44,1505,0.1388
1449,47,1496,0.1388
1453,49,1502,0.1388
1457,49,1506,0.1388
1436,50,1486,0.1388
1436,49,1485,0.1388
1434,50,1484,0.1388
1438,50,1488,0.1388
1437,49,1486,0.1388
1443,51,1494,0.1388
1433,50,1483,0.1388
1433,50,1483,0.1388
1435,49,1484,0.1388
1441,51,1492,0.1388
1440,49,1489,0.1388
1440,49,1489,0.1388
1440,50,1490,0.1388
1440,50,1490,0.1388
1449,49,1498,0.1388
1467,49,1516,0.1388
1464,48,1512,0.1388
1459,49,1508,0.1388
1451,48,1499,0.1388
1450,52,1502,0.1388
1449,50,1499,0.1388
1452,52,1504,0.1388
1462,53,1515,0.1388
1452,54,1506,0.1388
1445,57,1502,0.1388
1442,56,1498,0.1388
1443,54,1497,0.1388
1426,55,1481,0.1388
1427,56,1483,0.1388
1436,57,1493,0.1388
1416,56,1472,0.1388
1427,55,1482,0.1388
1437,55,1492,0.1388
1429,55,1484,0.1388
1430,54,1484,0.1388
1441,57,1498,0.1388
1443,55,1498,0.1388
1439,55,1494,0.1388
1430,53,1483,0.1388
1424,54,1478,0.1388
1436,53,1489,0.1388
1441,51,1492,0.1388
1435,52,1487,0.1388
1434,51,1485,0.1388
1443,50,1493,0.1388
1437,48,1485,0.1388
1433,48,1481,0.1388
1445,48,1493,0.1388
1429,48,1477,0.1388
1436,51,1487,0.1388
1455,49,1504,0.1388
1448,52,1500,0.1388
1443,52,1495,0.1388
1443,54,1497,0.1388
1451,56,1507,0.1388
1459,55,1514,0.1388
1455,54,1509,0.1388
1443,55,1498,0.1388
1446,55,1501,0.1388
1453,54,1507,0.1388
1432,55,1487,0.1388
1441,53,1494,0.1388
1449,52,1501,0.1388
1440,51,1491,0.1388
1446,53,1499,0.1388
1451,52,1503,0.1388
1441,49,1490,0.1388
1432,49,1481,0.1388
1433,46,1479,0.1388
1450,46,1496,0.1388
1465,45,1510,0.1388
1474,44,1518,0.1388
1465,45,1510,0.1388
1458,45,1503,0.1388
1470,45,1515,0.1388
1466,44,1510,0.1388
1462,42,1504,0.1388
1462,42,1504,0.1388
1451,42,1493,0.1388
1441,45,1486,0.1388
1451,46,1497,0.1388
1451,45,1496,0.1388
1439,46,1485,0.1388
1449,45,1494,0.1388
1441,45,1486,0.1388
1441,44,1485,0.1388
1450,44,1494,0.1388
1452,46,1498,0.1388
1448,43,1491,0.1388
1445,45,1490,0.1388
1456,46,1502,0.1388
1460,45,1505,0.1388
1463,45,1508,0.1388
1466,45,1511,0.1388
1464,44,1508,0.1388
1464,45,1509,0.1388
1442,44,1486,0.1388
1448,46,1494,0.1388
1441,47,1488,0.1388
1442,49,1491,0.1388
1437,51,1488,0.1388
1428,48,1476,0.1388
1434,50,1484,0.1388
1422,50,1472,0.1388
1429,49,1478,0.1388
1429,52,1481,0.1388
1445,49,1494,0.1388
1447,50,1497,0.1388
1455,49,1504,0.1388
1455,51,1506,0.1388
1462,54,1516,0.1388
1443,55,1498,0.1388
1436,58,1494,0.1388
1440,60,1500,0.1388
1427,58,1485,0.1388
1432,58,1490,0.1388
1442,57,1499,0.1388
1428,55,1483,0.1388
1431,55,1486,0.1388
1428,61,1489,0.1388
1430,62,1492,0.1388
1416,63,1479,0.1388
1428,62,1490,0.1388
1416,62,1478,0.1388
1425,60,1485,0.1388
1421,63,1484,0.1388
1412,62,1474,0.1388
1420,59,1479,0.1388
1433,55,1488,0.1388
1444,55,1499,0.1388
1442,55,1497,0.1388
1439,54,1493,0.1388
1440,55,1495,0.1388
1440,53,1493,0.1388
1438,53,1491,0.1388
1417,52,1469,0.1388
1425,54,1479,0.1388
1424,54,1478,0.1388
1427,51,1478,0.1388
1438,52,1490,0.1388
1441,52,1493,0.1388
1449,55,1504,0.1388
1447,56,1503,0.1388
1442,57,1499,0.1388
1434,56,1490,0.1388
1426,56,1482,0.1388
1426,57,1483,0.1388
1428,56,1484,0.1388
1424,56,1480,0.1388
1433,56,1489,0.1388
1431,56,1487,0.1388
1446,58,1504,0.1388
1428,62,1490,0.1388
1413,62,1475,0.1388
1415,61,1476,0.1388
1423,64,1487,0.1388
1423,66,1489,0.1388
1424,63,1487,0.1388
1429,62,1491,0.1388
1422,62,1484,0.1388
1422,60,1482,0.1388
1425,61,1486,0.1388
1422,61,1483,0.1388
1442,63,1505,0.1388
1427,62,1489,0.1388
1433,61,1494,0.1388
1440,61,1501,0.1388
1441,61,1502,0.1388
1442,62,1504,0.1388
1444,62,1506,0.1388
1441,62,1503,0.1388
1432,60,1492,0.1388
1428,63,1491,0.1388
1434,64,1498,0.1388
1427,62,1489,0.1388
1427,64,1491,0.1388
1424,64,1488,0.1388
1410,66,1476,0.1388
1424,67,1491,0.1388
1431,67,1498,0.1388
1432,67,1499,0.1388
1439,67,1506,0.1388
1439,69,1508,0.1388
1434,68,1502,0.1388
1429,69,1498,0.1388
1423,74,1497,0.1388
1419,76,1495,0.1388
1411,76,1487,0.1388
1416,75,1491,0.1388
1421,77,1498,0.1388
1407,80,1487,0.1388
1400,81,1481,0.1388
1401,83,1484,0.1388
1418,82,1500,0.1388
1431,81,1512,0.1388
1439,80,1519,0.1388
1427,76,1503,0.1388
1418,77,1495,0.1388
1431,75,1506,0.1388
1421,77,1498,0.1388
1427,79,1506,0.1388
1402,81,1483,0.1388
1395,80,1475,0.1388
1407,82,1489,0.1388
1409,83,1492,0.1388
1424,88,1512,0.1388
1416,87,1503,0.1388
1414,88,1502,0.1388
1412,87,1499,0.1388
1409,87,1496,0.1388
1406,83,1489,0.1388
1416,84,1500,0.1388
1414,88,1502,0.1388
1417,88,1505,0.1388
1418,90,1508,0.1388
1429,91,1520,0.1388
1421,87,1508,0.1388
1416,88,1504,0.1388
1414,90,1504,0.1388
1406,89,1495,0.1388
1412,87,1499,0.1388
1422,87,1509,0.1388
1409,94,1503,0.1388
1416,95,1511,0.1388
1403,94,1497,0.1388
1396,95,1491,0.1388
1406,90,1496,0.1388
1398,92,1490,0.1388
1401,95,1496,0.1388
1390,94,1484,0.1388
1372,96,1468,0.1388
1372,97,1469,0.1388
1376,96,1472,0.1388
1377,96,1473,0.1388
1381,96,1477,0.1388
1387,94,1481,0.1388
1395,92,1487,0.1388
1388,91,1479,0.1388
1387,92,1479,0.1388
1394,94,1488,0.1388
1412,93,1505,0.1388
1403,94,1497,0.1388
1397,96,1493,0.1388
1393,96,1489,0.1388
1399,99,1498,0.1388
1404,100,1504,0.1388
1400,101,1501,0.1388
1387,106,1493,0.1388
1382,104,1486,0.1388
1380,109,1489,0.1388
1382,111,1493,0.1388
1380,109,1489,0.1388
1383,111,1494,0.1388
1379,116,1495,0.1388
1381,116,1497,0.1388
1391,116,1507,0.1388
1389,115,1504,0.1388
1368,119,1487,0.1388
1368,123,1491,0.1388
1367,123,1490,0.1388
1366,125,1491,0.1388
1364,127,1491,0.1388
1351,128,1479,0.1388
1357,125,1482,0.1388
1357,123,1480,0.1388
1346,124,1470,0.1388
1367,125,1492,0.1388
1359,122,1481,0.1388
1369,124,1493,0.1388
1362,128,1490,0.1388
1368,126,1494,0.1388
1384,124,1508,0.1388
1382,126,1508,0.1388
1382,130,1512,0.1388
1375,128,1503,0.1388
1373,129,1502,0.1388
1373,124,1497,0.1388
1366,123,1489,0.1388
1366,120,1486,0.1388
1379,122,1501,0.1388
1371,123,1494,0.1388
1362,124,1486,0.1388
1361,126,1487,0.1388
1371,130,1501,0.1388
1372,133,1505,0.1388
1375,133,1508,0.1388
1354,132,1486,0.1388
1352,136,1488,0.1388
1360,134,1494,0.1388
1361,131,1492,0.1388
1361,132,1493,0.1388
1357,126,1483,0.1388
1361,124,1485,0.1388
1367,127,1494,0.1388
1367,128,1495,0.1388
1352,126,1478,0.1388
1352,125,1477,0.1388
1340,121,1461,0.1388
1356,121,1477,0.1388
1369,122,1491,0.1388
1365,119,1484,0.1388
1382,115,1497,0.1388
1362,113,1475,0.1388
1363,118,1481,0.1388
1357,120,1477,0.1388
1362,123,1485,0.1388
1352,125,1477,0.1388
1357,122,1479,0.1388
1354,124,1478,0.1388
1354,120,1474,0.1388
1362,123,1485,0.1388
1354,122,1476,0.1388
1365,124,1489,0.1388
1378,124,1502,0.1388
1378,125,1503,0.1388
1369,126,1495,0.1388
1385,125,1510,0.1388
1379,123,1502,0.1388
1376,125,1501,0.1388
1357,125,1482,0.1388
1363,126,1489,0.1388
1364,124,1488,0.1388
1364,121,1485,0.1388
1372,125,1497,0.1388
1364,126,1490,0.1388
1372,121,1493,0.1388
1369,120,1489,0.1388
1367,118,1485,0.1388
1361,119,1480,0.1388
1377,117,1494,0.1388
1380,118,1498,0.1388
1374,122,1496,0.1388
1368,126,1494,0.1388
1373,122,1495,0.1388
1380,122,1502,0.1388
1380,123,1503,0.1388
1375,124,1499,0.1388
1361,123,1484,0.1388
1370,126,1496,0.1388
1371,124,1495,0.1388
1364,119,1483,0.1388
1366,121,1487,0.1388
1372,122,1494,0.1388
1370,123,1493,0.1388
1372,123,1495,0.1388
1368,124,1492,0.1388
1362,122,1484,0.1388
1353,123,1476,0.1388
1353,124,1477,0.1388
1353,128,1481,0.1388
1360,136,1496,0.1388
1366,137,1503,0.1388
1367,137,1504,0.1388
1369,144,1513,0.1388
1358,143,1501,0.1388
1343,147,1490,0.1388
1332,144,1476,0.1388
1337,152,1489,0.1388
1341,150,1491,0.1388
1347,150,1497,0.1388
1356,146,1502,0.1388
1358,153,1511,0.1388
1343,150,1493,0.1388
1334,155,1489,0.1388
1326,154,1480,0.1388
1337,153,1490,0.1388
1333,157,1490,0.1388
1336,159,1495,0.1388
1338,155,1493,0.1388
1325,159,1484,0.1388
1324,158,1482,0.1388
1325,162,1487,0.1388
1335,164,1499,0.1388
1325,165,1490,0.1388
1324,171,1495,0.1388
1316,172,1488,0.1388
1316,171,1487,0.1388
1318,172,1490,0.1388
1333,177,1510,0.1388
1315,172,1487,0.1388
1314,168,1482,0.1388
1324,168,1492,0.1388
1321,175,1496,0.1388
1311,174,1485,0.1388
1312,179,1491,0.1388
1304,174,1478,0.1388
1311,168,1479,0.1388
1326,169,1495,0.1388
1335,174,1509,0.1388
1324,172,1496,0.1388
1331,166,1497,0.1388
1321,171,1492,0.1388
1341,170,1511,0.1388
1338,174,1512,0.1388
1337,174,1511,0.1388
1328,169,1497,0.1388
1324,172,1496,0.1388
1333,177,1510,0.1388
1324,174,1498,0.1388
1318,174,1492,0.1388
1315,175,1490,0.1388
1323,177,1500,0.1388
1315,177,1492,0.1388
1313,176,1489,0.1388
1317,175,1492,0.1388
1307,178,1485,0.1388
1313,178,1491,0.1388
1319,179,1498,0.1388
1330,179,1509,0.1388
1330,182,1512,0.1388
1307,180,1487,0.1388
1315,181,1496,0.1388
1320,180,1500,0.1388
1324,184,1508,0.1388
1316,184,1500,0.1388
1302,186,1488,0.1388
1313,183,1496,0.1388
1313,182,1495,0.1388
1321,184,1505,0.1388
1313,187,1500,0.1388
1309,187,1496,0.1388
1304,183,1487,0.1388
1310,188,1498,0.1388
1316,186,1502,0.1388
1317,181,1498,0.1388
1305,184,1489,0.1388
1305,185,1490,0.1388
1314,188,1502,0.1388
1312,188,1500,0.1388
1312,188,1500,0.1388
1313,192,1505,0.1388
1316,196,1512,0.1388
1300,198,1498,0.1388
1297,199,1496,0.1388
1297,198,1495,0.1388
1294,200,1494,0.1388
1279,211,1490,0.1388
1280,212,1492,0.1388
1284,215,1499,0.1388
1293,215,1508,0.1388
1297,216,1513,0.1388
1284,210,1494,0.1388
1296,214,1510,0.1388
1293,218,1511,0.1388
1289,214,1503,0.1388
1282,215,1497,0.1388
1271,222,1493,0.1388
1265,221,1486,0.1388
1270,220,1490,0.1388
1276,216,1492,0.1388
1283,213,1496,0.1388
1281,211,1492,0.1388
1277,213,1490,0.1388
1280,218,1498,0.1388
1270,221,1491,0.1388
1270,221,1491,0.1388
1264,227,1491,0.1388
1267,225,1492,0.1388
1268,227,1495,0.1388
1276,223,1499,0.1388
1272,223,1495,0.1388
1272,224,1496,0.1388
1271,231,1502,0.1388
1271,231,1502,0.1388
1260,231,1491,0.1388
1266,235,1501,0.1388
1268,237,1505,0.1388
1264,238,1502,0.1388
1283,242,1525,0.1388
1276,241,1517,0.1388
1269,243,1512,0.1388
1264,240,1504,0.1388
1257,243,1500,0.1388
1259,242,1501,0.1388
1255,238,1493,0.1388
1246,244,1490,0.1388
1248,247,1495,0.1388
1249,249,1498,0.1388
1253,247,1500,0.1388
1243,244,1487,0.1388
1240,242,1482,0.1388
1251,242,1493,0.1388
1254,243,1497,0.1388
1231,248,1479,0.1388
1244,249,1493,0.1388
1248,252,1500,0.1388
1251,252,1503,0.1388
1255,248,1503,0.1388
1249,249,1498,0.1388
1255,251,1506,0.1388
1259,256,1515,0.1388
1237,252,1489,0.1388
1233,248,1481,0.1388
1240,250,1490,0.1388
1239,247,1486,0.1388
1246,249,1495,0.1388
1256,247,1503,0.1388
1251,252,1503,0.1388
1238,251,1489,0.1388
1244,260,1504,0.1388
1235,264,1499,0.1388
1238,266,1504,0.1388
1241,267,1508,0.1388
1242,270,1512,0.1388
1240,271,1511,0.1388
1232,271,1503,0.1388
1224,274,1498,0.1388
1223,270,1493,0.1388
1221,265,1486,0.1388
1218,267,1485,0.1388
1218,271,1489,0.1388
1214,270,1484,0.1388
1210,275,1485,0.1388
1211,275,1486,0.1388
1200,277,1477,0.1388
1207,280,1487,0.1388
1212,283,1495,0.1388
1212,279,1491,0.1388
1204,280,1484,0.1388
1200,277,1477,0.1388
1204,278,1482,0.1388
1207,279,1486,0.1388
1217,281,1498,0.1388
1221,282,1503,0.1388
1208,282,1490,0.1388
1207,287,1494,0.1388
1204,291,1495,0.1388
1207,293,1500,0.1388
1218,299,1517,0.1388
1213,298,1511,0.1388
1203,293,1496,0.1388
1199,296,1495,0.1388
1195,295,1490,0.1388
1202,297,1499,0.1388
1186,306,1492,0.1388
1196,300,1496,0.1388
1188,297,1485,0.1388
1195,297,1492,0.1388
1203,299,1502,0.1388
1188,305,1493,0.1388
1178,304,1482,0.1388
1191,305,1496,0.1388
1202,306,1508,0.1388
1191,312,1503,0.1388
1193,313,1506,0.1388
1182,316,1498,0.1388
1171,316,1487,0.1388
1179,314,1493,0.1388
1175,309,1484,0.1388
1181,309,1490,0.1388
1179,315,1494,0.1388
1177,319,1496,0.1388
1189,324,1513,0.1388
1200,323,1523,0.1388
1198,324,1522,0.1388
1184,324,1508,0.1388
1174,324,1498,0.1388
1164,320,1484,0.1388
1175,310,1485,0.1388
1171,320,1491,0.1388
1174,317,1491,0.1388
1177,316,1493,0.1388
1190,316,1506,0.1388
1192,320,1512,0.1388
1183,323,1506,0.1388
1187,328,1515,0.1388
1184,322,1506,0.1388
1181,327,1508,0.1388
1188,329,1517,0.1388
1182,325,1507,0.1388
1177,333,1510,0.1388
1176,337,1513,0.1388
1165,336,1501,0.1388
1169,336,1505,0.1388
1175,335,1510,0.1388
1166,336,1502,0.1388
1170,339,1509,0.1388
1154,335,1489,0.1388
1143,333,1476,0.1388
1147,335,1482,0.1388
1136,336,1472,0.1388
1144,334,1478,0.1388
1156,342,1498,0.1388
1146,338,1484,0.1388
1156,338,1494,0.1388
1163,338,1501,0.1388
1161,335,1496,0.1388
1167,337,1504,0.1388
1162,340,1502,0.1388
1162,338,1500,0.1388
1168,332,1500,0.1388
1157,331,1488,0.1388
1161,341,1502,0.1388
1155,341,1496,0.1388
1152,345,1497,0.1388
1149,342,1491,0.1388
1152,344,1496,0.1388
1153,342,1495,0.1388
1154,346,1500,0.1388
1163,346,1509,0.1388
1156,352,1508,0.1388
1154,352,1506,0.1388
1166,355,1521,0.1388
1158,353,1511,0.1388
1174,343,1517,0.1388
1167,343,1510,0.1388
1165,348,1513,0.1388
1171,356,1527,0.1388
1157,351,1508,0.1388
1155,346,1501,0.1388
1153,347,1500,0.1388
1143,350,1493,0.1388
1158,350,1508,0.1388
1142,342,1484,0.1388
1139,338,1477,0.1388
1133,337,1470,0.1388
1132,344,1476,0.1388
1132,349,1481,0.1388
1141,351,1492,0.1388
1148,351,1499,0.1388
1136,354,1490,0.1388
1128,357,1485,0.1388
1122,363,1485,0.1388
1127,367,1494,0.1388
1142,364,1506,0.1388
1135,371,1506,0.1388
1136,371,1507,0.1388
1145,374,1519,0.1388
1133,378,1511,0.1388
1128,380,1508,0.1388
1120,386,1506,0.1388
1119,385,1504,0.1388
1115,377,1492,0.1388
1117,378,1495,0.1388
1119,381,1500,0.1388
1108,383,1491,0.1388
1113,388,1501,0.1388
1116,387,1503,0.1388
1100,383,1483,0.1388
1099,386,1485,0.1388
1109,387,1496,0.1388
1113,386,1499,0.1388
1118,384,1502,0.1388
1106,386,1492,0.1388
1105,387,1492,0.1388
1107,391,1498,0.1388
1108,396,1504,0.1388
1110,395,1505,0.1388
1109,389,1498,0.1388
1102,389,1491,0.1388
1116,393,1509,0.1388
1110,401,1511,0.1388
1104,408,1512,0.1388
1101,408,1509,0.1388
1084,406,1490,0.1388
1088,403,1491,0.1388
1094,406,1500,0.1388
1097,409,1506,0.1388
1088,411,1499,0.1388
1079,413,1492,0.1388
1072,421,1493,0.1388
1071,426,1497,0.1388
1066,433,1499,0.1388
1053,430,1483,0.1388
1057,430,1487,0.1388
1059,428,1487,0.1388
1057,431,1488,0.1388
1057,430,1487,0.1388
1045,434,1479,0.1388
1037,442,1479,0.1388
1052,442,1494,0.1388
1044,442,1486,0.1388
1053,444,1497,0.1388
1048,445,1493,0.1388
1060,449,1509,0.1388
1063,449,1512,0.1388
1050,450,1500,0.1388
1053,440,1493,0.1388
1043,441,1484,0.1388
1058,441,1499,0.1388
1053,441,1494,0.1388
1050,446,1496,0.1388
1059,448,1507,0.1388
1055,442,1497,0.1388
1057,443,1500,0.1388
1063,441,1504,0.1388
1069,443,1512,0.1388
1075,443,1518,0.1388
1067,435,1502,0.1388
1051,438,1489,0.1388
1037,449,1486,0.1388
1044,457,1501,0.1388
1042,457,1499,0.1388
1030,456,1486,0.1388
1032,468,1500,0.1388
1035,461,1496,0.1388
1032,462,1494,0.1388
1032,466,1498,0.1388
1030,481,1511,0.1388
1023,482,1505,0.1388
1018,487,1505,0.1388
1012,490,1502,0.1388
1008,487,1495,0.1388
1004,487,1491,0.1388
1007,483,1490,0.1388
1009,485,1494,0.1388
1012,481,1493,0.1388
1017,483,1500,0.1388
1015,487,1502,0.1388
1017,492,1509,0.1388
1008,483,1491,0.1388
1013,476,1489,0.1388
1016,476,1492,0.1388
1011,480,1491,0.1388
1003,489,1492,0.1388
1010,472,1482,0.1388
997,487,1484,0.1388
1003,501,1504,0.1388
997,500,1497,0.1388
1007,502,1509,0.1388
1010,505,1515,0.1388
1007,499,1506,0.1388
996,497,1493,0.1388
992,507,1499,0.1388
1000,507,1507,0.1388
1001,504,1505,0.1388
993,507,1500,0.1388
988,499,1487,0.1388
1003,500,1503,0.1388
987,497,1484,0.1388
993,500,1493,0.1388
999,504,1503,0.1388
998,508,1506,0.1388
986,511,1497,0.1388
991,514,1505,0.1388
990,517,1507,0.1388
988,515,1503,0.1388
983,517,1500,0.1388
983,519,1502,0.1388
979,523,1502,0.1388
979,530,1509,0.1388
978,533,1511,0.1388
966,528,1494,0.1388
980,525,1505,0.1388
975,526,1501,0.1388
975,532,1507,0.1388
984,524,1508,0.1388
983,528,1511,0.1388
972,525,1497,0.1388
972,524,1496,0.1388
982,524,1506,0.1388
973,526,1499,0.1388
971,518,1489,0.1388
965,519,1484,0.1388
980,521,1501,0.1388
991,514,1505,0.1388
985,507,1492,0.1388
989,512,1501,0.1388
979,514,1493,0.1388
971,516,1487,0.1388
977,517,1494,0.1388
971,524,1495,0.1388
981,521,1502,0.1388
979,513,1492,0.1388
990,513,1503,0.1388
988,517,1505,0.1388
975,522,1497,0.1388
973,518,1491,0.1388
964,523,1487,0.1388
968,528,1496,0.1388
967,527,1494,0.1388
961,526,1487,0.1388
958,517,1475,0.1388
958,530,1488,0.1388
966,530,1496,0.1388
968,528,1496,0.1388
965,526,1491,0.1388
968,529,1497,0.1388
972,533,1505,0.1388
979,533,1512,0.1388
981,539,1520,0.1388
979,535,1514,0.1388
977,532,1509,0.1388
973,529,1502,0.1388
970,528,1498,0.1388
971,528,1499,0.1388
970,527,1497,0.1388
977,525,1502,0.1388
977,515,1492,0.1388
983,520,1503,0.1388
977,526,1503,0.1388
978,527,1505,0.1388
978,529,1507,0.1388
980,532,1512,0.1388
960,520,1480,0.1388
958,529,1487,0.1388
962,538,1500,0.1388
964,542,1506,0.1388
970,542,1512,0.1388
966,543,1509,0.1388
970,547,1517,0.1388
973,552,1525,0.1388
962,543,1505,0.1388
963,542,1505,0.1388
964,542,1506,0.1388
966,539,1505,0.1388
954,538,1492,0.1388
957,542,1499,0.1388
951,549,1500,0.1388
942,542,1484,0.1388
939,549,1488,0.1388
950,547,1497,0.1388
948,550,1498,0.1388
940,553,1493,0.1388
944,547,1491,0.1388
953,549,1502,0.1388
952,541,1493,0.1388
958,544,1502,0.1388
948,557,1505,0.1388
953,553,1506,0.1388
952,554,1506,0.1388
947,549,1496,0.1388
949,544,1493,0.1388
941,545,1486,0.1388
939,551,1490,0.1388
946,552,1498,0.1388
949,561,1510,0.1388
944,568,1512,0.1388
943,561,1504,0.1388
925,570,1495,0.1388
944,568,1512,0.1388
946,565,1511,0.1388
942,566,1508,0.1388
951,566,1517,0.1388
945,570,1515,0.1388
943,571,1514,0.1388
956,571,1527,0.1388
950,573,1523,0.1388
949,572,1521,0.1388
945,571,1516,0.1388
951,565,1516,0.1388
944,565,1509,0.1388
946,570,1516,0.1388
937,563,1500,0.1388
939,559,1498,0.1388
948,570,1518,0.1388
941,572,1513,0.1388
942,571,1513,0.1388
935,576,1511,0.1388
922,583,1505,0.1388
929,585,1514,0.1388
929,584,1513,0.1388
922,580,1502,0.1388
936,581,1517,0.1388
927,577,1504,0.1388
926,582,1508,0.1388
932,583,1515,0.1388
928,584,1512,0.1388
919,585,1504,0.1388
912,588,1500,0.1388
912,594,1506,0.1388
919,591,1510,0.1388
919,588,1507,0.1388
918,588,1506,0.1388
913,588,1501,0.1388
907,593,1500,0.1388
912,590,1502,0.1388
904,592,1496,0.1388
896,594,1490,0.1388
893,605,1498,0.1388
891,607,1498,0.1388
881,610,1491,0.1388
886,609,1495,0.1388
883,597,1480,0.1388
885,607,1492,0.1388
891,595,1486,0.1388
890,591,1481,0.1388
891,595,1486,0.1388
895,601,1496,0.1388
903,586,1489,0.1388
910,590,1500,0.1388
905,590,1495,0.1388
893,585,1478,0.1388
895,588,1483,0.1388
909,596,1505,0.1388
915,593,1508,0.1388
920,595,1515,0.1388
913,597,1510,0.1388
914,599,1513,0.1388
909,600,1509,0.1388
909,604,1513,0.1388
908,607,1515,0.1388
907,604,1511,0.1388
901,605,1506,0.1388
898,602,1500,0.1388
898,595,1493,0.1388
900,603,1503,0.1388
905,597,1502,0.1388
915,595,1510,0.1388
925,592,1517,0.1388
917,599,1516,0.1388
922,599,1521,0.1388
910,612,1522,0.1388
912,610,1522,0.1388
914,600,1514,0.1388
906,609,1515,0.1388
913,607,1520,0.1388
917,606,1523,0.1388
910,612,1522,0.1388
903,613,1516,0.1388
914,604,1518,0.1388
913,599,1512,0.1388
906,595,1501,0.1388
903,602,1505,0.1388
899,606,1505,0.1388
884,607,1491,0.1388
885,603,1488,0.1388
893,609,1502,0.1388
892,608,1500,0.1388
889,617,1506,0.1388
896,618,1514,0.1388
884,622,1506,0.1388
875,622,1497,0.1388
878,618,1496,0.1388
875,621,1496,0.1388
881,622,1503,0.1388
887,626,1513,0.1388
877,625,1502,0.1388
876,617,1493,0.1388
883,617,1500,0.1388
882,616,1498,0.1388
885,615,1500,0.1388
874,621,1495,0.1388
877,626,1503,0.1388
876,627,1503,0.1388
869,626,1495,0.1388
875,631,1506,0.1388
882,628,1510,0.1388
883,619,1502,0.1388
884,620,1504,0.1388
896,613,1509,0.1388
902,614,1516,0.1388
899,620,1519,0.1388
896,611,1507,0.1388
900,612,1512,0.1388
893,608,1501,0.1388
892,614,1506,0.1388
887,622,1509,0.1388
884,617,1501,0.1388
899,611,1510,0.1388
894,617,1511,0.1388
895,601,1496,0.1388
903,607,1510,0.1388
887,609,1496,0.1388
892,609,1501,0.1388
892,608,1500,0.1388
885,606,1491,0.1388
899,614,1513,0.1388
898,616,1514,0.1388
894,620,1514,0.1388
892,628,1520,0.1388
880,624,1504,0.1388
885,630,1515,0.1388
880,630,1510,0.1388
877,631,1508,0.1388
880,635,1515,0.1388
880,628,1508,0.1388
876,632,1508,0.1388
871,633,1504,0.1388
870,631,1501,0.1388
867,635,1502,0.1388
861,637,1498,0.1388
857,630,1487,0.1388
863,627,1490,0.1388
866,631,1497,0.1388
859,623,1482,0.1388
853,625,1478,0.1388
866,637,1503,0.1388
865,635,1500,0.1388
861,640,1501,0.1388
866,639,1505,0.1388
871,633,1504,0.1388
873,633,1506,0.1388
871,636,1507,0.1388
867,637,1504,0.1388
865,638,1503,0.1388
869,630,1499,0.1388
870,630,1500,0.1388
864,640,1504,0.1388
853,643,1496,0.1388
851,641,1492,0.1388
850,643,1493,0.1388
848,646,1494,0.1388
847,645,1492,0.1388
848,652,1500,0.1388
845,654,1499,0.1388
855,654,1509,0.1388
856,649,1505,0.1388
850,652,1502,0.1388
845,658,1503,0.1388
844,663,1507,0.1388
841,672,1513,0.1388
837,671,1508,0.1388
829,671,1500,0.1388
833,680,1513,0.1388
827,678,1505,0.1388
820,670,1490,0.1388
815,681,1496,0.1388
805,685,1490,0.1388
804,685,1489,0.1388
804,683,1487,0.1388
803,687,1490,0.1388
805,676,1481,0.1388
808,680,1488,0.1388
805,696,1501,0.1388
816,698,1514,0.1388
813,697,1510,0.1388
813,680,1493,0.1388
818,684,1502,0.1388
822,681,1503,0.1388
827,676,1503,0.1388
822,691,1513,0.1388
824,687,1511,0.1388
823,689,1512,0.1388
820,680,1500,0.1388
822,689,1511,0.1388
814,679,1493,0.1388
826,679,1505,0.1388
832,684,1516,0.1388
831,678,1509,0.1388
825,686,1511,0.1388
811,695,1506,0.1388
810,703,1513,0.1388
814,704,1518,0.1388
807,697,1504,0.1388
818,694,1512,0.1388
811,682,1493,0.1388
803,691,1494,0.1388
813,690,1503,0.1388
797,699,1496,0.1388
808,703,1511,0.1388
814,705,1519,0.1388
814,711,1525,0.1388
801,713,1514,0.1388
795,704,1499,0.1388
786,712,1498,0.1388
784,713,1497,0.1388
785,711,1496,0.1388
779,719,1498,0.1388
783,717,1500,0.1388
792,719,1511,0.1388
799,710,1509,0.1388
798,719,1517,0.1388
799,716,1515,0.1388
793,714,1507,0.1388
799,707,1506,0.1388
802,710,1512,0.1388
797,709,1506,0.1388
791,700,1491,0.1388
790,699,1489,0.1388
791,704,1495,0.1388
798,701,1499,0.1388
800,698,1498,0.1388
802,709,1511,0.1388
798,705,1503,0.1388
798,709,1507,0.1388
797,706,1503,0.1388
791,716,1507,0.1388
785,709,1494,0.1388
789,715,1504,0.1388
774,722,1496,0.1388
780,729,1509,0.1388
791,735,1526,0.1388
780,731,1511,0.1388
782,725,1507,0.1388
784,717,1501,0.1388
787,731,1518,0.1388
781,745,1526,0.1388
767,741,1508,0.1388
760,738,1498,0.1388
754,733,1487,0.1388
761,738,1499,0.1388
759,747,1506,0.1388
754,745,1499,0.1388
747,748,1495,0.1388
741,753,1494,0.1388
742,755,1497,0.1388
743,753,1496,0.1388
752,752,1504,0.1388
745,762,1507,0.1388
741,756,1497,0.1388
753,749,1502,0.1388
750,756,1506,0.1388
740,753,1493,0.1388
748,757,1505,0.1388
751,756,1507,0.1388
741,751,1492,0.1388
730,756,1486,0.1388
721,770,1491,0.1388
719,771,1490,0.1388
713,766,1479,0.1388
713,775,1488,0.1388
722,772,1494,0.1388
727,782,1509,0.1388
719,782,1501,0.1388
716,785,1501,0.1388
709,787,1496,0.1388
709,779,1488,0.1388
708,775,1483,0.1388
708,779,1487,0.1388
706,788,1494,0.1388
708,797,1505,0.1388
704,800,1504,0.1388
697,802,1499,0.1388
696,798,1494,0.1388
689,800,1489,0.1388
694,801,1495,0.1388
697,806,1503,0.1388
692,812,1504,0.1388
696,813,1509,0.1388
694,816,1510,0.1388
689,811,1500,0.1388
688,816,1504,0.1388
690,819,1509,0.1388
692,827,1519,0.1388
702,818,1520,0.1388
691,820,1511,0.1388
690,822,1512,0.1388
680,821,1501,0.1388
682,817,1499,0.1388
686,810,1496,0.1388
683,806,1489,0.1388
684,819,1503,0.1388
684,829,1513,0.1388
685,829,1514,0.1388
685,822,1507,0.1388
688,831,1519,0.1388
687,820,1507,0.1388
683,825,1508,0.1388
679,833,1512,0.1388
673,834,1507,0.1388
668,828,1496,0.1388
675,821,1496,0.1388
676,823,1499,0.1388
684,830,1514,0.1388
687,834,1521,0.1388
687,835,1522,0.1388
684,835,1519,0.1388
685,832,1517,0.1388
681,827,1508,0.1388
687,828,1515,0.1388
679,831,1510,0.1388
682,835,1517,0.1388
685,831,1516,0.1388
676,837,1513,0.1388
674,842,1516,0.1388
664,848,1512,0.1388
668,852,1520,0.1388
668,851,1519,0.1388
676,855,1531,0.1388
678,856,1534,0.1388
671,846,1517,0.1388
673,848,1521,0.1388
664,851,1515,0.1388
660,851,1511,0.1388
654,856,1510,0.1388
661,856,1517,0.1388
663,854,1517,0.1388
661,852,1513,0.1388
665,845,1510,0.1388
664,848,1512,0.1388
653,850,1503,0.1388
658,847,1505,0.1388
660,844,1504,0.1388
658,851,1509,0.1388
654,848,1502,0.1388
648,845,1493,0.1388
652,846,1498,0.1388
657,837,1494,0.1388
660,838,1498,0.1388
658,842,1500,0.1388
660,843,1503,0.1388
658,850,1508,0.1388
666,850,1516,0.1388
659,860,1519,0.1388
658,851,1509,0.1388
656,851,1507,0.1388
662,855,1517,0.1388
664,851,1515,0.1388
665,857,1522,0.1388
662,860,1522,0.1388
661,860,1521,0.1388
660,852,1512,0.1388
658,863,1521,0.1388
652,852,1504,0.1388
651,857,1508,0.1388
652,865,1517,0.1388
645,869,1514,0.1388
655,866,1521,0.1388
653,861,1514,0.1388
648,858,1506,0.1388
647,856,1503,0.1388
635,862,1497,0.1388
634,867,1501,0.1388
629,868,1497,0.1388
629,865,1494,0.1388
626,865,1491,0.1388
625,885,1510,0.1388
623,881,1504,0.1388
626,877,1503,0.1388
630,875,1505,0.1388
636,866,1502,0.1388
642,865,1507,0.1388
646,868,1514,0.1388
638,875,1513,0.1388
624,873,1497,0.1388
637,884,1521,0.1388
638,877,1515,0.1388
631,873,1504,0.1388
631,878,1509,0.1388
630,877,1507,0.1388
629,879,1508,0.1388
630,871,1501,0.1388
632,889,1521,0.1388
630,885,1515,0.1388
624,888,1512,0.1388
625,889,1514,0.1388
622,889,1511,0.1388
623,889,1512,0.1388
619,891,1510,0.1388
633,888,1521,0.1388
639,882,1521,0.1388
640,883,1523,0.1388
638,885,1523,0.1388
625,881,1506,0.1388
627,884,1511,0.1388
623,894,1517,0.1388
625,895,1520,0.1388
630,887,1517,0.1388
635,885,1520,0.1388
636,877,1513,0.1388
625,883,1508,0.1388
622,869,1491,0.1388
615,879,1494,0.1388
606,882,1488,0.1388
620,884,1504,0.1388
623,885,1508,0.1388
620,884,1504,0.1388
620,876,1496,0.1388
620,877,1497,0.1388
616,868,1484,0.1388
611,889,1500,0.1388
615,894,1509,0.1388
615,899,1514,0.1388
607,902,1509,0.1388
617,889,1506,0.1388
620,907,1527,0.1388
621,910,1531,0.1388
619,910,1529,0.1388
622,883,1505,0.1388
621,883,1504,0.1388
618,890,1508,0.1388
620,874,1494,0.1388
620,881,1501,0.1388
627,880,1507,0.1388
626,882,1508,0.1388
626,886,1512,0.1388
632,893,1525,0.1388
632,892,1524,0.1388
632,886,1518,0.1388
625,883,1508,0.1388
628,890,1518,0.1388
626,882,1508,0.1388
630,876,1506,0.1388
622,878,1500,0.1388
616,890,1506,0.1388
611,893,1504,0.1388
614,889,1503,0.1388
618,887,1505,0.1388
616,883,1499,0.1388
617,885,1502,0.1388
609,890,1499,0.1388
610,886,1496,0.1388
607,882,1489,0.1388
615,894,1509,0.1388
618,893,1511,0.1388
619,912,1531,0.1388
605,903,1508,0.1388
592,908,1500,0.1388
596,906,1502,0.1388
608,910,1518,0.1388
607,915,1522,0.1388
604,911,1515,0.1388
596,910,1506,0.1388
592,910,1502,0.1388
593,910,1503,0.1388
591,909,1500,0.1388
586,909,1495,0.1388
584,913,1497,0.1388
584,923,1507,0.1388
585,927,1512,0.1388
597,920,1517,0.1388
597,917,1514,0.1388
603,910,1513,0.1388
606,905,1511,0.1388
605,902,1507,0.1388
607,910,1517,0.1388
614,897,1511,0.1388
614,905,1519,0.1388
605,902,1507,0.1388
602,884,1486,0.1388
609,890,1499,0.1388
604,891,1495,0.1388
608,907,1515,0.1388
606,905,1511,0.1388
601,909,1510,0.1388
598,905,1503,0.1388
599,905,1504,0.1388
588,893,1481,0.1388
576,909,1485,0.1388
581,915,1496,0.1388
599,907,1506,0.1388
601,899,1500,0.1388
602,902,1504,0.1388
598,907,1505,0.1388
607,908,1515,0.1388
608,906,1514,0.1388
604,908,1512,0.1388
593,892,1485,0.1388
597,900,1497,0.1388
592,910,1502,0.1388
595,916,1511,0.1388
593,916,1509,0.1388
598,920,1518,0.1388
596,923,1519,0.1388
585,917,1502,0.1388
587,923,1510,0.1388
584,919,1503,0.1388
589,919,1508,0.1388
583,920,1503,0.1388
586,921,1507,0.1388
593,906,1499,0.1388
588,906,1494,0.1388
590,917,1507,0.1388
592,919,1511,0.1388
597,920,1517,0.1388
597,923,1520,0.1388
602,918,1520,0.1388
592,916,1508,0.1388
579,912,1491,0.1388
587,922,1509,0.1388
578,929,1507,0.1388
582,914,1496,0.1388
586,915,1501,0.1388
580,917,1497,0.1388
581,910,1491,0.1388
580,907,1487,0.1388
587,903,1490,0.1388
590,908,1498,0.1388
580,916,1496,0.1388
581,920,1501,0.1388
583,918,1501,0.1388
581,920,1501,0.1388
583,912,1495,0.1388
593,910,1503,0.1388
597,909,1506,0.1388
592,906,1498,0.1388
594,910,1504,0.1388
588,921,1509,0.1388
591,911,1502,0.1388
590,920,1510,0.1388
591,930,1521,0.1388
591,925,1516,0.1388
590,925,1515,0.1388
590,915,1505,0.1388
600,918,1518,0.1388
597,924,1521,0.1388
596,921,1517,0.1388
588,925,1513,0.1388
584,927,1511,0.1388
582,930,1512,0.1388
579,917,1496,0.1388
584,929,1513,0.1388
587,924,1511,0.1388
580,928,1508,0.1388
575,943,1518,0.1388
569,939,1508,0.1388
565,935,1500,0.1388
562,941,1503,0.1388
556,943,1499,0.1388
561,951,1512,0.1388
561,949,1510,0.1388
562,952,1514,0.1388
560,954,1514,0.1388
562,958,1520,0.1388
561,958,1519,0.1388
558,947,1505,0.1388
563,951,1514,0.1388
557,954,1511,0.1388
551,958,1509,0.1388
550,960,1510,0.1388
556,951,1507,0.1388
553,947,1500,0.1388
558,956,1514,0.1388
558,949,1507,0.1388
554,947,1501,0.1388
552,953,1505,0.1388
548,949,1497,0.1388
540,958,1498,0.1388
549,951,1500,0.1388
559,956,1515,0.1388
557,965,1522,0.1388
552,965,1517,0.1388
545,965,1510,0.1388
548,962,1510,0.1388
545,969,1514,0.1388
543,964,1507,0.1388
543,970,1513,0.1388
537,972,1509,0.1388
545,967,1512,0.1388
540,967,1507,0.1388
542,976,1518,0.1388
536,973,1509,0.1388
535,979,1514,0.1388
537,972,1509,0.1388
531,978,1509,0.1388
531,977,1508,0.1388
527,980,1507,0.1388
524,980,1504,0.1388
516,987,1503,0.1388
516,985,1501,0.1388
519,981,1500,0.1388
519,982,1501,0.1388
529,990,1519,0.1388
524,980,1504,0.1388
516,991,1507,0.1388
519,993,1512,0.1388
522,989,1511,0.1388
520,987,1507,0.1388
521,988,1509,0.1388
528,987,1515,0.1388
520,999,1519,0.1388
520,1004,1524,0.1388
515,997,1512,0.1388
518,995,1513,0.1388
511,994,1505,0.1388
509,991,1500,0.1388
517,986,1503,0.1388
521,984,1505,0.1388
518,981,1499,0.1388
519,978,1497,0.1388
516,988,1504,0.1388
513,998,1511,0.1388
520,996,1516,0.1388
528,997,1525,0.1388
529,993,1522,0.1388
529,996,1525,0.1388
525,998,1523,0.1388
517,992,1509,0.1388
517,980,1497,0.1388
516,983,1499,0.1388
521,1006,1527,0.1388
526,1006,1532,0.1388
515,993,1508,0.1388
512,987,1499,0.1388
520,990,1510,0.1388
513,994,1507,0.1388
516,991,1507,0.1388
518,986,1504,0.1388
510,989,1499,0.1388
516,987,1503,0.1388
520,993,1513,0.1388
512,994,1506,0.1388
521,1001,1522,0.1388
523,987,1510,0.1388
517,998,1515,0.1388
518,998,1516,0.1388
527,990,1517,0.1388
519,994,1513,0.1388
512,992,1504,0.1388
513,987,1500,0.1388
510,1005,1515,0.1388
515,1000,1515,0.1388
519,1000,1519,0.1388
512,993,1505,0.1388
507,995,1502,0.1388
511,1003,1514,0.1388
507,997,1504,0.1388
505,1000,1505,0.1388
503,1003,1506,0.1388
495,992,1487,0.1388
500,1002,1502,0.1388
501,1003,1504,0.1388
495,1000,1495,0.1388
499,1008,1507,0.1388
499,1016,1515,0.1388
495,1014,1509,0.1388
496,1007,1503,0.1388
499,1023,1522,0.1388
490,1030,1520,0.1388
490,1029,1519,0.1388
495,1026,1521,0.1388
490,1028,1518,0.1388
483,1021,1504,0.1388
477,1018,1495,0.1388
463,1022,1485,0.1388
470,1030,1500,0.1388
463,1037,1500,0.1388
466,1024,1490,0.1388
471,1037,1508,0.1388
473,1031,1504,0.1388
477,1025,1502,0.1388
476,1018,1494,0.1388
476,1030,1506,0.1388
471,1038,1509,0.1388
467,1033,1500,0.1388
468,1040,1508,0.1388
469,1044,1513,0.1388
472,1036,1508,0.1388
473,1037,1510,0.1388
475,1038,1513,0.1388
478,1040,1518,0.1388
469,1036,1505,0.1388
465,1044,1509,0.1388
464,1054,1518,0.1388
466,1044,1510,0.1388
467,1052,1519,0.1388
471,1057,1528,0.1388
466,1059,1525,0.1388
469,1051,1520,0.1388
463,1035,1498,0.1388
456,1052,1508,0.1388
453,1057,1510,0.1388
453,1058,1511,0.1388
448,1056,1504,0.1388
449,1052,1501,0.1388
443,1056,1499,0.1388
439,1069,1508,0.1388
438,1064,1502,0.1388
445,1052,1497,0.1388
444,1051,1495,0.1388
437,1056,1493,0.1388
437,1068,1505,0.1388
440,1069,1509,0.1388
438,1066,1504,0.1388
437,1068,1505,0.1388
445,1060,1505,0.1388
442,1069,1511,0.1388
445,1075,1520,0.1388
438,1079,1517,0.1388
439,1086,1525,0.1388
438,1080,1518,0.1388
437,1076,1513,0.1388
440,1074,1514,0.1388
444,1069,1513,0.1388
449,1072,1521,0.1388
442,1076,1518,0.1388
438,1082,1520,0.1388
436,1083,1519,0.1388
429,1082,1511,0.1388
428,1070,1498,0.1388
428,1068,1496,0.1388
426,1080,1506,0.1388
435,1089,1524,0.1388
440,1092,1532,0.1388
439,1088,1527,0.1388
425,1084,1509,0.1388
424,1082,1506,0.1388
424,1083,1507,0.1388
430,1082,1512,0.1388
428,1089,1517,0.1388
430,1086,1516,0.1388
433,1076,1509,0.1388
435,1080,1515,0.1388
435,1083,1518,0.1388
425,1078,1503,0.1388
427,1077,1504,0.1388
420,1088,1508,0.1388
418,1093,1511,0.1388
408,1087,1495,0.1388
399,1088,1487,0.1388
406,1082,1488,0.1388
404,1083,1487,0.1388
403,1104,1507,0.1388
393,1101,1494,0.1388
401,1105,1506,0.1388
401,1106,1507,0.1388
396,1110,1506,0.1388
399,1110,1509,0.1388
401,1117,1518,0.1388
392,1110,1502,0.1388
393,1122,1515,0.1388
390,1120,1510,0.1388
392,1120,1512,0.1388
389,1124,1513,0.1388
389,1113,1502,0.1388
392,1132,1524,0.1388
393,1132,1525,0.1388
395,1130,1525,0.1388
399,1125,1524,0.1388
387,1128,1515,0.1388
382,1121,1503,0.1388
384,1116,1500,0.1388
387,1122,1509,0.1388
382,1125,1507,0.1388
381,1121,1502,0.1388
378,1139,1517,0.1388
372,1129,1501,0.1388
378,1134,1512,0.1388
382,1137,1519,0.1388
383,1134,1517,0.1388
382,1130,1512,0.1388
375,1131,1506,0.1388
380,1138,1518,0.1388
377,1139,1516,0.1388
374,1144,1518,0.1388
372,1144,1516,0.1388
378,1143,1521,0.1388
377,1135,1512,0.1388
377,1136,1513,0.1388
370,1146,1516,0.1388
370,1141,1511,0.1388
374,1136,1510,0.1388
371,1136,1507,0.1388
373,1141,1514,0.1388
370,1148,1518,0.1388
371,1143,1514,0.1388
365,1149,1514,0.1388
367,1145,1512,0.1388
365,1150,1515,0.1388
366,1160,1526,0.1388
365,1148,1513,0.1388
362,1150,1512,0.1388
361,1159,1520,0.1388
364,1151,1515,0.1388
365,1161,1526,0.1388
361,1173,1534,0.1388
358,1155,1513,0.1388
352,1168,1520,0.1388
351,1155,1506,0.1388
351,1161,1512,0.1388
350,1166,1516,0.1388
350,1163,1513,0.1388
350,1172,1522,0.1388
347,1177,1524,0.1388
352,1167,1519,0.1388
354,1167,1521,0.1388
356,1162,1518,0.1388
351,1171,1522,0.1388
344,1184,1528,0.1388
345,1183,1528,0.1388
345,1171,1516,0.1388
350,1168,1518,0.1388
351,1170,1521,0.1388
342,1184,1526,0.1388
348,1181,1529,0.1388
339,1180,1519,0.1388
333,1174,1507,0.1388
336,1179,1515,0.1388
341,1179,1520,0.1388
338,1170,1508,0.1388
340,1168,1508,0.1388
343,1174,1517,0.1388
342,1165,1507,0.1388
343,1164,1507,0.1388
341,1163,1504,0.1388
343,1178,1521,0.1388
348,1181,1529,0.1388
350,1174,1524,0.1388
349,1175,1524,0.1388
346,1181,1527,0.1388
339,1177,1516,0.1388
331,1182,1513,0.1388
328,1185,1513,0.1388
330,1191,1521,0.1388
337,1189,1526,0.1388
337,1187,1524,0.1388
338,1188,1526,0.1388
333,1190,1523,0.1388
329,1182,1511,0.1388
321,1181,1502,0.1388
315,1181,1496,0.1388
317,1205,1522,0.1388
325,1194,1519,0.1388
322,1190,1512,0.1388
313,1197,1510,0.1388
315,1199,1514,0.1388
313,1195,1508,0.1388
317,1209,1526,0.1388
311,1217,1528,0.1388
314,1205,1519,0.1388
311,1205,1516,0.1388
318,1202,1520,0.1388
325,1194,1519,0.1388
319,1196,1515,0.1388
318,1199,1517,0.1388
321,1198,1519,0.1388
314,1203,1517,0.1388
315,1209,1524,0.1388
310,1207,1517,0.1388
310,1199,1509,0.1388
310,1209,1519,0.1388
308,1207,1515,0.1388
302,1208,1510,0.1388
296,1209,1505,0.1388
296,1208,1504,0.1388
294,1209,1503,0.1388
299,1206,1505,0.1388
302,1201,1503,0.1388
305,1203,1508,0.1388
304,1207,1511,0.1388
295,1211,1506,0.1388
296,1197,1493,0.1388
303,1200,1503,0.1388
303,1201,1504,0.1388
303,1210,1513,0.1388
300,1209,1509,0.1388
298,1208,1506,0.1388
297,1210,1507,0.1388
298,1200,1498,0.1388
302,1220,1522,0.1388
301,1233,1534,0.1388
300,1228,1528,0.1388
302,1247,1549,0.1388
291,1238,1529,0.1388
287,1235,1522,0.1388
284,1237,1521,0.1388
284,1239,1523,0.1388
285,1235,1520,0.1388
281,1237,1518,0.1388
269,1236,1505,0.1388
277,1232,1509,0.1388
274,1240,1514,0.1388
277,1240,1517,0.1388
279,1235,1514,0.1388
277,1232,1509,0.1388
279,1235,1514,0.1388
274,1238,1512,0.1388
270,1233,1503,0.1388
271,1231,1502,0.1388
282,1235,1517,0.1388
284,1232,1516,0.1388
288,1219,1507,0.1388
290,1223,1513,0.1388
290,1228,1518,0.1388
292,1230,1522,0.1388
288,1229,1517,0.1388
281,1228,1509,0.1388
278,1225,1503,0.1388
279,1239,1518,0.1388
275,1238,1513,0.1388
277,1236,1513,0.1388
279,1245,1524,0.1388
276,1241,1517,0.1388
278,1238,1516,0.1388
276,1239,1515,0.1388
273,1240,1513,0.1388
275,1235,1510,0.1388
274,1229,1503,0.1388
272,1240,1512,0.1388
273,1244,1517,0.1388
274,1234,1508,0.1388
273,1231,1504,0.1388
267,1230,1497,0.1388
267,1230,1497,0.1388
264,1232,1496,0.1388
265,1243,1508,0.1388
262,1249,1511,0.1388
259,1253,1512,0.1388
256,1261,1517,0.1388
259,1252,1511,0.1388
257,1253,1510,0.1388
258,1261,1519,0.1388
259,1253,1512,0.1388
252,1256,1508,0.1388
249,1257,1506,0.1388
252,1250,1502,0.1388
249,1248,1497,0.1388
259,1255,1514,0.1388
259,1247,1506,0.1388
258,1248,1506,0.1388
262,1245,1507,0.1388
261,1253,1514,0.1388
259,1251,1510,0.1388
255,1251,1506,0.1388
249,1244,1493,0.1388
248,1245,1493,0.1388
253,1251,1504,0.1388
254,1262,1516,0.1388
251,1259,1510,0.1388
245,1265,1510,0.1388
250,1258,1508,0.1388
255,1259,1514,0.1388
255,1246,1501,0.1388
262,1256,1518,0.1388
261,1257,1518,0.1388
257,1262,1519,0.1388
256,1263,1519,0.1388
254,1265,1519,0.1388
254,1267,1521,0.1388
257,1256,1513,0.1388
250,1260,1510,0.1388
248,1255,1503,0.1388
246,1260,1506,0.1388
247,1256,1503,0.1388
244,1264,1508,0.1388
243,1264,1507,0.1388
244,1265,1509,0.1388
250,1265,1515,0.1388
240,1273,1513,0.1388
240,1271,1511,0.1388
243,1276,1519,0.1388
243,1265,1508,0.1388
243,1271,1514,0.1388
244,1270,1514,0.1388
241,1275,1516,0.1388
236,1256,1492,0.1388
236,1270,1506,0.1388
237,1268,1505,0.1388
237,1266,1503,0.1388
236,1268,1504,0.1388
236,1264,1500,0.1388
232,1281,1513,0.1388
232,1277,1509,0.1388
229,1270,1499,0.1388
237,1275,1512,0.1388
242,1278,1520,0.1388
246,1276,1522,0.1388
246,1280,1526,0.1388
245,1273,1518,0.1388
240,1269,1509,0.1388
246,1271,1517,0.1388
243,1270,1513,0.1388
238,1277,1515,0.1388
238,1278,1516,0.1388
237,1284,1521,0.1388
238,1283,1521,0.1388
241,1280,1521,0.1388
246,1283,1529,0.1388
247,1274,1521,0.1388
250,1270,1520,0.1388
244,1270,1514,0.1388
241,1283,1524,0.1388
240,1292,1532,0.1388
242,1282,1524,0.1388
240,1278,1518,0.1388
239,1275,1514,0.1388
240,1259,1499,0.1388
237,1287,1524,0.1388
237,1280,1517,0.1388
240,1274,1514,0.1388
240,1279,1519,0.1388
240,1279,1519,0.1388
235,1279,1514,0.1388
241,1284,1525,0.1388
241,1284,1525,0.1388
242,1284,1526,0.1388
244,1278,1522,0.1388
242,1274,1516,0.1388
241,1275,1516,0.1388
242,1271,1513,0.1388
234,1259,1493,0.1388
238,1262,1500,0.1388
240,1263,1503,0.1388
242,1275,1517,0.1388
244,1279,1523,0.1388
248,1276,1524,0.1388
240,1270,1510,0.1388
247,1272,1519,0.1388
241,1267,1508,0.1388
241,1261,1502,0.1388
238,1266,1504,0.1388
237,1265,1502,0.1388
235,1270,1505,0.1388
236,1262,1498,0.1388
232,1280,1512,0.1388
235,1278,1513,0.1388
232,1288,1520,0.1388
230,1283,1513,0.1388
230,1278,1508,0.1388
229,1284,1513,0.1388
231,1283,1514,0.1388
230,1292,1522,0.1388
226,1287,1513,0.1388
226,1289,1515,0.1388
224,1284,1508,0.1388
223,1285,1508,0.1388
221,1284,1505,0.1388
223,1285,1508,0.1388
226,1284,1510,0.1388
225,1278,1503,0.1388
227,1279,1506,0.1388
229,1283,1512,0.1388
230,1294,1524,0.1388
229,1299,1528,0.1388
228,1299,1527,0.1388
228,1285,1513,0.1388
225,1277,1502,0.1388
227,1290,1517,0.1388
227,1303,1530,0.1388
229,1307,1536,0.1388
225,1309,1534,0.1388
226,1311,1537,0.1388
223,1310,1533,0.1388
215,1301,1516,0.1388
217,1305,1522,0.1388
217,1303,1520,0.1388
215,1299,1514,0.1388
215,1288,1503,0.1388
219,1302,1521,0.1388
216,1311,1527,0.1388
219,1293,1512,0.1388
220,1290,1510,0.1388
223,1283,1506,0.1388
222,1293,1515,0.1388
227,1292,1519,0.1388
225,1286,1511,0.1388
227,1292,1519,0.1388
226,1285,1511,0.1388
223,1287,1510,0.1388
216,1293,1509,0.1388
214,1306,1520,0.1388
217,1296,1513,0.1388
219,1282,1501,0.1388
217,1289,1506,0.1388
215,1297,1512,0.1388
219,1294,1513,0.1388
215,1297,1512,0.1388
213,1286,1499,0.1388
218,1279,1497,0.1388
218,1290,1508,0.1388
218,1287,1505,0.1388
220,1300,1520,0.1388
222,1292,1514,0.1388
216,1295,1511,0.1388
216,1298,1514,0.1388
215,1295,1510,0.1388
215,1304,1519,0.1388
212,1294,1506,0.1388
215,1300,1515,0.1388
216,1305,1521,0.1388
218,1310,1528,0.1388
221,1313,1534,0.1388
222,1304,1526,0.1388
218,1311,1529,0.1388
209,1296,1505,0.1388
208,1292,1500,0.1388
206,1294,1500,0.1388
204,1300,1504,0.1388
205,1290,1495,0.1388
209,1293,1502,0.1388
210,1301,1511,0.1388
210,1308,1518,0.1388
210,1301,1511,0.1388
202,1307,1509,0.1388
200,1304,1504,0.1388
200,1320,1520,0.1388
195,1305,1500,0.1388
197,1305,1502,0.1388
201,1295,1496,0.1388
198,1306,1504,0.1388
195,1310,1505,0.1388
201,1313,1514,0.1388
195,1308,1503,0.1388
197,1311,1508,0.1388
192,1312,1504,0.1388
191,1307,1498,0.1388
186,1307,1493,0.1388
188,1311,1499,0.1388
191,1303,1494,0.1388
197,1316,1513,0.1388
197,1317,1514,0.1388
194,1324,1518,0.1388
194,1316,1510,0.1388
195,1327,1522,0.1388
192,1315,1507,0.1388
189,1317,1506,0.1388
190,1321,1511,0.1388
189,1315,1504,0.1388
185,1315,1500,0.1388
185,1318,1503,0.1388
192,1327,1519,0.1388
191,1321,1512,0.1388
194,1314,1508,0.1388
190,1312,1502,0.1388
188,1326,1514,0.1388
190,1315,1505,0.1388
189,1327,1516,0.1388
187,1326,1513,0.1388
192,1326,1518,0.1388
190,1323,1513,0.1388
195,1329,1524,0.1388
191,1332,1523,0.1388
189,1320,1509,0.1388
187,1298,1485,0.1388
191,1310,1501,0.1388
193,1317,1510,0.1388
190,1320,1510,0.1388
190,1323,1513,0.1388
185,1311,1496,0.1388
186,1320,1506,0.1388
189,1322,1511,0.1388
190,1332,1522,0.1388
187,1323,1510,0.1388
191,1335,1526,0.1388
187,1330,1517,0.1388
185,1326,1511,0.1388
184,1330,1514,0.1388
189,1323,1512,0.1388
188,1314,1502,0.1388
191,1321,1512,0.1388
192,1320,1512,0.1388
190,1321,1511,0.1388
190,1314,1504,0.1388
191,1326,1517,0.1388
191,1314,1505,0.1388
192,1328,1520,0.1388
190,1323,1513,0.1388
186,1322,1508,0.1388
182,1333,1515,0.1388
186,1335,1521,0.1388
189,1329,1518,0.1388
189,1326,1515,0.1388
186,1333,1519,0.1388
183,1346,1529,0.1388
186,1331,1517,0.1388
186,1336,1522,0.1388
183,1339,1522,0.1388
185,1335,1520,0.1388
180,1333,1513,0.1388
181,1324,1505,0.1388
179,1320,1499,0.1388
180,1326,1506,0.1388
184,1322,1506,0.1388
184,1339,1523,0.1388
187,1346,1533,0.1388
187,1326,1513,0.1388
190,1310,1500,0.1388
191,1315,1506,0.1388
190,1324,1514,0.1388
192,1333,1525,0.1388
193,1333,1526,0.1388
195,1331,1526,0.1388
191,1330,1521,0.1388
195,1321,1516,0.1388
191,1323,1514,0.1388
193,1320,1513,0.1388
189,1318,1507,0.1388
190,1327,1517,0.1388
187,1322,1509,0.1388
186,1334,1520,0.1388
184,1340,1524,0.1388
186,1334,1520,0.1388
185,1333,1518,0.1388
182,1328,1510,0.1388
182,1332,1514,0.1388
184,1320,1504,0.1388
177,1318,1495,0.1388
176,1328,1504,0.1388
177,1330,1507,0.1388
178,1343,1521,0.1388
173,1342,1515,0.1388
180,1340,1520,0.1388
182,1329,1511,0.1388
182,1332,1514,0.1388
178,1333,1511,0.1388
178,1330,1508,0.1388
182,1325,1507,0.1388
174,1330,1504,0.1388
173,1334,1507,0.1388
172,1335,1507,0.1388
171,1335,1506,0.1388
167,1328,1495,0.1388
168,1323,1491,0.1388
169,1322,1491,0.1388
166,1340,1506,0.1388
168,1332,1500,0.1388
171,1330,1501,0.1388
160,1329,1489,0.1388
165,1341,1506,0.1388
165,1334,1499,0.1388
169,1345,1514,0.1388
170,1340,1510,0.1388
169,1340,1509,0.1388
167,1343,1510,0.1388
163,1343,1506,0.1388
163,1339,1502,0.1388
167,1340,1507,0.1388
173,1330,1503,0.1388
168,1345,1513,0.1388
165,1345,1510,0.1388
165,1353,1518,0.1388
166,1348,1514,0.1388
163,1349,1512,0.1388
162,1332,1494,0.1388
161,1338,1499,0.1388
164,1338,1502,0.1388
164,1334,1498,0.1388
165,1346,1511,0.1388
164,1351,1515,0.1388
168,1346,1514,0.1388
164,1351,1515,0.1388
161,1357,1518,0.1388
164,1360,1524,0.1388
165,1358,1523,0.1388
161,1348,1509,0.1388
160,1345,1505,0.1388
164,1337,1501,0.1388
164,1344,1508,0.1388
161,1346,1507,0.1388
159,1366,1525,0.1388
159,1367,1526,0.1388
154,1356,1510,0.1388
147,1345,1492,0.1388
149,1356,1505,0.1388
153,1351,1504,0.1388
154,1362,1516,0.1388
155,1366,1521,0.1388
152,1355,1507,0.1388
148,1369,1517,0.1388
149,1367,1516,0.1388
147,1360,1507,0.1388
146,1354,1500,0.1388
146,1357,1503,0.1388
147,1353,1500,0.1388
147,1346,1493,0.1388
146,1353,1499,0.1388
146,1355,1501,0.1388
150,1348,1498,0.1388
148,1348,1496,0.1388
143,1356,1499,0.1388
141,1359,1500,0.1388
146,1363,1509,0.1388
150,1379,1529,0.1388
149,1381,1530,0.1388
148,1370,1518,0.1388
148,1370,1518,0.1388
147,1376,1523,0.1388
146,1365,1511,0.1388
145,1375,1520,0.1388
146,1386,1532,0.1388
148,1379,1527,0.1388
148,1367,1515,0.1388
145,1375,1520,0.1388
147,1381,1528,0.1388
140,1364,1504,0.1388
143,1357,1500,0.1388
145,1376,1521,0.1388
146,1375,1521,0.1388
144,1365,1509,0.1388
149,1367,1516,0.1388
145,1368,1513,0.1388
144,1351,1495,0.1388
145,1372,1517,0.1388
145,1388,1533,0.1388
143,1385,1528,0.1388
140,1390,1530,0.1388
142,1384,1526,0.1388
142,1386,1528,0.1388
139,1383,1522,0.1388
138,1384,1522,0.1388
141,1377,1518,0.1388
139,1375,1514,0.1388
135,1376,1511,0.1388
132,1379,1511,0.1388
131,1387,1518,0.1388
135,1383,1518,0.1388
134,1392,1526,0.1388
132,1394,1526,0.1388
126,1389,1515,0.1388
126,1379,1505,0.1388
130,1375,1505,0.1388
128,1372,1500,0.1388
126,1374,1500,0.1388
126,1379,1505,0.1388
134,1368,1502,0.1388
132,1379,1511,0.1388
127,1384,1511,0.1388
126,1379,1505,0.1388
127,1393,1520,0.1388
126,1393,1519,0.1388
125,1400,1525,0.1388
121,1401,1522,0.1388
123,1396,1519,0.1388
119,1403,1522,0.1388
115,1406,1521,0.1388
116,1400,1516,0.1388
116,1393,1509,0.1388
115,1389,1504,0.1388
116,1392,1508,0.1388
117,1403,1520,0.1388
117,1393,1510,0.1388
121,1395,1516,0.1388
123,1401,1524,0.1388
121,1399,1520,0.1388
120,1393,1513,0.1388
115,1404,1519,0.1388
114,1409,1523,0.1388
117,1408,1525,0.1388
119,1401,1520,0.1388
116,1403,1519,0.1388
113,1403,1516,0.1388
111,1405,1516,0.1388
112,1410,1522,0.1388
111,1421,1532,0.1388
108,1404,1512,0.1388
107,1410,1517,0.1388
105,1410,1515,0.1388
103,1408,1511,0.1388
102,1408,1510,0.1388
104,1407,1511,0.1388
109,1411,1520,0.1388
111,1394,1505,0.1388
114,1390,1504,0.1388
114,1382,1496,0.1388
112,1404,1516,0.1388
112,1404,1516,0.1388
114,1407,1521,0.1388
115,1417,1532,0.1388
113,1416,1529,0.1388
111,1399,1510,0.1388
113,1389,1502,0.1388
114,1398,1512,0.1388
113,1395,1508,0.1388
115,1388,1503,0.1388
112,1392,1504,0.1388
112,1380,1492,0.1388
114,1390,1504,0.1388
114,1393,1507,0.1388
115,1402,1517,0.1388
114,1389,1503,0.1388
113,1393,1506,0.1388
118,1413,1531,0.1388
117,1413,1530,0.1388
120,1409,1529,0.1388
120,1401,1521,0.1388
116,1405,1521,0.1388
115,1408,1523,0.1388
118,1401,1519,0.1388
117,1396,1513,0.1388
113,1400,1513,0.1388
111,1407,1518,0.1388
108,1406,1514,0.1388
113,1389,1502,0.1388
112,1402,1514,0.1388
109,1393,1502,0.1388
108,1400,1508,0.1388
109,1395,1504,0.1388
113,1398,1511,0.1388
107,1414,1521,0.1388
103,1406,1509,0.1388
108,1400,1508,0.1388
107,1406,1513,0.1388
104,1394,1498,0.1388
103,1404,1507,0.1388
102,1407,1509,0.1388
103,1415,1518,0.1388
102,1407,1509,0.1388
100,1402,1502,0.1388
99,1418,1517,0.1388
97,1413,1510,0.1388
97,1426,1523,0.1388
97,1421,1518,0.1388
97,1416,1513,0.1388
99,1412,1511,0.1388
100,1409,1509,0.1388
101,1413,1514,0.1388
102,1413,1515,0.1388
99,1422,1521,0.1388
100,1423,1523,0.1388
104,1409,1513,0.1388
106,1411,1517,0.1388
106,1416,1522,0.1388
105,1419,1524,0.1388
104,1407,1511,0.1388
102,1400,1502,0.1388
102,1405,1507,0.1388
101,1404,1505,0.1388
104,1400,1504,0.1388
107,1405,1512,0.1388
110,1418,1528,0.1388
110,1410,1520,0.1388
107,1409,1516,0.1388
107,1412,1519,0.1388
106,1399,1505,0.1388
111,1400,1511,0.1388
112,1405,1517,0.1388
112,1397,1509,0.1388
110,1392,1502,0.1388
109,1395,1504,0.1388
105,1377,1482,0.1388
105,1398,1503,0.1388
108,1396,1504,0.1388
106,1405,1511,0.1388
106,1407,1513,0.1388
104,1415,1519,0.1388
102,1416,1518,0.1388
105,1414,1519,0.1388
104,1412,1516,0.1388
105,1416,1521,0.1388
103,1413,1516,0.1388
103,1423,1526,0.1388
105,1412,1517,0.1388
105,1414,1519,0.1388
105,1420,1525,0.1388
99,1435,1534,0.1388
99,1414,1513,0.1388
98,1417,1515,0.1388
99,1429,1528,0.1388
100,1421,1521,0.1388
100,1421,1521,0.1388
100,1425,1525,0.1388
101,1417,1518,0.1388
102,1421,1523,0.1388
101,1417,1518,0.1388
104,1422,1526,0.1388
102,1420,1522,0.1388
100,1414,1514,0.1388
96,1425,1521,0.1388
94,1428,1522,0.1388
96,1432,1528,0.1388
95,1436,1531,0.1388
96,1428,1524,0.1388
91,1420,1511,0.1388
89,1432,1521,0.1388
85,1426,1511,0.1388
85,1429,1514,0.1388
80,1435,1515,0.1388
82,1426,1508,0.1388
82,1428,1510,0.1388
84,1424,1508,0.1388
87,1431,1518,0.1388
85,1429,1514,0.1388
89,1422,1511,0.1388
90,1421,1511,0.1388
92,1421,1513,0.1388
92,1417,1509,0.1388
93,1425,1518,0.1388
93,1412,1505,0.1388
92,1407,1499,0.1388
92,1417,1509,0.1388
91,1417,1508,0.1388
88,1432,1520,0.1388
89,1434,1523,0.1388
90,1423,1513,0.1388
91,1431,1522,0.1388
90,1422,1512,0.1388
89,1436,1525,0.1388
85,1445,1530,0.1388
84,1424,1508,0.1388
84,1422,1506,0.1388
85,1426,1511,0.1388
84,1440,1524,0.1388
81,1448,1529,0.1388
84,1444,1528,0.1388
82,1439,1521,0.1388
82,1432,1514,0.1388
76,1424,1500,0.1388
73,1432,1505,0.1388
75,1435,1510,0.1388
73,1436,1509,0.1388
75,1417,1492,0.1388
74,1423,1497,0.1388
73,1433,1506,0.1388
70,1437,1507,0.1388
72,1425,1497,0.1388
68,1432,1500,0.1388
65,1432,1497,0.1388
65,1435,1500,0.1388
65,1430,1495,0.1388
67,1434,1501,0.1388
66,1438,1504,0.1388
64,1453,1517,0.1388
63,1459,1522,0.1388
64,1452,1516,0.1388
65,1449,1514,0.1388
67,1439,1506,0.1388
64,1440,1504,0.1388
68,1438,1506,0.1388
70,1432,1502,0.1388
66,1448,1514,0.1388
67,1448,1515,0.1388
69,1446,1515,0.1388
67,1447,1514,0.1388
66,1443,1509,0.1388
66,1449,1515,0.1388
62,1439,1501,0.1388
63,1435,1498,0.1388
63,1447,1510,0.1388
62,1450,1512,0.1388
64,1450,1514,0.1388
62,1445,1507,0.1388
60,1440,1500,0.1388
61,1458,1519,0.1388
61,1463,1524,0.1388
61,1462,1523,0.1388
60,1477,1537,0.1388
58,1471,1529,0.1388
60,1473,1533,0.1388
59,1460,1519,0.1388
57,1450,1507,0.1388
56,1454,1510,0.1388
55,1444,1499,0.1388
55,1443,1498,0.1388
56,1453,1509,0.1388
56,1462,1518,0.1388
57,1445,1502,0.1388
56,1450,1506,0.1388
53,1462,1515,0.1388
54,1462,1516,0.1388
55,1463,1518,0.1388
56,1453,1509,0.1388
59,1446,1505,0.1388
57,1456,1513,0.1388
56,1460,1516,0.1388
53,1469,1522,0.1388
55,1460,1515,0.1388
56,1456,1512,0.1388
56,1470,1526,0.1388
57,1475,1532,0.1388
54,1481,1535,0.1388
55,1480,1535,0.1388
53,1465,1518,0.1388
54,1452,1506,0.1388
55,1462,1517,0.1388
54,1453,1507,0.1388
53,1450,1503,0.1388
53,1462,1515,0.1388
54,1457,1511,0.1388
53,1466,1519,0.1388
52,1474,1526,0.1388
55,1464,1519,0.1388
55,1470,1525,0.1388
54,1472,1526,0.1388
53,1458,1511,0.1388
53,1448,1501,0.1388
53,1466,1519,0.1388
56,1459,1515,0.1388
55,1453,1508,0.1388
54,1463,1517,0.1388
55,1458,1513,0.1388
53,1459,1512,0.1388
51,1456,1507,0.1388
46,1470,1516,0.1388
46,1474,1520,0.1388
48,1462,1510,0.1388
47,1469,1516,0.1388
47,1455,1502,0.1388
47,1458,1505,0.1388
48,1468,1516,0.1388
47,1468,1515,0.1388
46,1474,1520,0.1388
47,1459,1506,0.1388
46,1476,1522,0.1388
45,1480,1525,0.1388
46,1488,1534,0.1388
48,1484,1532,0.1388
47,1479,1526,0.1388
47,1475,1522,0.1388
47,1482,1529,0.1388
48,1470,1518,0.1388
49,1472,1521,0.1388
49,1461,1510,0.1388
49,1469,1518,0.1388
50,1479,1529,0.1388
49,1483,1532,0.1388
49,1485,1534,0.1388
48,1481,1529,0.1388
49,1475,1524,0.1388
50,1466,1516,0.1388
51,1465,1516,0.1388
51,1480,1531,0.1388
51,1480,1531,0.1388
51,1479,1530,0.1388
50,1479,1529,0.1388
53,1482,1535,0.1388
51,1467,1518,0.1388
52,1465,1517,0.1388
53,1464,1517,0.1388
54,1459,1513,0.1388
52,1460,1512,0.1388
54,1462,1516,0.1388
49,1454,1503,0.1388
49,1468,1517,0.1388
46,1465,1511,0.1388
49,1459,1508,0.1388
49,1474,1523,0.1388
46,1481,1527,0.1388
48,1482,1530,0.1388
47,1482,1529,0.1388
47,1475,1522,0.1388
48,1463,1511,0.1388
47,1482,1529,0.1388
47,1472,1519,0.1388
43,1467,1510,0.1388
43,1451,1494,0.1388
42,1464,1506,0.1388
42,1467,1509,0.1388
44,1474,1518,0.1388
44,1488,1532,0.1388
43,1488,1531,0.1388
42,1485,1527,0.1388
43,1487,1530,0.1388
43,1484,1527,0.1388
43,1481,1524,0.1388
45,1487,1532,0.1388
45,1472,1517,0.1388
45,1467,1512,0.1388
44,1463,1507,0.1388
46,1473,1519,0.1388
46,1480,1526,0.1388
46,1466,1512,0.1388
45,1476,1521,0.1388
45,1473,1518,0.1388
45,1474,1519,0.1388
44,1478,1522,0.1388
45,1474,1519,0.1388
43,1480,1523,0.1388
44,1475,1519,0.1388
46,1469,1515,0.1388
45,1473,1518,0.1388
46,1472,1518,0.1388
45,1488,1533,0.1388
46,1482,1528,0.1388
46,1482,1528,0.1388
45,1494,1539,0.1388
45,1488,1533,0.1388
47,1483,1530,0.1388
46,1474,1520,0.1388
45,1463,1508,0.1388
46,1451,1497,0.1388
45,1458,1503,0.1388
44,1462,1506,0.1388
44,1465,1509,0.1388
43,1469,1512,0.1388
43,1477,1520,0.1388
43,1475,1518,0.1388
38,1475,1513,0.1388
38,1481,1519,0.1388
39,1477,1516,0.1388
40,1477,1517,0.1388
39,1481,1520,0.1388
38,1476,1514,0.1388
36,1472,1508,0.1388
37,1476,1513,0.1388
37,1476,1513,0.1388
38,1475,1513,0.1388
36,1475,1511,0.1388
36,1476,1512,0.1388
33,1464,1497,0.1388
34,1477,1511,0.1388
33,1471,1504,0.1388
30,1483,1513,0.1388
31,1480,1511,0.1388
31,1471,1502,0.1388
31,1482,1513,0.1388
31,1484,1515,0.1388
32,1475,1507,0.1388
33,1471,1504,0.1388
32,1466,1498,0.1388
34,1472,1506,0.1388
34,1493,1527,0.1388
34,1492,1526,0.1388
33,1485,1518,0.1388
33,1485,1518,0.1388
32,1505,1537,0.1388
30,1499,1529,0.1388
30,1489,1519,0.1388
28,1473,1501,0.1388
27,1485,1512,0.1388
28,1492,1520,0.1388
27,1484,1511,0.1388
27,1483,1510,0.1388
26,1486,1512,0.1388
25,1492,1517,0.1388
23,1488,1511,0.1388
24,1496,1520,0.1388
23,1476,1499,0.1388
21,1498,1519,0.1388
20,1503,1523,0.1388
20,1506,1526,0.1388
19,1491,1510,0.1388
20,1488,1508,0.1388
22,1490,1512,0.1388
23,1491,1514,0.1388
21,1479,1500,0.1388
21,1477,1498,0.1388
22,1489,1511,0.1388
21,1500,1521,0.1388
21,1501,1522,0.1388
21,1511,1532,0.1388
20,1506,1526,0.1388
21,1494,1515,0.1388
21,1486,1507,0.1388
21,1485,1506,0.1388
22,1491,1513,0.1388
21,1508,1529,0.1388
22,1511,1533,0.1388
24,1513,1537,0.1388
25,1507,1532,0.1388
25,1506,1531,0.1388
23,1499,1522,0.1388
23,1508,1531,0.1388
24,1508,1532,0.1388
25,1516,1541,0.1388
23,1510,1533,0.1388
23,1505,1528,0.1388
22,1500,1522,0.1388
20,1489,1509,0.1388
19,1478,1497,0.1388
19,1489,1508,0.1388
21,1497,1518,0.1388
22,1497,1519,0.1388
21,1508,1529,0.1388
22,1502,1524,0.1388
23,1502,1525,0.1388
23,1505,1528,0.1388
25,1490,1515,0.1388
25,1496,1521,0.1388
25,1490,1515,0.1388
24,1477,1501,0.1388
25,1485,1510,0.1388
26,1494,1520,0.1388
27,1486,1513,0.1388
27,1481,1508,0.1388
27,1490,1517,0.1388
28,1481,1509,0.1388
28,1479,1507,0.1388
27,1488,1515,0.1388
27,1496,1523,0.1388
26,1494,1520,0.1388
29,1495,1524,0.1388
29,1501,1530,0.1388
29,1490,1519,0.1388
31,1491,1522,0.1388
31,1487,1518,0.1388
31,1482,1513,0.1388
30,1476,1506,0.1388
31,1473,1504,0.1388
32,1472,1504,0.1388
32,1476,1508,0.1388
33,1469,1502,0.1388
32,1464,1496,0.1388
32,1462,1494,0.1388
32,1474,1506,0.1388
35,1478,1513,0.1388
33,1485,1518,0.1388
32,1478,1510,0.1388
33,1470,1503,0.1388
32,1468,1500,0.1388
35,1473,1508,0.1388
34,1476,1510,0.1388
33,1478,1511,0.1388
35,1476,1511,0.1388
35,1487,1522,0.1388
34,1471,1505,0.1388
34,1483,1517,0.1388
34,1488,1522,0.1388
32,1483,1515,0.1388
32,1490,1522,0.1388
31,1475,1506,0.1388
31,1475,1506,0.1388
31,1486,1517,0.1388
30,1483,1513,0.1388
30,1486,1516,0.1388
29,1484,1513,0.1388
30,1487,1517,0.1388
30,1500,1530,0.1388
31,1497,1528,0.1388
29,1491,1520,0.1388
28,1500,1528,0.1388
29,1494,1523,0.1388
29,1499,1528,0.1388
30,1492,1522,0.1388
30,1489,1519,0.1388
30,1490,1520,0.1388
29,1475,1504,0.1388
28,1469,1497,0.1388
28,1492,1520,0.1388
28,1489,1517,0.1388
28,1490,1518,0.1388
26,1493,1519,0.1388
27,1480,1507,0.1388
26,1488,1514,0.1388
28,1488,1516,0.1388
28,1484,1512,0.1388
28,1480,1508,0.1388
25,1485,1510,0.1388
26,1490,1516,0.1388
26,1491,1517,0.1388
24,1478,1502,0.1388
24,1495,1519,0.1388
23,1484,1507,0.1388
22,1487,1509,0.1388
22,1500,1522,0.1388
22,1507,1529,0.1388
21,1498,1519,0.1388
21,1508,1529,0.1388
20,1504,1524,0.1388
20,1504,1524,0.1388
20,1500,1520,0.1388
20,1502,1522,0.1388
20,1497,1517,0.1388
19,1502,1521,0.1388
18,1506,1524,0.1388
18,1505,1523,0.1388
18,1498,1516,0.1388
19,1502,1521,0.1388
20,1496,1516,0.1388
20,1492,1512,0.1388
20,1499,1519,0.1388
18,1494,1512,0.1388
16,1506,1522,0.1388
17,1504,1521,0.1388
17,1500,1517,0.1388
18,1508,1526,0.1388
18,1507,1525,0.1388
19,1507,1526,0.1388
18,1490,1508,0.1388
17,1502,1519,0.1388
18,1509,1527,0.1388
17,1505,1522,0.1388
16,1492,1508,0.1388
14,1488,1502,0.1388
12,1477,1489,0.1388
12,1486,1498,0.1388
16,1494,1510,0.1388
16,1497,1513,0.1388
16,1500,1516,0.1388
18,1495,1513,0.1388
18,1513,1531,0.1388
18,1517,1535,0.1388
17,1514,1531,0.1388
18,1514,1532,0.1388
19,1509,1528,0.1388
19,1498,1517,0.1388
18,1490,1508,0.1388
17,1495,1512,0.1388
17,1494,1511,0.1388
17,1473,1490,0.1388
17,1481,1498,0.1388
17,1496,1513,0.1388
18,1502,1520,0.1388
18,1512,1530,0.1388
17,1506,1523,0.1388
17,1502,1519,0.1388
17,1500,1517,0.1388
17,1501,1518,0.1388
18,1508,1526,0.1388
18,1502,1520,0.1388
18,1503,1521,0.1388
18,1513,1531,0.1388
18,1510,1528,0.1388
16,1505,1521,0.1388
15,1489,1504,0.1388
14,1497,1511,0.1388
15,1504,1519,0.1388
14,1500,1514,0.1388
16,1497,1513,0.1388
16,1493,1509,0.1388
15,1489,1504,0.1388
14,1512,1526,0.1388
14,1515,1529,0.1388
15,1514,1529,0.1388
15,1521,1536,0.1388
17,1503,1520,0.1388
18,1497,1515,0.1388
18,1495,1513,0.1388
17,1494,1511,0.1388
17,1502,1519,0.1388
16,1495,1511,0.1388
17,1501,1518,0.1388
16,1508,1524,0.1388
16,1495,1511,0.1388
16,1504,1520,0.1388
15,1498,1513,0.1388
15,1496,1511,0.1388
15,1482,1497,0.1388
12,1485,1497,0.1388
12,1486,1498,0.1388
12,1486,1498,0.1388
12,1498,1510,0.1388
13,1496,1509,0.1388
11,1508,1519,0.1388
12,1499,1511,0.1388
12,1486,1498,0.1388
12,1497,1509,0.1388
12,1492,1504,0.1388
12,1502,1514,0.1388
12,1518,1530,0.1388
12,1524,1536,0.1388
13,1521,1534,0.1388
13,1508,1521,0.1388
14,1504,1518,0.1388
13,1502,1515,0.1388
11,1500,1511,0.1388
11,1493,1504,0.1388
13,1503,1516,0.1388
14,1504,1518,0.1388
14,1506,1520,0.1388
14,1510,1524,0.1388
12,1498,1510,0.1388
13,1503,1516,0.1388
13,1487,1500,0.1388
13,1494,1507,0.1388
13,1493,1506,0.1388
13,1503,1516,0.1388
14,1515,1529,0.1388
15,1513,1528,0.1388
14,1510,1524,0.1388
14,1510,1524,0.1388
15,1488,1503,0.1388
15,1491,1506,0.1388
16,1501,1517,0.1388
15,1502,1517,0.1388
15,1508,1523,0.1388
16,1515,1531,0.1388
14,1527,1541,0.1388
15,1512,1527,0.1388
15,1523,1538,0.1388
15,1516,1531,0.1388
16,1505,1521,0.1388
16,1503,1519,0.1388
16,1496,1512,0.1388
16,1516,1532,0.1388
16,1513,1529,0.1388
14,1493,1507,0.1388
16,1506,1522,0.1388
16,1510,1526,0.1388
14,1514,1528,0.1388
14,1514,1528,0.1388
14,1513,1527,0.1388
13,1512,1525,0.1388
13,1506,1519,0.1388
13,1506,1519,0.1388
13,1503,1516,0.1388
14,1507,1521,0.1388
12,1513,1525,0.1388
12,1497,1509,0.1388
12,1499,1511,0.1388
11,1498,1509,0.1388
11,1500,1511,0.1388
11,1504,1515,0.1388
11,1502,1513,0.1388
12,1500,1512,0.1388
12,1493,1505,0.1388
11,1515,1526,0.1388
11,1510,1521,0.1388
11,1497,1508,0.1388
12,1492,1504,0.1388
14,1500,1514,0.1388
14,1508,1522,0.1388
14,1500,1514,0.1388
16,1505,1521,0.1388
16,1506,1522,0.1388
16,1507,1523,0.1388
15,1500,1515,0.1388
15,1501,1516,0.1388
14,1503,1517,0.1388
14,1506,1520,0.1388
13,1498,1511,0.1388
11,1491,1502,0.1388
12,1490,1502,0.1388
13,1488,1501,0.1388
13,1489,1502,0.1388
14,1485,1499,0.1388
14,1490,1504,0.1388
13,1491,1504,0.1388
13,1486,1499,0.1388
14,1496,1510,0.1388
13,1498,1511,0.1388
13,1494,1507,0.1388
14,1479,1493,0.1388
14,1497,1511,0.1388
14,1506,1520,0.1388
15,1501,1516,0.1388
15,1507,1522,0.1388
13,1511,1524,0.1388
13,1506,1519,0.1388
12,1511,1523,0.1388
11,1510,1521,0.1388
10,1502,1512,0.1388
10,1496,1506,0.1388
10,1486,1496,0.1388
11,1491,1502,0.1388
10,1500,1510,0.1388
11,1498,1509,0.1388
11,1513,1524,0.1388
11,1514,1525,0.1388
11,1511,1522,0.1388
11,1497,1508,0.1388
13,1502,1515,0.1388
14,1506,1520,0.1388
13,1500,1513,0.1388
12,1508,1520,0.1388
12,1509,1521,0.1388
11,1506,1517,0.1388
11,1508,1519,0.1388
11,1505,1516,0.1388
11,1503,1514,0.1388
11,1513,1524,0.1388
11,1517,1528,0.1388
11,1511,1522,0.1388
11,1508,1519,0.1388
10,1495,1505,0.1388
11,1480,1491,0.1388
12,1501,1513,0.1388
13,1512,1525,0.1388
14,1502,1516,0.1388
13,1502,1515,0.1388
13,1507,1520,0.1388
13,1517,1530,0.1388
12,1507,1519,0.1388
12,1508,1520,0.1388
13,1506,1519,0.1388
13,1513,1526,0.1388
12,1508,1520,0.1388
12,1505,1517,0.1388
12,1505,1517,0.1388
12,1509,1521,0.1388
12,1515,1527,0.1388
11,1516,1527,0.1388
11,1516,1527,0.1388
12,1502,1514,0.1388
12,1497,1509,0.1388
12,1509,1521,0.1388
12,1509,1521,0.1388
13,1509,1522,0.1388
11,1517,1528,0.1388
11,1516,1527,0.1388
12,1523,1535,0.1388
12,1516,1528,0.1388
12,1515,1527,0.1388
12,1514,1526,0.1388
12,1512,1524,0.1388
11,1510,1521,0.1388
11,1508,1519,0.1388
10,1503,1513,0.1388
10,1503,1513,0.1388
11,1507,1518,0.1388
12,1498,1510,0.1388
12,1494,1506,0.1388
12,1494,1506,0.1388
11,1500,1511,0.1388
11,1496,1507,0.1388
11,1498,1509,0.1388
11,1498,1509,0.1388
11,1497,1508,0.1388
12,1508,1520,0.1388
11,1509,1520,0.1388
11,1502,1513,0.1388
11,1494,1505,0.1388
11,1485,1496,0.1388
11,1488,1499,0.1388
11,1485,1496,0.1388
10,1490,1500,0.1388
10,1518,1528,0.1388
10,1508,1518,0.1388
8,1496,1504,0.1388
9,1495,1504,0.1388
9,1505,1514,0.1388
9,1507,1516,0.1388
9,1499,1508,0.1388
9,1499,1508,0.1388
10,1510,1520,0.1388
10,1509,1519,0.1388
10,1513,1523,0.1388
10,1509,1519,0.1388
10,1509,1519,0.1388
11,1518,1529,0.1388
10,1507,1517,0.1388
10,1492,1502,0.1388
10,1498,1508,0.1388
10,1501,1511,0.1388
11,1506,1517,0.1388
11,1512,1523,0.1388
11,1515,1526,0.1388
11,1511,1522,0.1388
12,1497,1509,0.1388
12,1492,1504,0.1388
12,1490,1502,0.1388
10,1498,1508,0.1388
10,1505,1515,0.1388
10,1516,1526,0.1388
10,1525,1535,0.1388
10,1506,1516,0.1388
9,1506,1515,0.1388
9,1505,1514,0.1388
9,1504,1513,0.1388
9,1510,1519,0.1388
10,1510,1520,0.1388
10,1506,1516,0.1388
10,1500,1510,0.1388
10,1503,1513,0.1388
10,1508,1518,0.1388
9,1500,1509,0.1388
10,1506,1516,0.1388
10,1517,1527,0.1388
9,1520,1529,0.1388
9,1512,1521,0.1388
9,1512,1521,0.1388
8,1521,1529,0.1388
7,1507,1514,0.1388
7,1505,1512,0.1388
8,1511,1519,0.1388
8,1509,1517,0.1388
7,1518,1525,0.1388
9,1518,1527,0.1388
9,1518,1527,0.1388
8,1515,1523,0.1388
8,1521,1529,0.1388
7,1527,1534,0.1388
7,1525,1532,0.1388
7,1539,1546,0.1388
8,1530,1538,0.1388
8,1521,1529,0.1388
8,1519,1527,0.1388
8,1503,1511,0.1388
8,1507,1515,0.1388
8,1506,1514,0.1388
8,1506,1514,0.1388
8,1510,1518,0.1388
8,1511,1519,0.1388
7,1513,1520,0.1388
7,1510,1517,0.1388
5,1499,1504,0.1388
5,1496,1501,0.1388
5,1494,1499,0.1388
4,1496,1500,0.1388
4,1504,1508,0.1388
4,1514,1518,0.1388
3,1510,1513,0.1388
3,1527,1530,0.1388
3,1517,1520,0.1388
3,1510,1513,0.1388
3,1498,1501,0.1388
3,1500,1503,0.1388
3,1512,1515,0.1388
3,1513,1516,0.1388
3,1520,1523,0.1388
3,1513,1516,0.1388
3,1530,1533,0.1388
4,1533,1537,0.1388
4,1519,1523,0.1388
4,1522,1526,0.1388
4,1504,1508,0.1388
4,1524,1528,0.1388
3,1518,1521,0.1388
3,1519,1522,0.1388
3,1516,1519,0.1388
3,1500,1503,0.1388
3,1492,1495,0.1388
3,1490,1493,0.1388
3,1497,1500,0.1388
3,1507,1510,0.1388
4,1527,1531,0.1388
4,1541,1545,0.1388
4,1522,1526,0.1388
4,1530,1534,0.1388
4,1518,1522,0.1388
4,1521,1525,0.1388
4,1516,1520,0.1388
4,1521,1525,0.1388
4,1527,1531,0.1388
3,1520,1523,0.1388
4,1505,1509,0.1388
4,1512,1516,0.1388
4,1510,1514,0.1388
4,1522,1526,0.1388
4,1515,1519,0.1388
4,1517,1521,0.1388
4,1518,1522,0.1388
4,1524,1528,0.1388
4,1522,1526,0.1388
4,1522,1526,0.1388
4,1519,1523,0.1388
5,1502,1507,0.1388
5,1510,1515,0.1388
5,1511,1516,0.1388
5,1511,1516,0.1388
5,1505,1510,0.1388
5,1503,1508,0.1388
5,1508,1513,0.1388
5,1501,1506,0.1388
5,1500,1505,0.1388
6,1490,1496,0.1388
6,1506,1512,0.1388
6,1508,1514,0.1388
6,1505,1511,0.1388
6,1514,1520,0.1388
6,1519,1525,0.1388
6,1506,1512,0.1388
6,1511,1517,0.1388
6,1518,1524,0.1388
6,1515,1521,0.1388
6,1518,1524,0.1388
6,1517,1523,0.1388
6,1522,1528,0.1388
6,1519,1525,0.1388
6,1521,1527,0.1388
6,1519,1525,0.1388
5,1513,1518,0.1388
5,1510,1515,0.1388
6,1513,1519,0.1388
6,1515,1521,0.1388
6,1515,1521,0.1388
6,1510,1516,0.1388
6,1524,1530,0.1388
7,1509,1516,0.1388
7,1513,1520,0.1388
7,1504,1511,0.1388
7,1494,1501,0.1388
7,1506,1513,0.1388
6,1497,1503,0.1388
6,1494,1500,0.1388
7,1498,1505,0.1388
7,1502,1509,0.1388
6,1508,1514,0.1388
7,1516,1523,0.1388
6,1515,1521,0.1388
6,1502,1508,0.1388
5,1515,1520,0.1388
4,1520,1524,0.1388
3,1518,1521,0.1388
4,1527,1531,0.1388
4,1522,1526,0.1388
4,1518,1522,0.1388
4,1522,1526,0.1388
4,1529,1533,0.1388
4,1515,1519,0.1388
4,1518,1522,0.1388
3,1514,1517,0.1388
4,1506,1510,0.1388
2,1511,1513,0.1388
2,1513,1515,0.1388
2,1508,1510,0.1388
2,1508,1510,0.1388
2,1501,1503,0.1388
2,1501,1503,0.1388
2,1507,1509,0.1388
2,1502,1504,0.1388
1,1489,1490,0.1388
1,1494,1495,0.1388
1,1507,1508,0.1388
1,1513,1514,0.1388
1,1527,1528,0.1388
1,1515,1516,0.1388
1,1520,1521,0.1388
1,1514,1515,0.1388
1,1511,1512,0.1388
1,1513,1514,0.1388
1,1505,1506,0.1388
1,1521,1522,0.1388
2,1525,1527,0.1388
1,1524,1525,0.1388
1,1531,1532,0.1388
1,1518,1519,0.1388
0,1510,1510,0.1388
