1364,31,1395,0.1388
1399,31,1430,0.1388
1402,31,1433,0.1388
1423,33,1456,0.1388
1436,33,1469,0.1388
1458,34,1492,0.1388
1466,34,1500,0.1388
1464,35,1499,0.1388
1458,37,1495,0.1388
1457,37,1494,0.1388
1449,38,1487,0.1388
1456,38,1494,0.1388
1457,36,1493,0.1388
1472,35,1507,0.1388
1475,35,1510,0.1388
1473,35,1508,0.1388
1481,35,1516,0.1388
1477,34,1511,0.1388
1464,34,1498,0.1388
1470,32,1502,0.1388
1466,34,1500,0.1388
1458,33,1491,0.1388
1454,33,1487,0.1388
1461,33,1494,0.1388
1449,33,1482,0.1388
1448,31,1479,0.1388
1441,32,1473,0.1388
1445,32,1477,0.1388
1452,32,1484,0.1388
1455,31,1486,0.1388
1451,32,1483,0.1388
1462,32,1494,0.1388
1459,34,1493,0.1388
1471,34,1505,0.1388
1456,35,1491,0.1388
1449,36,1485,0.1388
1443,36,1479,0.1388
1453,36,1489,0.1388
1453,36,1489,0.1388
1455,35,1490,0.1388
1463,36,1499,0.1388
1459,36,1495,0.1388
1459,37,1496,0.1388
1464,37,1501,0.1388
1473,38,1511,0.1388
1464,37,1501,0.1388
1468,37,1505,0.1388
1460,37,1497,0.1388
1466,37,1503,0.1388
1461,36,1497,0.1388
1455,36,1491,0.1388
1466,38,1504,0.1388
1461,38,1499,0.1388
1467,36,1503,0.1388
1455,36,1491,0.1388
1452,38,1490,0.1388
1446,38,1484,0.1388
1461,38,1499,0.1388
1450,39,1489,0.1388
1451,39,1490,0.1388
1431,38,1469,0.1388
1445,39,1484,0.1388
1455,39,1494,0.1388
1464,40,1504,0.1388
1464,40,1504,0.1388
1449,40,1489,0.1388
1454,42,1496,0.1388
1453,40,1493,0.1388
1452,42,1494,0.1388
1457,41,1498,0.1388
1461,41,1502,0.1388
1459,42,1501,0.1388
1463,39,1502,0.1388
1467,38,1505,0.1388
1486,35,1521,0.1388
1456,35,1491,0.1388
1462,35,1497,0.1388
1454,38,1492,0.1388
1449,38,1487,0.1388
1441,37,1478,0.1388
1435,36,1471,0.1388
1438,36,1474,0.1388
1449,36,1485,0.1388
1443,36,1479,0.1388
1449,35,1484,0.1388
1449,35,1484,0.1388
1445,35,1480,0.1388
1455,34,1489,0.1388
1446,36,1482,0.1388
1454,33,1487,0.1388
1446,32,1478,0.1388
1432,31,1463,0.1388
1445,29,1474,0.1388
1452,32,1484,0.1388
1458,32,1490,0.1388
1446,31,1477,0.1388
1442,30,1472,0.1388
1452,31,1483,0.1388
1460,34,1494,0.1388
1461,38,1499,0.1388
1468,37,1505,0.1388
1458,36,1494,0.1388
1446,37,1483,0.1388
1434,38,1472,0.1388
1446,40,1486,0.1388
1447,42,1489,0.1388
1449,42,1491,0.1388
1455,45,1500,0.1388
1459,46,1505,0.1388
1466,44,1510,0.1388
1458,47,1505,0.1388
1463,47,1510,0.1388
1452,48,1500,0.1388
1451,48,1499,0.1388
1459,48,1507,0.1388
1453,49,1502,0.1388
1450,48,1498,0.1388
1455,48,1503,0.1388
1450,49,1499,0.1388
1443,50,1493,0.1388
1450,47,1497,0.1388
1440,46,1486,0.1388
1445,46,1491,0.1388
1451,43,1494,0.1388
1451,45,1496,0.1388
1441,45,1486,0.1388
1445,47,1492,0.1388
1455,46,1501,0.1388
1460,47,1507,0.1388
1463,46,1509,0.1388
1445,48,1493,0.1388
1434,50,1484,0.1388
1448,50,1498,0.1388
1432,50,1482,0.1388
1427,53,1480,0.1388
1430,51,1481,0.1388
1435,50,1485,0.1388
1433,48,1481,0.1388
1438,49,1487,0.1388
1436,49,1485,0.1388
1457,49,1506,0.1388
1454,52,1506,0.1388
1458,53,1511,0.1388
1461,53,1514,0.1388
1459,55,1514,0.1388
1457,55,1512,0.1388
1452,54,1506,0.1388
1452,56,1508,0.1388
1461,54,1515,0.1388
1465,52,1517,0.1388
1453,51,1504,0.1388
1467,50,1517,0.1388
1459,49,1508,0.1388
1459,53,1512,0.1388
1452,53,1505,0.1388
1443,54,1497,0.1388
1436,55,1491,0.1388
1431,57,1488,0.1388
1420,57,1477,0.1388
1417,57,1474,0.1388
1417,57,1474,0.1388
1424,58,1482,0.1388
1422,59,1481,0.1388
1408,58,1466,0.1388
1405,56,1461,0.1388
1413,54,1467,0.1388
1417,54,1471,0.1388
1418,53,1471,0.1388
1424,57,1481,0.1388
1410,56,1466,0.1388
1400,56,1456,0.1388
1405,59,1464,0.1388
1412,58,1470,0.1388
1426,58,1484,0.1388
1430,57,1487,0.1388
1426,62,1488,0.1388
1428,64,1492,0.1388
1422,64,1486,0.1388
1433,63,1496,0.1388
1433,64,1497,0.1388
1432,67,1499,0.1388
1434,69,1503,0.1388
1438,66,1504,0.1388
1447,64,1511,0.1388
1450,62,1512,0.1388
1432,61,1493,0.1388
1432,61,1493,0.1388
1434,65,1499,0.1388
1426,64,1490,0.1388
1426,68,1494,0.1388
1421,69,1490,0.1388
1430,70,1500,0.1388
1441,70,1511,0.1388
1446,68,1514,0.1388
1440,66,1506,0.1388
1446,67,1513,0.1388
1435,66,1501,0.1388
1428,68,1496,0.1388
1433,70,1503,0.1388
1419,70,1489,0.1388
1432,68,1500,0.1388
1424,64,1488,0.1388
1420,67,1487,0.1388
1415,65,1480,0.1388
1407,61,1468,0.1388
1417,61,1478,0.1388
1425,62,1487,0.1388
1438,64,1502,0.1388
1424,65,1489,0.1388
1421,64,1485,0.1388
1424,64,1488,0.1388
1437,63,1500,0.1388
1444,63,1507,0.1388
1445,63,1508,0.1388
1440,64,1504,0.1388
1429,62,1491,0.1388
1438,64,1502,0.1388
1427,64,1491,0.1388
1436,63,1499,0.1388
1431,64,1495,0.1388
1427,63,1490,0.1388
1440,65,1505,0.1388
1428,62,1490,0.1388
1413,62,1475,0.1388
1420,64,1484,0.1388
1429,64,1493,0.1388
1429,65,1494,0.1388
1432,63,1495,0.1388
1432,65,1497,0.1388
1428,66,1494,0.1388
1430,65,1495,0.1388
1427,65,1492,0.1388
1425,63,1488,0.1388
1433,61,1494,0.1388
1428,58,1486,0.1388
1424,60,1484,0.1388
1425,61,1486,0.1388
1423,60,1483,0.1388
1432,62,1494,0.1388
1424,63,1487,0.1388
1424,61,1485,0.1388
1434,63,1497,0.1388
1440,63,1503,0.1388
1433,64,1497,0.1388
1438,66,1504,0.1388
1426,65,1491,0.1388
1415,63,1478,0.1388
1422,65,1487,0.1388
1437,64,1501,0.1388
1440,65,1505,0.1388
1430,61,1491,0.1388
1432,62,1494,0.1388
1436,62,1498,0.1388
1421,63,1484,0.1388
1423,62,1485,0.1388
1426,64,1490,0.1388
1430,69,1499,0.1388
1426,68,1494,0.1388
1416,67,1483,0.1388
1419,65,1484,0.1388
1419,64,1483,0.1388
1416,65,1481,0.1388
1404,65,1469,0.1388
1409,63,1472,0.1388
1412,63,1475,0.1388
1414,64,1478,0.1388
1426,62,1488,0.1388
1434,62,1496,0.1388
1434,60,1494,0.1388
1422,60,1482,0.1388
1426,61,1487,0.1388
1430,59,1489,0.1388
1435,58,1493,0.1388
1423,59,1482,0.1388
1430,60,1490,0.1388
1430,63,1493,0.1388
1420,63,1483,0.1388
1423,60,1483,0.1388
1437,62,1499,0.1388
1436,61,1497,0.1388
1435,65,1500,0.1388
1440,67,1507,0.1388
1427,65,1492,0.1388
1422,65,1487,0.1388
1419,64,1483,0.1388
1406,64,1470,0.1388
1408,64,1472,0.1388
1421,63,1484,0.1388
1413,59,1472,0.1388
1418,60,1478,0.1388
1408,58,1466,0.1388
1420,57,1477,0.1388
1416,60,1476,0.1388
1420,61,1481,0.1388
1411,60,1471,0.1388
1413,59,1472,0.1388
1420,63,1483,0.1388
1430,62,1492,0.1388
1436,60,1496,0.1388
1427,60,1487,0.1388
1419,64,1483,0.1388
1429,66,1495,0.1388
1433,67,1500,0.1388
1440,66,1506,0.1388
1437,68,1505,0.1388
1439,65,1504,0.1388
1429,68,1497,0.1388
1432,69,1501,0.1388
1429,69,1498,0.1388
1424,69,1493,0.1388
1432,69,1501,0.1388
1428,69,1497,0.1388
1418,67,1485,0.1388
1422,64,1486,0.1388
1423,65,1488,0.1388
1409,66,1475,0.1388
1414,68,1482,0.1388
1421,69,1490,0.1388
1416,72,1488,0.1388
1414,72,1486,0.1388
1411,72,1483,0.1388
1412,74,1486,0.1388
1408,74,1482,0.1388
1426,75,1501,0.1388
1423,76,1499,0.1388
1425,79,1504,0.1388
1418,78,1496,0.1388
1415,78,1493,0.1388
1417,79,1496,0.1388
1412,81,1493,0.1388
1414,84,1498,0.1388
1407,85,1492,0.1388
1408,87,1495,0.1388
1409,89,1498,0.1388
1411,91,1502,0.1388
1394,90,1484,0.1388
1397,90,1487,0.1388
1390,91,1481,0.1388
1392,92,1484,0.1388
1402,94,1496,0.1388
1386,94,1480,0.1388
1394,93,1487,0.1388
1394,92,1486,0.1388
1390,90,1480,0.1388
1413,88,1501,0.1388
1413,89,1502,0.1388
1420,85,1505,0.1388
1426,86,1512,0.1388
1425,87,1512,0.1388
1408,86,1494,0.1388
1414,87,1501,0.1388
1421,86,1507,0.1388
1412,87,1499,0.1388
1412,86,1498,0.1388
1413,88,1501,0.1388
1412,93,1505,0.1388
1408,94,1502,0.1388
1412,95,1507,0.1388
1415,96,1511,0.1388
1414,93,1507,0.1388
1417,93,1510,0.1388
1418,94,1512,0.1388
1421,92,1513,0.1388
1422,94,1516,0.1388
1418,93,1511,0.1388
1401,89,1490,0.1388
1401,89,1490,0.1388
1414,89,1503,0.1388
1405,90,1495,0.1388
1416,91,1507,0.1388
1410,86,1496,0.1388
1409,87,1496,0.1388
1412,91,1503,0.1388
1398,88,1486,0.1388
1402,84,1486,0.1388
1408,82,1490,0.1388
1417,77,1494,0.1388
1422,78,1500,0.1388
1422,78,1500,0.1388
1422,80,1502,0.1388
1415,79,1494,0.1388
1400,76,1476,0.1388
1404,79,1483,0.1388
1412,80,1492,0.1388
1419,80,1499,0.1388
1411,85,1496,0.1388
1409,85,1494,0.1388
1393,86,1479,0.1388
1408,89,1497,0.1388
1403,91,1494,0.1388
1393,89,1482,0.1388
1407,92,1499,0.1388
1400,95,1495,0.1388
1400,97,1497,0.1388
1395,98,1493,0.1388
1409,97,1506,0.1388
1407,99,1506,0.1388
1403,97,1500,0.1388
1403,97,1500,0.1388
1410,95,1505,0.1388
1399,95,1494,0.1388
1405,96,1501,0.1388
1404,94,1498,0.1388
1399,92,1491,0.1388
1411,88,1499,0.1388
1416,85,1501,0.1388
1429,87,1516,0.1388
1420,87,1507,0.1388
1412,82,1494,0.1388
1404,86,1490,0.1388
1412,89,1501,0.1388
1416,90,1506,0.1388
1410,90,1500,0.1388
1402,90,1492,0.1388
1406,89,1495,0.1388
1403,89,1492,0.1388
1397,90,1487,0.1388
1399,88,1487,0.1388
1403,87,1490,0.1388
1413,89,1502,0.1388
1415,90,1505,0.1388
1393,91,1484,0.1388
1399,89,1488,0.1388
1396,92,1488,0.1388
1405,92,1497,0.1388
1410,91,1501,0.1388
1399,92,1491,0.1388
1409,87,1496,0.1388
1409,86,1495,0.1388
1405,87,1492,0.1388
1406,89,1495,0.1388
1402,92,1494,0.1388
1406,89,1495,0.1388
1416,94,1510,0.1388
1409,95,1504,0.1388
1416,95,1511,0.1388
1410,93,1503,0.1388
1404,89,1493,0.1388
1404,91,1495,0.1388
1411,94,1505,0.1388
1402,96,1498,0.1388
1384,96,1480,0.1388
1389,100,1489,0.1388
1390,105,1495,0.1388
1398,108,1506,0.1388
1382,111,1493,0.1388
1380,109,1489,0.1388
1380,107,1487,0.1388
1377,106,1483,0.1388
1374,106,1480,0.1388
1371,107,1478,0.1388
1371,112,1483,0.1388
1376,108,1484,0.1388
1372,109,1481,0.1388
1381,114,1495,0.1388
1376,113,1489,0.1388
1382,113,1495,0.1388
1378,116,1494,0.1388
1380,114,1494,0.1388
1375,118,1493,0.1388
1372,118,1490,0.1388
1371,117,1488,0.1388
1370,121,1491,0.1388
1376,120,1496,0.1388
1358,122,1480,0.1388
1366,123,1489,0.1388
1360,125,1485,0.1388
1347,129,1476,0.1388
1342,127,1469,0.1388
1349,130,1479,0.1388
1349,133,1482,0.1388
1338,134,1472,0.1388
1352,136,1488,0.1388
1353,134,1487,0.1388
1362,132,1494,0.1388
1356,135,1491,0.1388
1373,132,1505,0.1388
1366,129,1495,0.1388
1369,129,1498,0.1388
1367,126,1493,0.1388
1370,124,1494,0.1388
1372,131,1503,0.1388
1361,129,1490,0.1388
1364,130,1494,0.1388
1362,137,1499,0.1388
1360,139,1499,0.1388
1365,138,1503,0.1388
1362,136,1498,0.1388
1365,137,1502,0.1388
1363,140,1503,0.1388
1363,144,1507,0.1388
1351,142,1493,0.1388
1351,144,1495,0.1388
1358,145,1503,0.1388
1354,146,1500,0.1388
1343,145,1488,0.1388
1345,141,1486,0.1388
1358,143,1501,0.1388
1350,147,1497,0.1388
1351,147,1498,0.1388
1345,148,1493,0.1388
1335,147,1482,0.1388
1338,145,1483,0.1388
1328,148,1476,0.1388
1325,151,1476,0.1388
1327,148,1475,0.1388
1352,150,1502,0.1388
1362,151,1513,0.1388
1353,149,1502,0.1388
1353,146,1499,0.1388
1335,140,1475,0.1388
1330,143,1473,0.1388
1336,147,1483,0.1388
1345,147,1492,0.1388
1321,150,1471,0.1388
1327,153,1480,0.1388
1337,156,1493,0.1388
1337,158,1495,0.1388
1339,153,1492,0.1388
1335,152,1487,0.1388
1339,154,1493,0.1388
1346,154,1500,0.1388
1348,153,1501,0.1388
1350,160,1510,0.1388
1349,163,1512,0.1388
1338,162,1500,0.1388
1341,167,1508,0.1388
1345,169,1514,0.1388
1343,169,1512,0.1388
1339,166,1505,0.1388
1339,167,1506,0.1388
1348,166,1514,0.1388
1350,165,1515,0.1388
1334,167,1501,0.1388
1321,169,1490,0.1388
1322,169,1491,0.1388
1332,167,1499,0.1388
1328,167,1495,0.1388
1341,165,1506,0.1388
1337,171,1508,0.1388
1335,172,1507,0.1388
1321,174,1495,0.1388
1318,172,1490,0.1388
1321,174,1495,0.1388
1319,171,1490,0.1388
1312,175,1487,0.1388
1316,176,1492,0.1388
1319,175,1494,0.1388
1321,175,1496,0.1388
1308,173,1481,0.1388
1315,178,1493,0.1388
1318,184,1502,0.1388
1304,185,1489,0.1388
1305,186,1491,0.1388
1321,188,1509,0.1388
1324,188,1512,0.1388
1325,193,1518,0.1388
1316,192,1508,0.1388
1305,197,1502,0.1388
1303,196,1499,0.1388
1309,201,1510,0.1388
1297,198,1495,0.1388
1294,195,1489,0.1388
1298,199,1497,0.1388
1281,202,1483,0.1388
1285,203,1488,0.1388
1284,205,1489,0.1388
1281,205,1486,0.1388
1278,205,1483,0.1388
1281,204,1485,0.1388
1283,206,1489,0.1388
1292,207,1499,0.1388
1300,207,1507,0.1388
1299,204,1503,0.1388
1300,206,1506,0.1388
1304,203,1507,0.1388
1294,211,1505,0.1388
1292,210,1502,0.1388
1291,213,1504,0.1388
1287,212,1499,0.1388
1286,218,1504,0.1388
1286,219,1505,0.1388
1272,220,1492,0.1388
1266,213,1479,0.1388
1277,216,1493,0.1388
1261,218,1479,0.1388
1247,216,1463,0.1388
1265,219,1484,0.1388
1285,220,1505,0.1388
1291,218,1509,0.1388
1289,219,1508,0.1388
1289,215,1504,0.1388
1282,217,1499,0.1388
1282,220,1502,0.1388
1279,224,1503,0.1388
1285,226,1511,0.1388
1287,227,1514,0.1388
1275,228,1503,0.1388
1279,222,1501,0.1388
1273,227,1500,0.1388
1252,236,1488,0.1388
1268,234,1502,0.1388
1257,236,1493,0.1388
1259,237,1496,0.1388
1262,237,1499,0.1388
1265,234,1499,0.1388
1279,238,1517,0.1388
1269,240,1509,0.1388
1265,239,1504,0.1388
1251,240,1491,0.1388
1248,246,1494,0.1388
1251,246,1497,0.1388
1242,245,1487,0.1388
1257,246,1503,0.1388
1263,245,1508,0.1388
1257,248,1505,0.1388
1249,251,1500,0.1388
1256,251,1507,0.1388
1249,255,1504,0.1388
1246,250,1496,0.1388
1244,252,1496,0.1388
1264,245,1509,0.1388
1259,242,1501,0.1388
1263,246,1509,0.1388
1263,250,1513,0.1388
1272,250,1522,0.1388
1256,251,1507,0.1388
1243,250,1493,0.1388
1234,250,1484,0.1388
1235,246,1481,0.1388
1240,245,1485,0.1388
1256,240,1496,0.1388
1255,243,1498,0.1388
1260,242,1502,0.1388
1256,245,1501,0.1388
1262,242,1504,0.1388
1251,244,1495,0.1388
1254,250,1504,0.1388
1248,240,1488,0.1388
1256,242,1498,0.1388
1267,245,1512,0.1388
1260,246,1506,0.1388
1270,242,1512,0.1388
1271,247,1518,0.1388
1260,246,1506,0.1388
1262,245,1507,0.1388
1257,247,1504,0.1388
1245,254,1499,0.1388
1231,256,1487,0.1388
1239,257,1496,0.1388
1233,258,1491,0.1388
1233,255,1488,0.1388
1240,257,1497,0.1388
1246,253,1499,0.1388
1256,252,1508,0.1388
1239,254,1493,0.1388
1241,254,1495,0.1388
1248,253,1501,0.1388
1240,252,1492,0.1388
1242,256,1498,0.1388
1238,263,1501,0.1388
1236,264,1500,0.1388
1245,264,1509,0.1388
1236,267,1503,0.1388
1240,263,1503,0.1388
1240,265,1505,0.1388
1235,262,1497,0.1388
1235,265,1500,0.1388
1233,263,1496,0.1388
1235,266,1501,0.1388
1234,265,1499,0.1388
1231,266,1497,0.1388
1227,269,1496,0.1388
1235,274,1509,0.1388
1233,279,1512,0.1388
1242,279,1521,0.1388
1239,276,1515,0.1388
1231,287,1518,0.1388
1225,285,1510,0.1388
1219,281,1500,0.1388
1207,279,1486,0.1388
1198,277,1475,0.1388
1195,285,1480,0.1388
1198,283,1481,0.1388
1203,283,1486,0.1388
1213,284,1497,0.1388
1220,286,1506,0.1388
1215,290,1505,0.1388
1206,285,1491,0.1388
1206,288,1494,0.1388
1207,286,1493,0.1388
1205,291,1496,0.1388
1213,288,1501,0.1388
1215,288,1503,0.1388
1213,284,1497,0.1388
1204,288,1492,0.1388
1200,293,1493,0.1388
1195,299,1494,0.1388
1186,298,1484,0.1388
1175,299,1474,0.1388
1182,305,1487,0.1388
1192,310,1502,0.1388
1191,311,1502,0.1388
1180,306,1486,0.1388
1187,305,1492,0.1388
1181,309,1490,0.1388
1181,309,1490,0.1388
1178,307,1485,0.1388
1180,310,1490,0.1388
1189,313,1502,0.1388
1181,316,1497,0.1388
1182,320,1502,0.1388
1173,316,1489,0.1388
1178,318,1496,0.1388
1176,322,1498,0.1388
1186,319,1505,0.1388
1187,322,1509,0.1388
1189,329,1518,0.1388
1185,321,1506,0.1388
1192,318,1510,0.1388
1195,319,1514,0.1388
1199,325,1524,0.1388
1184,325,1509,0.1388
1189,327,1516,0.1388
1191,326,1517,0.1388
1178,335,1513,0.1388
1163,340,1503,0.1388
1166,336,1502,0.1388
1168,341,1509,0.1388
1161,337,1498,0.1388
1156,335,1491,0.1388
1159,338,1497,0.1388
1151,336,1487,0.1388
1145,336,1481,0.1388
1141,343,1484,0.1388
1149,347,1496,0.1388
1145,350,1495,0.1388
1144,346,1490,0.1388
1139,354,1493,0.1388
1139,354,1493,0.1388
1147,353,1500,0.1388
1143,357,1500,0.1388
1132,355,1487,0.1388
1128,355,1483,0.1388
1130,351,1481,0.1388
1126,352,1478,0.1388
1123,359,1482,0.1388
1109,359,1468,0.1388
1113,360,1473,0.1388
1117,364,1481,0.1388
1128,366,1494,0.1388
1131,372,1503,0.1388
1126,374,1500,0.1388
1115,373,1488,0.1388
1121,378,1499,0.1388
1118,366,1484,0.1388
1133,369,1502,0.1388
1122,375,1497,0.1388
1116,379,1495,0.1388
1119,377,1496,0.1388
1114,381,1495,0.1388
1118,385,1503,0.1388
1115,387,1502,0.1388
1119,391,1510,0.1388
1122,381,1503,0.1388
1129,386,1515,0.1388
1112,386,1498,0.1388
1114,385,1499,0.1388
1114,388,1502,0.1388
1112,387,1499,0.1388
1109,384,1493,0.1388
1108,385,1493,0.1388
1107,385,1492,0.1388
1113,383,1496,0.1388
1119,379,1498,0.1388
1122,383,1505,0.1388
1122,382,1504,0.1388
1129,378,1507,0.1388
1126,379,1505,0.1388
1123,370,1493,0.1388
1111,376,1487,0.1388
1116,380,1496,0.1388
1120,385,1505,0.1388
1111,386,1497,0.1388
1112,380,1492,0.1388
1106,380,1486,0.1388
1105,380,1485,0.1388
1121,378,1499,0.1388
1116,385,1501,0.1388
1112,383,1495,0.1388
1121,387,1508,0.1388
1119,388,1507,0.1388
1119,391,1510,0.1388
1105,396,1501,0.1388
1114,395,1509,0.1388
1109,392,1501,0.1388
1102,391,1493,0.1388
1096,391,1487,0.1388
1093,396,1489,0.1388
1100,403,1503,0.1388
1097,405,1502,0.1388
1097,415,1512,0.1388
1099,413,1512,0.1388
1107,415,1522,0.1388
1106,414,1520,0.1388
1102,412,1514,0.1388
1106,407,1513,0.1388
1097,404,1501,0.1388
1093,405,1498,0.1388
1096,402,1498,0.1388
1093,405,1498,0.1388
1090,413,1503,0.1388
1094,413,1507,0.1388
1083,419,1502,0.1388
1076,418,1494,0.1388
1081,420,1501,0.1388
1080,426,1506,0.1388
1063,431,1494,0.1388
1068,433,1501,0.1388
1070,441,1511,0.1388
1065,437,1502,0.1388
1066,437,1503,0.1388
1067,439,1506,0.1388
1060,435,1495,0.1388
1062,436,1498,0.1388
1069,437,1506,0.1388
1075,429,1504,0.1388
1064,439,1503,0.1388
1059,445,1504,0.1388
1061,439,1500,0.1388
1066,439,1505,0.1388
1059,443,1502,0.1388
1059,444,1503,0.1388
1051,449,1500,0.1388
1054,450,1504,0.1388
1058,452,1510,0.1388
1047,450,1497,0.1388
1054,438,1492,0.1388
1050,442,1492,0.1388
1058,435,1493,0.1388
1058,438,1496,0.1388
1060,437,1497,0.1388
1043,444,1487,0.1388
1044,442,1486,0.1388
1041,451,1492,0.1388
1042,451,1493,0.1388
1033,441,1474,0.1388
1033,439,1472,0.1388
1037,446,1483,0.1388
1038,453,1491,0.1388
1043,454,1497,0.1388
1042,466,1508,0.1388
1030,465,1495,0.1388
1040,461,1501,0.1388
1037,466,1503,0.1388
1034,464,1498,0.1388
1025,473,1498,0.1388
1021,480,1501,0.1388
1018,486,1504,0.1388
1019,478,1497,0.1388
1024,484,1508,0.1388
1025,484,1509,0.1388
1021,473,1494,0.1388
1017,476,1493,0.1388
1016,470,1486,0.1388
1011,480,1491,0.1388
1015,496,1511,0.1388
1026,499,1525,0.1388
1012,488,1500,0.1388
1013,481,1494,0.1388
1017,486,1503,0.1388
1014,487,1501,0.1388
1020,493,1513,0.1388
1007,496,1503,0.1388
997,495,1492,0.1388
1001,496,1497,0.1388
993,494,1487,0.1388
993,499,1492,0.1388
993,505,1498,0.1388
1000,498,1498,0.1388
1009,499,1508,0.1388
994,506,1500,0.1388
984,499,1483,0.1388
987,504,1491,0.1388
991,507,1498,0.1388
991,505,1496,0.1388
995,509,1504,0.1388
996,504,1500,0.1388
993,510,1503,0.1388
985,511,1496,0.1388
990,505,1495,0.1388
981,515,1496,0.1388
977,516,1493,0.1388
981,523,1504,0.1388
991,522,1513,0.1388
987,524,1511,0.1388
983,529,1512,0.1388
991,527,1518,0.1388
992,529,1521,0.1388
990,531,1521,0.1388
988,528,1516,0.1388
989,530,1519,0.1388
986,526,1512,0.1388
990,520,1510,0.1388
988,516,1504,0.1388
972,521,1493,0.1388
980,517,1497,0.1388
986,511,1497,0.1388
975,514,1489,0.1388
973,518,1491,0.1388
968,518,1486,0.1388
986,518,1504,0.1388
988,521,1509,0.1388
991,519,1510,0.1388
984,521,1505,0.1388
984,526,1510,0.1388
985,530,1515,0.1388
982,534,1516,0.1388
962,537,1499,0.1388
961,537,1498,0.1388
970,534,1504,0.1388
970,538,1508,0.1388
962,534,1496,0.1388
958,537,1495,0.1388
958,550,1508,0.1388
962,555,1517,0.1388
964,550,1514,0.1388
957,538,1495,0.1388
962,540,1502,0.1388
952,537,1489,0.1388
942,541,1483,0.1388
946,547,1493,0.1388
945,549,1494,0.1388
951,542,1493,0.1388
949,539,1488,0.1388
951,546,1497,0.1388
950,548,1498,0.1388
944,549,1493,0.1388
947,551,1498,0.1388
951,554,1505,0.1388
946,555,1501,0.1388
945,563,1508,0.1388
940,562,1502,0.1388
949,566,1515,0.1388
960,559,1519,0.1388
963,564,1527,0.1388
958,568,1526,0.1388
948,572,1520,0.1388
930,570,1500,0.1388
930,579,1509,0.1388
932,569,1501,0.1388
923,567,1490,0.1388
934,566,1500,0.1388
928,572,1500,0.1388
928,571,1499,0.1388
924,579,1503,0.1388
929,575,1504,0.1388
928,578,1506,0.1388
927,573,1500,0.1388
926,565,1491,0.1388
920,572,1492,0.1388
911,579,1490,0.1388
917,573,1490,0.1388
924,585,1509,0.1388
911,581,1492,0.1388
912,584,1496,0.1388
910,590,1500,0.1388
914,579,1493,0.1388
930,582,1512,0.1388
928,587,1515,0.1388
921,590,1511,0.1388
925,593,1518,0.1388
914,588,1502,0.1388
906,593,1499,0.1388
897,591,1488,0.1388
909,588,1497,0.1388
912,588,1500,0.1388
907,592,1499,0.1388
902,583,1485,0.1388
899,582,1481,0.1388
886,592,1478,0.1388
885,595,1480,0.1388
894,600,1494,0.1388
894,605,1499,0.1388
900,595,1495,0.1388
901,603,1504,0.1388
898,601,1499,0.1388
902,597,1499,0.1388
904,607,1511,0.1388
898,611,1509,0.1388
893,602,1495,0.1388
890,603,1493,0.1388
885,595,1480,0.1388
893,608,1501,0.1388
891,609,1500,0.1388
899,624,1523,0.1388
900,614,1514,0.1388
886,608,1494,0.1388
882,610,1492,0.1388
876,609,1485,0.1388
888,615,1503,0.1388
884,614,1498,0.1388
880,620,1500,0.1388
878,622,1500,0.1388
874,628,1502,0.1388
871,627,1498,0.1388
870,623,1493,0.1388
869,620,1489,0.1388
886,623,1509,0.1388
872,618,1490,0.1388
859,626,1485,0.1388
866,640,1506,0.1388
867,637,1504,0.1388
869,633,1502,0.1388
873,638,1511,0.1388
866,635,1501,0.1388
877,632,1509,0.1388
878,636,1514,0.1388
874,629,1503,0.1388
874,630,1504,0.1388
868,627,1495,0.1388
869,629,1498,0.1388
880,625,1505,0.1388
880,625,1505,0.1388
871,631,1502,0.1388
875,636,1511,0.1388
871,629,1500,0.1388
869,620,1489,0.1388
861,620,1481,0.1388
870,614,1484,0.1388
864,627,1491,0.1388
861,628,1489,0.1388
858,635,1493,0.1388
855,645,1500,0.1388
857,643,1500,0.1388
852,641,1493,0.1388
853,643,1496,0.1388
857,649,1506,0.1388
863,650,1513,0.1388
863,658,1521,0.1388
859,657,1516,0.1388
855,647,1502,0.1388
848,653,1501,0.1388
850,649,1499,0.1388
857,647,1504,0.1388
862,645,1507,0.1388
862,654,1516,0.1388
851,651,1502,0.1388
852,649,1501,0.1388
853,648,1501,0.1388
845,652,1497,0.1388
854,656,1510,0.1388
859,654,1513,0.1388
860,645,1505,0.1388
854,643,1497,0.1388
856,659,1515,0.1388
856,661,1517,0.1388
858,661,1519,0.1388
863,663,1526,0.1388
854,663,1517,0.1388
840,667,1507,0.1388
835,658,1493,0.1388
843,657,1500,0.1388
842,662,1504,0.1388
842,662,1504,0.1388
833,661,1494,0.1388
834,664,1498,0.1388
832,666,1498,0.1388
831,664,1495,0.1388
833,675,1508,0.1388
847,673,1520,0.1388
858,670,1528,0.1388
851,675,1526,0.1388
841,674,1515,0.1388
836,674,1510,0.1388
830,678,1508,0.1388
832,683,1515,0.1388
834,685,1519,0.1388
838,684,1522,0.1388
836,672,1508,0.1388
829,663,1492,0.1388
830,674,1504,0.1388
829,666,1495,0.1388
832,669,1501,0.1388
826,664,1490,0.1388
822,674,1496,0.1388
816,681,1497,0.1388
814,688,1502,0.1388
813,692,1505,0.1388
808,698,1506,0.1388
822,696,1518,0.1388
824,710,1534,0.1388
830,710,1540,0.1388
827,703,1530,0.1388
820,697,1517,0.1388
818,699,1517,0.1388
810,705,1515,0.1388
795,701,1496,0.1388
798,702,1500,0.1388
788,701,1489,0.1388
792,697,1489,0.1388
802,699,1501,0.1388
807,696,1503,0.1388
807,701,1508,0.1388
810,701,1511,0.1388
809,694,1503,0.1388
808,692,1500,0.1388
799,699,1498,0.1388
786,699,1485,0.1388
785,705,1490,0.1388
794,707,1501,0.1388
793,712,1505,0.1388
798,705,1503,0.1388
804,703,1507,0.1388
807,697,1504,0.1388
806,696,1502,0.1388
812,703,1515,0.1388
808,704,1512,0.1388
805,704,1509,0.1388
819,694,1513,0.1388
824,705,1529,0.1388
825,698,1523,0.1388
822,698,1520,0.1388
819,686,1505,0.1388
800,693,1493,0.1388
808,700,1508,0.1388
812,704,1516,0.1388
806,703,1509,0.1388
817,697,1514,0.1388
809,696,1505,0.1388
812,693,1505,0.1388
817,688,1505,0.1388
812,696,1508,0.1388
810,698,1508,0.1388
811,700,1511,0.1388
813,700,1513,0.1388
801,705,1506,0.1388
799,701,1500,0.1388
799,704,1503,0.1388
806,702,1508,0.1388
802,703,1505,0.1388
808,693,1501,0.1388
797,692,1489,0.1388
798,691,1489,0.1388
803,695,1498,0.1388
794,697,1491,0.1388
783,702,1485,0.1388
790,708,1498,0.1388
797,703,1500,0.1388
799,700,1499,0.1388
804,700,1504,0.1388
797,712,1509,0.1388
774,719,1493,0.1388
774,730,1504,0.1388
778,730,1508,0.1388
769,734,1503,0.1388
776,736,1512,0.1388
784,737,1521,0.1388
780,739,1519,0.1388
777,746,1523,0.1388
775,735,1510,0.1388
760,722,1482,0.1388
768,732,1500,0.1388
765,740,1505,0.1388
773,727,1500,0.1388
765,729,1494,0.1388
770,725,1495,0.1388
762,728,1490,0.1388
772,731,1503,0.1388
771,729,1500,0.1388
775,720,1495,0.1388
775,723,1498,0.1388
775,725,1500,0.1388
771,726,1497,0.1388
775,730,1505,0.1388
764,741,1505,0.1388
767,740,1507,0.1388
761,746,1507,0.1388
761,741,1502,0.1388
750,750,1500,0.1388
770,742,1512,0.1388
772,744,1516,0.1388
766,741,1507,0.1388
765,750,1515,0.1388
765,746,1511,0.1388
764,738,1502,0.1388
759,738,1497,0.1388
754,751,1505,0.1388
762,758,1520,0.1388
753,760,1513,0.1388
740,757,1497,0.1388
727,759,1486,0.1388
729,760,1489,0.1388
720,772,1492,0.1388
714,775,1489,0.1388
719,766,1485,0.1388
722,767,1489,0.1388
723,770,1493,0.1388
724,775,1499,0.1388
732,772,1504,0.1388
725,772,1497,0.1388
720,780,1500,0.1388
716,780,1496,0.1388
710,777,1487,0.1388
713,776,1489,0.1388
715,774,1489,0.1388
710,783,1493,0.1388
709,776,1485,0.1388
709,782,1491,0.1388
707,781,1488,0.1388
712,780,1492,0.1388
712,777,1489,0.1388
724,780,1504,0.1388
725,780,1505,0.1388
733,779,1512,0.1388
728,781,1509,0.1388
735,777,1512,0.1388
726,773,1499,0.1388
733,776,1509,0.1388
733,780,1513,0.1388
725,766,1491,0.1388
714,774,1488,0.1388
715,783,1498,0.1388
720,773,1493,0.1388
721,774,1495,0.1388
721,777,1498,0.1388
714,770,1484,0.1388
702,778,1480,0.1388
704,787,1491,0.1388
711,778,1489,0.1388
718,781,1499,0.1388
723,783,1506,0.1388
718,780,1498,0.1388
726,785,1511,0.1388
718,795,1513,0.1388
713,796,1509,0.1388
709,792,1501,0.1388
701,792,1493,0.1388
695,796,1491,0.1388
696,791,1487,0.1388
694,782,1476,0.1388
711,777,1488,0.1388
704,787,1491,0.1388
699,792,1491,0.1388
714,798,1512,0.1388
716,807,1523,0.1388
711,792,1503,0.1388
706,788,1494,0.1388
706,788,1494,0.1388
712,800,1512,0.1388
713,783,1496,0.1388
706,794,1500,0.1388
712,793,1505,0.1388
720,803,1523,0.1388
714,801,1515,0.1388
704,809,1513,0.1388
704,801,1505,0.1388
701,800,1501,0.1388
697,801,1498,0.1388
698,805,1503,0.1388
695,804,1499,0.1388
702,804,1506,0.1388
699,808,1507,0.1388
714,799,1513,0.1388
711,790,1501,0.1388
707,800,1507,0.1388
697,798,1495,0.1388
707,792,1499,0.1388
704,795,1499,0.1388
708,795,1503,0.1388
705,800,1505,0.1388
705,796,1501,0.1388
695,800,1495,0.1388
692,806,1498,0.1388
701,809,1510,0.1388
698,800,1498,0.1388
686,803,1489,0.1388
693,798,1491,0.1388
705,802,1507,0.1388
704,797,1501,0.1388
700,802,1502,0.1388
698,806,1504,0.1388
687,805,1492,0.1388
675,799,1474,0.1388
683,791,1474,0.1388
691,806,1497,0.1388
690,807,1497,0.1388
689,815,1504,0.1388
688,821,1509,0.1388
686,823,1509,0.1388
690,822,1512,0.1388
695,815,1510,0.1388
701,815,1516,0.1388
694,822,1516,0.1388
701,827,1528,0.1388
694,828,1522,0.1388
688,827,1515,0.1388
684,820,1504,0.1388
683,827,1510,0.1388
687,822,1509,0.1388
680,818,1498,0.1388
686,840,1526,0.1388
692,835,1527,0.1388
689,833,1522,0.1388
691,812,1503,0.1388
688,811,1499,0.1388
673,822,1495,0.1388
668,836,1504,0.1388
664,836,1500,0.1388
661,837,1498,0.1388
658,834,1492,0.1388
656,832,1488,0.1388
657,836,1493,0.1388
665,833,1498,0.1388
666,844,1510,0.1388
672,842,1514,0.1388
673,838,1511,0.1388
674,837,1511,0.1388
671,843,1514,0.1388
678,850,1528,0.1388
668,853,1521,0.1388
667,853,1520,0.1388
659,852,1511,0.1388
659,844,1503,0.1388
654,850,1504,0.1388
654,849,1503,0.1388
654,843,1497,0.1388
657,864,1521,0.1388
659,862,1521,0.1388
651,867,1518,0.1388
654,863,1517,0.1388
652,854,1506,0.1388
645,854,1499,0.1388
640,853,1493,0.1388
642,849,1491,0.1388
641,854,1495,0.1388
638,854,1492,0.1388
643,850,1493,0.1388
646,860,1506,0.1388
647,866,1513,0.1388
651,867,1518,0.1388
642,862,1504,0.1388
641,854,1495,0.1388
644,861,1505,0.1388
640,857,1497,0.1388
637,858,1495,0.1388
633,867,1500,0.1388
635,863,1498,0.1388
639,861,1500,0.1388
639,865,1504,0.1388
633,869,1502,0.1388
639,870,1509,0.1388
635,874,1509,0.1388
636,868,1504,0.1388
623,881,1504,0.1388
629,876,1505,0.1388
636,885,1521,0.1388
630,887,1517,0.1388
623,881,1504,0.1388
611,879,1490,0.1388
610,876,1486,0.1388
624,875,1499,0.1388
624,880,1504,0.1388
627,875,1502,0.1388
632,874,1506,0.1388
632,879,1511,0.1388
622,877,1499,0.1388
622,876,1498,0.1388
628,889,1517,0.1388
627,886,1513,0.1388
615,884,1499,0.1388
614,887,1501,0.1388
614,888,1502,0.1388
622,876,1498,0.1388
621,881,1502,0.1388
624,895,1519,0.1388
623,895,1518,0.1388
633,888,1521,0.1388
639,880,1519,0.1388
632,884,1516,0.1388
630,885,1515,0.1388
626,887,1513,0.1388
615,888,1503,0.1388
622,893,1515,0.1388
617,885,1502,0.1388
609,890,1499,0.1388
608,889,1497,0.1388
612,895,1507,0.1388
613,900,1513,0.1388
616,901,1517,0.1388
609,902,1511,0.1388
612,898,1510,0.1388
616,889,1505,0.1388
613,895,1508,0.1388
609,902,1511,0.1388
613,901,1514,0.1388
605,900,1505,0.1388
606,893,1499,0.1388
597,899,1496,0.1388
605,907,1512,0.1388
603,895,1498,0.1388
600,887,1487,0.1388
598,895,1493,0.1388
598,901,1499,0.1388
602,905,1507,0.1388
601,903,1504,0.1388
595,907,1502,0.1388
607,902,1509,0.1388
610,907,1517,0.1388
608,906,1514,0.1388
610,904,1514,0.1388
605,904,1509,0.1388
605,911,1516,0.1388
606,914,1520,0.1388
606,904,1510,0.1388
599,905,1504,0.1388
597,902,1499,0.1388
606,899,1505,0.1388
601,910,1511,0.1388
599,922,1521,0.1388
607,904,1511,0.1388
605,900,1505,0.1388
591,897,1488,0.1388
601,902,1503,0.1388
597,899,1496,0.1388
601,912,1513,0.1388
591,901,1492,0.1388
587,906,1493,0.1388
594,894,1488,0.1388
592,906,1498,0.1388
596,911,1507,0.1388
594,919,1513,0.1388
591,918,1509,0.1388
583,924,1507,0.1388
580,926,1506,0.1388
589,910,1499,0.1388
584,912,1496,0.1388
582,922,1504,0.1388
586,919,1505,0.1388
578,921,1499,0.1388
582,932,1514,0.1388
588,933,1521,0.1388
583,931,1514,0.1388
586,928,1514,0.1388
587,927,1514,0.1388
582,922,1504,0.1388
591,917,1508,0.1388
581,930,1511,0.1388
582,939,1521,0.1388
584,932,1516,0.1388
586,921,1507,0.1388
592,919,1511,0.1388
587,921,1508,0.1388
598,918,1516,0.1388
591,915,1506,0.1388
599,918,1517,0.1388
588,914,1502,0.1388
583,915,1498,0.1388
582,920,1502,0.1388
578,917,1495,0.1388
576,918,1494,0.1388
575,932,1507,0.1388
581,920,1501,0.1388
583,917,1500,0.1388
586,921,1507,0.1388
593,911,1504,0.1388
590,909,1499,0.1388
591,919,1510,0.1388
588,915,1503,0.1388
584,910,1494,0.1388
586,912,1498,0.1388
583,922,1505,0.1388
582,911,1493,0.1388
582,910,1492,0.1388
583,903,1486,0.1388
591,902,1493,0.1388
595,914,1509,0.1388
599,923,1522,0.1388
600,916,1516,0.1388
598,913,1511,0.1388
593,916,1509,0.1388
589,915,1504,0.1388
582,913,1495,0.1388
587,920,1507,0.1388
583,921,1504,0.1388
582,923,1505,0.1388
580,925,1505,0.1388
582,927,1509,0.1388
591,921,1512,0.1388
588,928,1516,0.1388
579,927,1506,0.1388
580,922,1502,0.1388
575,928,1503,0.1388
572,936,1508,0.1388
563,939,1502,0.1388
556,937,1493,0.1388
555,931,1486,0.1388
561,926,1487,0.1388
565,933,1498,0.1388
565,942,1507,0.1388
570,941,1511,0.1388
563,946,1509,0.1388
558,950,1508,0.1388
558,946,1504,0.1388
560,941,1501,0.1388
565,938,1503,0.1388
565,942,1507,0.1388
555,951,1506,0.1388
559,945,1504,0.1388
551,948,1499,0.1388
563,946,1509,0.1388
562,951,1513,0.1388
560,951,1511,0.1388
565,938,1503,0.1388
572,944,1516,0.1388
563,944,1507,0.1388
555,942,1497,0.1388
561,938,1499,0.1388
562,933,1495,0.1388
561,928,1489,0.1388
562,927,1489,0.1388
565,935,1500,0.1388
556,941,1497,0.1388
563,954,1517,0.1388
554,947,1501,0.1388
554,964,1518,0.1388
559,965,1524,0.1388
550,966,1516,0.1388
541,958,1499,0.1388
544,957,1501,0.1388
550,958,1508,0.1388
549,960,1509,0.1388
538,973,1511,0.1388
545,958,1503,0.1388
542,965,1507,0.1388
544,965,1509,0.1388
560,967,1527,0.1388
548,975,1523,0.1388
551,970,1521,0.1388
551,968,1519,0.1388
544,964,1508,0.1388
548,952,1500,0.1388
547,965,1512,0.1388
535,971,1506,0.1388
544,968,1512,0.1388
546,971,1517,0.1388
547,975,1522,0.1388
540,977,1517,0.1388
539,984,1523,0.1388
534,979,1513,0.1388
539,970,1509,0.1388
537,976,1513,0.1388
541,974,1515,0.1388
545,968,1513,0.1388
542,972,1514,0.1388
543,972,1515,0.1388
535,977,1512,0.1388
533,976,1509,0.1388
533,978,1511,0.1388
534,976,1510,0.1388
526,966,1492,0.1388
526,970,1496,0.1388
523,979,1502,0.1388
517,981,1498,0.1388
521,990,1511,0.1388
525,989,1514,0.1388
524,986,1510,0.1388
522,976,1498,0.1388
518,985,1503,0.1388
515,1002,1517,0.1388
520,1004,1524,0.1388
510,1010,1520,0.1388
513,1009,1522,0.1388
505,1007,1512,0.1388
508,1003,1511,0.1388
503,1000,1503,0.1388
512,1010,1522,0.1388
505,1012,1517,0.1388
498,1013,1511,0.1388
490,1012,1502,0.1388
490,1019,1509,0.1388
497,1025,1522,0.1388
489,1022,1511,0.1388
486,1026,1512,0.1388
491,1025,1516,0.1388
498,1022,1520,0.1388
501,1023,1524,0.1388
493,1015,1508,0.1388
495,1016,1511,0.1388
494,1020,1514,0.1388
489,1018,1507,0.1388
494,1022,1516,0.1388
488,1019,1507,0.1388
489,1012,1501,0.1388
491,1015,1506,0.1388
493,1007,1500,0.1388
490,1011,1501,0.1388
489,1003,1492,0.1388
488,1002,1490,0.1388
489,1004,1493,0.1388
486,1004,1490,0.1388
489,998,1487,0.1388
483,1004,1487,0.1388
484,1007,1491,0.1388
491,1009,1500,0.1388
493,1006,1499,0.1388
490,1017,1507,0.1388
491,1020,1511,0.1388
494,1018,1512,0.1388
490,1009,1499,0.1388
488,1011,1499,0.1388
488,1012,1500,0.1388
484,1003,1487,0.1388
486,1007,1493,0.1388
486,1019,1505,0.1388
482,1016,1498,0.1388
488,1021,1509,0.1388
486,1024,1510,0.1388
486,1027,1513,0.1388
482,1018,1500,0.1388
485,1024,1509,0.1388
485,1025,1510,0.1388
487,1030,1517,0.1388
486,1033,1519,0.1388
474,1038,1512,0.1388
481,1031,1512,0.1388
474,1032,1506,0.1388
466,1030,1496,0.1388
469,1038,1507,0.1388
473,1041,1514,0.1388
470,1040,1510,0.1388
476,1047,1523,0.1388
486,1045,1531,0.1388
489,1041,1530,0.1388
487,1036,1523,0.1388
480,1027,1507,0.1388
473,1026,1499,0.1388
472,1024,1496,0.1388
473,1028,1501,0.1388
479,1027,1506,0.1388
479,1031,1510,0.1388
476,1025,1501,0.1388
477,1019,1496,0.1388
471,1023,1494,0.1388
465,1032,1497,0.1388
472,1034,1506,0.1388
472,1036,1508,0.1388
471,1040,1511,0.1388
470,1042,1512,0.1388
475,1026,1501,0.1388
474,1015,1489,0.1388
469,1022,1491,0.1388
474,1024,1498,0.1388
476,1032,1508,0.1388
476,1041,1517,0.1388
475,1028,1503,0.1388
476,1025,1501,0.1388
478,1036,1514,0.1388
473,1050,1523,0.1388
472,1045,1517,0.1388
465,1046,1511,0.1388
460,1047,1507,0.1388
464,1046,1510,0.1388
465,1040,1505,0.1388
471,1040,1511,0.1388
470,1045,1515,0.1388
478,1044,1522,0.1388
472,1038,1510,0.1388
460,1033,1493,0.1388
462,1033,1495,0.1388
466,1043,1509,0.1388
471,1055,1526,0.1388
479,1041,1520,0.1388
472,1038,1510,0.1388
470,1040,1510,0.1388
472,1042,1514,0.1388
479,1046,1525,0.1388
471,1041,1512,0.1388
471,1042,1513,0.1388
472,1044,1516,0.1388
474,1041,1515,0.1388
474,1046,1520,0.1388
476,1042,1518,0.1388
466,1045,1511,0.1388
467,1045,1512,0.1388
476,1048,1524,0.1388
465,1049,1514,0.1388
462,1042,1504,0.1388
469,1049,1518,0.1388
463,1057,1520,0.1388
463,1052,1515,0.1388
458,1051,1509,0.1388
460,1057,1517,0.1388
456,1050,1506,0.1388
461,1047,1508,0.1388
465,1042,1507,0.1388
464,1040,1504,0.1388
463,1040,1503,0.1388
464,1042,1506,0.1388
463,1047,1510,0.1388
465,1047,1512,0.1388
470,1059,1529,0.1388
470,1056,1526,0.1388
480,1047,1527,0.1388
472,1035,1507,0.1388
472,1060,1532,0.1388
470,1056,1526,0.1388
470,1052,1522,0.1388
469,1052,1521,0.1388
465,1060,1525,0.1388
458,1060,1518,0.1388
461,1049,1510,0.1388
452,1047,1499,0.1388
456,1046,1502,0.1388
463,1050,1513,0.1388
463,1050,1513,0.1388
468,1053,1521,0.1388
470,1051,1521,0.1388
468,1044,1512,0.1388
466,1053,1519,0.1388
457,1049,1506,0.1388
455,1060,1515,0.1388
455,1066,1521,0.1388
450,1058,1508,0.1388
441,1053,1494,0.1388
445,1055,1500,0.1388
448,1047,1495,0.1388
453,1053,1506,0.1388
453,1055,1508,0.1388
453,1055,1508,0.1388
453,1060,1513,0.1388
451,1063,1514,0.1388
449,1061,1510,0.1388
449,1048,1497,0.1388
457,1059,1516,0.1388
452,1062,1514,0.1388
450,1082,1532,0.1388
441,1081,1522,0.1388
448,1081,1529,0.1388
450,1074,1524,0.1388
450,1072,1522,0.1388
445,1075,1520,0.1388
444,1084,1528,0.1388
441,1071,1512,0.1388
442,1062,1504,0.1388
445,1058,1503,0.1388
443,1069,1512,0.1388
435,1071,1506,0.1388
444,1076,1520,0.1388
444,1076,1520,0.1388
438,1062,1500,0.1388
444,1066,1510,0.1388
435,1084,1519,0.1388
432,1083,1515,0.1388
432,1062,1494,0.1388
423,1053,1476,0.1388
430,1061,1491,0.1388
438,1055,1493,0.1388
439,1069,1508,0.1388
440,1064,1504,0.1388
441,1063,1504,0.1388
440,1070,1510,0.1388
433,1073,1506,0.1388
432,1081,1513,0.1388
437,1068,1505,0.1388
439,1065,1504,0.1388
439,1071,1510,0.1388
441,1078,1519,0.1388
437,1077,1514,0.1388
441,1076,1517,0.1388
446,1073,1519,0.1388
443,1077,1520,0.1388
440,1086,1526,0.1388
442,1088,1530,0.1388
437,1079,1516,0.1388
442,1093,1535,0.1388
439,1087,1526,0.1388
436,1094,1530,0.1388
437,1091,1528,0.1388
435,1079,1514,0.1388
434,1081,1515,0.1388
432,1086,1518,0.1388
433,1070,1503,0.1388
428,1070,1498,0.1388
425,1067,1492,0.1388
425,1073,1498,0.1388
422,1080,1502,0.1388
429,1085,1514,0.1388
428,1081,1509,0.1388
429,1072,1501,0.1388
432,1072,1504,0.1388
427,1089,1516,0.1388
420,1082,1502,0.1388
424,1096,1520,0.1388
424,1094,1518,0.1388
423,1095,1518,0.1388
421,1087,1508,0.1388
420,1084,1504,0.1388
422,1092,1514,0.1388
422,1091,1513,0.1388
422,1088,1510,0.1388
421,1088,1509,0.1388
414,1085,1499,0.1388
407,1101,1508,0.1388
411,1103,1514,0.1388
413,1093,1506,0.1388
412,1099,1511,0.1388
408,1102,1510,0.1388
414,1110,1524,0.1388
408,1110,1518,0.1388
406,1100,1506,0.1388
400,1104,1504,0.1388
410,1096,1506,0.1388
412,1103,1515,0.1388
415,1105,1520,0.1388
417,1108,1525,0.1388
413,1112,1525,0.1388
413,1108,1521,0.1388
410,1109,1519,0.1388
413,1107,1520,0.1388
409,1109,1518,0.1388
411,1109,1520,0.1388
418,1105,1523,0.1388
413,1112,1525,0.1388
412,1097,1509,0.1388
406,1094,1500,0.1388
404,1088,1492,0.1388
407,1093,1500,0.1388
399,1106,1505,0.1388
409,1101,1510,0.1388
400,1094,1494,0.1388
397,1095,1492,0.1388
401,1103,1504,0.1388
406,1105,1511,0.1388
412,1106,1518,0.1388
414,1096,1510,0.1388
410,1102,1512,0.1388
414,1095,1509,0.1388
421,1091,1512,0.1388
422,1092,1514,0.1388
425,1087,1512,0.1388
424,1086,1510,0.1388
415,1095,1510,0.1388
413,1095,1508,0.1388
414,1095,1509,0.1388
417,1080,1497,0.1388
408,1096,1504,0.1388
407,1094,1501,0.1388
401,1089,1490,0.1388
402,1097,1499,0.1388
398,1085,1483,0.1388
398,1096,1494,0.1388
397,1104,1501,0.1388
395,1096,1491,0.1388
397,1093,1490,0.1388
406,1089,1495,0.1388
403,1102,1505,0.1388
410,1106,1516,0.1388
404,1109,1513,0.1388
402,1091,1493,0.1388
399,1100,1499,0.1388
397,1123,1520,0.1388
391,1130,1521,0.1388
390,1113,1503,0.1388
386,1121,1507,0.1388
382,1105,1487,0.1388
388,1115,1503,0.1388
388,1107,1495,0.1388
382,1107,1489,0.1388
388,1103,1491,0.1388
391,1109,1500,0.1388
394,1111,1505,0.1388
389,1117,1506,0.1388
388,1126,1514,0.1388
386,1124,1510,0.1388
384,1128,1512,0.1388
394,1113,1507,0.1388
389,1126,1515,0.1388
391,1135,1526,0.1388
389,1128,1517,0.1388
389,1126,1515,0.1388
393,1111,1504,0.1388
390,1115,1505,0.1388
388,1103,1491,0.1388
386,1122,1508,0.1388
384,1132,1516,0.1388
380,1131,1511,0.1388
376,1137,1513,0.1388
375,1137,1512,0.1388
383,1130,1513,0.1388
375,1128,1503,0.1388
376,1118,1494,0.1388
376,1125,1501,0.1388
377,1122,1499,0.1388
383,1116,1499,0.1388
382,1117,1499,0.1388
376,1121,1497,0.1388
377,1125,1502,0.1388
380,1122,1502,0.1388
375,1129,1504,0.1388
374,1122,1496,0.1388
374,1132,1506,0.1388
378,1138,1516,0.1388
377,1144,1521,0.1388
373,1152,1525,0.1388
370,1145,1515,0.1388
369,1155,1524,0.1388
373,1144,1517,0.1388
369,1134,1503,0.1388
364,1127,1491,0.1388
370,1119,1489,0.1388
371,1131,1502,0.1388
370,1134,1504,0.1388
379,1127,1506,0.1388
382,1122,1504,0.1388
378,1128,1506,0.1388
375,1133,1508,0.1388
369,1141,1510,0.1388
375,1147,1522,0.1388
372,1140,1512,0.1388
372,1129,1501,0.1388
366,1135,1501,0.1388
372,1136,1508,0.1388
372,1135,1507,0.1388
364,1150,1514,0.1388
368,1144,1512,0.1388
359,1149,1508,0.1388
366,1143,1509,0.1388
365,1151,1516,0.1388
364,1152,1516,0.1388
361,1150,1511,0.1388
361,1154,1515,0.1388
365,1149,1514,0.1388
367,1159,1526,0.1388
364,1168,1532,0.1388
361,1170,1531,0.1388
350,1171,1521,0.1388
345,1167,1512,0.1388
338,1163,1501,0.1388
339,1150,1489,0.1388
344,1160,1504,0.1388
344,1152,1496,0.1388
340,1170,1510,0.1388
340,1169,1509,0.1388
346,1158,1504,0.1388
351,1161,1512,0.1388
349,1165,1514,0.1388
353,1162,1515,0.1388
351,1155,1506,0.1388
350,1146,1496,0.1388
349,1153,1502,0.1388
350,1145,1495,0.1388
347,1150,1497,0.1388
347,1151,1498,0.1388
345,1153,1498,0.1388
347,1163,1510,0.1388
344,1159,1503,0.1388
346,1155,1501,0.1388
344,1162,1506,0.1388
341,1153,1494,0.1388
345,1158,1503,0.1388
345,1151,1496,0.1388
343,1155,1498,0.1388
346,1152,1498,0.1388
346,1147,1493,0.1388
346,1164,1510,0.1388
342,1174,1516,0.1388
342,1173,1515,0.1388
347,1173,1520,0.1388
338,1179,1517,0.1388
341,1178,1519,0.1388
341,1181,1522,0.1388
347,1169,1516,0.1388
346,1175,1521,0.1388
338,1174,1512,0.1388
342,1184,1526,0.1388
346,1178,1524,0.1388
350,1172,1522,0.1388
354,1171,1525,0.1388
345,1178,1523,0.1388
349,1171,1520,0.1388
341,1170,1511,0.1388
340,1179,1519,0.1388
338,1174,1512,0.1388
339,1182,1521,0.1388
341,1169,1510,0.1388
343,1175,1518,0.1388
332,1178,1510,0.1388
326,1189,1515,0.1388
325,1193,1518,0.1388
324,1194,1518,0.1388
328,1180,1508,0.1388
326,1167,1493,0.1388
318,1178,1496,0.1388
318,1190,1508,0.1388
313,1194,1507,0.1388
316,1193,1509,0.1388
322,1189,1511,0.1388
329,1186,1515,0.1388
325,1184,1509,0.1388
329,1184,1513,0.1388
328,1183,1511,0.1388
332,1176,1508,0.1388
329,1177,1506,0.1388
325,1170,1495,0.1388
328,1173,1501,0.1388
330,1169,1499,0.1388
329,1179,1508,0.1388
326,1178,1504,0.1388
326,1170,1496,0.1388
327,1187,1514,0.1388
332,1179,1511,0.1388
325,1187,1512,0.1388
321,1179,1500,0.1388
317,1193,1510,0.1388
316,1182,1498,0.1388
310,1191,1501,0.1388
312,1199,1511,0.1388
315,1201,1516,0.1388
323,1185,1508,0.1388
326,1191,1517,0.1388
328,1184,1512,0.1388
324,1180,1504,0.1388
325,1194,1519,0.1388
328,1192,1520,0.1388
328,1193,1521,0.1388
329,1184,1513,0.1388
329,1191,1520,0.1388
331,1190,1521,0.1388
326,1193,1519,0.1388
327,1197,1524,0.1388
324,1187,1511,0.1388
326,1185,1511,0.1388
327,1193,1520,0.1388
329,1197,1526,0.1388
326,1191,1517,0.1388
328,1200,1528,0.1388
322,1193,1515,0.1388
319,1182,1501,0.1388
311,1191,1502,0.1388
313,1187,1500,0.1388
315,1186,1501,0.1388
319,1188,1507,0.1388
320,1188,1508,0.1388
321,1195,1516,0.1388
321,1194,1515,0.1388
318,1190,1508,0.1388
314,1192,1506,0.1388
315,1197,1512,0.1388
318,1189,1507,0.1388
319,1190,1509,0.1388
318,1190,1508,0.1388
321,1199,1520,0.1388
320,1196,1516,0.1388
312,1204,1516,0.1388
315,1210,1525,0.1388
316,1211,1527,0.1388
315,1209,1524,0.1388
315,1201,1516,0.1388
312,1196,1508,0.1388
309,1200,1509,0.1388
300,1202,1502,0.1388
305,1201,1506,0.1388
308,1197,1505,0.1388
302,1189,1491,0.1388
300,1206,1506,0.1388
303,1213,1516,0.1388
297,1208,1505,0.1388
302,1220,1522,0.1388
297,1214,1511,0.1388
300,1220,1520,0.1388
307,1221,1528,0.1388
305,1209,1514,0.1388
305,1207,1512,0.1388
303,1215,1518,0.1388
305,1212,1517,0.1388
306,1197,1503,0.1388
304,1198,1502,0.1388
301,1198,1499,0.1388
304,1196,1500,0.1388
307,1202,1509,0.1388
310,1216,1526,0.1388
309,1199,1508,0.1388
303,1205,1508,0.1388
299,1218,1517,0.1388
299,1219,1518,0.1388
300,1217,1517,0.1388
296,1218,1514,0.1388
300,1227,1527,0.1388
304,1221,1525,0.1388
303,1218,1521,0.1388
299,1212,1511,0.1388
301,1209,1510,0.1388
295,1207,1502,0.1388
292,1210,1502,0.1388
291,1205,1496,0.1388
296,1211,1507,0.1388
294,1215,1509,0.1388
292,1212,1504,0.1388
291,1219,1510,0.1388
289,1228,1517,0.1388
289,1219,1508,0.1388
288,1214,1502,0.1388
292,1212,1504,0.1388
293,1209,1502,0.1388
293,1209,1502,0.1388
300,1213,1513,0.1388
300,1218,1518,0.1388
298,1213,1511,0.1388
292,1218,1510,0.1388
292,1226,1518,0.1388
299,1225,1524,0.1388
296,1220,1516,0.1388
290,1230,1520,0.1388
289,1236,1525,0.1388
282,1230,1512,0.1388
279,1211,1490,0.1388
283,1218,1501,0.1388
279,1226,1505,0.1388
283,1233,1516,0.1388
277,1235,1512,0.1388
274,1233,1507,0.1388
269,1235,1504,0.1388
273,1233,1506,0.1388
274,1236,1510,0.1388
277,1237,1514,0.1388
274,1240,1514,0.1388
271,1233,1504,0.1388
274,1236,1510,0.1388
267,1231,1498,0.1388
276,1236,1512,0.1388
283,1229,1512,0.1388
282,1231,1513,0.1388
276,1235,1511,0.1388
269,1229,1498,0.1388
273,1227,1500,0.1388
270,1232,1502,0.1388
277,1240,1517,0.1388
275,1238,1513,0.1388
274,1249,1523,0.1388
276,1244,1520,0.1388
278,1243,1521,0.1388
272,1230,1502,0.1388
269,1235,1504,0.1388
271,1240,1511,0.1388
272,1239,1511,0.1388
273,1240,1513,0.1388
269,1249,1518,0.1388
269,1250,1519,0.1388
266,1247,1513,0.1388
268,1248,1516,0.1388
272,1238,1510,0.1388
269,1233,1502,0.1388
274,1229,1503,0.1388
271,1215,1486,0.1388
275,1226,1501,0.1388
278,1239,1517,0.1388
277,1248,1525,0.1388
280,1237,1517,0.1388
284,1246,1530,0.1388
279,1246,1525,0.1388
276,1251,1527,0.1388
274,1243,1517,0.1388
272,1242,1514,0.1388
267,1248,1515,0.1388
268,1248,1516,0.1388
269,1237,1506,0.1388
273,1239,1512,0.1388
275,1240,1515,0.1388
272,1246,1518,0.1388
271,1250,1521,0.1388
271,1236,1507,0.1388
267,1235,1502,0.1388
266,1236,1502,0.1388
264,1228,1492,0.1388
266,1236,1502,0.1388
266,1234,1500,0.1388
270,1237,1507,0.1388
275,1234,1509,0.1388
263,1237,1500,0.1388
265,1236,1501,0.1388
267,1227,1494,0.1388
273,1242,1515,0.1388
271,1235,1506,0.1388
271,1233,1504,0.1388
267,1251,1518,0.1388
265,1242,1507,0.1388
268,1240,1508,0.1388
267,1238,1505,0.1388
267,1245,1512,0.1388
268,1248,1516,0.1388
267,1266,1533,0.1388
263,1261,1524,0.1388
262,1252,1514,0.1388
263,1247,1510,0.1388
263,1244,1507,0.1388
261,1253,1514,0.1388
260,1238,1498,0.1388
256,1238,1494,0.1388
262,1231,1493,0.1388
262,1243,1505,0.1388
267,1255,1522,0.1388
265,1245,1510,0.1388
265,1244,1509,0.1388
264,1251,1515,0.1388
265,1265,1530,0.1388
257,1265,1522,0.1388
257,1254,1511,0.1388
263,1249,1512,0.1388
269,1247,1516,0.1388
267,1242,1509,0.1388
263,1248,1511,0.1388
261,1252,1513,0.1388
256,1249,1505,0.1388
254,1241,1495,0.1388
255,1247,1502,0.1388
254,1252,1506,0.1388
255,1243,1498,0.1388
259,1252,1511,0.1388
264,1262,1526,0.1388
257,1268,1525,0.1388
256,1259,1515,0.1388
250,1255,1505,0.1388
256,1251,1507,0.1388
256,1267,1523,0.1388
260,1282,1542,0.1388
259,1272,1531,0.1388
259,1262,1521,0.1388
256,1258,1514,0.1388
258,1255,1513,0.1388
253,1259,1512,0.1388
254,1256,1510,0.1388
256,1258,1514,0.1388
251,1257,1508,0.1388
254,1257,1511,0.1388
252,1264,1516,0.1388
247,1260,1507,0.1388
242,1254,1496,0.1388
242,1255,1497,0.1388
244,1269,1513,0.1388
241,1275,1516,0.1388
241,1287,1528,0.1388
239,1274,1513,0.1388
234,1274,1508,0.1388
233,1275,1508,0.1388
237,1281,1518,0.1388
237,1289,1526,0.1388
235,1280,1515,0.1388
232,1275,1507,0.1388
233,1274,1507,0.1388
236,1267,1503,0.1388
241,1268,1509,0.1388
241,1268,1509,0.1388
240,1270,1510,0.1388
247,1279,1526,0.1388
254,1279,1533,0.1388
256,1277,1533,0.1388
257,1271,1528,0.1388
256,1257,1513,0.1388
248,1260,1508,0.1388
250,1261,1511,0.1388
252,1258,1510,0.1388
247,1260,1507,0.1388
249,1263,1512,0.1388
246,1257,1503,0.1388
240,1256,1496,0.1388
243,1253,1496,0.1388
247,1256,1503,0.1388
247,1250,1497,0.1388
249,1258,1507,0.1388
244,1257,1501,0.1388
245,1258,1503,0.1388
249,1254,1503,0.1388
248,1246,1494,0.1388
251,1257,1508,0.1388
249,1258,1507,0.1388
249,1261,1510,0.1388
244,1268,1512,0.1388
244,1272,1516,0.1388
243,1267,1510,0.1388
244,1266,1510,0.1388
243,1265,1508,0.1388
234,1249,1483,0.1388
239,1255,1494,0.1388
240,1262,1502,0.1388
239,1261,1500,0.1388
238,1267,1505,0.1388
241,1274,1515,0.1388
234,1271,1505,0.1388
234,1276,1510,0.1388
234,1278,1512,0.1388
232,1277,1509,0.1388
231,1276,1507,0.1388
230,1275,1505,0.1388
231,1287,1518,0.1388
234,1280,1514,0.1388
235,1285,1520,0.1388
234,1279,1513,0.1388
230,1277,1507,0.1388
226,1275,1501,0.1388
229,1278,1507,0.1388
232,1285,1517,0.1388
238,1286,1524,0.1388
237,1298,1535,0.1388
235,1285,1520,0.1388
231,1285,1516,0.1388
229,1283,1512,0.1388
230,1283,1513,0.1388
231,1285,1516,0.1388
230,1294,1524,0.1388
230,1290,1520,0.1388
227,1284,1511,0.1388
222,1294,1516,0.1388
223,1291,1514,0.1388
219,1297,1516,0.1388
221,1295,1516,0.1388
218,1299,1517,0.1388
218,1302,1520,0.1388
217,1289,1506,0.1388
221,1289,1510,0.1388
226,1282,1508,0.1388
231,1283,1514,0.1388
229,1289,1518,0.1388
225,1298,1523,0.1388
222,1288,1510,0.1388
218,1294,1512,0.1388
220,1291,1511,0.1388
225,1287,1512,0.1388
224,1309,1533,0.1388
220,1304,1524,0.1388
220,1306,1526,0.1388
218,1307,1525,0.1388
211,1308,1519,0.1388
210,1301,1511,0.1388
213,1307,1520,0.1388
218,1298,1516,0.1388
215,1294,1509,0.1388
212,1297,1509,0.1388
214,1298,1512,0.1388
214,1307,1521,0.1388
214,1295,1509,0.1388
213,1298,1511,0.1388
218,1302,1520,0.1388
217,1307,1524,0.1388
214,1308,1522,0.1388
213,1308,1521,0.1388
213,1311,1524,0.1388
207,1303,1510,0.1388
206,1291,1497,0.1388
210,1286,1496,0.1388
207,1294,1501,0.1388
204,1294,1498,0.1388
205,1306,1511,0.1388
206,1306,1512,0.1388
206,1316,1522,0.1388
207,1309,1516,0.1388
209,1304,1513,0.1388
208,1308,1516,0.1388
213,1301,1514,0.1388
209,1300,1509,0.1388
206,1305,1511,0.1388
211,1306,1517,0.1388
211,1291,1502,0.1388
213,1300,1513,0.1388
213,1299,1512,0.1388
212,1301,1513,0.1388
209,1313,1522,0.1388
204,1316,1520,0.1388
206,1316,1522,0.1388
207,1321,1528,0.1388
205,1320,1525,0.1388
200,1326,1526,0.1388
201,1305,1506,0.1388
199,1304,1503,0.1388
200,1313,1513,0.1388
199,1319,1518,0.1388
196,1325,1521,0.1388
194,1323,1517,0.1388
190,1330,1520,0.1388
191,1322,1513,0.1388
191,1324,1515,0.1388
194,1319,1513,0.1388
195,1320,1515,0.1388
195,1311,1506,0.1388
196,1309,1505,0.1388
197,1299,1496,0.1388
195,1324,1519,0.1388
198,1327,1525,0.1388
197,1334,1531,0.1388
197,1326,1523,0.1388
201,1324,1525,0.1388
199,1332,1531,0.1388
200,1322,1522,0.1388
201,1317,1518,0.1388
198,1316,1514,0.1388
196,1322,1518,0.1388
197,1332,1529,0.1388
197,1329,1526,0.1388
195,1320,1515,0.1388
194,1321,1515,0.1388
193,1310,1503,0.1388
196,1322,1518,0.1388
191,1325,1516,0.1388
188,1336,1524,0.1388
191,1331,1522,0.1388
188,1330,1518,0.1388
186,1321,1507,0.1388
186,1323,1509,0.1388
181,1334,1515,0.1388
181,1342,1523,0.1388
179,1346,1525,0.1388
182,1338,1520,0.1388
180,1345,1525,0.1388
185,1348,1533,0.1388
181,1336,1517,0.1388
188,1332,1520,0.1388
187,1334,1521,0.1388
187,1329,1516,0.1388
188,1345,1533,0.1388
186,1338,1524,0.1388
183,1344,1527,0.1388
181,1330,1511,0.1388
177,1335,1512,0.1388
172,1332,1504,0.1388
171,1339,1510,0.1388
169,1341,1510,0.1388
169,1351,1520,0.1388
169,1341,1510,0.1388
166,1353,1519,0.1388
166,1358,1524,0.1388
171,1351,1522,0.1388
173,1350,1523,0.1388
175,1355,1530,0.1388
172,1356,1528,0.1388
174,1351,1525,0.1388
168,1346,1514,0.1388
169,1345,1514,0.1388
176,1339,1515,0.1388
173,1336,1509,0.1388
172,1343,1515,0.1388
175,1340,1515,0.1388
171,1322,1493,0.1388
173,1341,1514,0.1388
171,1363,1534,0.1388
170,1343,1513,0.1388
167,1344,1511,0.1388
176,1345,1521,0.1388
176,1341,1517,0.1388
171,1338,1509,0.1388
169,1339,1508,0.1388
170,1338,1508,0.1388
175,1338,1513,0.1388
175,1339,1514,0.1388
176,1331,1507,0.1388
170,1341,1511,0.1388
164,1338,1502,0.1388
170,1323,1493,0.1388
169,1332,1501,0.1388
165,1336,1501,0.1388
171,1342,1513,0.1388
173,1338,1511,0.1388
171,1335,1506,0.1388
172,1338,1510,0.1388
176,1347,1523,0.1388
175,1351,1526,0.1388
176,1350,1526,0.1388
180,1342,1522,0.1388
183,1346,1529,0.1388
179,1347,1526,0.1388
183,1355,1538,0.1388
185,1346,1531,0.1388
183,1353,1536,0.1388
184,1352,1536,0.1388
185,1352,1537,0.1388
184,1349,1533,0.1388
182,1337,1519,0.1388
182,1324,1506,0.1388
182,1327,1509,0.1388
183,1318,1501,0.1388
181,1321,1502,0.1388
179,1327,1506,0.1388
173,1324,1497,0.1388
174,1335,1509,0.1388
176,1340,1516,0.1388
173,1343,1516,0.1388
173,1339,1512,0.1388
173,1345,1518,0.1388
169,1348,1517,0.1388
170,1343,1513,0.1388
167,1343,1510,0.1388
161,1343,1504,0.1388
165,1338,1503,0.1388
166,1342,1508,0.1388
167,1332,1499,0.1388
170,1335,1505,0.1388
171,1338,1509,0.1388
173,1339,1512,0.1388
172,1348,1520,0.1388
171,1340,1511,0.1388
165,1337,1502,0.1388
168,1345,1513,0.1388
168,1348,1516,0.1388
170,1349,1519,0.1388
172,1358,1530,0.1388
170,1352,1522,0.1388
166,1335,1501,0.1388
166,1353,1519,0.1388
165,1352,1517,0.1388
167,1348,1515,0.1388
169,1351,1520,0.1388
164,1338,1502,0.1388
162,1338,1500,0.1388
156,1339,1495,0.1388
160,1338,1498,0.1388
159,1334,1493,0.1388
161,1353,1514,0.1388
162,1367,1529,0.1388
159,1382,1541,0.1388
155,1386,1541,0.1388
154,1383,1537,0.1388
155,1387,1542,0.1388
155,1367,1522,0.1388
156,1375,1531,0.1388
147,1360,1507,0.1388
147,1364,1511,0.1388
144,1359,1503,0.1388
148,1367,1515,0.1388
150,1372,1522,0.1388
146,1362,1508,0.1388
145,1366,1511,0.1388
145,1360,1505,0.1388
142,1365,1507,0.1388
140,1359,1499,0.1388
136,1372,1508,0.1388
145,1384,1529,0.1388
146,1377,1523,0.1388
148,1382,1530,0.1388
146,1367,1513,0.1388
148,1364,1512,0.1388
147,1377,1524,0.1388
143,1370,1513,0.1388
147,1369,1516,0.1388
146,1361,1507,0.1388
143,1360,1503,0.1388
141,1356,1497,0.1388
149,1365,1514,0.1388
145,1377,1522,0.1388
142,1376,1518,0.1388
141,1371,1512,0.1388
138,1365,1503,0.1388
134,1365,1499,0.1388
136,1370,1506,0.1388
136,1372,1508,0.1388
143,1374,1517,0.1388
146,1369,1515,0.1388
147,1375,1522,0.1388
145,1371,1516,0.1388
149,1366,1515,0.1388
150,1384,1534,0.1388
149,1384,1533,0.1388
150,1356,1506,0.1388
148,1350,1498,0.1388
145,1368,1513,0.1388
139,1362,1501,0.1388
140,1358,1498,0.1388
142,1361,1503,0.1388
145,1359,1504,0.1388
142,1349,1491,0.1388
141,1368,1509,0.1388
138,1376,1514,0.1388
139,1374,1513,0.1388
144,1364,1508,0.1388
142,1369,1511,0.1388
141,1363,1504,0.1388
139,1361,1500,0.1388
143,1371,1514,0.1388
138,1368,1506,0.1388
136,1370,1506,0.1388
140,1384,1524,0.1388
139,1384,1523,0.1388
139,1391,1530,0.1388
137,1402,1539,0.1388
137,1394,1531,0.1388
138,1380,1518,0.1388
138,1378,1516,0.1388
135,1383,1518,0.1388
135,1383,1518,0.1388
136,1378,1514,0.1388
137,1374,1511,0.1388
134,1383,1517,0.1388
137,1385,1522,0.1388
134,1384,1518,0.1388
131,1381,1512,0.1388
129,1390,1519,0.1388
128,1379,1507,0.1388
128,1394,1522,0.1388
128,1395,1523,0.1388
131,1383,1514,0.1388
133,1380,1513,0.1388
129,1379,1508,0.1388
133,1372,1505,0.1388
125,1376,1501,0.1388
128,1381,1509,0.1388
130,1378,1508,0.1388
130,1379,1509,0.1388
133,1373,1506,0.1388
132,1387,1519,0.1388
132,1381,1513,0.1388
131,1373,1504,0.1388
134,1387,1521,0.1388
134,1390,1524,0.1388
132,1385,1517,0.1388
132,1383,1515,0.1388
132,1377,1509,0.1388
131,1354,1485,0.1388
135,1364,1499,0.1388
135,1370,1505,0.1388
133,1378,1511,0.1388
130,1374,1504,0.1388
130,1376,1506,0.1388
130,1369,1499,0.1388
128,1376,1504,0.1388
128,1376,1504,0.1388
123,1396,1519,0.1388
121,1406,1527,0.1388
120,1401,1521,0.1388
120,1401,1521,0.1388
118,1400,1518,0.1388
119,1400,1519,0.1388
119,1406,1525,0.1388
120,1407,1527,0.1388
120,1417,1537,0.1388
119,1416,1535,0.1388
120,1397,1517,0.1388
124,1391,1515,0.1388
124,1395,1519,0.1388
123,1395,1518,0.1388
121,1406,1527,0.1388
121,1406,1527,0.1388
118,1397,1515,0.1388
116,1387,1503,0.1388
114,1391,1505,0.1388
116,1393,1509,0.1388
117,1394,1511,0.1388
119,1401,1520,0.1388
119,1388,1507,0.1388
120,1406,1526,0.1388
119,1410,1529,0.1388
115,1407,1522,0.1388
115,1401,1516,0.1388
113,1399,1512,0.1388
113,1406,1519,0.1388
114,1411,1525,0.1388
110,1405,1515,0.1388
108,1410,1518,0.1388
110,1408,1518,0.1388
109,1415,1524,0.1388
109,1412,1521,0.1388
113,1405,1518,0.1388
114,1396,1510,0.1388
115,1398,1513,0.1388
116,1398,1514,0.1388
114,1394,1508,0.1388
116,1387,1503,0.1388
117,1395,1512,0.1388
111,1408,1519,0.1388
114,1408,1522,0.1388
112,1400,1512,0.1388
110,1402,1512,0.1388
108,1407,1515,0.1388
109,1409,1518,0.1388
109,1427,1536,0.1388
108,1429,1537,0.1388
107,1411,1518,0.1388
106,1408,1514,0.1388
102,1406,1508,0.1388
103,1421,1524,0.1388
107,1411,1518,0.1388
105,1414,1519,0.1388
104,1412,1516,0.1388
106,1405,1511,0.1388
105,1399,1504,0.1388
105,1400,1505,0.1388
107,1400,1507,0.1388
106,1392,1498,0.1388
107,1401,1508,0.1388
107,1399,1506,0.1388
109,1395,1504,0.1388
106,1414,1520,0.1388
108,1400,1508,0.1388
106,1401,1507,0.1388
106,1410,1516,0.1388
104,1405,1509,0.1388
104,1404,1508,0.1388
101,1402,1503,0.1388
99,1416,1515,0.1388
100,1407,1507,0.1388
100,1410,1510,0.1388
103,1425,1528,0.1388
102,1416,1518,0.1388
98,1400,1498,0.1388
96,1415,1511,0.1388
100,1423,1523,0.1388
101,1431,1532,0.1388
101,1419,1520,0.1388
103,1398,1501,0.1388
104,1406,1510,0.1388
102,1398,1500,0.1388
103,1393,1496,0.1388
102,1411,1513,0.1388
106,1402,1508,0.1388
105,1403,1508,0.1388
107,1399,1506,0.1388
103,1397,1500,0.1388
104,1414,1518,0.1388
103,1402,1505,0.1388
100,1394,1494,0.1388
100,1411,1511,0.1388
103,1413,1516,0.1388
105,1411,1516,0.1388
102,1422,1524,0.1388
102,1415,1517,0.1388
104,1416,1520,0.1388
102,1400,1502,0.1388
105,1410,1515,0.1388
108,1403,1511,0.1388
107,1391,1498,0.1388
103,1403,1506,0.1388
105,1400,1505,0.1388
109,1398,1507,0.1388
110,1405,1515,0.1388
111,1402,1513,0.1388
108,1396,1504,0.1388
105,1402,1507,0.1388
100,1397,1497,0.1388
101,1402,1503,0.1388
105,1406,1511,0.1388
104,1413,1517,0.1388
102,1414,1516,0.1388
101,1425,1526,0.1388
103,1427,1530,0.1388
104,1415,1519,0.1388
104,1413,1517,0.1388
105,1401,1506,0.1388
103,1411,1514,0.1388
107,1410,1517,0.1388
106,1421,1527,0.1388
112,1426,1538,0.1388
109,1413,1522,0.1388
110,1409,1519,0.1388
107,1406,1513,0.1388
107,1409,1516,0.1388
109,1418,1527,0.1388
106,1418,1524,0.1388
104,1413,1517,0.1388
104,1414,1518,0.1388
105,1416,1521,0.1388
105,1411,1516,0.1388
104,1411,1515,0.1388
101,1416,1517,0.1388
102,1425,1527,0.1388
101,1421,1522,0.1388
104,1398,1502,0.1388
99,1393,1492,0.1388
100,1388,1488,0.1388
99,1406,1505,0.1388
97,1416,1513,0.1388
95,1424,1519,0.1388
95,1415,1510,0.1388
94,1414,1508,0.1388
97,1412,1509,0.1388
96,1431,1527,0.1388
96,1417,1513,0.1388
96,1423,1519,0.1388
95,1427,1522,0.1388
92,1435,1527,0.1388
92,1438,1530,0.1388
91,1425,1516,0.1388
94,1435,1529,0.1388
95,1423,1518,0.1388
95,1425,1520,0.1388
96,1431,1527,0.1388
101,1415,1516,0.1388
95,1414,1509,0.1388
97,1428,1525,0.1388
97,1433,1530,0.1388
93,1427,1520,0.1388
95,1421,1516,0.1388
95,1426,1521,0.1388
95,1417,1512,0.1388
98,1420,1518,0.1388
97,1417,1514,0.1388
95,1433,1528,0.1388
95,1419,1514,0.1388
96,1418,1514,0.1388
95,1426,1521,0.1388
96,1411,1507,0.1388
95,1424,1519,0.1388
97,1419,1516,0.1388
95,1423,1518,0.1388
97,1414,1511,0.1388
94,1414,1508,0.1388
93,1411,1504,0.1388
94,1401,1495,0.1388
94,1393,1487,0.1388
97,1416,1513,0.1388
96,1424,1520,0.1388
96,1408,1504,0.1388
99,1388,1487,0.1388
94,1418,1512,0.1388
94,1414,1508,0.1388
98,1407,1505,0.1388
98,1411,1509,0.1388
99,1427,1526,0.1388
101,1422,1523,0.1388
96,1427,1523,0.1388
93,1427,1520,0.1388
93,1412,1505,0.1388
98,1422,1520,0.1388
100,1412,1512,0.1388
99,1413,1512,0.1388
100,1421,1521,0.1388
99,1424,1523,0.1388
99,1417,1516,0.1388
98,1408,1506,0.1388
97,1399,1496,0.1388
101,1395,1496,0.1388
98,1414,1512,0.1388
99,1412,1511,0.1388
103,1414,1517,0.1388
100,1419,1519,0.1388
99,1427,1526,0.1388
100,1432,1532,0.1388
101,1414,1515,0.1388
102,1418,1520,0.1388
102,1422,1524,0.1388
104,1428,1532,0.1388
104,1421,1525,0.1388
100,1423,1523,0.1388
101,1411,1512,0.1388
101,1419,1520,0.1388
101,1407,1508,0.1388
101,1416,1517,0.1388
103,1407,1510,0.1388
102,1413,1515,0.1388
100,1403,1503,0.1388
99,1404,1503,0.1388
101,1414,1515,0.1388
99,1408,1507,0.1388
100,1426,1526,0.1388
102,1416,1518,0.1388
103,1412,1515,0.1388
102,1409,1511,0.1388
103,1405,1508,0.1388
102,1420,1522,0.1388
102,1416,1518,0.1388
102,1412,1514,0.1388
103,1415,1518,0.1388
98,1411,1509,0.1388
99,1420,1519,0.1388
100,1410,1510,0.1388
100,1407,1507,0.1388
99,1407,1506,0.1388
101,1409,1510,0.1388
97,1401,1498,0.1388
96,1405,1501,0.1388
96,1419,1515,0.1388
98,1420,1518,0.1388
96,1428,1524,0.1388
92,1435,1527,0.1388
95,1419,1514,0.1388
96,1418,1514,0.1388
93,1419,1512,0.1388
96,1425,1521,0.1388
98,1437,1535,0.1388
98,1426,1524,0.1388
99,1417,1516,0.1388
100,1411,1511,0.1388
97,1419,1516,0.1388
99,1417,1516,0.1388
100,1420,1520,0.1388
100,1420,1520,0.1388
99,1408,1507,0.1388
94,1413,1507,0.1388
96,1410,1506,0.1388
94,1407,1501,0.1388
94,1411,1505,0.1388
97,1406,1503,0.1388
98,1413,1511,0.1388
95,1419,1514,0.1388
96,1421,1517,0.1388
98,1415,1513,0.1388
99,1417,1516,0.1388
99,1407,1506,0.1388
99,1399,1498,0.1388
103,1398,1501,0.1388
105,1410,1515,0.1388
105,1409,1514,0.1388
103,1419,1522,0.1388
103,1421,1524,0.1388
105,1416,1521,0.1388
103,1415,1518,0.1388
101,1408,1509,0.1388
102,1410,1512,0.1388
101,1415,1516,0.1388
98,1412,1510,0.1388
97,1427,1524,0.1388
96,1435,1531,0.1388
94,1421,1515,0.1388
92,1411,1503,0.1388
94,1427,1521,0.1388
93,1440,1533,0.1388
95,1434,1529,0.1388
92,1437,1529,0.1388
90,1426,1516,0.1388
92,1437,1529,0.1388
93,1436,1529,0.1388
92,1434,1526,0.1388
91,1436,1527,0.1388
90,1439,1529,0.1388
88,1438,1526,0.1388
87,1438,1525,0.1388
86,1440,1526,0.1388
85,1423,1508,0.1388
86,1415,1501,0.1388
86,1414,1500,0.1388
82,1434,1516,0.1388
80,1427,1507,0.1388
83,1418,1501,0.1388
85,1426,1511,0.1388
82,1426,1508,0.1388
83,1426,1509,0.1388
84,1439,1523,0.1388
81,1452,1533,0.1388
80,1453,1533,0.1388
82,1445,1527,0.1388
82,1427,1509,0.1388
81,1426,1507,0.1388
82,1416,1498,0.1388
83,1419,1502,0.1388
83,1414,1497,0.1388
81,1419,1500,0.1388
80,1417,1497,0.1388
83,1424,1507,0.1388
83,1429,1512,0.1388
85,1427,1512,0.1388
84,1424,1508,0.1388
84,1421,1505,0.1388
83,1421,1504,0.1388
82,1440,1522,0.1388
86,1438,1524,0.1388
84,1439,1523,0.1388
85,1443,1528,0.1388
81,1460,1541,0.1388
80,1452,1532,0.1388
81,1441,1522,0.1388
80,1436,1516,0.1388
80,1434,1514,0.1388
81,1427,1508,0.1388
81,1431,1512,0.1388
80,1433,1513,0.1388
78,1438,1516,0.1388
78,1431,1509,0.1388
73,1446,1519,0.1388
75,1445,1520,0.1388
76,1448,1524,0.1388
74,1447,1521,0.1388
74,1442,1516,0.1388
77,1450,1527,0.1388
77,1441,1518,0.1388
77,1439,1516,0.1388
78,1432,1510,0.1388
78,1447,1525,0.1388
77,1452,1529,0.1388
78,1441,1519,0.1388
78,1436,1514,0.1388
76,1455,1531,0.1388
78,1447,1525,0.1388
77,1450,1527,0.1388
76,1437,1513,0.1388
73,1445,1518,0.1388
67,1426,1493,0.1388
66,1442,1508,0.1388
67,1444,1511,0.1388
65,1448,1513,0.1388
66,1443,1509,0.1388
66,1445,1511,0.1388
64,1451,1515,0.1388
64,1462,1526,0.1388
66,1444,1510,0.1388
66,1446,1512,0.1388
64,1438,1502,0.1388
65,1440,1505,0.1388
67,1440,1507,0.1388
68,1426,1494,0.1388
67,1434,1501,0.1388
66,1432,1498,0.1388
67,1429,1496,0.1388
69,1434,1503,0.1388
69,1447,1516,0.1388
70,1444,1514,0.1388
68,1453,1521,0.1388
69,1455,1524,0.1388
68,1440,1508,0.1388
68,1453,1521,0.1388
67,1452,1519,0.1388
65,1444,1509,0.1388
67,1438,1505,0.1388
65,1436,1501,0.1388
67,1442,1509,0.1388
67,1434,1501,0.1388
68,1442,1510,0.1388
70,1440,1510,0.1388
68,1436,1504,0.1388
68,1446,1514,0.1388
70,1449,1519,0.1388
67,1452,1519,0.1388
66,1448,1514,0.1388
67,1449,1516,0.1388
65,1463,1528,0.1388
65,1459,1524,0.1388
62,1465,1527,0.1388
61,1484,1545,0.1388
65,1476,1541,0.1388
65,1470,1535,0.1388
63,1465,1528,0.1388
65,1458,1523,0.1388
67,1462,1529,0.1388
67,1441,1508,0.1388
67,1446,1513,0.1388
69,1441,1510,0.1388
70,1439,1509,0.1388
70,1447,1517,0.1388
71,1455,1526,0.1388
69,1456,1525,0.1388
70,1441,1511,0.1388
68,1443,1511,0.1388
69,1443,1512,0.1388
69,1453,1522,0.1388
70,1463,1533,0.1388
75,1449,1524,0.1388
76,1447,1523,0.1388
76,1450,1526,0.1388
73,1448,1521,0.1388
72,1452,1524,0.1388
70,1448,1518,0.1388
68,1449,1517,0.1388
70,1448,1518,0.1388
72,1446,1518,0.1388
73,1449,1522,0.1388
72,1452,1524,0.1388
71,1448,1519,0.1388
67,1440,1507,0.1388
67,1455,1522,0.1388
65,1468,1533,0.1388
63,1457,1520,0.1388
66,1457,1523,0.1388
66,1454,1520,0.1388
66,1471,1537,0.1388
64,1456,1520,0.1388
63,1453,1516,0.1388
62,1454,1516,0.1388
64,1455,1519,0.1388
63,1457,1520,0.1388
61,1462,1523,0.1388
64,1442,1506,0.1388
65,1430,1495,0.1388
64,1441,1505,0.1388
65,1450,1515,0.1388
66,1456,1522,0.1388
66,1457,1523,0.1388
66,1469,1535,0.1388
65,1465,1530,0.1388
66,1463,1529,0.1388
64,1459,1523,0.1388
64,1453,1517,0.1388
64,1445,1509,0.1388
64,1461,1525,0.1388
64,1468,1532,0.1388
63,1465,1528,0.1388
63,1463,1526,0.1388
61,1448,1509,0.1388
62,1442,1504,0.1388
60,1454,1514,0.1388
62,1447,1509,0.1388
61,1444,1505,0.1388
60,1436,1496,0.1388
61,1453,1514,0.1388
59,1456,1515,0.1388
60,1451,1511,0.1388
60,1445,1505,0.1388
61,1447,1508,0.1388
61,1461,1522,0.1388
60,1467,1527,0.1388
58,1449,1507,0.1388
61,1459,1520,0.1388
62,1453,1515,0.1388
61,1459,1520,0.1388
63,1445,1508,0.1388
62,1431,1493,0.1388
63,1428,1491,0.1388
63,1439,1502,0.1388
62,1425,1487,0.1388
63,1434,1497,0.1388
62,1452,1514,0.1388
63,1436,1499,0.1388
60,1445,1505,0.1388
64,1450,1514,0.1388
62,1457,1519,0.1388
63,1461,1524,0.1388
66,1461,1527,0.1388
66,1453,1519,0.1388
66,1468,1534,0.1388
65,1455,1520,0.1388
64,1455,1519,0.1388
64,1466,1530,0.1388
64,1455,1519,0.1388
65,1461,1526,0.1388
65,1462,1527,0.1388
65,1456,1521,0.1388
66,1462,1528,0.1388
64,1456,1520,0.1388
63,1460,1523,0.1388
59,1462,1521,0.1388
61,1467,1528,0.1388
61,1450,1511,0.1388
59,1435,1494,0.1388
62,1443,1505,0.1388
62,1431,1493,0.1388
60,1447,1507,0.1388
62,1451,1513,0.1388
61,1453,1514,0.1388
59,1461,1520,0.1388
58,1454,1512,0.1388
57,1453,1510,0.1388
58,1457,1515,0.1388
57,1446,1503,0.1388
57,1466,1523,0.1388
59,1469,1528,0.1388
55,1476,1531,0.1388
54,1468,1522,0.1388
51,1447,1498,0.1388
51,1448,1499,0.1388
51,1456,1507,0.1388
52,1455,1507,0.1388
48,1455,1503,0.1388
45,1448,1493,0.1388
47,1466,1513,0.1388
45,1458,1503,0.1388
47,1466,1513,0.1388
46,1467,1513,0.1388
45,1472,1517,0.1388
47,1469,1516,0.1388
46,1478,1524,0.1388
45,1475,1520,0.1388
45,1484,1529,0.1388
47,1475,1522,0.1388
46,1465,1511,0.1388
48,1474,1522,0.1388
48,1466,1514,0.1388
51,1473,1524,0.1388
48,1473,1521,0.1388
48,1468,1516,0.1388
48,1468,1516,0.1388
48,1467,1515,0.1388
48,1455,1503,0.1388
48,1450,1498,0.1388
48,1450,1498,0.1388
46,1462,1508,0.1388
46,1481,1527,0.1388
47,1471,1518,0.1388
45,1472,1517,0.1388
45,1464,1509,0.1388
46,1472,1518,0.1388
47,1486,1533,0.1388
44,1475,1519,0.1388
43,1474,1517,0.1388
41,1474,1515,0.1388
42,1475,1517,0.1388
45,1481,1526,0.1388
43,1474,1517,0.1388
43,1465,1508,0.1388
44,1462,1506,0.1388
43,1466,1509,0.1388
41,1473,1514,0.1388
43,1470,1513,0.1388
43,1470,1513,0.1388
43,1477,1520,0.1388
43,1476,1519,0.1388
44,1481,1525,0.1388
44,1457,1501,0.1388
44,1452,1496,0.1388
45,1465,1510,0.1388
45,1466,1511,0.1388
42,1471,1513,0.1388
42,1469,1511,0.1388
43,1475,1518,0.1388
43,1477,1520,0.1388
45,1488,1533,0.1388
45,1490,1535,0.1388
45,1477,1522,0.1388
44,1475,1519,0.1388
43,1475,1518,0.1388
44,1470,1514,0.1388
44,1468,1512,0.1388
44,1457,1501,0.1388
42,1463,1505,0.1388
41,1467,1508,0.1388
42,1468,1510,0.1388
43,1468,1511,0.1388
44,1464,1508,0.1388
43,1477,1520,0.1388
43,1477,1520,0.1388
40,1469,1509,0.1388
43,1470,1513,0.1388
41,1465,1506,0.1388
40,1469,1509,0.1388
39,1473,1512,0.1388
38,1467,1505,0.1388
38,1483,1521,0.1388
38,1477,1515,0.1388
37,1473,1510,0.1388
37,1469,1506,0.1388
38,1476,1514,0.1388
37,1480,1517,0.1388
38,1478,1516,0.1388
38,1474,1512,0.1388
37,1471,1508,0.1388
38,1486,1524,0.1388
35,1475,1510,0.1388
35,1483,1518,0.1388
34,1473,1507,0.1388
35,1479,1514,0.1388
35,1483,1518,0.1388
37,1468,1505,0.1388
39,1468,1507,0.1388
40,1456,1496,0.1388
40,1471,1511,0.1388
39,1476,1515,0.1388
39,1483,1522,0.1388
40,1478,1518,0.1388
37,1467,1504,0.1388
39,1477,1516,0.1388
40,1473,1513,0.1388
40,1471,1511,0.1388
40,1482,1522,0.1388
40,1473,1513,0.1388
38,1480,1518,0.1388
42,1487,1529,0.1388
41,1484,1525,0.1388
40,1476,1516,0.1388
40,1464,1504,0.1388
38,1472,1510,0.1388
38,1473,1511,0.1388
39,1475,1514,0.1388
35,1465,1500,0.1388
38,1466,1504,0.1388
40,1474,1514,0.1388
41,1469,1510,0.1388
40,1459,1499,0.1388
42,1471,1513,0.1388
45,1480,1525,0.1388
44,1475,1519,0.1388
43,1464,1507,0.1388
41,1463,1504,0.1388
42,1456,1498,0.1388
42,1470,1512,0.1388
40,1456,1496,0.1388
42,1461,1503,0.1388
43,1470,1513,0.1388
43,1471,1514,0.1388
43,1488,1531,0.1388
44,1482,1526,0.1388
42,1491,1533,0.1388
40,1488,1528,0.1388
39,1487,1526,0.1388
36,1470,1506,0.1388
33,1488,1521,0.1388
33,1473,1506,0.1388
34,1480,1514,0.1388
35,1476,1511,0.1388
36,1468,1504,0.1388
36,1478,1514,0.1388
36,1482,1518,0.1388
35,1472,1507,0.1388
35,1483,1518,0.1388
35,1482,1517,0.1388
34,1492,1526,0.1388
32,1483,1515,0.1388
34,1474,1508,0.1388
34,1480,1514,0.1388
33,1471,1504,0.1388
32,1484,1516,0.1388
33,1480,1513,0.1388
30,1480,1510,0.1388
32,1470,1502,0.1388
32,1478,1510,0.1388
32,1484,1516,0.1388
31,1477,1508,0.1388
31,1475,1506,0.1388
30,1479,1509,0.1388
30,1473,1503,0.1388
28,1475,1503,0.1388
28,1474,1502,0.1388
28,1469,1497,0.1388
31,1467,1498,0.1388
32,1469,1501,0.1388
33,1475,1508,0.1388
32,1477,1509,0.1388
30,1487,1517,0.1388
31,1492,1523,0.1388
31,1488,1519,0.1388
30,1495,1525,0.1388
27,1499,1526,0.1388
27,1493,1520,0.1388
25,1477,1502,0.1388
25,1482,1507,0.1388
25,1470,1495,0.1388
26,1475,1501,0.1388
26,1492,1518,0.1388
27,1488,1515,0.1388
28,1497,1525,0.1388
28,1489,1517,0.1388
25,1479,1504,0.1388
24,1491,1515,0.1388
26,1494,1520,0.1388
24,1499,1523,0.1388
24,1496,1520,0.1388
24,1492,1516,0.1388
25,1488,1513,0.1388
24,1492,1516,0.1388
24,1497,1521,0.1388
23,1495,1518,0.1388
21,1500,1521,0.1388
22,1482,1504,0.1388
22,1492,1514,0.1388
22,1480,1502,0.1388
21,1477,1498,0.1388
22,1481,1503,0.1388
23,1488,1511,0.1388
24,1488,1512,0.1388
24,1493,1517,0.1388
23,1495,1518,0.1388
21,1504,1525,0.1388
20,1499,1519,0.1388
20,1498,1518,0.1388
20,1494,1514,0.1388
20,1504,1524,0.1388
21,1492,1513,0.1388
22,1488,1510,0.1388
22,1487,1509,0.1388
22,1486,1508,0.1388
22,1495,1517,0.1388
20,1506,1526,0.1388
21,1494,1515,0.1388
19,1494,1513,0.1388
19,1494,1513,0.1388
18,1490,1508,0.1388
18,1493,1511,0.1388
18,1481,1499,0.1388
18,1479,1497,0.1388
17,1489,1506,0.1388
17,1490,1507,0.1388
14,1491,1505,0.1388
16,1495,1511,0.1388
16,1496,1512,0.1388
16,1495,1511,0.1388
15,1502,1517,0.1388
13,1505,1518,0.1388
14,1512,1526,0.1388
14,1491,1505,0.1388
14,1492,1506,0.1388
12,1509,1521,0.1388
12,1518,1530,0.1388
12,1512,1524,0.1388
12,1508,1520,0.1388
13,1504,1517,0.1388
13,1509,1522,0.1388
13,1507,1520,0.1388
13,1507,1520,0.1388
13,1496,1509,0.1388
14,1502,1516,0.1388
12,1500,1512,0.1388
12,1508,1520,0.1388
12,1501,1513,0.1388
12,1495,1507,0.1388
12,1501,1513,0.1388
13,1498,1511,0.1388
12,1504,1516,0.1388
13,1499,1512,0.1388
14,1504,1518,0.1388
15,1495,1510,0.1388
15,1499,1514,0.1388
14,1495,1509,0.1388
14,1490,1504,0.1388
14,1497,1511,0.1388
14,1501,1515,0.1388
14,1481,1495,0.1388
13,1500,1513,0.1388
13,1503,1516,0.1388
12,1500,1512,0.1388
12,1509,1521,0.1388
12,1502,1514,0.1388
12,1503,1515,0.1388
12,1501,1513,0.1388
12,1496,1508,0.1388
12,1502,1514,0.1388
12,1508,1520,0.1388
15,1521,1536,0.1388
16,1519,1535,0.1388
16,1505,1521,0.1388
16,1509,1525,0.1388
15,1509,1524,0.1388
14,1494,1508,0.1388
12,1514,1526,0.1388
12,1516,1528,0.1388
12,1527,1539,0.1388
13,1513,1526,0.1388
13,1515,1528,0.1388
13,1501,1514,0.1388
13,1510,1523,0.1388
13,1511,1524,0.1388
14,1517,1531,0.1388
14,1509,1523,0.1388
15,1504,1519,0.1388
14,1499,1513,0.1388
14,1513,1527,0.1388
14,1495,1509,0.1388
16,1495,1511,0.1388
15,1494,1509,0.1388
15,1497,1512,0.1388
15,1502,1517,0.1388
14,1515,1529,0.1388
15,1516,1531,0.1388
15,1507,1522,0.1388
16,1488,1504,0.1388
16,1492,1508,0.1388
16,1503,1519,0.1388
16,1503,1519,0.1388
16,1509,1525,0.1388
16,1505,1521,0.1388
15,1494,1509,0.1388
16,1502,1518,0.1388
15,1510,1525,0.1388
15,1509,1524,0.1388
15,1499,1514,0.1388
15,1508,1523,0.1388
15,1494,1509,0.1388
15,1505,1520,0.1388
15,1495,1510,0.1388
15,1500,1515,0.1388
14,1504,1518,0.1388
15,1500,1515,0.1388
15,1495,1510,0.1388
15,1500,1515,0.1388
16,1504,1520,0.1388
16,1510,1526,0.1388
17,1512,1529,0.1388
18,1499,1517,0.1388
19,1484,1503,0.1388
18,1501,1519,0.1388
19,1485,1504,0.1388
19,1492,1511,0.1388
20,1505,1525,0.1388
20,1485,1505,0.1388
20,1482,1502,0.1388
21,1480,1501,0.1388
21,1484,1505,0.1388
20,1484,1504,0.1388
20,1486,1506,0.1388
21,1490,1511,0.1388
21,1492,1513,0.1388
21,1495,1516,0.1388
21,1504,1525,0.1388
20,1514,1534,0.1388
18,1511,1529,0.1388
17,1499,1516,0.1388
17,1491,1508,0.1388
14,1494,1508,0.1388
14,1482,1496,0.1388
13,1485,1498,0.1388
13,1499,1512,0.1388
13,1503,1516,0.1388
13,1507,1520,0.1388
14,1508,1522,0.1388
14,1494,1508,0.1388
13,1500,1513,0.1388
11,1501,1512,0.1388
12,1499,1511,0.1388
13,1507,1520,0.1388
13,1508,1521,0.1388
13,1500,1513,0.1388
11,1509,1520,0.1388
11,1494,1505,0.1388
11,1494,1505,0.1388
11,1508,1519,0.1388
11,1507,1518,0.1388
11,1513,1524,0.1388
10,1515,1525,0.1388
10,1508,1518,0.1388
11,1505,1516,0.1388
11,1507,1518,0.1388
11,1503,1514,0.1388
11,1519,1530,0.1388
11,1514,1525,0.1388
12,1515,1527,0.1388
14,1504,1518,0.1388
14,1517,1531,0.1388
14,1516,1530,0.1388
14,1506,1520,0.1388
14,1503,1517,0.1388
14,1507,1521,0.1388
14,1501,1515,0.1388
14,1500,1514,0.1388
14,1502,1516,0.1388
14,1496,1510,0.1388
15,1506,1521,0.1388
14,1496,1510,0.1388
13,1507,1520,0.1388
14,1498,1512,0.1388
13,1503,1516,0.1388
12,1503,1515,0.1388
13,1506,1519,0.1388
14,1507,1521,0.1388
13,1506,1519,0.1388
13,1511,1524,0.1388
13,1502,1515,0.1388
13,1499,1512,0.1388
12,1520,1532,0.1388
11,1516,1527,0.1388
11,1505,1516,0.1388
11,1507,1518,0.1388
11,1510,1521,0.1388
12,1512,1524,0.1388
12,1511,1523,0.1388
12,1525,1537,0.1388
13,1514,1527,0.1388
13,1516,1529,0.1388
12,1524,1536,0.1388
12,1510,1522,0.1388
13,1509,1522,0.1388
13,1505,1518,0.1388
13,1488,1501,0.1388
14,1501,1515,0.1388
14,1499,1513,0.1388
14,1502,1516,0.1388
14,1492,1506,0.1388
14,1502,1516,0.1388
14,1505,1519,0.1388
14,1502,1516,0.1388
13,1498,1511,0.1388
14,1497,1511,0.1388
15,1510,1525,0.1388
14,1501,1515,0.1388
14,1504,1518,0.1388
14,1516,1530,0.1388
13,1505,1518,0.1388
13,1508,1521,0.1388
13,1502,1515,0.1388
13,1504,1517,0.1388
12,1515,1527,0.1388
12,1502,1514,0.1388
13,1512,1525,0.1388
13,1506,1519,0.1388
14,1503,1517,0.1388
13,1506,1519,0.1388
13,1505,1518,0.1388
12,1496,1508,0.1388
12,1500,1512,0.1388
12,1487,1499,0.1388
12,1495,1507,0.1388
12,1494,1506,0.1388
12,1489,1501,0.1388
14,1486,1500,0.1388
13,1483,1496,0.1388
14,1503,1517,0.1388
16,1509,1525,0.1388
15,1506,1521,0.1388
15,1500,1515,0.1388
15,1498,1513,0.1388
13,1498,1511,0.1388
13,1493,1506,0.1388
15,1504,1519,0.1388
14,1509,1523,0.1388
13,1496,1509,0.1388
14,1506,1520,0.1388
13,1508,1521,0.1388
14,1503,1517,0.1388
15,1500,1515,0.1388
14,1492,1506,0.1388
14,1503,1517,0.1388
15,1503,1518,0.1388
14,1508,1522,0.1388
13,1509,1522,0.1388
12,1523,1535,0.1388
12,1503,1515,0.1388
13,1499,1512,0.1388
12,1501,1513,0.1388
11,1506,1517,0.1388
12,1498,1510,0.1388
11,1503,1514,0.1388
11,1502,1513,0.1388
11,1497,1508,0.1388
11,1496,1507,0.1388
12,1491,1503,0.1388
12,1495,1507,0.1388
11,1496,1507,0.1388
11,1500,1511,0.1388
11,1504,1515,0.1388
12,1488,1500,0.1388
12,1507,1519,0.1388
11,1499,1510,0.1388
11,1501,1512,0.1388
10,1502,1512,0.1388
11,1511,1522,0.1388
9,1500,1509,0.1388
10,1508,1518,0.1388
9,1513,1522,0.1388
9,1503,1512,0.1388
9,1512,1521,0.1388
9,1516,1525,0.1388
9,1504,1513,0.1388
8,1512,1520,0.1388
8,1496,1504,0.1388
9,1508,1517,0.1388
7,1504,1511,0.1388
8,1504,1512,0.1388
8,1508,1516,0.1388
7,1510,1517,0.1388
8,1516,1524,0.1388
8,1520,1528,0.1388
8,1525,1533,0.1388
8,1513,1521,0.1388
8,1498,1506,0.1388
9,1499,1508,0.1388
8,1513,1521,0.1388
8,1511,1519,0.1388
8,1513,1521,0.1388
8,1499,1507,0.1388
9,1494,1503,0.1388
9,1496,1505,0.1388
9,1501,1510,0.1388
10,1505,1515,0.1388
8,1513,1521,0.1388
8,1518,1526,0.1388
10,1520,1530,0.1388
10,1514,1524,0.1388
11,1510,1521,0.1388
11,1509,1520,0.1388
11,1497,1508,0.1388
11,1504,1515,0.1388
11,1509,1520,0.1388
10,1505,1515,0.1388
10,1500,1510,0.1388
10,1501,1511,0.1388
8,1510,1518,0.1388
9,1504,1513,0.1388
9,1514,1523,0.1388
9,1514,1523,0.1388
9,1524,1533,0.1388
12,1515,1527,0.1388
10,1529,1539,0.1388
10,1501,1511,0.1388
10,1511,1521,0.1388
10,1503,1513,0.1388
8,1493,1501,0.1388
8,1482,1490,0.1388
8,1493,1501,0.1388
6,1506,1512,0.1388
6,1512,1518,0.1388
6,1510,1516,0.1388
6,1518,1524,0.1388
7,1511,1518,0.1388
7,1522,1529,0.1388
7,1507,1514,0.1388
7,1499,1506,0.1388
7,1515,1522,0.1388
6,1514,1520,0.1388
6,1518,1524,0.1388
6,1522,1528,0.1388
6,1522,1528,0.1388
6,1511,1517,0.1388
6,1518,1524,0.1388
6,1527,1533,0.1388
6,1520,1526,0.1388
5,1523,1528,0.1388
5,1522,1527,0.1388
5,1515,1520,0.1388
5,1519,1524,0.1388
6,1513,1519,0.1388
6,1520,1526,0.1388
5,1513,1518,0.1388
5,1511,1516,0.1388
5,1510,1515,0.1388
5,1513,1518,0.1388
5,1506,1511,0.1388
5,1499,1504,0.1388
5,1502,1507,0.1388
5,1511,1516,0.1388
5,1504,1509,0.1388
5,1513,1518,0.1388
5,1510,1515,0.1388
5,1503,1508,0.1388
5,1505,1510,0.1388
5,1506,1511,0.1388
5,1516,1521,0.1388
5,1506,1511,0.1388
5,1514,1519,0.1388
5,1513,1518,0.1388
5,1510,1515,0.1388
5,1514,1519,0.1388
5,1514,1519,0.1388
5,1526,1531,0.1388
5,1520,1525,0.1388
5,1518,1523,0.1388
5,1523,1528,0.1388
5,1522,1527,0.1388
5,1523,1528,0.1388
5,1527,1532,0.1388
5,1509,1514,0.1388
5,1513,1518,0.1388
5,1511,1516,0.1388
5,1520,1525,0.1388
5,1528,1533,0.1388
4,1528,1532,0.1388
3,1523,1526,0.1388
2,1514,1516,0.1388
2,1509,1511,0.1388
2,1507,1509,0.1388
2,1507,1509,0.1388
2,1504,1506,0.1388
2,1510,1512,0.1388
2,1501,1503,0.1388
2,1514,1516,0.1388
2,1502,1504,0.1388
2,1509,1511,0.1388
2,1510,1512,0.1388
2,1502,1504,0.1388
3,1493,1496,0.1388
3,1503,1506,0.1388
4,1494,1498,0.1388
4,1507,1511,0.1388
4,1508,1512,0.1388
5,1508,1513,0.1388
5,1504,1509,0.1388
5,1507,1512,0.1388
5,1501,1506,0.1388
5,1504,1509,0.1388
5,1503,1508,0.1388
4,1522,1526,0.1388
4,1520,1524,0.1388
4,1518,1522,0.1388
4,1522,1526,0.1388
4,1515,1519,0.1388
4,1513,1517,0.1388
5,1521,1526,0.1388
5,1526,1531,0.1388
5,1513,1518,0.1388
5,1503,1508,0.1388
4,1518,1522,0.1388
4,1507,1511,0.1388
4,1511,1515,0.1388
4,1519,1523,0.1388
4,1516,1520,0.1388
4,1521,1525,0.1388
4,1521,1525,0.1388
4,1517,1521,0.1388
4,1508,1512,0.1388
4,1523,1527,0.1388
4,1526,1530,0.1388
4,1514,1518,0.1388
4,1521,1525,0.1388
4,1506,1510,0.1388
4,1508,1512,0.1388
4,1515,1519,0.1388
4,1521,1525,0.1388
4,1529,1533,0.1388
4,1521,1525,0.1388
4,1534,1538,0.1388
4,1518,1522,0.1388
4,1520,1524,0.1388
4,1509,1513,0.1388
4,1517,1521,0.1388
4,1497,1501,0.1388
4,1497,1501,0.1388
5,1509,1514,0.1388
5,1502,1507,0.1388
4,1489,1493,0.1388
4,1498,1502,0.1388
5,1505,1510,0.1388
6,1503,1509,0.1388
6,1514,1520,0.1388
5,1494,1499,0.1388
5,1495,1500,0.1388
5,1503,1508,0.1388
5,1511,1516,0.1388
5,1514,1519,0.1388
4,1520,1524,0.1388
3,1507,1510,0.1388
3,1509,1512,0.1388
3,1505,1508,0.1388
4,1514,1518,0.1388
4,1512,1516,0.1388
4,1522,1526,0.1388
4,1513,1517,0.1388
4,1520,1524,0.1388
4,1509,1513,0.1388
4,1527,1531,0.1388
4,1525,1529,0.1388
4,1507,1511,0.1388
5,1508,1513,0.1388
5,1503,1508,0.1388
6,1497,1503,0.1388
6,1501,1507,0.1388
6,1494,1500,0.1388
6,1509,1515,0.1388
6,1498,1504,0.1388
6,1504,1510,0.1388
7,1494,1501,0.1388
8,1509,1517,0.1388
8,1514,1522,0.1388
8,1515,1523,0.1388
8,1515,1523,0.1388
8,1518,1526,0.1388
8,1514,1522,0.1388
7,1510,1517,0.1388
7,1518,1525,0.1388
7,1516,1523,0.1388
7,1513,1520,0.1388
7,1509,1516,0.1388
7,1507,1514,0.1388
6,1507,1513,0.1388
6,1512,1518,0.1388
6,1506,1512,0.1388
6,1517,1523,0.1388
6,1524,1530,0.1388
6,1525,1531,0.1388
6,1522,1528,0.1388
7,1527,1534,0.1388
8,1524,1532,0.1388
8,1517,1525,0.1388
8,1515,1523,0.1388
8,1518,1526,0.1388
8,1513,1521,0.1388
9,1513,1522,0.1388
8,1504,1512,0.1388
9,1509,1518,0.1388
10,1509,1519,0.1388
10,1502,1512,0.1388
10,1500,1510,0.1388
11,1488,1499,0.1388
10,1491,1501,0.1388
11,1507,1518,0.1388
10,1501,1511,0.1388
9,1502,1511,0.1388
8,1518,1526,0.1388
8,1508,1516,0.1388
9,1508,1517,0.1388
8,1503,1511,0.1388
7,1502,1509,0.1388
7,1511,1518,0.1388
7,1512,1519,0.1388
7,1506,1513,0.1388
7,1509,1516,0.1388
7,1502,1509,0.1388
7,1510,1517,0.1388
7,1512,1519,0.1388
8,1510,1518,0.1388
8,1501,1509,0.1388
8,1504,1512,0.1388
8,1506,1514,0.1388
6,1505,1511,0.1388
6,1503,1509,0.1388
6,1490,1496,0.1388
5,1509,1514,0.1388
6,1520,1526,0.1388
6,1524,1530,0.1388
6,1508,1514,0.1388
6,1518,1524,0.1388
5,1515,1520,0.1388
5,1523,1528,0.1388
5,1521,1526,0.1388
5,1524,1529,0.1388
4,1511,1515,0.1388
4,1502,1506,0.1388
4,1502,1506,0.1388
4,1513,1517,0.1388
4,1508,1512,0.1388
4,1507,1511,0.1388
4,1516,1520,0.1388
4,1515,1519,0.1388
4,1517,1521,0.1388
4,1521,1525,0.1388
4,1513,1517,0.1388
4,1502,1506,0.1388
4,1515,1519,0.1388
4,1511,1515,0.1388
4,1519,1523,0.1388
4,1512,1516,0.1388
2,1516,1518,0.1388
2,1508,1510,0.1388
2,1507,1509,0.1388
2,1519,1521,0.1388
2,1513,1515,0.1388
2,1516,1518,0.1388
2,1505,1507,0.1388
2,1503,1505,0.1388
2,1501,1503,0.1388
2,1517,1519,0.1388
2,1519,1521,0.1388
2,1515,1517,0.1388
2,1513,1515,0.1388
2,1516,1518,0.1388
2,1520,1522,0.1388
2,1515,1517,0.1388
2,1500,1502,0.1388
2,1507,1509,0.1388
2,1517,1519,0.1388
2,1512,1514,0.1388
2,1509,1511,0.1388
2,1511,1513,0.1388
2,1508,1510,0.1388
3,1505,1508,0.1388
3,1505,1508,0.1388
3,1505,1508,0.1388
3,1507,1510,0.1388
3,1496,1499,0.1388
3,1501,1504,0.1388
3,1494,1497,0.1388
3,1490,1493,0.1388
3,1495,1498,0.1388
3,1510,1513,0.1388
3,1511,1514,0.1388
2,1503,1505,0.1388
2,1484,1486,0.1388
2,1499,1501,0.1388
2,1507,1509,0.1388
1,1502,1503,0.1388
1,1503,1504,0.1388
1,1503,1504,0.1388
1,1510,1511,0.1388
1,1499,1500,0.1388
1,1507,1508,0.1388
1,1518,1519,0.1388
1,1527,1528,0.1388
1,1529,1530,0.1388
1,1525,1526,0.1388
1,1512,1513,0.1388
1,1512,1513,0.1388
1,1527,1528,0.1388
1,1519,1520,0.1388
1,1514,1515,0.1388
0,1513,1513,0.1388
