1376,29,1405,0.1388
1397,29,1426,0.1388
1419,31,1450,0.1388
1433,31,1464,0.1388
1449,30,1479,0.1388
1452,29,1481,0.1388
1459,29,1488,0.1388
1460,31,1491,0.1388
1466,31,1497,0.1388
1467,31,1498,0.1388
1460,35,1495,0.1388
1458,35,1493,0.1388
1451,36,1487,0.1388
1438,38,1476,0.1388
1455,36,1491,0.1388
1456,36,1492,0.1388
1458,36,1494,0.1388
1455,37,1492,0.1388
1451,37,1488,0.1388
1441,37,1478,0.1388
1452,36,1488,0.1388
1449,35,1484,0.1388
1439,35,1474,0.1388
1443,36,1479,0.1388
1438,37,1475,0.1388
1448,36,1484,0.1388
1450,39,1489,0.1388
1451,40,1491,0.1388
1446,42,1488,0.1388
1452,40,1492,0.1388
1455,40,1495,0.1388
1450,42,1492,0.1388
1449,43,1492,0.1388
1452,43,1495,0.1388
1452,42,1494,0.1388
1453,44,1497,0.1388
1458,42,1500,0.1388
1461,42,1503,0.1388
1449,41,1490,0.1388
1457,40,1497,0.1388
1475,42,1517,0.1388
1472,43,1515,0.1388
1457,45,1502,0.1388
1457,45,1502,0.1388
1447,45,1492,0.1388
1450,44,1494,0.1388
1446,44,1490,0.1388
1451,44,1495,0.1388
1440,44,1484,0.1388
1448,46,1494,0.1388
1456,45,1501,0.1388
1451,43,1494,0.1388
1449,44,1493,0.1388
1463,44,1507,0.1388
1452,44,1496,0.1388
1435,43,1478,0.1388
1444,40,1484,0.1388
1457,40,1497,0.1388
1463,39,1502,0.1388
1468,38,1506,0.1388
1459,38,1497,0.1388
1454,42,1496,0.1388
1456,42,1498,0.1388
1462,43,1505,0.1388
1452,45,1497,0.1388
1439,43,1482,0.1388
1440,45,1485,0.1388
1452,46,1498,0.1388
1449,47,1496,0.1388
1455,49,1504,0.1388
1453,48,1501,0.1388
1449,47,1496,0.1388
1441,49,1490,0.1388
1451,48,1499,0.1388
1455,48,1503,0.1388
1443,47,1490,0.1388
1435,49,1484,0.1388
1438,49,1487,0.1388
1437,51,1488,0.1388
1430,50,1480,0.1388
1444,51,1495,0.1388
1435,52,1487,0.1388
1440,52,1492,0.1388
1443,48,1491,0.1388
1454,48,1502,0.1388
1460,48,1508,0.1388
1452,50,1502,0.1388
1433,51,1484,0.1388
1449,46,1495,0.1388
1439,48,1487,0.1388
1456,49,1505,0.1388
1463,51,1514,0.1388
1449,50,1499,0.1388
1451,51,1502,0.1388
1451,50,1501,0.1388
1456,49,1505,0.1388
1450,48,1498,0.1388
1454,50,1504,0.1388
1463,49,1512,0.1388
1452,49,1501,0.1388
1446,51,1497,0.1388
1434,53,1487,0.1388
1442,52,1494,0.1388
1447,49,1496,0.1388
1455,49,1504,0.1388
1451,47,1498,0.1388
1453,48,1501,0.1388
1460,49,1509,0.1388
1466,50,1516,0.1388
1467,49,1516,0.1388
1457,47,1504,0.1388
1440,47,1487,0.1388
1447,47,1494,0.1388
1438,50,1488,0.1388
1433,53,1486,0.1388
1439,54,1493,0.1388
1430,50,1480,0.1388
1432,53,1485,0.1388
1414,55,1469,0.1388
1430,56,1486,0.1388
1430,58,1488,0.1388
1431,57,1488,0.1388
1433,58,1491,0.1388
1430,55,1485,0.1388
1432,60,1492,0.1388
1444,58,1502,0.1388
1450,58,1508,0.1388
1450,60,1510,0.1388
1445,59,1504,0.1388
1445,59,1504,0.1388
1453,59,1512,0.1388
1443,60,1503,0.1388
1436,61,1497,0.1388
1440,61,1501,0.1388
1444,59,1503,0.1388
1436,64,1500,0.1388
1449,65,1514,0.1388
1446,66,1512,0.1388
1445,64,1509,0.1388
1441,67,1508,0.1388
1443,66,1509,0.1388
1421,66,1487,0.1388
1421,65,1486,0.1388
1428,67,1495,0.1388
1429,68,1497,0.1388
1438,67,1505,0.1388
1420,67,1487,0.1388
1409,69,1478,0.1388
1410,68,1478,0.1388
1411,71,1482,0.1388
1417,70,1487,0.1388
1409,71,1480,0.1388
1422,72,1494,0.1388
1426,75,1501,0.1388
1424,74,1498,0.1388
1425,78,1503,0.1388
1422,79,1501,0.1388
1408,79,1487,0.1388
1409,78,1487,0.1388
1410,78,1488,0.1388
1406,79,1485,0.1388
1415,79,1494,0.1388
1404,79,1483,0.1388
1414,77,1491,0.1388
1425,78,1503,0.1388
1413,81,1494,0.1388
1416,82,1498,0.1388
1420,80,1500,0.1388
1429,82,1511,0.1388
1418,76,1494,0.1388
1406,79,1485,0.1388
1401,82,1483,0.1388
1409,82,1491,0.1388
1423,81,1504,0.1388
1401,79,1480,0.1388
1403,79,1482,0.1388
1416,82,1498,0.1388
1411,83,1494,0.1388
1418,84,1502,0.1388
1411,82,1493,0.1388
1411,82,1493,0.1388
1396,89,1485,0.1388
1395,84,1479,0.1388
1394,88,1482,0.1388
1410,92,1502,0.1388
1404,90,1494,0.1388
1410,89,1499,0.1388
1408,88,1496,0.1388
1401,86,1487,0.1388
1399,91,1490,0.1388
1388,91,1479,0.1388
1402,94,1496,0.1388
1404,95,1499,0.1388
1395,93,1488,0.1388
1391,96,1487,0.1388
1390,98,1488,0.1388
1414,99,1513,0.1388
1421,99,1520,0.1388
1407,103,1510,0.1388
1406,103,1509,0.1388
1409,101,1510,0.1388
1404,100,1504,0.1388
1401,98,1499,0.1388
1389,98,1487,0.1388
1401,98,1499,0.1388
1410,102,1512,0.1388
1417,104,1521,0.1388
1404,103,1507,0.1388
1407,105,1512,0.1388
1415,104,1519,0.1388
1409,105,1514,0.1388
1407,104,1511,0.1388
1385,101,1486,0.1388
1390,101,1491,0.1388
1387,101,1488,0.1388
1383,99,1482,0.1388
1385,100,1485,0.1388
1383,100,1483,0.1388
1386,99,1485,0.1388
1389,101,1490,0.1388
1384,99,1483,0.1388
1384,99,1483,0.1388
1383,94,1477,0.1388
1380,94,1474,0.1388
1368,95,1463,0.1388
1367,95,1462,0.1388
1383,100,1483,0.1388
1373,100,1473,0.1388
1373,106,1479,0.1388
1365,105,1470,0.1388
1385,106,1491,0.1388
1386,108,1494,0.1388
1383,105,1488,0.1388
1377,108,1485,0.1388
1370,107,1477,0.1388
1360,112,1472,0.1388
1364,111,1475,0.1388
1374,108,1482,0.1388
1381,104,1485,0.1388
1389,109,1498,0.1388
1366,113,1479,0.1388
1364,116,1480,0.1388
1367,116,1483,0.1388
1385,115,1500,0.1388
1388,116,1504,0.1388
1373,117,1490,0.1388
1376,116,1492,0.1388
1377,114,1491,0.1388
1384,117,1501,0.1388
1365,118,1483,0.1388
1376,112,1488,0.1388
1362,116,1478,0.1388
1353,111,1464,0.1388
1353,109,1462,0.1388
1357,111,1468,0.1388
1375,109,1484,0.1388
1385,111,1496,0.1388
1391,111,1502,0.1388
1371,114,1485,0.1388
1355,114,1469,0.1388
1381,118,1499,0.1388
1371,118,1489,0.1388
1370,120,1490,0.1388
1365,120,1485,0.1388
1384,122,1506,0.1388
1377,124,1501,0.1388
1379,120,1499,0.1388
1378,121,1499,0.1388
1367,117,1484,0.1388
1354,127,1481,0.1388
1348,123,1471,0.1388
1360,126,1486,0.1388
1349,127,1476,0.1388
1355,132,1487,0.1388
1355,131,1486,0.1388
1361,127,1488,0.1388
1371,130,1501,0.1388
1356,138,1494,0.1388
1351,137,1488,0.1388
1355,136,1491,0.1388
1354,139,1493,0.1388
1351,139,1490,0.1388
1350,144,1494,0.1388
1339,142,1481,0.1388
1340,149,1489,0.1388
1354,152,1506,0.1388
1350,152,1502,0.1388
1355,153,1508,0.1388
1340,156,1496,0.1388
1336,154,1490,0.1388
1344,154,1498,0.1388
1349,151,1500,0.1388
1349,154,1503,0.1388
1347,152,1499,0.1388
1355,152,1507,0.1388
1350,151,1501,0.1388
1320,157,1477,0.1388
1325,158,1483,0.1388
1321,158,1479,0.1388
1340,153,1493,0.1388
1326,155,1481,0.1388
1327,157,1484,0.1388
1335,160,1495,0.1388
1336,159,1495,0.1388
1336,160,1496,0.1388
1340,161,1501,0.1388
1343,162,1505,0.1388
1337,155,1492,0.1388
1338,155,1493,0.1388
1328,158,1486,0.1388
1319,159,1478,0.1388
1327,158,1485,0.1388
1336,162,1498,0.1388
1331,164,1495,0.1388
1344,171,1515,0.1388
1338,168,1506,0.1388
1331,165,1496,0.1388
1332,165,1497,0.1388
1335,168,1503,0.1388
1336,168,1504,0.1388
1332,172,1504,0.1388
1330,175,1505,0.1388
1313,172,1485,0.1388
1312,174,1486,0.1388
1312,176,1488,0.1388
1326,177,1503,0.1388
1324,180,1504,0.1388
1313,180,1493,0.1388
1311,180,1491,0.1388
1311,181,1492,0.1388
1305,177,1482,0.1388
1312,180,1492,0.1388
1306,179,1485,0.1388
1310,181,1491,0.1388
1286,186,1472,0.1388
1298,184,1482,0.1388
1309,181,1490,0.1388
1311,180,1491,0.1388
1306,181,1487,0.1388
1287,185,1472,0.1388
1295,186,1481,0.1388
1284,189,1473,0.1388
1292,193,1485,0.1388
1293,196,1489,0.1388
1280,198,1478,0.1388
1286,193,1479,0.1388
1284,192,1476,0.1388
1299,193,1492,0.1388
1301,192,1493,0.1388
1294,190,1484,0.1388
1280,197,1477,0.1388
1282,198,1480,0.1388
1277,203,1480,0.1388
1285,199,1484,0.1388
1283,201,1484,0.1388
1290,198,1488,0.1388
1294,203,1497,0.1388
1287,203,1490,0.1388
1277,203,1480,0.1388
1267,210,1477,0.1388
1262,215,1477,0.1388
1271,216,1487,0.1388
1278,216,1494,0.1388
1280,218,1498,0.1388
1272,216,1488,0.1388
1275,216,1491,0.1388
1276,221,1497,0.1388
1283,219,1502,0.1388
1279,223,1502,0.1388
1276,222,1498,0.1388
1274,222,1496,0.1388
1274,223,1497,0.1388
1279,228,1507,0.1388
1280,230,1510,0.1388
1274,232,1506,0.1388
1284,227,1511,0.1388
1273,232,1505,0.1388
1260,235,1495,0.1388
1268,236,1504,0.1388
1258,236,1494,0.1388
1261,236,1497,0.1388
1265,231,1496,0.1388
1260,238,1498,0.1388
1266,240,1506,0.1388
1263,237,1500,0.1388
1258,238,1496,0.1388
1261,237,1498,0.1388
1266,240,1506,0.1388
1264,236,1500,0.1388
1254,236,1490,0.1388
1255,236,1491,0.1388
1268,232,1500,0.1388
1261,228,1489,0.1388
1251,232,1483,0.1388
1256,234,1490,0.1388
1261,235,1496,0.1388
1260,229,1489,0.1388
1257,229,1486,0.1388
1258,226,1484,0.1388
1253,227,1480,0.1388
1265,229,1494,0.1388
1252,231,1483,0.1388
1250,230,1480,0.1388
1260,233,1493,0.1388
1248,234,1482,0.1388
1257,235,1492,0.1388
1260,231,1491,0.1388
1260,243,1503,0.1388
1267,237,1504,0.1388
1261,237,1498,0.1388
1263,236,1499,0.1388
1267,239,1506,0.1388
1264,233,1497,0.1388
1264,235,1499,0.1388
1268,232,1500,0.1388
1268,233,1501,0.1388
1275,233,1508,0.1388
1269,236,1505,0.1388
1269,239,1508,0.1388
1273,236,1509,0.1388
1269,237,1506,0.1388
1256,240,1496,0.1388
1258,239,1497,0.1388
1258,242,1500,0.1388
1242,241,1483,0.1388
1260,244,1504,0.1388
1246,244,1490,0.1388
1239,247,1486,0.1388
1247,252,1499,0.1388
1247,250,1497,0.1388
1239,252,1491,0.1388
1241,247,1488,0.1388
1240,244,1484,0.1388
1246,244,1490,0.1388
1257,247,1504,0.1388
1251,250,1501,0.1388
1252,251,1503,0.1388
1252,250,1502,0.1388
1250,244,1494,0.1388
1238,242,1480,0.1388
1238,246,1484,0.1388
1239,250,1489,0.1388
1252,253,1505,0.1388
1245,252,1497,0.1388
1232,250,1482,0.1388
1236,255,1491,0.1388
1221,259,1480,0.1388
1202,261,1463,0.1388
1225,260,1485,0.1388
1223,262,1485,0.1388
1224,264,1488,0.1388
1227,253,1480,0.1388
1220,256,1476,0.1388
1220,252,1472,0.1388
1230,261,1491,0.1388
1235,259,1494,0.1388
1240,257,1497,0.1388
1240,261,1501,0.1388
1254,260,1514,0.1388
1252,256,1508,0.1388
1254,251,1505,0.1388
1241,252,1493,0.1388
1241,253,1494,0.1388
1235,256,1491,0.1388
1236,258,1494,0.1388
1247,253,1500,0.1388
1236,257,1493,0.1388
1228,256,1484,0.1388
1223,255,1478,0.1388
1224,252,1476,0.1388
1240,254,1494,0.1388
1241,254,1495,0.1388
1225,250,1475,0.1388
1239,253,1492,0.1388
1223,258,1481,0.1388
1230,257,1487,0.1388
1229,255,1484,0.1388
1241,253,1494,0.1388
1234,256,1490,0.1388
1230,261,1491,0.1388
1237,260,1497,0.1388
1238,261,1499,0.1388
1225,263,1488,0.1388
1224,266,1490,0.1388
1237,268,1505,0.1388
1235,269,1504,0.1388
1244,273,1517,0.1388
1235,277,1512,0.1388
1226,277,1503,0.1388
1221,276,1497,0.1388
1233,277,1510,0.1388
1248,275,1523,0.1388
1240,274,1514,0.1388
1237,269,1506,0.1388
1241,265,1506,0.1388
1229,266,1495,0.1388
1241,270,1511,0.1388
1232,273,1505,0.1388
1238,268,1506,0.1388
1236,268,1504,0.1388
1236,268,1504,0.1388
1232,267,1499,0.1388
1227,273,1500,0.1388
1229,276,1505,0.1388
1225,275,1500,0.1388
1221,273,1494,0.1388
1214,277,1491,0.1388
1231,277,1508,0.1388
1229,279,1508,0.1388
1214,280,1494,0.1388
1212,283,1495,0.1388
1221,279,1500,0.1388
1224,282,1506,0.1388
1220,285,1505,0.1388
1225,288,1513,0.1388
1220,285,1505,0.1388
1199,287,1486,0.1388
1206,288,1494,0.1388
1197,295,1492,0.1388
1207,300,1507,0.1388
1220,295,1515,0.1388
1212,296,1508,0.1388
1217,294,1511,0.1388
1203,296,1499,0.1388
1209,294,1503,0.1388
1209,296,1505,0.1388
1190,294,1484,0.1388
1198,291,1489,0.1388
1187,294,1481,0.1388
1189,300,1489,0.1388
1191,302,1493,0.1388
1199,304,1503,0.1388
1194,308,1502,0.1388
1190,307,1497,0.1388
1188,309,1497,0.1388
1194,307,1501,0.1388
1184,308,1492,0.1388
1183,306,1489,0.1388
1189,307,1496,0.1388
1178,315,1493,0.1388
1168,314,1482,0.1388
1174,315,1489,0.1388
1170,317,1487,0.1388
1180,319,1499,0.1388
1182,317,1499,0.1388
1191,315,1506,0.1388
1178,312,1490,0.1388
1166,319,1485,0.1388
1179,320,1499,0.1388
1181,327,1508,0.1388
1169,320,1489,0.1388
1180,318,1498,0.1388
1178,315,1493,0.1388
1171,317,1488,0.1388
1171,315,1486,0.1388
1169,319,1488,0.1388
1165,322,1487,0.1388
1161,324,1485,0.1388
1161,333,1494,0.1388
1152,335,1487,0.1388
1154,336,1490,0.1388
1154,344,1498,0.1388
1163,350,1513,0.1388
1151,345,1496,0.1388
1155,340,1495,0.1388
1160,346,1506,0.1388
1147,350,1497,0.1388
1142,352,1494,0.1388
1134,350,1484,0.1388
1148,343,1491,0.1388
1151,346,1497,0.1388
1143,350,1493,0.1388
1142,350,1492,0.1388
1150,351,1501,0.1388
1146,351,1497,0.1388
1150,354,1504,0.1388
1152,354,1506,0.1388
1136,358,1494,0.1388
1143,361,1504,0.1388
1141,358,1499,0.1388
1148,352,1500,0.1388
1141,350,1491,0.1388
1140,352,1492,0.1388
1148,357,1505,0.1388
1138,360,1498,0.1388
1136,360,1496,0.1388
1138,366,1504,0.1388
1138,370,1508,0.1388
1129,367,1496,0.1388
1127,366,1493,0.1388
1121,362,1483,0.1388
1130,364,1494,0.1388
1134,366,1500,0.1388
1137,360,1497,0.1388
1131,356,1487,0.1388
1134,355,1489,0.1388
1132,360,1492,0.1388
1141,366,1507,0.1388
1129,365,1494,0.1388
1123,369,1492,0.1388
1123,371,1494,0.1388
1137,374,1511,0.1388
1130,376,1506,0.1388
1123,374,1497,0.1388
1126,375,1501,0.1388
1126,378,1504,0.1388
1115,373,1488,0.1388
1123,379,1502,0.1388
1123,382,1505,0.1388
1119,377,1496,0.1388
1114,374,1488,0.1388
1120,378,1498,0.1388
1125,376,1501,0.1388
1117,378,1495,0.1388
1112,384,1496,0.1388
1114,383,1497,0.1388
1120,386,1506,0.1388
1117,381,1498,0.1388
1115,385,1500,0.1388
1099,384,1483,0.1388
1106,387,1493,0.1388
1112,395,1507,0.1388
1115,398,1513,0.1388
1112,402,1514,0.1388
1106,397,1503,0.1388
1107,397,1504,0.1388
1104,395,1499,0.1388
1106,399,1505,0.1388
1100,400,1500,0.1388
1102,398,1500,0.1388
1100,398,1498,0.1388
1108,399,1507,0.1388
1092,398,1490,0.1388
1104,397,1501,0.1388
1109,409,1518,0.1388
1107,407,1514,0.1388
1115,405,1520,0.1388
1112,408,1520,0.1388
1098,409,1507,0.1388
1099,418,1517,0.1388
1083,413,1496,0.1388
1087,418,1505,0.1388
1090,415,1505,0.1388
1090,417,1507,0.1388
1094,414,1508,0.1388
1097,421,1518,0.1388
1093,419,1512,0.1388
1093,416,1509,0.1388
1093,420,1513,0.1388
1079,420,1499,0.1388
1080,421,1501,0.1388
1092,422,1514,0.1388
1091,423,1514,0.1388
1091,418,1509,0.1388
1098,420,1518,0.1388
1097,415,1512,0.1388
1091,423,1514,0.1388
1090,420,1510,0.1388
1087,430,1517,0.1388
1092,430,1522,0.1388
1086,424,1510,0.1388
1087,423,1510,0.1388
1091,421,1512,0.1388
1084,425,1509,0.1388
1097,427,1524,0.1388
1092,428,1520,0.1388
1081,426,1507,0.1388
1085,430,1515,0.1388
1072,424,1496,0.1388
1067,430,1497,0.1388
1069,434,1503,0.1388
1073,434,1507,0.1388
1062,432,1494,0.1388
1061,439,1500,0.1388
1048,445,1493,0.1388
1057,443,1500,0.1388
1058,447,1505,0.1388
1061,440,1501,0.1388
1059,446,1505,0.1388
1050,453,1503,0.1388
1063,450,1513,0.1388
1061,444,1505,0.1388
1068,443,1511,0.1388
1054,441,1495,0.1388
1056,447,1503,0.1388
1048,457,1505,0.1388
1048,456,1504,0.1388
1051,460,1511,0.1388
1048,448,1496,0.1388
1057,449,1506,0.1388
1056,458,1514,0.1388
1046,456,1502,0.1388
1048,458,1506,0.1388
1043,453,1496,0.1388
1040,458,1498,0.1388
1029,460,1489,0.1388
1032,450,1482,0.1388
1037,446,1483,0.1388
1038,457,1495,0.1388
1031,462,1493,0.1388
1025,463,1488,0.1388
1036,471,1507,0.1388
1033,473,1506,0.1388
1034,472,1506,0.1388
1019,459,1478,0.1388
1026,463,1489,0.1388
1036,462,1498,0.1388
1038,458,1496,0.1388
1036,462,1498,0.1388
1026,464,1490,0.1388
1027,471,1498,0.1388
1031,470,1501,0.1388
1037,465,1502,0.1388
1042,471,1513,0.1388
1030,473,1503,0.1388
1028,464,1492,0.1388
1030,470,1500,0.1388
1024,470,1494,0.1388
1017,477,1494,0.1388
1019,473,1492,0.1388
1022,467,1489,0.1388
1020,470,1490,0.1388
1028,470,1498,0.1388
1026,470,1496,0.1388
1029,471,1500,0.1388
1036,477,1513,0.1388
1038,476,1514,0.1388
1039,476,1515,0.1388
1034,473,1507,0.1388
1029,478,1507,0.1388
1024,482,1506,0.1388
1012,477,1489,0.1388
1011,477,1488,0.1388
1013,481,1494,0.1388
1011,479,1490,0.1388
1010,484,1494,0.1388
1015,489,1504,0.1388
1020,495,1515,0.1388
1026,494,1520,0.1388
1014,488,1502,0.1388
1008,490,1498,0.1388
1010,486,1496,0.1388
1016,492,1508,0.1388
1002,501,1503,0.1388
1007,502,1509,0.1388
1002,508,1510,0.1388
991,509,1500,0.1388
987,505,1492,0.1388
985,509,1494,0.1388
985,510,1495,0.1388
979,506,1485,0.1388
983,508,1491,0.1388
986,502,1488,0.1388
985,504,1489,0.1388
989,509,1498,0.1388
973,511,1484,0.1388
976,513,1489,0.1388
982,513,1495,0.1388
978,515,1493,0.1388
976,515,1491,0.1388
982,513,1495,0.1388
982,511,1493,0.1388
976,518,1494,0.1388
983,513,1496,0.1388
982,514,1496,0.1388
982,515,1497,0.1388
975,514,1489,0.1388
980,510,1490,0.1388
982,518,1500,0.1388
985,514,1499,0.1388
982,511,1493,0.1388
978,516,1494,0.1388
972,523,1495,0.1388
960,523,1483,0.1388
958,526,1484,0.1388
961,530,1491,0.1388
959,539,1498,0.1388
973,546,1519,0.1388
975,547,1522,0.1388
965,547,1512,0.1388
954,538,1492,0.1388
952,539,1491,0.1388
951,544,1495,0.1388
938,553,1491,0.1388
945,559,1504,0.1388
935,567,1502,0.1388
932,566,1498,0.1388
932,559,1491,0.1388
935,565,1500,0.1388
940,571,1511,0.1388
941,566,1507,0.1388
938,569,1507,0.1388
933,568,1501,0.1388
914,570,1484,0.1388
925,578,1503,0.1388
923,565,1488,0.1388
927,568,1495,0.1388
930,570,1500,0.1388
932,575,1507,0.1388
932,570,1502,0.1388
923,572,1495,0.1388
922,576,1498,0.1388
921,575,1496,0.1388
926,578,1504,0.1388
921,578,1499,0.1388
919,581,1500,0.1388
925,584,1509,0.1388
918,589,1507,0.1388
912,594,1506,0.1388
913,600,1513,0.1388
917,597,1514,0.1388
918,590,1508,0.1388
916,597,1513,0.1388
907,592,1499,0.1388
901,589,1490,0.1388
911,592,1503,0.1388
908,588,1496,0.1388
906,593,1499,0.1388
909,592,1501,0.1388
903,609,1512,0.1388
898,603,1501,0.1388
891,607,1498,0.1388
900,608,1508,0.1388
891,607,1498,0.1388
891,602,1493,0.1388
888,610,1498,0.1388
886,609,1495,0.1388
888,604,1492,0.1388
883,614,1497,0.1388
875,616,1491,0.1388
882,610,1492,0.1388
885,617,1502,0.1388
889,619,1508,0.1388
888,618,1506,0.1388
876,615,1491,0.1388
879,607,1486,0.1388
872,611,1483,0.1388
869,622,1491,0.1388
875,628,1503,0.1388
867,631,1498,0.1388
856,633,1489,0.1388
854,630,1484,0.1388
863,627,1490,0.1388
869,638,1507,0.1388
877,638,1515,0.1388
872,631,1503,0.1388
873,621,1494,0.1388
866,622,1488,0.1388
857,624,1481,0.1388
861,627,1488,0.1388
855,638,1493,0.1388
857,651,1508,0.1388
861,641,1502,0.1388
870,636,1506,0.1388
861,639,1500,0.1388
873,634,1507,0.1388
870,639,1509,0.1388
868,644,1512,0.1388
863,641,1504,0.1388
860,635,1495,0.1388
862,632,1494,0.1388
863,636,1499,0.1388
851,642,1493,0.1388
844,640,1484,0.1388
855,656,1511,0.1388
853,655,1508,0.1388
854,654,1508,0.1388
856,656,1512,0.1388
865,653,1518,0.1388
852,651,1503,0.1388
857,653,1510,0.1388
854,653,1507,0.1388
846,656,1502,0.1388
842,652,1494,0.1388
848,655,1503,0.1388
855,652,1507,0.1388
845,656,1501,0.1388
847,662,1509,0.1388
834,664,1498,0.1388
833,661,1494,0.1388
827,662,1489,0.1388
831,666,1497,0.1388
837,669,1506,0.1388
828,677,1505,0.1388
825,676,1501,0.1388
825,682,1507,0.1388
822,687,1509,0.1388
823,685,1508,0.1388
820,683,1503,0.1388
830,686,1516,0.1388
827,685,1512,0.1388
819,682,1501,0.1388
820,683,1503,0.1388
822,687,1509,0.1388
831,690,1521,0.1388
825,685,1510,0.1388
820,689,1509,0.1388
817,685,1502,0.1388
811,686,1497,0.1388
812,684,1496,0.1388
812,688,1500,0.1388
799,688,1487,0.1388
807,691,1498,0.1388
819,693,1512,0.1388
814,697,1511,0.1388
818,696,1514,0.1388
821,690,1511,0.1388
820,687,1507,0.1388
816,694,1510,0.1388
812,696,1508,0.1388
803,701,1504,0.1388
791,688,1479,0.1388
801,689,1490,0.1388
795,687,1482,0.1388
800,685,1485,0.1388
801,688,1489,0.1388
796,686,1482,0.1388
799,689,1488,0.1388
805,694,1499,0.1388
811,694,1505,0.1388
807,693,1500,0.1388
806,696,1502,0.1388
805,700,1505,0.1388
796,700,1496,0.1388
801,701,1502,0.1388
800,709,1509,0.1388
797,707,1504,0.1388
793,696,1489,0.1388
785,701,1486,0.1388
786,703,1489,0.1388
794,711,1505,0.1388
795,700,1495,0.1388
791,702,1493,0.1388
794,704,1498,0.1388
798,714,1512,0.1388
800,704,1504,0.1388
799,706,1505,0.1388
798,714,1512,0.1388
797,709,1506,0.1388
800,708,1508,0.1388
807,711,1518,0.1388
809,710,1519,0.1388
805,713,1518,0.1388
806,706,1512,0.1388
800,706,1506,0.1388
805,700,1505,0.1388
794,703,1497,0.1388
800,705,1505,0.1388
803,706,1509,0.1388
807,714,1521,0.1388
809,701,1510,0.1388
816,712,1528,0.1388
828,705,1533,0.1388
811,697,1508,0.1388
811,701,1512,0.1388
809,694,1503,0.1388
812,695,1507,0.1388
798,702,1500,0.1388
794,699,1493,0.1388
796,706,1502,0.1388
790,705,1495,0.1388
797,712,1509,0.1388
793,726,1519,0.1388
788,718,1506,0.1388
786,716,1502,0.1388
787,715,1502,0.1388
782,717,1499,0.1388
768,714,1482,0.1388
772,714,1486,0.1388
772,718,1490,0.1388
774,711,1485,0.1388
774,706,1480,0.1388
767,721,1488,0.1388
765,732,1497,0.1388
769,738,1507,0.1388
761,745,1506,0.1388
767,739,1506,0.1388
758,746,1504,0.1388
759,748,1507,0.1388
760,753,1513,0.1388
752,764,1516,0.1388
757,756,1513,0.1388
745,760,1505,0.1388
759,770,1529,0.1388
750,764,1514,0.1388
745,756,1501,0.1388
744,756,1500,0.1388
747,767,1514,0.1388
742,763,1505,0.1388
745,766,1511,0.1388
739,762,1501,0.1388
744,749,1493,0.1388
756,747,1503,0.1388
758,749,1507,0.1388
760,748,1508,0.1388
765,745,1510,0.1388
757,749,1506,0.1388
746,752,1498,0.1388
746,746,1492,0.1388
739,746,1485,0.1388
744,742,1486,0.1388
758,749,1507,0.1388
757,749,1506,0.1388
754,754,1508,0.1388
757,761,1518,0.1388
754,761,1515,0.1388
738,758,1496,0.1388
734,753,1487,0.1388
741,751,1492,0.1388
750,755,1505,0.1388
751,755,1506,0.1388
758,756,1514,0.1388
744,751,1495,0.1388
749,758,1507,0.1388
751,761,1512,0.1388
754,758,1512,0.1388
752,761,1513,0.1388
753,757,1510,0.1388
743,767,1510,0.1388
737,763,1500,0.1388
731,761,1492,0.1388
726,767,1493,0.1388
733,763,1496,0.1388
727,764,1491,0.1388
722,770,1492,0.1388
712,773,1485,0.1388
724,785,1509,0.1388
721,777,1498,0.1388
710,782,1492,0.1388
720,782,1502,0.1388
718,785,1503,0.1388
714,777,1491,0.1388
721,784,1505,0.1388
717,787,1504,0.1388
718,785,1503,0.1388
720,789,1509,0.1388
722,784,1506,0.1388
722,782,1504,0.1388
718,783,1501,0.1388
715,781,1496,0.1388
727,793,1520,0.1388
732,780,1512,0.1388
734,784,1518,0.1388
712,779,1491,0.1388
713,790,1503,0.1388
708,793,1501,0.1388
710,793,1503,0.1388
712,795,1507,0.1388
713,806,1519,0.1388
713,816,1529,0.1388
705,823,1528,0.1388
701,821,1522,0.1388
692,820,1512,0.1388
694,804,1498,0.1388
698,798,1496,0.1388
696,802,1498,0.1388
700,809,1509,0.1388
695,806,1501,0.1388
695,810,1505,0.1388
690,803,1493,0.1388
689,816,1505,0.1388
690,827,1517,0.1388
688,817,1505,0.1388
685,823,1508,0.1388
676,815,1491,0.1388
663,815,1478,0.1388
666,817,1483,0.1388
674,824,1498,0.1388
672,823,1495,0.1388
678,822,1500,0.1388
678,823,1501,0.1388
679,836,1515,0.1388
674,828,1502,0.1388
676,831,1507,0.1388
674,839,1513,0.1388
676,847,1523,0.1388
661,854,1515,0.1388
659,855,1514,0.1388
662,849,1511,0.1388
668,853,1521,0.1388
663,853,1516,0.1388
667,842,1509,0.1388
667,846,1513,0.1388
663,846,1509,0.1388
664,850,1514,0.1388
667,854,1521,0.1388
663,852,1515,0.1388
660,857,1517,0.1388
652,859,1511,0.1388
654,857,1511,0.1388
645,856,1501,0.1388
646,854,1500,0.1388
637,867,1504,0.1388
636,867,1503,0.1388
629,869,1498,0.1388
638,875,1513,0.1388
640,866,1506,0.1388
642,863,1505,0.1388
640,870,1510,0.1388
635,868,1503,0.1388
631,870,1501,0.1388
625,879,1504,0.1388
623,888,1511,0.1388
622,890,1512,0.1388
616,878,1494,0.1388
616,883,1499,0.1388
606,897,1503,0.1388
617,899,1516,0.1388
618,903,1521,0.1388
621,900,1521,0.1388
627,899,1526,0.1388
630,903,1533,0.1388
630,895,1525,0.1388
629,902,1531,0.1388
629,901,1530,0.1388
624,890,1514,0.1388
612,884,1496,0.1388
614,885,1499,0.1388
608,888,1496,0.1388
607,877,1484,0.1388
612,872,1484,0.1388
612,878,1490,0.1388
608,886,1494,0.1388
605,891,1496,0.1388
605,901,1506,0.1388
605,896,1501,0.1388
600,891,1491,0.1388
605,893,1498,0.1388
609,892,1501,0.1388
610,897,1507,0.1388
610,902,1512,0.1388
614,903,1517,0.1388
614,889,1503,0.1388
612,894,1506,0.1388
603,897,1500,0.1388
597,906,1503,0.1388
598,903,1501,0.1388
597,904,1501,0.1388
599,905,1504,0.1388
601,904,1505,0.1388
607,891,1498,0.1388
607,899,1506,0.1388
591,903,1494,0.1388
594,903,1497,0.1388
587,920,1507,0.1388
584,925,1509,0.1388
586,924,1510,0.1388
591,912,1503,0.1388
594,912,1506,0.1388
591,912,1503,0.1388
592,909,1501,0.1388
601,919,1520,0.1388
600,921,1521,0.1388
599,923,1522,0.1388
593,921,1514,0.1388
598,928,1526,0.1388
597,916,1513,0.1388
589,924,1513,0.1388
589,931,1520,0.1388
593,945,1538,0.1388
583,951,1534,0.1388
588,941,1529,0.1388
580,945,1525,0.1388
577,948,1525,0.1388
580,945,1525,0.1388
573,947,1520,0.1388
571,939,1510,0.1388
568,947,1515,0.1388
570,941,1511,0.1388
563,939,1502,0.1388
562,941,1503,0.1388
566,945,1511,0.1388
563,931,1494,0.1388
565,925,1490,0.1388
565,930,1495,0.1388
560,940,1500,0.1388
556,950,1506,0.1388
556,945,1501,0.1388
543,949,1492,0.1388
543,961,1504,0.1388
545,962,1507,0.1388
546,963,1509,0.1388
545,963,1508,0.1388
545,960,1505,0.1388
542,965,1507,0.1388
538,966,1504,0.1388
551,963,1514,0.1388
554,957,1511,0.1388
554,960,1514,0.1388
545,957,1502,0.1388
547,950,1497,0.1388
550,959,1509,0.1388
550,970,1520,0.1388
551,965,1516,0.1388
555,949,1504,0.1388
547,955,1502,0.1388
551,967,1518,0.1388
545,976,1521,0.1388
538,980,1518,0.1388
541,964,1505,0.1388
545,972,1517,0.1388
540,981,1521,0.1388
527,981,1508,0.1388
525,995,1520,0.1388
527,981,1508,0.1388
529,987,1516,0.1388
516,990,1506,0.1388
518,990,1508,0.1388
528,997,1525,0.1388
516,991,1507,0.1388
513,997,1510,0.1388
515,1004,1519,0.1388
508,1002,1510,0.1388
497,996,1493,0.1388
505,999,1504,0.1388
506,1003,1509,0.1388
509,1013,1522,0.1388
501,1001,1502,0.1388
503,1002,1505,0.1388
501,1004,1505,0.1388
506,1002,1508,0.1388
513,997,1510,0.1388
510,994,1504,0.1388
511,1005,1516,0.1388
498,1013,1511,0.1388
494,1010,1504,0.1388
499,1010,1509,0.1388
510,1008,1518,0.1388
502,1018,1520,0.1388
496,1018,1514,0.1388
498,1014,1512,0.1388
505,1015,1520,0.1388
499,1019,1518,0.1388
500,1021,1521,0.1388
504,1015,1519,0.1388
503,1011,1514,0.1388
501,1011,1512,0.1388
504,1016,1520,0.1388
506,1006,1512,0.1388
497,1003,1500,0.1388
494,1016,1510,0.1388
491,1020,1511,0.1388
495,1029,1524,0.1388
488,1028,1516,0.1388
483,1029,1512,0.1388
483,1030,1513,0.1388
480,1038,1518,0.1388
477,1028,1505,0.1388
477,1021,1498,0.1388
478,1032,1510,0.1388
472,1036,1508,0.1388
474,1039,1513,0.1388
467,1040,1507,0.1388
459,1041,1500,0.1388
459,1041,1500,0.1388
457,1048,1505,0.1388
452,1049,1501,0.1388
458,1035,1493,0.1388
455,1040,1495,0.1388
451,1038,1489,0.1388
451,1046,1497,0.1388
454,1046,1500,0.1388
446,1051,1497,0.1388
438,1057,1495,0.1388
442,1050,1492,0.1388
444,1047,1491,0.1388
438,1051,1489,0.1388
437,1065,1502,0.1388
445,1057,1502,0.1388
445,1069,1514,0.1388
446,1072,1518,0.1388
441,1067,1508,0.1388
439,1076,1515,0.1388
436,1067,1503,0.1388
428,1068,1496,0.1388
424,1072,1496,0.1388
427,1062,1489,0.1388
429,1056,1485,0.1388
431,1064,1495,0.1388
424,1079,1503,0.1388
423,1086,1509,0.1388
418,1088,1506,0.1388
410,1087,1497,0.1388
412,1087,1499,0.1388
414,1087,1501,0.1388
412,1100,1512,0.1388
410,1092,1502,0.1388
410,1091,1501,0.1388
409,1104,1513,0.1388
412,1100,1512,0.1388
406,1104,1510,0.1388
410,1094,1504,0.1388
412,1086,1498,0.1388
418,1089,1507,0.1388
417,1081,1498,0.1388
407,1083,1490,0.1388
406,1100,1506,0.1388
407,1103,1510,0.1388
409,1101,1510,0.1388
415,1093,1508,0.1388
416,1093,1509,0.1388
421,1089,1510,0.1388
417,1078,1495,0.1388
411,1066,1477,0.1388
412,1055,1467,0.1388
412,1062,1474,0.1388
407,1084,1491,0.1388
404,1092,1496,0.1388
411,1096,1507,0.1388
412,1095,1507,0.1388
418,1088,1506,0.1388
413,1099,1512,0.1388
411,1100,1511,0.1388
411,1105,1516,0.1388
412,1101,1513,0.1388
412,1092,1504,0.1388
407,1097,1504,0.1388
406,1108,1514,0.1388
410,1099,1509,0.1388
414,1095,1509,0.1388
408,1093,1501,0.1388
406,1089,1495,0.1388
398,1095,1493,0.1388
395,1098,1493,0.1388
395,1102,1497,0.1388
389,1111,1500,0.1388
380,1117,1497,0.1388
382,1117,1499,0.1388
380,1119,1499,0.1388
386,1123,1509,0.1388
392,1124,1516,0.1388
392,1124,1516,0.1388
391,1119,1510,0.1388
386,1125,1511,0.1388
392,1122,1514,0.1388
392,1135,1527,0.1388
386,1137,1523,0.1388
385,1137,1522,0.1388
382,1127,1509,0.1388
380,1139,1519,0.1388
371,1119,1490,0.1388
373,1121,1494,0.1388
376,1120,1496,0.1388
372,1123,1495,0.1388
367,1143,1510,0.1388
368,1151,1519,0.1388
370,1146,1516,0.1388
366,1140,1506,0.1388
367,1127,1494,0.1388
366,1147,1513,0.1388
364,1143,1507,0.1388
368,1141,1509,0.1388
371,1142,1513,0.1388
368,1130,1498,0.1388
375,1132,1507,0.1388
379,1139,1518,0.1388
367,1145,1512,0.1388
370,1138,1508,0.1388
368,1150,1518,0.1388
369,1155,1524,0.1388
370,1145,1515,0.1388
365,1149,1514,0.1388
359,1150,1509,0.1388
360,1141,1501,0.1388
363,1150,1513,0.1388
359,1156,1515,0.1388
359,1153,1512,0.1388
356,1168,1524,0.1388
355,1165,1520,0.1388
357,1163,1520,0.1388
355,1164,1519,0.1388
352,1167,1519,0.1388
352,1165,1517,0.1388
360,1172,1532,0.1388
358,1168,1526,0.1388
357,1162,1519,0.1388
355,1162,1517,0.1388
350,1168,1518,0.1388
352,1165,1517,0.1388
347,1173,1520,0.1388
345,1172,1517,0.1388
346,1170,1516,0.1388
350,1168,1518,0.1388
340,1174,1514,0.1388
340,1168,1508,0.1388
346,1180,1526,0.1388
340,1177,1517,0.1388
335,1183,1518,0.1388
331,1179,1510,0.1388
328,1176,1504,0.1388
333,1183,1516,0.1388
335,1186,1521,0.1388
331,1185,1516,0.1388
331,1201,1532,0.1388
322,1198,1520,0.1388
317,1194,1511,0.1388
323,1194,1517,0.1388
326,1189,1515,0.1388
324,1187,1511,0.1388
322,1181,1503,0.1388
321,1192,1513,0.1388
322,1189,1511,0.1388
321,1185,1506,0.1388
325,1190,1515,0.1388
323,1180,1503,0.1388
322,1180,1502,0.1388
326,1175,1501,0.1388
330,1182,1512,0.1388
327,1184,1511,0.1388
320,1183,1503,0.1388
318,1187,1505,0.1388
325,1170,1495,0.1388
327,1178,1505,0.1388
328,1183,1511,0.1388
328,1182,1510,0.1388
324,1182,1506,0.1388
321,1194,1515,0.1388
324,1185,1509,0.1388
324,1188,1512,0.1388
321,1196,1517,0.1388
320,1189,1509,0.1388
317,1197,1514,0.1388
317,1197,1514,0.1388
315,1199,1514,0.1388
310,1191,1501,0.1388
315,1191,1506,0.1388
314,1193,1507,0.1388
317,1177,1494,0.1388
320,1192,1512,0.1388
319,1188,1507,0.1388
314,1195,1509,0.1388
310,1206,1516,0.1388
310,1213,1523,0.1388
312,1212,1524,0.1388
316,1209,1525,0.1388
313,1216,1529,0.1388
312,1212,1524,0.1388
313,1210,1523,0.1388
312,1212,1524,0.1388
305,1214,1519,0.1388
305,1208,1513,0.1388
303,1220,1523,0.1388
307,1219,1526,0.1388
294,1208,1502,0.1388
292,1209,1501,0.1388
295,1211,1506,0.1388
296,1213,1509,0.1388
297,1215,1512,0.1388
303,1204,1507,0.1388
299,1218,1517,0.1388
295,1225,1520,0.1388
290,1221,1511,0.1388
290,1223,1513,0.1388
281,1224,1505,0.1388
283,1217,1500,0.1388
282,1219,1501,0.1388
279,1225,1504,0.1388
275,1213,1488,0.1388
278,1228,1506,0.1388
279,1228,1507,0.1388
285,1225,1510,0.1388
286,1236,1522,0.1388
290,1230,1520,0.1388
287,1233,1520,0.1388
287,1240,1527,0.1388
283,1234,1517,0.1388
286,1228,1514,0.1388
288,1218,1506,0.1388
289,1214,1503,0.1388
291,1228,1519,0.1388
291,1225,1516,0.1388
289,1218,1507,0.1388
291,1223,1514,0.1388
293,1225,1518,0.1388
289,1225,1514,0.1388
290,1237,1527,0.1388
291,1238,1529,0.1388
288,1220,1508,0.1388
288,1224,1512,0.1388
287,1227,1514,0.1388
289,1223,1512,0.1388
289,1227,1516,0.1388
289,1230,1519,0.1388
284,1233,1517,0.1388
283,1228,1511,0.1388
280,1233,1513,0.1388
274,1223,1497,0.1388
269,1223,1492,0.1388
267,1234,1501,0.1388
265,1233,1498,0.1388
261,1247,1508,0.1388
260,1255,1515,0.1388
258,1262,1520,0.1388
260,1256,1516,0.1388
259,1252,1511,0.1388
260,1262,1522,0.1388
257,1253,1510,0.1388
258,1241,1499,0.1388
260,1236,1496,0.1388
261,1247,1508,0.1388
259,1248,1507,0.1388
258,1255,1513,0.1388
264,1245,1509,0.1388
262,1252,1514,0.1388
266,1251,1517,0.1388
253,1254,1507,0.1388
253,1257,1510,0.1388
252,1268,1520,0.1388
250,1263,1513,0.1388
246,1274,1520,0.1388
249,1267,1516,0.1388
249,1259,1508,0.1388
253,1263,1516,0.1388
252,1256,1508,0.1388
257,1259,1516,0.1388
257,1250,1507,0.1388
256,1256,1512,0.1388
257,1258,1515,0.1388
254,1245,1499,0.1388
250,1250,1500,0.1388
244,1266,1510,0.1388
253,1265,1518,0.1388
250,1261,1511,0.1388
250,1266,1516,0.1388
248,1278,1526,0.1388
246,1271,1517,0.1388
249,1277,1526,0.1388
254,1274,1528,0.1388
249,1271,1520,0.1388
253,1263,1516,0.1388
255,1260,1515,0.1388
259,1258,1517,0.1388
262,1266,1528,0.1388
260,1261,1521,0.1388
257,1252,1509,0.1388
254,1258,1512,0.1388
256,1263,1519,0.1388
251,1247,1498,0.1388
250,1254,1504,0.1388
254,1263,1517,0.1388
247,1260,1507,0.1388
252,1267,1519,0.1388
257,1260,1517,0.1388
263,1265,1528,0.1388
263,1260,1523,0.1388
260,1261,1521,0.1388
258,1257,1515,0.1388
254,1252,1506,0.1388
255,1256,1511,0.1388
257,1254,1511,0.1388
254,1266,1520,0.1388
253,1266,1519,0.1388
250,1264,1514,0.1388
254,1266,1520,0.1388
260,1263,1523,0.1388
250,1260,1510,0.1388
242,1257,1499,0.1388
247,1274,1521,0.1388
244,1285,1529,0.1388
239,1276,1515,0.1388
241,1288,1529,0.1388
240,1271,1511,0.1388
243,1279,1522,0.1388
237,1270,1507,0.1388
237,1275,1512,0.1388
235,1273,1508,0.1388
227,1277,1504,0.1388
228,1284,1512,0.1388
228,1281,1509,0.1388
228,1286,1514,0.1388
231,1280,1511,0.1388
225,1277,1502,0.1388
226,1278,1504,0.1388
224,1274,1498,0.1388
219,1281,1500,0.1388
215,1276,1491,0.1388
212,1278,1490,0.1388
218,1294,1512,0.1388
214,1305,1519,0.1388
213,1303,1516,0.1388
214,1303,1517,0.1388
214,1303,1517,0.1388
218,1305,1523,0.1388
222,1310,1532,0.1388
219,1306,1525,0.1388
221,1308,1529,0.1388
214,1305,1519,0.1388
217,1291,1508,0.1388
214,1291,1505,0.1388
213,1283,1496,0.1388
213,1298,1511,0.1388
213,1307,1520,0.1388
215,1304,1519,0.1388
213,1309,1522,0.1388
216,1302,1518,0.1388
215,1296,1511,0.1388
213,1308,1521,0.1388
213,1308,1521,0.1388
214,1302,1516,0.1388
215,1306,1521,0.1388
218,1310,1528,0.1388
215,1310,1525,0.1388
215,1315,1530,0.1388
215,1294,1509,0.1388
211,1309,1520,0.1388
212,1314,1526,0.1388
210,1313,1523,0.1388
209,1301,1510,0.1388
206,1297,1503,0.1388
207,1294,1501,0.1388
212,1310,1522,0.1388
208,1313,1521,0.1388
206,1321,1527,0.1388
199,1314,1513,0.1388
196,1317,1513,0.1388
193,1327,1520,0.1388
201,1329,1530,0.1388
201,1330,1531,0.1388
203,1315,1518,0.1388
204,1306,1510,0.1388
206,1309,1515,0.1388
203,1303,1506,0.1388
198,1313,1511,0.1388
200,1323,1523,0.1388
201,1316,1517,0.1388
200,1327,1527,0.1388
201,1316,1517,0.1388
194,1309,1503,0.1388
199,1308,1507,0.1388
197,1299,1496,0.1388
199,1303,1502,0.1388
199,1321,1520,0.1388
201,1310,1511,0.1388
202,1317,1519,0.1388
198,1313,1511,0.1388
197,1327,1524,0.1388
199,1318,1517,0.1388
199,1322,1521,0.1388
203,1309,1512,0.1388
202,1305,1507,0.1388
199,1318,1517,0.1388
196,1302,1498,0.1388
192,1299,1491,0.1388
192,1321,1513,0.1388
191,1317,1508,0.1388
189,1330,1519,0.1388
191,1325,1516,0.1388
197,1333,1530,0.1388
196,1328,1524,0.1388
196,1335,1531,0.1388
192,1313,1505,0.1388
190,1319,1509,0.1388
195,1322,1517,0.1388
200,1324,1524,0.1388
200,1318,1518,0.1388
193,1327,1520,0.1388
193,1314,1507,0.1388
190,1317,1507,0.1388
192,1320,1512,0.1388
194,1325,1519,0.1388
198,1311,1509,0.1388
199,1303,1502,0.1388
199,1302,1501,0.1388
201,1313,1514,0.1388
201,1322,1523,0.1388
196,1324,1520,0.1388
194,1332,1526,0.1388
203,1326,1529,0.1388
202,1309,1511,0.1388
199,1314,1513,0.1388
204,1317,1521,0.1388
202,1324,1526,0.1388
199,1320,1519,0.1388
201,1316,1517,0.1388
197,1316,1513,0.1388
193,1329,1522,0.1388
187,1319,1506,0.1388
188,1329,1517,0.1388
185,1313,1498,0.1388
190,1324,1514,0.1388
190,1319,1509,0.1388
188,1320,1508,0.1388
185,1323,1508,0.1388
188,1328,1516,0.1388
183,1333,1516,0.1388
182,1333,1515,0.1388
181,1339,1520,0.1388
182,1333,1515,0.1388
182,1351,1533,0.1388
181,1338,1519,0.1388
182,1335,1517,0.1388
183,1336,1519,0.1388
173,1334,1507,0.1388
174,1329,1503,0.1388
173,1331,1504,0.1388
172,1345,1517,0.1388
173,1339,1512,0.1388
172,1342,1514,0.1388
172,1344,1516,0.1388
170,1346,1516,0.1388
165,1363,1528,0.1388
160,1363,1523,0.1388
161,1356,1517,0.1388
158,1365,1523,0.1388
158,1367,1525,0.1388
160,1359,1519,0.1388
160,1351,1511,0.1388
159,1349,1508,0.1388
157,1345,1502,0.1388
156,1351,1507,0.1388
156,1368,1524,0.1388
159,1374,1533,0.1388
156,1372,1528,0.1388
155,1371,1526,0.1388
155,1376,1531,0.1388
156,1366,1522,0.1388
157,1351,1508,0.1388
159,1346,1505,0.1388
157,1354,1511,0.1388
157,1362,1519,0.1388
152,1362,1514,0.1388
150,1365,1515,0.1388
154,1357,1511,0.1388
155,1363,1518,0.1388
150,1356,1506,0.1388
150,1360,1510,0.1388
153,1367,1520,0.1388
149,1368,1517,0.1388
155,1365,1520,0.1388
152,1365,1517,0.1388
150,1368,1518,0.1388
150,1369,1519,0.1388
147,1376,1523,0.1388
144,1379,1523,0.1388
143,1374,1517,0.1388
145,1375,1520,0.1388
143,1350,1493,0.1388
145,1363,1508,0.1388
144,1365,1509,0.1388
142,1367,1509,0.1388
143,1357,1500,0.1388
143,1361,1504,0.1388
143,1362,1505,0.1388
141,1368,1509,0.1388
140,1377,1517,0.1388
144,1366,1510,0.1388
143,1363,1506,0.1388
142,1361,1503,0.1388
142,1369,1511,0.1388
142,1369,1511,0.1388
140,1366,1506,0.1388
137,1374,1511,0.1388
133,1373,1506,0.1388
135,1371,1506,0.1388
137,1376,1513,0.1388
138,1367,1505,0.1388
136,1391,1527,0.1388
133,1383,1516,0.1388
131,1395,1526,0.1388
132,1398,1530,0.1388
125,1386,1511,0.1388
122,1376,1498,0.1388
120,1402,1522,0.1388
118,1400,1518,0.1388
120,1397,1517,0.1388
121,1390,1511,0.1388
123,1398,1521,0.1388
121,1394,1515,0.1388
120,1388,1508,0.1388
119,1387,1506,0.1388
119,1380,1499,0.1388
120,1379,1499,0.1388
120,1383,1503,0.1388
120,1381,1501,0.1388
119,1399,1518,0.1388
120,1396,1516,0.1388
121,1400,1521,0.1388
117,1410,1527,0.1388
119,1391,1510,0.1388
119,1399,1518,0.1388
114,1399,1513,0.1388
114,1396,1510,0.1388
114,1412,1526,0.1388
113,1410,1523,0.1388
111,1405,1516,0.1388
109,1404,1513,0.1388
112,1404,1516,0.1388
111,1399,1510,0.1388
109,1407,1516,0.1388
108,1411,1519,0.1388
107,1423,1530,0.1388
104,1414,1518,0.1388
105,1415,1520,0.1388
102,1415,1517,0.1388
102,1412,1514,0.1388
102,1404,1506,0.1388
102,1396,1498,0.1388
102,1412,1514,0.1388
95,1398,1493,0.1388
97,1413,1510,0.1388
98,1417,1515,0.1388
100,1405,1505,0.1388
99,1410,1509,0.1388
96,1407,1503,0.1388
96,1402,1498,0.1388
96,1404,1500,0.1388
100,1410,1510,0.1388
100,1414,1514,0.1388
103,1417,1520,0.1388
101,1422,1523,0.1388
97,1422,1519,0.1388
98,1426,1524,0.1388
99,1429,1528,0.1388
96,1419,1515,0.1388
96,1425,1521,0.1388
100,1405,1505,0.1388
99,1414,1513,0.1388
100,1413,1513,0.1388
100,1416,1516,0.1388
100,1416,1516,0.1388
102,1404,1506,0.1388
104,1402,1506,0.1388
104,1399,1503,0.1388
102,1413,1515,0.1388
100,1406,1506,0.1388
104,1410,1514,0.1388
100,1403,1503,0.1388
96,1418,1514,0.1388
95,1410,1505,0.1388
98,1425,1523,0.1388
94,1424,1518,0.1388
93,1428,1521,0.1388
91,1427,1518,0.1388
91,1422,1513,0.1388
88,1415,1503,0.1388
91,1419,1510,0.1388
89,1420,1509,0.1388
90,1428,1518,0.1388
93,1427,1520,0.1388
93,1426,1519,0.1388
91,1436,1527,0.1388
93,1439,1532,0.1388
94,1436,1530,0.1388
93,1425,1518,0.1388
91,1421,1512,0.1388
87,1437,1524,0.1388
89,1420,1509,0.1388
90,1426,1516,0.1388
91,1422,1513,0.1388
91,1427,1518,0.1388
89,1419,1508,0.1388
89,1420,1509,0.1388
90,1431,1521,0.1388
92,1424,1516,0.1388
94,1430,1524,0.1388
92,1428,1520,0.1388
92,1441,1533,0.1388
89,1453,1542,0.1388
90,1444,1534,0.1388
89,1440,1529,0.1388
85,1437,1522,0.1388
86,1436,1522,0.1388
83,1429,1512,0.1388
85,1417,1502,0.1388
83,1424,1507,0.1388
84,1431,1515,0.1388
85,1424,1509,0.1388
86,1421,1507,0.1388
86,1449,1535,0.1388
87,1447,1534,0.1388
86,1443,1529,0.1388
83,1435,1518,0.1388
82,1448,1530,0.1388
81,1444,1525,0.1388
80,1436,1516,0.1388
80,1435,1515,0.1388
80,1433,1513,0.1388
81,1428,1509,0.1388
80,1429,1509,0.1388
78,1433,1511,0.1388
79,1416,1495,0.1388
79,1421,1500,0.1388
82,1421,1503,0.1388
83,1430,1513,0.1388
82,1418,1500,0.1388
83,1428,1511,0.1388
80,1428,1508,0.1388
80,1421,1501,0.1388
77,1423,1500,0.1388
77,1433,1510,0.1388
79,1421,1500,0.1388
80,1430,1510,0.1388
78,1435,1513,0.1388
76,1420,1496,0.1388
77,1442,1519,0.1388
74,1449,1523,0.1388
76,1451,1527,0.1388
73,1454,1527,0.1388
74,1438,1512,0.1388
74,1446,1520,0.1388
76,1442,1518,0.1388
76,1433,1509,0.1388
74,1430,1504,0.1388
75,1435,1510,0.1388
71,1429,1500,0.1388
71,1429,1500,0.1388
75,1448,1523,0.1388
75,1450,1525,0.1388
72,1454,1526,0.1388
70,1446,1516,0.1388
71,1446,1517,0.1388
71,1445,1516,0.1388
69,1433,1502,0.1388
67,1447,1514,0.1388
68,1446,1514,0.1388
68,1456,1524,0.1388
66,1449,1515,0.1388
69,1446,1515,0.1388
72,1449,1521,0.1388
75,1461,1536,0.1388
73,1459,1532,0.1388
73,1449,1522,0.1388
74,1435,1509,0.1388
75,1441,1516,0.1388
73,1443,1516,0.1388
74,1451,1525,0.1388
74,1430,1504,0.1388
75,1429,1504,0.1388
75,1435,1510,0.1388
77,1441,1518,0.1388
78,1436,1514,0.1388
76,1427,1503,0.1388
75,1432,1507,0.1388
76,1443,1519,0.1388
75,1433,1508,0.1388
70,1438,1508,0.1388
74,1456,1530,0.1388
73,1450,1523,0.1388
69,1456,1525,0.1388
68,1445,1513,0.1388
69,1443,1512,0.1388
69,1443,1512,0.1388
69,1455,1524,0.1388
64,1458,1522,0.1388
69,1454,1523,0.1388
68,1461,1529,0.1388
68,1466,1534,0.1388
65,1456,1521,0.1388
64,1443,1507,0.1388
61,1444,1505,0.1388
62,1455,1517,0.1388
62,1449,1511,0.1388
61,1461,1522,0.1388
60,1457,1517,0.1388
67,1466,1533,0.1388
67,1458,1525,0.1388
68,1464,1532,0.1388
68,1456,1524,0.1388
67,1446,1513,0.1388
67,1441,1508,0.1388
67,1441,1508,0.1388
68,1431,1499,0.1388
66,1439,1505,0.1388
66,1460,1526,0.1388
64,1461,1525,0.1388
62,1459,1521,0.1388
61,1457,1518,0.1388
61,1450,1511,0.1388
61,1456,1517,0.1388
61,1460,1521,0.1388
60,1469,1529,0.1388
60,1475,1535,0.1388
60,1462,1522,0.1388
58,1467,1525,0.1388
58,1468,1526,0.1388
54,1467,1521,0.1388
56,1464,1520,0.1388
57,1474,1531,0.1388
54,1467,1521,0.1388
55,1461,1516,0.1388
55,1455,1510,0.1388
52,1465,1517,0.1388
52,1461,1513,0.1388
51,1459,1510,0.1388
51,1445,1496,0.1388
50,1452,1502,0.1388
50,1452,1502,0.1388
49,1453,1502,0.1388
48,1462,1510,0.1388
46,1462,1508,0.1388
46,1450,1496,0.1388
45,1448,1493,0.1388
44,1451,1495,0.1388
43,1465,1508,0.1388
44,1470,1514,0.1388
43,1468,1511,0.1388
41,1466,1507,0.1388
41,1465,1506,0.1388
42,1470,1512,0.1388
43,1472,1515,0.1388
44,1475,1519,0.1388
44,1471,1515,0.1388
44,1481,1525,0.1388
42,1472,1514,0.1388
41,1474,1515,0.1388
43,1464,1507,0.1388
40,1476,1516,0.1388
37,1465,1502,0.1388
37,1470,1507,0.1388
36,1467,1503,0.1388
35,1476,1511,0.1388
36,1477,1513,0.1388
39,1475,1514,0.1388
39,1480,1519,0.1388
38,1489,1527,0.1388
38,1493,1531,0.1388
38,1483,1521,0.1388
39,1492,1531,0.1388
38,1496,1534,0.1388
43,1481,1524,0.1388
43,1484,1527,0.1388
43,1474,1517,0.1388
45,1484,1529,0.1388
43,1462,1505,0.1388
43,1459,1502,0.1388
41,1469,1510,0.1388
40,1463,1503,0.1388
40,1464,1504,0.1388
42,1463,1505,0.1388
43,1478,1521,0.1388
44,1465,1509,0.1388
44,1465,1509,0.1388
45,1470,1515,0.1388
46,1472,1518,0.1388
46,1478,1524,0.1388
46,1471,1517,0.1388
47,1474,1521,0.1388
46,1462,1508,0.1388
46,1454,1500,0.1388
44,1462,1506,0.1388
44,1470,1514,0.1388
44,1462,1506,0.1388
42,1463,1505,0.1388
41,1471,1512,0.1388
40,1477,1517,0.1388
40,1473,1513,0.1388
39,1474,1513,0.1388
38,1462,1500,0.1388
38,1470,1508,0.1388
38,1470,1508,0.1388
39,1470,1509,0.1388
40,1484,1524,0.1388
40,1487,1527,0.1388
39,1483,1522,0.1388
39,1486,1525,0.1388
38,1492,1530,0.1388
38,1472,1510,0.1388
38,1484,1522,0.1388
34,1475,1509,0.1388
33,1476,1509,0.1388
33,1486,1519,0.1388
32,1489,1521,0.1388
33,1488,1521,0.1388
34,1492,1526,0.1388
34,1479,1513,0.1388
33,1487,1520,0.1388
32,1487,1519,0.1388
32,1485,1517,0.1388
31,1485,1516,0.1388
31,1483,1514,0.1388
31,1481,1512,0.1388
30,1487,1517,0.1388
28,1489,1517,0.1388
28,1490,1518,0.1388
27,1496,1523,0.1388
28,1476,1504,0.1388
27,1472,1499,0.1388
25,1494,1519,0.1388
23,1487,1510,0.1388
23,1491,1514,0.1388
22,1503,1525,0.1388
23,1506,1529,0.1388
23,1499,1522,0.1388
23,1488,1511,0.1388
22,1495,1517,0.1388
21,1490,1511,0.1388
21,1492,1513,0.1388
20,1501,1521,0.1388
19,1511,1530,0.1388
18,1480,1498,0.1388
18,1492,1510,0.1388
18,1500,1518,0.1388
20,1494,1514,0.1388
20,1495,1515,0.1388
21,1478,1499,0.1388
22,1484,1506,0.1388
22,1502,1524,0.1388
22,1504,1526,0.1388
23,1501,1524,0.1388
22,1503,1525,0.1388
22,1514,1536,0.1388
22,1512,1534,0.1388
22,1498,1520,0.1388
21,1497,1518,0.1388
21,1499,1520,0.1388
21,1499,1520,0.1388
20,1485,1505,0.1388
20,1492,1512,0.1388
21,1494,1515,0.1388
23,1501,1524,0.1388
22,1492,1514,0.1388
22,1491,1513,0.1388
23,1483,1506,0.1388
23,1490,1513,0.1388
22,1490,1512,0.1388
19,1492,1511,0.1388
19,1485,1504,0.1388
19,1481,1500,0.1388
19,1488,1507,0.1388
19,1495,1514,0.1388
19,1495,1514,0.1388
21,1493,1514,0.1388
20,1505,1525,0.1388
20,1493,1513,0.1388
19,1493,1512,0.1388
19,1499,1518,0.1388
20,1503,1523,0.1388
18,1486,1504,0.1388
17,1493,1510,0.1388
17,1501,1518,0.1388
18,1496,1514,0.1388
18,1492,1510,0.1388
18,1496,1514,0.1388
17,1490,1507,0.1388
17,1499,1516,0.1388
17,1506,1523,0.1388
18,1494,1512,0.1388
18,1502,1520,0.1388
18,1499,1517,0.1388
18,1506,1524,0.1388
18,1495,1513,0.1388
18,1495,1513,0.1388
17,1491,1508,0.1388
16,1485,1501,0.1388
18,1494,1512,0.1388
16,1491,1507,0.1388
15,1498,1513,0.1388
16,1506,1522,0.1388
17,1504,1521,0.1388
15,1502,1517,0.1388
15,1505,1520,0.1388
14,1507,1521,0.1388
13,1516,1529,0.1388
13,1516,1529,0.1388
13,1505,1518,0.1388
13,1487,1500,0.1388
15,1491,1506,0.1388
14,1482,1496,0.1388
13,1496,1509,0.1388
12,1499,1511,0.1388
14,1506,1520,0.1388
14,1508,1522,0.1388
14,1500,1514,0.1388
13,1491,1504,0.1388
12,1493,1505,0.1388
12,1486,1498,0.1388
12,1499,1511,0.1388
11,1497,1508,0.1388
11,1490,1501,0.1388
12,1478,1490,0.1388
10,1483,1493,0.1388
9,1499,1508,0.1388
9,1488,1497,0.1388
9,1494,1503,0.1388
9,1492,1501,0.1388
10,1505,1515,0.1388
10,1499,1509,0.1388
10,1494,1504,0.1388
9,1495,1504,0.1388
9,1503,1512,0.1388
9,1498,1507,0.1388
8,1501,1509,0.1388
7,1504,1511,0.1388
8,1505,1513,0.1388
9,1503,1512,0.1388
7,1505,1512,0.1388
9,1504,1513,0.1388
10,1512,1522,0.1388
10,1510,1520,0.1388
11,1514,1525,0.1388
11,1500,1511,0.1388
11,1507,1518,0.1388
11,1507,1518,0.1388
11,1504,1515,0.1388
11,1523,1534,0.1388
10,1531,1541,0.1388
10,1524,1534,0.1388
10,1519,1529,0.1388
10,1525,1535,0.1388
10,1518,1528,0.1388
8,1518,1526,0.1388
6,1523,1529,0.1388
7,1511,1518,0.1388
7,1507,1514,0.1388
7,1525,1532,0.1388
8,1525,1533,0.1388
8,1518,1526,0.1388
8,1512,1520,0.1388
8,1507,1515,0.1388
8,1506,1514,0.1388
8,1493,1501,0.1388
8,1512,1520,0.1388
8,1510,1518,0.1388
9,1511,1520,0.1388
9,1511,1520,0.1388
9,1514,1523,0.1388
9,1513,1522,0.1388
9,1521,1530,0.1388
9,1520,1529,0.1388
10,1497,1507,0.1388
10,1506,1516,0.1388
10,1506,1516,0.1388
10,1500,1510,0.1388
10,1495,1505,0.1388
10,1502,1512,0.1388
10,1508,1518,0.1388
10,1508,1518,0.1388
10,1499,1509,0.1388
10,1503,1513,0.1388
11,1503,1514,0.1388
11,1506,1517,0.1388
10,1510,1520,0.1388
9,1507,1516,0.1388
9,1508,1517,0.1388
8,1489,1497,0.1388
8,1498,1506,0.1388
9,1496,1505,0.1388
9,1494,1503,0.1388
9,1507,1516,0.1388
9,1506,1515,0.1388
7,1500,1507,0.1388
7,1506,1513,0.1388
7,1503,1510,0.1388
7,1510,1517,0.1388
7,1518,1525,0.1388
7,1516,1523,0.1388
6,1508,1514,0.1388
7,1508,1515,0.1388
5,1493,1498,0.1388
5,1511,1516,0.1388
6,1501,1507,0.1388
5,1508,1513,0.1388
6,1509,1515,0.1388
6,1510,1516,0.1388
6,1513,1519,0.1388
5,1516,1521,0.1388
4,1513,1517,0.1388
4,1523,1527,0.1388
4,1513,1517,0.1388
4,1516,1520,0.1388
4,1514,1518,0.1388
3,1511,1514,0.1388
3,1511,1514,0.1388
3,1508,1511,0.1388
3,1509,1512,0.1388
3,1508,1511,0.1388
3,1499,1502,0.1388
3,1509,1512,0.1388
3,1522,1525,0.1388
3,1522,1525,0.1388
3,1523,1526,0.1388
3,1527,1530,0.1388
3,1538,1541,0.1388
3,1536,1539,0.1388
3,1525,1528,0.1388
3,1512,1515,0.1388
3,1508,1511,0.1388
3,1506,1509,0.1388
4,1516,1520,0.1388
3,1531,1534,0.1388
3,1518,1521,0.1388
3,1529,1532,0.1388
3,1523,1526,0.1388
3,1516,1519,0.1388
3,1516,1519,0.1388
3,1519,1522,0.1388
3,1516,1519,0.1388
3,1498,1501,0.1388
3,1513,1516,0.1388
3,1525,1528,0.1388
3,1513,1516,0.1388
3,1508,1511,0.1388
3,1512,1515,0.1388
3,1506,1509,0.1388
3,1515,1518,0.1388
2,1509,1511,0.1388
2,1504,1506,0.1388
2,1503,1505,0.1388
2,1522,1524,0.1388
2,1518,1520,0.1388
1,1521,1522,0.1388
1,1516,1517,0.1388
1,1524,1525,0.1388
1,1516,1517,0.1388
1,1499,1500,0.1388
1,1507,1508,0.1388
1,1514,1515,0.1388
1,1505,1506,0.1388
1,1503,1504,0.1388
1,1512,1513,0.1388
1,1515,1516,0.1388
1,1512,1513,0.1388
1,1508,1509,0.1388
1,1509,1510,0.1388
1,1519,1520,0.1388
1,1521,1522,0.1388
1,1513,1514,0.1388
1,1531,1532,0.1388
1,1525,1526,0.1388
1,1515,1516,0.1388
1,1509,1510,0.1388
1,1509,1510,0.1388
2,1511,1513,0.1388
2,1499,1501,0.1388
2,1511,1513,0.1388
2,1503,1505,0.1388
1,1509,1510,0.1388
1,1515,1516,0.1388
1,1515,1516,0.1388
1,1517,1518,0.1388
1,1512,1513,0.1388
1,1510,1511,0.1388
1,1516,1517,0.1388
2,1519,1521,0.1388
2,1515,1517,0.1388
2,1512,1514,0.1388
4,1505,1509,0.1388
4,1520,1524,0.1388
4,1523,1527,0.1388
4,1527,1531,0.1388
4,1526,1530,0.1388
4,1530,1534,0.1388
4,1523,1527,0.1388
4,1513,1517,0.1388
3,1516,1519,0.1388
3,1524,1527,0.1388
3,1515,1518,0.1388
3,1511,1514,0.1388
3,1504,1507,0.1388
3,1508,1511,0.1388
3,1510,1513,0.1388
3,1509,1512,0.1388
3,1502,1505,0.1388
3,1510,1513,0.1388
3,1508,1511,0.1388
3,1517,1520,0.1388
2,1520,1522,0.1388
2,1517,1519,0.1388
2,1522,1524,0.1388
2,1521,1523,0.1388
2,1510,1512,0.1388
2,1510,1512,0.1388
2,1508,1510,0.1388
2,1506,1508,0.1388
2,1507,1509,0.1388
2,1515,1517,0.1388
3,1529,1532,0.1388
3,1524,1527,0.1388
3,1527,1530,0.1388
3,1519,1522,0.1388
3,1524,1527,0.1388
3,1511,1514,0.1388
3,1502,1505,0.1388
3,1500,1503,0.1388
3,1509,1512,0.1388
3,1502,1505,0.1388
3,1495,1498,0.1388
3,1505,1508,0.1388
2,1518,1520,0.1388
3,1523,1526,0.1388
3,1511,1514,0.1388
3,1516,1519,0.1388
3,1523,1526,0.1388
3,1519,1522,0.1388
3,1520,1523,0.1388
3,1521,1524,0.1388
3,1525,1528,0.1388
3,1528,1531,0.1388
3,1530,1533,0.1388
3,1532,1535,0.1388
2,1514,1516,0.1388
2,1525,1527,0.1388
2,1525,1527,0.1388
2,1519,1521,0.1388
1,1512,1513,0.1388
1,1505,1506,0.1388
1,1505,1506,0.1388
1,1524,1525,0.1388
1,1524,1525,0.1388
1,1519,1520,0.1388
2,1517,1519,0.1388
1,1515,1516,0.1388
1,1511,1512,0.1388
1,1509,1510,0.1388
1,1513,1514,0.1388
1,1514,1515,0.1388
1,1515,1516,0.1388
2,1524,1526,0.1388
2,1514,1516,0.1388
3,1520,1523,0.1388
3,1513,1516,0.1388
3,1512,1515,0.1388
3,1522,1525,0.1388
3,1529,1532,0.1388
3,1497,1500,0.1388
3,1509,1512,0.1388
2,1524,1526,0.1388
2,1510,1512,0.1388
2,1525,1527,0.1388
2,1525,1527,0.1388
2,1529,1531,0.1388
2,1522,1524,0.1388
2,1514,1516,0.1388
2,1511,1513,0.1388
2,1517,1519,0.1388
2,1519,1521,0.1388
2,1510,1512,0.1388
3,1509,1512,0.1388
3,1508,1511,0.1388
3,1500,1503,0.1388
3,1502,1505,0.1388
3,1506,1509,0.1388
3,1512,1515,0.1388
3,1513,1516,0.1388
4,1515,1519,0.1388
4,1512,1516,0.1388
3,1511,1514,0.1388
3,1519,1522,0.1388
3,1521,1524,0.1388
3,1526,1529,0.1388
2,1516,1518,0.1388
2,1507,1509,0.1388
2,1516,1518,0.1388
2,1507,1509,0.1388
2,1514,1516,0.1388
2,1513,1515,0.1388
2,1522,1524,0.1388
2,1516,1518,0.1388
2,1515,1517,0.1388
2,1513,1515,0.1388
2,1530,1532,0.1388
2,1528,1530,0.1388
2,1514,1516,0.1388
2,1511,1513,0.1388
2,1507,1509,0.1388
3,1517,1520,0.1388
4,1512,1516,0.1388
4,1505,1509,0.1388
3,1507,1510,0.1388
2,1506,1508,0.1388
2,1518,1520,0.1388
0,1515,1515,0.1388
