1362,29,1391,0.1388
1374,30,1404,0.1388
1409,33,1442,0.1388
1398,34,1432,0.1388
1402,34,1436,0.1388
1414,35,1449,0.1388
1409,38,1447,0.1388
1418,37,1455,0.1388
1430,38,1468,0.1388
1450,41,1491,0.1388
1456,41,1497,0.1388
1459,41,1500,0.1388
1454,40,1494,0.1388
1451,42,1493,0.1388
1460,43,1503,0.1388
1450,42,1492,0.1388
1460,42,1502,0.1388
1459,43,1502,0.1388
1457,44,1501,0.1388
1460,43,1503,0.1388
1457,44,1501,0.1388
1451,42,1493,0.1388
1447,42,1489,0.1388
1457,43,1500,0.1388
1457,43,1500,0.1388
1452,44,1496,0.1388
1452,44,1496,0.1388
1455,40,1495,0.1388
1449,40,1489,0.1388
1449,44,1493,0.1388
1448,43,1491,0.1388
1452,44,1496,0.1388
1465,41,1506,0.1388
1455,42,1497,0.1388
1469,41,1510,0.1388
1454,39,1493,0.1388
1456,39,1495,0.1388
1466,40,1506,0.1388
1456,40,1496,0.1388
1448,42,1490,0.1388
1452,42,1494,0.1388
1445,45,1490,0.1388
1463,43,1506,0.1388
1452,43,1495,0.1388
1437,43,1480,0.1388
1433,43,1476,0.1388
1447,44,1491,0.1388
1457,47,1504,0.1388
1435,45,1480,0.1388
1432,45,1477,0.1388
1431,49,1480,0.1388
1439,51,1490,0.1388
1441,52,1493,0.1388
1443,51,1494,0.1388
1462,49,1511,0.1388
1466,48,1514,0.1388
1460,48,1508,0.1388
1453,48,1501,0.1388
1448,48,1496,0.1388
1453,50,1503,0.1388
1446,47,1493,0.1388
1432,44,1476,0.1388
1430,44,1474,0.1388
1431,44,1475,0.1388
1426,47,1473,0.1388
1428,49,1477,0.1388
1427,53,1480,0.1388
1419,55,1474,0.1388
1415,56,1471,0.1388
1422,58,1480,0.1388
1425,59,1484,0.1388
1423,62,1485,0.1388
1417,59,1476,0.1388
1406,60,1466,0.1388
1426,56,1482,0.1388
1432,59,1491,0.1388
1432,60,1492,0.1388
1429,63,1492,0.1388
1431,63,1494,0.1388
1432,63,1495,0.1388
1425,63,1488,0.1388
1421,61,1482,0.1388
1422,58,1480,0.1388
1426,61,1487,0.1388
1415,62,1477,0.1388
1415,61,1476,0.1388
1420,63,1483,0.1388
1423,63,1486,0.1388
1425,64,1489,0.1388
1438,62,1500,0.1388
1437,61,1498,0.1388
1440,62,1502,0.1388
1437,60,1497,0.1388
1430,61,1491,0.1388
1441,59,1500,0.1388
1449,58,1507,0.1388
1444,59,1503,0.1388
1433,62,1495,0.1388
1432,66,1498,0.1388
1437,65,1502,0.1388
1441,63,1504,0.1388
1431,64,1495,0.1388
1429,60,1489,0.1388
1425,61,1486,0.1388
1436,63,1499,0.1388
1442,57,1499,0.1388
1446,57,1503,0.1388
1434,55,1489,0.1388
1430,56,1486,0.1388
1428,53,1481,0.1388
1431,53,1484,0.1388
1431,56,1487,0.1388
1429,57,1486,0.1388
1430,57,1487,0.1388
1437,58,1495,0.1388
1428,58,1486,0.1388
1437,58,1495,0.1388
1441,57,1498,0.1388
1434,59,1493,0.1388
1427,59,1486,0.1388
1431,59,1490,0.1388
1436,62,1498,0.1388
1435,60,1495,0.1388
1434,65,1499,0.1388
1422,64,1486,0.1388
1428,62,1490,0.1388
1430,62,1492,0.1388
1430,61,1491,0.1388
1431,62,1493,0.1388
1422,66,1488,0.1388
1414,64,1478,0.1388
1422,64,1486,0.1388
1421,67,1488,0.1388
1433,66,1499,0.1388
1426,64,1490,0.1388
1424,62,1486,0.1388
1420,62,1482,0.1388
1419,61,1480,0.1388
1423,62,1485,0.1388
1427,67,1494,0.1388
1415,66,1481,0.1388
1429,68,1497,0.1388
1418,67,1485,0.1388
1416,68,1484,0.1388
1424,70,1494,0.1388
1426,70,1496,0.1388
1427,72,1499,0.1388
1421,73,1494,0.1388
1425,73,1498,0.1388
1429,72,1501,0.1388
1430,70,1500,0.1388
1423,70,1493,0.1388
1416,70,1486,0.1388
1419,70,1489,0.1388
1414,71,1485,0.1388
1412,69,1481,0.1388
1420,71,1491,0.1388
1416,74,1490,0.1388
1414,74,1488,0.1388
1412,75,1487,0.1388
1416,78,1494,0.1388
1421,77,1498,0.1388
1408,76,1484,0.1388
1410,77,1487,0.1388
1413,75,1488,0.1388
1429,75,1504,0.1388
1417,75,1492,0.1388
1420,78,1498,0.1388
1426,75,1501,0.1388
1427,76,1503,0.1388
1422,78,1500,0.1388
1411,76,1487,0.1388
1411,75,1486,0.1388
1429,73,1502,0.1388
1413,73,1486,0.1388
1423,72,1495,0.1388
1420,74,1494,0.1388
1414,74,1488,0.1388
1412,74,1486,0.1388
1416,67,1483,0.1388
1418,69,1487,0.1388
1420,68,1488,0.1388
1418,69,1487,0.1388
1412,66,1478,0.1388
1417,64,1481,0.1388
1433,68,1501,0.1388
1424,68,1492,0.1388
1431,72,1503,0.1388
1414,72,1486,0.1388
1415,72,1487,0.1388
1416,73,1489,0.1388
1419,73,1492,0.1388
1434,73,1507,0.1388
1433,71,1504,0.1388
1412,72,1484,0.1388
1409,75,1484,0.1388
1411,73,1484,0.1388
1421,71,1492,0.1388
1433,73,1506,0.1388
1438,76,1514,0.1388
1433,76,1509,0.1388
1429,78,1507,0.1388
1430,79,1509,0.1388
1427,78,1505,0.1388
1414,78,1492,0.1388
1412,80,1492,0.1388
1408,77,1485,0.1388
1396,76,1472,0.1388
1406,79,1485,0.1388
1400,80,1480,0.1388
1402,82,1484,0.1388
1400,78,1478,0.1388
1415,76,1491,0.1388
1434,77,1511,0.1388
1416,76,1492,0.1388
1401,77,1478,0.1388
1406,75,1481,0.1388
1409,76,1485,0.1388
1410,77,1487,0.1388
1413,80,1493,0.1388
1408,82,1490,0.1388
1412,86,1498,0.1388
1407,88,1495,0.1388
1403,89,1492,0.1388
1403,90,1493,0.1388
1398,89,1487,0.1388
1401,92,1493,0.1388
1410,93,1503,0.1388
1405,97,1502,0.1388
1404,98,1502,0.1388
1408,98,1506,0.1388
1412,96,1508,0.1388
1414,95,1509,0.1388
1419,96,1515,0.1388
1410,94,1504,0.1388
1413,91,1504,0.1388
1420,92,1512,0.1388
1400,88,1488,0.1388
1411,89,1500,0.1388
1407,83,1490,0.1388
1401,84,1485,0.1388
1406,87,1493,0.1388
1411,90,1501,0.1388
1412,91,1503,0.1388
1399,91,1490,0.1388
1402,91,1493,0.1388
1413,95,1508,0.1388
1404,95,1499,0.1388
1403,92,1495,0.1388
1396,93,1489,0.1388
1420,94,1514,0.1388
1409,91,1500,0.1388
1392,92,1484,0.1388
1392,90,1482,0.1388
1397,89,1486,0.1388
1408,94,1502,0.1388
1398,96,1494,0.1388
1392,93,1485,0.1388
1409,92,1501,0.1388
1397,95,1492,0.1388
1396,100,1496,0.1388
1406,99,1505,0.1388
1400,104,1504,0.1388
1407,106,1513,0.1388
1414,107,1521,0.1388
1408,104,1512,0.1388
1406,103,1509,0.1388
1381,105,1486,0.1388
1384,105,1489,0.1388
1379,107,1486,0.1388
1386,104,1490,0.1388
1400,104,1504,0.1388
1392,102,1494,0.1388
1374,103,1477,0.1388
1378,102,1480,0.1388
1384,101,1485,0.1388
1376,107,1483,0.1388
1380,109,1489,0.1388
1385,107,1492,0.1388
1393,108,1501,0.1388
1394,105,1499,0.1388
1375,108,1483,0.1388
1380,110,1490,0.1388
1378,112,1490,0.1388
1392,112,1504,0.1388
1400,112,1512,0.1388
1411,109,1520,0.1388
1398,108,1506,0.1388
1396,109,1505,0.1388
1393,105,1498,0.1388
1377,106,1483,0.1388
1390,104,1494,0.1388
1389,101,1490,0.1388
1378,103,1481,0.1388
1390,105,1495,0.1388
1378,107,1485,0.1388
1381,107,1488,0.1388
1376,110,1486,0.1388
1369,108,1477,0.1388
1379,107,1486,0.1388
1381,108,1489,0.1388
1380,104,1484,0.1388
1369,106,1475,0.1388
1375,109,1484,0.1388
1377,108,1485,0.1388
1364,106,1470,0.1388
1370,111,1481,0.1388
1371,111,1482,0.1388
1372,112,1484,0.1388
1386,113,1499,0.1388
1385,111,1496,0.1388
1387,112,1499,0.1388
1402,108,1510,0.1388
1397,108,1505,0.1388
1400,108,1508,0.1388
1385,108,1493,0.1388
1386,109,1495,0.1388
1387,108,1495,0.1388
1395,108,1503,0.1388
1394,110,1504,0.1388
1393,110,1503,0.1388
1372,109,1481,0.1388
1370,111,1481,0.1388
1365,110,1475,0.1388
1366,110,1476,0.1388
1369,111,1480,0.1388
1380,112,1492,0.1388
1390,112,1502,0.1388
1398,113,1511,0.1388
1391,112,1503,0.1388
1389,115,1504,0.1388
1393,117,1510,0.1388
1394,116,1510,0.1388
1373,115,1488,0.1388
1371,114,1485,0.1388
1381,112,1493,0.1388
1382,117,1499,0.1388
1375,120,1495,0.1388
1363,113,1476,0.1388
1361,114,1475,0.1388
1368,116,1484,0.1388
1371,112,1483,0.1388
1386,112,1498,0.1388
1389,116,1505,0.1388
1380,116,1496,0.1388
1389,120,1509,0.1388
1386,122,1508,0.1388
1397,119,1516,0.1388
1394,118,1512,0.1388
1379,116,1495,0.1388
1376,115,1491,0.1388
1374,114,1488,0.1388
1379,111,1490,0.1388
1367,112,1479,0.1388
1378,114,1492,0.1388
1382,117,1499,0.1388
1377,121,1498,0.1388
1380,123,1503,0.1388
1382,124,1506,0.1388
1361,122,1483,0.1388
1365,122,1487,0.1388
1361,120,1481,0.1388
1359,116,1475,0.1388
1364,118,1482,0.1388
1378,121,1499,0.1388
1378,118,1496,0.1388
1378,121,1499,0.1388
1380,117,1497,0.1388
1374,118,1492,0.1388
1367,121,1488,0.1388
1367,124,1491,0.1388
1363,127,1490,0.1388
1366,128,1494,0.1388
1376,126,1502,0.1388
1368,128,1496,0.1388
1366,128,1494,0.1388
1370,127,1497,0.1388
1360,130,1490,0.1388
1353,131,1484,0.1388
1353,130,1483,0.1388
1356,131,1487,0.1388
1357,133,1490,0.1388
1356,133,1489,0.1388
1354,135,1489,0.1388
1345,134,1479,0.1388
1345,133,1478,0.1388
1351,135,1486,0.1388
1348,136,1484,0.1388
1347,139,1486,0.1388
1347,138,1485,0.1388
1354,133,1487,0.1388
1368,135,1503,0.1388
1369,138,1507,0.1388
1360,134,1494,0.1388
1362,133,1495,0.1388
1356,140,1496,0.1388
1349,141,1490,0.1388
1345,142,1487,0.1388
1344,141,1485,0.1388
1363,138,1501,0.1388
1346,141,1487,0.1388
1356,144,1500,0.1388
1346,147,1493,0.1388
1338,146,1484,0.1388
1337,147,1484,0.1388
1345,148,1493,0.1388
1344,143,1487,0.1388
1340,148,1488,0.1388
1342,151,1493,0.1388
1324,153,1477,0.1388
1329,150,1479,0.1388
1333,153,1486,0.1388
1336,157,1493,0.1388
1337,154,1491,0.1388
1327,152,1479,0.1388
1325,158,1483,0.1388
1321,162,1483,0.1388
1313,164,1477,0.1388
1317,167,1484,0.1388
1325,166,1491,0.1388
1327,167,1494,0.1388
1322,167,1489,0.1388
1327,166,1493,0.1388
1339,167,1506,0.1388
1347,165,1512,0.1388
1342,171,1513,0.1388
1334,173,1507,0.1388
1334,172,1506,0.1388
1338,177,1515,0.1388
1332,176,1508,0.1388
1319,173,1492,0.1388
1315,177,1492,0.1388
1304,178,1482,0.1388
1304,181,1485,0.1388
1307,179,1486,0.1388
1305,178,1483,0.1388
1317,174,1491,0.1388
1320,177,1497,0.1388
1321,180,1501,0.1388
1321,181,1502,0.1388
1317,181,1498,0.1388
1318,182,1500,0.1388
1320,185,1505,0.1388
1313,185,1498,0.1388
1319,186,1505,0.1388
1313,187,1500,0.1388
1305,185,1490,0.1388
1308,189,1497,0.1388
1307,188,1495,0.1388
1309,194,1503,0.1388
1303,197,1500,0.1388
1308,195,1503,0.1388
1303,199,1502,0.1388
1287,203,1490,0.1388
1293,202,1495,0.1388
1286,201,1487,0.1388
1285,206,1491,0.1388
1282,206,1488,0.1388
1294,203,1497,0.1388
1277,205,1482,0.1388
1279,201,1480,0.1388
1282,201,1483,0.1388
1289,203,1492,0.1388
1298,199,1497,0.1388
1295,202,1497,0.1388
1303,203,1506,0.1388
1302,205,1507,0.1388
1297,199,1496,0.1388
1291,197,1488,0.1388
1279,198,1477,0.1388
1292,200,1492,0.1388
1283,198,1481,0.1388
1287,198,1485,0.1388
1293,203,1496,0.1388
1293,196,1489,0.1388
1292,203,1495,0.1388
1294,204,1498,0.1388
1311,208,1519,0.1388
1309,208,1517,0.1388
1296,200,1496,0.1388
1297,196,1493,0.1388
1305,198,1503,0.1388
1304,198,1502,0.1388
1310,197,1507,0.1388
1302,196,1498,0.1388
1296,192,1488,0.1388
1295,201,1496,0.1388
1288,205,1493,0.1388
1301,206,1507,0.1388
1306,200,1506,0.1388
1317,200,1517,0.1388
1319,200,1519,0.1388
1314,197,1511,0.1388
1318,198,1516,0.1388
1313,197,1510,0.1388
1296,196,1492,0.1388
1290,195,1485,0.1388
1303,196,1499,0.1388
1300,199,1499,0.1388
1278,204,1482,0.1388
1282,203,1485,0.1388
1290,204,1494,0.1388
1291,203,1494,0.1388
1295,205,1500,0.1388
1291,205,1496,0.1388
1280,208,1488,0.1388
1284,206,1490,0.1388
1290,206,1496,0.1388
1285,207,1492,0.1388
1292,203,1495,0.1388
1292,199,1491,0.1388
1279,198,1477,0.1388
1290,200,1490,0.1388
1280,195,1475,0.1388
1274,200,1474,0.1388
1287,204,1491,0.1388
1274,208,1482,0.1388
1292,206,1498,0.1388
1307,208,1515,0.1388
1303,203,1506,0.1388
1301,205,1506,0.1388
1300,203,1503,0.1388
1294,198,1492,0.1388
1306,204,1510,0.1388
1289,207,1496,0.1388
1291,203,1494,0.1388
1300,204,1504,0.1388
1296,205,1501,0.1388
1286,209,1495,0.1388
1276,204,1480,0.1388
1276,213,1489,0.1388
1283,215,1498,0.1388
1290,217,1507,0.1388
1294,218,1512,0.1388
1278,216,1494,0.1388
1270,214,1484,0.1388
1275,218,1493,0.1388
1270,214,1484,0.1388
1279,214,1493,0.1388
1280,212,1492,0.1388
1287,212,1499,0.1388
1268,216,1484,0.1388
1282,219,1501,0.1388
1281,219,1500,0.1388
1288,221,1509,0.1388
1284,217,1501,0.1388
1289,218,1507,0.1388
1275,221,1496,0.1388
1284,220,1504,0.1388
1254,218,1472,0.1388
1257,222,1479,0.1388
1264,220,1484,0.1388
1262,222,1484,0.1388
1255,221,1476,0.1388
1261,222,1483,0.1388
1278,227,1505,0.1388
1272,229,1501,0.1388
1276,228,1504,0.1388
1279,234,1513,0.1388
1286,234,1520,0.1388
1287,230,1517,0.1388
1282,224,1506,0.1388
1278,227,1505,0.1388
1270,223,1493,0.1388
1269,222,1491,0.1388
1262,221,1483,0.1388
1269,215,1484,0.1388
1271,219,1490,0.1388
1273,220,1493,0.1388
1268,217,1485,0.1388
1276,214,1490,0.1388
1272,216,1488,0.1388
1269,213,1482,0.1388
1261,226,1487,0.1388
1251,227,1478,0.1388
1255,225,1480,0.1388
1253,218,1471,0.1388
1257,223,1480,0.1388
1261,226,1487,0.1388
1267,230,1497,0.1388
1274,229,1503,0.1388
1274,233,1507,0.1388
1266,238,1504,0.1388
1271,239,1510,0.1388
1264,238,1502,0.1388
1266,237,1503,0.1388
1267,240,1507,0.1388
1264,238,1502,0.1388
1267,237,1504,0.1388
1268,236,1504,0.1388
1262,235,1497,0.1388
1259,237,1496,0.1388
1244,238,1482,0.1388
1242,241,1483,0.1388
1258,237,1495,0.1388
1243,236,1479,0.1388
1248,241,1489,0.1388
1244,239,1483,0.1388
1261,241,1502,0.1388
1264,242,1506,0.1388
1257,237,1494,0.1388
1239,234,1473,0.1388
1249,235,1484,0.1388
1247,240,1487,0.1388
1236,241,1477,0.1388
1244,242,1486,0.1388
1250,242,1492,0.1388
1254,241,1495,0.1388
1247,238,1485,0.1388
1257,238,1495,0.1388
1252,241,1493,0.1388
1244,240,1484,0.1388
1248,243,1491,0.1388
1243,243,1486,0.1388
1255,244,1499,0.1388
1251,248,1499,0.1388
1246,249,1495,0.1388
1255,248,1503,0.1388
1255,249,1504,0.1388
1246,248,1494,0.1388
1241,256,1497,0.1388
1231,253,1484,0.1388
1236,257,1493,0.1388
1250,246,1496,0.1388
1257,249,1506,0.1388
1258,247,1505,0.1388
1265,248,1513,0.1388
1253,247,1500,0.1388
1258,247,1505,0.1388
1245,251,1496,0.1388
1261,247,1508,0.1388
1254,249,1503,0.1388
1241,245,1486,0.1388
1240,246,1486,0.1388
1235,249,1484,0.1388
1232,250,1482,0.1388
1234,247,1481,0.1388
1234,248,1482,0.1388
1243,244,1487,0.1388
1237,250,1487,0.1388
1246,249,1495,0.1388
1238,257,1495,0.1388
1250,261,1511,0.1388
1239,256,1495,0.1388
1233,255,1488,0.1388
1222,257,1479,0.1388
1226,261,1487,0.1388
1241,259,1500,0.1388
1236,257,1493,0.1388
1223,260,1483,0.1388
1218,262,1480,0.1388
1228,265,1493,0.1388
1226,261,1487,0.1388
1236,267,1503,0.1388
1233,267,1500,0.1388
1227,267,1494,0.1388
1225,267,1492,0.1388
1217,266,1483,0.1388
1219,270,1489,0.1388
1220,268,1488,0.1388
1235,260,1495,0.1388
1228,261,1489,0.1388
1225,262,1487,0.1388
1235,262,1497,0.1388
1223,262,1485,0.1388
1227,263,1490,0.1388
1233,269,1502,0.1388
1220,261,1481,0.1388
1227,264,1491,0.1388
1236,269,1505,0.1388
1246,267,1513,0.1388
1250,266,1516,0.1388
1248,265,1513,0.1388
1241,268,1509,0.1388
1239,265,1504,0.1388
1237,270,1507,0.1388
1231,269,1500,0.1388
1231,275,1506,0.1388
1217,272,1489,0.1388
1212,277,1489,0.1388
1213,277,1490,0.1388
1209,274,1483,0.1388
1208,271,1479,0.1388
1217,275,1492,0.1388
1210,276,1486,0.1388
1206,283,1489,0.1388
1204,291,1495,0.1388
1211,289,1500,0.1388
1216,290,1506,0.1388
1210,288,1498,0.1388
1214,290,1504,0.1388
1209,289,1498,0.1388
1214,290,1504,0.1388
1204,288,1492,0.1388
1202,294,1496,0.1388
1193,297,1490,0.1388
1201,296,1497,0.1388
1202,297,1499,0.1388
1199,297,1496,0.1388
1206,299,1505,0.1388
1210,296,1506,0.1388
1212,301,1513,0.1388
1220,302,1522,0.1388
1214,301,1515,0.1388
1214,302,1516,0.1388
1195,303,1498,0.1388
1190,306,1496,0.1388
1187,308,1495,0.1388
1178,305,1483,0.1388
1180,308,1488,0.1388
1182,305,1487,0.1388
1173,307,1480,0.1388
1167,307,1474,0.1388
1177,308,1485,0.1388
1194,306,1500,0.1388
1193,310,1503,0.1388
1202,310,1512,0.1388
1198,309,1507,0.1388
1186,307,1493,0.1388
1190,305,1495,0.1388
1188,303,1491,0.1388
1183,302,1485,0.1388
1186,308,1494,0.1388
1188,312,1500,0.1388
1191,314,1505,0.1388
1197,316,1513,0.1388
1200,309,1509,0.1388
1207,312,1519,0.1388
1211,316,1527,0.1388
1211,315,1526,0.1388
1199,306,1505,0.1388
1217,306,1523,0.1388
1208,301,1509,0.1388
1197,302,1499,0.1388
1200,306,1506,0.1388
1194,307,1501,0.1388
1200,307,1507,0.1388
1187,302,1489,0.1388
1203,309,1512,0.1388
1200,311,1511,0.1388
1188,307,1495,0.1388
1183,306,1489,0.1388
1184,311,1495,0.1388
1180,312,1492,0.1388
1171,312,1483,0.1388
1179,314,1493,0.1388
1161,311,1472,0.1388
1163,308,1471,0.1388
1171,311,1482,0.1388
1163,313,1476,0.1388
1160,315,1475,0.1388
1175,316,1491,0.1388
1179,314,1493,0.1388
1177,314,1491,0.1388
1168,305,1473,0.1388
1161,306,1467,0.1388
1172,311,1483,0.1388
1182,306,1488,0.1388
1175,306,1481,0.1388
1190,303,1493,0.1388
1187,297,1484,0.1388
1191,302,1493,0.1388
1181,294,1475,0.1388
1186,301,1487,0.1388
1191,306,1497,0.1388
1185,312,1497,0.1388
1189,311,1500,0.1388
1177,313,1490,0.1388
1175,312,1487,0.1388
1179,316,1495,0.1388
1185,321,1506,0.1388
1180,325,1505,0.1388
1187,321,1508,0.1388
1189,321,1510,0.1388
1185,325,1510,0.1388
1188,326,1514,0.1388
1192,322,1514,0.1388
1198,320,1518,0.1388
1201,319,1520,0.1388
1199,320,1519,0.1388
1187,325,1512,0.1388
1179,321,1500,0.1388
1173,319,1492,0.1388
1169,318,1487,0.1388
1167,316,1483,0.1388
1165,321,1486,0.1388
1158,318,1476,0.1388
1156,317,1473,0.1388
1157,315,1472,0.1388
1153,327,1480,0.1388
1150,331,1481,0.1388
1156,321,1477,0.1388
1161,325,1486,0.1388
1158,320,1478,0.1388
1179,321,1500,0.1388
1180,321,1501,0.1388
1165,320,1485,0.1388
1171,321,1492,0.1388
1175,319,1494,0.1388
1169,322,1491,0.1388
1176,328,1504,0.1388
1178,327,1505,0.1388
1182,324,1506,0.1388
1176,321,1497,0.1388
1173,330,1503,0.1388
1173,327,1500,0.1388
1179,323,1502,0.1388
1188,320,1508,0.1388
1196,328,1524,0.1388
1183,323,1506,0.1388
1177,324,1501,0.1388
1175,324,1499,0.1388
1157,322,1479,0.1388
1167,315,1482,0.1388
1173,322,1495,0.1388
1173,319,1492,0.1388
1172,324,1496,0.1388
1172,321,1493,0.1388
1177,323,1500,0.1388
1175,326,1501,0.1388
1184,327,1511,0.1388
1191,326,1517,0.1388
1183,329,1512,0.1388
1178,328,1506,0.1388
1175,319,1494,0.1388
1167,319,1486,0.1388
1181,315,1496,0.1388
1184,318,1502,0.1388
1189,317,1506,0.1388
1199,317,1516,0.1388
1178,319,1497,0.1388
1178,324,1502,0.1388
1173,327,1500,0.1388
1175,326,1501,0.1388
1166,328,1494,0.1388
1169,332,1501,0.1388
1162,336,1498,0.1388
1166,336,1502,0.1388
1171,333,1504,0.1388
1161,338,1499,0.1388
1152,334,1486,0.1388
1156,335,1491,0.1388
1167,337,1504,0.1388
1170,334,1504,0.1388
1152,341,1493,0.1388
1143,344,1487,0.1388
1141,346,1487,0.1388
1150,341,1491,0.1388
1152,339,1491,0.1388
1157,338,1495,0.1388
1149,337,1486,0.1388
1145,340,1485,0.1388
1138,337,1475,0.1388
1143,339,1482,0.1388
1143,340,1483,0.1388
1152,343,1495,0.1388
1144,343,1487,0.1388
1151,340,1491,0.1388
1165,337,1502,0.1388
1173,341,1514,0.1388
1163,340,1503,0.1388
1167,342,1509,0.1388
1157,337,1494,0.1388
1154,337,1491,0.1388
1166,336,1502,0.1388
1159,335,1494,0.1388
1166,332,1498,0.1388
1175,331,1506,0.1388
1178,331,1509,0.1388
1180,339,1519,0.1388
1175,335,1510,0.1388
1160,339,1499,0.1388
1162,339,1501,0.1388
1166,340,1506,0.1388
1164,339,1503,0.1388
1174,339,1513,0.1388
1177,346,1523,0.1388
1184,340,1524,0.1388
1182,335,1517,0.1388
1174,333,1507,0.1388
1171,339,1510,0.1388
1166,327,1493,0.1388
1160,328,1488,0.1388
1160,329,1489,0.1388
1159,332,1491,0.1388
1159,331,1490,0.1388
1160,326,1486,0.1388
1164,331,1495,0.1388
1164,336,1500,0.1388
1161,335,1496,0.1388
1164,334,1498,0.1388
1163,329,1492,0.1388
1176,322,1498,0.1388
1178,319,1497,0.1388
1159,326,1485,0.1388
1149,337,1486,0.1388
1148,341,1489,0.1388
1142,338,1480,0.1388
1145,342,1487,0.1388
1149,348,1497,0.1388
1153,344,1497,0.1388
1171,344,1515,0.1388
1163,343,1506,0.1388
1163,336,1499,0.1388
1158,340,1498,0.1388
1160,343,1503,0.1388
1160,344,1504,0.1388
1156,352,1508,0.1388
1146,352,1498,0.1388
1150,344,1494,0.1388
1163,348,1511,0.1388
1151,357,1508,0.1388
1141,359,1500,0.1388
1156,365,1521,0.1388
1154,359,1513,0.1388
1151,357,1508,0.1388
1141,351,1492,0.1388
1140,349,1489,0.1388
1135,358,1493,0.1388
1131,361,1492,0.1388
1136,363,1499,0.1388
1125,371,1496,0.1388
1112,368,1480,0.1388
1116,368,1484,0.1388
1113,368,1481,0.1388
1119,365,1484,0.1388
1120,366,1486,0.1388
1112,365,1477,0.1388
1118,359,1477,0.1388
1121,366,1487,0.1388
1123,370,1493,0.1388
1120,367,1487,0.1388
1122,374,1496,0.1388
1116,377,1493,0.1388
1123,381,1504,0.1388
1115,383,1498,0.1388
1116,382,1498,0.1388
1119,384,1503,0.1388
1120,386,1506,0.1388
1108,386,1494,0.1388
1114,386,1500,0.1388
1119,391,1510,0.1388
1118,389,1507,0.1388
1111,396,1507,0.1388
1104,391,1495,0.1388
1102,398,1500,0.1388
1103,409,1512,0.1388
1108,406,1514,0.1388
1116,400,1516,0.1388
1117,406,1523,0.1388
1111,403,1514,0.1388
1094,410,1504,0.1388
1097,406,1503,0.1388
1094,407,1501,0.1388
1090,411,1501,0.1388
1082,409,1491,0.1388
1091,410,1501,0.1388
1101,408,1509,0.1388
1106,405,1511,0.1388
1109,412,1521,0.1388
1106,410,1516,0.1388
1100,413,1513,0.1388
1094,410,1504,0.1388
1085,410,1495,0.1388
1080,409,1489,0.1388
1069,411,1480,0.1388
1077,417,1494,0.1388
1077,415,1492,0.1388
1082,412,1494,0.1388
1087,411,1498,0.1388
1087,413,1500,0.1388
1083,412,1495,0.1388
1077,412,1489,0.1388
1077,413,1490,0.1388
1077,416,1493,0.1388
1082,417,1499,0.1388
1089,418,1507,0.1388
1081,420,1501,0.1388
1084,409,1493,0.1388
1072,408,1480,0.1388
1071,417,1488,0.1388
1069,415,1484,0.1388
1076,417,1493,0.1388
1089,410,1499,0.1388
1087,418,1505,0.1388
1095,423,1518,0.1388
1089,420,1509,0.1388
1089,417,1506,0.1388
1074,419,1493,0.1388
1075,427,1502,0.1388
1057,425,1482,0.1388
1060,424,1484,0.1388
1051,423,1474,0.1388
1052,426,1478,0.1388
1065,425,1490,0.1388
1078,423,1501,0.1388
1063,424,1487,0.1388
1056,422,1478,0.1388
1063,422,1485,0.1388
1066,424,1490,0.1388
1064,420,1484,0.1388
1057,425,1482,0.1388
1057,432,1489,0.1388
1068,434,1502,0.1388
1063,434,1497,0.1388
1073,437,1510,0.1388
1070,439,1509,0.1388
1069,441,1510,0.1388
1080,441,1521,0.1388
1067,436,1503,0.1388
1073,439,1512,0.1388
1080,448,1528,0.1388
1077,452,1529,0.1388
1070,459,1529,0.1388
1067,456,1523,0.1388
1058,451,1509,0.1388
1061,452,1513,0.1388
1070,453,1523,0.1388
1060,454,1514,0.1388
1054,453,1507,0.1388
1063,455,1518,0.1388
1071,458,1529,0.1388
1058,466,1524,0.1388
1062,464,1526,0.1388
1055,466,1521,0.1388
1054,465,1519,0.1388
1053,463,1516,0.1388
1054,469,1523,0.1388
1037,461,1498,0.1388
1035,465,1500,0.1388
1033,455,1488,0.1388
1030,453,1483,0.1388
1022,458,1480,0.1388
1009,470,1479,0.1388
1014,472,1486,0.1388
1012,471,1483,0.1388
1032,475,1507,0.1388
1032,481,1513,0.1388
1017,482,1499,0.1388
1019,484,1503,0.1388
1010,480,1490,0.1388
1014,469,1483,0.1388
1021,476,1497,0.1388
1010,476,1486,0.1388
993,483,1476,0.1388
993,490,1483,0.1388
998,490,1488,0.1388
1012,484,1496,0.1388
1009,484,1493,0.1388
996,487,1483,0.1388
982,487,1469,0.1388
993,496,1489,0.1388
1002,498,1500,0.1388
1004,498,1502,0.1388
1000,495,1495,0.1388
1000,488,1488,0.1388
1004,501,1505,0.1388
996,491,1487,0.1388
998,500,1498,0.1388
1000,495,1495,0.1388
1001,497,1498,0.1388
1002,503,1505,0.1388
1005,500,1505,0.1388
1003,497,1500,0.1388
1000,500,1500,0.1388
1007,502,1509,0.1388
1009,505,1514,0.1388
1006,503,1509,0.1388
1006,496,1502,0.1388
999,506,1505,0.1388
995,508,1503,0.1388
993,506,1499,0.1388
997,511,1508,0.1388
982,519,1501,0.1388
983,520,1503,0.1388
981,519,1500,0.1388
972,519,1491,0.1388
981,521,1502,0.1388
983,515,1498,0.1388
983,515,1498,0.1388
987,514,1501,0.1388
980,512,1492,0.1388
972,516,1488,0.1388
981,522,1503,0.1388
974,521,1495,0.1388
979,526,1505,0.1388
964,518,1482,0.1388
977,517,1494,0.1388
974,518,1492,0.1388
984,524,1508,0.1388
983,524,1507,0.1388
986,524,1510,0.1388
968,532,1500,0.1388
979,523,1502,0.1388
985,522,1507,0.1388
981,523,1504,0.1388
984,524,1508,0.1388
986,525,1511,0.1388
980,527,1507,0.1388
982,528,1510,0.1388
983,528,1511,0.1388
980,525,1505,0.1388
982,517,1499,0.1388
969,518,1487,0.1388
977,522,1499,0.1388
967,521,1488,0.1388
963,526,1489,0.1388
960,529,1489,0.1388
967,531,1498,0.1388
968,531,1499,0.1388
969,526,1495,0.1388
956,535,1491,0.1388
961,527,1488,0.1388
959,527,1486,0.1388
962,527,1489,0.1388
971,538,1509,0.1388
967,538,1505,0.1388
971,536,1507,0.1388
971,539,1510,0.1388
964,547,1511,0.1388
973,543,1516,0.1388
981,541,1522,0.1388
974,540,1514,0.1388
971,537,1508,0.1388
954,543,1497,0.1388
956,548,1504,0.1388
955,538,1493,0.1388
945,534,1479,0.1388
946,547,1493,0.1388
953,557,1510,0.1388
962,553,1515,0.1388
966,555,1521,0.1388
961,560,1521,0.1388
964,559,1523,0.1388
957,553,1510,0.1388
967,560,1527,0.1388
954,557,1511,0.1388
948,547,1495,0.1388
953,555,1508,0.1388
943,556,1499,0.1388
952,557,1509,0.1388
962,549,1511,0.1388
950,559,1509,0.1388
946,555,1501,0.1388
950,560,1510,0.1388
950,558,1508,0.1388
949,565,1514,0.1388
951,565,1516,0.1388
938,567,1505,0.1388
939,564,1503,0.1388
942,564,1506,0.1388
943,563,1506,0.1388
944,572,1516,0.1388
942,561,1503,0.1388
940,570,1510,0.1388
932,568,1500,0.1388
924,571,1495,0.1388
929,582,1511,0.1388
932,582,1514,0.1388
932,568,1500,0.1388
932,567,1499,0.1388
932,570,1502,0.1388
925,570,1495,0.1388
924,578,1502,0.1388
926,571,1497,0.1388
924,574,1498,0.1388
918,578,1496,0.1388
919,579,1498,0.1388
916,577,1493,0.1388
915,574,1489,0.1388
911,579,1490,0.1388
905,579,1484,0.1388
907,581,1488,0.1388
901,585,1486,0.1388
904,590,1494,0.1388
911,596,1507,0.1388
920,599,1519,0.1388
923,596,1519,0.1388
933,592,1525,0.1388
924,597,1521,0.1388
921,596,1517,0.1388
926,591,1517,0.1388
917,595,1512,0.1388
911,592,1503,0.1388
908,583,1491,0.1388
903,584,1487,0.1388
912,582,1494,0.1388
913,585,1498,0.1388
911,598,1509,0.1388
909,594,1503,0.1388
909,593,1502,0.1388
907,598,1505,0.1388
918,595,1513,0.1388
921,594,1515,0.1388
927,588,1515,0.1388
915,586,1501,0.1388
921,589,1510,0.1388
929,593,1522,0.1388
920,587,1507,0.1388
914,590,1504,0.1388
909,591,1500,0.1388
911,579,1490,0.1388
903,586,1489,0.1388
906,591,1497,0.1388
904,592,1496,0.1388
898,593,1491,0.1388
898,592,1490,0.1388
894,596,1490,0.1388
900,594,1494,0.1388
901,598,1499,0.1388
909,602,1511,0.1388
915,602,1517,0.1388
916,607,1523,0.1388
904,602,1506,0.1388
903,602,1505,0.1388
900,604,1504,0.1388
900,601,1501,0.1388
906,605,1511,0.1388
911,604,1515,0.1388
908,600,1508,0.1388
907,608,1515,0.1388
904,602,1506,0.1388
893,605,1498,0.1388
892,610,1502,0.1388
884,613,1497,0.1388
875,609,1484,0.1388
876,617,1493,0.1388
872,622,1494,0.1388
879,625,1504,0.1388
881,627,1508,0.1388
884,624,1508,0.1388
883,631,1514,0.1388
888,625,1513,0.1388
887,624,1511,0.1388
887,622,1509,0.1388
892,616,1508,0.1388
894,610,1504,0.1388
887,613,1500,0.1388
889,617,1506,0.1388
897,609,1506,0.1388
886,627,1513,0.1388
879,626,1505,0.1388
879,628,1507,0.1388
873,630,1503,0.1388
872,633,1505,0.1388
873,638,1511,0.1388
868,642,1510,0.1388
868,640,1508,0.1388
880,631,1511,0.1388
875,622,1497,0.1388
880,627,1507,0.1388
870,632,1502,0.1388
885,627,1512,0.1388
888,625,1513,0.1388
880,631,1511,0.1388
892,632,1524,0.1388
891,631,1522,0.1388
883,624,1507,0.1388
883,614,1497,0.1388
882,621,1503,0.1388
875,622,1497,0.1388
878,617,1495,0.1388
885,634,1519,0.1388
875,632,1507,0.1388
866,631,1497,0.1388
862,641,1503,0.1388
868,637,1505,0.1388
873,641,1514,0.1388
865,636,1501,0.1388
864,636,1500,0.1388
858,633,1491,0.1388
858,644,1502,0.1388
847,650,1497,0.1388
841,648,1489,0.1388
840,653,1493,0.1388
847,651,1498,0.1388
845,653,1498,0.1388
844,653,1497,0.1388
850,651,1501,0.1388
842,656,1498,0.1388
848,655,1503,0.1388
830,659,1489,0.1388
835,669,1504,0.1388
823,672,1495,0.1388
823,670,1493,0.1388
830,664,1494,0.1388
840,669,1509,0.1388
835,667,1502,0.1388
839,657,1496,0.1388
839,666,1505,0.1388
839,668,1507,0.1388
836,671,1507,0.1388
841,678,1519,0.1388
844,673,1517,0.1388
844,672,1516,0.1388
847,670,1517,0.1388
845,668,1513,0.1388
831,670,1501,0.1388
837,676,1513,0.1388
834,672,1506,0.1388
832,676,1508,0.1388
825,677,1502,0.1388
828,673,1501,0.1388
820,677,1497,0.1388
818,684,1502,0.1388
810,682,1492,0.1388
813,689,1502,0.1388
801,691,1492,0.1388
798,686,1484,0.1388
801,693,1494,0.1388
811,690,1501,0.1388
813,687,1500,0.1388
811,683,1494,0.1388
810,682,1492,0.1388
808,684,1492,0.1388
798,692,1490,0.1388
796,697,1493,0.1388
803,689,1492,0.1388
794,688,1482,0.1388
811,698,1509,0.1388
818,696,1514,0.1388
814,696,1510,0.1388
820,700,1520,0.1388
817,706,1523,0.1388
815,706,1521,0.1388
808,712,1520,0.1388
804,701,1505,0.1388
796,704,1500,0.1388
788,705,1493,0.1388
786,701,1487,0.1388
787,698,1485,0.1388
788,697,1485,0.1388
790,698,1488,0.1388
786,709,1495,0.1388
790,721,1511,0.1388
787,716,1503,0.1388
783,722,1505,0.1388
788,714,1502,0.1388
789,714,1503,0.1388
790,711,1501,0.1388
781,722,1503,0.1388
773,719,1492,0.1388
778,721,1499,0.1388
775,722,1497,0.1388
782,721,1503,0.1388
774,722,1496,0.1388
783,714,1497,0.1388
778,724,1502,0.1388
787,724,1511,0.1388
791,727,1518,0.1388
795,732,1527,0.1388
789,732,1521,0.1388
785,741,1526,0.1388
784,739,1523,0.1388
783,731,1514,0.1388
779,728,1507,0.1388
770,728,1498,0.1388
773,736,1509,0.1388
776,729,1505,0.1388
769,726,1495,0.1388
774,731,1505,0.1388
777,725,1502,0.1388
785,724,1509,0.1388
781,727,1508,0.1388
779,729,1508,0.1388
766,733,1499,0.1388
770,736,1506,0.1388
767,733,1500,0.1388
761,734,1495,0.1388
761,734,1495,0.1388
764,744,1508,0.1388
775,745,1520,0.1388
767,749,1516,0.1388
774,742,1516,0.1388
783,746,1529,0.1388
783,732,1515,0.1388
773,729,1502,0.1388
775,736,1511,0.1388
771,743,1514,0.1388
762,743,1505,0.1388
752,749,1501,0.1388
757,764,1521,0.1388
756,749,1505,0.1388
756,745,1501,0.1388
754,746,1500,0.1388
748,748,1496,0.1388
755,748,1503,0.1388
756,759,1515,0.1388
757,756,1513,0.1388
764,744,1508,0.1388
763,742,1505,0.1388
757,750,1507,0.1388
753,752,1505,0.1388
761,753,1514,0.1388
768,749,1517,0.1388
772,745,1517,0.1388
765,753,1518,0.1388
763,756,1519,0.1388
752,753,1505,0.1388
744,753,1497,0.1388
755,750,1505,0.1388
753,760,1513,0.1388
754,760,1514,0.1388
759,765,1524,0.1388
758,770,1528,0.1388
753,766,1519,0.1388
751,768,1519,0.1388
749,758,1507,0.1388
756,756,1512,0.1388
750,757,1507,0.1388
752,755,1507,0.1388
750,749,1499,0.1388
744,756,1500,0.1388
745,763,1508,0.1388
744,765,1509,0.1388
741,765,1506,0.1388
740,770,1510,0.1388
734,776,1510,0.1388
736,781,1517,0.1388
723,782,1505,0.1388
720,782,1502,0.1388
716,781,1497,0.1388
711,796,1507,0.1388
710,792,1502,0.1388
721,793,1514,0.1388
722,785,1507,0.1388
725,779,1504,0.1388
730,784,1514,0.1388
715,793,1508,0.1388
715,801,1516,0.1388
713,795,1508,0.1388
718,808,1526,0.1388
720,804,1524,0.1388
714,799,1513,0.1388
695,795,1490,0.1388
695,803,1498,0.1388
702,798,1500,0.1388
705,788,1493,0.1388
709,791,1500,0.1388
718,792,1510,0.1388
720,790,1510,0.1388
723,788,1511,0.1388
711,791,1502,0.1388
711,794,1505,0.1388
711,797,1508,0.1388
701,796,1497,0.1388
705,798,1503,0.1388
707,794,1501,0.1388
703,786,1489,0.1388
705,787,1492,0.1388
703,788,1491,0.1388
707,796,1503,0.1388
711,797,1508,0.1388
713,803,1516,0.1388
708,807,1515,0.1388
711,804,1515,0.1388
719,806,1525,0.1388
718,806,1524,0.1388
717,799,1516,0.1388
708,809,1517,0.1388
705,800,1505,0.1388
705,799,1504,0.1388
712,801,1513,0.1388
689,794,1483,0.1388
689,797,1486,0.1388
696,796,1492,0.1388
691,800,1491,0.1388
697,810,1507,0.1388
696,808,1504,0.1388
695,823,1518,0.1388
692,829,1521,0.1388
689,823,1512,0.1388
695,823,1518,0.1388
699,820,1519,0.1388
694,821,1515,0.1388
696,831,1527,0.1388
689,831,1520,0.1388
690,836,1526,0.1388
686,847,1533,0.1388
682,838,1520,0.1388
680,837,1517,0.1388
674,838,1512,0.1388
675,839,1514,0.1388
667,835,1502,0.1388
662,838,1500,0.1388
665,835,1500,0.1388
656,847,1503,0.1388
656,855,1511,0.1388
651,853,1504,0.1388
649,855,1504,0.1388
649,853,1502,0.1388
650,851,1501,0.1388
651,862,1513,0.1388
654,856,1510,0.1388
654,849,1503,0.1388
645,848,1493,0.1388
644,856,1500,0.1388
636,858,1494,0.1388
629,872,1501,0.1388
619,875,1494,0.1388
627,879,1506,0.1388
631,874,1505,0.1388
630,869,1499,0.1388
631,871,1502,0.1388
641,880,1521,0.1388
636,871,1507,0.1388
628,869,1497,0.1388
626,871,1497,0.1388
629,877,1506,0.1388
624,866,1490,0.1388
625,874,1499,0.1388
623,874,1497,0.1388
623,870,1493,0.1388
618,872,1490,0.1388
621,873,1494,0.1388
613,886,1499,0.1388
611,890,1501,0.1388
612,892,1504,0.1388
614,886,1500,0.1388
613,887,1500,0.1388
612,893,1505,0.1388
617,893,1510,0.1388
620,891,1511,0.1388
616,900,1516,0.1388
608,893,1501,0.1388
615,902,1517,0.1388
614,900,1514,0.1388
616,894,1510,0.1388
610,899,1509,0.1388
608,894,1502,0.1388
606,902,1508,0.1388
609,905,1514,0.1388
610,891,1501,0.1388
615,895,1510,0.1388
603,891,1494,0.1388
614,897,1511,0.1388
618,898,1516,0.1388
615,897,1512,0.1388
613,895,1508,0.1388
601,898,1499,0.1388
606,908,1514,0.1388
599,903,1502,0.1388
599,903,1502,0.1388
598,918,1516,0.1388
596,915,1511,0.1388
595,916,1511,0.1388
599,907,1506,0.1388
590,902,1492,0.1388
593,903,1496,0.1388
595,902,1497,0.1388
595,907,1502,0.1388
593,900,1493,0.1388
596,907,1503,0.1388
602,896,1498,0.1388
605,891,1496,0.1388
612,896,1508,0.1388
613,905,1518,0.1388
612,900,1512,0.1388
615,902,1517,0.1388
615,898,1513,0.1388
615,905,1520,0.1388
613,905,1518,0.1388
618,899,1517,0.1388
628,897,1525,0.1388
622,891,1513,0.1388
624,884,1508,0.1388
621,887,1508,0.1388
611,884,1495,0.1388
605,890,1495,0.1388
608,889,1497,0.1388
607,889,1496,0.1388
598,906,1504,0.1388
595,910,1505,0.1388
595,909,1504,0.1388
598,914,1512,0.1388
591,913,1504,0.1388
594,908,1502,0.1388
594,914,1508,0.1388
589,922,1511,0.1388
589,921,1510,0.1388
589,929,1518,0.1388
585,931,1516,0.1388
582,927,1509,0.1388
574,921,1495,0.1388
584,919,1503,0.1388
583,910,1493,0.1388
586,926,1512,0.1388
589,929,1518,0.1388
587,922,1509,0.1388
575,929,1504,0.1388
570,939,1509,0.1388
568,945,1513,0.1388
568,939,1507,0.1388
569,940,1509,0.1388
569,926,1495,0.1388
575,923,1498,0.1388
569,936,1505,0.1388
566,946,1512,0.1388
562,952,1514,0.1388
560,957,1517,0.1388
557,952,1509,0.1388
561,961,1522,0.1388
557,959,1516,0.1388
556,962,1518,0.1388
545,958,1503,0.1388
554,966,1520,0.1388
556,959,1515,0.1388
559,955,1514,0.1388
556,967,1523,0.1388
547,961,1508,0.1388
538,965,1503,0.1388
537,960,1497,0.1388
535,968,1503,0.1388
541,969,1510,0.1388
541,974,1515,0.1388
543,974,1517,0.1388
547,964,1511,0.1388
545,960,1505,0.1388
554,966,1520,0.1388
544,963,1507,0.1388
551,956,1507,0.1388
561,960,1521,0.1388
556,962,1518,0.1388
551,960,1511,0.1388
547,960,1507,0.1388
547,959,1506,0.1388
550,968,1518,0.1388
551,968,1519,0.1388
554,963,1517,0.1388
557,977,1534,0.1388
558,968,1526,0.1388
547,965,1512,0.1388
547,971,1518,0.1388
549,972,1521,0.1388
547,971,1518,0.1388
549,962,1511,0.1388
553,951,1504,0.1388
551,959,1510,0.1388
543,958,1501,0.1388
547,952,1499,0.1388
547,963,1510,0.1388
544,974,1518,0.1388
542,958,1500,0.1388
539,964,1503,0.1388
539,971,1510,0.1388
534,971,1505,0.1388
531,958,1489,0.1388
537,955,1492,0.1388
536,957,1493,0.1388
538,964,1502,0.1388
538,973,1511,0.1388
535,971,1506,0.1388
537,977,1514,0.1388
531,978,1509,0.1388
536,975,1511,0.1388
537,979,1516,0.1388
539,971,1510,0.1388
535,969,1504,0.1388
536,982,1518,0.1388
533,988,1521,0.1388
530,985,1515,0.1388
527,987,1514,0.1388
528,998,1526,0.1388
524,1001,1525,0.1388
514,999,1513,0.1388
505,1001,1506,0.1388
514,1005,1519,0.1388
508,994,1502,0.1388
511,994,1505,0.1388
507,997,1504,0.1388
508,996,1504,0.1388
509,989,1498,0.1388
506,989,1495,0.1388
501,1002,1503,0.1388
502,1008,1510,0.1388
498,1010,1508,0.1388
494,1013,1507,0.1388
491,1018,1509,0.1388
502,1016,1518,0.1388
504,1017,1521,0.1388
506,1016,1522,0.1388
510,1015,1525,0.1388
512,1015,1527,0.1388
499,1005,1504,0.1388
494,1011,1505,0.1388
498,1009,1507,0.1388
491,1010,1501,0.1388
495,1019,1514,0.1388
488,1013,1501,0.1388
488,1011,1499,0.1388
480,1008,1488,0.1388
482,1021,1503,0.1388
482,1019,1501,0.1388
488,1038,1526,0.1388
480,1037,1517,0.1388
481,1042,1523,0.1388
480,1036,1516,0.1388
475,1037,1512,0.1388
466,1029,1495,0.1388
473,1038,1511,0.1388
478,1030,1508,0.1388
479,1027,1506,0.1388
476,1036,1512,0.1388
481,1044,1525,0.1388
479,1047,1526,0.1388
476,1049,1525,0.1388
477,1048,1525,0.1388
468,1049,1517,0.1388
479,1036,1515,0.1388
476,1035,1511,0.1388
473,1038,1511,0.1388
467,1034,1501,0.1388
462,1044,1506,0.1388
463,1033,1496,0.1388
463,1038,1501,0.1388
454,1040,1494,0.1388
460,1055,1515,0.1388
459,1065,1524,0.1388
464,1054,1518,0.1388
468,1060,1528,0.1388
462,1062,1524,0.1388
456,1066,1522,0.1388
451,1054,1505,0.1388
452,1058,1510,0.1388
448,1056,1504,0.1388
441,1063,1504,0.1388
438,1069,1507,0.1388
439,1062,1501,0.1388
446,1067,1513,0.1388
450,1064,1514,0.1388
446,1067,1513,0.1388
442,1053,1495,0.1388
444,1059,1503,0.1388
440,1072,1512,0.1388
445,1069,1514,0.1388
444,1074,1518,0.1388
438,1075,1513,0.1388
439,1074,1513,0.1388
442,1087,1529,0.1388
440,1080,1520,0.1388
440,1082,1522,0.1388
446,1098,1544,0.1388
435,1088,1523,0.1388
439,1081,1520,0.1388
435,1071,1506,0.1388
438,1072,1510,0.1388
431,1064,1495,0.1388
433,1073,1506,0.1388
438,1069,1507,0.1388
434,1074,1508,0.1388
430,1082,1512,0.1388
428,1078,1506,0.1388
433,1081,1514,0.1388
438,1068,1506,0.1388
434,1071,1505,0.1388
431,1072,1503,0.1388
436,1079,1515,0.1388
430,1085,1515,0.1388
433,1089,1522,0.1388
429,1084,1513,0.1388
425,1077,1502,0.1388
420,1084,1504,0.1388
415,1077,1492,0.1388
411,1074,1485,0.1388
412,1070,1482,0.1388
413,1079,1492,0.1388
407,1104,1511,0.1388
410,1108,1518,0.1388
401,1104,1505,0.1388
397,1101,1498,0.1388
400,1101,1501,0.1388
413,1097,1510,0.1388
412,1089,1501,0.1388
410,1094,1504,0.1388
404,1093,1497,0.1388
399,1098,1497,0.1388
405,1108,1513,0.1388
407,1104,1511,0.1388
413,1108,1521,0.1388
414,1104,1518,0.1388
414,1109,1523,0.1388
414,1101,1515,0.1388
407,1102,1509,0.1388
407,1107,1514,0.1388
403,1111,1514,0.1388
398,1100,1498,0.1388
394,1112,1506,0.1388
398,1112,1510,0.1388
400,1113,1513,0.1388
393,1115,1508,0.1388
400,1117,1517,0.1388
397,1111,1508,0.1388
399,1108,1507,0.1388
402,1115,1517,0.1388
400,1109,1509,0.1388
399,1127,1526,0.1388
402,1112,1514,0.1388
394,1116,1510,0.1388
390,1122,1512,0.1388
390,1126,1516,0.1388
393,1123,1516,0.1388
385,1125,1510,0.1388
386,1122,1508,0.1388
377,1121,1498,0.1388
371,1121,1492,0.1388
373,1116,1489,0.1388
369,1126,1495,0.1388
377,1133,1510,0.1388
372,1117,1489,0.1388
376,1131,1507,0.1388
375,1124,1499,0.1388
365,1133,1498,0.1388
363,1145,1508,0.1388
370,1148,1518,0.1388
370,1142,1512,0.1388
372,1143,1515,0.1388
374,1142,1516,0.1388
375,1146,1521,0.1388
376,1140,1516,0.1388
376,1140,1516,0.1388
371,1134,1505,0.1388
368,1142,1510,0.1388
360,1135,1495,0.1388
362,1129,1491,0.1388
367,1137,1504,0.1388
376,1139,1515,0.1388
373,1141,1514,0.1388
374,1157,1531,0.1388
375,1153,1528,0.1388
368,1151,1519,0.1388
371,1148,1519,0.1388
377,1136,1513,0.1388
371,1141,1512,0.1388
364,1137,1501,0.1388
365,1138,1503,0.1388
366,1146,1512,0.1388
364,1138,1502,0.1388
368,1143,1511,0.1388
367,1143,1510,0.1388
363,1144,1507,0.1388
371,1151,1522,0.1388
365,1151,1516,0.1388
358,1142,1500,0.1388
356,1144,1500,0.1388
355,1152,1507,0.1388
364,1158,1522,0.1388
360,1154,1514,0.1388
363,1146,1509,0.1388
366,1147,1513,0.1388
367,1146,1513,0.1388
366,1138,1504,0.1388
373,1135,1508,0.1388
366,1147,1513,0.1388
369,1154,1523,0.1388
368,1154,1522,0.1388
361,1145,1506,0.1388
364,1152,1516,0.1388
361,1157,1518,0.1388
361,1156,1517,0.1388
364,1160,1524,0.1388
355,1161,1516,0.1388
359,1155,1514,0.1388
361,1155,1516,0.1388
356,1156,1512,0.1388
358,1154,1512,0.1388
350,1154,1504,0.1388
349,1174,1523,0.1388
350,1166,1516,0.1388
353,1162,1515,0.1388
351,1164,1515,0.1388
346,1171,1517,0.1388
335,1180,1515,0.1388
341,1162,1503,0.1388
333,1158,1491,0.1388
328,1164,1492,0.1388
337,1161,1498,0.1388
332,1172,1504,0.1388
332,1178,1510,0.1388
329,1170,1499,0.1388
329,1177,1506,0.1388
331,1180,1511,0.1388
327,1191,1518,0.1388
324,1186,1510,0.1388
319,1192,1511,0.1388
311,1195,1506,0.1388
318,1204,1522,0.1388
312,1202,1514,0.1388
315,1198,1513,0.1388
319,1192,1511,0.1388
324,1191,1515,0.1388
325,1192,1517,0.1388
325,1193,1518,0.1388
318,1190,1508,0.1388
312,1191,1503,0.1388
313,1194,1507,0.1388
309,1193,1502,0.1388
314,1190,1504,0.1388
314,1189,1503,0.1388
310,1203,1513,0.1388
313,1210,1523,0.1388
314,1213,1527,0.1388
309,1206,1515,0.1388
310,1204,1514,0.1388
316,1205,1521,0.1388
313,1200,1513,0.1388
311,1204,1515,0.1388
307,1210,1517,0.1388
304,1213,1517,0.1388
308,1204,1512,0.1388
312,1209,1521,0.1388
303,1202,1505,0.1388
300,1211,1511,0.1388
301,1212,1513,0.1388
302,1213,1515,0.1388
303,1202,1505,0.1388
304,1209,1513,0.1388
298,1203,1501,0.1388
298,1211,1509,0.1388
297,1222,1519,0.1388
299,1231,1530,0.1388
303,1220,1523,0.1388
299,1216,1515,0.1388
298,1221,1519,0.1388
301,1222,1523,0.1388
297,1216,1513,0.1388
289,1204,1493,0.1388
288,1209,1497,0.1388
288,1224,1512,0.1388
288,1229,1517,0.1388
291,1223,1514,0.1388
287,1229,1516,0.1388
284,1229,1513,0.1388
282,1232,1514,0.1388
290,1239,1529,0.1388
296,1231,1527,0.1388
295,1230,1525,0.1388
299,1217,1516,0.1388
289,1216,1505,0.1388
292,1217,1509,0.1388
291,1224,1515,0.1388
292,1230,1522,0.1388
287,1223,1510,0.1388
287,1217,1504,0.1388
296,1211,1507,0.1388
291,1223,1514,0.1388
289,1215,1504,0.1388
292,1221,1513,0.1388
290,1218,1508,0.1388
299,1217,1516,0.1388
299,1220,1519,0.1388
290,1232,1522,0.1388
287,1247,1534,0.1388
282,1254,1536,0.1388
276,1256,1532,0.1388
273,1247,1520,0.1388
274,1249,1523,0.1388
277,1247,1524,0.1388
271,1250,1521,0.1388
268,1231,1499,0.1388
276,1232,1508,0.1388
271,1229,1500,0.1388
276,1233,1509,0.1388
279,1241,1520,0.1388
271,1245,1516,0.1388
268,1236,1504,0.1388
263,1230,1493,0.1388
270,1249,1519,0.1388
272,1242,1514,0.1388
269,1244,1513,0.1388
271,1255,1526,0.1388
261,1250,1511,0.1388
260,1245,1505,0.1388
265,1257,1522,0.1388
266,1258,1524,0.1388
269,1250,1519,0.1388
267,1245,1512,0.1388
266,1252,1518,0.1388
260,1250,1510,0.1388
259,1235,1494,0.1388
261,1233,1494,0.1388
261,1242,1503,0.1388
264,1247,1511,0.1388
263,1249,1512,0.1388
268,1243,1511,0.1388
261,1250,1511,0.1388
258,1250,1508,0.1388
261,1261,1522,0.1388
257,1247,1504,0.1388
264,1252,1516,0.1388
261,1251,1512,0.1388
257,1260,1517,0.1388
254,1268,1522,0.1388
256,1258,1514,0.1388
253,1258,1511,0.1388
257,1260,1517,0.1388
254,1249,1503,0.1388
252,1255,1507,0.1388
250,1259,1509,0.1388
257,1248,1505,0.1388
257,1244,1501,0.1388
267,1234,1501,0.1388
268,1247,1515,0.1388
263,1248,1511,0.1388
263,1241,1504,0.1388
253,1239,1492,0.1388
251,1244,1495,0.1388
253,1255,1508,0.1388
252,1273,1525,0.1388
247,1260,1507,0.1388
247,1263,1510,0.1388
246,1267,1513,0.1388
246,1261,1507,0.1388
245,1259,1504,0.1388
245,1262,1507,0.1388
240,1258,1498,0.1388
247,1262,1509,0.1388
247,1261,1508,0.1388
246,1258,1504,0.1388
247,1259,1506,0.1388
246,1268,1514,0.1388
246,1272,1518,0.1388
247,1270,1517,0.1388
250,1268,1518,0.1388
241,1265,1506,0.1388
245,1271,1516,0.1388
249,1273,1522,0.1388
251,1260,1511,0.1388
253,1260,1513,0.1388
247,1259,1506,0.1388
236,1267,1503,0.1388
236,1263,1499,0.1388
236,1275,1511,0.1388
238,1278,1516,0.1388
232,1273,1505,0.1388
235,1279,1514,0.1388
235,1277,1512,0.1388
232,1278,1510,0.1388
233,1275,1508,0.1388
233,1285,1518,0.1388
236,1290,1526,0.1388
236,1286,1522,0.1388
231,1287,1518,0.1388
221,1277,1498,0.1388
213,1273,1486,0.1388
212,1285,1497,0.1388
209,1280,1489,0.1388
213,1293,1506,0.1388
209,1299,1508,0.1388
209,1300,1509,0.1388
208,1297,1505,0.1388
214,1304,1518,0.1388
212,1304,1516,0.1388
213,1305,1518,0.1388
212,1298,1510,0.1388
212,1284,1496,0.1388
212,1300,1512,0.1388
212,1300,1512,0.1388
208,1313,1521,0.1388
206,1303,1509,0.1388
201,1295,1496,0.1388
194,1298,1492,0.1388
195,1306,1501,0.1388
195,1314,1509,0.1388
193,1310,1503,0.1388
197,1300,1497,0.1388
197,1303,1500,0.1388
199,1322,1521,0.1388
197,1312,1509,0.1388
193,1297,1490,0.1388
193,1324,1517,0.1388
192,1313,1505,0.1388
193,1303,1496,0.1388
190,1305,1495,0.1388
190,1316,1506,0.1388
188,1311,1499,0.1388
187,1317,1504,0.1388
183,1328,1511,0.1388
184,1331,1515,0.1388
182,1328,1510,0.1388
186,1321,1507,0.1388
185,1330,1515,0.1388
184,1334,1518,0.1388
182,1334,1516,0.1388
189,1342,1531,0.1388
186,1340,1526,0.1388
184,1336,1520,0.1388
184,1343,1527,0.1388
181,1329,1510,0.1388
178,1336,1514,0.1388
172,1345,1517,0.1388
174,1355,1529,0.1388
180,1343,1523,0.1388
180,1335,1515,0.1388
180,1336,1516,0.1388
181,1331,1512,0.1388
183,1342,1525,0.1388
178,1343,1521,0.1388
177,1339,1516,0.1388
176,1339,1515,0.1388
170,1339,1509,0.1388
170,1342,1512,0.1388
174,1347,1521,0.1388
173,1352,1525,0.1388
170,1345,1515,0.1388
170,1324,1494,0.1388
171,1328,1499,0.1388
167,1331,1498,0.1388
169,1327,1496,0.1388
168,1328,1496,0.1388
167,1339,1506,0.1388
170,1358,1528,0.1388
169,1358,1527,0.1388
161,1342,1503,0.1388
161,1345,1506,0.1388
164,1351,1515,0.1388
164,1355,1519,0.1388
163,1356,1519,0.1388
161,1363,1524,0.1388
158,1360,1518,0.1388
157,1344,1501,0.1388
158,1342,1500,0.1388
158,1353,1511,0.1388
159,1342,1501,0.1388
161,1349,1510,0.1388
163,1345,1508,0.1388
161,1331,1492,0.1388
165,1335,1500,0.1388
164,1356,1520,0.1388
164,1364,1528,0.1388
163,1348,1511,0.1388
164,1345,1509,0.1388
167,1344,1511,0.1388
167,1356,1523,0.1388
165,1349,1514,0.1388
158,1348,1506,0.1388
161,1352,1513,0.1388
162,1348,1510,0.1388
160,1348,1508,0.1388
160,1342,1502,0.1388
160,1365,1525,0.1388
158,1353,1511,0.1388
156,1348,1504,0.1388
154,1368,1522,0.1388
157,1362,1519,0.1388
158,1356,1514,0.1388
162,1350,1512,0.1388
162,1355,1517,0.1388
167,1359,1526,0.1388
167,1355,1522,0.1388
166,1355,1521,0.1388
171,1346,1517,0.1388
167,1353,1520,0.1388
160,1354,1514,0.1388
160,1349,1509,0.1388
159,1355,1514,0.1388
156,1354,1510,0.1388
154,1344,1498,0.1388
152,1353,1505,0.1388
154,1364,1518,0.1388
159,1369,1528,0.1388
159,1365,1524,0.1388
153,1379,1532,0.1388
151,1369,1520,0.1388
147,1367,1514,0.1388
151,1357,1508,0.1388
147,1366,1513,0.1388
151,1365,1516,0.1388
147,1356,1503,0.1388
145,1374,1519,0.1388
149,1368,1517,0.1388
150,1366,1516,0.1388
153,1376,1529,0.1388
154,1383,1537,0.1388
149,1378,1527,0.1388
149,1383,1532,0.1388
150,1371,1521,0.1388
150,1370,1520,0.1388
148,1358,1506,0.1388
151,1365,1516,0.1388
152,1370,1522,0.1388
151,1378,1529,0.1388
149,1376,1525,0.1388
152,1371,1523,0.1388
152,1361,1513,0.1388
152,1363,1515,0.1388
151,1362,1513,0.1388
151,1354,1505,0.1388
153,1364,1517,0.1388
150,1362,1512,0.1388
149,1365,1514,0.1388
152,1364,1516,0.1388
151,1357,1508,0.1388
149,1355,1504,0.1388
150,1352,1502,0.1388
151,1345,1496,0.1388
152,1352,1504,0.1388
146,1358,1504,0.1388
148,1360,1508,0.1388
146,1368,1514,0.1388
148,1369,1517,0.1388
149,1375,1524,0.1388
145,1369,1514,0.1388
142,1374,1516,0.1388
144,1381,1525,0.1388
143,1386,1529,0.1388
143,1384,1527,0.1388
143,1385,1528,0.1388
142,1393,1535,0.1388
143,1380,1523,0.1388
142,1373,1515,0.1388
144,1387,1531,0.1388
145,1389,1534,0.1388
140,1382,1522,0.1388
140,1381,1521,0.1388
139,1373,1512,0.1388
140,1376,1516,0.1388
137,1377,1514,0.1388
139,1378,1517,0.1388
140,1367,1507,0.1388
146,1367,1513,0.1388
143,1362,1505,0.1388
141,1353,1494,0.1388
137,1361,1498,0.1388
141,1351,1492,0.1388
143,1346,1489,0.1388
142,1352,1494,0.1388
145,1362,1507,0.1388
149,1364,1513,0.1388
150,1380,1530,0.1388
151,1371,1522,0.1388
151,1368,1519,0.1388
146,1364,1510,0.1388
145,1373,1518,0.1388
143,1370,1513,0.1388
148,1347,1495,0.1388
148,1346,1494,0.1388
149,1364,1513,0.1388
154,1358,1512,0.1388
155,1364,1519,0.1388
154,1360,1514,0.1388
153,1379,1532,0.1388
152,1380,1532,0.1388
150,1362,1512,0.1388
152,1376,1528,0.1388
148,1361,1509,0.1388
152,1360,1512,0.1388
149,1360,1509,0.1388
147,1365,1512,0.1388
146,1370,1516,0.1388
149,1381,1530,0.1388
148,1373,1521,0.1388
151,1378,1529,0.1388
150,1381,1531,0.1388
150,1380,1530,0.1388
149,1384,1533,0.1388
148,1363,1511,0.1388
150,1372,1522,0.1388
149,1370,1519,0.1388
150,1368,1518,0.1388
144,1360,1504,0.1388
144,1358,1502,0.1388
140,1366,1506,0.1388
137,1377,1514,0.1388
140,1374,1514,0.1388
139,1393,1532,0.1388
137,1387,1524,0.1388
134,1371,1505,0.1388
134,1358,1492,0.1388
131,1355,1486,0.1388
132,1363,1495,0.1388
134,1367,1501,0.1388
132,1375,1507,0.1388
132,1380,1512,0.1388
136,1368,1504,0.1388
132,1365,1497,0.1388
132,1367,1499,0.1388
132,1383,1515,0.1388
132,1387,1519,0.1388
134,1373,1507,0.1388
134,1376,1510,0.1388
133,1375,1508,0.1388
134,1383,1517,0.1388
132,1381,1513,0.1388
133,1388,1521,0.1388
134,1395,1529,0.1388
131,1384,1515,0.1388
134,1382,1516,0.1388
131,1392,1523,0.1388
135,1397,1532,0.1388
132,1390,1522,0.1388
129,1384,1513,0.1388
126,1392,1518,0.1388
125,1405,1530,0.1388
123,1397,1520,0.1388
120,1399,1519,0.1388
121,1402,1523,0.1388
122,1401,1523,0.1388
119,1395,1514,0.1388
119,1393,1512,0.1388
116,1379,1495,0.1388
114,1393,1507,0.1388
116,1392,1508,0.1388
121,1394,1515,0.1388
121,1407,1528,0.1388
123,1392,1515,0.1388
122,1392,1514,0.1388
117,1388,1505,0.1388
118,1376,1494,0.1388
114,1390,1504,0.1388
114,1393,1507,0.1388
113,1400,1513,0.1388
112,1379,1491,0.1388
115,1385,1500,0.1388
115,1387,1502,0.1388
117,1378,1495,0.1388
119,1372,1491,0.1388
118,1377,1495,0.1388
119,1382,1501,0.1388
120,1401,1521,0.1388
123,1405,1528,0.1388
123,1408,1531,0.1388
121,1404,1525,0.1388
120,1397,1517,0.1388
115,1393,1508,0.1388
119,1385,1504,0.1388
120,1370,1490,0.1388
120,1388,1508,0.1388
122,1393,1515,0.1388
122,1389,1511,0.1388
119,1405,1524,0.1388
116,1401,1517,0.1388
113,1397,1510,0.1388
108,1413,1521,0.1388
107,1406,1513,0.1388
108,1408,1516,0.1388
108,1393,1501,0.1388
113,1402,1515,0.1388
115,1396,1511,0.1388
117,1404,1521,0.1388
116,1417,1533,0.1388
116,1406,1522,0.1388
112,1414,1526,0.1388
112,1419,1531,0.1388
112,1418,1530,0.1388
111,1410,1521,0.1388
111,1403,1514,0.1388
111,1401,1512,0.1388
108,1406,1514,0.1388
105,1405,1510,0.1388
106,1402,1508,0.1388
104,1410,1514,0.1388
106,1415,1521,0.1388
103,1414,1517,0.1388
104,1419,1523,0.1388
107,1410,1517,0.1388
103,1408,1511,0.1388
105,1419,1524,0.1388
106,1423,1529,0.1388
105,1433,1538,0.1388
100,1416,1516,0.1388
100,1425,1525,0.1388
99,1423,1522,0.1388
102,1425,1527,0.1388
99,1415,1514,0.1388
100,1416,1516,0.1388
101,1421,1522,0.1388
101,1422,1523,0.1388
100,1422,1522,0.1388
98,1424,1522,0.1388
97,1428,1525,0.1388
98,1412,1510,0.1388
96,1414,1510,0.1388
94,1410,1504,0.1388
96,1404,1500,0.1388
95,1422,1517,0.1388
97,1418,1515,0.1388
94,1403,1497,0.1388
95,1408,1503,0.1388
91,1412,1503,0.1388
95,1414,1509,0.1388
94,1419,1513,0.1388
90,1430,1520,0.1388
90,1435,1525,0.1388
90,1418,1508,0.1388
89,1428,1517,0.1388
89,1431,1520,0.1388
89,1436,1525,0.1388
86,1443,1529,0.1388
85,1437,1522,0.1388
84,1430,1514,0.1388
87,1428,1515,0.1388
88,1423,1511,0.1388
91,1422,1513,0.1388
90,1421,1511,0.1388
87,1436,1523,0.1388
91,1440,1531,0.1388
88,1434,1522,0.1388
85,1432,1517,0.1388
86,1435,1521,0.1388
86,1420,1506,0.1388
87,1419,1506,0.1388
86,1411,1497,0.1388
85,1427,1512,0.1388
83,1424,1507,0.1388
83,1424,1507,0.1388
79,1442,1521,0.1388
78,1448,1526,0.1388
80,1435,1515,0.1388
77,1435,1512,0.1388
74,1439,1513,0.1388
73,1431,1504,0.1388
76,1442,1518,0.1388
75,1439,1514,0.1388
76,1434,1510,0.1388
75,1435,1510,0.1388
78,1430,1508,0.1388
77,1445,1522,0.1388
79,1443,1522,0.1388
77,1440,1517,0.1388
79,1442,1521,0.1388
78,1441,1519,0.1388
79,1438,1517,0.1388
81,1430,1511,0.1388
81,1438,1519,0.1388
78,1430,1508,0.1388
74,1439,1513,0.1388
73,1438,1511,0.1388
78,1431,1509,0.1388
72,1431,1503,0.1388
72,1450,1522,0.1388
72,1452,1524,0.1388
70,1454,1524,0.1388
72,1445,1517,0.1388
69,1445,1514,0.1388
70,1436,1506,0.1388
71,1433,1504,0.1388
66,1436,1502,0.1388
66,1440,1506,0.1388
67,1442,1509,0.1388
67,1451,1518,0.1388
67,1445,1512,0.1388
67,1435,1502,0.1388
72,1438,1510,0.1388
72,1429,1501,0.1388
70,1424,1494,0.1388
68,1425,1493,0.1388
67,1422,1489,0.1388
68,1433,1501,0.1388
70,1428,1498,0.1388
71,1434,1505,0.1388
69,1444,1513,0.1388
71,1440,1511,0.1388
72,1448,1520,0.1388
72,1441,1513,0.1388
70,1430,1500,0.1388
67,1439,1506,0.1388
73,1439,1512,0.1388
76,1433,1509,0.1388
76,1432,1508,0.1388
76,1429,1505,0.1388
79,1428,1507,0.1388
77,1430,1507,0.1388
78,1428,1506,0.1388
78,1439,1517,0.1388
77,1453,1530,0.1388
78,1439,1517,0.1388
78,1437,1515,0.1388
77,1437,1514,0.1388
77,1434,1511,0.1388
75,1440,1515,0.1388
75,1452,1527,0.1388
74,1450,1524,0.1388
68,1449,1517,0.1388
69,1455,1524,0.1388
68,1457,1525,0.1388
67,1461,1528,0.1388
67,1445,1512,0.1388
65,1449,1514,0.1388
64,1445,1509,0.1388
65,1440,1505,0.1388
65,1455,1520,0.1388
66,1452,1518,0.1388
66,1444,1510,0.1388
66,1447,1513,0.1388
64,1453,1517,0.1388
63,1457,1520,0.1388
63,1457,1520,0.1388
64,1450,1514,0.1388
64,1441,1505,0.1388
59,1453,1512,0.1388
59,1461,1520,0.1388
59,1452,1511,0.1388
59,1460,1519,0.1388
58,1449,1507,0.1388
57,1442,1499,0.1388
57,1458,1515,0.1388
57,1453,1510,0.1388
56,1458,1514,0.1388
58,1452,1510,0.1388
56,1458,1514,0.1388
57,1450,1507,0.1388
53,1453,1506,0.1388
51,1457,1508,0.1388
51,1461,1512,0.1388
55,1466,1521,0.1388
56,1467,1523,0.1388
56,1462,1518,0.1388
56,1459,1515,0.1388
56,1452,1508,0.1388
57,1445,1502,0.1388
60,1456,1516,0.1388
61,1460,1521,0.1388
61,1473,1534,0.1388
61,1465,1526,0.1388
61,1474,1535,0.1388
60,1471,1531,0.1388
58,1479,1537,0.1388
59,1469,1528,0.1388
59,1486,1545,0.1388
57,1477,1534,0.1388
56,1461,1517,0.1388
57,1461,1518,0.1388
57,1455,1512,0.1388
56,1457,1513,0.1388
56,1468,1524,0.1388
57,1444,1501,0.1388
58,1436,1494,0.1388
60,1450,1510,0.1388
59,1452,1511,0.1388
58,1469,1527,0.1388
58,1480,1538,0.1388
58,1475,1533,0.1388
58,1479,1537,0.1388
59,1471,1530,0.1388
59,1481,1540,0.1388
58,1478,1536,0.1388
59,1464,1523,0.1388
56,1460,1516,0.1388
55,1463,1518,0.1388
54,1456,1510,0.1388
53,1462,1515,0.1388
52,1469,1521,0.1388
48,1479,1527,0.1388
46,1480,1526,0.1388
45,1479,1524,0.1388
47,1485,1532,0.1388
48,1475,1523,0.1388
47,1460,1507,0.1388
46,1469,1515,0.1388
43,1461,1504,0.1388
43,1461,1504,0.1388
42,1471,1513,0.1388
43,1457,1500,0.1388
43,1456,1499,0.1388
45,1460,1505,0.1388
45,1459,1504,0.1388
46,1444,1490,0.1388
46,1459,1505,0.1388
44,1469,1513,0.1388
45,1475,1520,0.1388
45,1479,1524,0.1388
43,1487,1530,0.1388
42,1475,1517,0.1388
41,1477,1518,0.1388
41,1477,1518,0.1388
41,1475,1516,0.1388
40,1478,1518,0.1388
40,1486,1526,0.1388
39,1480,1519,0.1388
41,1485,1526,0.1388
40,1480,1520,0.1388
40,1476,1516,0.1388
40,1497,1537,0.1388
42,1499,1541,0.1388
41,1490,1531,0.1388
41,1481,1522,0.1388
41,1479,1520,0.1388
40,1481,1521,0.1388
38,1484,1522,0.1388
39,1482,1521,0.1388
40,1476,1516,0.1388
43,1468,1511,0.1388
40,1473,1513,0.1388
39,1470,1509,0.1388
37,1478,1515,0.1388
38,1476,1514,0.1388
36,1486,1522,0.1388
35,1482,1517,0.1388
35,1478,1513,0.1388
33,1478,1511,0.1388
31,1479,1510,0.1388
32,1479,1511,0.1388
32,1479,1511,0.1388
31,1480,1511,0.1388
32,1501,1533,0.1388
34,1498,1532,0.1388
34,1495,1529,0.1388
33,1489,1522,0.1388
36,1474,1510,0.1388
37,1477,1514,0.1388
34,1474,1508,0.1388
34,1496,1530,0.1388
34,1494,1528,0.1388
32,1498,1530,0.1388
32,1509,1541,0.1388
32,1506,1538,0.1388
31,1484,1515,0.1388
31,1494,1525,0.1388
30,1494,1524,0.1388
30,1488,1518,0.1388
29,1500,1529,0.1388
27,1487,1514,0.1388
28,1490,1518,0.1388
28,1483,1511,0.1388
27,1485,1512,0.1388
27,1488,1515,0.1388
27,1481,1508,0.1388
28,1487,1515,0.1388
28,1483,1511,0.1388
29,1484,1513,0.1388
29,1502,1531,0.1388
27,1498,1525,0.1388
25,1489,1514,0.1388
27,1491,1518,0.1388
26,1497,1523,0.1388
25,1494,1519,0.1388
25,1496,1521,0.1388
24,1486,1510,0.1388
24,1486,1510,0.1388
23,1494,1517,0.1388
24,1495,1519,0.1388
21,1486,1507,0.1388
22,1469,1491,0.1388
22,1486,1508,0.1388
22,1496,1518,0.1388
23,1499,1522,0.1388
24,1491,1515,0.1388
24,1486,1510,0.1388
24,1476,1500,0.1388
24,1479,1503,0.1388
23,1489,1512,0.1388
22,1498,1520,0.1388
23,1498,1521,0.1388
22,1502,1524,0.1388
22,1502,1524,0.1388
22,1490,1512,0.1388
25,1473,1498,0.1388
25,1476,1501,0.1388
24,1490,1514,0.1388
23,1496,1519,0.1388
23,1492,1515,0.1388
22,1490,1512,0.1388
23,1488,1511,0.1388
22,1490,1512,0.1388
22,1500,1522,0.1388
21,1499,1520,0.1388
22,1488,1510,0.1388
24,1497,1521,0.1388
24,1482,1506,0.1388
25,1500,1525,0.1388
23,1490,1513,0.1388
23,1484,1507,0.1388
27,1468,1495,0.1388
28,1482,1510,0.1388
28,1471,1499,0.1388
29,1463,1492,0.1388
29,1477,1506,0.1388
29,1474,1503,0.1388
29,1480,1509,0.1388
29,1488,1517,0.1388
30,1493,1523,0.1388
31,1484,1515,0.1388
29,1487,1516,0.1388
29,1481,1510,0.1388
30,1481,1511,0.1388
32,1477,1509,0.1388
33,1481,1514,0.1388
31,1497,1528,0.1388
32,1483,1515,0.1388
31,1472,1503,0.1388
31,1469,1500,0.1388
31,1469,1500,0.1388
31,1474,1505,0.1388
32,1481,1513,0.1388
30,1485,1515,0.1388
30,1478,1508,0.1388
31,1484,1515,0.1388
31,1491,1522,0.1388
31,1484,1515,0.1388
31,1495,1526,0.1388
29,1494,1523,0.1388
31,1493,1524,0.1388
28,1498,1526,0.1388
28,1510,1538,0.1388
28,1516,1544,0.1388
29,1517,1546,0.1388
30,1513,1543,0.1388
30,1501,1531,0.1388
28,1500,1528,0.1388
28,1492,1520,0.1388
28,1495,1523,0.1388
28,1496,1524,0.1388
27,1490,1517,0.1388
26,1494,1520,0.1388
25,1485,1510,0.1388
22,1477,1499,0.1388
23,1472,1495,0.1388
22,1468,1490,0.1388
26,1470,1496,0.1388
27,1480,1507,0.1388
27,1478,1505,0.1388
27,1484,1511,0.1388
27,1481,1508,0.1388
26,1483,1509,0.1388
25,1491,1516,0.1388
24,1498,1522,0.1388
25,1484,1509,0.1388
27,1490,1517,0.1388
29,1489,1518,0.1388
28,1490,1518,0.1388
28,1487,1515,0.1388
29,1491,1520,0.1388
29,1474,1503,0.1388
30,1481,1511,0.1388
29,1487,1516,0.1388
29,1498,1527,0.1388
31,1494,1525,0.1388
30,1495,1525,0.1388
29,1487,1516,0.1388
31,1476,1507,0.1388
30,1459,1489,0.1388
30,1469,1499,0.1388
29,1482,1511,0.1388
29,1498,1527,0.1388
29,1493,1522,0.1388
30,1498,1528,0.1388
30,1496,1526,0.1388
26,1488,1514,0.1388
25,1481,1506,0.1388
27,1496,1523,0.1388
28,1503,1531,0.1388
28,1497,1525,0.1388
29,1485,1514,0.1388
30,1494,1524,0.1388
30,1487,1517,0.1388
29,1487,1516,0.1388
28,1480,1508,0.1388
27,1497,1524,0.1388
28,1498,1526,0.1388
28,1495,1523,0.1388
29,1502,1531,0.1388
26,1497,1523,0.1388
26,1494,1520,0.1388
26,1494,1520,0.1388
24,1494,1518,0.1388
23,1488,1511,0.1388
26,1480,1506,0.1388
25,1482,1507,0.1388
25,1482,1507,0.1388
26,1490,1516,0.1388
26,1484,1510,0.1388
26,1493,1519,0.1388
28,1496,1524,0.1388
30,1488,1518,0.1388
30,1484,1514,0.1388
30,1487,1517,0.1388
30,1487,1517,0.1388
29,1489,1518,0.1388
27,1495,1522,0.1388
28,1492,1520,0.1388
28,1490,1518,0.1388
27,1479,1506,0.1388
28,1488,1516,0.1388
28,1464,1492,0.1388
27,1479,1506,0.1388
28,1485,1513,0.1388
28,1485,1513,0.1388
26,1476,1502,0.1388
28,1494,1522,0.1388
27,1510,1537,0.1388
28,1495,1523,0.1388
29,1481,1510,0.1388
29,1487,1516,0.1388
29,1488,1517,0.1388
28,1484,1512,0.1388
27,1495,1522,0.1388
27,1487,1514,0.1388
31,1481,1512,0.1388
32,1492,1524,0.1388
31,1475,1506,0.1388
33,1489,1522,0.1388
33,1493,1526,0.1388
32,1497,1529,0.1388
32,1495,1527,0.1388
33,1493,1526,0.1388
33,1498,1531,0.1388
33,1495,1528,0.1388
30,1497,1527,0.1388
31,1492,1523,0.1388
31,1483,1514,0.1388
31,1480,1511,0.1388
32,1479,1511,0.1388
32,1491,1523,0.1388
29,1490,1519,0.1388
28,1478,1506,0.1388
29,1486,1515,0.1388
29,1482,1511,0.1388
27,1485,1512,0.1388
26,1489,1515,0.1388
24,1487,1511,0.1388
24,1501,1525,0.1388
24,1500,1524,0.1388
23,1499,1522,0.1388
23,1498,1521,0.1388
25,1489,1514,0.1388
24,1491,1515,0.1388
23,1482,1505,0.1388
23,1492,1515,0.1388
22,1493,1515,0.1388
22,1490,1512,0.1388
22,1494,1516,0.1388
20,1486,1506,0.1388
22,1477,1499,0.1388
22,1477,1499,0.1388
21,1497,1518,0.1388
20,1499,1519,0.1388
19,1490,1509,0.1388
18,1497,1515,0.1388
18,1505,1523,0.1388
18,1483,1501,0.1388
17,1486,1503,0.1388
16,1491,1507,0.1388
17,1481,1498,0.1388
18,1479,1497,0.1388
18,1474,1492,0.1388
18,1475,1493,0.1388
18,1465,1483,0.1388
18,1490,1508,0.1388
18,1489,1507,0.1388
17,1502,1519,0.1388
18,1496,1514,0.1388
19,1501,1520,0.1388
17,1509,1526,0.1388
17,1504,1521,0.1388
17,1500,1517,0.1388
14,1487,1501,0.1388
13,1493,1506,0.1388
15,1497,1512,0.1388
14,1496,1510,0.1388
14,1478,1492,0.1388
14,1478,1492,0.1388
16,1481,1497,0.1388
16,1480,1496,0.1388
16,1493,1509,0.1388
15,1492,1507,0.1388
16,1480,1496,0.1388
16,1499,1515,0.1388
16,1495,1511,0.1388
17,1488,1505,0.1388
16,1493,1509,0.1388
16,1498,1514,0.1388
15,1502,1517,0.1388
14,1508,1522,0.1388
14,1505,1519,0.1388
14,1505,1519,0.1388
14,1504,1518,0.1388
13,1492,1505,0.1388
14,1493,1507,0.1388
15,1501,1516,0.1388
14,1508,1522,0.1388
14,1505,1519,0.1388
14,1508,1522,0.1388
13,1517,1530,0.1388
13,1515,1528,0.1388
15,1508,1523,0.1388
14,1515,1529,0.1388
14,1514,1528,0.1388
14,1506,1520,0.1388
13,1496,1509,0.1388
14,1501,1515,0.1388
15,1498,1513,0.1388
15,1502,1517,0.1388
15,1489,1504,0.1388
15,1501,1516,0.1388
16,1497,1513,0.1388
15,1505,1520,0.1388
15,1496,1511,0.1388
15,1504,1519,0.1388
15,1509,1524,0.1388
14,1506,1520,0.1388
14,1504,1518,0.1388
13,1493,1506,0.1388
12,1508,1520,0.1388
12,1510,1522,0.1388
12,1512,1524,0.1388
12,1517,1529,0.1388
12,1519,1531,0.1388
11,1513,1524,0.1388
11,1517,1528,0.1388
10,1519,1529,0.1388
10,1508,1518,0.1388
11,1504,1515,0.1388
11,1511,1522,0.1388
11,1507,1518,0.1388
12,1512,1524,0.1388
13,1492,1505,0.1388
12,1486,1498,0.1388
12,1495,1507,0.1388
10,1492,1502,0.1388
10,1496,1506,0.1388
10,1498,1508,0.1388
10,1518,1528,0.1388
11,1512,1523,0.1388
11,1508,1519,0.1388
11,1519,1530,0.1388
11,1502,1513,0.1388
11,1505,1516,0.1388
11,1508,1519,0.1388
11,1505,1516,0.1388
11,1499,1510,0.1388
11,1501,1512,0.1388
11,1498,1509,0.1388
11,1505,1516,0.1388
11,1492,1503,0.1388
10,1498,1508,0.1388
10,1495,1505,0.1388
10,1497,1507,0.1388
10,1507,1517,0.1388
10,1524,1534,0.1388
10,1516,1526,0.1388
10,1525,1535,0.1388
10,1498,1508,0.1388
10,1493,1503,0.1388
9,1494,1503,0.1388
8,1501,1509,0.1388
9,1508,1517,0.1388
8,1520,1528,0.1388
8,1523,1531,0.1388
7,1513,1520,0.1388
6,1508,1514,0.1388
6,1500,1506,0.1388
6,1499,1505,0.1388
6,1503,1509,0.1388
6,1504,1510,0.1388
5,1504,1509,0.1388
5,1510,1515,0.1388
5,1502,1507,0.1388
5,1499,1504,0.1388
5,1517,1522,0.1388
6,1510,1516,0.1388
6,1502,1508,0.1388
7,1502,1509,0.1388
6,1514,1520,0.1388
7,1509,1516,0.1388
7,1504,1511,0.1388
7,1506,1513,0.1388
7,1512,1519,0.1388
7,1506,1513,0.1388
8,1508,1516,0.1388
7,1491,1498,0.1388
8,1497,1505,0.1388
8,1507,1515,0.1388
8,1497,1505,0.1388
8,1509,1517,0.1388
8,1509,1517,0.1388
7,1507,1514,0.1388
7,1513,1520,0.1388
7,1513,1520,0.1388
6,1503,1509,0.1388
5,1500,1505,0.1388
5,1509,1514,0.1388
5,1513,1518,0.1388
6,1509,1515,0.1388
7,1503,1510,0.1388
7,1505,1512,0.1388
7,1502,1509,0.1388
7,1510,1517,0.1388
7,1513,1520,0.1388
7,1509,1516,0.1388
7,1529,1536,0.1388
7,1506,1513,0.1388
6,1518,1524,0.1388
6,1523,1529,0.1388
7,1518,1525,0.1388
7,1509,1516,0.1388
7,1510,1517,0.1388
6,1510,1516,0.1388
7,1521,1528,0.1388
7,1507,1514,0.1388
7,1506,1513,0.1388
7,1511,1518,0.1388
7,1514,1521,0.1388
7,1499,1506,0.1388
7,1503,1510,0.1388
7,1500,1507,0.1388
7,1505,1512,0.1388
8,1522,1530,0.1388
8,1519,1527,0.1388
8,1514,1522,0.1388
7,1509,1516,0.1388
7,1510,1517,0.1388
7,1510,1517,0.1388
6,1505,1511,0.1388
6,1496,1502,0.1388
5,1496,1501,0.1388
5,1489,1494,0.1388
5,1502,1507,0.1388
5,1500,1505,0.1388
5,1495,1500,0.1388
5,1495,1500,0.1388
5,1495,1500,0.1388
4,1493,1497,0.1388
4,1516,1520,0.1388
4,1506,1510,0.1388
4,1506,1510,0.1388
2,1519,1521,0.1388
2,1524,1526,0.1388
2,1517,1519,0.1388
2,1520,1522,0.1388
2,1518,1520,0.1388
2,1514,1516,0.1388
2,1506,1508,0.1388
2,1515,1517,0.1388
2,1507,1509,0.1388
3,1511,1514,0.1388
2,1493,1495,0.1388
2,1490,1492,0.1388
2,1500,1502,0.1388
2,1513,1515,0.1388
2,1512,1514,0.1388
2,1518,1520,0.1388
1,1512,1513,0.1388
1,1513,1514,0.1388
1,1520,1521,0.1388
1,1523,1524,0.1388
1,1527,1528,0.1388
1,1514,1515,0.1388
1,1505,1506,0.1388
1,1499,1500,0.1388
1,1508,1509,0.1388
1,1519,1520,0.1388
1,1512,1513,0.1388
1,1506,1507,0.1388
1,1517,1518,0.1388
1,1506,1507,0.1388
1,1512,1513,0.1388
1,1508,1509,0.1388
1,1504,1505,0.1388
1,1501,1502,0.1388
1,1515,1516,0.1388
1,1530,1531,0.1388
1,1521,1522,0.1388
1,1521,1522,0.1388
1,1517,1518,0.1388
1,1519,1520,0.1388
1,1515,1516,0.1388
1,1532,1533,0.1388
1,1530,1531,0.1388
1,1512,1513,0.1388
1,1514,1515,0.1388
1,1527,1528,0.1388
1,1521,1522,0.1388
1,1524,1525,0.1388
1,1517,1518,0.1388
1,1524,1525,0.1388
1,1532,1533,0.1388
1,1522,1523,0.1388
1,1537,1538,0.1388
1,1536,1537,0.1388
1,1532,1533,0.1388
1,1530,1531,0.1388
1,1510,1511,0.1388
1,1515,1516,0.1388
1,1522,1523,0.1388
1,1526,1527,0.1388
1,1524,1525,0.1388
1,1509,1510,0.1388
2,1511,1513,0.1388
2,1515,1517,0.1388
2,1510,1512,0.1388
2,1515,1517,0.1388
2,1497,1499,0.1388
2,1500,1502,0.1388
2,1506,1508,0.1388
2,1501,1503,0.1388
2,1514,1516,0.1388
2,1529,1531,0.1388
2,1533,1535,0.1388
2,1517,1519,0.1388
2,1515,1517,0.1388
2,1515,1517,0.1388
3,1505,1508,0.1388
3,1501,1504,0.1388
3,1502,1505,0.1388
3,1501,1504,0.1388
3,1520,1523,0.1388
3,1522,1525,0.1388
3,1519,1522,0.1388
3,1517,1520,0.1388
3,1515,1518,0.1388
4,1515,1519,0.1388
4,1513,1517,0.1388
5,1512,1517,0.1388
5,1507,1512,0.1388
5,1510,1515,0.1388
5,1518,1523,0.1388
4,1505,1509,0.1388
4,1511,1515,0.1388
4,1522,1526,0.1388
4,1529,1533,0.1388
3,1520,1523,0.1388
4,1519,1523,0.1388
4,1514,1518,0.1388
4,1519,1523,0.1388
4,1510,1514,0.1388
4,1518,1522,0.1388
4,1531,1535,0.1388
4,1529,1533,0.1388
3,1508,1511,0.1388
3,1517,1520,0.1388
3,1511,1514,0.1388
3,1503,1506,0.1388
3,1503,1506,0.1388
3,1510,1513,0.1388
3,1522,1525,0.1388
3,1515,1518,0.1388
3,1521,1524,0.1388
3,1524,1527,0.1388
3,1520,1523,0.1388
3,1515,1518,0.1388
3,1510,1513,0.1388
3,1520,1523,0.1388
3,1525,1528,0.1388
3,1517,1520,0.1388
3,1503,1506,0.1388
3,1506,1509,0.1388
3,1508,1511,0.1388
2,1504,1506,0.1388
2,1509,1511,0.1388
2,1505,1507,0.1388
3,1508,1511,0.1388
3,1498,1501,0.1388
3,1506,1509,0.1388
3,1517,1520,0.1388
4,1515,1519,0.1388
4,1508,1512,0.1388
4,1502,1506,0.1388
4,1505,1509,0.1388
3,1506,1509,0.1388
3,1519,1522,0.1388
3,1517,1520,0.1388
3,1528,1531,0.1388
3,1521,1524,0.1388
3,1520,1523,0.1388
3,1516,1519,0.1388
3,1525,1528,0.1388
3,1515,1518,0.1388
2,1529,1531,0.1388
2,1513,1515,0.1388
2,1530,1532,0.1388
2,1518,1520,0.1388
2,1522,1524,0.1388
2,1511,1513,0.1388
2,1521,1523,0.1388
2,1508,1510,0.1388
2,1499,1501,0.1388
2,1510,1512,0.1388
2,1517,1519,0.1388
2,1521,1523,0.1388
2,1528,1530,0.1388
2,1520,1522,0.1388
2,1515,1517,0.1388
2,1505,1507,0.1388
2,1505,1507,0.1388
2,1510,1512,0.1388
2,1512,1514,0.1388
2,1521,1523,0.1388
2,1511,1513,0.1388
2,1514,1516,0.1388
2,1516,1518,0.1388
2,1523,1525,0.1388
2,1512,1514,0.1388
2,1507,1509,0.1388
2,1510,1512,0.1388
1,1519,1520,0.1388
1,1503,1504,0.1388
1,1502,1503,0.1388
1,1501,1502,0.1388
1,1513,1514,0.1388
1,1509,1510,0.1388
1,1515,1516,0.1388
1,1506,1507,0.1388
1,1528,1529,0.1388
1,1520,1521,0.1388
1,1533,1534,0.1388
1,1524,1525,0.1388
1,1517,1518,0.1388
1,1527,1528,0.1388
1,1526,1527,0.1388
1,1534,1535,0.1388
1,1531,1532,0.1388
1,1522,1523,0.1388
1,1533,1534,0.1388
1,1528,1529,0.1388
1,1512,1513,0.1388
1,1500,1501,0.1388
1,1510,1511,0.1388
1,1514,1515,0.1388
1,1514,1515,0.1388
1,1519,1520,0.1388
1,1508,1509,0.1388
1,1500,1501,0.1388
1,1507,1508,0.1388
1,1497,1498,0.1388
1,1507,1508,0.1388
1,1520,1521,0.1388
1,1529,1530,0.1388
1,1517,1518,0.1388
1,1518,1519,0.1388
1,1527,1528,0.1388
0,1531,1531,0.1388
