1386,30,1416,0.1388
1421,32,1453,0.1388
1435,32,1467,0.1388
1449,30,1479,0.1388
1448,31,1479,0.1388
1441,32,1473,0.1388
1459,35,1494,0.1388
1467,33,1500,0.1388
1459,33,1492,0.1388
1468,32,1500,0.1388
1455,33,1488,0.1388
1454,36,1490,0.1388
1445,36,1481,0.1388
1445,36,1481,0.1388
1467,34,1501,0.1388
1461,35,1496,0.1388
1458,34,1492,0.1388
1450,36,1486,0.1388
1447,36,1483,0.1388
1461,34,1495,0.1388
1457,32,1489,0.1388
1458,31,1489,0.1388
1470,30,1500,0.1388
1464,30,1494,0.1388
1467,30,1497,0.1388
1475,32,1507,0.1388
1472,32,1504,0.1388
1473,33,1506,0.1388
1476,31,1507,0.1388
1468,32,1500,0.1388
1459,33,1492,0.1388
1440,32,1472,0.1388
1439,33,1472,0.1388
1461,35,1496,0.1388
1454,35,1489,0.1388
1452,37,1489,0.1388
1457,39,1496,0.1388
1459,40,1499,0.1388
1454,40,1494,0.1388
1451,37,1488,0.1388
1463,38,1501,0.1388
1468,39,1507,0.1388
1459,39,1498,0.1388
1457,40,1497,0.1388
1463,41,1504,0.1388
1459,41,1500,0.1388
1459,41,1500,0.1388
1449,42,1491,0.1388
1431,42,1473,0.1388
1445,42,1487,0.1388
1449,45,1494,0.1388
1454,47,1501,0.1388
1443,48,1491,0.1388
1445,46,1491,0.1388
1462,47,1509,0.1388
1453,50,1503,0.1388
1457,52,1509,0.1388
1466,51,1517,0.1388
1461,52,1513,0.1388
1465,52,1517,0.1388
1457,55,1512,0.1388
1437,57,1494,0.1388
1443,56,1499,0.1388
1443,55,1498,0.1388
1427,58,1485,0.1388
1434,57,1491,0.1388
1438,57,1495,0.1388
1442,58,1500,0.1388
1442,58,1500,0.1388
1433,56,1489,0.1388
1428,56,1484,0.1388
1447,57,1504,0.1388
1442,58,1500,0.1388
1434,59,1493,0.1388
1427,63,1490,0.1388
1438,61,1499,0.1388
1428,61,1489,0.1388
1431,64,1495,0.1388
1434,65,1499,0.1388
1429,67,1496,0.1388
1433,67,1500,0.1388
1426,69,1495,0.1388
1430,69,1499,0.1388
1419,70,1489,0.1388
1404,70,1474,0.1388
1412,70,1482,0.1388
1408,71,1479,0.1388
1419,72,1491,0.1388
1414,73,1487,0.1388
1412,78,1490,0.1388
1405,81,1486,0.1388
1413,81,1494,0.1388
1420,83,1503,0.1388
1417,85,1502,0.1388
1408,87,1495,0.1388
1409,86,1495,0.1388
1411,88,1499,0.1388
1401,87,1488,0.1388
1415,93,1508,0.1388
1405,93,1498,0.1388
1413,96,1509,0.1388
1400,94,1494,0.1388
1390,95,1485,0.1388
1395,98,1493,0.1388
1390,96,1486,0.1388
1384,97,1481,0.1388
1384,97,1481,0.1388
1385,95,1480,0.1388
1369,95,1464,0.1388
1374,99,1473,0.1388
1390,101,1491,0.1388
1382,99,1481,0.1388
1392,99,1491,0.1388
1398,97,1495,0.1388
1397,95,1492,0.1388
1395,93,1488,0.1388
1403,93,1496,0.1388
1397,94,1491,0.1388
1401,93,1494,0.1388
1401,91,1492,0.1388
1409,89,1498,0.1388
1413,88,1501,0.1388
1413,88,1501,0.1388
1413,87,1500,0.1388
1418,83,1501,0.1388
1415,82,1497,0.1388
1430,81,1511,0.1388
1425,80,1505,0.1388
1416,84,1500,0.1388
1419,82,1501,0.1388
1426,85,1511,0.1388
1409,83,1492,0.1388
1396,85,1481,0.1388
1392,85,1477,0.1388
1390,84,1474,0.1388
1408,85,1493,0.1388
1399,86,1485,0.1388
1387,86,1473,0.1388
1391,83,1474,0.1388
1407,84,1491,0.1388
1408,87,1495,0.1388
1415,87,1502,0.1388
1412,92,1504,0.1388
1406,91,1497,0.1388
1403,90,1493,0.1388
1401,93,1494,0.1388
1390,93,1483,0.1388
1390,98,1488,0.1388
1391,97,1488,0.1388
1406,98,1504,0.1388
1395,99,1494,0.1388
1403,99,1502,0.1388
1393,100,1493,0.1388
1395,100,1495,0.1388
1395,98,1493,0.1388
1389,96,1485,0.1388
1385,96,1481,0.1388
1377,99,1476,0.1388
1388,102,1490,0.1388
1395,102,1497,0.1388
1390,101,1491,0.1388
1385,105,1490,0.1388
1379,109,1488,0.1388
1369,110,1479,0.1388
1377,108,1485,0.1388
1387,110,1497,0.1388
1389,114,1503,0.1388
1400,110,1510,0.1388
1393,109,1502,0.1388
1391,110,1501,0.1388
1389,111,1500,0.1388
1380,111,1491,0.1388
1380,112,1492,0.1388
1384,113,1497,0.1388
1378,116,1494,0.1388
1378,115,1493,0.1388
1374,115,1489,0.1388
1377,119,1496,0.1388
1378,119,1497,0.1388
1382,120,1502,0.1388
1368,122,1490,0.1388
1367,125,1492,0.1388
1374,124,1498,0.1388
1372,124,1496,0.1388
1367,123,1490,0.1388
1370,121,1491,0.1388
1370,121,1491,0.1388
1365,121,1486,0.1388
1381,124,1505,0.1388
1377,121,1498,0.1388
1375,120,1495,0.1388
1368,121,1489,0.1388
1355,122,1477,0.1388
1361,124,1485,0.1388
1365,126,1491,0.1388
1372,127,1499,0.1388
1372,127,1499,0.1388
1365,129,1494,0.1388
1359,132,1491,0.1388
1358,134,1492,0.1388
1358,140,1498,0.1388
1357,140,1497,0.1388
1362,141,1503,0.1388
1350,142,1492,0.1388
1346,142,1488,0.1388
1362,145,1507,0.1388
1350,146,1496,0.1388
1354,146,1500,0.1388
1356,147,1503,0.1388
1352,150,1502,0.1388
1353,151,1504,0.1388
1346,151,1497,0.1388
1348,154,1502,0.1388
1341,155,1496,0.1388
1350,154,1504,0.1388
1351,155,1506,0.1388
1341,155,1496,0.1388
1334,152,1486,0.1388
1336,155,1491,0.1388
1334,159,1493,0.1388
1330,156,1486,0.1388
1326,159,1485,0.1388
1326,161,1487,0.1388
1325,163,1488,0.1388
1333,163,1496,0.1388
1335,164,1499,0.1388
1338,161,1499,0.1388
1338,163,1501,0.1388
1329,160,1489,0.1388
1333,164,1497,0.1388
1330,161,1491,0.1388
1323,160,1483,0.1388
1319,167,1486,0.1388
1324,166,1490,0.1388
1316,166,1482,0.1388
1305,169,1474,0.1388
1317,165,1482,0.1388
1328,162,1490,0.1388
1327,165,1492,0.1388
1331,167,1498,0.1388
1337,168,1505,0.1388
1321,165,1486,0.1388
1316,163,1479,0.1388
1314,171,1485,0.1388
1327,167,1494,0.1388
1325,166,1491,0.1388
1330,168,1498,0.1388
1317,166,1483,0.1388
1335,165,1500,0.1388
1327,166,1493,0.1388
1318,168,1486,0.1388
1313,166,1479,0.1388
1332,165,1497,0.1388
1329,170,1499,0.1388
1329,171,1500,0.1388
1316,171,1487,0.1388
1310,174,1484,0.1388
1320,175,1495,0.1388
1321,174,1495,0.1388
1329,174,1503,0.1388
1321,174,1495,0.1388
1309,171,1480,0.1388
1309,176,1485,0.1388
1317,174,1491,0.1388
1310,170,1480,0.1388
1311,174,1485,0.1388
1317,176,1493,0.1388
1310,180,1490,0.1388
1313,182,1495,0.1388
1316,186,1502,0.1388
1311,185,1496,0.1388
1312,180,1492,0.1388
1318,182,1500,0.1388
1321,187,1508,0.1388
1316,188,1504,0.1388
1305,189,1494,0.1388
1305,188,1493,0.1388
1312,189,1501,0.1388
1306,194,1500,0.1388
1298,193,1491,0.1388
1289,189,1478,0.1388
1311,190,1501,0.1388
1304,188,1492,0.1388
1297,188,1485,0.1388
1307,187,1494,0.1388
1312,187,1499,0.1388
1324,189,1513,0.1388
1325,183,1508,0.1388
1317,187,1504,0.1388
1321,188,1509,0.1388
1318,184,1502,0.1388
1319,186,1505,0.1388
1320,189,1509,0.1388
1311,193,1504,0.1388
1299,193,1492,0.1388
1302,191,1493,0.1388
1305,192,1497,0.1388
1300,186,1486,0.1388
1311,187,1498,0.1388
1311,189,1500,0.1388
1303,188,1491,0.1388
1292,191,1483,0.1388
1290,190,1480,0.1388
1310,187,1497,0.1388
1316,187,1503,0.1388
1305,190,1495,0.1388
1302,194,1496,0.1388
1302,188,1490,0.1388
1294,191,1485,0.1388
1302,193,1495,0.1388
1295,200,1495,0.1388
1292,204,1496,0.1388
1279,211,1490,0.1388
1267,210,1477,0.1388
1282,211,1493,0.1388
1281,206,1487,0.1388
1288,202,1490,0.1388
1280,201,1481,0.1388
1273,218,1491,0.1388
1283,217,1500,0.1388
1275,214,1489,0.1388
1273,218,1491,0.1388
1270,226,1496,0.1388
1274,226,1500,0.1388
1272,229,1501,0.1388
1264,228,1492,0.1388
1267,233,1500,0.1388
1262,237,1499,0.1388
1258,238,1496,0.1388
1267,230,1497,0.1388
1261,233,1494,0.1388
1269,235,1504,0.1388
1263,235,1498,0.1388
1263,232,1495,0.1388
1261,232,1493,0.1388
1261,227,1488,0.1388
1259,228,1487,0.1388
1268,232,1500,0.1388
1272,227,1499,0.1388
1267,229,1496,0.1388
1262,222,1484,0.1388
1269,223,1492,0.1388
1261,219,1480,0.1388
1277,217,1494,0.1388
1281,215,1496,0.1388
1291,219,1510,0.1388
1290,223,1513,0.1388
1297,231,1528,0.1388
1290,231,1521,0.1388
1283,232,1515,0.1388
1271,234,1505,0.1388
1274,229,1503,0.1388
1263,234,1497,0.1388
1266,232,1498,0.1388
1267,229,1496,0.1388
1265,232,1497,0.1388
1270,231,1501,0.1388
1267,233,1500,0.1388
1261,235,1496,0.1388
1251,240,1491,0.1388
1241,242,1483,0.1388
1234,243,1477,0.1388
1242,238,1480,0.1388
1238,237,1475,0.1388
1228,240,1468,0.1388
1224,239,1463,0.1388
1240,240,1480,0.1388
1243,247,1490,0.1388
1230,253,1483,0.1388
1223,253,1476,0.1388
1232,252,1484,0.1388
1236,250,1486,0.1388
1238,257,1495,0.1388
1243,260,1503,0.1388
1246,258,1504,0.1388
1255,256,1511,0.1388
1250,259,1509,0.1388
1245,250,1495,0.1388
1239,250,1489,0.1388
1245,252,1497,0.1388
1248,251,1499,0.1388
1250,248,1498,0.1388
1244,257,1501,0.1388
1249,257,1506,0.1388
1243,255,1498,0.1388
1231,258,1489,0.1388
1240,260,1500,0.1388
1251,258,1509,0.1388
1242,261,1503,0.1388
1232,260,1492,0.1388
1244,264,1508,0.1388
1239,259,1498,0.1388
1241,255,1496,0.1388
1244,261,1505,0.1388
1245,260,1505,0.1388
1235,265,1500,0.1388
1240,269,1509,0.1388
1224,262,1486,0.1388
1218,268,1486,0.1388
1228,268,1496,0.1388
1237,272,1509,0.1388
1233,268,1501,0.1388
1226,264,1490,0.1388
1235,268,1503,0.1388
1225,264,1489,0.1388
1220,264,1484,0.1388
1227,267,1494,0.1388
1232,276,1508,0.1388
1233,276,1509,0.1388
1239,275,1514,0.1388
1237,275,1512,0.1388
1236,275,1511,0.1388
1235,276,1511,0.1388
1231,275,1506,0.1388
1229,271,1500,0.1388
1231,269,1500,0.1388
1228,268,1496,0.1388
1223,264,1487,0.1388
1236,268,1504,0.1388
1234,267,1501,0.1388
1221,273,1494,0.1388
1219,274,1493,0.1388
1213,280,1493,0.1388
1211,289,1500,0.1388
1208,290,1498,0.1388
1205,284,1489,0.1388
1198,280,1478,0.1388
1213,285,1498,0.1388
1196,292,1488,0.1388
1198,290,1488,0.1388
1204,290,1494,0.1388
1199,297,1496,0.1388
1195,292,1487,0.1388
1202,292,1494,0.1388
1201,294,1495,0.1388
1197,292,1489,0.1388
1194,297,1491,0.1388
1186,300,1486,0.1388
1184,302,1486,0.1388
1197,305,1502,0.1388
1190,305,1495,0.1388
1193,312,1505,0.1388
1198,313,1511,0.1388
1187,313,1500,0.1388
1187,311,1498,0.1388
1181,307,1488,0.1388
1181,306,1487,0.1388
1192,308,1500,0.1388
1191,303,1494,0.1388
1198,308,1506,0.1388
1184,305,1489,0.1388
1188,311,1499,0.1388
1201,309,1510,0.1388
1197,315,1512,0.1388
1194,312,1506,0.1388
1182,316,1498,0.1388
1171,317,1488,0.1388
1174,314,1488,0.1388
1185,312,1497,0.1388
1196,313,1509,0.1388
1196,313,1509,0.1388
1192,317,1509,0.1388
1185,320,1505,0.1388
1186,326,1512,0.1388
1188,326,1514,0.1388
1198,325,1523,0.1388
1200,320,1520,0.1388
1202,322,1524,0.1388
1197,322,1519,0.1388
1196,323,1519,0.1388
1192,319,1511,0.1388
1189,316,1505,0.1388
1176,313,1489,0.1388
1182,307,1489,0.1388
1177,312,1489,0.1388
1186,319,1505,0.1388
1185,319,1504,0.1388
1192,314,1506,0.1388
1184,305,1489,0.1388
1186,313,1499,0.1388
1186,319,1505,0.1388
1185,312,1497,0.1388
1190,312,1502,0.1388
1184,321,1505,0.1388
1178,317,1495,0.1388
1182,315,1497,0.1388
1192,317,1509,0.1388
1189,317,1506,0.1388
1190,316,1506,0.1388
1184,312,1496,0.1388
1176,305,1481,0.1388
1171,310,1481,0.1388
1172,315,1487,0.1388
1176,310,1486,0.1388
1167,317,1484,0.1388
1174,317,1491,0.1388
1168,315,1483,0.1388
1179,314,1493,0.1388
1190,314,1504,0.1388
1184,316,1500,0.1388
1182,315,1497,0.1388
1190,316,1506,0.1388
1186,318,1504,0.1388
1197,313,1510,0.1388
1193,318,1511,0.1388
1185,318,1503,0.1388
1177,318,1495,0.1388
1174,312,1486,0.1388
1184,311,1495,0.1388
1189,309,1498,0.1388
1183,309,1492,0.1388
1181,316,1497,0.1388
1181,316,1497,0.1388
1190,319,1509,0.1388
1190,322,1512,0.1388
1183,316,1499,0.1388
1180,325,1505,0.1388
1178,325,1503,0.1388
1181,319,1500,0.1388
1174,318,1492,0.1388
1181,327,1508,0.1388
1185,327,1512,0.1388
1174,327,1501,0.1388
1186,325,1511,0.1388
1188,322,1510,0.1388
1192,326,1518,0.1388
1187,327,1514,0.1388
1185,334,1519,0.1388
1186,331,1517,0.1388
1184,335,1519,0.1388
1181,334,1515,0.1388
1181,332,1513,0.1388
1167,336,1503,0.1388
1181,336,1517,0.1388
1179,331,1510,0.1388
1167,336,1503,0.1388
1159,342,1501,0.1388
1163,345,1508,0.1388
1155,347,1502,0.1388
1136,345,1481,0.1388
1149,347,1496,0.1388
1149,345,1494,0.1388
1143,349,1492,0.1388
1141,347,1488,0.1388
1152,346,1498,0.1388
1146,343,1489,0.1388
1145,347,1492,0.1388
1146,352,1498,0.1388
1139,351,1490,0.1388
1131,358,1489,0.1388
1133,358,1491,0.1388
1137,354,1491,0.1388
1134,359,1493,0.1388
1133,361,1494,0.1388
1144,357,1501,0.1388
1141,352,1493,0.1388
1133,360,1493,0.1388
1127,361,1488,0.1388
1130,361,1491,0.1388
1128,363,1491,0.1388
1139,363,1502,0.1388
1136,364,1500,0.1388
1128,361,1489,0.1388
1128,359,1487,0.1388
1140,358,1498,0.1388
1142,361,1503,0.1388
1149,367,1516,0.1388
1145,367,1512,0.1388
1139,374,1513,0.1388
1129,374,1503,0.1388
1131,373,1504,0.1388
1118,370,1488,0.1388
1127,377,1504,0.1388
1117,376,1493,0.1388
1119,376,1495,0.1388
1107,370,1477,0.1388
1111,373,1484,0.1388
1106,370,1476,0.1388
1126,363,1489,0.1388
1123,364,1487,0.1388
1139,364,1503,0.1388
1135,363,1498,0.1388
1134,359,1493,0.1388
1133,362,1495,0.1388
1133,362,1495,0.1388
1136,362,1498,0.1388
1134,363,1497,0.1388
1134,360,1494,0.1388
1133,362,1495,0.1388
1125,363,1488,0.1388
1128,359,1487,0.1388
1123,358,1481,0.1388
1131,355,1486,0.1388
1131,353,1484,0.1388
1132,350,1482,0.1388
1145,345,1490,0.1388
1146,352,1498,0.1388
1145,350,1495,0.1388
1134,354,1488,0.1388
1139,356,1495,0.1388
1152,355,1507,0.1388
1149,354,1503,0.1388
1149,358,1507,0.1388
1144,365,1509,0.1388
1144,369,1513,0.1388
1134,369,1503,0.1388
1140,365,1505,0.1388
1139,369,1508,0.1388
1134,373,1507,0.1388
1146,367,1513,0.1388
1143,361,1504,0.1388
1145,360,1505,0.1388
1137,362,1499,0.1388
1136,365,1501,0.1388
1137,366,1503,0.1388
1134,364,1498,0.1388
1129,359,1488,0.1388
1128,355,1483,0.1388
1117,354,1471,0.1388
1131,362,1493,0.1388
1133,357,1490,0.1388
1146,359,1505,0.1388
1139,364,1503,0.1388
1144,363,1507,0.1388
1145,364,1509,0.1388
1149,360,1509,0.1388
1143,356,1499,0.1388
1146,359,1505,0.1388
1139,361,1500,0.1388
1148,361,1509,0.1388
1140,360,1500,0.1388
1130,354,1484,0.1388
1133,349,1482,0.1388
1129,347,1476,0.1388
1139,353,1492,0.1388
1136,349,1485,0.1388
1133,356,1489,0.1388
1146,359,1505,0.1388
1147,353,1500,0.1388
1156,354,1510,0.1388
1155,356,1511,0.1388
1147,357,1504,0.1388
1156,359,1515,0.1388
1164,352,1516,0.1388
1157,350,1507,0.1388
1158,350,1508,0.1388
1149,346,1495,0.1388
1156,344,1500,0.1388
1150,343,1493,0.1388
1143,352,1495,0.1388
1147,356,1503,0.1388
1132,344,1476,0.1388
1149,352,1501,0.1388
1135,352,1487,0.1388
1131,353,1484,0.1388
1135,349,1484,0.1388
1133,354,1487,0.1388
1135,353,1488,0.1388
1140,352,1492,0.1388
1130,356,1486,0.1388
1142,353,1495,0.1388
1134,352,1486,0.1388
1138,357,1495,0.1388
1126,360,1486,0.1388
1128,362,1490,0.1388
1124,368,1492,0.1388
1131,364,1495,0.1388
1136,368,1504,0.1388
1132,373,1505,0.1388
1127,372,1499,0.1388
1135,371,1506,0.1388
1143,372,1515,0.1388
1131,370,1501,0.1388
1115,373,1488,0.1388
1122,371,1493,0.1388
1117,375,1492,0.1388
1126,375,1501,0.1388
1125,376,1501,0.1388
1121,371,1492,0.1388
1115,370,1485,0.1388
1114,379,1493,0.1388
1107,375,1482,0.1388
1117,381,1498,0.1388
1121,376,1497,0.1388
1121,381,1502,0.1388
1125,381,1506,0.1388
1120,376,1496,0.1388
1120,378,1498,0.1388
1138,371,1509,0.1388
1131,367,1498,0.1388
1142,374,1516,0.1388
1138,372,1510,0.1388
1136,376,1512,0.1388
1122,379,1501,0.1388
1120,382,1502,0.1388
1127,387,1514,0.1388
1125,390,1515,0.1388
1115,392,1507,0.1388
1098,397,1495,0.1388
1101,392,1493,0.1388
1097,398,1495,0.1388
1101,404,1505,0.1388
1092,405,1497,0.1388
1084,406,1490,0.1388
1075,401,1476,0.1388
1090,405,1495,0.1388
1089,403,1492,0.1388
1093,402,1495,0.1388
1081,408,1489,0.1388
1083,409,1492,0.1388
1068,409,1477,0.1388
1078,418,1496,0.1388
1086,420,1506,0.1388
1078,426,1504,0.1388
1069,426,1495,0.1388
1065,428,1493,0.1388
1065,427,1492,0.1388
1064,428,1492,0.1388
1068,436,1504,0.1388
1062,433,1495,0.1388
1067,442,1509,0.1388
1060,449,1509,0.1388
1071,446,1517,0.1388
1069,453,1522,0.1388
1078,446,1524,0.1388
1069,448,1517,0.1388
1066,445,1511,0.1388
1073,441,1514,0.1388
1079,438,1517,0.1388
1070,440,1510,0.1388
1063,441,1504,0.1388
1057,445,1502,0.1388
1049,446,1495,0.1388
1052,447,1499,0.1388
1050,452,1502,0.1388
1046,442,1488,0.1388
1047,441,1488,0.1388
1033,444,1477,0.1388
1042,449,1491,0.1388
1036,451,1487,0.1388
1040,453,1493,0.1388
1043,448,1491,0.1388
1051,445,1496,0.1388
1050,451,1501,0.1388
1046,453,1499,0.1388
1046,445,1491,0.1388
1042,450,1492,0.1388
1054,451,1505,0.1388
1053,447,1500,0.1388
1044,448,1492,0.1388
1039,458,1497,0.1388
1038,451,1489,0.1388
1029,456,1485,0.1388
1036,455,1491,0.1388
1030,451,1481,0.1388
1037,450,1487,0.1388
1034,454,1488,0.1388
1048,461,1509,0.1388
1038,465,1503,0.1388
1031,466,1497,0.1388
1024,459,1483,0.1388
1036,460,1496,0.1388
1037,464,1501,0.1388
1022,457,1479,0.1388
1021,462,1483,0.1388
1026,469,1495,0.1388
1019,468,1487,0.1388
1023,469,1492,0.1388
1023,476,1499,0.1388
1029,469,1498,0.1388
1014,463,1477,0.1388
1016,461,1477,0.1388
1021,466,1487,0.1388
1030,469,1499,0.1388
1028,473,1501,0.1388
1026,477,1503,0.1388
1039,477,1516,0.1388
1038,479,1517,0.1388
1035,470,1505,0.1388
1022,462,1484,0.1388
1021,466,1487,0.1388
1018,467,1485,0.1388
1025,467,1492,0.1388
1025,469,1494,0.1388
1030,469,1499,0.1388
1035,464,1499,0.1388
1035,461,1496,0.1388
1041,463,1504,0.1388
1030,472,1502,0.1388
1039,470,1509,0.1388
1045,464,1509,0.1388
1050,457,1507,0.1388
1050,467,1517,0.1388
1040,472,1512,0.1388
1046,471,1517,0.1388
1036,467,1503,0.1388
1039,474,1513,0.1388
1034,463,1497,0.1388
1035,469,1504,0.1388
1019,470,1489,0.1388
1022,472,1494,0.1388
1016,470,1486,0.1388
1020,471,1491,0.1388
1037,477,1514,0.1388
1030,471,1501,0.1388
1029,471,1500,0.1388
1030,479,1509,0.1388
1021,483,1504,0.1388
1020,489,1509,0.1388
1008,493,1501,0.1388
1008,496,1504,0.1388
1008,493,1501,0.1388
1008,490,1498,0.1388
1009,495,1504,0.1388
1009,496,1505,0.1388
1019,493,1512,0.1388
1029,489,1518,0.1388
1026,494,1520,0.1388
1013,502,1515,0.1388
1004,497,1501,0.1388
1007,493,1500,0.1388
1008,491,1499,0.1388
997,492,1489,0.1388
1009,491,1500,0.1388
1009,482,1491,0.1388
1022,490,1512,0.1388
1013,492,1505,0.1388
1015,488,1503,0.1388
1015,486,1501,0.1388
1005,483,1488,0.1388
990,496,1486,0.1388
1005,493,1498,0.1388
1002,491,1493,0.1388
1003,491,1494,0.1388
999,491,1490,0.1388
994,489,1483,0.1388
995,495,1490,0.1388
997,502,1499,0.1388
999,503,1502,0.1388
1002,500,1502,0.1388
1005,508,1513,0.1388
1011,513,1524,0.1388
1013,506,1519,0.1388
995,512,1507,0.1388
993,510,1503,0.1388
983,514,1497,0.1388
988,507,1495,0.1388
1004,515,1519,0.1388
1002,520,1522,0.1388
991,526,1517,0.1388
977,528,1505,0.1388
977,524,1501,0.1388
980,526,1506,0.1388
978,529,1507,0.1388
983,528,1511,0.1388
990,522,1512,0.1388
994,517,1511,0.1388
979,521,1500,0.1388
976,518,1494,0.1388
977,526,1503,0.1388
975,528,1503,0.1388
976,533,1509,0.1388
966,534,1500,0.1388
960,533,1493,0.1388
962,536,1498,0.1388
951,535,1486,0.1388
957,528,1485,0.1388
970,536,1506,0.1388
974,537,1511,0.1388
978,539,1517,0.1388
978,532,1510,0.1388
965,543,1508,0.1388
950,539,1489,0.1388
957,548,1505,0.1388
960,551,1511,0.1388
968,546,1514,0.1388
955,546,1501,0.1388
956,556,1512,0.1388
945,549,1494,0.1388
938,556,1494,0.1388
931,549,1480,0.1388
943,546,1489,0.1388
940,546,1486,0.1388
945,541,1486,0.1388
940,536,1476,0.1388
946,548,1494,0.1388
944,552,1496,0.1388
948,548,1496,0.1388
946,552,1498,0.1388
941,550,1491,0.1388
945,549,1494,0.1388
923,548,1471,0.1388
930,548,1478,0.1388
926,554,1480,0.1388
931,563,1494,0.1388
939,565,1504,0.1388
934,559,1493,0.1388
934,575,1509,0.1388
920,575,1495,0.1388
925,571,1496,0.1388
930,570,1500,0.1388
933,570,1503,0.1388
925,574,1499,0.1388
928,577,1505,0.1388
926,576,1502,0.1388
930,582,1512,0.1388
934,569,1503,0.1388
932,571,1503,0.1388
931,571,1502,0.1388
933,566,1499,0.1388
925,559,1484,0.1388
920,570,1490,0.1388
923,578,1501,0.1388
932,584,1516,0.1388
928,583,1511,0.1388
928,589,1517,0.1388
932,575,1507,0.1388
927,576,1503,0.1388
925,582,1507,0.1388
913,583,1496,0.1388
928,579,1507,0.1388
914,583,1497,0.1388
906,578,1484,0.1388
907,586,1493,0.1388
898,585,1483,0.1388
890,580,1470,0.1388
895,582,1477,0.1388
891,594,1485,0.1388
883,594,1477,0.1388
878,604,1482,0.1388
895,594,1489,0.1388
893,603,1496,0.1388
896,607,1503,0.1388
898,607,1505,0.1388
901,601,1502,0.1388
894,609,1503,0.1388
889,608,1497,0.1388
891,613,1504,0.1388
892,607,1499,0.1388
887,610,1497,0.1388
884,614,1498,0.1388
892,614,1506,0.1388
887,612,1499,0.1388
892,626,1518,0.1388
886,624,1510,0.1388
872,630,1502,0.1388
875,630,1505,0.1388
873,623,1496,0.1388
875,610,1485,0.1388
879,604,1483,0.1388
894,606,1500,0.1388
895,606,1501,0.1388
898,610,1508,0.1388
899,611,1510,0.1388
906,604,1510,0.1388
902,608,1510,0.1388
901,612,1513,0.1388
900,621,1521,0.1388
900,620,1520,0.1388
879,615,1494,0.1388
886,618,1504,0.1388
881,620,1501,0.1388
877,619,1496,0.1388
865,623,1488,0.1388
875,614,1489,0.1388
867,615,1482,0.1388
874,616,1490,0.1388
865,617,1482,0.1388
859,620,1479,0.1388
868,629,1497,0.1388
871,637,1508,0.1388
864,625,1489,0.1388
877,624,1501,0.1388
883,631,1514,0.1388
875,629,1504,0.1388
886,632,1518,0.1388
875,630,1505,0.1388
886,629,1515,0.1388
886,627,1513,0.1388
883,625,1508,0.1388
879,624,1503,0.1388
880,625,1505,0.1388
868,636,1504,0.1388
864,639,1503,0.1388
875,635,1510,0.1388
862,634,1496,0.1388
854,634,1488,0.1388
859,633,1492,0.1388
860,632,1492,0.1388
866,648,1514,0.1388
864,645,1509,0.1388
862,642,1504,0.1388
857,635,1492,0.1388
872,640,1512,0.1388
867,640,1507,0.1388
860,649,1509,0.1388
855,654,1509,0.1388
856,639,1495,0.1388
852,635,1487,0.1388
857,638,1495,0.1388
867,642,1509,0.1388
861,641,1502,0.1388
851,646,1497,0.1388
850,643,1493,0.1388
849,649,1498,0.1388
852,645,1497,0.1388
862,635,1497,0.1388
859,647,1506,0.1388
867,649,1516,0.1388
865,645,1510,0.1388
865,635,1500,0.1388
871,635,1506,0.1388
870,635,1505,0.1388
872,637,1509,0.1388
860,640,1500,0.1388
870,646,1516,0.1388
871,648,1519,0.1388
854,641,1495,0.1388
861,637,1498,0.1388
861,644,1505,0.1388
856,646,1502,0.1388
856,651,1507,0.1388
857,655,1512,0.1388
853,650,1503,0.1388
858,651,1509,0.1388
847,649,1496,0.1388
868,651,1519,0.1388
869,662,1531,0.1388
864,658,1522,0.1388
853,660,1513,0.1388
855,671,1526,0.1388
844,670,1514,0.1388
839,676,1515,0.1388
844,676,1520,0.1388
843,678,1521,0.1388
825,684,1509,0.1388
819,687,1506,0.1388
823,689,1512,0.1388
816,692,1508,0.1388
794,691,1485,0.1388
787,695,1482,0.1388
790,683,1473,0.1388
796,689,1485,0.1388
796,695,1491,0.1388
794,700,1494,0.1388
796,695,1491,0.1388
792,699,1491,0.1388
792,704,1496,0.1388
797,689,1486,0.1388
798,694,1492,0.1388
806,698,1504,0.1388
797,712,1509,0.1388
801,704,1505,0.1388
804,706,1510,0.1388
806,701,1507,0.1388
803,703,1506,0.1388
805,698,1503,0.1388
804,705,1509,0.1388
797,714,1511,0.1388
799,711,1510,0.1388
794,717,1511,0.1388
783,718,1501,0.1388
786,721,1507,0.1388
796,716,1512,0.1388
795,716,1511,0.1388
798,711,1509,0.1388
792,715,1507,0.1388
795,721,1516,0.1388
791,716,1507,0.1388
779,718,1497,0.1388
775,722,1497,0.1388
781,728,1509,0.1388
779,720,1499,0.1388
775,725,1500,0.1388
768,727,1495,0.1388
765,725,1490,0.1388
768,726,1494,0.1388
771,720,1491,0.1388
770,718,1488,0.1388
768,720,1488,0.1388
769,734,1503,0.1388
770,744,1514,0.1388
776,734,1510,0.1388
780,731,1511,0.1388
784,726,1510,0.1388
784,723,1507,0.1388
777,724,1501,0.1388
777,729,1506,0.1388
774,732,1506,0.1388
769,735,1504,0.1388
777,732,1509,0.1388
770,731,1501,0.1388
771,720,1491,0.1388
776,726,1502,0.1388
776,731,1507,0.1388
778,732,1510,0.1388
771,734,1505,0.1388
776,732,1508,0.1388
780,728,1508,0.1388
787,730,1517,0.1388
777,731,1508,0.1388
781,729,1510,0.1388
782,736,1518,0.1388
770,741,1511,0.1388
774,737,1511,0.1388
764,738,1502,0.1388
760,742,1502,0.1388
752,742,1494,0.1388
763,747,1510,0.1388
769,741,1510,0.1388
761,740,1501,0.1388
763,739,1502,0.1388
769,739,1508,0.1388
773,742,1515,0.1388
771,743,1514,0.1388
769,744,1513,0.1388
772,755,1527,0.1388
768,757,1525,0.1388
761,755,1516,0.1388
758,756,1514,0.1388
754,760,1514,0.1388
749,755,1504,0.1388
742,751,1493,0.1388
740,745,1485,0.1388
734,754,1488,0.1388
747,763,1510,0.1388
739,764,1503,0.1388
747,764,1511,0.1388
751,765,1516,0.1388
752,766,1518,0.1388
766,758,1524,0.1388
758,752,1510,0.1388
757,763,1520,0.1388
748,769,1517,0.1388
743,772,1515,0.1388
738,772,1510,0.1388
731,775,1506,0.1388
725,757,1482,0.1388
723,752,1475,0.1388
732,768,1500,0.1388
731,768,1499,0.1388
735,767,1502,0.1388
742,759,1501,0.1388
744,779,1523,0.1388
748,772,1520,0.1388
748,768,1516,0.1388
746,767,1513,0.1388
746,763,1509,0.1388
733,768,1501,0.1388
723,768,1491,0.1388
716,772,1488,0.1388
722,772,1494,0.1388
723,772,1495,0.1388
720,768,1488,0.1388
726,769,1495,0.1388
720,766,1486,0.1388
720,780,1500,0.1388
733,769,1502,0.1388
725,773,1498,0.1388
723,780,1503,0.1388
726,782,1508,0.1388
723,795,1518,0.1388
724,793,1517,0.1388
727,796,1523,0.1388
725,801,1526,0.1388
726,800,1526,0.1388
733,808,1541,0.1388
731,807,1538,0.1388
728,792,1520,0.1388
732,789,1521,0.1388
730,787,1517,0.1388
720,791,1511,0.1388
722,795,1517,0.1388
719,791,1510,0.1388
712,791,1503,0.1388
712,800,1512,0.1388
711,792,1503,0.1388
713,793,1506,0.1388
711,795,1506,0.1388
721,796,1517,0.1388
711,797,1508,0.1388
716,798,1514,0.1388
707,805,1512,0.1388
710,796,1506,0.1388
699,804,1503,0.1388
701,812,1513,0.1388
702,815,1517,0.1388
697,822,1519,0.1388
696,820,1516,0.1388
693,825,1518,0.1388
693,819,1512,0.1388
695,816,1511,0.1388
685,817,1502,0.1388
681,812,1493,0.1388
679,821,1500,0.1388
672,821,1493,0.1388
672,830,1502,0.1388
674,833,1507,0.1388
666,829,1495,0.1388
659,828,1487,0.1388
664,831,1495,0.1388
667,831,1498,0.1388
656,833,1489,0.1388
665,833,1498,0.1388
662,837,1499,0.1388
664,831,1495,0.1388
671,831,1502,0.1388
668,834,1502,0.1388
667,832,1499,0.1388
664,840,1504,0.1388
673,843,1516,0.1388
678,842,1520,0.1388
668,854,1522,0.1388
669,857,1526,0.1388
665,855,1520,0.1388
659,868,1527,0.1388
655,856,1511,0.1388
659,847,1506,0.1388
662,845,1507,0.1388
660,846,1506,0.1388
661,863,1524,0.1388
661,858,1519,0.1388
665,857,1522,0.1388
654,858,1512,0.1388
646,842,1488,0.1388
648,852,1500,0.1388
640,843,1483,0.1388
634,843,1477,0.1388
638,835,1473,0.1388
627,851,1478,0.1388
637,864,1501,0.1388
638,862,1500,0.1388
628,872,1500,0.1388
630,878,1508,0.1388
635,874,1509,0.1388
629,874,1503,0.1388
622,879,1501,0.1388
611,885,1496,0.1388
620,885,1505,0.1388
612,885,1497,0.1388
620,883,1503,0.1388
615,877,1492,0.1388
611,888,1499,0.1388
610,887,1497,0.1388
601,889,1490,0.1388
604,887,1491,0.1388
610,891,1501,0.1388
613,896,1509,0.1388
622,900,1522,0.1388
625,904,1529,0.1388
618,903,1521,0.1388
616,908,1524,0.1388
618,899,1517,0.1388
616,897,1513,0.1388
618,901,1519,0.1388
612,895,1507,0.1388
623,898,1521,0.1388
612,899,1511,0.1388
610,903,1513,0.1388
607,891,1498,0.1388
608,885,1493,0.1388
612,894,1506,0.1388
607,903,1510,0.1388
600,906,1506,0.1388
602,901,1503,0.1388
601,900,1501,0.1388
602,907,1509,0.1388
609,904,1513,0.1388
595,905,1500,0.1388
604,900,1504,0.1388
600,905,1505,0.1388
599,914,1513,0.1388
603,912,1515,0.1388
604,907,1511,0.1388
602,899,1501,0.1388
601,900,1501,0.1388
598,894,1492,0.1388
603,908,1511,0.1388
604,903,1507,0.1388
605,911,1516,0.1388
594,917,1511,0.1388
596,916,1512,0.1388
605,925,1530,0.1388
594,922,1516,0.1388
592,918,1510,0.1388
593,919,1512,0.1388
598,916,1514,0.1388
604,912,1516,0.1388
598,907,1505,0.1388
591,913,1504,0.1388
582,919,1501,0.1388
584,921,1505,0.1388
593,925,1518,0.1388
586,925,1511,0.1388
581,929,1510,0.1388
573,937,1510,0.1388
570,938,1508,0.1388
564,930,1494,0.1388
572,939,1511,0.1388
576,934,1510,0.1388
576,935,1511,0.1388
574,946,1520,0.1388
582,941,1523,0.1388
577,947,1524,0.1388
570,945,1515,0.1388
575,944,1519,0.1388
564,945,1509,0.1388
567,942,1509,0.1388
565,940,1505,0.1388
560,952,1512,0.1388
565,948,1513,0.1388
553,949,1502,0.1388
556,961,1517,0.1388
555,965,1520,0.1388
553,975,1528,0.1388
550,971,1521,0.1388
537,970,1507,0.1388
544,967,1511,0.1388
540,961,1501,0.1388
533,964,1497,0.1388
532,981,1513,0.1388
529,986,1515,0.1388
535,989,1524,0.1388
541,989,1530,0.1388
535,977,1512,0.1388
533,979,1512,0.1388
522,972,1494,0.1388
524,978,1502,0.1388
516,991,1507,0.1388
517,987,1504,0.1388
522,987,1509,0.1388
524,974,1498,0.1388
523,988,1511,0.1388
523,987,1510,0.1388
529,987,1516,0.1388
525,989,1514,0.1388
520,1003,1523,0.1388
520,996,1516,0.1388
512,1000,1512,0.1388
513,998,1511,0.1388
505,1000,1505,0.1388
512,986,1498,0.1388
514,986,1500,0.1388
515,981,1496,0.1388
523,987,1510,0.1388
523,988,1511,0.1388
518,1007,1525,0.1388
514,1005,1519,0.1388
514,994,1508,0.1388
512,1006,1518,0.1388
505,1002,1507,0.1388
510,1003,1513,0.1388
507,995,1502,0.1388
501,1004,1505,0.1388
500,1008,1508,0.1388
505,1008,1513,0.1388
503,1008,1511,0.1388
508,1006,1514,0.1388
509,1016,1525,0.1388
507,1009,1516,0.1388
507,1004,1511,0.1388
509,1001,1510,0.1388
516,1005,1521,0.1388
509,1008,1517,0.1388
503,1005,1508,0.1388
506,1009,1515,0.1388
496,1008,1504,0.1388
497,993,1490,0.1388
509,1003,1512,0.1388
504,1004,1508,0.1388
512,1002,1514,0.1388
515,999,1514,0.1388
502,1000,1502,0.1388
509,1004,1513,0.1388
508,1008,1516,0.1388
509,1007,1516,0.1388
502,996,1498,0.1388
509,1002,1511,0.1388
510,996,1506,0.1388
508,1000,1508,0.1388
507,992,1499,0.1388
510,999,1509,0.1388
508,1003,1511,0.1388
503,1012,1515,0.1388
499,1015,1514,0.1388
494,1014,1508,0.1388
490,1010,1500,0.1388
490,1013,1503,0.1388
488,1016,1504,0.1388
490,1009,1499,0.1388
487,1013,1500,0.1388
490,1012,1502,0.1388
489,1018,1507,0.1388
491,1018,1509,0.1388
483,1011,1494,0.1388
483,1012,1495,0.1388
489,1013,1502,0.1388
489,1021,1510,0.1388
482,1020,1502,0.1388
488,1014,1502,0.1388
484,1013,1497,0.1388
482,1024,1506,0.1388
482,1025,1507,0.1388
483,1036,1519,0.1388
483,1038,1521,0.1388
485,1042,1527,0.1388
480,1037,1517,0.1388
477,1041,1518,0.1388
469,1047,1516,0.1388
471,1045,1516,0.1388
460,1046,1506,0.1388
451,1052,1503,0.1388
452,1040,1492,0.1388
451,1053,1504,0.1388
454,1062,1516,0.1388
458,1053,1511,0.1388
448,1049,1497,0.1388
446,1062,1508,0.1388
450,1061,1511,0.1388
445,1055,1500,0.1388
438,1063,1501,0.1388
452,1045,1497,0.1388
445,1048,1493,0.1388
451,1055,1506,0.1388
450,1050,1500,0.1388
457,1040,1497,0.1388
454,1039,1493,0.1388
459,1037,1496,0.1388
462,1042,1504,0.1388
466,1044,1510,0.1388
461,1055,1516,0.1388
458,1067,1525,0.1388
456,1059,1515,0.1388
458,1052,1510,0.1388
457,1061,1518,0.1388
455,1055,1510,0.1388
451,1056,1507,0.1388
447,1048,1495,0.1388
443,1049,1492,0.1388
446,1062,1508,0.1388
441,1070,1511,0.1388
442,1075,1517,0.1388
446,1075,1521,0.1388
442,1081,1523,0.1388
432,1076,1508,0.1388
435,1077,1512,0.1388
430,1073,1503,0.1388
435,1078,1513,0.1388
432,1082,1514,0.1388
438,1075,1513,0.1388
445,1074,1519,0.1388
447,1070,1517,0.1388
444,1073,1517,0.1388
443,1074,1517,0.1388
439,1069,1508,0.1388
444,1065,1509,0.1388
441,1055,1496,0.1388
443,1066,1509,0.1388
439,1069,1508,0.1388
442,1071,1513,0.1388
439,1069,1508,0.1388
433,1073,1506,0.1388
432,1065,1497,0.1388
430,1059,1489,0.1388
433,1068,1501,0.1388
432,1071,1503,0.1388
430,1076,1506,0.1388
424,1076,1500,0.1388
430,1078,1508,0.1388
421,1086,1507,0.1388
417,1095,1512,0.1388
416,1087,1503,0.1388
405,1096,1501,0.1388
406,1088,1494,0.1388
409,1095,1504,0.1388
407,1087,1494,0.1388
406,1098,1504,0.1388
402,1108,1510,0.1388
402,1104,1506,0.1388
407,1103,1510,0.1388
411,1091,1502,0.1388
412,1078,1490,0.1388
420,1093,1513,0.1388
412,1104,1516,0.1388
423,1106,1529,0.1388
417,1107,1524,0.1388
417,1114,1531,0.1388
416,1106,1522,0.1388
410,1100,1510,0.1388
409,1109,1518,0.1388
411,1108,1519,0.1388
408,1103,1511,0.1388
402,1115,1517,0.1388
395,1116,1511,0.1388
394,1115,1509,0.1388
395,1122,1517,0.1388
388,1134,1522,0.1388
389,1128,1517,0.1388
394,1120,1514,0.1388
401,1107,1508,0.1388
398,1117,1515,0.1388
397,1106,1503,0.1388
394,1105,1499,0.1388
388,1107,1495,0.1388
385,1122,1507,0.1388
382,1116,1498,0.1388
383,1116,1499,0.1388
383,1129,1512,0.1388
383,1129,1512,0.1388
387,1128,1515,0.1388
391,1115,1506,0.1388
386,1114,1500,0.1388
390,1114,1504,0.1388
381,1116,1497,0.1388
381,1117,1498,0.1388
375,1118,1493,0.1388
376,1128,1504,0.1388
379,1132,1511,0.1388
375,1126,1501,0.1388
371,1135,1506,0.1388
369,1135,1504,0.1388
372,1139,1511,0.1388
370,1152,1522,0.1388
368,1153,1521,0.1388
369,1148,1517,0.1388
375,1148,1523,0.1388
370,1143,1513,0.1388
369,1140,1509,0.1388
367,1150,1517,0.1388
367,1156,1523,0.1388
370,1154,1524,0.1388
369,1149,1518,0.1388
366,1152,1518,0.1388
370,1146,1516,0.1388
366,1152,1518,0.1388
360,1152,1512,0.1388
364,1152,1516,0.1388
357,1161,1518,0.1388
355,1159,1514,0.1388
352,1157,1509,0.1388
357,1155,1512,0.1388
353,1165,1518,0.1388
357,1157,1514,0.1388
357,1156,1513,0.1388
357,1152,1509,0.1388
356,1160,1516,0.1388
358,1142,1500,0.1388
355,1148,1503,0.1388
354,1143,1497,0.1388
349,1155,1504,0.1388
348,1154,1502,0.1388
348,1160,1508,0.1388
355,1156,1511,0.1388
351,1164,1515,0.1388
348,1155,1503,0.1388
350,1157,1507,0.1388
345,1174,1519,0.1388
342,1175,1517,0.1388
337,1178,1515,0.1388
338,1172,1510,0.1388
337,1169,1506,0.1388
340,1161,1501,0.1388
342,1162,1504,0.1388
341,1157,1498,0.1388
346,1167,1513,0.1388
349,1169,1518,0.1388
349,1165,1514,0.1388
344,1162,1506,0.1388
344,1174,1518,0.1388
347,1175,1522,0.1388
346,1175,1521,0.1388
339,1178,1517,0.1388
332,1167,1499,0.1388
332,1172,1504,0.1388
328,1174,1502,0.1388
324,1182,1506,0.1388
310,1184,1494,0.1388
316,1188,1504,0.1388
321,1183,1504,0.1388
307,1189,1496,0.1388
306,1204,1510,0.1388
301,1200,1501,0.1388
304,1202,1506,0.1388
307,1196,1503,0.1388
302,1214,1516,0.1388
297,1226,1523,0.1388
290,1224,1514,0.1388
294,1222,1516,0.1388
295,1233,1528,0.1388
299,1220,1519,0.1388
297,1219,1516,0.1388
295,1222,1517,0.1388
295,1234,1529,0.1388
296,1231,1527,0.1388
297,1227,1524,0.1388
294,1231,1525,0.1388
297,1233,1530,0.1388
296,1228,1524,0.1388
297,1220,1517,0.1388
296,1218,1514,0.1388
296,1218,1514,0.1388
291,1217,1508,0.1388
288,1219,1507,0.1388
287,1213,1500,0.1388
283,1200,1483,0.1388
292,1210,1502,0.1388
286,1229,1515,0.1388
281,1225,1506,0.1388
279,1229,1508,0.1388
278,1223,1501,0.1388
277,1222,1499,0.1388
278,1225,1503,0.1388
277,1223,1500,0.1388
281,1240,1521,0.1388
280,1231,1511,0.1388
284,1236,1520,0.1388
278,1236,1514,0.1388
280,1237,1517,0.1388
279,1232,1511,0.1388
274,1225,1499,0.1388
268,1237,1505,0.1388
271,1228,1499,0.1388
276,1214,1490,0.1388
276,1219,1495,0.1388
281,1224,1505,0.1388
283,1213,1496,0.1388
284,1221,1505,0.1388
282,1227,1509,0.1388
283,1230,1513,0.1388
286,1224,1510,0.1388
280,1225,1505,0.1388
280,1219,1499,0.1388
280,1218,1498,0.1388
279,1228,1507,0.1388
274,1232,1506,0.1388
275,1238,1513,0.1388
275,1242,1517,0.1388
272,1236,1508,0.1388
276,1227,1503,0.1388
274,1241,1515,0.1388
275,1243,1518,0.1388
274,1251,1525,0.1388
270,1240,1510,0.1388
270,1257,1527,0.1388
263,1245,1508,0.1388
262,1256,1518,0.1388
262,1249,1511,0.1388
257,1249,1506,0.1388
260,1248,1508,0.1388
264,1244,1508,0.1388
263,1255,1518,0.1388
262,1261,1523,0.1388
260,1260,1520,0.1388
252,1254,1506,0.1388
254,1250,1504,0.1388
251,1253,1504,0.1388
252,1249,1501,0.1388
258,1237,1495,0.1388
263,1243,1506,0.1388
264,1240,1504,0.1388
263,1233,1496,0.1388
263,1241,1504,0.1388
270,1240,1510,0.1388
276,1241,1517,0.1388
273,1240,1513,0.1388
270,1242,1512,0.1388
271,1235,1506,0.1388
264,1232,1496,0.1388
269,1255,1524,0.1388
272,1244,1516,0.1388
270,1234,1504,0.1388
269,1236,1505,0.1388
276,1247,1523,0.1388
276,1245,1521,0.1388
271,1250,1521,0.1388
277,1237,1514,0.1388
274,1224,1498,0.1388
278,1230,1508,0.1388
275,1216,1491,0.1388
276,1220,1496,0.1388
272,1242,1514,0.1388
270,1244,1514,0.1388
268,1255,1523,0.1388
260,1249,1509,0.1388
261,1258,1519,0.1388
260,1263,1523,0.1388
258,1262,1520,0.1388
261,1263,1524,0.1388
259,1250,1509,0.1388
256,1256,1512,0.1388
259,1254,1513,0.1388
254,1252,1506,0.1388
255,1245,1500,0.1388
258,1252,1510,0.1388
255,1261,1516,0.1388
253,1257,1510,0.1388
252,1263,1515,0.1388
254,1258,1512,0.1388
250,1268,1518,0.1388
250,1276,1526,0.1388
252,1265,1517,0.1388
250,1256,1506,0.1388
250,1273,1523,0.1388
251,1267,1518,0.1388
252,1268,1520,0.1388
255,1265,1520,0.1388
261,1262,1523,0.1388
255,1265,1520,0.1388
256,1264,1520,0.1388
255,1262,1517,0.1388
254,1269,1523,0.1388
256,1279,1535,0.1388
259,1269,1528,0.1388
261,1265,1526,0.1388
254,1267,1521,0.1388
254,1257,1511,0.1388
252,1255,1507,0.1388
252,1264,1516,0.1388
253,1265,1518,0.1388
251,1257,1508,0.1388
252,1249,1501,0.1388
253,1262,1515,0.1388
252,1264,1516,0.1388
248,1281,1529,0.1388
255,1272,1527,0.1388
256,1269,1525,0.1388
257,1266,1523,0.1388
258,1265,1523,0.1388
261,1252,1513,0.1388
261,1241,1502,0.1388
261,1249,1510,0.1388
264,1259,1523,0.1388
261,1266,1527,0.1388
265,1265,1530,0.1388
258,1259,1517,0.1388
255,1252,1507,0.1388
258,1252,1510,0.1388
254,1248,1502,0.1388
253,1258,1511,0.1388
256,1260,1516,0.1388
251,1264,1515,0.1388
246,1260,1506,0.1388
240,1267,1507,0.1388
240,1264,1504,0.1388
237,1278,1515,0.1388
238,1284,1522,0.1388
238,1284,1522,0.1388
239,1279,1518,0.1388
232,1275,1507,0.1388
229,1276,1505,0.1388
229,1280,1509,0.1388
231,1297,1528,0.1388
226,1294,1520,0.1388
229,1295,1524,0.1388
229,1296,1525,0.1388
228,1299,1527,0.1388
230,1290,1520,0.1388
227,1300,1527,0.1388
225,1295,1520,0.1388
219,1304,1523,0.1388
219,1301,1520,0.1388
217,1298,1515,0.1388
218,1294,1512,0.1388
220,1297,1517,0.1388
221,1297,1518,0.1388
220,1293,1513,0.1388
219,1289,1508,0.1388
222,1289,1511,0.1388
220,1294,1514,0.1388
223,1295,1518,0.1388
229,1289,1518,0.1388
223,1277,1500,0.1388
220,1284,1504,0.1388
216,1287,1503,0.1388
211,1291,1502,0.1388
218,1295,1513,0.1388
215,1296,1511,0.1388
216,1290,1506,0.1388
220,1282,1502,0.1388
223,1291,1514,0.1388
220,1297,1517,0.1388
219,1298,1517,0.1388
216,1290,1506,0.1388
217,1293,1510,0.1388
221,1291,1512,0.1388
221,1298,1519,0.1388
221,1276,1497,0.1388
224,1287,1511,0.1388
225,1282,1507,0.1388
221,1288,1509,0.1388
221,1294,1515,0.1388
221,1291,1512,0.1388
221,1293,1514,0.1388
227,1294,1521,0.1388
229,1298,1527,0.1388
223,1288,1511,0.1388
224,1281,1505,0.1388
224,1291,1515,0.1388
223,1301,1524,0.1388
229,1291,1520,0.1388
230,1294,1524,0.1388
227,1282,1509,0.1388
219,1290,1509,0.1388
220,1294,1514,0.1388
221,1300,1521,0.1388
217,1312,1529,0.1388
218,1307,1525,0.1388
218,1294,1512,0.1388
217,1297,1514,0.1388
220,1289,1509,0.1388
224,1304,1528,0.1388
216,1306,1522,0.1388
216,1300,1516,0.1388
214,1300,1514,0.1388
220,1293,1513,0.1388
213,1289,1502,0.1388
213,1272,1485,0.1388
216,1277,1493,0.1388
215,1271,1486,0.1388
218,1274,1492,0.1388
217,1281,1498,0.1388
222,1286,1508,0.1388
225,1288,1513,0.1388
222,1285,1507,0.1388
225,1285,1510,0.1388
226,1300,1526,0.1388
225,1292,1517,0.1388
224,1299,1523,0.1388
226,1288,1514,0.1388
229,1291,1520,0.1388
227,1296,1523,0.1388
226,1298,1524,0.1388
223,1284,1507,0.1388
220,1289,1509,0.1388
216,1297,1513,0.1388
216,1298,1514,0.1388
211,1299,1510,0.1388
206,1300,1506,0.1388
202,1292,1494,0.1388
200,1307,1507,0.1388
202,1306,1508,0.1388
200,1287,1487,0.1388
205,1289,1494,0.1388
206,1307,1513,0.1388
204,1308,1512,0.1388
205,1311,1516,0.1388
211,1310,1521,0.1388
211,1312,1523,0.1388
207,1311,1518,0.1388
201,1324,1525,0.1388
198,1324,1522,0.1388
202,1321,1523,0.1388
203,1320,1523,0.1388
199,1310,1509,0.1388
193,1302,1495,0.1388
196,1305,1501,0.1388
202,1296,1498,0.1388
204,1306,1510,0.1388
203,1303,1506,0.1388
204,1304,1508,0.1388
205,1314,1519,0.1388
199,1310,1509,0.1388
196,1311,1507,0.1388
197,1309,1506,0.1388
198,1314,1512,0.1388
202,1320,1522,0.1388
196,1329,1525,0.1388
197,1312,1509,0.1388
195,1318,1513,0.1388
191,1320,1511,0.1388
191,1326,1517,0.1388
189,1316,1505,0.1388
192,1321,1513,0.1388
195,1326,1521,0.1388
192,1326,1518,0.1388
191,1328,1519,0.1388
190,1335,1525,0.1388
189,1327,1516,0.1388
188,1329,1517,0.1388
190,1332,1522,0.1388
190,1336,1526,0.1388
187,1326,1513,0.1388
183,1322,1505,0.1388
187,1327,1514,0.1388
184,1327,1511,0.1388
186,1330,1516,0.1388
187,1328,1515,0.1388
187,1342,1529,0.1388
184,1352,1536,0.1388
187,1345,1532,0.1388
184,1342,1526,0.1388
181,1343,1524,0.1388
179,1333,1512,0.1388
177,1335,1512,0.1388
176,1340,1516,0.1388
178,1342,1520,0.1388
176,1346,1522,0.1388
178,1341,1519,0.1388
180,1339,1519,0.1388
177,1338,1515,0.1388
180,1341,1521,0.1388
183,1342,1525,0.1388
178,1339,1517,0.1388
178,1327,1505,0.1388
178,1335,1513,0.1388
181,1336,1517,0.1388
180,1344,1524,0.1388
179,1330,1509,0.1388
177,1338,1515,0.1388
173,1345,1518,0.1388
172,1349,1521,0.1388
172,1348,1520,0.1388
174,1355,1529,0.1388
173,1356,1529,0.1388
174,1338,1512,0.1388
171,1347,1518,0.1388
167,1345,1512,0.1388
165,1349,1514,0.1388
167,1340,1507,0.1388
164,1336,1500,0.1388
169,1331,1500,0.1388
169,1338,1507,0.1388
172,1342,1514,0.1388
167,1353,1520,0.1388
166,1350,1516,0.1388
165,1354,1519,0.1388
166,1343,1509,0.1388
166,1343,1509,0.1388
165,1347,1512,0.1388
166,1341,1507,0.1388
160,1346,1506,0.1388
157,1342,1499,0.1388
162,1340,1502,0.1388
159,1350,1509,0.1388
161,1355,1516,0.1388
161,1349,1510,0.1388
160,1354,1514,0.1388
160,1351,1511,0.1388
154,1358,1512,0.1388
154,1353,1507,0.1388
155,1352,1507,0.1388
152,1342,1494,0.1388
154,1357,1511,0.1388
152,1350,1502,0.1388
152,1356,1508,0.1388
153,1357,1510,0.1388
155,1369,1524,0.1388
152,1372,1524,0.1388
153,1371,1524,0.1388
150,1365,1515,0.1388
146,1359,1505,0.1388
147,1367,1514,0.1388
142,1370,1512,0.1388
145,1366,1511,0.1388
142,1371,1513,0.1388
140,1383,1523,0.1388
141,1371,1512,0.1388
143,1365,1508,0.1388
143,1387,1530,0.1388
138,1387,1525,0.1388
132,1389,1521,0.1388
139,1378,1517,0.1388
137,1369,1506,0.1388
137,1371,1508,0.1388
139,1366,1505,0.1388
137,1379,1516,0.1388
134,1378,1512,0.1388
136,1383,1519,0.1388
139,1390,1529,0.1388
141,1386,1527,0.1388
137,1376,1513,0.1388
138,1377,1515,0.1388
143,1380,1523,0.1388
139,1386,1525,0.1388
140,1383,1523,0.1388
142,1366,1508,0.1388
136,1367,1503,0.1388
143,1364,1507,0.1388
141,1365,1506,0.1388
140,1370,1510,0.1388
140,1379,1519,0.1388
143,1379,1522,0.1388
139,1372,1511,0.1388
137,1373,1510,0.1388
135,1364,1499,0.1388
138,1384,1522,0.1388
139,1393,1532,0.1388
136,1388,1524,0.1388
138,1381,1519,0.1388
135,1373,1508,0.1388
134,1369,1503,0.1388
134,1371,1505,0.1388
128,1373,1501,0.1388
126,1379,1505,0.1388
125,1391,1516,0.1388
123,1380,1503,0.1388
126,1393,1519,0.1388
127,1389,1516,0.1388
131,1387,1518,0.1388
132,1380,1512,0.1388
127,1384,1511,0.1388
126,1373,1499,0.1388
131,1370,1501,0.1388
133,1379,1512,0.1388
135,1377,1512,0.1388
135,1385,1520,0.1388
133,1384,1517,0.1388
132,1383,1515,0.1388
134,1378,1512,0.1388
136,1386,1522,0.1388
136,1378,1514,0.1388
141,1374,1515,0.1388
140,1366,1506,0.1388
137,1366,1503,0.1388
134,1373,1507,0.1388
132,1372,1504,0.1388
131,1374,1505,0.1388
132,1361,1493,0.1388
135,1368,1503,0.1388
134,1365,1499,0.1388
132,1368,1500,0.1388
126,1365,1491,0.1388
128,1379,1507,0.1388
129,1382,1511,0.1388
130,1387,1517,0.1388
132,1386,1518,0.1388
134,1390,1524,0.1388
131,1394,1525,0.1388
130,1396,1526,0.1388
130,1414,1544,0.1388
122,1404,1526,0.1388
123,1393,1516,0.1388
126,1397,1523,0.1388
123,1388,1511,0.1388
122,1386,1508,0.1388
121,1394,1515,0.1388
119,1395,1514,0.1388
121,1401,1522,0.1388
120,1405,1525,0.1388
121,1399,1520,0.1388
116,1387,1503,0.1388
119,1399,1518,0.1388
120,1404,1524,0.1388
121,1399,1520,0.1388
121,1390,1511,0.1388
119,1398,1517,0.1388
116,1392,1508,0.1388
118,1404,1522,0.1388
117,1396,1513,0.1388
119,1396,1515,0.1388
123,1398,1521,0.1388
119,1396,1515,0.1388
115,1398,1513,0.1388
120,1401,1521,0.1388
115,1392,1507,0.1388
115,1395,1510,0.1388
113,1398,1511,0.1388
115,1407,1522,0.1388
112,1416,1528,0.1388
113,1419,1532,0.1388
111,1420,1531,0.1388
111,1421,1532,0.1388
110,1402,1512,0.1388
110,1416,1526,0.1388
108,1410,1518,0.1388
106,1404,1510,0.1388
103,1400,1503,0.1388
104,1394,1498,0.1388
107,1403,1510,0.1388
107,1406,1513,0.1388
108,1405,1513,0.1388
111,1393,1504,0.1388
110,1398,1508,0.1388
112,1402,1514,0.1388
113,1409,1522,0.1388
114,1407,1521,0.1388
112,1415,1527,0.1388
112,1407,1519,0.1388
109,1400,1509,0.1388
109,1388,1497,0.1388
110,1391,1501,0.1388
105,1399,1504,0.1388
109,1399,1508,0.1388
108,1397,1505,0.1388
108,1402,1510,0.1388
109,1397,1506,0.1388
107,1404,1511,0.1388
110,1406,1516,0.1388
105,1404,1509,0.1388
105,1411,1516,0.1388
108,1414,1522,0.1388
107,1419,1526,0.1388
107,1427,1534,0.1388
107,1419,1526,0.1388
109,1409,1518,0.1388
104,1398,1502,0.1388
106,1405,1511,0.1388
106,1399,1505,0.1388
107,1393,1500,0.1388
108,1401,1509,0.1388
103,1399,1502,0.1388
104,1409,1513,0.1388
103,1414,1517,0.1388
102,1416,1518,0.1388
101,1413,1514,0.1388
97,1425,1522,0.1388
95,1421,1516,0.1388
99,1415,1514,0.1388
102,1431,1533,0.1388
100,1425,1525,0.1388
98,1413,1511,0.1388
95,1420,1515,0.1388
95,1418,1513,0.1388
95,1411,1506,0.1388
95,1417,1512,0.1388
97,1414,1511,0.1388
97,1428,1525,0.1388
97,1413,1510,0.1388
97,1418,1515,0.1388
96,1421,1517,0.1388
95,1421,1516,0.1388
96,1425,1521,0.1388
94,1425,1519,0.1388
97,1411,1508,0.1388
96,1411,1507,0.1388
95,1407,1502,0.1388
94,1405,1499,0.1388
92,1402,1494,0.1388
95,1421,1516,0.1388
96,1423,1519,0.1388
94,1427,1521,0.1388
92,1418,1510,0.1388
91,1420,1511,0.1388
89,1434,1523,0.1388
85,1438,1523,0.1388
82,1434,1516,0.1388
80,1440,1520,0.1388
78,1440,1518,0.1388
79,1436,1515,0.1388
80,1441,1521,0.1388
79,1440,1519,0.1388
78,1442,1520,0.1388
81,1455,1536,0.1388
82,1449,1531,0.1388
77,1455,1532,0.1388
76,1448,1524,0.1388
75,1432,1507,0.1388
77,1417,1494,0.1388
80,1422,1502,0.1388
80,1422,1502,0.1388
79,1440,1519,0.1388
78,1446,1524,0.1388
79,1440,1519,0.1388
75,1447,1522,0.1388
77,1449,1526,0.1388
76,1444,1520,0.1388
76,1448,1524,0.1388
81,1435,1516,0.1388
77,1435,1512,0.1388
75,1439,1514,0.1388
73,1449,1522,0.1388
70,1437,1507,0.1388
73,1439,1512,0.1388
74,1437,1511,0.1388
72,1439,1511,0.1388
71,1454,1525,0.1388
72,1438,1510,0.1388
75,1437,1512,0.1388
79,1446,1525,0.1388
81,1441,1522,0.1388
81,1439,1520,0.1388
78,1424,1502,0.1388
82,1426,1508,0.1388
81,1425,1506,0.1388
80,1418,1498,0.1388
80,1429,1509,0.1388
83,1432,1515,0.1388
84,1432,1516,0.1388
83,1440,1523,0.1388
81,1449,1530,0.1388
84,1433,1517,0.1388
87,1418,1505,0.1388
89,1426,1515,0.1388
87,1428,1515,0.1388
87,1421,1508,0.1388
87,1433,1520,0.1388
87,1432,1519,0.1388
87,1436,1523,0.1388
87,1432,1519,0.1388
89,1431,1520,0.1388
90,1419,1509,0.1388
89,1431,1520,0.1388
87,1432,1519,0.1388
87,1430,1517,0.1388
87,1434,1521,0.1388
86,1431,1517,0.1388
90,1431,1521,0.1388
85,1428,1513,0.1388
84,1431,1515,0.1388
85,1437,1522,0.1388
86,1436,1522,0.1388
84,1443,1527,0.1388
83,1444,1527,0.1388
81,1433,1514,0.1388
84,1440,1524,0.1388
84,1438,1522,0.1388
82,1432,1514,0.1388
81,1438,1519,0.1388
81,1438,1519,0.1388
84,1436,1520,0.1388
83,1422,1505,0.1388
83,1415,1498,0.1388
84,1421,1505,0.1388
85,1423,1508,0.1388
86,1422,1508,0.1388
86,1420,1506,0.1388
88,1432,1520,0.1388
88,1436,1524,0.1388
87,1437,1524,0.1388
88,1422,1510,0.1388
88,1422,1510,0.1388
82,1422,1504,0.1388
82,1443,1525,0.1388
79,1445,1524,0.1388
74,1459,1533,0.1388
79,1444,1523,0.1388
78,1446,1524,0.1388
77,1440,1517,0.1388
77,1433,1510,0.1388
82,1419,1501,0.1388
81,1433,1514,0.1388
80,1429,1509,0.1388
80,1437,1517,0.1388
79,1443,1522,0.1388
77,1445,1522,0.1388
78,1428,1506,0.1388
74,1423,1497,0.1388
75,1445,1520,0.1388
77,1437,1514,0.1388
76,1437,1513,0.1388
76,1442,1518,0.1388
76,1452,1528,0.1388
72,1434,1506,0.1388
71,1436,1507,0.1388
75,1421,1496,0.1388
73,1446,1519,0.1388
72,1449,1521,0.1388
70,1447,1517,0.1388
70,1434,1504,0.1388
68,1436,1504,0.1388
67,1439,1506,0.1388
66,1443,1509,0.1388
67,1443,1510,0.1388
67,1442,1509,0.1388
67,1447,1514,0.1388
67,1443,1510,0.1388
64,1445,1509,0.1388
64,1436,1500,0.1388
64,1436,1500,0.1388
62,1453,1515,0.1388
60,1451,1511,0.1388
58,1446,1504,0.1388
56,1453,1509,0.1388
56,1462,1518,0.1388
51,1461,1512,0.1388
53,1465,1518,0.1388
56,1448,1504,0.1388
55,1463,1518,0.1388
53,1457,1510,0.1388
50,1455,1505,0.1388
51,1463,1514,0.1388
51,1455,1506,0.1388
48,1468,1516,0.1388
45,1460,1505,0.1388
46,1454,1500,0.1388
45,1443,1488,0.1388
43,1449,1492,0.1388
43,1462,1505,0.1388
43,1476,1519,0.1388
42,1480,1522,0.1388
44,1480,1524,0.1388
46,1483,1529,0.1388
46,1482,1528,0.1388
46,1473,1519,0.1388
45,1468,1513,0.1388
46,1463,1509,0.1388
46,1455,1501,0.1388
46,1460,1506,0.1388
46,1457,1503,0.1388
44,1468,1512,0.1388
42,1475,1517,0.1388
42,1473,1515,0.1388
40,1474,1514,0.1388
41,1475,1516,0.1388
42,1476,1518,0.1388
41,1476,1517,0.1388
41,1475,1516,0.1388
38,1473,1511,0.1388
36,1485,1521,0.1388
36,1477,1513,0.1388
35,1487,1522,0.1388
37,1483,1520,0.1388
37,1478,1515,0.1388
36,1471,1507,0.1388
35,1479,1514,0.1388
34,1478,1512,0.1388
36,1472,1508,0.1388
34,1471,1505,0.1388
36,1475,1511,0.1388
34,1464,1498,0.1388
34,1479,1513,0.1388
34,1466,1500,0.1388
33,1476,1509,0.1388
33,1468,1501,0.1388
33,1469,1502,0.1388
34,1480,1514,0.1388
34,1483,1517,0.1388
33,1483,1516,0.1388
35,1487,1522,0.1388
40,1486,1526,0.1388
39,1489,1528,0.1388
41,1473,1514,0.1388
36,1466,1502,0.1388
34,1458,1492,0.1388
37,1462,1499,0.1388
38,1476,1514,0.1388
36,1478,1514,0.1388
36,1478,1514,0.1388
36,1489,1525,0.1388
36,1487,1523,0.1388
35,1491,1526,0.1388
35,1488,1523,0.1388
33,1488,1521,0.1388
34,1467,1501,0.1388
35,1479,1514,0.1388
32,1487,1519,0.1388
30,1486,1516,0.1388
30,1489,1519,0.1388
28,1475,1503,0.1388
28,1485,1513,0.1388
29,1479,1508,0.1388
29,1488,1517,0.1388
29,1489,1518,0.1388
28,1485,1513,0.1388
26,1482,1508,0.1388
25,1474,1499,0.1388
26,1467,1493,0.1388
26,1472,1498,0.1388
31,1475,1506,0.1388
29,1476,1505,0.1388
29,1477,1506,0.1388
28,1483,1511,0.1388
25,1481,1506,0.1388
26,1487,1513,0.1388
24,1491,1515,0.1388
23,1496,1519,0.1388
22,1508,1530,0.1388
23,1499,1522,0.1388
23,1496,1519,0.1388
23,1506,1529,0.1388
22,1513,1535,0.1388
22,1505,1527,0.1388
22,1503,1525,0.1388
23,1491,1514,0.1388
23,1485,1508,0.1388
22,1494,1516,0.1388
24,1478,1502,0.1388
23,1478,1501,0.1388
22,1475,1497,0.1388
22,1476,1498,0.1388
22,1489,1511,0.1388
22,1481,1503,0.1388
21,1481,1502,0.1388
21,1494,1515,0.1388
23,1500,1523,0.1388
22,1503,1525,0.1388
24,1503,1527,0.1388
25,1493,1518,0.1388
23,1496,1519,0.1388
25,1492,1517,0.1388
26,1494,1520,0.1388
27,1481,1508,0.1388
27,1493,1520,0.1388
27,1504,1531,0.1388
26,1485,1511,0.1388
27,1487,1514,0.1388
27,1499,1526,0.1388
27,1487,1514,0.1388
27,1504,1531,0.1388
28,1501,1529,0.1388
28,1485,1513,0.1388
30,1468,1498,0.1388
30,1486,1516,0.1388
30,1474,1504,0.1388
29,1468,1497,0.1388
29,1470,1499,0.1388
29,1471,1500,0.1388
28,1468,1496,0.1388
28,1485,1513,0.1388
27,1500,1527,0.1388
29,1498,1527,0.1388
29,1500,1529,0.1388
29,1499,1528,0.1388
29,1490,1519,0.1388
29,1482,1511,0.1388
30,1489,1519,0.1388
31,1487,1518,0.1388
30,1488,1518,0.1388
30,1497,1527,0.1388
29,1499,1528,0.1388
30,1497,1527,0.1388
30,1498,1528,0.1388
30,1494,1524,0.1388
30,1487,1517,0.1388
32,1492,1524,0.1388
33,1494,1527,0.1388
33,1499,1532,0.1388
34,1493,1527,0.1388
33,1481,1514,0.1388
31,1475,1506,0.1388
33,1479,1512,0.1388
33,1484,1517,0.1388
32,1478,1510,0.1388
31,1478,1509,0.1388
31,1478,1509,0.1388
29,1487,1516,0.1388
29,1482,1511,0.1388
28,1482,1510,0.1388
29,1457,1486,0.1388
29,1471,1500,0.1388
29,1481,1510,0.1388
29,1485,1514,0.1388
29,1481,1510,0.1388
27,1487,1514,0.1388
28,1486,1514,0.1388
28,1496,1524,0.1388
29,1504,1533,0.1388
30,1492,1522,0.1388
31,1494,1525,0.1388
31,1493,1524,0.1388
30,1485,1515,0.1388
30,1462,1492,0.1388
32,1469,1501,0.1388
28,1477,1505,0.1388
29,1481,1510,0.1388
31,1479,1510,0.1388
29,1483,1512,0.1388
29,1483,1512,0.1388
31,1482,1513,0.1388
31,1493,1524,0.1388
31,1498,1529,0.1388
30,1491,1521,0.1388
30,1482,1512,0.1388
31,1477,1508,0.1388
29,1481,1510,0.1388
30,1483,1513,0.1388
29,1468,1497,0.1388
29,1478,1507,0.1388
31,1461,1492,0.1388
31,1465,1496,0.1388
30,1473,1503,0.1388
30,1485,1515,0.1388
30,1486,1516,0.1388
30,1479,1509,0.1388
29,1465,1494,0.1388
30,1477,1507,0.1388
30,1480,1510,0.1388
29,1480,1509,0.1388
30,1475,1505,0.1388
30,1477,1507,0.1388
29,1481,1510,0.1388
27,1478,1505,0.1388
25,1484,1509,0.1388
26,1484,1510,0.1388
26,1475,1501,0.1388
25,1480,1505,0.1388
26,1478,1504,0.1388
26,1488,1514,0.1388
24,1498,1522,0.1388
23,1475,1498,0.1388
21,1489,1510,0.1388
21,1482,1503,0.1388
21,1496,1517,0.1388
22,1484,1506,0.1388
22,1479,1501,0.1388
22,1492,1514,0.1388
23,1497,1520,0.1388
23,1496,1519,0.1388
23,1494,1517,0.1388
24,1498,1522,0.1388
25,1493,1518,0.1388
24,1498,1522,0.1388
21,1501,1522,0.1388
21,1500,1521,0.1388
20,1487,1507,0.1388
20,1500,1520,0.1388
19,1496,1515,0.1388
17,1503,1520,0.1388
16,1497,1513,0.1388
16,1509,1525,0.1388
16,1505,1521,0.1388
16,1494,1510,0.1388
15,1502,1517,0.1388
16,1505,1521,0.1388
15,1511,1526,0.1388
14,1494,1508,0.1388
14,1492,1506,0.1388
13,1489,1502,0.1388
14,1485,1499,0.1388
14,1494,1508,0.1388
14,1498,1512,0.1388
14,1501,1515,0.1388
14,1505,1519,0.1388
14,1505,1519,0.1388
15,1497,1512,0.1388
15,1510,1525,0.1388
16,1503,1519,0.1388
16,1503,1519,0.1388
16,1507,1523,0.1388
15,1514,1529,0.1388
14,1523,1537,0.1388
14,1522,1536,0.1388
14,1523,1537,0.1388
14,1518,1532,0.1388
14,1521,1535,0.1388
15,1516,1531,0.1388
15,1509,1524,0.1388
16,1514,1530,0.1388
16,1506,1522,0.1388
17,1508,1525,0.1388
17,1492,1509,0.1388
16,1482,1498,0.1388
15,1485,1500,0.1388
15,1491,1506,0.1388
14,1491,1505,0.1388
12,1501,1513,0.1388
12,1500,1512,0.1388
11,1512,1523,0.1388
10,1514,1524,0.1388
10,1511,1521,0.1388
10,1512,1522,0.1388
8,1509,1517,0.1388
8,1493,1501,0.1388
8,1489,1497,0.1388
9,1500,1509,0.1388
9,1502,1511,0.1388
9,1506,1515,0.1388
9,1507,1516,0.1388
9,1506,1515,0.1388
9,1501,1510,0.1388
9,1508,1517,0.1388
8,1513,1521,0.1388
8,1521,1529,0.1388
8,1524,1532,0.1388
7,1525,1532,0.1388
7,1525,1532,0.1388
5,1526,1531,0.1388
5,1536,1541,0.1388
5,1517,1522,0.1388
5,1518,1523,0.1388
4,1528,1532,0.1388
4,1506,1510,0.1388
4,1517,1521,0.1388
5,1519,1524,0.1388
5,1515,1520,0.1388
7,1510,1517,0.1388
7,1506,1513,0.1388
7,1496,1503,0.1388
6,1500,1506,0.1388
6,1511,1517,0.1388
6,1515,1521,0.1388
6,1510,1516,0.1388
6,1517,1523,0.1388
6,1500,1506,0.1388
6,1507,1513,0.1388
6,1503,1509,0.1388
6,1499,1505,0.1388
5,1498,1503,0.1388
6,1508,1514,0.1388
6,1511,1517,0.1388
6,1512,1518,0.1388
6,1528,1534,0.1388
6,1516,1522,0.1388
6,1503,1509,0.1388
6,1503,1509,0.1388
5,1501,1506,0.1388
6,1496,1502,0.1388
6,1505,1511,0.1388
6,1501,1507,0.1388
5,1503,1508,0.1388
5,1509,1514,0.1388
4,1493,1497,0.1388
4,1492,1496,0.1388
4,1508,1512,0.1388
4,1499,1503,0.1388
4,1514,1518,0.1388
4,1515,1519,0.1388
3,1498,1501,0.1388
3,1489,1492,0.1388
3,1508,1511,0.1388
3,1512,1515,0.1388
3,1514,1517,0.1388
3,1516,1519,0.1388
3,1512,1515,0.1388
3,1518,1521,0.1388
3,1519,1522,0.1388
2,1518,1520,0.1388
2,1518,1520,0.1388
2,1520,1522,0.1388
2,1521,1523,0.1388
2,1521,1523,0.1388
2,1518,1520,0.1388
2,1519,1521,0.1388
2,1523,1525,0.1388
1,1509,1510,0.1388
1,1532,1533,0.1388
1,1530,1531,0.1388
1,1511,1512,0.1388
1,1507,1508,0.1388
1,1509,1510,0.1388
1,1494,1495,0.1388
1,1511,1512,0.1388
1,1511,1512,0.1388
1,1517,1518,0.1388
1,1522,1523,0.1388
1,1512,1513,0.1388
1,1515,1516,0.1388
1,1522,1523,0.1388
1,1519,1520,0.1388
1,1518,1519,0.1388
1,1522,1523,0.1388
1,1520,1521,0.1388
1,1521,1522,0.1388
1,1529,1530,0.1388
1,1527,1528,0.1388
1,1521,1522,0.1388
1,1518,1519,0.1388
1,1509,1510,0.1388
1,1514,1515,0.1388
1,1520,1521,0.1388
1,1521,1522,0.1388
1,1529,1530,0.1388
2,1519,1521,0.1388
2,1506,1508,0.1388
2,1522,1524,0.1388
2,1511,1513,0.1388
2,1506,1508,0.1388
3,1508,1511,0.1388
3,1499,1502,0.1388
3,1521,1524,0.1388
3,1523,1526,0.1388
2,1534,1536,0.1388
2,1536,1538,0.1388
2,1521,1523,0.1388
1,1524,1525,0.1388
1,1516,1517,0.1388
1,1512,1513,0.1388
1,1515,1516,0.1388
1,1505,1506,0.1388
0,1517,1517,0.1388
