1383,25,1408,0.1388
1401,26,1427,0.1388
1415,26,1441,0.1388
1444,25,1469,0.1388
1455,24,1479,0.1388
1467,22,1489,0.1388
1478,23,1501,0.1388
1471,24,1495,0.1388
1474,24,1498,0.1388
1473,24,1497,0.1388
1463,24,1487,0.1388
1462,26,1488,0.1388
1473,26,1499,0.1388
1465,25,1490,0.1388
1478,25,1503,0.1388
1467,25,1492,0.1388
1469,26,1495,0.1388
1470,27,1497,0.1388
1479,27,1506,0.1388
1480,26,1506,0.1388
1483,26,1509,0.1388
1480,26,1506,0.1388
1483,26,1509,0.1388
1474,27,1501,0.1388
1484,28,1512,0.1388
1477,26,1503,0.1388
1473,25,1498,0.1388
1467,25,1492,0.1388
1465,24,1489,0.1388
1472,24,1496,0.1388
1476,23,1499,0.1388
1466,24,1490,0.1388
1457,24,1481,0.1388
1455,24,1479,0.1388
1452,23,1475,0.1388
1458,23,1481,0.1388
1462,27,1489,0.1388
1460,26,1486,0.1388
1454,27,1481,0.1388
1449,29,1478,0.1388
1443,28,1471,0.1388
1441,29,1470,0.1388
1443,28,1471,0.1388
1453,29,1482,0.1388
1461,27,1488,0.1388
1468,27,1495,0.1388
1466,26,1492,0.1388
1464,27,1491,0.1388
1467,28,1495,0.1388
1466,31,1497,0.1388
1466,31,1497,0.1388
1466,33,1499,0.1388
1462,35,1497,0.1388
1473,34,1507,0.1388
1471,34,1505,0.1388
1467,36,1503,0.1388
1463,36,1499,0.1388
1477,35,1512,0.1388
1469,35,1504,0.1388
1453,32,1485,0.1388
1450,31,1481,0.1388
1454,31,1485,0.1388
1450,30,1480,0.1388
1450,29,1479,0.1388
1453,29,1482,0.1388
1452,30,1482,0.1388
1450,32,1482,0.1388
1455,31,1486,0.1388
1458,31,1489,0.1388
1478,30,1508,0.1388
1475,29,1504,0.1388
1459,30,1489,0.1388
1456,28,1484,0.1388
1468,27,1495,0.1388
1478,27,1505,0.1388
1462,27,1489,0.1388
1452,29,1481,0.1388
1446,29,1475,0.1388
1452,31,1483,0.1388
1451,31,1482,0.1388
1453,28,1481,0.1388
1449,29,1478,0.1388
1463,27,1490,0.1388
1455,28,1483,0.1388
1459,29,1488,0.1388
1451,32,1483,0.1388
1470,30,1500,0.1388
1462,29,1491,0.1388
1469,28,1497,0.1388
1467,27,1494,0.1388
1456,27,1483,0.1388
1450,28,1478,0.1388
1460,30,1490,0.1388
1457,29,1486,0.1388
1454,30,1484,0.1388
1450,30,1480,0.1388
1445,34,1479,0.1388
1457,35,1492,0.1388
1448,37,1485,0.1388
1450,35,1485,0.1388
1459,36,1495,0.1388
1452,35,1487,0.1388
1456,36,1492,0.1388
1449,34,1483,0.1388
1453,33,1486,0.1388
1459,35,1494,0.1388
1470,33,1503,0.1388
1478,32,1510,0.1388
1476,31,1507,0.1388
1483,32,1515,0.1388
1473,34,1507,0.1388
1464,34,1498,0.1388
1474,34,1508,0.1388
1472,34,1506,0.1388
1469,33,1502,0.1388
1466,32,1498,0.1388
1475,33,1508,0.1388
1475,35,1510,0.1388
1468,32,1500,0.1388
1465,32,1497,0.1388
1464,32,1496,0.1388
1470,33,1503,0.1388
1472,33,1505,0.1388
1466,32,1498,0.1388
1469,33,1502,0.1388
1474,32,1506,0.1388
1466,33,1499,0.1388
1462,33,1495,0.1388
1463,35,1498,0.1388
1471,34,1505,0.1388
1469,34,1503,0.1388
1467,36,1503,0.1388
1473,36,1509,0.1388
1464,34,1498,0.1388
1464,32,1496,0.1388
1468,32,1500,0.1388
1462,35,1497,0.1388
1458,35,1493,0.1388
1466,36,1502,0.1388
1463,36,1499,0.1388
1461,35,1496,0.1388
1444,35,1479,0.1388
1444,35,1479,0.1388
1442,35,1477,0.1388
1449,37,1486,0.1388
1434,38,1472,0.1388
1438,37,1475,0.1388
1446,38,1484,0.1388
1454,38,1492,0.1388
1446,38,1484,0.1388
1438,36,1474,0.1388
1445,38,1483,0.1388
1457,38,1495,0.1388
1455,40,1495,0.1388
1455,41,1496,0.1388
1441,43,1484,0.1388
1454,45,1499,0.1388
1437,43,1480,0.1388
1441,45,1486,0.1388
1451,46,1497,0.1388
1450,46,1496,0.1388
1466,46,1512,0.1388
1451,45,1496,0.1388
1441,45,1486,0.1388
1442,43,1485,0.1388
1436,43,1479,0.1388
1440,42,1482,0.1388
1452,46,1498,0.1388
1448,46,1494,0.1388
1447,48,1495,0.1388
1431,49,1480,0.1388
1433,48,1481,0.1388
1439,47,1486,0.1388
1417,48,1465,0.1388
1423,52,1475,0.1388
1437,52,1489,0.1388
1432,54,1486,0.1388
1435,55,1490,0.1388
1445,56,1501,0.1388
1442,54,1496,0.1388
1451,53,1504,0.1388
1448,55,1503,0.1388
1455,55,1510,0.1388
1448,56,1504,0.1388
1452,54,1506,0.1388
1444,54,1498,0.1388
1436,55,1491,0.1388
1445,58,1503,0.1388
1436,59,1495,0.1388
1437,62,1499,0.1388
1432,65,1497,0.1388
1432,66,1498,0.1388
1443,65,1508,0.1388
1435,68,1503,0.1388
1434,69,1503,0.1388
1424,71,1495,0.1388
1423,69,1492,0.1388
1414,67,1481,0.1388
1424,68,1492,0.1388
1422,68,1490,0.1388
1418,63,1481,0.1388
1438,62,1500,0.1388
1435,60,1495,0.1388
1430,62,1492,0.1388
1427,60,1487,0.1388
1430,61,1491,0.1388
1427,60,1487,0.1388
1428,60,1488,0.1388
1440,66,1506,0.1388
1426,68,1494,0.1388
1423,67,1490,0.1388
1419,67,1486,0.1388
1431,66,1497,0.1388
1420,68,1488,0.1388
1408,68,1476,0.1388
1425,67,1492,0.1388
1432,65,1497,0.1388
1438,66,1504,0.1388
1435,66,1501,0.1388
1431,69,1500,0.1388
1427,69,1496,0.1388
1427,72,1499,0.1388
1426,74,1500,0.1388
1414,74,1488,0.1388
1412,71,1483,0.1388
1418,73,1491,0.1388
1415,74,1489,0.1388
1416,76,1492,0.1388
1415,73,1488,0.1388
1410,76,1486,0.1388
1409,81,1490,0.1388
1410,78,1488,0.1388
1409,80,1489,0.1388
1416,80,1496,0.1388
1418,79,1497,0.1388
1412,79,1491,0.1388
1410,82,1492,0.1388
1410,81,1491,0.1388
1411,79,1490,0.1388
1409,77,1486,0.1388
1401,79,1480,0.1388
1419,80,1499,0.1388
1420,81,1501,0.1388
1424,81,1505,0.1388
1414,81,1495,0.1388
1415,81,1496,0.1388
1419,78,1497,0.1388
1424,75,1499,0.1388
1420,75,1495,0.1388
1429,76,1505,0.1388
1419,76,1495,0.1388
1420,76,1496,0.1388
1415,77,1492,0.1388
1422,77,1499,0.1388
1419,80,1499,0.1388
1420,79,1499,0.1388
1410,81,1491,0.1388
1405,81,1486,0.1388
1406,78,1484,0.1388
1410,83,1493,0.1388
1406,82,1488,0.1388
1413,81,1494,0.1388
1414,78,1492,0.1388
1418,80,1498,0.1388
1422,85,1507,0.1388
1418,84,1502,0.1388
1435,85,1520,0.1388
1427,84,1511,0.1388
1439,85,1524,0.1388
1415,86,1501,0.1388
1405,84,1489,0.1388
1415,84,1499,0.1388
1422,84,1506,0.1388
1419,84,1503,0.1388
1413,85,1498,0.1388
1414,86,1500,0.1388
1401,86,1487,0.1388
1416,86,1502,0.1388
1423,85,1508,0.1388
1414,86,1500,0.1388
1404,85,1489,0.1388
1411,85,1496,0.1388
1415,86,1501,0.1388
1398,89,1487,0.1388
1408,87,1495,0.1388
1401,87,1488,0.1388
1404,92,1496,0.1388
1409,90,1499,0.1388
1414,92,1506,0.1388
1395,94,1489,0.1388
1399,95,1494,0.1388
1409,95,1504,0.1388
1401,96,1497,0.1388
1409,93,1502,0.1388
1396,96,1492,0.1388
1399,93,1492,0.1388
1386,94,1480,0.1388
1385,91,1476,0.1388
1393,92,1485,0.1388
1407,90,1497,0.1388
1410,89,1499,0.1388
1415,90,1505,0.1388
1413,89,1502,0.1388
1409,87,1496,0.1388
1400,88,1488,0.1388
1398,87,1485,0.1388
1392,91,1483,0.1388
1379,88,1467,0.1388
1393,89,1482,0.1388
1394,87,1481,0.1388
1400,88,1488,0.1388
1402,87,1489,0.1388
1396,87,1483,0.1388
1400,87,1487,0.1388
1401,84,1485,0.1388
1409,82,1491,0.1388
1406,83,1489,0.1388
1405,80,1485,0.1388
1407,80,1487,0.1388
1415,77,1492,0.1388
1421,78,1499,0.1388
1425,79,1504,0.1388
1419,76,1495,0.1388
1420,78,1498,0.1388
1414,78,1492,0.1388
1418,77,1495,0.1388
1424,75,1499,0.1388
1433,76,1509,0.1388
1438,77,1515,0.1388
1415,73,1488,0.1388
1408,73,1481,0.1388
1417,73,1490,0.1388
1411,73,1484,0.1388
1402,74,1476,0.1388
1396,76,1472,0.1388
1417,79,1496,0.1388
1416,77,1493,0.1388
1415,77,1492,0.1388
1405,77,1482,0.1388
1408,80,1488,0.1388
1411,79,1490,0.1388
1416,80,1496,0.1388
1406,80,1486,0.1388
1421,78,1499,0.1388
1413,77,1490,0.1388
1422,76,1498,0.1388
1434,79,1513,0.1388
1431,80,1511,0.1388
1418,79,1497,0.1388
1407,82,1489,0.1388
1410,83,1493,0.1388
1397,87,1484,0.1388
1400,85,1485,0.1388
1402,84,1486,0.1388
1412,81,1493,0.1388
1417,81,1498,0.1388
1397,83,1480,0.1388
1402,83,1485,0.1388
1399,84,1483,0.1388
1394,85,1479,0.1388
1401,87,1488,0.1388
1396,87,1483,0.1388
1406,88,1494,0.1388
1408,89,1497,0.1388
1410,88,1498,0.1388
1411,88,1499,0.1388
1415,86,1501,0.1388
1416,88,1504,0.1388
1408,87,1495,0.1388
1395,87,1482,0.1388
1419,89,1508,0.1388
1414,90,1504,0.1388
1416,86,1502,0.1388
1410,83,1493,0.1388
1404,82,1486,0.1388
1397,86,1483,0.1388
1413,86,1499,0.1388
1403,83,1486,0.1388
1407,84,1491,0.1388
1387,82,1469,0.1388
1379,83,1462,0.1388
1389,84,1473,0.1388
1402,85,1487,0.1388
1401,87,1488,0.1388
1394,91,1485,0.1388
1403,89,1492,0.1388
1397,91,1488,0.1388
1409,96,1505,0.1388
1414,99,1513,0.1388
1410,99,1509,0.1388
1400,99,1499,0.1388
1378,101,1479,0.1388
1391,101,1492,0.1388
1378,103,1481,0.1388
1383,103,1486,0.1388
1383,102,1485,0.1388
1380,106,1486,0.1388
1387,107,1494,0.1388
1388,104,1492,0.1388
1379,108,1487,0.1388
1372,109,1481,0.1388
1375,107,1482,0.1388
1375,109,1484,0.1388
1374,109,1483,0.1388
1374,111,1485,0.1388
1371,111,1482,0.1388
1368,111,1479,0.1388
1384,113,1497,0.1388
1373,115,1488,0.1388
1378,113,1491,0.1388
1379,115,1494,0.1388
1380,113,1493,0.1388
1374,110,1484,0.1388
1381,112,1493,0.1388
1384,116,1500,0.1388
1378,120,1498,0.1388
1369,119,1488,0.1388
1355,114,1469,0.1388
1358,118,1476,0.1388
1367,121,1488,0.1388
1365,118,1483,0.1388
1363,115,1478,0.1388
1373,116,1489,0.1388
1372,115,1487,0.1388
1371,116,1487,0.1388
1377,118,1495,0.1388
1365,120,1485,0.1388
1359,121,1480,0.1388
1374,119,1493,0.1388
1370,123,1493,0.1388
1375,122,1497,0.1388
1376,120,1496,0.1388
1369,119,1488,0.1388
1372,124,1496,0.1388
1372,122,1494,0.1388
1369,128,1497,0.1388
1362,131,1493,0.1388
1354,134,1488,0.1388
1356,132,1488,0.1388
1357,131,1488,0.1388
1343,135,1478,0.1388
1351,136,1487,0.1388
1355,138,1493,0.1388
1359,138,1497,0.1388
1350,139,1489,0.1388
1360,142,1502,0.1388
1356,141,1497,0.1388
1351,139,1490,0.1388
1350,143,1493,0.1388
1341,140,1481,0.1388
1346,145,1491,0.1388
1349,141,1490,0.1388
1338,144,1482,0.1388
1333,146,1479,0.1388
1348,150,1498,0.1388
1346,152,1498,0.1388
1343,151,1494,0.1388
1341,150,1491,0.1388
1342,149,1491,0.1388
1341,153,1494,0.1388
1333,154,1487,0.1388
1333,151,1484,0.1388
1335,151,1486,0.1388
1339,151,1490,0.1388
1326,152,1478,0.1388
1339,158,1497,0.1388
1339,162,1501,0.1388
1342,160,1502,0.1388
1353,159,1512,0.1388
1352,158,1510,0.1388
1337,156,1493,0.1388
1326,156,1482,0.1388
1335,155,1490,0.1388
1342,155,1497,0.1388
1347,153,1500,0.1388
1348,151,1499,0.1388
1356,156,1512,0.1388
1360,158,1518,0.1388
1349,159,1508,0.1388
1345,158,1503,0.1388
1342,158,1500,0.1388
1341,158,1499,0.1388
1333,160,1493,0.1388
1336,160,1496,0.1388
1342,166,1508,0.1388
1317,163,1480,0.1388
1332,155,1487,0.1388
1335,154,1489,0.1388
1323,158,1481,0.1388
1329,162,1491,0.1388
1322,162,1484,0.1388
1321,170,1491,0.1388
1326,168,1494,0.1388
1341,169,1510,0.1388
1326,178,1504,0.1388
1317,178,1495,0.1388
1321,181,1502,0.1388
1321,178,1499,0.1388
1326,176,1502,0.1388
1327,176,1503,0.1388
1327,170,1497,0.1388
1324,173,1497,0.1388
1316,177,1493,0.1388
1317,177,1494,0.1388
1310,175,1485,0.1388
1312,175,1487,0.1388
1310,177,1487,0.1388
1294,180,1474,0.1388
1298,181,1479,0.1388
1305,182,1487,0.1388
1311,187,1498,0.1388
1314,184,1498,0.1388
1302,185,1487,0.1388
1311,182,1493,0.1388
1307,181,1488,0.1388
1304,186,1490,0.1388
1310,189,1499,0.1388
1308,190,1498,0.1388
1311,181,1492,0.1388
1305,178,1483,0.1388
1305,183,1488,0.1388
1308,185,1493,0.1388
1310,186,1496,0.1388
1304,189,1493,0.1388
1292,192,1484,0.1388
1299,198,1497,0.1388
1297,199,1496,0.1388
1309,198,1507,0.1388
1311,197,1508,0.1388
1312,192,1504,0.1388
1310,194,1504,0.1388
1307,194,1501,0.1388
1302,192,1494,0.1388
1298,195,1493,0.1388
1288,195,1483,0.1388
1298,197,1495,0.1388
1288,203,1491,0.1388
1284,203,1487,0.1388
1281,202,1483,0.1388
1276,199,1475,0.1388
1293,206,1499,0.1388
1290,204,1494,0.1388
1290,201,1491,0.1388
1292,203,1495,0.1388
1289,204,1493,0.1388
1277,202,1479,0.1388
1279,209,1488,0.1388
1278,207,1485,0.1388
1277,204,1481,0.1388
1275,206,1481,0.1388
1282,212,1494,0.1388
1285,213,1498,0.1388
1291,210,1501,0.1388
1288,213,1501,0.1388
1265,219,1484,0.1388
1275,219,1494,0.1388
1276,219,1495,0.1388
1293,216,1509,0.1388
1303,220,1523,0.1388
1291,217,1508,0.1388
1281,220,1501,0.1388
1287,218,1505,0.1388
1268,222,1490,0.1388
1255,216,1471,0.1388
1255,218,1473,0.1388
1253,220,1473,0.1388
1257,227,1484,0.1388
1269,228,1497,0.1388
1273,232,1505,0.1388
1276,234,1510,0.1388
1273,232,1505,0.1388
1276,234,1510,0.1388
1278,232,1510,0.1388
1276,230,1506,0.1388
1273,232,1505,0.1388
1262,236,1498,0.1388
1261,240,1501,0.1388
1265,235,1500,0.1388
1261,239,1500,0.1388
1253,238,1491,0.1388
1260,235,1495,0.1388
1262,239,1501,0.1388
1251,236,1487,0.1388
1249,238,1487,0.1388
1259,240,1499,0.1388
1255,244,1499,0.1388
1257,249,1506,0.1388
1246,251,1497,0.1388
1250,251,1501,0.1388
1247,249,1496,0.1388
1257,246,1503,0.1388
1253,248,1501,0.1388
1259,248,1507,0.1388
1252,254,1506,0.1388
1260,251,1511,0.1388
1256,253,1509,0.1388
1251,247,1498,0.1388
1242,250,1492,0.1388
1230,248,1478,0.1388
1237,255,1492,0.1388
1234,257,1491,0.1388
1238,256,1494,0.1388
1250,259,1509,0.1388
1244,260,1504,0.1388
1241,255,1496,0.1388
1239,264,1503,0.1388
1228,266,1494,0.1388
1235,267,1502,0.1388
1223,264,1487,0.1388
1236,263,1499,0.1388
1234,262,1496,0.1388
1244,266,1510,0.1388
1236,269,1505,0.1388
1225,277,1502,0.1388
1233,275,1508,0.1388
1236,274,1510,0.1388
1224,277,1501,0.1388
1226,277,1503,0.1388
1220,280,1500,0.1388
1221,286,1507,0.1388
1218,289,1507,0.1388
1205,288,1493,0.1388
1195,285,1480,0.1388
1189,289,1478,0.1388
1204,288,1492,0.1388
1206,289,1495,0.1388
1207,287,1494,0.1388
1218,285,1503,0.1388
1210,284,1494,0.1388
1215,287,1502,0.1388
1214,289,1503,0.1388
1225,289,1514,0.1388
1203,287,1490,0.1388
1198,287,1485,0.1388
1190,289,1479,0.1388
1208,295,1503,0.1388
1202,303,1505,0.1388
1199,307,1506,0.1388
1203,308,1511,0.1388
1200,310,1510,0.1388
1183,308,1491,0.1388
1185,307,1492,0.1388
1194,310,1504,0.1388
1189,297,1486,0.1388
1188,306,1494,0.1388
1189,301,1490,0.1388
1181,305,1486,0.1388
1199,306,1505,0.1388
1193,310,1503,0.1388
1189,310,1499,0.1388
1180,308,1488,0.1388
1179,311,1490,0.1388
1181,312,1493,0.1388
1184,314,1498,0.1388
1180,310,1490,0.1388
1173,315,1488,0.1388
1153,318,1471,0.1388
1160,317,1477,0.1388
1160,319,1479,0.1388
1160,317,1477,0.1388
1170,319,1489,0.1388
1157,323,1480,0.1388
1163,319,1482,0.1388
1164,319,1483,0.1388
1178,313,1491,0.1388
1176,313,1489,0.1388
1170,313,1483,0.1388
1175,308,1483,0.1388
1171,308,1479,0.1388
1175,317,1492,0.1388
1181,316,1497,0.1388
1161,325,1486,0.1388
1158,322,1480,0.1388
1171,322,1493,0.1388
1178,327,1505,0.1388
1181,326,1507,0.1388
1175,325,1500,0.1388
1169,322,1491,0.1388
1166,328,1494,0.1388
1164,327,1491,0.1388
1163,328,1491,0.1388
1176,326,1502,0.1388
1163,329,1492,0.1388
1154,329,1483,0.1388
1161,329,1490,0.1388
1174,324,1498,0.1388
1171,325,1496,0.1388
1177,329,1506,0.1388
1179,333,1512,0.1388
1174,327,1501,0.1388
1166,328,1494,0.1388
1163,333,1496,0.1388
1162,338,1500,0.1388
1159,335,1494,0.1388
1147,332,1479,0.1388
1148,337,1485,0.1388
1151,332,1483,0.1388
1154,338,1492,0.1388
1157,338,1495,0.1388
1162,343,1505,0.1388
1166,339,1505,0.1388
1177,341,1518,0.1388
1170,334,1504,0.1388
1172,337,1509,0.1388
1154,332,1486,0.1388
1159,334,1493,0.1388
1149,332,1481,0.1388
1152,325,1477,0.1388
1159,322,1481,0.1388
1151,325,1476,0.1388
1148,331,1479,0.1388
1144,338,1482,0.1388
1157,340,1497,0.1388
1154,340,1494,0.1388
1155,340,1495,0.1388
1160,338,1498,0.1388
1159,334,1493,0.1388
1174,335,1509,0.1388
1180,336,1516,0.1388
1189,338,1527,0.1388
1179,333,1512,0.1388
1177,334,1511,0.1388
1167,336,1503,0.1388
1148,341,1489,0.1388
1154,339,1493,0.1388
1148,336,1484,0.1388
1162,339,1501,0.1388
1154,337,1491,0.1388
1157,340,1497,0.1388
1145,348,1493,0.1388
1148,354,1502,0.1388
1141,354,1495,0.1388
1157,360,1517,0.1388
1147,360,1507,0.1388
1139,361,1500,0.1388
1140,356,1496,0.1388
1136,360,1496,0.1388
1156,357,1513,0.1388
1136,353,1489,0.1388
1135,360,1495,0.1388
1148,359,1507,0.1388
1148,363,1511,0.1388
1129,368,1497,0.1388
1126,368,1494,0.1388
1116,363,1479,0.1388
1122,371,1493,0.1388
1139,373,1512,0.1388
1141,368,1509,0.1388
1132,375,1507,0.1388
1124,370,1494,0.1388
1132,374,1506,0.1388
1128,379,1507,0.1388
1125,372,1497,0.1388
1119,367,1486,0.1388
1132,370,1502,0.1388
1120,372,1492,0.1388
1119,382,1501,0.1388
1123,386,1509,0.1388
1126,390,1516,0.1388
1109,383,1492,0.1388
1110,386,1496,0.1388
1111,389,1500,0.1388
1097,391,1488,0.1388
1098,396,1494,0.1388
1097,397,1494,0.1388
1096,401,1497,0.1388
1097,410,1507,0.1388
1096,402,1498,0.1388
1088,408,1496,0.1388
1083,415,1498,0.1388
1094,414,1508,0.1388
1084,414,1498,0.1388
1068,416,1484,0.1388
1066,415,1481,0.1388
1078,417,1495,0.1388
1074,413,1487,0.1388
1067,424,1491,0.1388
1074,424,1498,0.1388
1068,427,1495,0.1388
1071,427,1498,0.1388
1072,433,1505,0.1388
1074,433,1507,0.1388
1055,440,1495,0.1388
1056,435,1491,0.1388
1063,438,1501,0.1388
1058,439,1497,0.1388
1064,438,1502,0.1388
1057,441,1498,0.1388
1059,451,1510,0.1388
1057,448,1505,0.1388
1056,447,1503,0.1388
1060,443,1503,0.1388
1064,440,1504,0.1388
1063,441,1504,0.1388
1063,445,1508,0.1388
1059,452,1511,0.1388
1048,458,1506,0.1388
1051,461,1512,0.1388
1048,464,1512,0.1388
1037,460,1497,0.1388
1044,461,1505,0.1388
1039,455,1494,0.1388
1037,452,1489,0.1388
1030,459,1489,0.1388
1034,464,1498,0.1388
1029,467,1496,0.1388
1026,469,1495,0.1388
1042,464,1506,0.1388
1026,464,1490,0.1388
1025,466,1491,0.1388
1026,465,1491,0.1388
1033,471,1504,0.1388
1033,474,1507,0.1388
1033,484,1517,0.1388
1027,484,1511,0.1388
1024,476,1500,0.1388
1026,472,1498,0.1388
1034,477,1511,0.1388
1032,478,1510,0.1388
1023,473,1496,0.1388
1018,476,1494,0.1388
1016,487,1503,0.1388
1027,486,1513,0.1388
1031,488,1519,0.1388
1026,481,1507,0.1388
1024,483,1507,0.1388
1016,489,1505,0.1388
1029,491,1520,0.1388
1029,498,1527,0.1388
1013,491,1504,0.1388
1004,478,1482,0.1388
1008,480,1488,0.1388
1010,485,1495,0.1388
1011,493,1504,0.1388
1013,495,1508,0.1388
1009,491,1500,0.1388
1012,495,1507,0.1388
1018,499,1517,0.1388
1008,496,1504,0.1388
1008,500,1508,0.1388
1006,491,1497,0.1388
1010,501,1511,0.1388
1013,498,1511,0.1388
1001,495,1496,0.1388
1007,493,1500,0.1388
1008,493,1501,0.1388
1016,498,1514,0.1388
1009,501,1510,0.1388
991,486,1477,0.1388
995,486,1481,0.1388
990,493,1483,0.1388
997,492,1489,0.1388
990,499,1489,0.1388
994,503,1497,0.1388
1000,498,1498,0.1388
1001,511,1512,0.1388
995,511,1506,0.1388
1007,510,1517,0.1388
1012,505,1517,0.1388
1015,506,1521,0.1388
1005,504,1509,0.1388
998,502,1500,0.1388
1007,501,1508,0.1388
1000,511,1511,0.1388
991,522,1513,0.1388
988,526,1514,0.1388
978,521,1499,0.1388
966,523,1489,0.1388
966,519,1485,0.1388
961,519,1480,0.1388
976,517,1493,0.1388
986,522,1508,0.1388
984,510,1494,0.1388
986,517,1503,0.1388
982,516,1498,0.1388
978,522,1500,0.1388
979,518,1497,0.1388
986,512,1498,0.1388
983,520,1503,0.1388
979,520,1499,0.1388
978,519,1497,0.1388
972,523,1495,0.1388
982,519,1501,0.1388
970,526,1496,0.1388
962,528,1490,0.1388
959,530,1489,0.1388
977,530,1507,0.1388
976,536,1512,0.1388
954,534,1488,0.1388
964,531,1495,0.1388
954,530,1484,0.1388
962,534,1496,0.1388
958,539,1497,0.1388
957,531,1488,0.1388
958,534,1492,0.1388
962,532,1494,0.1388
962,541,1503,0.1388
966,546,1512,0.1388
965,544,1509,0.1388
951,551,1502,0.1388
957,554,1511,0.1388
948,556,1504,0.1388
955,550,1505,0.1388
959,551,1510,0.1388
949,546,1495,0.1388
953,542,1495,0.1388
949,545,1494,0.1388
955,543,1498,0.1388
953,545,1498,0.1388
944,535,1479,0.1388
947,537,1484,0.1388
950,544,1494,0.1388
949,540,1489,0.1388
954,546,1500,0.1388
946,555,1501,0.1388
936,557,1493,0.1388
948,556,1504,0.1388
935,552,1487,0.1388
930,558,1488,0.1388
931,564,1495,0.1388
929,563,1492,0.1388
931,564,1495,0.1388
924,569,1493,0.1388
923,569,1492,0.1388
926,572,1498,0.1388
914,574,1488,0.1388
914,570,1484,0.1388
914,568,1482,0.1388
924,562,1486,0.1388
930,559,1489,0.1388
928,560,1488,0.1388
928,561,1489,0.1388
926,562,1488,0.1388
930,563,1493,0.1388
923,567,1490,0.1388
923,575,1498,0.1388
915,576,1491,0.1388
922,581,1503,0.1388
929,581,1510,0.1388
921,575,1496,0.1388
924,575,1499,0.1388
926,581,1507,0.1388
922,587,1509,0.1388
920,588,1508,0.1388
913,591,1504,0.1388
913,591,1504,0.1388
910,593,1503,0.1388
916,603,1519,0.1388
924,604,1528,0.1388
918,599,1517,0.1388
919,594,1513,0.1388
918,599,1517,0.1388
910,595,1505,0.1388
895,607,1502,0.1388
897,608,1505,0.1388
895,608,1503,0.1388
897,600,1497,0.1388
898,600,1498,0.1388
901,608,1509,0.1388
903,615,1518,0.1388
898,614,1512,0.1388
892,619,1511,0.1388
895,616,1511,0.1388
888,615,1503,0.1388
878,617,1495,0.1388
884,612,1496,0.1388
885,614,1499,0.1388
892,622,1514,0.1388
892,614,1506,0.1388
880,624,1504,0.1388
884,627,1511,0.1388
874,631,1505,0.1388
877,635,1512,0.1388
875,633,1508,0.1388
869,634,1503,0.1388
866,630,1496,0.1388
852,627,1479,0.1388
852,633,1485,0.1388
859,644,1503,0.1388
855,648,1503,0.1388
861,644,1505,0.1388
865,640,1505,0.1388
861,646,1507,0.1388
856,642,1498,0.1388
860,654,1514,0.1388
864,654,1518,0.1388
854,652,1506,0.1388
842,654,1496,0.1388
840,663,1503,0.1388
843,659,1502,0.1388
841,653,1494,0.1388
842,654,1496,0.1388
839,654,1493,0.1388
831,663,1494,0.1388
830,666,1496,0.1388
838,670,1508,0.1388
831,668,1499,0.1388
831,664,1495,0.1388
838,666,1504,0.1388
837,671,1508,0.1388
844,674,1518,0.1388
826,666,1492,0.1388
830,667,1497,0.1388
830,668,1498,0.1388
825,671,1496,0.1388
818,674,1492,0.1388
819,683,1502,0.1388
825,679,1504,0.1388
822,681,1503,0.1388
814,684,1498,0.1388
820,687,1507,0.1388
814,697,1511,0.1388
810,697,1507,0.1388
809,701,1510,0.1388
806,699,1505,0.1388
793,696,1489,0.1388
790,706,1496,0.1388
778,716,1494,0.1388
788,717,1505,0.1388
785,709,1494,0.1388
777,717,1494,0.1388
793,716,1509,0.1388
791,719,1510,0.1388
796,714,1510,0.1388
797,727,1524,0.1388
800,722,1522,0.1388
802,717,1519,0.1388
804,706,1510,0.1388
792,703,1495,0.1388
792,717,1509,0.1388
776,716,1492,0.1388
786,727,1513,0.1388
780,723,1503,0.1388
777,725,1502,0.1388
780,734,1514,0.1388
768,736,1504,0.1388
763,745,1508,0.1388
761,735,1496,0.1388
763,750,1513,0.1388
757,760,1517,0.1388
764,750,1514,0.1388
758,747,1505,0.1388
762,748,1510,0.1388
762,747,1509,0.1388
754,752,1506,0.1388
756,748,1504,0.1388
762,741,1503,0.1388
760,735,1495,0.1388
753,744,1497,0.1388
754,746,1500,0.1388
752,745,1497,0.1388
753,745,1498,0.1388
764,743,1507,0.1388
765,733,1498,0.1388
764,738,1502,0.1388
761,739,1500,0.1388
755,737,1492,0.1388
759,744,1503,0.1388
764,744,1508,0.1388
765,751,1516,0.1388
756,752,1508,0.1388
760,754,1514,0.1388
755,755,1510,0.1388
752,755,1507,0.1388
750,766,1516,0.1388
751,761,1512,0.1388
740,758,1498,0.1388
736,765,1501,0.1388
743,757,1500,0.1388
747,754,1501,0.1388
744,761,1505,0.1388
753,763,1516,0.1388
747,767,1514,0.1388
741,772,1513,0.1388
741,767,1508,0.1388
735,770,1505,0.1388
734,770,1504,0.1388
725,769,1494,0.1388
729,777,1506,0.1388
736,771,1507,0.1388
729,778,1507,0.1388
728,779,1507,0.1388
719,778,1497,0.1388
727,776,1503,0.1388
726,775,1501,0.1388
722,784,1506,0.1388
723,790,1513,0.1388
718,791,1509,0.1388
724,793,1517,0.1388
718,789,1507,0.1388
710,798,1508,0.1388
708,798,1506,0.1388
698,791,1489,0.1388
697,796,1493,0.1388
694,797,1491,0.1388
693,799,1492,0.1388
696,801,1497,0.1388
700,812,1512,0.1388
699,809,1508,0.1388
687,808,1495,0.1388
690,803,1493,0.1388
688,800,1488,0.1388
696,790,1486,0.1388
696,799,1495,0.1388
696,790,1486,0.1388
687,804,1491,0.1388
689,810,1499,0.1388
688,816,1504,0.1388
701,807,1508,0.1388
701,813,1514,0.1388
704,817,1521,0.1388
699,823,1522,0.1388
704,814,1518,0.1388
696,821,1517,0.1388
690,823,1513,0.1388
690,813,1503,0.1388
687,813,1500,0.1388
679,821,1500,0.1388
677,824,1501,0.1388
676,824,1500,0.1388
673,835,1508,0.1388
683,834,1517,0.1388
683,834,1517,0.1388
677,829,1506,0.1388
687,827,1514,0.1388
684,826,1510,0.1388
669,829,1498,0.1388
676,840,1516,0.1388
673,841,1514,0.1388
669,840,1509,0.1388
663,839,1502,0.1388
655,846,1501,0.1388
657,846,1503,0.1388
652,854,1506,0.1388
660,850,1510,0.1388
660,846,1506,0.1388
657,847,1504,0.1388
657,862,1519,0.1388
651,857,1508,0.1388
649,857,1506,0.1388
647,854,1501,0.1388
647,866,1513,0.1388
641,867,1508,0.1388
631,860,1491,0.1388
625,864,1489,0.1388
626,873,1499,0.1388
624,869,1493,0.1388
631,867,1498,0.1388
632,870,1502,0.1388
631,865,1496,0.1388
624,871,1495,0.1388
621,883,1504,0.1388
618,887,1505,0.1388
617,883,1500,0.1388
614,883,1497,0.1388
608,883,1491,0.1388
610,882,1492,0.1388
607,890,1497,0.1388
606,886,1492,0.1388
613,892,1505,0.1388
614,889,1503,0.1388
608,891,1499,0.1388
621,898,1519,0.1388
618,896,1514,0.1388
618,894,1512,0.1388
622,890,1512,0.1388
622,882,1504,0.1388
620,882,1502,0.1388
619,890,1509,0.1388
623,888,1511,0.1388
623,887,1510,0.1388
618,886,1504,0.1388
616,886,1502,0.1388
616,888,1504,0.1388
616,892,1508,0.1388
608,902,1510,0.1388
606,908,1514,0.1388
596,898,1494,0.1388
595,895,1490,0.1388
596,898,1494,0.1388
591,909,1500,0.1388
588,910,1498,0.1388
589,917,1506,0.1388
594,917,1511,0.1388
596,913,1509,0.1388
581,916,1497,0.1388
576,921,1497,0.1388
583,923,1506,0.1388
588,924,1512,0.1388
585,919,1504,0.1388
591,924,1515,0.1388
583,917,1500,0.1388
594,916,1510,0.1388
596,902,1498,0.1388
593,909,1502,0.1388
594,910,1504,0.1388
589,907,1496,0.1388
585,909,1494,0.1388
591,914,1505,0.1388
588,918,1506,0.1388
586,919,1505,0.1388
584,935,1519,0.1388
583,944,1527,0.1388
583,939,1522,0.1388
573,939,1512,0.1388
572,942,1514,0.1388
567,944,1511,0.1388
573,934,1507,0.1388
580,939,1519,0.1388
570,946,1516,0.1388
567,942,1509,0.1388
569,944,1513,0.1388
564,949,1513,0.1388
562,939,1501,0.1388
555,934,1489,0.1388
553,943,1496,0.1388
550,954,1504,0.1388
547,967,1514,0.1388
549,965,1514,0.1388
540,969,1509,0.1388
543,963,1506,0.1388
542,969,1511,0.1388
533,961,1494,0.1388
538,967,1505,0.1388
539,964,1503,0.1388
536,969,1505,0.1388
542,962,1504,0.1388
536,964,1500,0.1388
530,974,1504,0.1388
530,971,1501,0.1388
538,967,1505,0.1388
534,973,1507,0.1388
526,972,1498,0.1388
540,976,1516,0.1388
540,966,1506,0.1388
534,972,1506,0.1388
534,975,1509,0.1388
544,978,1522,0.1388
541,973,1514,0.1388
533,980,1513,0.1388
529,994,1523,0.1388
534,996,1530,0.1388
530,979,1509,0.1388
529,971,1500,0.1388
526,974,1500,0.1388
529,986,1515,0.1388
527,979,1506,0.1388
530,986,1516,0.1388
530,988,1518,0.1388
533,992,1525,0.1388
528,990,1518,0.1388
518,991,1509,0.1388
521,988,1509,0.1388
517,986,1503,0.1388
519,993,1512,0.1388
512,990,1502,0.1388
515,990,1505,0.1388
512,1006,1518,0.1388
507,1003,1510,0.1388
504,998,1502,0.1388
498,1008,1506,0.1388
507,1005,1512,0.1388
507,1002,1509,0.1388
514,998,1512,0.1388
508,1002,1510,0.1388
512,997,1509,0.1388
513,993,1506,0.1388
515,994,1509,0.1388
503,999,1502,0.1388
504,1012,1516,0.1388
494,1018,1512,0.1388
496,1015,1511,0.1388
496,1011,1507,0.1388
494,1011,1505,0.1388
493,1011,1504,0.1388
504,1013,1517,0.1388
499,1005,1504,0.1388
500,1010,1510,0.1388
500,1011,1511,0.1388
500,1012,1512,0.1388
499,1014,1513,0.1388
501,1004,1505,0.1388
499,1002,1501,0.1388
502,998,1500,0.1388
509,1001,1510,0.1388
504,998,1502,0.1388
510,1003,1513,0.1388
512,998,1510,0.1388
503,993,1496,0.1388
509,994,1503,0.1388
505,998,1503,0.1388
498,1010,1508,0.1388
500,1012,1512,0.1388
492,1007,1499,0.1388
489,1009,1498,0.1388
494,1003,1497,0.1388
497,1011,1508,0.1388
499,1009,1508,0.1388
491,1011,1502,0.1388
487,1015,1502,0.1388
485,1013,1498,0.1388
485,1008,1493,0.1388
486,1007,1493,0.1388
490,1018,1508,0.1388
485,1025,1510,0.1388
482,1025,1507,0.1388
486,1028,1514,0.1388
492,1022,1514,0.1388
479,1019,1498,0.1388
477,1022,1499,0.1388
476,1035,1511,0.1388
473,1036,1509,0.1388
473,1037,1510,0.1388
477,1037,1514,0.1388
469,1031,1500,0.1388
464,1041,1505,0.1388
472,1042,1514,0.1388
475,1045,1520,0.1388
462,1043,1505,0.1388
467,1058,1525,0.1388
462,1056,1518,0.1388
462,1068,1530,0.1388
459,1052,1511,0.1388
451,1053,1504,0.1388
446,1055,1501,0.1388
444,1050,1494,0.1388
447,1051,1498,0.1388
449,1050,1499,0.1388
448,1054,1502,0.1388
449,1070,1519,0.1388
446,1065,1511,0.1388
457,1077,1534,0.1388
451,1076,1527,0.1388
446,1083,1529,0.1388
439,1070,1509,0.1388
447,1054,1501,0.1388
448,1067,1515,0.1388
446,1075,1521,0.1388
442,1076,1518,0.1388
440,1076,1516,0.1388
437,1066,1503,0.1388
442,1069,1511,0.1388
440,1075,1515,0.1388
433,1075,1508,0.1388
440,1068,1508,0.1388
441,1071,1512,0.1388
439,1064,1503,0.1388
442,1082,1524,0.1388
427,1087,1514,0.1388
423,1082,1505,0.1388
418,1084,1502,0.1388
424,1088,1512,0.1388
423,1087,1510,0.1388
422,1097,1519,0.1388
418,1093,1511,0.1388
410,1094,1504,0.1388
407,1101,1508,0.1388
407,1105,1512,0.1388
406,1115,1521,0.1388
414,1108,1522,0.1388
423,1104,1527,0.1388
418,1101,1519,0.1388
415,1107,1522,0.1388
417,1102,1519,0.1388
419,1103,1522,0.1388
417,1091,1508,0.1388
412,1097,1509,0.1388
411,1101,1512,0.1388
408,1098,1506,0.1388
410,1094,1504,0.1388
414,1096,1510,0.1388
410,1096,1506,0.1388
417,1091,1508,0.1388
409,1096,1505,0.1388
406,1116,1522,0.1388
400,1128,1528,0.1388
405,1112,1517,0.1388
400,1113,1513,0.1388
403,1110,1513,0.1388
402,1112,1514,0.1388
407,1105,1512,0.1388
404,1106,1510,0.1388
401,1113,1514,0.1388
402,1113,1515,0.1388
396,1112,1508,0.1388
391,1124,1515,0.1388
393,1129,1522,0.1388
385,1125,1510,0.1388
384,1126,1510,0.1388
385,1125,1510,0.1388
382,1135,1517,0.1388
381,1149,1530,0.1388
378,1145,1523,0.1388
372,1139,1511,0.1388
376,1140,1516,0.1388
380,1144,1524,0.1388
383,1147,1530,0.1388
380,1141,1521,0.1388
372,1133,1505,0.1388
374,1123,1497,0.1388
365,1127,1492,0.1388
363,1126,1489,0.1388
365,1125,1490,0.1388
368,1131,1499,0.1388
366,1133,1499,0.1388
362,1128,1490,0.1388
363,1128,1491,0.1388
365,1138,1503,0.1388
365,1146,1511,0.1388
355,1149,1504,0.1388
363,1143,1506,0.1388
356,1153,1509,0.1388
361,1164,1525,0.1388
357,1161,1518,0.1388
358,1162,1520,0.1388
355,1154,1509,0.1388
357,1158,1515,0.1388
353,1151,1504,0.1388
358,1156,1514,0.1388
352,1147,1499,0.1388
353,1159,1512,0.1388
356,1150,1506,0.1388
352,1147,1499,0.1388
354,1153,1507,0.1388
357,1157,1514,0.1388
351,1159,1510,0.1388
349,1161,1510,0.1388
349,1157,1506,0.1388
347,1161,1508,0.1388
340,1167,1507,0.1388
346,1177,1523,0.1388
346,1170,1516,0.1388
345,1168,1513,0.1388
348,1169,1517,0.1388
345,1172,1517,0.1388
343,1170,1513,0.1388
348,1167,1515,0.1388
349,1170,1519,0.1388
343,1175,1518,0.1388
344,1170,1514,0.1388
339,1173,1512,0.1388
340,1164,1504,0.1388
335,1162,1497,0.1388
335,1170,1505,0.1388
337,1172,1509,0.1388
340,1172,1512,0.1388
337,1174,1511,0.1388
335,1178,1513,0.1388
338,1176,1514,0.1388
341,1167,1508,0.1388
345,1175,1520,0.1388
339,1172,1511,0.1388
333,1164,1497,0.1388
335,1177,1512,0.1388
331,1175,1506,0.1388
334,1182,1516,0.1388
335,1200,1535,0.1388
332,1189,1521,0.1388
333,1189,1522,0.1388
333,1186,1519,0.1388
334,1175,1509,0.1388
334,1180,1514,0.1388
331,1172,1503,0.1388
327,1186,1513,0.1388
325,1182,1507,0.1388
319,1179,1498,0.1388
317,1177,1494,0.1388
319,1187,1506,0.1388
322,1182,1504,0.1388
322,1192,1514,0.1388
324,1190,1514,0.1388
322,1194,1516,0.1388
324,1186,1510,0.1388
325,1179,1504,0.1388
320,1185,1505,0.1388
320,1192,1512,0.1388
313,1195,1508,0.1388
307,1200,1507,0.1388
301,1205,1506,0.1388
299,1217,1516,0.1388
298,1213,1511,0.1388
295,1206,1501,0.1388
296,1220,1516,0.1388
295,1214,1509,0.1388
296,1200,1496,0.1388
293,1198,1491,0.1388
296,1202,1498,0.1388
297,1204,1501,0.1388
295,1196,1491,0.1388
300,1225,1525,0.1388
292,1223,1515,0.1388
288,1223,1511,0.1388
287,1219,1506,0.1388
288,1221,1509,0.1388
286,1231,1517,0.1388
286,1241,1527,0.1388
283,1233,1516,0.1388
278,1233,1511,0.1388
276,1229,1505,0.1388
275,1235,1510,0.1388
279,1229,1508,0.1388
283,1231,1514,0.1388
283,1232,1515,0.1388
279,1230,1509,0.1388
279,1235,1514,0.1388
275,1239,1514,0.1388
276,1226,1502,0.1388
272,1227,1499,0.1388
273,1234,1507,0.1388
274,1243,1517,0.1388
275,1233,1508,0.1388
273,1241,1514,0.1388
272,1244,1516,0.1388
271,1240,1511,0.1388
275,1238,1513,0.1388
278,1241,1519,0.1388
278,1253,1531,0.1388
280,1252,1532,0.1388
280,1246,1526,0.1388
274,1229,1503,0.1388
274,1238,1512,0.1388
276,1238,1514,0.1388
279,1237,1516,0.1388
272,1244,1516,0.1388
273,1242,1515,0.1388
276,1244,1520,0.1388
272,1234,1506,0.1388
272,1238,1510,0.1388
276,1247,1523,0.1388
272,1237,1509,0.1388
273,1243,1516,0.1388
267,1240,1507,0.1388
269,1241,1510,0.1388
267,1239,1506,0.1388
268,1231,1499,0.1388
270,1227,1497,0.1388
270,1229,1499,0.1388
268,1225,1493,0.1388
267,1229,1496,0.1388
271,1235,1506,0.1388
272,1234,1506,0.1388
277,1240,1517,0.1388
277,1248,1525,0.1388
280,1249,1529,0.1388
275,1247,1522,0.1388
277,1238,1515,0.1388
278,1235,1513,0.1388
275,1228,1503,0.1388
276,1226,1502,0.1388
276,1241,1517,0.1388
276,1243,1519,0.1388
279,1235,1514,0.1388
280,1233,1513,0.1388
278,1230,1508,0.1388
282,1230,1512,0.1388
280,1242,1522,0.1388
278,1251,1529,0.1388
273,1244,1517,0.1388
280,1240,1520,0.1388
273,1247,1520,0.1388
272,1244,1516,0.1388
273,1248,1521,0.1388
273,1248,1521,0.1388
269,1243,1512,0.1388
275,1230,1505,0.1388
276,1230,1506,0.1388
275,1236,1511,0.1388
276,1228,1504,0.1388
280,1234,1514,0.1388
280,1240,1520,0.1388
274,1236,1510,0.1388
273,1237,1510,0.1388
273,1250,1523,0.1388
273,1240,1513,0.1388
277,1239,1516,0.1388
280,1227,1507,0.1388
283,1238,1521,0.1388
278,1225,1503,0.1388
278,1222,1500,0.1388
278,1231,1509,0.1388
279,1237,1516,0.1388
275,1233,1508,0.1388
273,1241,1514,0.1388
277,1241,1518,0.1388
277,1242,1519,0.1388
277,1234,1511,0.1388
274,1228,1502,0.1388
279,1235,1514,0.1388
282,1225,1507,0.1388
286,1228,1514,0.1388
281,1237,1518,0.1388
277,1232,1509,0.1388
276,1248,1524,0.1388
275,1243,1518,0.1388
273,1241,1514,0.1388
273,1240,1513,0.1388
275,1231,1506,0.1388
274,1219,1493,0.1388
270,1225,1495,0.1388
271,1236,1507,0.1388
277,1233,1510,0.1388
275,1235,1510,0.1388
273,1231,1504,0.1388
275,1227,1502,0.1388
272,1226,1498,0.1388
274,1229,1503,0.1388
275,1237,1512,0.1388
268,1241,1509,0.1388
263,1247,1510,0.1388
265,1238,1503,0.1388
261,1242,1503,0.1388
264,1229,1493,0.1388
274,1228,1502,0.1388
272,1230,1502,0.1388
277,1218,1495,0.1388
281,1213,1494,0.1388
283,1229,1512,0.1388
277,1228,1505,0.1388
276,1231,1507,0.1388
276,1234,1510,0.1388
268,1246,1514,0.1388
264,1234,1498,0.1388
262,1245,1507,0.1388
263,1236,1499,0.1388
256,1243,1499,0.1388
259,1249,1508,0.1388
258,1238,1496,0.1388
258,1232,1490,0.1388
259,1244,1503,0.1388
263,1235,1498,0.1388
259,1250,1509,0.1388
260,1255,1515,0.1388
262,1248,1510,0.1388
260,1257,1517,0.1388
253,1250,1503,0.1388
254,1251,1505,0.1388
256,1246,1502,0.1388
253,1243,1496,0.1388
253,1251,1504,0.1388
261,1259,1520,0.1388
254,1256,1510,0.1388
253,1258,1511,0.1388
258,1258,1516,0.1388
257,1265,1522,0.1388
258,1269,1527,0.1388
260,1267,1527,0.1388
257,1259,1516,0.1388
256,1249,1505,0.1388
259,1257,1516,0.1388
256,1258,1514,0.1388
259,1260,1519,0.1388
262,1261,1523,0.1388
264,1263,1527,0.1388
262,1268,1530,0.1388
264,1247,1511,0.1388
265,1244,1509,0.1388
259,1259,1518,0.1388
260,1253,1513,0.1388
264,1256,1520,0.1388
257,1245,1502,0.1388
253,1262,1515,0.1388
253,1274,1527,0.1388
252,1286,1538,0.1388
251,1281,1532,0.1388
252,1278,1530,0.1388
258,1268,1526,0.1388
259,1255,1514,0.1388
256,1253,1509,0.1388
256,1250,1506,0.1388
252,1261,1513,0.1388
253,1266,1519,0.1388
252,1272,1524,0.1388
245,1261,1506,0.1388
244,1260,1504,0.1388
247,1261,1508,0.1388
246,1271,1517,0.1388
243,1268,1511,0.1388
240,1271,1511,0.1388
240,1259,1499,0.1388
241,1245,1486,0.1388
247,1249,1496,0.1388
247,1260,1507,0.1388
250,1261,1511,0.1388
254,1250,1504,0.1388
254,1248,1502,0.1388
246,1243,1489,0.1388
247,1257,1504,0.1388
247,1260,1507,0.1388
246,1257,1503,0.1388
245,1264,1509,0.1388
247,1279,1526,0.1388
251,1284,1535,0.1388
247,1287,1534,0.1388
248,1287,1535,0.1388
243,1281,1524,0.1388
248,1268,1516,0.1388
254,1267,1521,0.1388
255,1278,1533,0.1388
247,1271,1518,0.1388
251,1270,1521,0.1388
254,1282,1536,0.1388
255,1276,1531,0.1388
250,1276,1526,0.1388
250,1271,1521,0.1388
247,1261,1508,0.1388
249,1273,1522,0.1388
244,1275,1519,0.1388
249,1266,1515,0.1388
250,1258,1508,0.1388
245,1257,1502,0.1388
242,1260,1502,0.1388
244,1257,1501,0.1388
239,1255,1494,0.1388
235,1272,1507,0.1388
242,1272,1514,0.1388
243,1271,1514,0.1388
235,1272,1507,0.1388
238,1268,1506,0.1388
248,1264,1512,0.1388
248,1267,1515,0.1388
244,1271,1515,0.1388
242,1260,1502,0.1388
244,1264,1508,0.1388
240,1278,1518,0.1388
241,1276,1517,0.1388
245,1263,1508,0.1388
243,1260,1503,0.1388
244,1255,1499,0.1388
243,1252,1495,0.1388
244,1253,1497,0.1388
245,1251,1496,0.1388
243,1262,1505,0.1388
235,1262,1497,0.1388
237,1264,1501,0.1388
242,1268,1510,0.1388
239,1273,1512,0.1388
241,1274,1515,0.1388
235,1272,1507,0.1388
237,1275,1512,0.1388
234,1267,1501,0.1388
240,1275,1515,0.1388
246,1274,1520,0.1388
247,1283,1530,0.1388
249,1283,1532,0.1388
252,1280,1532,0.1388
255,1264,1519,0.1388
255,1266,1521,0.1388
253,1263,1516,0.1388
257,1265,1522,0.1388
260,1263,1523,0.1388
262,1261,1523,0.1388
261,1256,1517,0.1388
254,1260,1514,0.1388
247,1256,1503,0.1388
247,1258,1505,0.1388
252,1259,1511,0.1388
255,1255,1510,0.1388
251,1265,1516,0.1388
245,1266,1511,0.1388
240,1272,1512,0.1388
245,1273,1518,0.1388
247,1257,1504,0.1388
245,1255,1500,0.1388
246,1258,1504,0.1388
247,1260,1507,0.1388
245,1258,1503,0.1388
246,1264,1510,0.1388
246,1272,1518,0.1388
239,1264,1503,0.1388
241,1268,1509,0.1388
241,1270,1511,0.1388
240,1272,1512,0.1388
241,1270,1511,0.1388
247,1268,1515,0.1388
245,1263,1508,0.1388
247,1266,1513,0.1388
247,1256,1503,0.1388
246,1245,1491,0.1388
246,1263,1509,0.1388
249,1268,1517,0.1388
251,1265,1516,0.1388
249,1265,1514,0.1388
250,1263,1513,0.1388
246,1263,1509,0.1388
243,1272,1515,0.1388
246,1271,1517,0.1388
248,1268,1516,0.1388
243,1262,1505,0.1388
243,1250,1493,0.1388
244,1258,1502,0.1388
238,1271,1509,0.1388
237,1277,1514,0.1388
230,1272,1502,0.1388
233,1279,1512,0.1388
232,1275,1507,0.1388
232,1281,1513,0.1388
228,1285,1513,0.1388
228,1282,1510,0.1388
230,1290,1520,0.1388
229,1286,1515,0.1388
227,1293,1520,0.1388
225,1285,1510,0.1388
230,1298,1528,0.1388
231,1286,1517,0.1388
226,1280,1506,0.1388
232,1295,1527,0.1388
230,1279,1509,0.1388
227,1279,1506,0.1388
230,1274,1504,0.1388
235,1265,1500,0.1388
239,1263,1502,0.1388
239,1261,1500,0.1388
237,1251,1488,0.1388
242,1270,1512,0.1388
236,1260,1496,0.1388
237,1259,1496,0.1388
243,1269,1512,0.1388
243,1273,1516,0.1388
239,1265,1504,0.1388
234,1273,1507,0.1388
239,1281,1520,0.1388
234,1276,1510,0.1388
229,1274,1503,0.1388
225,1292,1517,0.1388
224,1278,1502,0.1388
223,1278,1501,0.1388
223,1275,1498,0.1388
220,1290,1510,0.1388
222,1287,1509,0.1388
220,1289,1509,0.1388
223,1284,1507,0.1388
223,1290,1513,0.1388
219,1283,1502,0.1388
218,1273,1491,0.1388
215,1285,1500,0.1388
215,1277,1492,0.1388
221,1276,1497,0.1388
224,1297,1521,0.1388
222,1305,1527,0.1388
219,1296,1515,0.1388
220,1293,1513,0.1388
219,1289,1508,0.1388
220,1287,1507,0.1388
219,1279,1498,0.1388
221,1281,1502,0.1388
219,1282,1501,0.1388
216,1277,1493,0.1388
213,1292,1505,0.1388
213,1291,1504,0.1388
214,1296,1510,0.1388
214,1303,1517,0.1388
209,1291,1500,0.1388
215,1297,1512,0.1388
219,1294,1513,0.1388
217,1300,1517,0.1388
219,1299,1518,0.1388
218,1286,1504,0.1388
219,1282,1501,0.1388
220,1290,1510,0.1388
216,1286,1502,0.1388
215,1286,1501,0.1388
216,1301,1517,0.1388
220,1299,1519,0.1388
217,1300,1517,0.1388
218,1322,1540,0.1388
214,1307,1521,0.1388
219,1305,1524,0.1388
222,1287,1509,0.1388
220,1291,1511,0.1388
221,1288,1509,0.1388
219,1285,1504,0.1388
220,1287,1507,0.1388
223,1285,1508,0.1388
224,1288,1512,0.1388
219,1284,1503,0.1388
220,1283,1503,0.1388
218,1298,1516,0.1388
212,1293,1505,0.1388
209,1279,1488,0.1388
215,1277,1492,0.1388
215,1286,1501,0.1388
210,1291,1501,0.1388
214,1296,1510,0.1388
214,1314,1528,0.1388
218,1309,1527,0.1388
216,1308,1524,0.1388
214,1296,1510,0.1388
216,1295,1511,0.1388
217,1307,1524,0.1388
217,1302,1519,0.1388
217,1304,1521,0.1388
221,1305,1526,0.1388
219,1304,1523,0.1388
223,1301,1524,0.1388
220,1302,1522,0.1388
218,1299,1517,0.1388
223,1292,1515,0.1388
224,1297,1521,0.1388
224,1299,1523,0.1388
220,1290,1510,0.1388
229,1283,1512,0.1388
231,1278,1509,0.1388
225,1280,1505,0.1388
223,1279,1502,0.1388
227,1279,1506,0.1388
227,1281,1508,0.1388
231,1283,1514,0.1388
226,1302,1528,0.1388
227,1292,1519,0.1388
232,1280,1512,0.1388
234,1295,1529,0.1388
229,1298,1527,0.1388
223,1284,1507,0.1388
226,1285,1511,0.1388
227,1295,1522,0.1388
226,1282,1508,0.1388
228,1286,1514,0.1388
224,1285,1509,0.1388
225,1281,1506,0.1388
223,1283,1506,0.1388
224,1277,1501,0.1388
221,1275,1496,0.1388
222,1277,1499,0.1388
224,1280,1504,0.1388
225,1299,1524,0.1388
225,1275,1500,0.1388
229,1285,1514,0.1388
227,1290,1517,0.1388
229,1274,1503,0.1388
230,1271,1501,0.1388
228,1282,1510,0.1388
233,1285,1518,0.1388
238,1288,1526,0.1388
236,1288,1524,0.1388
236,1293,1529,0.1388
233,1276,1509,0.1388
234,1274,1508,0.1388
226,1277,1503,0.1388
229,1283,1512,0.1388
228,1283,1511,0.1388
230,1273,1503,0.1388
231,1280,1511,0.1388
230,1282,1512,0.1388
226,1273,1499,0.1388
227,1292,1519,0.1388
230,1290,1520,0.1388
226,1290,1516,0.1388
226,1276,1502,0.1388
226,1284,1510,0.1388
227,1293,1520,0.1388
229,1288,1517,0.1388
225,1285,1510,0.1388
223,1280,1503,0.1388
219,1286,1505,0.1388
218,1282,1500,0.1388
218,1281,1499,0.1388
220,1281,1501,0.1388
222,1301,1523,0.1388
221,1311,1532,0.1388
216,1307,1523,0.1388
212,1297,1509,0.1388
216,1291,1507,0.1388
213,1300,1513,0.1388
209,1289,1498,0.1388
213,1282,1495,0.1388
211,1273,1484,0.1388
217,1296,1513,0.1388
210,1303,1513,0.1388
214,1308,1522,0.1388
212,1297,1509,0.1388
213,1302,1515,0.1388
203,1313,1516,0.1388
203,1309,1512,0.1388
209,1314,1523,0.1388
210,1310,1520,0.1388
209,1318,1527,0.1388
205,1315,1520,0.1388
204,1316,1520,0.1388
203,1333,1536,0.1388
202,1325,1527,0.1388
204,1326,1530,0.1388
201,1310,1511,0.1388
202,1323,1525,0.1388
199,1309,1508,0.1388
200,1307,1507,0.1388
200,1311,1511,0.1388
202,1319,1521,0.1388
201,1322,1523,0.1388
200,1308,1508,0.1388
198,1307,1505,0.1388
199,1315,1514,0.1388
197,1310,1507,0.1388
200,1321,1521,0.1388
201,1315,1516,0.1388
199,1317,1516,0.1388
204,1320,1524,0.1388
203,1311,1514,0.1388
202,1309,1511,0.1388
197,1309,1506,0.1388
197,1318,1515,0.1388
202,1303,1505,0.1388
199,1306,1505,0.1388
199,1300,1499,0.1388
200,1311,1511,0.1388
205,1310,1515,0.1388
202,1304,1506,0.1388
204,1294,1498,0.1388
206,1290,1496,0.1388
205,1305,1510,0.1388
207,1315,1522,0.1388
202,1322,1524,0.1388
204,1320,1524,0.1388
205,1320,1525,0.1388
208,1314,1522,0.1388
206,1316,1522,0.1388
206,1320,1526,0.1388
206,1325,1531,0.1388
203,1312,1515,0.1388
196,1295,1491,0.1388
198,1307,1505,0.1388
199,1314,1513,0.1388
198,1313,1511,0.1388
201,1306,1507,0.1388
202,1313,1515,0.1388
201,1310,1511,0.1388
195,1312,1507,0.1388
205,1300,1505,0.1388
205,1304,1509,0.1388
203,1313,1516,0.1388
198,1309,1507,0.1388
200,1314,1514,0.1388
205,1319,1524,0.1388
205,1323,1528,0.1388
207,1329,1536,0.1388
207,1329,1536,0.1388
206,1318,1524,0.1388
201,1300,1501,0.1388
201,1300,1501,0.1388
198,1309,1507,0.1388
199,1305,1504,0.1388
202,1314,1516,0.1388
199,1319,1518,0.1388
196,1316,1512,0.1388
198,1322,1520,0.1388
197,1318,1515,0.1388
194,1325,1519,0.1388
193,1327,1520,0.1388
189,1329,1518,0.1388
189,1329,1518,0.1388
194,1325,1519,0.1388
193,1323,1516,0.1388
191,1315,1506,0.1388
188,1314,1502,0.1388
189,1321,1510,0.1388
189,1323,1512,0.1388
189,1322,1511,0.1388
190,1312,1502,0.1388
189,1313,1502,0.1388
192,1322,1514,0.1388
193,1330,1523,0.1388
189,1323,1512,0.1388
185,1323,1508,0.1388
183,1321,1504,0.1388
183,1324,1507,0.1388
184,1321,1505,0.1388
186,1321,1507,0.1388
184,1322,1506,0.1388
188,1329,1517,0.1388
190,1326,1516,0.1388
195,1333,1528,0.1388
191,1326,1517,0.1388
189,1330,1519,0.1388
188,1318,1506,0.1388
192,1330,1522,0.1388
197,1315,1512,0.1388
197,1324,1521,0.1388
196,1318,1514,0.1388
194,1319,1513,0.1388
193,1322,1515,0.1388
188,1326,1514,0.1388
187,1334,1521,0.1388
191,1322,1513,0.1388
186,1330,1516,0.1388
188,1334,1522,0.1388
192,1330,1522,0.1388
189,1322,1511,0.1388
188,1318,1506,0.1388
187,1323,1510,0.1388
183,1325,1508,0.1388
185,1322,1507,0.1388
182,1320,1502,0.1388
179,1326,1505,0.1388
178,1335,1513,0.1388
174,1337,1511,0.1388
174,1341,1515,0.1388
175,1340,1515,0.1388
175,1342,1517,0.1388
176,1336,1512,0.1388
173,1334,1507,0.1388
170,1333,1503,0.1388
172,1335,1507,0.1388
176,1339,1515,0.1388
173,1342,1515,0.1388
168,1351,1519,0.1388
165,1344,1509,0.1388
167,1338,1505,0.1388
164,1340,1504,0.1388
162,1335,1497,0.1388
160,1351,1511,0.1388
160,1345,1505,0.1388
164,1348,1512,0.1388
161,1351,1512,0.1388
161,1344,1505,0.1388
160,1343,1503,0.1388
161,1352,1513,0.1388
162,1352,1514,0.1388
157,1350,1507,0.1388
158,1354,1512,0.1388
158,1363,1521,0.1388
162,1357,1519,0.1388
160,1352,1512,0.1388
161,1363,1524,0.1388
164,1363,1527,0.1388
164,1366,1530,0.1388
164,1356,1520,0.1388
165,1345,1510,0.1388
166,1347,1513,0.1388
165,1346,1511,0.1388
161,1358,1519,0.1388
159,1344,1503,0.1388
157,1356,1513,0.1388
154,1355,1509,0.1388
153,1360,1513,0.1388
146,1365,1511,0.1388
150,1366,1516,0.1388
150,1365,1515,0.1388
154,1369,1523,0.1388
154,1381,1535,0.1388
155,1371,1526,0.1388
153,1365,1518,0.1388
149,1366,1515,0.1388
152,1369,1521,0.1388
155,1352,1507,0.1388
156,1365,1521,0.1388
156,1367,1523,0.1388
155,1369,1524,0.1388
155,1374,1529,0.1388
150,1355,1505,0.1388
149,1356,1505,0.1388
147,1356,1503,0.1388
147,1359,1506,0.1388
149,1357,1506,0.1388
154,1362,1516,0.1388
151,1356,1507,0.1388
153,1356,1509,0.1388
152,1364,1516,0.1388
152,1362,1514,0.1388
148,1365,1513,0.1388
146,1352,1498,0.1388
151,1364,1515,0.1388
148,1381,1529,0.1388
149,1381,1530,0.1388
149,1383,1532,0.1388
144,1375,1519,0.1388
140,1378,1518,0.1388
139,1376,1515,0.1388
138,1377,1515,0.1388
136,1389,1525,0.1388
138,1392,1530,0.1388
135,1385,1520,0.1388
134,1384,1518,0.1388
138,1387,1525,0.1388
137,1382,1519,0.1388
136,1394,1530,0.1388
133,1387,1520,0.1388
133,1382,1515,0.1388
129,1392,1521,0.1388
128,1387,1515,0.1388
125,1385,1510,0.1388
130,1388,1518,0.1388
129,1385,1514,0.1388
129,1398,1527,0.1388
129,1391,1520,0.1388
125,1388,1513,0.1388
125,1405,1530,0.1388
128,1397,1525,0.1388
124,1390,1514,0.1388
122,1399,1521,0.1388
121,1407,1528,0.1388
120,1402,1522,0.1388
118,1405,1523,0.1388
115,1396,1511,0.1388
114,1401,1515,0.1388
112,1406,1518,0.1388
114,1406,1520,0.1388
110,1401,1511,0.1388
114,1401,1515,0.1388
113,1396,1509,0.1388
114,1396,1510,0.1388
117,1398,1515,0.1388
117,1390,1507,0.1388
119,1396,1515,0.1388
125,1399,1524,0.1388
125,1392,1517,0.1388
124,1396,1520,0.1388
121,1397,1518,0.1388
120,1398,1518,0.1388
117,1404,1521,0.1388
117,1399,1516,0.1388
121,1391,1512,0.1388
121,1410,1531,0.1388
122,1411,1533,0.1388
119,1416,1535,0.1388
115,1413,1528,0.1388
112,1403,1515,0.1388
115,1403,1518,0.1388
115,1406,1521,0.1388
113,1402,1515,0.1388
113,1401,1514,0.1388
115,1401,1516,0.1388
107,1404,1511,0.1388
109,1394,1503,0.1388
112,1396,1508,0.1388
112,1396,1508,0.1388
115,1401,1516,0.1388
117,1403,1520,0.1388
118,1393,1511,0.1388
119,1402,1521,0.1388
116,1398,1514,0.1388
116,1409,1525,0.1388
114,1403,1517,0.1388
111,1401,1512,0.1388
110,1390,1500,0.1388
111,1401,1512,0.1388
111,1403,1514,0.1388
109,1378,1487,0.1388
114,1390,1504,0.1388
115,1398,1513,0.1388
115,1393,1508,0.1388
116,1385,1501,0.1388
115,1393,1508,0.1388
116,1398,1514,0.1388
114,1394,1508,0.1388
115,1399,1514,0.1388
117,1396,1513,0.1388
114,1400,1514,0.1388
116,1404,1520,0.1388
116,1401,1517,0.1388
120,1403,1523,0.1388
119,1401,1520,0.1388
116,1406,1522,0.1388
117,1405,1522,0.1388
118,1400,1518,0.1388
117,1399,1516,0.1388
114,1391,1505,0.1388
116,1403,1519,0.1388
115,1408,1523,0.1388
113,1413,1526,0.1388
112,1409,1521,0.1388
110,1407,1517,0.1388
110,1404,1514,0.1388
108,1405,1513,0.1388
108,1404,1512,0.1388
110,1409,1519,0.1388
115,1400,1515,0.1388
110,1402,1512,0.1388
107,1402,1509,0.1388
108,1411,1519,0.1388
105,1410,1515,0.1388
103,1413,1516,0.1388
108,1414,1522,0.1388
107,1417,1524,0.1388
105,1422,1527,0.1388
105,1415,1520,0.1388
105,1423,1528,0.1388
103,1417,1520,0.1388
100,1432,1532,0.1388
100,1427,1527,0.1388
100,1418,1518,0.1388
104,1423,1527,0.1388
104,1414,1518,0.1388
105,1427,1532,0.1388
104,1415,1519,0.1388
107,1420,1527,0.1388
103,1413,1516,0.1388
102,1400,1502,0.1388
98,1410,1508,0.1388
99,1407,1506,0.1388
102,1417,1519,0.1388
103,1417,1520,0.1388
105,1410,1515,0.1388
102,1412,1514,0.1388
104,1418,1522,0.1388
105,1429,1534,0.1388
107,1420,1527,0.1388
108,1403,1511,0.1388
105,1399,1504,0.1388
103,1410,1513,0.1388
102,1404,1506,0.1388
105,1399,1504,0.1388
103,1409,1512,0.1388
103,1413,1516,0.1388
103,1422,1525,0.1388
99,1419,1518,0.1388
98,1427,1525,0.1388
99,1424,1523,0.1388
94,1429,1523,0.1388
92,1420,1512,0.1388
94,1416,1510,0.1388
98,1422,1520,0.1388
100,1432,1532,0.1388
98,1423,1521,0.1388
94,1442,1536,0.1388
93,1437,1530,0.1388
91,1434,1525,0.1388
89,1437,1526,0.1388
90,1428,1518,0.1388
88,1425,1513,0.1388
87,1423,1510,0.1388
86,1432,1518,0.1388
87,1428,1515,0.1388
92,1429,1521,0.1388
93,1431,1524,0.1388
89,1447,1536,0.1388
88,1426,1514,0.1388
90,1421,1511,0.1388
92,1433,1525,0.1388
90,1434,1524,0.1388
89,1445,1534,0.1388
90,1446,1536,0.1388
90,1433,1523,0.1388
88,1443,1531,0.1388
87,1457,1544,0.1388
89,1449,1538,0.1388
89,1429,1518,0.1388
89,1435,1524,0.1388
88,1426,1514,0.1388
87,1437,1524,0.1388
87,1447,1534,0.1388
86,1452,1538,0.1388
84,1445,1529,0.1388
83,1445,1528,0.1388
84,1430,1514,0.1388
85,1443,1528,0.1388
83,1436,1519,0.1388
83,1428,1511,0.1388
83,1430,1513,0.1388
82,1435,1517,0.1388
82,1429,1511,0.1388
79,1429,1508,0.1388
80,1429,1509,0.1388
80,1432,1512,0.1388
80,1431,1511,0.1388
78,1445,1523,0.1388
78,1450,1528,0.1388
79,1448,1527,0.1388
79,1450,1529,0.1388
81,1446,1527,0.1388
79,1441,1520,0.1388
77,1444,1521,0.1388
78,1442,1520,0.1388
76,1431,1507,0.1388
75,1439,1514,0.1388
74,1441,1515,0.1388
73,1452,1525,0.1388
70,1454,1524,0.1388
69,1465,1534,0.1388
68,1464,1532,0.1388
66,1460,1526,0.1388
67,1459,1526,0.1388
68,1452,1520,0.1388
69,1446,1515,0.1388
66,1456,1522,0.1388
65,1449,1514,0.1388
65,1454,1519,0.1388
63,1454,1517,0.1388
63,1450,1513,0.1388
62,1457,1519,0.1388
62,1444,1506,0.1388
63,1450,1513,0.1388
64,1444,1508,0.1388
64,1448,1512,0.1388
64,1438,1502,0.1388
66,1449,1515,0.1388
65,1468,1533,0.1388
64,1458,1522,0.1388
63,1471,1534,0.1388
63,1470,1533,0.1388
65,1463,1528,0.1388
66,1442,1508,0.1388
64,1440,1504,0.1388
67,1433,1500,0.1388
66,1448,1514,0.1388
67,1459,1526,0.1388
67,1461,1528,0.1388
68,1449,1517,0.1388
69,1459,1528,0.1388
71,1457,1528,0.1388
68,1455,1523,0.1388
69,1460,1529,0.1388
70,1467,1537,0.1388
66,1460,1526,0.1388
65,1457,1522,0.1388
65,1444,1509,0.1388
65,1448,1513,0.1388
65,1444,1509,0.1388
66,1434,1500,0.1388
66,1431,1497,0.1388
68,1433,1501,0.1388
67,1433,1500,0.1388
67,1449,1516,0.1388
65,1463,1528,0.1388
66,1456,1522,0.1388
66,1442,1508,0.1388
69,1438,1507,0.1388
70,1433,1503,0.1388
69,1430,1499,0.1388
69,1437,1506,0.1388
69,1438,1507,0.1388
69,1427,1496,0.1388
70,1425,1495,0.1388
69,1425,1494,0.1388
71,1428,1499,0.1388
72,1426,1498,0.1388
72,1428,1500,0.1388
72,1439,1511,0.1388
72,1437,1509,0.1388
72,1443,1515,0.1388
67,1439,1506,0.1388
65,1444,1509,0.1388
66,1447,1513,0.1388
67,1436,1503,0.1388
70,1436,1506,0.1388
68,1449,1517,0.1388
69,1438,1507,0.1388
67,1456,1523,0.1388
68,1451,1519,0.1388
67,1451,1518,0.1388
67,1457,1524,0.1388
69,1456,1525,0.1388
69,1454,1523,0.1388
67,1446,1513,0.1388
68,1444,1512,0.1388
67,1450,1517,0.1388
65,1453,1518,0.1388
64,1439,1503,0.1388
63,1450,1513,0.1388
65,1454,1519,0.1388
64,1447,1511,0.1388
65,1452,1517,0.1388
66,1457,1523,0.1388
65,1456,1521,0.1388
66,1453,1519,0.1388
64,1461,1525,0.1388
62,1458,1520,0.1388
59,1460,1519,0.1388
62,1458,1520,0.1388
62,1451,1513,0.1388
64,1464,1528,0.1388
65,1454,1519,0.1388
63,1460,1523,0.1388
62,1459,1521,0.1388
66,1447,1513,0.1388
67,1454,1521,0.1388
65,1448,1513,0.1388
66,1444,1510,0.1388
67,1444,1511,0.1388
69,1458,1527,0.1388
69,1450,1519,0.1388
70,1454,1524,0.1388
69,1464,1533,0.1388
68,1454,1522,0.1388
69,1456,1525,0.1388
68,1448,1516,0.1388
69,1458,1527,0.1388
68,1446,1514,0.1388
67,1454,1521,0.1388
67,1469,1536,0.1388
64,1459,1523,0.1388
62,1449,1511,0.1388
62,1430,1492,0.1388
62,1440,1502,0.1388
61,1443,1504,0.1388
59,1454,1513,0.1388
60,1450,1510,0.1388
61,1455,1516,0.1388
62,1449,1511,0.1388
62,1448,1510,0.1388
63,1457,1520,0.1388
63,1450,1513,0.1388
65,1447,1512,0.1388
67,1445,1512,0.1388
63,1449,1512,0.1388
64,1440,1504,0.1388
63,1446,1509,0.1388
64,1457,1521,0.1388
62,1469,1531,0.1388
60,1452,1512,0.1388
64,1462,1526,0.1388
66,1450,1516,0.1388
65,1445,1510,0.1388
65,1437,1502,0.1388
62,1458,1520,0.1388
63,1451,1514,0.1388
64,1451,1515,0.1388
62,1455,1517,0.1388
65,1455,1520,0.1388
67,1455,1522,0.1388
66,1456,1522,0.1388
65,1442,1507,0.1388
65,1461,1526,0.1388
66,1444,1510,0.1388
66,1450,1516,0.1388
66,1434,1500,0.1388
68,1439,1507,0.1388
67,1434,1501,0.1388
64,1444,1508,0.1388
64,1446,1510,0.1388
64,1450,1514,0.1388
64,1452,1516,0.1388
64,1451,1515,0.1388
64,1445,1509,0.1388
64,1442,1506,0.1388
64,1434,1498,0.1388
61,1435,1496,0.1388
60,1445,1505,0.1388
57,1452,1509,0.1388
57,1455,1512,0.1388
56,1465,1521,0.1388
56,1462,1518,0.1388
58,1473,1531,0.1388
54,1465,1519,0.1388
53,1448,1501,0.1388
51,1454,1505,0.1388
48,1462,1510,0.1388
43,1462,1505,0.1388
43,1459,1502,0.1388
42,1450,1492,0.1388
38,1471,1509,0.1388
39,1458,1497,0.1388
40,1457,1497,0.1388
41,1464,1505,0.1388
42,1464,1506,0.1388
40,1479,1519,0.1388
38,1489,1527,0.1388
40,1487,1527,0.1388
39,1488,1527,0.1388
40,1488,1528,0.1388
40,1498,1538,0.1388
40,1492,1532,0.1388
41,1479,1520,0.1388
42,1482,1524,0.1388
39,1461,1500,0.1388
40,1474,1514,0.1388
40,1480,1520,0.1388
40,1478,1518,0.1388
39,1475,1514,0.1388
38,1464,1502,0.1388
37,1468,1505,0.1388
38,1476,1514,0.1388
37,1475,1512,0.1388
37,1481,1518,0.1388
37,1474,1511,0.1388
38,1470,1508,0.1388
35,1479,1514,0.1388
33,1480,1513,0.1388
33,1481,1514,0.1388
31,1477,1508,0.1388
30,1475,1505,0.1388
28,1471,1499,0.1388
30,1485,1515,0.1388
29,1481,1510,0.1388
30,1491,1521,0.1388
30,1490,1520,0.1388
30,1478,1508,0.1388
32,1479,1511,0.1388
31,1478,1509,0.1388
31,1471,1502,0.1388
32,1476,1508,0.1388
32,1471,1503,0.1388
33,1467,1500,0.1388
31,1493,1524,0.1388
31,1487,1518,0.1388
31,1498,1529,0.1388
32,1492,1524,0.1388
33,1479,1512,0.1388
33,1478,1511,0.1388
32,1483,1515,0.1388
32,1493,1525,0.1388
31,1491,1522,0.1388
29,1494,1523,0.1388
26,1500,1526,0.1388
25,1504,1529,0.1388
26,1503,1529,0.1388
25,1490,1515,0.1388
27,1495,1522,0.1388
27,1490,1517,0.1388
27,1480,1507,0.1388
28,1484,1512,0.1388
28,1477,1505,0.1388
27,1475,1502,0.1388
26,1467,1493,0.1388
25,1477,1502,0.1388
24,1488,1512,0.1388
23,1484,1507,0.1388
22,1486,1508,0.1388
22,1486,1508,0.1388
23,1483,1506,0.1388
24,1487,1511,0.1388
24,1481,1505,0.1388
24,1478,1502,0.1388
25,1485,1510,0.1388
23,1489,1512,0.1388
23,1479,1502,0.1388
22,1478,1500,0.1388
21,1482,1503,0.1388
20,1480,1500,0.1388
19,1479,1498,0.1388
19,1483,1502,0.1388
19,1465,1484,0.1388
19,1482,1501,0.1388
18,1496,1514,0.1388
18,1503,1521,0.1388
18,1507,1525,0.1388
18,1522,1540,0.1388
18,1510,1528,0.1388
15,1509,1524,0.1388
17,1498,1515,0.1388
16,1491,1507,0.1388
16,1493,1509,0.1388
14,1481,1495,0.1388
13,1493,1506,0.1388
13,1503,1516,0.1388
13,1502,1515,0.1388
14,1512,1526,0.1388
13,1509,1522,0.1388
13,1499,1512,0.1388
13,1508,1521,0.1388
12,1507,1519,0.1388
14,1499,1513,0.1388
14,1504,1518,0.1388
17,1494,1511,0.1388
17,1483,1500,0.1388
17,1481,1498,0.1388
18,1486,1504,0.1388
19,1492,1511,0.1388
19,1505,1524,0.1388
18,1492,1510,0.1388
17,1504,1521,0.1388
18,1497,1515,0.1388
18,1496,1514,0.1388
17,1495,1512,0.1388
18,1487,1505,0.1388
17,1490,1507,0.1388
18,1493,1511,0.1388
17,1490,1507,0.1388
17,1488,1505,0.1388
16,1494,1510,0.1388
13,1505,1518,0.1388
14,1522,1536,0.1388
14,1522,1536,0.1388
14,1520,1534,0.1388
14,1511,1525,0.1388
14,1507,1521,0.1388
12,1505,1517,0.1388
13,1495,1508,0.1388
14,1513,1527,0.1388
13,1506,1519,0.1388
13,1507,1520,0.1388
13,1512,1525,0.1388
13,1508,1521,0.1388
13,1514,1527,0.1388
13,1513,1526,0.1388
14,1505,1519,0.1388
14,1508,1522,0.1388
13,1494,1507,0.1388
13,1494,1507,0.1388
13,1495,1508,0.1388
14,1497,1511,0.1388
14,1501,1515,0.1388
14,1506,1520,0.1388
14,1498,1512,0.1388
12,1496,1508,0.1388
12,1506,1518,0.1388
12,1503,1515,0.1388
12,1500,1512,0.1388
12,1501,1513,0.1388
12,1495,1507,0.1388
13,1502,1515,0.1388
13,1500,1513,0.1388
11,1496,1507,0.1388
11,1494,1505,0.1388
11,1493,1504,0.1388
11,1494,1505,0.1388
10,1485,1495,0.1388
9,1505,1514,0.1388
9,1514,1523,0.1388
9,1517,1526,0.1388
9,1519,1528,0.1388
9,1519,1528,0.1388
9,1507,1516,0.1388
9,1511,1520,0.1388
9,1516,1525,0.1388
8,1503,1511,0.1388
8,1503,1511,0.1388
7,1502,1509,0.1388
7,1505,1512,0.1388
7,1515,1522,0.1388
7,1507,1514,0.1388
7,1506,1513,0.1388
7,1515,1522,0.1388
7,1507,1514,0.1388
7,1505,1512,0.1388
9,1508,1517,0.1388
9,1493,1502,0.1388
9,1506,1515,0.1388
10,1514,1524,0.1388
8,1512,1520,0.1388
8,1514,1522,0.1388
8,1505,1513,0.1388
8,1516,1524,0.1388
8,1508,1516,0.1388
8,1513,1521,0.1388
8,1516,1524,0.1388
8,1500,1508,0.1388
9,1492,1501,0.1388
9,1507,1516,0.1388
9,1508,1517,0.1388
10,1506,1516,0.1388
11,1511,1522,0.1388
11,1521,1532,0.1388
11,1500,1511,0.1388
10,1507,1517,0.1388
10,1497,1507,0.1388
10,1497,1507,0.1388
11,1504,1515,0.1388
11,1503,1514,0.1388
10,1496,1506,0.1388
10,1505,1515,0.1388
11,1489,1500,0.1388
10,1487,1497,0.1388
10,1491,1501,0.1388
9,1492,1501,0.1388
10,1489,1499,0.1388
9,1485,1494,0.1388
8,1498,1506,0.1388
8,1503,1511,0.1388
9,1522,1531,0.1388
9,1525,1534,0.1388
9,1523,1532,0.1388
9,1521,1530,0.1388
9,1514,1523,0.1388
8,1506,1514,0.1388
8,1515,1523,0.1388
8,1506,1514,0.1388
8,1503,1511,0.1388
8,1496,1504,0.1388
8,1489,1497,0.1388
8,1504,1512,0.1388
8,1500,1508,0.1388
8,1514,1522,0.1388
8,1508,1516,0.1388
7,1512,1519,0.1388
6,1504,1510,0.1388
7,1519,1526,0.1388
8,1526,1534,0.1388
8,1521,1529,0.1388
7,1528,1535,0.1388
8,1536,1544,0.1388
8,1525,1533,0.1388
8,1528,1536,0.1388
8,1521,1529,0.1388
8,1511,1519,0.1388
8,1520,1528,0.1388
8,1515,1523,0.1388
7,1517,1524,0.1388
7,1511,1518,0.1388
7,1525,1532,0.1388
7,1524,1531,0.1388
7,1523,1530,0.1388
6,1521,1527,0.1388
6,1516,1522,0.1388
6,1505,1511,0.1388
7,1515,1522,0.1388
7,1512,1519,0.1388
7,1509,1516,0.1388
7,1519,1526,0.1388
8,1518,1526,0.1388
8,1500,1508,0.1388
8,1515,1523,0.1388
8,1523,1531,0.1388
8,1518,1526,0.1388
8,1516,1524,0.1388
8,1518,1526,0.1388
8,1511,1519,0.1388
8,1513,1521,0.1388
8,1519,1527,0.1388
8,1513,1521,0.1388
8,1512,1520,0.1388
8,1499,1507,0.1388
8,1497,1505,0.1388
8,1495,1503,0.1388
9,1502,1511,0.1388
8,1508,1516,0.1388
8,1517,1525,0.1388
8,1523,1531,0.1388
7,1522,1529,0.1388
7,1518,1525,0.1388
7,1509,1516,0.1388
6,1510,1516,0.1388
7,1506,1513,0.1388
9,1503,1512,0.1388
10,1502,1512,0.1388
9,1496,1505,0.1388
8,1505,1513,0.1388
7,1498,1505,0.1388
7,1493,1500,0.1388
6,1503,1509,0.1388
6,1485,1491,0.1388
6,1491,1497,0.1388
6,1510,1516,0.1388
8,1508,1516,0.1388
8,1499,1507,0.1388
8,1506,1514,0.1388
8,1504,1512,0.1388
7,1510,1517,0.1388
7,1504,1511,0.1388
7,1498,1505,0.1388
8,1507,1515,0.1388
8,1512,1520,0.1388
8,1518,1526,0.1388
8,1508,1516,0.1388
8,1496,1504,0.1388
8,1515,1523,0.1388
8,1509,1517,0.1388
8,1514,1522,0.1388
8,1514,1522,0.1388
8,1515,1523,0.1388
8,1519,1527,0.1388
8,1514,1522,0.1388
9,1507,1516,0.1388
9,1523,1532,0.1388
8,1524,1532,0.1388
8,1525,1533,0.1388
8,1506,1514,0.1388
8,1494,1502,0.1388
8,1510,1518,0.1388
8,1501,1509,0.1388
8,1514,1522,0.1388
7,1514,1521,0.1388
7,1516,1523,0.1388
7,1503,1510,0.1388
7,1504,1511,0.1388
6,1490,1496,0.1388
6,1501,1507,0.1388
6,1501,1507,0.1388
6,1502,1508,0.1388
6,1506,1512,0.1388
6,1499,1505,0.1388
6,1506,1512,0.1388
5,1512,1517,0.1388
5,1528,1533,0.1388
5,1523,1528,0.1388
5,1525,1530,0.1388
5,1517,1522,0.1388
5,1513,1518,0.1388
5,1508,1513,0.1388
5,1506,1511,0.1388
5,1502,1507,0.1388
5,1509,1514,0.1388
5,1506,1511,0.1388
4,1508,1512,0.1388
4,1519,1523,0.1388
4,1527,1531,0.1388
4,1523,1527,0.1388
4,1522,1526,0.1388
4,1518,1522,0.1388
4,1507,1511,0.1388
4,1518,1522,0.1388
4,1524,1528,0.1388
4,1528,1532,0.1388
4,1512,1516,0.1388
4,1512,1516,0.1388
4,1508,1512,0.1388
4,1522,1526,0.1388
4,1526,1530,0.1388
4,1520,1524,0.1388
4,1510,1514,0.1388
3,1521,1524,0.1388
3,1523,1526,0.1388
3,1521,1524,0.1388
3,1532,1535,0.1388
3,1535,1538,0.1388
3,1531,1534,0.1388
3,1516,1519,0.1388
3,1519,1522,0.1388
4,1519,1523,0.1388
4,1510,1514,0.1388
4,1496,1500,0.1388
4,1507,1511,0.1388
4,1502,1506,0.1388
4,1513,1517,0.1388
4,1522,1526,0.1388
4,1527,1531,0.1388
4,1529,1533,0.1388
4,1523,1527,0.1388
4,1515,1519,0.1388
4,1509,1513,0.1388
4,1514,1518,0.1388
4,1509,1513,0.1388
4,1507,1511,0.1388
4,1506,1510,0.1388
5,1504,1509,0.1388
4,1498,1502,0.1388
4,1519,1523,0.1388
4,1508,1512,0.1388
4,1512,1516,0.1388
5,1518,1523,0.1388
5,1527,1532,0.1388
5,1511,1516,0.1388
4,1511,1515,0.1388
5,1518,1523,0.1388
6,1500,1506,0.1388
6,1504,1510,0.1388
4,1506,1510,0.1388
5,1499,1504,0.1388
5,1512,1517,0.1388
5,1520,1525,0.1388
5,1514,1519,0.1388
5,1506,1511,0.1388
5,1515,1520,0.1388
3,1505,1508,0.1388
3,1510,1513,0.1388
3,1511,1514,0.1388
3,1505,1508,0.1388
4,1494,1498,0.1388
4,1496,1500,0.1388
4,1500,1504,0.1388
4,1508,1512,0.1388
4,1499,1503,0.1388
4,1500,1504,0.1388
4,1501,1505,0.1388
4,1505,1509,0.1388
4,1507,1511,0.1388
3,1507,1510,0.1388
2,1513,1515,0.1388
2,1507,1509,0.1388
2,1513,1515,0.1388
2,1525,1527,0.1388
2,1512,1514,0.1388
2,1512,1514,0.1388
2,1501,1503,0.1388
2,1497,1499,0.1388
1,1512,1513,0.1388
1,1516,1517,0.1388
1,1525,1526,0.1388
1,1523,1524,0.1388
1,1512,1513,0.1388
1,1515,1516,0.1388
0,1522,1522,0.1388
