1392,25,1417,0.1388
1409,24,1433,0.1388
1423,28,1451,0.1388
1445,29,1474,0.1388
1452,27,1479,0.1388
1449,27,1476,0.1388
1455,27,1482,0.1388
1467,29,1496,0.1388
1465,29,1494,0.1388
1475,28,1503,0.1388
1471,26,1497,0.1388
1475,26,1501,0.1388
1468,27,1495,0.1388
1469,26,1495,0.1388
1467,27,1494,0.1388
1469,27,1496,0.1388
1454,29,1483,0.1388
1440,30,1470,0.1388
1440,30,1470,0.1388
1438,26,1464,0.1388
1445,26,1471,0.1388
1458,26,1484,0.1388
1462,26,1488,0.1388
1461,29,1490,0.1388
1472,27,1499,0.1388
1468,27,1495,0.1388
1472,25,1497,0.1388
1481,24,1505,0.1388
1484,25,1509,0.1388
1480,24,1504,0.1388
1480,23,1503,0.1388
1478,25,1503,0.1388
1463,28,1491,0.1388
1458,28,1486,0.1388
1453,27,1480,0.1388
1460,29,1489,0.1388
1455,29,1484,0.1388
1454,30,1484,0.1388
1464,30,1494,0.1388
1469,29,1498,0.1388
1466,29,1495,0.1388
1477,29,1506,0.1388
1472,28,1500,0.1388
1463,26,1489,0.1388
1470,25,1495,0.1388
1466,24,1490,0.1388
1470,26,1496,0.1388
1486,24,1510,0.1388
1481,23,1504,0.1388
1470,21,1491,0.1388
1476,22,1498,0.1388
1480,23,1503,0.1388
1463,23,1486,0.1388
1465,23,1488,0.1388
1469,24,1493,0.1388
1476,24,1500,0.1388
1474,22,1496,0.1388
1459,22,1481,0.1388
1463,22,1485,0.1388
1462,22,1484,0.1388
1459,21,1480,0.1388
1466,21,1487,0.1388
1469,20,1489,0.1388
1475,18,1493,0.1388
1469,19,1488,0.1388
1466,17,1483,0.1388
1474,19,1493,0.1388
1468,16,1484,0.1388
1480,17,1497,0.1388
1485,18,1503,0.1388
1491,19,1510,0.1388
1481,20,1501,0.1388
1484,20,1504,0.1388
1481,20,1501,0.1388
1467,20,1487,0.1388
1464,22,1486,0.1388
1493,21,1514,0.1388
1482,21,1503,0.1388
1494,21,1515,0.1388
1480,22,1502,0.1388
1466,22,1488,0.1388
1462,23,1485,0.1388
1469,24,1493,0.1388
1459,24,1483,0.1388
1465,25,1490,0.1388
1457,25,1482,0.1388
1457,26,1483,0.1388
1478,26,1504,0.1388
1466,26,1492,0.1388
1479,25,1504,0.1388
1474,26,1500,0.1388
1482,27,1509,0.1388
1474,27,1501,0.1388
1464,27,1491,0.1388
1470,27,1497,0.1388
1470,30,1500,0.1388
1458,31,1489,0.1388
1457,32,1489,0.1388
1455,33,1488,0.1388
1458,33,1491,0.1388
1467,32,1499,0.1388
1465,33,1498,0.1388
1477,33,1510,0.1388
1470,34,1504,0.1388
1467,35,1502,0.1388
1470,34,1504,0.1388
1464,35,1499,0.1388
1466,35,1501,0.1388
1473,33,1506,0.1388
1463,34,1497,0.1388
1466,37,1503,0.1388
1460,39,1499,0.1388
1460,40,1500,0.1388
1464,41,1505,0.1388
1455,42,1497,0.1388
1465,42,1507,0.1388
1450,44,1494,0.1388
1446,46,1492,0.1388
1454,45,1499,0.1388
1442,43,1485,0.1388
1449,46,1495,0.1388
1445,45,1490,0.1388
1457,45,1502,0.1388
1450,48,1498,0.1388
1441,43,1484,0.1388
1444,45,1489,0.1388
1453,48,1501,0.1388
1443,50,1493,0.1388
1445,49,1494,0.1388
1451,49,1500,0.1388
1440,49,1489,0.1388
1460,47,1507,0.1388
1454,48,1502,0.1388
1441,48,1489,0.1388
1444,48,1492,0.1388
1452,49,1501,0.1388
1452,49,1501,0.1388
1452,49,1501,0.1388
1442,49,1491,0.1388
1452,47,1499,0.1388
1455,46,1501,0.1388
1446,47,1493,0.1388
1441,46,1487,0.1388
1454,43,1497,0.1388
1451,43,1494,0.1388
1459,42,1501,0.1388
1457,41,1498,0.1388
1432,43,1475,0.1388
1431,45,1476,0.1388
1431,47,1478,0.1388
1450,49,1499,0.1388
1444,52,1496,0.1388
1442,51,1493,0.1388
1438,51,1489,0.1388
1437,56,1493,0.1388
1434,55,1489,0.1388
1436,55,1491,0.1388
1436,53,1489,0.1388
1437,54,1491,0.1388
1438,54,1492,0.1388
1441,59,1500,0.1388
1436,61,1497,0.1388
1433,62,1495,0.1388
1440,63,1503,0.1388
1434,60,1494,0.1388
1439,58,1497,0.1388
1425,58,1483,0.1388
1421,59,1480,0.1388
1420,59,1479,0.1388
1413,60,1473,0.1388
1416,59,1475,0.1388
1409,59,1468,0.1388
1408,58,1466,0.1388
1425,55,1480,0.1388
1427,56,1483,0.1388
1432,55,1487,0.1388
1433,56,1489,0.1388
1442,55,1497,0.1388
1449,55,1504,0.1388
1455,53,1508,0.1388
1452,52,1504,0.1388
1451,54,1505,0.1388
1433,53,1486,0.1388
1436,54,1490,0.1388
1428,53,1481,0.1388
1432,57,1489,0.1388
1437,58,1495,0.1388
1428,56,1484,0.1388
1432,57,1489,0.1388
1432,55,1487,0.1388
1425,54,1479,0.1388
1444,54,1498,0.1388
1455,56,1511,0.1388
1466,58,1524,0.1388
1458,56,1514,0.1388
1442,61,1503,0.1388
1444,61,1505,0.1388
1449,60,1509,0.1388
1456,59,1515,0.1388
1458,63,1521,0.1388
1450,65,1515,0.1388
1451,64,1515,0.1388
1445,65,1510,0.1388
1441,64,1505,0.1388
1439,60,1499,0.1388
1430,63,1493,0.1388
1446,63,1509,0.1388
1428,61,1489,0.1388
1424,63,1487,0.1388
1415,64,1479,0.1388
1423,60,1483,0.1388
1406,62,1468,0.1388
1418,63,1481,0.1388
1436,65,1501,0.1388
1445,66,1511,0.1388
1439,65,1504,0.1388
1439,64,1503,0.1388
1433,61,1494,0.1388
1440,61,1501,0.1388
1441,62,1503,0.1388
1443,59,1502,0.1388
1450,62,1512,0.1388
1431,66,1497,0.1388
1422,68,1490,0.1388
1421,70,1491,0.1388
1438,71,1509,0.1388
1432,71,1503,0.1388
1432,69,1501,0.1388
1430,72,1502,0.1388
1432,70,1502,0.1388
1431,72,1503,0.1388
1420,71,1491,0.1388
1411,71,1482,0.1388
1432,71,1503,0.1388
1424,74,1498,0.1388
1430,77,1507,0.1388
1428,74,1502,0.1388
1406,77,1483,0.1388
1401,78,1479,0.1388
1393,79,1472,0.1388
1406,75,1481,0.1388
1424,74,1498,0.1388
1433,74,1507,0.1388
1413,75,1488,0.1388
1418,77,1495,0.1388
1439,72,1511,0.1388
1434,69,1503,0.1388
1429,70,1499,0.1388
1422,71,1493,0.1388
1419,74,1493,0.1388
1424,75,1499,0.1388
1407,74,1481,0.1388
1409,72,1481,0.1388
1418,69,1487,0.1388
1423,69,1492,0.1388
1428,67,1495,0.1388
1425,68,1493,0.1388
1432,66,1498,0.1388
1441,70,1511,0.1388
1430,70,1500,0.1388
1424,71,1495,0.1388
1430,72,1502,0.1388
1424,70,1494,0.1388
1417,67,1484,0.1388
1429,68,1497,0.1388
1416,67,1483,0.1388
1425,66,1491,0.1388
1433,70,1503,0.1388
1432,69,1501,0.1388
1429,68,1497,0.1388
1434,66,1500,0.1388
1442,66,1508,0.1388
1450,68,1518,0.1388
1449,66,1515,0.1388
1443,68,1511,0.1388
1438,69,1507,0.1388
1433,71,1504,0.1388
1415,73,1488,0.1388
1422,72,1494,0.1388
1437,68,1505,0.1388
1439,63,1502,0.1388
1415,65,1480,0.1388
1408,66,1474,0.1388
1411,66,1477,0.1388
1419,69,1488,0.1388
1419,68,1487,0.1388
1432,65,1497,0.1388
1432,64,1496,0.1388
1422,66,1488,0.1388
1430,65,1495,0.1388
1444,68,1512,0.1388
1439,66,1505,0.1388
1440,68,1508,0.1388
1430,65,1495,0.1388
1420,69,1489,0.1388
1425,71,1496,0.1388
1426,71,1497,0.1388
1429,72,1501,0.1388
1427,73,1500,0.1388
1427,72,1499,0.1388
1435,70,1505,0.1388
1431,69,1500,0.1388
1424,68,1492,0.1388
1412,68,1480,0.1388
1415,68,1483,0.1388
1412,69,1481,0.1388
1421,67,1488,0.1388
1414,68,1482,0.1388
1436,69,1505,0.1388
1432,70,1502,0.1388
1431,66,1497,0.1388
1426,66,1492,0.1388
1422,63,1485,0.1388
1436,64,1500,0.1388
1430,66,1496,0.1388
1426,67,1493,0.1388
1427,69,1496,0.1388
1415,68,1483,0.1388
1413,66,1479,0.1388
1409,69,1478,0.1388
1416,67,1483,0.1388
1402,68,1470,0.1388
1407,69,1476,0.1388
1430,69,1499,0.1388
1436,73,1509,0.1388
1425,71,1496,0.1388
1419,71,1490,0.1388
1409,69,1478,0.1388
1414,70,1484,0.1388
1413,71,1484,0.1388
1424,73,1497,0.1388
1410,74,1484,0.1388
1418,72,1490,0.1388
1429,68,1497,0.1388
1417,68,1485,0.1388
1405,68,1473,0.1388
1418,69,1487,0.1388
1413,70,1483,0.1388
1416,73,1489,0.1388
1410,71,1481,0.1388
1412,73,1485,0.1388
1418,75,1493,0.1388
1408,75,1483,0.1388
1417,75,1492,0.1388
1418,75,1493,0.1388
1413,77,1490,0.1388
1408,73,1481,0.1388
1422,69,1491,0.1388
1424,71,1495,0.1388
1407,68,1475,0.1388
1419,65,1484,0.1388
1425,63,1488,0.1388
1419,62,1481,0.1388
1412,65,1477,0.1388
1427,66,1493,0.1388
1428,67,1495,0.1388
1420,66,1486,0.1388
1425,65,1490,0.1388
1416,68,1484,0.1388
1431,69,1500,0.1388
1432,72,1504,0.1388
1438,74,1512,0.1388
1449,75,1524,0.1388
1454,72,1526,0.1388
1431,70,1501,0.1388
1430,72,1502,0.1388
1428,73,1501,0.1388
1441,73,1514,0.1388
1431,72,1503,0.1388
1429,71,1500,0.1388
1426,70,1496,0.1388
1427,71,1498,0.1388
1419,74,1493,0.1388
1406,73,1479,0.1388
1389,75,1464,0.1388
1403,75,1478,0.1388
1419,77,1496,0.1388
1424,72,1496,0.1388
1401,73,1474,0.1388
1402,74,1476,0.1388
1404,76,1480,0.1388
1404,73,1477,0.1388
1400,75,1475,0.1388
1398,74,1472,0.1388
1412,78,1490,0.1388
1416,80,1496,0.1388
1416,79,1495,0.1388
1417,82,1499,0.1388
1414,81,1495,0.1388
1409,80,1489,0.1388
1411,85,1496,0.1388
1409,87,1496,0.1388
1404,85,1489,0.1388
1394,81,1475,0.1388
1397,81,1478,0.1388
1408,76,1484,0.1388
1409,77,1486,0.1388
1414,82,1496,0.1388
1402,80,1482,0.1388
1406,82,1488,0.1388
1402,83,1485,0.1388
1403,81,1484,0.1388
1426,81,1507,0.1388
1425,83,1508,0.1388
1430,82,1512,0.1388
1417,85,1502,0.1388
1411,85,1496,0.1388
1399,83,1482,0.1388
1405,84,1489,0.1388
1407,84,1491,0.1388
1415,85,1500,0.1388
1420,87,1507,0.1388
1420,85,1505,0.1388
1413,87,1500,0.1388
1413,89,1502,0.1388
1414,87,1501,0.1388
1420,85,1505,0.1388
1421,89,1510,0.1388
1414,90,1504,0.1388
1407,90,1497,0.1388
1400,90,1490,0.1388
1397,90,1487,0.1388
1397,91,1488,0.1388
1396,91,1487,0.1388
1397,91,1488,0.1388
1410,87,1497,0.1388
1408,85,1493,0.1388
1401,89,1490,0.1388
1410,90,1500,0.1388
1414,93,1507,0.1388
1403,96,1499,0.1388
1408,94,1502,0.1388
1409,92,1501,0.1388
1393,97,1490,0.1388
1394,100,1494,0.1388
1398,97,1495,0.1388
1395,97,1492,0.1388
1393,100,1493,0.1388
1389,100,1489,0.1388
1395,97,1492,0.1388
1397,98,1495,0.1388
1381,100,1481,0.1388
1389,102,1491,0.1388
1388,102,1490,0.1388
1396,103,1499,0.1388
1396,104,1500,0.1388
1399,108,1507,0.1388
1403,102,1505,0.1388
1402,103,1505,0.1388
1408,102,1510,0.1388
1402,104,1506,0.1388
1401,103,1504,0.1388
1389,103,1492,0.1388
1397,105,1502,0.1388
1391,108,1499,0.1388
1391,108,1499,0.1388
1398,110,1508,0.1388
1387,107,1494,0.1388
1383,101,1484,0.1388
1387,103,1490,0.1388
1388,103,1491,0.1388
1386,101,1487,0.1388
1373,105,1478,0.1388
1386,104,1490,0.1388
1385,104,1489,0.1388
1385,105,1490,0.1388
1377,109,1486,0.1388
1373,108,1481,0.1388
1364,109,1473,0.1388
1373,110,1483,0.1388
1358,112,1470,0.1388
1355,110,1465,0.1388
1359,114,1473,0.1388
1374,117,1491,0.1388
1372,116,1488,0.1388
1374,119,1493,0.1388
1386,116,1502,0.1388
1382,119,1501,0.1388
1383,114,1497,0.1388
1372,117,1489,0.1388
1377,115,1492,0.1388
1384,115,1499,0.1388
1396,114,1510,0.1388
1385,115,1500,0.1388
1378,117,1495,0.1388
1383,118,1501,0.1388
1391,115,1506,0.1388
1388,114,1502,0.1388
1394,111,1505,0.1388
1397,113,1510,0.1388
1381,112,1493,0.1388
1379,114,1493,0.1388
1375,112,1487,0.1388
1378,118,1496,0.1388
1385,118,1503,0.1388
1363,117,1480,0.1388
1373,117,1490,0.1388
1365,117,1482,0.1388
1360,117,1477,0.1388
1361,118,1479,0.1388
1374,119,1493,0.1388
1371,122,1493,0.1388
1371,122,1493,0.1388
1377,120,1497,0.1388
1374,121,1495,0.1388
1360,115,1475,0.1388
1362,120,1482,0.1388
1368,116,1484,0.1388
1373,120,1493,0.1388
1373,118,1491,0.1388
1364,122,1486,0.1388
1364,124,1488,0.1388
1362,131,1493,0.1388
1375,134,1509,0.1388
1371,136,1507,0.1388
1367,138,1505,0.1388
1362,135,1497,0.1388
1362,137,1499,0.1388
1367,137,1504,0.1388
1366,135,1501,0.1388
1364,135,1499,0.1388
1373,135,1508,0.1388
1376,137,1513,0.1388
1363,135,1498,0.1388
1360,135,1495,0.1388
1359,133,1492,0.1388
1360,134,1494,0.1388
1353,135,1488,0.1388
1355,140,1495,0.1388
1363,145,1508,0.1388
1365,148,1513,0.1388
1357,148,1505,0.1388
1359,144,1503,0.1388
1355,147,1502,0.1388
1359,146,1505,0.1388
1364,147,1511,0.1388
1365,146,1511,0.1388
1362,149,1511,0.1388
1373,154,1527,0.1388
1351,151,1502,0.1388
1339,154,1493,0.1388
1336,156,1492,0.1388
1336,154,1490,0.1388
1320,153,1473,0.1388
1335,154,1489,0.1388
1325,159,1484,0.1388
1329,159,1488,0.1388
1342,158,1500,0.1388
1341,158,1499,0.1388
1346,158,1504,0.1388
1339,161,1500,0.1388
1342,159,1501,0.1388
1336,163,1499,0.1388
1340,161,1501,0.1388
1342,162,1504,0.1388
1334,160,1494,0.1388
1334,161,1495,0.1388
1333,164,1497,0.1388
1338,169,1507,0.1388
1346,166,1512,0.1388
1334,169,1503,0.1388
1329,166,1495,0.1388
1326,164,1490,0.1388
1323,168,1491,0.1388
1322,171,1493,0.1388
1329,173,1502,0.1388
1330,172,1502,0.1388
1324,174,1498,0.1388
1324,174,1498,0.1388
1319,174,1493,0.1388
1319,174,1493,0.1388
1322,179,1501,0.1388
1331,185,1516,0.1388
1326,189,1515,0.1388
1315,189,1504,0.1388
1320,186,1506,0.1388
1324,183,1507,0.1388
1318,182,1500,0.1388
1317,188,1505,0.1388
1309,186,1495,0.1388
1312,185,1497,0.1388
1301,185,1486,0.1388
1298,187,1485,0.1388
1297,194,1491,0.1388
1298,187,1485,0.1388
1302,192,1494,0.1388
1295,192,1487,0.1388
1297,192,1489,0.1388
1299,190,1489,0.1388
1291,190,1481,0.1388
1296,193,1489,0.1388
1302,198,1500,0.1388
1307,197,1504,0.1388
1301,197,1498,0.1388
1297,198,1495,0.1388
1298,201,1499,0.1388
1300,209,1509,0.1388
1302,208,1510,0.1388
1299,209,1508,0.1388
1308,212,1520,0.1388
1316,211,1527,0.1388
1313,210,1523,0.1388
1314,205,1519,0.1388
1302,206,1508,0.1388
1305,204,1509,0.1388
1298,204,1502,0.1388
1288,208,1496,0.1388
1283,207,1490,0.1388
1272,209,1481,0.1388
1279,205,1484,0.1388
1290,205,1495,0.1388
1289,204,1493,0.1388
1294,199,1493,0.1388
1288,198,1486,0.1388
1293,202,1495,0.1388
1274,206,1480,0.1388
1280,209,1489,0.1388
1293,206,1499,0.1388
1277,205,1482,0.1388
1281,204,1485,0.1388
1286,201,1487,0.1388
1285,198,1483,0.1388
1290,201,1491,0.1388
1297,206,1503,0.1388
1300,207,1507,0.1388
1302,208,1510,0.1388
1298,206,1504,0.1388
1292,209,1501,0.1388
1287,209,1496,0.1388
1288,209,1497,0.1388
1285,210,1495,0.1388
1283,210,1493,0.1388
1284,207,1491,0.1388
1280,210,1490,0.1388
1270,205,1475,0.1388
1288,200,1488,0.1388
1294,197,1491,0.1388
1292,201,1493,0.1388
1284,199,1483,0.1388
1290,198,1488,0.1388
1292,197,1489,0.1388
1304,197,1501,0.1388
1284,200,1484,0.1388
1290,201,1491,0.1388
1295,197,1492,0.1388
1284,204,1488,0.1388
1285,210,1495,0.1388
1280,208,1488,0.1388
1279,210,1489,0.1388
1290,210,1500,0.1388
1286,213,1499,0.1388
1276,214,1490,0.1388
1274,208,1482,0.1388
1271,208,1479,0.1388
1283,208,1491,0.1388
1283,208,1491,0.1388
1293,207,1500,0.1388
1287,206,1493,0.1388
1274,209,1483,0.1388
1274,210,1484,0.1388
1287,208,1495,0.1388
1286,207,1493,0.1388
1278,212,1490,0.1388
1289,211,1500,0.1388
1278,206,1484,0.1388
1269,209,1478,0.1388
1270,214,1484,0.1388
1273,212,1485,0.1388
1279,212,1491,0.1388
1279,217,1496,0.1388
1287,215,1502,0.1388
1279,218,1497,0.1388
1285,221,1506,0.1388
1276,217,1493,0.1388
1282,215,1497,0.1388
1277,226,1503,0.1388
1270,229,1499,0.1388
1276,226,1502,0.1388
1257,226,1483,0.1388
1260,222,1482,0.1388
1254,221,1475,0.1388
1266,221,1487,0.1388
1249,221,1470,0.1388
1263,228,1491,0.1388
1265,232,1497,0.1388
1256,235,1491,0.1388
1257,232,1489,0.1388
1253,237,1490,0.1388
1251,241,1492,0.1388
1251,243,1494,0.1388
1235,249,1484,0.1388
1239,248,1487,0.1388
1230,249,1479,0.1388
1238,248,1486,0.1388
1244,247,1491,0.1388
1241,247,1488,0.1388
1235,252,1487,0.1388
1230,247,1477,0.1388
1222,256,1478,0.1388
1233,257,1490,0.1388
1239,257,1496,0.1388
1243,255,1498,0.1388
1260,256,1516,0.1388
1255,254,1509,0.1388
1248,257,1505,0.1388
1237,255,1492,0.1388
1244,258,1502,0.1388
1242,258,1500,0.1388
1246,263,1509,0.1388
1247,261,1508,0.1388
1252,264,1516,0.1388
1247,267,1514,0.1388
1246,265,1511,0.1388
1233,266,1499,0.1388
1227,265,1492,0.1388
1227,263,1490,0.1388
1243,268,1511,0.1388
1240,268,1508,0.1388
1229,266,1495,0.1388
1213,267,1480,0.1388
1221,265,1486,0.1388
1224,267,1491,0.1388
1229,271,1500,0.1388
1226,269,1495,0.1388
1223,267,1490,0.1388
1228,271,1499,0.1388
1235,266,1501,0.1388
1224,265,1489,0.1388
1215,270,1485,0.1388
1232,273,1505,0.1388
1228,271,1499,0.1388
1216,278,1494,0.1388
1217,280,1497,0.1388
1216,284,1500,0.1388
1221,283,1504,0.1388
1214,282,1496,0.1388
1220,286,1506,0.1388
1214,293,1507,0.1388
1201,297,1498,0.1388
1206,302,1508,0.1388
1209,297,1506,0.1388
1202,296,1498,0.1388
1207,304,1511,0.1388
1211,303,1514,0.1388
1190,310,1500,0.1388
1197,307,1504,0.1388
1203,314,1517,0.1388
1198,313,1511,0.1388
1199,314,1513,0.1388
1202,312,1514,0.1388
1200,312,1512,0.1388
1194,312,1506,0.1388
1189,311,1500,0.1388
1177,303,1480,0.1388
1180,310,1490,0.1388
1179,314,1493,0.1388
1187,305,1492,0.1388
1188,298,1486,0.1388
1193,301,1494,0.1388
1187,302,1489,0.1388
1178,301,1479,0.1388
1182,308,1490,0.1388
1184,304,1488,0.1388
1188,303,1491,0.1388
1196,312,1508,0.1388
1192,308,1500,0.1388
1193,305,1498,0.1388
1184,310,1494,0.1388
1184,310,1494,0.1388
1187,313,1500,0.1388
1178,317,1495,0.1388
1190,316,1506,0.1388
1191,319,1510,0.1388
1177,316,1493,0.1388
1183,322,1505,0.1388
1188,324,1512,0.1388
1191,322,1513,0.1388
1183,321,1504,0.1388
1186,321,1507,0.1388
1193,315,1508,0.1388
1187,318,1505,0.1388
1187,316,1503,0.1388
1196,317,1513,0.1388
1189,321,1510,0.1388
1184,321,1505,0.1388
1174,329,1503,0.1388
1177,336,1513,0.1388
1181,335,1516,0.1388
1181,333,1514,0.1388
1180,335,1515,0.1388
1184,334,1518,0.1388
1180,330,1510,0.1388
1167,337,1504,0.1388
1157,338,1495,0.1388
1148,346,1494,0.1388
1160,347,1507,0.1388
1146,343,1489,0.1388
1153,337,1490,0.1388
1156,332,1488,0.1388
1155,341,1496,0.1388
1146,339,1485,0.1388
1132,342,1474,0.1388
1141,345,1486,0.1388
1133,342,1475,0.1388
1144,352,1496,0.1388
1144,342,1486,0.1388
1157,342,1499,0.1388
1166,343,1509,0.1388
1165,341,1506,0.1388
1155,343,1498,0.1388
1152,341,1493,0.1388
1160,339,1499,0.1388
1148,341,1489,0.1388
1156,344,1500,0.1388
1156,348,1504,0.1388
1141,346,1487,0.1388
1146,353,1499,0.1388
1159,354,1513,0.1388
1161,359,1520,0.1388
1154,363,1517,0.1388
1145,366,1511,0.1388
1151,359,1510,0.1388
1155,362,1517,0.1388
1158,355,1513,0.1388
1156,355,1511,0.1388
1153,350,1503,0.1388
1148,357,1505,0.1388
1143,355,1498,0.1388
1148,356,1504,0.1388
1154,345,1499,0.1388
1153,346,1499,0.1388
1142,350,1492,0.1388
1145,352,1497,0.1388
1149,352,1501,0.1388
1139,353,1492,0.1388
1138,355,1493,0.1388
1153,356,1509,0.1388
1138,361,1499,0.1388
1141,362,1503,0.1388
1149,355,1504,0.1388
1140,357,1497,0.1388
1144,360,1504,0.1388
1151,363,1514,0.1388
1138,364,1502,0.1388
1138,365,1503,0.1388
1135,357,1492,0.1388
1140,365,1505,0.1388
1133,368,1501,0.1388
1120,369,1489,0.1388
1123,365,1488,0.1388
1122,362,1484,0.1388
1111,360,1471,0.1388
1112,362,1474,0.1388
1120,361,1481,0.1388
1121,369,1490,0.1388
1117,369,1486,0.1388
1114,372,1486,0.1388
1097,370,1467,0.1388
1104,368,1472,0.1388
1114,373,1487,0.1388
1122,368,1490,0.1388
1119,370,1489,0.1388
1115,371,1486,0.1388
1116,373,1489,0.1388
1119,374,1493,0.1388
1141,378,1519,0.1388
1139,380,1519,0.1388
1126,374,1500,0.1388
1126,372,1498,0.1388
1119,373,1492,0.1388
1115,375,1490,0.1388
1123,379,1502,0.1388
1122,374,1496,0.1388
1121,371,1492,0.1388
1109,370,1479,0.1388
1118,376,1494,0.1388
1107,377,1484,0.1388
1109,374,1483,0.1388
1112,376,1488,0.1388
1108,376,1484,0.1388
1107,377,1484,0.1388
1099,375,1474,0.1388
1112,378,1490,0.1388
1121,378,1499,0.1388
1102,376,1478,0.1388
1115,374,1489,0.1388
1125,372,1497,0.1388
1117,382,1499,0.1388
1114,380,1494,0.1388
1112,386,1498,0.1388
1117,383,1500,0.1388
1114,382,1496,0.1388
1120,385,1505,0.1388
1114,391,1505,0.1388
1107,396,1503,0.1388
1113,394,1507,0.1388
1119,403,1522,0.1388
1114,399,1513,0.1388
1113,402,1515,0.1388
1097,406,1503,0.1388
1097,402,1499,0.1388
1090,409,1499,0.1388
1082,408,1490,0.1388
1077,409,1486,0.1388
1081,415,1496,0.1388
1067,412,1479,0.1388
1070,417,1487,0.1388
1081,422,1503,0.1388
1087,419,1506,0.1388
1082,430,1512,0.1388
1074,433,1507,0.1388
1069,431,1500,0.1388
1078,429,1507,0.1388
1074,434,1508,0.1388
1071,426,1497,0.1388
1065,426,1491,0.1388
1062,433,1495,0.1388
1068,433,1501,0.1388
1076,428,1504,0.1388
1070,425,1495,0.1388
1056,433,1489,0.1388
1067,430,1497,0.1388
1059,433,1492,0.1388
1059,436,1495,0.1388
1061,434,1495,0.1388
1064,421,1485,0.1388
1061,428,1489,0.1388
1077,434,1511,0.1388
1060,431,1491,0.1388
1073,434,1507,0.1388
1076,432,1508,0.1388
1065,430,1495,0.1388
1064,433,1497,0.1388
1076,432,1508,0.1388
1077,435,1512,0.1388
1078,432,1510,0.1388
1080,432,1512,0.1388
1066,429,1495,0.1388
1070,428,1498,0.1388
1074,422,1496,0.1388
1059,431,1490,0.1388
1061,442,1503,0.1388
1062,438,1500,0.1388
1061,428,1489,0.1388
1073,430,1503,0.1388
1074,436,1510,0.1388
1080,437,1517,0.1388
1071,439,1510,0.1388
1072,436,1508,0.1388
1062,437,1499,0.1388
1061,445,1506,0.1388
1063,448,1511,0.1388
1066,448,1514,0.1388
1059,447,1506,0.1388
1062,447,1509,0.1388
1056,431,1487,0.1388
1050,430,1480,0.1388
1051,436,1487,0.1388
1061,446,1507,0.1388
1065,448,1513,0.1388
1073,445,1518,0.1388
1070,444,1514,0.1388
1056,444,1500,0.1388
1056,438,1494,0.1388
1067,441,1508,0.1388
1052,445,1497,0.1388
1060,440,1500,0.1388
1055,439,1494,0.1388
1057,446,1503,0.1388
1054,443,1497,0.1388
1052,441,1493,0.1388
1055,443,1498,0.1388
1049,450,1499,0.1388
1045,460,1505,0.1388
1042,448,1490,0.1388
1043,450,1493,0.1388
1052,452,1504,0.1388
1068,450,1518,0.1388
1059,448,1507,0.1388
1054,446,1500,0.1388
1061,449,1510,0.1388
1056,450,1506,0.1388
1055,454,1509,0.1388
1051,451,1502,0.1388
1060,441,1501,0.1388
1063,441,1504,0.1388
1056,440,1496,0.1388
1044,448,1492,0.1388
1043,453,1496,0.1388
1034,452,1486,0.1388
1031,449,1480,0.1388
1043,440,1483,0.1388
1050,447,1497,0.1388
1052,453,1505,0.1388
1057,459,1516,0.1388
1049,456,1505,0.1388
1042,460,1502,0.1388
1031,467,1498,0.1388
1038,465,1503,0.1388
1023,462,1485,0.1388
1022,467,1489,0.1388
1026,474,1500,0.1388
1020,469,1489,0.1388
1026,465,1491,0.1388
1025,469,1494,0.1388
1032,480,1512,0.1388
1031,484,1515,0.1388
1026,482,1508,0.1388
1017,486,1503,0.1388
1018,479,1497,0.1388
1014,474,1488,0.1388
1016,482,1498,0.1388
1022,481,1503,0.1388
1028,482,1510,0.1388
1023,476,1499,0.1388
1027,473,1500,0.1388
1035,474,1509,0.1388
1034,481,1515,0.1388
1025,481,1506,0.1388
1021,485,1506,0.1388
1018,484,1502,0.1388
1023,487,1510,0.1388
1022,483,1505,0.1388
1019,493,1512,0.1388
1023,493,1516,0.1388
1016,492,1508,0.1388
1018,491,1509,0.1388
1004,492,1496,0.1388
1006,493,1499,0.1388
1012,504,1516,0.1388
1007,497,1504,0.1388
1004,495,1499,0.1388
1010,492,1502,0.1388
1012,494,1506,0.1388
999,501,1500,0.1388
1002,494,1496,0.1388
1005,501,1506,0.1388
1003,506,1509,0.1388
1001,512,1513,0.1388
996,512,1508,0.1388
979,507,1486,0.1388
979,503,1482,0.1388
982,508,1490,0.1388
968,513,1481,0.1388
971,522,1493,0.1388
983,521,1504,0.1388
982,518,1500,0.1388
988,522,1510,0.1388
978,528,1506,0.1388
969,519,1488,0.1388
966,517,1483,0.1388
974,515,1489,0.1388
974,521,1495,0.1388
978,529,1507,0.1388
976,529,1505,0.1388
978,528,1506,0.1388
972,528,1500,0.1388
974,523,1497,0.1388
984,517,1501,0.1388
981,523,1504,0.1388
978,530,1508,0.1388
973,523,1496,0.1388
970,530,1500,0.1388
964,535,1499,0.1388
960,537,1497,0.1388
960,531,1491,0.1388
952,525,1477,0.1388
964,527,1491,0.1388
953,527,1480,0.1388
956,533,1489,0.1388
937,544,1481,0.1388
946,547,1493,0.1388
944,552,1496,0.1388
936,550,1486,0.1388
938,568,1506,0.1388
938,573,1511,0.1388
936,578,1514,0.1388
937,573,1510,0.1388
932,572,1504,0.1388
933,572,1505,0.1388
927,584,1511,0.1388
930,581,1511,0.1388
932,581,1513,0.1388
921,577,1498,0.1388
920,583,1503,0.1388
921,581,1502,0.1388
912,581,1493,0.1388
918,587,1505,0.1388
923,586,1509,0.1388
916,588,1504,0.1388
912,590,1502,0.1388
920,585,1505,0.1388
919,581,1500,0.1388
914,585,1499,0.1388
916,585,1501,0.1388
919,583,1502,0.1388
914,589,1503,0.1388
912,602,1514,0.1388
907,600,1507,0.1388
914,600,1514,0.1388
914,598,1512,0.1388
921,603,1524,0.1388
913,595,1508,0.1388
914,591,1505,0.1388
908,597,1505,0.1388
898,600,1498,0.1388
897,607,1504,0.1388
893,607,1500,0.1388
894,614,1508,0.1388
898,613,1511,0.1388
905,610,1515,0.1388
896,620,1516,0.1388
896,625,1521,0.1388
889,623,1512,0.1388
887,623,1510,0.1388
882,633,1515,0.1388
879,630,1509,0.1388
874,628,1502,0.1388
870,628,1498,0.1388
868,635,1503,0.1388
873,631,1504,0.1388
876,636,1512,0.1388
873,637,1510,0.1388
876,637,1513,0.1388
868,630,1498,0.1388
861,637,1498,0.1388
860,636,1496,0.1388
858,643,1501,0.1388
850,639,1489,0.1388
850,642,1492,0.1388
858,637,1495,0.1388
856,649,1505,0.1388
854,653,1507,0.1388
858,646,1504,0.1388
861,647,1508,0.1388
855,650,1505,0.1388
858,651,1509,0.1388
847,662,1509,0.1388
861,650,1511,0.1388
854,650,1504,0.1388
853,647,1500,0.1388
847,640,1487,0.1388
846,652,1498,0.1388
843,655,1498,0.1388
847,657,1504,0.1388
857,664,1521,0.1388
852,663,1515,0.1388
826,663,1489,0.1388
833,668,1501,0.1388
835,677,1512,0.1388
836,684,1520,0.1388
842,683,1525,0.1388
841,691,1532,0.1388
841,686,1527,0.1388
835,680,1515,0.1388
842,677,1519,0.1388
836,677,1513,0.1388
830,680,1510,0.1388
832,680,1512,0.1388
830,665,1495,0.1388
823,671,1494,0.1388
814,667,1481,0.1388
819,675,1494,0.1388
815,675,1490,0.1388
824,682,1506,0.1388
816,674,1490,0.1388
814,681,1495,0.1388
816,681,1497,0.1388
816,689,1505,0.1388
819,694,1513,0.1388
811,698,1509,0.1388
815,699,1514,0.1388
806,697,1503,0.1388
807,691,1498,0.1388
804,697,1501,0.1388
801,701,1502,0.1388
793,705,1498,0.1388
799,699,1498,0.1388
795,686,1481,0.1388
792,703,1495,0.1388
798,698,1496,0.1388
798,692,1490,0.1388
791,703,1494,0.1388
783,712,1495,0.1388
782,707,1489,0.1388
778,704,1482,0.1388
779,718,1497,0.1388
770,725,1495,0.1388
773,727,1500,0.1388
766,737,1503,0.1388
760,730,1490,0.1388
760,737,1497,0.1388
762,734,1496,0.1388
767,736,1503,0.1388
772,733,1505,0.1388
779,724,1503,0.1388
781,720,1501,0.1388
780,710,1490,0.1388
784,705,1489,0.1388
785,715,1500,0.1388
786,722,1508,0.1388
785,722,1507,0.1388
775,730,1505,0.1388
782,723,1505,0.1388
778,714,1492,0.1388
782,725,1507,0.1388
773,731,1504,0.1388
776,727,1503,0.1388
790,722,1512,0.1388
786,729,1515,0.1388
781,728,1509,0.1388
780,733,1513,0.1388
766,733,1499,0.1388
771,734,1505,0.1388
771,738,1509,0.1388
763,734,1497,0.1388
761,737,1498,0.1388
770,745,1515,0.1388
766,751,1517,0.1388
763,744,1507,0.1388
766,744,1510,0.1388
771,739,1510,0.1388
773,729,1502,0.1388
767,731,1498,0.1388
762,737,1499,0.1388
754,746,1500,0.1388
749,754,1503,0.1388
748,756,1504,0.1388
755,758,1513,0.1388
743,761,1504,0.1388
744,768,1512,0.1388
737,764,1501,0.1388
734,762,1496,0.1388
730,760,1490,0.1388
734,761,1495,0.1388
736,761,1497,0.1388
733,770,1503,0.1388
732,765,1497,0.1388
737,758,1495,0.1388
743,760,1503,0.1388
737,773,1510,0.1388
732,774,1506,0.1388
733,773,1506,0.1388
742,767,1509,0.1388
738,764,1502,0.1388
735,757,1492,0.1388
728,765,1493,0.1388
732,769,1501,0.1388
727,775,1502,0.1388
723,787,1510,0.1388
730,782,1512,0.1388
729,783,1512,0.1388
725,788,1513,0.1388
716,785,1501,0.1388
717,785,1502,0.1388
716,781,1497,0.1388
714,784,1498,0.1388
719,779,1498,0.1388
712,775,1487,0.1388
711,783,1494,0.1388
710,775,1485,0.1388
714,792,1506,0.1388
719,790,1509,0.1388
722,783,1505,0.1388
724,776,1500,0.1388
719,782,1501,0.1388
716,782,1498,0.1388
713,789,1502,0.1388
714,797,1511,0.1388
719,790,1509,0.1388
708,796,1504,0.1388
709,799,1508,0.1388
709,799,1508,0.1388
709,802,1511,0.1388
696,795,1491,0.1388
693,785,1478,0.1388
699,789,1488,0.1388
702,792,1494,0.1388
697,793,1490,0.1388
699,798,1497,0.1388
696,808,1504,0.1388
702,809,1511,0.1388
692,805,1497,0.1388
679,808,1487,0.1388
683,815,1498,0.1388
676,817,1493,0.1388
674,809,1483,0.1388
676,813,1489,0.1388
689,820,1509,0.1388
694,823,1517,0.1388
681,827,1508,0.1388
686,824,1510,0.1388
680,827,1507,0.1388
679,817,1496,0.1388
683,809,1492,0.1388
685,822,1507,0.1388
683,820,1503,0.1388
684,820,1504,0.1388
685,820,1505,0.1388
674,827,1501,0.1388
677,829,1506,0.1388
674,836,1510,0.1388
672,832,1504,0.1388
672,829,1501,0.1388
676,829,1505,0.1388
675,837,1512,0.1388
673,840,1513,0.1388
673,837,1510,0.1388
685,824,1509,0.1388
678,831,1509,0.1388
676,837,1513,0.1388
677,837,1514,0.1388
677,834,1511,0.1388
674,844,1518,0.1388
675,851,1526,0.1388
675,852,1527,0.1388
667,852,1519,0.1388
650,868,1518,0.1388
652,865,1517,0.1388
644,864,1508,0.1388
636,865,1501,0.1388
641,877,1518,0.1388
643,882,1525,0.1388
638,872,1510,0.1388
641,872,1513,0.1388
631,879,1510,0.1388
630,880,1510,0.1388
631,886,1517,0.1388
632,888,1520,0.1388
632,885,1517,0.1388
628,885,1513,0.1388
623,892,1515,0.1388
616,884,1500,0.1388
620,894,1514,0.1388
623,883,1506,0.1388
617,880,1497,0.1388
619,887,1506,0.1388
623,888,1511,0.1388
627,900,1527,0.1388
615,897,1512,0.1388
620,898,1518,0.1388
616,891,1507,0.1388
619,880,1499,0.1388
627,878,1505,0.1388
622,876,1498,0.1388
620,874,1494,0.1388
622,880,1502,0.1388
622,874,1496,0.1388
620,870,1490,0.1388
627,882,1509,0.1388
623,871,1494,0.1388
625,868,1493,0.1388
617,872,1489,0.1388
613,876,1489,0.1388
619,876,1495,0.1388
626,874,1500,0.1388
622,872,1494,0.1388
628,875,1503,0.1388
620,881,1501,0.1388
618,879,1497,0.1388
612,889,1501,0.1388
599,885,1484,0.1388
604,888,1492,0.1388
594,902,1496,0.1388
608,901,1509,0.1388
608,902,1510,0.1388
602,900,1502,0.1388
603,896,1499,0.1388
599,890,1489,0.1388
604,894,1498,0.1388
609,896,1505,0.1388
603,900,1503,0.1388
611,888,1499,0.1388
600,895,1495,0.1388
595,902,1497,0.1388
594,913,1507,0.1388
581,912,1493,0.1388
588,914,1502,0.1388
583,918,1501,0.1388
577,916,1493,0.1388
580,910,1490,0.1388
586,917,1503,0.1388
585,916,1501,0.1388
588,915,1503,0.1388
588,917,1505,0.1388
588,920,1508,0.1388
596,919,1515,0.1388
594,932,1526,0.1388
582,931,1513,0.1388
580,944,1524,0.1388
587,933,1520,0.1388
578,932,1510,0.1388
583,936,1519,0.1388
578,932,1510,0.1388
574,938,1512,0.1388
571,933,1504,0.1388
563,935,1498,0.1388
562,925,1487,0.1388
558,931,1489,0.1388
566,939,1505,0.1388
568,930,1498,0.1388
563,929,1492,0.1388
560,936,1496,0.1388
559,943,1502,0.1388
561,947,1508,0.1388
550,961,1511,0.1388
550,956,1506,0.1388
553,958,1511,0.1388
548,959,1507,0.1388
549,953,1502,0.1388
553,955,1508,0.1388
563,958,1521,0.1388
555,964,1519,0.1388
564,953,1517,0.1388
560,952,1512,0.1388
556,949,1505,0.1388
563,961,1524,0.1388
560,961,1521,0.1388
562,957,1519,0.1388
561,961,1522,0.1388
556,959,1515,0.1388
556,954,1510,0.1388
552,961,1513,0.1388
554,962,1516,0.1388
554,960,1514,0.1388
539,962,1501,0.1388
542,974,1516,0.1388
538,960,1498,0.1388
540,959,1499,0.1388
538,974,1512,0.1388
534,971,1505,0.1388
539,961,1500,0.1388
538,974,1512,0.1388
534,974,1508,0.1388
532,969,1501,0.1388
529,976,1505,0.1388
531,980,1511,0.1388
534,975,1509,0.1388
533,986,1519,0.1388
525,983,1508,0.1388
527,984,1511,0.1388
525,978,1503,0.1388
521,978,1499,0.1388
518,1002,1520,0.1388
514,1001,1515,0.1388
513,998,1511,0.1388
507,998,1505,0.1388
513,1001,1514,0.1388
512,994,1506,0.1388
511,987,1498,0.1388
516,991,1507,0.1388
513,982,1495,0.1388
520,982,1502,0.1388
520,993,1513,0.1388
518,998,1516,0.1388
516,1002,1518,0.1388
512,1002,1514,0.1388
518,991,1509,0.1388
521,985,1506,0.1388
512,999,1511,0.1388
509,994,1503,0.1388
507,1009,1516,0.1388
501,1005,1506,0.1388
500,1007,1507,0.1388
495,1015,1510,0.1388
499,1019,1518,0.1388
493,1017,1510,0.1388
494,1011,1505,0.1388
489,1015,1504,0.1388
493,1007,1500,0.1388
491,1010,1501,0.1388
497,1009,1506,0.1388
507,1000,1507,0.1388
516,998,1514,0.1388
518,991,1509,0.1388
507,996,1503,0.1388
507,1006,1513,0.1388
512,994,1506,0.1388
500,990,1490,0.1388
496,980,1476,0.1388
506,971,1477,0.1388
501,978,1479,0.1388
507,990,1497,0.1388
502,1002,1504,0.1388
502,1009,1511,0.1388
495,1019,1514,0.1388
491,1013,1504,0.1388
491,1009,1500,0.1388
502,1016,1518,0.1388
498,1012,1510,0.1388
495,1024,1519,0.1388
492,1019,1511,0.1388
484,1022,1506,0.1388
481,1020,1501,0.1388
484,1011,1495,0.1388
484,1024,1508,0.1388
493,1025,1518,0.1388
492,1029,1521,0.1388
495,1018,1513,0.1388
493,1013,1506,0.1388
490,1033,1523,0.1388
490,1020,1510,0.1388
490,1021,1511,0.1388
476,1028,1504,0.1388
471,1041,1512,0.1388
477,1048,1525,0.1388
479,1049,1528,0.1388
474,1038,1512,0.1388
465,1029,1494,0.1388
458,1036,1494,0.1388
461,1051,1512,0.1388
454,1052,1506,0.1388
454,1057,1511,0.1388
451,1053,1504,0.1388
452,1055,1507,0.1388
451,1058,1509,0.1388
451,1058,1509,0.1388
454,1054,1508,0.1388
457,1064,1521,0.1388
457,1043,1500,0.1388
456,1044,1500,0.1388
453,1043,1496,0.1388
449,1045,1494,0.1388
447,1051,1498,0.1388
447,1044,1491,0.1388
442,1048,1490,0.1388
436,1054,1490,0.1388
428,1060,1488,0.1388
430,1069,1499,0.1388
432,1071,1503,0.1388
431,1082,1513,0.1388
436,1079,1515,0.1388
427,1080,1507,0.1388
426,1077,1503,0.1388
418,1085,1503,0.1388
418,1086,1504,0.1388
418,1091,1509,0.1388
412,1087,1499,0.1388
415,1092,1507,0.1388
422,1096,1518,0.1388
417,1094,1511,0.1388
409,1091,1500,0.1388
408,1095,1503,0.1388
402,1085,1487,0.1388
406,1086,1492,0.1388
410,1091,1501,0.1388
405,1100,1505,0.1388
406,1098,1504,0.1388
408,1100,1508,0.1388
414,1091,1505,0.1388
415,1092,1507,0.1388
410,1093,1503,0.1388
412,1093,1505,0.1388
410,1103,1513,0.1388
408,1109,1517,0.1388
403,1108,1511,0.1388
398,1106,1504,0.1388
396,1105,1501,0.1388
392,1118,1510,0.1388
390,1113,1503,0.1388
381,1111,1492,0.1388
387,1109,1496,0.1388
390,1100,1490,0.1388
388,1096,1484,0.1388
387,1111,1498,0.1388
395,1097,1492,0.1388
400,1098,1498,0.1388
397,1093,1490,0.1388
398,1112,1510,0.1388
399,1116,1515,0.1388
398,1118,1516,0.1388
398,1112,1510,0.1388
393,1109,1502,0.1388
400,1111,1511,0.1388
390,1111,1501,0.1388
395,1106,1501,0.1388
393,1110,1503,0.1388
395,1101,1496,0.1388
392,1104,1496,0.1388
386,1111,1497,0.1388
388,1113,1501,0.1388
385,1103,1488,0.1388
383,1125,1508,0.1388
388,1126,1514,0.1388
380,1117,1497,0.1388
381,1127,1508,0.1388
387,1135,1522,0.1388
385,1131,1516,0.1388
392,1131,1523,0.1388
393,1126,1519,0.1388
388,1118,1506,0.1388
385,1131,1516,0.1388
393,1122,1515,0.1388
393,1114,1507,0.1388
392,1119,1511,0.1388
392,1117,1509,0.1388
392,1107,1499,0.1388
390,1107,1497,0.1388
387,1103,1490,0.1388
387,1114,1501,0.1388
390,1097,1487,0.1388
396,1106,1502,0.1388
402,1106,1508,0.1388
393,1109,1502,0.1388
397,1109,1506,0.1388
399,1118,1517,0.1388
396,1120,1516,0.1388
397,1116,1513,0.1388
398,1121,1519,0.1388
389,1111,1500,0.1388
378,1122,1500,0.1388
376,1113,1489,0.1388
377,1122,1499,0.1388
379,1108,1487,0.1388
387,1119,1506,0.1388
387,1126,1513,0.1388
383,1113,1496,0.1388
393,1108,1501,0.1388
389,1118,1507,0.1388
390,1111,1501,0.1388
399,1114,1513,0.1388
398,1115,1513,0.1388
405,1125,1530,0.1388
395,1127,1522,0.1388
396,1122,1518,0.1388
398,1113,1511,0.1388
392,1121,1513,0.1388
396,1128,1524,0.1388
395,1129,1524,0.1388
392,1123,1515,0.1388
389,1118,1507,0.1388
391,1116,1507,0.1388
393,1118,1511,0.1388
399,1120,1519,0.1388
394,1123,1517,0.1388
390,1118,1508,0.1388
387,1116,1503,0.1388
386,1117,1503,0.1388
386,1122,1508,0.1388
387,1119,1506,0.1388
385,1104,1489,0.1388
383,1110,1493,0.1388
391,1117,1508,0.1388
391,1111,1502,0.1388
384,1113,1497,0.1388
388,1114,1502,0.1388
380,1118,1498,0.1388
384,1121,1505,0.1388
379,1111,1490,0.1388
381,1126,1507,0.1388
378,1127,1505,0.1388
381,1138,1519,0.1388
382,1141,1523,0.1388
385,1128,1513,0.1388
381,1134,1515,0.1388
381,1127,1508,0.1388
385,1132,1517,0.1388
384,1133,1517,0.1388
381,1134,1515,0.1388
382,1139,1521,0.1388
375,1144,1519,0.1388
366,1139,1505,0.1388
367,1136,1503,0.1388
365,1143,1508,0.1388
368,1145,1513,0.1388
367,1146,1513,0.1388
375,1136,1511,0.1388
370,1132,1502,0.1388
364,1142,1506,0.1388
360,1141,1501,0.1388
358,1145,1503,0.1388
364,1151,1515,0.1388
363,1156,1519,0.1388
358,1149,1507,0.1388
349,1158,1507,0.1388
354,1150,1504,0.1388
349,1156,1505,0.1388
349,1172,1521,0.1388
350,1172,1522,0.1388
351,1165,1516,0.1388
354,1171,1525,0.1388
355,1161,1516,0.1388
358,1162,1520,0.1388
359,1158,1517,0.1388
359,1156,1515,0.1388
358,1153,1511,0.1388
359,1161,1520,0.1388
360,1166,1526,0.1388
364,1158,1522,0.1388
361,1156,1517,0.1388
359,1155,1514,0.1388
355,1163,1518,0.1388
360,1162,1522,0.1388
357,1162,1519,0.1388
352,1172,1524,0.1388
350,1167,1517,0.1388
348,1160,1508,0.1388
356,1158,1514,0.1388
357,1157,1514,0.1388
350,1154,1504,0.1388
354,1158,1512,0.1388
351,1153,1504,0.1388
347,1170,1517,0.1388
348,1161,1509,0.1388
343,1155,1498,0.1388
350,1155,1505,0.1388
357,1159,1516,0.1388
358,1159,1517,0.1388
355,1159,1514,0.1388
353,1154,1507,0.1388
348,1155,1503,0.1388
344,1149,1493,0.1388
349,1152,1501,0.1388
345,1146,1491,0.1388
342,1156,1498,0.1388
341,1161,1502,0.1388
343,1151,1494,0.1388
344,1145,1489,0.1388
345,1153,1498,0.1388
346,1166,1512,0.1388
338,1165,1503,0.1388
337,1179,1516,0.1388
334,1182,1516,0.1388
334,1168,1502,0.1388
330,1170,1500,0.1388
334,1179,1513,0.1388
337,1186,1523,0.1388
333,1186,1519,0.1388
334,1188,1522,0.1388
327,1187,1514,0.1388
327,1182,1509,0.1388
325,1169,1494,0.1388
331,1172,1503,0.1388
328,1171,1499,0.1388
327,1175,1502,0.1388
328,1179,1507,0.1388
328,1168,1496,0.1388
331,1172,1503,0.1388
326,1175,1501,0.1388
327,1172,1499,0.1388
330,1179,1509,0.1388
330,1181,1511,0.1388
329,1175,1504,0.1388
325,1185,1510,0.1388
318,1192,1510,0.1388
323,1196,1519,0.1388
326,1189,1515,0.1388
323,1189,1512,0.1388
331,1194,1525,0.1388
330,1204,1534,0.1388
326,1194,1520,0.1388
326,1179,1505,0.1388
326,1181,1507,0.1388
323,1189,1512,0.1388
325,1207,1532,0.1388
321,1197,1518,0.1388
322,1193,1515,0.1388
320,1192,1512,0.1388
321,1204,1525,0.1388
320,1205,1525,0.1388
320,1202,1522,0.1388
326,1210,1536,0.1388
320,1205,1525,0.1388
321,1198,1519,0.1388
317,1191,1508,0.1388
313,1207,1520,0.1388
317,1201,1518,0.1388
321,1197,1518,0.1388
325,1190,1515,0.1388
326,1199,1525,0.1388
326,1196,1522,0.1388
333,1198,1531,0.1388
333,1199,1532,0.1388
325,1194,1519,0.1388
321,1191,1512,0.1388
324,1175,1499,0.1388
323,1181,1504,0.1388
325,1185,1510,0.1388
320,1189,1509,0.1388
319,1187,1506,0.1388
315,1196,1511,0.1388
315,1203,1518,0.1388
316,1205,1521,0.1388
313,1199,1512,0.1388
318,1175,1493,0.1388
312,1192,1504,0.1388
308,1195,1503,0.1388
314,1196,1510,0.1388
315,1186,1501,0.1388
314,1205,1519,0.1388
305,1223,1528,0.1388
305,1224,1529,0.1388
292,1220,1512,0.1388
293,1223,1516,0.1388
290,1230,1520,0.1388
296,1209,1505,0.1388
301,1218,1519,0.1388
299,1209,1508,0.1388
298,1208,1506,0.1388
299,1205,1504,0.1388
298,1204,1502,0.1388
300,1200,1500,0.1388
300,1223,1523,0.1388
296,1231,1527,0.1388
298,1226,1524,0.1388
300,1221,1521,0.1388
298,1214,1512,0.1388
296,1212,1508,0.1388
299,1211,1510,0.1388
298,1213,1511,0.1388
291,1214,1505,0.1388
296,1197,1493,0.1388
299,1209,1508,0.1388
297,1215,1512,0.1388
296,1228,1524,0.1388
291,1222,1513,0.1388
287,1220,1507,0.1388
293,1217,1510,0.1388
289,1217,1506,0.1388
286,1214,1500,0.1388
286,1216,1502,0.1388
292,1218,1510,0.1388
292,1228,1520,0.1388
289,1223,1512,0.1388
287,1223,1510,0.1388
292,1217,1509,0.1388
293,1210,1503,0.1388
289,1214,1503,0.1388
292,1216,1508,0.1388
293,1214,1507,0.1388
296,1216,1512,0.1388
300,1220,1520,0.1388
299,1220,1519,0.1388
293,1224,1517,0.1388
294,1219,1513,0.1388
290,1217,1507,0.1388
290,1209,1499,0.1388
295,1221,1516,0.1388
290,1222,1512,0.1388
293,1227,1520,0.1388
297,1230,1527,0.1388
296,1216,1512,0.1388
294,1225,1519,0.1388
293,1225,1518,0.1388
288,1221,1509,0.1388
295,1214,1509,0.1388
290,1229,1519,0.1388
293,1226,1519,0.1388
292,1237,1529,0.1388
291,1222,1513,0.1388
292,1202,1494,0.1388
288,1207,1495,0.1388
294,1214,1508,0.1388
292,1215,1507,0.1388
290,1224,1514,0.1388
291,1232,1523,0.1388
292,1227,1519,0.1388
286,1229,1515,0.1388
287,1226,1513,0.1388
284,1229,1513,0.1388
283,1230,1513,0.1388
285,1237,1522,0.1388
284,1233,1517,0.1388
279,1227,1506,0.1388
274,1240,1514,0.1388
272,1233,1505,0.1388
269,1241,1510,0.1388
269,1241,1510,0.1388
267,1249,1516,0.1388
265,1246,1511,0.1388
264,1246,1510,0.1388
266,1245,1511,0.1388
264,1247,1511,0.1388
262,1253,1515,0.1388
264,1248,1512,0.1388
264,1243,1507,0.1388
259,1264,1523,0.1388
259,1271,1530,0.1388
261,1265,1526,0.1388
253,1267,1520,0.1388
255,1267,1522,0.1388
251,1276,1527,0.1388
250,1276,1526,0.1388
248,1272,1520,0.1388
244,1273,1517,0.1388
246,1277,1523,0.1388
246,1263,1509,0.1388
243,1261,1504,0.1388
239,1268,1507,0.1388
236,1271,1507,0.1388
235,1260,1495,0.1388
239,1274,1513,0.1388
235,1274,1509,0.1388
241,1278,1519,0.1388
241,1278,1519,0.1388
238,1278,1516,0.1388
242,1268,1510,0.1388
237,1268,1505,0.1388
236,1263,1499,0.1388
238,1258,1496,0.1388
242,1259,1501,0.1388
246,1271,1517,0.1388
247,1277,1524,0.1388
250,1276,1526,0.1388
252,1268,1520,0.1388
250,1276,1526,0.1388
247,1279,1526,0.1388
241,1274,1515,0.1388
243,1270,1513,0.1388
240,1282,1522,0.1388
237,1279,1516,0.1388
239,1270,1509,0.1388
243,1266,1509,0.1388
239,1267,1506,0.1388
242,1262,1504,0.1388
242,1258,1500,0.1388
240,1264,1504,0.1388
242,1264,1506,0.1388
239,1276,1515,0.1388
236,1272,1508,0.1388
236,1262,1498,0.1388
236,1258,1494,0.1388
239,1253,1492,0.1388
232,1267,1499,0.1388
236,1269,1505,0.1388
234,1279,1513,0.1388
239,1278,1517,0.1388
237,1279,1516,0.1388
234,1274,1508,0.1388
235,1283,1518,0.1388
235,1275,1510,0.1388
235,1277,1512,0.1388
235,1281,1516,0.1388
238,1280,1518,0.1388
236,1264,1500,0.1388
237,1279,1516,0.1388
238,1281,1519,0.1388
242,1285,1527,0.1388
241,1280,1521,0.1388
243,1274,1517,0.1388
240,1274,1514,0.1388
238,1275,1513,0.1388
235,1270,1505,0.1388
235,1277,1512,0.1388
236,1286,1522,0.1388
238,1281,1519,0.1388
240,1279,1519,0.1388
241,1285,1526,0.1388
242,1277,1519,0.1388
235,1275,1510,0.1388
228,1275,1503,0.1388
231,1289,1520,0.1388
228,1293,1521,0.1388
225,1292,1517,0.1388
226,1292,1518,0.1388
229,1292,1521,0.1388
225,1297,1522,0.1388
226,1304,1530,0.1388
225,1303,1528,0.1388
223,1302,1525,0.1388
219,1295,1514,0.1388
222,1287,1509,0.1388
222,1294,1516,0.1388
216,1294,1510,0.1388
214,1309,1523,0.1388
212,1304,1516,0.1388
212,1303,1515,0.1388
217,1307,1524,0.1388
218,1297,1515,0.1388
221,1299,1520,0.1388
220,1296,1516,0.1388
220,1291,1511,0.1388
221,1299,1520,0.1388
220,1300,1520,0.1388
223,1299,1522,0.1388
224,1293,1517,0.1388
228,1284,1512,0.1388
230,1287,1517,0.1388
231,1298,1529,0.1388
228,1288,1516,0.1388
226,1295,1521,0.1388
221,1303,1524,0.1388
220,1295,1515,0.1388
220,1294,1514,0.1388
217,1307,1524,0.1388
213,1306,1519,0.1388
213,1293,1506,0.1388
215,1292,1507,0.1388
217,1303,1520,0.1388
216,1293,1509,0.1388
217,1306,1523,0.1388
218,1299,1517,0.1388
216,1298,1514,0.1388
214,1306,1520,0.1388
211,1304,1515,0.1388
211,1310,1521,0.1388
212,1299,1511,0.1388
219,1295,1514,0.1388
223,1303,1526,0.1388
224,1304,1528,0.1388
225,1291,1516,0.1388
227,1294,1521,0.1388
218,1299,1517,0.1388
217,1296,1513,0.1388
217,1295,1512,0.1388
218,1300,1518,0.1388
220,1301,1521,0.1388
215,1288,1503,0.1388
219,1300,1519,0.1388
222,1287,1509,0.1388
221,1279,1500,0.1388
219,1283,1502,0.1388
224,1289,1513,0.1388
226,1304,1530,0.1388
223,1294,1517,0.1388
224,1293,1517,0.1388
217,1302,1519,0.1388
214,1296,1510,0.1388
217,1300,1517,0.1388
219,1297,1516,0.1388
220,1304,1524,0.1388
220,1311,1531,0.1388
213,1321,1534,0.1388
216,1315,1531,0.1388
211,1289,1500,0.1388
215,1297,1512,0.1388
210,1305,1515,0.1388
211,1306,1517,0.1388
213,1305,1518,0.1388
213,1310,1523,0.1388
218,1310,1528,0.1388
216,1308,1524,0.1388
211,1313,1524,0.1388
211,1306,1517,0.1388
202,1304,1506,0.1388
202,1318,1520,0.1388
195,1323,1518,0.1388
198,1334,1532,0.1388
197,1314,1511,0.1388
198,1311,1509,0.1388
204,1318,1522,0.1388
208,1306,1514,0.1388
207,1305,1512,0.1388
211,1305,1516,0.1388
213,1307,1520,0.1388
210,1300,1510,0.1388
208,1306,1514,0.1388
210,1299,1509,0.1388
207,1286,1493,0.1388
207,1292,1499,0.1388
209,1279,1488,0.1388
213,1297,1510,0.1388
207,1297,1504,0.1388
211,1309,1520,0.1388
208,1299,1507,0.1388
208,1304,1512,0.1388
206,1303,1509,0.1388
207,1303,1510,0.1388
211,1310,1521,0.1388
211,1313,1524,0.1388
208,1322,1530,0.1388
201,1314,1515,0.1388
203,1310,1513,0.1388
201,1308,1509,0.1388
202,1306,1508,0.1388
206,1294,1500,0.1388
203,1310,1513,0.1388
204,1309,1513,0.1388
201,1324,1525,0.1388
197,1329,1526,0.1388
201,1318,1519,0.1388
202,1320,1522,0.1388
206,1326,1532,0.1388
202,1312,1514,0.1388
198,1320,1518,0.1388
198,1316,1514,0.1388
197,1324,1521,0.1388
200,1323,1523,0.1388
201,1307,1508,0.1388
206,1313,1519,0.1388
208,1325,1533,0.1388
211,1317,1528,0.1388
215,1322,1537,0.1388
213,1312,1525,0.1388
214,1303,1517,0.1388
210,1315,1525,0.1388
210,1329,1539,0.1388
211,1325,1536,0.1388
206,1312,1518,0.1388
203,1308,1511,0.1388
206,1303,1509,0.1388
206,1307,1513,0.1388
206,1309,1515,0.1388
204,1322,1526,0.1388
204,1325,1529,0.1388
203,1317,1520,0.1388
202,1305,1507,0.1388
200,1314,1514,0.1388
200,1318,1518,0.1388
203,1311,1514,0.1388
206,1317,1523,0.1388
202,1293,1495,0.1388
199,1304,1503,0.1388
195,1318,1513,0.1388
195,1315,1510,0.1388
198,1316,1514,0.1388
196,1300,1496,0.1388
190,1310,1500,0.1388
184,1314,1498,0.1388
182,1323,1505,0.1388
187,1320,1507,0.1388
188,1324,1512,0.1388
187,1334,1521,0.1388
184,1329,1513,0.1388
182,1335,1517,0.1388
185,1339,1524,0.1388
183,1338,1521,0.1388
183,1331,1514,0.1388
179,1336,1515,0.1388
177,1339,1516,0.1388
179,1336,1515,0.1388
177,1336,1513,0.1388
176,1330,1506,0.1388
178,1325,1503,0.1388
177,1310,1487,0.1388
175,1329,1504,0.1388
178,1323,1501,0.1388
172,1335,1507,0.1388
172,1336,1508,0.1388
167,1332,1499,0.1388
171,1323,1494,0.1388
173,1322,1495,0.1388
172,1312,1484,0.1388
172,1316,1488,0.1388
173,1339,1512,0.1388
176,1339,1515,0.1388
173,1332,1505,0.1388
177,1338,1515,0.1388
170,1335,1505,0.1388
173,1348,1521,0.1388
171,1344,1515,0.1388
168,1343,1511,0.1388
172,1342,1514,0.1388
172,1339,1511,0.1388
169,1345,1514,0.1388
168,1332,1500,0.1388
168,1337,1505,0.1388
169,1331,1500,0.1388
167,1333,1500,0.1388
169,1338,1507,0.1388
173,1335,1508,0.1388
169,1342,1511,0.1388
169,1339,1508,0.1388
168,1341,1509,0.1388
167,1352,1519,0.1388
168,1356,1524,0.1388
168,1361,1529,0.1388
165,1361,1526,0.1388
163,1353,1516,0.1388
166,1349,1515,0.1388
163,1345,1508,0.1388
162,1361,1523,0.1388
160,1351,1511,0.1388
157,1355,1512,0.1388
157,1373,1530,0.1388
160,1364,1524,0.1388
159,1349,1508,0.1388
157,1347,1504,0.1388
159,1345,1504,0.1388
159,1347,1506,0.1388
159,1350,1509,0.1388
158,1363,1521,0.1388
158,1360,1518,0.1388
157,1358,1515,0.1388
157,1364,1521,0.1388
157,1350,1507,0.1388
159,1349,1508,0.1388
155,1353,1508,0.1388
154,1353,1507,0.1388
157,1360,1517,0.1388
159,1361,1520,0.1388
157,1348,1505,0.1388
157,1352,1509,0.1388
153,1363,1516,0.1388
153,1366,1519,0.1388
157,1362,1519,0.1388
156,1365,1521,0.1388
155,1362,1517,0.1388
151,1362,1513,0.1388
150,1365,1515,0.1388
150,1362,1512,0.1388
152,1368,1520,0.1388
152,1361,1513,0.1388
151,1366,1517,0.1388
151,1359,1510,0.1388
153,1364,1517,0.1388
158,1353,1511,0.1388
155,1354,1509,0.1388
157,1356,1513,0.1388
155,1354,1509,0.1388
159,1359,1518,0.1388
163,1364,1527,0.1388
161,1361,1522,0.1388
156,1359,1515,0.1388
149,1366,1515,0.1388
148,1367,1515,0.1388
150,1360,1510,0.1388
149,1362,1511,0.1388
150,1364,1514,0.1388
147,1380,1527,0.1388
147,1371,1518,0.1388
149,1368,1517,0.1388
146,1367,1513,0.1388
144,1379,1523,0.1388
142,1380,1522,0.1388
142,1377,1519,0.1388
140,1366,1506,0.1388
137,1359,1496,0.1388
140,1354,1494,0.1388
140,1355,1495,0.1388
138,1367,1505,0.1388
139,1379,1518,0.1388
138,1383,1521,0.1388
132,1377,1509,0.1388
132,1394,1526,0.1388
138,1391,1529,0.1388
137,1389,1526,0.1388
136,1398,1534,0.1388
135,1397,1532,0.1388
134,1382,1516,0.1388
135,1390,1525,0.1388
133,1385,1518,0.1388
131,1381,1512,0.1388
131,1374,1505,0.1388
131,1362,1493,0.1388
128,1372,1500,0.1388
124,1374,1498,0.1388
121,1383,1504,0.1388
121,1399,1520,0.1388
120,1403,1523,0.1388
119,1391,1510,0.1388
120,1400,1520,0.1388
118,1391,1509,0.1388
119,1395,1514,0.1388
122,1389,1511,0.1388
120,1390,1510,0.1388
119,1389,1508,0.1388
120,1397,1517,0.1388
121,1401,1522,0.1388
124,1407,1531,0.1388
128,1408,1536,0.1388
127,1402,1529,0.1388
124,1404,1528,0.1388
123,1408,1531,0.1388
121,1400,1521,0.1388
119,1409,1528,0.1388
119,1411,1530,0.1388
118,1411,1529,0.1388
115,1398,1513,0.1388
115,1410,1525,0.1388
114,1405,1519,0.1388
112,1393,1505,0.1388
109,1398,1507,0.1388
110,1404,1514,0.1388
111,1391,1502,0.1388
115,1390,1505,0.1388
116,1389,1505,0.1388
113,1389,1502,0.1388
113,1389,1502,0.1388
113,1382,1495,0.1388
117,1388,1505,0.1388
114,1386,1500,0.1388
112,1391,1503,0.1388
113,1400,1513,0.1388
114,1387,1501,0.1388
115,1386,1501,0.1388
117,1392,1509,0.1388
118,1398,1516,0.1388
118,1404,1522,0.1388
116,1406,1522,0.1388
115,1407,1522,0.1388
117,1402,1519,0.1388
115,1408,1523,0.1388
115,1406,1521,0.1388
108,1397,1505,0.1388
109,1400,1509,0.1388
113,1395,1508,0.1388
119,1388,1507,0.1388
123,1387,1510,0.1388
122,1377,1499,0.1388
124,1400,1524,0.1388
121,1395,1516,0.1388
120,1400,1520,0.1388
124,1397,1521,0.1388
128,1398,1526,0.1388
127,1391,1518,0.1388
126,1392,1518,0.1388
124,1405,1529,0.1388
125,1409,1534,0.1388
119,1404,1523,0.1388
119,1398,1517,0.1388
118,1397,1515,0.1388
118,1393,1511,0.1388
117,1403,1520,0.1388
118,1406,1524,0.1388
117,1407,1524,0.1388
119,1393,1512,0.1388
117,1398,1515,0.1388
115,1399,1514,0.1388
111,1397,1508,0.1388
114,1400,1514,0.1388
118,1394,1512,0.1388
115,1397,1512,0.1388
111,1400,1511,0.1388
112,1399,1511,0.1388
114,1391,1505,0.1388
116,1410,1526,0.1388
116,1394,1510,0.1388
118,1399,1517,0.1388
113,1397,1510,0.1388
112,1401,1513,0.1388
109,1406,1515,0.1388
103,1414,1517,0.1388
104,1417,1521,0.1388
102,1418,1520,0.1388
105,1416,1521,0.1388
103,1421,1524,0.1388
101,1431,1532,0.1388
99,1433,1532,0.1388
98,1422,1520,0.1388
100,1406,1506,0.1388
96,1405,1501,0.1388
96,1406,1502,0.1388
98,1414,1512,0.1388
98,1412,1510,0.1388
99,1409,1508,0.1388
99,1418,1517,0.1388
97,1414,1511,0.1388
100,1414,1514,0.1388
98,1411,1509,0.1388
97,1404,1501,0.1388
101,1401,1502,0.1388
99,1398,1497,0.1388
99,1402,1501,0.1388
97,1411,1508,0.1388
98,1418,1516,0.1388
96,1413,1509,0.1388
96,1410,1506,0.1388
94,1406,1500,0.1388
93,1414,1507,0.1388
94,1429,1523,0.1388
96,1424,1520,0.1388
97,1419,1516,0.1388
98,1407,1505,0.1388
99,1412,1511,0.1388
95,1414,1509,0.1388
96,1408,1504,0.1388
96,1419,1515,0.1388
97,1427,1524,0.1388
96,1424,1520,0.1388
99,1422,1521,0.1388
99,1419,1518,0.1388
99,1424,1523,0.1388
99,1415,1514,0.1388
99,1426,1525,0.1388
98,1429,1527,0.1388
94,1424,1518,0.1388
92,1431,1523,0.1388
89,1423,1512,0.1388
88,1427,1515,0.1388
89,1421,1510,0.1388
88,1423,1511,0.1388
92,1409,1501,0.1388
91,1419,1510,0.1388
90,1409,1499,0.1388
91,1413,1504,0.1388
90,1419,1509,0.1388
92,1423,1515,0.1388
93,1426,1519,0.1388
94,1421,1515,0.1388
94,1426,1520,0.1388
95,1438,1533,0.1388
98,1430,1528,0.1388
98,1432,1530,0.1388
98,1430,1528,0.1388
96,1430,1526,0.1388
96,1425,1521,0.1388
97,1418,1515,0.1388
95,1412,1507,0.1388
95,1427,1522,0.1388
96,1430,1526,0.1388
96,1430,1526,0.1388
89,1434,1523,0.1388
89,1433,1522,0.1388
87,1431,1518,0.1388
91,1426,1517,0.1388
91,1421,1512,0.1388
90,1421,1511,0.1388
91,1420,1511,0.1388
90,1421,1511,0.1388
89,1432,1521,0.1388
85,1440,1525,0.1388
88,1439,1527,0.1388
90,1434,1524,0.1388
89,1427,1516,0.1388
89,1420,1509,0.1388
90,1411,1501,0.1388
92,1425,1517,0.1388
93,1414,1507,0.1388
93,1413,1506,0.1388
91,1410,1501,0.1388
92,1420,1512,0.1388
90,1426,1516,0.1388
88,1430,1518,0.1388
87,1435,1522,0.1388
86,1420,1506,0.1388
83,1439,1522,0.1388
84,1447,1531,0.1388
82,1439,1521,0.1388
83,1433,1516,0.1388
81,1444,1525,0.1388
79,1438,1517,0.1388
79,1425,1504,0.1388
78,1438,1516,0.1388
81,1437,1518,0.1388
83,1437,1520,0.1388
86,1433,1519,0.1388
85,1434,1519,0.1388
80,1429,1509,0.1388
81,1433,1514,0.1388
79,1445,1524,0.1388
83,1444,1527,0.1388
81,1436,1517,0.1388
81,1429,1510,0.1388
75,1427,1502,0.1388
75,1443,1518,0.1388
73,1437,1510,0.1388
73,1428,1501,0.1388
73,1434,1507,0.1388
74,1424,1498,0.1388
74,1446,1520,0.1388
71,1450,1521,0.1388
73,1456,1529,0.1388
71,1462,1533,0.1388
68,1450,1518,0.1388
69,1458,1527,0.1388
67,1451,1518,0.1388
69,1450,1519,0.1388
67,1441,1508,0.1388
67,1430,1497,0.1388
68,1434,1502,0.1388
70,1445,1515,0.1388
72,1452,1524,0.1388
74,1442,1516,0.1388
72,1442,1514,0.1388
72,1445,1517,0.1388
70,1443,1513,0.1388
68,1431,1499,0.1388
69,1432,1501,0.1388
67,1437,1504,0.1388
67,1437,1504,0.1388
66,1448,1514,0.1388
66,1454,1520,0.1388
66,1450,1516,0.1388
66,1452,1518,0.1388
65,1440,1505,0.1388
65,1435,1500,0.1388
67,1436,1503,0.1388
68,1461,1529,0.1388
66,1451,1517,0.1388
65,1439,1504,0.1388
69,1441,1510,0.1388
70,1435,1505,0.1388
68,1450,1518,0.1388
67,1446,1513,0.1388
68,1467,1535,0.1388
68,1462,1530,0.1388
70,1459,1529,0.1388
69,1455,1524,0.1388
67,1449,1516,0.1388
72,1442,1514,0.1388
71,1438,1509,0.1388
67,1434,1501,0.1388
66,1439,1505,0.1388
65,1444,1509,0.1388
70,1456,1526,0.1388
70,1446,1516,0.1388
68,1449,1517,0.1388
68,1448,1516,0.1388
65,1456,1521,0.1388
68,1460,1528,0.1388
68,1456,1524,0.1388
65,1446,1511,0.1388
62,1444,1506,0.1388
58,1451,1509,0.1388
58,1441,1499,0.1388
58,1449,1507,0.1388
63,1442,1505,0.1388
63,1445,1508,0.1388
64,1435,1499,0.1388
63,1449,1512,0.1388
63,1443,1506,0.1388
62,1440,1502,0.1388
62,1458,1520,0.1388
62,1451,1513,0.1388
62,1447,1509,0.1388
61,1454,1515,0.1388
61,1458,1519,0.1388
61,1453,1514,0.1388
62,1452,1514,0.1388
64,1446,1510,0.1388
69,1437,1506,0.1388
66,1435,1501,0.1388
64,1447,1511,0.1388
64,1434,1498,0.1388
61,1442,1503,0.1388
63,1459,1522,0.1388
64,1454,1518,0.1388
64,1445,1509,0.1388
64,1436,1500,0.1388
64,1455,1519,0.1388
63,1453,1516,0.1388
64,1456,1520,0.1388
67,1456,1523,0.1388
66,1455,1521,0.1388
64,1447,1511,0.1388
63,1446,1509,0.1388
61,1456,1517,0.1388
62,1464,1526,0.1388
60,1454,1514,0.1388
61,1448,1509,0.1388
57,1455,1512,0.1388
57,1448,1505,0.1388
55,1452,1507,0.1388
55,1461,1516,0.1388
55,1461,1516,0.1388
54,1462,1516,0.1388
56,1459,1515,0.1388
57,1446,1503,0.1388
54,1448,1502,0.1388
58,1450,1508,0.1388
59,1454,1513,0.1388
60,1454,1514,0.1388
60,1451,1511,0.1388
60,1434,1494,0.1388
59,1440,1499,0.1388
57,1454,1511,0.1388
61,1473,1534,0.1388
62,1458,1520,0.1388
67,1448,1515,0.1388
65,1440,1505,0.1388
64,1449,1513,0.1388
65,1452,1517,0.1388
64,1447,1511,0.1388
66,1447,1513,0.1388
68,1435,1503,0.1388
66,1458,1524,0.1388
65,1464,1529,0.1388
67,1458,1525,0.1388
66,1454,1520,0.1388
66,1454,1520,0.1388
67,1463,1530,0.1388
67,1459,1526,0.1388
68,1456,1524,0.1388
65,1465,1530,0.1388
63,1452,1515,0.1388
64,1453,1517,0.1388
65,1459,1524,0.1388
65,1452,1517,0.1388
65,1446,1511,0.1388
64,1447,1511,0.1388
62,1458,1520,0.1388
64,1453,1517,0.1388
68,1456,1524,0.1388
66,1433,1499,0.1388
68,1436,1504,0.1388
68,1448,1516,0.1388
70,1453,1523,0.1388
67,1432,1499,0.1388
66,1435,1501,0.1388
64,1451,1515,0.1388
65,1456,1521,0.1388
66,1455,1521,0.1388
67,1453,1520,0.1388
66,1452,1518,0.1388
67,1446,1513,0.1388
67,1450,1517,0.1388
65,1450,1515,0.1388
65,1451,1516,0.1388
65,1448,1513,0.1388
65,1440,1505,0.1388
65,1444,1509,0.1388
72,1439,1511,0.1388
71,1448,1519,0.1388
69,1450,1519,0.1388
72,1457,1529,0.1388
67,1452,1519,0.1388
65,1440,1505,0.1388
65,1448,1513,0.1388
66,1439,1505,0.1388
68,1450,1518,0.1388
60,1455,1515,0.1388
61,1444,1505,0.1388
63,1443,1506,0.1388
62,1434,1496,0.1388
63,1438,1501,0.1388
60,1448,1508,0.1388
62,1452,1514,0.1388
60,1446,1506,0.1388
58,1462,1520,0.1388
57,1447,1504,0.1388
57,1459,1516,0.1388
58,1465,1523,0.1388
59,1460,1519,0.1388
58,1466,1524,0.1388
58,1460,1518,0.1388
57,1458,1515,0.1388
57,1461,1518,0.1388
56,1445,1501,0.1388
59,1441,1500,0.1388
58,1450,1508,0.1388
58,1445,1503,0.1388
60,1448,1508,0.1388
60,1452,1512,0.1388
62,1449,1511,0.1388
66,1446,1512,0.1388
66,1455,1521,0.1388
67,1452,1519,0.1388
66,1455,1521,0.1388
67,1457,1524,0.1388
67,1455,1522,0.1388
65,1463,1528,0.1388
64,1465,1529,0.1388
66,1450,1516,0.1388
66,1446,1512,0.1388
66,1436,1502,0.1388
63,1452,1515,0.1388
62,1456,1518,0.1388
65,1463,1528,0.1388
63,1454,1517,0.1388
64,1464,1528,0.1388
66,1457,1523,0.1388
65,1457,1522,0.1388
64,1445,1509,0.1388
64,1451,1515,0.1388
63,1460,1523,0.1388
61,1466,1527,0.1388
62,1475,1537,0.1388
61,1478,1539,0.1388
60,1469,1529,0.1388
62,1462,1524,0.1388
63,1455,1518,0.1388
69,1449,1518,0.1388
68,1452,1520,0.1388
62,1463,1525,0.1388
66,1454,1520,0.1388
67,1452,1519,0.1388
66,1456,1522,0.1388
63,1461,1524,0.1388
63,1462,1525,0.1388
64,1460,1524,0.1388
66,1474,1540,0.1388
67,1478,1545,0.1388
65,1480,1545,0.1388
65,1480,1545,0.1388
65,1458,1523,0.1388
64,1450,1514,0.1388
63,1445,1508,0.1388
61,1428,1489,0.1388
63,1436,1499,0.1388
62,1445,1507,0.1388
63,1450,1513,0.1388
64,1449,1513,0.1388
64,1463,1527,0.1388
64,1466,1530,0.1388
66,1452,1518,0.1388
67,1440,1507,0.1388
67,1438,1505,0.1388
66,1438,1504,0.1388
68,1443,1511,0.1388
69,1452,1521,0.1388
68,1451,1519,0.1388
66,1450,1516,0.1388
67,1451,1518,0.1388
68,1448,1516,0.1388
65,1448,1513,0.1388
68,1430,1498,0.1388
66,1451,1517,0.1388
62,1447,1509,0.1388
59,1464,1523,0.1388
59,1462,1521,0.1388
59,1462,1521,0.1388
61,1467,1528,0.1388
63,1445,1508,0.1388
63,1448,1511,0.1388
63,1462,1525,0.1388
62,1464,1526,0.1388
62,1452,1514,0.1388
63,1444,1507,0.1388
64,1459,1523,0.1388
62,1452,1514,0.1388
63,1454,1517,0.1388
65,1464,1529,0.1388
66,1444,1510,0.1388
64,1451,1515,0.1388
59,1456,1515,0.1388
59,1453,1512,0.1388
60,1456,1516,0.1388
61,1445,1506,0.1388
60,1452,1512,0.1388
58,1430,1488,0.1388
58,1447,1505,0.1388
60,1461,1521,0.1388
58,1453,1511,0.1388
58,1455,1513,0.1388
60,1457,1517,0.1388
61,1454,1515,0.1388
60,1448,1508,0.1388
63,1446,1509,0.1388
61,1443,1504,0.1388
61,1447,1508,0.1388
61,1447,1508,0.1388
61,1445,1506,0.1388
61,1441,1502,0.1388
62,1447,1509,0.1388
63,1454,1517,0.1388
63,1458,1521,0.1388
60,1436,1496,0.1388
61,1444,1505,0.1388
62,1449,1511,0.1388
61,1451,1512,0.1388
60,1464,1524,0.1388
57,1458,1515,0.1388
59,1468,1527,0.1388
58,1474,1532,0.1388
56,1475,1531,0.1388
58,1466,1524,0.1388
58,1469,1527,0.1388
55,1456,1511,0.1388
55,1459,1514,0.1388
56,1467,1523,0.1388
55,1460,1515,0.1388
56,1451,1507,0.1388
55,1462,1517,0.1388
55,1471,1526,0.1388
56,1478,1534,0.1388
56,1477,1533,0.1388
54,1473,1527,0.1388
51,1478,1529,0.1388
51,1464,1515,0.1388
54,1462,1516,0.1388
53,1468,1521,0.1388
53,1463,1516,0.1388
56,1464,1520,0.1388
57,1469,1526,0.1388
56,1464,1520,0.1388
56,1457,1513,0.1388
55,1457,1512,0.1388
56,1465,1521,0.1388
56,1462,1518,0.1388
55,1461,1516,0.1388
55,1448,1503,0.1388
56,1460,1516,0.1388
56,1456,1512,0.1388
56,1460,1516,0.1388
54,1468,1522,0.1388
55,1471,1526,0.1388
54,1465,1519,0.1388
53,1470,1523,0.1388
51,1466,1517,0.1388
49,1475,1524,0.1388
49,1474,1523,0.1388
49,1461,1510,0.1388
51,1457,1508,0.1388
50,1452,1502,0.1388
50,1443,1493,0.1388
48,1452,1500,0.1388
46,1461,1507,0.1388
48,1453,1501,0.1388
53,1459,1512,0.1388
54,1457,1511,0.1388
52,1466,1518,0.1388
52,1461,1513,0.1388
50,1463,1513,0.1388
50,1471,1521,0.1388
49,1477,1526,0.1388
52,1463,1515,0.1388
51,1458,1509,0.1388
51,1463,1514,0.1388
51,1455,1506,0.1388
50,1455,1505,0.1388
49,1449,1498,0.1388
52,1450,1502,0.1388
52,1447,1499,0.1388
52,1455,1507,0.1388
52,1449,1501,0.1388
52,1455,1507,0.1388
52,1452,1504,0.1388
50,1452,1502,0.1388
52,1445,1497,0.1388
52,1443,1495,0.1388
52,1450,1502,0.1388
55,1458,1513,0.1388
55,1461,1516,0.1388
57,1470,1527,0.1388
56,1457,1513,0.1388
55,1465,1520,0.1388
54,1463,1517,0.1388
52,1459,1511,0.1388
53,1450,1503,0.1388
53,1452,1505,0.1388
53,1438,1491,0.1388
53,1461,1514,0.1388
52,1462,1514,0.1388
52,1468,1520,0.1388
50,1476,1526,0.1388
50,1468,1518,0.1388
49,1471,1520,0.1388
50,1478,1528,0.1388
46,1489,1535,0.1388
46,1474,1520,0.1388
46,1481,1527,0.1388
47,1472,1519,0.1388
46,1475,1521,0.1388
47,1472,1519,0.1388
49,1478,1527,0.1388
48,1486,1534,0.1388
49,1488,1537,0.1388
49,1483,1532,0.1388
49,1479,1528,0.1388
50,1475,1525,0.1388
51,1478,1529,0.1388
50,1476,1526,0.1388
53,1464,1517,0.1388
51,1460,1511,0.1388
48,1479,1527,0.1388
48,1471,1519,0.1388
45,1473,1518,0.1388
45,1484,1529,0.1388
44,1479,1523,0.1388
46,1468,1514,0.1388
47,1463,1510,0.1388
48,1465,1513,0.1388
47,1474,1521,0.1388
46,1484,1530,0.1388
46,1477,1523,0.1388
47,1478,1525,0.1388
49,1480,1529,0.1388
48,1475,1523,0.1388
46,1468,1514,0.1388
47,1467,1514,0.1388
45,1466,1511,0.1388
46,1476,1522,0.1388
45,1460,1505,0.1388
46,1465,1511,0.1388
45,1473,1518,0.1388
45,1469,1514,0.1388
43,1482,1525,0.1388
42,1483,1525,0.1388
44,1478,1522,0.1388
44,1481,1525,0.1388
43,1479,1522,0.1388
42,1473,1515,0.1388
40,1462,1502,0.1388
40,1453,1493,0.1388
42,1457,1499,0.1388
42,1469,1511,0.1388
40,1464,1504,0.1388
41,1475,1516,0.1388
40,1485,1525,0.1388
40,1484,1524,0.1388
39,1476,1515,0.1388
39,1488,1527,0.1388
39,1483,1522,0.1388
39,1474,1513,0.1388
39,1488,1527,0.1388
41,1487,1528,0.1388
39,1503,1542,0.1388
40,1488,1528,0.1388
40,1473,1513,0.1388
39,1468,1507,0.1388
39,1469,1508,0.1388
40,1469,1509,0.1388
40,1463,1503,0.1388
38,1483,1521,0.1388
37,1488,1525,0.1388
37,1486,1523,0.1388
36,1485,1521,0.1388
35,1487,1522,0.1388
33,1499,1532,0.1388
34,1479,1513,0.1388
34,1473,1507,0.1388
37,1471,1508,0.1388
37,1475,1512,0.1388
37,1479,1516,0.1388
39,1482,1521,0.1388
39,1476,1515,0.1388
39,1482,1521,0.1388
37,1489,1526,0.1388
39,1480,1519,0.1388
39,1484,1523,0.1388
40,1486,1526,0.1388
40,1484,1524,0.1388
40,1479,1519,0.1388
39,1481,1520,0.1388
37,1482,1519,0.1388
35,1480,1515,0.1388
34,1478,1512,0.1388
34,1492,1526,0.1388
35,1484,1519,0.1388
35,1480,1515,0.1388
34,1475,1509,0.1388
35,1486,1521,0.1388
35,1476,1511,0.1388
34,1479,1513,0.1388
33,1487,1520,0.1388
33,1485,1518,0.1388
32,1475,1507,0.1388
32,1475,1507,0.1388
33,1476,1509,0.1388
31,1476,1507,0.1388
29,1477,1506,0.1388
28,1478,1506,0.1388
29,1482,1511,0.1388
29,1488,1517,0.1388
29,1488,1517,0.1388
28,1486,1514,0.1388
27,1484,1511,0.1388
27,1492,1519,0.1388
25,1496,1521,0.1388
25,1492,1517,0.1388
26,1483,1509,0.1388
26,1482,1508,0.1388
25,1466,1491,0.1388
26,1464,1490,0.1388
29,1470,1499,0.1388
28,1477,1505,0.1388
29,1482,1511,0.1388
28,1468,1496,0.1388
28,1470,1498,0.1388
29,1482,1511,0.1388
30,1491,1521,0.1388
31,1483,1514,0.1388
31,1486,1517,0.1388
32,1486,1518,0.1388
31,1495,1526,0.1388
30,1492,1522,0.1388
30,1493,1523,0.1388
29,1495,1524,0.1388
27,1492,1519,0.1388
27,1493,1520,0.1388
25,1495,1520,0.1388
28,1476,1504,0.1388
29,1475,1504,0.1388
29,1465,1494,0.1388
29,1469,1498,0.1388
30,1475,1505,0.1388
30,1466,1496,0.1388
28,1457,1485,0.1388
28,1470,1498,0.1388
30,1485,1515,0.1388
30,1490,1520,0.1388
31,1489,1520,0.1388
30,1484,1514,0.1388
30,1487,1517,0.1388
27,1495,1522,0.1388
27,1500,1527,0.1388
28,1500,1528,0.1388
27,1498,1525,0.1388
28,1500,1528,0.1388
28,1498,1526,0.1388
27,1488,1515,0.1388
26,1489,1515,0.1388
26,1496,1522,0.1388
26,1494,1520,0.1388
26,1497,1523,0.1388
26,1498,1524,0.1388
26,1487,1513,0.1388
26,1480,1506,0.1388
26,1490,1516,0.1388
25,1492,1517,0.1388
24,1493,1517,0.1388
26,1492,1518,0.1388
24,1497,1521,0.1388
25,1485,1510,0.1388
27,1478,1505,0.1388
27,1485,1512,0.1388
27,1486,1513,0.1388
25,1491,1516,0.1388
25,1490,1515,0.1388
24,1493,1517,0.1388
23,1482,1505,0.1388
24,1484,1508,0.1388
25,1486,1511,0.1388
24,1502,1526,0.1388
24,1501,1525,0.1388
25,1510,1535,0.1388
24,1513,1537,0.1388
24,1503,1527,0.1388
22,1509,1531,0.1388
24,1502,1526,0.1388
23,1501,1524,0.1388
23,1505,1528,0.1388
22,1508,1530,0.1388
20,1498,1518,0.1388
19,1482,1501,0.1388
19,1480,1499,0.1388
18,1495,1513,0.1388
19,1505,1524,0.1388
17,1501,1518,0.1388
18,1499,1517,0.1388
20,1496,1516,0.1388
20,1499,1519,0.1388
21,1499,1520,0.1388
20,1507,1527,0.1388
20,1501,1521,0.1388
18,1482,1500,0.1388
17,1479,1496,0.1388
17,1492,1509,0.1388
16,1496,1512,0.1388
18,1483,1501,0.1388
18,1491,1509,0.1388
18,1492,1510,0.1388
18,1486,1504,0.1388
17,1504,1521,0.1388
17,1504,1521,0.1388
16,1490,1506,0.1388
16,1502,1518,0.1388
16,1517,1533,0.1388
16,1514,1530,0.1388
15,1520,1535,0.1388
15,1500,1515,0.1388
15,1515,1530,0.1388
14,1503,1517,0.1388
14,1500,1514,0.1388
14,1512,1526,0.1388
14,1518,1532,0.1388
12,1509,1521,0.1388
13,1518,1531,0.1388
13,1502,1515,0.1388
14,1492,1506,0.1388
14,1492,1506,0.1388
14,1492,1506,0.1388
13,1498,1511,0.1388
12,1503,1515,0.1388
13,1505,1518,0.1388
14,1499,1513,0.1388
14,1492,1506,0.1388
14,1496,1510,0.1388
14,1503,1517,0.1388
13,1500,1513,0.1388
12,1508,1520,0.1388
12,1517,1529,0.1388
12,1514,1526,0.1388
12,1522,1534,0.1388
12,1498,1510,0.1388
12,1503,1515,0.1388
12,1507,1519,0.1388
12,1507,1519,0.1388
12,1510,1522,0.1388
12,1508,1520,0.1388
12,1515,1527,0.1388
11,1512,1523,0.1388
11,1516,1527,0.1388
11,1515,1526,0.1388
11,1510,1521,0.1388
12,1515,1527,0.1388
11,1501,1512,0.1388
11,1494,1505,0.1388
11,1491,1502,0.1388
12,1508,1520,0.1388
12,1513,1525,0.1388
12,1516,1528,0.1388
11,1517,1528,0.1388
12,1504,1516,0.1388
12,1512,1524,0.1388
12,1504,1516,0.1388
12,1518,1530,0.1388
11,1509,1520,0.1388
11,1506,1517,0.1388
11,1506,1517,0.1388
12,1507,1519,0.1388
12,1526,1538,0.1388
12,1515,1527,0.1388
12,1508,1520,0.1388
11,1491,1502,0.1388
10,1491,1501,0.1388
10,1496,1506,0.1388
10,1499,1509,0.1388
10,1503,1513,0.1388
10,1502,1512,0.1388
10,1498,1508,0.1388
10,1505,1515,0.1388
10,1492,1502,0.1388
10,1496,1506,0.1388
10,1503,1513,0.1388
10,1519,1529,0.1388
10,1509,1519,0.1388
10,1521,1531,0.1388
10,1511,1521,0.1388
10,1508,1518,0.1388
10,1509,1519,0.1388
11,1504,1515,0.1388
11,1510,1521,0.1388
11,1508,1519,0.1388
12,1507,1519,0.1388
13,1511,1524,0.1388
13,1504,1517,0.1388
12,1503,1515,0.1388
13,1500,1513,0.1388
13,1498,1511,0.1388
12,1482,1494,0.1388
12,1490,1502,0.1388
13,1503,1516,0.1388
12,1507,1519,0.1388
12,1509,1521,0.1388
13,1524,1537,0.1388
13,1516,1529,0.1388
13,1511,1524,0.1388
13,1493,1506,0.1388
13,1510,1523,0.1388
13,1502,1515,0.1388
12,1502,1514,0.1388
11,1506,1517,0.1388
11,1495,1506,0.1388
13,1502,1515,0.1388
13,1497,1510,0.1388
13,1511,1524,0.1388
13,1510,1523,0.1388
12,1515,1527,0.1388
11,1509,1520,0.1388
11,1508,1519,0.1388
11,1515,1526,0.1388
9,1511,1520,0.1388
11,1500,1511,0.1388
11,1507,1518,0.1388
11,1506,1517,0.1388
11,1517,1528,0.1388
11,1524,1535,0.1388
10,1524,1534,0.1388
10,1514,1524,0.1388
10,1505,1515,0.1388
10,1506,1516,0.1388
10,1513,1523,0.1388
11,1509,1520,0.1388
11,1504,1515,0.1388
11,1494,1505,0.1388
10,1498,1508,0.1388
10,1506,1516,0.1388
10,1509,1519,0.1388
10,1520,1530,0.1388
10,1526,1536,0.1388
9,1521,1530,0.1388
9,1515,1524,0.1388
9,1512,1521,0.1388
10,1512,1522,0.1388
11,1512,1523,0.1388
11,1522,1533,0.1388
10,1518,1528,0.1388
10,1515,1525,0.1388
10,1517,1527,0.1388
10,1517,1527,0.1388
10,1510,1520,0.1388
10,1512,1522,0.1388
10,1515,1525,0.1388
10,1518,1528,0.1388
10,1514,1524,0.1388
10,1512,1522,0.1388
10,1510,1520,0.1388
10,1500,1510,0.1388
10,1504,1514,0.1388
12,1499,1511,0.1388
13,1496,1509,0.1388
13,1495,1508,0.1388
13,1506,1519,0.1388
13,1499,1512,0.1388
12,1499,1511,0.1388
12,1499,1511,0.1388
12,1505,1517,0.1388
11,1512,1523,0.1388
11,1508,1519,0.1388
13,1497,1510,0.1388
15,1506,1521,0.1388
15,1500,1515,0.1388
15,1514,1529,0.1388
14,1524,1538,0.1388
14,1515,1529,0.1388
14,1517,1531,0.1388
14,1509,1523,0.1388
14,1513,1527,0.1388
13,1512,1525,0.1388
13,1514,1527,0.1388
14,1505,1519,0.1388
14,1493,1507,0.1388
14,1495,1509,0.1388
13,1506,1519,0.1388
11,1517,1528,0.1388
13,1513,1526,0.1388
13,1521,1534,0.1388
12,1514,1526,0.1388
12,1509,1521,0.1388
12,1488,1500,0.1388
12,1496,1508,0.1388
13,1501,1514,0.1388
13,1506,1519,0.1388
13,1498,1511,0.1388
14,1500,1514,0.1388
12,1508,1520,0.1388
12,1504,1516,0.1388
12,1510,1522,0.1388
13,1503,1516,0.1388
13,1512,1525,0.1388
13,1509,1522,0.1388
13,1507,1520,0.1388
12,1506,1518,0.1388
12,1516,1528,0.1388
12,1522,1534,0.1388
13,1510,1523,0.1388
14,1515,1529,0.1388
14,1512,1526,0.1388
14,1509,1523,0.1388
14,1516,1530,0.1388
14,1519,1533,0.1388
14,1511,1525,0.1388
14,1502,1516,0.1388
14,1490,1504,0.1388
14,1508,1522,0.1388
14,1509,1523,0.1388
14,1491,1505,0.1388
14,1497,1511,0.1388
14,1497,1511,0.1388
14,1503,1517,0.1388
14,1515,1529,0.1388
14,1509,1523,0.1388
15,1514,1529,0.1388
15,1505,1520,0.1388
15,1498,1513,0.1388
16,1488,1504,0.1388
18,1500,1518,0.1388
18,1511,1529,0.1388
18,1514,1532,0.1388
18,1498,1516,0.1388
17,1496,1513,0.1388
19,1499,1518,0.1388
19,1499,1518,0.1388
19,1507,1526,0.1388
18,1509,1527,0.1388
19,1505,1524,0.1388
19,1503,1522,0.1388
20,1508,1528,0.1388
19,1496,1515,0.1388
18,1499,1517,0.1388
18,1505,1523,0.1388
16,1496,1512,0.1388
16,1502,1518,0.1388
16,1504,1520,0.1388
16,1497,1513,0.1388
16,1505,1521,0.1388
17,1507,1524,0.1388
17,1504,1521,0.1388
17,1504,1521,0.1388
17,1492,1509,0.1388
17,1491,1508,0.1388
16,1497,1513,0.1388
17,1510,1527,0.1388
17,1498,1515,0.1388
18,1499,1517,0.1388
16,1490,1506,0.1388
16,1496,1512,0.1388
16,1499,1515,0.1388
17,1509,1526,0.1388
16,1505,1521,0.1388
16,1506,1522,0.1388
15,1512,1527,0.1388
15,1497,1512,0.1388
16,1497,1513,0.1388
17,1487,1504,0.1388
17,1485,1502,0.1388
18,1484,1502,0.1388
17,1495,1512,0.1388
18,1504,1522,0.1388
18,1508,1526,0.1388
17,1506,1523,0.1388
17,1514,1531,0.1388
17,1515,1532,0.1388
16,1506,1522,0.1388
16,1505,1521,0.1388
16,1508,1524,0.1388
16,1512,1528,0.1388
16,1510,1526,0.1388
16,1489,1505,0.1388
16,1502,1518,0.1388
16,1513,1529,0.1388
16,1528,1544,0.1388
16,1519,1535,0.1388
15,1510,1525,0.1388
15,1511,1526,0.1388
14,1507,1521,0.1388
14,1493,1507,0.1388
14,1501,1515,0.1388
14,1504,1518,0.1388
13,1519,1532,0.1388
12,1502,1514,0.1388
12,1494,1506,0.1388
12,1500,1512,0.1388
12,1493,1505,0.1388
12,1509,1521,0.1388
12,1508,1520,0.1388
12,1502,1514,0.1388
12,1499,1511,0.1388
12,1496,1508,0.1388
13,1499,1512,0.1388
13,1508,1521,0.1388
14,1499,1513,0.1388
14,1496,1510,0.1388
14,1505,1519,0.1388
15,1483,1498,0.1388
15,1497,1512,0.1388
15,1496,1511,0.1388
13,1509,1522,0.1388
13,1503,1516,0.1388
14,1504,1518,0.1388
15,1492,1507,0.1388
15,1478,1493,0.1388
14,1489,1503,0.1388
14,1495,1509,0.1388
14,1487,1501,0.1388
14,1489,1503,0.1388
15,1511,1526,0.1388
15,1521,1536,0.1388
16,1509,1525,0.1388
16,1498,1514,0.1388
16,1505,1521,0.1388
16,1507,1523,0.1388
16,1508,1524,0.1388
16,1509,1525,0.1388
15,1516,1531,0.1388
16,1509,1525,0.1388
17,1518,1535,0.1388
17,1527,1544,0.1388
17,1520,1537,0.1388
18,1521,1539,0.1388
18,1519,1537,0.1388
19,1509,1528,0.1388
18,1506,1524,0.1388
18,1509,1527,0.1388
17,1503,1520,0.1388
17,1506,1523,0.1388
17,1494,1511,0.1388
19,1494,1513,0.1388
19,1490,1509,0.1388
19,1495,1514,0.1388
19,1501,1520,0.1388
19,1496,1515,0.1388
20,1480,1500,0.1388
20,1495,1515,0.1388
19,1501,1520,0.1388
18,1506,1524,0.1388
18,1507,1525,0.1388
18,1506,1524,0.1388
19,1503,1522,0.1388
19,1503,1522,0.1388
19,1509,1528,0.1388
19,1507,1526,0.1388
18,1505,1523,0.1388
18,1504,1522,0.1388
18,1500,1518,0.1388
18,1497,1515,0.1388
18,1490,1508,0.1388
18,1484,1502,0.1388
18,1498,1516,0.1388
17,1493,1510,0.1388
16,1507,1523,0.1388
16,1511,1527,0.1388
15,1503,1518,0.1388
15,1496,1511,0.1388
16,1505,1521,0.1388
17,1493,1510,0.1388
17,1492,1509,0.1388
17,1493,1510,0.1388
16,1487,1503,0.1388
17,1500,1517,0.1388
18,1495,1513,0.1388
19,1502,1521,0.1388
20,1499,1519,0.1388
20,1503,1523,0.1388
20,1490,1510,0.1388
20,1500,1520,0.1388
20,1492,1512,0.1388
20,1488,1508,0.1388
17,1489,1506,0.1388
18,1505,1523,0.1388
19,1490,1509,0.1388
20,1488,1508,0.1388
21,1493,1514,0.1388
18,1495,1513,0.1388
20,1488,1508,0.1388
20,1487,1507,0.1388
20,1481,1501,0.1388
19,1488,1507,0.1388
18,1497,1515,0.1388
18,1509,1527,0.1388
18,1500,1518,0.1388
17,1503,1520,0.1388
16,1509,1525,0.1388
15,1499,1514,0.1388
16,1502,1518,0.1388
17,1509,1526,0.1388
19,1507,1526,0.1388
18,1494,1512,0.1388
18,1486,1504,0.1388
22,1491,1513,0.1388
21,1492,1513,0.1388
22,1488,1510,0.1388
22,1504,1526,0.1388
23,1505,1528,0.1388
22,1493,1515,0.1388
21,1508,1529,0.1388
19,1505,1524,0.1388
18,1503,1521,0.1388
18,1505,1523,0.1388
18,1487,1505,0.1388
17,1486,1503,0.1388
16,1477,1493,0.1388
15,1479,1494,0.1388
15,1481,1496,0.1388
14,1494,1508,0.1388
14,1499,1513,0.1388
14,1498,1512,0.1388
13,1513,1526,0.1388
13,1512,1525,0.1388
13,1501,1514,0.1388
13,1515,1528,0.1388
13,1504,1517,0.1388
13,1513,1526,0.1388
12,1510,1522,0.1388
11,1498,1509,0.1388
10,1505,1515,0.1388
10,1501,1511,0.1388
11,1520,1531,0.1388
11,1519,1530,0.1388
12,1517,1529,0.1388
12,1514,1526,0.1388
12,1516,1528,0.1388
13,1511,1524,0.1388
13,1515,1528,0.1388
13,1502,1515,0.1388
13,1498,1511,0.1388
12,1506,1518,0.1388
13,1500,1513,0.1388
13,1490,1503,0.1388
13,1497,1510,0.1388
14,1488,1502,0.1388
14,1508,1522,0.1388
14,1507,1521,0.1388
14,1507,1521,0.1388
13,1502,1515,0.1388
13,1503,1516,0.1388
12,1508,1520,0.1388
13,1507,1520,0.1388
12,1493,1505,0.1388
11,1495,1506,0.1388
10,1497,1507,0.1388
10,1507,1517,0.1388
11,1504,1515,0.1388
10,1504,1514,0.1388
10,1505,1515,0.1388
10,1518,1528,0.1388
9,1504,1513,0.1388
9,1503,1512,0.1388
9,1508,1517,0.1388
10,1517,1527,0.1388
10,1514,1524,0.1388
10,1521,1531,0.1388
11,1520,1531,0.1388
12,1518,1530,0.1388
12,1496,1508,0.1388
12,1508,1520,0.1388
12,1498,1510,0.1388
11,1497,1508,0.1388
11,1503,1514,0.1388
11,1508,1519,0.1388
10,1492,1502,0.1388
10,1491,1501,0.1388
10,1498,1508,0.1388
10,1487,1497,0.1388
10,1491,1501,0.1388
10,1506,1516,0.1388
10,1498,1508,0.1388
11,1511,1522,0.1388
10,1511,1521,0.1388
11,1502,1513,0.1388
9,1511,1520,0.1388
8,1522,1530,0.1388
8,1525,1533,0.1388
7,1519,1526,0.1388
7,1515,1522,0.1388
8,1529,1537,0.1388
10,1517,1527,0.1388
10,1520,1530,0.1388
10,1508,1518,0.1388
10,1509,1519,0.1388
10,1508,1518,0.1388
10,1519,1529,0.1388
10,1518,1528,0.1388
10,1504,1514,0.1388
10,1510,1520,0.1388
10,1507,1517,0.1388
10,1511,1521,0.1388
10,1496,1506,0.1388
10,1487,1497,0.1388
10,1492,1502,0.1388
11,1500,1511,0.1388
12,1496,1508,0.1388
11,1504,1515,0.1388
12,1500,1512,0.1388
12,1500,1512,0.1388
11,1515,1526,0.1388
11,1512,1523,0.1388
11,1515,1526,0.1388
11,1519,1530,0.1388
12,1517,1529,0.1388
10,1525,1535,0.1388
10,1514,1524,0.1388
10,1515,1525,0.1388
10,1505,1515,0.1388
10,1507,1517,0.1388
10,1511,1521,0.1388
10,1512,1522,0.1388
10,1516,1526,0.1388
10,1509,1519,0.1388
9,1511,1520,0.1388
10,1511,1521,0.1388
10,1508,1518,0.1388
10,1498,1508,0.1388
10,1497,1507,0.1388
12,1489,1501,0.1388
13,1498,1511,0.1388
11,1496,1507,0.1388
11,1503,1514,0.1388
15,1512,1527,0.1388
14,1514,1528,0.1388
13,1505,1518,0.1388
13,1490,1503,0.1388
13,1490,1503,0.1388
14,1487,1501,0.1388
14,1493,1507,0.1388
14,1498,1512,0.1388
14,1493,1507,0.1388
14,1498,1512,0.1388
14,1505,1519,0.1388
14,1528,1542,0.1388
14,1527,1541,0.1388
14,1522,1536,0.1388
15,1514,1529,0.1388
15,1509,1524,0.1388
14,1505,1519,0.1388
14,1505,1519,0.1388
14,1515,1529,0.1388
12,1519,1531,0.1388
12,1510,1522,0.1388
13,1489,1502,0.1388
13,1495,1508,0.1388
14,1485,1499,0.1388
15,1493,1508,0.1388
14,1496,1510,0.1388
14,1489,1503,0.1388
15,1497,1512,0.1388
16,1498,1514,0.1388
16,1504,1520,0.1388
17,1502,1519,0.1388
17,1492,1509,0.1388
18,1492,1510,0.1388
18,1503,1521,0.1388
18,1518,1536,0.1388
18,1520,1538,0.1388
17,1504,1521,0.1388
16,1505,1521,0.1388
15,1502,1517,0.1388
14,1508,1522,0.1388
16,1512,1528,0.1388
17,1508,1525,0.1388
17,1494,1511,0.1388
17,1500,1517,0.1388
17,1507,1524,0.1388
17,1506,1523,0.1388
17,1500,1517,0.1388
17,1500,1517,0.1388
16,1503,1519,0.1388
15,1501,1516,0.1388
16,1507,1523,0.1388
14,1503,1517,0.1388
16,1499,1515,0.1388
16,1498,1514,0.1388
14,1501,1515,0.1388
15,1492,1507,0.1388
15,1479,1494,0.1388
14,1493,1507,0.1388
15,1477,1492,0.1388
16,1489,1505,0.1388
13,1496,1509,0.1388
11,1500,1511,0.1388
13,1502,1515,0.1388
13,1503,1516,0.1388
14,1507,1521,0.1388
12,1508,1520,0.1388
15,1507,1522,0.1388
15,1509,1524,0.1388
16,1514,1530,0.1388
16,1506,1522,0.1388
17,1509,1526,0.1388
16,1506,1522,0.1388
15,1502,1517,0.1388
16,1503,1519,0.1388
17,1494,1511,0.1388
17,1496,1513,0.1388
18,1485,1503,0.1388
18,1490,1508,0.1388
18,1485,1503,0.1388
18,1498,1516,0.1388
19,1500,1519,0.1388
17,1505,1522,0.1388
18,1503,1521,0.1388
18,1505,1523,0.1388
16,1517,1533,0.1388
17,1516,1533,0.1388
17,1501,1518,0.1388
15,1492,1507,0.1388
15,1498,1513,0.1388
14,1503,1517,0.1388
15,1512,1527,0.1388
15,1508,1523,0.1388
15,1509,1524,0.1388
16,1508,1524,0.1388
16,1508,1524,0.1388
17,1498,1515,0.1388
17,1507,1524,0.1388
17,1502,1519,0.1388
16,1514,1530,0.1388
16,1510,1526,0.1388
16,1510,1526,0.1388
15,1511,1526,0.1388
16,1500,1516,0.1388
16,1490,1506,0.1388
15,1496,1511,0.1388
17,1488,1505,0.1388
16,1493,1509,0.1388
14,1491,1505,0.1388
14,1482,1496,0.1388
14,1488,1502,0.1388
13,1494,1507,0.1388
13,1497,1510,0.1388
13,1504,1517,0.1388
14,1500,1514,0.1388
14,1510,1524,0.1388
16,1506,1522,0.1388
17,1502,1519,0.1388
16,1499,1515,0.1388
18,1495,1513,0.1388
17,1492,1509,0.1388
17,1491,1508,0.1388
16,1500,1516,0.1388
18,1499,1517,0.1388
18,1504,1522,0.1388
18,1491,1509,0.1388
18,1474,1492,0.1388
17,1486,1503,0.1388
16,1497,1513,0.1388
15,1511,1526,0.1388
15,1509,1524,0.1388
14,1501,1515,0.1388
15,1494,1509,0.1388
14,1485,1499,0.1388
13,1496,1509,0.1388
12,1508,1520,0.1388
13,1488,1501,0.1388
11,1504,1515,0.1388
11,1487,1498,0.1388
11,1500,1511,0.1388
11,1501,1512,0.1388
10,1490,1500,0.1388
10,1508,1518,0.1388
10,1513,1523,0.1388
9,1497,1506,0.1388
9,1508,1517,0.1388
8,1507,1515,0.1388
9,1503,1512,0.1388
9,1497,1506,0.1388
10,1500,1510,0.1388
10,1493,1503,0.1388
10,1504,1514,0.1388
10,1507,1517,0.1388
10,1508,1518,0.1388
10,1494,1504,0.1388
10,1510,1520,0.1388
10,1513,1523,0.1388
10,1517,1527,0.1388
11,1511,1522,0.1388
12,1506,1518,0.1388
13,1497,1510,0.1388
13,1491,1504,0.1388
12,1495,1507,0.1388
11,1504,1515,0.1388
11,1508,1519,0.1388
11,1501,1512,0.1388
11,1513,1524,0.1388
11,1511,1522,0.1388
11,1524,1535,0.1388
11,1520,1531,0.1388
11,1510,1521,0.1388
11,1507,1518,0.1388
10,1499,1509,0.1388
11,1516,1527,0.1388
11,1506,1517,0.1388
11,1504,1515,0.1388
11,1506,1517,0.1388
12,1514,1526,0.1388
12,1516,1528,0.1388
11,1520,1531,0.1388
12,1517,1529,0.1388
11,1509,1520,0.1388
11,1503,1514,0.1388
12,1501,1513,0.1388
12,1515,1527,0.1388
12,1505,1517,0.1388
12,1491,1503,0.1388
12,1504,1516,0.1388
12,1506,1518,0.1388
12,1497,1509,0.1388
13,1485,1498,0.1388
13,1485,1498,0.1388
13,1490,1503,0.1388
13,1496,1509,0.1388
13,1487,1500,0.1388
13,1500,1513,0.1388
13,1491,1504,0.1388
12,1478,1490,0.1388
11,1492,1503,0.1388
13,1491,1504,0.1388
14,1500,1514,0.1388
14,1507,1521,0.1388
14,1512,1526,0.1388
14,1513,1527,0.1388
14,1512,1526,0.1388
13,1501,1514,0.1388
12,1492,1504,0.1388
12,1504,1516,0.1388
12,1516,1528,0.1388
12,1510,1522,0.1388
12,1509,1521,0.1388
13,1493,1506,0.1388
13,1495,1508,0.1388
13,1502,1515,0.1388
10,1512,1522,0.1388
11,1512,1523,0.1388
11,1515,1526,0.1388
11,1515,1526,0.1388
11,1514,1525,0.1388
11,1502,1513,0.1388
11,1512,1523,0.1388
11,1513,1524,0.1388
11,1509,1520,0.1388
10,1504,1514,0.1388
10,1509,1519,0.1388
10,1512,1522,0.1388
10,1516,1526,0.1388
9,1505,1514,0.1388
9,1519,1528,0.1388
10,1503,1513,0.1388
10,1498,1508,0.1388
10,1501,1511,0.1388
10,1504,1514,0.1388
10,1496,1506,0.1388
10,1489,1499,0.1388
10,1495,1505,0.1388
10,1483,1493,0.1388
12,1500,1512,0.1388
11,1500,1511,0.1388
11,1499,1510,0.1388
12,1496,1508,0.1388
12,1501,1513,0.1388
11,1507,1518,0.1388
11,1504,1515,0.1388
11,1491,1502,0.1388
11,1495,1506,0.1388
10,1496,1506,0.1388
10,1507,1517,0.1388
10,1508,1518,0.1388
9,1509,1518,0.1388
8,1494,1502,0.1388
8,1502,1510,0.1388
7,1505,1512,0.1388
7,1504,1511,0.1388
7,1511,1518,0.1388
7,1512,1519,0.1388
7,1518,1525,0.1388
6,1522,1528,0.1388
6,1514,1520,0.1388
5,1522,1527,0.1388
5,1526,1531,0.1388
5,1513,1518,0.1388
5,1521,1526,0.1388
5,1522,1527,0.1388
5,1522,1527,0.1388
4,1523,1527,0.1388
5,1524,1529,0.1388
5,1523,1528,0.1388
4,1510,1514,0.1388
4,1505,1509,0.1388
4,1506,1510,0.1388
4,1499,1503,0.1388
4,1516,1520,0.1388
3,1517,1520,0.1388
3,1507,1510,0.1388
3,1517,1520,0.1388
3,1504,1507,0.1388
3,1503,1506,0.1388
3,1502,1505,0.1388
3,1515,1518,0.1388
3,1516,1519,0.1388
3,1522,1525,0.1388
3,1514,1517,0.1388
3,1512,1515,0.1388
3,1515,1518,0.1388
3,1513,1516,0.1388
3,1515,1518,0.1388
3,1519,1522,0.1388
3,1522,1525,0.1388
3,1510,1513,0.1388
3,1514,1517,0.1388
3,1510,1513,0.1388
3,1510,1513,0.1388
3,1516,1519,0.1388
3,1517,1520,0.1388
3,1515,1518,0.1388
3,1507,1510,0.1388
3,1515,1518,0.1388
3,1503,1506,0.1388
3,1498,1501,0.1388
3,1507,1510,0.1388
3,1511,1514,0.1388
3,1501,1504,0.1388
3,1506,1509,0.1388
3,1503,1506,0.1388
4,1507,1511,0.1388
4,1516,1520,0.1388
3,1514,1517,0.1388
3,1507,1510,0.1388
3,1506,1509,0.1388
3,1510,1513,0.1388
3,1509,1512,0.1388
4,1512,1516,0.1388
4,1506,1510,0.1388
5,1496,1501,0.1388
5,1492,1497,0.1388
5,1491,1496,0.1388
4,1494,1498,0.1388
4,1501,1505,0.1388
4,1490,1494,0.1388
4,1504,1508,0.1388
4,1502,1506,0.1388
4,1503,1507,0.1388
4,1511,1515,0.1388
4,1508,1512,0.1388
4,1519,1523,0.1388
4,1515,1519,0.1388
4,1511,1515,0.1388
4,1508,1512,0.1388
4,1509,1513,0.1388
4,1508,1512,0.1388
4,1511,1515,0.1388
4,1518,1522,0.1388
4,1508,1512,0.1388
4,1508,1512,0.1388
4,1518,1522,0.1388
5,1508,1513,0.1388
5,1497,1502,0.1388
4,1495,1499,0.1388
4,1501,1505,0.1388
4,1503,1507,0.1388
4,1495,1499,0.1388
4,1494,1498,0.1388
4,1487,1491,0.1388
4,1499,1503,0.1388
4,1510,1514,0.1388
4,1511,1515,0.1388
4,1509,1513,0.1388
4,1499,1503,0.1388
3,1508,1511,0.1388
2,1518,1520,0.1388
1,1528,1529,0.1388
1,1523,1524,0.1388
1,1518,1519,0.1388
1,1517,1518,0.1388
1,1530,1531,0.1388
1,1527,1528,0.1388
1,1508,1509,0.1388
1,1526,1527,0.1388
1,1531,1532,0.1388
1,1528,1529,0.1388
1,1519,1520,0.1388
1,1506,1507,0.1388
1,1511,1512,0.1388
1,1509,1510,0.1388
1,1513,1514,0.1388
1,1523,1524,0.1388
1,1519,1520,0.1388
1,1520,1521,0.1388
1,1513,1514,0.1388
1,1515,1516,0.1388
1,1517,1518,0.1388
1,1510,1511,0.1388
1,1519,1520,0.1388
1,1510,1511,0.1388
1,1517,1518,0.1388
1,1513,1514,0.1388
1,1506,1507,0.1388
1,1504,1505,0.1388
1,1495,1496,0.1388
1,1510,1511,0.1388
1,1519,1520,0.1388
1,1516,1517,0.1388
1,1511,1512,0.1388
1,1503,1504,0.1388
1,1519,1520,0.1388
1,1517,1518,0.1388
1,1524,1525,0.1388
1,1513,1514,0.1388
1,1507,1508,0.1388
1,1513,1514,0.1388
1,1517,1518,0.1388
1,1512,1513,0.1388
1,1514,1515,0.1388
1,1505,1506,0.1388
1,1505,1506,0.1388
1,1514,1515,0.1388
1,1525,1526,0.1388
1,1526,1527,0.1388
1,1515,1516,0.1388
1,1523,1524,0.1388
1,1527,1528,0.1388
1,1530,1531,0.1388
1,1531,1532,0.1388
1,1536,1537,0.1388
1,1536,1537,0.1388
1,1521,1522,0.1388
1,1518,1519,0.1388
1,1513,1514,0.1388
1,1507,1508,0.1388
1,1500,1501,0.1388
1,1498,1499,0.1388
1,1506,1507,0.1388
1,1508,1509,0.1388
1,1521,1522,0.1388
1,1524,1525,0.1388
1,1525,1526,0.1388
1,1524,1525,0.1388
1,1519,1520,0.1388
1,1513,1514,0.1388
1,1511,1512,0.1388
1,1523,1524,0.1388
1,1526,1527,0.1388
1,1532,1533,0.1388
1,1531,1532,0.1388
1,1526,1527,0.1388
1,1528,1529,0.1388
1,1530,1531,0.1388
1,1527,1528,0.1388
1,1513,1514,0.1388
1,1512,1513,0.1388
1,1509,1510,0.1388
1,1516,1517,0.1388
1,1501,1502,0.1388
1,1503,1504,0.1388
1,1508,1509,0.1388
1,1519,1520,0.1388
1,1514,1515,0.1388
1,1514,1515,0.1388
1,1509,1510,0.1388
1,1514,1515,0.1388
1,1521,1522,0.1388
1,1510,1511,0.1388
1,1514,1515,0.1388
1,1503,1504,0.1388
0,1496,1496,0.1388
