1378,28,1406,0.1388
1393,30,1423,0.1388
1421,29,1450,0.1388
1435,33,1468,0.1388
1448,36,1484,0.1388
1448,40,1488,0.1388
1443,41,1484,0.1388
1448,42,1490,0.1388
1439,40,1479,0.1388
1441,41,1482,0.1388
1450,40,1490,0.1388
1449,39,1488,0.1388
1452,37,1489,0.1388
1454,38,1492,0.1388
1461,38,1499,0.1388
1456,40,1496,0.1388
1453,41,1494,0.1388
1445,43,1488,0.1388
1440,47,1487,0.1388
1441,48,1489,0.1388
1441,47,1488,0.1388
1424,47,1471,0.1388
1442,45,1487,0.1388
1454,44,1498,0.1388
1450,45,1495,0.1388
1453,45,1498,0.1388
1449,46,1495,0.1388
1445,45,1490,0.1388
1443,45,1488,0.1388
1437,44,1481,0.1388
1432,46,1478,0.1388
1443,46,1489,0.1388
1448,47,1495,0.1388
1446,48,1494,0.1388
1447,50,1497,0.1388
1453,51,1504,0.1388
1439,52,1491,0.1388
1448,53,1501,0.1388
1428,53,1481,0.1388
1447,49,1496,0.1388
1450,51,1501,0.1388
1438,52,1490,0.1388
1458,53,1511,0.1388
1464,52,1516,0.1388
1453,52,1505,0.1388
1447,53,1500,0.1388
1460,55,1515,0.1388
1451,51,1502,0.1388
1459,51,1510,0.1388
1457,51,1508,0.1388
1450,53,1503,0.1388
1445,54,1499,0.1388
1443,53,1496,0.1388
1427,55,1482,0.1388
1432,54,1486,0.1388
1442,55,1497,0.1388
1438,54,1492,0.1388
1452,53,1505,0.1388
1439,54,1493,0.1388
1434,52,1486,0.1388
1427,53,1480,0.1388
1429,52,1481,0.1388
1430,53,1483,0.1388
1431,54,1485,0.1388
1424,55,1479,0.1388
1441,56,1497,0.1388
1428,58,1486,0.1388
1434,62,1496,0.1388
1415,63,1478,0.1388
1424,62,1486,0.1388
1424,63,1487,0.1388
1412,63,1475,0.1388
1419,61,1480,0.1388
1431,63,1494,0.1388
1434,64,1498,0.1388
1429,66,1495,0.1388
1421,67,1488,0.1388
1417,67,1484,0.1388
1421,67,1488,0.1388
1420,68,1488,0.1388
1420,63,1483,0.1388
1417,66,1483,0.1388
1440,67,1507,0.1388
1444,66,1510,0.1388
1437,70,1507,0.1388
1420,70,1490,0.1388
1428,70,1498,0.1388
1425,71,1496,0.1388
1438,70,1508,0.1388
1436,72,1508,0.1388
1437,73,1510,0.1388
1434,75,1509,0.1388
1422,77,1499,0.1388
1421,79,1500,0.1388
1436,78,1514,0.1388
1436,76,1512,0.1388
1421,72,1493,0.1388
1420,72,1492,0.1388
1429,72,1501,0.1388
1434,72,1506,0.1388
1432,74,1506,0.1388
1450,72,1522,0.1388
1436,71,1507,0.1388
1427,71,1498,0.1388
1414,73,1487,0.1388
1401,72,1473,0.1388
1411,75,1486,0.1388
1407,80,1487,0.1388
1417,79,1496,0.1388
1422,79,1501,0.1388
1414,83,1497,0.1388
1418,85,1503,0.1388
1415,88,1503,0.1388
1409,88,1497,0.1388
1409,88,1497,0.1388
1410,91,1501,0.1388
1402,92,1494,0.1388
1386,87,1473,0.1388
1391,88,1479,0.1388
1402,90,1492,0.1388
1410,90,1500,0.1388
1424,88,1512,0.1388
1407,87,1494,0.1388
1411,85,1496,0.1388
1416,87,1503,0.1388
1424,90,1514,0.1388
1426,91,1517,0.1388
1433,93,1526,0.1388
1427,93,1520,0.1388
1417,94,1511,0.1388
1399,96,1495,0.1388
1398,97,1495,0.1388
1400,96,1496,0.1388
1394,90,1484,0.1388
1388,96,1484,0.1388
1383,98,1481,0.1388
1387,99,1486,0.1388
1380,105,1485,0.1388
1387,107,1494,0.1388
1390,108,1498,0.1388
1392,112,1504,0.1388
1388,115,1503,0.1388
1388,114,1502,0.1388
1395,113,1508,0.1388
1392,115,1507,0.1388
1388,113,1501,0.1388
1384,116,1500,0.1388
1401,115,1516,0.1388
1393,113,1506,0.1388
1395,111,1506,0.1388
1398,109,1507,0.1388
1392,111,1503,0.1388
1378,110,1488,0.1388
1386,109,1495,0.1388
1396,109,1505,0.1388
1395,110,1505,0.1388
1390,110,1500,0.1388
1384,110,1494,0.1388
1371,111,1482,0.1388
1360,114,1474,0.1388
1369,119,1488,0.1388
1377,117,1494,0.1388
1380,115,1495,0.1388
1390,113,1503,0.1388
1389,116,1505,0.1388
1373,119,1492,0.1388
1372,118,1490,0.1388
1373,120,1493,0.1388
1368,118,1486,0.1388
1367,122,1489,0.1388
1377,124,1501,0.1388
1363,125,1488,0.1388
1369,124,1493,0.1388
1364,123,1487,0.1388
1371,121,1492,0.1388
1363,121,1484,0.1388
1365,120,1485,0.1388
1359,122,1481,0.1388
1369,123,1492,0.1388
1357,123,1480,0.1388
1361,123,1484,0.1388
1373,119,1492,0.1388
1382,118,1500,0.1388
1374,121,1495,0.1388
1381,122,1503,0.1388
1389,117,1506,0.1388
1384,124,1508,0.1388
1388,123,1511,0.1388
1383,124,1507,0.1388
1384,125,1509,0.1388
1388,126,1514,0.1388
1388,129,1517,0.1388
1382,128,1510,0.1388
1377,127,1504,0.1388
1367,126,1493,0.1388
1367,129,1496,0.1388
1368,128,1496,0.1388
1366,122,1488,0.1388
1375,121,1496,0.1388
1374,124,1498,0.1388
1385,121,1506,0.1388
1383,121,1504,0.1388
1378,121,1499,0.1388
1371,122,1493,0.1388
1357,125,1482,0.1388
1358,128,1486,0.1388
1370,131,1501,0.1388
1371,130,1501,0.1388
1382,130,1512,0.1388
1378,130,1508,0.1388
1367,134,1501,0.1388
1368,131,1499,0.1388
1365,130,1495,0.1388
1372,130,1502,0.1388
1370,130,1500,0.1388
1357,130,1487,0.1388
1351,127,1478,0.1388
1353,131,1484,0.1388
1360,129,1489,0.1388
1356,131,1487,0.1388
1349,133,1482,0.1388
1360,137,1497,0.1388
1366,137,1503,0.1388
1370,136,1506,0.1388
1370,139,1509,0.1388
1377,137,1514,0.1388
1368,137,1505,0.1388
1358,134,1492,0.1388
1374,134,1508,0.1388
1377,132,1509,0.1388
1374,134,1508,0.1388
1358,135,1493,0.1388
1363,138,1501,0.1388
1372,139,1511,0.1388
1369,143,1512,0.1388
1353,140,1493,0.1388
1352,142,1494,0.1388
1357,143,1500,0.1388
1351,143,1494,0.1388
1351,141,1492,0.1388
1349,144,1493,0.1388
1357,149,1506,0.1388
1361,147,1508,0.1388
1360,146,1506,0.1388
1347,150,1497,0.1388
1352,155,1507,0.1388
1347,152,1499,0.1388
1340,151,1491,0.1388
1337,152,1489,0.1388
1332,153,1485,0.1388
1343,154,1497,0.1388
1356,151,1507,0.1388
1341,153,1494,0.1388
1330,151,1481,0.1388
1334,152,1486,0.1388
1343,152,1495,0.1388
1355,145,1500,0.1388
1340,148,1488,0.1388
1337,151,1488,0.1388
1330,159,1489,0.1388
1332,159,1491,0.1388
1330,159,1489,0.1388
1323,158,1481,0.1388
1329,159,1488,0.1388
1328,156,1484,0.1388
1329,158,1487,0.1388
1343,157,1500,0.1388
1341,163,1504,0.1388
1335,161,1496,0.1388
1335,164,1499,0.1388
1331,163,1494,0.1388
1336,162,1498,0.1388
1344,158,1502,0.1388
1333,160,1493,0.1388
1342,157,1499,0.1388
1340,158,1498,0.1388
1347,160,1507,0.1388
1343,161,1504,0.1388
1337,157,1494,0.1388
1344,158,1502,0.1388
1337,156,1493,0.1388
1342,154,1496,0.1388
1351,154,1505,0.1388
1361,153,1514,0.1388
1360,155,1515,0.1388
1350,153,1503,0.1388
1339,154,1493,0.1388
1337,154,1491,0.1388
1360,153,1513,0.1388
1351,153,1504,0.1388
1344,150,1494,0.1388
1330,151,1481,0.1388
1346,157,1503,0.1388
1345,160,1505,0.1388
1345,163,1508,0.1388
1350,165,1515,0.1388
1340,170,1510,0.1388
1341,172,1513,0.1388
1331,171,1502,0.1388
1338,166,1504,0.1388
1339,169,1508,0.1388
1332,170,1502,0.1388
1328,174,1502,0.1388
1329,174,1503,0.1388
1318,180,1498,0.1388
1319,186,1505,0.1388
1309,185,1494,0.1388
1298,186,1484,0.1388
1293,184,1477,0.1388
1311,181,1492,0.1388
1310,181,1491,0.1388
1314,177,1491,0.1388
1314,181,1495,0.1388
1312,188,1500,0.1388
1320,186,1506,0.1388
1305,187,1492,0.1388
1300,187,1487,0.1388
1303,188,1491,0.1388
1298,191,1489,0.1388
1310,187,1497,0.1388
1317,182,1499,0.1388
1318,177,1495,0.1388
1310,183,1493,0.1388
1304,185,1489,0.1388
1311,190,1501,0.1388
1305,190,1495,0.1388
1302,192,1494,0.1388
1294,189,1483,0.1388
1284,190,1474,0.1388
1290,192,1482,0.1388
1297,194,1491,0.1388
1316,193,1509,0.1388
1321,194,1515,0.1388
1317,191,1508,0.1388
1307,195,1502,0.1388
1303,191,1494,0.1388
1292,190,1482,0.1388
1291,192,1483,0.1388
1295,199,1494,0.1388
1296,197,1493,0.1388
1290,199,1489,0.1388
1282,203,1485,0.1388
1288,206,1494,0.1388
1297,206,1503,0.1388
1302,210,1512,0.1388
1289,211,1500,0.1388
1293,213,1506,0.1388
1288,213,1501,0.1388
1293,209,1502,0.1388
1291,213,1504,0.1388
1278,209,1487,0.1388
1282,217,1499,0.1388
1280,218,1498,0.1388
1267,216,1483,0.1388
1275,217,1492,0.1388
1263,219,1482,0.1388
1262,217,1479,0.1388
1262,216,1478,0.1388
1259,211,1470,0.1388
1263,206,1469,0.1388
1268,210,1478,0.1388
1272,215,1487,0.1388
1272,210,1482,0.1388
1270,217,1487,0.1388
1274,223,1497,0.1388
1268,222,1490,0.1388
1272,220,1492,0.1388
1275,223,1498,0.1388
1281,224,1505,0.1388
1274,230,1504,0.1388
1279,234,1513,0.1388
1269,231,1500,0.1388
1272,231,1503,0.1388
1263,235,1498,0.1388
1267,232,1499,0.1388
1258,235,1493,0.1388
1269,238,1507,0.1388
1251,238,1489,0.1388
1256,234,1490,0.1388
1263,239,1502,0.1388
1263,240,1503,0.1388
1277,241,1518,0.1388
1260,245,1505,0.1388
1248,247,1495,0.1388
1241,249,1490,0.1388
1241,249,1490,0.1388
1230,245,1475,0.1388
1237,244,1481,0.1388
1228,244,1472,0.1388
1239,245,1484,0.1388
1244,244,1488,0.1388
1244,246,1490,0.1388
1243,240,1483,0.1388
1239,245,1484,0.1388
1236,244,1480,0.1388
1236,241,1477,0.1388
1247,232,1479,0.1388
1253,232,1485,0.1388
1252,232,1484,0.1388
1256,227,1483,0.1388
1244,227,1471,0.1388
1249,232,1481,0.1388
1253,229,1482,0.1388
1247,233,1480,0.1388
1245,232,1477,0.1388
1244,230,1474,0.1388
1251,232,1483,0.1388
1267,234,1501,0.1388
1250,235,1485,0.1388
1247,233,1480,0.1388
1243,233,1476,0.1388
1250,235,1485,0.1388
1246,233,1479,0.1388
1256,236,1492,0.1388
1243,235,1478,0.1388
1243,235,1478,0.1388
1254,239,1493,0.1388
1250,239,1489,0.1388
1247,233,1480,0.1388
1249,241,1490,0.1388
1254,247,1501,0.1388
1258,247,1505,0.1388
1249,244,1493,0.1388
1239,247,1486,0.1388
1243,251,1494,0.1388
1245,251,1496,0.1388
1257,247,1504,0.1388
1237,247,1484,0.1388
1244,242,1486,0.1388
1263,248,1511,0.1388
1255,247,1502,0.1388
1243,247,1490,0.1388
1247,248,1495,0.1388
1248,246,1494,0.1388
1241,242,1483,0.1388
1248,246,1494,0.1388
1242,251,1493,0.1388
1249,254,1503,0.1388
1249,252,1501,0.1388
1250,251,1501,0.1388
1251,249,1500,0.1388
1242,244,1486,0.1388
1254,243,1497,0.1388
1256,234,1490,0.1388
1255,237,1492,0.1388
1257,241,1498,0.1388
1247,242,1489,0.1388
1245,235,1480,0.1388
1254,239,1493,0.1388
1270,242,1512,0.1388
1280,243,1523,0.1388
1265,242,1507,0.1388
1264,245,1509,0.1388
1266,247,1513,0.1388
1248,248,1496,0.1388
1251,248,1499,0.1388
1238,249,1487,0.1388
1233,250,1483,0.1388
1228,256,1484,0.1388
1223,255,1478,0.1388
1222,255,1477,0.1388
1225,253,1478,0.1388
1228,254,1482,0.1388
1223,252,1475,0.1388
1237,253,1490,0.1388
1243,259,1502,0.1388
1244,260,1504,0.1388
1232,262,1494,0.1388
1228,266,1494,0.1388
1217,269,1486,0.1388
1218,273,1491,0.1388
1217,271,1488,0.1388
1227,273,1500,0.1388
1223,274,1497,0.1388
1226,276,1502,0.1388
1228,281,1509,0.1388
1211,286,1497,0.1388
1219,286,1505,0.1388
1229,286,1515,0.1388
1222,288,1510,0.1388
1220,288,1508,0.1388
1217,287,1504,0.1388
1224,286,1510,0.1388
1223,285,1508,0.1388
1221,282,1503,0.1388
1220,281,1501,0.1388
1215,291,1506,0.1388
1206,286,1492,0.1388
1204,284,1488,0.1388
1206,290,1496,0.1388
1202,286,1488,0.1388
1214,289,1503,0.1388
1212,290,1502,0.1388
1222,280,1502,0.1388
1215,280,1495,0.1388
1209,274,1483,0.1388
1222,275,1497,0.1388
1212,282,1494,0.1388
1218,283,1501,0.1388
1220,282,1502,0.1388
1223,281,1504,0.1388
1230,286,1516,0.1388
1223,289,1512,0.1388
1209,292,1501,0.1388
1216,297,1513,0.1388
1214,296,1510,0.1388
1205,297,1502,0.1388
1195,305,1500,0.1388
1184,304,1488,0.1388
1186,296,1482,0.1388
1183,294,1477,0.1388
1184,296,1480,0.1388
1189,301,1490,0.1388
1185,307,1492,0.1388
1179,310,1489,0.1388
1186,314,1500,0.1388
1187,310,1497,0.1388
1184,309,1493,0.1388
1188,311,1499,0.1388
1193,315,1508,0.1388
1187,311,1498,0.1388
1179,324,1503,0.1388
1187,320,1507,0.1388
1175,318,1493,0.1388
1187,315,1502,0.1388
1181,315,1496,0.1388
1172,321,1493,0.1388
1170,320,1490,0.1388
1171,318,1489,0.1388
1184,324,1508,0.1388
1182,323,1505,0.1388
1172,322,1494,0.1388
1165,324,1489,0.1388
1169,324,1493,0.1388
1159,328,1487,0.1388
1167,328,1495,0.1388
1171,325,1496,0.1388
1164,330,1494,0.1388
1166,325,1491,0.1388
1172,327,1499,0.1388
1170,332,1502,0.1388
1174,337,1511,0.1388
1166,339,1505,0.1388
1165,345,1510,0.1388
1160,340,1500,0.1388
1155,336,1491,0.1388
1161,346,1507,0.1388
1156,353,1509,0.1388
1157,348,1505,0.1388
1157,348,1505,0.1388
1149,354,1503,0.1388
1146,354,1500,0.1388
1148,351,1499,0.1388
1140,356,1496,0.1388
1136,364,1500,0.1388
1129,370,1499,0.1388
1129,367,1496,0.1388
1129,369,1498,0.1388
1135,364,1499,0.1388
1114,365,1479,0.1388
1120,368,1488,0.1388
1127,378,1505,0.1388
1124,380,1504,0.1388
1127,373,1500,0.1388
1134,372,1506,0.1388
1124,373,1497,0.1388
1125,377,1502,0.1388
1126,378,1504,0.1388
1114,379,1493,0.1388
1110,388,1498,0.1388
1111,385,1496,0.1388
1112,395,1507,0.1388
1113,404,1517,0.1388
1108,399,1507,0.1388
1096,407,1503,0.1388
1102,403,1505,0.1388
1103,406,1509,0.1388
1094,402,1496,0.1388
1112,401,1513,0.1388
1101,398,1499,0.1388
1095,402,1497,0.1388
1102,402,1504,0.1388
1091,406,1497,0.1388
1091,407,1498,0.1388
1089,408,1497,0.1388
1097,402,1499,0.1388
1105,408,1513,0.1388
1096,407,1503,0.1388
1100,411,1511,0.1388
1096,416,1512,0.1388
1090,411,1501,0.1388
1088,407,1495,0.1388
1087,418,1505,0.1388
1082,420,1502,0.1388
1088,425,1513,0.1388
1083,420,1503,0.1388
1075,423,1498,0.1388
1076,426,1502,0.1388
1083,431,1514,0.1388
1070,434,1504,0.1388
1062,423,1485,0.1388
1060,427,1487,0.1388
1061,424,1485,0.1388
1058,428,1486,0.1388
1060,431,1491,0.1388
1074,431,1505,0.1388
1064,434,1498,0.1388
1073,436,1509,0.1388
1067,440,1507,0.1388
1067,440,1507,0.1388
1068,441,1509,0.1388
1064,445,1509,0.1388
1065,449,1514,0.1388
1058,450,1508,0.1388
1058,447,1505,0.1388
1049,439,1488,0.1388
1042,438,1480,0.1388
1059,439,1498,0.1388
1044,448,1492,0.1388
1050,444,1494,0.1388
1050,440,1490,0.1388
1046,444,1490,0.1388
1054,446,1500,0.1388
1058,447,1505,0.1388
1056,444,1500,0.1388
1051,449,1500,0.1388
1051,452,1503,0.1388
1046,457,1503,0.1388
1044,462,1506,0.1388
1045,460,1505,0.1388
1029,459,1488,0.1388
1022,452,1474,0.1388
1038,451,1489,0.1388
1044,453,1497,0.1388
1046,460,1506,0.1388
1045,449,1494,0.1388
1029,463,1492,0.1388
1033,458,1491,0.1388
1033,465,1498,0.1388
1031,468,1499,0.1388
1021,466,1487,0.1388
1014,470,1484,0.1388
1020,476,1496,0.1388
1019,477,1496,0.1388
1022,481,1503,0.1388
1032,475,1507,0.1388
1032,471,1503,0.1388
1028,471,1499,0.1388
1031,471,1502,0.1388
1041,473,1514,0.1388
1024,482,1506,0.1388
1015,483,1498,0.1388
1027,489,1516,0.1388
1024,487,1511,0.1388
1016,482,1498,0.1388
1015,490,1505,0.1388
1014,495,1509,0.1388
1008,496,1504,0.1388
1011,500,1511,0.1388
1014,498,1512,0.1388
1017,496,1513,0.1388
1010,504,1514,0.1388
1004,497,1501,0.1388
1002,500,1502,0.1388
1002,491,1493,0.1388
1008,495,1503,0.1388
994,506,1500,0.1388
1003,500,1503,0.1388
1000,504,1504,0.1388
993,509,1502,0.1388
992,508,1500,0.1388
987,513,1500,0.1388
979,509,1488,0.1388
979,511,1490,0.1388
980,511,1491,0.1388
994,515,1509,0.1388
987,517,1504,0.1388
979,521,1500,0.1388
983,525,1508,0.1388
984,520,1504,0.1388
979,532,1511,0.1388
982,536,1518,0.1388
981,540,1521,0.1388
970,532,1502,0.1388
963,536,1499,0.1388
967,541,1508,0.1388
959,543,1502,0.1388
950,543,1493,0.1388
939,538,1477,0.1388
946,540,1486,0.1388
961,536,1497,0.1388
963,545,1508,0.1388
955,553,1508,0.1388
961,551,1512,0.1388
959,557,1516,0.1388
960,555,1515,0.1388
961,558,1519,0.1388
955,567,1522,0.1388
957,561,1518,0.1388
953,570,1523,0.1388
945,575,1520,0.1388
942,561,1503,0.1388
934,559,1493,0.1388
932,568,1500,0.1388
935,568,1503,0.1388
923,561,1484,0.1388
927,558,1485,0.1388
925,566,1491,0.1388
935,573,1508,0.1388
933,571,1504,0.1388
918,583,1501,0.1388
922,587,1509,0.1388
924,581,1505,0.1388
915,577,1492,0.1388
915,586,1501,0.1388
913,584,1497,0.1388
915,588,1503,0.1388
906,590,1496,0.1388
912,586,1498,0.1388
910,587,1497,0.1388
913,594,1507,0.1388
920,596,1516,0.1388
904,603,1507,0.1388
901,604,1505,0.1388
897,608,1505,0.1388
901,600,1501,0.1388
914,600,1514,0.1388
913,595,1508,0.1388
906,595,1501,0.1388
905,597,1502,0.1388
902,594,1496,0.1388
897,599,1496,0.1388
893,603,1496,0.1388
887,605,1492,0.1388
897,606,1503,0.1388
881,608,1489,0.1388
882,607,1489,0.1388
886,610,1496,0.1388
902,603,1505,0.1388
900,606,1506,0.1388
905,602,1507,0.1388
902,602,1504,0.1388
906,606,1512,0.1388
906,599,1505,0.1388
907,596,1503,0.1388
897,591,1488,0.1388
895,598,1493,0.1388
893,605,1498,0.1388
890,605,1495,0.1388
892,605,1497,0.1388
898,602,1500,0.1388
895,612,1507,0.1388
890,608,1498,0.1388
896,612,1508,0.1388
893,609,1502,0.1388
881,610,1491,0.1388
864,620,1484,0.1388
860,631,1491,0.1388
856,635,1491,0.1388
870,626,1496,0.1388
864,623,1487,0.1388
866,624,1490,0.1388
860,629,1489,0.1388
858,635,1493,0.1388
860,636,1496,0.1388
871,636,1507,0.1388
870,649,1519,0.1388
874,646,1520,0.1388
875,642,1517,0.1388
872,637,1509,0.1388
868,639,1507,0.1388
855,644,1499,0.1388
846,645,1491,0.1388
833,649,1482,0.1388
847,649,1496,0.1388
852,643,1495,0.1388
841,645,1486,0.1388
851,646,1497,0.1388
859,654,1513,0.1388
847,648,1495,0.1388
853,648,1501,0.1388
851,649,1500,0.1388
859,652,1511,0.1388
863,655,1518,0.1388
865,647,1512,0.1388
871,656,1527,0.1388
860,656,1516,0.1388
867,654,1521,0.1388
871,646,1517,0.1388
872,642,1514,0.1388
862,645,1507,0.1388
861,638,1499,0.1388
865,630,1495,0.1388
861,633,1494,0.1388
860,637,1497,0.1388
861,643,1504,0.1388
854,641,1495,0.1388
860,635,1495,0.1388
856,636,1492,0.1388
866,632,1498,0.1388
875,635,1510,0.1388
863,636,1499,0.1388
865,637,1502,0.1388
867,636,1503,0.1388
873,639,1512,0.1388
869,641,1510,0.1388
861,647,1508,0.1388
849,645,1494,0.1388
853,652,1505,0.1388
858,649,1507,0.1388
858,655,1513,0.1388
851,665,1516,0.1388
849,664,1513,0.1388
845,672,1517,0.1388
847,673,1520,0.1388
849,675,1524,0.1388
840,678,1518,0.1388
839,677,1516,0.1388
841,672,1513,0.1388
843,669,1512,0.1388
839,673,1512,0.1388
832,676,1508,0.1388
832,682,1514,0.1388
829,670,1499,0.1388
833,670,1503,0.1388
837,667,1504,0.1388
829,670,1499,0.1388
835,666,1501,0.1388
817,675,1492,0.1388
819,682,1501,0.1388
818,679,1497,0.1388
812,691,1503,0.1388
817,686,1503,0.1388
814,688,1502,0.1388
811,699,1510,0.1388
804,700,1504,0.1388
803,704,1507,0.1388
808,713,1521,0.1388
805,702,1507,0.1388
795,706,1501,0.1388
789,713,1502,0.1388
794,706,1500,0.1388
798,705,1503,0.1388
792,711,1503,0.1388
787,716,1503,0.1388
785,725,1510,0.1388
782,719,1501,0.1388
786,714,1500,0.1388
779,720,1499,0.1388
768,721,1489,0.1388
767,729,1496,0.1388
760,727,1487,0.1388
765,723,1488,0.1388
767,728,1495,0.1388
772,731,1503,0.1388
767,730,1497,0.1388
773,722,1495,0.1388
769,715,1484,0.1388
773,734,1507,0.1388
772,740,1512,0.1388
777,746,1523,0.1388
778,744,1522,0.1388
779,735,1514,0.1388
778,746,1524,0.1388
766,748,1514,0.1388
760,741,1501,0.1388
762,738,1500,0.1388
760,746,1506,0.1388
754,747,1501,0.1388
757,740,1497,0.1388
761,738,1499,0.1388
753,741,1494,0.1388
751,744,1495,0.1388
757,751,1508,0.1388
756,754,1510,0.1388
767,754,1521,0.1388
776,748,1524,0.1388
754,754,1508,0.1388
756,749,1505,0.1388
754,749,1503,0.1388
736,754,1490,0.1388
740,751,1491,0.1388
740,756,1496,0.1388
744,752,1496,0.1388
744,746,1490,0.1388
746,754,1500,0.1388
735,765,1500,0.1388
719,771,1490,0.1388
721,771,1492,0.1388
728,762,1490,0.1388
737,769,1506,0.1388
737,780,1517,0.1388
728,775,1503,0.1388
730,788,1518,0.1388
723,787,1510,0.1388
722,780,1502,0.1388
724,785,1509,0.1388
718,791,1509,0.1388
716,780,1496,0.1388
714,791,1505,0.1388
725,785,1510,0.1388
728,787,1515,0.1388
729,780,1509,0.1388
727,784,1511,0.1388
731,785,1516,0.1388
723,789,1512,0.1388
724,799,1523,0.1388
720,804,1524,0.1388
720,793,1513,0.1388
714,800,1514,0.1388
709,797,1506,0.1388
696,800,1496,0.1388
689,805,1494,0.1388
695,807,1502,0.1388
696,808,1504,0.1388
694,807,1501,0.1388
688,810,1498,0.1388
689,817,1506,0.1388
692,830,1522,0.1388
695,831,1526,0.1388
684,835,1519,0.1388
677,822,1499,0.1388
679,828,1507,0.1388
681,827,1508,0.1388
681,833,1514,0.1388
683,825,1508,0.1388
678,826,1504,0.1388
676,836,1512,0.1388
676,831,1507,0.1388
684,835,1519,0.1388
688,829,1517,0.1388
684,834,1518,0.1388
686,838,1524,0.1388
685,838,1523,0.1388
671,837,1508,0.1388
664,829,1493,0.1388
661,839,1500,0.1388
657,840,1497,0.1388
661,842,1503,0.1388
664,846,1510,0.1388
663,839,1502,0.1388
664,839,1503,0.1388
664,851,1515,0.1388
661,855,1516,0.1388
660,855,1515,0.1388
658,853,1511,0.1388
652,838,1490,0.1388
656,848,1504,0.1388
659,840,1499,0.1388
662,841,1503,0.1388
660,841,1501,0.1388
669,830,1499,0.1388
668,824,1492,0.1388
662,833,1495,0.1388
652,847,1499,0.1388
660,851,1511,0.1388
658,846,1504,0.1388
647,846,1493,0.1388
641,851,1492,0.1388
627,857,1484,0.1388
629,871,1500,0.1388
631,867,1498,0.1388
627,873,1500,0.1388
628,875,1503,0.1388
632,873,1505,0.1388
645,874,1519,0.1388
650,874,1524,0.1388
644,858,1502,0.1388
639,861,1500,0.1388
641,860,1501,0.1388
638,869,1507,0.1388
639,876,1515,0.1388
637,874,1511,0.1388
629,881,1510,0.1388
623,883,1506,0.1388
620,882,1502,0.1388
619,886,1505,0.1388
617,886,1503,0.1388
622,893,1515,0.1388
622,881,1503,0.1388
615,887,1502,0.1388
609,897,1506,0.1388
600,890,1490,0.1388
598,889,1487,0.1388
611,884,1495,0.1388
619,879,1498,0.1388
616,898,1514,0.1388
616,903,1519,0.1388
619,899,1518,0.1388
612,894,1506,0.1388
601,894,1495,0.1388
611,895,1506,0.1388
609,891,1500,0.1388
612,894,1506,0.1388
607,887,1494,0.1388
605,895,1500,0.1388
603,901,1504,0.1388
605,903,1508,0.1388
611,910,1521,0.1388
596,913,1509,0.1388
591,918,1509,0.1388
589,910,1499,0.1388
588,911,1499,0.1388
595,914,1509,0.1388
596,917,1513,0.1388
596,915,1511,0.1388
596,916,1512,0.1388
604,920,1524,0.1388
599,928,1527,0.1388
588,931,1519,0.1388
590,929,1519,0.1388
596,928,1524,0.1388
591,923,1514,0.1388
592,929,1521,0.1388
595,932,1527,0.1388
583,922,1505,0.1388
569,927,1496,0.1388
578,912,1490,0.1388
577,920,1497,0.1388
565,920,1485,0.1388
559,926,1485,0.1388
550,927,1477,0.1388
553,940,1493,0.1388
549,950,1499,0.1388
556,942,1498,0.1388
564,941,1505,0.1388
561,945,1506,0.1388
558,944,1502,0.1388
565,933,1498,0.1388
568,927,1495,0.1388
565,932,1497,0.1388
563,940,1503,0.1388
563,935,1498,0.1388
566,942,1508,0.1388
567,946,1513,0.1388
566,946,1512,0.1388
570,940,1510,0.1388
568,952,1520,0.1388
570,946,1516,0.1388
572,944,1516,0.1388
558,945,1503,0.1388
559,959,1518,0.1388
563,953,1516,0.1388
556,961,1517,0.1388
553,964,1517,0.1388
546,953,1499,0.1388
551,955,1506,0.1388
558,950,1508,0.1388
560,946,1506,0.1388
558,960,1518,0.1388
556,952,1508,0.1388
561,953,1514,0.1388
563,952,1515,0.1388
550,970,1520,0.1388
542,968,1510,0.1388
543,972,1515,0.1388
543,971,1514,0.1388
529,973,1502,0.1388
525,975,1500,0.1388
523,978,1501,0.1388
525,981,1506,0.1388
531,972,1503,0.1388
527,991,1518,0.1388
517,981,1498,0.1388
522,980,1502,0.1388
515,980,1495,0.1388
516,981,1497,0.1388
519,998,1517,0.1388
516,989,1505,0.1388
511,1000,1511,0.1388
502,1011,1513,0.1388
507,1004,1511,0.1388
516,997,1513,0.1388
516,996,1512,0.1388
513,991,1504,0.1388
516,993,1509,0.1388
522,991,1513,0.1388
514,997,1511,0.1388
510,996,1506,0.1388
511,995,1506,0.1388
507,987,1494,0.1388
517,989,1506,0.1388
525,989,1514,0.1388
521,980,1501,0.1388
519,987,1506,0.1388
520,998,1518,0.1388
510,1003,1513,0.1388
514,993,1507,0.1388
510,986,1496,0.1388
510,1004,1514,0.1388
512,1011,1523,0.1388
512,1009,1521,0.1388
510,1008,1518,0.1388
516,1000,1516,0.1388
513,1002,1515,0.1388
516,1003,1519,0.1388
516,994,1510,0.1388
510,995,1505,0.1388
497,1000,1497,0.1388
504,997,1501,0.1388
500,997,1497,0.1388
502,1002,1504,0.1388
506,1007,1513,0.1388
510,995,1505,0.1388
505,1010,1515,0.1388
507,1007,1514,0.1388
504,1011,1515,0.1388
499,1014,1513,0.1388
497,1014,1511,0.1388
491,1014,1505,0.1388
492,1017,1509,0.1388
489,1006,1495,0.1388
493,1008,1501,0.1388
491,1014,1505,0.1388
484,1013,1497,0.1388
488,1026,1514,0.1388
487,1015,1502,0.1388
488,1025,1513,0.1388
484,1025,1509,0.1388
481,1026,1507,0.1388
488,1022,1510,0.1388
488,1024,1512,0.1388
491,1032,1523,0.1388
491,1043,1534,0.1388
495,1039,1534,0.1388
488,1030,1518,0.1388
482,1017,1499,0.1388
482,1008,1490,0.1388
481,1021,1502,0.1388
477,1028,1505,0.1388
474,1033,1507,0.1388
476,1027,1503,0.1388
472,1025,1497,0.1388
466,1018,1484,0.1388
466,1014,1480,0.1388
468,1020,1488,0.1388
462,1029,1491,0.1388
465,1032,1497,0.1388
468,1045,1513,0.1388
475,1052,1527,0.1388
474,1055,1529,0.1388
476,1061,1537,0.1388
472,1060,1532,0.1388
467,1053,1520,0.1388
457,1056,1513,0.1388
448,1064,1512,0.1388
441,1067,1508,0.1388
443,1075,1518,0.1388
444,1077,1521,0.1388
444,1079,1523,0.1388
441,1071,1512,0.1388
435,1077,1512,0.1388
438,1068,1506,0.1388
440,1067,1507,0.1388
438,1074,1512,0.1388
433,1072,1505,0.1388
434,1074,1508,0.1388
431,1079,1510,0.1388
426,1083,1509,0.1388
434,1078,1512,0.1388
431,1085,1516,0.1388
432,1090,1522,0.1388
432,1086,1518,0.1388
431,1092,1523,0.1388
427,1083,1510,0.1388
425,1069,1494,0.1388
421,1076,1497,0.1388
423,1087,1510,0.1388
420,1079,1499,0.1388
416,1088,1504,0.1388
416,1096,1512,0.1388
414,1081,1495,0.1388
415,1094,1509,0.1388
420,1093,1513,0.1388
421,1089,1510,0.1388
417,1091,1508,0.1388
417,1099,1516,0.1388
420,1092,1512,0.1388
419,1097,1516,0.1388
410,1098,1508,0.1388
412,1087,1499,0.1388
416,1088,1504,0.1388
411,1084,1495,0.1388
407,1087,1494,0.1388
408,1097,1505,0.1388
404,1108,1512,0.1388
404,1096,1500,0.1388
403,1096,1499,0.1388
404,1104,1508,0.1388
399,1119,1518,0.1388
397,1117,1514,0.1388
397,1108,1505,0.1388
392,1105,1497,0.1388
393,1100,1493,0.1388
388,1111,1499,0.1388
387,1109,1496,0.1388
377,1110,1487,0.1388
384,1117,1501,0.1388
380,1120,1500,0.1388
377,1126,1503,0.1388
368,1137,1505,0.1388
372,1125,1497,0.1388
375,1119,1494,0.1388
371,1130,1501,0.1388
376,1134,1510,0.1388
383,1140,1523,0.1388
375,1148,1523,0.1388
370,1142,1512,0.1388
368,1136,1504,0.1388
369,1140,1509,0.1388
373,1144,1517,0.1388
371,1149,1520,0.1388
376,1141,1517,0.1388
372,1150,1522,0.1388
373,1152,1525,0.1388
369,1170,1539,0.1388
371,1172,1543,0.1388
370,1160,1530,0.1388
368,1156,1524,0.1388
365,1149,1514,0.1388
362,1145,1507,0.1388
355,1153,1508,0.1388
350,1158,1508,0.1388
351,1160,1511,0.1388
352,1164,1516,0.1388
349,1169,1518,0.1388
343,1162,1505,0.1388
341,1167,1508,0.1388
337,1166,1503,0.1388
336,1170,1506,0.1388
337,1168,1505,0.1388
339,1163,1502,0.1388
335,1176,1511,0.1388
342,1168,1510,0.1388
340,1173,1513,0.1388
336,1172,1508,0.1388
339,1187,1526,0.1388
341,1190,1531,0.1388
335,1188,1523,0.1388
335,1170,1505,0.1388
327,1169,1496,0.1388
333,1169,1502,0.1388
332,1165,1497,0.1388
330,1176,1506,0.1388
333,1170,1503,0.1388
330,1173,1503,0.1388
335,1185,1520,0.1388
333,1189,1522,0.1388
327,1199,1526,0.1388
324,1195,1519,0.1388
320,1195,1515,0.1388
315,1199,1514,0.1388
316,1197,1513,0.1388
319,1202,1521,0.1388
319,1202,1521,0.1388
316,1205,1521,0.1388
313,1190,1503,0.1388
322,1197,1519,0.1388
320,1187,1507,0.1388
319,1187,1506,0.1388
323,1199,1522,0.1388
323,1192,1515,0.1388
318,1179,1497,0.1388
320,1194,1514,0.1388
322,1185,1507,0.1388
319,1188,1507,0.1388
326,1182,1508,0.1388
322,1185,1507,0.1388
322,1187,1509,0.1388
315,1198,1513,0.1388
315,1194,1509,0.1388
317,1197,1514,0.1388
315,1205,1520,0.1388
318,1205,1523,0.1388
323,1193,1516,0.1388
324,1198,1522,0.1388
321,1208,1529,0.1388
319,1198,1517,0.1388
315,1185,1500,0.1388
315,1186,1501,0.1388
307,1182,1489,0.1388
313,1191,1504,0.1388
311,1192,1503,0.1388
310,1204,1514,0.1388
317,1199,1516,0.1388
321,1200,1521,0.1388
318,1201,1519,0.1388
317,1202,1519,0.1388
316,1205,1521,0.1388
313,1207,1520,0.1388
314,1200,1514,0.1388
311,1212,1523,0.1388
311,1209,1520,0.1388
313,1205,1518,0.1388
306,1215,1521,0.1388
302,1219,1521,0.1388
303,1203,1506,0.1388
299,1200,1499,0.1388
299,1192,1491,0.1388
298,1213,1511,0.1388
300,1207,1507,0.1388
301,1196,1497,0.1388
300,1201,1501,0.1388
307,1212,1519,0.1388
305,1213,1518,0.1388
302,1207,1509,0.1388
302,1210,1512,0.1388
305,1209,1514,0.1388
302,1216,1518,0.1388
302,1216,1518,0.1388
303,1199,1502,0.1388
303,1202,1505,0.1388
303,1212,1515,0.1388
302,1196,1498,0.1388
296,1206,1502,0.1388
293,1212,1505,0.1388
290,1214,1504,0.1388
285,1215,1500,0.1388
286,1223,1509,0.1388
292,1217,1509,0.1388
290,1223,1513,0.1388
286,1215,1501,0.1388
284,1209,1493,0.1388
285,1223,1508,0.1388
288,1221,1509,0.1388
288,1227,1515,0.1388
287,1225,1512,0.1388
282,1220,1502,0.1388
283,1222,1505,0.1388
278,1227,1505,0.1388
283,1231,1514,0.1388
281,1232,1513,0.1388
278,1234,1512,0.1388
277,1226,1503,0.1388
276,1226,1502,0.1388
272,1235,1507,0.1388
267,1233,1500,0.1388
264,1246,1510,0.1388
271,1236,1507,0.1388
268,1239,1507,0.1388
272,1238,1510,0.1388
267,1248,1515,0.1388
265,1248,1513,0.1388
267,1259,1526,0.1388
262,1247,1509,0.1388
261,1248,1509,0.1388
259,1239,1498,0.1388
252,1244,1496,0.1388
247,1252,1499,0.1388
241,1258,1499,0.1388
240,1268,1508,0.1388
243,1272,1515,0.1388
243,1272,1515,0.1388
239,1268,1507,0.1388
248,1262,1510,0.1388
244,1269,1513,0.1388
246,1257,1503,0.1388
245,1264,1509,0.1388
247,1273,1520,0.1388
253,1277,1530,0.1388
252,1278,1530,0.1388
253,1267,1520,0.1388
257,1259,1516,0.1388
258,1257,1515,0.1388
258,1255,1513,0.1388
260,1258,1518,0.1388
261,1259,1520,0.1388
259,1267,1526,0.1388
261,1247,1508,0.1388
258,1260,1518,0.1388
254,1243,1497,0.1388
256,1244,1500,0.1388
256,1247,1503,0.1388
258,1262,1520,0.1388
261,1253,1514,0.1388
265,1239,1504,0.1388
268,1241,1509,0.1388
267,1254,1521,0.1388
263,1260,1523,0.1388
259,1259,1518,0.1388
260,1263,1523,0.1388
256,1262,1518,0.1388
254,1258,1512,0.1388
252,1271,1523,0.1388
259,1270,1529,0.1388
262,1267,1529,0.1388
261,1261,1522,0.1388
254,1267,1521,0.1388
246,1269,1515,0.1388
244,1275,1519,0.1388
246,1280,1526,0.1388
246,1263,1509,0.1388
242,1269,1511,0.1388
235,1267,1502,0.1388
240,1273,1513,0.1388
243,1269,1512,0.1388
239,1274,1513,0.1388
235,1275,1510,0.1388
234,1277,1511,0.1388
234,1278,1512,0.1388
230,1286,1516,0.1388
232,1288,1520,0.1388
228,1286,1514,0.1388
227,1280,1507,0.1388
227,1293,1520,0.1388
223,1295,1518,0.1388
228,1283,1511,0.1388
229,1287,1516,0.1388
229,1294,1523,0.1388
232,1305,1537,0.1388
232,1293,1525,0.1388
224,1295,1519,0.1388
229,1283,1512,0.1388
227,1284,1511,0.1388
228,1283,1511,0.1388
225,1283,1508,0.1388
228,1283,1511,0.1388
231,1285,1516,0.1388
228,1287,1515,0.1388
224,1291,1515,0.1388
219,1305,1524,0.1388
218,1312,1530,0.1388
218,1300,1518,0.1388
217,1295,1512,0.1388
215,1302,1517,0.1388
218,1283,1501,0.1388
221,1297,1518,0.1388
228,1293,1521,0.1388
230,1295,1525,0.1388
239,1286,1525,0.1388
236,1288,1524,0.1388
239,1281,1520,0.1388
237,1290,1527,0.1388
239,1297,1536,0.1388
242,1285,1527,0.1388
238,1283,1521,0.1388
234,1278,1512,0.1388
232,1286,1518,0.1388
232,1290,1522,0.1388
231,1291,1522,0.1388
223,1301,1524,0.1388
226,1290,1516,0.1388
222,1282,1504,0.1388
218,1295,1513,0.1388
217,1296,1513,0.1388
221,1296,1517,0.1388
222,1297,1519,0.1388
221,1298,1519,0.1388
222,1292,1514,0.1388
226,1304,1530,0.1388
223,1290,1513,0.1388
221,1282,1503,0.1388
226,1285,1511,0.1388
226,1286,1512,0.1388
224,1295,1519,0.1388
216,1287,1503,0.1388
220,1289,1509,0.1388
222,1286,1508,0.1388
220,1288,1508,0.1388
218,1293,1511,0.1388
221,1284,1505,0.1388
218,1293,1511,0.1388
214,1288,1502,0.1388
214,1301,1515,0.1388
215,1299,1514,0.1388
211,1294,1505,0.1388
208,1297,1505,0.1388
210,1303,1513,0.1388
210,1294,1504,0.1388
215,1296,1511,0.1388
214,1295,1509,0.1388
213,1296,1509,0.1388
215,1306,1521,0.1388
213,1304,1517,0.1388
220,1303,1523,0.1388
214,1299,1513,0.1388
214,1302,1516,0.1388
213,1295,1508,0.1388
211,1304,1515,0.1388
207,1317,1524,0.1388
209,1310,1519,0.1388
213,1306,1519,0.1388
217,1296,1513,0.1388
217,1300,1517,0.1388
217,1289,1506,0.1388
221,1307,1528,0.1388
223,1293,1516,0.1388
218,1310,1528,0.1388
209,1301,1510,0.1388
203,1310,1513,0.1388
208,1301,1509,0.1388
205,1304,1509,0.1388
208,1305,1513,0.1388
209,1300,1509,0.1388
203,1293,1496,0.1388
206,1296,1502,0.1388
200,1302,1502,0.1388
201,1302,1503,0.1388
203,1305,1508,0.1388
213,1310,1523,0.1388
215,1291,1506,0.1388
211,1309,1520,0.1388
209,1309,1518,0.1388
203,1304,1507,0.1388
194,1308,1502,0.1388
194,1309,1503,0.1388
190,1319,1509,0.1388
190,1331,1521,0.1388
187,1323,1510,0.1388
189,1332,1521,0.1388
194,1346,1540,0.1388
190,1340,1530,0.1388
186,1344,1530,0.1388
187,1343,1530,0.1388
186,1323,1509,0.1388
187,1331,1518,0.1388
188,1325,1513,0.1388
192,1333,1525,0.1388
194,1337,1531,0.1388
186,1338,1524,0.1388
186,1336,1522,0.1388
188,1333,1521,0.1388
186,1332,1518,0.1388
184,1338,1522,0.1388
186,1351,1537,0.1388
184,1349,1533,0.1388
182,1346,1528,0.1388
178,1330,1508,0.1388
175,1335,1510,0.1388
174,1337,1511,0.1388
171,1342,1513,0.1388
171,1349,1520,0.1388
166,1355,1521,0.1388
160,1356,1516,0.1388
162,1361,1523,0.1388
163,1348,1511,0.1388
165,1353,1518,0.1388
166,1359,1525,0.1388
166,1363,1529,0.1388
164,1352,1516,0.1388
160,1349,1509,0.1388
163,1349,1512,0.1388
161,1344,1505,0.1388
163,1340,1503,0.1388
162,1346,1508,0.1388
158,1336,1494,0.1388
155,1341,1496,0.1388
160,1343,1503,0.1388
156,1340,1496,0.1388
155,1350,1505,0.1388
157,1353,1510,0.1388
154,1358,1512,0.1388
157,1361,1518,0.1388
156,1361,1517,0.1388
155,1349,1504,0.1388
156,1357,1513,0.1388
155,1364,1519,0.1388
154,1365,1519,0.1388
155,1360,1515,0.1388
153,1363,1516,0.1388
156,1358,1514,0.1388
158,1361,1519,0.1388
153,1350,1503,0.1388
154,1355,1509,0.1388
155,1358,1513,0.1388
154,1356,1510,0.1388
156,1356,1512,0.1388
154,1360,1514,0.1388
159,1357,1516,0.1388
160,1352,1512,0.1388
158,1359,1517,0.1388
159,1365,1524,0.1388
156,1364,1520,0.1388
154,1370,1524,0.1388
157,1373,1530,0.1388
158,1357,1515,0.1388
158,1356,1514,0.1388
161,1357,1518,0.1388
163,1353,1516,0.1388
161,1358,1519,0.1388
161,1356,1517,0.1388
162,1355,1517,0.1388
168,1355,1523,0.1388
171,1363,1534,0.1388
165,1358,1523,0.1388
168,1363,1531,0.1388
170,1360,1530,0.1388
168,1367,1535,0.1388
165,1366,1531,0.1388
164,1359,1523,0.1388
160,1366,1526,0.1388
160,1357,1517,0.1388
161,1356,1517,0.1388
162,1355,1517,0.1388
158,1358,1516,0.1388
154,1344,1498,0.1388
156,1357,1513,0.1388
158,1361,1519,0.1388
154,1359,1513,0.1388
153,1361,1514,0.1388
151,1363,1514,0.1388
148,1367,1515,0.1388
147,1366,1513,0.1388
146,1363,1509,0.1388
148,1386,1534,0.1388
146,1367,1513,0.1388
150,1376,1526,0.1388
149,1370,1519,0.1388
148,1374,1522,0.1388
147,1370,1517,0.1388
149,1359,1508,0.1388
150,1357,1507,0.1388
151,1373,1524,0.1388
150,1364,1514,0.1388
148,1369,1517,0.1388
152,1377,1529,0.1388
148,1377,1525,0.1388
148,1374,1522,0.1388
146,1366,1512,0.1388
149,1369,1518,0.1388
148,1360,1508,0.1388
146,1361,1507,0.1388
146,1353,1499,0.1388
145,1351,1496,0.1388
138,1367,1505,0.1388
137,1360,1497,0.1388
138,1352,1490,0.1388
138,1386,1524,0.1388
137,1375,1512,0.1388
138,1380,1518,0.1388
136,1381,1517,0.1388
133,1369,1502,0.1388
128,1379,1507,0.1388
126,1393,1519,0.1388
122,1391,1513,0.1388
120,1381,1501,0.1388
119,1383,1502,0.1388
118,1366,1484,0.1388
115,1361,1476,0.1388
115,1372,1487,0.1388
118,1387,1505,0.1388
118,1394,1512,0.1388
115,1395,1510,0.1388
113,1407,1520,0.1388
116,1421,1537,0.1388
115,1416,1531,0.1388
115,1410,1525,0.1388
118,1411,1529,0.1388
116,1411,1527,0.1388
115,1398,1513,0.1388
116,1403,1519,0.1388
115,1409,1524,0.1388
112,1400,1512,0.1388
107,1407,1514,0.1388
104,1411,1515,0.1388
105,1424,1529,0.1388
106,1422,1528,0.1388
109,1407,1516,0.1388
109,1408,1517,0.1388
104,1408,1512,0.1388
104,1401,1505,0.1388
108,1400,1508,0.1388
108,1406,1514,0.1388
106,1429,1535,0.1388
103,1434,1537,0.1388
104,1420,1524,0.1388
103,1415,1518,0.1388
100,1412,1512,0.1388
95,1410,1505,0.1388
98,1409,1507,0.1388
99,1405,1504,0.1388
99,1400,1499,0.1388
104,1415,1519,0.1388
105,1410,1515,0.1388
102,1408,1510,0.1388
98,1416,1514,0.1388
95,1417,1512,0.1388
98,1427,1525,0.1388
97,1425,1522,0.1388
99,1427,1526,0.1388
98,1414,1512,0.1388
96,1408,1504,0.1388
94,1411,1505,0.1388
94,1404,1498,0.1388
92,1415,1507,0.1388
95,1408,1503,0.1388
94,1411,1505,0.1388
94,1403,1497,0.1388
98,1410,1508,0.1388
94,1414,1508,0.1388
95,1423,1518,0.1388
95,1421,1516,0.1388
100,1412,1512,0.1388
96,1424,1520,0.1388
100,1417,1517,0.1388
99,1408,1507,0.1388
100,1421,1521,0.1388
100,1410,1510,0.1388
100,1421,1521,0.1388
100,1410,1510,0.1388
99,1414,1513,0.1388
95,1419,1514,0.1388
97,1409,1506,0.1388
98,1413,1511,0.1388
99,1416,1515,0.1388
102,1409,1511,0.1388
97,1418,1515,0.1388
96,1423,1519,0.1388
96,1421,1517,0.1388
97,1423,1520,0.1388
95,1427,1522,0.1388
95,1412,1507,0.1388
95,1415,1510,0.1388
97,1402,1499,0.1388
96,1414,1510,0.1388
98,1415,1513,0.1388
97,1412,1509,0.1388
99,1415,1514,0.1388
95,1415,1510,0.1388
95,1420,1515,0.1388
96,1420,1516,0.1388
94,1419,1513,0.1388
92,1412,1504,0.1388
90,1413,1503,0.1388
90,1422,1512,0.1388
92,1427,1519,0.1388
90,1422,1512,0.1388
86,1430,1516,0.1388
89,1404,1493,0.1388
92,1417,1509,0.1388
91,1420,1511,0.1388
90,1419,1509,0.1388
88,1419,1507,0.1388
89,1428,1517,0.1388
90,1420,1510,0.1388
90,1416,1506,0.1388
93,1425,1518,0.1388
92,1428,1520,0.1388
90,1430,1520,0.1388
90,1427,1517,0.1388
85,1436,1521,0.1388
83,1434,1517,0.1388
82,1421,1503,0.1388
80,1433,1513,0.1388
80,1432,1512,0.1388
81,1432,1513,0.1388
81,1438,1519,0.1388
81,1437,1518,0.1388
77,1440,1517,0.1388
75,1436,1511,0.1388
76,1444,1520,0.1388
78,1442,1520,0.1388
79,1444,1523,0.1388
80,1448,1528,0.1388
80,1447,1527,0.1388
79,1436,1515,0.1388
78,1434,1512,0.1388
79,1455,1534,0.1388
81,1445,1526,0.1388
81,1428,1509,0.1388
81,1422,1503,0.1388
79,1418,1497,0.1388
77,1427,1504,0.1388
76,1435,1511,0.1388
78,1439,1517,0.1388
77,1441,1518,0.1388
76,1437,1513,0.1388
73,1451,1524,0.1388
73,1450,1523,0.1388
71,1447,1518,0.1388
69,1451,1520,0.1388
69,1450,1519,0.1388
69,1443,1512,0.1388
69,1447,1516,0.1388
68,1452,1520,0.1388
66,1444,1510,0.1388
68,1457,1525,0.1388
70,1457,1527,0.1388
71,1454,1525,0.1388
68,1437,1505,0.1388
66,1440,1506,0.1388
64,1456,1520,0.1388
65,1442,1507,0.1388
65,1436,1501,0.1388
64,1448,1512,0.1388
64,1455,1519,0.1388
63,1443,1506,0.1388
62,1446,1508,0.1388
62,1451,1513,0.1388
64,1447,1511,0.1388
60,1455,1515,0.1388
62,1463,1525,0.1388
60,1466,1526,0.1388
59,1468,1527,0.1388
58,1447,1505,0.1388
56,1447,1503,0.1388
56,1462,1518,0.1388
57,1462,1519,0.1388
55,1455,1510,0.1388
56,1454,1510,0.1388
56,1453,1509,0.1388
56,1456,1512,0.1388
56,1449,1505,0.1388
55,1461,1516,0.1388
55,1476,1531,0.1388
54,1464,1518,0.1388
54,1461,1515,0.1388
54,1447,1501,0.1388
50,1456,1506,0.1388
49,1465,1514,0.1388
51,1463,1514,0.1388
50,1468,1518,0.1388
50,1455,1505,0.1388
48,1454,1502,0.1388
46,1465,1511,0.1388
47,1466,1513,0.1388
47,1463,1510,0.1388
47,1469,1516,0.1388
44,1469,1513,0.1388
45,1473,1518,0.1388
45,1462,1507,0.1388
47,1467,1514,0.1388
44,1482,1526,0.1388
45,1499,1544,0.1388
47,1496,1543,0.1388
46,1483,1529,0.1388
44,1484,1528,0.1388
44,1475,1519,0.1388
44,1469,1513,0.1388
44,1491,1535,0.1388
42,1480,1522,0.1388
42,1482,1524,0.1388
41,1467,1508,0.1388
41,1475,1516,0.1388
39,1461,1500,0.1388
38,1474,1512,0.1388
39,1469,1508,0.1388
39,1448,1487,0.1388
39,1453,1492,0.1388
38,1456,1494,0.1388
39,1465,1504,0.1388
38,1474,1512,0.1388
37,1480,1517,0.1388
39,1485,1524,0.1388
38,1486,1524,0.1388
38,1493,1531,0.1388
38,1486,1524,0.1388
37,1483,1520,0.1388
37,1482,1519,0.1388
37,1479,1516,0.1388
37,1494,1531,0.1388
39,1485,1524,0.1388
39,1499,1538,0.1388
38,1479,1517,0.1388
36,1485,1521,0.1388
36,1483,1519,0.1388
36,1480,1516,0.1388
36,1478,1514,0.1388
36,1477,1513,0.1388
34,1490,1524,0.1388
34,1490,1524,0.1388
35,1493,1528,0.1388
36,1487,1523,0.1388
37,1484,1521,0.1388
36,1480,1516,0.1388
36,1473,1509,0.1388
37,1467,1504,0.1388
36,1474,1510,0.1388
35,1484,1519,0.1388
34,1491,1525,0.1388
35,1483,1518,0.1388
34,1482,1516,0.1388
34,1473,1507,0.1388
34,1474,1508,0.1388
33,1471,1504,0.1388
34,1473,1507,0.1388
32,1476,1508,0.1388
30,1485,1515,0.1388
32,1483,1515,0.1388
31,1488,1519,0.1388
32,1480,1512,0.1388
32,1476,1508,0.1388
34,1488,1522,0.1388
33,1491,1524,0.1388
34,1481,1515,0.1388
35,1487,1522,0.1388
33,1494,1527,0.1388
34,1494,1528,0.1388
36,1496,1532,0.1388
36,1495,1531,0.1388
36,1492,1528,0.1388
36,1496,1532,0.1388
36,1485,1521,0.1388
35,1484,1519,0.1388
35,1480,1515,0.1388
36,1489,1525,0.1388
35,1490,1525,0.1388
35,1498,1533,0.1388
35,1492,1527,0.1388
36,1477,1513,0.1388
35,1467,1502,0.1388
34,1483,1517,0.1388
35,1484,1519,0.1388
37,1477,1514,0.1388
38,1471,1509,0.1388
36,1470,1506,0.1388
36,1477,1513,0.1388
35,1476,1511,0.1388
37,1483,1520,0.1388
37,1490,1527,0.1388
38,1484,1522,0.1388
36,1499,1535,0.1388
37,1489,1526,0.1388
38,1488,1526,0.1388
40,1483,1523,0.1388
39,1483,1522,0.1388
38,1488,1526,0.1388
39,1486,1525,0.1388
39,1472,1511,0.1388
39,1483,1522,0.1388
38,1485,1523,0.1388
37,1491,1528,0.1388
36,1490,1526,0.1388
35,1492,1527,0.1388
34,1489,1523,0.1388
34,1503,1537,0.1388
35,1500,1535,0.1388
35,1498,1533,0.1388
33,1486,1519,0.1388
33,1487,1520,0.1388
33,1476,1509,0.1388
33,1469,1502,0.1388
33,1475,1508,0.1388
33,1494,1527,0.1388
33,1490,1523,0.1388
32,1482,1514,0.1388
33,1475,1508,0.1388
33,1475,1508,0.1388
33,1473,1506,0.1388
35,1488,1523,0.1388
35,1490,1525,0.1388
33,1481,1514,0.1388
34,1492,1526,0.1388
33,1495,1528,0.1388
34,1489,1523,0.1388
32,1486,1518,0.1388
34,1492,1526,0.1388
34,1498,1532,0.1388
35,1497,1532,0.1388
34,1491,1525,0.1388
35,1495,1530,0.1388
34,1486,1520,0.1388
36,1497,1533,0.1388
35,1499,1534,0.1388
32,1505,1537,0.1388
33,1491,1524,0.1388
35,1482,1517,0.1388
35,1486,1521,0.1388
35,1490,1525,0.1388
36,1486,1522,0.1388
36,1477,1513,0.1388
35,1477,1512,0.1388
35,1476,1511,0.1388
33,1481,1514,0.1388
35,1476,1511,0.1388
36,1483,1519,0.1388
34,1494,1528,0.1388
36,1491,1527,0.1388
36,1486,1522,0.1388
37,1486,1523,0.1388
36,1489,1525,0.1388
36,1487,1523,0.1388
34,1495,1529,0.1388
34,1481,1515,0.1388
33,1495,1528,0.1388
31,1504,1535,0.1388
30,1489,1519,0.1388
31,1485,1516,0.1388
31,1493,1524,0.1388
30,1492,1522,0.1388
29,1506,1535,0.1388
28,1503,1531,0.1388
28,1490,1518,0.1388
28,1489,1517,0.1388
28,1483,1511,0.1388
31,1463,1494,0.1388
30,1471,1501,0.1388
32,1489,1521,0.1388
33,1489,1522,0.1388
35,1496,1531,0.1388
34,1486,1520,0.1388
31,1484,1515,0.1388
32,1491,1523,0.1388
32,1490,1522,0.1388
31,1483,1514,0.1388
29,1488,1517,0.1388
28,1498,1526,0.1388
28,1506,1534,0.1388
29,1509,1538,0.1388
28,1494,1522,0.1388
28,1489,1517,0.1388
28,1484,1512,0.1388
29,1496,1525,0.1388
30,1491,1521,0.1388
28,1496,1524,0.1388
29,1497,1526,0.1388
31,1498,1529,0.1388
29,1498,1527,0.1388
30,1499,1529,0.1388
31,1500,1531,0.1388
30,1492,1522,0.1388
31,1493,1524,0.1388
30,1483,1513,0.1388
29,1493,1522,0.1388
27,1495,1522,0.1388
30,1491,1521,0.1388
30,1486,1516,0.1388
31,1482,1513,0.1388
30,1469,1499,0.1388
28,1474,1502,0.1388
28,1468,1496,0.1388
28,1473,1501,0.1388
31,1483,1514,0.1388
29,1495,1524,0.1388
28,1497,1525,0.1388
28,1486,1514,0.1388
28,1488,1516,0.1388
26,1487,1513,0.1388
26,1491,1517,0.1388
26,1487,1513,0.1388
27,1485,1512,0.1388
27,1489,1516,0.1388
28,1483,1511,0.1388
26,1485,1511,0.1388
27,1492,1519,0.1388
27,1492,1519,0.1388
26,1490,1516,0.1388
23,1479,1502,0.1388
24,1494,1518,0.1388
27,1485,1512,0.1388
28,1490,1518,0.1388
29,1488,1517,0.1388
28,1489,1517,0.1388
25,1475,1500,0.1388
26,1482,1508,0.1388
26,1497,1523,0.1388
28,1500,1528,0.1388
27,1498,1525,0.1388
28,1484,1512,0.1388
30,1490,1520,0.1388
29,1488,1517,0.1388
30,1496,1526,0.1388
31,1487,1518,0.1388
29,1488,1517,0.1388
30,1500,1530,0.1388
30,1492,1522,0.1388
30,1506,1536,0.1388
31,1506,1537,0.1388
29,1504,1533,0.1388
28,1499,1527,0.1388
28,1496,1524,0.1388
27,1479,1506,0.1388
27,1483,1510,0.1388
26,1476,1502,0.1388
26,1470,1496,0.1388
23,1475,1498,0.1388
26,1482,1508,0.1388
27,1486,1513,0.1388
27,1497,1524,0.1388
27,1490,1517,0.1388
27,1480,1507,0.1388
27,1473,1500,0.1388
27,1478,1505,0.1388
26,1477,1503,0.1388
27,1482,1509,0.1388
28,1468,1496,0.1388
28,1486,1514,0.1388
28,1487,1515,0.1388
26,1489,1515,0.1388
26,1491,1517,0.1388
26,1494,1520,0.1388
27,1475,1502,0.1388
28,1476,1504,0.1388
28,1477,1505,0.1388
27,1484,1511,0.1388
26,1505,1531,0.1388
28,1480,1508,0.1388
28,1478,1506,0.1388
28,1490,1518,0.1388
28,1496,1524,0.1388
29,1486,1515,0.1388
29,1462,1491,0.1388
31,1464,1495,0.1388
29,1479,1508,0.1388
29,1477,1506,0.1388
29,1477,1506,0.1388
30,1476,1506,0.1388
29,1477,1506,0.1388
31,1495,1526,0.1388
30,1494,1524,0.1388
30,1488,1518,0.1388
31,1490,1521,0.1388
32,1490,1522,0.1388
32,1492,1524,0.1388
29,1489,1518,0.1388
30,1491,1521,0.1388
30,1491,1521,0.1388
30,1496,1526,0.1388
29,1483,1512,0.1388
28,1486,1514,0.1388
29,1498,1527,0.1388
31,1508,1539,0.1388
31,1493,1524,0.1388
31,1484,1515,0.1388
31,1486,1517,0.1388
32,1474,1506,0.1388
31,1483,1514,0.1388
32,1486,1518,0.1388
31,1472,1503,0.1388
30,1480,1510,0.1388
29,1485,1514,0.1388
29,1483,1512,0.1388
31,1473,1504,0.1388
31,1485,1516,0.1388
30,1484,1514,0.1388
29,1498,1527,0.1388
30,1482,1512,0.1388
30,1483,1513,0.1388
30,1494,1524,0.1388
29,1494,1523,0.1388
30,1505,1535,0.1388
30,1495,1525,0.1388
30,1508,1538,0.1388
31,1496,1527,0.1388
30,1498,1528,0.1388
29,1490,1519,0.1388
27,1488,1515,0.1388
27,1481,1508,0.1388
29,1487,1516,0.1388
29,1478,1507,0.1388
29,1462,1491,0.1388
29,1487,1516,0.1388
28,1484,1512,0.1388
26,1490,1516,0.1388
28,1490,1518,0.1388
30,1484,1514,0.1388
29,1478,1507,0.1388
30,1487,1517,0.1388
31,1488,1519,0.1388
31,1492,1523,0.1388
30,1487,1517,0.1388
31,1480,1511,0.1388
31,1466,1497,0.1388
30,1474,1504,0.1388
29,1485,1514,0.1388
30,1497,1527,0.1388
29,1497,1526,0.1388
30,1485,1515,0.1388
28,1479,1507,0.1388
27,1474,1501,0.1388
29,1475,1504,0.1388
28,1475,1503,0.1388
28,1479,1507,0.1388
28,1485,1513,0.1388
29,1491,1520,0.1388
29,1482,1511,0.1388
29,1478,1507,0.1388
29,1487,1516,0.1388
28,1488,1516,0.1388
29,1487,1516,0.1388
29,1486,1515,0.1388
29,1481,1510,0.1388
31,1479,1510,0.1388
31,1477,1508,0.1388
30,1484,1514,0.1388
31,1490,1521,0.1388
30,1498,1528,0.1388
31,1505,1536,0.1388
30,1499,1529,0.1388
30,1497,1527,0.1388
30,1484,1514,0.1388
29,1477,1506,0.1388
28,1480,1508,0.1388
30,1493,1523,0.1388
29,1485,1514,0.1388
30,1487,1517,0.1388
31,1477,1508,0.1388
29,1489,1518,0.1388
31,1491,1522,0.1388
32,1488,1520,0.1388
32,1492,1524,0.1388
33,1491,1524,0.1388
31,1484,1515,0.1388
30,1474,1504,0.1388
30,1474,1504,0.1388
30,1490,1520,0.1388
31,1485,1516,0.1388
31,1478,1509,0.1388
31,1494,1525,0.1388
32,1493,1525,0.1388
34,1499,1533,0.1388
33,1501,1534,0.1388
32,1498,1530,0.1388
33,1495,1528,0.1388
33,1489,1522,0.1388
33,1498,1531,0.1388
33,1502,1535,0.1388
34,1499,1533,0.1388
33,1483,1516,0.1388
33,1476,1509,0.1388
34,1494,1528,0.1388
35,1488,1523,0.1388
35,1480,1515,0.1388
35,1494,1529,0.1388
35,1502,1537,0.1388
33,1492,1525,0.1388
34,1481,1515,0.1388
33,1481,1514,0.1388
32,1484,1516,0.1388
32,1481,1513,0.1388
33,1483,1516,0.1388
34,1484,1518,0.1388
32,1474,1506,0.1388
33,1473,1506,0.1388
33,1469,1502,0.1388
33,1476,1509,0.1388
33,1461,1494,0.1388
31,1464,1495,0.1388
31,1478,1509,0.1388
30,1484,1514,0.1388
33,1485,1518,0.1388
34,1474,1508,0.1388
33,1469,1502,0.1388
35,1476,1511,0.1388
34,1477,1511,0.1388
34,1490,1524,0.1388
35,1493,1528,0.1388
36,1484,1520,0.1388
35,1477,1512,0.1388
35,1469,1504,0.1388
36,1480,1516,0.1388
35,1492,1527,0.1388
36,1485,1521,0.1388
35,1478,1513,0.1388
36,1479,1515,0.1388
36,1487,1523,0.1388
35,1477,1512,0.1388
34,1484,1518,0.1388
35,1475,1510,0.1388
36,1489,1525,0.1388
35,1490,1525,0.1388
33,1485,1518,0.1388
33,1498,1531,0.1388
32,1492,1524,0.1388
32,1487,1519,0.1388
35,1484,1519,0.1388
36,1478,1514,0.1388
36,1489,1525,0.1388
37,1491,1528,0.1388
38,1471,1509,0.1388
37,1466,1503,0.1388
38,1482,1520,0.1388
35,1481,1516,0.1388
39,1476,1515,0.1388
40,1466,1506,0.1388
40,1468,1508,0.1388
40,1467,1507,0.1388
40,1468,1508,0.1388
40,1472,1512,0.1388
40,1466,1506,0.1388
40,1472,1512,0.1388
38,1472,1510,0.1388
37,1480,1517,0.1388
36,1477,1513,0.1388
35,1481,1516,0.1388
35,1478,1513,0.1388
33,1477,1510,0.1388
34,1468,1502,0.1388
33,1483,1516,0.1388
33,1483,1516,0.1388
31,1485,1516,0.1388
31,1481,1512,0.1388
30,1473,1503,0.1388
31,1478,1509,0.1388
33,1471,1504,0.1388
32,1470,1502,0.1388
32,1477,1509,0.1388
33,1475,1508,0.1388
33,1470,1503,0.1388
35,1481,1516,0.1388
35,1484,1519,0.1388
35,1483,1518,0.1388
35,1492,1527,0.1388
35,1494,1529,0.1388
34,1501,1535,0.1388
34,1495,1529,0.1388
35,1487,1522,0.1388
35,1486,1521,0.1388
31,1495,1526,0.1388
32,1503,1535,0.1388
31,1496,1527,0.1388
32,1494,1526,0.1388
34,1493,1527,0.1388
31,1490,1521,0.1388
30,1484,1514,0.1388
31,1470,1501,0.1388
32,1484,1516,0.1388
34,1489,1523,0.1388
33,1484,1517,0.1388
33,1490,1523,0.1388
34,1471,1505,0.1388
33,1476,1509,0.1388
35,1473,1508,0.1388
33,1472,1505,0.1388
34,1475,1509,0.1388
35,1473,1508,0.1388
35,1488,1523,0.1388
36,1478,1514,0.1388
32,1468,1500,0.1388
33,1466,1499,0.1388
34,1466,1500,0.1388
36,1482,1518,0.1388
33,1485,1518,0.1388
32,1488,1520,0.1388
32,1479,1511,0.1388
33,1477,1510,0.1388
34,1467,1501,0.1388
35,1467,1502,0.1388
35,1466,1501,0.1388
36,1473,1509,0.1388
37,1478,1515,0.1388
35,1480,1515,0.1388
33,1482,1515,0.1388
34,1486,1520,0.1388
34,1478,1512,0.1388
33,1487,1520,0.1388
33,1480,1513,0.1388
32,1476,1508,0.1388
34,1478,1512,0.1388
34,1476,1510,0.1388
32,1489,1521,0.1388
33,1486,1519,0.1388
33,1491,1524,0.1388
29,1494,1523,0.1388
29,1503,1532,0.1388
29,1498,1527,0.1388
31,1494,1525,0.1388
32,1483,1515,0.1388
32,1485,1517,0.1388
32,1482,1514,0.1388
33,1470,1503,0.1388
33,1478,1511,0.1388
34,1491,1525,0.1388
33,1487,1520,0.1388
35,1483,1518,0.1388
35,1477,1512,0.1388
34,1469,1503,0.1388
33,1468,1501,0.1388
34,1489,1523,0.1388
35,1483,1518,0.1388
35,1485,1520,0.1388
35,1481,1516,0.1388
35,1477,1512,0.1388
34,1487,1521,0.1388
33,1490,1523,0.1388
33,1490,1523,0.1388
33,1498,1531,0.1388
33,1484,1517,0.1388
32,1481,1513,0.1388
31,1468,1499,0.1388
32,1473,1505,0.1388
34,1486,1520,0.1388
34,1480,1514,0.1388
34,1472,1506,0.1388
35,1472,1507,0.1388
35,1471,1506,0.1388
34,1486,1520,0.1388
34,1493,1527,0.1388
36,1491,1527,0.1388
35,1491,1526,0.1388
35,1484,1519,0.1388
34,1482,1516,0.1388
35,1483,1518,0.1388
35,1498,1533,0.1388
33,1489,1522,0.1388
29,1497,1526,0.1388
29,1486,1515,0.1388
31,1488,1519,0.1388
31,1479,1510,0.1388
30,1482,1512,0.1388
29,1475,1504,0.1388
29,1475,1504,0.1388
30,1480,1510,0.1388
29,1473,1502,0.1388
33,1490,1523,0.1388
32,1487,1519,0.1388
31,1477,1508,0.1388
32,1476,1508,0.1388
31,1472,1503,0.1388
31,1482,1513,0.1388
32,1481,1513,0.1388
32,1476,1508,0.1388
33,1491,1524,0.1388
35,1490,1525,0.1388
35,1497,1532,0.1388
32,1502,1534,0.1388
32,1497,1529,0.1388
33,1490,1523,0.1388
29,1488,1517,0.1388
28,1488,1516,0.1388
25,1481,1506,0.1388
27,1484,1511,0.1388
27,1494,1521,0.1388
28,1508,1536,0.1388
29,1498,1527,0.1388
28,1498,1526,0.1388
29,1490,1519,0.1388
28,1501,1529,0.1388
28,1496,1524,0.1388
27,1497,1524,0.1388
25,1500,1525,0.1388
26,1498,1524,0.1388
27,1490,1517,0.1388
28,1488,1516,0.1388
26,1486,1512,0.1388
26,1492,1518,0.1388
27,1490,1517,0.1388
27,1499,1526,0.1388
28,1483,1511,0.1388
28,1475,1503,0.1388
28,1480,1508,0.1388
27,1482,1509,0.1388
27,1492,1519,0.1388
27,1494,1521,0.1388
26,1497,1523,0.1388
26,1486,1512,0.1388
26,1482,1508,0.1388
27,1484,1511,0.1388
27,1484,1511,0.1388
28,1471,1499,0.1388
28,1479,1507,0.1388
28,1493,1521,0.1388
28,1495,1523,0.1388
28,1498,1526,0.1388
29,1504,1533,0.1388
27,1507,1534,0.1388
27,1503,1530,0.1388
26,1491,1517,0.1388
25,1482,1507,0.1388
25,1490,1515,0.1388
25,1489,1514,0.1388
25,1488,1513,0.1388
25,1487,1512,0.1388
25,1489,1514,0.1388
26,1499,1525,0.1388
26,1501,1527,0.1388
26,1494,1520,0.1388
23,1485,1508,0.1388
24,1486,1510,0.1388
25,1488,1513,0.1388
25,1484,1509,0.1388
24,1484,1508,0.1388
24,1490,1514,0.1388
21,1498,1519,0.1388
19,1502,1521,0.1388
19,1496,1515,0.1388
18,1486,1504,0.1388
17,1493,1510,0.1388
15,1503,1518,0.1388
16,1491,1507,0.1388
16,1500,1516,0.1388
16,1498,1514,0.1388
16,1484,1500,0.1388
14,1500,1514,0.1388
15,1512,1527,0.1388
15,1504,1519,0.1388
14,1492,1506,0.1388
15,1509,1524,0.1388
15,1497,1512,0.1388
14,1497,1511,0.1388
13,1504,1517,0.1388
14,1510,1524,0.1388
13,1502,1515,0.1388
12,1506,1518,0.1388
12,1502,1514,0.1388
13,1515,1528,0.1388
13,1525,1538,0.1388
14,1502,1516,0.1388
13,1505,1518,0.1388
13,1506,1519,0.1388
13,1509,1522,0.1388
14,1496,1510,0.1388
13,1493,1506,0.1388
13,1501,1514,0.1388
13,1511,1524,0.1388
12,1521,1533,0.1388
12,1510,1522,0.1388
12,1518,1530,0.1388
12,1517,1529,0.1388
12,1507,1519,0.1388
12,1505,1517,0.1388
12,1501,1513,0.1388
13,1500,1513,0.1388
14,1498,1512,0.1388
13,1499,1512,0.1388
13,1497,1510,0.1388
14,1480,1494,0.1388
13,1487,1500,0.1388
14,1491,1505,0.1388
13,1507,1520,0.1388
13,1512,1525,0.1388
12,1504,1516,0.1388
12,1514,1526,0.1388
13,1514,1527,0.1388
13,1515,1528,0.1388
13,1507,1520,0.1388
12,1519,1531,0.1388
12,1519,1531,0.1388
12,1507,1519,0.1388
11,1503,1514,0.1388
12,1522,1534,0.1388
12,1522,1534,0.1388
13,1510,1523,0.1388
13,1507,1520,0.1388
13,1489,1502,0.1388
13,1489,1502,0.1388
13,1497,1510,0.1388
12,1499,1511,0.1388
12,1500,1512,0.1388
13,1498,1511,0.1388
14,1511,1525,0.1388
13,1510,1523,0.1388
14,1506,1520,0.1388
14,1501,1515,0.1388
13,1503,1516,0.1388
11,1495,1506,0.1388
11,1501,1512,0.1388
11,1505,1516,0.1388
11,1486,1497,0.1388
11,1486,1497,0.1388
12,1504,1516,0.1388
12,1509,1521,0.1388
13,1509,1522,0.1388
13,1500,1513,0.1388
13,1499,1512,0.1388
13,1512,1525,0.1388
12,1517,1529,0.1388
12,1514,1526,0.1388
11,1515,1526,0.1388
11,1498,1509,0.1388
12,1493,1505,0.1388
12,1507,1519,0.1388
12,1496,1508,0.1388
11,1496,1507,0.1388
13,1488,1501,0.1388
14,1497,1511,0.1388
14,1499,1513,0.1388
14,1485,1499,0.1388
15,1490,1505,0.1388
15,1496,1511,0.1388
15,1502,1517,0.1388
15,1503,1518,0.1388
15,1504,1519,0.1388
14,1508,1522,0.1388
15,1489,1504,0.1388
14,1491,1505,0.1388
13,1497,1510,0.1388
13,1503,1516,0.1388
13,1517,1530,0.1388
13,1503,1516,0.1388
14,1507,1521,0.1388
14,1510,1524,0.1388
14,1512,1526,0.1388
15,1504,1519,0.1388
13,1512,1525,0.1388
12,1513,1525,0.1388
13,1507,1520,0.1388
12,1515,1527,0.1388
12,1501,1513,0.1388
11,1502,1513,0.1388
10,1512,1522,0.1388
11,1503,1514,0.1388
12,1510,1522,0.1388
14,1512,1526,0.1388
14,1508,1522,0.1388
15,1512,1527,0.1388
15,1509,1524,0.1388
16,1511,1527,0.1388
15,1505,1520,0.1388
15,1495,1510,0.1388
16,1495,1511,0.1388
16,1488,1504,0.1388
16,1476,1492,0.1388
16,1492,1508,0.1388
15,1490,1505,0.1388
16,1482,1498,0.1388
16,1506,1522,0.1388
14,1498,1512,0.1388
14,1502,1516,0.1388
14,1496,1510,0.1388
14,1495,1509,0.1388
14,1492,1506,0.1388
14,1484,1498,0.1388
13,1504,1517,0.1388
14,1499,1513,0.1388
14,1498,1512,0.1388
14,1508,1522,0.1388
14,1489,1503,0.1388
13,1499,1512,0.1388
13,1506,1519,0.1388
13,1506,1519,0.1388
13,1497,1510,0.1388
12,1504,1516,0.1388
11,1501,1512,0.1388
11,1507,1518,0.1388
11,1515,1526,0.1388
11,1494,1505,0.1388
11,1480,1491,0.1388
11,1494,1505,0.1388
11,1516,1527,0.1388
11,1504,1515,0.1388
10,1522,1532,0.1388
11,1519,1530,0.1388
12,1505,1517,0.1388
12,1494,1506,0.1388
11,1506,1517,0.1388
11,1514,1525,0.1388
10,1512,1522,0.1388
10,1513,1523,0.1388
10,1515,1525,0.1388
10,1490,1500,0.1388
11,1499,1510,0.1388
11,1515,1526,0.1388
10,1506,1516,0.1388
9,1519,1528,0.1388
9,1524,1533,0.1388
9,1524,1533,0.1388
9,1520,1529,0.1388
9,1518,1527,0.1388
10,1513,1523,0.1388
9,1503,1512,0.1388
9,1505,1514,0.1388
9,1508,1517,0.1388
9,1521,1530,0.1388
9,1510,1519,0.1388
9,1517,1526,0.1388
9,1502,1511,0.1388
9,1504,1513,0.1388
9,1509,1518,0.1388
9,1509,1518,0.1388
10,1507,1517,0.1388
9,1506,1515,0.1388
10,1500,1510,0.1388
10,1501,1511,0.1388
10,1501,1511,0.1388
10,1504,1514,0.1388
10,1496,1506,0.1388
10,1504,1514,0.1388
10,1512,1522,0.1388
10,1513,1523,0.1388
12,1510,1522,0.1388
12,1509,1521,0.1388
12,1523,1535,0.1388
12,1517,1529,0.1388
12,1510,1522,0.1388
11,1524,1535,0.1388
11,1507,1518,0.1388
12,1508,1520,0.1388
10,1515,1525,0.1388
12,1506,1518,0.1388
11,1487,1498,0.1388
9,1483,1492,0.1388
9,1505,1514,0.1388
8,1502,1510,0.1388
7,1502,1509,0.1388
7,1500,1507,0.1388
6,1497,1503,0.1388
7,1498,1505,0.1388
8,1501,1509,0.1388
9,1514,1523,0.1388
8,1517,1525,0.1388
8,1513,1521,0.1388
8,1507,1515,0.1388
8,1517,1525,0.1388
7,1522,1529,0.1388
7,1519,1526,0.1388
8,1504,1512,0.1388
8,1523,1531,0.1388
8,1515,1523,0.1388
8,1518,1526,0.1388
8,1517,1525,0.1388
8,1502,1510,0.1388
7,1510,1517,0.1388
7,1523,1530,0.1388
7,1514,1521,0.1388
7,1510,1517,0.1388
7,1515,1522,0.1388
7,1516,1523,0.1388
7,1509,1516,0.1388
6,1509,1515,0.1388
6,1507,1513,0.1388
6,1518,1524,0.1388
6,1511,1517,0.1388
6,1510,1516,0.1388
6,1508,1514,0.1388
6,1520,1526,0.1388
7,1510,1517,0.1388
7,1524,1531,0.1388
7,1510,1517,0.1388
7,1520,1527,0.1388
7,1522,1529,0.1388
8,1501,1509,0.1388
8,1517,1525,0.1388
7,1513,1520,0.1388
7,1510,1517,0.1388
7,1501,1508,0.1388
7,1506,1513,0.1388
7,1506,1513,0.1388
7,1508,1515,0.1388
7,1504,1511,0.1388
7,1510,1517,0.1388
7,1505,1512,0.1388
6,1497,1503,0.1388
6,1496,1502,0.1388
6,1497,1503,0.1388
6,1507,1513,0.1388
6,1510,1516,0.1388
6,1515,1521,0.1388
6,1496,1502,0.1388
6,1496,1502,0.1388
7,1501,1508,0.1388
8,1497,1505,0.1388
8,1498,1506,0.1388
8,1475,1483,0.1388
8,1486,1494,0.1388
9,1504,1513,0.1388
9,1502,1511,0.1388
8,1493,1501,0.1388
8,1496,1504,0.1388
8,1507,1515,0.1388
8,1509,1517,0.1388
8,1519,1527,0.1388
8,1515,1523,0.1388
8,1526,1534,0.1388
8,1523,1531,0.1388
7,1514,1521,0.1388
6,1516,1522,0.1388
6,1505,1511,0.1388
6,1506,1512,0.1388
6,1499,1505,0.1388
6,1524,1530,0.1388
6,1520,1526,0.1388
6,1506,1512,0.1388
5,1504,1509,0.1388
5,1494,1499,0.1388
5,1500,1505,0.1388
5,1500,1505,0.1388
5,1498,1503,0.1388
5,1494,1499,0.1388
5,1503,1508,0.1388
4,1520,1524,0.1388
4,1519,1523,0.1388
4,1518,1522,0.1388
4,1512,1516,0.1388
4,1516,1520,0.1388
4,1514,1518,0.1388
4,1516,1520,0.1388
4,1509,1513,0.1388
5,1514,1519,0.1388
5,1526,1531,0.1388
4,1521,1525,0.1388
4,1504,1508,0.1388
4,1511,1515,0.1388
4,1521,1525,0.1388
4,1520,1524,0.1388
4,1513,1517,0.1388
4,1528,1532,0.1388
4,1519,1523,0.1388
4,1517,1521,0.1388
3,1513,1516,0.1388
3,1509,1512,0.1388
3,1517,1520,0.1388
4,1505,1509,0.1388
4,1507,1511,0.1388
4,1517,1521,0.1388
3,1508,1511,0.1388
4,1504,1508,0.1388
4,1505,1509,0.1388
4,1510,1514,0.1388
4,1516,1520,0.1388
4,1515,1519,0.1388
4,1512,1516,0.1388
4,1516,1520,0.1388
4,1501,1505,0.1388
4,1501,1505,0.1388
4,1503,1507,0.1388
3,1498,1501,0.1388
2,1490,1492,0.1388
2,1499,1501,0.1388
2,1504,1506,0.1388
2,1511,1513,0.1388
2,1519,1521,0.1388
2,1522,1524,0.1388
2,1525,1527,0.1388
2,1511,1513,0.1388
2,1511,1513,0.1388
3,1502,1505,0.1388
3,1500,1503,0.1388
3,1509,1512,0.1388
3,1515,1518,0.1388
3,1509,1512,0.1388
3,1520,1523,0.1388
3,1516,1519,0.1388
3,1521,1524,0.1388
3,1512,1515,0.1388
3,1520,1523,0.1388
3,1517,1520,0.1388
3,1510,1513,0.1388
3,1516,1519,0.1388
3,1512,1515,0.1388
3,1507,1510,0.1388
3,1520,1523,0.1388
3,1513,1516,0.1388
2,1502,1504,0.1388
2,1515,1517,0.1388
2,1501,1503,0.1388
2,1507,1509,0.1388
3,1517,1520,0.1388
3,1517,1520,0.1388
3,1517,1520,0.1388
3,1518,1521,0.1388
3,1529,1532,0.1388
3,1514,1517,0.1388
3,1520,1523,0.1388
3,1519,1522,0.1388
3,1511,1514,0.1388
3,1522,1525,0.1388
3,1510,1513,0.1388
3,1498,1501,0.1388
2,1512,1514,0.1388
2,1510,1512,0.1388
2,1523,1525,0.1388
2,1506,1508,0.1388
2,1506,1508,0.1388
2,1514,1516,0.1388
2,1507,1509,0.1388
2,1504,1506,0.1388
2,1511,1513,0.1388
2,1514,1516,0.1388
2,1516,1518,0.1388
2,1518,1520,0.1388
2,1517,1519,0.1388
2,1517,1519,0.1388
2,1528,1530,0.1388
2,1521,1523,0.1388
2,1530,1532,0.1388
2,1535,1537,0.1388
1,1525,1526,0.1388
1,1518,1519,0.1388
1,1520,1521,0.1388
1,1533,1534,0.1388
1,1522,1523,0.1388
1,1526,1527,0.1388
1,1513,1514,0.1388
1,1508,1509,0.1388
1,1510,1511,0.1388
1,1511,1512,0.1388
1,1506,1507,0.1388
1,1511,1512,0.1388
1,1500,1501,0.1388
2,1504,1506,0.1388
2,1514,1516,0.1388
2,1530,1532,0.1388
2,1537,1539,0.1388
2,1544,1546,0.1388
2,1533,1535,0.1388
2,1520,1522,0.1388
2,1517,1519,0.1388
2,1513,1515,0.1388
2,1512,1514,0.1388
2,1500,1502,0.1388
2,1492,1494,0.1388
2,1508,1510,0.1388
2,1518,1520,0.1388
2,1515,1517,0.1388
2,1521,1523,0.1388
2,1524,1526,0.1388
2,1515,1517,0.1388
2,1508,1510,0.1388
2,1521,1523,0.1388
2,1517,1519,0.1388
2,1519,1521,0.1388
2,1509,1511,0.1388
3,1517,1520,0.1388
3,1498,1501,0.1388
3,1501,1504,0.1388
3,1515,1518,0.1388
3,1518,1521,0.1388
3,1506,1509,0.1388
4,1511,1515,0.1388
4,1517,1521,0.1388
4,1514,1518,0.1388
4,1523,1527,0.1388
4,1525,1529,0.1388
4,1514,1518,0.1388
2,1505,1507,0.1388
3,1522,1525,0.1388
2,1515,1517,0.1388
2,1515,1517,0.1388
2,1515,1517,0.1388
2,1513,1515,0.1388
1,1512,1513,0.1388
1,1516,1517,0.1388
1,1521,1522,0.1388
2,1517,1519,0.1388
2,1508,1510,0.1388
2,1510,1512,0.1388
2,1514,1516,0.1388
2,1510,1512,0.1388
2,1508,1510,0.1388
2,1513,1515,0.1388
0,1524,1524,0.1388
