1363,28,1391,0.135821117256955
1392,28,1420,0.13299657366816894
1416,27,1443,0.1303389957379218
1419,28,1447,0.12785073523595913
1434,30,1464,0.1255752677728202
1439,30,1469,0.12346231776857984
1434,30,1464,0.12152469623783901
1434,31,1465,0.11977326210818266
1443,33,1476,0.11817779598010994
1449,33,1482,0.11670195918952957
1449,33,1482,0.11534326150429963
1470,31,1501,0.11410629025980489
1468,31,1499,0.11292902914261486
1467,30,1497,0.11186244605393858
1461,30,1491,0.11089407170860902
1467,31,1498,0.11002669119360055
1469,31,1500,0.10922311013820529
1466,32,1498,0.10848717450162138
1464,32,1496,0.10782442890163037
1478,33,1511,0.10722558044641264
1473,31,1504,0.10664901354462039
1474,34,1508,0.10613552330532787
1458,35,1493,0.10566630040296317
1482,35,1517,0.10527473306456753
1481,35,1516,0.10486516392307418
1484,34,1518,0.10449487804660867
1464,35,1499,0.10415136952196105
1455,37,1492,0.10388284602820708
1470,37,1507,0.10365806437321268
1466,39,1505,0.1034212239614278
1458,39,1497,0.10321433446778794
1464,39,1503,0.10304322529834874
1469,40,1509,0.10287425447799865
1448,42,1490,0.1027094812696685
1454,41,1495,0.102605014516522
1456,40,1496,0.1024972049039614
1464,41,1505,0.10239489713876479
1468,44,1512,0.10228459552616727
1466,45,1511,0.1021754733284709
1466,45,1511,0.1020800451473911
1458,44,1502,0.10199348664133993
1457,44,1501,0.10193194314789338
1461,41,1502,0.10187810143653117
1451,42,1493,0.10182066451709687
1460,42,1502,0.10178984056174682
1466,41,1507,0.1017426111803501
1467,42,1509,0.10168667726745369
1460,45,1505,0.10163382827561605
1463,46,1509,0.10160078376418591
1451,47,1498,0.10156457487055334
1459,48,1507,0.10155751360158068
1455,48,1503,0.10153372152365853
1451,50,1501,0.1015209064173562
1454,49,1503,0.10151785236741144
1455,47,1502,0.10150885686032489
1447,49,1496,0.10149822049217228
1445,49,1494,0.10150551136100563
1440,51,1491,0.10151651273658487
1441,52,1493,0.10153719995940685
1442,52,1494,0.10155388187671005
1439,52,1491,0.10156695954360423
1437,50,1487,0.10158557423285287
1441,51,1492,0.1016067989865376
1443,54,1497,0.10161758625472787
1442,53,1495,0.10162333334235119
1431,56,1487,0.10163070837147113
1432,54,1486,0.10166135091461438
1448,54,1502,0.10168720349579216
1437,56,1493,0.10167622095630952
1437,60,1497,0.10168992710985496
1450,62,1512,0.10170253610012135
1446,60,1506,0.10168584761991147
1441,58,1499,0.10167965516958574
1445,57,1502,0.10168442425112718
1444,58,1502,0.10167998187835404
1441,59,1500,0.10167796907196153
1440,60,1500,0.10168261816972436
1438,60,1498,0.10168886294374566
1443,61,1504,0.10169927690975322
1435,58,1493,0.1016980006454717
1438,59,1497,0.10171410142278373
1445,63,1508,0.10172251956378175
1453,60,1513,0.10171523627441527
1444,61,1505,0.1016913847329673
1436,63,1499,0.1016889256856875
1435,64,1499,0.1017040410089391
1428,62,1490,0.1017199420226985
1425,63,1488,0.10174927683639547
1428,64,1492,0.10178263055127383
1416,64,1480,0.1018064136920531
1425,62,1487,0.10185386142453048
1420,62,1482,0.10187763941023568
1437,62,1499,0.10190979220365458
1442,64,1506,0.10190305023374101
1446,65,1511,0.10188596051506878
1422,65,1487,0.10186213778288472
1425,66,1491,0.10189211350414926
1419,66,1485,0.10191313572244244
1418,67,1485,0.1019452896781176
1421,68,1489,0.10197665237692764
1410,70,1480,0.1019988486647443
1404,70,1474,0.10204278521176074
1416,70,1486,0.10209590255012545
1426,71,1497,0.1021182881061067
1418,72,1490,0.10211684827989874
1427,74,1501,0.10213292326695378
1426,72,1498,0.10212836522255433
1423,72,1495,0.1021263224832836
1429,71,1500,0.10213099887959184
1438,70,1508,0.1021223258515013
1443,69,1512,0.10209491614488223
1433,70,1503,0.10205902049504195
1445,69,1514,0.10204793391741723
1439,69,1508,0.10201226979339978
1447,67,1514,0.10199263373059471
1442,66,1508,0.10195749415864234
1446,69,1515,0.10193596593918969
1433,68,1501,0.10190815869555019
1445,75,1520,0.10191089711830603
1445,77,1522,0.10188734753050227
1434,77,1511,0.10186624361763422
1430,76,1506,0.10187052649054547
1422,75,1497,0.1018833197731373
1409,75,1484,0.10191163454315502
1421,76,1497,0.10196599563362446
1421,75,1496,0.10198923359051758
1423,74,1497,0.10201034987001786
1425,71,1496,0.10202541959948737
1420,70,1490,0.10203491578303865
1427,71,1498,0.1020542832795525
1428,70,1498,0.1020571889290586
1426,69,1495,0.10205743717542883
1421,70,1491,0.10206167314124504
1417,69,1486,0.10207642924825581
1428,69,1497,0.10209857834667556
1414,68,1482,0.10209474768858481
1431,69,1500,0.10212140751894161
1436,70,1506,0.10210881919879995
1424,71,1495,0.10208708712209194
1423,70,1493,0.10209323325178911
1421,67,1488,0.10210135896034814
1419,64,1483,0.10211336296332427
1416,64,1480,0.10212862172220077
1418,67,1485,0.10214892103645917
1436,68,1504,0.10216311835996024
1414,68,1482,0.1021368918100306
1412,68,1480,0.10216033401186478
1428,68,1496,0.10218608243008755
1431,73,1504,0.10217549789330928
1420,73,1493,0.10215949593195196
1410,72,1482,0.10216867922687606
1413,69,1482,0.10219878749575205
1414,72,1486,0.10221968722169614
1422,75,1497,0.10223677170708459
1421,76,1497,0.10223534343597482
1431,73,1504,0.10223596448985617
1431,76,1507,0.10221482865442867
1442,75,1517,0.10219596561998703
1419,74,1493,0.10215511157534479
1425,71,1496,0.1021667773161589
1414,69,1483,0.10216449459819799
1414,68,1482,0.10218664124803396
1419,69,1488,0.10220699393691951
1425,69,1494,0.10221462769177936
1432,70,1502,0.10220854947965399
1443,71,1514,0.10218787555904221
1430,73,1503,0.10214528075913648
1424,75,1499,0.10213495414171964
1425,77,1502,0.10213836331143308
1417,74,1491,0.10213927895041133
1424,75,1499,0.10215740123089055
1432,73,1505,0.10215855840600241
1423,76,1499,0.10214176550280786
1426,78,1504,0.1021456741129549
1425,77,1502,0.10214262874735354
1429,78,1507,0.10214247904096255
1414,80,1494,0.10213404588148943
1409,82,1491,0.10215871081326369
1413,85,1498,0.10219220860232453
1422,85,1507,0.10221409642873763
1422,84,1506,0.10221462126457631
1429,81,1510,0.10221512657525432
1435,84,1519,0.10220058146806522
1426,84,1510,0.10217421464966932
1435,84,1519,0.10216985494041392
1419,86,1505,0.10214619011660568
1426,87,1513,0.10215959203882513
1432,86,1518,0.10215680909818099
1420,87,1507,0.10214088353662032
1417,84,1501,0.10215248638977245
1414,85,1499,0.10216931798894949
1413,83,1496,0.10219118788942726
1400,84,1484,0.10221369778047741
1405,80,1485,0.10226258315048234
1414,83,1497,0.10229632043982337
1412,86,1498,0.10230728552952291
1406,85,1491,0.10232188280651386
1396,85,1481,0.10234790830982762
1399,89,1488,0.10239347003393956
1406,92,1498,0.10242861393864305
1414,93,1507,0.10244587054438332
1417,90,1507,0.10244450789277021
1425,89,1514,0.10243704693288372
1415,88,1503,0.10241257042735118
1422,87,1509,0.10241181304778556
1429,87,1516,0.10239557920061587
1417,89,1506,0.10236552164843035
1414,89,1503,0.10236398700005137
1410,87,1497,0.10236894242469471
1420,88,1508,0.10238279313274955
1420,89,1509,0.10237395290717143
1419,84,1503,0.10236534262734373
1413,83,1496,0.10235994556701015
1422,86,1508,0.10236796028088349
1422,88,1510,0.1023557917485435
1410,86,1496,0.10234503574544891
1403,84,1487,0.10236146448399791
1404,85,1489,0.10239148044344322
1406,87,1493,0.10241623994682608
1408,87,1495,0.10243471539697692
1406,84,1490,0.10244718837361581
1419,81,1500,0.10246269299299289
1408,83,1491,0.10244886506757694
1412,86,1498,0.10245973336041855
1411,85,1496,0.10246094829445379
1405,87,1492,0.10246487576139529
1412,88,1500,0.10248148455291865
1420,89,1509,0.10248170689840828
1420,89,1509,0.10246422448259318
1413,89,1502,0.10244879352764005
1399,85,1484,0.10245004405261479
1390,87,1477,0.10248166437873714
1385,92,1477,0.102529747044002
1391,95,1486,0.10258448837043169
1404,95,1499,0.10262171059378496
1394,94,1488,0.102628011176811
1387,94,1481,0.10265597256964305
1391,97,1488,0.10269723221146315
1390,98,1488,0.10272629495581583
1396,100,1496,0.10275524949937108
1410,103,1513,0.10276836704137321
1414,103,1517,0.10274983703101068
1417,104,1521,0.10272457281949261
1397,106,1503,0.10269499682593967
1388,107,1495,0.10271202146770295
1393,105,1498,0.10274679654445239
1391,107,1498,0.10276742952150857
1399,111,1510,0.10279089103024053
1404,115,1519,0.10279542703842257
1406,116,1522,0.1027886250268514
1394,115,1509,0.10277841794896204
1392,117,1509,0.10279550363178774
1394,116,1510,0.10281546000973787
1361,117,1478,0.10282966356120288
1366,121,1487,0.10291386183110361
1354,124,1478,0.1029800314297012
1372,120,1492,0.10306723182491688
1368,120,1488,0.10310779557297085
1383,123,1506,0.10315378838563337
1378,120,1498,0.10316305300076122
1379,120,1499,0.10318235874493169
1382,120,1502,0.10319754147324053
1370,117,1487,0.10320589841624814
1367,119,1486,0.10323986200905826
1362,121,1483,0.10327786195056947
1363,121,1484,0.10332326032338283
1363,117,1480,0.10336246561950596
1356,118,1474,0.10339825677220901
1352,120,1472,0.10344580444831628
1349,123,1472,0.10349843696746558
1354,126,1480,0.10355299442584215
1359,126,1485,0.1035922907271277
1353,126,1479,0.10361738527618744
1366,129,1495,0.1036533835769767
1372,127,1499,0.10365797720872527
1359,128,1487,0.10364927773415394
1352,130,1482,0.103670032410806
1352,131,1483,0.10370472876504426
1363,130,1493,0.10373628022364852
1369,132,1501,0.1037407857977578
1369,133,1502,0.10373178774292562
1355,130,1485,0.10372349779604527
1349,131,1480,0.10374587503679686
1361,128,1489,0.10377968126327337
1380,128,1508,0.10378443986668387
1372,128,1500,0.10374722166661134
1385,127,1512,0.10373073751498964
1374,131,1505,0.10368717314277942
1370,132,1502,0.10367152625539006
1357,132,1489,0.1036661872063146
1365,134,1499,0.10368965819872104
1363,134,1497,0.10369399448627327
1365,137,1502,0.10370280623867853
1354,137,1491,0.10370663528282248
1364,138,1502,0.10373409149496257
1363,138,1501,0.10373733760789633
1364,137,1501,0.10374227001364306
1364,139,1503,0.10374438668450846
1372,140,1512,0.10374686107597483
1358,141,1499,0.10373164980044493
1358,145,1503,0.10374911047497097
1356,146,1502,0.10376516572196089
1361,146,1507,0.1037844936653265
1351,145,1496,0.10379101828796347
1345,144,1489,0.10381863101168304
1344,141,1485,0.10385673743151645
1342,144,1486,0.10389438869723813
1346,148,1494,0.10393343629584394
1363,151,1514,0.10395958292983147
1356,152,1508,0.10394619859812071
1357,151,1508,0.10395021927089663
1358,153,1511,0.10395195769365198
1354,148,1502,0.10395142507026481
1355,150,1505,0.10395973551235865
1359,153,1512,0.10396534218784517
1351,157,1508,0.10396150242027595
1347,158,1505,0.10397556534769041
1333,159,1492,0.10399656256877148
1330,158,1488,0.1040464909144561
1329,162,1491,0.10409898414819196
1332,162,1494,0.104149784809774
1339,161,1500,0.10419031804633277
1337,163,1500,0.10421196385598666
1333,161,1494,0.10423574110383196
1345,163,1508,0.10426652786310324
1346,162,1508,0.10426917309033457
1331,162,1493,0.10426951148676755
1323,164,1487,0.10430310088804694
1324,165,1489,0.10435180923451208
1308,165,1473,0.10439470825206054
1314,163,1477,0.10446888238029375
1317,165,1482,0.10452306976625568
1314,168,1482,0.1045657503284835
1313,169,1482,0.10461194831270654
1307,170,1477,0.10465623327825012
1316,171,1487,0.10470946641309832
1334,172,1506,0.1047382435412538
1330,175,1505,0.10472562956728496
1336,175,1511,0.10472301618480691
1336,172,1508,0.10470703465859361
1331,169,1500,0.10469285822979969
1315,170,1485,0.10469060289291943
1307,171,1478,0.10472341962814333
1311,174,1485,0.10477165347716372
1322,172,1494,0.10480645901693286
1329,174,1503,0.1048134076222268
1318,170,1488,0.10480411441951741
1330,171,1501,0.10482005534851024
1325,179,1504,0.10480819952696621
1332,175,1507,0.10480915643769005
1306,173,1479,0.10479437844619303
1305,174,1479,0.10483795431701141
1314,175,1489,0.10487937921185722
1312,175,1487,0.10489707926636264
1310,172,1482,0.1049171258596014
1311,172,1483,0.10494020528317627
1312,176,1488,0.10495849228072238
1313,177,1490,0.1049726577050406
1328,174,1502,0.10498317335476087
1322,179,1501,0.10495929148026022
1331,175,1506,0.1049510282783674
1333,177,1510,0.10492342583158148
1328,179,1507,0.10489427104078564
1324,181,1505,0.10487820360918093
1311,181,1492,0.10487245562343293
1312,179,1491,0.10489579630183958
1312,176,1488,0.10491460945066425
1306,174,1480,0.10493265624387135
1300,171,1471,0.10496283232342883
1304,178,1482,0.1050041341531896
1304,178,1482,0.10503287045430015
1307,178,1485,0.10505833440463665
1302,182,1484,0.10507517412242356
1303,180,1483,0.10510181205600821
1299,180,1479,0.1051244089415815
1308,184,1492,0.10515395724147299
1305,183,1488,0.10516060699255285
1318,187,1505,0.10517349855346225
1310,192,1502,0.1051568194196581
1311,195,1506,0.10515927778950047
1308,198,1506,0.10515924965384134
1300,195,1495,0.10516575930729846
1297,194,1491,0.10519034302420142
1295,195,1490,0.10521899890549317
1293,195,1488,0.10525028039214217
1294,198,1492,0.10528378409837678
1287,201,1488,0.10531255604202341
1297,203,1500,0.10535446939682139
1302,211,1513,0.10537075846041136
1293,208,1501,0.10537545308936441
1287,214,1501,0.1054000102715634
1278,211,1489,0.10543555383157405
1282,208,1490,0.10548761795950488
1272,213,1485,0.10552662199774844
1272,213,1485,0.10558468394987124
1280,213,1493,0.10563836813556268
1300,211,1511,0.10566995780663696
1309,210,1519,0.10565482029319334
1300,214,1514,0.10562116349476579
1306,215,1521,0.10561014944536358
1282,212,1494,0.10558661852378545
1283,207,1490,0.10561917221510654
1292,208,1500,0.10564653707242436
1295,209,1504,0.10565152135881188
1292,209,1501,0.105649765577716
1301,214,1515,0.1056542572153103
1292,214,1506,0.10563883904911592
1295,217,1512,0.10564577574575562
1292,214,1506,0.105645104439388
1295,211,1506,0.10565123058445738
1292,208,1500,0.10564966321512002
1299,211,1510,0.10565521994123978
1295,214,1509,0.10564469969981495
1297,213,1510,0.10564397284846085
1291,208,1499,0.10563889348175107
1290,211,1501,0.10564731325339624
1291,213,1504,0.10565723531499259
1290,213,1503,0.10566422711989899
1285,213,1498,0.10567231426589675
1274,211,1485,0.10569113560810937
1278,211,1489,0.10573304950114341
1271,213,1484,0.10576242058811686
1267,215,1482,0.10580416921424753
1265,220,1485,0.10585186847987892
1263,223,1486,0.10590049755393587
1261,214,1475,0.10594943505552046
1272,220,1492,0.10599809036371
1272,222,1494,0.10601703109657265
1270,218,1488,0.10603473730314467
1272,225,1497,0.10605591983694833
1269,228,1497,0.10607057342519162
1252,227,1479,0.10609133647603641
1261,225,1486,0.10614825718403263
1262,234,1496,0.10618080791389577
1267,241,1508,0.10620888843290117
1258,235,1493,0.10622343121092388
1255,235,1490,0.1062567008526624
1247,235,1482,0.10629388896572299
1245,237,1482,0.10634717849608644
1253,236,1489,0.10639970652559694
1261,237,1498,0.10642953254637934
1253,234,1487,0.10643859149728546
1232,234,1466,0.10646517388186716
1242,235,1477,0.10653616270782901
1243,237,1480,0.10657877679544832
1245,239,1484,0.10661526651196451
1252,239,1491,0.10664414783418437
1246,240,1486,0.10665506434551868
1240,249,1489,0.1066782473417163
1246,246,1492,0.1067135126739423
1228,255,1483,0.1067323851035059
1227,256,1483,0.10679052584002482
1230,257,1487,0.10684639791517654
1241,256,1497,0.10689108250991072
1244,257,1501,0.10690827280601782
1247,258,1505,0.10691673017782372
1245,262,1507,0.10691829583888549
1236,254,1490,0.10692527293122442
1231,256,1487,0.10695291517820042
1227,264,1491,0.1069892179091747
1228,266,1494,0.10703120941415759
1236,265,1501,0.10706793318388325
1235,267,1502,0.10708303164587747
1252,265,1517,0.10709874656926051
1248,264,1512,0.10707583013554486
1249,267,1516,0.107063471693432
1242,266,1508,0.10705005634816472
1232,265,1497,0.10705316972937055
1220,260,1480,0.10707938840771634
1219,261,1480,0.10713057916984514
1220,261,1481,0.10717987857329465
1222,264,1486,0.1072226905037079
1225,267,1492,0.10725743064565173
1222,270,1492,0.10728206491679225
1211,275,1486,0.1073107677182243
1212,278,1490,0.10736242709383341
1214,280,1494,0.10740710349435723
1216,286,1502,0.10744319287787313
1209,280,1489,0.10747170031414896
1204,284,1488,0.10751462558670109
1217,282,1499,0.10756523256612809
1218,283,1501,0.10758337667910496
1208,287,1495,0.10759747340822219
1216,290,1506,0.10763235335215907
1205,287,1492,0.10764652122301545
1194,295,1489,0.1076838743795713
1200,294,1494,0.10774389200038213
1185,299,1484,0.10778520704549081
1200,297,1497,0.10785783177179843
1206,295,1501,0.10788964866073503
1211,291,1502,0.10790531775906188
1207,299,1506,0.10790795152619197
1203,296,1499,0.10791959242382429
1199,297,1496,0.1079401094327228
1205,293,1498,0.10796717251759827
1193,292,1485,0.10797879559581862
1195,294,1489,0.10801668318843326
1195,303,1498,0.10804702151853675
1191,292,1483,0.10807552707778051
1205,293,1498,0.10811043782615723
1199,290,1489,0.10811009491823702
1196,285,1481,0.10812397573388197
1203,294,1497,0.1081436715130938
1209,298,1507,0.10814688777834448
1205,303,1508,0.10813647124045105
1208,301,1509,0.10813581024160221
1200,304,1504,0.10812913733093214
1203,302,1505,0.10814176439058645
1207,306,1513,0.10814707380994903
1209,312,1521,0.10814305561473535
1202,310,1512,0.1081349585164915
1175,313,1488,0.10814455936866847
1168,310,1478,0.10821416715328025
1156,313,1469,0.10829411405206164
1159,325,1484,0.10839379282516493
1147,318,1465,0.10847857636899498
1158,320,1478,0.10858371811832362
1155,317,1472,0.10865588272484328
1174,322,1496,0.10872886027695003
1182,324,1506,0.1087518710353985
1173,319,1492,0.10875440304156644
1169,321,1490,0.10877695470596085
1166,320,1486,0.10880680478519741
1174,323,1497,0.10884155100847628
1174,323,1497,0.10885509793673545
1174,317,1491,0.10886694373993479
1169,316,1485,0.10887814048521083
1171,318,1489,0.10889985637959784
1164,320,1484,0.10891450430611997
1164,322,1486,0.10894440910518327
1172,323,1495,0.10897151202243244
1168,321,1489,0.10897837469565218
1160,318,1478,0.10899377701615955
1167,318,1485,0.10902620091495266
1173,317,1490,0.10903910750583737
1172,316,1488,0.10903738225664952
1167,322,1489,0.10903914167409695
1166,325,1491,0.10905226208721105
1166,321,1487,0.10906684649223199
1175,323,1498,0.10908127545292318
1173,324,1497,0.10907381546732317
1163,329,1492,0.10907175869635376
1169,329,1498,0.10909240231483824
1178,323,1501,0.10909724506765274
1167,325,1492,0.10908129542908845
1175,329,1504,0.10909065886079862
1162,331,1493,0.10908105547474474
1171,328,1499,0.10910257931207912
1171,329,1500,0.1091020530729417
1174,330,1504,0.1091023528933169
1175,327,1502,0.10909601742824968
1184,332,1516,0.10908814736435979
1172,327,1499,0.10906031569215
1173,330,1503,0.10906156582654518
1167,332,1499,0.1090597127638705
1171,332,1503,0.10907258853214603
1166,334,1500,0.1090756674487286
1158,333,1491,0.10908976200597746
1150,335,1485,0.10912080036188099
1150,335,1485,0.10916779123387853
1146,337,1483,0.10921223396103244
1132,334,1466,0.10926234002760438
1140,348,1488,0.10933954599207403
1131,347,1478,0.10939259055525227
1147,352,1499,0.1094616458293517
1139,345,1484,0.10948855172796389
1134,348,1482,0.10953168584400753
1145,352,1497,0.10958330667537418
1146,353,1499,0.10960460738776934
1139,350,1489,0.10962251060931483
1139,350,1489,0.1096559589348379
1149,346,1495,0.10968646977025225
1158,352,1510,0.10969197484875512
1146,363,1509,0.10967677702128195
1152,363,1515,0.10969036976316214
1143,359,1502,0.10968945734833291
1137,359,1496,0.1097108073815266
1134,364,1498,0.10974493307453993
1135,371,1506,0.10978315645541827
1137,371,1508,0.10981676472925386
1134,367,1501,0.10984284676428857
1129,365,1494,0.10987379453809844
1133,368,1501,0.10991378915412542
1136,370,1506,0.10994052720256951
1139,373,1512,0.10995860070994042
1137,372,1509,0.10996966651095003
1131,370,1501,0.1099845062464461
1132,377,1509,0.11001207343648983
1125,378,1503,0.11003514679375467
1115,381,1496,0.11007341449823439
1111,389,1500,0.11013305320928125
1121,392,1513,0.11019781563870445
1111,393,1504,0.11023424675751911
1085,394,1479,0.11029050127141052
1092,392,1484,0.11040199933817824
1096,399,1495,0.11048923534122176
1099,393,1492,0.11056046762122385
1101,387,1488,0.11061819958264878
1096,387,1483,0.1106661015050064
1094,383,1477,0.11072238449646178
1109,385,1494,0.11077776111582704
1120,388,1508,0.11079391801731148
1112,386,1498,0.11078374179614608
1114,395,1509,0.11079209355637815
1105,393,1498,0.11079570802549363
1096,393,1489,0.11081897626663062
1110,393,1503,0.11086206533124202
1109,398,1507,0.11086998443679849
1097,402,1499,0.11087943932447271
1107,400,1507,0.11091643684830615
1096,398,1494,0.11092700863628263
1088,404,1492,0.1109621409931615
1074,398,1472,0.11101356107685909
1080,405,1485,0.11109306896811144
1076,407,1483,0.11115190466226874
1080,412,1492,0.11121700575976685
1091,417,1508,0.11126653996687332
1089,413,1502,0.11128630377804742
1096,409,1505,0.11131015838224474
1094,408,1502,0.11131612948191388
1094,409,1503,0.11132718886022375
1087,415,1502,0.11133694323638153
1089,411,1500,0.11136143531632994
1096,418,1514,0.11137928027676283
1071,418,1489,0.11138007078453475
1067,422,1489,0.11144016338896125
1070,425,1495,0.11150465169983562
1067,429,1496,0.11155664649642766
1069,425,1494,0.11161244341125762
1065,425,1490,0.11166030385170789
1072,433,1505,0.11171342306188248
1072,428,1500,0.11174478163537976
1064,435,1499,0.11177350106086383
1070,437,1507,0.11181846238794367
1068,440,1508,0.11184600125042275
1065,437,1502,0.11187621289381021
1071,439,1510,0.11191029161742311
1067,436,1503,0.11192908026738177
1065,436,1501,0.11195575531050078
1054,440,1494,0.11198530951881036
1060,443,1503,0.11203806883669622
1060,444,1504,0.11207383442251687
1046,454,1500,0.11210733840068471
1046,458,1504,0.11217139882146189
1049,462,1511,0.11222926085528377
1049,457,1506,0.11227718835539395
1036,461,1497,0.11232407630823271
1031,468,1499,0.11239773134438248
1042,470,1512,0.1124776131643615
1034,477,1511,0.11252655342842566
1031,469,1500,0.11258872849761961
1028,463,1491,0.11265245121365293
1028,464,1492,0.11271711631609026
1020,463,1483,0.11277697765402404
1045,459,1504,0.11285168495936873
1046,459,1505,0.11286173865749533
1037,461,1498,0.11286929870418859
1033,462,1495,0.11289778874935039
1036,469,1505,0.11293338308896234
1030,466,1496,0.11295886399256103
1042,468,1510,0.11299731797673729
1044,468,1512,0.11300515712225508
1035,469,1504,0.11300772569855781
1037,470,1507,0.11303188203747164
1033,469,1502,0.11304702838801418
1028,470,1498,0.11307007998308981
1028,471,1499,0.11310250117849271
1024,470,1494,0.11313343543995062
1023,471,1494,0.11317114621629157
1032,458,1490,0.11320719117113251
1034,460,1494,0.1132191561245261
1033,460,1493,0.11322463194941802
1045,461,1506,0.11323260714112417
1036,458,1494,0.11321087529753524
1040,456,1496,0.11321199600876096
1047,450,1497,0.11320284415564259
1049,453,1502,0.11317671741035344
1041,459,1500,0.11314759744772726
1042,454,1496,0.11313855881171417
1031,448,1479,0.11312890631158139
1028,450,1478,0.11314506069408431
1034,450,1484,0.11316811731944515
1036,455,1491,0.11317623607412756
1030,455,1485,0.11317981455514041
1031,460,1491,0.11319723442118028
1022,458,1480,0.11321044762694693
1026,458,1484,0.11324339160526281
1020,461,1481,0.11326453352969704
1026,458,1484,0.11329768074707879
1018,464,1482,0.11331459504029517
1028,466,1494,0.11334930422109679
1021,462,1483,0.11335711254365596
1034,458,1492,0.11337900045225809
1030,461,1491,0.1133683741382627
1036,461,1497,0.11336739662552983
1047,461,1508,0.11335336585713872
1039,462,1501,0.11331483474085285
1059,472,1531,0.11329947174977463
1041,466,1507,0.11323972639516432
1033,466,1499,0.11322902655968456
1028,474,1502,0.11323764418722376
1009,479,1488,0.1132578697227289
1009,472,1481,0.11332087527749625
1024,475,1499,0.113379295835264
1018,472,1490,0.11339807851045446
1031,472,1503,0.11342886065757188
1027,468,1495,0.11342679039076092
1033,464,1497,0.11343344370411977
1032,467,1499,0.11342656598237091
1011,471,1482,0.11342251974371653
1026,475,1501,0.11346800745145585
1029,475,1504,0.11347472707150864
1035,471,1506,0.11347472558634218
1039,470,1509,0.11346152456184067
1048,473,1521,0.11343936719634062
1041,468,1509,0.11339859943737113
1036,469,1505,0.11337758839788677
1022,478,1500,0.11336981049013481
1024,466,1490,0.11339428902170454
1025,460,1485,0.11341205540883503
1020,474,1494,0.11342582199022118
1018,481,1499,0.11345095934645354
1013,467,1480,0.11347846888757125
1010,468,1478,0.11351634308620717
1004,468,1472,0.11355935797186184
1016,469,1485,0.11361339445987753
1014,468,1482,0.11363487837134477
1014,465,1479,0.11365983061823848
1022,470,1492,0.11368246607559779
1027,478,1505,0.11368486357717167
1033,485,1518,0.11367633416497182
1022,479,1501,0.11365337210820481
1019,483,1502,0.1136579604664244
1028,478,1506,0.11366956606664246
1020,479,1499,0.1136591431639093
1014,480,1494,0.11366884391340008
1008,487,1495,0.1136921951039047
1011,487,1498,0.11372763573984301
1010,490,1500,0.11375410653944344
1008,487,1495,0.11378147625719713
1013,486,1499,0.11381147164553944
1019,484,1503,0.11382810398652418
1014,481,1495,0.11382789730234696
1012,478,1490,0.11383992688562776
1011,485,1496,0.1138570943808601
1011,485,1496,0.11387497109959764
1001,491,1492,0.11389111580686756
994,495,1489,0.11393046847494015
985,504,1489,0.11398344713424428
987,516,1503,0.11405331414939884
989,517,1506,0.11411267705588074
985,509,1494,0.11416427516260956
988,516,1504,0.11422324579514308
984,517,1501,0.11427122685702576
982,526,1508,0.11432495186286527
982,531,1513,0.11438111669835099
971,538,1509,0.11443275239788851
967,529,1496,0.11450585393155642
973,534,1507,0.1145832593411161
969,532,1501,0.1146403124948489
961,530,1491,0.11470258243722137
963,544,1507,0.11477885392882792
968,543,1511,0.1148450007895094
964,546,1510,0.11489500996220273
965,553,1518,0.11495068795939735
961,553,1514,0.1150003184176022
953,554,1507,0.11505462950464362
946,551,1497,0.11512431187116104
951,553,1504,0.11520748581592986
939,559,1498,0.11527328403351429
951,557,1508,0.11536183153684981
953,559,1512,0.11541422500822981
957,552,1509,0.11545747657196918
946,551,1497,0.11548817346089495
955,556,1511,0.11554279192548343
965,553,1518,0.11556962471618902
963,553,1516,0.11557124560089158
952,542,1494,0.11557842928355369
957,553,1510,0.11561059937041708
956,558,1514,0.1156284019725864
962,554,1516,0.11564656038965503
945,548,1493,0.11564896076951747
941,542,1483,0.11569298438337253
945,553,1498,0.11574382521381478
952,559,1511,0.11578104892573421
944,557,1501,0.11579787088154646
932,563,1495,0.11583302819339171
919,561,1480,0.11589433292922631
920,565,1485,0.11598180504853003
926,564,1490,0.11606048283020176
935,558,1493,0.11611960906111518
938,569,1507,0.11615399759083678
930,575,1505,0.11617841317356553
922,571,1493,0.11622162273996067
911,574,1485,0.11628054423410406
908,577,1485,0.11636278864750349
911,583,1494,0.11644564353921712
914,593,1507,0.1165152923754396
913,593,1506,0.11657068917969311
919,593,1512,0.11662578063738976
922,587,1509,0.11666166387694328
919,589,1508,0.11668757061789363
914,591,1505,0.11671650996570826
906,595,1501,0.11675630859162313
911,597,1508,0.11681241127221434
906,594,1500,0.11685163376465357
903,598,1501,0.11689960997264787
901,605,1506,0.11695309729995525
895,612,1507,0.11700756275883915
894,614,1508,0.1170726841782241
892,619,1511,0.11713594106575664
886,617,1503,0.11720040209710661
881,615,1496,0.11727347710320529
891,612,1503,0.11735368078985736
886,619,1505,0.11740450216598192
878,632,1510,0.1174643679404471
877,631,1508,0.11753690832761715
873,635,1508,0.11760679348645815
868,628,1496,0.11768105211952072
879,628,1507,0.11776246609731444
882,635,1517,0.1178110679412089
891,626,1517,0.11784972348866177
886,630,1516,0.11786473311544153
889,634,1523,0.11789061585520003
881,634,1515,0.1179084075052171
879,627,1506,0.1179446195347055
867,628,1495,0.11798267673129115
876,632,1508,0.11804706768762471
875,636,1511,0.11808526477651199
874,630,1504,0.1181229960169474
880,632,1512,0.11816123283836356
870,637,1507,0.11818312169313189
867,632,1499,0.11822602278863309
873,635,1508,0.11827212547937441
866,641,1507,0.11830165692462678
860,644,1504,0.11834644796457862
858,655,1513,0.11840321715494773
859,654,1513,0.11846031365381876
857,652,1509,0.11851075347631063
866,651,1517,0.11856222500376105
852,646,1498,0.11858835939838824
857,649,1506,0.11864605286756107
857,643,1500,0.11868586328322653
865,652,1517,0.11872138744695837
866,648,1514,0.11873588102337163
860,660,1520,0.11874803888401267
855,657,1512,0.11877573859034665
846,661,1507,0.11881474554264417
852,658,1510,0.11887179898457784
854,657,1511,0.11890746985277258
853,670,1523,0.11893760733361415
853,668,1521,0.11896718462728231
850,668,1518,0.11899397718420669
842,652,1494,0.11902703787585497
839,656,1495,0.11907650882270197
850,662,1512,0.1191290552792195
854,669,1523,0.1191495004443852
847,665,1512,0.11915824765769209
847,655,1502,0.11918424159668838
843,655,1498,0.11920734769453853
837,654,1491,0.11923751959392621
843,658,1501,0.11927808179043214
843,660,1503,0.11930105724052485
851,666,1517,0.11932199871467236
857,664,1521,0.11932238985244754
850,660,1510,0.1193080048483919
837,667,1504,0.11931067093591405
834,666,1500,0.11934528037167136
837,658,1495,0.11938515661655488
827,658,1485,0.11941569658511561
834,665,1499,0.11946890978876762
854,664,1518,0.11950035716354797
859,660,1519,0.11948044573993624
847,663,1510,0.11945087308025677
848,654,1502,0.11945315575325816
841,650,1491,0.11945297135403322
836,655,1491,0.11946992357602039
838,660,1498,0.11949728009694932
842,664,1506,0.11951880006527174
833,663,1496,0.11952984885768243
843,672,1515,0.1195618721218644
835,668,1503,0.11956832253392896
834,664,1498,0.1195924506834678
838,658,1496,0.11961440975433814
846,657,1503,0.11962588567185772
847,659,1506,0.11961609358955744
839,660,1499,0.11960585299019807
839,658,1497,0.11961626695039956
831,662,1493,0.11962644810001354
825,671,1496,0.11965533553629779
832,675,1507,0.11969689789797361
826,677,1503,0.119718094620413
826,679,1505,0.11975077675484519
825,682,1507,0.11978111147085879
829,680,1509,0.11981457053047528
823,680,1503,0.11983628015124465
823,688,1511,0.1198717567707884
831,684,1515,0.1199046542795043
824,690,1514,0.11991600015021177
831,690,1521,0.119943820162934
822,688,1510,0.11995144553163943
824,685,1509,0.11998130754707152
821,676,1497,0.12000266378584566
834,677,1511,0.12002849035365655
835,680,1515,0.12001980446319895
828,675,1503,0.12000891243280744
821,677,1498,0.12001763280033949
812,681,1493,0.12004278341531638
820,688,1508,0.12008945447716546
819,699,1518,0.12011395945820003
821,709,1530,0.12013724476402647
816,709,1525,0.12015632980057082
808,706,1514,0.12018675560589358
804,700,1504,0.12023429846373744
812,701,1513,0.12028706679618939
811,699,1510,0.12031579728267335
822,686,1508,0.12034422933663563
823,688,1511,0.12034287109586973
826,693,1519,0.12033899153933049
818,695,1513,0.12032887517438677
813,699,1512,0.12033926774070874
811,704,1515,0.12036230573140808
809,706,1515,0.12038756616703968
801,707,1508,0.12041567850859342
801,713,1514,0.12046282485012792
795,716,1511,0.12050788423331137
785,722,1507,0.12056466470886389
771,727,1498,0.12064154771733168
774,727,1501,0.12074729742771785
794,728,1522,0.12083490133713265
782,725,1507,0.12086702152479205
777,721,1498,0.12092685586096867
774,717,1491,0.12099498509813059
780,709,1489,0.12106625716939227
775,721,1496,0.12111777837769729
783,733,1516,0.12117804067884468
782,738,1520,0.12121509964418847
781,738,1519,0.12125065450457498
781,731,1512,0.12128709844142957
777,729,1506,0.12132124646505503
771,727,1498,0.12136213070017783
777,725,1502,0.12141503879619979
775,729,1504,0.12145109312060985
772,720,1492,0.12148944469453354
778,729,1507,0.12153191920538835
781,724,1505,0.12155713931382425
784,730,1514,0.12157358034787663
788,723,1511,0.12158302327224142
777,737,1514,0.12158234650668706
771,727,1498,0.12160856140684903
768,739,1507,0.12164727926567734
769,738,1507,0.12169167208940948
760,736,1496,0.1217304998196007
763,742,1505,0.12178914182383015
771,744,1515,0.12183691461745788
765,750,1515,0.12186291747448498
745,755,1500,0.12190215833231587
753,743,1496,0.12198634480587418
752,737,1489,0.12204435854926501
757,742,1499,0.12210137910988081
760,745,1505,0.12214155022160987
758,740,1498,0.12217021305148058
757,747,1504,0.12220129403194335
746,746,1492,0.12223206593446086
742,757,1499,0.1222887243405734
729,775,1504,0.12235432850347115
740,773,1513,0.12244739587103445
735,768,1503,0.12250712858629324
730,762,1492,0.12257521036701023
729,761,1490,0.12265048896254829
732,758,1490,0.12272247458771128
728,768,1496,0.1227817382884082
730,769,1499,0.12284621469978908
735,769,1504,0.12290039075185069
730,773,1503,0.12293790573798016
733,780,1513,0.12298487798325201
731,778,1509,0.123020035276564
724,778,1502,0.12305716681020602
721,778,1499,0.12310958790530528
722,777,1499,0.12316596411149233
730,777,1507,0.12321399180991723
731,780,1511,0.12323901687709973
734,777,1511,0.12325982098339465
732,776,1508,0.12326983546724318
744,769,1513,0.12328392175552612
747,764,1511,0.12326574068691382
733,775,1508,0.12324347736476456
731,784,1515,0.1232570527765686
741,783,1524,0.12327446398780609
735,782,1517,0.12326653555190355
729,784,1513,0.12327539314511095
725,785,1510,0.12329856698829941
738,778,1516,0.12333230448612144
741,773,1514,0.12333126441963317
733,786,1519,0.12332282223106798
734,776,1510,0.12333451222186294
744,766,1510,0.12334400506682047
744,765,1509,0.12332744656836477
731,765,1496,0.12331219303781449
726,772,1498,0.12332860440727998
723,771,1494,0.1233557338385776
734,772,1506,0.12338856991700715
721,772,1493,0.1233911981994467
726,777,1503,0.12342750903170348
724,783,1507,0.12344877444773555
722,777,1499,0.12347220775849506
730,777,1507,0.12350060938337107
723,779,1502,0.12350747314577461
727,785,1512,0.12352959675928814
734,780,1514,0.12354033793472563
729,790,1519,0.12353444745991751
726,792,1518,0.12354193734703867
724,790,1514,0.12355603985693214
728,792,1520,0.12357448318892493
728,790,1518,0.12358239039580067
719,789,1508,0.12358922574852911
719,796,1515,0.12361895534298624
713,790,1503,0.12364546717547967
713,793,1506,0.1236858383359273
711,787,1498,0.12372380180339806
707,793,1500,0.1237645903872082
706,805,1511,0.12381229337332719
711,804,1515,0.12385962727580452
715,806,1521,0.12388924726144994
717,798,1515,0.12390699758138758
707,796,1503,0.12391878659123166
698,805,1503,0.12395535493839832
695,806,1501,0.12401084449389872
702,807,1509,0.12406911146800166
707,806,1513,0.12410751325880075
710,802,1512,0.12413123736340417
709,798,1507,0.12414515594625307
708,800,1508,0.12416148613591936
711,806,1517,0.12417987826653139
700,806,1506,0.12418943094798357
699,816,1515,0.1242267794273365
694,816,1510,0.1242623268328315
695,814,1509,0.12430633883625289
694,810,1504,0.12434326793277467
695,815,1510,0.12438136513851857
692,802,1494,0.12441455770409197
684,803,1487,0.12445361091190506
685,809,1494,0.1245110614618939
689,817,1506,0.12456141120419752
692,807,1499,0.12459855360212435
686,810,1496,0.12462534483635782
694,814,1508,0.12466616712309843
695,816,1511,0.1246830965423599
694,821,1515,0.1246969602901572
698,822,1520,0.12471223255844946
695,819,1514,0.1247181249426577
690,822,1512,0.12473089729148804
687,808,1495,0.1247541015918744
689,812,1501,0.12478370598733951
686,823,1509,0.12480626152202007
685,828,1513,0.12483431650866397
695,812,1507,0.12486366316556233
683,813,1496,0.1248661113363456
692,805,1497,0.12489911833175124
700,803,1503,0.1249068914289842
695,814,1509,0.12489432368071901
703,814,1517,0.1248957626809047
696,808,1504,0.12487801783496753
693,809,1502,0.12487916089036116
697,808,1505,0.1248881857539369
690,806,1496,0.12488719639498275
694,807,1501,0.12490468053886719
695,815,1510,0.12491094224628586
690,822,1512,0.12491375867448205
694,821,1515,0.124930004233082
681,821,1502,0.12493551167340076
693,813,1506,0.12497197699966656
693,811,1504,0.12497389243293884
695,812,1507,0.12497749850432158
696,811,1507,0.12497495632833708
699,806,1505,0.12497042425419234
687,805,1492,0.12495974625571989
690,801,1491,0.12497958534735926
687,814,1501,0.12499044042848244
675,826,1501,0.12500850732854382
671,826,1497,0.1250548315056975
673,815,1488,0.12510777824445093
670,821,1491,0.12515151478441897
670,822,1492,0.12519959781382858
653,823,1476,0.12524428756959044
657,823,1480,0.12533070723959608
656,833,1489,0.1254007099051537
660,830,1490,0.1254676079477494
664,831,1495,0.12551812745836785
674,824,1498,0.1255535922452689
667,827,1494,0.12556172804609944
665,840,1505,0.12558561238539137
671,829,1500,0.12561352110147972
672,833,1505,0.12562381328015879
673,828,1501,0.12563095178035563
678,836,1514,0.12563418414262778
681,832,1513,0.1256247307024859
673,837,1510,0.12560804595541072
669,835,1504,0.12561230431756143
674,834,1508,0.1256261116240231
677,846,1523,0.12562674004765934
678,841,1519,0.12562163971765153
679,840,1519,0.12561436711289584
670,834,1504,0.12560485059024024
674,822,1496,0.12561760055675852
668,820,1488,0.12561862454234413
668,820,1488,0.12563475447984146
662,832,1494,0.12565049577513984
660,840,1500,0.12567904034824173
649,823,1472,0.12571051157215543
650,833,1483,0.12576562976233166
648,837,1485,0.12581394687821393
644,834,1478,0.12586463289924904
635,848,1483,0.12592250246499187
637,840,1477,0.125998362382228
639,849,1488,0.12606405889218184
642,854,1496,0.12611817587119048
634,855,1489,0.12616051587952837
640,865,1505,0.12622097196393323
644,866,1510,0.12626195655365577
639,872,1511,0.12629050196688077
640,879,1519,0.1263302321234851
645,873,1518,0.1263622851186552
646,871,1517,0.12637943058965898
640,869,1509,0.12639200497391728
642,870,1512,0.1264196923404108
642,866,1508,0.12644037764376712
649,857,1506,0.1264596969924626
637,872,1509,0.12646047641271072
637,864,1501,0.12649072515383486
633,859,1492,0.12651982259014846
634,854,1488,0.12655554140549857
632,862,1494,0.12658686311000264
640,869,1509,0.12662057174892916
642,871,1513,0.12663174296458488
645,872,1517,0.12663770099034452
650,866,1516,0.12663466355389782
636,872,1508,0.12661897043493564
622,872,1494,0.12664046192522416
621,870,1491,0.12669528146480485
624,873,1497,0.12674806419475806
623,877,1500,0.1267890670236141
636,874,1510,0.12682992958666936
636,871,1507,0.12683480470917793
629,875,1504,0.12683859081433735
634,877,1511,0.12685888276231314
629,883,1512,0.12686426690297864
631,879,1510,0.12688346673167872
631,882,1513,0.12689635816354525
624,880,1504,0.1269087641594999
626,879,1505,0.12693919162720962
626,878,1504,0.12696341807857178
607,883,1490,0.12698681382017088
608,886,1494,0.12705730767355267
613,897,1510,0.12711951679134528
612,900,1512,0.127164318910176
606,897,1503,0.1272085913908259
610,903,1513,0.12726633496107098
610,901,1511,0.1273081064353957
607,890,1497,0.12734529468392297
611,888,1499,0.127388713383853
617,887,1504,0.12741765548417017
617,894,1511,0.12742854747774873
614,904,1518,0.1274396812352276
619,905,1524,0.12745860386659708
614,914,1528,0.1274647184830744
611,907,1518,0.12748258621030617
609,910,1519,0.12750599996355658
611,903,1514,0.12753182076470385
609,907,1516,0.1275511881707225
605,904,1509,0.12757440208781776
609,901,1510,0.12760683244116197
601,900,1501,0.12762647647354086
592,906,1498,0.12766600090297386
592,905,1497,0.12772500690476263
592,917,1509,0.12777971441507535
591,913,1504,0.12783032156360233
589,915,1504,0.1278796373452405
589,920,1509,0.12793182149327323
579,930,1509,0.12798124302252994
584,934,1518,0.12805223306983993
566,927,1493,0.12810609437783324
569,934,1503,0.12820338576651202
571,932,1503,0.1282873417163277
566,924,1490,0.12835987789098913
569,926,1495,0.12844042256590094
569,920,1489,0.12850571110590292
576,918,1494,0.1285667094247913
575,918,1493,0.1286053321234908
567,907,1474,0.1286430514970459
574,907,1481,0.12869825077760486
577,917,1494,0.12873174119546857
591,928,1519,0.1287548437980225
596,923,1519,0.1287396816805799
593,917,1510,0.1287128117770092
586,918,1504,0.12869594080601035
584,927,1511,0.12869847407219978
578,929,1507,0.12870619838820185
570,933,1503,0.12872859835525557
570,928,1498,0.12877076116030653
571,921,1492,0.12881040341684755
571,932,1503,0.1288451583239488
573,934,1507,0.12887846524705998
562,930,1492,0.12890613386150412
563,942,1505,0.12895984408193942
563,932,1495,0.12900820496485704
559,947,1506,0.1290544106216936
555,956,1511,0.12910557960613833
548,964,1512,0.129164902905102
543,965,1508,0.12923825783785176
538,965,1503,0.12931922221573947
539,967,1506,0.12940766425360478
529,974,1503,0.12948756107106404
537,969,1506,0.12958618357747664
531,976,1507,0.12965719636332795
533,972,1505,0.12974049127032847
533,972,1505,0.12981144387282612
534,977,1511,0.12987760958863467
534,978,1512,0.12993680181922493
538,971,1509,0.12999046231174202
546,969,1515,0.13003083478939012
542,971,1513,0.13004725510675835
535,979,1514,0.13007314722796615
537,985,1522,0.1301149109970865
537,974,1511,0.1301469637790411
530,976,1506,0.13017821198960164
532,976,1508,0.13022608662974583
534,989,1523,0.13026651057658176
535,992,1527,0.1302982264811749
532,989,1521,0.13032461216021698
535,985,1520,0.130356941423287
529,994,1523,0.13037795012552122
528,986,1514,0.13041365885762743
527,988,1515,0.1304501913424787
520,982,1502,0.13048656629211983
518,982,1500,0.1305380173371208
528,985,1513,0.13059098338196345
528,978,1506,0.1306136921347986
528,975,1503,0.13063580076020836
523,977,1500,0.1306563722721915
524,985,1509,0.13068873366755715
528,979,1507,0.13071549890387313
522,978,1500,0.1307300118100615
528,984,1512,0.1307594473609365
521,983,1504,0.13077130422828506
519,984,1503,0.13080089783934704
516,966,1482,0.13083280670442818
522,967,1489,0.130870197960009
524,970,1494,0.1308888705028789
533,977,1510,0.13090010457745596
535,985,1520,0.1308870474044744
538,974,1512,0.13087064241028187
536,979,1515,0.13084854750690664
535,976,1511,0.13083506318097102
537,975,1512,0.13082490214406453
526,980,1506,0.13080992453072374
531,982,1513,0.13082653742309616
523,991,1514,0.1308276025327614
528,1000,1528,0.13085043074641745
522,1003,1525,0.1308571652886663
519,992,1511,0.13087919634198222
520,999,1519,0.13090713161579554
526,993,1519,0.13093124540262263
525,981,1506,0.1309390808283341
515,981,1496,0.13095000974540835
508,1001,1509,0.1309859015371396
503,1007,1510,0.13103867298581343
510,994,1504,0.13110275859157117
516,1002,1518,0.13114415474015023
512,992,1504,0.13116749925480412
505,1002,1507,0.13120054842208476
506,1003,1509,0.13124805264171976
504,998,1502,0.13128882091912922
497,998,1495,0.1313324710026987
497,999,1496,0.13139162000445723
509,999,1508,0.13144648805778794
507,997,1504,0.13146450591353936
500,1003,1503,0.13148630735260086
507,992,1499,0.13152464979897743
501,1006,1507,0.13154294906912334
500,1010,1510,0.13157732618912138
503,1004,1507,0.13161131913645835
507,1003,1510,0.1316354111399611
510,998,1508,0.13164643444503682
507,1001,1508,0.13164860449148894
502,1020,1522,0.13165953204684894
497,1018,1515,0.13168329771391282
505,1008,1513,0.13171876203585156
501,1008,1509,0.13173109218665485
502,1012,1514,0.13175269358908434
496,1011,1507,0.1317692314932446
493,1014,1507,0.1317997982161082
496,1013,1509,0.1318353731259141
491,1017,1508,0.13186081445214637
491,1022,1513,0.13189641366208746
492,1026,1518,0.13192941626290555
490,1021,1511,0.1319582736126652
490,1030,1520,0.13198920600755581
486,1030,1516,0.13201743596066626
488,1025,1513,0.1320545332998308
484,1016,1500,0.1320843450664003
480,1011,1491,0.13212283826513835
476,1014,1490,0.13217101775242276
480,1018,1498,0.132225466165021
476,1024,1500,0.13226387526947853
481,1020,1501,0.1323101148184238
475,1035,1510,0.13233762672011853
477,1043,1520,0.13237964882107273
481,1033,1514,0.13241241908258883
482,1043,1525,0.13243207636298288
474,1041,1515,0.13244860172253653
474,1039,1513,0.13248527521506973
478,1035,1513,0.1325205615749877
485,1032,1517,0.13254449002813293
485,1024,1509,0.1325484735616635
489,1035,1524,0.13255199941208157
488,1030,1518,0.13254422019189838
490,1034,1524,0.1325404481682838
490,1041,1531,0.1325313419719839
485,1040,1525,0.1325227684478771
477,1052,1529,0.13252936787854389
478,1051,1529,0.13255624171016567
473,1042,1515,0.1325779243453654
473,1039,1512,0.1326121918040207
471,1030,1501,0.13264507454078045
473,1033,1506,0.13268042497824056
470,1032,1502,0.132707200732161
479,1023,1502,0.1327390208519024
472,1035,1507,0.13274506521214083
475,1046,1521,0.1327703920599413
466,1048,1514,0.1327857912689085
468,1058,1526,0.13282364556220375
471,1042,1513,0.13285341703705783
465,1029,1494,0.13287334983235705
464,1034,1498,0.1329071841294709
461,1026,1487,0.13294087303872984
463,1027,1490,0.1329804340850674
471,1025,1496,0.13301285064397417
469,1032,1501,0.13302069474569644
470,1022,1492,0.13303425845784475
473,1032,1505,0.13304330277492815
474,1025,1499,0.13304343910797267
478,1025,1503,0.13304119570943013
482,1034,1516,0.13302886956865312
483,1031,1514,0.1330074132246134
483,1030,1513,0.13298457148966364
473,1020,1493,0.13296200623114424
465,1024,1489,0.1329672196667464
470,1029,1499,0.13299323935271384
474,1028,1502,0.13300454049459545
472,1023,1495,0.1330056275903348
475,1014,1489,0.1330119713334469
476,1024,1500,0.13300898057588575
475,1028,1503,0.13300233208690282
479,1026,1505,0.1329995468640272
477,1026,1503,0.1329865095180808
477,1034,1511,0.13298001612065982
476,1029,1505,0.13297469365054385
477,1029,1506,0.1329731431795263
473,1025,1498,0.1329684382107836
475,1030,1505,0.13297438833926412
482,1027,1509,0.13297441941654078
481,1036,1517,0.1329556597225447
472,1037,1509,0.13294151670349877
472,1052,1524,0.13295170874124537
465,1046,1511,0.1329616787957797
468,1039,1507,0.13298821044508508
468,1030,1498,0.13300394414504324
474,1030,1504,0.13301747111295842
469,1024,1493,0.13301442976354305
467,1038,1505,0.13302642494654301
465,1050,1515,0.13304313151919436
468,1047,1515,0.1330630175921933
467,1059,1526,0.13307325935613673
466,1049,1515,0.13308499594164266
467,1043,1510,0.13309869045117373
469,1044,1513,0.1331087344669581
467,1043,1510,0.13311202376342016
473,1045,1518,0.13311983286521986
467,1051,1518,0.1331096618039262
474,1048,1522,0.13311791299766715
472,1044,1516,0.13310643051829324
468,1047,1515,0.13310070322011616
463,1059,1522,0.13310642887022983
459,1055,1514,0.1331249189595792
451,1051,1502,0.13315237105123992
458,1047,1505,0.13319955484186138
454,1054,1508,0.13322552759837147
460,1056,1516,0.13326213082687097
453,1053,1506,0.13328024426004312
455,1058,1513,0.13331614455376173
448,1061,1509,0.13334502685528005
449,1057,1506,0.13339009930484166
447,1052,1499,0.13342934207685297
445,1063,1508,0.13347139483938675
443,1059,1502,0.13351538277014857
446,1060,1506,0.13356297162218034
448,1059,1507,0.133596665011515
455,1052,1507,0.13362166863051297
455,1060,1515,0.1336268608926056
457,1072,1529,0.13363091598742052
446,1082,1528,0.13362982372442803
441,1081,1522,0.13365849914695385
438,1083,1521,0.1336991274786457
426,1082,1508,0.1337448388520855
423,1082,1505,0.1338194887338381
424,1077,1501,0.13389768850853861
425,1083,1508,0.13396839407161376
424,1088,1512,0.1340320853368412
426,1080,1506,0.13409275453365702
430,1088,1518,0.13414269796552325
425,1097,1522,0.13417959375824387
426,1103,1529,0.1342274746510162
420,1110,1530,0.13426928284888054
425,1100,1525,0.13432436338804807
419,1106,1525,0.134362051357762
423,1107,1530,0.13441488473507154
423,1097,1520,0.13445293848872691
417,1109,1526,0.13448880319744666
416,1108,1524,0.13453723458112898
412,1111,1523,0.13458497975544012
416,1092,1508,0.13464141258137816
417,1088,1505,0.13468272094353836
413,1102,1515,0.13471930844796237
407,1107,1514,0.13476500623979454
413,1097,1510,0.13482381801004378
414,1090,1504,0.13486211325425113
414,1094,1508,0.1348951204433022
413,1091,1504,0.13492625841640252
399,1103,1502,0.13495794945943615
406,1109,1515,0.13502479082796756
394,1094,1488,0.13506961003013274
387,1106,1493,0.13514475629782674
380,1114,1494,0.1352343783774854
381,1105,1486,0.13533507590506652
383,1118,1501,0.13542491424828323
378,1130,1508,0.13550442910721114
384,1124,1508,0.1355933729701087
385,1122,1507,0.13566047756093252
384,1126,1510,0.13572140967596558
380,1122,1502,0.1357805951594235
388,1119,1507,0.13584687236030665
386,1120,1506,0.13588818274207284
386,1115,1501,0.13593190709278877
386,1117,1503,0.13597332537634824
382,1126,1508,0.13601203771121997
380,1128,1508,0.13605849661304967
374,1128,1502,0.13610822414564938
373,1130,1503,0.13617139793571853
367,1146,1513,0.13623173288219723
357,1153,1510,0.13630338477432058
364,1151,1515,0.13639721340817623
367,1145,1512,0.13646502302687297
368,1145,1513,0.13652137088890515
372,1137,1509,0.1365705063387614
374,1136,1510,0.13660468853202257
369,1140,1509,0.13662902196763355
368,1147,1515,0.13666558290968617
363,1156,1519,0.13670359761026937
369,1159,1528,0.13675329121903373
365,1154,1519,0.1367824032305299
366,1161,1527,0.13682018401559493
360,1151,1511,0.13685228971620075
356,1152,1508,0.13689943628031212
361,1140,1501,0.13695537087557624
355,1139,1494,0.1369952059235259
358,1151,1509,0.1370483015687911
354,1159,1513,0.13708924774720632
356,1150,1506,0.13713924652757448
353,1145,1498,0.13718019358483385
351,1158,1509,0.13722603136514636
349,1152,1501,0.13727386356657667
348,1149,1497,0.13732453005675083
348,1167,1515,0.13737416861540258
351,1159,1510,0.13741963830809556
347,1153,1500,0.13745372193217925
346,1150,1496,0.13749687430269306
345,1149,1494,0.13753994504950162
342,1153,1495,0.13758328536302789
342,1160,1502,0.13763088431369744
340,1157,1497,0.1376752604596806
342,1164,1506,0.13772139598812536
342,1161,1503,0.13775975927118803
336,1167,1503,0.13779579029170377
333,1173,1506,0.13784724977820886
333,1176,1509,0.13790316271535996
332,1179,1511,0.13795608525625638
327,1181,1508,0.13800902432008189
322,1197,1519,0.13807277025644138
319,1192,1511,0.13814490055213344
323,1190,1513,0.13822009014017653
322,1181,1503,0.13827899699056126
324,1180,1504,0.1383377494245205
324,1181,1505,0.13838517379747362
335,1175,1510,0.13842986236111893
336,1186,1522,0.13844179941642756
332,1180,1512,0.13845072045959766
322,1174,1496,0.13847019207714023
319,1174,1493,0.13851632161742103
314,1178,1492,0.1385681860449851
314,1188,1502,0.13862963708880738
317,1190,1507,0.13868669801363004
319,1185,1504,0.13873076860438008
321,1188,1509,0.13876731968798942
322,1193,1515,0.13879527406116954
319,1181,1500,0.13881870044425776
314,1187,1501,0.13884883306059753
318,1195,1513,0.13889132332401335
315,1197,1512,0.13891913800446973
316,1198,1514,0.13895396901401683
314,1184,1498,0.13898322645136585
311,1181,1492,0.13901643046110468
311,1185,1496,0.139057131182835
310,1183,1493,0.13909464976893568
311,1200,1511,0.13913452811198496
319,1195,1514,0.13916871060302205
325,1201,1526,0.1391786490072121
324,1189,1513,0.13917164535275198
328,1176,1504,0.13916729428022417
335,1169,1504,0.13915174393647434
333,1176,1509,0.1391183149907264
332,1183,1515,0.1390928346353132
331,1192,1523,0.13907114511604785
328,1199,1527,0.13905291515605145
329,1182,1511,0.13904394436553194
324,1191,1515,0.13903394387795426
326,1189,1515,0.13903953030410374
322,1187,1509,0.1390389394071441
332,1193,1525,0.13904984427193903
330,1184,1514,0.13903154199014864
322,1169,1491,0.1390200502044627
327,1168,1495,0.13903095018214384
325,1174,1499,0.13902812841850762
325,1179,1504,0.13903114541711734
328,1189,1517,0.13903112512152782
332,1198,1530,0.13902421303034668
333,1194,1527,0.13900765067011778
329,1189,1518,0.13898959948167985
329,1189,1518,0.13898315535467418
329,1190,1519,0.13897714185445248
323,1182,1505,0.1389709261015148
319,1191,1510,0.13898213804457987
317,1198,1515,0.13900472051612545
312,1198,1510,0.13903086661597341
312,1190,1502,0.13907004205180018
315,1196,1511,0.13910744443115783
315,1197,1512,0.13913431435557325
313,1194,1507,0.13915974118223992
318,1194,1512,0.13918889617694669
312,1199,1511,0.13920327576386604
314,1208,1522,0.13923183452542306
307,1201,1508,0.13925280132919654
303,1192,1495,0.13929097789159434
305,1208,1513,0.13933738064479612
309,1195,1504,0.13937606041746112
321,1184,1505,0.13940075675380295
318,1178,1496,0.1393896634554121
313,1200,1513,0.13938874997132403
313,1196,1509,0.13940228414883585
314,1206,1520,0.13941534010360962
311,1204,1515,0.1394241975145691
311,1202,1513,0.13944121692071407
313,1209,1522,0.13945884647739398
314,1212,1526,0.13947103040690023
307,1213,1520,0.13947941705711986
301,1206,1507,0.13950757025712524
305,1215,1520,0.1395506444149914
298,1216,1514,0.1395796036025881
298,1221,1519,0.13962656880391308
300,1219,1519,0.13966913454748886
300,1206,1506,0.13970406143134792
295,1214,1509,0.13973619331291173
296,1220,1516,0.1397799212117899
296,1217,1513,0.13981824272098273
294,1213,1507,0.13985529329057886
288,1211,1499,0.13989651428844024
293,1213,1506,0.1399510376407141
297,1219,1516,0.1399866832896036
296,1225,1521,0.14000880584464478
291,1233,1524,0.1400318697055333
288,1227,1515,0.14006659771585575
289,1229,1518,0.14010632409657375
286,1235,1521,0.14014196780826818
280,1248,1528,0.14018453896804506
282,1243,1525,0.14024135521000208
279,1238,1517,0.14028867541929702
274,1231,1505,0.14034122581173464
276,1238,1514,0.14040457197733308
273,1251,1524,0.14045821865910632
273,1241,1514,0.14051705644296264
273,1237,1510,0.14057225888963415
278,1236,1514,0.1406228820457757
277,1242,1519,0.14065600484054092
272,1246,1518,0.14069016641841364
275,1246,1521,0.1407352424577801
274,1249,1523,0.14076898893405254
278,1238,1516,0.1408032621772168
272,1240,1512,0.1408242898264557
267,1252,1519,0.1408610878958146
271,1255,1526,0.140909180567024
271,1258,1529,0.14094276894721278
270,1256,1526,0.1409755463054023
264,1251,1515,0.14100767205393613
268,1256,1524,0.14105639164008413
266,1257,1523,0.14109032827050355
266,1257,1523,0.14112814568784976
264,1256,1520,0.14116253721300934
265,1248,1513,0.14120071876103962
264,1251,1515,0.14123420807076986
267,1254,1521,0.14126854997369073
267,1250,1517,0.14129236503528275
262,1247,1509,0.1413141719557747
257,1248,1505,0.141347342518901
255,1252,1507,0.14139262078655435
256,1248,1504,0.141440702750397
255,1250,1505,0.14148279758122168
252,1243,1495,0.14152526863243461
263,1233,1496,0.141571799913252
262,1249,1511,0.1415847208727623
261,1245,1506,0.1415992372035197
257,1249,1506,0.14161484894228488
254,1238,1492,0.14164087492049085
249,1236,1485,0.14167470710519153
248,1245,1493,0.1417193363602158
247,1258,1505,0.14176313873448756
250,1253,1503,0.14180689138276142
250,1260,1510,0.14183959456281467
251,1254,1505,0.14187105730688584
250,1258,1508,0.14189807125905238
251,1262,1513,0.14192628543213448
252,1265,1517,0.1419498387359908
252,1273,1525,0.1419690670263926
253,1277,1530,0.14198658220561214
248,1271,1519,0.1419998432820239
249,1269,1518,0.14202488481913225
246,1277,1523,0.14204505764079742
249,1275,1524,0.1420743272940262
248,1286,1534,0.14209319618209773
245,1284,1529,0.14211395848940375
250,1262,1512,0.14214156663287314
250,1276,1526,0.1421528582349913
249,1276,1525,0.14216249063483438
247,1276,1523,0.14217507663920112
244,1274,1518,0.1421912365087319
240,1280,1520,0.1422144554937435
240,1294,1534,0.1422473549549582
241,1286,1527,0.14227670628976452
245,1279,1524,0.14230175180606322
239,1280,1519,0.1423141094498578
238,1277,1515,0.1423420710243696
241,1279,1520,0.1423713424115214
242,1261,1503,0.1423901012764641
242,1252,1494,0.1424041648321803
240,1257,1497,0.14241767249993076
240,1263,1503,0.14243639666123425
242,1265,1507,0.1424534550756421
245,1266,1511,0.1424640633178705
243,1269,1512,0.14246450468763935
242,1259,1501,0.14246929978899878
245,1261,1506,0.14247710860467652
243,1262,1505,0.1424761175091461
240,1276,1516,0.14248059571518915
245,1273,1518,0.14249378764549056
246,1274,1520,0.14249233448642523
251,1266,1517,0.14248823021300214
247,1264,1511,0.14247057808476474
249,1271,1520,0.14246348586479513
247,1288,1535,0.14244961856969943
243,1287,1530,0.14244259358785694
243,1285,1528,0.14244755645961119
239,1283,1522,0.14245261918963
230,1281,1511,0.14246787761043242
234,1273,1507,0.1425073823308115
234,1274,1508,0.1425332972175277
238,1273,1511,0.14255748803064644
246,1270,1516,0.14256744995763565
246,1277,1523,0.14255424478548162
250,1275,1525,0.1425428393322839
250,1269,1519,0.14252178504329943
243,1284,1527,0.14250097147110455
240,1288,1528,0.1425015774825849
237,1290,1527,0.1425104032444676
235,1282,1517,0.14252685835892298
237,1281,1518,0.1425472445860223
233,1287,1520,0.14256011949142686
232,1279,1511,0.14258383314140674
236,1267,1503,0.1426078224309325
241,1261,1502,0.1426181642027652
240,1269,1509,0.1426138637796648
239,1263,1502,0.14261267422716412
234,1261,1495,0.14261495411572175
227,1271,1498,0.14263216665267592
228,1294,1522,0.14266841487991966
232,1275,1507,0.1427001256920004
226,1272,1498,0.14271918955314217
222,1272,1494,0.14275476318957694
221,1281,1502,0.14279972459749973
219,1291,1510,0.14284448113634834
213,1292,1505,0.14289120916777517
210,1303,1513,0.1429522037497727
209,1294,1503,0.14301837361887518
214,1293,1507,0.1430834928365108
213,1295,1508,0.14312994265718984
211,1290,1501,0.14317695806163383
209,1304,1513,0.1432265053226218
209,1308,1517,0.14327800550433456
212,1321,1533,0.14332615663703965
214,1320,1534,0.1433614224002666
210,1319,1529,0.1433892140621654
211,1313,1524,0.1434263211505639
214,1305,1519,0.14345846248347432
212,1305,1517,0.14348017484751077
212,1309,1521,0.1435065188544187
210,1302,1512,0.14353132316688214
207,1280,1487,0.14355962852250567
208,1293,1501,0.14359530556103237
208,1296,1504,0.14362433337750097
203,1307,1510,0.14365144326650808
203,1307,1510,0.14369023525307376
202,1313,1515,0.14372694326452098
201,1313,1514,0.14376489999735487
207,1311,1518,0.14380273077917768
206,1297,1503,0.1438214130237164
206,1288,1494,0.14384205847193116
208,1295,1503,0.1438604496671555
214,1299,1513,0.14387134225517484
208,1317,1525,0.14386384560822907
209,1318,1527,0.14387512918029305
210,1314,1524,0.14388198131441635
211,1307,1518,0.14388631538826357
213,1311,1524,0.14388707144137666
215,1305,1520,0.1438821408022562
212,1296,1508,0.14387270650026587
213,1289,1502,0.14387259343713063
208,1313,1521,0.14386979075781317
211,1318,1529,0.14388121255104244
208,1310,1518,0.1438847133775849
210,1310,1520,0.1438973562782049
214,1313,1527,0.14390297972116156
213,1321,1534,0.14389599249459523
209,1316,1525,0.14389197688212232
211,1317,1528,0.1438994886066132
213,1318,1531,0.1439011162523526
211,1309,1520,0.14389723907079066
212,1310,1522,0.1438986946616291
214,1316,1530,0.14389752928065444
209,1327,1536,0.14389086407708812
205,1327,1532,0.1438992675660943
201,1320,1521,0.14391957051977425
198,1325,1523,0.1439502992619277
197,1321,1518,0.14398821983052978
204,1323,1527,0.14402623087065788
197,1328,1525,0.14404117406554806
199,1316,1515,0.14407507833246183
205,1313,1518,0.14410064024225136
206,1318,1524,0.14410712716880603
205,1329,1534,0.14411046872960845
204,1325,1529,0.1441163819809722
199,1311,1510,0.14412481207961142
200,1309,1509,0.14414748393923169
202,1307,1509,0.14416593483708873
198,1311,1509,0.1441779847005635
198,1308,1506,0.14420109285603763
203,1315,1518,0.14422222120000958
206,1321,1527,0.14422733979801988
206,1313,1519,0.14422393393826344
206,1310,1516,0.1442216413912433
205,1293,1498,0.14421917499552644
203,1301,1504,0.144220124216027
204,1313,1517,0.14422672333846875
202,1319,1521,0.14423067527337366
201,1314,1515,0.14424081875198302
196,1312,1508,0.14425281952328134
196,1319,1515,0.14427853644171695
196,1306,1502,0.1443027310366929
194,1312,1506,0.144325499228157
197,1305,1502,0.14435235559075674
196,1308,1504,0.14436935352535915
191,1320,1511,0.1443885273991123
189,1324,1513,0.144421755757817
188,1320,1508,0.14445867302257348
181,1318,1499,0.14449603236809827
180,1327,1507,0.14455143626797956
179,1321,1500,0.14460577346612016
177,1333,1510,0.1446594350716914
178,1325,1503,0.14471542985493907
170,1340,1510,0.14476455802412752
172,1341,1513,0.1448341025278726
170,1332,1502,0.14489275865185638
168,1340,1508,0.14495304044957114
167,1340,1507,0.14501479286427163
169,1341,1510,0.14507546809034116
168,1345,1513,0.14512633225048904
170,1337,1507,0.1451768714588721
171,1339,1510,0.14521846213151018
171,1358,1529,0.14525451437535405
167,1349,1516,0.14528797578510438
171,1360,1531,0.14533061684539367
167,1351,1518,0.1453584679470799
169,1336,1505,0.1453967575286262
169,1351,1520,0.14542633613654313
168,1364,1532,0.14545371712894853
168,1355,1523,0.14548232010115128
170,1347,1517,0.14550916070471
168,1346,1514,0.14552869254444772
166,1356,1522,0.14555328108782892
162,1349,1511,0.1455820850648688
160,1339,1499,0.14562125973131543
162,1350,1512,0.14566372871814137
160,1346,1506,0.14569751345212004
159,1361,1520,0.14573514291069906
159,1354,1513,0.14577266984453516
156,1352,1508,0.1458073877112491
154,1355,1509,0.14584892662652194
150,1355,1505,0.14589284899997476
156,1355,1511,0.14594485175982327
158,1349,1507,0.14597598907277998
156,1354,1510,0.1459989268736841
158,1362,1520,0.14602589642737318
153,1355,1508,0.1460460497179782
154,1356,1510,0.146079284713225
155,1365,1520,0.14610656272581107
158,1349,1507,0.14612895839422602
160,1355,1515,0.14614071312266944
163,1345,1508,0.1461460030246154
161,1352,1513,0.1461426123525082
164,1358,1522,0.14614487577214055
158,1349,1507,0.14613847888615797
156,1351,1507,0.14615077968325937
154,1344,1498,0.146169115032352
154,1356,1510,0.14619236799186258
148,1360,1508,0.14621331724260506
144,1369,1513,0.14625048191607384
145,1361,1506,0.14629726778334018
142,1367,1509,0.14633826301228864
147,1371,1518,0.14638499621513637
149,1359,1508,0.1464141504485166
152,1364,1516,0.14643568918378602
148,1361,1509,0.14644698528935127
150,1355,1505,0.1464695429865256
157,1370,1527,0.14648467751073582
152,1358,1510,0.14647879949794518
152,1366,1518,0.14648845145560674
152,1359,1511,0.14649788871697736
149,1364,1513,0.1465077337505343
148,1370,1518,0.1465258437215814
148,1371,1519,0.1465456608123097
149,1382,1531,0.14656412427801957
148,1376,1524,0.14657874357211134
147,1372,1519,0.14659575715832013
146,1361,1507,0.14661424666156986
144,1369,1513,0.14663464572681506
144,1377,1521,0.1466599139624828
148,1359,1507,0.14668313815654666
149,1351,1500,0.14669303008474935
147,1361,1508,0.1466991067438993
139,1361,1500,0.14671120041648977
140,1363,1503,0.1467462573945053
142,1369,1511,0.14677610484004663
146,1363,1509,0.14679846625305595
147,1369,1516,0.14680749091748124
144,1365,1509,0.14681293294343117
144,1362,1506,0.14682609589294746
143,1376,1519,0.14683840331084905
143,1367,1510,0.14685338079630572
143,1376,1519,0.14686657073119772
143,1384,1527,0.14687951377237402
143,1393,1536,0.14689182883345156
137,1387,1524,0.14690318437381245
139,1374,1513,0.1469318230584945
143,1367,1510,0.1469522503490054
145,1384,1529,0.14695948080847127
147,1383,1530,0.14696020028271659
145,1379,1524,0.14695520829343553
148,1378,1526,0.14695645438566995
147,1382,1529,0.14694908014469374
149,1379,1528,0.14694564742791438
146,1366,1512,0.1469364434947776
149,1370,1519,0.1469370576132428
146,1368,1514,0.14692883236756607
142,1373,1515,0.14693027919364632
137,1377,1514,0.14694384844854155
136,1380,1516,0.14697169415803674
138,1370,1508,0.14700084777164488
135,1375,1510,0.14702243760999667
135,1380,1515,0.1470518367805863
135,1375,1510,0.14707948419649233
132,1383,1515,0.14710494618525424
136,1372,1508,0.14713795743859479
137,1373,1510,0.14715720223061474
138,1382,1520,0.14717280407680164
136,1379,1515,0.1471843118722151
137,1388,1525,0.1472008145179635
133,1399,1532,0.14721335201622293
129,1386,1515,0.14723729692757684
131,1374,1505,0.14727130033562233
129,1379,1508,0.14729737209148136
131,1377,1508,0.1473274614544837
130,1373,1503,0.1473499355312348
127,1373,1500,0.1473740085856005
135,1371,1506,0.14740550728878332
131,1377,1508,0.14741079036700203
130,1390,1520,0.14742726162435943
127,1393,1520,0.14744532062248808
130,1391,1521,0.1474713509274091
134,1402,1536,0.14748707945727094
132,1403,1535,0.14748995154165723
131,1388,1519,0.14749858624749887
129,1379,1508,0.14750968874323872
123,1383,1506,0.14752593342880713
125,1394,1519,0.14755972100908704
129,1384,1513,0.1475850554236878
130,1389,1519,0.14759619936538507
124,1395,1519,0.14760368090002593
124,1401,1525,0.14762828795600386
122,1377,1499,0.14765104288727626
125,1388,1513,0.14767730023837455
127,1395,1522,0.147693440663878
128,1396,1524,0.14770183511665771
121,1387,1508,0.14770718174454767
120,1388,1508,0.14773249143376715
120,1380,1500,0.1477593026142595
120,1388,1508,0.14778404504313997
120,1404,1524,0.14780767013629814
123,1403,1526,0.14783015252632184
124,1403,1527,0.1478422728035506
120,1402,1522,0.14785066049206094
120,1399,1519,0.14786981490586912
119,1395,1514,0.14788801004571941
120,1392,1512,0.14790828312897117
121,1385,1506,0.14792423970743138
120,1389,1509,0.14793604835071542
119,1393,1512,0.1479502107728947
118,1388,1506,0.14796643919514477
120,1389,1509,0.14798486567756305
122,1398,1520,0.1479964705759314
119,1399,1518,0.14800144020455197
116,1400,1516,0.14801531232609658
117,1406,1523,0.14803725643113727
119,1398,1517,0.14805497064328968
118,1393,1511,0.14806600572794426
113,1401,1514,0.14807919866450459
113,1405,1518,0.14810696043332727
114,1394,1508,0.14813325644456887
107,1384,1491,0.14815459117581997
108,1409,1517,0.14819531815615825
109,1410,1519,0.1482302817636265
108,1406,1514,0.14825983692256364
111,1418,1529,0.14829050115137976
113,1413,1526,0.1483104418208363
111,1402,1513,0.14832330587934192
111,1396,1507,0.14834143713622105
111,1404,1515,0.1483583229578267
110,1402,1512,0.14837412994983332
113,1404,1517,0.14839183796058328
110,1396,1506,0.14839928987093634
105,1407,1512,0.1484153195005446
102,1419,1521,0.14844521682768527
100,1413,1513,0.14848200275523232
104,1416,1520,0.14852241128098018
107,1406,1513,0.14854910600712132
108,1402,1510,0.1485650308834132
109,1400,1509,0.14857686753891572
108,1389,1497,0.1485853010896497
107,1410,1517,0.14859685049064228
108,1420,1528,0.1486107005365096
109,1416,1525,0.148620431715364
107,1423,1530,0.14862652105163687
105,1421,1526,0.1486379826000192
100,1410,1510,0.14865476538454167
99,1404,1503,0.14868500946789937
103,1419,1522,0.1487160946566988
103,1415,1518,0.1487335374294325
102,1419,1521,0.1487496948369642
102,1418,1520,0.1487682576853749
97,1425,1522,0.14878560535462818
95,1421,1516,0.1488169883765897
95,1426,1521,0.1488526869974437
97,1419,1516,0.14888614891024804
97,1426,1523,0.14891136230446975
95,1416,1511,0.14893496772305548
94,1422,1516,0.14896338293552064
91,1423,1514,0.14899269586109484
89,1430,1519,0.14902973712952838
86,1425,1511,0.14907038629073827
79,1434,1513,0.14911716562634675
79,1431,1510,0.14918203582421583
77,1442,1519,0.1492432534465081
75,1439,1514,0.14930641708968928
75,1452,1527,0.14937162115843358
78,1449,1527,0.14943265102675343
79,1443,1522,0.14948008068387178
75,1440,1515,0.14952127422485917
75,1431,1506,0.14957170512172324
82,1429,1511,0.14961832854637622
86,1433,1519,0.1496413840333495
85,1440,1525,0.14965118846463932
84,1440,1524,0.1496637875643506
81,1436,1517,0.14967826646579285
80,1438,1518,0.14970097835913784
79,1421,1500,0.14972520771630962
75,1431,1506,0.14975137737527824
72,1440,1512,0.14978807027008825
74,1439,1513,0.14983195721236528
74,1438,1512,0.149867423441916
78,1428,1506,0.14990118912638228
77,1443,1520,0.14992082484774805
77,1423,1500,0.14994291604969512
78,1434,1512,0.14996361018843676
76,1430,1506,0.14997999418733515
76,1433,1509,0.1500009254804467
76,1428,1504,0.15002017436308004
74,1440,1514,0.15003890096900221
72,1430,1502,0.15006161779876856
72,1446,1518,0.15008814480437252
71,1452,1523,0.1501127769757651
70,1443,1513,0.15013896069447186
67,1454,1521,0.15016608117286048
70,1451,1521,0.15020058233564393
72,1444,1516,0.1502233137283358
77,1455,1532,0.1502390363641382
76,1454,1530,0.15023974856154163
73,1459,1532,0.1502435736832722
72,1452,1524,0.1502562533545758
71,1448,1519,0.15027135552842547
71,1445,1516,0.15028865100936994
71,1435,1506,0.1503048397626044
70,1430,1500,0.15032034350058254
72,1438,1510,0.1503375694878106
74,1437,1511,0.15034738120218433
75,1449,1524,0.15035064449447577
76,1462,1538,0.1503506993009949
75,1448,1523,0.1503477233655168
75,1444,1519,0.1503477168709675
75,1439,1514,0.15034766886406284
75,1440,1515,0.15034744155828889
77,1447,1524,0.15034720927456305
77,1438,1515,0.15034136438062706
77,1445,1522,0.1503357074630712
74,1438,1512,0.1503304442531019
73,1438,1511,0.15033464087171533
73,1451,1524,0.15034163350726215
71,1441,1512,0.15034776495766775
71,1444,1515,0.15035962152739393
71,1455,1526,0.15037087909842597
70,1447,1517,0.1503814026265934
71,1439,1510,0.15039367675917809
71,1439,1510,0.15040223672007044
68,1454,1522,0.15041040310860893
67,1464,1531,0.1504269580215066
69,1457,1526,0.15044558199233632
68,1446,1514,0.1504571524519874
67,1445,1512,0.1504710073312106
67,1441,1508,0.15048688389333442
63,1451,1514,0.1505014171709234
63,1451,1514,0.15052689576415462
62,1451,1513,0.15055058482757044
62,1440,1502,0.1505758656237577
60,1444,1504,0.15059929769255317
64,1453,1517,0.1506274373264078
64,1449,1513,0.15064183697603897
64,1450,1514,0.1506554273900329
64,1451,1515,0.1506682394510178
65,1439,1504,0.15068004796437282
67,1446,1513,0.15068800572881497
66,1431,1497,0.1506890990569842
71,1424,1495,0.15069353802393748
70,1440,1510,0.15068247132872922
69,1441,1510,0.15067541414615537
67,1450,1517,0.1506720273545459
67,1447,1514,0.1506752410075163
67,1446,1513,0.15067850871444907
66,1451,1517,0.15068148635108913
68,1452,1520,0.1506871576053152
65,1456,1521,0.15068646202507818
65,1455,1520,0.15069457196242417
62,1461,1523,0.15070285469198122
62,1463,1525,0.15071967034601272
62,1474,1536,0.15073535055564352
63,1475,1538,0.1507496208588051
62,1466,1528,0.15076044006449899
62,1462,1524,0.15077373426871457
64,1450,1514,0.15078600042782248
63,1445,1508,0.1507916507032666
64,1465,1529,0.15080024041065468
66,1460,1526,0.15080554597659382
63,1458,1521,0.1508045357011839
61,1460,1521,0.15081303880304095
60,1459,1519,0.15082733645305035
59,1449,1508,0.15084389773822543
58,1453,1511,0.15086229983686622
57,1454,1511,0.15088260999185965
57,1458,1515,0.1509047183350091
57,1453,1510,0.1509250029985558
58,1447,1505,0.1509440347822391
59,1452,1511,0.15095867666424917
56,1447,1503,0.15096953061485918
57,1455,1512,0.15098882234086905
57,1455,1512,0.1510041083324547
54,1456,1510,0.1510183122257833
53,1445,1498,0.15104058672283766
53,1436,1489,0.15106454265981278
52,1445,1497,0.15108664350969955
56,1451,1507,0.15111044921183656
56,1454,1510,0.15112083846601826
53,1454,1507,0.1511304680556487
53,1466,1519,0.15114851062467813
55,1449,1504,0.15116560631331122
53,1437,1490,0.15117568953122457
52,1449,1501,0.15119119350278354
54,1451,1505,0.15120890460967992
54,1461,1515,0.1512192892031064
52,1467,1519,0.15122903868087725
53,1478,1531,0.15124456227142638
53,1474,1527,0.1512563842760409
52,1468,1520,0.1512675207276709
51,1459,1510,0.15128086815889275
51,1453,1504,0.15129624083559834
53,1453,1506,0.15131054389300988
56,1457,1513,0.15131748955304747
53,1453,1506,0.15131492546755088
54,1453,1507,0.1513219934371654
52,1462,1514,0.1513254476412158
49,1465,1514,0.15133509348056928
48,1466,1514,0.15135346328941998
50,1458,1508,0.1513738292235985
49,1453,1502,0.1513862640117199
52,1451,1503,0.15140078991815537
53,1452,1505,0.1514050220680433
52,1451,1503,0.1514057583358141
51,1456,1507,0.15140973666614307
53,1455,1508,0.15141637014435091
54,1467,1521,0.15141639670934326
50,1452,1502,0.15141333587781683
55,1439,1494,0.15142298006207053
53,1436,1489,0.1514161740504148
56,1450,1506,0.15141538072718755
59,1452,1511,0.1514058672098507
61,1449,1510,0.15138797122473932
63,1439,1502,0.151365206776752
61,1466,1527,0.15133807508712138
61,1471,1532,0.1513184396318574
64,1469,1533,0.15129994451730672
59,1456,1515,0.15127406861190018
61,1467,1528,0.15126483358460016
61,1474,1535,0.1512502311962024
57,1471,1528,0.15123693850251305
57,1469,1526,0.15123703986187295
58,1463,1521,0.1512370101571483
59,1462,1521,0.15123405380856242
58,1463,1521,0.15122842838393916
58,1460,1518,0.15122609821007343
55,1464,1519,0.1512240670863001
54,1461,1515,0.15123134285197457
55,1461,1516,0.15124109837779875
55,1474,1529,0.1512468248182182
55,1466,1521,0.1512516149875152
54,1467,1521,0.151255788856041
54,1462,1516,0.15126263596399858
56,1456,1512,0.1512692090113228
57,1448,1505,0.1512695219143457
58,1447,1505,0.15126688387319218
59,1439,1498,0.15126126098632853
60,1450,1510,0.15125283426062106
62,1460,1522,0.15124185998536605
60,1470,1530,0.1512254382452527
60,1483,1543,0.15121632329778648
60,1469,1529,0.15120732217092148
57,1475,1532,0.15119877287521633
57,1467,1524,0.1511997161353933
59,1473,1532,0.15120050254995163
58,1453,1511,0.15119514738207399
58,1466,1524,0.15119306464722876
58,1471,1529,0.15119093561719552
58,1461,1519,0.15118876244244123
55,1456,1511,0.15118663183988576
52,1460,1512,0.15119368976697176
51,1459,1510,0.15120966993021662
52,1463,1515,0.15122789681853782
52,1451,1503,0.15124169590501568
54,1443,1497,0.1512545082372357
54,1453,1507,0.1512605044911508
52,1458,1510,0.15126612549673513
53,1451,1504,0.15127795042895817
52,1460,1512,0.1512859564259277
50,1462,1512,0.1512967457128067
51,1466,1517,0.15131320763686196
51,1468,1519,0.15132561426630622
51,1464,1515,0.1513372918804899
48,1449,1497,0.15134844251450297
50,1458,1508,0.1513680749039786
49,1464,1513,0.15138019769559322
50,1489,1539,0.1513946433837449
50,1470,1520,0.1514053442690269
48,1494,1542,0.15141544112073146
47,1491,1538,0.15143132705652967
48,1485,1533,0.15144924709536123
47,1473,1520,0.1514631369888769
47,1486,1533,0.15147934732714305
47,1477,1524,0.15149454016123298
48,1479,1527,0.15150885276786283
46,1488,1534,0.15151917022587547
47,1486,1533,0.15153499629385472
46,1471,1517,0.15154690259558723
44,1476,1520,0.1515610326699156
42,1485,1527,0.15158011777303762
44,1467,1511,0.15160377450702903
43,1458,1501,0.15161983813901908
42,1465,1507,0.15163802598531498
45,1459,1504,0.1516575579350702
45,1456,1501,0.15166631121686294
46,1458,1504,0.151674633038843
50,1458,1508,0.15167956220572687
49,1468,1517,0.15167184078393858
51,1466,1517,0.15166775484254555
51,1457,1508,0.15165754214465063
53,1465,1518,0.1516481102524995
55,1463,1518,0.1516332584204476
51,1459,1510,0.15161342228598687
50,1472,1522,0.15160724703786743
50,1473,1523,0.15160455483536783
52,1476,1528,0.1516020978870056
53,1471,1524,0.15159347198624581
56,1474,1530,0.15158220539171796
58,1478,1536,0.15156241587322802
60,1470,1530,0.15153772270084467
58,1474,1532,0.15150843725299112
59,1459,1518,0.15148701335804468
61,1450,1511,0.15146433189234362
63,1450,1513,0.15143701741836094
64,1453,1517,0.1514053177196933
62,1457,1519,0.15137257787641267
63,1450,1513,0.15134802156284347
64,1455,1519,0.1513218557986882
62,1467,1529,0.15129423719549412
62,1452,1514,0.15127431659633636
61,1457,1518,0.15125563318459903
63,1450,1513,0.15124124661219457
63,1453,1516,0.1512215669165891
65,1452,1517,0.15120296974756786
65,1455,1520,0.15117934544197836
67,1452,1519,0.15115719083089915
68,1452,1520,0.15113025351093545
69,1438,1507,0.15110193526926355
67,1438,1505,0.15107257300505236
69,1437,1506,0.15105111769604906
67,1450,1517,0.15102479149954162
65,1444,1509,0.15100618201576563
65,1451,1516,0.15099495178008865
66,1459,1525,0.15098467466580978
66,1440,1506,0.15097202930446924
66,1445,1511,0.15096001888315766
65,1446,1511,0.1509488138762538
65,1442,1507,0.15094140319120408
68,1436,1504,0.1509343792124439
70,1441,1511,0.15091862723664284
73,1441,1514,0.15089799524188796
70,1441,1511,0.15086932383956053
73,1452,1525,0.15085178763641224
72,1451,1523,0.15082679611092945
70,1447,1517,0.15080625336534348
68,1444,1512,0.15079328310983972
69,1432,1501,0.15078711464582112
67,1439,1506,0.15077855566468204
67,1441,1508,0.1507765684945121
66,1452,1518,0.15077455174456655
67,1432,1499,0.15077567584919838
64,1443,1507,0.1507736551699242
66,1438,1504,0.1507810708497837
69,1444,1513,0.15078204074444776
69,1444,1513,0.15077378888168705
71,1451,1522,0.15076614018674628
69,1446,1515,0.1507530947592434
68,1450,1518,0.15074686539485865
66,1446,1512,0.15074407058699832
68,1448,1516,0.15074764164059695
65,1455,1520,0.1507448068262126
65,1453,1518,0.15075133106076435
63,1454,1517,0.1507569997192044
62,1445,1507,0.15076804844841973
62,1448,1510,0.1507815327897175
58,1456,1514,0.1507939485604328
58,1466,1524,0.1508177554169803
58,1459,1517,0.15083986747850148
59,1458,1517,0.15086054668211057
61,1455,1516,0.15087685055098293
60,1457,1517,0.15088588517954457
61,1441,1502,0.15089795142759857
64,1447,1511,0.15090626320400458
64,1451,1515,0.15090494113710487
64,1453,1517,0.15090360085707963
60,1456,1516,0.1509024017952743
63,1432,1495,0.15091350685181013
60,1440,1500,0.1509148307270093
60,1451,1511,0.15092498454691128
61,1454,1515,0.15093450734515235
61,1455,1516,0.15094028745777444
60,1458,1518,0.15094574202447253
59,1455,1514,0.15095402173503916
57,1460,1517,0.15096488330985075
54,1457,1511,0.15098117451845394
54,1460,1514,0.15100525507274526
54,1463,1517,0.15102779534900243
52,1467,1519,0.15104883667180932
50,1466,1516,0.15107474587381456
47,1468,1515,0.15110491135497575
48,1470,1518,0.1511422089297105
48,1478,1526,0.1511738838824197
48,1466,1514,0.15120363650358798
47,1460,1507,0.15123151324596662
47,1475,1522,0.15126079041505658
47,1462,1509,0.15128800064963002
48,1459,1507,0.15131352313614058
49,1464,1513,0.15133428794146414
50,1475,1525,0.1513507251957211
49,1471,1520,0.15136304009299956
49,1464,1513,0.15137770902587197
48,1471,1519,0.1513914081329891
50,1466,1516,0.1514072820904684
51,1460,1511,0.15141612020659614
50,1462,1512,0.15142130932432052
54,1452,1506,0.15142913739405542
52,1459,1511,0.1514242355468691
50,1462,1512,0.15142605623701663
48,1464,1512,0.15143404027885732
47,1458,1505,0.1514475356071124
45,1453,1498,0.15146328735322956
47,1452,1499,0.15148405616678748
47,1468,1515,0.1514972259527778
46,1460,1506,0.15150956135591684
46,1466,1512,0.1515242776150693
51,1471,1522,0.15153806201693487
51,1469,1520,0.15153547062554812
49,1474,1523,0.15153319911249896
46,1461,1507,0.151537318453854
48,1480,1528,0.1515506251039509
48,1475,1523,0.15155674996076116
46,1479,1525,0.15156258738981487
46,1473,1519,0.15157400806304586
40,1482,1522,0.15158465907626148
41,1486,1527,0.15161342172081643
42,1480,1522,0.15163720242903142
41,1490,1531,0.15165638823365818
43,1480,1523,0.15167750173835284
43,1470,1513,0.15169097638589205
44,1469,1513,0.15170341629367312
42,1479,1521,0.15171200255825726
42,1477,1519,0.151726437063266
40,1483,1523,0.15174011381146754
40,1480,1520,0.15175894200166284
42,1484,1526,0.15177660843506577
40,1493,1533,0.151787215404632
38,1479,1517,0.15180358466825322
35,1488,1523,0.15182513872003092
36,1483,1519,0.1518547227154416
37,1477,1514,0.151879337593308
34,1485,1519,0.1518992479810431
36,1489,1525,0.1519273338141462
36,1487,1523,0.15194737197354144
37,1477,1514,0.15196640657973545
39,1484,1523,0.15198123601900693
39,1489,1528,0.15198886847796245
39,1478,1517,0.1519961550885211
37,1477,1514,0.1520030619687482
38,1472,1510,0.15201605525206227
36,1470,1506,0.15202500083192713
35,1467,1502,0.15203947132310844
38,1475,1513,0.15205654365894838
36,1471,1507,0.152063199085205
32,1476,1508,0.1520759145500214
32,1466,1498,0.1521002894330622
33,1468,1501,0.15212310850177202
32,1471,1503,0.15214142844566292
32,1473,1505,0.15216179384344455
32,1470,1502,0.15218087684234927
33,1474,1507,0.1521989022563163
33,1481,1514,0.1522128666002862
31,1483,1514,0.1522258231833447
31,1482,1513,0.15224385225701628
30,1482,1512,0.15226071391239424
31,1499,1530,0.1522796593898484
31,1486,1517,0.15229446097160795
32,1486,1518,0.1523083608404433
35,1484,1519,0.15231859816087354
34,1492,1526,0.15231903130267332
34,1475,1509,0.1523224176484543
34,1465,1499,0.15232554474905727
34,1473,1507,0.1523285054498272
35,1488,1523,0.1523311884961455
33,1479,1512,0.15233090446716255
31,1474,1505,0.15233709852319194
31,1465,1496,0.1523493824967018
31,1467,1498,0.15236073188615676
32,1470,1502,0.15237134419405723
32,1473,1505,0.15237813658795007
30,1491,1521,0.15238450765300213
30,1489,1519,0.1523966817040753
30,1486,1516,0.15240807726254574
30,1495,1525,0.15241870444739253
31,1494,1525,0.15242843753995003
29,1506,1535,0.15243466672865474
30,1511,1541,0.15244659501897675
28,1502,1530,0.15245485047598958
28,1504,1532,0.1524689927381711
27,1500,1527,0.15248227713819015
24,1482,1506,0.15249792313692803
25,1486,1511,0.15252223894298514
25,1496,1521,0.15254187019024673
26,1500,1526,0.152560280755843
26,1488,1514,0.15257431908859798
25,1484,1509,0.15258754685645545
24,1484,1508,0.15260254844137208
25,1486,1511,0.1526195015155812
25,1473,1498,0.15263210874472277
25,1487,1512,0.15264373268413212
25,1494,1519,0.1526546607165541
25,1494,1519,0.15266490741496969
23,1479,1502,0.15267451061766452
23,1489,1512,0.15268979046387118
25,1489,1514,0.15270411894694216
24,1491,1515,0.1527113648623454
23,1492,1515,0.15272117184480705
26,1482,1508,0.15273355962489132
25,1484,1509,0.15273590199635564
26,1488,1514,0.15274138763475453
26,1501,1527,0.15274332388198672
25,1477,1502,0.15274545308519083
26,1491,1517,0.15275067317548793
24,1495,1519,0.1527524270827075
24,1498,1522,0.15276024886839928
25,1494,1519,0.1527675903834079
25,1491,1516,0.15277154748605654
24,1487,1511,0.1527751171495717
25,1481,1506,0.15278136390346866
28,1481,1509,0.1527842758904098
27,1492,1519,0.1527777356656164
27,1490,1517,0.1527748492861177
26,1483,1509,0.15277188402757663
24,1474,1498,0.15277252770411465
24,1488,1512,0.15277940823029484
24,1490,1514,0.1527859451670515
24,1487,1511,0.15279177676021033
22,1473,1495,0.1527972840684163
22,1485,1507,0.15280876411384892
22,1492,1514,0.15281950807951186
21,1494,1515,0.15282957067200012
20,1508,1528,0.15284190308241674
19,1496,1515,0.15285640147952342
19,1503,1522,0.15287299080132769
18,1489,1507,0.1528884990542524
21,1480,1501,0.15290623320450913
21,1487,1508,0.1529136028971586
19,1488,1507,0.1529205437406304
19,1490,1509,0.15293353068803664
19,1494,1513,0.15294574284361354
20,1502,1522,0.15295722108594398
19,1498,1517,0.1529648029537349
18,1489,1507,0.1529749786280774
18,1500,1518,0.15298773761556994
17,1503,1520,0.15299961004570228
19,1497,1516,0.1530139952795025
18,1495,1513,0.15302140267169423
18,1488,1506,0.1530316120283805
18,1510,1528,0.15304122976340465
19,1499,1518,0.15305028691139932
18,1491,1509,0.15305571936633253
18,1491,1509,0.15306413838352959
18,1487,1505,0.15307170332113235
19,1492,1511,0.15307887165320153
18,1477,1495,0.15308237876267541
17,1484,1501,0.1530888425449619
17,1493,1510,0.15309817197853426
17,1496,1513,0.15310708817870933
16,1507,1523,0.15311553143982118
15,1501,1516,0.1531264790203126
15,1488,1503,0.15313996125752877
14,1501,1515,0.15315290875503232
15,1516,1531,0.15316815688140878
15,1511,1526,0.15317937613186258
15,1502,1517,0.15318996965036397
15,1488,1503,0.1531997825843652
14,1498,1512,0.15320898555725254
13,1510,1523,0.15322097073956248
14,1523,1537,0.15323519593717205
14,1509,1523,0.15324524996425504
14,1508,1522,0.15325465681389147
15,1515,1530,0.15326346415405057
14,1512,1526,0.15326848382443017
14,1505,1519,0.15327626229015234
14,1496,1510,0.15328349904878094
15,1497,1512,0.15329026691086997
15,1501,1516,0.15329347908371016
15,1497,1512,0.15329652085971512
14,1496,1510,0.15329938815169278
14,1501,1515,0.1533051769448301
14,1498,1512,0.15331042515074664
14,1507,1521,0.1533153238977972
14,1500,1514,0.15332007728721636
13,1492,1505,0.15332454709130458
13,1497,1510,0.15333174289666693
12,1516,1528,0.15333851986887612
13,1512,1525,0.1533480330764495
13,1507,1520,0.15335389926998544
13,1512,1525,0.15335937958189436
12,1514,1526,0.15336452709596993
13,1510,1523,0.15337237279712834
13,1508,1521,0.15337651398466412
13,1505,1518,0.15338040206838396
13,1499,1512,0.1533840465607863
13,1516,1529,0.153387463886967
13,1512,1525,0.153390669915273
13,1509,1522,0.15339367896830475
12,1515,1527,0.15339673063760784
12,1514,1526,0.1534028004524033
12,1514,1526,0.1534085138844004
12,1513,1525,0.1534138901079295
11,1514,1525,0.15341894556722457
11,1496,1507,0.15342672897770546
12,1492,1504,0.15343402619615543
12,1506,1518,0.15343766235021997
12,1495,1507,0.1534410725797513
12,1509,1521,0.15344427245159925
12,1515,1527,0.15344723822265766
12,1513,1525,0.1534500120527302
12,1512,1524,0.153452609034098
11,1512,1523,0.15345504586350883
12,1502,1514,0.15346054004135523
12,1497,1509,0.15346247745133246
13,1497,1510,0.1534644285836707
13,1492,1505,0.1534630947239237
13,1500,1513,0.1534618694121401
14,1498,1512,0.15346072720015427
14,1499,1513,0.15345642577983015
14,1500,1514,0.15345239204347907
13,1506,1519,0.15344860514113937
13,1514,1527,0.1534482632822675
12,1514,1526,0.15344793626696993
11,1501,1512,0.1534508398045132
11,1501,1512,0.15345678629948004
12,1521,1533,0.15346237563051637
12,1510,1522,0.15346440545226214
12,1507,1519,0.15346632160918441
12,1507,1519,0.15346812105993968
12,1510,1522,0.153469810869226
11,1527,1538,0.15347144277284516
10,1514,1524,0.15347610199629336
10,1510,1520,0.15348368616968144
10,1512,1522,0.15349081122955363
10,1504,1514,0.153497506013153
10,1501,1511,0.15350379477344336
11,1501,1512,0.15350970178789683
11,1504,1515,0.15351207588342483
11,1504,1515,0.15351447432010734
11,1500,1511,0.15351669904315668
10,1507,1517,0.1535189541119154
10,1499,1509,0.1535241850662695
9,1511,1520,0.15352910778943696
9,1503,1512,0.1535368186863868
8,1512,1520,0.153544114594721
8,1521,1529,0.15355403129849962
9,1520,1529,0.15356337373719808
9,1508,1517,0.1535689662190373
9,1518,1527,0.15357422385092534
9,1516,1525,0.15357916343861497
9,1497,1506,0.15358380565227994
8,1501,1509,0.15358816927455296
8,1494,1502,0.15359546865446141
8,1505,1513,0.15360232492630332
8,1502,1510,0.15360876928293898
8,1515,1523,0.15361482484791952
8,1516,1524,0.15362051435908916
8,1503,1511,0.1536258597308616
9,1516,1525,0.15363088176206316
10,1507,1517,0.15363240068498588
10,1498,1508,0.15363068183166156
10,1503,1513,0.1536290920842146
10,1503,1513,0.15362760665853317
11,1490,1501,0.15362621720509534
10,1486,1496,0.15362173697570772
10,1487,1497,0.15362081979277065
10,1490,1500,0.1536199729482721
9,1502,1511,0.15361919319804143
9,1497,1506,0.15362159088044114
9,1501,1510,0.15362384382586197
9,1496,1505,0.15362596259160463
9,1504,1513,0.1536279568733966
9,1514,1523,0.15362983396731272
10,1518,1528,0.15363160045942437
10,1512,1522,0.15363013423510352
10,1518,1528,0.15362877840573674
10,1510,1520,0.15362751551058726
10,1511,1521,0.15362633556028352
10,1508,1518,0.15362523202442227
8,1510,1518,0.15362419950975326
8,1505,1513,0.15362945166335445
8,1515,1523,0.15363444670614482
8,1512,1520,0.15363915343194504
8,1511,1519,0.15364358355647723
8,1519,1527,0.1536477520527299
8,1517,1525,0.1536516738771877
8,1518,1526,0.15365536338241206
8,1511,1519,0.1536588341855091
8,1509,1517,0.15366209915197193
7,1519,1526,0.15366517041531716
5,1524,1529,0.15367117633226132
5,1513,1518,0.15368306502085846
4,1512,1516,0.15369423227419096
4,1498,1502,0.15370786891816798
4,1504,1508,0.15372069225439888
4,1508,1512,0.15373274570772047
3,1496,1499,0.15374407328809572
3,1501,1504,0.15375794271491608
3,1499,1502,0.15377098142200846
3,1509,1512,0.1537832382206996
3,1513,1516,0.15379475874233187
2,1509,1511,0.15380558663313082
4,1524,1528,0.1538189774145571
4,1518,1522,0.15382511912289348
4,1512,1516,0.15383089903450006
4,1522,1526,0.15383632874605327
4,1520,1524,0.15384143313265625
4,1510,1514,0.1538462329985625
4,1508,1512,0.15385074688423692
4,1516,1520,0.15385499187923513
4,1522,1526,0.15385898394351435
4,1519,1523,0.15386273805867948
4,1514,1518,0.1538662683166072
4,1532,1536,0.1538695879825731
5,1514,1519,0.1538727095467285
4,1509,1513,0.15387242343035723
5,1520,1525,0.15387536191309475
5,1505,1510,0.15387489103123053
4,1517,1521,0.15387446354249648
4,1520,1524,0.15387728459618802
4,1519,1523,0.1538799419662222
3,1516,1519,0.15388244160185657
3,1522,1525,0.15388799368164827
3,1508,1511,0.15389320899448453
3,1517,1520,0.15389811131430414
3,1518,1521,0.15390271915398723
3,1523,1526,0.15390704954075357
3,1516,1519,0.15391111873067384
3,1509,1512,0.15391494223730473
3,1520,1523,0.15391853478446033
3,1527,1530,0.15392191028790025
3,1528,1531,0.1539250818649487
4,1523,1527,0.15392806186062205
4,1522,1526,0.15392763319920286
4,1511,1515,0.15392724081090667
4,1515,1519,0.15392687202059777
5,1512,1517,0.15392652484344244
5,1523,1528,0.15392296795848967
4,1517,1521,0.15391964022204851
5,1516,1521,0.1539197316954926
5,1518,1523,0.15391660123773504
6,1514,1520,0.15391366868651798
6,1513,1519,0.15390770649391616
6,1504,1510,0.153902124361468
8,1508,1516,0.15389688644086422
8,1517,1525,0.15388557761882468
8,1506,1514,0.15387500037344481
8,1508,1516,0.15386508448990366
8,1512,1520,0.1538557824371702
8,1517,1525,0.15384705375166546
7,1500,1507,0.1538388619425032
7,1505,1512,0.15383432596344168
7,1499,1506,0.15383005531198102
7,1506,1513,0.15382604166357336
7,1504,1511,0.1538222715331955
8,1503,1511,0.15381873065153293
8,1509,1517,0.1538122238193899
8,1510,1518,0.15380613244220506
10,1510,1520,0.15380041671159764
10,1508,1518,0.1537887125717797
10,1509,1519,0.15377773250322507
10,1506,1516,0.15376743486432326
10,1512,1522,0.153757781202437
10,1507,1517,0.15374873122731936
10,1516,1526,0.1537401919408531
9,1509,1518,0.1537322132019194
9,1496,1505,0.15372788831999515
9,1500,1509,0.15372381454935627
9,1501,1510,0.15371998561824113
9,1503,1512,0.15371641385325804
8,1497,1505,0.1537130415859192
8,1492,1500,0.15371300956755388
8,1498,1506,0.15371297071880133
8,1501,1509,0.15371293202591368
8,1511,1519,0.15371289481077166
8,1512,1520,0.15371285903364484
8,1510,1518,0.15371282448883788
8,1510,1518,0.15371279102764437
7,1512,1519,0.1537127585675169
7,1510,1517,0.1537158925355689
7,1508,1515,0.15371882466579387
6,1511,1517,0.1537215752061389
6,1508,1514,0.15372735242988658
6,1501,1507,0.15373277011354952
6,1503,1509,0.15373785607876875
6,1517,1523,0.15374263197161667
7,1522,1529,0.15374711692842788
7,1526,1533,0.15374812588840783
7,1512,1519,0.15374907893482245
7,1512,1519,0.15374997452233558
7,1506,1513,0.1537508153252417
7,1505,1512,0.15375160426127754
7,1509,1516,0.15375234440170285
7,1512,1519,0.15375303877672827
7,1527,1534,0.15375369027650732
8,1516,1524,0.15375430161833428
7,1523,1530,0.15375172936855608
7,1509,1516,0.1537524795166574
8,1507,1515,0.1537531863043813
8,1493,1501,0.15375067811024304
8,1493,1501,0.15374833725289733
7,1503,1510,0.1537461441948636
7,1506,1513,0.15374725327352035
7,1504,1511,0.15374828852048567
7,1500,1507,0.15374925886220853
8,1506,1514,0.15375016944676706
8,1506,1514,0.15374784999721938
8,1507,1515,0.15374568447586473
8,1513,1521,0.15374365516195432
7,1512,1519,0.15374175165277476
8,1510,1518,0.15374311472339844
9,1506,1515,0.15374123925337832
10,1495,1505,0.15373629083981236
10,1496,1506,0.15372847971133471
11,1506,1517,0.15372115428066435
11,1509,1520,0.1537111623929366
12,1507,1519,0.15370180778376336
10,1515,1525,0.15368986329611675
10,1501,1511,0.1536849187885251
10,1510,1520,0.1536802634758229
10,1503,1513,0.15367588679024205
10,1503,1513,0.15367177642679014
10,1502,1512,0.15366791796040286
10,1502,1512,0.15366429650519564
10,1503,1513,0.15366089758308457
10,1497,1507,0.15365770743440013
10,1506,1516,0.1536547130987596
10,1504,1514,0.15365190241147839
10,1510,1520,0.15364926397028406
10,1516,1526,0.15364678709267288
10,1512,1522,0.15364446177156238
10,1503,1513,0.15364227863212115
10,1513,1523,0.15364025303731432
10,1507,1517,0.1536383444491491
10,1500,1510,0.15363655641257423
10,1515,1525,0.15363488251927168
11,1512,1523,0.15363331474591313
11,1512,1523,0.15362873116817977
11,1511,1522,0.1536244425819844
10,1514,1524,0.15362042508448875
9,1510,1519,0.1536198001384998
9,1512,1521,0.1536223446462763
9,1521,1530,0.15362473086970063
8,1532,1540,0.15362696974660317
9,1535,1544,0.15363221772422123
9,1527,1536,0.1536339834772826
9,1508,1517,0.15363564526205797
9,1513,1522,0.15363720210799267
9,1519,1528,0.15363866161192793
9,1517,1526,0.15364003045947824
9,1517,1526,0.15364131457801183
9,1519,1528,0.15364251937873605
9,1506,1515,0.1536435970468691
9,1508,1517,0.15364461529378534
9,1485,1494,0.15364557274320612
9,1480,1489,0.15364646953359487
9,1485,1494,0.15364730817209715
8,1495,1503,0.1536480920718395
8,1492,1500,0.15365199584266787
8,1499,1507,0.15365565098037348
8,1504,1512,0.15365907865839507
8,1515,1523,0.1536622942573028
7,1511,1518,0.15366531120105636
7,1515,1522,0.15367128107857742
5,1519,1524,0.15367688731323675
5,1527,1532,0.153688484776508
6,1505,1511,0.15369938363732621
7,1519,1526,0.1537064665374159
7,1520,1527,0.15370994749308686
7,1522,1529,0.1537132131129782
7,1519,1526,0.15371627576919206
7,1521,1528,0.1537191508758917
7,1508,1515,0.15372185089633114
7,1512,1519,0.15372438686960116
7,1515,1522,0.15372676892759923
7,1532,1539,0.1537290064927796
7,1529,1536,0.1537311083749583
7,1529,1536,0.15373308283080844
7,1520,1527,0.1537349376072698
7,1509,1516,0.15373667997694296
6,1508,1514,0.1537383167688878
8,1504,1512,0.15374300727825174
8,1497,1505,0.15374109241376846
8,1502,1510,0.15373930765997643
8,1499,1507,0.15373764102762544
8,1520,1528,0.1537360809884498
8,1508,1516,0.1537346188258579
8,1516,1524,0.15373324751217882
8,1503,1511,0.1537319609829215
7,1511,1518,0.15373075378151094
7,1512,1519,0.15373275116574323
7,1508,1515,0.1537346260455373
7,1515,1522,0.15373638351260632
6,1509,1515,0.15373803253971408
6,1521,1527,0.15374275944020094
6,1522,1528,0.15374719733165246
6,1516,1522,0.15375136545487103
5,1510,1515,0.1537552805164971
5,1506,1511,0.15376213586289272
5,1498,1503,0.1537685865192901
5,1499,1504,0.1537746460384745
5,1505,1510,0.15378033512622227
5,1517,1522,0.1537856759604346
5,1497,1502,0.15379068996594525
5,1502,1507,0.15379539738364628
5,1496,1501,0.1537998172164632
5,1504,1509,0.15380396727118992
5,1493,1498,0.1538078642255086
6,1490,1496,0.15381152369950646
6,1494,1500,0.15381179505186796
6,1492,1498,0.153812059466439
6,1499,1505,0.15381231219130095
6,1508,1514,0.15381255127667798
6,1518,1524,0.15381277637805152
6,1519,1525,0.1538129878995267
6,1516,1522,0.15381318652890438
6,1511,1517,0.1538133730287403
6,1502,1508,0.153813548154054
6,1504,1510,0.15381371262316706
6,1504,1510,0.15381386710942258
6,1519,1525,0.1538140122407601
4,1503,1507,0.15381414860203851
3,1515,1518,0.15382066972857467
3,1500,1503,0.15383004159568864
3,1508,1511,0.15383885167783873
3,1521,1524,0.15384712982890827
3,1521,1524,0.15385490709282698
3,1503,1506,0.15386221357581265
3,1499,1502,0.15386907773086622
3,1501,1504,0.15387552634174673
3,1503,1506,0.15388158460104542
3,1504,1507,0.1538872761935183
3,1512,1515,0.15389262337743814
3,1525,1528,0.15389764706408157
3,1522,1525,0.1539023668950615
3,1518,1521,0.15390680131692458
3,1518,1521,0.15391096765251752
3,1528,1531,0.15391488216881974
4,1522,1526,0.15391856014112165
4,1514,1518,0.15391883682970048
4,1508,1512,0.15391910688881516
4,1500,1504,0.15391936516042282
4,1519,1523,0.15391960933878024
4,1516,1520,0.15391983918421454
4,1529,1533,0.1539200552534939
4,1503,1507,0.1539202583244703
4,1500,1504,0.15392044919726136
5,1518,1523,0.15392062863494615
5,1518,1523,0.15391758306192022
5,1518,1523,0.1539147391405382
3,1514,1517,0.1539120739980604
4,1525,1529,0.1539158773283816
4,1529,1533,0.1539162747690291
4,1523,1527,0.15391664623166598
5,1517,1522,0.1539169957628766
5,1525,1530,0.15391416881228626
6,1526,1532,0.15391153008191363
6,1522,1528,0.15390586545049556
7,1522,1529,0.15390056644474084
7,1520,1527,0.15389241853023247
7,1522,1529,0.15388478303422976
7,1511,1518,0.15387762450465786
7,1515,1522,0.15387090912015366
7,1514,1521,0.1538646068054909
6,1500,1506,0.15385869047201792
6,1493,1499,0.15385627244188618
6,1502,1508,0.1538539974700485
6,1499,1505,0.1538518552141158
6,1502,1508,0.1538498400944772
6,1496,1502,0.15384794553169043
6,1513,1519,0.15384616464950615
6,1507,1513,0.1538444907343992
7,1514,1521,0.15384291739503184
7,1510,1517,0.15383828801770916
6,1525,1531,0.15383395287021812
6,1521,1527,0.1538330637201241
6,1511,1517,0.15383221426220245
6,1505,1511,0.1538314095600212
6,1493,1499,0.15383064993828532
5,1506,1511,0.15382993430005862
6,1501,1507,0.15383238273286434
6,1504,1510,0.15383149266034504
6,1512,1518,0.1538306620990048
6,1510,1516,0.15382988342802265
6,1517,1523,0.15382915314985474
5,1503,1508,0.15382846786420498
5,1507,1512,0.15383097310350682
6,1511,1517,0.15383332704487734
6,1514,1520,0.15383237184225934
6,1504,1510,0.15383148406221334
6,1509,1515,0.1538306565301997
6,1509,1515,0.1538298830586908
5,1496,1501,0.15382915871755337
4,1486,1490,0.15383161231834064
3,1488,1491,0.15383706995816332
3,1482,1485,0.15384536270979063
3,1499,1502,0.15385315740563407
3,1504,1507,0.15386047966255106
3,1496,1499,0.1538673592927595
3,1502,1505,0.15387382392574922
3,1500,1503,0.15387989910537875
3,1498,1501,0.15388560856264097
3,1491,1494,0.15389097443911737
3,1501,1504,0.15389601745710557
3,1492,1495,0.1539007570492618
3,1484,1487,0.15390521146081848
3,1499,1502,0.1539093978339591
3,1499,1502,0.1539133322804883
3,1515,1518,0.15391702994650255
3,1517,1520,0.15392050507126015
3,1521,1524,0.15392377104155805
3,1518,1521,0.15392684044241417
3,1505,1508,0.15392972510455846
3,1510,1513,0.153932436149073
3,1510,1513,0.15393498402941888
3,1520,1523,0.15393737857103595
3,1510,1513,0.15393962900866537
3,1504,1507,0.153941744021526
3,1514,1517,0.1539437317664615
3,1505,1508,0.15394559990916726
4,1503,1507,0.15394735565360004
4,1511,1515,0.1539458149399741
4,1518,1522,0.15394437610683964
4,1511,1515,0.15394302959901204
4,1518,1522,0.1539417675789887
3,1514,1517,0.15394058358243762
3,1527,1530,0.15394264591237122
3,1531,1534,0.15394458526440397
3,1518,1521,0.15394640523179348
4,1516,1520,0.15394811391198013
4,1517,1521,0.15394653030613342
5,1512,1517,0.1539450501229374
5,1509,1514,0.1539404629532435
5,1513,1518,0.15393617350899544
5,1507,1512,0.1539321523711424
5,1506,1511,0.15392837924419484
5,1497,1502,0.15392483688927897
5,1493,1498,0.15392151015729463
5,1493,1498,0.15391838537417724
5,1505,1510,0.15391544998032639
5,1502,1507,0.15391269232456026
5,1500,1505,0.15391009467324468
5,1511,1516,0.15390764504839644
5,1516,1521,0.1539053405424667
5,1508,1513,0.1539031734253149
5,1510,1515,0.15390113616836665
5,1494,1499,0.1538992214714101
5,1507,1512,0.15389742225420394
5,1514,1519,0.15389573171353121
7,1514,1521,0.15389414336781226
7,1519,1526,0.15388630683885832
7,1503,1510,0.15387898307062176
7,1512,1519,0.15387212337087192
7,1517,1524,0.1538656917013553
7,1514,1521,0.153859657502405
7,1513,1520,0.1538539938658695
8,1518,1526,0.15384867658792323
8,1513,1521,0.15384055818980152
8,1510,1518,0.15383295708752243
8,1505,1513,0.15382583185052054
9,1512,1521,0.1538191474815941
8,1500,1508,0.1538097061228364
8,1495,1503,0.15380399355462232
8,1487,1495,0.15379861687096022
8,1494,1502,0.15379356255646032
9,1511,1520,0.15378881277073844
9,1513,1522,0.15378122107068684
9,1505,1514,0.15377411874861738
9,1511,1520,0.15376746112516615
9,1512,1521,0.15376121595933395
8,1503,1511,0.1537553552123954
7,1493,1500,0.15375294451699703
8,1500,1508,0.15375381857147594
8,1503,1511,0.1537514595240267
8,1503,1511,0.15374924545370974
8,1507,1515,0.1537471651837182
8,1510,1518,0.15374521035706112
9,1508,1517,0.1537433731831799
7,1494,1501,0.15373854104975684
7,1496,1503,0.15374031378736588
7,1493,1500,0.15374195855109285
8,1517,1525,0.1537434926660631
7,1504,1511,0.15374175912463245
6,1503,1509,0.15374326388244122
7,1506,1513,0.15374782994820693
7,1492,1499,0.15374896743586797
7,1508,1515,0.15375004801386594
7,1518,1525,0.15375106568078162
7,1501,1508,0.15375202262373494
8,1499,1507,0.1537529218781698
7,1506,1513,0.15375057722351312
7,1508,1515,0.15375156128905465
6,1521,1527,0.15375247650062504
6,1506,1512,0.15375651704549
6,1500,1506,0.1537602993012447
7,1511,1518,0.15376384566202675
7,1505,1512,0.15376402930785857
7,1496,1503,0.1537642133466961
7,1514,1521,0.15376439378021833
7,1524,1531,0.15376456786190593
7,1519,1526,0.15376473426546156
7,1523,1530,0.15376489239134258
8,1518,1526,0.1537650196710094
8,1508,1516,0.1537619617598096
8,1503,1511,0.15375910650902558
8,1518,1526,0.15375647263539063
8,1520,1528,0.1537540422213812
8,1517,1525,0.15375177524259098
8,1526,1534,0.15374965515062453
8,1511,1519,0.15374766953847582
8,1506,1514,0.1537458080246453
8,1510,1518,0.15374406165252572
8,1509,1517,0.15374242252530393
8,1502,1510,0.15374088355406232
7,1510,1517,0.1537394382875066
7,1519,1526,0.15374120367827218
7,1512,1519,0.15374284032306026
7,1521,1528,0.1537443667087843
8,1508,1516,0.15374579372862718
8,1503,1511,0.1537439964298936
8,1485,1493,0.15374233213346952
9,1493,1502,0.15374077929700827
9,1500,1509,0.15373616964300404
9,1501,1510,0.15373187082857787
9,1506,1515,0.15372784867326592
9,1516,1525,0.1537240805356273
8,1508,1516,0.15372054758809653
8,1510,1518,0.15372034129558568
8,1515,1523,0.1537201246561408
6,1500,1506,0.15371990999046864
6,1513,1519,0.15372593509340643
6,1516,1522,0.15373156645921582
6,1505,1511,0.1537368385805305
6,1509,1515,0.15374178028603455
7,1509,1516,0.15374641579880097
7,1511,1518,0.1537476561715513
7,1516,1523,0.15374884128265542
7,1518,1525,0.15374996426072898
7,1522,1529,0.15375102432526871
7,1518,1525,0.1537520230372539
7,1521,1528,0.1537529629163776
7,1514,1521,0.15375384688122318
7,1530,1537,0.15375467796491857
7,1520,1527,0.15375545917148042
7,1519,1526,0.15375619340642566
7,1508,1515,0.15375688344544275
7,1513,1520,0.15375753192230426
6,1511,1517,0.1537581413264987
7,1501,1508,0.15376183812499367
7,1505,1512,0.1537621710692247
7,1512,1519,0.1537624898934366
7,1507,1514,0.15376279377987942
7,1501,1508,0.15376308178941475
7,1507,1514,0.1537633538102408
7,1511,1518,0.15376361023101057
7,1510,1517,0.15376385169098902
7,1509,1516,0.15376407893053406
7,1518,1525,0.15376429271554823
7,1512,1519,0.15376449380194493
7,1516,1523,0.15376468291958992
7,1503,1510,0.15376486076547155
8,1503,1511,0.15376502800126388
8,1506,1514,0.1537620199075286
8,1504,1512,0.15375921964692688
8,1508,1516,0.15375660091392632
7,1502,1509,0.15375414794377548
6,1504,1510,0.15375496169415268
6,1510,1516,0.15375880235057068
6,1508,1514,0.15376240862898988
6,1510,1516,0.15376579562364495
7,1496,1503,0.15376897138048673
7,1509,1516,0.15376880267962176
8,1512,1520,0.15376866421826452
8,1515,1523,0.15376537589844738
8,1502,1510,0.15376231711715868
8,1508,1516,0.15375945786867004
8,1520,1528,0.15375678054054717
8,1516,1524,0.15375427107326495
8,1517,1525,0.1537519174757703
8,1515,1523,0.1537497091730422
8,1512,1520,0.1537476366341454
8,1505,1513,0.15374569114684636
8,1506,1514,0.1537438646752593
8,1515,1523,0.15374214976488867
8,1509,1517,0.15374053947518104
8,1509,1517,0.15373902732857309
8,1519,1527,0.1537376072698811
9,1520,1529,0.15373627363250875
10,1516,1526,0.15373189349104932
10,1516,1526,0.15372463599521513
9,1521,1530,0.1537178566326133
9,1509,1518,0.1537146310720026
9,1509,1518,0.1537115934920962
9,1499,1508,0.15370873811324848
9,1506,1515,0.15370605542788013
9,1503,1512,0.15370353557582633
10,1511,1521,0.15370116882115922
10,1520,1530,0.15369576194316814
10,1499,1509,0.15369070280500444
10,1500,1510,0.1536859610025742
10,1492,1502,0.15368151332256422
10,1496,1506,0.15367733965723726
11,1504,1515,0.1536734220521476
11,1503,1514,0.1536665505305422
11,1501,1512,0.15366011455134057
12,1499,1511,0.1536540799901592
12,1511,1523,0.1536453100380541
13,1522,1535,0.1536369989095658
13,1518,1531,0.1536260591254538
13,1509,1522,0.1536157218525228
13,1508,1521,0.15360603044938345
13,1491,1504,0.15359693380437922
13,1491,1504,0.1535883957485667
14,1484,1498,0.15358038186011388
14,1489,1503,0.15356970600702938
14,1485,1499,0.1535597077049407
15,1499,1514,0.1535503342982581
15,1492,1507,0.15353838077327917
15,1499,1514,0.15352718707720117
15,1497,1512,0.1535166960704044
15,1504,1519,0.1535068589086445
15,1498,1513,0.15349763181574702
15,1509,1524,0.15348897486407767
15,1516,1531,0.15348085133302544
14,1515,1529,0.1534732272659255
14,1516,1530,0.15346921933541574
15,1496,1511,0.1534654655705857
15,1506,1521,0.153458798225998
16,1509,1525,0.15345249090520705
16,1506,1522,0.15344341034642778
16,1510,1526,0.15343490309812047
16,1505,1521,0.15342692617776932
15,1505,1520,0.15341944520742995
14,1505,1519,0.15341555146616898
15,1504,1519,0.15341500003511785
14,1498,1512,0.15341132990660128
15,1499,1514,0.15341099322947735
14,1498,1512,0.1534075806577672
14,1513,1527,0.15340756720243937
14,1511,1525,0.15340759217843136
14,1505,1519,0.15340767391877003
14,1514,1528,0.15340775208860843
14,1523,1537,0.15340782841605005
14,1524,1538,0.15340790084205794
15,1513,1528,0.1534079684390677
15,1506,1521,0.15340491238411488
15,1512,1527,0.15340206982592852
15,1513,1528,0.1533994156869172
13,1506,1519,0.1533969332014261
14,1513,1527,0.15340076487699134
15,1515,1530,0.15340119627886534
15,1515,1530,0.15339847931155015
15,1511,1526,0.1533959514541329
15,1512,1527,0.1533935899308381
14,1525,1539,0.15339128142817113
12,1527,1539,0.15339224162617365
14,1508,1522,0.15339934685137335
14,1510,1524,0.15339974578775237
14,1513,1527,0.15340013394406765
14,1502,1516,0.15340050077278178
15,1490,1505,0.15340084549509914
13,1513,1526,0.1533980821420745
14,1490,1504,0.15340165752396748
16,1498,1514,0.15340187078300438
16,1493,1509,0.1533957763970052
15,1512,1527,0.15339009911903087
14,1501,1515,0.1533879144437454
15,1494,1509,0.1533889024049468
15,1500,1515,0.1533867377942213
15,1498,1513,0.1533846607215319
14,1496,1510,0.15338271055035635
13,1496,1509,0.15338403986884408
13,1501,1514,0.1533883591836448
13,1498,1511,0.15339240380606295
12,1498,1510,0.1533961887922858
12,1509,1521,0.1534028128167418
12,1503,1515,0.15340900624737513
11,1499,1510,0.15341480572688168
11,1501,1512,0.15342335084196093
11,1501,1512,0.15343134737873199
10,1499,1509,0.153438840687266
10,1507,1517,0.1534490089469741
9,1505,1514,0.15345853534614537
10,1494,1504,0.15347064691179443
10,1500,1510,0.15347882083800413
10,1489,1499,0.15348649783840906
9,1488,1497,0.15349370605383306
8,1496,1504,0.1535036111764166
8,1502,1510,0.15351604379461326
9,1510,1519,0.1535277070191051
9,1506,1515,0.1535355001005819
8,1504,1512,0.15354282624426
8,1507,1515,0.15355288969346176
8,1504,1512,0.15356233495282823
8,1512,1520,0.15357120456821083
8,1514,1522,0.15357953494986
8,1510,1518,0.15358735956627345
8,1519,1527,0.15359470946774623
9,1523,1532,0.15360161365364686
8,1515,1523,0.15360488988603038
8,1499,1507,0.15361115840944703
8,1505,1513,0.1536170416232961
10,1510,1520,0.1536225662581194
9,1505,1514,0.1536213765093701
9,1513,1522,0.153623475085415
10,1509,1519,0.15362544778090706
10,1513,1523,0.15362419919872977
10,1510,1520,0.1536230718062662
10,1509,1519,0.15362203928472454
10,1507,1517,0.1536210280211038
11,1505,1516,0.15362008737395258
11,1498,1509,0.15361601939293756
12,1501,1513,0.15361222083766315
12,1506,1518,0.15360549700764475
10,1505,1515,0.15359921253737727
10,1517,1527,0.15359959312060176
10,1515,1525,0.1535999381331661
10,1499,1509,0.15360025116482476
10,1499,1509,0.15360053714720134
10,1501,1511,0.15360080001408932
10,1497,1507,0.1536010428294851
10,1494,1504,0.1536012679724191
10,1493,1503,0.15360147731659776
8,1505,1513,0.15360167237284025
8,1506,1514,0.1536081738410791
8,1509,1517,0.15361427183062712
8,1502,1510,0.1536199878443275
8,1499,1507,0.1536253484804648
9,1500,1509,0.15363037797135437
9,1512,1521,0.1536319324956734
7,1513,1520,0.1536334043593152
7,1510,1517,0.1536411261108448
6,1517,1523,0.15364837207611654
6,1514,1520,0.15365839392979105
6,1514,1520,0.15366780176841086
6,1515,1521,0.15367663473681026
7,1508,1515,0.15368492975902082
7,1514,1521,0.1536895154571508
7,1521,1528,0.15369383681649024
7,1527,1534,0.1536979018332414
7,1510,1517,0.15370172411310987
7,1524,1531,0.15370531745064284
7,1521,1528,0.15370869512613566
6,1520,1526,0.1537118697925638
6,1521,1527,0.1537180558032919
6,1517,1523,0.15372385792400378
6,1514,1520,0.15372930475185606
4,1528,1532,0.15373441997730125
4,1528,1532,0.15374562443494527
3,1522,1525,0.15375614962760417
3,1505,1508,0.1537692540169652
3,1513,1516,0.15378156209792446
2,1525,1527,0.15379312707574605
2,1520,1522,0.15380723061221782
2,1518,1520,0.1538204845248239
2,1522,1524,0.15383294306416695
2,1512,1514,0.1538446546916262
2,1512,1514,0.15385566445037965
2,1511,1513,0.15386601453656895
2,1490,1492,0.1538757445366134
2,1506,1508,0.15388489161067295
2,1501,1503,0.153893490659751
2,1503,1505,0.15390157447818312
2,1512,1514,0.15390917389153017
2,1511,1513,0.1539163178814463
3,1515,1518,0.15392303369961488
2,1499,1501,0.15392609707216967
2,1509,1511,0.15393223692908353
2,1516,1518,0.15393800515293912
2,1524,1526,0.15394342598443952
2,1513,1515,0.15394852113831817
2,1518,1520,0.15395331053309877
2,1517,1519,0.1539578126833592
2,1519,1521,0.15396204488495172
2,1525,1527,0.15396602334463716
2,1530,1532,0.15396976327550602
2,1520,1522,0.153973278971032
2,1520,1522,0.1539765838665637
2,1516,1518,0.153979690593246
2,1508,1510,0.15398261102695646
2,1512,1514,0.15398535633356972
2,1514,1516,0.15398793701123506
2,1518,1520,0.15399036293005142
2,1513,1515,0.15399264336938123
2,1504,1506,0.15399478705297576
2,1502,1504,0.15399680218204828
2,1512,1514,0.15399869646641642
2,1519,1521,0.1540004771538199
2,1512,1514,0.15400215105751744
2,1508,1510,0.15400372458225767
2,1517,1519,0.15400520374871562
2,1507,1509,0.15400659421648163
2,1505,1507,0.15400790130568584
2,1519,1521,0.15400913001733574
2,1519,1521,0.15401028505244235
2,1511,1513,0.15401137083000532
2,1511,1513,0.1540123915039234
2,1506,1508,0.1540133509788943
2,1501,1503,0.15401425292536264
2,1503,1505,0.1540151007935734
1,1507,1508,0.15401589782678296
1,1511,1512,0.15401990476941696
1,1507,1508,0.154023667574705
1,1503,1504,0.1540272040357233
1,1517,1518,0.15403052851662674
1,1515,1516,0.1540336540685048
1,1508,1509,0.15403659278952023
1,1509,1510,0.15403935593771806
1,1498,1499,0.1540419540241074
1,1511,1512,0.15404439689157445
1,1514,1515,0.1540466937775191
1,1513,1514,0.1540488533632596
1,1515,1516,0.15405088381415727
1,1513,1514,0.1540527928135373
1,1503,1504,0.15405458759244994
1,1498,1499,0.15405627495653743
1,1514,1515,0.15405786131076965
1,1521,1522,0.1540593526825056
1,1529,1530,0.15406075474315467
1,1525,1526,0.15406207282860848
1,1517,1518,0.15406331195855205
1,1519,1520,0.15406447685473248
1,1511,1512,0.15406557195824241
1,1498,1499,0.15406660144586623
1,1503,1504,0.15406756924553391
1,1508,1509,0.15406847905092125
1,1514,1515,0.1540693343352361
1,1517,1518,0.15407013836422942
1,1505,1506,0.1540708942084671
1,1514,1515,0.15407160475490012
1,1520,1521,0.15407227271776833
1,1530,1531,0.15407290064887208
1,1522,1523,0.1540734909472461
1,1503,1504,0.15407404586826687
1,1505,1506,0.15407456753222562
1,1509,1510,0.15407505793239612
0,1510,1510,0.15407551894262558
