1376,29,1405,0.13582094210799078
1400,30,1430,0.1329591013445065
1433,26,1459,0.13028212523750682
1449,29,1478,0.12775171698336582
1458,30,1488,0.12540400771606738
1464,28,1492,0.12324305274616439
1470,30,1500,0.12126048508532332
1478,31,1509,0.11944055210774614
1477,30,1507,0.11776381761208839
1462,30,1492,0.11624055759957816
1458,32,1490,0.11489140916433804
1451,33,1484,0.11367290007702932
1455,33,1488,0.11258015152455929
1446,33,1479,0.11157572133617073
1438,33,1471,0.11068252657426346
1448,33,1481,0.10988802249400006
1453,33,1486,0.1091413037796779
1459,34,1493,0.10844965925098965
1469,35,1504,0.10780621214176592
1456,36,1492,0.10719780195753473
1449,37,1486,0.1066734497798121
1444,40,1484,0.10621180542978667
1442,40,1482,0.1058030249176111
1453,43,1496,0.1054348098014702
1451,44,1495,0.10507515875110741
1449,47,1496,0.1047522899380274
1439,46,1485,0.10446276862824569
1438,47,1485,0.10422186946306031
1443,45,1488,0.10400447424528897
1433,45,1478,0.10379554976915298
1432,44,1476,0.10362750215447884
1431,44,1475,0.10347644501913682
1437,41,1478,0.10334112591502724
1431,41,1472,0.10320460454932368
1439,42,1481,0.10309360425297853
1444,45,1489,0.10297483612532407
1445,45,1490,0.10285548232039143
1441,46,1487,0.10274481207670856
1460,48,1508,0.10265246176847607
1460,46,1506,0.102527214886329
1462,47,1509,0.1024135883169436
1449,47,1496,0.10230610128526177
1444,48,1492,0.10223600739341564
1446,50,1496,0.1021831861549514
1441,49,1490,0.10213058757020947
1438,49,1487,0.10209349369597284
1445,46,1491,0.1020661325262628
1448,45,1493,0.10202614509979739
1457,45,1502,0.10198320084002954
1444,43,1487,0.10192515678941591
1427,46,1473,0.10190013479628003
1427,47,1474,0.10191406496208774
1442,47,1489,0.10192635221282231
1454,47,1501,0.10190555041278362
1448,47,1495,0.10186064524295603
1430,45,1475,0.10183271472714026
1432,45,1477,0.10184613771529069
1436,44,1480,0.1018545899732899
1439,46,1485,0.10185348884818861
1450,47,1497,0.10184554814726166
1431,45,1476,0.10181473212434908
1442,45,1487,0.10182770914955172
1444,46,1490,0.10181578761739264
1443,45,1488,0.10180040236823519
1451,47,1498,0.10178825076566572
1458,48,1506,0.10176001120669195
1447,50,1497,0.10171958597800733
1447,52,1499,0.10170651786126474
1438,54,1492,0.10169481575610936
1440,52,1492,0.10170325201140429
1441,50,1491,0.10170698624366842
1449,48,1497,0.10170809071041978
1455,48,1503,0.10169182566883773
1441,50,1491,0.10166418175112174
1450,53,1503,0.10166910192095109
1453,54,1507,0.10165402461779954
1437,55,1492,0.10163376644936639
1431,57,1488,0.10164965101163304
1433,55,1488,0.10167699066275947
1428,54,1482,0.1016979660511764
1422,52,1474,0.10172820339578022
1432,53,1485,0.10176870928733232
1444,54,1498,0.10178439406149004
1458,55,1513,0.1017729829342405
1427,58,1485,0.10173204083855238
1435,58,1493,0.10176170067400082
1442,60,1502,0.10177139530117757
1443,63,1506,0.10176569359220496
1438,64,1502,0.10175838509045136
1431,63,1494,0.10176215814570046
1434,63,1497,0.10178038006383401
1438,63,1501,0.10179085503296319
1426,63,1489,0.10179202908244048
1422,64,1486,0.10181908427905884
1401,64,1465,0.1018523836464901
1405,68,1473,0.10192843861710923
1397,71,1468,0.10198957832188313
1404,75,1479,0.10206297351124274
1413,75,1488,0.1021146450347357
1405,79,1484,0.10214317622432553
1398,79,1477,0.10218610848918715
1393,80,1473,0.10224016360056322
1409,80,1489,0.10230072635940193
1419,79,1498,0.10232139645751598
1410,80,1490,0.10231845305102422
1413,80,1493,0.10233515164943649
1419,79,1498,0.10234391661598989
1430,78,1508,0.10233880260017707
1419,79,1498,0.10231043515139757
1407,79,1486,0.10230843874457364
1408,82,1490,0.1023330614976123
1406,82,1488,0.10235302624285612
1417,83,1500,0.10237600901479232
1432,83,1515,0.10237265702245438
1424,83,1507,0.10233764508881776
1414,84,1498,0.10232389832977003
1416,87,1503,0.10233261947249382
1418,87,1505,0.10233647126091663
1407,87,1494,0.10233589382230553
1397,90,1487,0.10235953207743409
1403,92,1495,0.10240224877292459
1406,95,1501,0.10242861973896634
1411,92,1503,0.10244607565903728
1411,93,1504,0.10245121145529708
1414,93,1507,0.10245557138309358
1416,92,1508,0.10245328203262552
1403,94,1497,0.1024476101543819
1390,91,1481,0.10247060059879316
1385,92,1477,0.10251951108244102
1393,96,1489,0.10257536371401116
1403,98,1501,0.10260884257416407
1391,101,1492,0.10261753988418701
1394,105,1499,0.10265159620767145
1397,104,1501,0.10267654554820718
1401,105,1506,0.10269263644624256
1402,103,1505,0.10269815167303775
1404,102,1506,0.10270110375487672
1397,103,1500,0.1026991150245087
1389,103,1492,0.10271278092077965
1385,104,1489,0.10274245424043006
1385,105,1490,0.10277862005953033
1370,106,1476,0.10281183217215464
1391,103,1494,0.10287445177853506
1394,106,1500,0.10288597435177343
1388,107,1495,0.10289051132205775
1384,108,1492,0.10290748950781317
1385,105,1490,0.10293176181620872
1374,107,1481,0.10295088503726678
1382,109,1491,0.1029922173618353
1387,104,1491,0.10301325298597717
1398,104,1502,0.10302166233032235
1393,108,1501,0.10300601869277395
1380,106,1486,0.10300229071579761
1386,107,1493,0.10302765564955241
1380,104,1484,0.10303746347069045
1387,105,1492,0.10305874047765809
1393,105,1498,0.10306320476406781
1403,103,1506,0.10305455044041274
1402,102,1504,0.10302443849038866
1389,101,1490,0.10299941675154432
1387,100,1487,0.10300532533231534
1384,101,1485,0.10301546606968681
1385,104,1489,0.1030313016851479
1376,105,1481,0.10304454295259934
1375,116,1491,0.10307670744571855
1379,116,1495,0.10310779277331271
1370,119,1489,0.10312799188578779
1376,120,1496,0.10316628234897397
1377,118,1495,0.10318817983837594
1379,121,1500,0.10320602277568611
1365,123,1488,0.10321857025712511
1369,129,1498,0.10325951628034372
1365,133,1498,0.10328837786787953
1363,131,1494,0.10332425400840715
1366,130,1496,0.10336106010432794
1367,126,1493,0.10338831498339522
1364,129,1493,0.10341130199274748
1376,134,1510,0.10343915744751567
1389,132,1521,0.10343843326978525
1388,127,1515,0.10340943699985679
1377,127,1504,0.10338529229144275
1368,126,1494,0.10338823869624048
1371,127,1498,0.10341050573830934
1370,127,1497,0.10342417206158867
1381,128,1509,0.10343823370772164
1379,125,1504,0.10342698240843648
1387,129,1516,0.10342118276027983
1373,128,1501,0.10339784731551913
1364,129,1493,0.10340757524212148
1364,130,1494,0.10343710577253035
1360,130,1490,0.10346495258047722
1369,132,1501,0.10349849421204205
1364,137,1501,0.10351002856292053
1374,137,1511,0.10353134609895101
1377,141,1518,0.10352843009207938
1372,145,1517,0.10351955228332832
1371,144,1515,0.10352392752099852
1365,143,1508,0.10353055529705159
1363,142,1505,0.10354985354828866
1361,144,1505,0.10357298853537972
1358,145,1503,0.10359730228020675
1341,150,1491,0.10362634840852371
1346,147,1493,0.10368932338852631
1352,151,1503,0.1037364354507127
1354,151,1505,0.1037660026072987
1358,154,1512,0.10378929148039599
1354,153,1507,0.10380180996699621
1349,153,1502,0.10382259302260134
1347,150,1497,0.10385259181422074
1347,151,1498,0.10388503120331233
1342,145,1487,0.10391459782205117
1347,146,1493,0.1039523622062796
1354,148,1502,0.10397694301413468
1352,149,1501,0.10398343048189136
1344,150,1494,0.10399383266643629
1351,154,1505,0.10402137145556242
1334,153,1487,0.10403094190709694
1337,159,1496,0.10407831372899617
1342,159,1501,0.10411522461065477
1341,160,1501,0.10413869308941653
1336,163,1499,0.10416331192562149
1334,163,1497,0.10419716657816586
1342,159,1501,0.10423211962926256
1339,156,1495,0.10424708332716874
1331,158,1489,0.10426654452425237
1345,161,1506,0.10430116177251865
1355,159,1514,0.10430203461822124
1355,162,1517,0.10428080323549577
1346,162,1508,0.1042613542628097
1335,162,1497,0.10426303230149989
1331,163,1494,0.10428857051541901
1328,161,1489,0.10432096228849871
1340,161,1501,0.10435640149900745
1353,166,1519,0.10436310954757419
1348,160,1508,0.1043404364152389
1335,161,1496,0.10433102157995833
1312,164,1476,0.10435008227203887
1318,166,1484,0.10441870707853142
1313,165,1478,0.10446920158439575
1300,168,1468,0.10452669189667624
1305,169,1474,0.10460768236188957
1310,173,1483,0.10466969866803691
1295,171,1466,0.10471575491145661
1297,172,1469,0.10479103313765503
1305,170,1475,0.10485673450609566
1315,176,1491,0.10489877974093301
1321,172,1493,0.1049156584520422
1327,164,1491,0.10491741821170826
1315,167,1482,0.10490559013849769
1320,169,1489,0.10492122493442721
1316,172,1488,0.10492536710449794
1322,167,1489,0.10493904442824496
1313,171,1484,0.10493822246922978
1319,172,1491,0.10495791804615663
1317,175,1492,0.10496201579431919
1328,171,1499,0.1049701179001653
1340,175,1515,0.1049528494442135
1335,173,1508,0.10491130829496
1336,170,1506,0.10488501262990542
1317,179,1496,0.10485933455066991
1318,176,1494,0.10487800843562141
1321,176,1497,0.10489277929574983
1310,178,1488,0.10489954047842129
1310,177,1487,0.10493141357507028
1320,176,1496,0.1049602120353238
1325,176,1501,0.10496372418514785
1322,180,1502,0.10495580851007848
1316,182,1498,0.10495493605964011
1320,180,1500,0.10496724362158882
1318,184,1502,0.10497049002667914
1315,177,1492,0.10497746581809494
1313,182,1495,0.10499091495628587
1313,180,1493,0.10500692447759627
1329,181,1510,0.10502240128630567
1319,179,1498,0.10500152344231939
1318,178,1496,0.10500465675571778
1322,174,1496,0.105010394214742
1319,171,1490,0.10500679534519511
1326,170,1496,0.10501040193587857
1319,175,1494,0.10499862709791515
1319,175,1494,0.10500318510845386
1323,179,1502,0.10500727764369361
1329,178,1507,0.10500201759047818
1344,176,1520,0.10498357217483979
1328,180,1508,0.10493352228096356
1323,182,1505,0.10492193343428763
1330,178,1508,0.10492340664762528
1320,181,1501,0.10490937893070935
1317,178,1495,0.10491893008925572
1328,178,1506,0.10493541355618592
1318,176,1494,0.10492575591188728
1318,179,1497,0.10493899482677818
1327,176,1503,0.1049518405587155
1334,176,1510,0.10494355911838933
1332,177,1509,0.1049191391369439
1321,174,1495,0.10490074057552409
1324,179,1503,0.10490849609037906
1312,180,1492,0.10490887131937875
1316,177,1493,0.10493551977485614
1306,174,1480,0.10495150043523235
1315,181,1496,0.10498842036405666
1322,186,1508,0.10500404248660257
1309,190,1499,0.1050026625694776
1301,189,1490,0.10503047390077352
1313,187,1500,0.10507330213819578
1304,184,1488,0.10508595876124517
1302,182,1484,0.10511807149118745
1297,183,1480,0.10515269410738604
1295,181,1476,0.1051956293739193
1303,183,1486,0.10523893138823431
1301,182,1483,0.10526068708561205
1297,182,1479,0.1052838960241165
1296,180,1476,0.10531396007455539
1302,184,1486,0.1053429960745685
1314,186,1500,0.10535631908495305
1309,178,1487,0.10534105193832463
1300,178,1478,0.10533873240703956
1302,182,1484,0.1053547058685408
1302,187,1489,0.10536503329447221
1307,189,1496,0.10537544284250455
1318,190,1508,0.10537472561574955
1309,191,1500,0.10535005365216783
1309,193,1502,0.10534850183269714
1308,194,1502,0.10534664751106092
1307,191,1498,0.10534795325393026
1295,189,1484,0.10535060373497426
1297,191,1488,0.10537804255093017
1296,187,1483,0.10540030244159279
1308,190,1498,0.10542392092416089
1311,191,1502,0.10541953954153788
1301,195,1496,0.10540972840512093
1294,196,1490,0.10542387291415971
1292,200,1492,0.10545341699120028
1292,195,1487,0.10548460768410296
1295,199,1494,0.10551282807971518
1296,204,1500,0.1055320876338275
1297,204,1501,0.10554781897313424
1302,202,1504,0.10555921426736983
1295,202,1497,0.1055584012977737
1298,203,1501,0.1055739546821777
1297,206,1503,0.10558029428357901
1281,204,1485,0.10558915797936255
1286,208,1494,0.10563328893480257
1287,206,1493,0.105661862606499
1289,205,1494,0.10568675108890947
1305,208,1513,0.10570560570675047
1301,207,1508,0.10568707122869274
1293,213,1506,0.10567951632284213
1294,214,1508,0.10568998205710002
1298,211,1509,0.10569811281967954
1283,212,1495,0.10569720815983555
1296,206,1502,0.1057306247393498
1285,204,1489,0.1057316492599259
1289,203,1492,0.10575553458765242
1287,206,1493,0.10576752619419537
1290,205,1495,0.1057831788775562
1299,207,1506,0.10579126285478478
1294,206,1500,0.1057788873602183
1275,206,1481,0.10577751073616178
1263,214,1477,0.10581705439235023
1273,212,1485,0.10588001342473426
1279,216,1495,0.10591710015406403
1285,216,1501,0.10593878286869167
1281,212,1493,0.1059453574161358
1286,212,1498,0.10595955917452309
1285,218,1503,0.10596149788091895
1271,216,1487,0.10596653792011111
1281,223,1504,0.1060024613308909
1292,223,1515,0.10601323787354694
1292,223,1515,0.10599871394458357
1293,222,1515,0.10598514537832994
1282,223,1505,0.10597050580813061
1282,223,1505,0.10598166621910554
1284,219,1503,0.10599199798468831
1285,221,1506,0.10599738259462022
1284,225,1509,0.10600125789841475
1279,225,1504,0.10600829098628971
1265,225,1490,0.10602564995429735
1279,221,1500,0.10607156417752375
1277,224,1501,0.10608524909846821
1270,223,1493,0.1061018039867563
1269,224,1493,0.10613227478516883
1257,227,1484,0.10616063712337687
1261,220,1481,0.10621356593519243
1268,226,1494,0.10625269245073586
1250,232,1482,0.10627332712232977
1262,237,1499,0.10633365753543615
1262,244,1506,0.10636127028782458
1258,244,1502,0.10638705636116658
1247,246,1493,0.10641972113865465
1254,248,1502,0.10647566468706941
1259,248,1507,0.10651204683359909
1250,253,1503,0.10653479626028545
1247,248,1495,0.1065762437427088
1227,248,1475,0.10662033259478004
1226,252,1478,0.1067053995281202
1233,249,1482,0.10678644823004134
1236,251,1487,0.10684409918364764
1242,249,1491,0.10688922047682324
1237,253,1490,0.10691834546561461
1242,253,1495,0.10695818247934817
1245,256,1501,0.10698379943556346
1243,255,1498,0.10700117986626434
1232,254,1486,0.10702262187369754
1222,253,1475,0.10706657985328533
1235,253,1488,0.107128687513198
1230,259,1489,0.1071578632399905
1228,255,1483,0.10719550592369234
1235,259,1494,0.10723468122655586
1217,259,1476,0.1072552300863765
1231,256,1487,0.10731551557067646
1226,257,1483,0.10733845130863838
1222,256,1478,0.10737128329529141
1226,252,1478,0.10740904760213497
1233,257,1490,0.10743349160235184
1228,256,1484,0.10744018244925715
1231,258,1489,0.10745818696729074
1226,257,1483,0.10746747724447073
1232,257,1489,0.10748625793258636
1241,262,1503,0.10748943428375579
1239,262,1501,0.10747113217993814
1254,261,1515,0.10745967896527281
1242,258,1500,0.10741681585189003
1240,259,1499,0.10740607752570669
1240,262,1502,0.10740074014629933
1249,260,1509,0.10739650572318599
1237,261,1498,0.10737246576380345
1240,260,1500,0.10737585379828964
1234,262,1496,0.10737239440280391
1223,261,1484,0.1073846670402083
1229,268,1497,0.10742010722549761
1238,267,1505,0.10743756872250217
1243,261,1504,0.10743355403042426
1242,266,1508,0.10741912840107538
1256,266,1522,0.10740829302856153
1242,266,1508,0.10736826349928626
1235,265,1500,0.10736390954880391
1236,266,1502,0.10737590593134265
1239,274,1513,0.10738520839399256
1242,272,1514,0.10738796165759097
1239,266,1505,0.10738447818913788
1247,267,1514,0.10738807967745133
1249,270,1519,0.1073737095032913
1255,269,1524,0.10735508874531068
1248,270,1518,0.10732546454749362
1237,272,1509,0.10731413818614727
1216,275,1491,0.10732841445329817
1211,277,1488,0.10738935799716978
1218,277,1495,0.10745640583808433
1207,282,1489,0.10750076988929645
1216,279,1495,0.10756691247825571
1224,279,1503,0.10760800366778614
1221,281,1502,0.10762857836646612
1223,285,1508,0.10765377200560586
1220,283,1503,0.10767359896268436
1217,290,1507,0.10769672808843567
1211,293,1504,0.10772549586293087
1216,291,1507,0.1077643448143641
1223,286,1509,0.10778985776278191
1226,290,1516,0.1077975256126569
1216,294,1510,0.10779839138977526
1203,296,1499,0.10782264208693029
1208,297,1505,0.10787248118137319
1207,295,1502,0.10790714863614856
1189,297,1486,0.10794298182768085
1196,298,1494,0.10801710262240082
1190,296,1486,0.10806976549902896
1186,300,1486,0.10813244887922036
1186,304,1490,0.10819764242603926
1188,307,1495,0.10825652690013764
1182,305,1487,0.10830660371735971
1188,303,1491,0.10836747921545045
1183,306,1489,0.1084103426984789
1186,310,1496,0.10846000960000694
1192,309,1501,0.1084991458672161
1190,306,1496,0.1085220915683393
1184,309,1493,0.10854654825355244
1174,313,1487,0.10858248469225444
1181,314,1495,0.10863900467780022
1182,316,1498,0.10867383426553566
1181,317,1498,0.10870581836173918
1188,316,1504,0.1087365981866863
1193,312,1505,0.10875029036306065
1188,314,1502,0.10875006901911512
1192,314,1506,0.10876081875112441
1191,313,1504,0.10876285757023284
1201,322,1523,0.10876618663056614
1186,319,1505,0.10874660718362357
1193,317,1510,0.10876354640587199
1187,314,1501,0.1087649422342544
1186,319,1505,0.10877937844981013
1187,319,1506,0.1087935529112416
1191,320,1511,0.10880382339318015
1195,314,1509,0.10880372770171824
1190,316,1506,0.1087947909936976
1192,322,1514,0.10879844463161607
1188,321,1509,0.10879783564569635
1190,317,1507,0.10880679712782079
1177,317,1494,0.10881088665964757
1184,319,1503,0.10884419748076674
1187,321,1508,0.10885882003286267
1186,323,1509,0.10886548586686899
1188,325,1513,0.10887430695143596
1179,330,1509,0.10887968103695293
1168,329,1497,0.10890605795125975
1161,333,1494,0.10895684187528218
1156,334,1490,0.10901742027022944
1156,339,1495,0.10908601367342756
1144,338,1482,0.10914889222494156
1149,343,1492,0.10923255159705902
1150,345,1495,0.10929927857210256
1156,346,1502,0.10935908006601075
1141,348,1489,0.10940162436008301
1140,349,1489,0.10947518572893669
1122,358,1480,0.10954730483936835
1131,361,1492,0.1096537820792629
1120,370,1490,0.10973233945481312
1131,365,1496,0.10983062467598355
1137,374,1511,0.10989785811006943
1135,378,1513,0.10994534199004033
1125,376,1501,0.1099949696265325
1132,376,1508,0.11006376472915774
1126,378,1504,0.11011157692099996
1130,376,1506,0.1101695064278985
1126,376,1502,0.11021281293385984
1136,380,1516,0.11026130260834903
1131,377,1508,0.11028472608342628
1139,382,1521,0.11031903233016686
1121,382,1503,0.11033229959292452
1123,383,1506,0.11038506283880452
1120,385,1505,0.11042964161893742
1126,389,1515,0.11047837919033565
1121,388,1509,0.11050945234978297
1123,387,1510,0.11055126940493182
1112,390,1502,0.11058547013666041
1119,391,1510,0.11064284923956208
1120,383,1503,0.11067791770124184
1113,384,1497,0.11070745000544603
1119,382,1501,0.11075158989210784
1116,389,1505,0.11077923824585895
1109,384,1493,0.11081189589384696
1115,391,1506,0.1108578387786282
1125,387,1512,0.1108859103232692
1127,382,1509,0.1108891168208948
1129,382,1511,0.11088792106280461
1119,383,1502,0.1108796505019379
1108,383,1491,0.11089835767304
1107,390,1497,0.1109398475466033
1099,393,1492,0.11097981144362859
1099,393,1492,0.11103473358791657
1103,387,1490,0.11108479920357574
1114,394,1508,0.11112285138073105
1108,393,1501,0.11113272013813774
1106,389,1495,0.11115700785602262
1102,388,1490,0.111183686964507
1112,381,1493,0.11121752542176662
1105,382,1487,0.11122707113956082
1112,393,1505,0.11125169799950128
1112,395,1507,0.11125729054693063
1113,391,1504,0.11126054644039783
1118,393,1511,0.11126073782438924
1119,385,1504,0.1112508885355695
1107,383,1490,0.11124050805505636
1107,387,1494,0.11125801288333502
1114,395,1509,0.11127635801144999
1115,394,1509,0.11127789933080806
1112,396,1508,0.1112782776975288
1113,408,1521,0.11128563315977992
1103,403,1506,0.11129037507841108
1098,401,1499,0.11131752609212363
1104,402,1506,0.1113520257108318
1093,399,1492,0.11137092357045819
1098,389,1487,0.11141357044972157
1096,395,1491,0.11143919379919481
1103,392,1495,0.11146912159384784
1097,397,1494,0.1114791999324294
1102,405,1507,0.11150397209948423
1100,404,1504,0.11151473891591167
1096,400,1496,0.11152999596527519
1104,406,1510,0.11155361150703119
1108,396,1504,0.11155864266888862
1105,398,1503,0.11155424650214042
1093,397,1490,0.1115568795462709
1102,398,1500,0.1115880435584603
1088,403,1491,0.11159429650860543
1098,412,1510,0.1116333987450488
1089,413,1502,0.11164860717622954
1082,416,1498,0.11168257274286773
1078,413,1491,0.11173087217828037
1070,418,1488,0.11178470543792753
1079,416,1495,0.11185201398753623
1079,420,1499,0.11189391771285152
1079,426,1505,0.11193097216386079
1073,426,1499,0.1119654159751963
1077,428,1505,0.11201139714729536
1064,428,1492,0.1120461531070693
1057,429,1486,0.11210878696876811
1063,428,1491,0.11218227528404874
1064,437,1501,0.1122362411709975
1066,438,1504,0.11228306086769844
1060,435,1495,0.11232051929450282
1058,441,1499,0.11237104332583726
1054,442,1496,0.11242239757346023
1042,438,1480,0.11247908161376807
1050,442,1492,0.11256138867246399
1040,451,1491,0.11261782030660045
1049,450,1499,0.11269439132613529
1056,449,1505,0.11274554099452484
1042,447,1489,0.11277719992583662
1035,457,1492,0.11283889706194106
1041,454,1495,0.11291117890524906
1057,457,1514,0.1129663061844886
1060,460,1520,0.11298071633462652
1062,458,1520,0.1129871745800932
1048,448,1496,0.11298747346851266
1046,448,1494,0.11301912880380752
1048,454,1502,0.11305249564386283
1045,456,1501,0.11307990181630104
1042,450,1492,0.1131125740874247
1032,450,1482,0.11314992942985835
1032,458,1490,0.11320969981478952
1024,458,1482,0.11326411524616216
1030,451,1481,0.11333479478068671
1043,453,1496,0.11338746927171303
1041,450,1491,0.11340548965533818
1036,446,1482,0.1134271143890533
1036,447,1483,0.11345703784417087
1029,451,1480,0.11348400491265373
1036,453,1489,0.11352520375204574
1030,458,1488,0.11354906577912692
1033,458,1491,0.1135868302021092
1039,460,1499,0.11361292651538353
1027,465,1492,0.1136232565397675
1026,469,1495,0.1136623786576801
1025,468,1493,0.11370007367949045
1019,465,1484,0.11373689479484274
1025,472,1497,0.11378399268481987
1026,466,1492,0.11381401895409222
1025,471,1496,0.11384178625686983
1030,473,1503,0.11387051571268003
1026,464,1490,0.11388296345722719
1023,464,1487,0.11390561767722279
1024,474,1498,0.11393139460980209
1030,476,1506,0.11395473850182604
1025,474,1499,0.11396173283851976
1021,477,1498,0.11398178914081093
1012,481,1493,0.11400854781527585
1013,480,1493,0.11405352550417124
1017,479,1496,0.11409141135724411
1021,477,1498,0.11411816964746507
1014,474,1488,0.11413493474908436
1016,478,1494,0.11416560586958713
1026,477,1503,0.11419029496732856
1032,474,1506,0.11418927604674646
1020,478,1498,0.1141749164907234
1024,486,1510,0.1141884694450019
1026,487,1513,0.11419466116913274
1016,483,1499,0.11419600397187069
1015,491,1506,0.11422095471222538
1013,485,1498,0.11424691079768595
1020,483,1503,0.1142749797234346
1003,491,1494,0.11428450099706974
1004,487,1491,0.1143309707418634
1012,494,1506,0.11437094786820622
1021,497,1518,0.11439089254940377
1015,496,1511,0.11438995044263783
1013,491,1504,0.11440315993747316
1011,495,1506,0.114420367869455
1007,490,1497,0.1144409846985242
1029,485,1514,0.11446783376963189
1031,484,1515,0.11444202102366599
1021,491,1512,0.11441514255137934
1012,488,1500,0.11441444432565252
1012,490,1502,0.11443508676070929
1015,493,1508,0.11445427305216342
1022,496,1518,0.11446424408960368
1010,494,1504,0.11445860365885889
1010,504,1514,0.11448192849114858
1017,503,1520,0.11450203734436414
1006,504,1510,0.11450512073773503
1006,502,1508,0.11453319282127249
993,490,1483,0.11456023285720594
989,508,1497,0.11461556988128722
997,501,1498,0.11467671505622849
1004,504,1508,0.11471418398145686
998,506,1504,0.11473175961101001
994,502,1496,0.1147622254221991
990,507,1497,0.11479883575538409
999,508,1507,0.11484139107119073
1003,514,1517,0.1148617095547082
987,511,1498,0.11487167855668791
984,513,1497,0.11491872276788635
975,513,1488,0.11496855504100527
973,513,1486,0.11503649106162371
972,516,1488,0.11510298175964184
974,521,1495,0.11516480030655536
976,521,1497,0.11521701965228814
979,518,1497,0.11525913770159417
988,521,1509,0.11529198011815098
995,516,1511,0.11530213622151395
992,517,1509,0.11529625265060364
995,518,1513,0.11529688150226129
996,514,1510,0.11529112381260599
997,508,1505,0.1152814802642779
998,506,1504,0.11527189189032289
984,505,1489,0.11526067734913462
989,500,1489,0.11528325121809474
997,497,1494,0.11529337707912936
997,502,1499,0.11528557846540313
991,502,1493,0.11527966571919747
994,502,1496,0.1152881679607412
995,502,1497,0.11528872222961101
993,501,1494,0.11528694909899262
996,509,1505,0.1152905194040696
1008,511,1519,0.11528766686099613
1001,502,1503,0.11525850926145279
988,507,1495,0.11524941102213275
982,514,1496,0.11527017517985946
984,521,1505,0.11530189857638277
980,523,1503,0.11532643367037371
969,522,1491,0.11536103072245604
981,515,1496,0.11541721433453167
982,523,1505,0.1154403544174926
977,525,1502,0.11545937104465243
967,529,1496,0.11548906699074198
971,524,1495,0.11554057005937338
965,523,1488,0.11557762846981763
962,521,1483,0.11562571208017902
974,527,1501,0.11567667396105474
964,519,1483,0.11569789226090833
972,524,1496,0.11573843115520313
972,524,1496,0.1157559211986646
974,523,1497,0.11577101420909877
979,518,1497,0.11578045071084159
967,520,1487,0.1157772952060975
951,526,1477,0.11580426396572546
949,529,1478,0.11586718443601374
960,539,1499,0.11593136363880951
973,532,1505,0.11596282763627266
976,531,1507,0.11596068360155383
965,539,1504,0.11595314311719901
968,539,1507,0.11597209691889625
959,534,1493,0.11598184737174404
945,542,1487,0.11601274722104148
956,538,1494,0.11607293413310323
948,532,1480,0.11610266704962743
941,532,1473,0.11615009377923496
951,540,1491,0.1162108220257886
962,539,1501,0.11624449518417966
971,546,1517,0.11624676975176004
968,547,1515,0.11623099355586657
969,543,1512,0.11622390075964027
957,540,1497,0.11621261285151928
969,535,1504,0.1162312170784234
971,527,1498,0.11622001352925353
953,533,1486,0.11620534815002138
950,539,1489,0.1162344066572432
958,546,1504,0.11626850859866945
953,554,1507,0.11628276862589818
953,541,1494,0.11630739879654842
960,537,1497,0.11633056722780231
957,543,1500,0.1163343951628793
961,543,1504,0.11634565568792599
965,549,1514,0.11634610388644698
954,559,1513,0.1163410637660074
949,558,1507,0.11636256331109425
949,558,1507,0.11639401384113075
940,561,1501,0.11642322986064584
944,555,1499,0.11646950862155407
944,560,1504,0.11650251362027951
945,559,1504,0.11653434340232666
943,557,1500,0.11656160471046227
940,557,1497,0.11659217461517207
947,563,1510,0.11662795621493367
937,561,1498,0.11664529474258778
930,564,1494,0.11668612384445971
935,572,1507,0.11674084727879191
949,565,1514,0.1167778386012241
945,563,1508,0.11678006526517537
945,561,1506,0.11679369836625629
942,564,1506,0.11680705330031518
941,563,1504,0.11682596770781821
942,562,1504,0.11684789719438729
935,562,1497,0.11686613467725014
943,575,1518,0.11690011087236157
938,577,1515,0.11691158364379113
935,564,1499,0.11693295366694283
930,567,1497,0.11695849553066694
934,564,1498,0.11699447041418484
935,559,1494,0.11701792343749712
937,561,1498,0.11703711489043636
938,562,1500,0.11704943512389157
955,553,1508,0.11705705986748782
952,552,1504,0.11702219776572732
950,550,1500,0.11699495202118396
955,559,1514,0.11697435769419184
959,557,1516,0.11694493444532963
957,547,1504,0.11690929350280754
946,556,1502,0.11688069426103775
944,561,1505,0.1168803547426061
936,569,1505,0.11688652359781339
941,563,1504,0.11691121685061766
936,564,1500,0.1169203390221919
940,569,1509,0.11694043989976428
942,565,1507,0.11695209320915549
937,567,1504,0.11695936645712067
927,567,1494,0.11697740545287157
932,569,1501,0.11701746821776364
930,572,1502,0.11704291471892131
941,571,1512,0.11707061169060509
943,569,1512,0.11707063296446168
948,566,1514,0.11706437426813249
949,570,1519,0.1170458908021665
936,570,1506,0.11702631576043604
928,567,1495,0.11704075539900125
932,564,1496,0.11707384002265969
941,559,1500,0.11709569780819368
931,563,1494,0.11709557464055749
928,568,1496,0.11711818624323694
933,565,1498,0.11714553181545256
936,576,1512,0.11716077245214233
935,574,1509,0.11716817321092968
940,577,1517,0.11717735008439682
928,565,1493,0.11717511912301024
925,576,1501,0.11720222646257726
909,585,1494,0.11723437702758162
915,589,1504,0.11729947587741191
919,588,1507,0.11734629262757842
918,585,1503,0.11738028650157173
918,581,1499,0.11741589016689044
913,590,1503,0.11744999659023563
915,587,1502,0.11749247534975264
910,585,1495,0.11752747486008197
913,591,1504,0.11757073951494311
910,593,1503,0.11760408943019797
899,589,1488,0.1176425552457406
907,596,1503,0.11770428880839859
910,592,1502,0.1177427818355892
915,596,1511,0.11777132958867256
909,598,1507,0.1177862000017937
915,595,1510,0.1178150455975933
918,594,1512,0.11782823883567409
913,600,1513,0.11783430576991934
904,592,1496,0.11785216177411162
900,593,1493,0.11788883935602573
908,597,1505,0.11793459048052476
908,602,1510,0.11795987220098166
905,599,1504,0.11798172661124127
906,594,1500,0.11800969776094755
903,591,1494,0.11803056626523692
901,600,1501,0.11805806420808895
880,606,1486,0.118089270879548
904,608,1512,0.11816344033676715
898,608,1506,0.11817628696219558
900,602,1502,0.11820107944421053
910,588,1498,0.11821959589940004
908,588,1496,0.11821522020907527
909,597,1506,0.11821609283750277
903,593,1496,0.1182134374717353
903,606,1509,0.11822578398942142
895,610,1505,0.11823742140581156
904,618,1522,0.11826754936048246
909,607,1516,0.1182759128733318
900,596,1496,0.11827175469479434
896,608,1504,0.11829058621634946
905,603,1508,0.11831829091612037
905,605,1510,0.11832256059227526
906,610,1516,0.11832745056913473
895,617,1512,0.11832946043441937
904,617,1521,0.1183560262036999
903,611,1514,0.1183590839669888
898,624,1522,0.11836533988508488
896,621,1517,0.1183830268564516
891,624,1515,0.1184029300000815
892,619,1511,0.1184340809363728
890,616,1506,0.11846101318687588
888,615,1503,0.11849276797341467
886,625,1511,0.11852807955711907
882,631,1513,0.11856705313333206
877,625,1502,0.11861432229802354
873,622,1495,0.11867153806713944
864,632,1496,0.11873300234510392
865,629,1494,0.11881077623165621
867,621,1488,0.11887901081514113
871,620,1491,0.118939511612521
871,633,1504,0.11898318036302963
857,637,1494,0.11902652501392524
858,635,1493,0.11910117466329577
852,640,1492,0.11916802402446024
859,634,1493,0.11924167472225973
859,639,1498,0.11929123638282457
863,631,1494,0.119336884849887
849,635,1484,0.11936816710398009
852,633,1485,0.11942980409179167
852,635,1487,0.11947991257703167
854,643,1497,0.11952610197593919
851,634,1485,0.11956600813876324
849,644,1493,0.11960816529889882
857,650,1507,0.11965235758391117
855,643,1498,0.11967391147229577
851,647,1498,0.11969880954812656
846,639,1485,0.11973130449994333
843,643,1486,0.11977216154908547
848,636,1484,0.11982046066927893
857,639,1496,0.11985259097144031
858,640,1498,0.1198592978594024
851,653,1504,0.1198643198368617
844,643,1487,0.11988766447623035
850,641,1491,0.11992685969908003
846,641,1487,0.11994906419814359
859,644,1503,0.11998040025175856
864,641,1505,0.11997752380622179
859,640,1499,0.11996281312766272
845,635,1480,0.11996444687059325
859,641,1500,0.11999836021600829
851,638,1489,0.11999357620469286
857,647,1504,0.12000681434204732
848,647,1495,0.12000436805916191
857,652,1509,0.12002419435100958
849,652,1501,0.12002183859668371
854,640,1494,0.12003834418259685
851,642,1493,0.12004062807538661
847,647,1494,0.12004895551639276
861,646,1507,0.12006708933582487
851,651,1502,0.12005096965261859
841,652,1493,0.12005833356006278
843,654,1497,0.12008916797131296
844,651,1495,0.12011640774095972
841,656,1497,0.12013994668518654
843,656,1499,0.12016973774045775
836,669,1505,0.12019332194380515
836,665,1501,0.1202317508122423
838,656,1494,0.12026919448746391
843,652,1495,0.12029930828953385
839,646,1485,0.12031411067892009
844,648,1492,0.12033612968970285
848,645,1493,0.12034287008448277
854,642,1496,0.12034036436057029
850,640,1490,0.12032437199202056
864,637,1501,0.12032086444938064
855,634,1489,0.1202854712981413
861,637,1498,0.1202726137285962
863,643,1506,0.12024471987377813
872,645,1517,0.12021703335872357
865,648,1513,0.12016939930302545
864,649,1513,0.12014157544735732
873,649,1522,0.1201170508494423
871,645,1516,0.12007439611511128
849,638,1487,0.12004005872666049
863,639,1502,0.12006044742713323
862,644,1506,0.12004461767574376
849,636,1485,0.1200321972087775
855,641,1496,0.12005363803398271
861,652,1513,0.12006081611747677
862,645,1507,0.12005340867646043
856,644,1500,0.12004456109818186
856,653,1509,0.1200486644983362
850,653,1503,0.12005418247373215
854,656,1510,0.1200712375634655
854,656,1510,0.12007925606095479
835,658,1493,0.12008938229361679
831,661,1492,0.12014549139550709
835,663,1498,0.12020691861194473
836,668,1504,0.12025384609138765
831,667,1498,0.12029634208231708
827,661,1488,0.12034834992163913
835,661,1496,0.12040615121818336
834,669,1503,0.12044275803813871
830,678,1508,0.12048026686766036
823,685,1508,0.12052641558674246
831,680,1511,0.12058547650237408
833,683,1516,0.1206220469665742
825,682,1507,0.1206513860091609
823,677,1500,0.12069746931115916
822,673,1495,0.12074557892286723
826,678,1504,0.1207912557834661
826,685,1511,0.12082744309893062
831,677,1508,0.12086024024603083
825,678,1503,0.12087814309846914
822,681,1503,0.12091068950422962
829,681,1510,0.1209464902677339
829,682,1511,0.12096260835073255
829,679,1508,0.12097528349828553
822,674,1496,0.12099160322885502
823,683,1506,0.12102506100153013
821,685,1506,0.12105209275964203
828,689,1517,0.12108223374222833
827,687,1514,0.12109260778999056
826,688,1514,0.12110255054417167
827,674,1501,0.12111370564421405
817,681,1498,0.1211218349545118
822,685,1507,0.12115613768587591
822,688,1510,0.12117778320697177
809,694,1503,0.12119817137857027
809,694,1503,0.12124876566193617
807,696,1503,0.12129372031104527
807,691,1498,0.12133901203903891
799,696,1495,0.12138210702466058
798,696,1494,0.12143948622226997
798,695,1493,0.12149619367748053
802,679,1481,0.12154802316409113
808,683,1491,0.12158665521742723
811,688,1499,0.1216083323544445
806,695,1501,0.12162205658909485
807,697,1504,0.12164674367341434
817,698,1515,0.12166726072654103
800,696,1496,0.12166173625495086
812,693,1505,0.12169703914691722
822,695,1517,0.1217041507797796
822,693,1515,0.12168839966098778
817,694,1511,0.12167584415615612
827,692,1519,0.12167605892654018
817,683,1500,0.12165071455289812
812,685,1497,0.12165151494975099
817,686,1503,0.12166615470459895
816,687,1503,0.12167042582518661
814,689,1503,0.12167912549286637
806,687,1493,0.12169019295917176
800,680,1480,0.12171850923520078
790,694,1484,0.12175809908135764
795,711,1506,0.12182160824018745
796,710,1506,0.12186852544420987
791,710,1501,0.12190932144246946
794,712,1506,0.12195675856212145
805,709,1514,0.12199211555702771
800,705,1505,0.12199852393020465
800,706,1506,0.12201616228597817
804,710,1514,0.1220331473433638
806,710,1516,0.12203859416688109
796,703,1499,0.12203786438800628
795,709,1504,0.12206019113554924
790,694,1484,0.12208379610623118
785,693,1478,0.1221194859342585
797,704,1501,0.12216336193222245
789,710,1499,0.12217540867493394
781,712,1493,0.1222042437812659
789,713,1502,0.12225066378284742
789,718,1507,0.12227455940433447
789,714,1503,0.12229725501229166
797,719,1516,0.12232218756224673
789,718,1507,0.12232655115686551
795,722,1517,0.1223503035710214
799,708,1507,0.12235812297511263
797,698,1495,0.12235674372244358
794,709,1503,0.1223622317948194
791,710,1501,0.12237391571692992
793,710,1503,0.12239309363455458
783,710,1493,0.1224044885182741
787,719,1506,0.12244212519522339
779,712,1491,0.12246794793437463
791,719,1510,0.12250868110745781
797,712,1509,0.12251980782141766
799,712,1511,0.12251678785696613
793,726,1519,0.12250837684785373
786,713,1499,0.12251443177843523
792,719,1511,0.1225364426195635
790,723,1513,0.12254463037630202
787,729,1516,0.12255724840227344
786,730,1516,0.1225756980121902
773,738,1511,0.12259368101980563
775,730,1505,0.12264476960261218
774,727,1501,0.12268589628701171
788,723,1511,0.12272738978215816
788,720,1508,0.12273272945317518
773,717,1490,0.12273719156760002
771,710,1481,0.12277567794907097
770,709,1479,0.12281466940561298
774,717,1491,0.1228528792305034
787,734,1521,0.12287735501704425
793,738,1531,0.12286934197169415
787,729,1516,0.12284943686996908
774,728,1502,0.1228452970291935
770,722,1492,0.1228731959577828
771,722,1493,0.1229087180691893
757,732,1489,0.12293884602712232
762,745,1507,0.12300127905199969
769,747,1516,0.12304541754324377
765,745,1510,0.1230716606661183
774,749,1523,0.12310709792075926
767,746,1513,0.12311809480293397
767,755,1522,0.12314595327391906
760,749,1509,0.12317178263063969
763,739,1502,0.12321249559679993
757,747,1504,0.12324492232177535
753,744,1497,0.12329118366069468
750,738,1488,0.12334341686841391
753,743,1496,0.12339705371143139
760,740,1500,0.12344269999051505
755,749,1504,0.12346919147763963
746,752,1498,0.12350575837463416
753,755,1508,0.12356103939549477
751,747,1498,0.12359618662172135
748,740,1488,0.12363381717892455
743,747,1490,0.12367553532149754
742,750,1492,0.12372511320655956
748,755,1503,0.12377335598269684
740,761,1501,0.12380283997315857
741,757,1498,0.12384917365849031
733,762,1495,0.12389187054860454
734,768,1502,0.12395058364013539
742,760,1502,0.12400213406046849
748,761,1509,0.12403236545498351
747,769,1516,0.12404426054593432
746,763,1509,0.12405596748837049
743,767,1510,0.12406946007685672
736,762,1498,0.12408912133631272
736,766,1502,0.12412518058144681
737,766,1503,0.12415843344983861
736,769,1505,0.12418694144807292
737,772,1509,0.1242176323150103
737,772,1509,0.12424277668970841
728,773,1501,0.12426741026573943
723,775,1498,0.12431134455298505
730,766,1496,0.12436189770031017
737,765,1502,0.12438971768073656
741,760,1501,0.12439826868747719
744,759,1503,0.12439693523689649
757,759,1516,0.12438898538189008
749,768,1517,0.12435013974635073
751,760,1511,0.12433264319008525
752,764,1516,0.124311478653264
741,769,1510,0.12428871474324996
735,771,1506,0.12429451895491375
734,777,1511,0.12431668439140324
731,777,1508,0.12434086225818053
725,789,1514,0.12437240486262485
714,787,1501,0.12441483172565164
712,782,1494,0.12448073179292589
715,777,1492,0.12454552436449466
721,773,1494,0.1245960062840396
722,781,1503,0.12462892884269273
720,772,1492,0.12465739742796852
729,781,1510,0.12468791103035444
739,784,1523,0.12469346432708268
736,778,1514,0.12467637294819171
726,778,1504,0.12466903057892192
729,786,1515,0.12468606717923855
734,784,1518,0.12469573759560008
735,792,1527,0.12469299916973275
741,785,1526,0.12468967478965881
726,776,1502,0.12467267711633877
727,770,1497,0.12469157472445445
718,774,1492,0.12470630508146918
718,773,1491,0.12474134776733621
716,778,1494,0.12477558558543475
721,770,1491,0.12481284139871977
717,778,1495,0.12483492344692024
719,789,1508,0.12486689195857964
710,797,1507,0.1248905032203626
724,795,1519,0.12493466799624058
719,786,1505,0.12494370075172664
721,783,1504,0.12496451663412078
726,798,1524,0.12497848152969922
721,798,1519,0.12497954650990692
717,788,1505,0.12499260037190363
713,793,1506,0.1250149989327911
702,799,1501,0.12504407458439762
711,792,1503,0.1250990157160148
706,789,1495,0.12512686716793184
710,781,1491,0.12516434091358786
711,789,1500,0.12519092189628003
717,787,1504,0.12521274296761528
714,797,1511,0.1252200578126343
704,800,1504,0.12523382227062968
696,796,1492,0.125269802805566
707,806,1513,0.1253230636645094
704,801,1505,0.1253462213220507
698,809,1507,0.12537496313747115
709,809,1518,0.12541575919759343
699,804,1503,0.1254292008758237
701,805,1506,0.12546660646228305
692,814,1506,0.1254929330121036
700,797,1497,0.12553822545876525
711,800,1511,0.1255626717620617
697,795,1492,0.12555820877071455
699,810,1509,0.1255884359594571
700,809,1509,0.1256118631511841
688,809,1497,0.12563416279772402
691,814,1505,0.12568262783420045
703,810,1513,0.12571835352171637
698,802,1500,0.12572317729798232
698,800,1498,0.12573914242034262
694,802,1496,0.12575376670872834
695,792,1487,0.1257777770619639
700,789,1489,0.1258000482971754
701,794,1495,0.12580966752168632
708,801,1509,0.12581643342526827
707,804,1511,0.12580481107627917
706,808,1514,0.12579564294866746
699,808,1507,0.12578919120253826
710,814,1524,0.12580006099557597
703,815,1518,0.12578395651151386
702,808,1510,0.12578529788274134
704,799,1503,0.1257907921222473
700,804,1504,0.12579123536296663
689,793,1482,0.12580042846214076
688,798,1486,0.12583467963602715
688,792,1480,0.1258690948311064
684,810,1494,0.1259011311620501
684,810,1494,0.1259426421696015
685,799,1484,0.12598099401016388
682,801,1483,0.12601475229790995
691,809,1500,0.1260528032141788
704,810,1514,0.12606757710984046
699,816,1515,0.1260488254433912
700,828,1528,0.1260430602134566
689,822,1511,0.1260336220998562
693,822,1515,0.12605312600879082
689,817,1506,0.12605871076576886
691,820,1511,0.12607644252093725
688,818,1506,0.12608834335010957
687,822,1509,0.12610555565087986
680,813,1493,0.12612552422082335
679,805,1484,0.12616170504374025
689,814,1503,0.12619642451829582
689,816,1505,0.12620615087837653
685,817,1502,0.12621637428490312
692,825,1517,0.12623411262296103
696,827,1523,0.12623263277695096
696,827,1523,0.12622247449409454
685,827,1512,0.12621248053829112
678,821,1499,0.12623043177250853
679,820,1499,0.12626435456884663
670,819,1489,0.12629535561924943
672,834,1506,0.12634570576796725
675,838,1513,0.1263882552339345
670,832,1502,0.12642217769186787
673,836,1509,0.12646556470612122
670,838,1508,0.12650100436901907
672,841,1513,0.1265400332237829
672,841,1513,0.12657117380968888
671,835,1506,0.12660125232655836
666,830,1496,0.12663155637850643
666,833,1499,0.12667274201191908
672,842,1514,0.12671196482481445
673,843,1516,0.1267346203274858
668,839,1507,0.12675170281928266
667,847,1514,0.12678049584169737
664,844,1508,0.12680992301292654
654,834,1488,0.12684562222200246
654,834,1488,0.12690272444879938
654,844,1498,0.12695638629267272
656,835,1491,0.1270050013968168
667,833,1500,0.1270461226764671
662,848,1510,0.12705794523539132
667,855,1522,0.12708174409968012
667,853,1520,0.12709007099359781
665,848,1513,0.12709859428438378
657,836,1493,0.1271123687836459
655,843,1498,0.1271449139385981
646,845,1491,0.12718020588829368
647,859,1506,0.1272358445510337
652,857,1509,0.12728471374458694
651,867,1518,0.1273196143564993
653,857,1510,0.12735651437754533
650,860,1510,0.12738500098711
642,861,1503,0.12741726317909788
646,861,1507,0.1274663058776255
646,856,1502,0.12750098349224492
643,863,1506,0.12753402578793227
640,866,1506,0.12757493948681237
642,865,1507,0.12762314945907005
640,864,1504,0.12766111504088276
635,872,1507,0.12770143313308405
637,868,1505,0.12775143287196358
625,875,1500,0.12779376751718302
632,872,1504,0.1278627629079934
631,866,1497,0.1279101405774643
626,885,1511,0.1279573630684368
629,878,1507,0.12801398240708223
626,871,1497,0.12805930474136334
639,871,1510,0.12810876651680797
632,864,1496,0.1281240541763969
638,866,1504,0.12815705928895554
631,870,1501,0.12817340599629523
638,866,1504,0.12820441278675082
634,870,1504,0.1282155018953265
640,869,1509,0.12823641143628203
633,871,1504,0.1282427694002125
626,886,1512,0.12826605022059365
614,882,1496,0.128304261238231
619,871,1490,0.12836927199724207
619,878,1497,0.128417548008581
613,886,1499,0.1284611394505302
613,899,1512,0.1285156188388451
604,897,1501,0.12856627892106956
607,895,1502,0.12863765366226956
607,901,1508,0.1286977731239009
611,898,1509,0.12875425093317758
605,906,1511,0.12879827171479896
602,904,1506,0.12885398293919612
597,915,1512,0.1289134409667929
599,912,1511,0.12898074770680895
594,912,1506,0.12903770853556787
592,915,1507,0.12910278501376588
593,919,1512,0.12916693886408998
588,919,1507,0.12922443797673877
590,918,1508,0.12929095109812455
589,911,1500,0.1293486673772394
598,928,1526,0.12940477331881328
594,922,1516,0.12943528855585307
593,926,1519,0.12947381823507104
584,927,1511,0.12951328152091113
585,932,1517,0.12957041749572215
583,926,1509,0.12961975461536462
584,917,1501,0.12967097104404834
579,915,1494,0.12971547732835853
589,918,1507,0.12976913872876217
593,913,1506,0.129794674617089
582,917,1499,0.12980809789977388
577,918,1495,0.12984828135195006
583,922,1505,0.12989568980734043
574,923,1497,0.12992405680994054
575,920,1495,0.1299736142486068
583,926,1509,0.13001904822394678
582,921,1503,0.1300400899183808
582,930,1512,0.13006247669589763
581,924,1505,0.13008232278287576
578,931,1509,0.13010396130105253
578,934,1512,0.13013178265895445
578,929,1507,0.13015815151129126
581,926,1507,0.13018191322072317
585,927,1512,0.1301975421251887
586,926,1512,0.13020142561223774
589,918,1507,0.13020363283372124
587,928,1515,0.1301954899641685
580,945,1525,0.13019275510520736
577,939,1516,0.13020682165415326
579,923,1502,0.1302276275688869
582,923,1505,0.13023975463641932
579,925,1504,0.13024426226319366
578,927,1505,0.13025584907776797
578,927,1505,0.1302699814810798
577,931,1508,0.1302849128194844
577,924,1501,0.1303024128879703
578,922,1500,0.13031733901616685
569,929,1498,0.13033038748334738
571,927,1498,0.13036467038910032
569,925,1494,0.1303912405811191
569,926,1495,0.13042028853506174
562,933,1495,0.13044788976255198
570,935,1505,0.13049156024422642
571,930,1501,0.13051187020140975
577,938,1515,0.13052743898127
568,931,1499,0.1305275725200038
564,929,1493,0.13054989403527661
570,933,1503,0.13058022473082181
573,927,1500,0.1305945274853423
577,933,1510,0.13060289294510663
566,934,1500,0.13060011823266224
567,937,1504,0.1306232594524613
566,933,1499,0.13064285907699894
563,934,1497,0.13066325744253376
556,931,1487,0.13068910463205877
561,940,1501,0.13073033350845953
560,947,1507,0.13075734888809887
555,952,1507,0.13078434664029295
560,944,1504,0.13082113861603298
564,942,1506,0.1308434378460607
559,946,1505,0.13085466379295652
560,939,1499,0.13087620670940592
565,936,1501,0.13089292996474344
567,929,1496,0.13089754594947206
564,942,1506,0.13089775684438926
568,942,1510,0.13090630973282777
561,931,1492,0.13090449680996838
568,931,1499,0.13091973289221392
568,928,1496,0.13091628921797746
565,933,1498,0.13091246049129204
566,929,1495,0.13091612425033397
572,932,1504,0.1309164152764869
563,942,1505,0.1309020272141932
563,934,1497,0.1309095698239402
572,943,1515,0.13091774360071992
571,940,1511,0.13090261230852251
571,944,1515,0.13089142464573592
569,948,1517,0.1308812659126705
573,937,1510,0.13087527495722157
573,933,1506,0.13086087308814015
574,938,1512,0.130847651831474
578,924,1502,0.13083246065386075
590,923,1513,0.13081032162824868
577,937,1514,0.13076076449419716
574,947,1521,0.130747051387752
573,947,1520,0.1307421071917933
567,948,1515,0.1307407487956997
566,937,1503,0.13075568356932823
563,935,1498,0.13077177307468787
569,950,1519,0.13079352950083545
570,954,1524,0.13079937683631954
569,963,1532,0.13080407880822797
572,950,1522,0.13081160772531755
567,958,1525,0.13081102136052308
564,955,1519,0.13082177370791123
567,952,1519,0.13083951517612066
557,938,1495,0.13084812494990794
558,937,1495,0.13088013934552906
563,947,1510,0.130907361480676
563,950,1513,0.130920809199855
559,941,1500,0.13093285515631917
560,946,1506,0.13095399599215166
568,950,1518,0.13096965024768217
563,935,1498,0.13096521923009924
556,953,1509,0.13097498066204202
549,948,1497,0.13100023741583364
548,959,1507,0.1310393685346406
550,974,1524,0.13107860149372624
552,969,1521,0.13111098016661735
548,969,1517,0.1311356447285736
553,968,1521,0.1311669036234757
548,966,1514,0.13118418609247623
546,966,1512,0.13121360172770735
547,967,1514,0.13124511028894667
545,962,1507,0.1312735030359103
541,960,1501,0.1313058067803013
542,965,1507,0.13134613814365426
542,975,1517,0.13138136283106708
538,969,1507,0.1314146138363841
533,978,1511,0.13145712848445393
529,978,1507,0.13150730154774376
529,985,1514,0.13156195959666597
531,981,1512,0.13161223983410925
539,971,1510,0.1316534529677612
548,970,1518,0.13167258026117765
545,966,1511,0.1316697918491433
541,973,1514,0.13167528575625698
548,971,1519,0.1316897140014889
547,972,1519,0.1316849817667292
546,977,1523,0.13168173724971347
543,974,1517,0.13168086410538524
538,961,1499,0.13168684847331144
543,963,1506,0.13170380080485797
545,963,1508,0.1317067466703206
544,966,1510,0.13170336484794987
547,961,1508,0.1317031709820981
551,960,1511,0.13169517127785565
542,960,1502,0.131678900289103
539,961,1500,0.13168559794219803
542,961,1503,0.1316981744346903
544,963,1507,0.1317023069600989
539,970,1509,0.1317006369586581
534,963,1497,0.1317107411659897
540,970,1510,0.1317320239064549
535,957,1492,0.13173861652053265
537,961,1498,0.13175678301897256
530,963,1493,0.1317677297775935
528,974,1502,0.1317946587679012
533,977,1510,0.1318241508539167
531,972,1503,0.13183982000196415
535,982,1517,0.13185854838816533
540,966,1506,0.13186788971347588
536,967,1503,0.1318657400862923
534,963,1497,0.13187525195127098
537,971,1508,0.131890131920367
530,972,1502,0.13189674596677714
536,978,1514,0.13191914836081292
535,979,1514,0.13192523899991607
530,978,1508,0.13193374782994727
530,983,1513,0.13195439045218307
540,980,1520,0.13197450809222105
542,981,1523,0.13196774245715892
542,966,1508,0.1319580109834276
532,966,1498,0.13194936396398965
535,966,1501,0.1319655554434444
531,970,1501,0.13197204333832135
529,970,1499,0.1319885666090327
520,971,1491,0.13200818280700935
524,972,1496,0.13204751882744703
531,970,1501,0.1320735868454339
535,968,1503,0.1320802865308575
536,969,1505,0.13207678677299875
544,972,1516,0.1320713833672973
531,967,1498,0.13204668622372148
529,976,1505,0.13205625853761224
530,979,1509,0.13206922646890376
520,984,1504,0.1320794053447441
516,987,1503,0.1321135369352672
506,977,1483,0.13215427342078734
512,981,1493,0.1322157206146527
515,973,1488,0.13225827586756175
510,998,1508,0.1322915287354167
515,1002,1517,0.13233439168654934
514,996,1510,0.13236215248330704
519,996,1515,0.13239080746354323
523,996,1519,0.13240490847026254
522,995,1517,0.1324090703531592
521,987,1508,0.13241416532535893
525,988,1513,0.132420822984919
521,986,1507,0.1324165132728764
523,990,1513,0.13242432165608306
520,994,1514,0.13242647914599623
524,993,1517,0.13243496538922364
524,990,1514,0.13243345428081452
517,996,1513,0.1324321296453359
516,996,1512,0.13244895553653005
514,989,1503,0.13246626882090126
506,988,1494,0.13248853637660493
510,991,1501,0.1325274689706605
506,990,1496,0.13255477586331704
501,1000,1501,0.13258911847113702
505,1007,1512,0.1326341438216946
510,1006,1516,0.13266669452078095
507,1008,1515,0.1326834068701646
508,996,1504,0.13270659435139948
508,999,1507,0.13272429751722853
509,1006,1515,0.13273944215743863
512,1006,1518,0.13275164401610445
504,1001,1505,0.13275548579922597
498,1015,1513,0.13277884237189666
501,1007,1508,0.1328149384244931
498,1008,1506,0.13283989959631345
488,1010,1498,0.13286980189318306
490,1008,1498,0.1329222002240174
495,1016,1511,0.13296597442674254
489,1011,1500,0.13299573135804948
497,1012,1509,0.13303950158295436
497,1010,1507,0.1330612644758208
497,1019,1516,0.1330832345998854
504,1006,1510,0.1331034729650093
501,1000,1501,0.13310314639352827
506,995,1501,0.13311104814031427
501,997,1498,0.13310535801643014
508,1000,1508,0.13311219079642955
508,1008,1516,0.1331012976140446
498,1020,1518,0.13309150971273112
496,1027,1523,0.13310709757150202
491,1024,1515,0.13312670202719726
483,1015,1498,0.1331561912207888
478,1019,1497,0.13320413791670435
483,1030,1513,0.1332620378021365
484,1031,1515,0.13330294281500465
484,1040,1524,0.13333809149105058
477,1033,1510,0.133369921643156
481,1033,1514,0.1334165704188532
477,1040,1517,0.13344939498451006
480,1034,1514,0.13348972449915478
475,1027,1502,0.1335195162927595
468,1033,1501,0.13355999172048913
469,1019,1488,0.1336137301955149
473,1022,1495,0.13366107285244122
473,1025,1498,0.13369386030682534
475,1034,1509,0.1337241373104953
474,1034,1508,0.1337468894813984
471,1046,1517,0.133769749731947
472,1049,1521,0.13379824002054772
467,1050,1517,0.13382224091248163
470,1039,1509,0.13385678960102415
474,1035,1509,0.1338807549233478
469,1049,1518,0.1338942355933507
460,1033,1493,0.1339185744844268
464,1030,1494,0.13396304228046207
466,1031,1497,0.13399422697032162
465,1039,1504,0.13401883507788134
471,1043,1514,0.13404369396174667
468,1044,1512,0.1340526347720047
470,1040,1510,0.1340674627290267
466,1039,1505,0.1340763335825815
467,1044,1511,0.13409356196740543
472,1047,1519,0.13410652424668215
467,1047,1514,0.13410614598495385
468,1037,1505,0.13411697900355288
474,1030,1504,0.1341230065347468
475,1024,1499,0.13411293188581253
464,1034,1498,0.13410150846962415
466,1052,1518,0.13411807041027377
469,1043,1512,0.13412879179775483
461,1051,1512,0.13413181896778942
459,1043,1502,0.1341553119378008
451,1041,1492,0.13418158239822356
450,1053,1503,0.13422709407581543
453,1054,1507,0.13427238855911885
455,1051,1506,0.13430657080255912
452,1044,1496,0.1343316898484002
453,1041,1494,0.1343625694688729
461,1041,1502,0.13438971778860018
455,1054,1509,0.13439502105406947
449,1062,1511,0.13441503501419996
445,1060,1505,0.13444814227365587
447,1061,1508,0.1344895779073266
443,1068,1511,0.13452325936895954
441,1075,1516,0.1345649263314078
438,1070,1508,0.13460868954613364
439,1083,1522,0.1346578076090523
442,1073,1515,0.13470147517697711
443,1072,1515,0.13473267568838404
434,1077,1511,0.13475940129712619
429,1087,1516,0.13480858121310862
425,1082,1507,0.13486685245198338
420,1090,1510,0.13493101506897714
419,1087,1506,0.13500387789928234
419,1082,1501,0.13507319728002634
415,1089,1504,0.1351381124200549
407,1093,1500,0.13520805130262226
407,1101,1508,0.13529295705868136
407,1103,1510,0.13537195404435715
396,1111,1507,0.13544627378359314
398,1108,1506,0.13554290986084955
405,1115,1520,0.1356282869788389
402,1122,1524,0.13568899254102298
400,1114,1514,0.1357527222883326
392,1108,1500,0.1358170035779262
385,1112,1497,0.13589544533521544
395,1108,1503,0.13598544935787518
398,1110,1508,0.13604323353464953
405,1109,1514,0.13608946840082586
411,1102,1513,0.1361147863910355
409,1104,1513,0.13612218308838714
403,1090,1493,0.13613468859090305
398,1101,1499,0.13616143914529175
399,1100,1499,0.1361996717425101
396,1105,1501,0.1362322757338155
388,1107,1495,0.1362696395396961
395,1110,1505,0.13632394648253227
397,1106,1503,0.1363563802010231
400,1116,1516,0.13638104466005538
396,1126,1522,0.13639621750368128
402,1123,1525,0.13642089209224476
403,1122,1525,0.13642777066424888
404,1112,1516,0.13643170980193312
410,1118,1528,0.1364315595404731
412,1121,1533,0.1364161647078322
406,1122,1528,0.13639607992089114
401,1119,1520,0.13639295847236954
400,1116,1516,0.13640355498931045
396,1124,1520,0.13641553582826177
394,1125,1519,0.13643625450592078
384,1127,1511,0.13646087530554687
382,1131,1513,0.13651157232607183
375,1140,1515,0.13656303181029006
371,1149,1520,0.1366280730042165
370,1155,1525,0.13669847664250068
370,1156,1526,0.1367663886053216
369,1149,1518,0.13683013830122603
372,1144,1516,0.1368910941886746
369,1149,1518,0.13693972599948573
367,1140,1507,0.1369925654479702
371,1130,1501,0.13704701091188784
372,1136,1508,0.13708796223083186
373,1136,1509,0.13712355110123522
371,1136,1507,0.13715396698256233
371,1133,1504,0.13718579308098725
368,1142,1510,0.13721569545101686
376,1146,1522,0.13725100657816425
374,1139,1513,0.13726329534931236
372,1148,1520,0.1372812169188533
371,1157,1528,0.13730324383246859
363,1153,1516,0.1373264711689176
366,1159,1525,0.1373685895170989
363,1148,1511,0.13739943483623626
362,1162,1524,0.13743586538145616
359,1164,1523,0.13747254343251553
363,1160,1523,0.13751385260425736
362,1160,1522,0.13754255043734528
353,1159,1512,0.1375713418831844
351,1165,1516,0.1376224479500639
349,1163,1512,0.13767540271204337
350,1173,1523,0.13772982689092714
350,1181,1531,0.13777781813877968
344,1174,1518,0.13782267286382882
346,1174,1520,0.13787994378980004
348,1179,1527,0.13792716826461546
349,1184,1533,0.13796528534735963
346,1185,1531,0.13799782356683565
342,1185,1527,0.13803698080718865
346,1190,1536,0.13808366608721348
340,1184,1524,0.1381167919294112
339,1192,1531,0.138163683698515
337,1177,1514,0.1382093046401065
334,1183,1517,0.13825647788780465
338,1182,1520,0.13830770794216093
334,1186,1520,0.13834577054350994
340,1192,1532,0.13839297189109856
339,1174,1513,0.1384221304875338
341,1171,1512,0.13845096137632967
335,1170,1505,0.13847279154951983
331,1172,1503,0.13850848718892025
332,1162,1494,0.1385529090492074
334,1185,1519,0.1385924555574505
331,1193,1524,0.13862427186289333
334,1186,1520,0.1386626448834195
329,1184,1513,0.1386902581753315
329,1189,1518,0.13872921109920994
324,1180,1504,0.13876522227734875
321,1180,1501,0.13881187768449776
323,1190,1513,0.13886290472236776
319,1194,1513,0.13890513026337264
317,1194,1511,0.13895459889076658
317,1188,1505,0.1390050184744841
323,1184,1507,0.1390510447542855
320,1176,1496,0.13907811536571446
314,1172,1486,0.13911052107844374
316,1185,1501,0.13915578100250453
313,1191,1504,0.13919275326572186
313,1187,1500,0.13923503435167894
306,1173,1479,0.13927463281929853
306,1187,1493,0.1393299807028666
304,1164,1468,0.13938173674619947
303,1176,1479,0.13943419507991975
310,1188,1498,0.13948613469844703
315,1187,1502,0.13951627279078518
321,1197,1518,0.13953179408684704
316,1194,1510,0.1395308426242319
317,1189,1506,0.13954336557038793
318,1187,1505,0.1395518349670328
317,1195,1512,0.1395579260171991
321,1194,1515,0.13956584603611394
321,1206,1527,0.13956214027853453
322,1204,1526,0.13955867145357678
324,1201,1525,0.13955235675455033
318,1192,1510,0.13954154534484448
316,1195,1511,0.1395474964020979
316,1189,1505,0.13955848016130112
317,1186,1503,0.139568575622325
317,1187,1504,0.13957541480431163
318,1190,1508,0.139582567265361
321,1198,1519,0.139586633411232
315,1202,1517,0.13958173018706727
314,1199,1513,0.1395938690856931
314,1193,1507,0.13960766499444094
313,1192,1505,0.1396216893218609
310,1193,1503,0.13963926785183792
309,1205,1514,0.1396639387696266
316,1191,1507,0.1396890052655123
312,1201,1513,0.139694139312079
313,1207,1520,0.13971022884890927
314,1198,1512,0.13972193040539374
312,1192,1504,0.13973034247417854
313,1184,1497,0.1397444318654114
308,1193,1501,0.13975316890896736
304,1204,1508,0.13977547449475036
304,1191,1495,0.13980777101791095
304,1196,1500,0.13983810185243645
301,1206,1507,0.13986682128023437
302,1198,1500,0.1399010089115968
299,1203,1502,0.13992888896541358
298,1210,1508,0.13996287561757778
301,1217,1518,0.13999755571323771
296,1216,1512,0.14002208712858086
298,1214,1512,0.14005864394913736
298,1219,1517,0.1400878680736497
298,1212,1510,0.1401161830008081
295,1212,1507,0.14014359711644883
296,1211,1507,0.14017802206684468
293,1215,1508,0.14020823383352765
290,1218,1508,0.14024607148163465
286,1232,1518,0.1402899876781537
291,1239,1530,0.14034175594362863
292,1229,1521,0.14037627001709035
289,1218,1507,0.140406597817699
281,1229,1510,0.14044224508185763
276,1238,1514,0.14049830271188862
279,1239,1518,0.14056341660779442
278,1231,1509,0.1406170753786042
275,1239,1514,0.14066929551395715
276,1243,1519,0.14072590121075199
278,1238,1516,0.14077483688685188
278,1238,1516,0.14081539870903462
271,1239,1510,0.14085371004777214
277,1233,1510,0.14090830612133845
276,1235,1511,0.14094231992961548
275,1234,1509,0.1409772046804573
274,1251,1525,0.14101179166214572
271,1260,1531,0.14104758294424977
275,1243,1518,0.1410891800560116
276,1242,1518,0.14111728355207767
277,1233,1510,0.14114053265119172
273,1231,1504,0.1411583908901944
273,1241,1514,0.14118553507052836
278,1233,1511,0.14121030589859523
274,1243,1517,0.14122002106887713
279,1245,1524,0.14124093619760228
278,1236,1514,0.1412465131693661
280,1239,1519,0.1412541279800542
280,1236,1516,0.1412563387426814
276,1249,1525,0.14125780990708178
275,1243,1518,0.1412700280827889
275,1251,1526,0.14128441350298973
270,1259,1529,0.14129785310894444
273,1250,1523,0.14132436688036681
268,1235,1503,0.14134045061327488
267,1249,1516,0.14136786918141467
266,1237,1503,0.14139665825554792
262,1233,1495,0.14142659570743332
267,1236,1503,0.14146481562050212
270,1234,1504,0.14148685043235346
270,1250,1520,0.14149965362161987
278,1242,1520,0.14151138360774118
276,1243,1519,0.141499757106471
275,1249,1524,0.14149589140915853
275,1252,1527,0.14149551254757006
274,1242,1516,0.141495845809388
268,1239,1507,0.1414982688334823
274,1235,1509,0.14151739500275165
277,1238,1515,0.14151901428271688
267,1235,1502,0.14151265633603857
267,1238,1505,0.14153482177232227
261,1244,1505,0.14155465964462385
260,1261,1521,0.14159083111423343
259,1259,1518,0.14162715619959407
255,1254,1509,0.14166409106100541
248,1266,1514,0.14170901710075934
250,1254,1504,0.14177055079516074
258,1254,1512,0.14182249993340068
254,1241,1495,0.14184827722266502
249,1244,1493,0.14188337477872512
243,1244,1487,0.1419286293018044
245,1252,1497,0.14198702934920548
250,1254,1504,0.14203698452112398
247,1248,1495,0.1420703564992708
242,1250,1492,0.14211030006660733
251,1251,1502,0.14216138422725855
250,1260,1510,0.1421836306476255
250,1258,1508,0.1422073346729345
254,1261,1515,0.1422301638922433
250,1267,1517,0.14224099060156684
249,1267,1516,0.14226235492925077
242,1271,1513,0.14228463591575177
245,1273,1518,0.14232519826868864
240,1270,1510,0.14235456650194617
244,1267,1511,0.14239644055122574
242,1272,1514,0.1424250099630366
242,1268,1510,0.14245697204214977
241,1278,1519,0.14248731860590186
241,1282,1523,0.14251851070083377
241,1283,1524,0.14254751926226164
236,1272,1508,0.14257519051784778
236,1266,1502,0.14261472525215488
229,1266,1495,0.142651608802335
227,1273,1500,0.14270600345330028
224,1285,1509,0.14276249838696195
225,1280,1505,0.14282317125975844
229,1295,1524,0.14287670883082781
223,1296,1519,0.1429159644391974
221,1290,1511,0.14296975743399207
220,1294,1514,0.14302568390972126
212,1293,1505,0.14308049186009544
212,1305,1517,0.14315332463597033
211,1303,1514,0.1432223301929367
209,1312,1521,0.14328919671579143
210,1305,1515,0.1433568997346248
208,1307,1515,0.1434164945638925
210,1321,1531,0.14347786116692834
209,1317,1526,0.14352944132935067
207,1301,1508,0.14358064422430739
200,1311,1511,0.1436337252904839
206,1325,1531,0.14370205079099616
204,1326,1530,0.14374939154761218
207,1316,1523,0.143800224748294
204,1312,1516,0.14383940912005694
207,1310,1517,0.14388398352753498
206,1319,1525,0.14391845705718237
207,1320,1527,0.1439531374813215
203,1312,1515,0.143983390015745
202,1321,1523,0.14402276559837687
204,1327,1531,0.14406300943146996
205,1309,1514,0.14409468502615488
203,1308,1511,0.1441208452064915
206,1308,1514,0.1441507315854878
208,1313,1521,0.1441704411579737
203,1318,1521,0.14418304759612038
205,1303,1508,0.1442086248908403
200,1317,1517,0.1442268623074621
202,1311,1513,0.14425775560736542
197,1325,1522,0.1442807234559256
196,1317,1513,0.14431576131856344
192,1323,1515,0.14435148230450373
195,1319,1514,0.1443964150857473
194,1333,1527,0.14443054953652143
195,1319,1514,0.144465089673383
199,1322,1521,0.14449522896889275
199,1325,1524,0.14451213739709293
198,1326,1524,0.14452754566193862
197,1323,1520,0.14454468919197974
196,1313,1509,0.144563955168703
199,1332,1531,0.14458507621227912
197,1320,1517,0.14459710440375595
197,1322,1519,0.14461416857014206
192,1324,1516,0.14463131978682095
190,1334,1524,0.1446611247752408
186,1340,1526,0.1446943790230986
181,1347,1528,0.144736617272845
180,1338,1518,0.14479125905145845
187,1325,1512,0.144844886637378
186,1338,1524,0.14487510130730535
186,1343,1529,0.14490593932311588
185,1333,1518,0.14493523250785628
181,1324,1505,0.14496532128818798
179,1326,1505,0.14500432553906556
180,1310,1490,0.14504670297536337
182,1313,1495,0.14508307811248675
180,1324,1504,0.14511126142261704
178,1337,1515,0.14514345599575154
185,1334,1519,0.14517944603524086
184,1336,1520,0.14519443430663936
181,1330,1511,0.14521164399889436
182,1328,1510,0.1452365166310323
176,1317,1493,0.14525693629223635
175,1303,1478,0.1452929483991761
175,1301,1476,0.14532945764786792
171,1306,1477,0.14536354742627453
175,1327,1502,0.1454070787162883
175,1347,1522,0.14543747477320745
172,1343,1515,0.14546581311413834
174,1341,1515,0.14550206311347114
169,1338,1507,0.1455303630563872
168,1333,1501,0.14557122582493826
165,1345,1510,0.14561231694752594
167,1340,1507,0.14565902978512765
172,1349,1521,0.14569744887969927
170,1346,1516,0.14572009345116865
162,1341,1503,0.14574652247402187
159,1341,1500,0.1457936576735163
157,1355,1512,0.14584595483923762
163,1357,1520,0.1459006801018023
163,1356,1519,0.14593551798818394
162,1354,1516,0.14596814908066535
163,1367,1530,0.14600180332918
162,1367,1529,0.14603033574515148
167,1368,1535,0.1460594625780535
162,1351,1513,0.14607296227176195
166,1337,1503,0.14609985418000043
171,1342,1513,0.14611407729726544
170,1336,1506,0.14611367038821257
167,1341,1508,0.14611618599653528
169,1363,1532,0.14612779076196591
169,1348,1517,0.14613264462622566
168,1362,1530,0.14613718179170004
170,1348,1518,0.1461443679665112
167,1344,1511,0.1461452906536389
170,1350,1520,0.14615377463485266
167,1349,1516,0.14615337791754787
167,1344,1511,0.14616098269027603
171,1345,1516,0.14616842821857165
173,1344,1517,0.14616530125077315
173,1343,1516,0.14615674186411923
168,1343,1511,0.14614917332443528
167,1347,1514,0.14615676985990858
160,1357,1517,0.1461659992722035
161,1363,1524,0.14619450227613032
163,1360,1523,0.14621820766443006
161,1363,1524,0.14623480180399098
154,1364,1518,0.14625511901567168
158,1368,1526,0.14629417904157582
158,1362,1520,0.14631908741556132
159,1347,1506,0.14634212587970225
159,1345,1504,0.14636087483834068
164,1350,1514,0.14637782743300767
165,1348,1513,0.1463796452809225
161,1354,1515,0.14637847274601107
159,1351,1510,0.14638960833738804
158,1361,1519,0.14640534497684377
160,1348,1508,0.14642307060541035
159,1342,1501,0.14643378971870175
162,1341,1503,0.14644611611939473
161,1343,1504,0.14644895423973714
160,1347,1507,0.14645436621458063
159,1352,1511,0.14646171293125448
160,1350,1510,0.14647107624479794
157,1354,1511,0.1464780856304259
156,1353,1509,0.14649283482074832
154,1370,1524,0.1465098661221028
151,1370,1521,0.14653088669762954
146,1364,1510,0.14655916871969635
148,1378,1526,0.1465999950813257
149,1378,1527,0.146632449607111
146,1370,1516,0.14665916808143478
148,1368,1516,0.14669278154843024
147,1357,1504,0.14671911996903936
145,1352,1497,0.146746952784097
143,1357,1500,0.14677784543352124
146,1364,1510,0.14681235711262924
147,1364,1511,0.14683661618537874
148,1359,1507,0.1468561085205609
148,1360,1508,0.14687156935000856
147,1373,1520,0.1468857280023424
149,1380,1529,0.1469018514290897
150,1374,1524,0.14691145812840767
150,1365,1515,0.1469182825081098
151,1363,1514,0.1469242442415597
150,1367,1517,0.14692765995597004
147,1359,1506,0.14693394466078186
150,1364,1514,0.14694857220282465
146,1371,1517,0.1469537818820607
141,1382,1523,0.14697024308638199
141,1373,1514,0.14699924468798412
136,1378,1514,0.14702654277166757
131,1371,1502,0.14706642069940123
131,1366,1497,0.14711710899324465
131,1379,1510,0.1471649441653463
128,1384,1512,0.1472094751443829
126,1376,1502,0.14725985761091678
128,1382,1510,0.14731229548191987
132,1380,1512,0.14735558272986163
131,1383,1514,0.14738528984552635
132,1384,1516,0.14741536138423167
132,1376,1508,0.1474411159073677
129,1378,1507,0.1474645270182138
131,1383,1514,0.14749493730174304
125,1397,1522,0.14751842314498265
129,1397,1526,0.1475567037419195
121,1382,1503,0.1475821283223832
122,1385,1507,0.14762925000347518
122,1394,1516,0.1476706739149632
125,1400,1525,0.1477096556497233
123,1403,1526,0.14773765312779127
122,1403,1525,0.14776898436945068
122,1392,1514,0.14780123979257698
122,1394,1516,0.14783192344836507
118,1393,1511,0.14786165928563758
118,1395,1513,0.14790077493713963
118,1393,1511,0.14793728094363295
119,1384,1503,0.1479713031371574
114,1399,1513,0.14800047574570852
113,1398,1511,0.1480416310962461
113,1389,1502,0.14808375249389716
118,1392,1510,0.14812305983579474
117,1394,1511,0.14814609444779422
120,1407,1527,0.14817019568260878
121,1402,1523,0.14818414292103796
119,1403,1522,0.1481948361043748
117,1403,1520,0.14820943532526454
112,1407,1519,0.148228920290513
113,1396,1509,0.14826128429914406
114,1391,1505,0.14828857314159452
112,1400,1512,0.14831209724606656
113,1406,1519,0.1483395773968164
110,1416,1526,0.14836269833895088
111,1408,1519,0.1483933059297679
107,1409,1516,0.14841948237119912
104,1404,1508,0.14845572970566312
102,1411,1513,0.1484979842324039
106,1413,1519,0.1485434273292787
105,1412,1517,0.14857460901631928
105,1420,1525,0.148606872180507
104,1416,1520,0.14863766013986043
103,1423,1526,0.14867001047372372
104,1432,1536,0.14870310199540823
106,1426,1532,0.1487307753243766
101,1419,1520,0.1487511769437085
103,1420,1523,0.14878409711475546
104,1414,1518,0.14880931174390757
102,1417,1519,0.14883075970731152
102,1419,1521,0.14885643133162627
103,1433,1536,0.14888112682221036
104,1427,1531,0.14890129833601537
103,1431,1534,0.14891848965107632
101,1425,1526,0.1489379152131409
100,1410,1510,0.14896186575120754
100,1408,1508,0.14898728714441467
100,1416,1516,0.14901106658606864
100,1422,1522,0.14903326428764974
100,1427,1527,0.14905427378421007
98,1417,1515,0.14907361139154465
96,1410,1506,0.14909689536923168
94,1409,1503,0.1491239672110646
94,1420,1514,0.1491549343352033
93,1422,1515,0.14918372848800626
93,1430,1523,0.14921356214997775
94,1419,1513,0.14924152201507662
96,1430,1526,0.1492648522188455
92,1433,1525,0.14928105407382433
92,1438,1530,0.14930764344581082
94,1439,1533,0.14933225286462523
97,1428,1525,0.14934945023919022
94,1404,1498,0.14935710875689145
92,1418,1510,0.1493732229094325
93,1422,1515,0.14939369430467958
96,1432,1528,0.1494095548569968
94,1430,1524,0.14941578367893654
94,1426,1520,0.14942737532266326
91,1442,1533,0.14943809799839353
88,1451,1539,0.14945690307214998
90,1436,1526,0.1494833192456224
93,1434,1527,0.1495025708799713
87,1435,1522,0.14951231279689484
87,1416,1503,0.149538655643415
88,1433,1521,0.14956307241195252
87,1446,1533,0.14958352599168362
88,1442,1530,0.1496058233986065
85,1431,1516,0.14962363348239335
87,1420,1507,0.14964874364578012
85,1428,1513,0.14966631052927623
86,1422,1508,0.1496880585213619
87,1440,1527,0.1497055223490801
84,1451,1535,0.14971974068356406
87,1447,1534,0.14974140289027205
88,1435,1523,0.14975291754583278
87,1421,1508,0.14976084548857657
86,1422,1508,0.14977138750776717
85,1444,1529,0.14978466319503736
86,1443,1529,0.14979981451719823
85,1434,1519,0.14981048452981816
87,1426,1513,0.14982308401044578
88,1428,1516,0.1498295384226405
86,1428,1514,0.14983259621912517
88,1411,1499,0.14984167763673234
89,1411,1500,0.14984454820772664
90,1423,1513,0.14984440040776484
89,1421,1510,0.1498411449467365
84,1419,1503,0.1498409804988914
86,1424,1510,0.14985476305057652
84,1432,1516,0.14986204913921458
84,1437,1521,0.14987446362034082
83,1431,1514,0.14988585459924686
83,1432,1515,0.14989962696953046
84,1444,1528,0.1499125417999968
81,1433,1514,0.14992200509390446
80,1440,1520,0.14993989000193153
75,1431,1506,0.14995960542411435
77,1441,1518,0.14999192317826815
78,1441,1519,0.1500164912752623
76,1431,1507,0.1500366801310774
77,1419,1496,0.15006051283269856
76,1437,1513,0.15008005739752586
79,1441,1520,0.1501014525368937
77,1439,1516,0.15011289960787125
78,1442,1520,0.15012970360565336
76,1434,1510,0.1501424324821284
74,1429,1503,0.15016020925491058
76,1434,1510,0.1501828566048626
75,1443,1518,0.15019870073708405
75,1447,1522,0.15021636207952138
73,1431,1504,0.15023330626999504
73,1436,1509,0.15025564129017405
71,1442,1513,0.15027672113166804
70,1442,1512,0.1503023508467315
71,1436,1507,0.15032943952521582
69,1448,1517,0.1503517916572145
72,1451,1523,0.1503788802577035
73,1462,1535,0.15039559241990516
74,1457,1531,0.15040809567237035
71,1453,1524,0.15041674066424626
67,1467,1534,0.15043335167334398
69,1454,1523,0.15046012945171117
70,1455,1525,0.1504793318524429
67,1453,1520,0.1504947487390964
64,1445,1509,0.1505179400509237
66,1438,1504,0.15054879139567287
65,1436,1501,0.15057168520397815
66,1433,1499,0.15059600801282538
65,1440,1505,0.1506158747190837
67,1444,1511,0.1506375408141486
69,1442,1511,0.15065178941999108
69,1449,1518,0.15065940736643868
71,1444,1515,0.15066659039327143
70,1441,1511,0.15066850526827857
69,1435,1504,0.15067289029600794
70,1440,1510,0.150679858270904
71,1441,1512,0.1506831990048281
74,1438,1512,0.15068406805908002
72,1437,1509,0.15067630671849538
72,1429,1501,0.1506749762288308
71,1447,1518,0.1506738272274652
70,1447,1517,0.1506755973022645
70,1447,1517,0.1506803393636826
70,1452,1522,0.15068484746655242
71,1438,1509,0.1506888515980015
70,1446,1516,0.15068986155001343
70,1458,1528,0.1506939170244105
70,1461,1531,0.15069767236722587
65,1444,1509,0.15070068043733684
67,1452,1519,0.15071752014372894
66,1451,1517,0.15072735380090435
67,1449,1516,0.15073968854604186
66,1459,1525,0.1507484431980308
67,1450,1517,0.15075974477932008
66,1450,1516,0.15076783554560072
64,1471,1535,0.15077814864377673
63,1459,1522,0.15079335945106745
65,1451,1516,0.1508102278807246
64,1454,1518,0.15082039701251698
59,1460,1519,0.15083306976692543
59,1473,1532,0.15085947553860085
57,1470,1527,0.15088379734239077
60,1469,1529,0.15091228170173726
60,1455,1515,0.15093011365009062
61,1451,1512,0.15094688066999973
61,1439,1500,0.15095944607325273
60,1432,1492,0.15097115586191542
61,1447,1508,0.15098499047865224
61,1454,1515,0.15099531659044552
61,1465,1526,0.15100482047586705
62,1446,1508,0.15101374363247203
64,1452,1516,0.15101928896098346
63,1466,1529,0.15101893356101578
64,1457,1521,0.15102201541396623
64,1468,1532,0.15102179826058282
66,1450,1516,0.1510216295606596
64,1462,1526,0.1510161695927803
66,1453,1519,0.15101695389925815
69,1451,1520,0.15101160975758227
68,1452,1520,0.15099738221315412
66,1449,1515,0.15098718199452424
68,1437,1505,0.15098348146104792
69,1442,1511,0.15097409489842334
68,1442,1510,0.15096301723111996
68,1452,1520,0.15095594890740913
68,1449,1517,0.15094951522599614
66,1445,1511,0.15094334651916697
64,1449,1513,0.15094325965429528
64,1453,1517,0.15094883547439347
62,1458,1520,0.150953939789865
62,1444,1506,0.15096470264410936
62,1447,1509,0.15097523702100116
60,1449,1509,0.1509854541870752
61,1449,1510,0.15100073147751064
60,1448,1508,0.15101218471028044
59,1451,1510,0.15102600285797643
57,1460,1517,0.1510415677594083
62,1456,1518,0.15106173076193158
61,1454,1515,0.15106563086483488
59,1455,1514,0.15107201589654315
60,1457,1517,0.15108388953233612
63,1462,1525,0.15109143414844453
63,1454,1517,0.15109064074288375
60,1451,1511,0.15108953438343758
62,1456,1518,0.15109692685414416
64,1452,1516,0.15109814459119097
63,1462,1525,0.15109356496462653
62,1464,1526,0.1510926466853645
63,1460,1523,0.15109448004968842
63,1457,1520,0.15109346065759818
63,1457,1520,0.1510923843379357
62,1455,1517,0.15109135373155383
62,1443,1505,0.15109366498277718
62,1450,1512,0.1510958332606161
61,1453,1514,0.15109813821207788
60,1450,1510,0.15110328796024686
61,1450,1511,0.1511109995192287
60,1440,1500,0.15111525063788794
61,1456,1517,0.1511218877454715
59,1448,1507,0.15112548500823622
60,1449,1509,0.1511339369394146
56,1450,1506,0.1511391127675469
54,1462,1516,0.15115535515406234
55,1449,1504,0.15117606716545995
55,1448,1503,0.15119223837197013
58,1455,1513,0.15120752574331786
60,1462,1522,0.1512137134059137
61,1459,1520,0.15121415690391782
62,1462,1524,0.15121183562157336
61,1448,1509,0.15120711871932302
55,1455,1510,0.1512056905002013
57,1449,1506,0.1512218545491711
57,1440,1497,0.15123120245668478
58,1444,1502,0.15123968534683518
59,1450,1509,0.1512448441755947
60,1460,1520,0.15124658313960956
60,1467,1527,0.1512452966646907
60,1469,1529,0.15124446056716426
60,1460,1520,0.15124378253557763
60,1462,1522,0.151243148217904
60,1443,1503,0.15124277347982265
62,1436,1498,0.15124246098041852
61,1439,1500,0.15123620484648284
62,1445,1507,0.1512332555294942
63,1444,1507,0.15122758042810128
62,1455,1517,0.15121911982550093
60,1444,1504,0.1512139642570424
60,1434,1494,0.15121481375146598
62,1447,1509,0.15121569609737726
63,1447,1510,0.15121025454456888
63,1450,1513,0.15120216450178106
65,1453,1518,0.1511950958800321
66,1449,1515,0.15118303809893063
65,1441,1506,0.15116879087858082
64,1436,1500,0.15115815841293556
62,1442,1504,0.15115121188133251
63,1424,1487,0.15115025655279382
61,1437,1498,0.15114662739858967
63,1456,1519,0.15114920703073384
63,1451,1514,0.15114603812509794
62,1454,1516,0.1511422907005709
61,1451,1512,0.1511420895943823
59,1456,1515,0.15114470863625842
57,1457,1514,0.1511531482054857
59,1460,1519,0.15116666676402402
58,1463,1521,0.15117376356212606
58,1464,1522,0.15118345314148826
59,1453,1512,0.15119252241734518
58,1459,1517,0.15119828599412835
56,1462,1518,0.15120638572585388
58,1465,1523,0.1512192909150042
54,1462,1516,0.1512260358307595
52,1457,1509,0.15124366313815135
51,1471,1522,0.15126569961467992
54,1478,1532,0.15128906658725513
56,1479,1535,0.15130225995557522
56,1484,1540,0.1513084698811352
56,1478,1534,0.15131416477600135
57,1470,1527,0.15131949275393736
56,1483,1539,0.15132142909379628
57,1472,1529,0.15132605416810527
57,1474,1531,0.15132759457941047
58,1461,1519,0.15132912972288362
60,1461,1521,0.1513277162083951
59,1457,1516,0.15132072462382543
58,1475,1533,0.15131701431600492
59,1474,1533,0.15131653989433932
61,1468,1529,0.15131317695606342
63,1453,1516,0.15130421129700442
63,1455,1518,0.15129001007753978
61,1452,1513,0.1512769340411369
56,1453,1509,0.15127036593671542
55,1456,1511,0.15127948315790973
55,1468,1523,0.15129071328758556
56,1450,1506,0.15130123700366505
56,1445,1501,0.15130912507673908
57,1444,1501,0.15131655598640745
57,1467,1524,0.15132076068725156
58,1466,1524,0.1513245217741713
59,1468,1527,0.15132494858379036
59,1465,1524,0.15132278142423541
58,1453,1511,0.15132085892833202
59,1458,1517,0.1513222147650071
56,1470,1526,0.15132030758347326
58,1461,1519,0.15132710223414908
58,1463,1521,0.1513279933586849
60,1462,1522,0.15132886143970356
58,1452,1510,0.15132363655147976
60,1457,1517,0.15132467393752644
57,1455,1512,0.15132014939607807
58,1470,1528,0.1513248798937637
56,1464,1520,0.15132605318275313
54,1467,1521,0.15133303926328348
53,1471,1524,0.15134554323670962
52,1480,1532,0.1513607094940154
52,1480,1532,0.15137787362597221
53,1473,1526,0.151394028820916
52,1466,1518,0.15140595906849658
50,1466,1516,0.15142014918791163
49,1455,1504,0.15143923913068702
48,1477,1525,0.1514600597636796
49,1467,1516,0.15148222568887346
49,1478,1527,0.1515000688029643
51,1463,1514,0.1515166710910506
51,1465,1516,0.15152701472412292
51,1485,1536,0.15153681772204322
47,1477,1524,0.1515459613237275
51,1475,1526,0.15156587802469126
50,1455,1505,0.15157297575452439
51,1465,1516,0.15158268949261713
51,1471,1522,0.15158860191013152
51,1463,1514,0.15159416048570665
51,1457,1508,0.15159947240168872
52,1460,1512,0.1516048780458787
52,1463,1515,0.15160719586323393
51,1466,1517,0.15160947629203206
50,1474,1524,0.15161430956872352
52,1476,1528,0.1516214963156742
48,1469,1517,0.1516224029921012
49,1468,1517,0.15163486443906268
48,1451,1499,0.1516430647810555
47,1461,1508,0.15165336863765316
49,1458,1507,0.15166590028427454
49,1465,1514,0.1516724492989526
49,1469,1518,0.15167808869949057
50,1464,1514,0.15168333261070235
50,1455,1505,0.15168540043604156
50,1451,1501,0.1516874169081467
48,1466,1514,0.15168890768270368
48,1473,1521,0.15169621836393188
47,1481,1528,0.15170298729616957
47,1471,1518,0.151711788195367
50,1473,1523,0.15171985218523834
49,1473,1522,0.15171861311481538
49,1479,1528,0.15172024088902847
48,1460,1508,0.1517215796379504
47,1463,1510,0.15172617655519138
44,1458,1502,0.1517335435509024
44,1458,1502,0.1517489435918401
45,1465,1510,0.15176336522948852
45,1463,1508,0.1517740446661967
45,1461,1506,0.15178421517114882
43,1460,1503,0.15179380725231884
45,1461,1506,0.15180886774307706
45,1460,1505,0.151816830739312
46,1461,1507,0.15182458068432403
44,1466,1510,0.1518284678211252
44,1458,1502,0.1518377891788588
47,1465,1512,0.15184593382083844
46,1462,1508,0.1518453251234436
46,1468,1514,0.15184756261601096
46,1469,1515,0.15185031868953927
47,1478,1525,0.15185295119476042
45,1468,1513,0.15185230424546636
47,1457,1504,0.15185737330417678
48,1461,1509,0.15185655189229666
47,1465,1512,0.15185310266350188
45,1478,1523,0.15185295153040074
46,1478,1524,0.15185847390978907
44,1476,1520,0.15186089229917218
45,1471,1516,0.15186918707630156
42,1474,1516,0.15187438837701858
42,1483,1525,0.15188746143706738
42,1478,1520,0.1518999595667618
41,1472,1513,0.15191139936684894
40,1464,1504,0.1519247968901315
38,1481,1519,0.1519402436394096
38,1476,1514,0.15196098923488383
39,1475,1514,0.15198037484400803
40,1465,1505,0.15199566656996724
39,1469,1508,0.15200726253806024
37,1465,1502,0.15202126729761836
36,1473,1509,0.15204012123365643
36,1473,1509,0.15206050709191035
38,1468,1506,0.15207960506945087
35,1475,1510,0.1520918933464026
36,1475,1511,0.15211204855571966
38,1489,1527,0.15212839592419095
37,1475,1512,0.15213796034894864
36,1484,1520,0.15214986971586375
36,1491,1527,0.15216343830456128
38,1477,1515,0.15217605471990564
37,1469,1506,0.15218189641164911
38,1464,1502,0.1521901868814694
36,1459,1495,0.1521951193567586
36,1467,1503,0.15220555714294576
38,1478,1516,0.15221550968301284
38,1477,1515,0.15221867680234621
38,1481,1519,0.1522216122200711
39,1479,1518,0.15222435359661665
39,1466,1505,0.15222373261224703
38,1456,1494,0.15222314918081847
37,1464,1501,0.1522253402701505
35,1473,1508,0.15223018777161695
37,1482,1519,0.15224029330202785
38,1474,1512,0.15224385471442076
38,1478,1516,0.1522443107718546
35,1468,1503,0.1522448220871598
35,1479,1514,0.15225435890453817
35,1473,1508,0.15226351335334465
36,1477,1513,0.1522716552225496
38,1472,1510,0.15227645064370768
39,1475,1514,0.1522748652873294
38,1467,1505,0.1522706664341802
38,1465,1503,0.15226950719045904
38,1474,1512,0.15226846616184012
38,1465,1503,0.15226749887095617
39,1461,1500,0.15226659665539308
36,1473,1509,0.15226319484911532
36,1470,1506,0.15226832460274817
37,1482,1519,0.15227315947414827
36,1476,1512,0.1522746787731265
37,1477,1514,0.15227935702307205
40,1462,1502,0.15228091571146007
42,1463,1505,0.1522733795989227
41,1466,1507,0.15226057318093955
44,1470,1514,0.15225180851755435
42,1465,1507,0.15223484675155824
42,1467,1509,0.15222470857544154
42,1478,1520,0.15221523361804254
41,1475,1516,0.1522063935497533
40,1477,1517,0.1522013317924734
40,1469,1509,0.1521993409945437
42,1479,1521,0.15219730505907456
41,1468,1509,0.15218975361712647
41,1458,1499,0.1521856536360787
42,1458,1500,0.15218187974352054
41,1472,1513,0.15217563767307063
39,1471,1510,0.15217266704258284
41,1472,1513,0.15217570345307485
42,1460,1502,0.1521725591970161
42,1471,1513,0.15216667100141837
45,1465,1510,0.15216117804926588
45,1465,1510,0.15214737714602922
46,1469,1515,0.15213457691174745
43,1463,1506,0.1521198107432214
43,1463,1506,0.1521148049171719
44,1466,1510,0.1521101053075185
44,1462,1506,0.1521029343520782
43,1451,1494,0.1520961573089555
44,1454,1498,0.15209306776785364
42,1462,1504,0.15208709220957423
44,1466,1510,0.15208713976186286
45,1466,1511,0.15208140412020663
46,1466,1512,0.15207323489200433
44,1477,1521,0.15206278931690886
44,1469,1513,0.1520587012451511
44,1476,1520,0.15205483763978989
42,1473,1515,0.1520512474652285
43,1472,1515,0.15205331252620632
45,1470,1515,0.15205245656577657
45,1469,1514,0.1520460991439988
45,1477,1522,0.15204020684303565
45,1466,1511,0.15203469408952286
47,1476,1523,0.1520296535960635
47,1481,1528,0.1520188582706468
48,1475,1523,0.15200882015570108
43,1465,1508,0.15199636576998043
42,1470,1512,0.1519994777446159
43,1484,1527,0.15200530488295763
45,1476,1521,0.15200764779238657
45,1478,1523,0.15200387607028393
44,1488,1532,0.15200032553507034
43,1486,1529,0.15199981369773344
44,1487,1531,0.1520023102361072
43,1490,1533,0.15200167270613996
44,1491,1535,0.15200381808786134
44,1477,1521,0.15200305492883776
44,1473,1517,0.15200234092798237
44,1481,1525,0.1520014540640201
44,1478,1522,0.1520005987212567
42,1477,1519,0.151999780041636
42,1480,1522,0.15200447421628396
43,1478,1521,0.152008816661913
42,1478,1520,0.15201002732178742
40,1475,1515,0.15201394881610114
41,1475,1516,0.15202342777145716
42,1479,1521,0.15202971819297628
41,1474,1515,0.15203275566546226
43,1470,1513,0.15203841152778413
41,1464,1505,0.15203807680532308
41,1460,1501,0.1520439082694018
42,1453,1495,0.15204900722845408
41,1455,1496,0.15205112661133302
41,1468,1509,0.15205576148204014
38,1471,1509,0.15206053323065558
39,1481,1520,0.15207347248525008
39,1483,1522,0.15208278691675242
39,1484,1523,0.15209131359036518
41,1475,1516,0.15209926400489837
39,1480,1519,0.15210111661978545
40,1474,1514,0.15210828974201512
40,1475,1515,0.15211245076207475
41,1473,1514,0.1521164287643507
37,1473,1510,0.15211731148942545
36,1468,1504,0.1521295921029385
36,1475,1511,0.1521440050481517
37,1463,1500,0.15215727747788382
36,1474,1510,0.15216683036121517
35,1470,1505,0.15217895145460333
37,1476,1513,0.1521932014164462
36,1485,1521,0.15220104266131945
35,1483,1518,0.1522113883956177
34,1487,1521,0.15222402924349324
33,1458,1491,0.152238552595894
33,1471,1504,0.15225501249178175
32,1480,1512,0.1522706931454358
30,1474,1504,0.15228816342749676
30,1477,1507,0.1523103267574554
32,1476,1508,0.15233101762304432
32,1475,1507,0.15234470386378857
32,1487,1519,0.15235752541156977
30,1482,1512,0.15236960631888352
30,1480,1510,0.152386857813074
29,1487,1516,0.15240298891124593
30,1491,1521,0.15242085026167632
30,1500,1530,0.1524345576140336
27,1494,1521,0.15244731598621813
29,1482,1511,0.15246792426467773
29,1489,1518,0.15248152770234077
27,1474,1501,0.15249431815050835
26,1470,1496,0.152512149363597
27,1483,1510,0.15253178623658062
26,1485,1511,0.1525472540812121
28,1490,1518,0.15256456101670932
27,1483,1510,0.15257518090920175
24,1479,1503,0.15258839234940644
26,1485,1511,0.15260933415011263
26,1486,1512,0.15262330117466377
29,1487,1516,0.15263634949219712
29,1480,1509,0.15263975712028205
29,1478,1507,0.15264302271381075
28,1482,1510,0.15264615446041885
28,1476,1504,0.15265203302774671
31,1478,1509,0.1526575827268075
29,1485,1514,0.15265406477400745
28,1484,1512,0.15265682950996487
28,1502,1530,0.15266246156699131
27,1492,1519,0.15266783717229138
27,1489,1516,0.15267593129327683
26,1488,1514,0.152683314115094
28,1480,1508,0.15269323749601166
27,1487,1514,0.15269659219443357
27,1483,1510,0.1527026379549407
28,1487,1515,0.15270841480323527
26,1496,1522,0.15271108692824206
26,1501,1527,0.1527193827660988
26,1492,1518,0.15272718320047893
27,1482,1509,0.15273449022013208
28,1492,1520,0.15273848283768615
28,1498,1526,0.152739078517459
28,1505,1533,0.1527396848068364
26,1506,1532,0.15274047116626366
26,1499,1525,0.15274687016262709
29,1489,1518,0.1527526596063808
28,1497,1525,0.15274947877677345
29,1486,1515,0.1527494435402913
30,1480,1510,0.15274650824891287
30,1476,1506,0.15274077953714688
29,1490,1519,0.1527354893860453
29,1494,1523,0.15273345971769964
30,1476,1506,0.15273154669344946
31,1480,1511,0.15272667472046483
32,1491,1523,0.15271938304233618
30,1496,1526,0.15270957817305303
30,1489,1519,0.15270605025522715
27,1484,1511,0.15270286862165372
25,1470,1495,0.15270858913863614
25,1480,1505,0.15271967252188426
23,1475,1498,0.15272997776082314
23,1471,1494,0.15274557411543283
25,1479,1504,0.15276012439454825
23,1484,1507,0.15276789884634173
22,1487,1509,0.1527810420671285
22,1477,1499,0.15279640034734016
23,1471,1494,0.15281074887181978
22,1484,1506,0.15282130925238996
18,1505,1523,0.15283424765334314
16,1502,1518,0.15285801011285632
16,1498,1514,0.15288609606704445
15,1494,1509,0.1529124027428073
15,1501,1516,0.1529400510675425
17,1506,1523,0.15296593996945443
18,1502,1520,0.15298422491740687
18,1506,1524,0.15299840621023172
18,1494,1512,0.15301171532589855
19,1491,1510,0.15302413225870365
20,1494,1514,0.15303292859976547
20,1497,1517,0.15303816123952918
21,1494,1515,0.1530431229334554
21,1502,1523,0.15304484135158028
21,1512,1533,0.15304651939303585
20,1506,1526,0.15304812937504697
19,1502,1521,0.15305258290965087
19,1501,1520,0.15305980848285528
17,1505,1522,0.15306657205145935
17,1501,1518,0.15307886550183436
17,1504,1521,0.15309035328798112
18,1496,1514,0.15310111332088128
18,1497,1515,0.15310814693643204
18,1497,1515,0.15311476134261404
17,1500,1517,0.15312096618653598
17,1499,1516,0.1531298307813357
16,1504,1520,0.15313812754364892
16,1499,1515,0.15314890614749158
16,1503,1519,0.1531590018526924
17,1498,1515,0.15316846415661403
16,1497,1513,0.1531744034543129
16,1508,1524,0.15318290633692058
15,1506,1521,0.15319087325967273
15,1511,1526,0.15320142408135698
15,1508,1523,0.15321128170554651
15,1507,1522,0.15322051744484783
16,1506,1522,0.15322920071094653
16,1504,1520,0.15323424528475435
15,1509,1524,0.15323900070485422
14,1511,1525,0.1532465410310344
13,1517,1530,0.15325668580170604
14,1507,1521,0.1532692673491745
14,1506,1520,0.15327805637364697
16,1495,1511,0.15328631727882752
15,1495,1510,0.15328801408151738
16,1498,1514,0.15329269372298934
16,1491,1507,0.15329410524054718
15,1486,1501,0.1532954569973934
15,1497,1512,0.15329970922044214
13,1504,1517,0.1533036700981907
14,1503,1517,0.15331337598141426
12,1499,1511,0.15331949559964766
13,1507,1520,0.1533312661317747
15,1493,1508,0.1533392581599503
15,1491,1506,0.15334077196715923
15,1501,1516,0.15334217724847332
16,1485,1501,0.15334350764495724
15,1494,1509,0.15334166554827602
15,1494,1509,0.15334305066028647
16,1499,1515,0.15334434262996108
14,1495,1509,0.15334263095162734
13,1495,1508,0.15334693412837797
12,1490,1502,0.1533540358079317
13,1500,1513,0.15336377966361098
13,1500,1513,0.15336990730647074
13,1502,1515,0.15337566348267317
14,1501,1515,0.1533810646290517
13,1494,1507,0.15338312384866098
14,1494,1508,0.15338808580606555
12,1515,1527,0.15338960664420725
12,1499,1511,0.1533973176353698
13,1500,1513,0.1534045369097607
15,1507,1522,0.15340816494596654
15,1498,1513,0.15340547247406058
17,1494,1511,0.15340300617092617
17,1486,1503,0.15339470424740984
16,1485,1501,0.15338685778242328
17,1488,1505,0.1533825111199846
18,1493,1511,0.15337557957372128
17,1510,1527,0.15336618218933595
17,1505,1522,0.1533604121506642
17,1497,1514,0.15335503027685868
17,1490,1507,0.1533499214898749
17,1491,1508,0.1533451808120873
16,1489,1505,0.15334074957640337
16,1497,1513,0.15333960321370782
16,1498,1514,0.15333850763556023
16,1506,1522,0.15333747420225058
16,1500,1516,0.15333650027831652
15,1507,1522,0.15333545945375568
15,1496,1511,0.1533377480104746
15,1490,1505,0.15333987044857966
16,1489,1505,0.15334185373442635
15,1488,1503,0.15334082564965534
14,1506,1520,0.15334280224161106
15,1507,1522,0.15334777956987125
15,1496,1511,0.15334943963818415
15,1481,1496,0.1533509684291899
15,1495,1510,0.1533524014114494
15,1510,1525,0.15335374700784343
15,1508,1523,0.15335501104396823
16,1507,1523,0.15335619855778168
16,1513,1529,0.1533543666830136
15,1511,1526,0.1533526388992409
16,1511,1527,0.15335391287315128
15,1512,1527,0.15335223644238952
15,1495,1510,0.15335352473799407
16,1489,1505,0.1533547722470744
15,1491,1506,0.15335305867254267
16,1490,1506,0.15335433041451324
15,1499,1514,0.1533524597853748
15,1494,1509,0.1533536183515444
14,1510,1524,0.1533547289362035
14,1518,1532,0.1533586820444513
14,1517,1531,0.15336240640135074
13,1516,1529,0.15336588608064555
13,1502,1515,0.15337209356007994
14,1504,1518,0.15337795277518748
14,1505,1519,0.1533803732301177
13,1500,1513,0.15338266362268912
12,1500,1512,0.1533878081672937
11,1514,1525,0.15339568430072104
12,1524,1536,0.15340610312205694
13,1508,1521,0.153412830377049
14,1500,1514,0.15341607626221798
14,1495,1509,0.1534162105126089
12,1507,1519,0.15341633013674363
12,1506,1518,0.15342248828076635
11,1500,1511,0.15342828126221214
12,1490,1502,0.15343671673837952
12,1500,1512,0.15344144096317788
10,1499,1509,0.15344587475862886
10,1495,1505,0.15345614701493415
10,1513,1523,0.15346575526913864
10,1498,1508,0.1534747581175946
11,1517,1528,0.1534831945349857
11,1515,1526,0.1534879753382457
10,1508,1518,0.15349247614443157
8,1507,1515,0.15349982134864987
6,1497,1503,0.1535128631599231
6,1502,1508,0.15353132467306582
7,1502,1509,0.15354865159968598
8,1496,1504,0.15356184455121039
8,1517,1525,0.1535711565541284
9,1517,1526,0.1535799637526385
9,1505,1514,0.15358517632065427
8,1507,1515,0.15359009169698015
8,1509,1517,0.1535977803980753
7,1505,1512,0.15360499395813196
7,1508,1515,0.15361491906999827
7,1503,1510,0.1536242259112609
7,1502,1509,0.15363296430589496
7,1501,1508,0.15364117032491403
7,1497,1504,0.15364887684913842
8,1495,1503,0.1536561146584144
8,1498,1506,0.1536598937516086
8,1496,1504,0.15366342138748393
8,1502,1510,0.15366674403611458
7,1516,1523,0.1536698741054185
7,1501,1508,0.15367585374441947
5,1514,1519,0.15368146607449476
5,1501,1506,0.1536929204756162
5,1502,1507,0.1537036563428201
5,1501,1506,0.15371373617013678
5,1509,1514,0.15372319930539435
5,1511,1516,0.1537320840649838
5,1511,1516,0.1537404266342389
5,1515,1520,0.1537482608915515
5,1511,1516,0.15375561849053387
5,1519,1524,0.15376252900312337
5,1512,1517,0.15376902006965185
4,1514,1518,0.15377511754080353
4,1526,1530,0.15378397656055248
4,1520,1524,0.15379230835001464
4,1513,1517,0.15380013840150664
4,1525,1529,0.15380749521327863
4,1510,1514,0.15381440717237743
4,1510,1514,0.15382090129286968
3,1522,1525,0.15382700302599825
3,1528,1531,0.15383588170333887
3,1510,1513,0.15384423567351357
3,1512,1515,0.15385209370616404
3,1519,1522,0.1538594815806272
3,1525,1528,0.15386642618906893
3,1515,1518,0.15387295367276135
3,1508,1511,0.15387908892222432
3,1502,1505,0.15388485546296762
3,1510,1513,0.15389027546204992
3,1520,1523,0.1538953697766884
2,1525,1527,0.15390015801771462
2,1527,1529,0.15390778798261173
2,1517,1519,0.15391501542686203
2,1523,1525,0.15392181869070612
2,1503,1505,0.1539282173625096
2,1514,1516,0.15393423398472886
3,1511,1514,0.15393989076322967
3,1509,1512,0.15394208405433932
3,1510,1513,0.15394411441428713
3,1518,1521,0.15394601550785258
3,1519,1522,0.15394779847577789
3,1510,1513,0.15394947197865388
3,1520,1523,0.1539510434637931
3,1514,1517,0.1539525195796395
3,1527,1530,0.15395390638249823
3,1517,1520,0.15395520945249888
3,1509,1512,0.15395631562987375
3,1517,1520,0.15395741173847766
3,1512,1515,0.15395845202551908
3,1514,1517,0.15395943425069075
3,1510,1513,0.15396036005903807
3,1521,1524,0.15396123195209618
3,1516,1519,0.15396205267007992
3,1517,1520,0.15396282498007918
3,1522,1525,0.1539635515878662
3,1522,1525,0.15396423509868704
3,1505,1508,0.15396487800017264
3,1510,1513,0.1539654826560902
2,1509,1511,0.1539660298010511
2,1532,1534,0.15396975030363516
2,1526,1528,0.15397324231592927
2,1521,1523,0.15397653180344076
2,1527,1529,0.15397962905486332
2,1529,1531,0.15398254391736402
2,1520,1522,0.1539852862705197
2,1529,1531,0.15398786579784876
2,1535,1537,0.15399029183634408
2,1536,1538,0.1539925733043689
1,1524,1525,0.15399471867374742
2,1519,1521,0.15399998863467007
2,1520,1522,0.1540017472778767
2,1520,1522,0.15400339463014417
2,1508,1510,0.15400493467416287
2,1522,1524,0.15400637807658935
2,1522,1524,0.1540077325910622
2,1530,1532,0.15400900451760396
1,1534,1535,0.1540101993347087
1,1519,1520,0.15401450617034695
1,1519,1520,0.15401856465009856
1,1521,1522,0.1540223899056466
1,1523,1524,0.1540259913332645
1,1519,1520,0.1540293802042697
1,1520,1521,0.1540325681671618
1,1527,1528,0.15403556664829224
1,1516,1517,0.15403838662732924
1,1515,1516,0.1540410385559766
1,1521,1522,0.15404353233576976
1,1524,1525,0.1540458773220893
1,1528,1529,0.15404808234033174
1,1517,1518,0.1540501557077204
2,1502,1504,0.1540521052575287
2,1504,1506,0.15405079034095517
2,1508,1510,0.15404952023845783
2,1513,1515,0.1540483171659616
2,1501,1503,0.1540471811687827
2,1497,1499,0.1540461101554904
2,1496,1498,0.15404510130845503
2,1512,1514,0.15404415154446163
2,1523,1525,0.15404325772646107
2,1528,1530,0.15404241676660474
2,1521,1523,0.15404162567722351
2,1517,1519,0.15404088159556725
2,1497,1499,0.15404018179469145
2,1496,1498,0.1540395236867478
2,1509,1511,0.15403890482200489
1,1500,1501,0.15403832288544714
1,1504,1505,0.15404090376823143
1,1516,1517,0.15404337487582506
1,1519,1520,0.15404571072547132
1,1538,1539,0.1540479134066773
1,1526,1527,0.1540499881944056
1,1502,1503,0.15405194134201333
1,1513,1514,0.15405377933045572
2,1519,1521,0.15405550856161143
2,1507,1509,0.15405398850709512
2,1516,1518,0.15405252480649761
2,1507,1509,0.1540511392816593
2,1510,1512,0.15404983192401794
3,1515,1518,0.1540486001512853
3,1517,1520,0.1540442489099334
3,1519,1522,0.15404015714059904
3,1517,1520,0.1540363047539719
3,1526,1529,0.15403268068966539
3,1516,1519,0.15402927274282402
3,1503,1506,0.15402606865203944
3,1507,1510,0.15402305654248963
3,1498,1501,0.15402022508225785
3,1503,1506,0.15401756353046303
3,1507,1510,0.15401506174165935
3,1506,1509,0.15401271015128806
3,1502,1505,0.15401049975268574
3,1520,1523,0.15400842207050483
3,1518,1521,0.15400646913294197
3,1508,1511,0.1540046334440102
3,1494,1497,0.1540029079565028
3,1504,1507,0.15400128604598518
3,1510,1513,0.1539997614859782
3,1509,1512,0.15399832842439698
3,1506,1509,0.1539969813612558
3,1499,1502,0.15399571512761548
2,1512,1514,0.15399452486573278
2,1516,1518,0.15399657558817303
2,1512,1514,0.15399851037872225
2,1508,1510,0.15400033718153736
2,1502,1504,0.1540020584785918
2,1518,1520,0.15400367877984456
2,1530,1532,0.15400520324931175
2,1525,1527,0.15400663715135912
2,1527,1529,0.15400798563623838
2,1522,1524,0.15400925365358123
2,1525,1527,0.15401044591837182
2,1519,1521,0.15401156690043022
2,1518,1520,0.15401262082515593
2,1524,1526,0.15401361167987196
2,1520,1522,0.15401454322296035
2,1507,1509,0.15401541899431126
2,1506,1508,0.15401624232627717
2,1507,1509,0.1540170163546798
3,1514,1517,0.1540177440296116
3,1513,1516,0.15401524215598728
3,1516,1519,0.1540128893719023
3,1511,1514,0.15401067197166793
2,1516,1518,0.1540085849848867
2,1524,1526,0.15400973076394692
2,1519,1521,0.15401084639530585
2,1513,1515,0.15401190464720643
2,1506,1508,0.15401290419303684
2,1503,1505,0.15401384648595887
2,1508,1510,0.15401473392134576
3,1516,1519,0.15401556921860585
3,1520,1523,0.1540132314122732
3,1521,1524,0.15401100411083107
3,1512,1515,0.15400890331645534
3,1520,1523,0.1540069251421759
3,1523,1526,0.15400506386600035
3,1522,1525,0.15400331328353534
2,1514,1516,0.1540016671829914
2,1513,1515,0.1540032258321666
3,1509,1512,0.15400473032958842
3,1518,1521,0.15400303592137973
2,1519,1521,0.1540014167108844
2,1508,1510,0.15400300526564473
2,1509,1511,0.1540045360032047
2,1517,1519,0.15400598321978273
2,1517,1519,0.15400734803888277
2,1516,1518,0.15400863370032586
2,1520,1522,0.15400984402420004
2,1522,1524,0.15401098298084054
2,1523,1525,0.1540120545073139
2,1512,1514,0.1540130624226496
2,1525,1527,0.1540140103886127
2,1517,1519,0.15401490189293313
2,1522,1524,0.1540157402441702
2,1523,1525,0.15401652857281506
2,1521,1523,0.15401726983578964
2,1523,1525,0.1540179668227765
2,1518,1520,0.1540186221634842
2,1521,1523,0.1540192383353252
2,1516,1518,0.15401981767119163
3,1520,1523,0.15402036236714353
3,1527,1530,0.1540176862466557
3,1527,1530,0.15401516697268025
2,1508,1510,0.1540127935785967
2,1499,1501,0.15401368153923503
2,1513,1515,0.1540145579798344
2,1509,1511,0.15401539229697714
2,1510,1512,0.154016181824421
2,1510,1512,0.15401692701594633
4,1520,1524,0.15401762939807986
4,1523,1527,0.15401194607222904
4,1516,1520,0.15400659165102953
4,1534,1538,0.15400155300034996
4,1521,1525,0.15399681470346566
2,1510,1512,0.15399236051014437
2,1509,1511,0.15399447575745032
2,1513,1515,0.15399649604494525
3,1526,1529,0.15399840900686518
3,1522,1525,0.1539970088324658
3,1520,1523,0.15399571028057985
3,1518,1521,0.15399448923476958
3,1513,1516,0.15399334101381926
3,1509,1512,0.1539922615790867
3,1521,1524,0.15399124696787223
3,1520,1523,0.15399029335762432
3,1514,1517,0.15398939710831377
3,1519,1522,0.1539885547766083
3,1518,1521,0.1539877631161897
3,1526,1529,0.15398701907185405
3,1535,1538,0.15398631977095228
3,1533,1536,0.1539856625138353
3,1523,1526,0.1539850447640974
3,1515,1518,0.15398446413900477
3,1517,1520,0.15398391840029327
4,1529,1533,0.15398340544541866
4,1522,1526,0.1539797149597052
4,1525,1529,0.15397625809291665
4,1513,1517,0.15397301069987543
3,1506,1509,0.15396996037656285
3,1505,1508,0.15397029289056488
3,1502,1505,0.15397059957072087
3,1502,1505,0.15397088878239634
4,1496,1500,0.15397116079273063
3,1502,1505,0.15396831075013875
3,1519,1522,0.1539686984463287
3,1517,1520,0.1539690924370887
3,1509,1512,0.15396946764759398
3,1510,1513,0.15396982203317822
3,1516,1519,0.15397015576963738
3,1511,1514,0.15397046967211345
3,1523,1526,0.15397076474851898
3,1531,1534,0.15397104204823664
3,1533,1536,0.15397130260461586
3,1523,1526,0.1539715474117673
3,1511,1514,0.15397177741541598
3,1504,1507,0.15397199351001667
4,1499,1503,0.15397219653881056
3,1513,1516,0.1539692798010461
3,1521,1524,0.15396960692635064
3,1514,1517,0.15396994424369861
3,1520,1523,0.15397026642891506
3,1515,1518,0.1539705712002414
3,1500,1503,0.15397085850631467
2,1507,1509,0.1539711289481695
3,1511,1514,0.1539745479721537
3,1496,1499,0.15397465261088136
3,1498,1501,0.1539747227189533
3,1506,1509,0.1539747822606141
3,1502,1505,0.15397483539005946
3,1495,1498,0.15397488383923139
3,1500,1503,0.15397492850141023
3,1507,1510,0.15397496992182216
3,1503,1506,0.1539750084770847
3,1502,1505,0.15397504445113733
3,1500,1503,0.15397507807159205
3,1509,1512,0.15397510952893279
3,1507,1510,0.1539751389874809
3,1502,1505,0.15397516659207125
3,1508,1511,0.15397519247234243
3,1505,1508,0.15397521674562634
2,1503,1505,0.15397523951898
1,1508,1509,0.15397836999804188
1,1514,1515,0.1539845309241076
1,1505,1506,0.15399034766641198
1,1511,1512,0.15399583327631755
1,1516,1517,0.15400099979051773
1,1516,1517,0.15400586262399327
1,1512,1513,0.1540104380268745
1,1521,1522,0.15401474209615787
1,1518,1519,0.15401879038816588
1,1520,1521,0.15402259776495464
1,1524,1525,0.15402617834053567
1,1524,1525,0.1540295454731301
1,1525,1526,0.1540327117797621
1,1523,1524,0.15403568916188853
1,1524,1525,0.15403848883632237
1,1515,1516,0.15404112136838802
1,1512,1513,0.15404359670562157
1,1515,1516,0.1540459242110697
1,1507,1508,0.15404811269565802
1,1504,1505,0.154050170449337
1,1509,1510,0.15405210527085939
1,1492,1493,0.15405392449612487
1,1500,1501,0.1540556350250813
1,1527,1528,0.15405724334720158
1,1541,1542,0.1540587555655752
1,1531,1532,0.1540601774196627
1,1528,1529,0.1540615143067692
1,1529,1530,0.15406277130229465
1,1533,1534,0.15406395317881982
1,1526,1527,0.15406506442408827
1,1533,1534,0.15406610925794023
1,1511,1512,0.15406709164825613
1,1529,1530,0.1540680153259638
1,1523,1524,0.15406888379916098
1,1518,1519,0.1540697003664033
1,1521,1522,0.15407046812920597
1,1523,1524,0.15407119000380295
1,1519,1520,0.15407186873220802
1,1514,1515,0.15407250689261784
1,1519,1520,0.15407310690919496
1,1522,1523,0.15407367106126865
1,1519,1520,0.15407420149198625
1,1521,1522,0.15407470021644865
1,1515,1516,0.1540751691293603
1,1523,1524,0.15407561001222214
1,1513,1514,0.15407602454009472
1,1511,1512,0.15407641428795826
1,1506,1507,0.15407678073669143
1,1514,1515,0.15407712527869388
1,1518,1519,0.15407744922317246
1,1507,1508,0.1540777538011114
1,1502,1503,0.15407804016994558
1,1495,1496,0.15407830941795492
1,1492,1493,0.15407856256839544
2,1510,1512,0.15407880058338427
3,1524,1527,0.15407578665963245
3,1504,1507,0.15406970765543787
2,1505,1507,0.1540640054079313
2,1506,1508,0.15406189320398014
2,1526,1528,0.154059898794797
0,1504,1504,0.15405802198599133
