1383,28,1411,0.13582124701094467
1409,29,1438,0.13294007081606637
1430,29,1459,0.13024040649506882
1452,28,1480,0.1277222674474561
1451,30,1481,0.1253699298965392
1464,30,1494,0.12323053597939658
1458,29,1487,0.12124909338506452
1456,29,1485,0.11946080955592092
1453,32,1485,0.11783799096748222
1473,31,1504,0.11636777258877995
1455,30,1485,0.11497998089290082
1451,28,1479,0.1137606664646485
1462,28,1490,0.11265951694440282
1458,27,1485,0.11163112617951666
1466,26,1492,0.11070440946297037
1458,25,1483,0.10984200674933345
1468,25,1493,0.10907525607396262
1483,25,1508,0.10835444515157705
1493,24,1517,0.10766456040104228
1493,24,1517,0.10701411024815567
1480,23,1503,0.10642242305794813
1490,23,1513,0.10591342335618079
1482,23,1505,0.10542801049582988
1471,21,1492,0.10500435614132661
1482,21,1503,0.10464319721691315
1471,21,1492,0.10429012643500137
1467,21,1488,0.10399338541740058
1465,22,1487,0.10373181971344798
1469,22,1491,0.10349811269772054
1481,20,1501,0.10327689500930165
1474,20,1494,0.10304926026611783
1486,21,1507,0.10285749082850788
1486,22,1508,0.10265700351917059
1489,22,1511,0.10247405986765766
1477,22,1499,0.10230149734226998
1487,22,1509,0.10217025059360148
1480,22,1502,0.10202932667148298
1481,21,1502,0.10191652369200294
1473,21,1494,0.10181154211333983
1481,22,1503,0.10173304660005496
1475,22,1497,0.10164451828670201
1479,24,1503,0.10157681804858171
1490,23,1513,0.10150630576173278
1491,24,1515,0.10141868144793154
1485,24,1509,0.101336799533587
1477,23,1500,0.10127514538007501
1494,22,1516,0.10123628273109368
1495,22,1517,0.10116467163343607
1480,20,1500,0.1010973466589235
1474,20,1494,0.10106858841543637
1460,20,1480,0.10105499846112263
1464,21,1485,0.10107266525636831
1468,20,1488,0.10108023410136494
1474,20,1494,0.10107843390934984
1478,20,1498,0.10106420366435472
1469,20,1489,0.10104301336884751
1476,20,1496,0.10104232249919363
1474,20,1494,0.10102694408922769
1474,21,1495,0.10101719223567947
1464,20,1484,0.10100820043381001
1464,20,1484,0.10102121119424322
1458,22,1480,0.10103299037674814
1461,21,1482,0.10105692772530624
1457,24,1481,0.10107222173249795
1456,24,1480,0.10109507797700931
1461,22,1483,0.10111810306136601
1467,22,1489,0.10112834711056365
1470,23,1493,0.10112452509745334
1463,22,1485,0.1011146839328611
1454,23,1477,0.10112042314234458
1454,21,1475,0.1011453395484157
1458,21,1479,0.10116801960327525
1459,21,1480,0.10118001605397964
1463,21,1484,0.10118849015590983
1457,20,1477,0.10118762267375864
1459,20,1479,0.10119967346236618
1449,20,1469,0.10120649202638
1448,22,1470,0.10123432340686374
1442,24,1466,0.10126153493697021
1462,23,1485,0.10129969624008187
1474,23,1497,0.10129153995325554
1474,23,1497,0.10125835791700416
1481,25,1506,0.10122818055277277
1473,27,1500,0.10118557223073811
1468,28,1496,0.10116390968908442
1474,27,1501,0.10115480004745231
1479,24,1503,0.10113362435722341
1484,23,1507,0.10110353856953001
1471,23,1494,0.10106541402091378
1478,23,1501,0.10105853577131262
1478,24,1502,0.1010374933634387
1466,24,1490,0.10101808048475203
1459,25,1484,0.1010260484468882
1454,26,1480,0.10104852627616472
1454,28,1482,0.10107950901859475
1458,27,1485,0.1011083181676975
1463,30,1493,0.10112599455656249
1461,29,1490,0.101131472331747
1468,30,1498,0.10114093325693123
1463,30,1493,0.10113471046684303
1478,29,1507,0.10113947109439998
1466,29,1495,0.10111186364879149
1450,28,1478,0.10111221172274082
1451,27,1478,0.1011468102623443
1466,27,1493,0.10117623279445134
1465,26,1491,0.10117095094203929
1477,25,1502,0.10116852893917713
1476,25,1501,0.10114013169120466
1471,27,1498,0.10111680864283212
1480,27,1507,0.10110608337066922
1481,29,1510,0.10107647840222934
1473,31,1504,0.1010475489294382
1481,31,1512,0.10103815082318651
1482,30,1512,0.10101293622006806
1472,33,1505,0.10098827006812894
1481,32,1513,0.10098668202292234
1466,31,1497,0.10096585527047956
1479,31,1510,0.10097927545639448
1475,34,1509,0.10096402198556331
1484,35,1519,0.10095845480548277
1475,36,1511,0.10093429017115671
1476,35,1511,0.10093153283238418
1474,34,1508,0.10092674640949127
1472,35,1507,0.10092651271406515
1459,36,1495,0.10093077118973386
1476,36,1512,0.1009622035535185
1476,37,1513,0.10095441173951179
1463,37,1500,0.10094760501232085
1473,36,1509,0.10096923465380266
1461,35,1496,0.10096738630033243
1465,37,1502,0.10099118487024888
1456,39,1495,0.10100465321168786
1460,38,1498,0.10103672567711333
1451,40,1491,0.10105724447853678
1440,41,1481,0.10109509946228915
1445,40,1485,0.10115337082474563
1463,40,1503,0.10119631197825242
1447,38,1485,0.10119693235628649
1441,37,1478,0.10123133693459443
1437,38,1475,0.10127565766847205
1436,39,1475,0.1013245936377499
1429,38,1467,0.10137062277030355
1430,41,1471,0.10142793679992228
1442,42,1484,0.10147843684415825
1439,42,1481,0.10149829300958857
1448,42,1490,0.10152302495925741
1454,44,1498,0.10152619701948944
1457,43,1500,0.10151617951174405
1442,44,1486,0.10150005062325283
1454,41,1495,0.10151754634159232
1448,37,1485,0.10150783227736408
1454,37,1491,0.10151174019507099
1451,37,1488,0.10150247128313233
1439,37,1476,0.10150026327663332
1450,37,1487,0.10152404598903857
1455,38,1493,0.10152234683716724
1433,38,1471,0.10150998381303428
1435,36,1471,0.10154635566360837
1455,35,1490,0.10157518992853962
1447,36,1483,0.1015582654548215
1454,36,1490,0.10155996155386748
1460,36,1496,0.10154610373243152
1462,36,1498,0.10152049250698948
1465,35,1500,0.10149355684903551
1454,36,1490,0.10146243642208247
1444,33,1477,0.10145755512525355
1455,34,1489,0.10147458662872814
1450,32,1482,0.10146659006665545
1452,33,1485,0.1014700796003238
1450,33,1483,0.10146920367614388
1441,32,1473,0.10147238378520607
1443,34,1477,0.10149371376666312
1439,33,1472,0.10150894291593804
1451,32,1483,0.1015315812220278
1472,32,1504,0.1015260531892471
1487,32,1519,0.10147585363841838
1476,31,1507,0.10139838238723371
1467,33,1500,0.10135154343454239
1469,36,1505,0.10132840844411195
1460,38,1498,0.1013031951496611
1473,38,1511,0.1012997642628395
1471,41,1512,0.1012690512828015
1468,40,1508,0.10124527196273898
1468,41,1509,0.10122993690986266
1447,42,1489,0.1012159488766756
1445,41,1486,0.1012481157155355
1453,41,1494,0.10128198327345488
1467,41,1508,0.10129569662438383
1471,40,1511,0.10127813007644398
1480,39,1519,0.10125415137004268
1468,36,1504,0.10121234731839579
1459,36,1495,0.1011999610242587
1457,38,1495,0.10120854828446296
1446,38,1484,0.10122084046329509
1438,41,1479,0.10125559454083419
1439,41,1480,0.10130471288229728
1428,42,1470,0.10134743174593336
1443,41,1484,0.10140999410124368
1448,44,1492,0.10143516509335675
1447,44,1491,0.10144679047259952
1449,41,1490,0.10145971375680216
1454,39,1493,0.10146777895864947
1450,40,1490,0.1014645763154353
1441,44,1485,0.10147031785598326
1434,43,1477,0.1014948222217191
1444,43,1487,0.10153206545009905
1437,44,1481,0.10154389103987231
1432,43,1475,0.10156952235027049
1432,41,1473,0.10160382673239843
1422,40,1462,0.1016344017989055
1437,41,1478,0.10168292500171677
1436,39,1475,0.10169511290754958
1424,42,1466,0.1017081749257909
1425,42,1467,0.1017469629624783
1430,44,1474,0.10178071556664327
1437,46,1483,0.10180020501642233
1434,46,1480,0.10180355338315007
1430,46,1476,0.10181262393521488
1431,46,1477,0.10182962113490632
1425,49,1474,0.10184272347923894
1426,50,1476,0.10186811499302666
1433,50,1483,0.10188919206984172
1424,54,1478,0.1018931645379672
1437,51,1488,0.10191607622963136
1438,49,1487,0.10190911359500694
1444,49,1493,0.10190024818487714
1457,49,1506,0.10187965600262297
1463,49,1512,0.10183315444111653
1457,51,1508,0.10177768995202392
1460,48,1508,0.10174054149393495
1464,46,1510,0.1016994446922487
1456,47,1503,0.10165299247071331
1449,49,1498,0.10162823791276178
1456,47,1503,0.10162085670192489
1443,48,1491,0.101599006484332
1444,48,1492,0.101606872452066
1460,47,1507,0.10161202197855962
1460,48,1508,0.10158225831940484
1455,49,1504,0.10155516549249416
1440,50,1490,0.10154129290534243
1438,50,1488,0.10156063126725617
1443,50,1493,0.10158217704380497
1440,49,1489,0.10159134846492196
1452,50,1502,0.10160589288465907
1445,51,1496,0.10159357906772573
1445,50,1495,0.10159738013129523
1446,50,1496,0.10160064785027365
1458,49,1507,0.10160143078487255
1450,50,1500,0.10157621682712226
1447,51,1498,0.10157071596902721
1446,52,1498,0.1015722052464404
1456,46,1502,0.10157522267906824
1450,47,1497,0.10155667503552636
1430,47,1477,0.10155350127077593
1430,43,1473,0.10159384393174939
1437,45,1482,0.10163039599298347
1439,45,1484,0.10164846327637428
1457,44,1501,0.10166102703648605
1456,48,1504,0.10163402757404416
1448,48,1496,0.1016119326890934
1447,47,1494,0.1016091603614295
1434,52,1486,0.10160838546737799
1437,54,1491,0.1016356455802526
1441,54,1495,0.10165397006189231
1440,54,1494,0.10166203313162975
1444,55,1499,0.10167165234549812
1447,56,1503,0.10167157719297752
1433,56,1489,0.10166510129518606
1435,56,1491,0.10168944475532413
1432,60,1492,0.10170763069054174
1423,58,1481,0.10173081690593293
1431,61,1492,0.10177144364679933
1435,58,1493,0.10179112355930961
1428,57,1485,0.10180057610536963
1438,60,1498,0.10182434192698228
1434,60,1494,0.1018247049415855
1437,59,1496,0.10183384051501139
1443,62,1505,0.10183632028838867
1442,64,1506,0.10182528441412292
1433,64,1497,0.10181684726934663
1442,60,1502,0.10182850065754549
1423,58,1481,0.10181978302012656
1418,57,1475,0.10185260170744898
1409,61,1470,0.10189308668618441
1408,63,1471,0.10194941447069532
1422,59,1481,0.1020032338610576
1422,58,1480,0.10202170146704455
1423,58,1481,0.10203872701242514
1444,60,1504,0.10205229893491996
1444,60,1504,0.10201891054013189
1456,57,1513,0.10198796570542389
1449,55,1504,0.1019340696961568
1447,57,1504,0.10190005038969971
1446,57,1503,0.10187371307845769
1449,58,1507,0.10185161198085152
1445,58,1503,0.10182528602588661
1434,59,1493,0.10180975323340621
1429,57,1486,0.10181929394046235
1443,54,1497,0.1018388557559855
1439,52,1491,0.10182668945482116
1446,50,1496,0.10182408698715034
1445,51,1496,0.10180639034256408
1443,50,1493,0.10179245135923386
1464,49,1513,0.1017835641684296
1446,49,1495,0.10172996390473486
1449,50,1499,0.10172024354642399
1434,50,1484,0.10170483743620168
1439,49,1488,0.10172264453547598
1434,49,1483,0.10172822008169112
1440,47,1487,0.10174402218657207
1451,50,1501,0.10174523156296043
1444,49,1493,0.10172279503629117
1444,48,1492,0.10171801516263937
1453,46,1499,0.10171300231541505
1441,45,1486,0.10168896578509588
1443,47,1490,0.10169301431254496
1430,48,1478,0.10169248852254865
1437,48,1485,0.10172007048013057
1445,48,1493,0.10172977333135608
1446,46,1492,0.10172161162549069
1440,46,1486,0.10171187562828435
1450,45,1495,0.10171598227239383
1444,49,1493,0.1016975713272002
1444,49,1493,0.10169394239664342
1451,46,1497,0.10169069561739662
1438,50,1488,0.10167271124779567
1454,49,1503,0.10168430701581141
1440,49,1489,0.1016605239079313
1441,51,1492,0.10166922509851524
1447,49,1496,0.10167482437125183
1454,50,1504,0.10166751185875932
1450,48,1498,0.10164539387634623
1447,48,1495,0.1016338636011099
1450,46,1496,0.10162927097236234
1455,46,1501,0.10161838286453534
1458,47,1505,0.1015976770355902
1448,46,1494,0.10157254287725706
1456,46,1502,0.10157129922852906
1466,46,1512,0.10155266546708638
1455,43,1498,0.10151443967217935
1456,44,1500,0.10150335009441733
1459,47,1506,0.10149086162821262
1451,49,1500,0.1014731094697598
1451,47,1498,0.10147453209544308
1449,49,1498,0.10147519568002714
1456,47,1503,0.10148052672550882
1446,47,1493,0.10147050550350432
1452,46,1498,0.10148276195520128
1449,47,1496,0.10148070512351288
1449,46,1495,0.10148538248413282
1451,46,1497,0.10148956370226764
1445,47,1492,0.10148912933175272
1439,49,1488,0.10150202696614129
1447,49,1496,0.10152623815140448
1448,48,1496,0.10153104516386563
1441,47,1488,0.10153354073716049
1436,50,1486,0.10155132408625349
1442,49,1491,0.10157838539646576
1435,53,1488,0.1015898437359107
1443,54,1497,0.10161553144144551
1451,55,1506,0.10162176774762283
1451,52,1503,0.1016102751694194
1450,51,1501,0.10159982617267665
1447,52,1499,0.10159256214525587
1446,52,1498,0.10159225424830147
1449,55,1504,0.10159392060802486
1441,54,1495,0.10158925694743962
1444,56,1500,0.10160210239850176
1445,54,1499,0.10160770005085556
1442,54,1496,0.10161085449101259
1436,53,1489,0.10162035427607652
1439,51,1490,0.10164162184962415
1428,54,1482,0.10165454436934095
1410,55,1465,0.10168958576115816
1417,56,1473,0.10176075600812967
1425,57,1482,0.10181067452075637
1431,57,1488,0.10183864135241798
1428,57,1485,0.10185126660147681
1417,58,1475,0.10186941156182634
1419,60,1479,0.10190936139314934
1430,59,1489,0.10194186736855204
1430,59,1489,0.10194774846004165
1442,61,1503,0.10195367849716724
1440,60,1500,0.10193345009619162
1439,59,1498,0.10191916314524206
1434,60,1494,0.1019079144864104
1432,58,1490,0.10190825442204751
1430,60,1490,0.10191256928301151
1432,63,1495,0.10192051773360852
1421,62,1483,0.10192422525797092
1426,64,1490,0.10195106017567439
1429,65,1494,0.1019649144182748
1437,68,1505,0.10197126085078326
1426,70,1496,0.10196008922243834
1422,71,1493,0.10197360060820194
1412,69,1481,0.10199475877526291
1421,70,1491,0.1020354015378712
1422,70,1492,0.10205315929112867
1429,71,1500,0.10206724003411197
1428,68,1496,0.10206509287865889
1411,66,1477,0.10206503260906744
1416,65,1481,0.10210132519879629
1428,66,1494,0.10212380773670678
1421,67,1488,0.10211849142801949
1422,67,1489,0.10212837914057868
1422,65,1487,0.10213548967626497
1420,66,1486,0.1021425753157431
1414,68,1482,0.10215359429346002
1420,70,1490,0.10217699957129035
1419,72,1491,0.1021852599633423
1411,74,1485,0.10219491414645152
1425,75,1500,0.10222144587018675
1418,78,1496,0.10221536025467573
1422,80,1502,0.10222533991497235
1425,82,1507,0.1022262280195548
1409,83,1492,0.10222014361721601
1411,85,1496,0.10224969113598564
1413,89,1502,0.10227306249985624
1422,92,1514,0.10229012457304634
1420,92,1512,0.10228666395147407
1421,93,1514,0.10228773214968687
1411,92,1503,0.10228675498909329
1406,96,1502,0.10230785549065664
1406,96,1502,0.10233779602373652
1408,97,1505,0.10236560194455922
1406,96,1502,0.1023873106953699
1415,95,1510,0.10241130457839716
1426,97,1523,0.10241336026390656
1416,96,1512,0.10239157988676234
1405,98,1503,0.10239298874457269
1402,97,1499,0.10241805981356687
1386,97,1483,0.10244794335319377
1400,95,1495,0.1025097230618333
1390,94,1484,0.1025351375864155
1388,92,1480,0.10258007189633656
1377,95,1472,0.10262541358574857
1384,96,1480,0.10269075855798752
1401,95,1496,0.10273520974706546
1404,95,1499,0.10273837133442847
1402,94,1496,0.10273471171331656
1395,96,1491,0.10273599766351403
1397,96,1493,0.10275242878021434
1383,94,1477,0.10276364653171939
1385,96,1481,0.10280493543228002
1381,98,1479,0.10283874030750123
1395,100,1495,0.10287758993871883
1387,102,1489,0.10288231709330774
1389,99,1488,0.10290399266222966
1385,100,1485,0.10291956264562692
1374,100,1474,0.1029425344250846
1391,103,1494,0.10298695846080744
1411,102,1513,0.10299120741072333
1405,102,1507,0.10295156688714246
1396,105,1501,0.10292863922804862
1402,106,1508,0.10292774001280304
1392,106,1498,0.102913902728483
1394,108,1502,0.10292267947937567
1409,107,1516,0.10292667284740517
1406,110,1516,0.10289801179589343
1407,107,1514,0.10287802065986813
1409,104,1513,0.1028575667222605
1401,105,1506,0.10283430299598917
1390,103,1493,0.10283031041624581
1382,105,1487,0.10285058842622959
1393,108,1501,0.10288713421997964
1403,104,1507,0.10289737287326699
1399,105,1504,0.1028846744636053
1404,105,1509,0.10288176201639214
1403,105,1508,0.10286735893675336
1411,106,1517,0.10285685739766472
1402,104,1506,0.10282979043676754
1395,106,1501,0.10282466742765717
1384,104,1488,0.10283488372856275
1394,106,1500,0.10286865208856241
1395,106,1501,0.1028772609635257
1400,106,1506,0.10288310560030013
1391,107,1498,0.1028769460100196
1395,106,1501,0.10289104033154026
1399,107,1506,0.10289511521503951
1397,106,1503,0.10289085493620163
1385,106,1491,0.10289111219519124
1373,103,1476,0.10291796483719164
1375,104,1479,0.10296778351118334
1381,109,1490,0.10300901123820463
1391,112,1503,0.10303391435241745
1403,109,1512,0.10303469326304725
1392,106,1498,0.10300942831784118
1388,107,1495,0.10301096094831444
1385,103,1488,0.10302090077923279
1399,101,1500,0.10303704433250971
1388,103,1491,0.10302114069057719
1383,107,1490,0.10303091358192447
1379,108,1487,0.10305028233336752
1380,112,1492,0.10307678050370278
1362,112,1474,0.10309937030396618
1366,111,1477,0.10315906241455094
1386,112,1498,0.10320529764454765
1376,114,1490,0.10320458081443765
1380,114,1494,0.10322513189278215
1377,114,1491,0.1032353149774815
1389,116,1505,0.10325149824812307
1391,120,1511,0.10323968617513288
1390,121,1511,0.10322469222923893
1379,121,1500,0.10321292340453024
1376,122,1498,0.10322596591880857
1374,118,1492,0.10324416055097764
1382,119,1501,0.10326557713304255
1387,118,1505,0.10326859002901692
1375,117,1492,0.1032600190110816
1388,118,1506,0.1032787106332706
1379,122,1501,0.10326653411904363
1374,123,1497,0.10327504143703116
1375,115,1490,0.10329400702294142
1376,116,1492,0.10330909758052019
1362,117,1479,0.10332121112674432
1355,124,1479,0.10336307124373267
1366,122,1488,0.1034167356957072
1376,119,1495,0.10344165865322395
1383,120,1503,0.10344182582845071
1380,122,1502,0.10342696712019159
1379,123,1502,0.1034202179749974
1378,121,1499,0.10341616070614362
1376,123,1499,0.10341448804770881
1369,118,1487,0.10341738788587355
1366,123,1489,0.10343594183823955
1371,121,1492,0.10345905940195892
1363,124,1487,0.10346887783486305
1358,126,1484,0.1034956877395064
1350,125,1475,0.10353094690767108
1356,128,1484,0.10358008445125685
1354,126,1480,0.10361154535996529
1373,127,1500,0.1036452334799807
1372,124,1496,0.10363456944437047
1382,121,1503,0.10362730235549783
1370,122,1492,0.10359919619252995
1361,126,1487,0.1035999449648768
1358,128,1486,0.10362044697607324
1349,130,1479,0.10364612007287462
1362,133,1495,0.10369027020419633
1353,135,1488,0.10370242097330112
1358,135,1493,0.10373317917176288
1356,136,1492,0.10375094147961068
1357,136,1493,0.10377152656116252
1364,134,1498,0.10378859412884013
1366,134,1500,0.10378936329935427
1366,133,1499,0.10378517045950193
1363,138,1501,0.10378146516629048
1368,140,1508,0.1037854145431046
1364,140,1504,0.10377760904516248
1363,142,1505,0.10377948253142646
1360,142,1502,0.10378339926601221
1370,143,1513,0.10379425080353258
1362,139,1501,0.10378260334911654
1357,141,1498,0.1037894950244726
1363,143,1506,0.10380686545003855
1352,142,1494,0.10381023948153896
1356,144,1500,0.10383757568730813
1354,141,1495,0.1038523795057186
1360,139,1499,0.10387048635328401
1360,134,1494,0.10387371941212362
1359,132,1491,0.10387594498902358
1357,129,1486,0.10388124933848526
1359,129,1488,0.10389078369694296
1358,125,1483,0.10389476429392314
1367,128,1495,0.10390028370930392
1368,126,1494,0.10388545129812417
1364,129,1493,0.10386979911679649
1368,130,1498,0.1038640954612281
1365,134,1499,0.10384930577801425
1355,138,1493,0.10384306079363638
1363,138,1501,0.10385991274883807
1344,135,1479,0.10385751692280892
1351,136,1487,0.10389638088623186
1349,136,1485,0.10391715981575554
1357,134,1491,0.10394078436051482
1359,134,1493,0.10394527098790134
1357,138,1495,0.10394503531006911
1351,137,1488,0.10394925937302021
1343,135,1478,0.10396701506014738
1343,140,1483,0.10400126324750557
1348,141,1489,0.10403249188513747
1347,143,1490,0.10404984901573808
1343,145,1488,0.10406827820410637
1337,139,1476,0.10409283191822397
1339,142,1481,0.10412819708711755
1347,139,1486,0.10415684493880324
1351,140,1491,0.10416557000980368
1360,141,1501,0.1041646375149542
1360,139,1499,0.10414420114774625
1359,135,1494,0.10412518123585103
1358,138,1496,0.10410955676078279
1359,145,1504,0.10409755944598359
1341,147,1488,0.10408365691632718
1355,147,1502,0.10411195247282866
1358,150,1508,0.10410724940512696
1347,146,1493,0.10409618193179115
1338,145,1483,0.10411011166311361
1325,146,1471,0.10414333096679025
1322,150,1472,0.10420195861710667
1331,154,1485,0.10426293790171162
1328,151,1479,0.1042988858105824
1323,151,1474,0.1043378896975744
1317,151,1468,0.10438503891429418
1341,150,1491,0.10444103402452214
1350,150,1500,0.1044394499108263
1347,153,1500,0.10441893984318167
1346,150,1496,0.1044067680172971
1336,149,1485,0.10439757481973569
1339,150,1489,0.10441075467708451
1341,147,1488,0.10441524477727945
1346,150,1496,0.104415844044951
1345,153,1498,0.10440551238047999
1330,154,1484,0.10439798620139708
1329,153,1482,0.10442376901626695
1338,156,1494,0.10444977459602488
1331,153,1484,0.10445439166422733
1328,151,1479,0.10447435517507316
1327,150,1477,0.10449890801989448
1334,155,1489,0.10452367064726667
1320,159,1479,0.10453150744129155
1332,156,1488,0.10457031214457241
1335,152,1487,0.10457942882276872
1331,154,1485,0.10458150301787515
1335,158,1493,0.10459139993463111
1327,160,1487,0.10459203016127618
1331,157,1488,0.10461050807100211
1333,160,1493,0.10461896198901105
1323,158,1481,0.10462220239127358
1320,155,1475,0.10464780209873997
1328,154,1482,0.10467740965123024
1323,163,1486,0.10468697307024105
1343,160,1503,0.10470696831699737
1333,158,1491,0.1046817768039403
1343,158,1501,0.10468105077484884
1342,158,1500,0.10465857597109922
1326,155,1481,0.10463952411570716
1327,162,1489,0.10465763617321933
1300,170,1470,0.10467187772607417
1313,168,1481,0.10474376466766279
1314,165,1479,0.10478060565839765
1317,161,1478,0.10481260705981012
1310,165,1475,0.10483539092099481
1314,161,1475,0.10487116470337421
1318,160,1478,0.1048953609203224
1329,160,1489,0.10490870350391251
1340,158,1498,0.10489648109193621
1345,160,1505,0.10486155730340346
1347,161,1508,0.10481758760157786
1339,154,1493,0.1047733881141748
1340,156,1496,0.10475054102490301
1350,158,1508,0.10472767975529894
1351,154,1505,0.10468483256568117
1352,155,1507,0.10464254182886693
1340,154,1494,0.10460128475607057
1344,153,1497,0.1045895165141471
1319,154,1473,0.10456961292370735
1321,158,1479,0.10460570876003494
1337,154,1491,0.1046340093898835
1334,157,1491,0.10462357961275062
1336,154,1490,0.10462108496669423
1334,153,1487,0.1046142244390985
1343,158,1501,0.10461320514184039
1349,156,1505,0.1045928798828836
1337,155,1492,0.1045614157680159
1334,157,1491,0.10455965970452141
1331,158,1489,0.10456458990726411
1332,160,1492,0.10457579633380253
1331,162,1493,0.10458428452241258
1334,156,1490,0.10459419569086464
1326,162,1488,0.10459664930799967
1324,163,1487,0.10461674382314953
1330,161,1491,0.10463894494500864
1341,163,1504,0.10464616279066088
1329,163,1492,0.10462870838853128
1339,167,1506,0.10463847525547224
1335,168,1503,0.10462574157624402
1324,162,1486,0.10462373811510187
1327,162,1489,0.10464479488323385
1354,163,1517,0.10465700198542453
1354,161,1515,0.10460826425947928
1355,159,1514,0.10456374169017858
1356,156,1512,0.10452104179596391
1349,154,1503,0.10448087831502924
1349,156,1505,0.10445937012156549
1343,159,1502,0.10443934588713777
1340,165,1505,0.10443402782408988
1340,168,1508,0.10443657977028735
1334,164,1498,0.10443869341669622
1333,166,1499,0.10445434734801452
1332,162,1494,0.10447015919932884
1331,162,1493,0.10448613546312573
1342,162,1504,0.10450252544250663
1330,165,1495,0.10449280174448651
1331,169,1500,0.10451030787908518
1322,164,1486,0.10452391238573437
1330,162,1492,0.10455647700147828
1337,163,1500,0.1045690042452415
1328,169,1497,0.10456466548178478
1312,167,1479,0.10458090099015745
1312,164,1476,0.10463066951959746
1318,166,1484,0.1046770554778869
1324,174,1498,0.10470656647679696
1329,172,1501,0.10471942905517283
1329,174,1503,0.10471989044248549
1333,166,1499,0.10472089312816817
1338,164,1502,0.10471343535839978
1321,168,1489,0.10469594306508645
1324,169,1493,0.10471704438338772
1322,169,1491,0.1047299918940684
1316,172,1488,0.10474657856947367
1326,176,1502,0.104775445368552
1331,180,1511,0.10477954397467404
1335,180,1515,0.10477290815646581
1328,176,1504,0.10475826167156374
1319,175,1494,0.10476073531507307
1320,180,1500,0.10478337874751588
1325,180,1505,0.10480114534562673
1319,181,1500,0.10480688585842518
1320,185,1505,0.10482581500617584
1321,185,1506,0.10484139144277023
1315,186,1501,0.10485345180454515
1311,184,1495,0.1048770497911665
1317,188,1505,0.10490654844766326
1319,188,1507,0.10492027757681711
1326,186,1512,0.10492814403157011
1321,185,1506,0.10492049013503252
1325,182,1507,0.10492467298238656
1321,175,1496,0.1049194622715725
1326,175,1501,0.1049229075432536
1327,176,1503,0.10491400603016875
1325,177,1502,0.10490377874462922
1329,177,1506,0.1048980734379234
1329,179,1508,0.10488535151442444
1323,177,1500,0.1048729727313893
1316,176,1492,0.10487561728086173
1327,175,1502,0.10489321137648976
1334,175,1509,0.10488563456455818
1329,179,1508,0.10486364531780644
1338,173,1511,0.10485363567661367
1338,172,1510,0.10482483211399668
1320,172,1492,0.10479909317978081
1315,177,1492,0.10481473493100367
1314,178,1492,0.10484005218416576
1328,183,1511,0.10486507773344467
1317,183,1500,0.10485749038598087
1292,184,1476,0.10487542303236222
1286,182,1468,0.10494790577920078
1296,181,1477,0.1050274101221134
1300,188,1488,0.10507736740605854
1301,182,1483,0.10511491742666458
1310,180,1490,0.1051461139259119
1302,176,1478,0.10515517166811893
1311,173,1484,0.10518146714097827
1309,177,1486,0.1051861101008696
1319,180,1499,0.10519507447810053
1327,182,1509,0.10518042505440539
1315,185,1500,0.10514901657816754
1316,185,1501,0.10514740136385502
1325,189,1514,0.10514447524360553
1330,186,1516,0.10512180591595652
1322,189,1511,0.10509011434624085
1305,188,1493,0.10507877740797653
1305,184,1489,0.10510628282232588
1309,186,1495,0.10513182210743134
1310,190,1500,0.10514599031220236
1314,190,1504,0.10515710090963293
1314,189,1503,0.10515864558001699
1310,190,1500,0.10516007514591048
1316,190,1506,0.10516998295361699
1313,194,1507,0.10516729812547655
1309,190,1499,0.10517174423227021
1307,191,1498,0.10518437284576651
1317,195,1512,0.10520055793005056
1310,196,1506,0.10519449542592448
1320,202,1522,0.10520591940910375
1318,198,1516,0.10519368754440359
1308,200,1508,0.10518721930569372
1295,194,1489,0.10520403794019893
1287,195,1482,0.10524858607681573
1284,199,1483,0.10530734474381308
1282,197,1479,0.10536713498957273
1280,196,1476,0.10542593469299916
1289,201,1490,0.10548358032356835
1301,203,1504,0.10551664080481099
1295,200,1495,0.1055208741348973
1296,203,1499,0.10553772369800325
1300,200,1500,0.10555151723189861
1287,201,1488,0.1055550669211957
1282,203,1485,0.10558874128447282
1284,199,1483,0.10563101627906157
1294,205,1499,0.10566606940257948
1283,203,1486,0.1056766146941429
1272,206,1478,0.10571007977834754
1279,209,1488,0.10576536726968054
1280,208,1488,0.10580112037976312
1286,210,1496,0.10583086887126619
1294,211,1505,0.10584524083724542
1288,212,1500,0.10584102101995263
1286,207,1493,0.10584999972142509
1286,207,1493,0.10586199821982639
1291,208,1499,0.10587298254791871
1284,211,1495,0.10587233620173736
1285,213,1498,0.10588773488221288
1276,216,1492,0.10589897304227769
1272,211,1483,0.10593018901115762
1283,207,1490,0.10596709856533096
1290,208,1498,0.10597663053731952
1297,207,1504,0.10596964344106312
1299,210,1509,0.10594668915122131
1294,206,1500,0.10592091664888875
1284,206,1490,0.10591025250526165
1278,216,1494,0.10592352367588895
1269,216,1485,0.10594843773101935
1265,216,1481,0.1059927037608261
1272,217,1489,0.10604320724545058
1281,219,1500,0.10607339230035535
1277,219,1496,0.10608180346108291
1282,220,1502,0.10609858475526761
1289,221,1510,0.10610308819059328
1278,223,1501,0.1060916794750332
1270,223,1493,0.1061055893893218
1263,225,1488,0.10613557138305513
1264,227,1491,0.10617839653937526
1275,225,1500,0.10621534851642003
1277,225,1502,0.10622520919947157
1285,225,1510,0.10623089302838708
1273,228,1501,0.1062196109432569
1269,238,1507,0.10623569369696982
1269,235,1504,0.10626043599192968
1270,238,1508,0.10628266634325716
1265,236,1501,0.10630119524646417
1267,241,1508,0.10633011152858775
1273,243,1516,0.10635327694918786
1279,234,1513,0.10636026108288021
1276,234,1510,0.10635296018499474
1283,232,1515,0.10635321595825314
1270,237,1507,0.10633787696123495
1255,232,1487,0.10635358485670675
1248,234,1482,0.10640133066331284
1246,241,1487,0.10646141908194523
1242,241,1483,0.10652020037180268
1243,240,1483,0.10658439100655763
1255,245,1500,0.10664129567354831
1251,253,1504,0.10666598095687525
1242,249,1491,0.10669796910359863
1244,245,1489,0.10674713796840972
1239,247,1486,0.10678826895292431
1239,246,1485,0.10683670132465053
1236,247,1483,0.10688024052018712
1240,240,1480,0.10692713219602695
1249,243,1492,0.10696131824476762
1253,246,1499,0.10697396753612722
1267,246,1513,0.10697716629199487
1274,252,1526,0.10694848006435054
1275,249,1524,0.10690724986439173
1262,246,1508,0.10686864634670873
1263,249,1512,0.10686251876305641
1251,245,1496,0.10685490666090307
1252,248,1500,0.10687355945547478
1251,248,1499,0.10688756417340324
1244,246,1490,0.106902767647358
1250,244,1494,0.10693248222111063
1246,238,1484,0.10694731296257903
1243,243,1486,0.10697005530232186
1236,247,1483,0.10699876825554418
1252,248,1500,0.10704093144711478
1262,249,1511,0.10704350651054863
1254,250,1504,0.10702416478945455
1243,250,1493,0.1070238234260573
1245,255,1500,0.1070479019400717
1236,260,1496,0.10706561577033753
1240,261,1501,0.10710237348000753
1238,262,1500,0.10712830094240373
1240,267,1507,0.10715702025345203
1237,268,1505,0.10717949544756335
1238,267,1505,0.10720661959594974
1230,262,1492,0.10722959871544101
1221,263,1484,0.10726868744761234
1228,262,1490,0.10732494676684803
1240,262,1502,0.10736039886649679
1241,271,1512,0.10736583700316567
1233,272,1505,0.10736960640559882
1238,278,1516,0.10739134878223283
1237,274,1511,0.10740043043660201
1220,279,1499,0.10741201633083236
1224,280,1504,0.10746200334695648
1221,281,1502,0.10749830400584663
1216,288,1504,0.10753855567006741
1220,287,1507,0.107587303819917
1219,281,1500,0.10762289998310859
1208,280,1488,0.10765654290037936
1217,286,1503,0.10771180250889918
1223,284,1507,0.10774341586265943
1221,282,1503,0.10775944138901405
1225,286,1511,0.10777902118630328
1225,285,1510,0.10778795560730967
1212,288,1500,0.10779539806584071
1211,289,1500,0.10783079887649367
1208,291,1499,0.10786548854352844
1221,293,1514,0.1079037857562514
1199,291,1490,0.10790951894567476
1204,288,1492,0.107962969333956
1212,291,1503,0.10800106072024014
1220,288,1508,0.10801777400440252
1218,288,1506,0.10801527734842012
1230,286,1516,0.10801829953475073
1226,286,1512,0.10799392602662916
1219,283,1502,0.10798092685075837
1213,288,1501,0.10798483053679397
1215,284,1499,0.10800176067854875
1212,285,1497,0.10801258785994224
1215,284,1499,0.10803001210313852
1227,283,1510,0.10803875687333786
1224,282,1506,0.10801922514231568
1231,287,1518,0.10800808229879141
1237,290,1527,0.10798216331677563
1214,295,1509,0.10794612035400107
1217,295,1512,0.10796489966255404
1205,297,1502,0.107975955061293
1202,294,1496,0.1080137709829253
1214,295,1509,0.1080555031901709
1231,295,1526,0.1080673121694153
1219,289,1508,0.10804021542060685
1213,285,1498,0.10804239969379535
1203,289,1492,0.10805808853931687
1200,291,1491,0.10809515061865178
1192,298,1490,0.10813651548667653
1192,295,1487,0.10819331335554601
1183,296,1479,0.10824386351770204
1188,295,1483,0.10831010645037502
1196,297,1493,0.10835982192181554
1195,304,1499,0.10838767701233777
1179,306,1485,0.10841575881194342
1178,305,1483,0.10847909937105171
1192,303,1495,0.1085377788434798
1190,297,1487,0.10855930136473661
1198,299,1497,0.10858517735697024
1194,301,1495,0.10859037853383066
1203,301,1504,0.10860470148860017
1206,302,1508,0.10859794753713245
1201,304,1505,0.10858408966562268
1208,303,1511,0.10858263603522367
1215,299,1514,0.10856419875175305
1219,299,1518,0.10853215175903602
1221,301,1522,0.10849303633053806
1217,300,1517,0.10845245700324092
1194,302,1496,0.10842464688168515
1191,299,1490,0.10845046142197273
1189,304,1493,0.10848079821026729
1192,308,1500,0.10851344408302882
1189,305,1494,0.10853646973207592
1181,303,1484,0.10856419478383872
1181,302,1483,0.10860775345963619
1188,306,1494,0.10864747482339004
1196,310,1506,0.10866780118663452
1181,312,1493,0.10866888791908584
1165,310,1475,0.10870386851177165
1166,311,1477,0.108771661029043
1169,306,1475,0.10883181079305093
1176,307,1483,0.10888033255107522
1178,312,1490,0.10890842936456487
1175,305,1480,0.10892888292760368
1179,311,1490,0.1089541900942428
1183,317,1500,0.10896870654260603
1173,310,1483,0.10897284944873079
1172,301,1473,0.10900101033696209
1182,307,1489,0.10902823078215583
1185,306,1491,0.10903064134774809
1182,302,1484,0.10902652085398834
1181,302,1483,0.10902880018316226
1193,302,1495,0.10903348821026546
1181,307,1488,0.1090102840931178
1188,302,1490,0.10901689080019715
1190,305,1495,0.1090061314317416
1184,310,1494,0.10899184960738008
1194,305,1499,0.10899288327765885
1191,304,1495,0.108971231386036
1191,303,1494,0.10895680130178946
1187,311,1498,0.10894354448223606
1181,316,1497,0.10893972346815964
1184,316,1500,0.10895119535696446
1184,317,1501,0.10895493328975721
1184,316,1500,0.10895867387923658
1186,314,1500,0.10896158901762736
1178,316,1494,0.10896001963249058
1178,318,1496,0.10897659323297297
1193,315,1508,0.1089920963630028
1189,314,1503,0.10897137622854487
1188,313,1501,0.1089623825801987
1179,319,1498,0.1089560915838522
1184,320,1504,0.10896981584056835
1185,311,1496,0.10897082815510231
1178,307,1485,0.10896917111933618
1184,310,1494,0.10898440132759525
1176,309,1485,0.10898441182194346
1182,307,1489,0.10900273493614673
1179,312,1491,0.1090059210648276
1193,311,1504,0.10901698576866732
1199,316,1515,0.10899528600315342
1187,312,1499,0.10896267855255651
1187,304,1491,0.10896019116445219
1184,307,1491,0.10895830285985843
1181,310,1491,0.1089625542771936
1187,310,1497,0.10897256024027974
1185,310,1495,0.10896803765009264
1192,310,1502,0.1089692969087756
1187,306,1493,0.10895517001521504
1184,315,1499,0.10895380420690187
1180,305,1485,0.10895782288861434
1179,307,1486,0.10897084109355229
1170,303,1473,0.10898473747497885
1178,309,1487,0.10901761061202439
1170,301,1471,0.10902919223102912
1176,306,1482,0.10905789480308258
1180,310,1490,0.10906904732852608
1178,306,1484,0.10907055684663501
1178,314,1492,0.10907645511603035
1183,320,1503,0.10908213828261985
1176,322,1498,0.10907690518455589
1164,326,1490,0.10908810968186106
1164,329,1493,0.10912603818473622
1164,327,1491,0.10916094289462855
1162,322,1484,0.10919234714528617
1164,331,1495,0.10922468889040221
1168,327,1495,0.1092487866198858
1173,327,1500,0.10926205434412195
1174,325,1499,0.10926334358453879
1170,323,1493,0.10926318650553878
1167,321,1488,0.1092720080313674
1170,316,1486,0.10928775872406572
1167,321,1488,0.10929473265387309
1173,331,1504,0.10930949123562642
1165,331,1496,0.1093094697989076
1171,342,1513,0.10932931004598735
1158,342,1500,0.10933436726337352
1159,344,1503,0.1093668305336723
1157,347,1504,0.1093953300643851
1163,345,1508,0.10942632732355516
1158,346,1504,0.10944064095426147
1158,351,1509,0.10946675665813728
1159,351,1510,0.10949098127153052
1150,353,1503,0.10950999302047375
1140,349,1489,0.10954772196694783
1134,344,1478,0.1096040346696811
1143,335,1478,0.10967023234630588
1138,334,1472,0.10971027661365877
1139,337,1476,0.10975899616119016
1147,336,1483,0.10980146859594049
1149,338,1487,0.10982068873188618
1161,337,1498,0.10983331790361804
1165,341,1506,0.10981780770951607
1169,342,1511,0.1097938892109092
1165,342,1507,0.10976455104627023
1165,344,1509,0.10974807741093186
1151,349,1500,0.10973291400700753
1154,351,1505,0.10975157756232154
1158,354,1512,0.10976113814235731
1144,346,1490,0.10976073259398364
1146,348,1494,0.10979208602435463
1143,355,1498,0.1098177241784405
1124,360,1484,0.1098478524520062
1129,358,1487,0.1099188975723975
1130,362,1492,0.10997318267429453
1132,362,1494,0.11002174921071624
1139,368,1507,0.11006213107275174
1134,363,1497,0.11008349374927814
1131,363,1494,0.11011327776417357
1125,367,1492,0.1101467343363818
1129,365,1494,0.11019100579485987
1133,362,1495,0.11022184163892014
1131,365,1496,0.11023999728857813
1132,369,1501,0.11026218815518334
1127,372,1499,0.11028023376783691
1130,374,1504,0.11030843468295416
1137,380,1517,0.11032869315741411
1137,381,1518,0.11033040007738702
1136,376,1512,0.11033351131041708
1134,381,1515,0.11033876897328306
1139,376,1515,0.11035021310014816
1125,382,1507,0.1103480844466414
1120,384,1504,0.11037746280651209
1112,385,1497,0.11041732863822905
1095,384,1479,0.1104729943999314
1094,395,1489,0.11056361531344755
1097,393,1490,0.1106496849702859
1097,388,1485,0.11072137137943901
1103,393,1496,0.11078705157664054
1100,393,1493,0.11083366726437101
1096,394,1490,0.1108828719209802
1103,395,1498,0.11093679022747778
1114,395,1509,0.11096923386054669
1110,395,1505,0.11097431665022682
1115,386,1501,0.11098973437840436
1113,383,1496,0.1109907602795807
1119,380,1499,0.1109960051191878
1128,378,1506,0.11098698222867762
1121,375,1496,0.11095948793549183
1120,378,1498,0.11094863697839089
1122,379,1501,0.1109409088723237
1117,384,1501,0.11092947132352343
1107,385,1492,0.1109303115690097
1114,383,1497,0.11095386526707846
1107,387,1494,0.11096090599527768
1096,394,1490,0.11098374141749096
1094,389,1483,0.11103049699001019
1106,394,1500,0.11107780316913249
1095,399,1494,0.11109317550142953
1096,399,1495,0.11113223433657009
1095,395,1490,0.11116612269583176
1088,403,1491,0.11119928213565299
1088,408,1496,0.11124563976152309
1095,405,1500,0.11128826249687723
1088,404,1492,0.11131100690162138
1084,408,1492,0.11134807368094148
1082,413,1495,0.1113921620066935
1084,408,1492,0.1114368860741954
1074,407,1481,0.11147300104221088
1079,405,1484,0.11152905554537139
1083,410,1493,0.11156940254036808
1070,415,1485,0.11159773131477252
1081,414,1495,0.11165495799620505
1082,415,1497,0.1116814343680396
1088,416,1504,0.11170373233580005
1084,415,1499,0.11171078772466032
1087,414,1501,0.11172658374698947
1093,414,1507,0.11173403622469547
1095,420,1515,0.111728694440514
1085,423,1508,0.11171920141006474
1083,423,1506,0.11173344660172571
1078,421,1499,0.1117513511240102
1089,418,1507,0.11177951738007608
1067,423,1490,0.11177908796682784
1066,423,1489,0.11183059528118962
1069,428,1497,0.11188223267334635
1065,425,1490,0.11192317316286253
1084,422,1506,0.11197051129772685
1083,433,1516,0.11197082376224177
1074,433,1507,0.11197312793767289
1076,440,1516,0.11199659565516429
1075,432,1507,0.11201343856627764
1082,441,1523,0.11203106938501413
1072,441,1513,0.11203119823951666
1075,439,1514,0.11205243047874927
1069,434,1503,0.11206417670905562
1063,435,1498,0.11208890584949291
1061,441,1502,0.11212584996031655
1064,438,1502,0.11216425160109736
1052,442,1494,0.11219127625982526
1069,446,1515,0.1122449411337959
1060,445,1505,0.11225485726029343
1057,437,1494,0.1122849984505901
1066,435,1501,0.1123194691258929
1067,434,1501,0.11233020944798168
1065,438,1503,0.11233887751202837
1066,437,1503,0.11235082168625056
1063,441,1504,0.1123589459626282
1072,445,1517,0.11237352512001243
1078,437,1515,0.11236569342763682
1073,436,1509,0.1123451216187222
1069,444,1513,0.11233935447608873
1070,436,1506,0.11234426528313886
1063,436,1499,0.11234755246583489
1058,438,1496,0.11236675538010048
1057,427,1484,0.11239719948863731
1061,428,1489,0.11242719961437572
1062,428,1490,0.11244368401584623
1062,430,1492,0.11245706924953122
1065,437,1502,0.11246934084133187
1066,432,1498,0.11247311769686136
1071,429,1500,0.11247453429983163
1063,425,1488,0.11246496957404861
1059,424,1483,0.11247369750740954
1069,435,1504,0.1124911808725858
1076,441,1517,0.11248360932130388
1071,448,1519,0.11246004307545916
1069,441,1510,0.1124508531619425
1062,443,1505,0.11244723420586988
1067,436,1503,0.1124600467591031
1067,439,1506,0.11245966268948036
1063,434,1497,0.11245957374579799
1061,428,1489,0.11246849827555344
1051,442,1493,0.1124817603595632
1053,436,1489,0.11251851030741446
1048,441,1489,0.11254686763190506
1059,441,1500,0.11258315134874991
1063,449,1512,0.1125910789283415
1057,447,1504,0.11258897683380016
1053,445,1498,0.11260115085009616
1051,442,1493,0.1126218996115242
1057,449,1506,0.11264612985742609
1060,447,1507,0.11265590791580742
1052,446,1498,0.11265860197651115
1045,451,1496,0.112680527491082
1045,450,1495,0.11271758367248264
1049,462,1511,0.11275227759358554
1044,470,1514,0.11277579920311222
1030,471,1501,0.11280971236857329
1026,473,1499,0.11287410948017801
1027,475,1502,0.11294118481972198
1018,473,1491,0.11300181680112092
1017,470,1487,0.11307853623270801
1013,480,1493,0.11315243286501214
1013,476,1489,0.11323021592275946
999,476,1475,0.11330116395030719
1003,480,1483,0.11339949990898723
1014,487,1501,0.11348030954692473
1009,490,1499,0.11352951441975856
1012,477,1489,0.11358484517792763
1013,478,1491,0.11362976154168383
1010,480,1490,0.11366961789740979
1009,483,1492,0.11371460583605035
1015,484,1499,0.11375860548961683
1013,489,1502,0.11378411365199632
1013,490,1503,0.11381322382130289
1005,489,1494,0.11383963979482853
999,501,1500,0.11388285676326759
994,499,1493,0.11393762661975547
1004,495,1499,0.11400049513540353
1007,499,1506,0.11403485979733588
1001,494,1495,0.11405980409539068
1007,503,1510,0.1140951931547702
1010,504,1514,0.11411426374460235
1007,508,1515,0.11412341905837863
1010,506,1516,0.11413907536438703
1004,503,1507,0.11414622631849668
1005,507,1512,0.11416689318675363
1002,502,1504,0.11418462141263905
999,501,1500,0.11420852182933508
997,505,1502,0.11423842387874554
986,500,1486,0.11427035758862544
997,502,1499,0.11432475154052611
992,505,1497,0.11434892278153054
979,515,1494,0.11438324442151242
977,514,1491,0.11444598298885228
976,509,1485,0.11450875714867903
985,513,1498,0.11456837963550948
984,521,1505,0.11460233313959883
979,528,1507,0.11463493557083371
975,517,1492,0.11467749861606893
977,515,1492,0.11472699677048698
981,525,1506,0.11476652838744311
975,533,1508,0.11479255529012289
971,535,1506,0.11483140229392194
960,541,1501,0.11487710709689253
948,538,1486,0.11494441590557787
954,538,1492,0.1150356428047421
962,532,1494,0.11510634546641546
965,535,1500,0.11515236183864032
962,540,1502,0.11518863920732052
956,547,1503,0.11522925713837566
950,548,1498,0.11528128466427834
955,544,1499,0.11534298196435841
957,548,1505,0.11538847765605059
967,542,1509,0.11542681807007671
969,548,1517,0.1154384148682821
962,540,1502,0.11544493910061014
963,542,1505,0.11546785140844772
964,546,1510,0.11548919812026892
967,542,1509,0.11550596105223317
971,548,1519,0.11551489512267796
955,551,1506,0.11551520583366617
945,560,1505,0.11555456995828976
945,560,1505,0.11561458639265354
937,560,1497,0.1156697521609949
925,560,1485,0.11574067348941383
922,562,1484,0.11583397635611405
928,573,1501,0.1159283490140556
940,570,1510,0.1159995170309631
932,572,1504,0.11603794816146085
933,575,1508,0.11609308309455516
936,578,1514,0.11614147993547749
933,578,1511,0.1161802677456561
922,579,1501,0.11622290498515046
920,588,1508,0.11628739710303758
922,590,1512,0.1163538705762841
929,592,1521,0.11640955562684656
944,581,1525,0.11644311247583755
946,569,1515,0.11643979080986122
948,572,1520,0.11643164182739056
933,584,1517,0.11642030648451755
920,581,1501,0.11644460215980298
914,581,1495,0.11649786164245075
913,578,1491,0.11656165358386021
913,576,1489,0.11662159198258347
915,578,1493,0.11667781648278056
925,584,1509,0.11672580500083861
914,584,1498,0.11674761639150134
916,592,1508,0.1167955111646203
917,588,1505,0.11683231148171291
920,590,1510,0.11686496039819858
922,592,1514,0.1168877497864397
919,596,1515,0.11690442421099487
919,591,1510,0.11692772765088033
922,594,1516,0.11694991555347307
910,595,1505,0.11696360612124494
909,591,1500,0.11700515016758782
903,597,1500,0.11704579420067814
907,590,1497,0.11709603363407069
898,591,1489,0.11713293611876013
890,582,1472,0.11718885846287044
895,587,1482,0.11725927738491598
899,596,1495,0.11731208745623208
899,594,1493,0.11735074138163147
885,598,1483,0.11738650838115454
888,594,1482,0.11745349995276592
880,594,1474,0.117508576453472
884,593,1477,0.11757794209254689
879,595,1474,0.11763307128643605
891,601,1492,0.11769576432860124
889,606,1495,0.11772506304550895
903,609,1512,0.11775814362388572
903,606,1509,0.1177557808854441
912,602,1514,0.11775273024952185
903,605,1508,0.11772723042630417
912,596,1508,0.11772480744115973
912,599,1511,0.11770141285377587
905,602,1507,0.11767931092737305
909,596,1505,0.11767638784658505
900,602,1502,0.11766698730992242
888,601,1489,0.1176821291350862
890,605,1495,0.117723839100596
887,612,1499,0.1177578456291371
896,613,1509,0.11779544412506728
902,617,1519,0.11780735420642469
890,618,1508,0.11780508145908364
894,620,1514,0.1178313930546474
887,617,1504,0.11784572272435921
878,615,1493,0.1178762609905559
873,612,1485,0.11792801679846315
871,612,1483,0.11798814870929912
870,628,1498,0.11804905535608257
880,626,1506,0.1181074155101327
880,620,1500,0.11813700137148966
885,626,1511,0.11816468042130106
890,633,1523,0.11817901179365899
893,616,1509,0.11818129221585737
889,621,1510,0.11817560805786285
889,621,1510,0.11818010744316139
897,616,1513,0.11818241063887334
891,620,1511,0.11816602578962022
897,618,1515,0.11816561384430567
881,630,1511,0.11815046606599369
873,632,1505,0.11817614111927124
871,637,1508,0.11821875367189878
867,636,1503,0.11826254782771223
860,633,1493,0.118313495666704
848,635,1483,0.11837809649153481
858,648,1506,0.11846822385690384
862,647,1509,0.11852637142101116
868,647,1515,0.11857262515437292
872,641,1513,0.11860088930963925
870,647,1517,0.11861737640294832
865,651,1516,0.11863878255722199
876,647,1523,0.11867009454312445
872,645,1517,0.11867299744933263
865,651,1516,0.1186863479917746
863,657,1520,0.11871646451885073
855,652,1507,0.1187493546634153
855,652,1507,0.11879933047859303
861,658,1519,0.11884606947200684
857,661,1518,0.11887443922366252
854,667,1521,0.11890953990541007
846,645,1491,0.1189495766951793
842,648,1490,0.11900490476226216
849,645,1494,0.1190652444421104
856,635,1491,0.11910617777244202
851,657,1508,0.11912720710908681
849,654,1503,0.11915691286402338
848,656,1504,0.11918797389727934
854,650,1504,0.11921905091771567
861,650,1511,0.11923336128380506
857,655,1512,0.11922864067276247
850,650,1500,0.1192333610125162
856,648,1504,0.11925476555144225
857,657,1514,0.11925987613405477
855,662,1517,0.11926161874771615
858,655,1513,0.11926893704241724
853,658,1511,0.11926803855827675
859,666,1525,0.11927930500480396
859,663,1522,0.11927550988058558
855,656,1511,0.11927099076373283
858,650,1508,0.119275975222635
858,650,1508,0.11927307768493234
871,643,1514,0.11927062430603072
869,652,1521,0.11923598560198802
859,649,1508,0.11920937002880425
857,641,1498,0.11920955029948041
854,637,1491,0.11921400609277161
860,643,1503,0.11922445545711309
849,649,1498,0.11921966394027185
846,657,1503,0.11924221000327823
850,657,1507,0.11926857781519136
865,656,1521,0.11928445899614752
860,666,1526,0.11926348011996968
847,663,1510,0.11925846578155308
845,666,1511,0.11928691655680104
843,664,1507,0.11931998739608747
841,657,1498,0.11935501319965863
842,657,1499,0.11939120356479535
849,668,1517,0.11942214329853564
845,669,1514,0.11943352270720893
842,668,1510,0.11945413701624549
835,681,1516,0.11948049113749674
824,679,1503,0.11952343330828281
816,682,1498,0.11959060069521665
819,689,1508,0.11967010876067155
821,690,1511,0.11973737557092541
823,696,1519,0.11979371493308091
829,693,1522,0.11983967597019983
828,689,1517,0.11986768455564999
839,685,1524,0.11989642466466492
835,679,1514,0.11989614889675888
818,676,1494,0.11990503297482764
810,687,1497,0.11995522434447131
802,682,1484,0.12001993459598154
799,689,1488,0.12010028624542532
804,697,1501,0.12018166948138304
803,697,1500,0.12024545216079939
811,696,1507,0.12030575511157714
807,692,1499,0.12034088672576022
816,689,1505,0.12038359211561833
810,686,1496,0.12039969051320792
815,685,1500,0.12042899988477254
799,697,1496,0.12044579091555739
794,702,1496,0.12049977972901046
807,704,1511,0.12056061570389483
794,706,1500,0.12058390860208462
796,706,1502,0.12063705761388371
803,709,1512,0.12068098399626818
808,715,1523,0.12070574878696208
811,718,1529,0.12071656100355059
804,719,1523,0.12072073656188068
797,714,1511,0.12074254960949475
794,704,1498,0.12077945152226612
783,713,1496,0.12082207282961885
785,716,1501,0.12088903390717619
787,707,1494,0.12094585223887418
767,712,1479,0.12099413507514363
768,717,1485,0.12108791165187391
782,723,1505,0.12117273639356094
792,724,1516,0.12121674316929748
794,732,1526,0.12123291588524487
793,724,1517,0.12124308290894778
795,721,1516,0.12125609150954762
790,718,1508,0.12126370636049312
794,713,1507,0.12128300515962419
791,720,1511,0.12129145686796429
781,720,1501,0.1213070070746634
781,723,1504,0.1213466123856096
777,718,1495,0.12138318492413896
780,720,1500,0.12142520484815562
783,722,1505,0.12145707785369153
778,719,1497,0.12147806105731225
779,724,1503,0.12150858800725496
774,727,1501,0.12153447177683123
787,721,1508,0.12157064534177099
794,722,1516,0.12157253027854406
787,717,1504,0.12155712594601517
787,706,1493,0.12155978525631929
785,716,1501,0.12156208069379884
784,718,1502,0.12156990565959333
787,722,1509,0.12157899646624976
782,704,1486,0.12158135816303624
772,705,1477,0.12159520958082481
770,713,1483,0.12163307500307013
778,725,1503,0.12167172144155781
787,726,1513,0.12168795084102683
781,723,1504,0.12168119363861248
783,726,1509,0.12168955505574867
794,717,1511,0.12169268104141509
789,719,1508,0.12166710888908164
783,716,1499,0.12165634903932894
777,711,1488,0.12166093072397217
786,711,1497,0.12167833528829684
792,698,1490,0.12167217917372639
790,708,1498,0.12165424509203508
791,712,1503,0.121642050118199
792,715,1507,0.12162749406399936
791,707,1498,0.12161316201319168
796,708,1504,0.12160110274234125
791,690,1481,0.12158029550470423
794,684,1478,0.12157306758930549
796,692,1488,0.12155864023430146
798,695,1493,0.12154211938231209
789,690,1479,0.12151986627824041
791,688,1479,0.12152146750932183
796,692,1488,0.12151746561687723
800,696,1496,0.12150137818130896
805,687,1492,0.12147557885367397
796,690,1486,0.12143904929860141
791,690,1481,0.12142672447553568
787,700,1487,0.12142811209590422
805,693,1498,0.12143961690695526
800,695,1495,0.12140464567915302
794,687,1481,0.12138690921743198
801,688,1489,0.12138376669291087
801,703,1504,0.12136390039918318
805,701,1506,0.12134481360473531
802,695,1497,0.12131651992029735
809,693,1502,0.12129810198800986
814,683,1497,0.1212647637170082
809,686,1495,0.12122024157585916
810,689,1499,0.12119084294700276
808,689,1497,0.12116075665264338
808,695,1503,0.12114011685493953
808,696,1504,0.12112127214152102
814,705,1519,0.12110286022177624
819,700,1519,0.12107157005080182
815,710,1525,0.12102906205687905
808,708,1516,0.12099891841255815
810,699,1509,0.12099002285181296
806,695,1501,0.12097677990804742
809,705,1514,0.12097533818027474
802,709,1511,0.12096707835880835
798,711,1509,0.1209759111866216
793,709,1502,0.1209938604704999
787,708,1495,0.12102189470326405
782,722,1504,0.12106280864228694
786,717,1503,0.12111267694048944
793,724,1517,0.12114870604504184
789,720,1509,0.12116640238821731
785,715,1500,0.12119364112973824
785,709,1494,0.12122940481800218
789,718,1507,0.1212615229372086
784,718,1502,0.12128161495065214
779,718,1497,0.12131283009686947
781,725,1506,0.12135435418713848
783,724,1507,0.12138857567281593
783,730,1513,0.1214152999579236
775,736,1511,0.12144022952038298
776,730,1506,0.1214831353415671
772,736,1508,0.12151846675063126
767,740,1507,0.1215605120312339
766,745,1511,0.12161212812222309
773,741,1514,0.12166380480213401
771,733,1504,0.1216931450636678
772,730,1502,0.12172606616488889
773,735,1508,0.12175387633515786
765,733,1498,0.1217777141537955
767,731,1498,0.12181873699565852
762,737,1499,0.12185083453012183
761,742,1503,0.12189506150001778
769,735,1504,0.12193709491758721
766,742,1508,0.12195546075539873
767,741,1508,0.12197939953857162
765,743,1508,0.12199844874849411
770,736,1506,0.1220210715348567
772,746,1518,0.12202898801436976
765,739,1504,0.12203185084539041
761,742,1503,0.12205111089798162
763,741,1504,0.12207779093975354
769,745,1514,0.12209899375142332
767,740,1507,0.12210333918886546
768,727,1495,0.12211119127314643
770,738,1508,0.12211647595595913
764,737,1501,0.12211697830669635
766,743,1509,0.1221331302999861
758,744,1502,0.12214401168023632
762,753,1515,0.12217385428628998
758,747,1505,0.12219197390985269
760,756,1516,0.12222006554714149
752,754,1506,0.12224158704755822
739,763,1502,0.12228164999493486
743,756,1499,0.12235120632325927
735,758,1493,0.1224051752128284
739,751,1490,0.12247466021049938
742,741,1483,0.12252998704743134
751,753,1504,0.12257479632009384
743,757,1500,0.12259452681474667
740,764,1504,0.1226328133010531
731,780,1511,0.12267654378634103
741,783,1524,0.12274042885958596
748,771,1519,0.12277517556871746
747,774,1521,0.1227897546976613
738,783,1521,0.12280587657095847
734,773,1507,0.12284216151972745
746,776,1522,0.12288498296407317
738,784,1522,0.12289571144590042
732,788,1520,0.12292560518211591
739,784,1523,0.12296817922696317
737,778,1515,0.12298881363397018
724,781,1505,0.12301311448936474
730,782,1512,0.12306829552551321
718,780,1498,0.12310497147972234
709,777,1486,0.12316882746534766
707,774,1481,0.12325068899329167
712,773,1485,0.12332963320815661
717,766,1483,0.12338918357971346
721,780,1501,0.1234323773287397
726,786,1512,0.12346344315950784
721,798,1519,0.12348057718491433
728,801,1529,0.1235085099779564
727,789,1516,0.12351703420406747
724,795,1519,0.12352775058579046
729,784,1513,0.12354401285635554
724,791,1515,0.12354797230457219
730,782,1512,0.12356413961450462
740,783,1523,0.12356428416497567
738,783,1521,0.12354042005632962
729,786,1515,0.12352373972593605
734,783,1517,0.12353109648154312
734,778,1512,0.12352670371353704
742,790,1532,0.12352179145463033
740,783,1523,0.12349936175882609
741,774,1515,0.12348314973770577
736,772,1508,0.12346439021556739
739,768,1507,0.12345909062689159
741,778,1519,0.12344722496114713
740,772,1512,0.12343189236903765
721,786,1507,0.12342201978243911
717,790,1507,0.1234590499320399
725,780,1505,0.12350408232263707
719,779,1498,0.1235270367671332
721,792,1513,0.1235643858323598
718,784,1502,0.12359151796065757
725,792,1517,0.12362471619029908
720,793,1513,0.12363774835831727
724,790,1514,0.12366184385217735
718,789,1507,0.12367417348614719
712,794,1506,0.12370050563631327
711,797,1508,0.12374201098478163
711,789,1500,0.12378145430307308
713,787,1500,0.12381693319110297
713,784,1497,0.12384421720565018
708,780,1488,0.12386814403575552
711,787,1498,0.12390258467932053
710,793,1503,0.12392750916140699
704,791,1495,0.12395379786318145
704,798,1502,0.12399446829511965
704,797,1501,0.12403071314298846
700,801,1501,0.12406500434950857
706,805,1511,0.12410571364427525
707,801,1508,0.12412779885979983
710,795,1505,0.12414566524331817
710,794,1504,0.12415552920215674
706,796,1502,0.12416343656072709
707,794,1501,0.12418006391241754
705,803,1508,0.12419417390461635
712,813,1525,0.1242116686440173
701,803,1504,0.12421131189087092
704,802,1506,0.12423921662617719
698,798,1496,0.12425709270965644
710,796,1506,0.1242885154505917
704,793,1497,0.12428834766071516
705,793,1498,0.12430353237916143
704,794,1498,0.12431540847141041
704,801,1505,0.12432738173752884
715,803,1518,0.12434037690449098
709,809,1518,0.12432498013692202
701,813,1514,0.12432633032331093
703,821,1524,0.1243474899046377
704,821,1525,0.1243616070921743
703,831,1534,0.12437358171827238
700,827,1527,0.12438772629102657
684,824,1508,0.12440946175466991
689,817,1506,0.12447046825233796
692,826,1518,0.1245150691209556
688,825,1513,0.12454746510291465
693,830,1523,0.12458729697787974
692,817,1509,0.12461238361799001
685,805,1490,0.12463705442131438
688,816,1504,0.12467889635218005
685,807,1492,0.12470965926129456
686,819,1505,0.12474683711607398
689,820,1509,0.12477907165571045
684,821,1505,0.12480220963726806
685,824,1509,0.12483617545566367
685,826,1511,0.12486647117724037
687,819,1506,0.12489302799838738
684,810,1494,0.12491379610152922
689,824,1513,0.12494136560679255
679,825,1504,0.12495674571439153
673,821,1494,0.12499504588907513
667,826,1493,0.12504491582715271
672,830,1502,0.12510519010702006
664,844,1508,0.12514898080421344
668,838,1506,0.12520926526643683
665,845,1510,0.1252548064082932
661,844,1505,0.12530533928541648
663,854,1517,0.1253638949909487
659,858,1517,0.12541372904489928
656,858,1514,0.1254711186760641
656,853,1509,0.12553397401722854
653,856,1509,0.1255918445532973
647,863,1510,0.12565364092815348
650,859,1509,0.12572532790624638
634,868,1502,0.12578472399892587
628,866,1494,0.12588113810813395
650,867,1517,0.1259851767923755
639,860,1499,0.12602663337143225
640,863,1503,0.12609434618858406
643,866,1509,0.12615602505071344
642,879,1521,0.1262042452188463
646,880,1526,0.12625040555576925
646,883,1529,0.12628249012843687
647,870,1517,0.12631288714488323
648,866,1514,0.12633775510811623
642,863,1505,0.12635806077386852
645,872,1517,0.12639108176331906
641,865,1506,0.1264138044763098
636,878,1514,0.12644510251396957
634,870,1504,0.12648821032786686
636,882,1518,0.12653263983886054
637,878,1515,0.12656999319569281
636,882,1518,0.1266026359637421
645,871,1516,0.12663804438143564
646,869,1515,0.1266477288351998
655,879,1534,0.12665393663263255
645,878,1523,0.12663592460693684
644,880,1524,0.12664509714273334
650,869,1519,0.12665620583805906
643,870,1513,0.12665142161799017
643,869,1512,0.12666499051232097
637,877,1514,0.12667800449073666
621,880,1501,0.12670391933359842
624,880,1504,0.1267692213848896
631,880,1511,0.12682236650414286
631,885,1516,0.1268548876946941
624,873,1497,0.12688390600074975
622,878,1500,0.1269302518866989
621,882,1503,0.12697850035377103
604,879,1483,0.12702584868679181
602,886,1488,0.12711369460889688
601,900,1501,0.12719917726127508
604,892,1496,0.12728090886026122
607,903,1510,0.12735070641382756
603,899,1502,0.1274084829141358
606,900,1506,0.1274734717618631
609,902,1511,0.1275267792482718
603,912,1515,0.1275672327011962
597,906,1503,0.12762172309190548
602,908,1510,0.1276889218752564
592,903,1495,0.12773868786757514
595,902,1497,0.1278098824752774
595,898,1493,0.1278695621691035
579,913,1492,0.12792437320444733
576,911,1487,0.1280142036012849
579,911,1490,0.12810761163101683
580,919,1499,0.12818733575568644
581,912,1493,0.1282600512325676
581,921,1502,0.12832349813572003
581,917,1498,0.12838081017182965
578,923,1501,0.12843426487388984
577,924,1501,0.12849173178446904
585,918,1503,0.12854702080346211
583,926,1509,0.12857834017301606
584,928,1512,0.1286124152243274
582,923,1505,0.12864178566267173
584,922,1506,0.12867411600128048
580,922,1502,0.12869933601923236
583,923,1506,0.12873323563414804
581,930,1511,0.12875826595684575
586,935,1521,0.1287874111676165
587,931,1518,0.12879902467544724
585,930,1515,0.1288072485382002
589,920,1509,0.1288212910415616
585,929,1514,0.1288230345179179
578,932,1510,0.12883349988385343
584,943,1527,0.12886069171678216
587,945,1532,0.12887036766381063
574,943,1517,0.1288725739329916
568,944,1512,0.12890908952732072
565,945,1510,0.12895940335677825
568,941,1509,0.12901355839973366
561,945,1506,0.12905414420676184
567,941,1508,0.12911148046664367
565,947,1512,0.12914979328603626
558,952,1510,0.12919051816318014
557,954,1511,0.12924668714510099
552,953,1505,0.12929956146827606
557,946,1503,0.12936310192075026
560,942,1502,0.1294083552371665
566,946,1512,0.12944217324022628
559,954,1513,0.12945867984956835
561,960,1521,0.12949073652446186
561,959,1520,0.1295141854349932
559,963,1522,0.12953657586523146
560,956,1516,0.12956322614930207
557,943,1500,0.12958452582722313
561,948,1509,0.1296138417968617
557,952,1509,0.12963016881210895
548,942,1490,0.12965646174008053
552,955,1507,0.1297058270781879
549,962,1511,0.12974169084573284
553,960,1513,0.1297815612299789
553,955,1508,0.1298092384089597
569,945,1514,0.1298355284495876
567,949,1516,0.12981816206210975
562,943,1505,0.12980597543222797
568,946,1514,0.12980758271868276
572,954,1526,0.12979338816054653
562,951,1513,0.1297690463469136
570,954,1524,0.12977387097614168
568,947,1515,0.129758249390357
571,954,1525,0.1297494979847199
568,945,1513,0.12973377513028217
565,957,1522,0.12972627783406487
563,970,1533,0.12972750618618192
556,964,1520,0.12973426132187948
558,954,1512,0.12975755594588156
552,966,1518,0.12977562196273443
549,950,1499,0.1298076872667609
551,962,1513,0.12984536374241068
551,961,1512,0.1298772450383688
553,958,1511,0.12990710182805118
551,957,1508,0.12992884012620962
550,953,1503,0.12995453906730756
555,952,1507,0.12997894623421927
551,942,1493,0.12999018343090582
541,948,1489,0.1300115123358613
549,953,1502,0.13005634831446936
550,946,1496,0.13007920068260506
548,949,1497,0.13009745523554841
556,948,1504,0.13011801376424284
541,954,1495,0.13011693887616388
538,968,1506,0.13015522318456765
537,961,1498,0.1301992062526961
522,957,1479,0.13024293767315556
522,969,1491,0.13032065445855712
521,978,1499,0.13039336110627325
530,973,1503,0.13046445716560656
525,976,1501,0.1305078141013605
530,982,1512,0.13056199080964556
525,986,1511,0.130600068582412
522,995,1517,0.13064761516556345
519,1003,1522,0.13069863473031934
524,1003,1527,0.13075236153057956
525,1008,1533,0.1307894816857747
516,1006,1522,0.13082109944809395
510,999,1509,0.13087362140159492
506,993,1499,0.130938979594116
509,1004,1513,0.13100841181745207
509,1012,1521,0.13106540584735854
505,1013,1518,0.13111804942956914
506,1004,1510,0.13117865812902474
505,1009,1514,0.1312331865695791
505,1010,1515,0.1312866934543229
510,1008,1518,0.1313363338157885
504,1008,1512,0.13136950740694647
494,1012,1506,0.13141524222386083
496,1013,1509,0.13148427165072918
497,1017,1514,0.13154234593796382
491,1015,1506,0.13159172337412897
496,1017,1513,0.13165467877830536
501,1015,1516,0.13170003075990985
498,1014,1512,0.13172993860954216
489,1032,1521,0.13176727337974609
487,1022,1509,0.13182661952091665
493,1010,1503,0.13188836524289185
493,1004,1497,0.1319307214741216
489,1009,1498,0.13196884353342178
490,1014,1504,0.1320163405335835
495,1008,1503,0.13205768404203516
491,1013,1504,0.1320827823982973
500,1023,1523,0.1321179529093124
495,1020,1515,0.13212786780646232
487,1016,1503,0.13214739077069318
490,1017,1507,0.13218604913550727
490,1017,1507,0.132213892064427
492,1022,1514,0.13223969842593433
490,1021,1511,0.13225870272507567
496,1015,1511,0.13228086031885344
497,1003,1500,0.13228613244098505
497,1016,1513,0.1322894908259558
483,1022,1505,0.13229430931104708
484,1021,1505,0.13233354691454666
483,1018,1501,0.1323673840669961
481,1020,1501,0.13240054105957935
478,1029,1507,0.13243711284242443
482,1029,1511,0.13247745073509448
488,1024,1512,0.13250384060500114
478,1012,1490,0.13251420740045097
481,1022,1503,0.1325522157079898
480,1029,1509,0.1325823428736626
470,1031,1501,0.13261170564596075
472,1041,1513,0.13266657396306875
472,1046,1518,0.13271123418664227
481,1035,1516,0.1327538693960047
474,1035,1509,0.13277026330398264
472,1038,1510,0.13280373160845507
468,1039,1507,0.13283928766665296
475,1039,1514,0.1328839033079703
474,1037,1511,0.13290948772926275
466,1050,1516,0.1329361542812727
464,1048,1512,0.13298255916065435
462,1048,1510,0.13302931430698853
460,1039,1499,0.13307947186625044
463,1046,1509,0.13313326259600333
463,1052,1515,0.13317508142291085
457,1042,1499,0.1332133813418909
458,1055,1513,0.13326535526483596
458,1051,1509,0.1333101846514887
451,1063,1514,0.1333519367052788
452,1055,1507,0.13340984839175132
451,1055,1506,0.1334589731325581
457,1056,1513,0.1335065985834315
466,1061,1527,0.13353506351483713
466,1052,1518,0.1335391796269381
468,1059,1527,0.13354487907052615
470,1051,1521,0.1335451332956578
456,1055,1511,0.13354024133870954
460,1057,1517,0.13357355852910838
461,1058,1519,0.1335928336098593
465,1056,1521,0.1336084303869551
459,1051,1510,0.13361217485842572
457,1048,1505,0.1336294406392356
459,1049,1508,0.13364852771501876
466,1053,1519,0.13366221071552362
467,1053,1520,0.13365719868762446
456,1048,1504,0.1336506393271813
454,1044,1498,0.13367359053105846
457,1047,1504,0.1336987579634222
460,1050,1510,0.1337127561843543
457,1047,1504,0.13371936820594826
455,1045,1500,0.13373333188678135
454,1044,1498,0.13375243074231224
449,1048,1497,0.13377408311818026
443,1059,1502,0.13380760592884086
441,1054,1495,0.13385655261913063
444,1061,1505,0.13390719457223138
440,1063,1503,0.13394590318596974
443,1064,1507,0.13399187581317917
443,1059,1502,0.13402688185963565
442,1057,1499,0.13406189977308072
437,1061,1498,0.1340966228121023
445,1065,1510,0.1341418076499162
445,1065,1510,0.13416071257134304
444,1069,1513,0.134177604988477
445,1068,1513,0.13419685581228777
447,1066,1513,0.13421297000757512
434,1059,1493,0.13422259071120626
436,1061,1497,0.13426762235446849
434,1057,1491,0.13430331125534958
440,1060,1500,0.13434193578572415
443,1061,1504,0.13436344996213248
439,1074,1513,0.13437683258237543
440,1064,1504,0.1343984703981507
439,1059,1498,0.13441593751111885
442,1073,1515,0.13443695141034104
433,1078,1511,0.13444939885076843
428,1087,1515,0.1344862833769081
420,1084,1504,0.13453536683367315
426,1095,1521,0.1346023023454014
423,1096,1519,0.13464936621763252
427,1093,1520,0.1347025300007995
427,1085,1512,0.13474156925894018
423,1095,1518,0.13477796706356052
421,1093,1514,0.1348227463983246
416,1106,1522,0.1348704668800128
416,1109,1525,0.1349282644649344
416,1095,1511,0.13498249873129306
416,1098,1514,0.1350338560735278
415,1094,1509,0.13508222908265702
416,1094,1510,0.1351319985737924
416,1103,1519,0.13517581562654843
418,1099,1517,0.1352155436554205
410,1106,1516,0.13524665572629846
414,1097,1511,0.13529573387819152
409,1108,1517,0.13533061069253235
413,1102,1515,0.13537709752819974
410,1103,1513,0.1354090603708163
411,1102,1513,0.13544649603163172
411,1099,1510,0.13547801930629239
410,1096,1506,0.1355078521198447
407,1106,1513,0.13553779258879806
412,1103,1515,0.1355734296959242
406,1113,1519,0.13559322420705786
403,1113,1516,0.1356276193548814
402,1109,1511,0.1356671796536846
404,1108,1512,0.1357048706632596
402,1101,1503,0.13573540604438636
404,1116,1520,0.13576797728921128
400,1118,1518,0.13579453974130115
392,1111,1503,0.13583102670328207
389,1103,1492,0.1358877078650933
395,1105,1500,0.13594986747350557
401,1112,1513,0.13599189932630762
399,1110,1509,0.13601652632457573
397,1110,1507,0.1360448048158896
396,1115,1511,0.13607563537542236
392,1111,1503,0.13610718210435224
392,1108,1500,0.13614830300400363
385,1123,1508,0.13618588306395984
391,1112,1503,0.13623907965032836
384,1115,1499,0.13627344117586124
385,1117,1502,0.13632509012806288
386,1114,1500,0.13637058633092886
386,1120,1506,0.1364114177313215
383,1117,1500,0.13644979556217984
390,1118,1508,0.1364942990976319
388,1119,1507,0.13651654093491558
389,1124,1513,0.1365416793311482
390,1120,1510,0.13656304693768195
385,1132,1517,0.13658223495197472
384,1133,1517,0.13661367459125068
381,1123,1504,0.13664597632760722
373,1110,1483,0.13668512570542757
373,1129,1502,0.1367416293843221
375,1125,1500,0.13679303279420452
373,1139,1512,0.13683775075520432
363,1148,1511,0.13688420976075913
364,1149,1513,0.13695617437711868
362,1151,1513,0.1370204520812385
362,1143,1505,0.13708572163198063
355,1163,1518,0.13714825286690865
350,1172,1522,0.1372244822271297
343,1175,1518,0.13730892727835536
336,1170,1506,0.13740483979263649
335,1165,1500,0.13751356033334405
337,1175,1512,0.13761814047204546
342,1166,1508,0.1377103148929438
348,1170,1518,0.13778427730172646
346,1173,1519,0.13783627568442477
346,1170,1516,0.13789105252717906
345,1174,1519,0.13794330700413748
349,1176,1525,0.1379946968902118
348,1157,1505,0.13803153167327234
348,1159,1507,0.13806884467428499
351,1173,1524,0.1381025610641079
350,1180,1530,0.13812598653315147
347,1186,1533,0.13815115269971703
342,1175,1517,0.13818294042500487
338,1176,1514,0.13822585953247002
337,1177,1514,0.13827715707267083
338,1165,1503,0.1383274792112245
338,1174,1512,0.13837088138960701
336,1170,1506,0.13841152138340404
335,1178,1513,0.13845411866936497
336,1177,1513,0.1384966695901701
329,1186,1515,0.13853351139053532
333,1190,1523,0.13858845378272677
331,1187,1518,0.13862813969665225
330,1180,1510,0.1386708598044415
329,1171,1500,0.13871299819713198
328,1178,1506,0.1387560554228843
326,1171,1497,0.13879799735959103
328,1171,1499,0.1388431990224598
327,1179,1506,0.13887947526017444
327,1185,1512,0.13891646785317144
324,1195,1519,0.13895142804887464
326,1186,1512,0.1389920905679217
324,1188,1512,0.13902542511248062
318,1194,1512,0.13906221702268984
323,1179,1502,0.13911120306875183
327,1193,1520,0.139143955790536
333,1193,1526,0.13916463197852097
333,1186,1519,0.13916782023275248
335,1196,1531,0.13917147318984235
328,1194,1522,0.13916931449022038
324,1203,1527,0.13918632706003592
318,1202,1520,0.13921320889388833
319,1216,1535,0.139252917916453
314,1213,1527,0.13928670522970218
317,1220,1537,0.1393321939238983
308,1213,1521,0.1393666651477904
311,1216,1527,0.13942225831039756
303,1211,1514,0.13946518310083258
297,1210,1507,0.13952723211395346
302,1214,1516,0.13960117033272904
300,1210,1510,0.1396555160446896
297,1213,1510,0.13971073614306806
295,1213,1508,0.13977028251955181
295,1217,1512,0.13983065018854976
301,1202,1503,0.13988688800041094
292,1217,1509,0.13992373790930657
292,1218,1510,0.13998171845460017
279,1214,1493,0.14003483697047545
284,1215,1499,0.14011835525759897
285,1209,1494,0.14018269635694733
290,1223,1513,0.1402401588893882
294,1212,1506,0.14027940519687906
295,1219,1514,0.14030515086996823
296,1216,1512,0.14032591180647846
298,1215,1513,0.14034105021438933
303,1214,1517,0.1403491855155011
303,1217,1520,0.14034317209507016
302,1212,1514,0.14033846691670057
306,1218,1524,0.14033788475192438
304,1225,1529,0.14032635903958549
304,1219,1523,0.14032065250998746
308,1217,1525,0.14031507511847377
307,1209,1516,0.14029948191806896
300,1207,1507,0.14028791625230916
295,1212,1507,0.14029654069669348
299,1207,1506,0.14031754791247164
306,1208,1514,0.14032550586746742
308,1199,1507,0.14031526942021225
311,1200,1511,0.14029956878147437
305,1198,1503,0.14027792723643132
301,1195,1496,0.1402742553306072
296,1200,1496,0.1402818609876632
292,1210,1502,0.1403012699444901
294,1216,1510,0.14033092515992351
295,1217,1512,0.14035302914759956
289,1216,1505,0.1403704240389647
282,1224,1506,0.140401670824231
288,1232,1520,0.1404507376853475
283,1230,1513,0.1404804859291419
284,1237,1521,0.14052174256048816
277,1229,1506,0.1405570353026694
277,1225,1502,0.14060860002874154
276,1224,1500,0.14065668119012067
273,1215,1488,0.1407039655755285
278,1215,1493,0.14075593747312254
278,1230,1508,0.140791366272156
283,1226,1509,0.1408250051444542
285,1243,1528,0.14084270110042016
280,1233,1513,0.1408528330573569
280,1235,1515,0.14087687714697394
282,1227,1509,0.14089905496611965
284,1224,1508,0.1409144339182011
285,1227,1512,0.14092348601062257
286,1230,1516,0.1409297086610836
278,1225,1503,0.140933658854567
283,1219,1502,0.140957610679186
285,1219,1504,0.14096630717781225
288,1223,1511,0.1409684052748038
285,1227,1512,0.14096265935779997
285,1221,1506,0.14096435326955137
290,1229,1519,0.14096583791205197
291,1226,1517,0.1409526980514117
284,1234,1518,0.1409371724252092
286,1226,1512,0.14094364092434986
290,1232,1522,0.14094494402010102
291,1234,1525,0.1409351384117849
295,1227,1522,0.1409240229216859
296,1224,1520,0.14090302366503943
294,1230,1524,0.14088150763047216
292,1220,1512,0.1408669491214636
291,1212,1503,0.14085953356506822
288,1211,1499,0.14085587015927842
281,1214,1495,0.14086046039433203
284,1227,1511,0.1408845064469951
282,1234,1516,0.14089995989466658
284,1230,1514,0.14092023661457095
286,1237,1523,0.14093386158420834
280,1231,1511,0.1409404685649952
283,1230,1513,0.1409641647270108
285,1230,1515,0.14097768096206806
282,1243,1525,0.14098471286279557
282,1243,1525,0.14099973211611436
274,1237,1511,0.14101407455744946
278,1238,1516,0.1410496211442593
279,1233,1512,0.14107094609958762
278,1240,1518,0.1410881889810521
278,1241,1519,0.14110761342331457
278,1242,1520,0.1411267291923056
279,1229,1508,0.1411443189604479
270,1228,1498,0.14115765700484248
271,1223,1494,0.1411944911104227
270,1231,1501,0.1412264915784646
270,1222,1492,0.14125873207295844
268,1236,1504,0.14128867202649226
265,1237,1502,0.1413228505251509
269,1240,1509,0.14136348248062727
257,1245,1502,0.14139125753747422
258,1241,1499,0.1414491114082771
256,1244,1500,0.14150071693982136
259,1259,1518,0.14155392979804562
261,1246,1507,0.14159632370624953
267,1259,1526,0.14163078896019907
268,1253,1521,0.14164710466002936
265,1249,1514,0.14165992534624539
260,1251,1511,0.14168137339889036
265,1272,1537,0.14171492310299366
266,1260,1526,0.14173283086298022
262,1247,1509,0.14174691463402514
263,1248,1511,0.14177178497137302
267,1238,1505,0.14179119496409132
262,1243,1505,0.14179870111121487
267,1247,1514,0.1418194877681403
266,1242,1508,0.1418247327329293
267,1242,1509,0.14183281853784485
260,1243,1503,0.14183628947562318
258,1248,1506,0.14185895254306585
259,1261,1520,0.14188541676269073
253,1249,1502,0.14190659603042285
253,1244,1497,0.1419422643403917
251,1248,1499,0.14197415958273388
253,1235,1488,0.14200881258850492
254,1230,1484,0.14203458766273744
258,1248,1506,0.142055341117533
257,1230,1487,0.14206468041745232
260,1232,1492,0.14207660858175128
265,1233,1498,0.1420800073267214
261,1240,1501,0.1420705000523367
262,1246,1508,0.14207309246096794
261,1250,1511,0.14207321794142636
258,1251,1509,0.14207602621765944
258,1256,1514,0.14208767418071194
253,1251,1504,0.14209957904958498
256,1257,1513,0.1421247021208044
252,1253,1505,0.14214015717448872
250,1259,1509,0.14216592331431607
252,1269,1521,0.14219705598680818
248,1262,1510,0.14222086084598232
249,1264,1513,0.14225293401306718
250,1263,1513,0.14227934718396779
247,1266,1513,0.14230179545745264
251,1267,1518,0.14233205199461058
244,1265,1509,0.1423490509784473
240,1262,1502,0.14238377594015614
236,1271,1507,0.1424279579321041
233,1275,1508,0.14248074483720866
233,1283,1516,0.1425379560628232
230,1265,1495,0.14259012934028722
227,1268,1495,0.1426460777109471
231,1264,1495,0.1427069280201534
230,1255,1485,0.14275222581890065
237,1275,1512,0.14279756434965582
234,1281,1515,0.14282107145991682
236,1271,1507,0.14285063881616344
234,1270,1504,0.14287260950530453
238,1276,1514,0.14289926680843715
234,1284,1518,0.14291365345152612
233,1286,1519,0.14293781436633357
237,1287,1524,0.1429636053920132
234,1287,1521,0.14297679585772788
235,1275,1510,0.14299861605515518
232,1283,1515,0.14301677376523655
229,1290,1519,0.14304197042520508
229,1285,1514,0.14307393089535522
224,1287,1511,0.14310384695534067
221,1297,1518,0.14314551621703894
224,1304,1528,0.14319270309519438
223,1304,1527,0.1432283421212352
227,1294,1521,0.14326410044577384
233,1294,1527,0.1432867170816924
229,1287,1516,0.14329120978870646
230,1285,1515,0.14330739475005402
226,1293,1519,0.14331965031124244
224,1303,1527,0.14334305771540817
225,1297,1522,0.14336894595322724
226,1301,1527,0.1433894974947257
224,1297,1521,0.1434058607882841
214,1286,1500,0.14342597993105202
210,1288,1498,0.14347032904297624
211,1288,1499,0.14352422766049572
214,1286,1500,0.14357160422398305
211,1291,1502,0.14360711820109928
210,1287,1497,0.14364869992004167
208,1297,1505,0.14368962921223027
211,1297,1508,0.14373269924183105
211,1304,1515,0.14376421843460616
208,1297,1505,0.1437933549467439
209,1294,1503,0.14383050517567006
215,1294,1509,0.14386186408772864
213,1290,1503,0.1438738410082953
213,1293,1506,0.1438904232738258
212,1294,1506,0.14390644288357973
209,1286,1495,0.14392493693618164
211,1296,1507,0.14395041789786894
212,1307,1519,0.14396887282465115
206,1310,1516,0.14398394928957198
205,1308,1513,0.14401511171976566
208,1318,1526,0.14404656429218127
201,1301,1502,0.1440686030996738
205,1297,1502,0.14410787904075878
195,1309,1504,0.14413398533098998
197,1298,1495,0.1441863828132911
195,1304,1499,0.14422956660517727
198,1301,1499,0.14427510024725973
197,1324,1521,0.14430824396746442
198,1306,1504,0.14434239693319742
193,1318,1511,0.14437151356247666
191,1328,1519,0.14441302534749256
190,1331,1521,0.14445837135718315
188,1327,1515,0.1445026237733854
185,1330,1515,0.14454901339146414
186,1325,1511,0.14460130154891748
183,1320,1503,0.1446474978477563
184,1329,1513,0.14469850354828387
184,1329,1513,0.14474318152955093
187,1329,1516,0.1447852169861749
186,1330,1516,0.14481610507589868
183,1333,1516,0.1448479303961479
185,1337,1522,0.14488599223589485
183,1335,1518,0.1449158842459599
186,1316,1502,0.14494926598094462
183,1313,1496,0.14497292335257908
183,1308,1491,0.14500383138328624
178,1322,1500,0.14503286354173664
180,1315,1495,0.14507390973794834
180,1326,1506,0.14510668204978142
176,1331,1507,0.14513831673629402
181,1343,1524,0.14518008834987636
180,1339,1519,0.14520477563678744
183,1343,1526,0.14523102636465193
184,1351,1535,0.14524703346393913
186,1345,1531,0.14525939993904174
182,1342,1524,0.14526608120952628
181,1336,1517,0.14528411312033546
182,1337,1519,0.14530420920717482
183,1337,1520,0.14532028810502332
185,1337,1522,0.14533283065421274
182,1341,1523,0.1453384841215459
175,1347,1522,0.14535331013343028
169,1340,1509,0.14538662131759295
173,1340,1513,0.1454349696767109
172,1338,1510,0.14546932021000866
176,1342,1518,0.1455037940815426
179,1328,1507,0.14552401191053296
179,1319,1498,0.14553524712066312
181,1318,1499,0.14554598963679655
182,1336,1518,0.1455501504978678
185,1337,1522,0.14555092398234964
183,1330,1513,0.14554371484018777
181,1338,1519,0.14554235251501865
178,1329,1507,0.14554642852009933
179,1324,1503,0.14555823706372586
182,1324,1506,0.14556667354570813
182,1338,1520,0.14556504555746289
184,1345,1529,0.14556358952734505
186,1340,1526,0.14555661121031846
188,1334,1522,0.1455449252960549
183,1338,1521,0.14552852218469617
184,1341,1525,0.14552739087272026
182,1333,1515,0.14552396574847964
186,1346,1532,0.14552559882300303
190,1328,1518,0.14551619096067506
189,1336,1525,0.14549606176950902
189,1321,1510,0.14547963076580012
188,1326,1514,0.14546483170738214
192,1335,1527,0.14545325118357486
193,1323,1516,0.14543115079616972
193,1322,1515,0.14540862705296603
191,1322,1513,0.1453882944691584
189,1328,1517,0.14537536747572571
184,1317,1501,0.14536866255376812
188,1318,1506,0.1453762040601524
187,1330,1517,0.14537201873712868
186,1325,1511,0.14537188861927924
188,1316,1504,0.14537543273880776
187,1317,1504,0.14537305027329409
186,1319,1505,0.1453744901582657
194,1322,1516,0.145379432996329
189,1323,1512,0.14536162631506336
187,1333,1520,0.145359793895793
182,1326,1508,0.14536472311659482
185,1322,1507,0.14538342914559446
179,1332,1511,0.14539256022822858
178,1329,1507,0.145417362582337
175,1354,1529,0.14544320297469715
173,1347,1520,0.14547603385373706
172,1348,1520,0.14551256558780679
171,1351,1522,0.14554916090488618
172,1365,1537,0.145586495735625
167,1363,1530,0.14561863733768973
168,1358,1526,0.14566223142900875
166,1350,1516,0.1457000365690314
172,1329,1501,0.14574088367559257
175,1336,1511,0.1457621338380628
174,1339,1513,0.1457728170202597
175,1334,1509,0.14578464786406947
177,1348,1525,0.14579321904414894
171,1336,1507,0.1457951403194093
167,1334,1501,0.1458141229034406
169,1342,1511,0.1458431851577219
174,1337,1511,0.14586432224355383
178,1332,1510,0.1458694029519802
178,1341,1519,0.14586264056620446
179,1325,1504,0.14585498334766966
185,1325,1510,0.14584486430457116
179,1339,1518,0.14581848877443856
180,1334,1514,0.14581124754493324
175,1337,1512,0.14580208778484535
172,1342,1514,0.1458089439969333
171,1325,1496,0.1458239794888036
168,1334,1502,0.14584085003065045
171,1339,1510,0.14586502203765556
173,1344,1517,0.14587948944426718
175,1334,1509,0.1458872527173095
175,1331,1506,0.14588925103939684
170,1353,1523,0.14589110453794127
169,1347,1516,0.1459068693743839
167,1347,1514,0.1459231114935196
167,1341,1508,0.14594263125788753
171,1339,1510,0.14596133117259416
172,1346,1518,0.1459677790053114
172,1328,1500,0.14596993723571625
174,1334,1508,0.14597194849242676
173,1345,1518,0.14596892200591471
168,1337,1505,0.14596897558945116
167,1339,1506,0.1459833577309478
166,1344,1510,0.1459997511915379
169,1328,1497,0.146017414335559
168,1328,1496,0.14602496113382965
169,1330,1499,0.14603446379855306
166,1338,1504,0.14604022579215736
161,1336,1497,0.1460544363016303
163,1335,1498,0.14608284263825977
175,1328,1503,0.14610283986672637
173,1329,1502,0.14608579427333448
175,1336,1511,0.14607582426901003
174,1320,1494,0.14606145408230733
177,1321,1498,0.14605070441115278
173,1335,1508,0.14603201935310503
170,1327,1497,0.14602599052064696
172,1316,1488,0.1460288100019579
174,1327,1501,0.14602485977898877
174,1332,1506,0.14601567068219465
175,1337,1512,0.14600749204655228
171,1347,1518,0.1459977943102184
174,1338,1512,0.14600015538069278
173,1334,1507,0.14599370401570663
175,1326,1501,0.14599096833461736
170,1331,1501,0.14598269840163663
164,1331,1495,0.1459899461107911
166,1331,1497,0.14601352237435236
167,1330,1497,0.14602994047641527
166,1331,1497,0.14604271447738473
171,1348,1519,0.1460577896764548
175,1347,1522,0.1460590430203063
176,1338,1514,0.1460486099270111
174,1341,1515,0.14603590370529584
175,1337,1512,0.14603034976803592
172,1337,1509,0.14602260816043358
171,1330,1501,0.14602445121652893
171,1345,1516,0.14602910824474302
173,1346,1519,0.1460338218351357
167,1347,1514,0.1460321686452363
168,1360,1528,0.14604755268612213
169,1369,1538,0.14605851929118496
166,1364,1530,0.14606616315709023
170,1369,1539,0.14608159338965077
172,1356,1528,0.1460842278903987
174,1359,1533,0.1460812095839447
172,1353,1525,0.14607334640058472
166,1346,1512,0.14607116914048265
172,1339,1511,0.14608658604754826
171,1341,1512,0.1460845229766408
170,1332,1502,0.1460855871094176
170,1343,1513,0.14609005202479522
171,1340,1511,0.1460937507143823
172,1345,1517,0.14609442795817223
168,1338,1506,0.14609171430890533
167,1343,1510,0.146100019670864
171,1340,1511,0.14611102596887107
173,1338,1511,0.146109965820436
170,1332,1502,0.14610341242827946
167,1339,1506,0.14610550713578968
168,1342,1510,0.14611544972954169
167,1356,1523,0.14612120778066132
164,1352,1516,0.14612946987182254
158,1365,1523,0.14614650225014184
157,1354,1511,0.14617860283093675
155,1357,1512,0.14621171006182077
153,1362,1515,0.14624738343536797
154,1366,1520,0.1462858925267771
155,1360,1515,0.14631941894621214
155,1350,1505,0.1463473715384535
150,1357,1507,0.14637436874770876
150,1353,1503,0.14641393032063085
148,1360,1508,0.14645087397250517
145,1363,1508,0.14649085137494533
146,1367,1513,0.146537008184382
149,1371,1520,0.1465770758349307
153,1357,1510,0.14660572957842388
152,1360,1512,0.14662167526876285
152,1366,1518,0.1466394626327962
148,1375,1523,0.14665578698087292
145,1358,1503,0.14668250999776286
148,1359,1507,0.14671648902721024
144,1366,1510,0.1467400709644047
146,1379,1525,0.14677319800522068
140,1371,1511,0.1467980919774909
139,1383,1522,0.1468383664321796
141,1377,1518,0.14687899490960213
137,1386,1523,0.1469110370817936
141,1371,1512,0.14695220457475355
144,1368,1512,0.146978917819886
148,1373,1521,0.14699506122003034
146,1388,1534,0.14699850609990223
139,1385,1524,0.14700761721506417
137,1386,1523,0.14703689598188519
136,1377,1513,0.14706929771390367
139,1372,1511,0.14710295218016692
137,1387,1524,0.14712532006409793
135,1388,1523,0.1471516587696055
133,1382,1515,0.14718319372745556
134,1387,1521,0.14721858591317216
137,1393,1530,0.14724874132749866
132,1392,1524,0.14726822691537042
132,1394,1526,0.14730119617998802
135,1391,1526,0.14733088161163937
132,1388,1520,0.14735085882875443
134,1381,1515,0.14737813514249237
131,1387,1518,0.14739821029650416
133,1379,1512,0.14742456685907462
133,1388,1521,0.1474440263658576
131,1390,1521,0.1474621329631347
133,1383,1516,0.1474853727465473
127,1385,1512,0.14750169828666737
125,1386,1511,0.14753412780396583
125,1386,1511,0.14757048910590126
121,1404,1525,0.14760502536592454
124,1408,1532,0.1476491214793945
122,1408,1530,0.14768158953179725
120,1394,1514,0.14771733260828498
117,1382,1499,0.14775656716599478
117,1394,1511,0.1478015592856498
119,1400,1519,0.1478423726917592
122,1392,1514,0.14787554275786607
121,1404,1525,0.14789812655372483
122,1382,1504,0.14792126468741285
122,1392,1514,0.14794009716812767
119,1388,1507,0.14795807440968434
116,1384,1500,0.14798339670471003
116,1398,1514,0.14801519838048136
118,1406,1524,0.1480455148756809
117,1392,1509,0.14806781939166488
120,1400,1520,0.1480914581227073
118,1420,1538,0.14810503526575378
116,1403,1519,0.1481235994085106
114,1400,1514,0.14814642915794468
116,1394,1510,0.14817355912144042
117,1394,1511,0.14819306379889288
115,1407,1522,0.14820842220013566
114,1407,1521,0.1482288046717685
117,1411,1528,0.1482507171775279
117,1414,1531,0.1482622371387594
112,1400,1512,0.14827319637128092
111,1404,1515,0.1482975658530287
107,1410,1517,0.148322467664851
104,1421,1525,0.1483573015692221
103,1423,1526,0.148399052293217
103,1414,1517,0.14844038916737115
107,1419,1526,0.14847905665815256
107,1414,1521,0.14850370807165503
102,1414,1516,0.14852676435439835
102,1415,1517,0.14856294585569232
97,1416,1513,0.14859673314682295
98,1415,1513,0.14864262952479956
94,1441,1535,0.1486824699690445
95,1439,1534,0.14873101992011384
96,1429,1525,0.14877374142945998
95,1409,1504,0.1488106177797544
94,1430,1524,0.14884798492184886
92,1426,1518,0.1488859312778553
89,1427,1516,0.1489270548166525
88,1438,1526,0.14897456467825537
90,1436,1526,0.14902183512413966
86,1435,1521,0.1490600050795507
83,1434,1517,0.14910751655887908
85,1442,1527,0.14916136469023972
85,1449,1534,0.14920532228655758
86,1445,1531,0.1492467536073514
85,1438,1523,0.14928244271743696
84,1433,1517,0.14931861893246118
83,1434,1517,0.14935549474120854
83,1439,1522,0.14939306596815857
81,1426,1507,0.1494280783762956
79,1433,1512,0.14946654858666364
79,1434,1513,0.1495083393253975
79,1440,1519,0.14954753422256115
80,1449,1529,0.14958470338548202
79,1439,1518,0.14961632770820318
80,1437,1517,0.14964924289802084
78,1436,1514,0.14967711162626227
78,1439,1517,0.14970918996935742
79,1429,1508,0.1497392884552515
78,1420,1498,0.14976461273903857
77,1438,1515,0.1497913083237766
76,1437,1513,0.14981948538325734
75,1437,1512,0.14984846742145078
74,1441,1515,0.1498786588757327
74,1435,1509,0.14991004105351202
75,1426,1501,0.14993932927042733
73,1439,1512,0.14996405549217154
72,1442,1514,0.14999321232201884
69,1432,1501,0.15002363552216247
67,1439,1506,0.15006119498248752
68,1436,1504,0.15010233614587595
68,1446,1514,0.15013800366135452
68,1443,1511,0.15017185064911318
71,1440,1511,0.15020357459178643
70,1445,1515,0.15022392634265935
72,1458,1530,0.15024617799379325
73,1445,1518,0.15026083636987578
71,1427,1498,0.15027143596220158
70,1437,1507,0.1502876169498025
72,1438,1510,0.1503057635770108
72,1436,1508,0.1503165647669071
71,1452,1523,0.15032638635525436
70,1454,1524,0.1503388828594156
71,1438,1509,0.15035355543168627
72,1445,1517,0.15036389723589655
72,1442,1514,0.15037084430800135
70,1438,1508,0.15037707116631285
68,1436,1504,0.15038914123147015
70,1451,1521,0.15040673276047228
69,1448,1517,0.15041731752589987
68,1449,1517,0.1504308761512334
68,1441,1509,0.1504465722254149
69,1457,1526,0.15046130752610773
68,1454,1522,0.15047241539129924
69,1450,1519,0.1504857090885233
65,1455,1520,0.15049517249515612
64,1456,1520,0.15051602774297973
62,1457,1519,0.150538556171749
63,1472,1535,0.15056627504939676
65,1467,1532,0.1505897383980412
64,1459,1523,0.1506059515296619
65,1455,1520,0.15062438010935375
65,1457,1522,0.1506386770018043
64,1460,1524,0.1506521145197858
63,1459,1522,0.150668211317663
63,1458,1521,0.1506866187778044
59,1467,1526,0.1507037799078644
60,1469,1529,0.15073217050824797
58,1466,1524,0.15075575082598777
58,1457,1515,0.15078394459761277
59,1469,1528,0.1508103598262333
60,1473,1533,0.15083202178601968
55,1473,1528,0.1508492763167516
56,1462,1518,0.150880571001585
55,1458,1513,0.150906848096687
56,1454,1510,0.15093464708060444
55,1466,1521,0.15095800253766511
54,1468,1522,0.1509831512682055
53,1472,1525,0.15100960564777305
53,1471,1524,0.15103753095390096
53,1476,1529,0.15106366247459913
52,1472,1524,0.15108801994738288
52,1457,1509,0.1511139241035214
52,1460,1512,0.15113820352240254
50,1445,1495,0.15116100799241747
52,1451,1503,0.15118832706167185
52,1457,1509,0.15120872560083595
52,1463,1515,0.15122812456642923
52,1472,1524,0.15124629194862663
52,1470,1522,0.15126331309903224
51,1473,1524,0.15127940964857725
47,1465,1512,0.15129771937754996
46,1459,1505,0.15132660493869202
46,1458,1504,0.15135668922195808
45,1464,1509,0.15138485195873405
43,1473,1516,0.15141447952386672
44,1473,1517,0.15144789758590047
46,1463,1509,0.15147622770342958
46,1468,1514,0.15149735820965846
48,1469,1517,0.15151704205266445
47,1475,1522,0.1515293310509974
43,1467,1510,0.15154377415710962
40,1465,1505,0.1515688927191698
43,1480,1523,0.15160103945861972
43,1466,1509,0.15162257464182738
43,1461,1504,0.1516427875615934
45,1464,1509,0.15166172469306438
43,1471,1514,0.15167361077141472
43,1467,1510,0.15169081912672905
44,1459,1503,0.15170696554704213
46,1464,1510,0.1517191452533929
47,1457,1504,0.1517244148800677
45,1456,1501,0.1517261740674579
44,1462,1506,0.15173425665806245
43,1461,1504,0.1517451496223208
45,1473,1518,0.1517582052043277
46,1469,1515,0.15176412722237387
45,1471,1516,0.15176654678311555
40,1479,1519,0.15177147593121673
43,1474,1517,0.15179089919330901
44,1479,1523,0.15179977513361778
44,1469,1513,0.15180539010037916
44,1467,1511,0.15181056326266645
43,1462,1505,0.15181509873363122
43,1459,1502,0.1518223445049632
48,1463,1511,0.15182898905542505
46,1474,1520,0.15182033250582525
47,1474,1521,0.1518184938371134
49,1480,1529,0.15181341961388836
46,1470,1516,0.151802629454691
44,1461,1505,0.1518013985942703
43,1458,1501,0.1518062994160629
43,1454,1497,0.1518137075051198
42,1475,1517,0.15182040355916587
45,1458,1503,0.15183028166830528
45,1463,1508,0.15183043916072553
46,1466,1512,0.15183053698646914
42,1466,1508,0.15182741998754842
41,1477,1518,0.15183681393003087
44,1477,1521,0.15184873528230336
44,1490,1534,0.15185079117087974
43,1492,1535,0.15185273940154898
43,1483,1526,0.1518576124716344
45,1481,1526,0.15186213270933138
45,1484,1529,0.15186010114122858
47,1484,1531,0.15185821079554684
48,1465,1513,0.15185056281214304
50,1476,1526,0.15184017752482465
48,1477,1525,0.1518245162181077
44,1469,1513,0.15181600726752717
43,1474,1517,0.15181945365983165
46,1469,1515,0.15182571911136133
48,1467,1515,0.15182253867560966
48,1473,1521,0.15181333961773816
48,1483,1531,0.15180476386078257
46,1476,1522,0.15179674001151472
45,1477,1522,0.15179529201697364
44,1477,1521,0.15179704085507767
43,1480,1523,0.15180160465747142
42,1467,1509,0.1518090483196718
44,1459,1503,0.1518188122300221
43,1462,1505,0.1518215695965489
41,1469,1510,0.15182726730790516
41,1465,1506,0.1518385960178263
38,1465,1503,0.1518493145166031
38,1458,1496,0.15186903711986957
38,1476,1514,0.15188747717164153
35,1463,1498,0.15190475628173908
37,1473,1510,0.15193034121890678
36,1482,1518,0.1519479720066827
36,1484,1520,0.15196750437287407
34,1489,1523,0.15198580382437551
35,1488,1523,0.15200901684702095
34,1483,1517,0.1520275952243184
33,1478,1511,0.1520481239777176
33,1470,1503,0.1520703327850072
34,1468,1502,0.1520911440858167
34,1469,1503,0.15210765535927218
34,1478,1512,0.1521229594797867
34,1475,1509,0.15213731730401162
36,1482,1518,0.15215103913867922
34,1471,1505,0.1521578094503979
35,1477,1512,0.1521701351483673
36,1486,1522,0.1521784850307947
36,1482,1518,0.15218340324676663
37,1486,1523,0.15218806887787184
36,1478,1514,0.1521893357572145
35,1478,1513,0.15219370313239708
34,1490,1524,0.15220091654783727
34,1485,1519,0.1522108197888572
34,1485,1519,0.15222009796108316
34,1479,1513,0.1522287965636238
33,1481,1514,0.152236953802993
34,1487,1521,0.1522477744685736
35,1491,1526,0.1522548013888569
34,1492,1526,0.15225834020417295
34,1474,1508,0.1522648173248216
34,1479,1513,0.15227082041723597
34,1477,1511,0.1522764414664695
32,1479,1511,0.15228172111647026
31,1481,1512,0.1522928510941888
31,1488,1519,0.15230632984033204
29,1490,1519,0.1523189588176063
29,1493,1522,0.15233708233857668
27,1492,1519,0.1523542232285603
26,1490,1516,0.1523766561407271
26,1495,1521,0.15240076792866106
24,1495,1519,0.15242348582965928
25,1502,1527,0.15245114336200874
26,1503,1529,0.15247418517488792
25,1505,1530,0.152492625538022
26,1498,1524,0.15251291544820486
25,1496,1521,0.15252896906928218
25,1502,1527,0.15254696420658548
25,1491,1516,0.15256363381543975
25,1490,1515,0.1525792525407525
25,1496,1521,0.15259389969758186
24,1491,1515,0.15260772774245748
25,1479,1504,0.15262361946605643
22,1472,1494,0.15263581208029803
23,1480,1503,0.15265656102758604
23,1486,1509,0.15267293487767297
21,1491,1512,0.15268831884166212
21,1497,1518,0.15270896896826697
20,1501,1521,0.15272841703483456
20,1497,1517,0.15274990398139868
18,1501,1519,0.15277019445363396
18,1497,1515,0.15279511065813287
16,1498,1514,0.15281847109558253
14,1499,1513,0.15284643521320576
14,1498,1512,0.15287896159636122
13,1498,1511,0.15290949554330246
15,1502,1517,0.1529413823716171
15,1506,1521,0.15296507791570815
15,1513,1528,0.15298718484654636
15,1513,1528,0.1530079407788604
15,1513,1528,0.15302744719549394
14,1509,1523,0.15304578180044678
14,1505,1519,0.15306609859554485
14,1509,1523,0.153085200226158
14,1503,1517,0.1531031616757539
13,1511,1524,0.1531200144050349
13,1510,1523,0.1531390550692544
13,1519,1532,0.1531569618459038
12,1514,1526,0.15317379750389506
11,1507,1518,0.15319283087878768
10,1502,1512,0.1532139223270965
10,1497,1507,0.15323688930516655
9,1497,1506,0.15325848584726148
9,1499,1508,0.15328200763316624
9,1493,1502,0.15330413468432885
9,1493,1502,0.1533249337454107
10,1508,1518,0.15334448146133936
9,1498,1507,0.15335964311470707
9,1513,1522,0.15337712231605616
9,1510,1519,0.15339354415725925
9,1507,1516,0.15340897745140672
10,1499,1509,0.15342348255178007
9,1511,1520,0.15343393845656883
9,1506,1515,0.15344699882174573
9,1494,1503,0.1534592780657545
10,1492,1502,0.15347082119176364
10,1497,1507,0.15347845883291814
10,1513,1523,0.15348565302332604
10,1517,1527,0.153492423637311
10,1521,1531,0.15349879296643373
10,1522,1532,0.15350478317241156
10,1508,1518,0.1535104158924279
10,1519,1529,0.1535157119041959
10,1503,1513,0.15352069098045926
10,1502,1512,0.15352537184835105
11,1497,1508,0.1535297721985398
10,1490,1500,0.15353074092194707
11,1495,1506,0.15353491272434716
10,1499,1509,0.15353561838856739
9,1518,1527,0.15353949504959424
9,1532,1541,0.15354638139460278
8,1524,1532,0.15355286757450418
8,1531,1539,0.15356221888899213
8,1515,1523,0.15357102790139007
8,1510,1518,0.15357930520482518
8,1513,1521,0.15358707867409094
8,1514,1522,0.15359437839547327
7,1525,1532,0.15360123340143475
7,1525,1532,0.15361083432134634
7,1518,1525,0.15361983374249666
7,1518,1525,0.1536282826771604
7,1516,1523,0.1536362179887046
7,1494,1501,0.1536436719956954
7,1494,1501,0.15365067441590705
7,1491,1498,0.15365725293349766
7,1497,1504,0.15366343344639943
7,1492,1499,0.15366924022024517
7,1499,1506,0.15367469600782113
7,1509,1516,0.15367982215198464
7,1518,1525,0.15368463867833154
7,1523,1530,0.15368916438019192
7,1512,1519,0.15369341689723687
8,1505,1513,0.1536974127884735
8,1499,1507,0.15369792014743963
8,1497,1505,0.15369840740796425
8,1515,1523,0.1536988672875126
8,1513,1521,0.15369930007589538
6,1510,1516,0.15369970673328795
6,1511,1517,0.1537064105765015
6,1512,1518,0.15371270537990736
7,1502,1509,0.15371861582455226
7,1487,1494,0.15372099252704183
7,1496,1503,0.15372323643030242
7,1500,1507,0.15372535261998857
7,1514,1521,0.15372734589044343
7,1521,1528,0.1537292219292892
8,1528,1536,0.15373098685823783
8,1515,1523,0.15372943424688593
8,1504,1512,0.15372797895560453
8,1499,1507,0.15372661519506725
7,1497,1504,0.15372533657340415
7,1508,1515,0.15372736762851513
7,1512,1519,0.153729271176028
6,1515,1521,0.15373105946017
6,1500,1506,0.15373602241478973
6,1501,1507,0.15374070768612516
6,1507,1513,0.15374511420396314
6,1514,1520,0.15374925504729864
6,1511,1517,0.15375314549634955
6,1510,1516,0.15375680055618043
6,1529,1535,0.15376023449408102
7,1516,1523,0.1537634607559959
8,1529,1537,0.15376325955674613
8,1519,1527,0.15375989974789028
8,1507,1515,0.15375676058296725
8,1506,1514,0.1537538214915763
8,1514,1522,0.15375106644394884
8,1515,1523,0.1537484819899131
8,1522,1530,0.15374605632169344
7,1515,1522,0.1537437788669646
7,1501,1508,0.1537448209285243
7,1499,1506,0.1537457894029358
7,1500,1507,0.15374669502441937
7,1518,1525,0.1537475432348759
6,1523,1529,0.1537483384882583
6,1518,1524,0.15375230446520027
6,1513,1519,0.1537560235035601
6,1519,1525,0.15375951568700683
6,1516,1522,0.15376279602130724
6,1516,1522,0.15376587796834237
6,1518,1524,0.15376877392267707
6,1512,1518,0.15377149537157073
6,1496,1502,0.15377405299699334
6,1499,1505,0.15377645676007587
6,1493,1499,0.15377871597223505
6,1501,1507,0.15378083935404852
6,1501,1507,0.1537828350839503
5,1517,1522,0.15378471083912018
5,1516,1521,0.1537896449675503
4,1524,1528,0.15379427838013815
4,1522,1526,0.15380187751651295
4,1525,1529,0.15380901435705888
4,1512,1516,0.153815721179295
3,1513,1516,0.15382202539599324
3,1506,1509,0.15383114694144015
3,1505,1508,0.15383972960970227
3,1504,1507,0.15384779987628946
3,1506,1509,0.15385538793689008
3,1503,1506,0.1538625225222473
3,1508,1511,0.15386923071710343
3,1525,1528,0.1538755379820441
2,1519,1521,0.15388146823335244
2,1523,1525,0.15389026333007078
2,1535,1537,0.15389852584414032
2,1519,1521,0.15390629077004356
2,1507,1509,0.1539135895826414
2,1497,1499,0.15392045122766118
2,1500,1502,0.1539269023960818
2,1519,1521,0.15393296789512256
2,1527,1529,0.1539386709006143
2,1515,1517,0.15394403312764054
2,1509,1511,0.15394907495564059
2,1504,1506,0.1539538155279233
2,1518,1520,0.15395827283584945
2,1520,1522,0.15396246379302841
2,1513,1515,0.15396640430241967
2,1509,1511,0.15397010931798535
2,1500,1502,0.1539735929018851
2,1500,1502,0.15397686827784732
2,1516,1518,0.1539799478811519
4,1511,1515,0.15398284340553986
4,1511,1515,0.153979121304681
4,1508,1512,0.15397563162657601
5,1504,1509,0.1539723586371017
5,1510,1515,0.15396606010646907
4,1516,1520,0.1539601574783904
4,1505,1509,0.15395783197313473
4,1510,1514,0.15395564033537212
4,1515,1519,0.15395357891903141
4,1525,1529,0.15395164033537295
4,1516,1520,0.15394981739043545
4,1519,1523,0.15394810328809613
4,1509,1513,0.15394649162092183
4,1522,1526,0.15394497633971355
4,1510,1514,0.15394355173168858
3,1504,1507,0.15394221240508985
2,1504,1506,0.1539441557255902
2,1513,1515,0.15394918961191967
2,1527,1529,0.15395392724933682
2,1533,1535,0.15395837933887152
2,1529,1531,0.15396256332869407
2,1535,1537,0.15396649612303906
2,1514,1516,0.1539701933756485
2,1524,1526,0.15397366954362257
2,1522,1524,0.15397693804026139
2,1516,1518,0.15398001136792336
2,1516,1518,0.15398290121967292
2,1527,1529,0.1539856185567075
2,1517,1519,0.15398817366921314
2,1528,1530,0.15399057622618714
2,1529,1531,0.15399283531784025
2,1530,1532,0.1539949594928569
2,1533,1535,0.15399695679193404
3,1514,1517,0.15399883477848758
4,1519,1523,0.15399735759877392
4,1520,1524,0.15399273780264505
4,1512,1516,0.15398841031984012
5,1517,1522,0.15398434951801562
6,1516,1522,0.15397732982719772
5,1508,1513,0.15396751895831115
5,1520,1525,0.1539615500903682
5,1512,1517,0.15395594468877094
5,1521,1526,0.15395067991172293
5,1511,1516,0.15394573464719807
5,1521,1526,0.1539410892878598
6,1506,1512,0.15393672539677086
6,1513,1519,0.15392941143991112
6,1503,1509,0.15392255962768142
6,1514,1520,0.15391612996817158
6,1516,1522,0.15391009366262992
6,1501,1507,0.1539044251852801
7,1495,1502,0.15389910119676328
7,1493,1500,0.1538909266668821
7,1504,1511,0.15388327059806745
7,1513,1520,0.1538760879067239
6,1510,1516,0.15386934581443207
7,1504,1511,0.15386618471777994
7,1501,1508,0.15386002740789437
7,1510,1517,0.1538542553637087
7,1513,1520,0.15384883684164924
6,1519,1525,0.1538437484253315
6,1510,1516,0.1538421945176557
7,1503,1510,0.15384074666528025
7,1496,1503,0.15383620469072182
7,1511,1518,0.15383189765585395
8,1490,1498,0.1538278646708272
8,1498,1506,0.153820965942191
8,1495,1503,0.1538145180575009
8,1502,1510,0.15380848064818203
9,1497,1506,0.15380282209918616
9,1512,1521,0.15379435279492065
9,1507,1516,0.1537864319887892
8,1511,1519,0.15377900993605348
7,1509,1516,0.1537751975992693
7,1494,1501,0.15377471248738211
7,1500,1507,0.15377422712396294
7,1489,1496,0.15377375701739787
7,1505,1512,0.15377330671809092
8,1497,1505,0.15377287800424008
7,1501,1508,0.15376928513884028
7,1493,1500,0.15376908739749756
10,1506,1516,0.15376888882767928
9,1504,1513,0.15375929362285784
9,1523,1532,0.15375345090653916
8,1514,1522,0.153747981221346
8,1515,1523,0.15374599608865505
8,1518,1526,0.1537441145300865
8,1504,1512,0.15374234046465124
8,1509,1517,0.1537406825329259
8,1506,1514,0.153739134675838
8,1485,1493,0.15373768117570016
8,1494,1502,0.1537363153898596
8,1516,1524,0.1537350318538249
8,1509,1517,0.15373382555893847
8,1508,1516,0.15373269183203322
9,1512,1521,0.1537316262987538
9,1500,1509,0.15372751086618677
9,1503,1512,0.15372366759848663
9,1504,1513,0.15372007169424542
9,1519,1528,0.15371670278967195
9,1526,1535,0.153713544111811
8,1517,1525,0.15371058105449978
8,1514,1522,0.1537109304791066
8,1514,1522,0.15371124153817917
9,1506,1515,0.1537115242381223
10,1514,1524,0.15370865651766505
10,1513,1523,0.15370283755735042
9,1499,1508,0.1536974110554164
9,1504,1513,0.15369546238701914
10,1489,1499,0.1536936231923596
10,1504,1514,0.1536886953087696
11,1509,1520,0.15368408072598397
10,1522,1532,0.153676625966332
11,1523,1534,0.15367284576239906
11,1511,1522,0.15366617294480292
11,1520,1531,0.15365994149737283
11,1515,1526,0.15365410720328476
10,1510,1520,0.1536486393445956
10,1513,1523,0.15364661633015472
10,1518,1528,0.153644713534048
10,1511,1521,0.15364291858621024
10,1509,1519,0.15364122701252195
10,1507,1517,0.1536396341480722
10,1498,1508,0.1536381350929519
10,1503,1513,0.15363672487972596
10,1503,1513,0.15363539859573325
9,1497,1506,0.1536341514643648
9,1494,1503,0.15363606022435009
11,1496,1507,0.1536378231592831
11,1495,1506,0.15363320290108437
11,1506,1517,0.1536289102174934
11,1502,1513,0.15362490039078738
11,1495,1506,0.15362114773145916
11,1500,1511,0.1536176320982973
10,1506,1516,0.15361433631472246
11,1493,1504,0.15361432059750274
11,1504,1515,0.15361119721356628
10,1518,1528,0.15360828444227992
9,1519,1528,0.15360866348897603
9,1521,1530,0.153612114238172
8,1518,1526,0.15361532025304914
9,1522,1531,0.1536214850331731
10,1523,1533,0.15362411822828104
10,1510,1520,0.15362347308654684
10,1501,1511,0.15362289823482456
10,1489,1499,0.1536223716745349
10,1488,1498,0.15362188483518008
10,1486,1496,0.15362143246506144
9,1487,1496,0.1536210108065712
9,1489,1498,0.15362370407069725
9,1506,1515,0.15362622249977018
9,1509,1518,0.15362857653815884
9,1515,1524,0.15363078005463784
10,1511,1521,0.15363284463946697
10,1508,1518,0.15363165642796406
9,1500,1509,0.15363056410169285
9,1496,1505,0.15363265822494096
9,1497,1506,0.15363460880513766
9,1498,1507,0.15363643284996822
9,1507,1516,0.15363814115244662
9,1506,1515,0.15363974239405884
9,1501,1510,0.15364124407486282
9,1500,1509,0.15364255974572114
9,1495,1504,0.15364379545583065
9,1505,1514,0.1536449509647038
9,1495,1504,0.1536460333020004
10,1498,1508,0.15364704800459408
10,1497,1507,0.1536448332801454
10,1492,1502,0.15364277561140205
10,1497,1507,0.15364085395697394
10,1497,1507,0.1536390560580358
9,1496,1505,0.15363737225252755
8,1502,1510,0.15363892250415817
8,1517,1525,0.15364347211430196
8,1515,1523,0.1536477177244071
8,1518,1526,0.15365169014741487
8,1509,1517,0.15365541133948266
8,1519,1527,0.15365889983173386
8,1503,1511,0.1536621719165866
8,1509,1517,0.1536652422149855
7,1518,1525,0.15366812400843957
7,1508,1515,0.15367395802945738
7,1517,1524,0.1536794197723347
7,1524,1531,0.1536845409831561
7,1519,1526,0.1536893458734182
7,1518,1525,0.15369385571188665
8,1509,1517,0.1536980897425651
8,1497,1505,0.15369894511267096
8,1500,1508,0.15369976757077375
8,1496,1504,0.15370055152871154
8,1488,1496,0.15370129513911257
8,1503,1511,0.15370199858492595
7,1503,1510,0.1537026629220672
7,1499,1506,0.15370641433548982
8,1508,1516,0.1537099350020819
8,1509,1517,0.15371008801316033
8,1505,1513,0.15371024908965175
8,1503,1511,0.15371040787040952
8,1498,1506,0.15371056166205324
8,1508,1516,0.1537107092301372
8,1499,1507,0.15371085000862195
8,1499,1507,0.15371098379786174
8,1508,1516,0.15371111061801787
8,1506,1514,0.15371123062246345
8,1498,1506,0.15371134404245876
8,1509,1517,0.1537114511515714
8,1505,1513,0.15371155224316146
8,1511,1519,0.15371164761642822
9,1502,1511,0.15371173756796225
9,1506,1515,0.15370864672797127
9,1490,1499,0.1537057650057227
8,1495,1503,0.15370306876167072
8,1502,1510,0.15370371036425262
8,1505,1513,0.15370430113363037
8,1514,1522,0.1537048505453926
7,1516,1523,0.153705363168691
7,1519,1526,0.15370897875637676
8,1511,1519,0.15371235744075515
8,1512,1520,0.15371231354179574
8,1517,1525,0.15371227931346987
8,1510,1518,0.15371224902061084
8,1505,1513,0.15371222132853682
7,1494,1501,0.15371219568691546
7,1499,1506,0.15371535829745306
7,1513,1520,0.1537182713387627
7,1504,1511,0.15372100210443437
7,1505,1512,0.15372356263248277
6,1512,1518,0.15372596442515538
5,1498,1503,0.15373142448894045
5,1501,1506,0.15373973383940784
4,1516,1520,0.1537475244815122
4,1511,1515,0.15375802218991272
4,1508,1512,0.15376787158373126
4,1508,1512,0.15377712052140174
4,1514,1518,0.1537858081832996
3,1511,1514,0.15379397006280057
3,1511,1514,0.15380480487485762
3,1514,1517,0.1538149916037457
3,1518,1521,0.15382456405990277
3,1524,1527,0.15383355975253785
3,1530,1533,0.15384201393878744
3,1535,1538,0.1538499596042882
3,1519,1522,0.15385742762403473
3,1519,1522,0.15386444691695855
3,1523,1526,0.15387104458873144
3,1525,1528,0.1538772460626212
3,1521,1524,0.15388307519787092
3,1510,1513,0.15388855439626742
3,1510,1513,0.1538937046983739
3,1517,1520,0.15389854587103913
3,1517,1520,0.15390309648759903
3,1520,1523,0.1539073740018924
3,1526,1529,0.15391139481694474
3,1521,1524,0.15391517434896726
3,1511,1514,0.1539187270871643
3,1502,1505,0.15392206664973798
3,1493,1496,0.15392520583640254
3,1476,1479,0.1539281566776713
3,1499,1502,0.15393093048114168
3,1508,1511,0.15393353787497704
3,1502,1505,0.1539359888487641
3,1517,1520,0.1539382927919103
3,1521,1524,0.15394045852973065
3,1514,1517,0.1539424943573653
3,1521,1524,0.15394440807165755
3,1520,1523,0.15394620700111564
3,1528,1531,0.15394789803407247
3,1518,1521,0.15394948764515212
3,1531,1534,0.15395098192014367
3,1514,1517,0.153952386579379
3,1520,1523,0.15395370699970348
3,1515,1518,0.15395494823512407
3,1505,1508,0.1539561150362153
3,1507,1510,0.15395721186835673
3,1515,1518,0.15395824292887286
2,1517,1519,0.15395921216314143
2,1504,1506,0.15396333082141272
3,1513,1516,0.15396721255087648
3,1513,1516,0.15396761264418596
3,1510,1513,0.15396799908865133
3,1512,1515,0.1539683645539156
3,1521,1524,0.15396870902031556
3,1509,1512,0.1539690333794648
3,1497,1500,0.15396933867901974
3,1512,1515,0.15396962596741745
4,1496,1500,0.15396989625566537
4,1496,1500,0.15396689814665426
4,1493,1497,0.15396409167409913
4,1514,1518,0.15396145744071382
4,1518,1522,0.15395898348224296
4,1524,1528,0.1539566593907044
4,1519,1523,0.15395447568459886
4,1519,1523,0.15395242363953404
4,1526,1530,0.1539504951767789
4,1526,1530,0.15394868277727686
4,1525,1529,0.15394697941681104
3,1530,1533,0.15394537851704407
2,1523,1525,0.15394711403295663
2,1524,1526,0.15395198448583866
1,1513,1514,0.1539565578604608
1,1514,1515,0.1539640920667922
1,1513,1514,0.15397117067495888
1,1525,1526,0.15397782579330455
2,1531,1533,0.1539840831075043
2,1536,1538,0.15398671172213807
2,1531,1533,0.15398919392905527
2,1524,1526,0.1539915301701863
2,1531,1533,0.1539937276579492
2,1512,1514,0.1539957940700602
2,1511,1513,0.15399773694100713
2,1524,1526,0.15399956352595331
2,1529,1531,0.15400128073717295
1,1520,1521,0.1540028951174803
2,1518,1520,0.15400766279184197
2,1510,1512,0.1540088806603502
2,1511,1513,0.15401003392567894
2,1511,1513,0.15401112060652952
2,1502,1504,0.15401214344920328
0,1500,1500,0.15401310578090205
