1369,27,1396,0.13582183054927807
1394,30,1424,0.132981434509195
1422,30,1452,0.13032053886170428
1422,31,1453,0.1278179534993964
1432,31,1463,0.1255381108052031
1441,34,1475,0.12343482673817313
1444,31,1475,0.1214950810401415
1445,31,1476,0.11972074317157652
1441,30,1471,0.11810245210937864
1445,32,1477,0.11663905853413686
1454,33,1487,0.11529602734405942
1437,33,1470,0.11405065480183811
1437,32,1469,0.11295790648263157
1434,33,1467,0.11196326498822348
1431,39,1470,0.11106426474800221
1448,39,1487,0.11025233052684413
1447,39,1486,0.10947342917043262
1454,37,1491,0.10876625987640551
1441,38,1479,0.10810649886839512
1437,35,1472,0.1075356136980525
1428,35,1463,0.10702497231335933
1443,36,1479,0.10658010988661626
1448,35,1483,0.10614142663610866
1438,33,1471,0.10573100926690764
1436,34,1470,0.10537984829649162
1446,35,1481,0.10506443010691718
1447,35,1482,0.10475494812152539
1451,35,1486,0.10447086109538285
1450,36,1486,0.10420282549493151
1443,34,1477,0.10396106222529661
1451,35,1486,0.1037559778166807
1446,35,1481,0.10355176245980197
1457,34,1491,0.10337691610867798
1442,35,1477,0.10319378960540991
1463,35,1498,0.10305960473359675
1452,33,1485,0.10289190465256173
1455,32,1487,0.10276361040079436
1443,34,1477,0.10264012668779163
1458,36,1494,0.10255368076122214
1450,36,1486,0.10244228455371501
1459,37,1496,0.10235792727041178
1458,36,1494,0.1022622507960638
1467,36,1503,0.10217725959751987
1458,35,1493,0.10208019829059424
1446,34,1480,0.10201105229472564
1464,31,1495,0.10197392209626414
1461,33,1494,0.10190134635254779
1464,35,1499,0.1018416264985456
1454,36,1490,0.1017811051222897
1457,34,1491,0.10174765526319886
1445,36,1481,0.10171022881459084
1456,39,1495,0.10170269177634342
1459,39,1498,0.10167173997986825
1464,40,1504,0.10163707228346713
1455,41,1496,0.10159492465915257
1454,42,1496,0.10157591795230564
1468,44,1512,0.10156130969221518
1461,46,1507,0.10151824545315526
1456,47,1503,0.10149452498234211
1444,49,1493,0.10148346284348239
1447,45,1492,0.10149901976461319
1452,48,1500,0.1015068962661469
1448,48,1496,0.10150332982833614
1445,48,1493,0.10150909376418447
1456,47,1503,0.10152132839702549
1453,47,1500,0.10150868541722746
1457,45,1502,0.10150387660366096
1454,44,1498,0.10149090041819499
1456,46,1502,0.1014850895879935
1455,43,1498,0.10147610266973127
1459,43,1502,0.10147005247931883
1449,42,1491,0.10145554393122605
1441,43,1484,0.10146415280394146
1448,45,1493,0.10148875195710097
1466,42,1508,0.1014962813838574
1462,42,1504,0.10146418210093568
1459,43,1502,0.10144312076755217
1459,43,1502,0.10143014154065615
1453,43,1496,0.10141817232682135
1435,45,1480,0.10142085196609106
1441,43,1484,0.10146178585980614
1427,46,1473,0.10148624495878938
1439,47,1486,0.10153849179773786
1432,48,1480,0.10156015456404796
1448,49,1497,0.10159489356515039
1448,46,1494,0.10159213523848595
1452,47,1499,0.10159000515861201
1453,49,1502,0.10157958212018998
1453,50,1503,0.10156824881411569
1443,51,1494,0.10155799260439928
1441,54,1495,0.10157020711631855
1454,53,1507,0.1015853517333768
1449,52,1501,0.10157159630706974
1446,52,1498,0.1015699628618386
1443,54,1497,0.10157475887947273
1432,57,1489,0.10158609171410703
1445,57,1502,0.10161958776185567
1443,60,1503,0.10162229974043552
1439,60,1499,0.10162933841307847
1445,60,1505,0.10164482196299163
1442,58,1500,0.10164605233827073
1441,59,1500,0.1016538612199989
1440,60,1500,0.10166337775133748
1439,61,1500,0.1016738703011108
1427,60,1487,0.10168646563852174
1434,62,1496,0.10172404650591148
1430,66,1496,0.10174273185786965
1444,64,1508,0.10176831840915898
1427,65,1492,0.1017616435820535
1415,64,1479,0.10179174604800095
1408,63,1471,0.1018455186742528
1424,66,1490,0.10190925721806326
1421,67,1488,0.10193283972393787
1419,67,1486,0.10196151296624542
1421,64,1485,0.10199172382312147
1422,65,1487,0.10201493374216017
1423,64,1487,0.10203394596909929
1425,65,1490,0.10204855115964069
1423,63,1486,0.10205736387898852
1424,64,1488,0.10206989181167035
1430,61,1491,0.1020790812707833
1422,62,1484,0.1020746671497881
1432,63,1495,0.10208810872430366
1415,67,1482,0.10207872907433739
1413,70,1483,0.1021069386378889
1401,71,1472,0.10213775780131491
1410,70,1480,0.10219214321968494
1411,70,1481,0.10222239232728804
1421,71,1492,0.10224746149986683
1410,70,1480,0.10224768383914386
1429,69,1498,0.10227120678728106
1434,66,1500,0.10225206991559865
1433,67,1500,0.10222404894066046
1444,68,1512,0.10220172334850641
1429,68,1497,0.10215762631746958
1428,67,1495,0.10215016362973653
1420,65,1485,0.10214538082998835
1432,66,1498,0.10215832760752562
1434,71,1505,0.10214457604732267
1424,69,1493,0.10212758257238147
1422,70,1492,0.1021334646761352
1415,71,1486,0.10214328442505695
1414,70,1484,0.10216724938346261
1416,70,1486,0.10219089711341406
1419,70,1489,0.10220724336451972
1420,70,1490,0.10221656230061506
1423,68,1491,0.10222268140269022
1420,68,1488,0.10222213591085906
1413,72,1485,0.10222649052645623
1409,74,1483,0.10224658077626261
1406,72,1478,0.10227347079428675
1400,72,1472,0.10230476096440379
1404,71,1475,0.10234607812305421
1403,71,1474,0.10237514837950501
1414,71,1485,0.10240424438458516
1420,71,1491,0.10240646979435619
1418,69,1487,0.1023950342449115
1427,67,1494,0.10238886192332043
1419,67,1486,0.10236350026607866
1413,64,1477,0.10235723367958681
1418,64,1482,0.10236459418324874
1417,64,1481,0.10236088354911693
1421,62,1483,0.10235950742146588
1419,61,1480,0.1023495331330884
1417,60,1477,0.10234449709776505
1420,59,1479,0.10234360835209891
1421,60,1481,0.102335787092699
1442,59,1501,0.10232670700350037
1442,61,1503,0.10227319362853507
1436,62,1498,0.10222391749762157
1436,61,1497,0.10219225154625361
1430,61,1491,0.10216348856862811
1439,60,1499,0.10215046047841912
1437,63,1500,0.10211941729985245
1433,61,1494,0.10209543618087262
1423,62,1485,0.10208202182537592
1412,62,1474,0.10209214431086618
1421,64,1485,0.10212527009959833
1420,61,1481,0.10213570105802176
1426,61,1487,0.10214663069529008
1426,61,1487,0.10214417812320399
1435,63,1498,0.10214178470140287
1437,64,1501,0.10212013720265899
1441,62,1503,0.10209636001539682
1430,62,1492,0.10206672264430489
1429,62,1491,0.10206330325499546
1432,67,1499,0.10206238669625137
1434,66,1500,0.10205495058341768
1441,65,1506,0.10204315140354872
1440,64,1504,0.10201694234426316
1436,62,1498,0.10199577049127058
1430,64,1494,0.10198492522626243
1428,67,1495,0.10198832355958096
1427,65,1492,0.1019958622128588
1417,66,1483,0.10200451523824244
1422,66,1488,0.1020342633128875
1430,67,1497,0.10205056131610872
1432,69,1501,0.10204796267464658
1422,70,1492,0.10204124441491846
1420,67,1487,0.10205755672135533
1428,67,1495,0.10207644911490815
1433,67,1500,0.10207644771524298
1425,66,1491,0.1020658426856424
1431,65,1496,0.10207333196597695
1434,67,1501,0.102067398875246
1427,67,1494,0.10205560982761525
1423,69,1492,0.1020602290487102
1414,74,1488,0.10207381900715547
1425,73,1498,0.10210577686311285
1419,71,1490,0.10211141014329325
1416,74,1490,0.10212897877869859
1415,77,1492,0.10215199954450799
1410,77,1487,0.10217539670509725
1412,77,1489,0.10220720889066358
1411,78,1489,0.10223178233006971
1408,79,1487,0.10225683355835169
1413,78,1491,0.10228660471833528
1418,76,1494,0.10230356854800433
1421,80,1501,0.10230825237320264
1423,82,1505,0.10230490283118814
1429,81,1510,0.10229764377225074
1424,77,1501,0.1022779890663099
1427,76,1503,0.10227149861609595
1430,77,1507,0.10225972245546185
1413,76,1489,0.10224286163687443
1420,73,1493,0.10226363463730631
1422,74,1496,0.10226678005443804
1425,76,1501,0.10226579492344758
1427,74,1501,0.1022578831895434
1429,74,1503,0.10224659591138612
1431,75,1506,0.10223108429917954
1434,76,1510,0.10221316107555037
1431,75,1506,0.10219017073793073
1440,75,1515,0.10217580452416261
1426,75,1501,0.10214274081249126
1424,81,1505,0.10214281808172157
1420,81,1501,0.10214761893775222
1408,80,1488,0.1021608604162796
1399,80,1479,0.10219870178705176
1399,84,1483,0.10225279027810277
1403,80,1483,0.102303031405533
1411,80,1491,0.10234021402737158
1407,81,1488,0.10235613641421387
1409,82,1491,0.10237939373712221
1401,82,1483,0.10239657300356735
1406,82,1488,0.10243006952377467
1413,85,1498,0.10245057723359716
1413,79,1492,0.10245434780402699
1415,80,1495,0.10245739249322412
1411,77,1488,0.10245646542147689
1413,78,1491,0.10246391243485893
1407,79,1486,0.10246662270309777
1421,77,1498,0.10248321852384137
1421,82,1503,0.10246720097626291
1429,82,1511,0.10245193962355202
1430,84,1514,0.10242046500928621
1439,84,1523,0.10238919453963075
1437,79,1516,0.10234187658786759
1438,77,1515,0.10230302397158482
1432,72,1504,0.10226484635153023
1427,75,1502,0.10224231584126646
1427,75,1502,0.10223290575731933
1422,76,1498,0.10222398548464476
1416,77,1493,0.10222669517050294
1421,77,1498,0.10224217457893926
1426,75,1501,0.10224576529228155
1419,75,1494,0.1022386352474853
1410,76,1486,0.10224716613705027
1404,79,1483,0.1022745513524087
1414,79,1493,0.10231256193119026
1395,85,1480,0.10232555720678273
1394,82,1476,0.10237913517611937
1404,87,1491,0.10242995508685099
1401,87,1488,0.10245475804094241
1407,86,1493,0.10248368419917231
1409,87,1496,0.10249715771045072
1405,87,1492,0.10250617642375792
1401,87,1488,0.10252225316164475
1394,89,1483,0.10254579603683034
1387,86,1473,0.10258213805456133
1395,86,1481,0.10263075669781188
1405,87,1492,0.10265807620675678
1396,86,1482,0.10266095031778359
1412,83,1495,0.10268282936078027
1425,81,1506,0.10266823921564477
1417,80,1497,0.10262671144195229
1412,80,1492,0.10260644111463132
1416,81,1497,0.10259883350684611
1410,80,1490,0.10258348834226703
1413,79,1492,0.10258262879302071
1412,80,1492,0.1025762948569735
1424,81,1505,0.10257330300660321
1418,80,1498,0.1025446733943365
1422,81,1503,0.1025322018378443
1433,78,1511,0.10251178976153792
1437,80,1517,0.10246947400621449
1424,78,1502,0.10242231332532535
1413,78,1491,0.10240730657833484
1404,78,1482,0.10241784707286464
1413,81,1494,0.10244709431033282
1428,84,1512,0.10245491267877892
1424,81,1505,0.10242971980411607
1419,80,1499,0.10241505031503559
1419,81,1500,0.1024127700414616
1405,79,1484,0.10241140533699798
1410,81,1491,0.10243984521811464
1404,80,1484,0.10245426867417969
1419,78,1497,0.10247979112771718
1414,77,1491,0.10247015267534713
1426,79,1505,0.1024724137104001
1424,81,1505,0.10244818223848202
1417,82,1499,0.10243032954227868
1410,80,1490,0.10242785642951281
1397,78,1475,0.10244059648881368
1406,77,1483,0.1024812167092021
1406,83,1489,0.10249877061185955
1406,81,1487,0.10251421699287373
1416,81,1497,0.10252752769218429
1407,85,1492,0.10251879624188522
1411,83,1494,0.10253027133223741
1409,81,1490,0.10253264762719663
1405,80,1485,0.10253895367013598
1415,80,1495,0.10255382916524898
1410,81,1491,0.10254598300982241
1419,79,1498,0.10254936436180401
1408,80,1488,0.10253252425857715
1412,82,1494,0.1025417942775865
1417,84,1501,0.10254147906348912
1418,86,1504,0.1025312744056135
1419,86,1505,0.1025199840737905
1404,91,1495,0.10250744887753546
1409,93,1502,0.10252903116155522
1404,95,1499,0.102538134277887
1402,95,1497,0.10255736618928235
1397,94,1491,0.10257990033326596
1404,98,1502,0.10261045476663867
1407,98,1505,0.10262317575003024
1403,99,1502,0.10262835697616218
1411,98,1509,0.10264252786484333
1417,97,1514,0.10263834518196628
1410,96,1506,0.10262186754824322
1405,95,1500,0.10262214187716197
1415,96,1511,0.10263286222364601
1407,95,1502,0.1026209531229653
1401,94,1495,0.10262781626705127
1404,94,1498,0.10264732048155194
1395,94,1489,0.10265774558665314
1382,95,1477,0.10268805742490268
1389,95,1484,0.10274397771848118
1388,96,1484,0.10278012725409273
1373,97,1470,0.10281490724378967
1384,102,1486,0.10287985211538313
1378,100,1478,0.10291596939636104
1376,101,1477,0.10296267792374998
1373,100,1473,0.10301015374737997
1384,103,1487,0.10306031493791323
1392,101,1493,0.10308212506424506
1394,101,1495,0.10308522747171793
1398,102,1500,0.10308462831351516
1385,102,1487,0.10307497918553787
1377,104,1481,0.10309445957349844
1387,107,1494,0.10313036915940707
1387,107,1494,0.10314116764910114
1376,110,1486,0.10315129822201051
1367,114,1481,0.10318461798889288
1369,116,1485,0.1032337021351934
1361,120,1481,0.10327523202344327
1366,120,1486,0.10333162886608921
1363,114,1477,0.10337267952835166
1369,122,1491,0.1034164219203851
1373,125,1498,0.10344335761174608
1371,123,1494,0.10345925333114976
1374,121,1495,0.10347908773546813
1368,125,1493,0.10349112251712274
1362,131,1493,0.1035161626842914
1365,128,1493,0.10355249282751089
1359,127,1486,0.10357930779535131
1366,127,1493,0.10361718444766382
1367,126,1493,0.10363589924942179
1370,128,1498,0.10365083363754808
1374,131,1505,0.1036576725136199
1369,130,1499,0.10365517261994539
1373,129,1502,0.10366419428754096
1368,129,1497,0.10366456826040686
1362,133,1495,0.10367649468562685
1356,139,1495,0.10370022057721004
1368,138,1506,0.10373365901073132
1359,140,1499,0.1037385254201266
1356,139,1495,0.10376336603145239
1357,145,1502,0.10379340850081677
1350,144,1494,0.10381955620733496
1337,140,1477,0.10385865633038889
1348,142,1490,0.10392286083140298
1350,145,1495,0.10395768202414064
1349,146,1495,0.10398567463699183
1340,149,1489,0.10401344737816749
1335,151,1486,0.10405895567619756
1342,155,1497,0.10411130639955188
1347,161,1508,0.10414439112599574
1346,161,1507,0.10416501129687862
1339,159,1498,0.10418604079167251
1343,158,1501,0.10422064669497726
1342,154,1496,0.10424417895915124
1346,156,1502,0.10426811219754124
1349,155,1504,0.10428051639613177
1328,155,1483,0.10428473174458448
1339,158,1497,0.10433624911734697
1329,157,1486,0.10435962879765646
1343,158,1501,0.10440339099503781
1338,156,1494,0.1044122581565259
1334,160,1494,0.10443188981987976
1332,161,1493,0.10445911082302746
1336,161,1497,0.1044886832777642
1345,173,1518,0.10450602131505392
1325,171,1496,0.10450233404411347
1319,171,1490,0.10454345931491185
1326,167,1493,0.10459539597339887
1339,165,1504,0.10462727380648186
1333,169,1502,0.1046290684310081
1330,170,1500,0.10464449964627413
1336,173,1509,0.10466532130909442
1326,168,1494,0.10467114442097007
1318,168,1486,0.10469836917177265
1315,174,1489,0.1047415674492455
1318,176,1494,0.10478763417672071
1328,177,1505,0.10482328576011052
1324,178,1502,0.10483385914377699
1317,175,1492,0.10485393079661262
1317,179,1496,0.10488841707528641
1322,175,1497,0.10492005116169477
1318,177,1495,0.10493844334569814
1324,177,1501,0.10496416471226169
1324,181,1505,0.10497315934024425
1318,177,1495,0.10498280219400004
1321,181,1502,0.10500679398730271
1320,183,1503,0.10502238807488559
1322,187,1509,0.10503797324298621
1319,189,1508,0.1050485889333408
1315,181,1496,0.10506443870422821
1318,180,1498,0.10508872457163887
1313,183,1496,0.10510421227936945
1321,186,1507,0.1051292816399872
1315,185,1500,0.10513394929159268
1323,184,1507,0.10515055609575946
1318,185,1503,0.10514933601010444
1321,182,1503,0.10515953710307993
1328,183,1511,0.1051626274964161
1330,182,1512,0.10514920535463457
1317,182,1499,0.10513264230885454
1318,182,1500,0.10514542589356196
1327,179,1506,0.10515329908727036
1324,179,1503,0.10514087337163444
1328,179,1507,0.10513686437754799
1329,179,1508,0.10512369858247574
1316,179,1495,0.10510950879383894
1322,184,1506,0.10512518267934252
1326,182,1508,0.10512725197254039
1317,177,1494,0.10511951187983304
1313,179,1492,0.10513268483555638
1312,182,1494,0.10515436440053147
1316,180,1496,0.10517583176855695
1307,183,1490,0.10518674058034343
1309,187,1496,0.10521531522360313
1304,184,1488,0.10523711065291476
1322,180,1502,0.1052673205123977
1315,182,1497,0.1052564979215601
1324,179,1503,0.10526199500900806
1313,184,1497,0.10524817677213832
1327,182,1509,0.10526066036118913
1327,185,1512,0.10524115057760994
1327,182,1509,0.10522241639106808
1313,181,1494,0.10520610559634157
1312,185,1497,0.10522279377690882
1312,191,1503,0.10523993103923476
1312,184,1496,0.10525507071144738
1306,187,1493,0.10526985350855941
1307,179,1486,0.1052965224709429
1296,183,1479,0.10531758711537499
1298,184,1482,0.10536101285626084
1303,183,1486,0.10539566479838981
1294,181,1475,0.10541724620100705
1314,186,1500,0.10545627187638139
1328,189,1517,0.10544809067768038
1309,190,1499,0.10540938393729014
1320,189,1509,0.10541655773767872
1320,190,1510,0.1053994204193604
1307,196,1503,0.10538439236247925
1310,195,1505,0.10540008264776297
1303,193,1496,0.10540655733878396
1299,194,1493,0.10542781366137316
1292,190,1482,0.10545502357533916
1302,187,1489,0.10549499111544684
1293,188,1481,0.10550908424237036
1295,189,1484,0.10554223407039316
1298,193,1491,0.10556652061354735
1297,192,1489,0.10558205760691688
1306,194,1500,0.10559913746976847
1310,198,1508,0.10559537734412626
1313,194,1507,0.10558407511275099
1312,191,1503,0.10556770508936678
1313,186,1499,0.10555428596671948
1314,189,1503,0.1055393210975915
1324,192,1516,0.10552304876901714
1317,195,1512,0.10548716880271213
1322,198,1520,0.10547054384547834
1317,195,1512,0.10544473318081547
1315,196,1511,0.10543234705000003
1292,196,1488,0.10542600719695544
1298,204,1502,0.10547033049039597
1301,202,1503,0.10549874605071402
1289,204,1493,0.10551736121336712
1303,202,1505,0.10556022019214804
1302,195,1497,0.10556907912021912
1304,200,1504,0.10558039855865141
1302,198,1500,0.1055869199465485
1306,195,1501,0.1055979872419571
1299,201,1500,0.10560027253864178
1289,204,1493,0.10561752384753349
1274,204,1478,0.10565542475320877
1286,209,1495,0.10572298996118072
1287,208,1495,0.10575770281596826
1281,206,1487,0.10578789102577567
1282,203,1485,0.1058294997598568
1270,207,1477,0.1058651020252963
1271,206,1477,0.10592447874184532
1282,209,1491,0.10597702321753592
1286,213,1499,0.10600015097677193
1283,209,1492,0.1060127483999813
1278,209,1487,0.10603206199474195
1279,206,1485,0.10606034675882414
1283,207,1490,0.10608460802599332
1268,210,1478,0.1060974411968167
1280,209,1489,0.10614305900383099
1275,202,1477,0.10615758734290388
1270,203,1473,0.10618153853175748
1282,200,1482,0.1062151811344162
1281,204,1485,0.10621994907188523
1281,205,1486,0.10622632991226705
1272,205,1477,0.10623238005007142
1276,211,1487,0.10625870444823998
1274,212,1486,0.10627360731612873
1288,211,1499,0.10629187941074754
1300,213,1513,0.10627716771721672
1304,210,1514,0.10623737756811494
1292,216,1508,0.10619245627861951
1283,217,1500,0.10617887255994592
1296,223,1519,0.1061869326228204
1285,224,1509,0.1061666599100338
1279,218,1497,0.10617343464571714
1269,224,1493,0.10619399565529106
1270,226,1496,0.10623448907903082
1268,222,1490,0.10626940822272334
1261,228,1489,0.10630514799325033
1266,225,1491,0.10635302665505927
1267,227,1494,0.1063871344386103
1257,234,1491,0.10641614870581399
1254,230,1484,0.10646514463687337
1256,231,1487,0.10651652542083066
1250,230,1480,0.1065597627669726
1263,228,1491,0.10661306079921413
1276,230,1506,0.10663278211592943
1279,234,1513,0.10662219556870138
1283,236,1519,0.10660771832857628
1271,240,1511,0.10658606168823535
1280,239,1519,0.10659122178287339
1270,241,1511,0.10657640250778702
1264,241,1505,0.1065864785934756
1255,239,1494,0.10661008338600578
1256,236,1492,0.10665115812283286
1253,240,1493,0.10668637882282422
1236,242,1478,0.10672493603390487
1229,244,1473,0.10679686543736072
1236,244,1480,0.10687842460358243
1240,238,1478,0.10693661663018972
1248,235,1483,0.10698213670425534
1251,231,1482,0.10700647264060091
1254,234,1488,0.1070217386482592
1262,235,1497,0.10702794888059099
1258,238,1496,0.10701752605000646
1263,238,1501,0.10701809264741384
1252,235,1487,0.10700819067751599
1260,237,1497,0.10702388611604556
1258,235,1493,0.10702121039913251
1261,237,1498,0.10702188296877925
1262,234,1496,0.10701574561225165
1265,241,1506,0.10700895432422391
1261,235,1496,0.10699596114398595
1258,237,1495,0.10699245077414149
1268,233,1501,0.10699579378618183
1266,232,1498,0.10697644475007966
1255,225,1480,0.10696288903280855
1261,230,1491,0.10697499288708726
1249,226,1475,0.10697213777854131
1253,231,1484,0.10699595117561152
1258,234,1492,0.10700863680130089
1270,234,1504,0.1070087254067686
1270,234,1504,0.1069823481483366
1260,231,1491,0.10695892159264153
1258,230,1488,0.10695970137313683
1246,231,1477,0.10696494432202959
1260,232,1492,0.10699556268663776
1253,233,1486,0.10699333396793863
1259,230,1489,0.10700651247797836
1270,235,1505,0.10700468301433594
1275,235,1510,0.10697780377443245
1267,237,1504,0.10694155744264887
1276,236,1512,0.10692677053386714
1256,236,1492,0.10689357596703791
1251,236,1487,0.10690908162582076
1240,234,1474,0.10693475449919099
1242,233,1475,0.10698372997433207
1245,235,1480,0.1070240327439411
1249,236,1485,0.1070551807386264
1252,242,1494,0.10707545230787964
1256,238,1494,0.10708753812387954
1257,238,1495,0.107090019179774
1244,237,1481,0.10709051822571482
1240,233,1473,0.10712051241427513
1247,239,1486,0.10715750858243149
1247,246,1493,0.10717583860697345
1251,242,1493,0.10719240389500115
1252,245,1497,0.10719855870703138
1244,243,1487,0.10720278695660887
1229,246,1475,0.1072243146953236
1235,250,1485,0.10727576128867039
1253,246,1499,0.10731010570770455
1258,250,1508,0.1073034388006207
1254,252,1506,0.10728612179332914
1249,249,1498,0.10728037069375132
1241,248,1489,0.10728573889270511
1233,250,1483,0.10730897214984651
1235,251,1486,0.10734987588956027
1238,251,1489,0.10738316913071809
1243,255,1498,0.10740650161567043
1231,259,1490,0.10741787615579215
1238,256,1494,0.10745582786144635
1239,258,1497,0.1074758972963846
1229,258,1487,0.10749071420691685
1229,261,1490,0.10752667570043054
1251,253,1504,0.10755980492782743
1253,251,1504,0.10754110124991424
1256,254,1510,0.10751948126965928
1261,260,1521,0.10749237789002038
1258,254,1512,0.10745713623185313
1254,258,1512,0.10743169899864341
1256,259,1515,0.10741750531583928
1245,255,1500,0.107401976316246
1240,249,1489,0.10741221869539698
1235,254,1489,0.10743180551795842
1243,256,1499,0.10746009232644649
1258,257,1515,0.10746795392074503
1258,257,1515,0.10744160736365985
1249,253,1502,0.10741796382957017
1245,249,1494,0.10741653932949906
1225,248,1473,0.10742451082855624
1220,249,1469,0.10747542221262803
1242,245,1487,0.10753280502377359
1241,242,1483,0.10753630130625755
1239,246,1485,0.10754289685465057
1237,252,1489,0.10755312133217869
1240,254,1494,0.10756769664590621
1236,241,1477,0.10757384408821145
1243,236,1479,0.10758892086096566
1250,238,1488,0.1075873384277378
1243,238,1481,0.10756938461128666
1241,240,1481,0.10756797895983046
1242,242,1484,0.10757091955839038
1244,236,1480,0.10757128677418076
1249,242,1491,0.10756715764961662
1259,242,1501,0.10755239446717123
1252,241,1493,0.10751611825885496
1251,238,1489,0.10749848251927986
1247,240,1487,0.10748488776038913
1246,242,1488,0.10748159968029214
1246,240,1486,0.10748052433599425
1248,243,1491,0.10748006906213155
1247,253,1500,0.10747504860437256
1243,250,1493,0.1074730617116612
1244,243,1487,0.10748159564548469
1237,242,1479,0.10748766757305507
1244,243,1487,0.1075092088981824
1245,242,1487,0.10751228072773716
1241,241,1482,0.10751268760167623
1244,246,1490,0.10752202404059463
1238,241,1479,0.10752417381694704
1241,237,1478,0.10753837654907557
1242,240,1482,0.1075449408432301
1258,244,1502,0.10754849995483022
1256,248,1504,0.10751593088390475
1256,246,1502,0.10749053769234962
1245,247,1492,0.10746650344546296
1244,244,1488,0.10746830597835569
1243,245,1488,0.10747238967626707
1236,242,1478,0.10747927428252779
1244,241,1485,0.10750096083783336
1243,250,1493,0.10750364960035669
1233,254,1487,0.10750825645062939
1246,251,1497,0.10753499887426336
1234,252,1486,0.10753120443916404
1228,247,1475,0.10755445186136656
1240,248,1488,0.10758893693730527
1234,251,1485,0.10759378872649883
1247,249,1496,0.10761259134564531
1244,249,1493,0.10760158146461717
1240,248,1488,0.10759881996633976
1246,256,1502,0.10760622545262567
1250,257,1507,0.10759914653017716
1258,257,1515,0.10758364418425685
1254,258,1512,0.10755214005272073
1253,255,1508,0.1075325966661682
1252,258,1510,0.10751754108880951
1244,261,1505,0.1075060820268898
1231,268,1499,0.10751406777482783
1237,265,1502,0.10755089449311565
1228,264,1492,0.10757161493188168
1225,263,1488,0.1076115004333327
1238,268,1506,0.10765435276253464
1237,273,1510,0.10766469954712163
1228,271,1499,0.10767692218563592
1224,263,1487,0.10770820626683662
1230,263,1493,0.10774558032322727
1224,258,1482,0.10776600794646658
1231,258,1489,0.10779637232326401
1240,260,1500,0.1078087078590316
1241,258,1499,0.10780028041898707
1228,260,1488,0.10779105146028843
1226,259,1485,0.10781128927765621
1228,258,1486,0.10783271007276887
1225,257,1482,0.10784825282934701
1231,259,1490,0.10786947913301212
1241,260,1501,0.10787577525456608
1240,255,1495,0.10785949848010087
1245,259,1504,0.10784612695460638
1242,255,1497,0.10782263393227472
1233,251,1484,0.10780684445495073
1230,261,1491,0.1078119387107828
1234,260,1494,0.1078238352583427
1222,255,1477,0.10782550676553977
1229,254,1483,0.10785501663454208
1236,261,1497,0.1078668593375772
1244,267,1511,0.10786085992329054
1241,265,1506,0.10783683191263893
1225,264,1489,0.10782159026454212
1228,273,1501,0.10784324300429311
1232,269,1501,0.10785715004019539
1234,265,1499,0.1078601585507004
1235,261,1496,0.10785734053898885
1240,261,1501,0.1078525927682151
1244,267,1511,0.10783742809306102
1240,270,1510,0.10781459294819903
1229,265,1494,0.1078019278468988
1223,261,1484,0.10781484088503056
1203,265,1468,0.10784037914671103
1212,272,1484,0.10790842024865178
1213,276,1489,0.10795093588660165
1215,271,1486,0.10798735555389287
1220,268,1488,0.10801693340762272
1215,270,1485,0.10803259193558784
1216,272,1488,0.10805862767321539
1216,274,1490,0.10808039234137336
1216,273,1489,0.10809944658809427
1214,266,1480,0.10811832999884421
1220,272,1492,0.10814002542683304
1215,267,1482,0.10814620722660342
1208,270,1478,0.10816256359527907
1213,268,1481,0.10819232883364036
1224,273,1497,0.1082072420230379
1231,265,1496,0.10819677480992898
1233,265,1498,0.10817220472099696
1252,272,1524,0.10814423271342548
1246,274,1520,0.1080759722285319
1258,269,1527,0.10802728440071434
1250,267,1517,0.10795636724899436
1248,265,1513,0.10790983790979757
1240,260,1500,0.10787063747856443
1241,263,1504,0.1078523563319013
1244,266,1510,0.10783217022705387
1231,265,1496,0.10780658515689756
1240,266,1506,0.10781150787718861
1237,265,1502,0.10779664871609901
1222,262,1484,0.10778878167430751
1225,260,1485,0.10781663680572094
1238,266,1504,0.10783614428948848
1233,259,1492,0.10782596995163146
1231,266,1497,0.10782891651741114
1227,264,1491,0.10783547566959222
1233,271,1504,0.10785127814885115
1219,273,1492,0.1078516089627912
1230,273,1503,0.10788229978636854
1234,276,1510,0.10788595717667471
1228,276,1504,0.10788072032246557
1230,276,1506,0.1078888619306478
1225,274,1499,0.10789302723255804
1219,275,1494,0.10790818833822137
1221,280,1501,0.10793637897645042
1220,280,1500,0.10795716816722827
1205,279,1484,0.10797752752729407
1200,280,1480,0.1080314668847816
1213,282,1495,0.10809124076663043
1224,286,1510,0.10811752789165592
1227,279,1506,0.10811709843467268
1209,280,1489,0.10810987186602034
1214,284,1498,0.10814356096332606
1208,284,1492,0.10816225775985995
1208,283,1491,0.10819245014226579
1206,286,1492,0.10822065675015616
1201,275,1476,0.10825163665381918
1213,282,1495,0.10829224053443223
1207,284,1491,0.10830135406645582
1199,285,1484,0.1083234535170744
1197,286,1483,0.10836146578318466
1209,290,1499,0.10840115198955232
1200,287,1487,0.10840982487560907
1200,287,1487,0.10843732858146776
1189,291,1480,0.10846266192321913
1190,299,1489,0.10851148427723503
1193,295,1488,0.10855368933474754
1209,288,1497,0.10858714429974342
1192,288,1480,0.10858220154845352
1189,294,1483,0.10861471998014402
1190,295,1485,0.1086520401181216
1201,292,1493,0.10868327971206171
1200,289,1489,0.10868676259204847
1201,295,1496,0.10869160580421315
1201,293,1494,0.10869502329118813
1209,293,1502,0.10869801430516195
1210,285,1495,0.10868296434436267
1211,290,1501,0.10866610463750463
1198,288,1486,0.10864789593551465
1210,287,1497,0.10866028194939624
1208,291,1499,0.10864484671092957
1212,292,1504,0.10863509743382103
1211,290,1501,0.10861652753978362
1206,294,1500,0.1086022237470707
1198,294,1492,0.10860098283093109
1203,290,1493,0.10861702412338727
1205,295,1500,0.10862151783221816
1210,289,1499,0.10862137112373806
1199,292,1491,0.1086092045265001
1196,296,1492,0.10862209934973617
1200,296,1496,0.108641190892277
1201,300,1501,0.10864907519949286
1200,305,1505,0.10865407144486604
1203,303,1506,0.10866092968046993
1216,299,1515,0.10866037603505015
1222,295,1517,0.10863112212047492
1214,295,1509,0.1085917792637507
1207,295,1502,0.10857452052768768
1209,297,1506,0.10857414157616066
1210,294,1504,0.10856909371507932
1214,292,1506,0.10856206543236949
1212,285,1497,0.1085464188082669
1212,286,1498,0.10853523895120257
1209,288,1497,0.10852545931181011
1209,289,1498,0.10852287411305413
1202,288,1490,0.10851989016356597
1210,292,1502,0.10853169475056014
1206,294,1500,0.10852506319227878
1208,288,1496,0.10852855136182363
1194,292,1486,0.1085256839874208
1193,294,1487,0.10855460247192943
1201,293,1494,0.10858308876756811
1184,290,1474,0.10859235515450166
1190,296,1486,0.10864002807077512
1201,298,1499,0.10867089842620137
1198,294,1492,0.10867426944545269
1201,296,1497,0.1086858759206056
1202,294,1496,0.10868932118861467
1204,288,1492,0.10868978150613202
1192,297,1489,0.1086870475963939
1186,298,1484,0.10871179909668406
1184,298,1482,0.10874836719203465
1189,298,1487,0.10878525264833637
1185,299,1484,0.10880877081461876
1184,304,1488,0.10883873736323245
1188,307,1495,0.10886891401493459
1193,300,1493,0.10888983575353618
1196,307,1503,0.108897835957757
1199,306,1505,0.10889894862765911
1199,310,1509,0.10889297522922375
1192,311,1503,0.1088883846026213
1189,312,1501,0.10890078370212695
1188,311,1499,0.1089183286196064
1192,310,1502,0.10893659584691445
1179,305,1484,0.10894422425508084
1179,308,1487,0.10898073865377295
1178,306,1484,0.10901446578405151
1173,313,1486,0.10904748953677298
1178,310,1488,0.10909011267698648
1179,313,1492,0.10911900399518099
1179,319,1498,0.10914362527233062
1180,324,1504,0.10916557466169496
1169,318,1487,0.10918334566952542
1179,308,1487,0.10922481853523718
1181,314,1495,0.10924086456618703
1183,309,1492,0.10925106589904701
1168,312,1480,0.10925643699767554
1165,314,1479,0.10929526193822327
1163,318,1481,0.10933776379224756
1159,315,1474,0.10938157077882855
1163,320,1483,0.10943073236960998
1179,321,1500,0.10946661131224011
1184,319,1503,0.10946277218129596
1176,322,1498,0.10944911232505683
1177,318,1495,0.10945465367233308
1167,322,1489,0.10945854691732429
1175,317,1492,0.10948511019998158
1168,326,1494,0.10949136736409482
1161,332,1493,0.10951398527595003
1161,333,1494,0.1095512177562109
1163,325,1488,0.10958605982516138
1158,332,1490,0.10961386435135034
1169,332,1501,0.10964989732574715
1169,325,1494,0.10965852989005218
1170,339,1509,0.10966602587390335
1170,334,1504,0.10967073968763591
1158,330,1488,0.1096766692400233
1153,337,1490,0.10970758997996848
1142,341,1483,0.10974657853508545
1143,349,1492,0.10980689250530867
1146,348,1494,0.10986032584424894
1148,348,1496,0.10990312029501506
1142,346,1488,0.10993738884002865
1136,346,1482,0.10998440523689144
1127,352,1479,0.11004167118193177
1127,352,1479,0.11011386198421519
1122,351,1473,0.11018078803732073
1125,353,1478,0.11025155259196834
1137,347,1484,0.11031008751771619
1137,348,1485,0.11033698834505977
1144,350,1494,0.11036403195698587
1143,354,1497,0.11037581013940663
1149,358,1507,0.11038909759750211
1152,362,1514,0.11038858358598745
1150,362,1512,0.11038066429260725
1137,364,1501,0.11038002140464785
1129,367,1496,0.11040890808503295
1131,369,1500,0.11045247015904387
1131,370,1501,0.11048878714860859
1133,369,1502,0.11052321329798648
1129,370,1499,0.11055187967397369
1128,374,1502,0.11058694951332404
1118,369,1487,0.11062332553531862
1119,377,1496,0.11067858966182671
1112,374,1486,0.11072577294359637
1124,373,1497,0.11078619997391169
1132,365,1497,0.11081328662363166
1149,373,1522,0.1108206865769339
1139,375,1514,0.11078960293673626
1132,370,1502,0.11078548149836542
1120,380,1500,0.11079872210214453
1119,381,1500,0.1108381404624821
1117,376,1493,0.11087646721641747
1122,370,1492,0.11091570987168918
1111,373,1484,0.11094162734866292
1110,376,1486,0.11099084065904784
1109,376,1485,0.11103883288458953
1124,375,1499,0.11108497947526917
1116,378,1494,0.11109134953516552
1121,378,1499,0.1111144676864956
1126,378,1504,0.11112464089817074
1115,383,1498,0.1111227829197608
1125,376,1501,0.11114425056553476
1107,376,1483,0.11114103494163824
1109,383,1492,0.11117744531759331
1109,386,1495,0.11120678279658587
1115,388,1503,0.1112345217455172
1106,390,1496,0.11124558903875262
1114,382,1496,0.11127691016362821
1118,373,1491,0.11128780584483841
1126,373,1499,0.11129005610362991
1132,373,1505,0.11127178733965469
1130,380,1510,0.11124184550030038
1132,383,1515,0.11121992875404685
1129,385,1514,0.11119472048230097
1120,388,1508,0.11117623363664496
1118,390,1508,0.11118003851079292
1118,386,1504,0.11118883242254504
1109,389,1498,0.111197417119741
1106,385,1491,0.1112255693329395
1099,387,1486,0.11125702946273863
1099,387,1486,0.11129995608666526
1096,383,1479,0.11133824531403005
1096,379,1475,0.11137984040703179
1097,378,1475,0.11141764942480759
1105,381,1486,0.11145032850100421
1098,379,1477,0.11146292004666553
1109,378,1487,0.11149039910007047
1117,373,1490,0.11149173091191597
1120,375,1495,0.11147641028380638
1113,385,1498,0.1114546571879755
1103,386,1489,0.11145165504405885
1111,388,1499,0.11146971993571056
1101,389,1490,0.11146643900140706
1106,389,1495,0.1114872133953644
1105,393,1498,0.11149504275067856
1108,395,1503,0.11150455416630031
1100,393,1493,0.11150772950923571
1103,395,1498,0.11152947774180508
1093,403,1496,0.11154257983399699
1090,407,1497,0.1115779185011045
1095,400,1495,0.1116183472694884
1103,403,1506,0.11164343817682258
1102,407,1509,0.1116478234164474
1107,407,1514,0.11165495838979159
1093,403,1496,0.1116497567224283
1085,402,1487,0.11167664927087698
1094,408,1502,0.11171967780406591
1095,405,1500,0.11173742152733332
1095,398,1493,0.11175202038191445
1099,400,1499,0.11176371599933066
1093,395,1488,0.11176547530529732
1093,396,1489,0.11178167557614177
1097,397,1494,0.11179584613455869
1094,397,1491,0.11180018319746804
1090,403,1493,0.11181143885328684
1083,410,1493,0.11182987523644145
1084,405,1489,0.1118631363875037
1080,403,1483,0.11189138529683187
1083,401,1484,0.11192688623483633
1093,409,1502,0.11195158310225956
1097,404,1501,0.11195104707195094
1098,412,1510,0.11194090831808852
1097,403,1500,0.11192817569707153
1097,412,1509,0.1119190399053726
1092,412,1504,0.1119097838397105
1090,414,1504,0.11191317483326595
1076,410,1486,0.11192168014838835
1071,405,1476,0.11196257775718113
1079,407,1486,0.11201193411616162
1088,409,1497,0.11203790766270862
1080,414,1494,0.11204201773818723
1092,418,1510,0.11206655367129834
1090,422,1512,0.11206212166813341
1086,423,1509,0.11206252037184235
1077,416,1493,0.11207248405113028
1072,419,1491,0.11210170063448004
1076,412,1488,0.11214141637749
1075,414,1489,0.1121671340383296
1075,421,1496,0.11219370172953479
1083,424,1507,0.11221722987080249
1085,422,1507,0.11222021132011427
1079,423,1502,0.11221809070491456
1077,427,1504,0.11223074827040697
1080,430,1510,0.11224769225290805
1078,430,1508,0.11225560153416225
1071,429,1500,0.11226718600878194
1058,434,1492,0.11229464947164906
1057,429,1486,0.11235005976196298
1054,434,1488,0.11240181434198686
1049,434,1483,0.11245769324196696
1051,437,1488,0.11252108040786886
1057,435,1492,0.1125727489126352
1062,432,1494,0.11260642721125512
1059,435,1494,0.11262679923025334
1059,426,1485,0.1126519118488266
1061,435,1496,0.11267540438154448
1058,437,1495,0.11269307166780386
1057,435,1492,0.11271765310761504
1057,433,1490,0.11274274551956083
1060,437,1497,0.11276555615260124
1054,442,1496,0.1127805544595534
1048,446,1494,0.11280752771710409
1048,445,1493,0.1128481132930802
1049,444,1493,0.1128864147432519
1055,441,1496,0.11291856686979655
1052,447,1499,0.11293346570715457
1044,451,1495,0.1129552215391945
1047,453,1500,0.1129928689071875
1029,451,1480,0.11302109472125065
1030,458,1488,0.1130884645249985
1037,452,1489,0.11314829584345562
1033,453,1486,0.11318746876535274
1017,464,1481,0.11323327516076258
1023,453,1476,0.11331378565475408
1030,461,1491,0.11337432547121842
1023,471,1494,0.11341303537834477
1029,475,1504,0.11346442028703685
1030,473,1503,0.11349750208108077
1030,474,1504,0.11352631363890951
1036,470,1506,0.113552811898224
1035,467,1502,0.11356388856006301
1028,466,1494,0.11357652619464481
1032,465,1497,0.11360379893883821
1022,461,1483,0.11362137264876189
1025,459,1484,0.11366086699631527
1024,465,1489,0.11369168189191946
1039,467,1506,0.11372145390184148
1043,464,1507,0.11371505334599546
1033,471,1504,0.11370040933876982
1034,477,1511,0.1137104808315046
1013,478,1491,0.11371737636812089
1013,476,1489,0.11377347723623092
1015,477,1492,0.11382619592665065
1016,483,1499,0.11387055597032182
1009,490,1499,0.11390907990122841
1006,495,1501,0.113958941237779
997,500,1497,0.11401333903584765
1012,489,1501,0.11408252517470555
1015,492,1507,0.1141116266791159
1021,491,1512,0.1141325217915708
1015,487,1502,0.11413801732480636
1012,490,1502,0.11415750532022567
1009,487,1496,0.11418357907480602
1008,485,1493,0.11421432364422618
1018,486,1504,0.11424587312202399
1013,492,1505,0.11425034685669506
999,490,1489,0.11426614533563179
1010,493,1503,0.11431212312270621
1004,489,1493,0.11432961340374691
993,495,1488,0.11435988727730984
998,502,1500,0.1144127053355882
999,496,1495,0.11444937700221863
1002,497,1499,0.11448051542300908
1012,508,1520,0.1145044239672017
1008,505,1513,0.114503754498551
993,504,1497,0.11451246470201927
992,495,1487,0.11455534124973338
997,496,1493,0.1145963515259558
992,506,1498,0.1146229640767443
991,504,1495,0.11466053074356942
993,509,1502,0.11469766727529127
996,510,1506,0.11472792889795114
1002,505,1507,0.11475013405879456
997,500,1497,0.11475711420771123
994,497,1491,0.11477367970209293
1007,503,1510,0.11479607561753678
990,503,1493,0.11478617621312832
979,499,1478,0.11481725872674325
994,495,1489,0.1148712012582383
990,497,1487,0.11488470712421758
984,500,1484,0.1149051898071988
982,501,1483,0.11493978406699082
987,503,1490,0.11497587054908859
989,508,1497,0.11499690196116574
993,505,1498,0.11501289517463441
1005,497,1502,0.11501788702273555
1004,498,1502,0.11499568074434677
1001,501,1502,0.1149787038759507
999,502,1501,0.11496846603661502
988,505,1493,0.11496268274234016
983,511,1494,0.11498387647519273
989,515,1504,0.11501530709575401
994,519,1513,0.11502972070229461
997,514,1511,0.11503259221006644
995,512,1507,0.11502787026592816
987,509,1496,0.11502809698717613
989,516,1505,0.11504840633998581
983,519,1502,0.11506204939703274
987,526,1513,0.11509025866030793
991,522,1513,0.11510752798552232
979,523,1502,0.11511525933378401
966,524,1490,0.11514878033340835
967,534,1501,0.11520995662834459
974,535,1509,0.11526490728790394
971,529,1500,0.1153006451870116
976,531,1507,0.11533944074181063
969,533,1502,0.11536353720976658
974,530,1504,0.11540343448661218
965,528,1493,0.11542832428662708
970,527,1497,0.11547074275246619
980,522,1502,0.11549789391762316
979,533,1512,0.11549924925341248
975,531,1506,0.11550455897614423
978,539,1517,0.11552220024779893
968,532,1500,0.11553034108323694
963,541,1504,0.11556179838378615
954,540,1494,0.11560152674535434
963,541,1504,0.11565748765007317
967,544,1511,0.11568660899215104
969,538,1507,0.11570379015453156
972,544,1516,0.11571557007354008
969,540,1509,0.11571962530480016
954,543,1497,0.11573047268936948
965,535,1500,0.11577544209260068
962,539,1501,0.11579276652770144
955,541,1496,0.11581700672861714
956,543,1499,0.11585789697099994
948,550,1498,0.1158933673333127
934,563,1497,0.1159456123281991
937,560,1497,0.11602606442745542
938,559,1497,0.11609501146920437
939,555,1494,0.1161552944079845
943,552,1495,0.11620875830775469
944,553,1497,0.11624804965697798
947,550,1497,0.11628160632958266
948,551,1499,0.11630528263308268
948,551,1499,0.11632508717956203
946,555,1501,0.11634234325523057
948,556,1504,0.11636401317960392
941,553,1494,0.1163802440491199
939,556,1495,0.11641371940260661
937,551,1488,0.11644918424832106
950,548,1498,0.1164855250080167
960,550,1510,0.11648792740234888
955,549,1504,0.11646729474840711
950,551,1501,0.11645999845035838
953,547,1500,0.11646387096849059
926,544,1470,0.11645734631344772
936,551,1487,0.11651591754328557
941,549,1490,0.11654651868495489
935,556,1491,0.11656138757216446
930,556,1486,0.11658894761780526
938,553,1491,0.11662806959137333
947,550,1497,0.11664471358188695
953,561,1514,0.1166395843211841
943,558,1501,0.11661987842175002
946,553,1499,0.1166245903787376
944,561,1505,0.11662271607600407
943,561,1504,0.11662534700024917
936,563,1499,0.11663028688389561
933,569,1502,0.11665283036311803
937,566,1503,0.11668034991199921
942,566,1508,0.11669762338594117
929,570,1499,0.11670119021556831
933,568,1501,0.11673643564407701
930,569,1499,0.11676045421204176
919,567,1486,0.11678860493993859
922,569,1491,0.11684107782774528
923,562,1485,0.11688286711209245
938,569,1507,0.11691876814106923
938,565,1503,0.11691507761984965
935,575,1510,0.11691282899850726
938,570,1508,0.11691817606605728
934,566,1500,0.11691614164711885
929,571,1500,0.11692315062711951
920,571,1491,0.11694211437211059
924,579,1503,0.11698207402229663
935,576,1511,0.11700987614806077
936,571,1507,0.11701086875447833
924,576,1500,0.1170099315505177
925,578,1503,0.11703668668845363
915,591,1506,0.11706009695044806
923,591,1514,0.11710559959003833
917,584,1501,0.11712830509864017
905,590,1495,0.11716263588144159
908,589,1497,0.11722110555666793
924,593,1517,0.11727020913009259
922,589,1511,0.11727772155544205
918,587,1505,0.11728904303071525
917,584,1501,0.1173091796944956
905,593,1498,0.1173295812880924
917,589,1506,0.11737546201415654
918,593,1511,0.11739021681039422
911,590,1501,0.11740276030153728
912,597,1509,0.1174312341832069
897,597,1494,0.11745510609201372
894,600,1494,0.11751269342577712
888,607,1495,0.11757546578749273
900,599,1499,0.11764712373395067
911,592,1503,0.11768456268768712
904,599,1503,0.1176927550590269
903,607,1510,0.11772024491208284
899,609,1508,0.11774657848907548
902,613,1515,0.11778003177377001
897,609,1506,0.11780529165089121
901,609,1510,0.11784122018597498
903,611,1514,0.11786517214538453
889,616,1505,0.11788213654465811
888,624,1512,0.1179320376075305
888,612,1500,0.11798028076960973
883,609,1492,0.11802690720886481
888,615,1503,0.1180810192471053
886,610,1496,0.11811803287428864
885,613,1498,0.11815789725232467
879,615,1494,0.11819804297082445
874,619,1493,0.11824980194015358
875,619,1494,0.1183098517889028
880,618,1498,0.11836274251559431
889,615,1504,0.11840029316797084
892,619,1511,0.11841455839803924
884,627,1511,0.11842304157004918
881,621,1502,0.11844822306137605
878,620,1498,0.1184800310015939
869,617,1486,0.11851777280271744
869,624,1493,0.11857407299971313
869,622,1491,0.11862553815860628
876,619,1495,0.11867285529841919
881,638,1519,0.11870278443014697
876,638,1514,0.11871764602522422
871,639,1510,0.11874335696696647
869,637,1506,0.11877980846422394
879,633,1512,0.11881828677276912
869,633,1502,0.11883023504164072
859,634,1493,0.11886410003661997
862,648,1510,0.11891946612388678
857,650,1507,0.11896437145063164
860,648,1508,0.11901884191025403
863,651,1514,0.11906385932737525
860,652,1512,0.11910057047131868
856,650,1506,0.11914080525845006
865,656,1521,0.1191887277594903
856,655,1511,0.11921198738874934
848,662,1510,0.11925455176775142
855,665,1520,0.11931380102111637
856,662,1518,0.11935032453273635
857,647,1504,0.1193825958241709
855,648,1503,0.11941025475382737
861,652,1513,0.11944090325434269
857,643,1500,0.119456160706036
854,647,1501,0.11948031344821591
843,654,1497,0.11951048263902628
832,658,1490,0.11956399698015222
831,661,1492,0.11963787126106912
833,663,1496,0.11970956743316367
836,666,1502,0.11977219026771353
838,664,1502,0.11982281314047077
836,667,1503,0.11986533439503103
835,668,1503,0.1199093914991326
836,666,1502,0.11995354152726659
832,670,1502,0.11999372557151554
828,673,1501,0.12004106859199883
823,678,1501,0.12009702069870296
821,666,1487,0.12016095647954465
820,672,1492,0.12022449021919136
821,671,1492,0.12028399905578216
825,673,1498,0.12033623019124315
828,675,1503,0.12037430261252195
831,676,1507,0.12040349689612162
821,668,1489,0.12042315820333595
824,669,1493,0.12046470211044415
817,667,1484,0.12049789981179067
821,664,1485,0.12054438858878985
822,670,1492,0.12057607144301066
824,672,1496,0.12060217554525679
831,681,1512,0.12062278578931451
832,677,1509,0.12062490343779725
828,681,1509,0.12062507822013113
835,676,1511,0.12063410492009026
831,677,1508,0.12062662403249892
820,675,1495,0.12063090018748039
810,683,1493,0.12066081999383681
806,678,1484,0.12071197959852015
812,678,1490,0.12077237399770586
809,676,1485,0.12081399710497472
808,676,1484,0.1208586907519014
802,694,1496,0.12090059002717082
809,694,1503,0.12095577756758759
812,690,1502,0.12099182158510981
807,695,1502,0.12101806919954543
801,708,1509,0.12105451911935158
792,705,1497,0.12110311832567973
794,706,1500,0.1211698244343408
800,718,1518,0.12122706794289981
798,711,1509,0.121266549224991
794,710,1504,0.12130843519326952
792,717,1509,0.12135761259616988
797,701,1498,0.12140624149040374
798,705,1503,0.12143935267072785
788,713,1501,0.12146968456953808
782,706,1488,0.12152176130713713
787,717,1504,0.12158396769807425
788,724,1512,0.12162963830051415
780,727,1507,0.12166996190516205
762,734,1496,0.12172745432504258
767,732,1499,0.12182489335931625
763,735,1498,0.12190534384172061
760,727,1487,0.12198731653944918
770,718,1488,0.12207153746522387
769,723,1492,0.12212753545275103
766,725,1491,0.12218091956993034
765,725,1490,0.12223801494451726
765,735,1500,0.12229423552609514
759,734,1493,0.12234714312888592
761,742,1503,0.1224106138635924
762,752,1514,0.12246153390854579
768,752,1520,0.122507536658302
770,740,1510,0.12253676925310358
763,742,1505,0.12255811361053964
757,745,1502,0.12259477634299219
756,736,1492,0.12264395436965253
760,741,1501,0.12269294098934562
769,744,1513,0.12272837326339829
766,746,1512,0.12274065323391756
771,745,1516,0.1227600745728699
771,749,1520,0.12276686672125207
769,747,1516,0.12277327606070818
766,742,1508,0.1227837858007349
760,743,1503,0.1228013810119649
766,732,1498,0.12283287122017353
760,744,1504,0.1228464575151744
760,751,1511,0.12287265129055175
738,758,1496,0.12289838016017315
748,757,1505,0.12297588829725996
741,753,1494,0.12302266284429592
745,750,1495,0.12308178056942091
750,758,1508,0.12312763774697881
737,761,1498,0.1231566979357138
736,756,1492,0.12321507617012856
742,755,1497,0.12327171967431133
737,764,1501,0.12331003343398386
750,752,1502,0.12335935579954078
754,757,1511,0.12337348742583373
753,751,1504,0.12337631533016762
747,747,1494,0.12338143078079139
755,750,1505,0.12340159627715178
733,751,1484,0.12340093368402559
741,765,1506,0.12345322668677298
743,764,1507,0.12348086813261064
737,764,1501,0.1235024651184175
735,770,1505,0.12353904741887557
730,778,1508,0.12358031373266382
727,776,1503,0.12363188613726957
729,785,1514,0.12368744594919495
736,792,1528,0.1237345255686204
733,794,1527,0.12376065610800359
724,806,1530,0.123791720942179
719,800,1519,0.12384219500099089
715,794,1509,0.12390228433155537
721,798,1519,0.12396809983219573
714,787,1501,0.1240143968020983
713,798,1511,0.12407271888390198
710,792,1502,0.1241295125756377
700,789,1489,0.12419002896778433
705,794,1499,0.12427170830687795
699,791,1490,0.12433441676959411
697,801,1498,0.12440639805305143
695,799,1494,0.12447855012274481
689,791,1480,0.12455098366764972
689,791,1480,0.12463283591418144
697,791,1488,0.12471059154086746
710,783,1493,0.12476142520734004
724,779,1503,0.12477793058562443
723,786,1509,0.12475761414123332
726,798,1524,0.12474234091683588
715,802,1517,0.12472103537915662
710,798,1508,0.12472700027376318
711,801,1512,0.12474662347776257
707,801,1508,0.12476222146222746
697,795,1492,0.1247852102310732
705,807,1512,0.12483233539295707
709,806,1515,0.12485764055808332
715,807,1522,0.12487220885818599
709,807,1516,0.12486963880671982
700,805,1505,0.12488111315869833
707,811,1518,0.1249131129065084
695,813,1508,0.12492529718907061
694,807,1501,0.12496671207969057
709,803,1512,0.12500604887345482
698,798,1496,0.125006137893298
696,798,1494,0.12503260699239707
699,808,1507,0.12506282469182795
709,812,1521,0.125083036249576
702,815,1517,0.1250792669903794
701,810,1511,0.12509358110575888
702,808,1510,0.12511054527753804
705,812,1517,0.12512489100573845
703,813,1516,0.1251294595160943
700,815,1515,0.12514010415541424
686,818,1504,0.12515737846074207
686,821,1507,0.1252086911397243
679,825,1504,0.12525790295032657
681,837,1518,0.12531956407620692
669,839,1508,0.12537264352481922
657,835,1492,0.12545349127202218
669,835,1504,0.12555706978055226
665,842,1507,0.12562281217261656
671,846,1517,0.1256945908948864
671,850,1521,0.12574764501031763
670,846,1516,0.12579815961720073
675,847,1522,0.1258461346959424
679,843,1522,0.1258791420922822
669,842,1511,0.12590331773510102
665,844,1509,0.12594844874203495
670,844,1514,0.1260022901417818
670,852,1522,0.1260412878786
658,851,1509,0.12607900171538017
658,856,1514,0.12614330914443866
664,852,1516,0.12620447495603065
657,849,1506,0.1262463313240281
652,851,1503,0.1263025264189879
665,851,1516,0.126366129579106
666,863,1529,0.12639391615832227
663,863,1526,0.1264184255681855
654,862,1516,0.12644987012001807
650,857,1507,0.1265014576543126
639,849,1488,0.1265583523571949
641,854,1495,0.1266380479060973
651,866,1517,0.12670918329933312
644,868,1512,0.12675100950986493
642,874,1516,0.1268076862488022
639,864,1503,0.12686459193199162
644,861,1505,0.12692291536265743
647,855,1502,0.12696491330798915
633,860,1493,0.12699510435974495
624,868,1492,0.12705968414300198
629,872,1501,0.1271421674813524
624,872,1496,0.12720388746476974
617,870,1487,0.12727232938024036
630,874,1504,0.12735276779067256
634,879,1513,0.12739621456687705
641,865,1506,0.12742612907277182
637,876,1513,0.12743519045225285
641,867,1508,0.12745461711984304
638,870,1508,0.127462999476914
639,879,1518,0.12747894141029584
637,883,1520,0.12749296465896787
637,877,1514,0.12751036804755342
635,877,1512,0.12752460559733017
630,861,1491,0.12754358489248616
627,864,1491,0.1275730334131091
636,875,1511,0.12760872846896285
624,878,1502,0.1276222470775087
622,874,1496,0.12766327595353388
633,870,1503,0.12770481237954695
637,878,1515,0.12771826802409272
616,886,1502,0.12771988991225977
624,878,1502,0.12777343726711896
627,880,1507,0.12780514067825458
626,888,1514,0.12782884731751637
612,896,1508,0.12785668338301712
618,892,1510,0.12791573534950618
617,896,1513,0.12795514049948772
610,899,1509,0.12799348882911765
620,900,1520,0.1280477409372577
613,890,1503,0.12807479569235503
613,888,1501,0.12811713831712665
617,900,1517,0.12815775026844317
614,887,1501,0.1281863372605789
617,883,1500,0.1282204693676037
621,881,1502,0.1282423974059827
609,891,1500,0.12825373476879284
613,894,1507,0.12829484918025702
618,893,1511,0.12832325012234666
614,894,1508,0.12833796339406148
602,897,1499,0.12836073017372296
612,904,1516,0.12841139383398317
614,897,1511,0.12843468163544744
611,895,1506,0.1284519818031175
604,887,1491,0.12847539626783766
610,886,1496,0.12851653255209214
606,896,1502,0.1285399840354422
607,894,1501,0.1285708189433742
598,896,1494,0.128596742066432
605,882,1487,0.12864211679935544
608,889,1497,0.12866644130276392
605,887,1492,0.12868075677212487
616,893,1509,0.12870036766616125
610,895,1505,0.1286920799178735
609,912,1521,0.12870026342805554
616,911,1527,0.12871113729432035
611,902,1513,0.1287039205143205
604,910,1514,0.12870965962851122
610,901,1511,0.12873136643763045
613,901,1514,0.12873778550252016
613,907,1520,0.1287371483943811
603,911,1514,0.12873676713066642
604,907,1511,0.1287627212700279
602,911,1513,0.12878406548052473
599,906,1505,0.12880798998930704
589,916,1505,0.1288373105686229
578,919,1497,0.12889036337829712
581,916,1497,0.12896717058537707
582,923,1505,0.1290301968593564
586,928,1514,0.12908548013400892
576,923,1499,0.12912505963015414
585,920,1505,0.1291876287451953
586,930,1516,0.1292211817223649
582,928,1510,0.12925022906199213
581,919,1500,0.1292872766815342
580,918,1498,0.12932424592797828
589,920,1509,0.1293610969052379
588,923,1511,0.1293750158688998
576,919,1495,0.12939119678279443
580,931,1511,0.12943593496214856
582,924,1506,0.129466801025926
580,919,1499,0.1294905916597997
579,926,1505,0.1295191279677797
580,935,1515,0.12954975181851738
574,926,1500,0.1295745874840978
565,922,1487,0.12961240930053397
572,926,1498,0.12967002308888748
571,928,1499,0.1297067028716679
578,932,1510,0.12974361595803047
576,924,1500,0.12976094533357063
575,925,1500,0.1297805388551894
575,939,1514,0.1298016042452032
584,937,1521,0.12982123819740793
577,934,1511,0.12981783687205234
576,926,1502,0.12983152517228813
580,931,1511,0.12984637170180469
579,919,1498,0.1298502555759698
578,917,1495,0.12985526760923935
579,924,1503,0.12986286210428866
580,925,1505,0.12986489134749063
578,920,1498,0.12986548598160716
581,923,1504,0.12986942380751348
576,922,1498,0.12986488917087616
578,913,1491,0.1298755147841505
581,925,1506,0.12988019737014286
575,926,1501,0.12987855763381387
566,931,1497,0.12989131281666752
567,935,1502,0.12992233657946872
578,932,1510,0.12994691104720363
573,935,1508,0.129942104602648
567,936,1503,0.1299508523301968
570,933,1503,0.12997612685654736
569,939,1508,0.12999218991240305
568,925,1493,0.13001016870302337
569,912,1481,0.13002808932580928
573,919,1492,0.13004343099531565
571,940,1511,0.13004728544051464
581,940,1521,0.13005611483446838
574,939,1513,0.13003854282484212
574,950,1524,0.13003994423274703
573,950,1523,0.130042710803912
576,943,1519,0.13004974680105627
565,944,1509,0.1300472916718377
567,947,1514,0.13007042590977821
574,955,1529,0.13008757086122005
572,956,1528,0.1300857606965578
568,948,1516,0.13008976190413668
559,947,1506,0.13010361873093632
548,953,1501,0.13014008434046098
546,948,1494,0.13020148431098771
550,944,1494,0.13026329764235814
553,928,1481,0.13030988384094935
558,938,1496,0.13034470728049882
552,953,1505,0.13036605564338422
553,960,1513,0.13040326148479192
544,963,1507,0.1304341291915003
545,975,1520,0.13048515084834533
549,965,1514,0.1305312854217398
542,973,1515,0.1305630083436156
543,965,1508,0.13061064189896462
541,971,1512,0.13065176268152817
538,972,1510,0.13069295091371708
539,982,1521,0.13073790690515708
548,969,1517,0.13077866358429147
533,967,1500,0.13079331857428905
530,972,1502,0.13084448996219933
532,981,1513,0.1309007021057858
529,983,1512,0.13095032380735833
525,984,1509,0.13100393900937546
520,982,1502,0.1310622773051377
520,978,1498,0.13112881044285812
523,973,1496,0.13119404590813563
516,971,1487,0.13124692279730657
521,981,1502,0.13131523893610392
514,974,1488,0.13136634663788066
512,983,1495,0.13143082522546
508,978,1486,0.13149576729663745
513,992,1505,0.13156542063841786
517,995,1512,0.13161843570723608
524,1005,1529,0.1316581741844184
520,992,1512,0.13167814196723138
515,1001,1516,0.13170816218347192
516,997,1513,0.13174785488583665
509,997,1506,0.13178102636670874
505,993,1498,0.13182847136406997
498,988,1486,0.13188311870924685
495,1004,1499,0.13195259436233134
494,1003,1497,0.13202340294295417
495,998,1493,0.13209125583354364
496,998,1494,0.13215223493706849
495,1004,1499,0.13220960291418737
495,1008,1503,0.13226629104897206
491,1013,1504,0.13231813090263778
493,1003,1496,0.13237476231891102
501,996,1497,0.13241978550549896
503,993,1496,0.13244407547923442
506,996,1502,0.13246459213799608
496,998,1494,0.13247442140206334
491,1009,1500,0.1325068133537078
490,1012,1502,0.1325493237157908
486,1016,1502,0.1325924698603396
488,1017,1505,0.13264416456889594
487,1012,1499,0.132688194513707
492,1011,1503,0.1327304837246428
493,1016,1509,0.1327584283241135
492,1015,1507,0.13277856218261666
490,1021,1511,0.13280253793880573
493,1030,1523,0.132829379200883
491,1024,1515,0.1328488785982341
489,1026,1515,0.13287260150282376
495,1019,1514,0.1328996062489768
493,1014,1507,0.13290748845951966
493,1006,1499,0.13291938638568485
494,1015,1509,0.13292938086844347
492,1017,1509,0.13293618626537537
497,1014,1511,0.13294821011495703
499,1007,1506,0.13294650018175852
501,1013,1514,0.13294106627935062
485,1008,1493,0.1329322092108518
475,1012,1487,0.13296414875816165
481,1022,1503,0.13301959319006407
494,1016,1510,0.1330558334258522
498,1022,1520,0.13305466733854854
490,1019,1509,0.13304284871212105
486,1025,1511,0.1330532871612961
485,1032,1517,0.13307337676369038
477,1024,1501,0.13309516824374104
474,1032,1506,0.1331369609992794
472,1036,1508,0.1331831649254155
475,1031,1506,0.13323272182757567
485,1028,1513,0.13326932690432888
481,1045,1526,0.13327702257914342
476,1048,1524,0.13329381045414831
478,1042,1520,0.13332416700319386
471,1039,1510,0.13334861374120394
471,1034,1505,0.13339177967712712
474,1037,1511,0.13343091761814005
468,1033,1501,0.13346006221906406
472,1047,1519,0.1335023055936949
469,1041,1510,0.13353372028669117
475,1037,1512,0.13356916218441084
466,1042,1508,0.13358612900251743
465,1045,1510,0.13362465026272063
465,1042,1507,0.13366277297596502
464,1049,1513,0.13369861390350463
466,1038,1504,0.13373466649494745
462,1047,1509,0.13376279113370024
464,1038,1502,0.13379810501974138
469,1041,1510,0.13382633004691447
464,1050,1514,0.13384071840911793
466,1051,1517,0.13386846482553394
458,1054,1512,0.13388977482278064
449,1059,1508,0.13393258913728154
449,1048,1497,0.13399503144903124
452,1048,1500,0.1340528042388965
458,1050,1508,0.13409934356890255
458,1049,1507,0.13412712064904508
457,1044,1501,0.1341540618887126
459,1040,1499,0.1341821771745875
454,1048,1502,0.13420439443024662
452,1058,1510,0.13423781972165422
453,1060,1513,0.13427337755227942
450,1063,1513,0.13430480204090245
452,1052,1504,0.13434093927500676
449,1069,1518,0.13436993980484452
447,1073,1520,0.13440638110752767
449,1067,1516,0.13444543421020871
452,1070,1522,0.1344749860978296
455,1065,1520,0.1344931447459831
451,1060,1511,0.13450295550795996
451,1059,1510,0.13452274821971819
449,1063,1512,0.13453960010456384
442,1050,1492,0.1345599034902146
444,1059,1503,0.13459815200324818
454,1053,1507,0.13462931647622123
445,1074,1519,0.13463206341285494
438,1074,1512,0.1346588319622614
432,1077,1509,0.1347029455769314
430,1074,1504,0.13475941397355715
424,1069,1493,0.1348184578829908
428,1076,1504,0.13488735452823086
435,1088,1523,0.13494241999044396
445,1077,1522,0.1349736206521079
442,1085,1527,0.13497827304932206
436,1074,1510,0.13499232088055205
446,1063,1509,0.13502133832620866
448,1067,1515,0.1350217612568509
445,1070,1515,0.13501639682966945
444,1072,1516,0.1350214238917508
448,1068,1516,0.1350279056935833
448,1067,1515,0.1350253929635348
452,1069,1521,0.13502208631091445
453,1070,1523,0.13500838033053408
457,1058,1515,0.13499550099548824
455,1055,1510,0.13497234003879874
451,1056,1507,0.1349548936429765
449,1060,1509,0.13494866566732938
450,1050,1500,0.13494837498419332
456,1051,1507,0.1349465653096287
448,1048,1496,0.13492912570097224
456,1053,1509,0.1349331296687502
452,1056,1508,0.1349175001322095
452,1058,1510,0.1349135717725164
451,1065,1516,0.1349105568711182
446,1065,1511,0.1349129852531485
443,1066,1509,0.1349267709906121
437,1067,1504,0.13494888887989373
433,1064,1497,0.13498692444430888
434,1076,1510,0.1350314406341253
432,1077,1509,0.1350702349972625
436,1062,1498,0.13511115721984748
439,1068,1507,0.1351398454283575
433,1078,1511,0.13515688242288182
434,1074,1508,0.13518871009274086
433,1075,1508,0.13521346706444276
434,1079,1513,0.13523767911682674
432,1086,1518,0.13525816388504436
429,1076,1505,0.13528502335329035
433,1072,1505,0.1353180794095719
429,1077,1506,0.13533963998149764
433,1076,1509,0.13536817319615874
429,1083,1512,0.13538603413774258
428,1084,1512,0.13541394172296256
422,1080,1502,0.1354416497154693
425,1090,1515,0.13548126513770092
425,1086,1511,0.13551038404950944
431,1082,1513,0.13553716584532524
426,1081,1507,0.1355470052633945
435,1080,1515,0.13556651988205393
431,1088,1519,0.13556158972853585
432,1093,1525,0.13556656679510404
437,1091,1528,0.13557021101241878
443,1093,1536,0.13556266538535516
445,1084,1529,0.1355397875527858
442,1070,1512,0.13551484165565977
437,1071,1508,0.13549882039303182
429,1077,1506,0.13549619544515779
427,1080,1507,0.13551547923953725
428,1086,1514,0.1355365341850007
428,1080,1508,0.13555302211692088
424,1088,1512,0.13556936505172737
426,1082,1508,0.135593569832682
419,1076,1495,0.13561348439406123
413,1082,1495,0.135649127935405
418,1075,1493,0.13569667262138033
411,1085,1496,0.13572762197622787
418,1091,1509,0.13577260733250834
425,1093,1518,0.13579828478680334
422,1095,1517,0.13580515749700287
421,1087,1508,0.13581996988698022
421,1098,1519,0.13583702812407317
418,1081,1499,0.13585367652679675
421,1096,1517,0.13587337901043228
415,1090,1505,0.13588571231938587
414,1096,1510,0.13591317099140898
420,1104,1524,0.13594041045050934
421,1094,1515,0.13595189302584995
426,1088,1514,0.13596048166090596
425,1082,1507,0.1359539131736324
431,1079,1510,0.13595075643459698
431,1067,1498,0.13593211083744133
420,1077,1497,0.13591370961250276
420,1088,1508,0.13592570788285244
422,1095,1517,0.13593931040700527
422,1093,1515,0.13594826861796105
421,1097,1518,0.13595636409927678
420,1098,1518,0.13596494843150478
422,1103,1525,0.1359760704913033
418,1111,1529,0.13598167272650571
417,1100,1517,0.13599576889700632
417,1101,1518,0.13601177924948696
418,1092,1510,0.13602640464156487
423,1093,1516,0.1360379506168991
431,1098,1529,0.13603509101805847
425,1092,1517,0.13601134425447303
430,1097,1527,0.1360036492058289
432,1096,1528,0.13598432935836746
429,1097,1526,0.1359628033421314
424,1086,1510,0.1359504983984115
421,1084,1505,0.1359521285451606
427,1087,1514,0.135961227855287
435,1085,1520,0.13595436091966986
436,1088,1524,0.1359270321335754
428,1093,1521,0.13589904795228283
424,1088,1512,0.13589281782892185
430,1087,1517,0.13589852090996385
423,1085,1508,0.13588761020248327
423,1082,1505,0.13589728647747512
428,1098,1526,0.135907982000964
426,1086,1512,0.13590454132748916
425,1091,1516,0.1359069646719468
429,1098,1527,0.13591251510925054
430,1107,1537,0.13590795358082716
428,1096,1524,0.1359011030331721
423,1092,1515,0.13590028724115438
424,1097,1521,0.13591165108101524
423,1099,1522,0.13591938822465188
416,1097,1513,0.13592826318220183
412,1104,1516,0.13595450246857
407,1107,1514,0.13598988644637428
401,1113,1514,0.13603608711986065
407,1109,1516,0.13609349459242848
403,1116,1519,0.13613394424589123
405,1112,1517,0.1361823557071677
404,1108,1512,0.1362211969534166
398,1116,1514,0.13626007217662559
399,1113,1512,0.13631034120182062
394,1108,1502,0.1363546838583373
397,1121,1518,0.1364120290082398
397,1127,1524,0.13645849234501914
392,1130,1522,0.13650318572172443
388,1129,1517,0.13655922611973947
377,1143,1520,0.13662280792728343
381,1131,1512,0.13670945774518695
390,1132,1522,0.13677917981153276
392,1129,1521,0.13682122784167816
387,1118,1505,0.1368563929341322
386,1130,1516,0.13690183279531307
380,1135,1515,0.13694589573142232
377,1128,1505,0.13700192161383482
376,1124,1500,0.13706242356329398
374,1127,1501,0.1371212605556669
381,1128,1509,0.1371804006669271
378,1128,1506,0.13721753036896916
376,1125,1501,0.1372604219469463
375,1137,1512,0.13730684722635872
383,1137,1520,0.1373526592500911
382,1137,1519,0.13737483053005684
379,1148,1527,0.13739789500967606
377,1139,1516,0.13742899250862117
366,1138,1504,0.13746252490591096
370,1134,1504,0.13752134115083173
368,1127,1495,0.1375677396424857
374,1123,1497,0.13761604535187322
382,1138,1520,0.13764794604262254
377,1128,1505,0.1376565149666078
375,1134,1509,0.13767599552913923
376,1141,1517,0.1377012876726095
376,1141,1517,0.13772105856787903
386,1132,1518,0.13773926188442523
377,1131,1508,0.13773176799821485
376,1127,1503,0.1377488115782552
374,1123,1497,0.1377668522662955
366,1129,1495,0.13778831641491393
368,1124,1492,0.1378284290475109
368,1135,1503,0.13786054759576932
371,1132,1503,0.13789174394857814
377,1142,1519,0.13791194336550028
378,1146,1524,0.13791653938411444
367,1150,1517,0.13791774813728558
363,1156,1519,0.1379484556481026
366,1153,1519,0.13798502187240483
375,1148,1523,0.13801264656286671
375,1143,1518,0.13801604313227922
372,1139,1511,0.13802056887304512
374,1139,1513,0.13803365387835442
369,1134,1503,0.13804119146456148
366,1146,1512,0.13805975781113453
363,1144,1507,0.1380839421362494
369,1145,1514,0.13811435883228323
366,1143,1509,0.13812649479715094
369,1147,1516,0.13814438104039067
370,1145,1515,0.13815510496483563
370,1146,1516,0.13816202671408065
368,1143,1511,0.13816946575479105
370,1148,1518,0.1381818041917011
368,1147,1515,0.13818921542343274
364,1150,1514,0.13820143056852488
368,1132,1500,0.1382228580209817
365,1129,1494,0.13823191361810494
366,1135,1501,0.13824856783460177
372,1133,1505,0.13826211685399303
370,1144,1514,0.13825882178367407
369,1134,1503,0.13826157911105885
371,1132,1503,0.13826632720065454
373,1138,1511,0.13826415460586122
375,1142,1517,0.13825677818102647
378,1145,1523,0.13824653324339903
371,1149,1520,0.13822997456224134
375,1132,1507,0.13822987681287155
382,1131,1513,0.13822326638707497
387,1132,1519,0.13819829700878794
388,1122,1510,0.13816029797610072
389,1125,1514,0.1381218025306027
384,1122,1506,0.13808332886794972
387,1134,1521,0.13806078138358527
386,1137,1523,0.13803319434982225
386,1141,1527,0.13800891492533032
385,1150,1535,0.13798555760107287
384,1146,1530,0.13796555117667209
377,1144,1521,0.13794950877841863
372,1141,1513,0.13795287650383978
375,1144,1519,0.13796937736284942
372,1136,1508,0.1379753165717166
370,1122,1492,0.13798842955554969
368,1131,1499,0.13800636392459115
372,1129,1501,0.13802643998342007
376,1126,1502,0.13803550124296923
370,1140,1510,0.13803426332282623
375,1150,1525,0.13804781038436092
372,1150,1522,0.13804767198539086
371,1142,1513,0.13805548089076314
373,1138,1511,0.13806707864051596
377,1147,1524,0.13807302151260128
379,1143,1522,0.13806952910757933
382,1139,1521,0.1380608847043874
372,1131,1503,0.13804540181929745
370,1141,1511,0.1380556835848288
370,1146,1516,0.13807176719096784
368,1154,1522,0.13808708510598222
365,1151,1516,0.13810513817716544
371,1156,1527,0.13813168502203557
372,1157,1529,0.13814189402512192
364,1153,1517,0.13815125862937194
364,1163,1527,0.13818242997517383
353,1148,1501,0.13821046732981268
353,1168,1521,0.13826493528504588
345,1170,1515,0.13831730028668296
349,1177,1526,0.13838638840584663
348,1166,1514,0.1384414539328741
346,1174,1520,0.1384962534363881
341,1179,1520,0.138551354980739
337,1169,1506,0.1386145943698564
334,1174,1508,0.13868392569439586
331,1161,1492,0.13875521026501908
329,1157,1486,0.1388289758742988
326,1166,1492,0.13890356196099346
330,1174,1504,0.13897997470698983
332,1163,1495,0.1390397125589665
331,1168,1499,0.13908935002765369
332,1168,1500,0.13913816737883444
343,1169,1512,0.13918022563791724
344,1165,1509,0.13919199610419772
346,1155,1501,0.13919987666667308
346,1143,1489,0.13920167002146674
342,1149,1491,0.13920323027074263
340,1160,1500,0.13921578993034106
338,1160,1498,0.1392327394219115
342,1178,1520,0.13925441767280414
338,1172,1510,0.13926343017523649
339,1176,1515,0.13928238068314872
340,1167,1507,0.1392978687713188
338,1161,1499,0.13930780433220297
332,1174,1506,0.1393237557214506
332,1178,1510,0.13935370843715186
337,1170,1507,0.13938055656835593
336,1153,1489,0.1393915879355365
332,1164,1496,0.13940447454834462
335,1165,1500,0.13942548907693703
329,1163,1492,0.13943738573034303
327,1158,1485,0.13946352942873727
323,1169,1492,0.1394936459643111
326,1170,1496,0.13953079986134184
326,1171,1497,0.1395582162602655
334,1164,1498,0.13958405286361
337,1173,1510,0.1395871372677783
333,1174,1507,0.1395833784205666
334,1181,1515,0.13959068857771306
332,1183,1515,0.13959517543442423
334,1170,1504,0.13960545407567884
337,1173,1510,0.1396092670439847
334,1168,1502,0.13960448961692606
337,1183,1520,0.1396094529577353
337,1187,1524,0.1396058629569623
344,1184,1528,0.13960268852642305
340,1181,1521,0.13958101007390958
337,1185,1522,0.1395705859075217
335,1193,1528,0.13957017621133855
331,1177,1508,0.1395736624390579
338,1175,1513,0.13958885781104327
336,1177,1513,0.13958578695493823
334,1178,1512,0.139587657876909
333,1181,1514,0.1395948436248947
331,1188,1519,0.13960407579062026
328,1176,1504,0.1396174445958401
323,1183,1506,0.13963729183353216
330,1181,1511,0.1396689182391493
334,1173,1507,0.13968025066498124
333,1177,1510,0.13968022268742888
333,1175,1508,0.13968394015685184
328,1171,1499,0.1396868745296791
333,1171,1504,0.13970258800447907
337,1173,1510,0.13970362792224308
335,1172,1507,0.13969450154815619
336,1180,1516,0.139690524718986
332,1185,1517,0.1396839023727016
334,1182,1516,0.13968766169881097
327,1187,1514,0.13968753281863383
328,1171,1499,0.13970593632242573
323,1164,1487,0.13971944372694384
323,1185,1508,0.13974426420993796
326,1182,1508,0.13976823420593523
327,1187,1514,0.13978519149659507
324,1184,1508,0.1397968869723232
323,1185,1508,0.13981671106208915
324,1202,1526,0.13983727673019922
327,1199,1526,0.13985247451295488
320,1195,1515,0.13985911732743098
318,1201,1519,0.13988226832421058
320,1214,1534,0.13990883067190168
316,1210,1526,0.1399282550198387
310,1200,1510,0.13995688222763686
310,1204,1514,0.13999922373514317
314,1197,1511,0.14003818893560535
311,1213,1524,0.14006343675063646
312,1216,1528,0.14009603157540249
313,1211,1524,0.14012384089631508
310,1200,1510,0.1401461033632108
310,1196,1506,0.14017481438107693
312,1200,1512,0.14020159760802697
314,1200,1514,0.1402204958180673
310,1200,1510,0.1402333021646691
318,1193,1511,0.140254399876198
320,1179,1499,0.140252481187045
321,1179,1500,0.14024654128167896
320,1176,1496,0.14023782202998908
313,1194,1507,0.14023255337331236
315,1203,1518,0.14024636150422193
314,1203,1517,0.14025495796017773
315,1197,1512,0.14026414471572055
313,1195,1508,0.14027072873178573
317,1191,1508,0.14028322725371864
311,1192,1503,0.1402840533645925
311,1196,1507,0.1403016016290162
310,1208,1518,0.14031891753218426
308,1198,1506,0.14033788545882733
311,1198,1509,0.14036085012180086
306,1200,1506,0.14037503311473995
313,1210,1523,0.1404003656127595
311,1210,1521,0.14040625265809661
312,1208,1520,0.14041796680248692
312,1200,1512,0.1404282748422668
309,1200,1509,0.14043969463330494
308,1195,1503,0.1404577183262849
314,1198,1512,0.14047638117180658
312,1198,1510,0.14047887648922136
302,1209,1511,0.14048680625417148
311,1209,1520,0.1405220828889728
305,1218,1523,0.14053069469465368
305,1224,1529,0.1405528500051841
304,1208,1512,0.14057268360297556
305,1206,1511,0.14059481863633214
297,1189,1486,0.14061275885112912
294,1203,1497,0.1406500638973213
298,1204,1502,0.14069397012000648
296,1218,1514,0.140723487069467
298,1215,1513,0.14075687874421142
298,1217,1515,0.14078423210688437
298,1211,1509,0.14080884982199562
294,1209,1503,0.14083385618762598
291,1209,1500,0.14086701430386372
293,1215,1508,0.14090639440590588
297,1213,1510,0.14093667653613828
299,1212,1511,0.14095426760326946
302,1206,1508,0.14096506352768498
300,1210,1510,0.14096776483727727
298,1214,1512,0.14097624493747019
297,1221,1518,0.1409888909114836
292,1220,1512,0.141003812839112
295,1215,1510,0.1410318120731323
286,1219,1505,0.14104941633090123
287,1225,1512,0.14108968445187456
287,1227,1514,0.14112538870490465
286,1232,1518,0.14115956464409543
285,1233,1518,0.14119475332923076
284,1241,1525,0.14122963094087054
286,1243,1529,0.14126536288147806
286,1246,1532,0.1412925113206289
286,1240,1526,0.14131776834058607
286,1243,1529,0.1413398978678251
285,1240,1525,0.141360640450517
283,1230,1513,0.1413822546019671
284,1230,1514,0.14140707312441353
286,1226,1512,0.14142830093350262
286,1226,1512,0.14144429123530233
294,1221,1515,0.1414586605696432
286,1229,1515,0.1414507497998523
285,1219,1504,0.1414634894463382
289,1217,1506,0.1414781500463014
291,1223,1514,0.1414821619315748
290,1224,1514,0.14147971095096026
291,1219,1510,0.14148139608507276
286,1224,1510,0.14147969411826913
287,1224,1511,0.14149230126786716
285,1226,1511,0.1415019541830354
278,1222,1500,0.14151645942650815
275,1218,1493,0.1415479015755984
277,1237,1514,0.14158476012578636
279,1233,1512,0.14161391322806527
282,1234,1516,0.14163516110668492
282,1227,1509,0.14164702992100783
283,1239,1522,0.14165779187775437
277,1233,1510,0.14166516210318092
282,1229,1511,0.14168887986311499
286,1221,1507,0.14169808836169295
284,1218,1502,0.1416965594554107
285,1231,1516,0.14170060810290624
282,1229,1511,0.14170330225707303
276,1228,1504,0.14171403978387676
279,1240,1519,0.1417402681687752
277,1230,1507,0.1417568679966908
277,1241,1518,0.1417777497915628
277,1243,1520,0.14179598166093554
273,1246,1519,0.1418130366028697
271,1242,1513,0.1418395774079587
270,1247,1517,0.14186914968661546
266,1248,1514,0.14189896967883683
263,1241,1504,0.1419358517424637
261,1246,1507,0.14197874860259543
263,1264,1527,0.14202243008479404
265,1260,1525,0.1420570501833299
264,1256,1520,0.14208429421065488
265,1253,1518,0.14211303148664572
263,1252,1515,0.14213714749483874
264,1242,1506,0.14216455442714213
262,1248,1510,0.1421883368839509
264,1258,1522,0.1422165051258414
260,1262,1522,0.1422372986650533
265,1262,1527,0.14226545052748374
263,1249,1512,0.14228039088594838
265,1256,1521,0.14229901997808056
263,1257,1520,0.14231069829247295
263,1250,1513,0.14232636046303138
264,1250,1514,0.14234124120096006
263,1249,1512,0.14235262148416933
261,1238,1499,0.14236612278583224
255,1234,1489,0.1423835435067828
259,1257,1516,0.14241507879594428
259,1267,1526,0.14243576388214188
256,1278,1534,0.14245639889766765
259,1279,1538,0.14248255535500876
253,1269,1522,0.1425004405052348
258,1264,1522,0.14253189250534937
253,1270,1523,0.1425485222676242
254,1273,1527,0.14257824307316588
252,1276,1528,0.14260366926134402
252,1259,1511,0.1426342447030921
252,1266,1518,0.14266372986032255
251,1259,1510,0.14269058987118224
247,1254,1501,0.1427181383313128
250,1265,1515,0.1427547126887351
251,1271,1522,0.14277922104690144
251,1264,1515,0.14279923542720993
247,1256,1503,0.14281833361155732
239,1255,1494,0.1428457530091893
243,1271,1514,0.1428919641890624
244,1275,1519,0.14292443382614464
248,1271,1519,0.1429517235790687
247,1266,1513,0.1429681012922188
242,1269,1511,0.14298647191132974
241,1267,1508,0.14301684568847037
242,1260,1502,0.14304710946429167
241,1268,1509,0.14307398392026832
246,1272,1518,0.14310094274235333
242,1281,1523,0.14311324798140682
243,1285,1528,0.14313505212082236
247,1287,1534,0.14315300080493226
246,1278,1524,0.14315841167628376
246,1279,1525,0.14316529084585883
247,1266,1513,0.1431729123239609
243,1264,1507,0.14317843337687214
248,1276,1524,0.1431934465995913
247,1283,1530,0.14319412358776593
251,1268,1519,0.14319648701129786
247,1262,1509,0.14318812533694789
247,1265,1512,0.1431915656504868
244,1273,1517,0.14319433106762416
242,1262,1504,0.14320456674515625
235,1265,1500,0.143219288914812
235,1276,1511,0.14325138423919856
235,1274,1509,0.1432823177211491
239,1270,1509,0.14331084820519302
240,1267,1507,0.1433259341213477
236,1273,1509,0.14333625901586744
236,1287,1523,0.1433534102693029
237,1278,1515,0.14336930596992428
238,1272,1510,0.14338245819493853
241,1274,1515,0.14339245715425158
243,1270,1513,0.1433945444792242
243,1282,1525,0.14339345024017983
242,1287,1529,0.1433937949039744
245,1289,1534,0.14339738563797305
243,1279,1522,0.14339350211891333
247,1271,1518,0.14339427764248444
245,1271,1516,0.14338467405893557
246,1262,1508,0.14338043977201365
245,1262,1507,0.14337369994409255
237,1263,1500,0.14337154909867564
236,1271,1507,0.14339031753799814
239,1267,1506,0.14340969517323443
238,1266,1504,0.14341924402543652
234,1267,1501,0.14343188820872155
236,1272,1508,0.1434523609588816
235,1283,1518,0.14346603984459252
237,1274,1511,0.14348086176151365
235,1277,1512,0.14348919756123446
227,1263,1490,0.14350197767764258
230,1270,1500,0.1435352581117838
230,1277,1507,0.14355804138494732
229,1284,1513,0.14357832838344922
227,1283,1510,0.14359910447690363
229,1287,1516,0.14362471415615205
230,1281,1511,0.14364330634046862
228,1278,1506,0.14365880531195552
230,1285,1515,0.14367814481494323
232,1280,1512,0.14369171532328961
232,1285,1517,0.14369915967418398
235,1272,1507,0.14370737256213645
234,1272,1506,0.14370656685455074
232,1281,1513,0.14370922721567808
230,1279,1509,0.1437155955959812
232,1277,1509,0.14372676712263616
228,1285,1513,0.14373111527987334
229,1295,1524,0.1437445150109108
227,1284,1511,0.14375455372381407
225,1279,1504,0.14376728346478143
220,1281,1501,0.14378299733466698
226,1291,1517,0.14381132542736177
225,1292,1517,0.14382252249612942
223,1283,1506,0.14383610365757155
222,1286,1508,0.14385341906489454
219,1284,1503,0.14387139074368105
218,1295,1513,0.1438976871327589
217,1290,1507,0.1439245523779187
215,1288,1503,0.14395223619846842
215,1298,1513,0.14398281641130242
218,1294,1512,0.14401116886799945
221,1310,1531,0.14402894925740742
220,1299,1519,0.14403741401265485
221,1294,1515,0.14404906652471644
222,1297,1519,0.1440572136388524
217,1278,1495,0.1440617045998515
219,1283,1502,0.1440806110695698
218,1303,1521,0.1440931108707872
217,1308,1525,0.14410805334835142
212,1303,1515,0.14412391352230947
216,1303,1519,0.14415103468181067
213,1305,1518,0.14416591409859666
211,1301,1512,0.14418694832532475
208,1305,1513,0.14421113117084974
210,1298,1508,0.14424182658123094
213,1307,1520,0.14426689607001403
213,1311,1524,0.1442831973504386
208,1300,1508,0.14429707753132004
212,1296,1508,0.14432460648205392
212,1311,1523,0.1443413571899761
210,1308,1518,0.1443568801355561
214,1300,1514,0.14437772975083063
214,1299,1513,0.14438582816360795
212,1296,1508,0.14439303114281263
206,1294,1500,0.1444050055329172
204,1299,1503,0.14443484128179768
205,1308,1513,0.1444680950877515
203,1311,1514,0.14449690563654
207,1300,1507,0.14452877041242465
206,1298,1504,0.14454728424181745
207,1312,1519,0.14456702576396144
207,1318,1525,0.1445838892586908
202,1321,1523,0.14459999818164543
198,1316,1514,0.1446297603912586
196,1323,1519,0.14467126843930223
190,1335,1525,0.14471541330046495
189,1349,1538,0.14477127034139825
186,1340,1526,0.14482655438113948
190,1328,1518,0.1448864640738748
192,1323,1515,0.1449315700661424
192,1314,1506,0.14496859351171637
185,1317,1502,0.14500192595418743
185,1328,1513,0.14505115177009828
189,1319,1508,0.14509787284139167
189,1313,1502,0.14513298198211375
186,1326,1512,0.145165798422482
184,1330,1514,0.1452042415638718
183,1331,1514,0.1452458776640065
183,1335,1518,0.14528867812385626
181,1334,1515,0.14532813621535984
178,1328,1506,0.14537029331838544
182,1327,1509,0.14541742070063704
187,1333,1520,0.14545041166881106
191,1331,1522,0.14546791575583648
191,1328,1519,0.14547410683467887
191,1335,1526,0.14548064542331712
194,1335,1529,0.14548746009130553
193,1317,1510,0.14548592910293923
191,1302,1493,0.1454868631982947
189,1312,1501,0.14549318005925163
189,1314,1503,0.14550396195317558
191,1317,1508,0.14551386485983905
189,1328,1517,0.14551641880244248
191,1329,1520,0.14552503894526267
192,1330,1522,0.14552907228356393
192,1317,1509,0.14553024825694066
193,1306,1499,0.1455305403421744
192,1323,1515,0.1455286277706694
190,1329,1519,0.14553028612087218
188,1329,1517,0.1455369115897781
181,1324,1505,0.14554881547689255
180,1335,1515,0.14557942180658398
176,1326,1502,0.1456093820087531
174,1333,1507,0.14564794998116795
174,1325,1499,0.14568846245277794
172,1311,1483,0.14572500682040476
176,1324,1500,0.1457646358898122
171,1338,1509,0.14579071463679744
173,1342,1515,0.14582715613564948
175,1343,1518,0.14585633130282838
173,1339,1512,0.14587788343294933
178,1339,1517,0.1459033630737089
176,1344,1520,0.14591303434237227
171,1333,1504,0.14592715303920062
171,1327,1498,0.14595252203443834
171,1331,1502,0.14597560252965763
174,1325,1499,0.14599770756707303
177,1330,1507,0.14601146815374746
173,1339,1512,0.1460158730674914
166,1329,1495,0.14602993383732824
170,1333,1503,0.14606049450316366
169,1329,1498,0.14607953357875647
163,1322,1485,0.14610011440350057
167,1332,1499,0.14613695440580865
173,1337,1510,0.14616120723937587
177,1343,1520,0.1461678339097702
178,1343,1521,0.14616302079805052
175,1346,1521,0.1461549744253667
170,1350,1520,0.14615520070153595
170,1347,1517,0.14616858627421736
171,1362,1533,0.1461807975079195
167,1348,1515,0.14619049405881804
166,1335,1501,0.146209616959242
166,1346,1512,0.14622944899435894
164,1356,1520,0.14624865506213938
168,1359,1527,0.1462735536867601
165,1361,1526,0.1462857807920097
165,1344,1509,0.14630563188095397
164,1347,1511,0.14632361692980225
161,1362,1523,0.14634294177216284
163,1365,1528,0.14636876600072468
165,1358,1523,0.14638815960176277
168,1362,1530,0.1464015629700129
169,1359,1528,0.14640649388665727
168,1352,1520,0.14640857978882424
165,1348,1513,0.1464131070559424
163,1346,1509,0.14642498842874352
166,1352,1518,0.14644062464832946
164,1345,1509,0.14644647488157367
163,1337,1500,0.14645898475295208
159,1356,1515,0.146473878129088
158,1364,1522,0.14649865980315951
160,1371,1531,0.14652482580050327
158,1363,1521,0.1465447277186755
156,1360,1516,0.14656775174294975
153,1361,1514,0.14659453304045364
151,1357,1508,0.14662675309559187
152,1354,1506,0.1466611738737477
151,1343,1494,0.14669166348839674
155,1340,1495,0.14672286372507745
155,1343,1498,0.14674092216176784
152,1354,1506,0.14675807201992452
152,1356,1508,0.1467826060063173
155,1357,1512,0.14680535309914583
157,1355,1512,0.1468178708896715
155,1362,1517,0.146824307837897
159,1367,1526,0.14683585991863915
159,1366,1525,0.14683546219392282
158,1361,1519,0.1468352930240114
157,1368,1525,0.14683755425262554
159,1368,1527,0.14684330068293572
165,1352,1517,0.1468434573708012
163,1358,1521,0.14682861348149762
163,1354,1517,0.14682103248546738
162,1360,1522,0.1468138025876771
160,1356,1516,0.1468101727489515
157,1353,1510,0.14681180421779036
157,1361,1518,0.14682165655607554
158,1367,1525,0.1468309682286732
163,1356,1519,0.1468377526037487
161,1363,1524,0.14683030443693115
160,1366,1526,0.14682885040762755
159,1359,1518,0.14683001248207117
162,1365,1527,0.14683528176802174
163,1359,1522,0.14683176803140932
160,1354,1514,0.14682591683933544
159,1359,1518,0.14682830420269385
149,1356,1505,0.14683387617498592
146,1366,1512,0.14686622330521729
147,1369,1516,0.14690446990669426
147,1376,1523,0.1469377355736813
147,1373,1520,0.14696969862268203
148,1365,1513,0.14699899139961237
146,1368,1514,0.14702430782844156
145,1364,1509,0.14705340448238802
144,1375,1519,0.14708230916690387
144,1378,1522,0.14711171903016246
141,1373,1514,0.14713988983716733
140,1374,1514,0.14717581810012997
140,1373,1513,0.147211094936133
137,1387,1524,0.14724494169522243
136,1381,1517,0.14728563531403843
134,1374,1508,0.14732672406427252
134,1382,1516,0.14737113605351004
135,1378,1513,0.14741248250477212
139,1375,1514,0.14744864649296996
141,1380,1521,0.14747211512132186
137,1383,1520,0.14748872759900725
135,1373,1508,0.1475145336270226
134,1391,1525,0.14754401334121287
134,1390,1524,0.14757487267388947
135,1374,1509,0.14760377132668348
137,1380,1517,0.14762781538505212
136,1384,1520,0.14764420218648058
133,1371,1504,0.14766221666259016
132,1374,1506,0.14768787371852027
132,1371,1503,0.1477143553889141
133,1389,1522,0.14773848297347048
136,1393,1529,0.1477579684257255
134,1399,1533,0.14776866775305272
133,1390,1523,0.14778359119758747
134,1383,1517,0.1478000289543536
134,1387,1521,0.14781367919868293
136,1394,1530,0.14782704729403512
134,1389,1523,0.14783418175050367
132,1380,1512,0.14784572008161004
130,1388,1518,0.1478619046176871
130,1394,1524,0.14788208480782067
128,1392,1520,0.14790017449513498
125,1400,1525,0.1479223682897818
127,1397,1524,0.1479510188853116
131,1395,1526,0.1479724667011525
128,1386,1514,0.14798186845907313
130,1388,1518,0.14799869916437924
131,1381,1512,0.14800772377294105
126,1386,1512,0.14801378299335394
131,1390,1521,0.14803463204891612
135,1377,1512,0.14803996311970738
133,1377,1510,0.14803294368547093
134,1390,1524,0.14803135652286328
136,1385,1521,0.14802836379317122
134,1380,1514,0.1480196262558957
134,1380,1514,0.14801751678545633
134,1379,1513,0.1480157345174748
132,1390,1522,0.1480144330919799
130,1382,1512,0.14801823705777006
126,1371,1497,0.1480275687646347
128,1376,1504,0.14804636059910523
130,1374,1504,0.14805809037579165
135,1368,1503,0.14806359378272313
137,1376,1513,0.1480549577200322
139,1380,1519,0.14804149595032856
136,1377,1513,0.1480239737861348
131,1384,1515,0.14801567709285116
133,1371,1504,0.14802166749757903
133,1378,1511,0.14802239941333478
134,1386,1520,0.1480230361740349
133,1377,1510,0.14802082712881665
132,1387,1519,0.14802157285478373
134,1393,1527,0.14802422255162895
134,1384,1518,0.1480217786435065
135,1365,1500,0.1480202377973498
136,1378,1514,0.14801686516732507
138,1381,1519,0.14801049164444205
138,1368,1506,0.1479988096303747
136,1358,1494,0.14798835870605734
134,1387,1521,0.1479848399414481
138,1372,1510,0.14798703635522797
139,1371,1510,0.1479782558216369
137,1384,1521,0.14796730961670895
138,1378,1516,0.14796193080248687
137,1374,1511,0.14795447304469936
132,1374,1506,0.14795019973676965
132,1379,1511,0.14795917425212868
133,1393,1526,0.14796751493671365
132,1387,1519,0.14797115937377991
131,1386,1517,0.14797766642639368
130,1382,1512,0.1479875287686581
131,1375,1506,0.14800064877027366
130,1376,1506,0.1480097971013497
129,1386,1515,0.14802090080752736
129,1379,1508,0.14803486912035055
131,1388,1519,0.14804776097552141
133,1370,1503,0.1480537294524923
136,1377,1513,0.14805432139071312
132,1378,1510,0.1480460270680501
129,1371,1500,0.14804974833180778
129,1392,1521,0.14806062455512212
129,1388,1517,0.1480712479841576
129,1398,1527,0.1480814327439351
127,1395,1522,0.14809148085581558
124,1391,1515,0.14810624622501325
125,1387,1512,0.14812884157822215
125,1385,1510,0.14814678669423015
124,1404,1528,0.14816459677787458
122,1398,1520,0.14818410159644527
119,1396,1515,0.14820753291297367
121,1393,1514,0.14823735578580513
119,1405,1524,0.14825950919518197
118,1405,1523,0.14828526846477078
114,1399,1513,0.1483110897929668
112,1401,1513,0.14834598973768595
116,1392,1508,0.14838359640632176
116,1381,1497,0.148407841772083
119,1374,1493,0.14842992270886696
117,1385,1502,0.14844276991130914
115,1392,1507,0.1484598470907637
113,1388,1501,0.14848068693915722
119,1391,1510,0.14850517377210554
118,1394,1512,0.1485123794661996
119,1395,1514,0.14852243280478716
120,1409,1529,0.14852964755234066
121,1401,1522,0.14853384535642725
119,1396,1515,0.14853512524666626
116,1397,1513,0.1485417010901922
117,1390,1507,0.14855568647080625
115,1385,1500,0.14856601994235136
119,1385,1504,0.14858089551034795
119,1389,1508,0.14858385046480216
119,1394,1513,0.14858709294880934
118,1396,1514,0.148590209274007
116,1387,1503,0.14859619467156474
116,1391,1507,0.1486074118583595
112,1396,1508,0.14861753415256998
113,1385,1498,0.14863738300068519
110,1389,1499,0.1486521247864666
114,1402,1516,0.14867317494047838
111,1404,1515,0.14868210499406728
112,1405,1517,0.14869818636969345
107,1390,1497,0.14871050664555083
109,1404,1513,0.14873453726581495
112,1413,1525,0.1487512575017442
111,1412,1523,0.14875866522422806
111,1413,1524,0.14876964376352897
112,1408,1520,0.14877984665327637
111,1391,1502,0.14878631465616415
107,1405,1512,0.14879492028356078
109,1400,1509,0.14881371007671387
111,1402,1513,0.148825219560096
108,1399,1507,0.14883030980962453
110,1411,1521,0.1488432963510444
104,1416,1520,0.14884909304697785
108,1408,1516,0.14887074439116826
108,1404,1512,0.14887983523053286
109,1418,1527,0.14888902132722148
110,1406,1516,0.1488946757705481
108,1395,1503,0.14889693077166746
106,1389,1495,0.14890432408421858
106,1405,1511,0.14891661162662223
105,1408,1513,0.14892803315838907
107,1412,1519,0.14894158483524284
104,1408,1512,0.1489477183549079
107,1400,1507,0.14896108025523003
105,1387,1492,0.14896498324085888
106,1391,1497,0.14897456705586626
108,1396,1504,0.1489805817454685
104,1410,1514,0.14898120522043207
108,1403,1511,0.14899296093460143
110,1393,1503,0.14899298510945264
108,1407,1515,0.14898728411297332
109,1402,1511,0.14898762852656225
109,1406,1515,0.14898505269624038
112,1397,1509,0.14898240730660856
112,1397,1509,0.148970968596911
110,1406,1516,0.14896029363168203
111,1412,1523,0.1489558332171111
115,1411,1526,0.14894883743579743
113,1407,1520,0.14893076094775615
115,1411,1526,0.148919611062622
116,1411,1527,0.14890269724309027
118,1405,1523,0.14888451202211492
116,1402,1518,0.14886212975402682
112,1404,1516,0.14884639076541645
113,1405,1518,0.14884273730311906
113,1409,1522,0.14883631184875742
111,1403,1514,0.1488306468512347
113,1407,1520,0.14883065692041916
115,1400,1515,0.14882426946584335
114,1395,1509,0.14881295927686464
113,1409,1522,0.1488053886452275
114,1415,1529,0.14880131722382584
113,1410,1523,0.1487941531900227
114,1408,1522,0.14879127787277266
114,1409,1523,0.14878493471225743
110,1395,1505,0.14877907352535885
109,1386,1495,0.14878539878653663
107,1390,1497,0.1487941692163867
106,1398,1504,0.14880786948478114
107,1397,1504,0.14882329587751544
105,1408,1513,0.14883515770913125
104,1408,1512,0.14885165113542465
102,1414,1516,0.14886936217417976
99,1417,1516,0.14889147469957453
100,1422,1522,0.14892043142590308
98,1416,1514,0.1489449502321733
100,1408,1508,0.14897347317776574
100,1405,1505,0.1489940233620304
103,1401,1504,0.1490130425286504
104,1408,1512,0.14902267276870496
102,1411,1513,0.14902886367052065
100,1421,1521,0.14904124403218882
97,1429,1526,0.14905802122439205
93,1415,1508,0.1490818912063507
93,1421,1514,0.14911637188487126
88,1421,1509,0.14914881551102022
89,1423,1512,0.14919338790528625
85,1407,1492,0.14923193738973686
90,1414,1504,0.14927872773801057
89,1424,1513,0.14930769646509864
89,1417,1506,0.1493373638546584
90,1426,1516,0.14936622270148395
88,1432,1520,0.14939054931312343
88,1424,1512,0.14941955210876348
91,1423,1514,0.1494463944714755
91,1418,1509,0.1494627677421969
86,1414,1500,0.14947813427016282
86,1427,1513,0.1495077113494432
83,1427,1510,0.14953565791501164
88,1430,1518,0.14957046402304167
89,1419,1508,0.1495889011585148
88,1422,1510,0.14960360217808322
90,1430,1520,0.14962071394823476
85,1425,1510,0.14963116524178977
85,1426,1511,0.1496557097382578
84,1420,1504,0.14967813066568617
86,1427,1513,0.14970199072380824
84,1432,1516,0.14971857606183137
83,1437,1520,0.1497399503707249
81,1443,1524,0.14976287186868464
80,1441,1521,0.14979026317540392
82,1444,1526,0.14981901746696966
80,1442,1522,0.14983983768735448
80,1440,1520,0.14986511551924397
75,1437,1512,0.14988839035136625
74,1437,1511,0.14992470323678575
75,1428,1503,0.14996173562651768
79,1423,1502,0.14999386231816694
81,1438,1519,0.15001174493884115
78,1418,1496,0.1500220834672399
80,1424,1504,0.15004118993812676
82,1436,1518,0.1500531757997183
83,1437,1520,0.15005856065069842
80,1435,1515,0.15006081378713024
79,1442,1521,0.15007127855787958
79,1451,1530,0.1500842080279604
81,1445,1526,0.15009626455647015
77,1441,1518,0.1501016919737496
75,1439,1514,0.15011857974630338
75,1438,1513,0.15014042062897703
77,1435,1512,0.15016099850601314
75,1433,1508,0.15017434786245826
75,1434,1509,0.15019290954508424
77,1449,1526,0.15021010185164954
76,1430,1506,0.1502210908194967
76,1443,1519,0.15023432868034475
76,1447,1523,0.15024659962854164
78,1442,1520,0.15025829151663675
76,1431,1507,0.15026268079220348
74,1447,1521,0.1502728086502562
73,1447,1520,0.15028820214619565
76,1440,1516,0.15030511620273923
73,1437,1510,0.15031232487039234
73,1446,1519,0.15032779657210055
74,1442,1516,0.15034293819188638
72,1448,1520,0.1503536639027322
71,1449,1520,0.15036968992678537
69,1443,1512,0.1503877964532419
69,1433,1502,0.15041047700282523
67,1441,1508,0.15043218396995164
68,1443,1511,0.15045812342036075
69,1442,1511,0.15047947916609755
67,1444,1511,0.1504968228128392
66,1446,1512,0.1505186609012493
67,1438,1505,0.15054155766838231
67,1447,1514,0.15056025419380062
64,1442,1506,0.150577888736504
62,1432,1494,0.1506031679175087
61,1455,1516,0.150632539698705
62,1464,1526,0.15066287855017874
65,1459,1524,0.150688455264948
67,1451,1518,0.15070374414941917
66,1466,1532,0.1507130431118792
66,1449,1515,0.15072490966356608
64,1460,1524,0.1507358890770192
62,1456,1518,0.1507520313805858
64,1451,1515,0.15077326071504532
66,1448,1514,0.15078736041723018
66,1442,1508,0.15079483230230242
65,1438,1503,0.15080245657061542
62,1451,1513,0.1508119452209719
65,1444,1509,0.15082928391239045
67,1460,1527,0.1508373016121843
67,1453,1520,0.15083851002944265
67,1459,1526,0.1508393322544256
68,1444,1512,0.15083994394842382
64,1443,1507,0.15083782402987508
64,1445,1509,0.15084704702232535
67,1440,1507,0.15085584057126195
66,1449,1515,0.1508553832537957
65,1445,1510,0.15085822978302166
64,1451,1515,0.15086370064686233
62,1464,1526,0.1508721915160209
60,1452,1512,0.15088569211860972
62,1453,1515,0.15090430664829843
62,1464,1526,0.1509162449318186
63,1458,1521,0.15092706465741235
60,1463,1523,0.1509342533784989
63,1470,1533,0.15094981280447
59,1455,1514,0.15095511987669408
59,1457,1516,0.1509719231652113
59,1459,1518,0.15098782338550176
57,1453,1510,0.1510032098740564
57,1451,1508,0.15102349216646807
57,1454,1511,0.15104282415703663
56,1460,1516,0.15106108348427974
57,1446,1503,0.1510814757147592
56,1460,1516,0.15109739327554503
57,1461,1518,0.15111544346386924
58,1451,1509,0.15112976648179605
61,1459,1520,0.15114025485073637
60,1464,1524,0.15114121161207217
59,1454,1513,0.15114563734427655
60,1452,1512,0.15115266697788882
57,1448,1505,0.15115629885002987
57,1459,1516,0.15116829701365272
58,1462,1520,0.15117930384321343
58,1466,1524,0.15118601370704002
54,1464,1518,0.15119230569349693
54,1460,1514,0.15120939889074253
56,1473,1529,0.15122523144432662
56,1469,1525,0.15123431674172522
57,1462,1519,0.151242783337494
57,1457,1514,0.15124792767381284
56,1461,1517,0.1512527708060019
54,1447,1501,0.15126021448470145
54,1456,1510,0.15127371275996293
51,1455,1506,0.15128597109140937
49,1465,1514,0.15130637551174048
48,1466,1514,0.15133130344234388
50,1450,1500,0.1513578641181653
49,1461,1510,0.15137711214647362
48,1475,1523,0.1513978983975623
48,1468,1516,0.15142003795031822
43,1471,1514,0.15144060783141863
42,1458,1500,0.15147440892442454
43,1456,1499,0.15150897338125935
43,1464,1507,0.1515383211720972
44,1469,1513,0.15156614302386517
42,1464,1506,0.15158943482759804
42,1457,1499,0.15161680249024218
41,1468,1509,0.1516424917466467
41,1478,1519,0.15166940779187688
41,1484,1525,0.1516946197100784
41,1480,1521,0.15171851908187944
42,1468,1510,0.15174092295648164
42,1468,1510,0.15175898808273292
40,1454,1494,0.15177586570041293
43,1449,1492,0.15179722022378855
44,1468,1512,0.1518087580096417
43,1468,1511,0.1518169267814441
41,1471,1512,0.1518280541129346
41,1477,1518,0.1518444357192547
41,1484,1525,0.15185994432044045
42,1478,1520,0.15187429030962765
41,1487,1528,0.1518848485383549
43,1470,1513,0.15189759851964296
41,1475,1516,0.15190366433110933
41,1469,1510,0.15191519648973834
41,1478,1519,0.1519260597180526
39,1480,1519,0.15193648280564143
40,1474,1514,0.1519521334952261
41,1485,1526,0.15196391952450447
41,1493,1534,0.1519721930127335
41,1484,1525,0.15198000314057114
43,1486,1529,0.15198736897619122
43,1478,1521,0.15198860334236142
43,1477,1520,0.15198980290213646
43,1470,1513,0.15199103833474967
44,1472,1516,0.15199190224172487
44,1466,1510,0.15199001182393487
43,1456,1499,0.15198805914412827
43,1463,1506,0.15198900961157166
44,1462,1506,0.151990109276259
44,1465,1509,0.15198792736585276
43,1471,1514,0.15198588503606697
43,1465,1508,0.1519867318036782
45,1486,1531,0.15198751320474987
44,1469,1513,0.15198243200866587
44,1474,1518,0.15198082414922698
44,1468,1512,0.15197940527101975
45,1465,1510,0.15197812710169287
46,1473,1519,0.15197415281968119
46,1479,1525,0.15196748508681956
45,1461,1506,0.15196117847410615
46,1454,1500,0.15195844825534824
46,1463,1509,0.15195283869231166
45,1456,1501,0.15194762991779687
46,1464,1510,0.15194589450805845
46,1467,1513,0.15194141998791522
45,1476,1521,0.15193729854348226
44,1475,1519,0.1519365634749178
41,1480,1521,0.15193895548959216
36,1466,1502,0.15194949443577724
35,1466,1501,0.15197404992148844
35,1469,1504,0.1520000724142472
36,1464,1500,0.15202404837311576
35,1470,1505,0.15204329010680276
35,1478,1513,0.15206392218806544
39,1486,1525,0.15208312867619533
40,1487,1527,0.15208980347525863
42,1485,1527,0.1520929863761492
43,1476,1519,0.1520901658389889
40,1488,1528,0.15208475871400304
39,1494,1533,0.15208858395320665
42,1489,1531,0.15209514584707062
43,1472,1515,0.15209251232394794
42,1475,1517,0.15208755142042255
41,1476,1517,0.15208605980259804
42,1472,1514,0.15208805963667815
42,1459,1501,0.15208719302158735
42,1474,1516,0.1520865254236347
42,1479,1521,0.15208565641601285
42,1462,1504,0.1520846754684671
40,1477,1517,0.15208373118836074
38,1477,1515,0.15208851543206886
38,1463,1501,0.15209887185384563
38,1471,1509,0.1521084248823351
37,1474,1511,0.1521173594104237
36,1468,1504,0.1521287021257157
35,1465,1500,0.1521424231435894
35,1465,1500,0.15215792441598797
34,1463,1497,0.15217219410907512
34,1475,1509,0.15218849521341302
35,1476,1511,0.15220351996857187
32,1468,1500,0.15221473454393183
33,1469,1502,0.15223433682543694
35,1471,1506,0.1522498769845992
37,1478,1515,0.15225846957304046
40,1465,1505,0.15226042054933753
41,1474,1515,0.15225320701061176
40,1482,1522,0.15224381682656069
38,1486,1524,0.152237983737029
34,1498,1532,0.15223812960663216
33,1482,1515,0.15225026050777557
33,1480,1513,0.15226451299060748
33,1488,1521,0.15227784291872082
32,1487,1519,0.1522902128248607
32,1481,1513,0.15230494308094245
32,1485,1517,0.15231873330355955
33,1488,1521,0.15233164922199685
32,1484,1516,0.15234097989206152
32,1489,1521,0.15235253685465536
32,1475,1507,0.15236342089215746
34,1481,1515,0.15237372955984482
34,1500,1534,0.15237750279156173
34,1491,1525,0.15238111418960043
34,1487,1521,0.152384526927372
34,1477,1511,0.15238781222285291
34,1476,1510,0.15239091996383355
36,1469,1505,0.1523938544173402
36,1470,1506,0.1523909908084088
36,1475,1511,0.15238838308059643
35,1476,1511,0.15238601387915357
35,1467,1502,0.15238675455938339
36,1484,1520,0.15238745696556996
36,1485,1521,0.15238543480996683
32,1468,1500,0.15238357470371394
29,1474,1503,0.15239421427644015
29,1484,1513,0.15241282903465272
29,1498,1527,0.1524301769552703
27,1500,1527,0.15244638980036712
27,1482,1509,0.15246735754900148
26,1486,1512,0.15248694606008545
28,1486,1514,0.15250821372588982
27,1483,1510,0.15252195119901454
27,1489,1516,0.1525372725344172
27,1483,1510,0.15255158610338015
26,1481,1507,0.15256495574927795
27,1485,1512,0.1525805626844674
27,1492,1519,0.1525924170851733
26,1493,1519,0.15260351728503999
25,1489,1514,0.1526171061265132
26,1491,1517,0.15263298953335253
27,1483,1510,0.1526444872554145
28,1495,1523,0.15265240945222686
25,1502,1527,0.15265667876207
25,1497,1522,0.15266918725100248
24,1498,1522,0.15268080605997741
24,1503,1527,0.1526949024211202
25,1501,1526,0.15270813396734043
24,1490,1514,0.15271762772724137
25,1497,1522,0.15272963620416824
25,1494,1519,0.15273812674615164
26,1496,1522,0.15274591439177104
27,1504,1531,0.1527505196206413
28,1497,1525,0.15275182680392338
27,1493,1520,0.1527501740450649
27,1481,1508,0.15275156784738406
26,1475,1501,0.1527528852029551
26,1496,1522,0.1527575906740862
25,1510,1535,0.1527620694513768
28,1494,1522,0.15276946704852343
27,1485,1512,0.1527674400666058
28,1492,1520,0.15276839790931634
28,1492,1520,0.15276636538125316
26,1495,1521,0.1527644117975524
27,1504,1531,0.15276836109602665
25,1501,1526,0.1527691126224241
25,1501,1526,0.15277582781866436
25,1507,1532,0.152782067642935
25,1491,1516,0.152788227152383
25,1481,1506,0.15279404600132784
26,1501,1527,0.15279979189749043
26,1498,1524,0.15280231241090017
24,1491,1515,0.1528047628319884
23,1487,1510,0.15281331133534454
22,1482,1504,0.15282459178179372
22,1486,1508,0.15283790875412664
22,1477,1499,0.1528504012455782
24,1496,1520,0.15286210376129705
23,1489,1512,0.15286692868870297
22,1498,1520,0.1528742714940715
24,1501,1525,0.15288410529652322
21,1502,1523,0.15288754500917867
21,1510,1531,0.15289965163045263
21,1511,1532,0.15291102074206733
23,1505,1528,0.15292164920323703
22,1499,1521,0.1529257275066203
21,1497,1518,0.15293283473026478
20,1494,1514,0.15294272166718778
19,1487,1506,0.15295488555051015
18,1491,1509,0.15296914283653287
19,1488,1507,0.15298531383569844
21,1484,1505,0.1529975961926577
21,1483,1504,0.1530033271434493
21,1470,1491,0.15300873267144066
21,1474,1495,0.15301384375086358
21,1487,1508,0.1530186278657509
22,1493,1515,0.15302306792408918
25,1485,1510,0.1530244739509227
25,1493,1518,0.15301680845447613
25,1482,1507,0.15300976750934633
24,1497,1521,0.15300325433260528
24,1476,1500,0.15299991054177864
24,1489,1513,0.1529968111805881
24,1491,1515,0.15299390859185663
24,1504,1528,0.1529911888149031
24,1490,1514,0.15298864105133897
24,1497,1521,0.15298625495541324
24,1509,1533,0.15298402049196022
24,1506,1530,0.15298193560043225
24,1492,1516,0.15297998300954643
24,1485,1509,0.15297866077622094
22,1481,1503,0.15297745684880656
21,1485,1506,0.1529819756155194
22,1495,1517,0.1529888643358035
22,1498,1520,0.15299261225529057
22,1497,1519,0.15299609959486127
22,1492,1514,0.15299936426480673
23,1492,1515,0.15300242885531679
22,1497,1519,0.15300227465529764
23,1500,1523,0.15300486424879067
23,1503,1526,0.1530041103126531
25,1485,1510,0.1530033895039917
24,1488,1512,0.15299687673974902
24,1495,1519,0.15299401621381087
23,1493,1516,0.15299136891606077
23,1503,1526,0.15299190625451847
23,1501,1524,0.1529924114865115
24,1493,1517,0.1529928830813533
26,1483,1509,0.152990130289632
25,1487,1512,0.15298168869425022
26,1489,1515,0.15297657264842437
25,1487,1512,0.15296899281203782
24,1492,1516,0.15296475887948227
23,1506,1529,0.15296352293974447
23,1502,1525,0.1529651915360014
25,1506,1531,0.15296673312467798
25,1510,1535,0.1529624933456674
25,1493,1518,0.15295858278244315
25,1488,1513,0.1529549477859825
25,1504,1529,0.15295163268809236
26,1495,1521,0.15294857215560279
26,1492,1518,0.15294291909970942
26,1484,1510,0.15293769811092037
27,1480,1507,0.15293285610616336
27,1469,1496,0.15292534633309163
27,1491,1518,0.1529183666813072
28,1493,1521,0.15291170571571105
27,1485,1512,0.15290278128116827
26,1490,1516,0.15289725147344022
26,1506,1532,0.15289497733794558
27,1499,1526,0.15289278666036124
27,1490,1517,0.15288786296076384
27,1498,1525,0.1528832661494553
28,1498,1526,0.152878966761734
27,1497,1524,0.15287202681478607
27,1501,1528,0.15286845742202465
25,1497,1522,0.15286509286738392
25,1495,1520,0.15286801557127963
25,1492,1517,0.15287072544567656
24,1491,1515,0.1528732314134169
22,1493,1515,0.15287827410528676
22,1493,1515,0.1528887466080394
24,1498,1522,0.15289842309853197
24,1491,1515,0.1529013937410214
25,1494,1519,0.15290449319535016
27,1490,1517,0.1529042326138664
27,1466,1493,0.15289835043993316
23,1485,1508,0.1528929135192405
24,1491,1515,0.15289917510167045
25,1498,1523,0.15290196854905846
28,1490,1518,0.15290187136083794
27,1487,1514,0.15289260505409577
27,1503,1530,0.1528870610745651
27,1501,1528,0.15288189584511921
26,1508,1534,0.15287707382725454
26,1498,1524,0.15287574037645052
29,1497,1526,0.15287449516230947
28,1481,1509,0.15286406614729137
26,1469,1495,0.15285715003457898
26,1484,1510,0.15285652483021483
25,1492,1517,0.15285569817602718
25,1496,1521,0.15285804324437433
25,1486,1511,0.15286016178443293
26,1494,1520,0.1528620821674227
27,1500,1527,0.15286094821878876
27,1493,1520,0.15285703025095101
27,1490,1517,0.1528534040783416
27,1488,1515,0.1528500380054334
26,1496,1522,0.15284688518852796
25,1481,1506,0.15284708849889334
25,1486,1511,0.15285005759056325
24,1504,1528,0.15285284663544244
24,1499,1523,0.15285830928179492
22,1494,1516,0.15286337127600072
23,1491,1514,0.15287381804116643
25,1504,1529,0.15288065664215186
24,1479,1503,0.15288117680996394
24,1469,1493,0.15288472624004829
24,1460,1484,0.1528880753969828
25,1469,1494,0.15289122808547287
24,1487,1511,0.15289130719567215
24,1504,1528,0.15289438145865192
26,1501,1527,0.1528972071944802
25,1507,1532,0.1528938046306432
25,1501,1526,0.15289357807551507
24,1504,1528,0.15289334807173668
22,1498,1520,0.15289618049409476
23,1483,1506,0.15290456034886632
22,1473,1495,0.15290945014362667
25,1479,1504,0.1529168365325199
24,1474,1498,0.15291479631440472
26,1485,1511,0.15291611224244547
25,1489,1514,0.15291141446067502
24,1491,1515,0.15290998297325753
25,1496,1521,0.1529117490404614
23,1497,1520,0.15291052888443488
23,1501,1524,0.15291517622477638
24,1505,1529,0.15291946847707144
26,1501,1527,0.15292034030695642
25,1485,1510,0.15291513910803067
25,1497,1522,0.15291348057996093
25,1496,1521,0.15291194207663458
24,1485,1509,0.1529105152475058
24,1488,1512,0.15291220615542372
24,1493,1517,0.15291361166487158
24,1492,1516,0.15291496190275333
24,1499,1523,0.15291621725439292
24,1519,1543,0.1529178009144014
23,1525,1548,0.15291929030654866
23,1523,1546,0.1529234713553439
24,1506,1530,0.15292740271149355
23,1494,1517,0.15292831008855307
24,1499,1523,0.1529320988150208
23,1485,1508,0.15293246293511534
25,1504,1529,0.15293569436651527
24,1496,1520,0.15293285185395283
24,1481,1505,0.152933247042924
24,1480,1504,0.15293352226479878
24,1478,1502,0.152933792438842
23,1487,1510,0.1529337065798901
24,1488,1512,0.15293652296165977
27,1478,1505,0.15293614079186887
26,1486,1512,0.1529269415236935
25,1492,1517,0.15292103930688555
25,1489,1514,0.15291856992298988
23,1479,1502,0.1529162329314084
25,1484,1509,0.15292023645752856
24,1480,1504,0.15291822689010878
22,1491,1513,0.15291922492125157
22,1489,1511,0.15292608744558947
22,1500,1522,0.15293245779889644
23,1497,1520,0.15293840403093867
24,1492,1516,0.15294115420409166
24,1484,1508,0.1529406148711617
24,1467,1491,0.15294012724415978
26,1480,1506,0.15293968084721027
24,1478,1502,0.15293316513984856
24,1492,1516,0.1529333128745327
24,1493,1517,0.15293344421102892
24,1483,1507,0.15293356863894
24,1504,1528,0.15293368814148056
23,1497,1520,0.15293380256821226
23,1482,1505,0.15293689363266366
22,1493,1515,0.152939763083603
23,1502,1525,0.15294517836852645
22,1507,1529,0.15294748010973588
22,1512,1534,0.15295236959327269
21,1511,1532,0.15295694265287965
22,1507,1529,0.15296402937822928
23,1501,1524,0.1529677920010015
23,1506,1529,0.1529682130660677
22,1502,1524,0.1529686012342292
24,1484,1508,0.1529718789480756
22,1499,1521,0.15296921040776526
21,1503,1524,0.15297283356992458
20,1514,1534,0.15297910172979667
21,1500,1521,0.1529875737348154
22,1504,1526,0.152992607231121
23,1494,1517,0.15299418932888348
24,1494,1518,0.15299275551022068
23,1486,1509,0.15298837328680992
23,1483,1506,0.15298713281468196
23,1496,1519,0.15298593739468416
23,1490,1513,0.15298480034622952
22,1476,1498,0.15298372374277552
22,1493,1515,0.1529858927261867
21,1504,1525,0.15298791826552294
21,1492,1513,0.1529926255280202
19,1496,1515,0.15299704257906385
21,1499,1520,0.1530074218409127
22,1493,1515,0.15301096979164533
21,1488,1509,0.15301148559752822
21,1488,1509,0.15301506624538577
21,1490,1511,0.15301843757740669
19,1493,1512,0.15302161634096512
19,1497,1516,0.15303077352612696
21,1507,1528,0.15303936409509514
21,1498,1519,0.1530415289042418
21,1483,1504,0.15304358504179486
21,1493,1514,0.15304519585476417
21,1510,1531,0.15304674610004299
21,1504,1525,0.15304820493446894
19,1493,1512,0.15304987024335184
18,1500,1518,0.15305736390771194
17,1508,1525,0.15306736585264746
18,1495,1513,0.15307974678800046
18,1501,1519,0.15308824578065164
19,1491,1510,0.15309621756798092
20,1485,1505,0.1531008442496601
20,1501,1521,0.15310225410361863
19,1502,1521,0.15310362000183989
18,1498,1516,0.153107765371575
19,1501,1520,0.1531147923343941
18,1511,1529,0.15311852139485724
18,1502,1520,0.15312506712274868
17,1488,1505,0.15313121436436306
18,1485,1503,0.15313978439792617
17,1493,1510,0.1531447610606374
17,1486,1503,0.15315236524367257
18,1495,1513,0.15315946304037223
18,1510,1528,0.15316328058908246
17,1512,1529,0.15316685946262823
16,1516,1532,0.1531731667064008
16,1532,1548,0.15318192899435432
17,1519,1536,0.1531901198127567
18,1517,1535,0.15319490542290382
17,1501,1518,0.15319636256407743
18,1508,1526,0.15320076770979746
18,1502,1520,0.1532018722150882
18,1512,1530,0.15320293921351769
18,1516,1534,0.15320395192386513
18,1505,1523,0.1532049108594262
18,1518,1536,0.15320581780895234
17,1527,1544,0.15320667484538583
16,1521,1537,0.15321043196533335
15,1524,1539,0.1532170615131436
17,1514,1531,0.15322634059127385
16,1520,1536,0.15322894480881932
16,1519,1535,0.153234516836445
16,1515,1531,0.15323974219345668
16,1510,1526,0.15324464486658812
15,1519,1534,0.1532492446193194
14,1516,1530,0.15325664022362095
14,1510,1524,0.15326650559034205
15,1491,1506,0.15327573188163676
16,1480,1496,0.15328139473914745
16,1499,1515,0.15328379097585312
16,1498,1514,0.1532860770237575
15,1484,1499,0.15328824039692834
15,1483,1498,0.15329311561544462
14,1493,1507,0.153297695148173
13,1487,1500,0.15330505147165716
14,1497,1511,0.15331478739330934
15,1499,1514,0.1533210397150588
15,1503,1518,0.15332400318006845
15,1497,1512,0.15332679058574694
14,1494,1508,0.1533294223666126
14,1497,1511,0.1533348611623413
13,1501,1514,0.1533399498663649
15,1502,1517,0.15334789827825243
14,1494,1508,0.15334924064835737
14,1500,1514,0.15335344936990816
13,1502,1515,0.15335738293071285
12,1504,1516,0.15336423598025065
12,1495,1507,0.15337366487214094
12,1496,1508,0.1533824820838157
13,1520,1533,0.1533907458197282
12,1501,1513,0.15339548153095642
13,1489,1502,0.15340293095399038
11,1501,1512,0.15340693108034353
12,1503,1515,0.15341682455005487
12,1497,1509,0.153423091288623
12,1510,1522,0.1534290076211983
12,1518,1530,0.15343457627278093
12,1510,1522,0.15343981325612605
13,1511,1524,0.153444527163183
13,1494,1507,0.1534459507708824
14,1500,1514,0.1534473046119935
14,1500,1514,0.15344555227428827
12,1499,1511,0.15344393093849415
13,1510,1523,0.15344852947639048
14,1518,1532,0.15344974160139643
14,1523,1537,0.15344786838685232
14,1520,1534,0.15344609162424372
13,1510,1523,0.15344443191975998
13,1519,1532,0.1534460771777423
13,1512,1525,0.1534476288266564
13,1500,1513,0.1534490937807574
13,1503,1516,0.1534504755640584
13,1498,1511,0.15345177790120554
14,1495,1509,0.15345300469249223
13,1488,1501,0.153451069890809
13,1516,1529,0.1534522857648475
12,1513,1525,0.15345342117453897
11,1505,1516,0.15345743523305364
11,1517,1528,0.15346407092366066
10,1521,1531,0.15347045124672526
10,1502,1512,0.15347937767038328
10,1499,1509,0.15348776783163687
10,1488,1498,0.15349563090298374
10,1503,1513,0.15350300059432664
10,1511,1521,0.1535099096204131
10,1513,1523,0.1535163884263828
10,1515,1525,0.15352246518672824
11,1508,1519,0.15352816598415298
11,1508,1519,0.15353043568813957
11,1505,1516,0.15353261839568974
11,1495,1506,0.15353468613696777
11,1491,1502,0.1535366360930341
11,1493,1504,0.15353847287597852
11,1473,1484,0.15354020209397012
10,1486,1496,0.15354182946619102
10,1501,1511,0.1535463484336958
10,1504,1514,0.1535506207809819
10,1507,1517,0.15355463189291274
10,1507,1517,0.15355839586040232
11,1494,1505,0.15356192787843345
11,1505,1516,0.1535620688962446
12,1515,1527,0.1535621995225792
12,1506,1518,0.15355920888907193
12,1503,1515,0.15355643352810225
13,1505,1518,0.15355384027481753
13,1502,1515,0.15354822026917112
13,1516,1529,0.15354296189947145
14,1511,1525,0.15353803477066016
13,1503,1516,0.15353033700009516
13,1513,1526,0.1535262994904593
13,1509,1522,0.15352253564465967
14,1509,1523,0.15351901486324887
13,1513,1526,0.15351277216352713
13,1514,1527,0.15350984948346574
13,1502,1515,0.15350713455522544
14,1510,1524,0.15350458884658313
14,1509,1523,0.15349904629121372
14,1516,1530,0.15349384679976388
14,1515,1529,0.1534890013717014
13,1520,1533,0.15348448108112325
10,1515,1525,0.15348329616618991
10,1521,1531,0.15349134880755735
11,1513,1524,0.15349894040630765
12,1504,1516,0.15350295306832873
12,1509,1521,0.15350364358718172
13,1503,1516,0.1535043243094375
12,1514,1526,0.15350192058290507
11,1500,1511,0.15350272877533583
11,1493,1504,0.1535065419911926
11,1499,1510,0.1535100985471605
11,1495,1506,0.15351342537345328
11,1502,1513,0.15351653952386277
12,1506,1518,0.15351945579536672
13,1509,1522,0.15351907701409945
14,1502,1516,0.15351556324987523
14,1500,1514,0.15350930902124355
14,1506,1520,0.15350343340895622
14,1491,1505,0.15349793162341105
13,1496,1509,0.15349277997599697
14,1494,1508,0.1534909914436725
13,1491,1504,0.15348624598205013
13,1496,1509,0.15348482400365468
14,1503,1517,0.15348348269259474
15,1498,1513,0.15347921728177416
15,1507,1522,0.15347220146068372
16,1498,1514,0.15346564528884296
16,1494,1510,0.15345642428509307
15,1493,1508,0.15344765463523236
15,1500,1515,0.1534423569106111
15,1493,1508,0.153437443263464
15,1488,1503,0.15343283270275962
14,1497,1511,0.15342851065709817
15,1505,1520,0.15342753444216442
14,1507,1521,0.15342352185940805
15,1510,1525,0.15342292572194732
14,1506,1520,0.1534193111702167
15,1495,1510,0.15341897033147303
15,1502,1517,0.1534156110840281
15,1502,1517,0.15341249283023844
15,1499,1514,0.15340957579014547
15,1497,1512,0.15340684369234872
15,1505,1520,0.1534042835323528
15,1506,1521,0.1534018837083422
15,1507,1522,0.15339963360830583
15,1510,1525,0.1533975234449136
15,1510,1525,0.15339554415641415
15,1509,1524,0.15339368733282946
15,1510,1525,0.15339194515551763
16,1497,1513,0.15339031034558548
16,1488,1504,0.15338585801320204
17,1508,1525,0.1533814744857339
18,1521,1539,0.15337439462820104
18,1513,1531,0.15336486688594722
18,1503,1521,0.15335595169684738
17,1503,1520,0.1533476214222946
16,1498,1514,0.1533430074011002
15,1495,1510,0.15334168711723214
15,1488,1503,0.15334342989579533
15,1499,1514,0.15334505484420602
15,1489,1504,0.153346567934698
14,1479,1493,0.1533479758700649
14,1475,1489,0.15335218312332377
14,1487,1501,0.15335619718172552
14,1490,1504,0.15335992621505384
14,1497,1511,0.15336341340354098
14,1506,1520,0.15336667512529492
15,1504,1519,0.15336972677797742
14,1509,1523,0.1533695106070909
14,1501,1515,0.15337240412009512
14,1496,1510,0.15337509728303794
14,1498,1512,0.15337761478053477
14,1491,1505,0.1533799714658323
14,1498,1512,0.1533821789078754
14,1504,1518,0.15338424728111558
14,1504,1518,0.1533861858493017
14,1498,1512,0.15338800314645304
14,1502,1516,0.15338970707334412
14,1508,1522,0.15339130496360096
14,1509,1523,0.15339286360772988
13,1514,1527,0.1533943748828046
13,1513,1526,0.15339892982046663
13,1501,1514,0.15340319288648682
13,1504,1517,0.15340718717398466
13,1501,1514,0.15341093255222563
13,1510,1523,0.15341444572374716
13,1514,1527,0.1534177416936027
13,1518,1531,0.15342083428507403
14,1498,1512,0.1534237662395278
13,1490,1503,0.153423449241705
15,1492,1507,0.15342625246376054
15,1489,1504,0.15342281168848806
15,1488,1503,0.1534196453655376
16,1486,1502,0.15341670298196697
14,1488,1502,0.15341086879113833
15,1498,1513,0.15341148619493036
14,1510,1524,0.15340907571695717
14,1512,1526,0.15340987054290944
13,1513,1526,0.1534105878950481
14,1498,1512,0.15341426153615192
15,1506,1521,0.15341473902483077
15,1500,1515,0.15341229221815642
14,1500,1514,0.15340983910961628
14,1514,1528,0.15341046297551064
14,1514,1528,0.15341107620967231
15,1514,1529,0.1534116921035309
16,1507,1523,0.15340926032276642
16,1494,1510,0.15340390268498147
16,1509,1525,0.15339891682076895
15,1503,1518,0.1533942617627967
15,1488,1503,0.1533930168901362
14,1489,1503,0.1533918367035281
14,1487,1501,0.15339370355080653
15,1480,1495,0.1533954126193708
16,1482,1498,0.15339388546644522
16,1498,1514,0.15338935852520028
16,1493,1509,0.1533851437423121
16,1494,1510,0.15338124509059187
17,1492,1509,0.1533775102952561
17,1493,1510,0.1533711419593082
15,1499,1514,0.1533652308092633
17,1501,1518,0.15336575322051405
17,1496,1513,0.15336022175085165
16,1488,1504,0.1533550944971142
17,1490,1507,0.1533532439444844
17,1502,1519,0.15334856192552113
18,1503,1521,0.15334419695675994
18,1497,1515,0.15333701327658397
18,1485,1503,0.15333031564183008
17,1483,1500,0.153324056001379
19,1484,1503,0.1533211621283583
19,1492,1511,0.1533124274772365
19,1484,1503,0.15330429651751065
18,1493,1511,0.1532967287963608
18,1496,1514,0.15329245993278243
19,1477,1496,0.15328842166786155
19,1475,1494,0.15328147941195755
20,1492,1512,0.15327497677220606
20,1503,1523,0.1532657730219128
20,1474,1494,0.15325716886952187
20,1478,1498,0.15324909831625078
19,1473,1492,0.15324155033891265
18,1470,1488,0.15323739860716415
16,1468,1484,0.15323636652783507
16,1480,1496,0.15324130684273377
17,1479,1496,0.1532458766932244
19,1491,1510,0.153247183317696
20,1498,1518,0.15324240298582245
20,1492,1512,0.1532350045492949
22,1492,1514,0.15322813025039575
21,1495,1516,0.15321552585092404
21,1494,1515,0.15320685241673426
22,1494,1516,0.15319873051775892
22,1497,1519,0.15318810068164485
22,1496,1518,0.1531780393946194
22,1498,1520,0.15316868234694514
22,1498,1520,0.15315993001238545
22,1502,1524,0.15315184052234154
22,1504,1526,0.15314448283012394
20,1500,1520,0.15313774828637225
22,1502,1524,0.1531374127709749
22,1497,1519,0.15313099961930288
24,1481,1505,0.15312487008517708
25,1485,1510,0.1531133261824668
26,1484,1510,0.1530995357036698
27,1479,1506,0.15308377939892026
27,1469,1496,0.15306633160779332
26,1480,1506,0.15305007146008417
24,1486,1510,0.15303783859542874
26,1477,1503,0.15303215706974244
25,1489,1514,0.15302096742051824
25,1490,1515,0.15301354144620474
25,1494,1519,0.15300664807545547
23,1502,1525,0.15300041158591557
23,1496,1519,0.15300031228273434
24,1501,1525,0.15300014153204544
24,1507,1531,0.15299687976263154
27,1494,1521,0.15299410300169158
27,1497,1524,0.1529825463153619
27,1489,1516,0.15297184587166232
27,1486,1513,0.15296207659441857
26,1488,1514,0.1529529364432465
24,1504,1528,0.15294743916788558
26,1510,1536,0.1529480375798193
25,1507,1532,0.15294255133542245
25,1507,1532,0.15294054624937517
25,1504,1529,0.152938667611192
24,1502,1526,0.1529369001430696
24,1498,1522,0.15293806659208495
24,1487,1511,0.15293916421484688
22,1472,1494,0.1529401717030156
22,1493,1515,0.15294697359439038
20,1490,1510,0.15295325901841525
16,1497,1513,0.15296487975779294
16,1502,1518,0.1529873116420989
18,1499,1517,0.1530082259858206
19,1481,1500,0.15302180585117978
19,1479,1498,0.15303152179797674
21,1476,1497,0.1530406450077244
21,1475,1496,0.15304332777823124
22,1487,1509,0.1530457839856533
22,1489,1511,0.15304535059275287
21,1482,1503,0.15304488665345517
20,1488,1508,0.1530474177193396
19,1495,1514,0.15305264048612666
19,1495,1514,0.15306049352595158
18,1496,1514,0.15306783437616717
18,1504,1522,0.15307769290202938
18,1510,1528,0.15308688476258736
18,1509,1527,0.15309547465656684
19,1499,1518,0.15310350992296665
19,1495,1514,0.15310810777415457
18,1494,1512,0.15311243552263573
16,1505,1521,0.1531194295847276
16,1507,1523,0.15313178311637318
16,1511,1527,0.15314332500967962
17,1507,1524,0.15315411943950633
17,1512,1529,0.15316112450507283
18,1492,1510,0.15316769111664325
20,1487,1507,0.15317091349463827
20,1484,1504,0.15316794566632416
20,1493,1513,0.15316526070876654
21,1499,1520,0.1531627921856868
21,1504,1525,0.15315726831847035
20,1505,1525,0.15315218245352497
20,1510,1530,0.15315018245891598
20,1499,1519,0.15314843982157034
19,1508,1527,0.1531468351155104
19,1506,1525,0.15314837967700023
21,1494,1515,0.15314979718750923
21,1487,1508,0.15314494484770289
22,1497,1519,0.15314042300121186
22,1503,1525,0.1531331360883364
21,1485,1506,0.1531263876630861
20,1495,1515,0.15312318569839722
22,1504,1526,0.15312312581285603
23,1511,1534,0.15311696536460734
23,1495,1518,0.15310839586722158
22,1476,1498,0.15310043412857022
22,1474,1496,0.15309602581578105
21,1481,1502,0.1530918940352547
23,1483,1506,0.1530910018429545
23,1489,1512,0.15308419239885887
23,1489,1512,0.15307786466881187
22,1485,1507,0.15307192430120636
22,1477,1499,0.15306932268360274
22,1480,1502,0.1530668765200623
22,1495,1517,0.15306449187954688
23,1491,1514,0.15306224722070427
24,1486,1510,0.15305723719324696
24,1486,1510,0.1530496471273936
25,1488,1513,0.15304259051157215
25,1497,1522,0.15303317481930193
26,1506,1532,0.1530243726163929
23,1508,1531,0.15301327569547862
23,1496,1519,0.15301191650290574
24,1494,1518,0.1530106047414616
24,1499,1523,0.1530064857672536
23,1498,1521,0.15300267141096238
26,1486,1512,0.15300206198424163
27,1487,1514,0.15299275056748154
27,1492,1519,0.15298134621946755
26,1480,1506,0.1529707913740439
26,1488,1514,0.15296389764034898
27,1497,1524,0.15295746746721783
27,1496,1523,0.15294846209311527
27,1484,1511,0.15294008654740998
27,1472,1499,0.15293227685930672
28,1481,1509,0.15292498765873452
28,1474,1502,0.15291529442981966
26,1486,1512,0.15290628104723875
27,1501,1528,0.15290362448902547
27,1496,1523,0.15289826760923517
27,1482,1509,0.15289322499871055
28,1478,1506,0.15288852254779509
28,1477,1505,0.1528813292212989
28,1482,1510,0.15287461854506834
28,1479,1507,0.15286843580507586
29,1487,1516,0.15286267844538154
29,1485,1514,0.15285443855070607
29,1492,1521,0.1528467692801343
29,1494,1523,0.15283962072841567
30,1503,1533,0.15283316782821724
28,1486,1514,0.1528244618974157
28,1486,1514,0.15282218863982644
30,1488,1518,0.15282010703800775
30,1483,1513,0.1528122540572853
30,1487,1517,0.15280495967218044
29,1496,1525,0.15279805289036863
29,1486,1515,0.15279460142675652
30,1490,1520,0.15279099392259507
30,1488,1518,0.15278496696695507
30,1476,1506,0.15277932408694536
28,1472,1500,0.1527740333245935
29,1467,1496,0.15277476048279143
30,1477,1507,0.152772419173892
29,1481,1510,0.15276745491934515
29,1480,1509,0.1527657635915927
30,1480,1510,0.15276415212914166
31,1482,1513,0.1527597101615625
30,1493,1523,0.1527528450148636
31,1481,1512,0.15274927900099183
29,1485,1514,0.15274289416327913
27,1496,1523,0.15274224563980815
24,1496,1520,0.15274745370723142
25,1491,1516,0.15276088652429468
26,1490,1516,0.15277058613574152
27,1490,1517,0.15277686812014857
26,1476,1502,0.1527799510313627
25,1498,1523,0.15278577288829148
26,1493,1519,0.15279402942891854
26,1481,1507,0.15279881406491222
23,1474,1497,0.15280328056185874
22,1470,1492,0.1528158160123791
22,1476,1498,0.15283047788415294
23,1490,1513,0.15284416605895054
22,1496,1518,0.15285412123214498
22,1486,1508,0.152866174790903
21,1478,1499,0.1528774311317357
21,1491,1512,0.15289075044889475
19,1498,1517,0.15290317695513303
18,1503,1521,0.15292057622948715
18,1496,1514,0.15293986920119543
18,1497,1515,0.15295798647620804
18,1505,1523,0.15297493093458592
18,1506,1524,0.15299078406284997
18,1498,1516,0.15300562441298582
17,1496,1513,0.15301952191777998
15,1487,1502,0.15303530493571235
14,1501,1515,0.15305603080494948
14,1502,1516,0.1530783656681413
15,1506,1521,0.15309936562198234
15,1498,1513,0.153116230478424
15,1509,1524,0.15313203268167036
15,1496,1511,0.15314685848830695
15,1502,1517,0.15316077048781515
14,1500,1514,0.15317382559364437
15,1501,1516,0.15318901279110336
16,1500,1516,0.15320019141224148
17,1494,1511,0.15320777833879468
14,1505,1519,0.15321205526557086
16,1511,1527,0.15322522835129415
17,1499,1516,0.15323182237394403
16,1502,1518,0.1532351796088756
16,1509,1525,0.15324129182961385
17,1499,1516,0.15324704656092142
16,1504,1520,0.1532495585796956
14,1518,1532,0.1532548711850227
13,1516,1529,0.15326570965291972
13,1517,1530,0.15327884268886532
14,1507,1521,0.15329111005721657
13,1512,1525,0.15329962713313253
14,1507,1521,0.15331053795600533
14,1499,1513,0.15331773272408156
15,1509,1524,0.15332447712437783
15,1491,1506,0.15332787148421936
16,1498,1514,0.1533310881810452
16,1489,1505,0.1533311849133853
15,1495,1510,0.15333128242134453
13,1499,1512,0.15333422649865644
14,1494,1508,0.15334289825425454
13,1494,1507,0.1533480050988487
13,1492,1505,0.153355827654764
13,1494,1507,0.15336313029123116
14,1498,1512,0.15336996492804345
14,1501,1515,0.15337332764441336
14,1501,1515,0.1533764847480696
14,1505,1519,0.15337944528359745
14,1495,1509,0.1533822229882962
14,1500,1514,0.1533848298369718
14,1506,1520,0.15338727677388556
14,1516,1530,0.15338957392348088
15,1492,1507,0.15339173069406067
14,1491,1505,0.1533908793805419
13,1507,1520,0.15339316024725752
13,1493,1506,0.15339832906998943
13,1490,1503,0.15340317628086025
13,1508,1521,0.15340772485942597
13,1500,1513,0.15341199238194053
10,1493,1503,0.1534159962246078
11,1510,1521,0.15342865992925195
11,1514,1525,0.15343743195823786
11,1511,1522,0.15344566110560937
11,1515,1526,0.15345337171032297
11,1516,1527,0.1534605977554696
10,1511,1521,0.15346737167483313
10,1511,1521,0.1534767586100004
11,1514,1525,0.15348553718473176
11,1511,1522,0.15349062592647383
12,1506,1518,0.15349540982489243
11,1517,1528,0.15349682923697422
12,1517,1529,0.15350130592903408
10,1501,1511,0.153502408420039
11,1499,1510,0.15350968890337427
10,1499,1509,0.1535134192543882
11,1497,1508,0.1535199136849455
12,1489,1501,0.15352305159721788
12,1492,1504,0.1535228756154618
12,1495,1507,0.15352273346521772
13,1493,1506,0.15352261473887488
12,1497,1509,0.15351937643614597
13,1501,1514,0.15351933883816907
12,1498,1510,0.1535163646420325
11,1487,1498,0.15351654055607653
12,1483,1495,0.15351974807017427
12,1485,1497,0.15351969090038373
12,1485,1497,0.1535196569433274
11,1488,1499,0.15351965917047752
11,1494,1505,0.15352273094685642
11,1487,1498,0.15352559205383706
12,1489,1501,0.15352826550439125
10,1488,1498,0.15352768123544117
10,1493,1503,0.1535332355353031
10,1502,1512,0.1535384349957704
10,1500,1510,0.15354330412526399
10,1502,1512,0.15354786598870734
9,1501,1510,0.1535520143570806
9,1490,1499,0.1535590318046644
9,1498,1507,0.1535655986309415
8,1500,1508,0.1535717500021046
10,1504,1514,0.1535805790718213
10,1505,1515,0.1535828215124955
10,1510,1520,0.1535849227676509
10,1503,1513,0.15358690098420763
11,1511,1522,0.15358876339530517
10,1514,1524,0.1535874963788076
9,1513,1522,0.1535892824551577
8,1509,1517,0.15359408736679964
8,1513,1521,0.15360151899909613
6,1516,1522,0.15360852698083335
6,1523,1529,0.15362127247019036
6,1519,1525,0.15363321677068878
6,1519,1525,0.1536444286791775
6,1529,1535,0.15365495554134134
6,1534,1540,0.1536648404251029
6,1527,1533,0.15367412339444012
6,1506,1512,0.1536828418616605
7,1515,1522,0.153691030797946
7,1515,1522,0.15369564526840784
6,1508,1514,0.15369989346134402
6,1505,1511,0.1537070028951773
6,1511,1517,0.15371368411303007
6,1521,1527,0.15371996429065465
6,1510,1516,0.1537258655260732
7,1509,1516,0.153731410184284
7,1509,1516,0.15373358732991071
6,1506,1512,0.15373561558974194
6,1510,1516,0.1537405456362826
6,1511,1517,0.1537452105717031
6,1523,1529,0.15374959835980642
5,1509,1514,0.15375372208901833
6,1515,1521,0.1537607292839297
6,1523,1529,0.15376425812235944
6,1525,1531,0.1537675523696574
6,1516,1522,0.15377059360659215
6,1516,1522,0.15377344796546238
6,1506,1512,0.15377612808740643
6,1507,1513,0.15377864552274892
6,1513,1519,0.15378101040166878
6,1519,1525,0.15378323211646905
6,1522,1528,0.15378531945867
6,1530,1536,0.15378728066510855
6,1522,1528,0.15378912345250345
5,1505,1510,0.1537908550507968
5,1485,1490,0.15379555683979823
6,1520,1526,0.15380001300888765
8,1525,1533,0.15380115724082163
8,1532,1540,0.1537959356040535
8,1531,1539,0.15379107260176905
8,1537,1545,0.15378651761627427
9,1528,1537,0.15378228723003484
11,1513,1524,0.15377515472893688
12,1532,1544,0.15376222081416074
11,1526,1537,0.1537470748237531
11,1516,1527,0.15373591075894816
11,1524,1535,0.15372541768501372
11,1512,1523,0.15371567207032505
12,1505,1517,0.15370651574970862
12,1497,1509,0.15369487634084786
12,1503,1515,0.15368397507467693
12,1500,1512,0.15367375453551213
11,1496,1507,0.15366417073390676
11,1506,1517,0.15365814220202936
10,1504,1514,0.15365250134906555
10,1501,1511,0.15365036215007127
9,1502,1511,0.15364833781160964
9,1501,1510,0.15364945097690064
9,1501,1510,0.1536504717947845
9,1508,1517,0.15365141878698144
10,1512,1522,0.15365229928134927
10,1503,1513,0.15365008254536955
10,1496,1506,0.15364801781569384
10,1503,1513,0.15364608175065933
10,1513,1523,0.1536442646642517
9,1513,1522,0.15364255855889372
8,1513,1521,0.15364402256869472
8,1500,1508,0.15364844113161083
9,1503,1512,0.15365258133810134
9,1508,1517,0.15365337684375577
9,1500,1509,0.1536541503110733
9,1512,1521,0.15365497659113472
9,1497,1506,0.1536557134167956
9,1495,1504,0.1536564016068213
9,1495,1504,0.15365704659120127
9,1500,1509,0.15365765155346167
8,1501,1509,0.15365821914962793
9,1493,1502,0.15366178512583406
9,1488,1497,0.15366207663083306
9,1500,1509,0.15366236642067432
8,1505,1513,0.15366264098702243
8,1523,1531,0.15366599208533308
8,1515,1523,0.1536691123876392
8,1499,1507,0.1536720357792242
8,1497,1505,0.15367477773614896
8,1486,1494,0.15367735059536533
8,1500,1508,0.15367976533654829
9,1510,1519,0.1536820320330382
9,1501,1510,0.15368105648965813
9,1507,1516,0.1536801718759184
9,1509,1518,0.15367934963023716
9,1514,1523,0.1536785820556247
8,1507,1515,0.15367786437033637
8,1507,1515,0.15368028812585446
8,1499,1507,0.1536825383954702
8,1498,1506,0.153684645459454
8,1504,1512,0.153686621386222
7,1510,1517,0.1536884753268125
7,1517,1524,0.15369340788725586
7,1496,1503,0.15369802981295627
7,1490,1497,0.15370236498455245
7,1501,1508,0.15370643366944914
7,1516,1523,0.15371025338319946
7,1516,1523,0.15371383998231736
6,1517,1523,0.1537172080958499
5,1508,1513,0.15372351339402893
6,1504,1510,0.1537323597983694
7,1520,1527,0.15373767815418027
7,1516,1523,0.15373957196282848
7,1509,1516,0.15374136692202284
7,1522,1529,0.15374305698919646
6,1515,1521,0.15374464715058075
6,1521,1527,0.15374916284322895
6,1522,1528,0.15375342946606874
6,1505,1511,0.15375743832105118
6,1500,1506,0.15376120431057047
6,1517,1523,0.15376474231317327
6,1508,1514,0.1537680663097659
6,1514,1520,0.15377118939057444
6,1514,1520,0.15377412381966502
6,1505,1511,0.15377688109403018
6,1512,1518,0.15377947199560765
5,1507,1512,0.15378190663827612
5,1509,1514,0.15378729491936813
5,1520,1525,0.15379235168922736
5,1519,1524,0.1537971034102241
6,1508,1514,0.1538015684662774
6,1506,1512,0.15380265134583498
6,1520,1526,0.15380368111032647
5,1517,1522,0.1538046510256974
5,1525,1530,0.1538087301357281
5,1526,1531,0.1538125482806533
5,1532,1537,0.1538161348082082
5,1531,1536,0.15381950493847454
5,1523,1528,0.15382267207381747
5,1512,1517,0.15382564859486691
5,1511,1516,0.15382844605939291
6,1505,1511,0.1538310752964814
6,1501,1507,0.15383038711269617
6,1495,1501,0.15382976622107475
6,1494,1500,0.15382918860835662
6,1515,1521,0.15382864890565856
6,1516,1522,0.15382814384690038
4,1509,1513,0.15382767084999313
5,1518,1523,0.15383348924876344
5,1518,1523,0.15383581586796144
5,1514,1519,0.15383800774400247
5,1515,1520,0.1538400665891018
5,1511,1516,0.15384200103499668
5,1508,1513,0.15384381878211614
5,1499,1504,0.1538455269685077
5,1498,1503,0.15384713226422633
5,1506,1511,0.15384864091674494
5,1508,1513,0.153850058783767
5,1507,1512,0.15385139136069084
5,1510,1515,0.15385264380489552
4,1512,1516,0.15385382095775435
4,1516,1520,0.15385797248035535
5,1496,1501,0.15386190099203578
4,1500,1504,0.15386253753169432
4,1505,1509,0.15386616879163756
5,1515,1520,0.15386960602673785
5,1512,1517,0.15386977689905332
4,1505,1509,0.15386991992558768
4,1508,1512,0.15387310550041972
4,1503,1507,0.15387612541199794
4,1505,1509,0.15387896623373087
3,1503,1506,0.15388163714058023
3,1508,1511,0.15388728315289665
3,1514,1517,0.1538925894959623
2,1532,1534,0.15389758065651218
2,1517,1519,0.1539054148438238
2,1507,1509,0.15391278182648144
2,1502,1504,0.15391971374505842
2,1502,1504,0.15392623479301384
2,1511,1513,0.15393236851535266
2,1523,1525,0.15393813743527715
2,1520,1522,0.15394356294410155
1,1523,1524,0.15394866528321038
1,1521,1522,0.15395663061302617
1,1515,1516,0.15396412509524876
1,1514,1515,0.15397118009155072
1,1510,1511,0.15397781316152187
1,1524,1525,0.15398405735969292
1,1520,1521,0.15398993215644238
0,1526,1526,0.15399545901944361
