1375,29,1404,0.13582080699366725
1404,31,1435,0.13296213859607275
1423,33,1456,0.13027491647045805
1425,34,1459,0.12777274138728553
1431,34,1465,0.1254879309168734
1435,34,1469,0.12339021058341647
1445,33,1478,0.12146897731100069
1456,33,1489,0.1196934341920408
1450,33,1483,0.11804950243095909
1444,33,1477,0.11656790907555635
1435,35,1470,0.11523406163316018
1430,34,1464,0.11404126884932904
1449,34,1483,0.11296694988940721
1462,32,1494,0.11194320883759143
1470,32,1502,0.11098005468818506
1460,32,1492,0.11008428287464236
1464,34,1498,0.10929260756887359
1464,34,1498,0.10856252808744182
1459,34,1493,0.10789815374205482
1461,32,1493,0.10730478749137476
1460,33,1493,0.10676034855706776
1457,32,1489,0.1062668334725994
1463,34,1497,0.10582393429517961
1455,35,1490,0.10540742558661265
1465,38,1503,0.10504654707132591
1461,37,1498,0.10469551699835115
1453,40,1493,0.10438472777552227
1451,38,1489,0.10411933461332301
1445,39,1484,0.10388245808017162
1442,39,1481,0.1036802120038844
1440,37,1477,0.10350246515941702
1445,38,1483,0.10334454830311131
1432,39,1471,0.10318986892363206
1435,40,1475,0.10307754455474566
1428,39,1467,0.1029686076493731
1446,40,1486,0.10288452848109525
1447,39,1486,0.10276863252546403
1460,38,1498,0.10266095443768268
1449,38,1487,0.10253484585267697
1448,38,1486,0.1024436436210779
1434,38,1472,0.10236314497713296
1427,38,1465,0.10232032474314949
1426,37,1463,0.1022965494415887
1443,39,1482,0.10227713602430154
1437,41,1478,0.10222250622852658
1449,41,1490,0.10218561618565263
1457,43,1500,0.10212642990853267
1458,44,1502,0.10205525489160686
1458,44,1502,0.10198809323311582
1457,46,1503,0.10192696396581394
1447,48,1495,0.10187366951651673
1443,49,1492,0.10184701709995019
1438,50,1488,0.10183131039793641
1446,51,1497,0.10182791818803481
1453,51,1504,0.10180757253513488
1451,49,1500,0.10177413801363597
1454,48,1502,0.1017482463002485
1455,46,1501,0.10171809399624467
1457,48,1505,0.10168833354285811
1449,50,1499,0.10165721224576918
1433,49,1482,0.10164567547598664
1435,47,1482,0.10166931619612483
1452,48,1500,0.10168712361326664
1453,48,1501,0.10166657058104021
1455,50,1505,0.101645925156636
1445,50,1495,0.10162277285946907
1442,50,1492,0.10162320429955418
1438,50,1488,0.1016302372217796
1440,51,1491,0.10164517743549263
1435,50,1485,0.10165467125044585
1436,48,1484,0.10167384373604449
1433,48,1481,0.10168931694079371
1445,51,1496,0.1017104243050278
1458,51,1509,0.10170362297169706
1457,54,1511,0.10166942556179949
1452,53,1505,0.10164024138048257
1452,52,1504,0.10162452236483506
1451,54,1505,0.10161017622797168
1436,54,1490,0.10159930494751837
1440,55,1495,0.10162149646864503
1446,54,1500,0.10163335576268953
1445,55,1500,0.1016313033622518
1440,54,1494,0.10163142766962391
1442,53,1495,0.10164222760793809
1450,56,1506,0.10164817891090941
1446,55,1501,0.10163660105618914
1450,56,1506,0.10163420155526684
1456,57,1513,0.10162333162021653
1448,58,1506,0.10160032913716863
1441,57,1498,0.1015965916478797
1439,58,1497,0.1016086029336636
1427,56,1483,0.10162391626120006
1420,55,1475,0.10166335838620366
1424,54,1478,0.1017143069528781
1429,54,1483,0.1017524387854052
1436,51,1487,0.10177635945899427
1445,48,1493,0.10178284144284522
1431,51,1482,0.10176911882191927
1429,53,1482,0.1017866794535664
1434,54,1488,0.10180671485221439
1440,53,1493,0.10181470329746499
1449,52,1501,0.10180904871783458
1451,51,1502,0.10178487021714058
1465,53,1518,0.10175835778329194
1466,53,1519,0.10170363877575155
1450,52,1502,0.10165180140291839
1455,56,1511,0.10163922327775352
1441,58,1499,0.10161653101094154
1430,59,1489,0.10162651015163984
1440,59,1499,0.10165919638147884
1438,56,1494,0.10166770555494299
1451,53,1504,0.1016796908477301
1450,52,1502,0.10166256727151154
1448,51,1499,0.10164920167760158
1443,53,1496,0.10164129946579074
1456,51,1507,0.10164449144311025
1445,51,1496,0.10161937680149763
1448,50,1498,0.10162042160157422
1451,49,1500,0.10161459321121229
1452,50,1502,0.10160287374508309
1455,51,1506,0.10159000630117065
1444,51,1495,0.10157185974898121
1444,53,1497,0.10157909227840828
1438,54,1492,0.10158582185051948
1423,53,1476,0.10160486663075324
1437,50,1487,0.10165462447911106
1439,49,1488,0.1016706870477174
1445,49,1494,0.10168123223138797
1440,51,1491,0.10167780797884184
1445,51,1496,0.10168523518039686
1444,49,1493,0.10168097539886112
1445,48,1493,0.10167865504423429
1444,47,1491,0.1016743143491061
1441,47,1488,0.10167235972751762
1438,49,1487,0.10167676011263214
1434,48,1482,0.10168733034558752
1438,48,1486,0.10170551128845286
1438,47,1485,0.10171403697470482
1438,48,1486,0.10172181554158258
1437,50,1487,0.1017294051205172
1433,53,1486,0.10173789475506453
1440,55,1495,0.1017545782138105
1445,51,1496,0.10175493940615922
1445,51,1496,0.10174455942505588
1445,56,1501,0.10173490576562116
1448,56,1504,0.10172669722707876
1447,56,1503,0.10171231006417181
1440,59,1499,0.10170135950822001
1447,57,1504,0.1017063381201308
1436,57,1493,0.10169575653283769
1446,60,1506,0.10170993061258171
1445,57,1502,0.10170145457005537
1436,59,1495,0.10169601158440851
1450,61,1511,0.10171052272664101
1452,61,1513,0.10169337020142563
1458,61,1519,0.10167376268832092
1450,60,1510,0.10164285433181709
1450,61,1511,0.10163217947404528
1443,59,1502,0.10162228865956437
1450,57,1507,0.10162792320054852
1441,54,1495,0.10161885633135136
1434,55,1489,0.1016295381102043
1435,57,1492,0.10165398750571372
1431,56,1487,0.10167407209682629
1433,55,1488,0.10170085856080943
1437,55,1492,0.10172120651829702
1452,54,1506,0.10173124459057278
1441,55,1496,0.10170766882896459
1443,57,1500,0.10171014894437662
1442,56,1498,0.10170742029571804
1442,56,1498,0.10170756113863
1434,56,1490,0.10170795700945667
1440,53,1493,0.1017254460693242
1442,52,1494,0.10172868079764603
1445,50,1495,0.10172737790877835
1457,50,1507,0.10171952207305242
1465,52,1517,0.1016869281104637
1456,52,1508,0.10164020479598683
1456,54,1510,0.10161618047159184
1445,55,1500,0.10159521641886435
1441,55,1496,0.1016000501461498
1438,50,1488,0.10161286030535384
1438,46,1484,0.10163106265270035
1437,48,1485,0.10164744227980334
1445,47,1492,0.10166422145951795
1447,48,1495,0.10166222985657516
1442,47,1489,0.10165576188373894
1433,46,1479,0.10166013691401171
1432,48,1480,0.1016837681135711
1428,47,1475,0.10170806884777982
1428,48,1476,0.10173853584918603
1436,49,1485,0.10176590710533905
1438,51,1489,0.10177346529903762
1444,52,1496,0.10177613826178739
1438,50,1488,0.1017658873275906
1438,51,1489,0.1017693881306689
1427,52,1479,0.10177294108394666
1426,55,1481,0.1017995907930694
1442,55,1497,0.10182639478701679
1446,55,1501,0.10181653485343252
1455,53,1508,0.10179895769066427
1447,54,1501,0.10176368790343339
1452,55,1507,0.10174914682403212
1442,54,1496,0.10172513889483259
1446,56,1502,0.10172477449738261
1448,57,1505,0.10171587924437926
1453,59,1512,0.10170297701764784
1444,58,1502,0.10168091231317028
1451,59,1510,0.10168022497971904
1459,59,1518,0.10166489687092391
1455,61,1516,0.10163357968318644
1448,61,1509,0.10161348812377248
1439,62,1501,0.10161053101286256
1436,62,1498,0.1016270433488073
1441,63,1504,0.10164889833721016
1439,63,1502,0.10165809590764376
1426,63,1489,0.10167085499635295
1432,60,1492,0.10171040277255607
1428,61,1489,0.10173322755162001
1430,62,1492,0.1017628061190769
1441,62,1503,0.10178569425462584
1438,59,1497,0.10178247664425565
1431,61,1492,0.10178604355295512
1435,61,1496,0.10180419999394472
1436,60,1496,0.1018118901724191
1453,59,1512,0.10181716509061702
1451,64,1515,0.10178554012623031
1437,63,1500,0.10176104169314489
1440,64,1504,0.10176885400276571
1444,66,1510,0.10176947910440096
1437,65,1502,0.10176100324730307
1430,66,1496,0.10176853187746214
1447,65,1512,0.10179092953374579
1446,64,1510,0.10177487509587707
1438,64,1502,0.1017627274894741
1436,66,1502,0.10176902367107844
1448,65,1513,0.10177896877038918
1443,65,1508,0.10176221364415781
1444,63,1507,0.10175753946086516
1420,63,1483,0.10175075513393018
1409,63,1472,0.10179602143499115
1409,65,1474,0.10186122005513734
1405,65,1470,0.10192046316427178
1399,66,1465,0.10198271745445434
1407,66,1473,0.10205276629999706
1417,67,1484,0.10209958430782909
1407,68,1475,0.10212080636786243
1414,70,1484,0.10216134258463214
1407,73,1480,0.10218316935476818
1416,73,1489,0.10221852636102513
1412,75,1487,0.1022314782066725
1412,75,1487,0.10225176703479363
1429,73,1502,0.10227041244391032
1427,78,1505,0.10225056751369876
1421,77,1498,0.10223677857580231
1405,78,1483,0.10223741297253226
1414,78,1492,0.10227325857243706
1418,76,1494,0.10228621616560854
1419,79,1498,0.10228930875203558
1428,80,1508,0.102289577033806
1437,79,1516,0.1022702984866542
1427,78,1505,0.10223376686186583
1439,77,1516,0.10222228761879969
1425,75,1500,0.10218606196513491
1430,75,1505,0.10218369665314954
1422,71,1493,0.10217055710059601
1419,70,1489,0.1021761260427012
1417,70,1487,0.1021871760815069
1431,71,1502,0.10220172075895437
1425,68,1493,0.1021845976119612
1427,69,1496,0.10218227578203969
1429,71,1500,0.10217583473585869
1420,70,1490,0.10216564696990041
1420,71,1491,0.10217540718598235
1419,72,1491,0.10218388808292204
1417,76,1493,0.1021941001421712
1406,78,1484,0.10220742537302155
1423,77,1500,0.10224343875587899
1424,74,1498,0.10223963601231519
1419,74,1493,0.10223393303536482
1430,73,1503,0.10223959675436124
1420,71,1491,0.10222067010580395
1429,70,1499,0.10222476718142585
1423,75,1498,0.10220866435605151
1421,75,1496,0.10220723064393844
1418,74,1492,0.10221018826180842
1411,74,1485,0.1022195736256538
1407,76,1483,0.10224342278773953
1419,78,1497,0.10227417691554869
1426,77,1503,0.1022762842679347
1424,75,1499,0.10226337642742213
1421,75,1496,0.10225589190706502
1417,75,1492,0.10225494524916937
1420,73,1493,0.10226272980095459
1420,76,1496,0.10226319909350337
1413,72,1485,0.10226334876639784
1416,72,1488,0.10227880211056925
1418,71,1489,0.10228616098914813
1422,69,1491,0.10228869099825916
1411,67,1478,0.10228229218869775
1404,69,1473,0.10230046668426042
1412,70,1482,0.10233213736593154
1421,68,1489,0.10234397393194891
1427,69,1496,0.10233511807271099
1440,72,1512,0.10231414109546186
1424,74,1498,0.10226666805834984
1429,71,1500,0.10225800632561619
1442,72,1514,0.10223897870414618
1433,72,1505,0.10219287800373773
1425,73,1498,0.10217033577541258
1426,69,1495,0.10216712699670732
1431,70,1501,0.10216209934612824
1421,70,1491,0.10214698120408555
1421,72,1493,0.10215436377326662
1424,68,1492,0.10216132331332378
1439,68,1507,0.10216104013661355
1441,67,1508,0.10212843459913744
1439,65,1504,0.10209395430812189
1436,65,1501,0.10206720428774102
1436,65,1501,0.10204952817399868
1435,65,1500,0.10203366951387748
1450,66,1516,0.10202131983674871
1452,64,1516,0.10197726050494943
1454,64,1518,0.10193297344293169
1447,63,1510,0.10188848867029975
1435,65,1500,0.10186308982682192
1424,64,1488,0.10186565983314033
1423,61,1484,0.10189225343113946
1420,62,1482,0.1019188137405643
1419,65,1484,0.10194887069553044
1430,65,1495,0.10197831085662866
1423,68,1491,0.10198151530889202
1422,67,1489,0.10199936143314904
1417,65,1482,0.10201761528589252
1410,66,1476,0.10204428005531413
1410,66,1476,0.10208412022687732
1414,66,1480,0.10212046895831133
1430,65,1495,0.10214453620434252
1431,63,1494,0.10213207119477348
1435,63,1498,0.10211850069505003
1429,64,1493,0.10209775533874087
1416,64,1480,0.10209189592910665
1434,62,1496,0.10211442648662564
1434,62,1496,0.10209612662139567
1441,61,1502,0.10207998600944634
1436,64,1500,0.10205037685574797
1440,63,1503,0.10203387038971937
1425,62,1487,0.10201039205673947
1421,63,1484,0.10202166121731246
1419,67,1486,0.10204036981877491
1423,70,1493,0.1020613642808041
1417,68,1485,0.1020719371224217
1420,68,1488,0.10209477163332802
1422,68,1490,0.10210898245147312
1422,68,1490,0.10211817683682636
1424,71,1495,0.10212657326960514
1420,74,1494,0.10213016234591973
1432,71,1503,0.1021419752857956
1422,72,1494,0.1021268898547076
1424,71,1495,0.10213481126764638
1433,70,1503,0.10213751879884761
1442,69,1511,0.10212095180915963
1435,71,1506,0.10208648676329155
1436,70,1506,0.10207014389741247
1433,67,1500,0.10205335154942845
1428,64,1492,0.10204415745534018
1431,64,1495,0.10204643790084043
1430,64,1494,0.10204226952899403
1429,65,1494,0.10204050386032897
1424,63,1487,0.10204166956713408
1422,64,1486,0.10205323971625649
1414,65,1479,0.10206747808457449
1419,66,1485,0.10209759154011092
1420,67,1487,0.1021143816017927
1431,69,1500,0.10212796632808618
1414,69,1483,0.1021167209090045
1422,69,1491,0.10214275896465703
1423,67,1490,0.10214922095598362
1433,66,1499,0.10215286344794663
1440,66,1506,0.10213455901858644
1437,67,1504,0.10210235603687423
1427,63,1490,0.1020793296650687
1425,64,1489,0.10208005419227657
1431,63,1494,0.10208481459974297
1421,62,1483,0.10207587041426529
1445,61,1506,0.10208947860149824
1450,60,1510,0.10205056042385817
1450,60,1510,0.10200450233524101
1436,62,1498,0.10196247851403684
1422,62,1484,0.10195423520389355
1409,61,1470,0.1019767101992054
1408,62,1470,0.10202551532947596
1413,62,1475,0.1020724681341537
1412,67,1479,0.10210441497265531
1417,69,1486,0.10213587772092624
1418,68,1486,0.1021536157148233
1417,71,1488,0.10216785685363604
1419,70,1489,0.10218302410092012
1408,70,1478,0.10219331842655965
1419,70,1489,0.10222671127590285
1404,75,1479,0.1022338962342196
1408,78,1486,0.10227215671420761
1416,80,1496,0.10229871516499184
1414,85,1499,0.1023057190755837
1404,87,1491,0.10231656758680005
1401,87,1488,0.10234813432594043
1408,87,1495,0.10238385593735239
1405,89,1494,0.1024017582600564
1414,91,1505,0.10242471177115356
1406,89,1495,0.10242625610233827
1413,88,1501,0.10244527330830126
1418,88,1506,0.10244755728238687
1418,90,1508,0.10243892161876303
1411,90,1501,0.10243112746590015
1412,91,1503,0.10243931280756893
1415,92,1507,0.10244383553684075
1419,92,1511,0.10244100455347492
1409,91,1500,0.10243011828918426
1410,92,1502,0.10244174698242883
1400,87,1487,0.10244967589821964
1405,88,1493,0.10247825312579768
1396,85,1481,0.1024944536774512
1412,83,1495,0.10252828439706835
1412,86,1498,0.10252471371478482
1411,92,1503,0.10252168096393534
1399,91,1490,0.10252101265921276
1388,91,1479,0.10254637085109662
1393,91,1484,0.10259330155093573
1392,92,1484,0.10262559083090565
1392,92,1484,0.102657187043368
1394,92,1486,0.10268587973002806
1409,90,1499,0.1027075862605061
1404,90,1494,0.10269488077796957
1397,88,1485,0.10269366556227304
1388,85,1473,0.10270778566876099
1379,88,1467,0.10274070592696224
1401,90,1491,0.10279037570865036
1392,87,1479,0.10278740109712022
1392,90,1482,0.10280487944936734
1397,89,1486,0.10282084076836323
1396,93,1489,0.10282480218974743
1395,94,1489,0.1028306906315192
1402,95,1497,0.10283802362676547
1404,93,1497,0.1028299435152444
1405,93,1498,0.10281817426995747
1390,95,1485,0.10280547507521245
1388,95,1483,0.10282662139939827
1388,98,1486,0.102850389410751
1386,97,1483,0.10287217552900842
1382,97,1479,0.10289621219946926
1382,98,1480,0.1029262944423641
1382,94,1476,0.10295407076568912
1383,96,1479,0.10297915746363973
1393,99,1492,0.1030000151974755
1401,99,1500,0.10299750946770558
1406,98,1504,0.10297833964801369
1405,102,1507,0.10294989450506715
1409,102,1511,0.10292679002687315
1407,105,1512,0.10289641721192408
1408,105,1513,0.10287334241697145
1386,103,1489,0.1028501122616635
1397,110,1507,0.10287733847061709
1413,111,1524,0.10287841976983192
1399,113,1512,0.10284471545789085
1389,114,1503,0.10284508993772196
1386,112,1498,0.10286672550297549
1380,107,1487,0.1028926946050883
1390,113,1503,0.10292979574492495
1392,113,1505,0.10294217300168305
1386,115,1501,0.1029490877687988
1397,113,1510,0.10296884962707871
1386,109,1495,0.10296290785283667
1387,108,1495,0.10298112751246244
1390,107,1497,0.102995841316577
1393,109,1502,0.10300349357768354
1386,112,1498,0.10300375822835522
1374,113,1487,0.10301893678454949
1370,115,1485,0.10305943561693194
1384,117,1501,0.10310493252125404
1387,119,1506,0.10311609726247543
1388,119,1507,0.10312012599828886
1378,121,1499,0.10312157225568887
1381,120,1501,0.10314456785221497
1372,120,1492,0.10315905655200097
1377,123,1500,0.10319193724382515
1373,124,1497,0.10321092917683776
1385,122,1507,0.10323702075195154
1381,122,1503,0.10323444801765401
1371,121,1492,0.1032415303207026
1373,120,1493,0.1032698325070352
1355,121,1476,0.10329131359227965
1356,124,1480,0.10334969425590627
1359,123,1482,0.10340096774399282
1371,127,1498,0.10344203000273254
1368,128,1496,0.10345356565114752
1352,130,1482,0.10347119225879578
1362,136,1498,0.10352228757861365
1354,138,1492,0.10354692501448941
1349,139,1488,0.10358671212298481
1355,140,1495,0.10363413786002021
1348,145,1493,0.10366451349344671
1354,145,1499,0.10370807998370817
1336,143,1479,0.10373535093923636
1345,147,1492,0.10379980115511174
1353,144,1497,0.1038395720071093
1358,146,1504,0.10385848972591877
1360,147,1507,0.10386538899140564
1348,146,1494,0.10386723999719248
1339,143,1482,0.10389465593618993
1347,145,1492,0.103939569477309
1339,143,1482,0.1039634462340856
1337,139,1476,0.10400347857276314
1352,143,1495,0.10404392419720718
1345,145,1490,0.1040481229068895
1346,143,1489,0.10406700097380334
1338,149,1487,0.10408289007224197
1346,152,1498,0.10411528060943613
1337,150,1487,0.10412657653772485
1356,149,1505,0.10415664240105033
1348,151,1499,0.10414183510747303
1345,154,1499,0.10414627056565465
1345,157,1502,0.1041569532961832
1341,155,1496,0.1041671417655646
1345,152,1497,0.10418566987099091
1338,156,1494,0.10419437217024503
1343,157,1500,0.10421762526838232
1336,154,1490,0.10422832908674076
1337,151,1488,0.10425300682027933
1342,156,1498,0.10427294538503418
1349,156,1505,0.10428002981813876
1345,155,1500,0.10427159646805982
1336,152,1488,0.1042725816032824
1346,153,1499,0.1042925694047241
1336,150,1486,0.10428882115402197
1340,147,1487,0.10430681255853937
1334,149,1483,0.10431504047856756
1348,152,1500,0.1043366064242557
1341,154,1495,0.10432623653850531
1345,159,1504,0.10433180935042095
1335,158,1493,0.1043283617559867
1334,156,1490,0.10434663569428224
1332,157,1489,0.1043654934835158
1344,156,1500,0.10438708288237353
1322,158,1480,0.10438095967111824
1335,157,1492,0.10442429016105521
1341,159,1500,0.10443551906092416
1344,161,1505,0.10443195811606167
1335,161,1496,0.10442234441907175
1331,163,1494,0.10443367017372367
1340,163,1503,0.10445304652107312
1332,165,1497,0.10445071974860198
1321,167,1488,0.10446631582885574
1332,166,1498,0.10450434189068974
1330,165,1495,0.10451464899125872
1342,163,1505,0.10452827714331935
1340,160,1500,0.1045142075347216
1347,156,1503,0.1045054835167198
1348,152,1500,0.1044826566702415
1345,151,1496,0.10445976376137624
1343,157,1500,0.10444580696994392
1348,161,1509,0.10443739956055204
1332,160,1492,0.10441879311463154
1338,156,1494,0.10443782616335134
1332,160,1492,0.10444214148914246
1332,166,1498,0.10445919217863932
1325,165,1490,0.10447516041032041
1326,166,1492,0.1045051984764736
1325,169,1494,0.10453037825941942
1306,170,1476,0.10455521457208934
1310,170,1480,0.10462015933153769
1310,171,1481,0.10467150142595207
1314,172,1486,0.10471729419300167
1330,174,1504,0.10475180891822097
1321,172,1493,0.1047481300208572
1316,177,1493,0.10476449416656256
1328,174,1502,0.10479042131504646
1321,178,1499,0.10478785288689918
1326,176,1502,0.10480120701406513
1327,176,1503,0.10480233578337504
1330,177,1507,0.10480033974340998
1326,170,1496,0.10479167549315797
1334,172,1506,0.10479282526155063
1327,169,1496,0.10477599339636921
1331,168,1499,0.10477640649186278
1341,167,1508,0.10476856010884332
1323,171,1494,0.10473882887639338
1324,176,1500,0.10475157413527755
1320,175,1495,0.10476020741800504
1318,173,1491,0.10477786012342229
1321,178,1499,0.10479838168740203
1314,180,1494,0.10481021285310417
1308,182,1490,0.10483729952335191
1307,182,1489,0.10487525678234963
1301,184,1485,0.1049127132576951
1303,185,1488,0.1049595743575849
1308,186,1494,0.10499829290249348
1306,188,1494,0.10502281148507496
1308,188,1496,0.10504918867741862
1305,190,1495,0.105068707067953
1301,190,1491,0.10509310200976885
1296,192,1488,0.10512430901021036
1299,187,1486,0.10516334232693564
1296,187,1483,0.105193328546729
1298,192,1490,0.10522723654757335
1307,191,1498,0.10525461906017246
1303,195,1498,0.10525964730340387
1309,194,1503,0.10527275999729864
1306,194,1500,0.10527144343566698
1301,192,1493,0.10527732801392087
1295,196,1491,0.10529342437326779
1302,197,1499,0.10532185290156298
1306,198,1504,0.10533288305481626
1296,193,1489,0.10533377492385426
1292,194,1486,0.10535644709715193
1301,191,1492,0.10538650976867359
1301,196,1497,0.10539430872110932
1309,198,1507,0.10540067272847957
1295,197,1492,0.10538915166936082
1294,198,1492,0.1054093549795892
1309,198,1507,0.10543068905380296
1310,199,1509,0.1054165095169574
1300,193,1493,0.10540121714350395
1300,189,1489,0.10540958607295192
1305,194,1499,0.10541679966749527
1317,196,1513,0.10541193603672756
1288,200,1488,0.10538086147820426
1307,202,1509,0.10541600008068613
1292,202,1494,0.10540667204237042
1294,200,1494,0.10543089787942574
1283,200,1483,0.10544894804130785
1286,197,1483,0.10549024771999178
1287,199,1486,0.10552147023013955
1286,204,1490,0.10554831165881623
1286,203,1489,0.10557428147399982
1292,207,1499,0.10559723647779574
1284,209,1493,0.10560565341848288
1285,205,1490,0.10563078325425672
1283,203,1486,0.10565128462408274
1272,207,1479,0.10567469507677268
1275,203,1478,0.1057208097385028
1287,205,1492,0.1057567111962327
1290,205,1495,0.10576255305137075
1298,204,1502,0.10576215479381361
1306,198,1504,0.10574397636288295
1309,203,1512,0.10570935582104901
1310,198,1508,0.10567134456941364
1304,194,1498,0.1056341080229404
1314,198,1512,0.10561469980599131
1304,201,1505,0.10557472703337073
1296,201,1497,0.10556022126316073
1297,207,1504,0.1055653501273218
1277,211,1488,0.10556803829790046
1278,208,1486,0.10561462410460482
1274,214,1488,0.10565533970919663
1277,216,1493,0.10570120928058302
1283,216,1499,0.10573760755676394
1293,216,1509,0.1057582126621812
1290,220,1510,0.10575533839458454
1285,219,1504,0.10575931866074317
1281,218,1499,0.10577422001738956
1287,214,1501,0.10579662645283416
1284,216,1500,0.10580330637104467
1291,218,1509,0.10581593926865591
1293,220,1513,0.10581234367313193
1289,220,1509,0.10580423367775482
1295,225,1520,0.10580696455274452
1284,225,1509,0.10579711104541324
1273,227,1500,0.10581180185116686
1277,223,1500,0.10584959081561786
1280,220,1500,0.10587477433913574
1286,223,1509,0.10589114280287128
1296,219,1515,0.10589294936826428
1284,219,1503,0.10587267490718454
1279,218,1497,0.10588005259117837
1277,218,1495,0.10589735841345409
1280,216,1496,0.10591699921248901
1275,218,1493,0.10592786757611705
1291,217,1508,0.10594944399126033
1286,216,1502,0.10593415858878137
1283,218,1501,0.10593134959726448
1279,211,1490,0.1059355850779243
1280,208,1488,0.10594840227911019
1278,215,1493,0.10595726301609838
1282,217,1499,0.105971056015776
1284,219,1503,0.10597464625526846
1301,216,1517,0.10597261892415898
1291,218,1509,0.10593329871966795
1296,216,1512,0.10591962955093522
1288,217,1505,0.10589594539857439
1279,224,1503,0.10589237541680044
1288,219,1507,0.10590881761170873
1298,220,1518,0.10590335128963173
1304,225,1529,0.10587685266015541
1299,223,1522,0.10583943321070322
1283,222,1505,0.10581626351501879
1265,219,1484,0.10583076126206364
1266,227,1493,0.10588447472682326
1260,227,1487,0.10593179640635625
1262,229,1491,0.10598915389311366
1262,226,1488,0.10603668081889847
1262,228,1490,0.10608100650658074
1270,223,1493,0.10612156425214682
1265,220,1485,0.10614010186954054
1258,221,1479,0.10616812140717759
1263,224,1487,0.10620865519073842
1265,224,1489,0.10623448118495674
1271,228,1499,0.10625435783270898
1262,227,1489,0.10625951441414463
1273,233,1506,0.10628487015182074
1255,232,1487,0.10628289634112126
1254,232,1486,0.10632102870390689
1257,229,1486,0.10635827659533208
1264,232,1496,0.10638730391282399
1271,229,1500,0.10639790582818756
1262,226,1488,0.10639175949924624
1261,225,1486,0.106406532954251
1256,223,1479,0.10642148596837828
1264,220,1484,0.10644676053334656
1266,224,1490,0.10645220661124581
1267,224,1491,0.10645231876959294
1273,227,1500,0.106450511953745
1258,227,1485,0.10643633623309505
1265,231,1496,0.10645578890067109
1269,226,1495,0.10645825676330373
1264,225,1489,0.10645139598373213
1262,230,1492,0.10645627897166567
1277,228,1505,0.10646559339188814
1284,236,1520,0.1064397984535183
1289,233,1522,0.10640004920187582
1277,229,1506,0.10635204338084912
1280,232,1512,0.10633432913013544
1270,237,1507,0.10631156595690591
1272,238,1510,0.10631252571998517
1259,235,1494,0.10630873136149414
1265,237,1502,0.10633463094980108
1262,243,1505,0.10634530308084164
1264,240,1504,0.10636283056854345
1264,234,1498,0.10637344002068837
1269,237,1506,0.10638300720693086
1266,234,1500,0.10638009098502905
1265,238,1503,0.10638476355562293
1262,237,1499,0.10639130591315643
1267,234,1501,0.10640424954163585
1261,231,1492,0.10640512785793665
1260,231,1491,0.10641946630637583
1260,236,1496,0.10643531544096435
1258,237,1495,0.10644968609783877
1260,237,1497,0.10646773288525116
1265,235,1500,0.10648026559471523
1266,236,1502,0.10648043484252791
1267,239,1506,0.10647719426975813
1276,235,1511,0.10647180431179322
1266,242,1508,0.10644776983299421
1253,244,1497,0.10644900701855646
1245,252,1497,0.1064795764585114
1265,247,1512,0.10652576419748387
1261,241,1502,0.10652339408802858
1274,245,1519,0.10653087086041844
1257,245,1502,0.10650864192425719
1255,246,1501,0.10652660893342464
1259,242,1501,0.10654689204719114
1264,241,1505,0.10655546777173734
1270,236,1506,0.10655247667964024
1277,240,1517,0.106535751144285
1274,244,1518,0.10650470156900563
1258,245,1503,0.1064815886487537
1244,244,1488,0.10649644509556935
1240,244,1484,0.1065415323452999
1237,244,1481,0.10659154745947629
1240,249,1489,0.10664495434871714
1237,247,1484,0.10668583204985957
1239,245,1484,0.10673008201082004
1246,243,1489,0.10676589392169646
1255,244,1499,0.10678433572555861
1251,252,1503,0.10678055609535939
1253,248,1501,0.10678547829048542
1251,253,1504,0.10678479991647023
1240,254,1494,0.10678933754857826
1250,250,1500,0.10681781897186061
1247,250,1497,0.10682191131316358
1240,250,1490,0.10683281286313089
1236,246,1482,0.10685853733501414
1242,247,1489,0.1068916277152297
1246,246,1492,0.10690841912948919
1255,245,1500,0.10691470745601762
1250,247,1497,0.10690035906359395
1244,251,1495,0.10689939867576534
1248,250,1498,0.10691217631207618
1258,245,1503,0.10691578688101869
1239,248,1487,0.10689610673104091
1240,256,1496,0.1069220414787197
1235,257,1492,0.10694310702325267
1225,259,1484,0.1069739185464271
1229,260,1489,0.1070251993023572
1230,259,1489,0.10706316093559336
1220,254,1474,0.107095915375759
1231,261,1492,0.10714796102853429
1235,258,1493,0.10717147834689138
1247,260,1507,0.10718428656490739
1241,261,1502,0.10716916838834191
1232,262,1494,0.10716910963362611
1221,267,1488,0.10718969055408785
1217,269,1486,0.10723326898640277
1215,265,1480,0.10728276461208512
1206,265,1471,0.10733315957933753
1213,265,1478,0.10740012337033504
1224,270,1494,0.1074459997819086
1217,271,1488,0.10746387791143448
1212,273,1485,0.10749653752644978
1226,277,1503,0.10753768888915431
1227,274,1501,0.10754378743711374
1229,274,1503,0.1075480957013675
1223,270,1493,0.10754755433424348
1221,271,1492,0.10755987704451105
1217,269,1486,0.1075748625154197
1222,274,1496,0.1075972838993961
1225,276,1501,0.107607702739836
1226,281,1507,0.1076100830219247
1228,278,1506,0.10761093059111326
1225,270,1495,0.10760695171578118
1224,274,1498,0.10760962721576836
1217,272,1489,0.10761507805329709
1212,273,1485,0.10763613771645808
1215,279,1494,0.10766642733282061
1208,286,1494,0.10768723375780169
1201,288,1489,0.10772125470702511
1217,284,1501,0.10776888667845416
1208,283,1491,0.10777643134710914
1217,288,1505,0.10780379989153492
1213,289,1502,0.10780920013167464
1208,289,1497,0.10782307206480304
1219,294,1513,0.10784703236679849
1215,296,1511,0.10784353810491414
1208,299,1507,0.10784857821221511
1217,297,1514,0.10787055637117204
1220,298,1518,0.10786977177518679
1193,301,1494,0.10786286755981925
1196,302,1498,0.10791765535487587
1194,292,1486,0.10796187631620122
1210,294,1504,0.10800677858706972
1214,296,1510,0.10801220435414302
1222,296,1518,0.10800929124689748
1230,296,1526,0.10798805012903885
1219,288,1507,0.10795052306107483
1206,293,1499,0.10794220280581883
1202,297,1499,0.10796288741695706
1198,296,1494,0.10799023873331734
1198,298,1496,0.1080247738528237
1204,299,1503,0.10805657656399348
1199,303,1502,0.10807280730998055
1178,306,1484,0.10809891943286017
1183,302,1485,0.10817030911773998
1196,306,1502,0.10822506284698484
1188,304,1492,0.10824714396455032
1193,299,1492,0.10828513683501971
1182,303,1485,0.10830908280198966
1196,301,1497,0.10835567735286254
1177,306,1483,0.10836767869114063
1170,311,1481,0.1084218326628649
1181,306,1487,0.10848670299036306
1179,310,1489,0.10852081319332951
1189,315,1504,0.108557000852361
1193,311,1504,0.10856721154525925
1191,314,1505,0.1085675995077347
1191,309,1500,0.10857349251034036
1197,310,1507,0.10857890718678666
1189,308,1497,0.10857015650542547
1185,308,1493,0.1085802229097574
1192,312,1504,0.10859928760397693
1185,310,1495,0.10860045628351983
1177,308,1485,0.10861668912265401
1175,311,1486,0.10864986496308564
1173,310,1483,0.10868474724116797
1187,315,1502,0.1087214003619169
1193,310,1503,0.10872298724805667
1192,312,1504,0.10871083709285538
1191,313,1504,0.10870142594556062
1201,306,1507,0.10869427417480679
1186,309,1495,0.10866525293388665
1181,306,1487,0.10867153461863566
1191,311,1502,0.10868856341967006
1202,309,1511,0.1086817966797008
1187,314,1501,0.10865169681257969
1189,320,1509,0.10865670774937439
1182,316,1498,0.10865616569150749
1180,317,1497,0.1086720156790832
1181,315,1496,0.10869106754241357
1191,312,1503,0.10870572155390038
1186,310,1496,0.10869643500650106
1182,317,1499,0.10869995767762973
1189,309,1498,0.10871250639472653
1187,311,1498,0.10870809661178037
1181,306,1487,0.10870769834202906
1182,307,1489,0.10872068118928647
1180,311,1491,0.10873045716241521
1178,313,1491,0.10874303958527534
1187,319,1506,0.10876009903784073
1183,320,1503,0.10875562156360477
1194,313,1507,0.10875956656947271
1185,316,1501,0.10873779023647398
1188,310,1498,0.10873785822540281
1170,319,1489,0.10873078426397399
1174,322,1496,0.10876513139584365
1181,321,1502,0.10878719512155373
1160,315,1475,0.10879233861407975
1164,318,1482,0.10884384235747994
1175,316,1491,0.10888220163491563
1178,315,1493,0.10889337937669381
1174,317,1491,0.10889791429281909
1169,320,1489,0.10891266382595177
1172,323,1495,0.10893829273207718
1163,330,1493,0.10895551705303921
1163,323,1486,0.10899210769808416
1157,322,1479,0.10902680280558819
1156,325,1481,0.1090719546220177
1144,335,1479,0.10911573120889362
1149,338,1487,0.10918291420879797
1146,339,1485,0.10923387032970357
1152,340,1492,0.10928864338224725
1159,341,1500,0.10932521480918796
1152,344,1496,0.10934343376490231
1158,346,1504,0.10937609228737376
1167,343,1510,0.10939217914502382
1170,340,1510,0.10938630801094487
1164,338,1502,0.10937443199030251
1169,339,1508,0.10937797169187892
1166,340,1506,0.1093705721426619
1184,338,1522,0.10937141488497883
1189,338,1527,0.10932957049990914
1190,339,1529,0.10928030943748965
1183,331,1514,0.10923323821635948
1177,336,1513,0.10920624154491812
1170,331,1501,0.10919537677867926
1175,331,1506,0.10920308606182359
1164,330,1494,0.10919950569405583
1166,333,1499,0.10922084928913811
1166,338,1504,0.1092357446783976
1161,336,1497,0.10924760326321403
1164,333,1497,0.10927001198835481
1159,330,1489,0.10928451445740289
1160,329,1489,0.10930864296354205
1171,333,1504,0.10932693076960215
1172,335,1507,0.10931879058225363
1167,336,1503,0.10930925414820351
1174,338,1512,0.10931382882933946
1166,338,1504,0.10930108209426895
1164,345,1509,0.10930727113000273
1162,347,1509,0.10931843855852792
1162,345,1507,0.10933330356337244
1154,347,1501,0.10934654327607778
1166,343,1509,0.10937729891362866
1154,332,1486,0.10937755788742173
1166,335,1501,0.1094040948764841
1158,339,1497,0.10940260214949077
1155,350,1505,0.10941800934052015
1156,349,1505,0.10943906902501103
1146,345,1491,0.10945687969308089
1143,349,1492,0.1094971850591175
1129,354,1483,0.10954098169084898
1150,360,1510,0.10961266444757121
1138,360,1498,0.10963061000981124
1138,353,1491,0.10967483456079327
1141,354,1495,0.1097165651868298
1138,358,1496,0.10974945418169799
1142,356,1498,0.10978674876794996
1133,367,1500,0.10981171740926055
1142,366,1508,0.10985588814083137
1138,367,1505,0.1098766651045725
1140,367,1507,0.10990616494576502
1123,365,1488,0.10993001238316602
1131,364,1495,0.10999023800269313
1124,363,1487,0.11002697069279888
1140,369,1509,0.11007778603358837
1128,371,1499,0.11008734219884157
1123,367,1490,0.11012402016484142
1121,367,1488,0.11016892135780428
1110,374,1484,0.11021379350983286
1120,373,1493,0.11028018679491951
1115,375,1490,0.11031840519207027
1105,372,1477,0.11036489639665853
1105,380,1485,0.11043180590639508
1110,389,1499,0.11049384243066983
1112,393,1505,0.11053893564887876
1099,394,1493,0.11057706326653634
1096,395,1491,0.11064160656118449
1085,395,1480,0.11070835928645238
1093,398,1491,0.11079566554444938
1086,401,1487,0.11085865613693983
1080,402,1482,0.110933574413248
1087,397,1484,0.11101696701075411
1097,407,1504,0.11107870725296767
1094,408,1502,0.11111223923868095
1091,413,1504,0.11115009571776394
1095,412,1507,0.11119283838540853
1096,415,1511,0.1112224300498649
1086,418,1504,0.11124829340002317
1091,418,1509,0.11129471956585894
1096,417,1513,0.11132639566847193
1092,421,1513,0.11134540751331022
1096,416,1512,0.11137253752666253
1099,411,1510,0.11138840843120869
1091,419,1510,0.11139368371278097
1086,421,1507,0.11141740395855056
1077,420,1497,0.1114522366547272
1080,413,1493,0.11150424774004816
1086,412,1498,0.11154582593394087
1088,409,1497,0.11157048415587192
1091,416,1507,0.1115889255528803
1075,412,1487,0.11159915267690648
1073,410,1483,0.11164549735953144
1063,415,1478,0.11169241407763242
1070,423,1493,0.11175910460647412
1070,422,1492,0.11180358437799306
1063,417,1480,0.11184480647851369
1074,416,1490,0.11189881160820399
1079,416,1495,0.11192277244588464
1080,419,1499,0.11193271509840688
1075,421,1496,0.11193927412337022
1084,417,1501,0.11195839800291583
1083,416,1499,0.11195503832885045
1082,414,1496,0.11195603232419572
1081,414,1495,0.11195900433537513
1078,417,1495,0.11196392718879818
1084,420,1504,0.11197648877667801
1075,421,1496,0.11197401715815915
1078,425,1503,0.1119921857033253
1077,432,1509,0.11200179923220226
1065,432,1497,0.11201406336355417
1059,427,1486,0.11205458123259955
1053,434,1487,0.112105229453908
1054,435,1489,0.11216619602051921
1049,440,1489,0.11222037743567718
1054,440,1494,0.11228198626194386
1058,442,1500,0.11232811835876405
1058,450,1508,0.11236243071972822
1062,451,1513,0.11239599570774886
1046,455,1501,0.11241683752754379
1059,450,1509,0.11247234889985894
1053,453,1506,0.11249361534733737
1049,451,1500,0.11252728185971267
1050,449,1499,0.11256975541536836
1043,454,1497,0.11260748659697477
1038,450,1488,0.11265703082104495
1041,452,1493,0.11271577687758211
1042,451,1493,0.11276453101864625
1038,456,1494,0.11280636700523304
1045,464,1509,0.11285356632854611
1034,465,1499,0.11288015411805183
1024,466,1490,0.11293067651299334
1009,464,1473,0.11300146485830624
1018,468,1486,0.11310165100161235
1024,466,1490,0.1131730695996405
1032,472,1504,0.11322562479245217
1036,460,1496,0.11325407064828763
1025,475,1500,0.11327218614395004
1023,478,1501,0.11331504917381427
1020,476,1496,0.11335878167096719
1005,477,1482,0.11340442294980663
1023,470,1493,0.11348241453059367
1024,466,1490,0.11351099092965963
1038,461,1499,0.1135351892350825
1039,465,1504,0.113525200529528
1025,477,1502,0.11351387168118585
1025,475,1500,0.113536945973253
1029,473,1502,0.11355898441380587
1023,483,1506,0.11357190860240131
1010,490,1500,0.1135985464220881
1007,489,1496,0.11365333879545136
1005,494,1499,0.11371227660512201
1009,495,1504,0.11377076123235673
1006,497,1503,0.1138155436428373
999,492,1491,0.11386374731815796
998,495,1493,0.1139252958174051
1006,491,1497,0.11398439271067035
1018,491,1509,0.11402098512931388
1018,495,1513,0.11402781344957147
1020,497,1517,0.1140338032664188
1011,487,1498,0.114034569449846
1014,492,1506,0.11405631372908964
1016,488,1504,0.11407067677900176
1006,488,1494,0.11408033253832751
1015,492,1507,0.11411269669655055
1014,489,1503,0.1141209709618807
1017,484,1501,0.11413103737022282
1026,482,1508,0.11413261471394627
1028,484,1512,0.11411393104749791
1022,484,1506,0.1140920317637833
1021,487,1508,0.11408761576855524
1034,486,1520,0.11408553409597268
1029,482,1511,0.11405363608979956
1024,492,1516,0.11403579336720732
1023,489,1512,0.11403105537351262
1023,492,1515,0.11402875525845525
1011,497,1508,0.11402669121023273
1015,498,1513,0.11405318361487879
1015,496,1511,0.11406785246297506
1016,492,1508,0.11408017553693398
1014,501,1515,0.11408852442195652
1010,493,1503,0.11410068704046177
1007,490,1497,0.1141223835651781
1013,490,1503,0.11414885832383453
1005,494,1499,0.11415970445736219
990,510,1500,0.11418821240455007
1004,502,1506,0.11424867970768211
995,500,1495,0.11427106407652687
994,499,1493,0.11431307928436568
998,501,1499,0.11435351314616343
1002,497,1499,0.11438218991771812
1005,501,1506,0.11440001115998609
999,509,1508,0.11441051049226589
1012,503,1515,0.11443363722416489
1017,506,1523,0.11442557777527007
1022,507,1529,0.11440617742773909
1005,504,1509,0.11437668547325044
1005,507,1512,0.11438868614724704
1003,499,1502,0.11439987445056923
999,504,1503,0.11441585494006441
1000,501,1501,0.11443987086543889
1001,502,1503,0.11445963156678285
999,507,1506,0.11447535819282761
1006,508,1514,0.11449495478670763
1009,499,1508,0.11449673049888766
1005,502,1507,0.11449277098003996
994,510,1504,0.11449970308983572
996,504,1500,0.11453134422417888
999,511,1510,0.11455690493683343
1004,510,1514,0.11457369156556396
997,512,1509,0.11457745538106864
995,516,1511,0.11459629703980567
991,520,1511,0.11461927232160533
984,518,1502,0.11465028558986308
986,523,1509,0.11469500302349335
983,526,1509,0.11473277473172948
980,520,1500,0.11477524638034681
970,521,1491,0.11482056636151508
974,519,1493,0.1148853048349661
976,510,1486,0.1149366123419149
974,515,1489,0.11498115241085002
974,526,1500,0.11502566542600892
977,515,1492,0.11506846106574883
984,525,1509,0.11510238586349804
979,524,1503,0.11511645437073033
965,523,1488,0.11514204581901401
965,531,1496,0.11519797336899654
958,533,1491,0.11525079939195028
959,534,1493,0.11531596687375671
965,536,1501,0.11537428383960485
971,529,1500,0.11541404570299585
966,533,1499,0.1154353606091231
971,525,1496,0.11546649134780607
963,533,1496,0.11548319182887684
956,534,1490,0.1155157648809674
961,537,1498,0.11556267697571698
960,533,1493,0.11559514896355617
967,535,1502,0.11562694980514841
969,532,1501,0.11563946697097044
964,531,1495,0.11564561483803626
957,537,1494,0.11566431460625815
963,533,1496,0.11569815621533816
952,530,1482,0.11571583267636697
941,536,1477,0.11575923623392978
939,541,1480,0.11582506830421252
943,549,1492,0.11588922623952741
950,552,1502,0.11593859822153597
951,550,1501,0.11596842957748571
942,552,1494,0.11599482809532766
930,551,1481,0.11604186099150109
941,544,1485,0.11611259808331877
950,555,1505,0.116153470935287
952,560,1512,0.11617054372389386
949,562,1511,0.1161817116973903
940,562,1502,0.11619929396354883
944,567,1511,0.1162370968063053
941,562,1503,0.11626250301995228
936,551,1487,0.11629225886597797
940,554,1494,0.11632956887234457
929,551,1480,0.11635520616420855
945,558,1503,0.11640608207476368
952,559,1511,0.116416071785461
948,555,1503,0.11640610507802225
947,559,1506,0.11640602811945897
958,547,1505,0.1164086572031841
947,540,1487,0.1163837955330316
951,547,1498,0.11638791738890791
946,559,1505,0.11638327393436806
944,560,1504,0.11638931213736925
951,560,1511,0.11640029440845133
959,555,1514,0.11639457025263948
949,554,1503,0.1163713840480962
950,559,1509,0.11637282541248245
957,560,1517,0.11637114303631776
944,561,1505,0.11635328032787445
950,561,1511,0.11636904843176729
960,564,1524,0.11636915461910116
945,567,1512,0.11634484278160417
939,563,1502,0.11635899428756816
941,563,1504,0.1163860790524486
939,565,1504,0.11640604511821273
938,561,1499,0.11642929879418101
950,560,1510,0.11645361622456482
939,553,1492,0.11644848304983511
946,555,1501,0.11646986424542861
954,560,1514,0.1164717258123543
955,565,1520,0.1164550907188109
937,571,1508,0.1164369933291844
937,573,1510,0.11646294069470219
932,573,1505,0.11648602632801364
931,565,1496,0.11651958236355985
931,576,1507,0.11655280920220427
923,577,1500,0.11658261943647769
919,584,1503,0.11662902456942263
915,585,1500,0.11668210058287126
914,584,1498,0.11674028569144643
926,585,1511,0.11679674284514402
928,586,1514,0.11681896179573109
922,590,1512,0.11683595072796575
925,580,1505,0.11686593519898958
923,580,1503,0.11688516459556895
924,585,1509,0.11690863697090141
912,581,1493,0.11692717264772635
918,581,1499,0.11697434848290499
919,579,1498,0.11700486290772007
915,580,1495,0.11702920792857104
916,579,1495,0.11706076878848311
920,570,1490,0.1170878822891709
921,570,1491,0.11710100436713802
925,572,1497,0.11711046411341615
928,578,1506,0.11710865907377593
917,582,1499,0.11710120882934462
913,585,1498,0.1171212911110588
912,584,1496,0.11714870961642329
899,589,1488,0.11717793221598377
900,587,1487,0.1172342441549413
898,585,1483,0.11728453090520433
915,588,1503,0.1173353419447275
919,590,1509,0.11734193970372728
922,586,1508,0.11733766140356469
922,586,1508,0.11732687457697524
918,590,1508,0.11731807087828425
920,595,1515,0.1173206492124152
922,591,1513,0.1173199192351564
909,591,1500,0.11731536944794069
903,598,1501,0.11734399052704748
908,600,1508,0.1173856436989993
905,601,1506,0.11741237426241184
908,604,1512,0.11744560423971143
917,607,1524,0.11746936335675898
916,602,1518,0.11747070922501145
917,605,1522,0.11747462617860403
912,599,1511,0.11747580838128718
906,595,1501,0.11749024198641549
895,595,1490,0.11751694542158903
894,594,1488,0.1175678283642084
904,606,1510,0.1176167351026385
905,609,1514,0.11763770244775597
907,611,1518,0.11765618048456922
903,607,1510,0.11766783407683969
898,605,1503,0.11768965756721815
894,605,1499,0.11772149743657917
881,607,1488,0.11776015406458973
892,607,1499,0.1178260813325498
889,603,1492,0.11786072661351596
887,607,1494,0.11790013515150821
882,619,1501,0.1179414951864433
879,624,1503,0.1179943388583456
877,628,1505,0.1180514011698828
869,631,1500,0.1181103948305123
870,638,1508,0.11818317430959256
865,630,1495,0.11824891109846732
873,634,1507,0.11832146825372629
878,631,1509,0.11836843213082744
874,623,1497,0.11840007633434453
862,627,1489,0.1184388461203012
858,640,1498,0.11850205825376853
859,640,1499,0.11856989753502024
860,648,1508,0.11862993442540422
861,641,1502,0.11868376484691275
856,637,1493,0.1187310993084567
852,638,1490,0.1187868943083648
846,633,1479,0.11884803236476273
856,639,1495,0.11892013450045041
853,640,1493,0.11896183858811357
850,648,1498,0.11900754135990496
849,650,1499,0.11905787803990074
855,649,1504,0.1191069751571167
861,652,1513,0.11914034042837081
861,647,1508,0.11915620171660425
874,653,1527,0.11917015896098848
869,646,1515,0.11915149298690782
861,649,1510,0.11914723961033355
857,647,1504,0.11916187694992705
851,645,1496,0.11918471849721513
849,642,1491,0.11921911640979627
856,639,1495,0.11925477302314656
858,643,1501,0.11927217955705341
854,648,1502,0.11928377949544468
856,644,1500,0.11930307577354426
851,649,1500,0.11931467455293263
858,650,1508,0.1193365329690914
865,648,1513,0.11933927107345207
866,655,1521,0.11932624051177033
855,653,1508,0.11931245878416377
845,659,1504,0.11932811291330424
846,663,1509,0.11936715247107657
845,664,1509,0.11940154855378975
850,653,1503,0.1194345592800653
848,645,1493,0.11945351851962474
849,651,1500,0.11947592485817805
860,662,1522,0.11949507075587235
854,656,1510,0.11948578059501543
857,661,1518,0.11949252985351894
855,660,1515,0.1194915353980163
849,653,1502,0.1194945862019572
854,656,1510,0.11951265019219363
859,655,1514,0.1195174681094716
861,648,1509,0.11950979926723704
855,654,1509,0.11949594581187743
845,659,1504,0.11949873466582962
852,655,1507,0.11952527415142583
858,651,1509,0.11953238684798499
853,662,1515,0.11952491556562952
856,659,1515,0.11953120734178402
863,665,1528,0.11952870514878765
853,671,1524,0.11951093277491061
859,666,1525,0.11951866576059643
854,666,1520,0.11951303878573814
854,659,1513,0.119519986486944
851,650,1501,0.11952834126716372
847,650,1497,0.11954325736187414
843,659,1502,0.11956695246855599
839,670,1509,0.11959830971980867
836,675,1511,0.11963744797815863
847,679,1526,0.11968115792350069
844,665,1509,0.11969572443301345
837,681,1518,0.11971709990241652
835,676,1511,0.1197545753063221
823,676,1499,0.11979395856973418
814,666,1480,0.1198599373645883
827,661,1488,0.11994134146929969
827,668,1495,0.11998604469004345
834,671,1505,0.1200268602437567
832,676,1508,0.1200482714166549
836,680,1516,0.12007347333188187
830,685,1515,0.12008792982902626
835,683,1518,0.12011509330849943
832,683,1515,0.12012715671393578
824,683,1507,0.12014489660838212
822,686,1508,0.12018043963918142
830,675,1505,0.12021742325045123
837,679,1516,0.12023175266307888
842,677,1519,0.12022940119254556
840,675,1515,0.12021723401321506
840,679,1519,0.12021039458737548
825,680,1505,0.1202039830073317
824,682,1506,0.1202335417300352
821,672,1493,0.12026408212146596
816,678,1494,0.12029996230338388
816,684,1500,0.12034592157383242
814,686,1500,0.12038821299777283
813,688,1501,0.12043243608397686
803,684,1487,0.12047813267267796
798,691,1489,0.12054455202962144
803,698,1501,0.12061875415126622
808,700,1508,0.12067512603448753
812,694,1506,0.12071434354852136
814,702,1516,0.12074295735812872
808,692,1500,0.1207639738328934
803,691,1494,0.12079750896713357
802,695,1497,0.12084071798643357
801,697,1498,0.12088136127560382
803,691,1494,0.12092145359666558
803,692,1495,0.12095658807757895
805,690,1495,0.12098852721638619
801,681,1482,0.12101255113637269
788,686,1474,0.12104434184429123
791,684,1475,0.12110588291671308
799,691,1490,0.12115485483420024
806,702,1508,0.12118164784908866
798,698,1496,0.12118859364748538
793,692,1485,0.12121537005215394
800,695,1495,0.12125211557326081
792,711,1503,0.12127024479968909
792,708,1500,0.12130777432906849
785,708,1493,0.12134155709950412
787,708,1495,0.12139065660893968
786,712,1498,0.12143264160614628
787,701,1488,0.12147281180565209
790,700,1490,0.12150829791635352
783,704,1487,0.12153234578228851
784,716,1500,0.12157174718314963
791,721,1512,0.12160470568265978
788,725,1513,0.12161794948370565
790,725,1515,0.12163928464776565
790,723,1513,0.12165462469769288
789,718,1507,0.12166837696345749
797,712,1509,0.12168263948177298
789,714,1503,0.12167655187808099
796,711,1507,0.12169160325374456
783,717,1500,0.12169122840851335
785,713,1498,0.12172259670242201
795,721,1516,0.12174771198771783
790,724,1514,0.12174679127091831
788,727,1515,0.1217572297436058
794,726,1520,0.12177262307065512
781,725,1506,0.12177217635897929
773,720,1493,0.12180352908517617
760,728,1488,0.12185206269800623
759,727,1486,0.12192915986207777
754,734,1488,0.12200317931263499
769,730,1499,0.12208365917320525
770,736,1506,0.12212114896420619
766,740,1506,0.12215278245869797
771,733,1504,0.12219204288376734
774,731,1505,0.1222162126502239
769,734,1503,0.12223198201082784
770,742,1512,0.1222591869092381
770,738,1508,0.12228280307586237
768,733,1501,0.12230462737124954
760,732,1492,0.12232928836732622
763,734,1497,0.12236953862501021
758,739,1497,0.12239951789730422
761,735,1496,0.12244148990443446
763,733,1496,0.12247298853083148
757,736,1493,0.12249626912358687
763,744,1507,0.12253272615896658
770,746,1516,0.12255016960171826
763,742,1505,0.12254884340175617
761,728,1489,0.12256448784520767
773,736,1509,0.12258353699357573
765,731,1496,0.12257235151264313
773,733,1506,0.12257956647095371
764,726,1490,0.12256768918681185
771,724,1495,0.12257895008378895
779,723,1502,0.12257138728674079
776,720,1496,0.12254426249173851
776,722,1498,0.12252675392653412
773,724,1497,0.1225106214709088
774,724,1498,0.12250298871614597
776,720,1496,0.12249305163990531
780,725,1505,0.12247801200286666
776,732,1508,0.1224539488574624
771,736,1507,0.12244118312531276
771,741,1512,0.12244183760372777
776,746,1522,0.12244286474118567
779,734,1513,0.12243070001402284
771,732,1503,0.1224139868232632
774,735,1509,0.12241760405023934
777,736,1513,0.12241322793294639
772,737,1509,0.122401763000232
775,733,1508,0.12240286550880565
779,722,1501,0.1223982655768845
773,727,1500,0.12238611423388694
760,728,1488,0.12239012694458815
762,735,1497,0.12242558545072996
763,742,1505,0.12245322319457838
759,742,1501,0.1224762266378871
765,739,1504,0.12250879332526782
760,742,1502,0.12252382599768903
763,747,1510,0.12255120769617342
758,743,1501,0.12256900984704927
760,751,1511,0.12259647281588813
765,749,1514,0.12261727595598507
767,746,1513,0.12262499755279943
761,744,1505,0.12262788166612415
770,744,1514,0.12264532462922688
768,746,1514,0.12263993247321486
770,734,1504,0.12264008459318194
763,745,1508,0.12263615898760122
770,756,1526,0.12264847767022642
761,752,1513,0.12264357489759638
751,758,1509,0.1226623906612401
756,751,1507,0.12270430832457467
756,742,1498,0.12273017502128254
748,743,1491,0.1227547175326082
751,740,1491,0.1227975458897573
763,734,1497,0.12282947640301992
770,744,1514,0.12283179123602955
766,746,1512,0.12281695500637588
769,751,1520,0.12281220354857847
770,734,1504,0.12279757785857295
772,727,1499,0.12278041164452531
771,731,1502,0.12275958498018669
774,743,1517,0.12274313686557214
781,746,1527,0.12272221154596348
780,739,1519,0.12268428767692985
762,739,1501,0.12265116084351436
767,740,1507,0.12266640591183414
764,743,1507,0.12266638674797878
767,746,1513,0.1226736730692232
762,749,1511,0.12267438594795717
755,743,1498,0.1226881180293006
753,745,1498,0.12271773315214622
750,756,1506,0.12274735199436268
749,748,1497,0.12278444511547758
744,755,1499,0.12282104403634789
746,756,1502,0.12286539518161296
752,767,1519,0.1229021785112427
747,762,1509,0.12292475658380475
757,754,1511,0.12295938649286604
751,758,1509,0.1229666764763587
756,744,1500,0.1229882005282825
759,757,1516,0.12299675682676206
758,765,1523,0.12299690204742707
765,764,1529,0.12299854253552278
753,762,1515,0.12298296784554523
757,760,1517,0.12299780479681054
762,759,1521,0.1230017344437588
760,758,1518,0.12299391383178242
757,756,1513,0.12299185509410653
752,745,1497,0.12299747848537679
758,750,1508,0.12301503650688134
760,745,1505,0.12301668537946758
756,762,1518,0.12301338270626147
752,756,1508,0.12302086901013759
750,759,1509,0.12303663729736553
749,760,1509,0.12305466503330824
745,757,1502,0.12307307090297122
745,757,1502,0.12310025774065682
736,762,1498,0.12312656645966819
744,768,1512,0.12317573982604892
743,761,1504,0.12320131508673086
744,763,1507,0.12322953241869364
744,776,1520,0.12325347904169175
734,779,1513,0.12327539757308834
737,782,1519,0.12331879063179448
727,775,1502,0.12335226986279892
725,773,1498,0.12340770399796713
724,768,1492,0.1234644034181337
724,767,1491,0.12351831510282142
734,768,1502,0.12356842812947919
736,772,1508,0.12359097728972572
737,769,1506,0.12360736807846229
734,771,1505,0.12362223047348053
727,769,1496,0.12364424799288011
718,778,1496,0.12368229978210628
714,779,1493,0.1237403042263105
712,779,1491,0.12380273928558384
707,776,1483,0.12386568206806739
716,782,1498,0.12393642180342752
721,789,1510,0.12398012675504017
709,789,1498,0.1240089404719107
703,787,1490,0.12406527074593496
698,792,1490,0.12413290779525805
693,794,1487,0.12420816328830644
700,791,1491,0.12428988666483559
703,793,1496,0.12434898561232931
699,794,1493,0.12439542560925876
698,797,1495,0.1244491369514533
699,797,1496,0.12450157953026293
706,795,1501,0.12454745043094684
700,800,1500,0.1245731267359736
708,806,1514,0.12461128588310155
715,808,1523,0.12462762460510163
710,807,1517,0.12462391049274114
711,807,1518,0.12463319645457868
706,800,1506,0.12463816333394749
696,800,1496,0.12465550473375163
692,801,1493,0.12469656776839173
693,803,1496,0.12474389555836424
688,817,1505,0.12478548883639476
688,821,1509,0.12483757630407076
685,822,1507,0.12488833732654289
690,823,1513,0.12494379369433428
693,818,1511,0.12498470723370217
693,819,1512,0.12501531545921504
690,816,1506,0.1250451050467678
691,811,1502,0.12507951613389448
692,796,1488,0.1251079080534533
690,819,1509,0.1251319490240537
687,818,1505,0.12516035306118486
679,816,1495,0.12519421484877014
683,820,1503,0.125244396502106
684,823,1507,0.1252798806679509
689,816,1505,0.1253105825422246
677,821,1498,0.12532700882023057
672,827,1499,0.12537176182668539
673,831,1504,0.1254243739198518
674,837,1511,0.12547001508028197
676,832,1508,0.1255106709397074
677,838,1515,0.12554530694617336
679,833,1512,0.12557677285793856
670,839,1509,0.12560041323947072
663,841,1504,0.1256437549354253
660,838,1498,0.12570396999904696
667,841,1508,0.12576607150755575
667,832,1499,0.1258062233520943
665,839,1504,0.12584636899645513
662,838,1500,0.1258881638677263
664,838,1502,0.1259342117178226
657,848,1505,0.12597263549146936
657,846,1503,0.12602744307437155
649,845,1494,0.12607892997636383
653,851,1504,0.12614508996245466
654,858,1512,0.1261968347107155
640,861,1501,0.12624303794711014
649,860,1509,0.12632057910359543
653,866,1519,0.12637002332230882
645,870,1515,0.1264062164097769
648,873,1521,0.12645877727025037
641,872,1513,0.1265003209244798
638,873,1511,0.12655780120714333
637,870,1507,0.12661920586572628
628,863,1491,0.12667824428206698
632,862,1494,0.1267561244325485
632,871,1503,0.12681871306592585
628,868,1496,0.12687619848673595
634,873,1507,0.1269390196284898
641,885,1526,0.12698307291996033
642,876,1518,0.12700663109460422
635,879,1514,0.1270262325999959
638,880,1518,0.12706370147084517
649,877,1526,0.1270917833482982
648,876,1524,0.12709142114257868
643,875,1518,0.12709454169965848
641,875,1516,0.12711153741544204
639,870,1509,0.127132146599874
629,875,1504,0.12715581901008735
629,869,1498,0.1272030731559952
632,875,1507,0.12724791725355952
624,874,1498,0.1272830966851129
616,876,1492,0.1273358500207413
619,876,1495,0.12740456699260844
626,879,1505,0.12745947047411366
618,878,1496,0.12749215762260474
620,876,1496,0.12754346550056497
612,873,1485,0.12758698454509868
623,872,1495,0.12764403513904263
617,867,1484,0.1276692521193466
623,872,1495,0.12770727899839984
618,878,1496,0.12772683809330826
624,878,1502,0.1277583703633069
628,885,1513,0.12777401028226706
628,887,1515,0.12777815881042498
633,889,1522,0.12778299352334158
622,893,1515,0.12777440844975166
615,896,1511,0.1277947131624507
611,893,1504,0.12783075423768153
610,898,1508,0.1278740224633527
610,891,1501,0.12791674293571975
619,903,1522,0.12795878942519592
608,898,1506,0.12797635898414342
599,893,1492,0.12802014941618747
601,890,1491,0.12808432530833827
611,893,1504,0.12813681524538556
612,890,1502,0.12816111377271183
615,900,1515,0.12818195883382674
613,909,1522,0.1281935597140918
610,907,1517,0.12820940395755576
615,904,1519,0.1282317236695441
608,912,1520,0.1282393049167135
609,912,1521,0.12826550918501795
614,905,1519,0.12828611950113863
613,900,1513,0.12829304389457608
609,903,1512,0.1283024715807996
601,911,1512,0.128321537560469
597,914,1511,0.1283611799747799
596,920,1516,0.1284067071004699
598,916,1514,0.1284518278698047
589,911,1500,0.12848944738969106
581,923,1504,0.12854719701032447
583,924,1507,0.1286205924172052
578,924,1502,0.1286836625319047
574,933,1507,0.128754947634354
582,933,1515,0.12883069539969091
581,927,1508,0.12888086965010206
586,930,1516,0.1289302015014461
590,927,1517,0.12896237042789427
589,936,1525,0.1289827472736685
590,927,1517,0.12900405834090933
587,919,1506,0.12902156896734027
589,916,1505,0.1290462195870363
590,913,1503,0.12906372656149392
581,923,1504,0.12907689908185987
578,921,1499,0.12911205168075923
575,927,1502,0.12915454421105224
576,931,1507,0.12920086596256397
567,926,1493,0.12924014452412816
566,924,1490,0.12929929081315078
566,933,1499,0.12935714247786645
572,931,1503,0.12941339316981731
574,932,1506,0.12944854892765292
571,939,1510,0.12947624993850929
579,932,1511,0.12950978101041183
572,928,1500,0.12952126193738553
584,927,1511,0.12954924361220968
586,928,1514,0.12954418537699863
584,927,1511,0.12953490586381958
582,925,1507,0.1295298950791668
577,916,1493,0.12953076814440095
575,933,1508,0.12954392794324668
582,923,1505,0.12956193049366538
578,933,1511,0.12956070122796304
585,934,1519,0.12956977997212055
580,944,1524,0.1295604767395768
579,949,1528,0.1295653480482023
579,940,1519,0.12957318056069408
579,925,1504,0.12957877966919149
580,922,1502,0.12958390406237985
579,929,1508,0.1295849674873942
579,926,1505,0.12958947437616963
585,936,1521,0.12959487994476354
581,939,1520,0.12958436546651544
582,940,1522,0.12958522556349128
577,934,1511,0.1295824658430003
572,933,1505,0.12959262759433773
579,946,1525,0.129613589024467
573,945,1518,0.12961704342588473
566,948,1514,0.12963591055184465
556,946,1502,0.12966982601915142
549,951,1500,0.12972593478036815
550,947,1497,0.12979686524206782
555,941,1496,0.1298601468926614
559,948,1507,0.1299072960110421
561,950,1511,0.12994267321168654
553,949,1502,0.12996977076140934
554,941,1495,0.13001497565920941
555,953,1508,0.13005460063271648
549,948,1497,0.13008938522911412
555,956,1511,0.13013616539834502
543,954,1497,0.13016456950895403
541,953,1494,0.13022107752696852
550,953,1503,0.13027854538839317
552,948,1500,0.1303092289255117
549,949,1498,0.1303321400444592
540,961,1501,0.13036258127458347
543,947,1490,0.1304137891177288
539,963,1502,0.13045275144583213
531,966,1497,0.13049731384086372
541,966,1507,0.13055774922861926
538,966,1504,0.1305880624933377
541,977,1518,0.1306244198236342
535,977,1512,0.1306502859613277
535,984,1519,0.13069028089521711
530,985,1515,0.13072811167561013
531,969,1500,0.1307765101195113
534,977,1511,0.1308167082022855
533,970,1503,0.13084554093353593
528,966,1494,0.13087569489100478
528,969,1497,0.13091699884180766
536,969,1505,0.13095519647193105
535,966,1501,0.13097016754133814
535,967,1502,0.13098644657514957
536,966,1502,0.13100265907805267
535,972,1507,0.13101649003468527
541,980,1521,0.13103012673180603
537,979,1516,0.13102725778515512
542,974,1516,0.13103314965559873
542,977,1519,0.13102631867607792
541,979,1520,0.13102146608662776
537,982,1519,0.1310182653416202
526,980,1506,0.13102552908542175
531,978,1509,0.13106069573907497
526,967,1493,0.13108062842592588
529,970,1499,0.131111898924538
530,976,1506,0.1311334693186551
529,978,1507,0.13114965626325203
531,984,1515,0.1311673749459497
529,982,1511,0.13117804859977286
527,981,1508,0.13119415680452884
531,978,1509,0.13121591030141389
523,978,1501,0.1312250741285977
512,992,1504,0.13125433131066472
518,979,1497,0.1313082152460993
520,986,1506,0.1313433732758622
526,993,1519,0.13137237270624028
527,986,1513,0.13138398216971367
519,989,1508,0.1313917196149449
526,986,1512,0.13142036856404005
525,979,1504,0.1314309057568514
521,993,1514,0.13144412607421785
520,992,1512,0.13146721198194306
518,997,1515,0.1314905949957939
513,1002,1515,0.13151704452460308
513,994,1507,0.13155521348989552
513,994,1507,0.1315914527841747
503,1003,1506,0.13162449727109682
505,1010,1515,0.13168128518176334
501,1004,1505,0.13172919236787797
503,1013,1516,0.13178349287831218
504,1004,1508,0.1318283698247334
504,1004,1508,0.13186874185947725
508,1001,1509,0.1319046626766718
505,1008,1513,0.131929091543881
508,1009,1517,0.1319610359174673
502,1010,1512,0.13198334794715907
500,1001,1501,0.13202038279669423
498,1003,1501,0.13206082000737218
495,1011,1506,0.13210366262083295
495,1008,1503,0.13215073518827403
499,1009,1508,0.13219308301266042
500,1008,1508,0.13222300575661733
500,1007,1507,0.13224864431659583
501,1007,1508,0.13227317917973663
496,1008,1504,0.1322947543861342
493,1022,1515,0.13232768030146375
487,1008,1495,0.1323659652371474
492,1006,1498,0.13241568032777143
500,1020,1520,0.1324482256960793
499,1017,1516,0.1324590951949277
502,1017,1519,0.13247251164981208
502,1026,1528,0.13247845704518832
498,1029,1527,0.13248566707870035
500,1024,1524,0.1325030340916305
493,1017,1510,0.13251410625096482
494,1001,1495,0.13254238362044052
488,1021,1509,0.13256605187653275
490,1026,1516,0.13260377282825486
486,1025,1511,0.13263304202804593
478,1019,1497,0.1326697465703392
472,1030,1502,0.13272343148318824
471,1038,1509,0.13278798623821883
476,1049,1525,0.13285170142085476
473,1044,1517,0.13289802595097772
480,1051,1531,0.13294971635329908
478,1048,1526,0.132980741606185
479,1050,1529,0.13301501832532223
474,1052,1526,0.13304486530444698
470,1048,1518,0.13308602069942158
469,1048,1517,0.13313613981909525
471,1039,1510,0.13318518433793045
468,1038,1506,0.1332255778957849
470,1043,1513,0.1332711976600838
459,1044,1503,0.13330740501909102
459,1043,1502,0.1333690084518893
457,1049,1506,0.13342650281324794
461,1050,1511,0.13348447758430876
463,1058,1521,0.13352874910926016
461,1051,1512,0.13356538780104552
455,1047,1502,0.13360452358196181
448,1050,1498,0.13365695548741224
456,1041,1497,0.1337239697824467
464,1042,1506,0.13376505533427513
461,1042,1503,0.13378309956438947
459,1041,1500,0.13380802596517355
455,1048,1503,0.13383579936787873
456,1051,1507,0.13387313429084802
452,1061,1513,0.13390607477546568
455,1059,1514,0.13394789131071827
457,1054,1511,0.13397836734356866
453,1049,1502,0.13400128864805091
458,1041,1499,0.13403242877442267
458,1045,1503,0.13404790679732825
454,1052,1506,0.13406292183605106
457,1058,1515,0.1340863927365616
454,1053,1507,0.13410118764964793
456,1053,1509,0.13412236706092318
457,1063,1520,0.13413823354329832
458,1066,1524,0.1341492685678937
447,1068,1515,0.13415660688123532
439,1072,1511,0.13419262346429928
445,1070,1515,0.13424679655076022
444,1066,1510,0.134282811658531
444,1057,1501,0.13432037431825758
448,1051,1499,0.13435623944989572
448,1054,1502,0.13437882553389813
452,1071,1523,0.1344005098034554
445,1079,1524,0.13441065682960707
442,1079,1521,0.1344378558806872
440,1074,1514,0.13447136133714657
437,1071,1508,0.13450911426824283
436,1069,1505,0.13455097371322874
445,1074,1519,0.13459243078589178
448,1062,1510,0.1346082406861553
451,1069,1520,0.13461539543583453
457,1067,1524,0.13461466753165074
452,1074,1526,0.13459819827986902
449,1090,1539,0.1345941854294621
446,1089,1535,0.13459947947045803
436,1086,1522,0.13461391170812365
434,1086,1520,0.1346513435442544
429,1079,1508,0.13468869149131701
419,1078,1497,0.13473716120886212
425,1083,1508,0.13480987037339875
429,1080,1509,0.13486258809422913
423,1072,1495,0.13490298508905696
423,1071,1494,0.13495484444784064
424,1074,1498,0.13500308548289214
421,1085,1506,0.1350461764277405
425,1083,1508,0.13509403061127703
420,1083,1503,0.1351279795053093
421,1070,1491,0.13517240047726495
420,1075,1495,0.13521027476581604
419,1079,1498,0.1352491579758585
413,1085,1498,0.13528827626020612
407,1099,1506,0.13534155963369493
416,1097,1513,0.13540586034545957
413,1093,1506,0.1354423528422193
417,1089,1506,0.13548423463288042
413,1091,1504,0.13551248836431184
408,1092,1500,0.13554729862263087
412,1096,1508,0.13559182852484344
411,1104,1515,0.13562389533007205
409,1097,1506,0.13565575775158856
413,1091,1504,0.13569121218304928
413,1088,1501,0.13571589963320185
416,1096,1512,0.13573814421006347
421,1087,1508,0.1357515030580037
413,1098,1511,0.13575205227880408
412,1103,1515,0.13577605584721408
416,1108,1524,0.13580186099923336
411,1111,1522,0.13581508192918454
404,1102,1506,0.13584103109954992
405,1099,1504,0.13588304167668627
407,1091,1498,0.13591903247282858
411,1080,1491,0.1359478509055975
414,1071,1485,0.13596534793500903
408,1082,1490,0.13597344046997828
404,1072,1476,0.1359960901913243
399,1085,1484,0.13602922059691502
410,1088,1498,0.13607228829124998
414,1095,1509,0.13608274139090748
415,1099,1514,0.13608274115408045
416,1093,1509,0.13608052490336622
410,1102,1512,0.1360759480253684
408,1092,1500,0.13608638529760406
403,1092,1495,0.13609960136169053
400,1097,1497,0.13612383763115107
399,1106,1505,0.13615610276697723
400,1096,1496,0.13618847504608136
403,1094,1497,0.136216822385043
409,1095,1504,0.1362346195570148
408,1099,1507,0.13623419564420625
414,1100,1514,0.13623602710104415
419,1104,1523,0.1362228704474897
422,1093,1515,0.1361982273868242
422,1091,1513,0.13616630445604877
420,1097,1517,0.13613690257514924
406,1105,1511,0.13611510325669823
410,1095,1505,0.13613236922419597
409,1097,1506,0.13613796856714927
408,1089,1497,0.1361460235220072
408,1108,1516,0.1361572578293315
402,1115,1517,0.13616872088389026
403,1106,1509,0.13619449267492598
401,1114,1515,0.13621350514742894
399,1109,1508,0.13623660582470315
397,1107,1504,0.13626469227420357
403,1108,1511,0.13629749030196847
404,1107,1511,0.1363126251504152
402,1097,1499,0.1363252157463141
412,1107,1519,0.13634090115375194
411,1108,1519,0.13633037584651614
407,1110,1517,0.13632274473694322
402,1111,1513,0.1363265872380021
394,1105,1499,0.13634242224490073
401,1121,1522,0.13637688433130535
395,1115,1510,0.13639123626333152
399,1123,1522,0.13642075297076384
394,1108,1502,0.13643913654369522
398,1113,1511,0.13646823286721615
395,1109,1504,0.1364866537369713
397,1115,1512,0.13651431023559615
392,1121,1513,0.13653472876618655
387,1126,1513,0.13656670613656507
382,1136,1518,0.13660977319534853
379,1137,1516,0.136662860281385
374,1138,1512,0.13672113568182925
376,1142,1518,0.13678945181604635
373,1140,1513,0.1368473504789712
379,1133,1512,0.13690864018615934
380,1145,1525,0.1369507197882774
375,1140,1515,0.1369876932203545
377,1145,1522,0.1370354387740048
377,1134,1511,0.13707433332347743
381,1133,1514,0.13711122804674747
386,1139,1525,0.13713546823881617
382,1136,1518,0.13714599541068911
380,1127,1507,0.13716463390551759
375,1132,1507,0.1371882334047576
375,1143,1518,0.1372227604046518
379,1145,1524,0.13725488905101266
374,1150,1524,0.13727417353436752
375,1141,1516,0.13730535939940955
375,1144,1519,0.13733137559222638
369,1141,1510,0.137355262848741
370,1145,1515,0.1373923599485845
367,1150,1517,0.1374247235198319
363,1150,1513,0.13746204782464005
362,1139,1501,0.1375057570581065
363,1140,1503,0.13755031646433355
363,1136,1499,0.13758857999566007
364,1129,1493,0.13762414941759737
366,1123,1489,0.13765514063529097
369,1124,1493,0.1376781279203715
368,1128,1496,0.13769229106835035
365,1145,1510,0.13770727802741012
361,1144,1505,0.13772745920288743
365,1130,1495,0.13775610359851442
369,1128,1497,0.1377718067839159
371,1138,1509,0.1377764444211877
378,1132,1510,0.13777447502754236
380,1130,1510,0.13775311312126173
374,1144,1518,0.13772916654013
377,1139,1516,0.1377235202265345
378,1135,1513,0.13771028450045322
378,1130,1508,0.13769556805659997
379,1144,1523,0.1376811401643916
375,1131,1506,0.13766527228451703
382,1126,1508,0.1376623806354786
374,1123,1497,0.1376415775929453
379,1125,1504,0.13764352609199382
378,1146,1524,0.13763170143926257
367,1137,1504,0.13762395025549096
369,1141,1510,0.13764575669761914
369,1135,1504,0.13766273866254952
369,1131,1500,0.1376807385962281
376,1126,1502,0.13769653309415747
371,1137,1508,0.13769285758296948
367,1141,1508,0.13770184218663972
364,1135,1499,0.1377223178747749
358,1143,1501,0.1377488299278324
362,1148,1510,0.1377893767451827
359,1130,1489,0.13781661493611885
359,1133,1492,0.13784974097801825
359,1145,1504,0.13787999862068706
360,1143,1503,0.13790673876365953
358,1158,1516,0.1379299090492699
348,1156,1504,0.1379570558793602
352,1146,1498,0.13800902750724675
351,1136,1487,0.1380442410315811
352,1142,1494,0.1380791761787407
354,1150,1504,0.1381108704126966
358,1142,1500,0.1381358965758351
353,1150,1503,0.13814703733907852
351,1163,1514,0.13817177337581796
345,1163,1508,0.1382003790437917
351,1160,1511,0.13824280884906526
348,1158,1506,0.13826592500898363
348,1162,1510,0.13829667769842888
345,1162,1507,0.1383245451221785
339,1162,1501,0.13835854391191493
341,1158,1499,0.1384054478775337
341,1159,1500,0.1384437225090406
342,1174,1516,0.13848062490470128
341,1172,1513,0.13851217296607612
342,1177,1519,0.1385434082446639
341,1190,1531,0.1385702111927442
338,1181,1519,0.1385990252763347
340,1181,1521,0.13863431570018359
342,1187,1529,0.1386616086036884
341,1182,1523,0.13868206487474002
341,1172,1513,0.1387037828201362
344,1172,1516,0.13872444477012827
344,1158,1502,0.13873506610975667
342,1166,1508,0.13874353109647533
342,1174,1516,0.13875742432558724
343,1156,1499,0.13877012949648834
342,1166,1508,0.1387792047862509
341,1164,1505,0.1387903387509547
343,1152,1495,0.13880367057596552
346,1152,1498,0.13881070123644296
349,1162,1511,0.13880837683096392
353,1170,1523,0.1387987748255349
353,1178,1531,0.13877963468266086
354,1177,1531,0.13876193730269132
351,1175,1526,0.13874230652628167
354,1170,1524,0.1387320328789778
354,1164,1518,0.13871502864765545
352,1159,1511,0.13869859108278146
345,1157,1502,0.13868939475928407
348,1161,1509,0.13869826272773442
345,1164,1509,0.13869907859612424
346,1160,1506,0.13870916923782323
343,1159,1502,0.13871687201317953
344,1170,1514,0.1387322144900927
342,1164,1506,0.13874395064395637
336,1175,1511,0.13876068274751668
337,1181,1518,0.1387923379740533
334,1172,1506,0.13881950475997926
330,1176,1506,0.1388528569513419
331,1185,1516,0.13889426670092106
332,1186,1518,0.13893053492201157
332,1177,1509,0.13896090277588086
335,1176,1511,0.13898980598275554
341,1168,1509,0.13900732972576707
342,1169,1511,0.13900810419976695
341,1183,1524,0.13900556017754093
342,1177,1519,0.13900597885220667
338,1178,1516,0.1390028147171926
334,1186,1520,0.1390109517418429
332,1190,1522,0.139028965437432
334,1183,1517,0.13905124427075177
331,1199,1530,0.1390663979709424
322,1191,1513,0.13908749171313858
320,1176,1496,0.13913077250409567
322,1172,1494,0.13917576561975653
327,1184,1511,0.1392128322177199
325,1182,1507,0.13923510248568202
325,1178,1503,0.13926052852731963
320,1181,1501,0.13928457297439809
319,1191,1510,0.1393204101714009
322,1195,1517,0.13935605724530112
321,1184,1505,0.13938172579538158
319,1180,1499,0.13940868806038753
316,1188,1504,0.1394383118686403
324,1188,1512,0.13947435475643782
320,1186,1506,0.13948558464263003
316,1197,1513,0.13950552926048132
320,1196,1516,0.13953360853458696
320,1201,1521,0.13954980705578715
321,1195,1516,0.13956490250824122
319,1195,1514,0.13957707427289726
320,1195,1515,0.13959468796303387
317,1197,1514,0.13960889035075255
316,1212,1528,0.13962972904912171
318,1214,1532,0.13965206776274328
314,1214,1528,0.13966786757849836
314,1211,1525,0.13969346339222824
309,1205,1514,0.13971682051823392
299,1208,1507,0.13975235095342886
307,1209,1516,0.1398123074709402
306,1210,1516,0.13984697480728245
301,1203,1504,0.1398824457587529
304,1213,1517,0.13992854433102894
307,1211,1518,0.13996351329678333
297,1209,1506,0.1399879376248078
296,1205,1501,0.14003910206163903
296,1212,1508,0.14009071110579452
296,1219,1515,0.140139475911111
300,1223,1523,0.14018366623640438
297,1220,1517,0.14021487530026872
294,1231,1525,0.14025278422069504
290,1237,1527,0.14029638404856878
285,1223,1508,0.14034833577404726
286,1228,1514,0.1404109961175809
290,1226,1516,0.14046650408187333
291,1216,1507,0.14050703853602994
292,1213,1505,0.14054265695394924
293,1214,1507,0.1405736260453211
289,1207,1496,0.140599868366536
281,1209,1490,0.14063663326363585
278,1218,1496,0.1406929994329973
278,1224,1502,0.14075303884252507
279,1220,1499,0.14080867173676567
272,1227,1499,0.1408588656369575
270,1238,1508,0.14092479855941722
264,1247,1511,0.14099138330247865
261,1249,1510,0.14107085655399182
260,1247,1507,0.1411536953598528
267,1249,1516,0.1412327510985648
264,1243,1507,0.14128745040924243
267,1230,1497,0.14134600896043964
268,1233,1501,0.14139332705745633
272,1237,1509,0.1414349213010784
268,1237,1505,0.14146337892821081
266,1245,1511,0.1414996685290879
266,1240,1506,0.14153822850020953
261,1238,1499,0.14157436645094582
260,1244,1504,0.1416226104074165
266,1248,1514,0.141668071296988
263,1248,1511,0.14169475208572688
258,1230,1488,0.14172742448057826
261,1233,1494,0.1417717411924913
261,1241,1502,0.14180529188316351
259,1251,1510,0.14183576294238529
256,1248,1504,0.14186996373833524
256,1257,1513,0.1419098155850281
252,1252,1504,0.1419465245504297
253,1258,1511,0.14199112770594996
255,1259,1514,0.14203017221245212
261,1268,1529,0.14206059617840439
261,1274,1535,0.14207274820497262
255,1266,1521,0.14208492795457492
255,1261,1516,0.14211234626310315
253,1259,1512,0.14213898099561975
261,1266,1527,0.14216874872223706
262,1260,1522,0.14217490530582955
263,1252,1515,0.14217816530544605
264,1250,1514,0.14217850059600384
268,1252,1520,0.1421772778756445
264,1248,1512,0.1421649994798867
261,1249,1510,0.1421659466764288
261,1245,1506,0.14217445073416043
263,1248,1511,0.1421825384496547
263,1244,1507,0.14218555677689362
258,1250,1508,0.14218833590654506
252,1254,1506,0.14220465450305447
250,1261,1511,0.14223589814516105
251,1253,1504,0.14227030500359464
246,1263,1509,0.14229929558381235
248,1260,1508,0.14233900816506945
245,1259,1504,0.14237131694384558
247,1263,1510,0.14240895153088767
249,1263,1512,0.1424381607527129
247,1268,1515,0.14245978189596872
249,1264,1513,0.14248561363307288
241,1277,1518,0.14250457527240584
237,1273,1510,0.14254342823837846
239,1279,1518,0.14259099989345067
239,1274,1513,0.14262975380535617
241,1273,1514,0.14266591457891312
238,1280,1518,0.14269366513218068
241,1273,1514,0.1427281226545713
239,1282,1521,0.14275263187480752
238,1271,1509,0.14277937384982267
239,1260,1499,0.14280731556182452
238,1264,1502,0.14283137142009403
233,1259,1492,0.14285663043286626
232,1262,1494,0.14289382545082802
234,1268,1502,0.14293077925532174
233,1266,1499,0.14295988011326768
231,1268,1499,0.14299009154349157
236,1272,1508,0.14302338161485365
235,1265,1500,0.14304141907149634
238,1276,1514,0.1430602267310913
232,1280,1512,0.1430689656718341
233,1279,1512,0.14309411778466471
234,1276,1510,0.14311445077556822
234,1255,1489,0.14313003074088665
240,1250,1490,0.1431445407938388
248,1261,1509,0.1431420945383279
240,1268,1508,0.1431176924950995
245,1276,1521,0.14311695356328277
248,1271,1519,0.1431030080110331
248,1258,1506,0.14308213257245636
247,1258,1505,0.14306238344790084
251,1260,1511,0.14304714092383952
247,1268,1515,0.14302305863906972
246,1267,1513,0.14301249624972176
242,1271,1513,0.1430055365870871
246,1267,1513,0.14301054794855475
242,1277,1519,0.14300464957979822
245,1265,1510,0.1430096216789789
248,1273,1521,0.1430064159439864
246,1277,1523,0.14299583618768297
242,1270,1512,0.14299228935261266
235,1273,1508,0.14299976802607606
231,1282,1513,0.14302590348127775
230,1277,1507,0.1430606469883862
225,1277,1502,0.14309550089265907
228,1278,1506,0.14313994623115608
230,1285,1515,0.14317394392067992
228,1286,1514,0.14320057158786714
227,1288,1515,0.14323187130912587
232,1285,1517,0.14326437547782747
234,1292,1526,0.14328113091114789
228,1293,1521,0.14329244702460056
234,1297,1531,0.14331968050428515
226,1284,1510,0.1433295194881189
225,1281,1506,0.14336146951970494
229,1290,1519,0.14339429327137151
227,1299,1526,0.1434148880726149
223,1300,1523,0.1434402727074703
224,1300,1524,0.14347527032411725
222,1303,1525,0.1435055157796152
219,1288,1507,0.1435398142949987
221,1299,1520,0.14358044155334784
223,1308,1531,0.1436127134675108
222,1309,1531,0.14363719758302193
221,1304,1525,0.14366338633937425
217,1308,1525,0.1436910293622347
219,1290,1509,0.14372733581677438
215,1287,1502,0.14375526603495
213,1291,1504,0.14379267891431546
215,1288,1503,0.14383245684748908
212,1278,1490,0.14386409305148823
207,1282,1489,0.14390186354682843
208,1302,1510,0.1439511377117499
211,1299,1510,0.14399446968897334
210,1292,1502,0.14402699860599907
204,1289,1493,0.14406023090222667
199,1294,1493,0.1441090875613386
199,1294,1493,0.1441683678325387
206,1306,1512,0.14422424736806452
209,1303,1512,0.14425703400890189
209,1307,1516,0.14428031929663587
208,1301,1509,0.14430236716243158
206,1306,1512,0.1443252848696301
205,1300,1505,0.14435255288314147
203,1297,1500,0.1443808061292429
204,1304,1508,0.14441327965681644
203,1301,1504,0.1444405140587224
201,1316,1517,0.14446849432002698
200,1301,1501,0.14450062969891453
205,1308,1513,0.1445328806085488
201,1303,1504,0.14454922094313907
202,1312,1514,0.14457534362341917
203,1312,1515,0.14459720741211016
201,1312,1513,0.14461528116459466
202,1309,1511,0.14463780745697855
194,1309,1503,0.14465651168376484
191,1307,1498,0.14469542870684532
197,1317,1514,0.14473963558704692
194,1316,1510,0.1447640348517924
196,1325,1521,0.14479579201669632
193,1317,1510,0.14482041887812566
191,1308,1499,0.1448518345124433
188,1299,1487,0.1448861340648717
188,1304,1492,0.1449268604919878
193,1318,1511,0.14496521098036713
191,1322,1513,0.14498649557703483
191,1320,1511,0.14501198105495886
191,1330,1521,0.14503563714167025
188,1329,1517,0.14505785853756115
191,1323,1514,0.14508668016422202
195,1313,1508,0.14510576555045587
193,1323,1516,0.14511257316565437
186,1320,1506,0.145124521993627
189,1307,1496,0.1451539674229733
186,1324,1510,0.14517293017973518
188,1330,1518,0.14519969803356772
185,1317,1502,0.14521883777136801
190,1324,1514,0.1452448773511518
187,1325,1512,0.14525584110534998
183,1335,1518,0.14527491914505158
188,1327,1515,0.14530422671744225
185,1315,1500,0.14531788129171816
183,1336,1519,0.14533853069493
182,1326,1508,0.1453636287927856
181,1341,1522,0.14538990946245522
179,1336,1515,0.14541723331875878
180,1344,1524,0.14544779770619554
180,1343,1523,0.1454738414186449
181,1331,1512,0.1454977274726083
181,1340,1521,0.1455172187975992
183,1338,1521,0.14553463258110613
180,1347,1527,0.14554582033219782
178,1345,1523,0.14556471194496942
180,1340,1520,0.14558805388045287
178,1331,1509,0.14560434578681655
176,1341,1517,0.14562529255512713
177,1341,1518,0.14564988812558288
172,1337,1509,0.14567050314624555
171,1348,1519,0.1457027081854525
168,1346,1514,0.14573513860782591
173,1351,1524,0.14577311090359546
172,1353,1525,0.14579487863337579
175,1342,1517,0.14581746332823506
174,1347,1521,0.1458297964844496
173,1335,1508,0.14584394697884373
171,1333,1504,0.14585984942476352
171,1344,1515,0.14588050206575068
171,1354,1525,0.1458997941465546
169,1359,1528,0.1459173247770716
169,1363,1532,0.14593950294786515
170,1354,1524,0.14595929802783641
162,1341,1503,0.14597494213068188
161,1351,1512,0.14601221341103998
160,1340,1500,0.14604958470279975
160,1347,1507,0.14608634657761732
160,1359,1519,0.1461204891557893
163,1343,1506,0.1461515916888864
164,1343,1507,0.1461724627870647
165,1349,1514,0.14618949995150055
165,1360,1525,0.14620320711519913
165,1358,1523,0.14621604834471424
164,1355,1519,0.1462278569560049
161,1364,1525,0.14624107276444342
163,1362,1525,0.14626164470481437
164,1353,1517,0.14627509293530266
167,1361,1528,0.14628510647597634
165,1358,1523,0.14628685889157217
167,1355,1522,0.14629403080423578
165,1353,1518,0.14629586380152682
163,1367,1530,0.14630266100661818
164,1363,1527,0.1463152725905257
162,1365,1527,0.146323930427111
162,1362,1524,0.14633770866265647
160,1345,1505,0.14635085258198222
164,1350,1514,0.14636850942860327
164,1362,1526,0.14637361357741013
165,1362,1527,0.14637847151675956
166,1342,1508,0.14638017796054895
162,1333,1495,0.1463790562309039
164,1356,1520,0.14638880768644708
161,1360,1521,0.1463925548605777
160,1352,1512,0.14640439855188248
160,1347,1507,0.14641835541706422
161,1341,1502,0.14643128655680598
163,1354,1517,0.14644057696926135
161,1353,1514,0.14644397493728806
158,1359,1517,0.14645271254736125
161,1359,1520,0.14646976100690612
161,1355,1516,0.14647704966719094
157,1353,1510,0.14648361188616604
165,1339,1504,0.1465006808874001
166,1341,1507,0.1464938737292492
164,1340,1504,0.14648380309478848
163,1356,1519,0.14648012289199763
161,1355,1516,0.14648025849457244
159,1349,1508,0.14648622885943877
157,1352,1509,0.14649737321812029
155,1356,1511,0.1465133623157635
156,1357,1513,0.1465338370518655
156,1349,1505,0.14655016509846447
152,1345,1497,0.14656521773123607
149,1349,1498,0.14659007767744425
146,1346,1492,0.14662202960019863
142,1338,1480,0.14666023986512167
145,1348,1493,0.14670680083825047
148,1354,1502,0.1467410646529638
151,1349,1500,0.1467646781685372
153,1361,1514,0.14677800683940898
154,1354,1508,0.14678530886537206
159,1364,1523,0.14678993336874174
157,1362,1519,0.14678071744259896
155,1364,1519,0.1467783358187917
153,1357,1510,0.14678156910181359
154,1359,1513,0.14679027604503994
154,1374,1528,0.14679533923359306
151,1370,1521,0.14679981899780167
153,1375,1528,0.14681247558768118
151,1369,1520,0.14681881426405338
151,1372,1523,0.14682994147976097
148,1384,1532,0.1468406883817641
146,1378,1524,0.14685926113228498
145,1377,1522,0.1468822668141174
145,1374,1519,0.14690643316200536
148,1362,1510,0.14692887317169562
151,1351,1502,0.14694176620436092
149,1365,1514,0.1469454206810979
147,1363,1510,0.1469545944134803
147,1365,1512,0.14696893607938277
145,1358,1503,0.14698274837345016
145,1369,1514,0.14700212253116554
146,1363,1509,0.14702057717362393
152,1364,1516,0.14703522740782718
150,1363,1513,0.14703178408523496
148,1358,1506,0.14703434277929306
150,1361,1511,0.14704262057416576
146,1365,1511,0.14704464099427805
147,1360,1507,0.14705830968559547
149,1360,1509,0.1470680481737319
144,1351,1495,0.14707167237802599
149,1350,1499,0.1470889928500923
145,1367,1512,0.14709069977951528
146,1364,1510,0.14710379266399706
147,1372,1519,0.14711297849032257
147,1385,1532,0.14711886510988742
154,1370,1524,0.14712399389272374
153,1362,1515,0.14710907006404908
155,1357,1512,0.14709773413293048
153,1364,1517,0.14708188391477925
156,1364,1520,0.1470733691223047
149,1359,1508,0.1470571664923494
154,1353,1507,0.1470622445669229
157,1351,1508,0.14705251744807743
158,1361,1519,0.147034841954768
161,1362,1523,0.14701560431079283
162,1362,1524,0.1469894197752266
163,1365,1528,0.14696234729198301
164,1357,1521,0.14693433562517336
163,1352,1515,0.1469054378045955
164,1355,1519,0.14688156391241874
162,1361,1523,0.14685648611778493
165,1357,1522,0.1468385944623385
166,1361,1527,0.14681342647956303
164,1352,1516,0.1467869245938561
166,1352,1518,0.146768431414525
160,1367,1527,0.14674564098142281
153,1363,1516,0.14674119354418214
149,1369,1518,0.14675599209681028
153,1378,1531,0.14678103909909657
157,1375,1532,0.14679304097546572
153,1372,1525,0.14679332827042144
153,1380,1533,0.146804941089665
153,1360,1513,0.1468155691195422
151,1363,1514,0.1468255838468215
153,1366,1519,0.146840923281834
150,1370,1520,0.14684981184982926
151,1375,1526,0.1468665146532851
147,1377,1524,0.14687876112038276
145,1379,1524,0.14690103147791206
141,1380,1521,0.14692738647763745
141,1372,1513,0.14696266052645052
143,1367,1510,0.14699529401351763
143,1363,1506,0.14701992293764202
149,1365,1514,0.14704275055746852
150,1371,1521,0.14704695551748023
151,1365,1516,0.14704807323464603
150,1381,1531,0.14704596090057237
149,1369,1518,0.14704701204638668
151,1381,1532,0.14705085027944215
151,1381,1532,0.14704872998380203
151,1371,1522,0.14704696222670344
156,1371,1527,0.14704512421825136
155,1374,1529,0.1470284318786161
155,1366,1521,0.1470154611576458
155,1356,1511,0.14700342626187368
151,1356,1507,0.14699205634155782
150,1357,1507,0.14699304602139937
154,1361,1515,0.14699634177469426
152,1366,1518,0.14698813693933438
149,1374,1523,0.14698619059421617
151,1375,1526,0.14699299654135609
156,1361,1517,0.14699383142008732
152,1352,1504,0.14698081126471726
153,1362,1515,0.1469802808841798
155,1373,1528,0.14697725051491453
156,1361,1517,0.14696860281952198
157,1351,1508,0.14695741549363797
157,1342,1499,0.14694475698473844
160,1351,1511,0.14693374573795004
157,1356,1513,0.14691552368934166
157,1354,1511,0.1469073231367374
155,1344,1499,0.14690007536543728
156,1345,1501,0.14689864086035492
153,1354,1507,0.14689449889839776
155,1355,1510,0.1468992034197572
157,1361,1518,0.14689748339102324
156,1356,1512,0.14689104090558996
153,1352,1505,0.14688832789431916
152,1365,1517,0.14689380815438624
152,1357,1509,0.14690202642195566
155,1360,1515,0.14690958571488763
159,1357,1516,0.1469082111035907
162,1344,1506,0.14689577768446838
160,1351,1511,0.1468760189326682
159,1356,1515,0.14686326189307367
156,1357,1513,0.14685464866238113
151,1359,1510,0.14685492049090348
149,1360,1509,0.14686922536189592
146,1365,1511,0.14688829546393542
151,1362,1513,0.14691392952990043
147,1363,1510,0.14692341951660196
145,1375,1520,0.14694308318545918
149,1388,1537,0.14696705356237647
148,1382,1530,0.14697827276409328
150,1369,1519,0.146991502513632
147,1371,1518,0.14699795908486604
153,1375,1528,0.14701241881474114
149,1381,1530,0.1470087312217998
152,1373,1525,0.14701656795837434
150,1357,1507,0.14701569124894104
151,1368,1519,0.14702026802844428
145,1367,1512,0.14702129350605758
145,1366,1511,0.14703904881721588
148,1368,1516,0.1470553164451145
147,1367,1514,0.14706227141578837
150,1366,1516,0.14707144416841308
152,1355,1507,0.14707154466480282
153,1357,1510,0.14706610757548227
156,1361,1517,0.14705845930988704
160,1362,1522,0.14704347359411127
154,1352,1506,0.14701872349241799
150,1346,1496,0.1470124118322861
150,1364,1514,0.14701802258670596
150,1372,1522,0.14702286397232134
152,1367,1519,0.1470273781438279
150,1372,1522,0.14702625912885378
147,1375,1522,0.14703061725830152
144,1374,1518,0.14704316281595226
147,1361,1508,0.14706310403925005
147,1351,1498,0.14707328917809664
149,1369,1518,0.1470830149523583
147,1367,1514,0.14708642760856422
149,1376,1525,0.14709552551798175
149,1369,1518,0.14709811017238117
145,1364,1509,0.14710057708922208
145,1364,1509,0.14711439932358394
147,1360,1507,0.14712657490617365
148,1360,1508,0.14713196602519088
146,1372,1518,0.1471342260816946
144,1375,1519,0.14714217601918653
143,1375,1518,0.1471555537426853
141,1388,1529,0.14717101098709473
143,1379,1522,0.14719055689038466
141,1375,1516,0.14720316989398188
140,1360,1500,0.14722042661853935
143,1363,1506,0.14723925520976444
137,1373,1510,0.14724818020467115
133,1383,1516,0.14727368123793405
130,1378,1508,0.14730872019832525
129,1379,1508,0.14734994004355959
131,1374,1505,0.14739140839203346
130,1383,1513,0.14742456927738062
132,1388,1520,0.14745856702172128
131,1381,1512,0.14748475088259197
131,1391,1522,0.14751216392679464
132,1368,1500,0.14753791190357235
130,1369,1499,0.14755911926863988
127,1367,1494,0.14758414716435875
129,1378,1507,0.1476156898157627
129,1389,1518,0.14763943806337315
125,1391,1516,0.1476614149518134
123,1403,1526,0.14769329505005308
128,1405,1533,0.1477288798153179
126,1398,1524,0.1477474823442911
129,1387,1516,0.14777029978613382
129,1375,1504,0.14778324761357284
127,1382,1509,0.1477956016871944
123,1389,1512,0.14781268364797864
117,1383,1500,0.1478400328050262
119,1387,1506,0.14788273525134898
121,1387,1508,0.14791702328530384
122,1396,1518,0.14794331908324546
122,1405,1527,0.14796483834823457
122,1394,1516,0.14798504245573832
119,1390,1509,0.14800390631985003
112,1384,1496,0.1480305071861319
109,1398,1507,0.14807530964175392
110,1414,1524,0.14812553847385118
114,1400,1514,0.14816946289284555
113,1395,1508,0.148198965400812
112,1398,1510,0.14822956467212886
112,1407,1519,0.14826123426322227
109,1411,1520,0.14829078444715996
109,1422,1531,0.14832723754800842
112,1417,1529,0.14836128809550003
112,1409,1521,0.14838415535398625
115,1404,1519,0.14840546131852647
113,1415,1528,0.14841665207316043
110,1408,1518,0.14843316373432872
108,1401,1509,0.1484571757101582
105,1389,1494,0.14848510809949172
104,1401,1505,0.14851937064973883
102,1402,1504,0.14855414554431015
102,1405,1507,0.14859261462605042
107,1406,1513,0.14862833627516905
104,1390,1494,0.14864749355017856
107,1398,1505,0.14867395894252047
106,1397,1503,0.148689875913177
109,1401,1510,0.148707873645536
110,1413,1523,0.1487160658949241
109,1409,1518,0.14872069713167715
113,1420,1533,0.148727943043769
111,1407,1518,0.14872295899632235
111,1403,1514,0.14872400889144288
110,1405,1515,0.14872494725392613
109,1396,1505,0.14872834998033194
108,1406,1514,0.14873429362406754
112,1401,1513,0.1487425468232538
108,1396,1504,0.14873780663558847
108,1393,1501,0.1487453128573147
108,1404,1512,0.1487522424359069
108,1399,1507,0.14875916271534417
109,1413,1522,0.1487654544858607
109,1402,1511,0.1487686920740859
110,1404,1514,0.1487718956823027
107,1409,1516,0.14877231003533037
105,1419,1524,0.14878124576181803
109,1425,1534,0.14879501669248346
109,1423,1532,0.14879636740567986
112,1417,1529,0.1487978979387373
111,1413,1524,0.14879078694736783
110,1395,1505,0.1487873489854165
111,1396,1507,0.14878695839116204
109,1403,1512,0.1487834904606273
108,1410,1518,0.1487861599471665
109,1399,1508,0.14879156596225657
109,1402,1511,0.14879344470856343
112,1410,1522,0.1487952535631415
112,1403,1515,0.14878811980737466
113,1409,1522,0.14878160474801422
108,1408,1516,0.148772468216682
106,1422,1528,0.14877872564250258
106,1400,1506,0.14878987478486722
107,1404,1511,0.14880011411556654
105,1414,1519,0.14880653591714807
104,1412,1516,0.1488185919329274
103,1416,1519,0.14883285064832047
101,1415,1516,0.14884910443445457
107,1416,1523,0.14887017964720603
109,1423,1532,0.1488724951853223
111,1411,1522,0.14886868858611405
109,1402,1511,0.14885895025597923
109,1414,1523,0.14885580569258916
108,1418,1526,0.14885304366859592
107,1408,1515,0.14885345324605012
106,1410,1516,0.1488568463515805
103,1423,1526,0.1488627046468676
102,1412,1514,0.14887680506449005
103,1417,1520,0.14889258186566387
104,1423,1527,0.14890438753839766
104,1411,1515,0.14891252327100113
105,1412,1517,0.14892013610101548
104,1408,1512,0.14892449957571038
101,1410,1511,0.14893165708749348
97,1404,1501,0.14894734749737273
95,1412,1507,0.1489734242200863
93,1421,1514,0.14900360045998606
96,1435,1531,0.1490377078436533
94,1412,1506,0.14906057157992902
92,1419,1511,0.14908799139480297
93,1418,1511,0.14911949629452165
93,1426,1519,0.14914590306653971
94,1416,1510,0.14917078473452344
92,1417,1509,0.14919123148133737
91,1421,1512,0.14921630978766984
93,1421,1514,0.1492423211180329
93,1423,1516,0.1492608069354867
93,1428,1521,0.14927781281192298
91,1423,1514,0.14929378362841234
92,1418,1510,0.14931436014081714
91,1427,1518,0.14933052812973355
91,1427,1518,0.1493486985349257
93,1417,1510,0.14936545225749723
96,1422,1518,0.14937497453745924
95,1427,1522,0.14937493888184464
94,1421,1515,0.14937804490086912
95,1417,1512,0.14938399266799363
95,1417,1512,0.1493867229867298
92,1418,1510,0.14938927416666675
91,1423,1514,0.1494008665840237
91,1436,1527,0.14941471837558606
91,1429,1520,0.14942768503623696
90,1424,1514,0.1494399428026192
87,1417,1504,0.14945410267991516
86,1427,1513,0.14947654294002133
83,1438,1521,0.14950036122199195
82,1432,1514,0.14953156334326034
81,1423,1504,0.14956372007628613
79,1427,1506,0.14959676213162906
76,1437,1513,0.1496338114316409
74,1449,1523,0.149677231948762
77,1436,1513,0.14972392198324763
74,1428,1502,0.14975818931009544
72,1432,1504,0.14979895792597506
71,1424,1495,0.14984306520939378
71,1438,1509,0.1498871908133276
67,1443,1510,0.14992835751820738
68,1448,1516,0.14997886942918232
69,1451,1520,0.15002324545368403
70,1455,1525,0.15006186125534896
70,1447,1517,0.1500949237159998
69,1455,1524,0.15012578025742276
70,1453,1523,0.15015789023437
71,1446,1517,0.15018485293269385
70,1443,1513,0.15020695148844457
69,1442,1511,0.15023066721459424
73,1437,1510,0.15025602469853705
76,1429,1505,0.15026734286637075
72,1445,1517,0.1502688953024856
72,1447,1519,0.15028266733432805
70,1439,1509,0.15029589526011913
71,1432,1503,0.1503144616652782
70,1434,1504,0.15032875441752847
70,1446,1516,0.1503450732464899
66,1448,1514,0.15036022397190268
65,1440,1505,0.1503864708724202
64,1439,1503,0.1504140939335737
66,1436,1502,0.15044289883322812
68,1441,1509,0.1504638587941473
70,1441,1511,0.15047735184473535
70,1446,1516,0.1504839625994883
69,1447,1516,0.15049031223240106
70,1433,1503,0.15049946856740104
71,1434,1505,0.15050508519137432
70,1442,1512,0.15050724083635342
71,1442,1513,0.15051241398471396
71,1444,1515,0.15051432074629784
71,1436,1507,0.15051605245355787
70,1461,1531,0.15051802590000773
69,1448,1517,0.1505229272475918
67,1443,1510,0.15053056555349925
65,1456,1521,0.15054381487056065
62,1449,1511,0.1505623705074362
61,1464,1525,0.15058885477579223
59,1465,1524,0.15061647271505002
57,1461,1518,0.15064813524895868
56,1448,1504,0.15068362782621705
57,1459,1516,0.1507201899068785
57,1455,1512,0.15075119137188525
59,1450,1509,0.1507801504457519
61,1453,1514,0.1508010903085046
61,1443,1504,0.1508144572210068
60,1443,1503,0.15082676721404595
59,1448,1507,0.15084168682711624
61,1450,1511,0.1508588867057376
61,1466,1527,0.1508688426382974
62,1458,1520,0.1508782488252778
62,1448,1510,0.1508841444626176
62,1453,1515,0.1508897059827601
64,1448,1512,0.15089498978828242
66,1435,1501,0.1508942193245489
67,1440,1507,0.15088755402259696
63,1452,1515,0.15087833982746557
62,1465,1527,0.15088210570165486
60,1444,1504,0.15088876087177006
60,1440,1500,0.15090118276956077
60,1448,1508,0.15091272292491759
61,1458,1519,0.15092419467674165
62,1460,1522,0.15093182312292963
61,1450,1511,0.15093608350544038
62,1464,1526,0.15094329971670703
61,1465,1526,0.15094657885009838
61,1458,1519,0.15095269325590105
63,1456,1519,0.1509584027320777
61,1462,1523,0.15095768675231153
62,1454,1516,0.15096298115514611
62,1451,1513,0.15096474028322182
64,1461,1525,0.15096648065396015
62,1457,1519,0.15096222309543803
61,1467,1528,0.15096438536304294
62,1455,1517,0.15096982748126808
63,1449,1512,0.15097184893669838
61,1452,1513,0.1509700600638393
61,1454,1515,0.150974085650972
63,1459,1522,0.15097770291235588
61,1474,1535,0.15097463162477687
60,1473,1533,0.1509780965605874
60,1468,1528,0.1509844258409508
61,1463,1524,0.15099017148120297
61,1456,1517,0.15099233956500074
63,1462,1525,0.15099438741890034
63,1453,1516,0.1509899502097948
62,1461,1523,0.15098579775273116
62,1466,1528,0.1509850463415271
61,1472,1533,0.15098400654333402
61,1456,1517,0.15098548535058523
60,1459,1519,0.15098714949811082
60,1466,1526,0.15099185437942061
59,1462,1521,0.15099643186275064
57,1470,1527,0.15100360333188756
57,1459,1516,0.15101650355755988
55,1451,1506,0.15102877152737754
54,1455,1509,0.15104651177600473
57,1450,1507,0.15106631931887993
57,1453,1510,0.15107576499297454
57,1451,1508,0.15108453102846894
55,1445,1500,0.15109272997892215
52,1451,1503,0.15110640477617074
53,1459,1512,0.15112818652135246
50,1458,1508,0.1511454174375366
47,1467,1514,0.1511708843435424
47,1461,1508,0.15120413044608946
45,1469,1514,0.151235201449433
43,1475,1518,0.15127053011579014
45,1470,1515,0.15131010780517973
46,1457,1503,0.1513408987739537
46,1464,1510,0.15136665479297348
49,1453,1502,0.1513903323993452
49,1468,1517,0.15140311126564407
49,1472,1521,0.15141513320846178
47,1471,1518,0.1514264257891216
48,1462,1510,0.15144336917865675
50,1471,1521,0.15145635781291691
47,1471,1518,0.1514622557220563
48,1485,1533,0.1514769699482977
44,1477,1521,0.1514876832244451
44,1487,1531,0.15150999305028284
43,1479,1522,0.15153098173472912
42,1473,1515,0.15155376467452372
43,1459,1502,0.15157826432309884
43,1464,1507,0.15159811427864575
42,1479,1521,0.15161688269348322
43,1487,1530,0.15163768063107008
42,1469,1511,0.1516539329201751
43,1467,1510,0.15167245745548052
44,1475,1519,0.15168678387080303
44,1479,1523,0.15169713216556335
44,1469,1513,0.1517070104836212
43,1483,1526,0.1517161177481509
43,1478,1521,0.1517277572535728
44,1474,1518,0.15173868624277342
44,1472,1516,0.15174582231759454
45,1461,1506,0.15175231073603837
47,1467,1514,0.15175544721572326
44,1466,1510,0.15175240560366446
44,1447,1491,0.15175904093112907
45,1454,1499,0.15176527296263098
45,1444,1489,0.15176789545976022
44,1446,1490,0.15177043285299116
43,1463,1506,0.15177595888557105
46,1457,1503,0.15178419347552233
43,1457,1500,0.15178243192517674
44,1460,1504,0.15179017038805628
42,1460,1502,0.1517943361555371
41,1480,1521,0.15180434013791275
39,1487,1526,0.15181681973506417
40,1477,1517,0.1518348291974391
41,1468,1509,0.15184860011723506
42,1478,1520,0.15185851436828973
44,1472,1516,0.1518648506407836
45,1468,1513,0.15186459785622206
46,1466,1512,0.15186140073513713
46,1468,1514,0.15185527153002001
46,1449,1495,0.15184967122573248
47,1454,1501,0.1518444924662642
45,1459,1504,0.15183657115329763
44,1463,1507,0.15183531157928315
45,1463,1508,0.15183730870349937
47,1481,1528,0.1518360723461047
46,1473,1519,0.15182882326007033
47,1460,1507,0.15182550940321726
47,1472,1519,0.1518191175128998
45,1470,1515,0.1518130446987764
45,1467,1512,0.15181357494366682
41,1463,1504,0.15181398955710146
45,1482,1527,0.15182668544986222
42,1477,1519,0.15182630860202262
40,1469,1509,0.1518350379369624
41,1464,1505,0.15184952512604183
39,1470,1509,0.15185994346694942
41,1462,1503,0.1518757356505796
41,1467,1508,0.1518842534144787
41,1460,1501,0.15189216163220084
40,1460,1500,0.15189973445804658
42,1459,1501,0.151909820103499
42,1469,1511,0.15191324096687475
39,1474,1513,0.15191642049627427
42,1483,1525,0.15192856960960432
42,1470,1512,0.15193053747517596
42,1479,1521,0.15193239947861098
42,1480,1522,0.15193415023275647
43,1476,1519,0.1519358077821833
42,1487,1529,0.15193430943997066
40,1478,1518,0.1519359748803652
42,1477,1519,0.1519438468885682
42,1475,1517,0.15194495678876313
43,1478,1521,0.15194603064208873
44,1476,1520,0.15194421107011377
46,1474,1520,0.1519394278422722
49,1470,1519,0.15192870770557984
49,1481,1530,0.151909717264745
48,1485,1533,0.15189202562733048
47,1499,1546,0.15187870932327685
46,1480,1526,0.15186925427382925
48,1485,1533,0.1518636411396896
47,1480,1527,0.15185236869694654
48,1467,1515,0.15184485744227513
47,1467,1514,0.15183480496706886
46,1459,1505,0.15182847811178257
46,1462,1508,0.1518255283808464
46,1467,1513,0.15182277340801142
47,1476,1523,0.15182015778727975
49,1481,1530,0.1518147182393584
49,1475,1524,0.15180358088267848
50,1471,1521,0.15179327153484728
49,1465,1514,0.15178044428866433
51,1473,1524,0.15177154306220406
51,1473,1524,0.1517572015466415
52,1470,1522,0.1517439570651641
51,1468,1519,0.15172834796873774
49,1471,1520,0.15171697664927883
50,1468,1518,0.15171243659442407
50,1466,1516,0.15170526473865079
50,1474,1524,0.1516984571618355
50,1462,1512,0.15169212095890514
46,1462,1508,0.15168622742602753
46,1468,1514,0.15169285409646718
45,1475,1520,0.15169906130475921
45,1475,1520,0.15170796519423918
45,1469,1514,0.15171629543940982
46,1473,1519,0.1517240928209521
45,1475,1520,0.1517284098041175
45,1481,1526,0.15173551353987694
45,1483,1528,0.15174218477865897
46,1491,1537,0.15174849807237578
43,1503,1546,0.1517514271553615
44,1488,1532,0.15176321562961392
43,1482,1525,0.15177127427881
43,1474,1517,0.15178171881819705
44,1478,1522,0.15179143232449013
43,1480,1523,0.15179756267539843
39,1491,1530,0.15180644579522323
38,1484,1522,0.15182664317150657
38,1486,1524,0.15184876925936475
38,1483,1521,0.15186941369806267
36,1480,1516,0.1518887144280655
37,1489,1526,0.15191280673887955
37,1485,1522,0.15193229318549886
38,1484,1522,0.1519504444845181
37,1476,1513,0.1519644470131399
37,1479,1516,0.15198072403981613
35,1488,1523,0.1519959370797226
36,1493,1529,0.1520163960259283
35,1484,1519,0.15203243551076595
34,1475,1509,0.15205048700228288
35,1473,1508,0.1520705923477794
33,1477,1510,0.15208628885220787
31,1481,1512,0.15210728779957214
32,1493,1525,0.15213320501793035
30,1489,1519,0.152154341956359
30,1486,1516,0.152180345580522
32,1481,1513,0.15220468860358666
32,1490,1522,0.15222134414684454
31,1470,1501,0.15223693528758692
32,1484,1516,0.15225464961327878
31,1488,1519,0.15226821893163492
31,1476,1507,0.1522840944419582
31,1479,1510,0.15229901872849888
32,1469,1501,0.15231304253693526
30,1480,1510,0.1523231125448272
31,1478,1509,0.15233896720704862
30,1481,1511,0.1523508221928062
31,1482,1513,0.15236501598947508
29,1486,1515,0.1523753171625516
31,1494,1525,0.15239112565370616
30,1488,1518,0.15239969135596854
29,1486,1515,0.15241076634061088
29,1501,1530,0.15242420020906722
29,1482,1511,0.15243677051710386
30,1488,1518,0.1524486578275059
30,1495,1525,0.1524566305583927
31,1482,1513,0.15246414025759178
32,1474,1506,0.15246800806797808
34,1484,1518,0.1524685510316644
33,1484,1517,0.1524628667706138
33,1486,1519,0.15246063861734654
32,1475,1507,0.15245848568951725
35,1482,1517,0.15245951090317528
33,1501,1534,0.15245125677225235
34,1493,1527,0.15244966223912254
35,1487,1522,0.1524451265540981
35,1496,1531,0.1524378065049397
35,1481,1516,0.15243096117570107
36,1470,1506,0.15242455862940912
34,1475,1509,0.15241542821785317
34,1476,1510,0.1524131202869412
34,1457,1491,0.1524109524175749
35,1463,1498,0.1524088600271765
36,1475,1511,0.15240387768011524
35,1491,1526,0.15239610909392468
34,1488,1522,0.15239200270791323
33,1484,1517,0.15239121440817313
34,1488,1522,0.15239365000132704
34,1486,1520,0.1523928440935987
34,1492,1526,0.15239201805630265
34,1498,1532,0.1523912406690217
33,1500,1533,0.15239050592697537
33,1498,1531,0.1523929069409821
34,1498,1532,0.1523951520251736
34,1486,1520,0.1523942669126632
36,1489,1525,0.15239346401842077
39,1490,1529,0.1523865731977981
38,1479,1517,0.1523709361229976
38,1484,1522,0.15235966281399166
38,1483,1521,0.15234901136872372
37,1490,1527,0.15233908946850047
37,1493,1530,0.15233284970057637
35,1488,1523,0.15232699057063936
34,1496,1530,0.15232775580357935
34,1482,1516,0.15233157376003756
33,1477,1510,0.1523350428848342
33,1484,1517,0.1523414483589357
31,1481,1512,0.1523474451351572
30,1481,1511,0.1523592603549463
31,1488,1519,0.1523734044563762
32,1490,1522,0.1523835236723833
32,1490,1522,0.1523898798157042
30,1495,1525,0.1523958630611504
31,1492,1523,0.15240750783244816
31,1478,1509,0.1524152881735401
31,1476,1507,0.15242260136561606
28,1478,1506,0.15242943645780926
27,1472,1499,0.15244512924885206
27,1477,1504,0.1524629497991234
27,1489,1516,0.15247964779002376
26,1478,1504,0.15249526680770925
25,1490,1515,0.15251293012528624
28,1491,1519,0.152532496636521
30,1488,1518,0.15254145229923988
29,1489,1518,0.15254370753087748
32,1472,1504,0.15254895317809475
33,1466,1499,0.15254453930618228
33,1478,1511,0.15253723111296424
33,1479,1512,0.15253057644550158
31,1482,1513,0.15252442644161873
33,1493,1526,0.15252494269847133
33,1485,1518,0.15251898193968264
30,1479,1509,0.15251356653469014
30,1484,1514,0.15251789068948224
28,1487,1515,0.15252186096634046
27,1472,1499,0.15253176517242836
27,1484,1511,0.15254419775943276
26,1494,1520,0.15255583020321367
24,1489,1513,0.15256980231786105
23,1492,1515,0.1525893178414969
24,1504,1528,0.15261080545655778
25,1480,1505,0.15262767053259263
25,1489,1514,0.15264036656497648
23,1490,1513,0.1526523150539348
24,1488,1512,0.1526698816777069
26,1479,1505,0.15268312327752345
25,1484,1509,0.15268929316611687
25,1490,1515,0.1526981907786747
26,1491,1517,0.15270652428047182
26,1497,1523,0.15271119956255877
27,1497,1524,0.15271556889898752
26,1502,1528,0.15271654193549059
25,1494,1519,0.1527205748069548
25,1495,1520,0.15272749146474335
27,1485,1512,0.15273389039415503
25,1491,1516,0.15273359313370105
25,1493,1518,0.15273967041844747
25,1482,1507,0.1527454144692284
25,1491,1516,0.15275077166865852
25,1502,1527,0.15275580924383875
24,1499,1523,0.15276033347720613
23,1485,1508,0.152767884604736
23,1470,1493,0.1527781041597367
22,1462,1484,0.15278770162078548
23,1472,1495,0.15279990948072614
23,1485,1508,0.1528081711868073
23,1482,1505,0.15281593778263677
23,1491,1514,0.15282322930369194
23,1494,1517,0.15283007296598064
21,1487,1508,0.15283649634358154
21,1499,1520,0.15284882746075543
20,1493,1513,0.15286022060393223
20,1491,1511,0.1528740000146768
18,1509,1527,0.15288687744887222
17,1503,1520,0.15290527554347694
16,1499,1515,0.15292565560897106
16,1494,1510,0.15294788598236772
16,1485,1501,0.15296868010153028
16,1487,1503,0.15298819695688878
17,1472,1489,0.15300649115063195
16,1498,1514,0.1530204639679599
17,1485,1502,0.15303675350244664
17,1481,1498,0.1530488532036582
17,1500,1517,0.1530602071814577
17,1495,1512,0.15307087578014866
17,1492,1509,0.15308090255207987
16,1495,1511,0.15309028091780563
16,1489,1505,0.1531023406514157
16,1498,1514,0.15311371164455018
15,1501,1516,0.15312440796756058
15,1484,1499,0.15313766777413051
15,1498,1513,0.15315004301929291
16,1494,1510,0.15316163973887306
18,1501,1519,0.15316929998914186
18,1495,1513,0.15317018615567374
18,1514,1532,0.1531711521321808
18,1509,1527,0.15317213016803832
18,1506,1524,0.15317309801841425
18,1490,1508,0.15317404331040704
17,1479,1496,0.15317495890616295
16,1490,1506,0.153179018776299
16,1510,1526,0.15318594524805074
15,1503,1518,0.15319243320755943
13,1511,1524,0.15320171213639663
14,1504,1518,0.15321685025971235
14,1507,1521,0.1532278267123967
14,1500,1514,0.1532382023968841
15,1488,1503,0.1532479649760315
16,1485,1501,0.15325395612869144
16,1496,1512,0.15325637466376335
16,1503,1519,0.15325868960570727
18,1509,1527,0.1532609043227236
18,1500,1518,0.1532565837229808
16,1501,1517,0.15325265100563695
17,1507,1524,0.15325537078560553
17,1504,1521,0.15325470846196532
18,1503,1521,0.15325417741794722
18,1487,1505,0.15325056163722922
17,1479,1496,0.15324723736643123
18,1472,1490,0.15324730864711447
18,1495,1513,0.1532442068015618
19,1499,1518,0.15324139702755488
19,1502,1521,0.15323561484518577
19,1501,1520,0.1532302172785195
18,1498,1516,0.15322517318296955
17,1498,1515,0.15322356903537288
18,1493,1511,0.15322521230190161
17,1485,1502,0.15322353213480017
16,1490,1506,0.15322505349311594
16,1501,1517,0.15322961417555706
17,1516,1533,0.15323378011075622
16,1514,1530,0.15323446919075726
16,1506,1522,0.15323825635000102
15,1493,1508,0.15324179027501234
16,1513,1529,0.1532482322142752
16,1498,1514,0.15325105333424113
17,1491,1508,0.15325377172462062
18,1494,1512,0.15325317908033795
18,1491,1509,0.15324934260171102
18,1498,1516,0.1532458322959269
17,1500,1517,0.15324257811469136
16,1509,1525,0.15324260749564078
17,1496,1513,0.15324586669323131
18,1504,1522,0.15324572031889996
17,1499,1516,0.15324243711825747
16,1499,1515,0.15324264817505617
15,1498,1513,0.1532460388302562
15,1496,1511,0.15325235971515078
15,1494,1509,0.15325834094943716
15,1483,1498,0.1532639723354814
13,1481,1494,0.1532692715360763
14,1485,1499,0.1532805771417184
14,1495,1509,0.15328800391714198
15,1487,1502,0.153294978923416
15,1487,1502,0.1532983724946025
16,1507,1523,0.15330156294580025
16,1516,1532,0.15330136927982813
15,1506,1521,0.15330123406988222
15,1510,1525,0.15330430167778136
15,1492,1507,0.15330717323731935
15,1493,1508,0.1533098620251863
14,1499,1513,0.1533123847817448
14,1508,1522,0.15331796629323877
14,1501,1515,0.1533231283327738
15,1509,1524,0.15332794755015874
15,1501,1516,0.1533292608911261
14,1500,1514,0.15333048688851342
13,1508,1521,0.15333478703677378
13,1501,1514,0.15334201947072748
13,1509,1522,0.1533487134703593
12,1514,1526,0.1533549561315353
13,1511,1524,0.1533639691936803
13,1497,1510,0.15336925161853077
12,1513,1525,0.15337418026021915
12,1507,1519,0.15338203247842155
11,1508,1519,0.1533893194755772
11,1498,1509,0.15339931603219412
11,1503,1514,0.15340868681626046
11,1495,1506,0.1534174600141961
12,1495,1507,0.1534256782513469
11,1488,1499,0.15343011602275555
11,1490,1501,0.153437533345252
11,1495,1506,0.1534445185630011
11,1499,1510,0.1534510883773965
11,1493,1504,0.15345726139531832
11,1491,1502,0.15346305915000585
12,1496,1508,0.1534685035327994
12,1498,1510,0.15347042664315091
12,1493,1505,0.1534722356636289
12,1500,1512,0.15347393447031535
12,1493,1505,0.1534755323872677
14,1492,1506,0.15347703624657244
15,1487,1502,0.15347208682513636
16,1495,1511,0.15346415795752671
15,1493,1508,0.15345358390631197
14,1487,1501,0.15344701081363424
14,1485,1499,0.15344416852546658
15,1496,1511,0.15344146021892918
16,1499,1515,0.15343569126717027
16,1498,1514,0.15342711147831334
15,1504,1519,0.15341908915991076
15,1508,1523,0.15341477757245117
14,1496,1510,0.15341075928157102
17,1497,1514,0.15341021447672862
18,1502,1520,0.15340007295534783
17,1508,1525,0.1533874683044543
16,1506,1522,0.15337888679368442
16,1511,1527,0.1533740534107971
16,1509,1525,0.15336952539244336
16,1517,1533,0.15336527750828094
15,1508,1523,0.1533612936097529
15,1498,1513,0.1533607016129503
15,1482,1497,0.15336015062434072
15,1488,1503,0.15335962411846146
15,1496,1511,0.15335912065083934
14,1502,1516,0.15335864062305077
14,1500,1514,0.15336138030313812
14,1511,1525,0.153363865211727
16,1506,1522,0.15336616419196727
15,1517,1532,0.1533618773830016
14,1518,1532,0.15336113595143783
14,1531,1545,0.15336365272918115
14,1518,1532,0.15336602751205244
15,1508,1523,0.15336826161534187
14,1505,1519,0.15336710713279042
14,1506,1520,0.15336929451147754
13,1506,1519,0.15337138671591632
13,1504,1517,0.15337656285115145
14,1511,1525,0.15338140429088667
15,1518,1533,0.15338266162036945
14,1513,1527,0.15338074515149575
13,1517,1530,0.15338212920811756
13,1509,1522,0.15338660323900088
12,1502,1514,0.15339072398548811
10,1502,1512,0.1533977875593362
10,1508,1518,0.15341086263344278
10,1520,1530,0.1534229864927451
10,1514,1524,0.15343431194853518
10,1510,1520,0.15344490926670593
10,1504,1514,0.15345483384376427
9,1496,1505,0.15346413351777122
9,1502,1511,0.1534760387187087
10,1505,1515,0.15348721649617234
9,1499,1508,0.15349445789889035
8,1507,1515,0.1535044608264291
8,1512,1520,0.15351715407684235
8,1517,1525,0.1535290077613635
8,1515,1523,0.1535401126684708
7,1515,1522,0.15355052368834393
7,1512,1519,0.15356349684677828
7,1519,1526,0.15357564573241228
6,1511,1517,0.15358702766145876
6,1509,1515,0.15360093119248897
7,1507,1514,0.1536139959439347
6,1512,1518,0.15362302278410572
6,1514,1520,0.15363478956341267
7,1509,1516,0.15364577742855443
8,1512,1520,0.15365279924782943
8,1502,1510,0.15365623232133724
8,1507,1515,0.15365946655394677
9,1513,1522,0.15366251791048938
9,1520,1529,0.15366208252803698
9,1511,1520,0.15366176429265493
8,1505,1513,0.1536614999481644
8,1509,1517,0.1536645046639342
8,1504,1512,0.15366735737352247
8,1502,1510,0.15367004590070066
8,1495,1503,0.15367257507211962
8,1492,1500,0.15367495305013054
8,1492,1500,0.15367718837754285
8,1500,1508,0.1536792893642704
8,1486,1494,0.15368126393493486
8,1499,1507,0.15368311959511316
8,1496,1504,0.153684863433165
8,1505,1513,0.15368650213378698
7,1507,1514,0.1536880419955811
7,1511,1518,0.15369269324329055
7,1505,1512,0.15369706146333634
7,1509,1516,0.15370114945872895
8,1519,1527,0.15370497822555274
8,1515,1523,0.1537053430466617
8,1518,1526,0.15370571593213816
8,1503,1511,0.153706087675073
8,1494,1502,0.15370644929281474
8,1509,1517,0.1537067970262388
8,1505,1513,0.1537071292638471
8,1507,1515,0.15370744542724576
8,1498,1506,0.1537077454883221
9,1510,1519,0.15370802972944858
9,1511,1520,0.15370506637087394
9,1498,1507,0.1537022826518483
8,1488,1496,0.15369966716291372
8,1473,1481,0.1537004242078607
8,1474,1482,0.15370110743181378
7,1473,1480,0.153701727547328
7,1483,1490,0.15370552233245838
8,1494,1502,0.1537090907979068
9,1498,1507,0.15370917575333404
9,1515,1524,0.15370607476301434
8,1512,1520,0.15370321516850347
8,1503,1511,0.15370378330054696
8,1501,1509,0.15370430724484238
8,1507,1515,0.15370478874219562
8,1516,1524,0.15370523576278627
7,1509,1516,0.15370565269444403
7,1502,1509,0.15370932959815942
8,1526,1534,0.15371271016059107
8,1512,1520,0.15371264329688525
8,1511,1519,0.15371260218740151
8,1512,1520,0.1537125788417379
8,1505,1513,0.15371256498981511
8,1510,1518,0.1537125568574006
8,1517,1525,0.15371255241439938
7,1522,1529,0.15371255045025498
7,1520,1527,0.1537157582812859
7,1524,1531,0.15371874075617886
8,1524,1532,0.15372151907635634
7,1522,1529,0.15372089657506222
7,1524,1531,0.1537235759775664
7,1519,1526,0.15372612145278441
7,1516,1523,0.15372852775576182
7,1518,1525,0.15373079488241828
7,1524,1531,0.15373292761117457
7,1511,1518,0.15373493245156422
7,1513,1520,0.1537368163771351
7,1507,1514,0.15373858633193566
7,1508,1515,0.1537402490318591
6,1506,1512,0.15374181088524672
6,1513,1519,0.15374655584161176
5,1517,1522,0.15375100030118136
5,1521,1526,0.15375842055718722
5,1501,1506,0.15376530157191065
5,1489,1494,0.1537717322926413
5,1489,1494,0.1537777536629269
5,1511,1516,0.1537833969447162
6,1508,1514,0.1537886888168114
6,1509,1515,0.15379036711357025
6,1509,1515,0.15379202806669479
5,1498,1503,0.15379361306004988
5,1493,1498,0.15379838748748212
5,1525,1530,0.153802799630275
5,1529,1534,0.15380692260914494
4,1507,1511,0.15381078441537932
4,1496,1500,0.1538176592380007
4,1504,1508,0.15382409151901177
4,1519,1523,0.1538301120406883
4,1513,1517,0.15383575431809604
4,1515,1519,0.15384104573808294
4,1512,1516,0.15384601023197977
4,1525,1529,0.15385066935478522
5,1530,1535,0.15385504281752105
5,1524,1529,0.15385584096761792
5,1514,1519,0.15385667574699163
5,1514,1519,0.1538574857107929
5,1522,1527,0.1538582602943011
5,1525,1530,0.15385899653874652
5,1523,1528,0.15385969404529365
5,1511,1516,0.15386035352351243
5,1504,1509,0.15386097621793304
5,1516,1521,0.15386156363664547
5,1512,1517,0.1538621174079795
5,1504,1509,0.1538626391997697
5,1514,1519,0.15386313067223908
5,1512,1517,0.15386359345011222
5,1516,1521,0.15386402910620733
4,1504,1508,0.1538644391520895
4,1520,1524,0.15386811526365846
3,1515,1518,0.15387149270086817
3,1519,1522,0.15387794104485167
2,1520,1522,0.153883914164669
2,1510,1512,0.15389277497633103
2,1518,1520,0.15390106927009203
3,1521,1524,0.15390883701785898
3,1509,1512,0.1539127778995854
3,1509,1512,0.1539165468326236
3,1516,1519,0.15392010173803378
3,1510,1513,0.15392344719797726
3,1512,1515,0.15392659300732617
3,1500,1503,0.1539295499962667
3,1509,1512,0.15393232897818243
3,1516,1519,0.1539349404041598
3,1532,1535,0.1539373942398976
3,1511,1514,0.15393969992659567
3,1512,1515,0.15394186637752758
3,1510,1513,0.15394390199088462
3,1512,1515,0.1539458146701875
3,1528,1531,0.15394761184803227
3,1515,1518,0.15394930051099368
3,1513,1516,0.15395088722453168
3,1508,1511,0.15395237815728366
3,1498,1501,0.15395377910441924
3,1503,1506,0.15395509550990044
3,1503,1506,0.1539563324875849
3,1522,1525,0.1539574948411634
3,1516,1519,0.15395858708295448
2,1510,1512,0.15395961345159598
2,1524,1526,0.15396386970070458
2,1516,1518,0.15396785232072158
2,1527,1529,0.15397157847849177
2,1532,1534,0.15397507029878296
2,1519,1521,0.15397834521068943
2,1514,1516,0.15398141819464864
2,1501,1503,0.15398430263172622
2,1505,1507,0.1539870107020394
2,1510,1512,0.15398955360931563
2,1517,1519,0.15399194172500064
2,1513,1515,0.15399418468958312
2,1520,1522,0.1539962914888205
2,1515,1517,0.15399827051415574
2,1513,1515,0.15400012961259557
2,1526,1528,0.15400187612920596
2,1515,1517,0.15400351694419606
2,1505,1507,0.1540050585058649
2,1504,1506,0.15400650686026432
2,1522,1524,0.15400786767816918
2,1519,1521,0.1540091462797779
2,1508,1510,0.15401034765745666
2,1505,1507,0.15401147649676758
2,1514,1516,0.15401253719596952
2,1514,1516,0.15401353388414613
2,1519,1521,0.1540144704380877
1,1519,1520,0.1540153504980365
1,1520,1521,0.15401952774891775
1,1509,1510,0.15402338694364487
1,1502,1503,0.1540269951153347
1,1522,1523,0.1540303761944688
1,1513,1514,0.15403354747626039
1,1534,1535,0.15403652352182348
1,1528,1529,0.154039317262068
1,1516,1517,0.15404194045022965
1,1519,1520,0.1540444038959998
1,1522,1523,0.15404671760834648
1,1519,1520,0.15404889089344503
1,1527,1528,0.1540509324276435
1,1531,1532,0.15405285031518137
1,1525,1526,0.15405465213589317
1,1522,1523,0.15405634498592582
1,1512,1513,0.15405793551333047
1,1517,1518,0.15405942994972166
1,1528,1529,0.15406083413880478
1,1526,1527,0.154062153562326
1,1518,1519,0.1540633933638452
1,1511,1512,0.1540645583706293
1,1510,1511,0.1540656531138962
1,1510,1511,0.15406668184758937
1,1505,1506,0.15406764856583247
1,1497,1498,0.15406855701918548
1,1513,1514,0.15406941072980762
2,1506,1508,0.15407021300561713
2,1510,1512,0.15406759312075075
2,1497,1499,0.15406520845638405
2,1507,1509,0.15406298922953846
2,1524,1526,0.15406091531244595
2,1512,1514,0.15405897372811594
2,1498,1500,0.15405715423633073
2,1499,1501,0.15405544809639807
2,1501,1503,0.1540538475670312
2,1502,1504,0.15405234565377315
2,1510,1512,0.15405093596109012
2,1501,1503,0.15404961259643352
2,1511,1513,0.1540483701031194
2,1502,1504,0.1540472034104768
2,1499,1501,0.1540461077949646
2,1503,1505,0.15404507884861005
2,1496,1498,0.15404411245255129
2,1503,1505,0.15404320475429056
2,1507,1509,0.15404235214774878
2,1513,1515,0.15404155125551358
2,1500,1502,0.15404079891285602
2,1496,1498,0.1540400921532163
2,1511,1513,0.15403942819493419
2,1522,1524,0.15403880442905615
2,1505,1507,0.15403821840808743
2,1514,1516,0.1540376678355832
2,1507,1509,0.1540371505564929
2,1511,1513,0.1540366645481852
2,1508,1510,0.15403620791209266
2,1498,1500,0.1540357788659227
2,1496,1498,0.1540353757363893
2,1492,1494,0.15403499695242345
2,1498,1500,0.15403464103882764
2,1509,1511,0.15403430661033993
2,1517,1519,0.15403399236607965
2,1521,1523,0.15403369708434636
2,1523,1525,0.1540334196177492
2,1525,1527,0.1540331588886429
2,1507,1509,0.15403291388485074
2,1514,1516,0.15403268365565437
2,1504,1506,0.15403246730803447
2,1504,1506,0.1540322640031444
2,1498,1500,0.15403207295300317
2,1507,1509,0.15403189341739185
2,1511,1513,0.15403172470094303
2,1506,1508,0.15403156615040853
2,1508,1510,0.1540314171520957
2,1517,1519,0.15403127712946094
2,1522,1524,0.1540311455408513
2,1531,1533,0.1540310218773839
2,1523,1525,0.15403090566095576
2,1523,1525,0.1540307964423748
2,1523,1525,0.1540306937996056
1,1517,1518,0.15403059733612165
1,1525,1526,0.15403385763836927
1,1519,1520,0.15403685509599552
1,1518,1519,0.154039653420858
1,1518,1519,0.154042273417087
1,1515,1516,0.1540447294451469
2,1520,1522,0.15404703330908856
2,1525,1527,0.15404582520539462
2,1522,1524,0.15404476453869434
3,1520,1523,0.15404378737164298
3,1511,1514,0.15403957409474725
3,1518,1521,0.1540356482248635
3,1512,1515,0.15403198326779685
3,1513,1516,0.15402855413780683
3,1516,1519,0.15402534185554514
3,1516,1519,0.15402233052525294
3,1521,1524,0.1540195062013864
3,1516,1519,0.15401685635309154
3,1495,1498,0.1540143695636901
2,1498,1500,0.15401203534090382
2,1511,1513,0.15401317396224104
2,1513,1515,0.1540141742510274
2,1504,1506,0.15401509441005387
2,1514,1516,0.15401594880500866
1,1513,1514,0.15401674532282036
1,1503,1504,0.154020838628252
1,1495,1496,0.1540246171964073
1,1503,1504,0.15402814792689476
1,1502,1503,0.1540314548942265
1,1520,1521,0.15403455549092515
1,1524,1525,0.1540374643011172
1,1516,1517,0.15404019421738588
1,1520,1521,0.15404275691093847
1,1515,1516,0.15404516308138874
1,1511,1512,0.15404742261131493
1,1517,1518,0.1540495446722473
0,1521,1521,0.15405153780290895
