1370,31,1401,0.13582088051272387
1403,31,1434,0.132976365024732
1412,31,1443,0.1302900862861212
1425,33,1458,0.1278169769221627
1438,33,1471,0.12552894074699433
1447,33,1480,0.1234098622829806
1439,32,1471,0.12145652547089435
1446,31,1477,0.11969823594136735
1452,32,1484,0.11807922689503723
1453,34,1487,0.11658996125888782
1462,34,1496,0.11523139830479712
1449,35,1484,0.11397259386773055
1446,38,1484,0.11285814869655449
1435,37,1472,0.11185031083561933
1443,36,1479,0.11095849111707114
1435,38,1473,0.1101276536955151
1451,41,1492,0.10938949022852848
1453,42,1495,0.1086802506193516
1451,44,1495,0.1080297598152625
1460,43,1503,0.10744209664614104
1447,40,1487,0.10688674594956904
1449,40,1489,0.10641060646204392
1457,42,1499,0.10597279070809879
1462,42,1504,0.10555648609296928
1458,41,1499,0.10516664829962588
1462,42,1504,0.10482035410530897
1460,43,1503,0.10449590122789136
1460,43,1503,0.10420504364131446
1451,41,1492,0.10394002444441253
1453,44,1497,0.1037188878748756
1458,46,1504,0.1035131362186365
1469,46,1515,0.10331526918864224
1457,44,1501,0.10311112005617856
1459,43,1502,0.10295107006474041
1448,44,1492,0.10280121143498505
1456,42,1498,0.10268900434450583
1451,44,1495,0.10256928093385134
1447,43,1490,0.1024712144073839
1435,45,1480,0.10239050766323327
1440,46,1486,0.10234336782134576
1445,45,1490,0.10228896870034766
1465,46,1511,0.1022288812058212
1459,47,1506,0.10213078532488858
1459,46,1505,0.102054766034022
1454,46,1500,0.1019852705594056
1452,42,1494,0.101932786026015
1451,45,1496,0.1018895154354811
1459,44,1503,0.10185227919471437
1450,45,1495,0.10180106687395213
1452,45,1497,0.10177388296689045
1452,44,1496,0.10174472406001288
1447,44,1491,0.10171771649436527
1450,43,1493,0.1017046145558926
1452,41,1493,0.10168617676924878
1456,42,1498,0.10166493169880426
1450,41,1491,0.1016368316084107
1447,39,1486,0.10162418532995587
1449,42,1491,0.10161908302741056
1458,43,1501,0.1016105164009835
1448,45,1493,0.10158343468550973
1451,43,1494,0.1015807928719543
1451,46,1497,0.10157172446487031
1448,46,1494,0.10156321535571966
1452,46,1498,0.10156213312153328
1439,45,1484,0.10155261114094469
1444,47,1491,0.10157194630689949
1448,47,1495,0.10157867144940007
1442,44,1486,0.1015762518452242
1438,47,1485,0.10158713067799435
1455,46,1501,0.10160570487477165
1451,46,1497,0.10158611628602301
1448,48,1496,0.10157710527628903
1443,50,1493,0.1015751187201446
1435,53,1488,0.10158444193120966
1429,57,1486,0.10161029758899465
1429,62,1491,0.10164703027975432
1424,61,1485,0.10168054111909652
1421,59,1480,0.10172226514317853
1417,61,1478,0.10176688423364841
1423,63,1486,0.10181650870394929
1423,62,1485,0.1018488431815795
1427,64,1491,0.10187768679071268
1436,58,1494,0.10189482289825894
1434,57,1491,0.10189172591588648
1438,56,1494,0.10189302884385225
1436,60,1496,0.10188554415352877
1448,57,1505,0.10188286073392065
1441,62,1503,0.1018548952509828
1446,62,1508,0.10184420756087548
1442,61,1503,0.1018239684600497
1439,62,1501,0.10181402776160794
1444,64,1508,0.10181153545141478
1428,67,1495,0.10179891942116537
1442,67,1509,0.10182150325156503
1437,66,1503,0.10181228213728649
1433,65,1498,0.10181459890632123
1423,66,1489,0.10182526983648163
1418,65,1483,0.10185647577294614
1428,65,1493,0.10189535409653473
1426,65,1491,0.10190910333103638
1428,65,1493,0.10192658187141021
1424,65,1489,0.10193804036389409
1434,65,1499,0.10195823046441278
1431,71,1502,0.10195534571839053
1428,70,1498,0.1019591054138023
1420,69,1489,0.10196929276271788
1416,69,1485,0.10199561034188745
1394,73,1467,0.10202809543986124
1415,72,1487,0.10210568735534573
1425,70,1495,0.10213078696273538
1413,71,1484,0.10213200291378711
1416,72,1488,0.10215880219086791
1411,71,1482,0.10217658433390078
1412,72,1484,0.10220383735984431
1405,70,1475,0.10222604140077941
1411,66,1477,0.10226171918210382
1404,68,1472,0.10228105399740361
1416,63,1479,0.10231418852633486
1418,64,1482,0.10231789277897889
1414,66,1480,0.10231728321538228
1415,67,1482,0.10232581627748996
1420,67,1487,0.10233139308175364
1413,68,1481,0.10232559178174581
1418,71,1489,0.10233510751772734
1410,73,1483,0.10233355024269691
1417,76,1493,0.1023502345014854
1409,79,1488,0.10235057188121896
1403,80,1483,0.10236859003139617
1402,79,1481,0.10239792738340778
1406,76,1482,0.10242650132168002
1399,82,1481,0.10244418970234058
1386,80,1466,0.10247558064477667
1403,76,1479,0.1025324797677628
1402,76,1478,0.10254771083800115
1420,74,1494,0.10256359460080901
1419,75,1494,0.1025383575671627
1408,73,1481,0.10251721556753485
1419,74,1493,0.10252169472739821
1435,79,1514,0.10250258886324624
1446,78,1524,0.1024504959310294
1446,77,1523,0.10237901297041961
1438,77,1515,0.1023140425273556
1418,79,1497,0.10227280725580712
1415,82,1497,0.10227886153723414
1417,84,1501,0.10229086661047276
1399,87,1486,0.10229759721353701
1410,86,1496,0.10234272190019161
1420,83,1503,0.10235995673531034
1416,81,1497,0.10235486573840098
1402,90,1492,0.10235931015217577
1394,89,1483,0.10239344186368882
1395,87,1482,0.1024418478618578
1390,89,1479,0.10248348780833315
1394,89,1483,0.10253297338105648
1398,90,1488,0.10256913297438784
1399,87,1486,0.10259360443095238
1400,85,1485,0.1026133264999459
1405,84,1489,0.1026289027030221
1400,85,1485,0.10263196701332554
1398,84,1482,0.10264508583507116
1409,83,1492,0.10266124899006286
1410,84,1494,0.1026524886723623
1411,83,1494,0.1026431339065652
1411,84,1495,0.10263187532508614
1397,86,1483,0.1026216564664497
1409,89,1498,0.10264247325930526
1416,89,1505,0.10263526226854963
1417,88,1505,0.10261375288486754
1407,90,1497,0.10259227643225213
1407,95,1502,0.10259433928955008
1413,89,1502,0.10259681916028505
1414,92,1506,0.10258607053945937
1413,89,1502,0.1025744473910622
1401,89,1490,0.10256626281391551
1403,89,1492,0.10258521493415451
1411,91,1502,0.10259777124203712
1405,95,1500,0.10259215557933615
1413,93,1506,0.10259974497131981
1408,94,1502,0.10258916074688018
1392,93,1485,0.10259045490762178
1396,90,1486,0.10262652673288976
1383,92,1475,0.10265149211269547
1385,94,1479,0.10270212207475136
1400,93,1493,0.10274432745725356
1393,95,1488,0.1027500283565306
1399,95,1494,0.10277125287851292
1405,95,1500,0.10277725088479266
1398,92,1490,0.10276992447975729
1407,94,1501,0.10277760184079242
1412,93,1505,0.10276548406088752
1403,91,1494,0.10274326859522738
1412,89,1501,0.10274305529728793
1414,91,1505,0.10272340553181801
1416,92,1508,0.10270113695253866
1413,95,1508,0.10267718113461172
1418,96,1514,0.10266238089044048
1416,96,1512,0.10263796455929619
1403,96,1499,0.10262004993661333
1405,96,1501,0.10263142555577101
1401,97,1498,0.10263786281945904
1400,97,1497,0.10265213490704393
1407,98,1505,0.10266777299884343
1410,101,1511,0.10266696833435209
1413,101,1514,0.10265933022989997
1401,98,1499,0.10264635250485206
1402,100,1502,0.10266044949879745
1408,101,1509,0.10267108986007471
1405,98,1503,0.10266761994772734
1408,99,1507,0.1026711705425705
1411,97,1508,0.10266802122755742
1399,99,1498,0.10265820563348538
1393,98,1491,0.1026756333633562
1397,97,1494,0.10270516440256071
1391,99,1490,0.10272318168088673
1407,98,1505,0.10275251888832797
1399,97,1496,0.1027452990078002
1395,97,1492,0.10275644179265807
1388,98,1486,0.10277564272539376
1396,98,1494,0.10280784955231866
1393,102,1495,0.10282016099846741
1402,107,1509,0.10283758797105101
1395,104,1499,0.10283432294143605
1383,106,1489,0.10284662531500743
1376,103,1479,0.10288377586025436
1390,104,1494,0.10293309214891985
1390,104,1494,0.10294741665544713
1387,106,1493,0.10296028780038352
1392,107,1499,0.1029778222742174
1388,105,1493,0.10298234807739488
1385,100,1485,0.102994973350947
1378,102,1480,0.1030130558034558
1371,101,1472,0.10304461908682815
1372,104,1476,0.10308877713898007
1383,107,1490,0.10312690230920975
1374,111,1485,0.10313777636749208
1371,110,1481,0.10316770032407888
1381,111,1492,0.10320234665363763
1391,112,1503,0.10321175025204164
1386,110,1496,0.10319807642395531
1375,110,1485,0.10319681768623643
1379,112,1491,0.1032200759243366
1386,109,1495,0.1032324722380121
1384,107,1491,0.10322851339701217
1378,109,1487,0.10322899471607841
1367,106,1473,0.1032427075202183
1376,110,1486,0.1032796749442111
1372,111,1483,0.10329332886344561
1367,110,1477,0.10331493780193196
1372,114,1486,0.10334577109424138
1371,111,1482,0.10336273451116501
1384,110,1494,0.10338092756971382
1388,110,1498,0.10336842678432767
1373,111,1484,0.10334848043392802
1373,114,1487,0.10336342526488053
1382,109,1491,0.10337681806603932
1380,108,1488,0.10336963846342513
1365,113,1478,0.10336714267241233
1364,117,1481,0.10339774004305333
1372,116,1488,0.10342773154973091
1376,113,1489,0.10343751460618832
1379,113,1492,0.10343735172142873
1370,114,1484,0.10343128165422241
1366,116,1482,0.10344552734161098
1373,119,1492,0.10346734127051149
1361,115,1476,0.10347173444155537
1366,113,1479,0.10350246623167227
1381,111,1492,0.10351966000341112
1369,107,1476,0.10350158425794709
1368,113,1481,0.10351179105620086
1371,112,1483,0.10352371605772333
1373,109,1482,0.10352782165761219
1373,112,1485,0.10352676411068755
1383,116,1499,0.10352583719318359
1387,114,1501,0.10350299812634316
1389,113,1502,0.10347391491671579
1374,113,1487,0.1034432405941836
1397,114,1511,0.10344748727732167
1395,115,1510,0.10340198027775002
1380,119,1499,0.10336457581433688
1388,118,1506,0.10336315798317713
1375,122,1497,0.10334378905936024
1374,120,1494,0.10335510728665585
1378,124,1502,0.1033678069720159
1376,123,1499,0.10337048683393721
1369,120,1489,0.1033772310750836
1366,119,1485,0.10339868925708441
1362,115,1477,0.1034241708297996
1368,117,1485,0.10345634493524625
1373,115,1488,0.10347305658603918
1372,114,1486,0.10347729770218081
1377,116,1493,0.10348309312905374
1372,117,1489,0.10347788453594486
1368,119,1487,0.10348397443433421
1369,116,1485,0.10349874160928259
1366,112,1478,0.10350959989726778
1377,115,1492,0.10352567631529393
1385,111,1496,0.10351673110832359
1378,115,1493,0.10349166418682433
1384,115,1499,0.10348421525059642
1393,111,1504,0.10346409331936006
1388,115,1503,0.10342631401921493
1378,114,1492,0.10340282421393823
1374,119,1493,0.10340255809393419
1378,113,1491,0.10341088657455755
1377,114,1491,0.1034096062466643
1393,117,1510,0.103410804802197
1394,117,1511,0.10337701906498381
1390,116,1506,0.10334298653956724
1379,116,1495,0.10332053651421517
1386,113,1499,0.10332484012189219
1381,113,1494,0.10331331216628882
1387,119,1506,0.10331334177089019
1389,118,1507,0.10330050859981632
1387,117,1504,0.10328407180814288
1399,118,1517,0.10327313121962817
1385,118,1503,0.10323735763852233
1384,118,1502,0.10323532308128133
1384,121,1505,0.10323553692688964
1385,117,1502,0.10323580368283455
1381,113,1494,0.1032341176363833
1388,114,1502,0.10324104853001327
1401,112,1513,0.10323175606350972
1373,114,1487,0.1031953482987186
1382,115,1497,0.10322299107942925
1391,113,1504,0.10322925965241694
1383,115,1498,0.10321585860383124
1385,117,1502,0.10322118623404343
1378,115,1493,0.10322192950946153
1378,119,1497,0.10323759534517059
1382,120,1502,0.1032516302176041
1375,119,1494,0.10325530414878195
1375,120,1495,0.10327352331907438
1376,118,1494,0.1032907241506598
1381,116,1497,0.10330350687832318
1386,120,1506,0.10330452160269686
1385,119,1504,0.1032942242001678
1375,122,1497,0.10328705194120946
1382,122,1504,0.10330280138448217
1382,120,1502,0.10330178830827982
1381,122,1503,0.10330123120021625
1386,121,1507,0.1033032529423629
1372,121,1493,0.1032936991306011
1368,119,1487,0.10331585924816665
1362,120,1482,0.10334468705660826
1367,123,1490,0.10338352177551276
1356,129,1485,0.10340802088106253
1359,131,1490,0.10345459845822011
1363,128,1491,0.10349135389869062
1357,129,1486,0.1035158691914095
1356,129,1485,0.10355163171062483
1362,134,1496,0.10358675762020146
1359,136,1495,0.10360546748282044
1363,135,1498,0.10362915911958631
1366,137,1503,0.10364283509750964
1363,136,1499,0.10364869912477026
1367,139,1506,0.10366071609815265
1368,135,1503,0.10366283316463751
1343,133,1476,0.1036627246310752
1342,136,1478,0.10371760616315066
1334,137,1471,0.10376989719124573
1333,140,1473,0.10383437018518649
1339,142,1481,0.10389520759477978
1340,142,1482,0.10393810420879752
1344,143,1487,0.1039748206332935
1338,143,1481,0.10399931802785609
1342,148,1490,0.10403502672277083
1332,145,1477,0.10405936989260609
1339,143,1482,0.10410367669553007
1337,142,1479,0.10412924038035441
1346,149,1495,0.10415708405473449
1351,147,1498,0.10416259727239975
1339,146,1485,0.10415631975691968
1346,143,1489,0.10417660931919087
1341,146,1487,0.10417996112616246
1336,146,1482,0.10419407756238702
1334,154,1488,0.10421819492330087
1334,153,1487,0.10424462054373672
1331,154,1485,0.10426846239847044
1333,157,1490,0.10429723021732049
1345,158,1503,0.10432021154852014
1339,160,1499,0.10431467820661532
1341,160,1501,0.10432310092866594
1344,159,1503,0.10432693465738577
1343,164,1507,0.10432390766634983
1328,165,1493,0.10432369211364001
1309,166,1475,0.10435640426341745
1317,163,1480,0.10442770249814189
1329,164,1493,0.10447518257960779
1330,169,1499,0.10449301267059365
1320,169,1489,0.1045063648854975
1324,171,1495,0.10454038523894643
1330,170,1500,0.10456353348512541
1339,172,1511,0.10457141933169442
1321,174,1495,0.10455961771078652
1328,171,1499,0.10458982063576508
1333,172,1505,0.10460200658887388
1327,171,1498,0.10460214717309309
1317,168,1485,0.10461568347551442
1305,164,1469,0.1046497458681706
1318,169,1487,0.10470745534715607
1315,170,1485,0.10473147780400911
1318,175,1493,0.10476086434715118
1326,177,1503,0.10478144223218556
1332,179,1511,0.10478270813196415
1327,177,1504,0.10477101209606779
1325,176,1501,0.10477138987376299
1327,178,1505,0.10477592367484916
1324,178,1502,0.10477566246841814
1315,182,1497,0.10478152302047583
1311,184,1495,0.10480669596137084
1321,181,1502,0.1048386708464961
1326,182,1508,0.10484591690500107
1313,179,1492,0.10484180621697355
1309,180,1489,0.10486638065265712
1322,185,1507,0.104897415125339
1320,183,1503,0.10489777542499726
1321,180,1501,0.10490189166955675
1321,178,1499,0.10490390835225166
1323,174,1497,0.1049058067406556
1324,179,1503,0.10490327165451423
1310,174,1484,0.10489782044937526
1299,174,1473,0.10492315975176691
1314,172,1486,0.10497084000221223
1309,175,1484,0.10498113158924145
1312,177,1489,0.10500127739029962
1313,176,1489,0.105013604919379
1294,174,1468,0.10502316078742517
1299,173,1472,0.1050736355411048
1306,180,1486,0.10510857856540123
1312,189,1501,0.10512611137004692
1308,192,1500,0.1051294081174235
1297,190,1487,0.10514178533368736
1292,193,1485,0.10517815655992421
1291,187,1478,0.10522257732656488
1286,195,1481,0.10526532770285442
1288,195,1483,0.10531596735725932
1306,195,1501,0.10535698939447016
1298,193,1491,0.10535470988567353
1297,193,1490,0.10536979323185536
1306,191,1497,0.10538554745844433
1301,194,1495,0.10538059279560363
1297,197,1494,0.1053877726132243
1290,191,1481,0.1054043566593274
1289,192,1481,0.1054353494101367
1309,192,1501,0.10546598992941945
1308,194,1502,0.10544952019376902
1300,199,1499,0.10543673055895156
1301,207,1508,0.10544312366581135
1296,209,1505,0.10544695618151731
1293,209,1502,0.10546151531227324
1303,202,1505,0.10548103920577098
1296,204,1500,0.10547706987316918
1285,206,1491,0.1054892660239695
1286,208,1494,0.10552484099787472
1288,208,1496,0.1055546636869035
1288,210,1498,0.10557719073936461
1285,206,1491,0.10559766612477908
1283,207,1490,0.1056236096045583
1282,209,1491,0.10565188880880441
1292,207,1499,0.10568015525028446
1297,205,1502,0.10568334068135968
1278,209,1487,0.1056746747352727
1284,208,1492,0.10570934477029141
1268,212,1480,0.10572781773651908
1272,216,1488,0.10577990703760863
1280,218,1498,0.10581871564024282
1279,220,1499,0.1058371990647823
1266,212,1478,0.10585688248213072
1276,209,1485,0.10590299262397196
1279,210,1489,0.10592369914357494
1282,208,1490,0.10593616321696135
1268,203,1471,0.10594103768807357
1268,210,1478,0.10597647985054358
1268,217,1485,0.10600916127416654
1264,217,1481,0.10603981492542855
1261,221,1482,0.10607711136340506
1267,224,1491,0.10611938843235506
1264,225,1489,0.10614432680681539
1259,228,1487,0.10617321793039416
1259,234,1493,0.10621068579579475
1262,230,1492,0.10624580519080584
1245,227,1472,0.1062716668742047
1264,228,1492,0.10633310719749525
1269,232,1501,0.10634673775756215
1270,233,1503,0.10634903570542158
1267,229,1496,0.10634913674244667
1266,231,1497,0.10635604151939802
1260,228,1488,0.10636441975127144
1266,233,1499,0.10638586922234662
1265,236,1501,0.10639261414248083
1261,238,1499,0.10640112363872917
1262,237,1499,0.10641791982263016
1261,230,1491,0.10643090794712005
1254,234,1488,0.1064441486354146
1261,236,1497,0.10647197025712593
1269,230,1499,0.10648235554641505
1262,232,1494,0.10647453410298907
1266,236,1502,0.1064820972863036
1273,232,1505,0.10648014435884261
1267,227,1494,0.1064629282447247
1268,229,1497,0.1064605882464349
1272,232,1504,0.10645540443194029
1266,226,1492,0.10644207133465083
1265,230,1495,0.10644310645627769
1272,231,1503,0.10644726764615581
1268,234,1502,0.10643530906808389
1267,239,1506,0.10643379594546723
1252,241,1493,0.10643503612083367
1242,242,1484,0.10647032530095409
1257,244,1501,0.10652527262609393
1256,248,1504,0.10654186338223605
1250,245,1495,0.10656002873230717
1244,249,1493,0.10658827178524255
1248,249,1497,0.1066286324977304
1254,252,1506,0.10665649853049582
1241,247,1488,0.10666855117075848
1224,245,1469,0.10670951048248054
1232,249,1481,0.10678466267114835
1230,253,1483,0.10683474392987748
1234,250,1484,0.10688565162656367
1251,245,1496,0.106923390406775
1251,249,1500,0.10692035006246124
1246,251,1497,0.106918698070645
1239,247,1486,0.10692764769504925
1239,249,1488,0.10695215001994819
1243,250,1493,0.10697477792549755
1238,254,1492,0.10698634302862409
1239,252,1491,0.10700780474434604
1229,254,1483,0.10702538943690981
1242,254,1496,0.10706439956718132
1245,253,1498,0.10707091733934028
1242,254,1496,0.10706968850786165
1247,259,1506,0.10707596834826376
1252,256,1508,0.1070707958312627
1250,263,1513,0.10705548259223001
1253,263,1516,0.1070459611847425
1254,256,1510,0.10703051239185556
1251,262,1513,0.10701447203637583
1247,260,1507,0.10700707369414886
1246,258,1504,0.10700829636990139
1243,256,1499,0.1070105108420427
1250,255,1505,0.10701961764795621
1248,255,1503,0.10701274878690789
1252,258,1510,0.10701070495552362
1252,263,1515,0.10699893266056038
1249,254,1503,0.10698752136980687
1246,252,1498,0.10698411242394505
1249,253,1502,0.1069890214525483
1252,252,1504,0.10698663791698777
1255,247,1502,0.10697754734240475
1249,252,1501,0.10696187488206121
1238,253,1491,0.1069605250200085
1248,255,1503,0.10698327115587222
1239,255,1494,0.10698275483916206
1240,256,1496,0.10700243651017277
1241,252,1493,0.10701925877393408
1242,254,1496,0.10703251852851071
1235,253,1488,0.10704269021529286
1250,262,1512,0.10706785355125861
1252,264,1516,0.10705820180748962
1231,263,1494,0.10704466557476146
1235,267,1502,0.10707945048459054
1234,264,1498,0.10710252965056848
1234,268,1502,0.10712625033350061
1234,271,1505,0.10714733009550852
1234,271,1505,0.10716604990841606
1226,262,1488,0.10718370224457723
1219,260,1479,0.10721731935196037
1213,263,1476,0.10726347682068683
1218,269,1487,0.10731854620590092
1221,268,1489,0.1073579990811953
1223,273,1496,0.10738799284964365
1223,269,1492,0.10741228062993087
1223,272,1495,0.10743467002389508
1219,278,1497,0.10745547056936963
1206,276,1482,0.10748368697579813
1204,280,1484,0.10753925606969511
1205,280,1485,0.10759519065606443
1218,278,1496,0.10764411822022531
1224,274,1498,0.10765853950438659
1232,278,1510,0.10765786084119995
1225,278,1503,0.10763945386267178
1230,274,1504,0.10763916280911272
1226,278,1504,0.10762795414641921
1224,281,1505,0.1076265552653184
1235,285,1520,0.10763073222789814
1213,287,1500,0.10761035929242205
1214,286,1500,0.10764026565102906
1222,287,1509,0.10766449568472872
1220,284,1504,0.10766921353772474
1222,286,1508,0.10767867416280534
1221,287,1508,0.10768350150788711
1216,286,1502,0.10768968511447521
1219,281,1500,0.10770665614301646
1229,283,1512,0.10771601275681415
1221,289,1510,0.1077022791185184
1229,289,1518,0.10770748273410086
1226,285,1511,0.1076943549029029
1222,280,1502,0.10768874336881601
1212,286,1498,0.10769367366012357
1204,288,1492,0.10772029818305455
1198,299,1497,0.10776320380185625
1186,298,1484,0.10781694194531555
1182,294,1476,0.10789376754549647
1190,304,1494,0.10797489016901107
1188,305,1493,0.10803079531667223
1197,306,1503,0.10808631332492644
1208,304,1512,0.10811740983548766
1209,307,1516,0.10812079739331276
1213,309,1522,0.10812142410422101
1208,307,1515,0.10811335288806624
1203,313,1516,0.10811759721139672
1180,318,1498,0.10813276663373628
1178,307,1485,0.10819768046646303
1170,309,1479,0.10826111937303892
1173,312,1485,0.10833674427653073
1174,304,1478,0.10839922608175799
1178,313,1491,0.10845527950549143
1170,311,1481,0.10849695227883878
1171,307,1478,0.10855386617923309
1168,309,1477,0.10860449894518825
1177,311,1488,0.10865753536408843
1166,313,1479,0.10868714828919362
1169,312,1481,0.10873937504859287
1165,312,1477,0.10878063571925431
1183,318,1501,0.1088277384734841
1182,315,1497,0.10882964440657793
1191,316,1507,0.10883312412341786
1195,314,1509,0.10881502999553586
1194,305,1499,0.10878956760900298
1195,309,1504,0.108768870448765
1185,312,1497,0.10874718968709861
1177,318,1495,0.10875053282491841
1178,316,1494,0.1087725606502607
1177,313,1490,0.10878948233494153
1165,321,1486,0.10880847060226106
1166,329,1495,0.10885224098651047
1162,330,1492,0.10889040376356761
1179,323,1502,0.1089350260035455
1179,318,1497,0.1089385145310903
1189,321,1510,0.10894198228508739
1175,324,1499,0.10892174459480886
1191,322,1513,0.10893471549029052
1185,322,1507,0.10891022193719557
1187,320,1507,0.10890113517791442
1197,318,1515,0.10888877633863864
1173,313,1486,0.10885543371974532
1180,308,1488,0.10887925630128154
1179,305,1484,0.10888547724599988
1181,315,1496,0.1088919225037684
1191,313,1504,0.10889271788300153
1178,319,1497,0.10887109673597609
1161,318,1479,0.10888154107660601
1168,321,1489,0.10892997855689102
1177,314,1491,0.1089583753085133
1175,319,1494,0.10896418300345868
1175,317,1492,0.10897541854522412
1169,319,1488,0.10898722633486617
1171,319,1490,0.10901098741061237
1170,320,1490,0.10902839588913546
1179,321,1500,0.10904658564392555
1180,316,1496,0.10904221416578423
1190,317,1507,0.1090371965971012
1184,320,1504,0.10900961668479994
1189,324,1513,0.10899773114725132
1184,320,1504,0.10897515695892217
1175,319,1494,0.10896509111087155
1180,323,1503,0.10897692242423097
1189,325,1514,0.10897610065938132
1185,324,1509,0.10895507741645147
1176,321,1497,0.10894463362768804
1176,323,1499,0.10895518772811612
1171,323,1494,0.10896509675982159
1169,321,1490,0.10898626596824527
1154,326,1480,0.1090108442324436
1157,328,1485,0.10906736690299233
1157,330,1487,0.10911262289988642
1157,330,1487,0.10915405173149736
1146,332,1478,0.1091913427604805
1162,336,1498,0.1092508655606144
1159,336,1495,0.10926890398654614
1157,340,1497,0.10929112117569939
1161,342,1503,0.10931682122454589
1162,340,1502,0.10933153974320323
1166,338,1504,0.10934340626531522
1173,342,1515,0.10934565834351158
1174,335,1509,0.10933233797148896
1177,331,1508,0.10931888421487994
1184,336,1520,0.10929864508028463
1168,338,1506,0.10926315696415091
1160,339,1499,0.10926779635226735
1162,343,1505,0.1092896715429845
1153,339,1492,0.10930466651165112
1162,346,1508,0.1093392574038858
1154,344,1498,0.10934952480920301
1154,341,1495,0.10937923926423768
1150,345,1495,0.10940718050486034
1148,336,1484,0.10944261729263116
1143,335,1478,0.10948003609404221
1155,338,1493,0.1095251669855368
1153,339,1492,0.10953692685954922
1150,335,1485,0.10955233214413479
1165,343,1508,0.10957380663684457
1170,339,1509,0.10955888056409986
1164,346,1510,0.10953446264793328
1165,346,1511,0.10952635873538442
1155,348,1503,0.10951785525642979
1157,353,1510,0.10953202473908988
1167,352,1519,0.1095401116655238
1164,340,1504,0.10952509674764582
1176,338,1514,0.10951837998532177
1175,347,1522,0.10948360034850717
1178,345,1523,0.10945496592875362
1178,345,1523,0.10942064679655066
1166,337,1503,0.10939029770303527
1160,343,1503,0.10938979910742891
1162,342,1504,0.1094009854110136
1166,342,1508,0.10940654044468158
1161,344,1505,0.10940183569492597
1157,346,1503,0.10940787599121755
1171,345,1516,0.10942368893218316
1162,346,1508,0.10940628868942742
1169,338,1507,0.10941142889155397
1152,336,1488,0.10939983611375283
1143,336,1479,0.10942881112194983
1144,338,1482,0.10947478525900092
1143,344,1487,0.1095148534435144
1154,348,1502,0.10955346698400553
1149,347,1496,0.10956359017261583
1144,350,1494,0.10958364062029417
1146,353,1499,0.10961382536144396
1135,349,1484,0.10963566714066132
1120,346,1466,0.1096790980620396
1131,352,1483,0.10975413906027384
1138,353,1491,0.10979855044243302
1144,348,1492,0.10982342071852468
1154,351,1505,0.10983348833850481
1147,358,1505,0.1098198611999909
1145,361,1506,0.10982459688036578
1156,363,1519,0.10983499275548471
1160,365,1525,0.10981905186387887
1153,364,1517,0.10979585689504022
1145,362,1507,0.10978941270507354
1137,361,1498,0.10980280142465779
1142,356,1498,0.10983251670216049
1140,361,1501,0.10984852048478767
1128,354,1482,0.10986845749860898
1137,371,1508,0.10991228955016709
1137,367,1504,0.10993229330238194
1136,366,1502,0.10995117567849412
1132,360,1492,0.10996991748755867
1129,361,1490,0.10999745210522144
1139,365,1504,0.1100304608893522
1137,367,1504,0.11003757279405227
1122,367,1489,0.11005112653626677
1133,372,1505,0.11009818126572972
1119,379,1498,0.11011707736010308
1115,384,1499,0.110164273542025
1117,389,1506,0.11021775789072348
1118,388,1506,0.11026396900489818
1120,386,1506,0.1103052557243533
1118,386,1504,0.11033897334762002
1122,387,1509,0.11037233857724893
1122,387,1509,0.11039382196728491
1111,387,1498,0.11041438567254751
1114,386,1500,0.11045819370903703
1119,388,1507,0.11049367900359368
1108,393,1501,0.1105160055166968
1105,395,1500,0.11056133895449229
1104,391,1495,0.11061110658171323
1098,396,1494,0.11065907231094879
1086,396,1482,0.1107189443553219
1088,400,1488,0.11080060145546199
1093,407,1500,0.11087228104769296
1095,407,1502,0.11092763305385672
1086,414,1500,0.11097463858855065
1085,415,1500,0.11103897456406969
1089,413,1502,0.11110208751230272
1087,416,1503,0.11115116097101106
1094,416,1510,0.1111996020302766
1091,412,1503,0.11122934575951941
1081,413,1494,0.1112633943094766
1082,413,1495,0.11131709686295385
1079,420,1499,0.1113644370719336
1085,418,1503,0.11141528879079968
1082,408,1490,0.11144794250494129
1077,417,1494,0.11148675762693776
1087,432,1519,0.11153256261062904
1085,431,1516,0.1115509229071656
1075,430,1505,0.1115725341052778
1077,424,1501,0.11161705434280933
1073,430,1503,0.11165398308269159
1062,428,1490,0.11169906495896298
1057,420,1477,0.11176592706579896
1069,429,1498,0.11183868084420613
1072,440,1512,0.11187718339917224
1060,448,1508,0.11190466325028949
1069,450,1519,0.11195804941235171
1055,457,1512,0.1119859870599133
1050,459,1509,0.11204493373730581
1051,461,1512,0.11211161727115063
1049,459,1508,0.11217183458438498
1053,457,1510,0.11223245532507335
1061,449,1510,0.11227900007146001
1053,445,1498,0.11230374517670913
1050,446,1496,0.11234592739241692
1039,450,1489,0.11239188475067859
1038,458,1496,0.11245801395760102
1028,466,1494,0.11252067891742885
1038,462,1500,0.11260110003579994
1029,462,1491,0.11265348702182941
1024,462,1486,0.11272420090209216
1029,467,1496,0.11280089938942434
1031,463,1494,0.11285848527296719
1038,470,1508,0.11290727360988864
1044,472,1516,0.11293682116935976
1050,467,1517,0.11295182750356218
1039,459,1498,0.1129520489540251
1035,461,1496,0.11298067168089031
1032,463,1495,0.11301449956141257
1021,464,1485,0.11305252061163847
1033,463,1496,0.11311425013110732
1024,460,1484,0.11314133599769619
1022,465,1487,0.11318825477358345
1027,466,1493,0.11323558944299578
1033,467,1500,0.11326755021365892
1039,467,1506,0.11328210817258096
1040,471,1511,0.11328404225820994
1038,467,1505,0.11328273032221277
1050,464,1514,0.11328637632238472
1057,468,1525,0.113261658513753
1048,466,1514,0.11322285118541935
1045,472,1517,0.1132095187292654
1035,473,1508,0.11320394526484186
1040,475,1515,0.11322256266176779
1037,479,1516,0.11322875284797647
1034,473,1507,0.1132399013896192
1039,465,1504,0.11325871604721442
1037,471,1508,0.11326531952016794
1031,475,1506,0.11327808163403418
1029,481,1510,0.11330459037512636
1026,483,1509,0.11333332222494187
1026,488,1514,0.11336725681001919
1011,494,1505,0.11340191402386016
1013,489,1502,0.11347024241517226
989,484,1473,0.11352664206857285
996,497,1493,0.11363432628789617
995,496,1491,0.11371754833113291
1010,502,1512,0.11379719285383626
1000,499,1499,0.1138360285926445
1007,504,1511,0.11389523760405877
1001,502,1503,0.11393195053055143
1009,497,1506,0.11397760080269391
1003,498,1501,0.11400346917042718
1003,501,1504,0.11404146225017639
1016,503,1519,0.11407656448679948
1024,504,1528,0.11408043310185842
1024,500,1524,0.11406399230811974
1033,499,1532,0.11404852203440545
1030,499,1529,0.11401404283423024
1015,501,1516,0.11399060062786448
1005,500,1505,0.11400483541787289
998,500,1498,0.11404314822390865
998,504,1502,0.11409461541719658
986,504,1490,0.11414197180558887
983,520,1503,0.11421293579745864
983,521,1504,0.11428531441826013
983,510,1493,0.11435050681340947
984,509,1493,0.11441268236939525
973,515,1488,0.11446845002573354
977,524,1501,0.11454560898105579
981,521,1502,0.11460646496315473
980,517,1497,0.11465373970723944
982,521,1503,0.11469933657940133
989,523,1512,0.11473794453132617
989,520,1509,0.11475585450586767
981,524,1505,0.11477366638384606
977,521,1498,0.11480935612197221
975,525,1500,0.11485046387635396
970,519,1489,0.11489268719586952
962,523,1485,0.11494454110854921
956,538,1494,0.11501229246012067
961,536,1497,0.11509074656294142
958,535,1493,0.11515200879749549
957,535,1492,0.11521617497751818
964,541,1505,0.11527731212628524
968,542,1510,0.11531671735442929
953,534,1487,0.1153459763322805
961,551,1512,0.11540991937093921
953,551,1504,0.11545159148317513
949,549,1498,0.11550860952450318
945,553,1498,0.11556880829985605
937,567,1504,0.11563428757498688
935,561,1496,0.11571576180877179
932,559,1491,0.11579750904958758
936,567,1503,0.11588207346319848
931,569,1500,0.11594978604659517
931,571,1502,0.11602642405524165
943,571,1514,0.1160960888874458
938,563,1501,0.11613286951716997
943,562,1505,0.11617763519526111
933,564,1497,0.11620767650508626
924,573,1497,0.11625986997371797
935,575,1510,0.11633011058936414
939,575,1514,0.11636781828785779
933,572,1505,0.11639494768430197
932,571,1503,0.11643542080209818
934,572,1506,0.11647453174613734
930,578,1508,0.11650460766077561
924,570,1494,0.11654159093553869
924,571,1495,0.11659029761523952
925,568,1493,0.1166351842933291
923,571,1494,0.116674622671349
921,580,1501,0.11671511826485165
923,582,1505,0.11675706331024373
921,582,1503,0.11679168408970579
924,580,1504,0.11682730351480887
928,590,1518,0.11685381057141399
922,595,1517,0.1168694237357219
916,598,1514,0.116897596640278
915,590,1505,0.11694065180704687
917,584,1501,0.11698418738550143
920,585,1505,0.11701957222502588
923,581,1504,0.11704406643500027
917,587,1504,0.1170585525958597
920,590,1510,0.11708566835576929
922,593,1515,0.11710452019796748
934,588,1522,0.11711727894407993
922,588,1510,0.11710140155736153
924,588,1512,0.11711830115625797
909,582,1491,0.11712886292954736
910,581,1491,0.11717651447926024
926,581,1507,0.1172161435716014
919,582,1501,0.11721369096055005
923,589,1512,0.11722784576534068
923,583,1506,0.11723094430239826
928,577,1505,0.1172337151165354
922,572,1494,0.11722433587986501
935,572,1507,0.11722930475262555
934,571,1505,0.11720341331988272
934,569,1503,0.11718267123122152
939,574,1513,0.11716416681991947
929,578,1507,0.11713607256310958
933,575,1508,0.11713441463750957
919,577,1496,0.117123714949923
918,576,1494,0.11714684617565542
918,575,1493,0.1171675472916185
922,573,1495,0.11718712269411244
925,567,1492,0.11719627693659791
920,566,1486,0.11719793362535581
930,574,1504,0.11721074520439703
921,585,1506,0.1171989417880381
923,579,1502,0.11721028797604358
915,580,1495,0.11721509183494586
921,583,1504,0.11723840523358935
911,582,1493,0.11724764962499627
914,580,1494,0.11727930209335108
915,573,1488,0.11729995802592569
897,585,1482,0.1173175911560584
896,587,1483,0.11737815820226573
897,591,1488,0.11743640277847979
909,596,1505,0.11748744273390813
915,589,1504,0.11750670253614989
915,582,1497,0.11750973835954927
911,578,1489,0.11751326819445726
918,586,1504,0.1175245737439843
926,587,1513,0.11751871750711501
917,590,1507,0.11749499602355627
917,590,1507,0.11749408389796961
923,582,1505,0.11749339704977384
929,586,1515,0.11747700680634583
916,575,1491,0.11744810423209678
920,573,1493,0.11745371003298409
909,580,1489,0.1174486080275712
919,585,1504,0.11747056189732319
918,589,1507,0.11746685738370669
918,583,1501,0.11746474108483977
914,589,1503,0.11746357759459636
919,589,1508,0.11747347724177372
920,602,1522,0.11747230942291288
896,598,1494,0.11746960616352198
905,590,1495,0.1175251441906311
913,592,1505,0.11755458236962799
911,591,1502,0.11756156236092369
922,591,1513,0.11757295409439969
909,595,1504,0.11755625054181947
907,594,1501,0.1175725942963411
912,593,1505,0.11759259515620359
911,592,1503,0.1175982825128037
908,584,1492,0.1176065742242122
908,583,1491,0.11762106388774171
922,583,1505,0.11763492114648151
914,587,1501,0.11761455640840364
919,591,1510,0.1176150805321879
917,595,1512,0.11760317554714453
910,596,1506,0.11759817167108615
914,595,1509,0.11761145058282686
907,600,1507,0.11761378703582476
905,608,1513,0.11763298842154345
902,608,1510,0.11765639861673695
904,601,1505,0.11768381493047993
899,598,1497,0.11770390973310949
907,601,1508,0.11773342364576235
904,607,1511,0.11774014068498836
903,608,1511,0.11775421635442501
907,610,1517,0.11777047376368092
900,609,1509,0.11777649328814518
890,613,1503,0.11780028327622752
884,615,1499,0.11784645949178607
875,609,1484,0.11790441338976965
870,614,1484,0.11797946225517825
869,616,1485,0.11806176484223409
866,632,1498,0.11814043229531312
874,640,1514,0.11822154135587766
862,634,1496,0.11827727316472729
866,642,1508,0.11835697290775726
870,641,1511,0.11842259863492063
868,634,1502,0.11847440820206977
868,637,1505,0.11852739499681007
871,636,1507,0.1185760519465849
870,642,1512,0.11861474473757888
865,635,1500,0.1186553473051293
865,638,1503,0.11870638031644627
863,647,1510,0.11875426721939747
859,645,1504,0.11880739881447294
858,641,1499,0.11886710960085078
863,642,1505,0.11892400939084012
862,641,1503,0.11896567843641855
848,648,1496,0.1190057745386846
854,641,1495,0.11907623281837758
846,642,1488,0.1191264684178601
842,641,1483,0.11918984853137403
843,641,1484,0.11925838284438499
855,644,1499,0.119316902743358
842,647,1489,0.1193446856511902
855,646,1501,0.11940235435712113
859,647,1506,0.1194230103991417
866,644,1510,0.11943364501022741
857,646,1503,0.11942680174743994
858,639,1497,0.11944155459506575
850,636,1486,0.11945169268861118
857,641,1498,0.11948127042802309
862,640,1502,0.11949030193113325
852,645,1497,0.11948853939039374
854,647,1501,0.11951151076587964
850,653,1503,0.119528712312649
848,662,1510,0.119554274386876
848,657,1505,0.11958253535769056
840,654,1494,0.11960971919264209
840,648,1488,0.11965382575673665
847,663,1510,0.11969343631100512
841,671,1512,0.11971507482487709
831,664,1495,0.119747968067816
828,652,1480,0.11980370193632775
831,649,1480,0.11986234881575453
830,664,1494,0.11991035872841077
825,664,1489,0.11995707183941953
831,659,1490,0.12001246304804525
832,664,1496,0.12004835164514883
836,665,1501,0.12007947483009804
835,673,1508,0.120099064747728
842,672,1514,0.12012039919018243
842,674,1516,0.12012253085255142
845,681,1526,0.12012569041586434
841,675,1516,0.12012126025155336
832,679,1511,0.12012737586016843
837,679,1516,0.1201570874704095
841,671,1512,0.1201698351710766
840,671,1511,0.12017207974929002
832,672,1504,0.12017683278742364
827,677,1504,0.12020148775782138
831,673,1504,0.12023508733383366
821,685,1506,0.12025643767517835
817,674,1491,0.12030192241086614
823,673,1496,0.1203527080478662
832,668,1500,0.12038543077058626
834,667,1501,0.12039550161889061
832,671,1503,0.12040003972366636
823,670,1493,0.1204093213540326
827,677,1504,0.12044034368496505
830,682,1512,0.12045895605945961
821,677,1498,0.12046878795226312
821,677,1498,0.12049982073834993
828,689,1517,0.12052768127693264
829,685,1514,0.12053821310668664
816,693,1509,0.12054622980889594
807,692,1499,0.12058681248416547
793,689,1482,0.1206481490875832
807,686,1493,0.1207373560051532
814,692,1506,0.12078619994129991
808,689,1497,0.12081499681286306
810,696,1506,0.12085756482791321
812,697,1509,0.1208918561086486
813,692,1505,0.12091870738296642
808,692,1500,0.12094323270545196
815,699,1514,0.12097858514705916
803,696,1499,0.12099470172534271
800,692,1492,0.12104016368193118
802,698,1500,0.12108854901854756
803,705,1508,0.12112751639062022
802,697,1499,0.12116222886150485
800,701,1501,0.12119663990494717
808,706,1514,0.12123293283430621
796,708,1504,0.12124858383777681
785,712,1497,0.1212943613163008
787,718,1505,0.12136440656365827
789,725,1514,0.12142503547799598
785,725,1510,0.12147554014845234
779,722,1501,0.12153140496369699
781,716,1497,0.12159779719201655
779,716,1495,0.12165421508770137
786,714,1500,0.12171175218365585
794,719,1513,0.12175048647908646
789,719,1508,0.12176748230021044
779,722,1501,0.12179562351685086
773,721,1494,0.12184640550669577
773,727,1500,0.1219082923958603
784,729,1513,0.12196422294796136
784,729,1513,0.12198919370064179
778,731,1509,0.12201348124436759
772,728,1500,0.12205177197443738
777,725,1502,0.1221015705868781
773,732,1505,0.12213513306539038
769,736,1505,0.12217736218626742
772,740,1512,0.12222379052412076
757,732,1489,0.12225985780124336
764,734,1498,0.12232965208795436
769,726,1495,0.12237789603703743
772,723,1495,0.12241126720322335
772,727,1499,0.12243356154185975
771,734,1505,0.1224540352155013
773,738,1511,0.12247404820356596
774,733,1507,0.12249010388455707
774,731,1505,0.12250222770921644
770,733,1503,0.12251532873797473
769,735,1504,0.12253613740747685
766,734,1500,0.12255730877106615
758,734,1492,0.1225840101814093
769,745,1514,0.12262929900008909
767,746,1513,0.12264488803546669
760,750,1510,0.12266399062194838
765,742,1507,0.12269771324810623
768,745,1513,0.12271500526855485
762,747,1509,0.12272431539323207
770,741,1511,0.12274729230222055
767,737,1504,0.12274907538519557
770,741,1511,0.12275900741708075
769,745,1514,0.12276099073183162
766,748,1514,0.1227641316396248
769,742,1511,0.12277535062427423
765,747,1512,0.12277920999384513
750,750,1500,0.12279271531109517
753,750,1503,0.122841447635726
756,744,1500,0.12287856758423395
755,745,1500,0.12290677042416165
754,747,1501,0.1229331454715314
754,745,1499,0.12295827315969846
761,742,1503,0.12298190708043809
758,745,1503,0.12298584009112455
755,758,1513,0.12299679110392064
764,761,1525,0.12301582540727414
752,754,1506,0.1230115579305994
762,744,1506,0.12303672207647093
761,753,1514,0.12303781893228635
765,748,1513,0.12303927845774613
750,755,1505,0.12303119012538996
756,765,1521,0.12306086475204647
745,761,1506,0.12307308774440599
738,756,1494,0.12311039386959319
746,755,1501,0.12316075922998991
752,753,1505,0.12318696465812291
746,758,1504,0.12319463549450552
746,752,1498,0.12321646003378643
744,754,1498,0.12323602001000084
747,757,1504,0.1232597066462373
737,766,1503,0.12327677383608127
747,765,1512,0.12331583091891779
743,772,1515,0.12332743966923078
730,775,1505,0.12334718107385595
731,771,1502,0.12339832448119172
730,770,1500,0.12344424118505837
730,771,1501,0.1234868958812077
738,776,1514,0.12352663118693263
732,776,1508,0.12354444426258361
738,780,1518,0.12357513653215606
728,783,1511,0.1235876811535805
714,770,1484,0.12362512159564766
707,769,1476,0.12369296399867535
715,772,1487,0.12377322395152401
720,771,1491,0.12382824967290512
724,793,1517,0.12386685872171008
732,797,1529,0.1238932758660798
735,796,1531,0.12389771297913739
730,795,1525,0.12389429425909412
728,794,1522,0.12390301156057028
730,788,1518,0.12391531195153181
723,789,1512,0.1239220641450688
724,782,1506,0.12394308412298269
721,786,1507,0.12396016548727713
719,776,1495,0.12398228407455371
724,779,1503,0.12400693034293607
719,776,1495,0.12401832350679942
717,786,1503,0.12403952892678298
722,794,1516,0.12406313359666489
724,793,1517,0.12407394774836276
722,793,1515,0.12408067410658953
714,790,1504,0.12409439666692709
708,794,1502,0.12412804100522092
713,792,1505,0.12417356857158027
708,791,1499,0.1242012193002996
706,802,1508,0.12423818880167453
708,799,1507,0.12427658280475391
705,794,1499,0.12430764435907957
711,795,1506,0.12434354200095114
716,797,1513,0.12436264991206462
709,792,1501,0.12436718716187446
716,796,1512,0.12438922107119792
709,801,1510,0.12439296108890277
707,806,1513,0.12441423451956524
710,805,1515,0.12444011342498489
700,807,1507,0.12445832725459187
708,806,1514,0.12450046340127387
710,810,1520,0.12451989396223391
715,806,1521,0.1245318899276586
706,800,1506,0.12452986579867935
704,790,1494,0.12455037213209964
707,798,1505,0.12457406488241228
714,797,1511,0.12458661154388417
705,796,1501,0.12458085966354272
704,802,1506,0.12459540444290634
714,803,1517,0.12461137197095011
701,806,1507,0.12459998213560482
705,810,1515,0.12462154492380978
697,808,1505,0.12463300290437679
702,803,1505,0.12466400458484538
704,797,1501,0.12467772127009974
704,805,1509,0.12468417846095185
707,807,1514,0.12469126880167679
691,811,1502,0.1246895269088679
707,809,1516,0.12472607606353271
696,816,1512,0.1247194054913913
689,819,1508,0.1247417805892973
687,818,1505,0.12478062289603485
691,813,1504,0.12482215077138768
689,816,1505,0.12485014711527619
687,821,1508,0.12488241559099741
695,821,1516,0.12491810877871927
696,820,1516,0.1249316046120125
690,823,1513,0.12494318808362075
686,810,1496,0.12496961875890741
680,814,1494,0.1250046483861589
677,831,1508,0.12505291792426274
676,836,1512,0.12510403363017872
668,846,1514,0.12515208062329955
660,833,1493,0.12521955333364101
672,840,1512,0.12530059095075136
665,841,1506,0.12534671980337692
664,845,1509,0.1254065517944088
658,844,1502,0.12546494616787773
653,840,1493,0.12553649784788015
649,851,1500,0.12561600507715476
649,854,1503,0.12570023100708203
645,861,1506,0.12577980756533327
645,870,1515,0.1258651683291849
648,876,1524,0.12594371683254635
645,871,1516,0.12600999481155653
646,869,1515,0.12607917491845783
640,867,1507,0.1261398228973526
647,865,1512,0.12621274985947017
642,880,1522,0.12626471381905943
634,878,1512,0.12632455092578238
646,879,1525,0.12639881101329906
638,870,1508,0.12643943509419764
635,875,1510,0.12649781575778346
633,871,1504,0.12655990703288572
631,869,1500,0.1266241843299114
633,868,1501,0.12668792431487647
638,873,1511,0.12674085265162163
631,887,1518,0.12677782379018143
636,881,1517,0.1268282499022677
632,882,1514,0.126862139672356
636,884,1520,0.1269033584428422
639,880,1519,0.1269315046341393
638,876,1514,0.1269524187926082
622,881,1503,0.12697551299826657
618,870,1488,0.12703584842834137
620,878,1498,0.1271015982297306
624,876,1500,0.12715774793958004
629,878,1507,0.12719939595420807
632,871,1503,0.12722411953851073
637,871,1508,0.12723938860603218
637,872,1509,0.12724254079054534
639,880,1519,0.12724650703192064
630,863,1493,0.1272466895038746
642,864,1506,0.12726858959346196
641,860,1501,0.12725950421136387
645,859,1504,0.1272556155782379
638,863,1501,0.127241457035479
634,874,1508,0.12724635450792335
644,870,1514,0.12726164959852315
635,862,1497,0.12725100373145984
635,868,1503,0.12726370348085683
631,877,1508,0.12727432696199442
628,870,1498,0.12729524818411067
625,871,1496,0.12732154568558912
626,880,1506,0.12735340071818452
616,877,1493,0.12737931794262547
625,887,1512,0.12742836995632417
622,876,1498,0.1274517344295727
618,874,1492,0.12748266511626055
614,880,1494,0.1275204710305322
622,875,1497,0.12756399162740067
627,885,1512,0.12758366352827555
625,892,1517,0.12758965657491217
613,890,1503,0.12760155977821575
622,882,1504,0.1276434211148507
626,884,1510,0.12766094393772887
627,884,1511,0.12766587502992924
630,878,1508,0.12766524056853468
641,880,1521,0.12765834410871504
646,876,1522,0.12762310118135603
647,869,1516,0.12757759892778486
642,870,1512,0.1275345070319969
639,878,1517,0.12750735823160553
638,874,1512,0.1274888780750229
625,883,1508,0.12747437653803712
624,887,1511,0.1274922005778379
626,881,1507,0.12751073248486955
627,882,1509,0.12752328016689848
623,892,1515,0.1275316799896043
629,896,1525,0.1275489168434587
635,895,1530,0.12754955054101683
642,897,1539,0.12753734796467273
633,886,1519,0.12750810637159135
633,888,1521,0.1275039833564491
630,888,1518,0.1275005391607604
629,892,1521,0.12750593364305757
624,889,1513,0.12751412679261648
626,888,1514,0.12753460502619496
617,900,1517,0.12754695795791943
620,895,1515,0.12758123165366303
624,891,1515,0.12760670905225965
620,890,1510,0.12762179348397118
613,882,1495,0.1276443589631956
618,884,1502,0.12768219379644724
627,891,1518,0.1277044018543703
625,885,1510,0.12770276086500093
627,898,1525,0.1277069515611657
621,893,1514,0.1277081972983451
621,896,1517,0.12772546212756172
623,889,1512,0.12774100245408115
623,884,1507,0.12775115608478066
624,899,1523,0.12776242413818958
613,891,1504,0.12776992182479735
614,891,1505,0.12780400907526449
616,891,1507,0.12783436849037547
612,894,1506,0.12785905977141607
612,894,1506,0.1278900945931814
611,905,1516,0.1279182247387139
613,900,1513,0.12794560292829713
611,906,1517,0.12796722436322472
607,911,1518,0.12799315050335283
615,905,1520,0.12802876519274736
616,904,1520,0.12804122540093946
612,891,1503,0.1280498502298701
607,890,1497,0.12806640344710957
615,894,1509,0.1280947526426373
616,896,1512,0.12810440260968928
617,900,1517,0.12811272317578237
610,906,1516,0.12811744455943677
598,911,1509,0.1281394265083201
609,906,1515,0.12818966231977208
608,902,1510,0.12820791989866115
611,902,1513,0.12822750473933944
615,910,1525,0.12823951625715352
604,908,1512,0.12824002823477468
601,897,1498,0.12826750155510644
605,907,1512,0.1283022712606072
604,916,1520,0.12832401106441021
597,915,1512,0.12834799096300523
589,911,1500,0.12838714537272375
592,908,1500,0.1284450430308121
594,917,1511,0.12849393758445557
598,917,1515,0.12853358570645237
597,916,1513,0.12856003591468776
599,907,1506,0.12858652182239796
593,915,1508,0.1286060962293311
584,914,1498,0.128638858502714
577,912,1489,0.128692585759695
580,921,1501,0.12875883825856266
583,917,1500,0.1288134036027381
582,921,1503,0.12885780224514562
572,925,1497,0.12890221301471363
583,932,1515,0.12896730503442957
585,933,1518,0.12900126425125605
581,923,1504,0.12902864057911873
580,934,1514,0.12906343283692023
575,926,1501,0.1290962367058684
568,935,1503,0.12914027225872393
569,934,1503,0.12919993852169628
567,922,1489,0.12925141284618044
563,929,1492,0.12930486506179698
575,944,1519,0.12936533239794737
574,939,1513,0.1293912884205738
568,937,1505,0.1294199940238984
574,927,1501,0.12946156318870863
594,935,1529,0.1294859087781977
590,920,1510,0.129458419590001
585,927,1512,0.12944124831915008
586,927,1513,0.12943915869018877
571,926,1497,0.12943482585834296
573,929,1502,0.1294665719499997
585,923,1508,0.12949047376396575
585,929,1514,0.12948244147086307
582,921,1503,0.1294778656841749
582,924,1506,0.12948246177610423
583,938,1521,0.12948847386225415
573,931,1504,0.1294894273317092
571,932,1503,0.12951574852949022
570,929,1499,0.12954424701671718
570,931,1501,0.12957218194697553
572,934,1506,0.12959836571978428
573,930,1503,0.12961724779843264
575,921,1496,0.1296329369142616
572,925,1497,0.12964110487937117
584,930,1514,0.1296561949706403
587,927,1514,0.12964052810493865
581,918,1499,0.12961808697526814
586,919,1505,0.12961310498125406
584,927,1511,0.12959440258387814
580,923,1503,0.12958294379442348
575,922,1497,0.12958031307563078
577,933,1510,0.12958948267104275
580,934,1514,0.12959372529819663
585,916,1501,0.12958981933059602
580,924,1504,0.1295737172503821
589,920,1509,0.1295707799374539
591,911,1502,0.12954793259646588
588,925,1513,0.12952365854937675
582,925,1507,0.12950726747441557
581,925,1506,0.12950839229574557
582,928,1510,0.12951308991989577
587,926,1513,0.1295157709066138
587,928,1515,0.1295036611192414
584,925,1509,0.12949040560160857
585,926,1511,0.12948695971875096
587,936,1523,0.12948271695185248
574,931,1505,0.12947370531135036
581,931,1512,0.12949793220404077
582,939,1521,0.12950254420606064
575,931,1506,0.12950416346696259
579,933,1512,0.1295220096027429
570,945,1515,0.1295299371923819
569,928,1497,0.12956015257946493
574,942,1516,0.12959123251743548
572,946,1518,0.1296085426343669
572,935,1507,0.12963100507607728
561,945,1506,0.12965278073845904
560,953,1513,0.12970202090847663
555,954,1509,0.12975026541614415
562,953,1515,0.12980885940530695
560,953,1513,0.12984495010764088
560,969,1529,0.12988416010135354
550,963,1513,0.12992215383995803
553,962,1515,0.12998088763207133
554,964,1518,0.13003012296616262
544,974,1518,0.13007326243142037
539,968,1507,0.13013813217550121
538,974,1512,0.13021127684708836
542,963,1505,0.13028276099439
539,965,1504,0.1303384094158179
532,967,1499,0.13039882186477442
538,965,1503,0.13046840716971483
540,969,1509,0.13051813459272663
535,964,1499,0.13056136212625433
538,965,1503,0.13061328879301345
536,959,1495,0.13065405539820385
535,968,1503,0.13069530277107044
542,964,1506,0.1307361737277801
538,966,1504,0.13075800387017944
542,959,1501,0.13078846529671062
542,964,1506,0.13080698680950006
546,965,1511,0.13082524941801238
544,972,1516,0.13083172349211505
546,970,1516,0.13084311065641527
547,967,1514,0.13084841290348076
542,963,1505,0.13084983257359137
538,953,1491,0.13086405858735228
541,947,1488,0.13088664962096222
542,948,1490,0.13089966847433124
551,952,1503,0.13090718858305306
550,963,1513,0.13089094968011003
546,947,1493,0.1308789744667151
536,951,1487,0.13087835595850902
537,971,1508,0.13090335321100655
543,967,1510,0.13092482431045957
542,962,1504,0.13092995182089526
545,959,1504,0.1309371066389684
545,960,1505,0.13093667190370856
544,961,1505,0.13093524399384773
544,964,1508,0.13093684092153823
549,969,1518,0.13094077842130036
543,968,1511,0.13093146839169448
549,977,1526,0.13094122793023272
541,981,1522,0.13093578593610816
536,988,1524,0.13094996947803927
536,986,1522,0.13097540498361207
527,979,1506,0.13099902152672357
528,976,1504,0.1310440496982133
526,977,1503,0.1310849038158095
527,973,1500,0.13112650068080897
524,981,1505,0.13116279785745608
530,989,1519,0.13120510410476033
527,996,1523,0.13122905608440444
534,995,1529,0.13126057663716992
536,993,1529,0.13127304918450627
529,996,1525,0.13128084543478058
522,991,1513,0.13130493733973844
526,983,1509,0.13134702605063492
520,987,1507,0.131374709216752
516,986,1502,0.13141427870731454
512,993,1505,0.1314610221489456
509,985,1494,0.13151348830650558
508,986,1494,0.13156972729681216
503,991,1494,0.13162416668914312
507,991,1498,0.13168694692035715
504,990,1494,0.1317366408445319
505,988,1493,0.1317915792176391
504,990,1494,0.13184251054740187
506,1003,1509,0.131892629993968
504,999,1503,0.13193386191663325
497,1003,1500,0.13197811775381296
507,1001,1508,0.13203777600121458
513,1000,1513,0.13206579012802144
502,1005,1507,0.13207525193120678
502,1010,1512,0.13211247990571515
503,1017,1520,0.13214769915813337
502,1019,1521,0.1321774129620084
503,1019,1522,0.13220848906515303
508,1019,1527,0.13223375634704143
506,1014,1520,0.132244805125207
506,1014,1520,0.13226230523299973
497,1011,1508,0.13227688118555053
500,1005,1505,0.13231320480706424
499,1013,1512,0.13233943179770113
499,1017,1516,0.13236663365391535
495,1006,1501,0.13239162721110107
493,1015,1508,0.1324254349056877
484,1007,1491,0.13246282147838
484,1009,1493,0.13252231956553925
486,1013,1499,0.13257838481397208
493,1013,1506,0.1326252356998405
493,1017,1510,0.13265042823690265
494,1003,1497,0.13267439387920377
490,1017,1507,0.132695190013494
486,1015,1501,0.13272585542357135
489,1026,1515,0.13276520183808876
488,1019,1507,0.13279449061361848
482,1026,1508,0.13282534215603167
480,1024,1504,0.13286937612866784
481,1028,1509,0.1329150798498817
477,1029,1506,0.13295559132779886
476,1024,1500,0.1330032598594463
471,1037,1508,0.13305131645219326
471,1029,1500,0.13311002368532546
478,1034,1512,0.13316344263079685
476,1024,1500,0.1331965297008926
470,1018,1488,0.1332301445511118
470,1027,1497,0.13327582341649993
462,1038,1500,0.13332028414584435
471,1031,1502,0.1333813528230905
468,1037,1505,0.1334128603171967
471,1032,1503,0.1334495836051536
469,1038,1507,0.1334735438929185
471,1046,1517,0.1335012047898316
474,1043,1517,0.13352081672732283
473,1044,1517,0.13353133192574373
465,1055,1520,0.1335445515906093
470,1047,1517,0.13357875730377822
466,1039,1505,0.13359893264399156
465,1034,1499,0.1336266824091011
466,1038,1504,0.13365414694744218
468,1044,1512,0.13367829475339554
466,1045,1511,0.13369394275791766
455,1042,1497,0.13371494554585228
451,1052,1503,0.13376507442751034
452,1045,1497,0.13382238470866983
455,1042,1497,0.13387284849249675
450,1067,1517,0.13391049815366324
448,1054,1502,0.13395937208395128
445,1055,1500,0.13401052640970368
449,1055,1504,0.1340647750795169
443,1052,1495,0.13410522775521577
438,1065,1503,0.13415953049645826
433,1042,1475,0.13422157142609628
437,1045,1482,0.13429333261979776
446,1053,1499,0.13434917940793806
446,1058,1504,0.13438049036696179
437,1063,1500,0.1344102376816532
436,1053,1489,0.13446095852841097
435,1056,1491,0.1345096247309555
440,1062,1502,0.13455835825097626
436,1071,1507,0.1345905848105924
436,1060,1496,0.13463075842466235
437,1061,1498,0.13466841732386217
450,1054,1504,0.134702444247072
446,1063,1509,0.1347012540045357
435,1071,1506,0.13471017712506594
436,1077,1513,0.1347465883662166
433,1079,1512,0.1347768662249684
433,1080,1513,0.1348145783903053
437,1085,1522,0.13485122078467945
443,1084,1527,0.13487373164030256
446,1064,1510,0.13487927622962623
443,1067,1510,0.13487512376388266
439,1059,1498,0.13488160744036468
442,1060,1502,0.13489771417721486
439,1060,1499,0.13490467513263785
447,1056,1503,0.1349176496796165
453,1063,1516,0.134910482395782
447,1067,1514,0.13488840411531833
447,1063,1510,0.1348837554480568
447,1062,1509,0.13487944738492408
443,1063,1506,0.13487431609914372
437,1057,1494,0.13487963987502946
444,1057,1501,0.13489887809907425
449,1054,1503,0.1348973760305276
446,1063,1509,0.1348846782081317
442,1064,1506,0.13488172963112174
444,1072,1516,0.13488947567444864
442,1073,1515,0.13489195174897206
437,1077,1514,0.13490077869568673
440,1077,1517,0.13492215798695412
444,1079,1523,0.1349334994666142
429,1085,1514,0.13493418999628773
430,1080,1510,0.13497399197112472
432,1088,1520,0.13500734192275243
429,1089,1518,0.13503396655912256
426,1085,1511,0.13506692987960914
430,1073,1503,0.13510538217939166
437,1079,1516,0.13513135047392974
436,1073,1509,0.13513785637105072
436,1069,1505,0.13514595330062093
438,1071,1509,0.1351543264670323
435,1079,1514,0.13515813872298246
428,1090,1518,0.13517158132833554
430,1091,1521,0.1352031016021832
429,1088,1517,0.13522581774866815
430,1087,1517,0.1352504771600369
430,1097,1527,0.13527092772526148
430,1097,1527,0.1352923854812639
433,1097,1530,0.1353142092080951
426,1107,1533,0.13532531471947964
426,1103,1529,0.13535381816764513
425,1102,1527,0.13538192884255054
429,1097,1526,0.13541033214005938
416,1090,1506,0.1354264115621744
411,1099,1510,0.1354762669776486
410,1100,1510,0.13553302252267577
408,1105,1513,0.13559029277333579
405,1100,1505,0.13564958128108942
410,1104,1514,0.1357120531994449
411,1096,1507,0.1357584445290943
411,1091,1502,0.13579827276375347
412,1089,1501,0.13583487680014217
416,1097,1513,0.1358668072332191
415,1108,1523,0.13588733312137133
411,1117,1528,0.13591031024867903
410,1108,1518,0.13594291422649746
403,1101,1504,0.13597634956555235
403,1087,1490,0.13602673810076032
406,1097,1503,0.13607306989684
400,1112,1512,0.13610886190667656
396,1109,1505,0.13615813261863116
397,1116,1513,0.13621324952514222
391,1111,1502,0.13626114488074506
391,1104,1495,0.1363227787997422
388,1119,1507,0.13637890507879868
385,1114,1499,0.1364396075327962
388,1117,1505,0.13650354744391507
387,1124,1511,0.13655531611501687
393,1122,1515,0.1366058121071211
394,1120,1514,0.1366383655470782
394,1121,1515,0.13666611500733553
387,1117,1504,0.13669363110798607
391,1124,1515,0.13673777199657583
401,1126,1527,0.13676815655872407
397,1123,1520,0.13677103171288174
392,1123,1515,0.13678534002879425
394,1115,1509,0.1368105401267125
394,1117,1511,0.13682806035802922
385,1123,1508,0.13684382667198908
377,1114,1491,0.13687927139391548
375,1118,1493,0.13693312433137986
378,1122,1500,0.1369899049714209
386,1119,1505,0.13703512633794482
382,1122,1504,0.13705599028391366
382,1124,1506,0.13708655799577996
372,1124,1496,0.13711427285050296
372,1117,1489,0.13716544600825628
366,1129,1495,0.13721390052687613
364,1133,1497,0.1372725048651803
363,1140,1503,0.13733202080133391
363,1136,1499,0.13738954151303812
366,1145,1511,0.13744382683594825
368,1127,1495,0.1374853864986587
371,1127,1498,0.13752009341023466
367,1140,1507,0.13754546590765776
369,1147,1516,0.137580995543632
380,1149,1529,0.13760930646516922
373,1143,1516,0.1376077266874733
372,1152,1524,0.13762307300953666
367,1143,1510,0.13764076075842535
369,1153,1522,0.13767098374368567
368,1149,1517,0.13769298584634387
364,1146,1510,0.13771670988652202
365,1149,1514,0.13775126437285107
366,1154,1520,0.13778131735455396
364,1143,1507,0.13780716650837785
367,1146,1513,0.13783613019279592
359,1166,1525,0.13785527365279346
360,1155,1515,0.13789472868698538
360,1155,1515,0.13793003400836593
362,1153,1515,0.13796411574713202
366,1161,1527,0.13799217331188465
367,1163,1530,0.13800735393893868
368,1157,1525,0.1380182446734786
364,1147,1511,0.13802397112379602
358,1150,1508,0.13804064899141047
357,1160,1517,0.13807315763742856
350,1156,1506,0.13810639653096582
351,1157,1508,0.1381562922964906
361,1157,1518,0.13819971634472686
355,1153,1508,0.13821421773133047
357,1157,1514,0.13824416285133395
358,1149,1507,0.1382667583477852
362,1142,1504,0.13828440215046028
358,1145,1503,0.13828889916031062
352,1146,1498,0.1383050217558351
354,1153,1507,0.13833535944079434
353,1151,1504,0.13835966300719182
356,1161,1517,0.138384135953657
360,1152,1512,0.13839732708215383
360,1155,1515,0.13840057273992865
360,1153,1513,0.13840430514144195
360,1153,1513,0.1384076209842556
359,1154,1513,0.13841022329387503
359,1156,1515,0.13841655591251747
360,1168,1528,0.13842304950650255
358,1158,1516,0.13842488142960974
354,1154,1508,0.13843200059684357
346,1156,1502,0.13844864938556214
347,1160,1507,0.13848505475195838
349,1153,1502,0.1385158768727495
357,1164,1521,0.1385384423063849
356,1155,1511,0.1385379780198503
354,1156,1510,0.1385401927640734
351,1159,1510,0.13854763876738846
348,1161,1509,0.13856333433324625
345,1165,1510,0.13858664202057613
347,1179,1526,0.13861589793992224
343,1169,1512,0.13863642107446864
340,1164,1504,0.1386653340122516
345,1161,1506,0.13869842566823734
349,1159,1508,0.1387164413142776
347,1167,1514,0.13872223121297358
350,1174,1524,0.13873411927995746
345,1169,1514,0.1387368880045868
348,1167,1515,0.138752321665306
352,1160,1512,0.13875995889552453
350,1144,1494,0.1387563049467585
347,1158,1505,0.1387567634953437
345,1156,1501,0.13876432918564038
345,1160,1505,0.1387766728858303
343,1160,1503,0.13878749025391737
338,1169,1507,0.1388029146984977
340,1170,1510,0.13883105296948547
338,1172,1510,0.13885225813932717
342,1161,1503,0.13887682613648253
341,1164,1505,0.1388893165610875
345,1172,1517,0.1389037551643554
345,1168,1513,0.13890581447659311
341,1160,1501,0.13890856977553132
344,1161,1505,0.13892061305339504
346,1161,1507,0.13892316881031058
339,1159,1498,0.13891987959812688
333,1160,1493,0.13893667946116225
331,1162,1493,0.13896939659580226
328,1170,1498,0.13900582116739718
326,1191,1517,0.13904812876836928
327,1197,1524,0.13909247562112118
329,1206,1535,0.13913107837053734
326,1193,1519,0.13916394002606863
317,1182,1499,0.13920129472441148
316,1189,1505,0.13926142207495468
324,1181,1505,0.1393196743495368
324,1194,1518,0.13935334046959813
319,1193,1512,0.1393854823023737
319,1190,1509,0.13943064889833687
318,1198,1516,0.13947420514812964
314,1192,1506,0.13951675612410663
312,1203,1515,0.13956433257927953
315,1202,1517,0.13961669286114664
314,1198,1512,0.13965660714299732
313,1205,1518,0.1396960856784287
307,1210,1517,0.13973479596785268
304,1211,1515,0.13978710033788347
304,1212,1516,0.1398449785202292
304,1201,1505,0.1398988919514226
306,1200,1506,0.1399495345024895
294,1203,1497,0.1399917149693822
298,1209,1507,0.1400634616951708
302,1206,1508,0.14011802875917215
308,1201,1509,0.14015678714948773
299,1209,1508,0.14017612953189124
295,1195,1490,0.14021835460673543
295,1198,1493,0.14026919959864775
297,1201,1498,0.14031702887946548
296,1210,1506,0.1403548794886347
298,1226,1524,0.14039205924885984
302,1223,1525,0.14042125861675475
304,1219,1523,0.14043971872169886
297,1214,1511,0.14045105201277824
291,1216,1507,0.14048032374106809
292,1226,1518,0.1405232412115184
292,1225,1517,0.140562854829587
288,1228,1516,0.14060048886716395
290,1219,1509,0.14064538422841694
294,1220,1514,0.14068120380864302
293,1223,1516,0.14070483000500608
294,1231,1525,0.14072882521639782
292,1228,1520,0.14074974538266946
287,1225,1512,0.14077585893519162
285,1234,1519,0.14081359028955182
284,1237,1521,0.1408556074752809
287,1228,1515,0.14089660116028951
286,1224,1510,0.14093036735699907
280,1223,1503,0.14096489174842572
282,1238,1520,0.14101516425555466
283,1238,1521,0.14105632561752338
273,1236,1509,0.1410936850718537
267,1243,1510,0.1411565465439901
266,1244,1510,0.14123108767311662
267,1246,1513,0.1413037406220096
274,1238,1512,0.1413692452967763
280,1244,1524,0.14141115727522685
279,1243,1522,0.14143466416703668
273,1243,1516,0.1414596843653335
269,1244,1513,0.14149749403241996
266,1241,1507,0.14154324801298046
271,1243,1514,0.14159452483153995
270,1255,1525,0.1416299562599137
270,1257,1527,0.14166504545263936
271,1255,1526,0.14169826411442657
271,1255,1526,0.14172603564099945
277,1238,1515,0.14175174615390773
277,1232,1509,0.1417607195226714
279,1231,1510,0.14176969157177566
281,1231,1512,0.14177334681445097
282,1249,1531,0.14177186936201003
280,1251,1531,0.14176729913349917
278,1235,1513,0.14176876070514766
277,1226,1503,0.14177542564528267
274,1238,1512,0.1417858036725542
271,1240,1511,0.1418032459982676
267,1243,1510,0.14182791242980192
262,1253,1515,0.14186017584030192
266,1236,1502,0.14190381537264188
271,1249,1520,0.1419360725805311
269,1242,1511,0.14195384829121827
268,1237,1505,0.14197538638058593
267,1244,1511,0.1419977566441395
273,1242,1515,0.14202124339190172
277,1240,1517,0.1420262237830121
275,1244,1519,0.14202195646186525
271,1244,1515,0.1420231707997708
267,1243,1510,0.14203580745482533
263,1240,1503,0.14205846866156435
262,1253,1515,0.14209016581101772
261,1250,1511,0.1421221247729251
265,1244,1509,0.14215403147611058
259,1247,1506,0.14217357666092764
260,1243,1503,0.14220635734150547
260,1246,1506,0.14223362844395018
262,1238,1500,0.14225979849571196
263,1238,1501,0.14227717651751337
266,1243,1509,0.14229034374735539
268,1239,1507,0.14229299338524168
259,1249,1508,0.14229171402995164
260,1252,1512,0.14231509161108083
261,1244,1505,0.14233501347020902
265,1251,1516,0.14235145107996522
263,1262,1525,0.14235483416016975
268,1254,1522,0.14236365887911634
263,1249,1512,0.14235988235725583
260,1243,1503,0.14237042538235148
256,1241,1497,0.14238992945665227
253,1247,1500,0.1424183465763217
256,1254,1510,0.14245214312000568
257,1259,1516,0.14247472096830743
256,1265,1521,0.14249295382217678
250,1247,1497,0.14251072101283913
251,1254,1505,0.1425430187969361
251,1254,1505,0.14257070850084755
250,1250,1500,0.14259674592854366
252,1254,1506,0.14262530848684257
254,1251,1505,0.14264693549140278
257,1256,1513,0.14266122011733584
253,1263,1516,0.1426652475646256
250,1265,1515,0.14267964234104677
251,1268,1519,0.14270086294041145
247,1272,1519,0.14271760673440706
248,1257,1505,0.14274309902621893
252,1261,1513,0.14276319007092225
252,1248,1500,0.14277222233108838
254,1251,1505,0.14278159449071307
254,1252,1506,0.14278521252490145
260,1249,1509,0.14279066190535328
258,1251,1509,0.14278075818279087
265,1240,1505,0.14277645602340525
258,1235,1493,0.14275279559447088
255,1252,1507,0.1427500536546969
260,1269,1529,0.14275631830523605
266,1256,1522,0.14274864511066104
266,1264,1530,0.1427263185698772
262,1261,1523,0.14270463197438016
256,1270,1526,0.14269579378817995
252,1258,1510,0.14270347268781045
253,1260,1513,0.14272194323580867
252,1274,1526,0.14273880345819426
251,1275,1526,0.14275730684518173
255,1267,1522,0.14277680945408747
254,1260,1514,0.14278385083268647
261,1270,1531,0.14279317989208531
255,1273,1528,0.1427836685305643
256,1267,1523,0.1427901905709447
262,1257,1519,0.14279294980446644
264,1263,1527,0.14278157029831218
259,1246,1505,0.14276460069419042
256,1247,1503,0.1427611475666298
250,1240,1490,0.14276646295972442
246,1238,1484,0.1427872631098323
250,1259,1509,0.14281744047149794
254,1254,1508,0.1428349676711397
260,1259,1519,0.14284105052742085
260,1251,1511,0.14283080444596177
253,1255,1508,0.14282252111558985
254,1243,1497,0.14283348760219458
252,1258,1510,0.14283984909982728
247,1262,1509,0.14285100551969887
249,1253,1502,0.1428753391659171
246,1244,1490,0.14289270586136488
246,1251,1497,0.14291683141485073
238,1256,1494,0.14294057336008056
244,1256,1500,0.1429834867174191
243,1278,1521,0.14300760674454258
240,1274,1514,0.14303288837404615
242,1287,1529,0.14306458707586014
235,1277,1512,0.14308922640646243
233,1268,1501,0.14312992424510312
236,1275,1511,0.14317326132794808
231,1273,1504,0.14320675974597702
234,1269,1503,0.14325259654260175
236,1280,1516,0.1432867773314886
230,1274,1504,0.14331134565857132
229,1259,1488,0.14335112570816855
231,1267,1498,0.14338895820597142
234,1267,1501,0.14341891933472944
233,1278,1511,0.14343792769257283
232,1270,1502,0.1434586969787617
233,1278,1511,0.14348221143350615
236,1279,1515,0.14350178103957703
238,1274,1512,0.14351219651952823
235,1288,1523,0.14351675280140547
237,1284,1521,0.14352787906526354
241,1280,1521,0.14353276606103565
241,1288,1529,0.14352578631691842
236,1274,1510,0.14352033613057927
237,1278,1515,0.14352709947884695
236,1273,1509,0.14353155058906075
228,1276,1504,0.14353992792565998
232,1275,1507,0.1435691068683693
232,1276,1508,0.14358404426053256
230,1284,1514,0.1435975729070124
228,1285,1513,0.14361604809839457
226,1276,1502,0.14363821778423835
228,1279,1507,0.14366480701945256
224,1281,1505,0.14368396965898775
228,1272,1500,0.1437128961271689
230,1282,1512,0.14372960106320015
235,1275,1510,0.14373893536369614
233,1274,1507,0.143735716824553
230,1266,1496,0.14373830321844416
229,1267,1496,0.1437491515634068
231,1280,1511,0.14376054345691439
232,1284,1516,0.1437666867415999
226,1284,1510,0.1437696185340888
225,1279,1504,0.14378840753546165
226,1283,1509,0.14380892165282316
227,1287,1514,0.14382585492865743
226,1292,1518,0.14383874974936917
225,1292,1517,0.14385438005911894
218,1283,1501,0.14387114898060246
221,1296,1517,0.1439068262145393
219,1291,1510,0.1439316685535178
224,1279,1503,0.1439604959286343
220,1274,1494,0.1439754586359719
228,1278,1506,0.14399943333555687
225,1289,1514,0.14400033783048374
225,1289,1514,0.14400804145920967
223,1292,1515,0.14401596766614888
223,1282,1505,0.144029523330276
225,1291,1516,0.144041976174058
222,1301,1523,0.14404715566495732
222,1292,1514,0.1440618106620925
227,1295,1522,0.1440743199953461
226,1283,1509,0.14407364174132486
224,1277,1501,0.14407511980936352
228,1276,1504,0.14408166080404888
228,1270,1498,0.1440758428917775
227,1285,1512,0.1440694676449173
224,1283,1507,0.1440660156545912
226,1273,1499,0.14407089819850646
223,1278,1501,0.14407065562445534
225,1281,1506,0.1440789607742494
226,1280,1506,0.14408165707827641
219,1292,1511,0.144081885018111
216,1284,1500,0.14409859334146385
216,1283,1499,0.1441239225525767
213,1281,1494,0.14414757603729952
218,1289,1507,0.14417914099893753
209,1295,1504,0.14419448373561655
206,1294,1500,0.14423393280777091
209,1290,1499,0.1442784100483367
214,1294,1508,0.144312840624406
216,1291,1507,0.14433096320435346
214,1289,1503,0.14434265193088852
215,1296,1511,0.14435995823458378
207,1296,1503,0.14437354087622575
206,1302,1508,0.1444075158104536
204,1292,1496,0.144442049101659
208,1305,1513,0.14447993779797538
204,1307,1511,0.14450484994511847
204,1310,1514,0.14453911115891313
201,1310,1511,0.14456975646742987
204,1319,1523,0.1446068845449623
204,1314,1518,0.14463374565221168
203,1305,1508,0.14465889163392923
204,1303,1507,0.14468597582478482
204,1306,1510,0.14470812085040216
200,1316,1516,0.1447276577671243
203,1318,1521,0.14475657244628284
199,1307,1506,0.14477528633015818
201,1317,1518,0.14480390851747793
200,1306,1506,0.14482500220196318
204,1306,1510,0.14484813681092729
204,1297,1501,0.14485843775430823
200,1302,1502,0.14486815108710185
201,1305,1506,0.14488890264779475
208,1288,1496,0.14490546911535518
205,1283,1488,0.14490158409099005
204,1290,1494,0.1449067179827708
209,1304,1513,0.14491364462232184
211,1303,1514,0.14490520133179113
210,1300,1510,0.14489294260055283
209,1323,1532,0.1448841793080564
206,1318,1524,0.1448794241462397
205,1317,1522,0.14488377598191532
208,1317,1525,0.14489152706160177
207,1310,1517,0.14489083934422145
206,1311,1517,0.14489212327997847
206,1307,1513,0.14489675820489625
208,1311,1519,0.14490069937088174
205,1293,1498,0.14489933062537674
204,1297,1501,0.14490580874797213
207,1298,1505,0.14491409460333882
209,1316,1525,0.1449124976581497
207,1318,1525,0.14490616371847462
199,1301,1500,0.14490604686326092
200,1317,1517,0.1449283822352972
199,1315,1514,0.1449463813500761
204,1300,1504,0.14496623840882134
202,1314,1516,0.14497148872532978
204,1317,1521,0.1449821919497319
199,1316,1515,0.1449867345546255
202,1304,1506,0.1450042459619171
201,1313,1514,0.14501265261184595
197,1310,1507,0.14502301109121807
194,1314,1508,0.14504360573336558
194,1309,1503,0.14507027280577695
195,1311,1506,0.14509522619205273
200,1319,1519,0.14511614413818413
201,1310,1511,0.14512316365600048
203,1318,1521,0.14512784037715476
203,1319,1522,0.14512639490306334
199,1315,1514,0.14512567034693757
198,1319,1517,0.14513685942017449
198,1321,1519,0.14515162345514532
196,1319,1515,0.14516483052228105
196,1324,1520,0.14518264307769507
193,1322,1515,0.14519968651707
195,1321,1516,0.14522232280366393
196,1321,1517,0.14523861979606695
196,1329,1525,0.1452502373099544
198,1331,1529,0.1452608389757637
201,1312,1513,0.14526660891245466
196,1317,1513,0.14526516896303682
192,1324,1516,0.1452756841740999
196,1327,1523,0.14529588288187545
195,1322,1517,0.14530557545615963
198,1320,1518,0.14531721722359298
195,1325,1520,0.14532054358625757
195,1315,1510,0.1453305022619337
191,1309,1500,0.14533983024248914
192,1323,1515,0.1453597207219774
196,1322,1518,0.14537571440866398
194,1337,1531,0.14537956348516454
193,1327,1520,0.14538904124101615
194,1320,1514,0.14539954096857996
193,1332,1525,0.14540718080299336
192,1327,1519,0.14541719492569258
188,1333,1521,0.14542978414707947
186,1328,1514,0.1454514350935195
193,1308,1501,0.14547678080998444
189,1311,1500,0.14548055620147946
191,1319,1510,0.1454941897010561
188,1328,1516,0.1455014967074728
186,1334,1520,0.1455165625278652
188,1336,1524,0.1455365562632559
185,1336,1521,0.14555073090922213
180,1334,1514,0.14557142888890703
180,1338,1518,0.14560372777505154
184,1326,1510,0.14563284597863066
180,1330,1510,0.14564825006667842
181,1325,1506,0.14567360749551278
181,1330,1511,0.1456940693381377
187,1330,1517,0.14571330094456536
187,1329,1516,0.14571558571274562
190,1326,1516,0.145717238329287
186,1328,1514,0.1457108393255496
189,1337,1526,0.14571599437546748
188,1341,1529,0.14571237361026998
189,1344,1533,0.14571115379557306
188,1340,1528,0.14570515834892675
191,1323,1514,0.14570285649766407
190,1321,1511,0.14569383007834888
188,1320,1508,0.1456881554620332
192,1319,1511,0.14568744242529136
191,1325,1516,0.14567591400392008
189,1338,1527,0.14566856313047186
192,1327,1519,0.14566763228842156
194,1314,1508,0.14565745151251683
188,1323,1511,0.14564266538241266
185,1325,1510,0.14564605495721494
184,1334,1518,0.14565643756370686
179,1332,1511,0.14566855198189435
178,1340,1518,0.14569348059271764
171,1347,1518,0.14571944879497833
168,1344,1512,0.14576327528553826
166,1341,1507,0.14581425088912753
167,1340,1507,0.14586700946903178
169,1338,1507,0.14591322545862628
169,1347,1516,0.1459511139817391
173,1337,1510,0.14598712328252592
176,1331,1507,0.1460094074209401
174,1341,1515,0.14602201099439516
169,1346,1515,0.14603910994065303
166,1334,1500,0.1460684692078404
167,1336,1503,0.1461040514454545
167,1338,1505,0.14613508301981068
165,1344,1509,0.14616462131356694
163,1351,1514,0.14619784492394786
158,1359,1517,0.14623421230190095
157,1361,1518,0.14628078697081104
153,1357,1510,0.1463272405810051
155,1358,1513,0.1463827615736283
156,1357,1513,0.14642962478979465
155,1358,1513,0.14646999971002703
156,1369,1525,0.1465103842050623
156,1361,1517,0.14654460808676803
156,1357,1513,0.14657657884591535
155,1351,1506,0.14660696035120993
153,1343,1496,0.14663783980591613
155,1343,1498,0.14667177749286664
156,1348,1504,0.14669809218329674
152,1343,1495,0.1467191889254601
156,1351,1507,0.14675122048531672
153,1352,1505,0.14677126898835532
152,1354,1506,0.14679856085574386
150,1359,1509,0.14682713643197737
146,1368,1514,0.14685946712176043
150,1362,1512,0.146900817720642
148,1354,1502,0.1469292460195684
148,1348,1496,0.1469610700536958
152,1352,1504,0.14699030528034548
152,1358,1510,0.1470065939142876
150,1361,1511,0.14702258481916064
149,1362,1511,0.14704324910651922
152,1361,1513,0.1470662480541114
149,1364,1513,0.14707962272305924
151,1376,1527,0.14710214851443854
149,1373,1522,0.14711835268065998
148,1376,1524,0.14713962963914423
147,1373,1520,0.1471620500540809
152,1365,1517,0.14718578885456768
147,1366,1513,0.14719441488860838
148,1361,1509,0.1472167653066662
142,1348,1490,0.14723562362813972
141,1358,1499,0.14726907128212793
140,1357,1497,0.14730190504152993
142,1369,1511,0.14733498060016706
145,1373,1518,0.14736088375673295
143,1378,1521,0.14737648979510115
141,1375,1516,0.14739670964101134
142,1374,1516,0.14742020532992292
145,1374,1519,0.14744030401417152
146,1372,1518,0.1474503123470082
146,1377,1523,0.14745760382462272
145,1367,1512,0.1474640608114528
146,1374,1520,0.1474720303149723
147,1374,1521,0.14747670455106554
146,1371,1517,0.14747874995050592
146,1367,1513,0.1474828187570663
148,1368,1516,0.14748655343445535
147,1372,1519,0.14748478180644753
146,1376,1522,0.14748623754157272
143,1366,1509,0.14749007217090587
145,1372,1517,0.14750141629590488
142,1374,1516,0.1475068783863691
147,1383,1530,0.1475201282885049
144,1374,1518,0.1475192015377732
143,1376,1519,0.1475263383366734
146,1368,1514,0.14753673487082164
146,1367,1513,0.14753895534298356
146,1377,1523,0.1475424080478786
143,1386,1529,0.14754599871722177
142,1383,1525,0.1475575359884404
139,1380,1519,0.14757057463398573
141,1367,1508,0.147591042740371
141,1373,1514,0.14760531446887779
141,1385,1526,0.14761917170960834
140,1372,1512,0.1476322970381234
134,1393,1527,0.14764717102635483
132,1380,1512,0.1476774362997354
136,1382,1518,0.14771163498187737
137,1370,1507,0.1477321064113893
137,1365,1502,0.14774986843743082
137,1370,1507,0.14776573254151879
137,1380,1517,0.14778080774601368
139,1389,1528,0.14779482393113363
134,1380,1514,0.14780292562690836
135,1371,1506,0.14782391552026006
131,1380,1511,0.14784089319855645
129,1381,1510,0.14786730962242628
132,1381,1513,0.14789738531096
132,1378,1510,0.1479176553660044
128,1369,1497,0.14793608294283278
130,1391,1521,0.14796393880807435
129,1376,1505,0.14798431636347253
129,1386,1515,0.14800583184830476
132,1390,1522,0.14802655027918515
132,1391,1523,0.14803830845525898
132,1386,1518,0.14804882995648003
132,1380,1512,0.14805894117319288
135,1382,1517,0.1480683374035917
134,1381,1515,0.14806918960793808
130,1385,1515,0.14807189616832542
133,1372,1505,0.14808627011072775
133,1371,1504,0.14809149200218857
130,1373,1503,0.14809658450968674
130,1381,1511,0.14810974332887097
129,1381,1510,0.14812215983179744
124,1387,1511,0.1481356956312893
127,1385,1512,0.14816173872255003
133,1385,1518,0.14817816472861128
124,1383,1507,0.14817821232997097
126,1394,1520,0.14820256020753017
127,1393,1520,0.14822022182887679
124,1391,1515,0.1482338806793296
130,1379,1509,0.14825349182960523
131,1387,1518,0.14825597317981792
131,1385,1516,0.1482556776973551
130,1390,1520,0.14825507183138675
128,1394,1522,0.14825721755751523
129,1389,1518,0.14826472966072568
130,1396,1526,0.14826955917676823
126,1396,1522,0.14827182083104748
127,1385,1512,0.14828415508744247
132,1394,1526,0.14829246388055092
131,1390,1521,0.14828583325349887
134,1381,1515,0.14828236729005342
137,1392,1529,0.1482712622631261
139,1389,1528,0.14825253812508127
139,1376,1515,0.14823107131669658
138,1377,1515,0.14821143564121603
133,1382,1515,0.14819500665528793
136,1374,1510,0.14819295642921823
136,1378,1514,0.1481829085260681
134,1380,1514,0.14817421579479886
134,1377,1511,0.14817161423933867
136,1383,1519,0.14816950048364017
136,1397,1533,0.1481616858973229
135,1402,1537,0.14815513905704938
129,1401,1530,0.14815160993788296
125,1390,1515,0.148164602380679
127,1393,1520,0.14818571924268104
128,1386,1514,0.1482002063197374
131,1378,1509,0.1482106511512617
127,1367,1494,0.1482120465384994
124,1375,1499,0.14822332767115068
126,1375,1501,0.14824136990641543
126,1378,1504,0.14825283546437262
126,1386,1512,0.1482632462086558
126,1386,1512,0.14827324303582262
126,1385,1511,0.14828284791054647
127,1395,1522,0.14829160506120878
125,1395,1520,0.1482963807455036
123,1401,1524,0.1483068639581563
123,1395,1518,0.14832175926490415
125,1406,1531,0.1483360062867486
122,1397,1519,0.14834383792266848
121,1380,1501,0.1483597022322381
122,1397,1519,0.14837788149354986
114,1400,1514,0.1483929857622628
112,1403,1515,0.14842814512515987
112,1412,1524,0.14846628373009327
113,1413,1526,0.1485013426749818
115,1411,1526,0.14853252353330482
111,1409,1520,0.14855721949670425
111,1412,1523,0.1485915310832793
111,1419,1530,0.14862364756086513
112,1417,1529,0.1486540949614149
113,1415,1528,0.14867941510162633
112,1413,1525,0.14870009857256458
116,1398,1514,0.1487215182183296
114,1401,1515,0.1487308974582686
113,1395,1508,0.14874497537439804
114,1401,1515,0.14876124875278315
113,1410,1523,0.1487738143703706
113,1407,1520,0.14878878415092267
111,1409,1520,0.14880330637130476
115,1403,1518,0.1488217918066748
112,1397,1509,0.1488269115579907
113,1410,1523,0.14883909778313487
113,1414,1527,0.14884909330208773
115,1415,1530,0.14885826915130632
115,1422,1537,0.14886086762547904
117,1413,1530,0.14886333332740206
111,1413,1524,0.14886119096615003
114,1411,1525,0.14887534631438504
116,1404,1520,0.14888002096457403
108,1411,1519,0.14887951489231782
111,1401,1512,0.14890091823874646
110,1403,1513,0.14891271231452688
109,1411,1520,0.148927030231656
110,1421,1531,0.14894291406988924
109,1418,1527,0.148955083237888
110,1399,1509,0.14896929600466938
111,1421,1532,0.14897990118678098
108,1409,1517,0.14898733306383283
109,1411,1520,0.14900164824067638
106,1404,1510,0.14901207639133077
104,1408,1512,0.1490294908291181
104,1405,1509,0.14905241597235797
106,1416,1522,0.1490742098120059
103,1415,1518,0.1490892549305997
104,1414,1518,0.14911251383366703
105,1408,1513,0.1491314339209947
101,1410,1511,0.14914632948498227
105,1406,1511,0.1491719642145169
105,1420,1525,0.14918509884483516
103,1427,1530,0.1491967319737656
100,1419,1519,0.14921363995256168
100,1418,1518,0.14923828943306958
97,1414,1511,0.14926104855094421
99,1419,1518,0.14929051664889825
97,1416,1513,0.14931226803161507
94,1414,1508,0.14933861497180015
89,1417,1506,0.1493715182991723
87,1411,1498,0.14941502721484434
86,1420,1506,0.14946165629828476
87,1426,1513,0.14950821548193222
88,1421,1509,0.14954996731019476
90,1428,1518,0.14958641833911243
88,1431,1519,0.1496147499140449
89,1431,1520,0.14964658630551628
86,1427,1513,0.14967314886259642
85,1419,1504,0.14970605143936397
84,1425,1509,0.1497400679445007
83,1427,1510,0.14977414088671942
85,1433,1518,0.14980978825743946
83,1443,1526,0.14983718245475328
81,1449,1530,0.14986849196526333
79,1441,1520,0.14990302428085156
81,1431,1512,0.14994083295909777
78,1438,1516,0.14997074324989426
81,1432,1513,0.15000772033341392
82,1432,1514,0.150034146146415
81,1447,1528,0.15005590621980794
78,1442,1520,0.15007919440157202
79,1448,1527,0.15010928906279733
76,1448,1524,0.15013469059060727
73,1443,1516,0.1501663510417876
75,1435,1510,0.1502040877077144
75,1435,1510,0.15023405901533532
74,1433,1507,0.15026215294050996
76,1445,1521,0.15029091260245597
75,1447,1522,0.15031208690153722
77,1446,1523,0.1503354676919576
76,1434,1510,0.15035221326436207
75,1446,1521,0.15037103931516183
76,1436,1512,0.15039209112424726
78,1446,1524,0.15040972702287322
77,1433,1510,0.15042077500963535
76,1431,1507,0.150433820448911
77,1441,1518,0.15044868362164923
77,1442,1519,0.15045985902170408
77,1434,1511,0.15046985081307618
79,1445,1524,0.1504803068574635
80,1445,1525,0.15048442627571978
83,1446,1529,0.1504855455917049
82,1445,1527,0.15047833403967928
82,1451,1533,0.1504742839501985
81,1440,1521,0.15046997856668526
81,1451,1532,0.15046852716133902
82,1443,1525,0.15046762310769013
81,1441,1522,0.15046403502694541
81,1438,1519,0.1504635316318906
83,1439,1522,0.15046314388224244
78,1427,1505,0.15045741538395102
78,1439,1517,0.1504655204791595
78,1429,1507,0.15047305958241255
78,1430,1508,0.15047996237370115
82,1431,1513,0.15048636786658448
83,1425,1508,0.15048146717810923
81,1428,1509,0.1504744417929924
82,1419,1501,0.15047328938234808
82,1428,1510,0.15046951288402619
81,1422,1503,0.1504662652771504
81,1431,1512,0.15046597519107302
79,1443,1522,0.15046524558074598
79,1450,1529,0.15047007665490442
79,1449,1528,0.15047444527821396
81,1441,1522,0.1504781483703336
77,1427,1504,0.15047563344216944
76,1437,1513,0.1504839741376508
77,1431,1508,0.15049459822843864
79,1432,1511,0.15050167310487456
79,1431,1510,0.1505030298962531
77,1437,1514,0.15050424410864335
77,1430,1507,0.15051101845343573
79,1414,1493,0.1505173156758875
79,1417,1496,0.15051757147182396
81,1420,1501,0.15051756625518187
82,1433,1515,0.15051213248411321
81,1429,1510,0.15050409015405408
82,1430,1512,0.15049919422883418
84,1435,1519,0.1504921498332448
85,1435,1520,0.15048010320386637
84,1441,1525,0.15046636248631529
86,1435,1521,0.15045709314034927
84,1437,1521,0.1504428766502255
85,1431,1516,0.15043569442166727
87,1426,1513,0.15042598716254113
86,1423,1509,0.15041153470627502
84,1426,1510,0.15040108256871662
84,1421,1505,0.15039665388224344
85,1425,1510,0.15039260380523636
81,1427,1508,0.15038633636656448
79,1412,1491,0.1503912503876353
80,1425,1505,0.15040059122371816
81,1422,1503,0.15040653118722105
83,1420,1503,0.15040920581679418
82,1425,1507,0.15040662395202406
79,1418,1497,0.15040669199952184
79,1437,1516,0.15041404923326024
79,1440,1519,0.15042068709818987
79,1442,1521,0.15042715720755787
77,1441,1518,0.15043331564862752
74,1450,1524,0.15044410491166493
76,1454,1530,0.1504618697073053
76,1459,1535,0.15047290164107754
76,1443,1519,0.15048344388426022
77,1438,1515,0.15049359609797658
76,1453,1529,0.15050047862110133
78,1452,1530,0.15050919753897982
80,1449,1529,0.15051141309287208
80,1439,1519,0.1505082394351079
80,1430,1510,0.15050520022235717
81,1439,1520,0.1505027014738906
82,1432,1514,0.1504982202490006
81,1436,1517,0.15049155082406782
77,1439,1516,0.15048866774513137
76,1439,1515,0.15049712408660212
76,1439,1515,0.1505074450020878
78,1431,1509,0.15051664398890563
76,1440,1516,0.15052054793239983
77,1430,1507,0.15052946032535874
74,1427,1501,0.1505361346084765
77,1436,1513,0.15055042902220855
76,1430,1506,0.1505551417919567
74,1445,1519,0.15056210745957505
72,1457,1529,0.1505736536753494
73,1459,1532,0.1505898302089389
75,1457,1532,0.15060215972411153
73,1450,1523,0.1506082409821585
75,1440,1515,0.15061953493796632
75,1438,1513,0.15062475730363625
73,1446,1519,0.15062941480150654
73,1441,1514,0.15063870674097518
75,1450,1525,0.15064797878999958
73,1454,1527,0.15065145009418576
70,1456,1526,0.1506599758648301
70,1458,1528,0.15067574228221678
68,1449,1517,0.15069015239425365
70,1443,1513,0.15070899015574024
73,1436,1509,0.15072120636433461
77,1437,1514,0.15072462464661088
77,1429,1506,0.15071697417366317
80,1432,1512,0.1507100278628252
79,1438,1517,0.15069541615357757
77,1428,1505,0.1506844159652968
77,1439,1516,0.15067972377567632
76,1451,1527,0.1506757657827084
73,1442,1515,0.1506749230139835
72,1446,1518,0.1506825179892438
72,1436,1508,0.15069216771173874
75,1440,1515,0.15070111750705567
75,1425,1500,0.15070121983259288
75,1436,1511,0.15070128960752657
77,1434,1511,0.15070110479099866
74,1434,1508,0.15069543730766927
75,1433,1508,0.1506986966935065
73,1430,1503,0.15069924171002097
73,1436,1509,0.15070554206268008
73,1447,1520,0.15071178689832426
74,1443,1517,0.15071720565012187
73,1442,1515,0.15071943822532752
73,1439,1512,0.1507243728706937
74,1428,1502,0.15072873663029474
75,1420,1495,0.15072994899372716
76,1409,1485,0.15072848761889407
75,1415,1490,0.1507244528681575
76,1433,1509,0.15072291060734994
77,1434,1511,0.15071857698778277
78,1437,1515,0.1507117912081308
77,1438,1515,0.1507027234881219
78,1435,1513,0.15069691137370222
77,1431,1508,0.15068896519077626
76,1440,1516,0.15068483842815322
75,1445,1520,0.15068374715485575
74,1445,1519,0.15068549529373812
73,1444,1517,0.1506897802641963
72,1445,1517,0.1506966132045366
75,1448,1523,0.1507054939987786
77,1441,1518,0.15070567072741078
76,1439,1515,0.15070037950436052
76,1439,1515,0.15069826835734548
77,1450,1527,0.15069626914351195
76,1443,1519,0.15069168185298495
77,1446,1523,0.15068973446183406
74,1440,1514,0.15068509437482602
74,1433,1507,0.15068873194861257
73,1444,1517,0.15069235852395826
72,1430,1502,0.15069824458531283
69,1429,1498,0.150706548258578
72,1432,1504,0.15072216257782656
69,1438,1507,0.15072860591888174
71,1447,1518,0.1507424724489164
70,1446,1516,0.15075031310996173
69,1444,1513,0.15076076178045855
69,1453,1522,0.15077338694515527
69,1464,1533,0.15078551600939064
70,1445,1515,0.15079719393427524
72,1449,1521,0.15080533638502802
72,1449,1521,0.1508078244146768
74,1437,1511,0.15081001757177873
75,1451,1526,0.1508067453182256
75,1457,1532,0.1508013924497663
73,1470,1543,0.15079668621433573
73,1464,1537,0.15079751184763207
73,1454,1527,0.15079827967864035
71,1458,1529,0.15079900654022482
72,1453,1525,0.15080536529461216
72,1457,1529,0.1508085159794678
71,1449,1520,0.15081160062526774
71,1456,1527,0.1508170269596091
71,1446,1517,0.1508222605626619
72,1436,1508,0.15082676882559623
74,1433,1507,0.15082819757486818
72,1437,1509,0.15082381182191923
72,1437,1509,0.15082461158796423
71,1445,1516,0.15082551285342644
69,1460,1529,0.1508293196464793
70,1451,1521,0.15083808517462743
67,1456,1523,0.15084387457484788
66,1448,1514,0.15085750621429697
68,1445,1513,0.15087338065779352
65,1443,1508,0.1508826615480717
65,1436,1501,0.15089977712619487
63,1436,1499,0.15091537221274612
63,1442,1505,0.15093507323700803
58,1448,1506,0.1509530402239484
56,1455,1511,0.15098339646676748
58,1466,1524,0.1510167736359781
61,1457,1518,0.15104223620045779
59,1452,1511,0.1510577696111992
61,1452,1513,0.15107771225647904
63,1448,1511,0.1510913967784923
65,1437,1502,0.15109866183134357
66,1446,1512,0.15110015291299153
63,1450,1513,0.15109890026388542
63,1447,1510,0.15110547842352243
65,1446,1511,0.15111188788103758
65,1438,1503,0.1511123348006472
64,1448,1512,0.1511131702664551
65,1449,1514,0.15111689981602697
61,1440,1501,0.1511176611253856
61,1442,1503,0.1511290979793916
59,1445,1504,0.15113969820273554
57,1453,1510,0.15115538824320385
60,1460,1520,0.15117576576732858
60,1455,1515,0.15118657865672858
60,1460,1520,0.1511971784510534
59,1465,1524,0.15120753996982889
57,1450,1507,0.1512200322106275
56,1468,1524,0.15123751479418107
55,1460,1515,0.1512566234731546
55,1466,1521,0.1512771547925523
57,1452,1509,0.1512962922404181
56,1464,1520,0.15130878250437932
57,1459,1516,0.1513233789315963
59,1454,1513,0.15133440240259632
57,1458,1515,0.15133926702140854
55,1461,1516,0.1513491896358449
53,1461,1514,0.15136414943611276
53,1462,1515,0.1513833203270103
52,1452,1504,0.15140122766716896
54,1447,1501,0.15142097058362317
55,1448,1503,0.15143385151933766
54,1460,1514,0.15144305346590714
55,1477,1532,0.1514543100729103
54,1474,1528,0.1514622124408218
55,1462,1517,0.15147247603416372
57,1439,1496,0.15147861572033441
57,1430,1487,0.1514789934207842
55,1444,1499,0.15147983722264247
58,1447,1505,0.15148631445403982
60,1455,1515,0.15148396576747614
57,1440,1497,0.1514762877282321
57,1446,1503,0.15147757782988325
58,1455,1513,0.1514785516633695
58,1452,1510,0.15147621530472782
58,1447,1505,0.15147415044691417
57,1457,1514,0.15147212615185845
58,1450,1508,0.15147288217833663
59,1452,1511,0.1514704332229708
57,1454,1511,0.1514653062970074
58,1450,1508,0.15146585414685176
59,1439,1498,0.15146349195347503
56,1453,1509,0.15145850904170824
58,1460,1518,0.15146257460492682
57,1446,1503,0.15146088990718848
59,1457,1516,0.15146225021852272
58,1452,1510,0.15145804854640507
59,1456,1515,0.15145709443960054
57,1450,1507,0.15145300810466578
57,1449,1506,0.15145451311880173
58,1449,1507,0.15145597993817916
56,1450,1506,0.1514545166083991
58,1457,1515,0.15145840142715547
57,1459,1516,0.15145658831955386
57,1464,1521,0.15145761243016864
54,1466,1520,0.15145866122330517
54,1467,1521,0.15146763532098514
56,1455,1511,0.15147639022711928
58,1452,1510,0.15147899624340672
60,1455,1515,0.1514758250097774
57,1459,1516,0.1514676435513092
54,1457,1511,0.15146853836157192
52,1464,1516,0.15147747062038686
53,1458,1511,0.15149109956092438
53,1454,1507,0.15150105949706577
50,1457,1507,0.15151047175987223
55,1457,1512,0.1515278220525129
56,1459,1515,0.15152981142008237
55,1460,1515,0.15152856437711673
54,1452,1506,0.15153042069334086
53,1459,1512,0.15153488137178964
52,1453,1505,0.15154173667334775
52,1464,1516,0.15155055937101797
53,1461,1514,0.1515591104356681
52,1471,1523,0.1515643731350243
55,1468,1523,0.1515719416162213
54,1464,1518,0.15157055127072325
54,1456,1510,0.1515720572251338
58,1450,1508,0.15157347428029624
57,1450,1507,0.15156371268877733
58,1456,1514,0.15155755734703377
56,1454,1510,0.1515492683164627
57,1457,1514,0.1515476540958724
58,1469,1527,0.15154342273533114
58,1467,1525,0.15153662422064315
57,1479,1536,0.1515305469067245
57,1458,1515,0.1515276219367962
56,1459,1515,0.15152491853428596
54,1458,1512,0.15152502895062117
54,1460,1514,0.15153102824933992
54,1457,1511,0.15153639120883836
53,1454,1507,0.15154133251828716
52,1466,1518,0.15154907960922853
52,1463,1515,0.15155935191506503
52,1475,1527,0.1515689133118081
54,1471,1525,0.15157782528228755
54,1462,1516,0.15158070590761827
52,1461,1513,0.1515832180387133
51,1464,1515,0.15159108796682483
51,1462,1513,0.15160141444298478
51,1451,1502,0.1516108123766644
50,1462,1512,0.1516195610601242
53,1463,1516,0.1516307032071386
52,1458,1510,0.15163269118776695
53,1460,1513,0.1516376197910959
50,1445,1495,0.15163939925126
50,1451,1501,0.1516496888661731
48,1454,1502,0.15165929267575234
49,1463,1512,0.15167390798769848
49,1478,1527,0.1516848631182036
46,1474,1520,0.15169507986670755
49,1471,1520,0.15171307120285685
47,1482,1529,0.15172145012010088
49,1486,1535,0.1517352231564153
47,1487,1534,0.1517422105046253
48,1478,1526,0.15175406779875342
48,1474,1522,0.1517625262613946
47,1474,1521,0.15177047702405738
46,1473,1519,0.1517811356660417
45,1469,1514,0.15179396505318657
43,1465,1508,0.15180843291106588
44,1464,1508,0.15182750101470194
44,1455,1499,0.15184246101267604
46,1464,1510,0.15185627141998542
45,1462,1507,0.1518637387236925
46,1444,1490,0.1518735081242461
45,1463,1508,0.1518803827853492
44,1475,1519,0.1518896220843428
43,1479,1522,0.15190108964088414
43,1478,1521,0.15191448272822772
44,1470,1514,0.15192666865076643
43,1471,1514,0.15193510432909046
44,1459,1503,0.1519457267838006
44,1463,1507,0.1519528472236785
44,1455,1499,0.15195890915604027
46,1457,1503,0.15196474391636866
44,1460,1504,0.15196446963039933
43,1468,1511,0.15196983474971218
42,1458,1500,0.15197765355776124
39,1477,1516,0.15198749265743278
40,1484,1524,0.15200547750697896
42,1485,1527,0.15201927772755938
41,1482,1523,0.15202626067192343
41,1482,1523,0.15203547527173494
42,1475,1517,0.1520437428142401
41,1477,1518,0.15204869596571116
41,1480,1521,0.15205628807987862
42,1470,1512,0.15206337760523872
42,1466,1508,0.15206718267976657
38,1462,1500,0.15207081577412243
37,1474,1511,0.15208622893554663
38,1472,1510,0.15210348642615756
39,1459,1498,0.15211656777564375
38,1468,1506,0.1521259988657306
37,1462,1499,0.15213775265695054
38,1468,1506,0.1521513330164112
38,1467,1505,0.15216126150967196
38,1461,1499,0.1521705625451072
36,1480,1516,0.15217927603638182
38,1481,1519,0.15219336588500046
37,1484,1521,0.1522009983233122
37,1489,1526,0.15221079056102774
39,1489,1528,0.15222000023436688
39,1486,1525,0.1522231224978582
37,1487,1524,0.15222618936962282
37,1478,1515,0.15223480259126185
38,1488,1526,0.15224289167229813
38,1485,1523,0.15224766395042807
39,1494,1533,0.15225217842859548
38,1485,1523,0.15225329087974407
37,1491,1528,0.15225713660574944
36,1491,1527,0.15226364613422683
38,1483,1521,0.15227244854182354
38,1479,1517,0.15227494848474576
37,1484,1521,0.15227733900344614
36,1482,1518,0.1522824289129889
32,1491,1523,0.15229030088232395
32,1498,1530,0.15230920202618253
32,1504,1536,0.15232670142981797
34,1493,1527,0.15234296975125466
33,1480,1513,0.15235259713110116
31,1484,1515,0.1523641957364155
30,1481,1511,0.15238080713626526
34,1483,1517,0.15239910622420103
36,1490,1526,0.15240427346106006
34,1472,1506,0.15240368622856862
34,1465,1499,0.15240895491027343
36,1459,1495,0.15241392042207755
36,1470,1506,0.15241299519697946
35,1480,1515,0.15241210421956508
37,1476,1513,0.15241414100783618
36,1470,1506,0.15241028144720725
36,1485,1521,0.15240965236838813
37,1481,1518,0.15240907106311066
37,1469,1506,0.15240561774575478
37,1476,1513,0.15240224547373685
36,1476,1512,0.1523991234714792
36,1474,1510,0.15239898066841506
34,1465,1499,0.152398839272542
33,1480,1513,0.15240412944679751
33,1480,1513,0.15241205300739227
33,1473,1506,0.1524196430916356
34,1471,1505,0.15242671546496137
35,1485,1520,0.1524303444970704
35,1483,1518,0.15243085167681045
37,1492,1529,0.15243136598129084
35,1491,1526,0.15242575859598728
34,1487,1521,0.1524263981737711
33,1482,1515,0.1524300574901432
33,1481,1514,0.15243616117454897
31,1474,1505,0.15244172796814826
30,1477,1507,0.15245285209612608
30,1482,1512,0.1524660576934859
30,1487,1517,0.15247849083018655
28,1489,1517,0.1524901383648469
29,1493,1522,0.15250662451546365
29,1488,1517,0.15251892664425168
30,1492,1522,0.15253039791658257
30,1505,1535,0.15253807315159285
30,1484,1514,0.15254523689389632
31,1485,1516,0.1525519304118131
30,1480,1510,0.15255541472365108
29,1482,1511,0.15256146024708786
30,1478,1508,0.1525699429646587
30,1478,1508,0.1525748750343686
30,1501,1531,0.15257937404486718
29,1509,1538,0.1525839105286416
31,1491,1522,0.15259090354598936
30,1489,1519,0.15259176871102703
28,1490,1518,0.15259556919311476
28,1484,1512,0.15260490886079423
28,1485,1513,0.1526136878872671
28,1487,1515,0.15262182711603148
28,1488,1516,0.15262941511160993
25,1480,1505,0.15263651997486122
27,1492,1519,0.15265199694152667
27,1495,1522,0.15266061559579833
26,1487,1513,0.15266871186438313
25,1500,1525,0.15267922556130806
21,1485,1506,0.1526918998417756
21,1484,1505,0.15271552632803304
24,1487,1511,0.1527376049947427
24,1486,1510,0.1527492810173726
23,1491,1514,0.1527602719533772
23,1495,1518,0.15277358420589965
22,1492,1514,0.15278594881948923
22,1479,1501,0.15280053398815763
23,1480,1503,0.15281428758048898
23,1488,1511,0.1528241899548115
20,1493,1513,0.1528334894482647
21,1498,1519,0.15285088040489417
21,1494,1515,0.15286427799595945
22,1496,1518,0.15287677493440013
22,1508,1530,0.15288557482507656
22,1507,1529,0.15289385069086367
24,1499,1523,0.15290161713520972
24,1506,1530,0.152902984223291
23,1504,1527,0.15290442744465266
21,1489,1510,0.15290862166462557
21,1484,1505,0.15291863702682945
22,1494,1516,0.152927885772434
23,1494,1517,0.15293374085016412
23,1495,1518,0.15293633502135578
23,1494,1517,0.15293882170241052
21,1491,1512,0.15294119179303622
21,1495,1516,0.15294963981849605
20,1502,1522,0.1529576873519882
20,1499,1519,0.15296824964046452
19,1502,1521,0.15297815714557533
17,1491,1508,0.15299042787854134
17,1484,1501,0.15300798839314697
18,1493,1511,0.15302440408272114
18,1494,1512,0.15303665003853414
18,1493,1511,0.1530481532668772
17,1495,1512,0.15305902112617947
16,1495,1511,0.15307230418231632
15,1499,1514,0.1530875644309119
13,1494,1507,0.15310492977030202
14,1492,1506,0.15312699575417565
14,1499,1513,0.15314457000717044
15,1505,1520,0.15316100677424033
17,1506,1523,0.15317320100494725
18,1505,1523,0.15317855678023387
18,1521,1539,0.153180743213281
18,1504,1522,0.1531828402749346
18,1508,1526,0.1531848583014228
18,1510,1528,0.15318678852022308
18,1505,1523,0.153188627278889
18,1513,1531,0.15319037406039235
18,1514,1532,0.15319203016641014
17,1514,1531,0.15319359797306303
16,1508,1524,0.15319813049488107
15,1498,1513,0.15320540994617343
15,1506,1521,0.15321531622015358
15,1496,1511,0.1532245847298699
14,1507,1521,0.1532332729339244
14,1507,1521,0.15324457426131666
13,1500,1513,0.15325517257929405
14,1496,1510,0.153268000427355
15,1500,1515,0.15327683130311998
15,1503,1518,0.1532821689415494
16,1499,1515,0.1532871443273044
16,1506,1522,0.15328874676713367
16,1504,1520,0.1532903220138439
16,1503,1519,0.15329183279002323
16,1488,1504,0.15329327206159996
16,1496,1512,0.15329463863065615
16,1487,1503,0.1532959334398649
15,1494,1509,0.15329689250280334
15,1493,1508,0.15330101819169858
14,1496,1510,0.15330486277414496
14,1493,1507,0.15331167119845254
14,1505,1519,0.15331803931099344
15,1501,1516,0.15332400560447035
15,1511,1526,0.15332643246262026
18,1508,1526,0.15332870876637664
19,1511,1530,0.15332181593508842
19,1510,1529,0.15331228610853528
18,1501,1519,0.15330341986719787
20,1493,1513,0.15329786449613536
18,1481,1499,0.15328648565592312
20,1493,1513,0.15328213870254953
19,1506,1525,0.1532717357892085
19,1496,1515,0.1532651204455105
18,1489,1507,0.1532589285798746
17,1487,1504,0.1532560396350072
17,1484,1501,0.15325646741423335
16,1502,1518,0.1532567727114187
16,1500,1516,0.15325995466278855
17,1498,1515,0.15326290066762505
18,1502,1520,0.15326265380263243
18,1499,1517,0.1532591393081083
19,1490,1509,0.15325583079676464
20,1490,1510,0.15324977376362298
22,1489,1511,0.15324109982268763
22,1497,1519,0.15322709948313443
22,1508,1530,0.15321405268958016
21,1498,1519,0.1532019073142293
21,1500,1521,0.15319352424419305
21,1493,1514,0.153185695006656
20,1490,1510,0.15317836890556435
21,1476,1497,0.15317466072001834
23,1473,1496,0.15316801340127947
23,1485,1508,0.1531555952125795
22,1479,1501,0.1531440309728315
22,1485,1507,0.15313631830813204
21,1491,1512,0.15312907365237582
21,1496,1517,0.153125378194699
21,1485,1506,0.1531221775061281
21,1489,1510,0.15311920299732518
20,1497,1517,0.15311643061175778
19,1493,1512,0.15311674209027526
20,1509,1529,0.1531199732025727
20,1497,1517,0.15312003405980715
21,1501,1522,0.1531200762476872
20,1493,1513,0.1531171470192117
18,1490,1508,0.15311745809292646
18,1489,1507,0.15312399292112744
19,1489,1508,0.15313009296176852
20,1500,1520,0.15313253042123354
20,1501,1521,0.15313199064545968
18,1507,1525,0.15313158258149442
18,1505,1523,0.15313717611675087
20,1496,1516,0.15314242403509207
21,1503,1524,0.15314124741269958
20,1509,1529,0.15313708488645367
19,1498,1517,0.15313615889074295
21,1495,1516,0.1531381670714568
21,1498,1519,0.15313422113284098
22,1501,1523,0.15313055055471356
21,1500,1521,0.15312424142381478
22,1496,1518,0.1531214330132301
23,1487,1510,0.1531157393689697
24,1493,1517,0.15310733571276272
25,1494,1519,0.15309634280866194
25,1495,1520,0.15308302804258794
25,1490,1515,0.15307067787789547
26,1504,1530,0.15305927265269445
26,1507,1533,0.15304546123218465
25,1508,1533,0.15303254485125997
23,1499,1522,0.15302331277181902
22,1490,1512,0.1530208388576344
21,1493,1514,0.1530215659456131
20,1486,1506,0.15302501898966003
19,1496,1515,0.1530310086019967
20,1497,1517,0.1530397392710594
21,1490,1511,0.15304486547745014
21,1497,1518,0.15304681046081306
21,1491,1512,0.15304866466285053
20,1493,1513,0.1530504205015005
21,1502,1523,0.1530550931760133
21,1500,1521,0.1530566162204333
22,1493,1515,0.15305803856062847
22,1500,1522,0.15305619039455975
22,1500,1522,0.1530544700161092
22,1503,1525,0.1530528677858474
21,1497,1518,0.1530513728361476
21,1497,1518,0.15305310068274106
21,1489,1510,0.15305472789352456
21,1485,1506,0.1530562505973282
22,1493,1515,0.1530576735395341
22,1490,1512,0.15305579093471558
22,1487,1509,0.153054060804839
23,1473,1496,0.15305244624473552
21,1490,1511,0.15304775991887037
21,1487,1508,0.15304951391748584
21,1507,1528,0.15305110758827561
21,1505,1526,0.15305256707814427
21,1504,1525,0.15305391041934355
22,1500,1522,0.15305515090581717
22,1487,1509,0.15305332390675838
21,1490,1511,0.15305160771122905
22,1492,1514,0.1530527367893146
22,1499,1521,0.15305089190061963
22,1497,1519,0.15304939370456455
22,1500,1522,0.1530480838655961
22,1505,1527,0.15304691859956374
21,1491,1512,0.15304585874499846
20,1490,1510,0.153048000799233
19,1494,1513,0.15305297229242734
19,1496,1515,0.1530603987340787
19,1487,1506,0.15306733660182875
20,1484,1504,0.15307380019844558
19,1493,1512,0.15307699599012473
19,1495,1514,0.1530829304764948
19,1497,1516,0.1530884930506244
19,1499,1518,0.15309383888566533
19,1499,1518,0.153098877331319
19,1504,1523,0.15310362033465783
19,1506,1525,0.15310808245296514
19,1501,1520,0.1531122783278578
18,1504,1522,0.1531162224467212
18,1497,1515,0.15312287117295587
17,1493,1510,0.15312906555625916
18,1506,1524,0.1531378141431102
18,1497,1515,0.15314301319436857
18,1489,1507,0.15314790684605367
18,1501,1519,0.15315247216404926
18,1501,1519,0.15315672936328378
17,1502,1519,0.15316071469750758
16,1503,1519,0.15316765696337367
17,1504,1521,0.15317711177940063
16,1503,1519,0.15318301612036414
15,1500,1515,0.15319144106330643
16,1505,1521,0.1532025234487889
16,1507,1523,0.15321002121048824
15,1513,1528,0.15321703184816243
14,1499,1513,0.15322681211426176
13,1501,1514,0.15323919418121842
15,1493,1508,0.1532536649017967
15,1490,1505,0.15326131540843183
15,1493,1508,0.15326852125715668
15,1499,1514,0.15327535430224398
15,1504,1519,0.15328180491901658
15,1499,1514,0.15328788051849632
13,1509,1522,0.15329359834012646
13,1497,1510,0.15330478623621913
14,1497,1511,0.15331524908009353
15,1508,1523,0.15332214568043598
15,1504,1519,0.15332539284866264
15,1501,1516,0.15332844910979446
14,1504,1518,0.15333132328760532
14,1509,1523,0.1533370923749057
13,1505,1518,0.15334247585248714
13,1490,1503,0.15335038355347133
13,1490,1503,0.15335775963019826
13,1495,1508,0.1533646459923156
13,1504,1517,0.15337108332869284
13,1509,1522,0.15337717080675936
12,1501,1513,0.15338291621444808
12,1504,1516,0.1533915469299453
12,1502,1514,0.15339965495629085
12,1509,1521,0.1534072662710853
10,1511,1521,0.15341441046848517
11,1508,1519,0.15342728302118186
11,1527,1538,0.15343625428863045
11,1521,1532,0.15344464159168683
11,1519,1530,0.1534524928774017
10,1510,1520,0.15345985057040232
10,1493,1503,0.15347000494738433
9,1495,1504,0.15347954392793234
9,1499,1508,0.15349142105644378
9,1494,1503,0.15350258972719819
9,1503,1512,0.15351306256687405
9,1506,1515,0.15352288469101324
9,1504,1513,0.1535320991060371
9,1510,1519,0.1535407454364965
8,1510,1518,0.15354886023108477
10,1508,1518,0.15355948004825493
10,1507,1517,0.15356336183585909
10,1494,1504,0.1535669984053292
9,1491,1500,0.15357042156060313
9,1494,1503,0.15357674601569957
10,1513,1523,0.15358266951265948
12,1514,1526,0.1535851976007107
13,1502,1515,0.15358143539730962
13,1510,1523,0.1535750279620861
12,1512,1524,0.15356905039863775
12,1505,1517,0.15356649947670914
12,1494,1506,0.15356413011413142
12,1502,1514,0.15356192850556702
12,1500,1512,0.15355987812137262
11,1490,1501,0.15355796605424657
10,1492,1502,0.15355908246966216
10,1504,1514,0.15356319635761453
11,1500,1511,0.15356702197074654
11,1530,1541,0.15356767363428026
10,1511,1521,0.1535682794107602
11,1515,1526,0.1535718338134296
11,1510,1521,0.15357222622464534
11,1513,1524,0.15357257239840272
12,1518,1530,0.1535729032090006
12,1516,1528,0.15357025155214918
10,1528,1538,0.15356781403875203
10,1528,1538,0.1535716886439739
10,1522,1532,0.15357530488098053
10,1528,1538,0.15357868855727552
10,1514,1524,0.15358185568754054
10,1518,1528,0.15358482135093507
10,1518,1528,0.15358759948372852
9,1522,1531,0.15359020287778866
9,1509,1518,0.15359557540402308
9,1502,1511,0.1536005012264706
10,1506,1516,0.15360515533864189
10,1501,1511,0.1536065966013717
10,1500,1510,0.15360795293999804
10,1499,1509,0.1536091167718629
11,1508,1519,0.15361023810934266
11,1506,1517,0.1536083590693773
9,1498,1507,0.153606591572648
9,1513,1522,0.15361087261190043
10,1502,1512,0.15361486138252942
11,1492,1503,0.15361563211755655
11,1474,1485,0.1536133244048106
11,1484,1495,0.15361117675646932
11,1484,1495,0.15360917480514139
10,1496,1506,0.15360733392003614
10,1490,1500,0.15360860616213162
12,1503,1515,0.1536098471839212
12,1503,1515,0.1536049569962958
12,1500,1512,0.15360043310601557
12,1499,1511,0.1535962314180803
12,1489,1501,0.1535923195798847
12,1498,1510,0.15358867140087873
12,1492,1504,0.15358526490125124
11,1492,1503,0.15358208110690894
10,1507,1517,0.15358202220304015
12,1516,1528,0.15358494938499667
11,1518,1529,0.15358172964035494
12,1502,1514,0.15358175870192206
12,1504,1516,0.15357876665566925
12,1507,1519,0.1535759758022682
11,1510,1521,0.15357336648767542
11,1501,1512,0.15357387069953288
12,1510,1522,0.15357432346450847
12,1513,1525,0.15357178176334213
12,1500,1512,0.1535694162429987
12,1504,1516,0.1535672099949297
13,1511,1524,0.15356514969841903
12,1510,1522,0.15356015779760526
11,1510,1521,0.15355851872058884
11,1505,1516,0.15355989726737693
10,1507,1517,0.15356102859294524
9,1505,1514,0.15356508805226576
10,1503,1513,0.15357193766582922
11,1511,1522,0.15357524297715852
11,1495,1506,0.1535754651318112
12,1513,1525,0.15357568644084912
13,1518,1531,0.1535729577213789
11,1515,1526,0.15356742427584297
11,1515,1526,0.1535682166945679
12,1512,1524,0.15356895376576277
11,1511,1522,0.1535665448155329
12,1505,1517,0.15356727391036898
12,1489,1501,0.15356506472523565
11,1495,1506,0.15356302771780045
12,1507,1519,0.15356413597791313
12,1508,1520,0.1535620799087961
13,1509,1522,0.15356020680984822
14,1515,1529,0.1535554771909569
14,1518,1532,0.1535481253686666
14,1513,1527,0.15354136360823825
13,1509,1522,0.15353508872575627
13,1514,1527,0.15353216048307755
14,1510,1524,0.15352936992307537
14,1504,1518,0.1535238159774749
14,1494,1508,0.15351857204896574
15,1494,1509,0.15351366339448044
16,1496,1512,0.15350585654718185
14,1494,1508,0.15349567652538415
14,1497,1511,0.15349204996807533
15,1499,1514,0.15348862136300034
15,1498,1513,0.15348250209185518
16,1489,1505,0.15347672747041355
16,1486,1502,0.1534682752402432
16,1485,1501,0.15346038330482523
16,1492,1508,0.15345300631645073
16,1502,1518,0.15344610762063116
15,1495,1510,0.15343965311917612
15,1507,1522,0.15343669506191732
17,1495,1512,0.1534339104015074
17,1497,1514,0.1534253438431036
18,1504,1522,0.15341740206479712
19,1510,1529,0.1534070657596822
18,1501,1519,0.15339451439889126
18,1514,1532,0.15338574306126357
17,1508,1525,0.15337748913618654
18,1516,1534,0.15337270551867263
17,1514,1531,0.15336525440701496
16,1512,1528,0.15336125394656686
16,1502,1518,0.15336035804587492
16,1498,1514,0.15335944104385382
16,1495,1511,0.1533585340550859
16,1496,1512,0.15335765064005488
17,1495,1512,0.15335679779938352
16,1498,1514,0.15335296013136035
15,1502,1517,0.1533522021990162
15,1502,1517,0.1533543744532314
15,1502,1517,0.15335641617355372
15,1507,1522,0.15335830298667183
16,1509,1525,0.1533600464697516
16,1530,1546,0.1533588011446501
16,1512,1528,0.15335780819765543
16,1505,1521,0.15335676415007232
15,1497,1512,0.15335574720137587
15,1498,1513,0.15335770948675356
15,1511,1526,0.15335953054286283
16,1514,1530,0.15336112445300415
16,1495,1511,0.1533595774674996
16,1498,1514,0.15335818918113223
15,1491,1506,0.1533569105255056
16,1509,1525,0.1533586350961941
16,1505,1521,0.15335712631487602
16,1511,1527,0.15335570989234695
16,1504,1520,0.1533543832345835
16,1510,1526,0.15335315183750164
16,1512,1528,0.15335201985851316
16,1510,1526,0.15335096094457942
17,1488,1505,0.1533499212197908
17,1485,1502,0.15334610291108627
17,1502,1519,0.15334248295225575
17,1491,1508,0.15333910997821804
15,1492,1507,0.1533360142789091
18,1488,1506,0.15333897777921518
17,1500,1517,0.15333260366937174
16,1507,1523,0.15332962924316745
15,1513,1528,0.1533298129304329
15,1505,1520,0.15333287578863575
16,1498,1514,0.15333590909296813
16,1507,1523,0.15333561427338055
16,1494,1510,0.15333536586891783
15,1495,1510,0.15333513949115538
15,1491,1506,0.15333796177518794
14,1494,1508,0.15334058617857999
17,1487,1504,0.15334604988057537
18,1491,1509,0.15334215887265074
18,1499,1517,0.15333564872635097
18,1510,1528,0.15332970349901753
18,1501,1519,0.15332421825458975
18,1496,1514,0.1533191344428437
18,1502,1520,0.15331441000325652
17,1512,1529,0.15331001150311419
18,1517,1535,0.15330892948081257
19,1521,1540,0.15330476808063248
19,1515,1534,0.15329788074802958
19,1508,1527,0.1532914885781288
19,1503,1522,0.1532855381879127
19,1501,1520,0.15327998789580757
18,1501,1519,0.15327480451812653
18,1506,1524,0.15327284966442348
17,1497,1514,0.15327100369575353
18,1506,1524,0.15327215709063077
19,1486,1505,0.15327023316196248
19,1491,1510,0.15326548881304455
19,1500,1519,0.1532610782626159
19,1507,1526,0.15325696524919638
19,1502,1521,0.1532531246167891
18,1502,1520,0.15324953508343547
18,1497,1515,0.15324932827946616
15,1500,1515,0.15324908751830754
14,1506,1520,0.15325784601806774
14,1518,1532,0.15326902108900098
14,1499,1513,0.15327942369810704
15,1505,1520,0.153289117384243
14,1510,1524,0.15329525086828036
14,1507,1521,0.15330389600121566
13,1506,1519,0.15331202837519217
13,1504,1517,0.15332271022952834
13,1508,1521,0.15333266752429064
13,1515,1528,0.15334197142299857
13,1516,1529,0.15335067410514627
13,1518,1531,0.153358819958057
13,1509,1522,0.15336644832783716
13,1494,1507,0.15337359478191206
12,1490,1502,0.1533802918083666
12,1496,1508,0.15338937164030583
13,1497,1510,0.1533979058312866
13,1509,1522,0.15340298611180672
13,1512,1525,0.15340772263149188
13,1505,1518,0.15341214635929667
13,1507,1520,0.1534162593469095
13,1499,1512,0.15342010445509366
13,1500,1513,0.1534237075417723
12,1498,1510,0.1534270868224384
11,1494,1505,0.15343329705032704
12,1505,1517,0.15344207105294042
11,1497,1508,0.1534471950335493
12,1494,1506,0.15345497845335443
12,1494,1506,0.15345928881907314
12,1485,1497,0.15346333161311446
12,1493,1505,0.15346712525040723
12,1496,1508,0.15347068598429608
12,1505,1517,0.15347402827517412
11,1506,1517,0.1534771656284566
10,1506,1516,0.15348300672714002
10,1508,1518,0.1534914226688867
10,1502,1512,0.15349928849211003
10,1496,1506,0.15350664248495188
10,1485,1495,0.15351352359132536
9,1498,1507,0.1535199664559638
9,1513,1522,0.15352914498100034
10,1511,1521,0.15353773271416218
10,1507,1517,0.15354281244400225
11,1511,1522,0.15354735943972103
12,1509,1521,0.15354868082585807
12,1513,1525,0.15354689058607154
11,1517,1528,0.15354519207451467
11,1522,1533,0.1535468634549938
11,1524,1535,0.1535485929502669
11,1523,1534,0.15355023972828452
11,1527,1538,0.1535518056638024
11,1512,1523,0.15355328956300704
11,1511,1522,0.15355469263477262
11,1509,1520,0.15355601734327018
11,1507,1518,0.15355726679681528
11,1501,1512,0.1535584444116156
11,1507,1518,0.15355955371958901
11,1510,1521,0.15356059825569854
10,1502,1512,0.15356158149099725
11,1513,1524,0.15356542647657034
11,1513,1524,0.15356595857098898
11,1498,1509,0.15356646358508752
11,1491,1502,0.15356696905107725
11,1491,1502,0.1535674507445815
11,1487,1498,0.15356790870028625
11,1488,1499,0.15356816403889156
11,1481,1492,0.15356845422716486
11,1491,1502,0.1535687425606073
10,1498,1508,0.15356902018577362
10,1503,1513,0.15357225304857272
10,1501,1511,0.1535753236268077
10,1504,1514,0.15357831410577114
10,1491,1501,0.15358110011458465
10,1503,1513,0.15358369867144958
10,1503,1513,0.15358612888303164
11,1515,1526,0.15358840442762692
11,1517,1528,0.15358756356479475
11,1505,1516,0.1535867523565323
11,1501,1512,0.15358599750339472
10,1503,1513,0.1535852973409201
11,1500,1511,0.15358770600251304
11,1501,1512,0.15358684523204413
10,1501,1511,0.15358603887887015
10,1498,1508,0.15358823511277175
10,1501,1511,0.15359032342582565
10,1502,1512,0.1535922786688673
10,1507,1517,0.15359410715001595
11,1510,1521,0.15359581759184093
11,1500,1511,0.15359442621964356
12,1491,1503,0.15359315664148374
12,1491,1503,0.15358892528533058
11,1505,1516,0.1535850449539932
11,1499,1510,0.15358446021694477
11,1505,1516,0.15358393018649757
11,1493,1504,0.1535834418963968
11,1494,1505,0.15358298771714396
11,1494,1505,0.15358256377595983
11,1490,1501,0.1535821674112156
11,1493,1504,0.1535817964899503
11,1489,1500,0.15358144917495978
11,1500,1511,0.1535811238279198
11,1516,1527,0.15358081896168715
11,1519,1530,0.15358053321306023
11,1516,1527,0.15358026532513802
12,1512,1524,0.1535800141347014
12,1501,1513,0.1535767554096512
12,1495,1507,0.15357370883586627
11,1500,1511,0.15357087838937114
11,1511,1522,0.15357126977528637
11,1514,1525,0.1535716192948023
11,1516,1527,0.15357193695885496
11,1513,1524,0.1535722276640893
11,1517,1528,0.15357249503207798
10,1517,1527,0.15357274185948225
11,1515,1526,0.15357588530779992
11,1513,1524,0.15357586788947566
11,1509,1520,0.15357586946436994
11,1518,1529,0.1535758800387176
10,1513,1523,0.15357589476444442
10,1521,1531,0.15357884541891428
10,1511,1521,0.15358163696716495
10,1503,1513,0.15358424494830017
10,1505,1515,0.1535866815937375
10,1501,1511,0.15358895986487006
11,1493,1504,0.1535910915270688
11,1494,1505,0.1535900400925339
11,1501,1512,0.15358905490851296
10,1509,1519,0.15358813559823292
10,1512,1522,0.15359045887336603
10,1513,1523,0.15359263328234435
9,1521,1530,0.15359466552213744
9,1515,1524,0.15359960508391177
9,1510,1519,0.15360423737822168
9,1513,1522,0.15360857669711298
7,1513,1520,0.15361264064870692
9,1515,1524,0.15362243885228952
9,1513,1522,0.15362553976985682
9,1508,1517,0.15362842387906808
9,1518,1527,0.153631127477312
9,1514,1523,0.1536336641673562
8,1509,1517,0.15363604495978678
8,1507,1515,0.15364147575250023
9,1511,1520,0.15364657510252486
9,1521,1530,0.15364827922605748
9,1513,1522,0.1536499451036985
9,1521,1530,0.15365153139072357
9,1512,1521,0.15365303355058432
9,1525,1534,0.15365445247436976
9,1529,1538,0.1536557908313659
9,1512,1521,0.1536570520215076
9,1504,1513,0.15365823973914425
9,1515,1524,0.1536593577589895
7,1518,1525,0.15366040982221668
7,1528,1535,0.15366758557616308
7,1525,1532,0.15367424957180506
7,1529,1536,0.1536804772380823
6,1529,1535,0.15368630640012956
7,1522,1529,0.15369478787116894
7,1503,1510,0.15369968792653751
7,1515,1522,0.1537042976612073
7,1515,1522,0.15370862794995613
7,1516,1523,0.15371269449840635
7,1516,1523,0.1537165130208595
7,1515,1522,0.1537200986225829
7,1510,1517,0.1537234656121129
8,1511,1519,0.15372662746061805
8,1506,1514,0.1537264908268964
8,1510,1518,0.15372636204809187
9,1499,1508,0.15372624210399125
9,1486,1495,0.15372298056387557
9,1486,1495,0.15371993740059695
9,1500,1509,0.15371708575926704
9,1500,1509,0.15371441451226878
11,1501,1512,0.15371191245058588
12,1516,1528,0.15370331388642897
12,1517,1529,0.15369223134753077
12,1515,1527,0.15368186831788067
12,1517,1529,0.1536721752757218
12,1522,1534,0.15366310659920135
12,1523,1535,0.153654618650343
9,1520,1529,0.1536466711376081
10,1514,1524,0.15364838377676335
9,1505,1514,0.15364680791516994
10,1503,1513,0.1536483790641892
9,1515,1524,0.15364674805578155
10,1519,1529,0.15364824285778966
10,1524,1534,0.1536464824311041
10,1508,1518,0.15364482978070879
10,1500,1510,0.15364327335933098
12,1505,1517,0.153641808129764
11,1496,1507,0.1536341940330844
10,1496,1506,0.1536301658872767
10,1500,1510,0.15362933594503056
10,1495,1505,0.15362856611646397
9,1491,1500,0.15362782572355668
10,1485,1495,0.15363021922508233
10,1484,1494,0.15362932711277633
11,1477,1488,0.15362849379497154
12,1495,1507,0.15362459542540097
13,1503,1516,0.1536180072892224
12,1504,1516,0.15360875811692895
12,1508,1520,0.15360315908077515
12,1506,1518,0.15359792726898625
12,1507,1519,0.15359289725416503
12,1510,1522,0.15358817793773943
11,1518,1529,0.15358375032704957
11,1511,1522,0.15358266170220927
12,1501,1513,0.15358161991662686
11,1491,1502,0.15357754091302944
11,1502,1513,0.15357684770626218
10,1503,1513,0.15357617513382266
11,1510,1521,0.1535786862913351
12,1499,1511,0.1535779975703046
11,1502,1513,0.15357430842134956
9,1505,1514,0.15357393102292016
9,1509,1518,0.15357979212929046
9,1511,1520,0.15358527726274557
9,1510,1519,0.15359042239324144
8,1501,1509,0.15359524700826652
9,1511,1520,0.15360283678594583
8,1527,1535,0.15360676914345578
8,1521,1529,0.15361355205413776
8,1519,1527,0.15361986893918853
8,1523,1531,0.15362578045920144
8,1515,1523,0.15363131820803283
8,1516,1524,0.1536365085207915
8,1504,1512,0.15364137495685617
8,1519,1527,0.1536459389999289
8,1503,1511,0.1536502192190037
10,1508,1518,0.1536543077656782
10,1516,1526,0.1536521201986393
9,1503,1512,0.15365015926559739
9,1499,1508,0.1536514048218324
9,1513,1522,0.15365255293955382
10,1500,1510,0.15365344224485794
10,1496,1506,0.1536512239471397
10,1505,1515,0.15364918932951155
10,1506,1516,0.15364729538465788
10,1489,1499,0.15364552856640887
10,1509,1519,0.15364387839024954
10,1520,1530,0.15364233588201168
10,1515,1525,0.15364089310486048
11,1509,1520,0.15363954292500112
10,1506,1516,0.15363514877115148
11,1505,1516,0.15363413341122872
10,1511,1521,0.15363006917677405
11,1513,1524,0.15362926333748497
10,1511,1521,0.15362535788169387
12,1514,1526,0.15362482222804666
13,1514,1527,0.15361814305768876
13,1520,1533,0.15360892310401822
13,1506,1519,0.15360027797703443
12,1497,1509,0.15359219729540408
13,1494,1507,0.15358768704129008
13,1503,1516,0.15358038454465453
14,1505,1519,0.15357356945877973
13,1495,1508,0.1535642412302171
14,1501,1515,0.153558486335973
15,1509,1524,0.15354991282771985
14,1518,1532,0.15353868583302488
13,1513,1526,0.1535311678579809
12,1526,1538,0.15352713711260188
13,1519,1532,0.15352633804552696
13,1512,1525,0.1535224508069826
13,1515,1528,0.15351879205432975
13,1501,1514,0.15351534064983344
14,1491,1505,0.15351208561913698
13,1495,1508,0.15350582674963764
13,1473,1486,0.15350301083893209
14,1486,1500,0.1535003333757124
17,1490,1507,0.1534947040672713
18,1503,1521,0.15348026037184412
18,1496,1514,0.15346388332568062
18,1485,1503,0.15344860617191816
18,1480,1498,0.15343435395568616
18,1480,1498,0.15342104355155306
18,1491,1509,0.15340853045240058
19,1497,1516,0.15339682234870244
19,1499,1518,0.15338284937125335
19,1493,1512,0.15336979144059917
19,1501,1520,0.15335757604299044
19,1494,1513,0.15334614372670177
19,1496,1515,0.15333544048411438
19,1504,1523,0.15332541680431855
19,1502,1521,0.15331602710154715
19,1494,1513,0.15330722927822754
18,1483,1501,0.15329898436926068
17,1497,1514,0.15329436978430622
18,1495,1513,0.15329282503183914
17,1503,1520,0.15328823803287403
17,1498,1515,0.15328685211378418
17,1494,1511,0.1532855244044346
15,1497,1512,0.15328425354944977
15,1479,1494,0.15328896665843303
14,1496,1510,0.15329338921786953
15,1496,1511,0.15330062587891072
15,1506,1521,0.15330438910065505
15,1505,1520,0.15330790055177787
14,1507,1521,0.1533111826607259
18,1499,1517,0.15331737867621434
17,1501,1518,0.15331095810583367
18,1498,1516,0.15330791895430193
19,1511,1530,0.15330211695218543
19,1513,1532,0.15329361435451078
20,1511,1531,0.15328568362679362
20,1498,1518,0.1532750472482592
19,1497,1516,0.1532652032493661
18,1498,1516,0.1532591183885965
18,1483,1501,0.15325630614234026
17,1484,1501,0.15325353475857667
18,1487,1505,0.1532540226014507
18,1487,1505,0.15325130173774942
18,1485,1503,0.15324873899272004
19,1498,1517,0.15324632378430564
19,1500,1519,0.15324114045173462
19,1510,1529,0.15323631974318924
20,1492,1512,0.15323181837110186
21,1497,1518,0.15322460373402383
21,1502,1523,0.1532148021703205
20,1498,1518,0.1532056656313069
20,1506,1526,0.15320021141776183
19,1495,1514,0.15319510467451727
19,1493,1512,0.15319324337321188
19,1498,1517,0.1531914425286072
20,1492,1512,0.15318973130338395
19,1505,1524,0.15318495082055253
19,1510,1529,0.1531835640370194
20,1502,1522,0.1531822428777645
21,1497,1518,0.15317781244700032
22,1501,1523,0.15317035473390217
21,1498,1519,0.15316032983365394
22,1478,1500,0.1531539200803472
24,1490,1514,0.1531449045579398
24,1488,1512,0.15313036120604134
26,1495,1521,0.15311682694123635
26,1497,1523,0.15309831997943454
26,1494,1520,0.15308105605894323
26,1491,1517,0.15306495060364356
25,1503,1528,0.1530499129595695
23,1493,1516,0.15303890498314598
23,1489,1512,0.15303452903159112
24,1489,1513,0.15303038388811716
22,1479,1501,0.153023616987065
21,1496,1517,0.15302340909652867
22,1501,1523,0.15302616521240067
24,1500,1524,0.15302559023845885
21,1505,1526,0.15301887597786107
19,1500,1519,0.153021620431535
20,1506,1526,0.15303022696599147
20,1498,1518,0.15303526090953629
20,1489,1509,0.1530399650404799
21,1499,1520,0.15304435703644645
20,1502,1522,0.15304533383975316
19,1491,1510,0.15304935235420453
18,1495,1513,0.15305606966553853
18,1482,1500,0.15306526044433252
18,1510,1528,0.15307389919357337
17,1513,1530,0.1530819827205567
16,1517,1533,0.1530925318500219
16,1500,1516,0.15310552277783843
15,1508,1523,0.15311767790194097
15,1506,1521,0.15313217147776656
17,1505,1522,0.1531457466619492
17,1504,1521,0.1531521948640682
17,1495,1512,0.1531582647980723
15,1493,1508,0.1531639583942132
17,1501,1518,0.15317544682934567
17,1498,1515,0.1531800614540228
17,1495,1512,0.15318444775553267
17,1490,1507,0.15318857452943715
16,1494,1510,0.15319245137457776
18,1483,1501,0.15319922401936958
17,1476,1493,0.15319928275627193
17,1481,1498,0.1532024793656775
18,1487,1505,0.15320547169261226
17,1501,1518,0.1532051539481083
16,1504,1520,0.15320793453756493
17,1504,1521,0.15321356095009375
18,1500,1518,0.15321565346968571
18,1497,1515,0.15321451169758452
19,1511,1530,0.15321346031702676
18,1511,1529,0.15320936795115347
17,1509,1526,0.1532086887257017
17,1503,1520,0.1532111667380397
16,1505,1521,0.15321348710675223
15,1499,1514,0.1532187965234234
16,1507,1523,0.15322689972944545
15,1496,1511,0.153231381799387
15,1499,1514,0.15323872409436926
16,1493,1509,0.15324560860901923
16,1498,1514,0.15324894576420905
16,1492,1508,0.15325209388384153
16,1510,1526,0.15325506342048714
16,1518,1534,0.15325786783177875
15,1510,1525,0.15326050939647395
15,1511,1526,0.15326607964990618
15,1503,1518,0.15327129514389792
17,1493,1510,0.1532761860714894
18,1496,1514,0.15327444600668214
19,1497,1516,0.15326970224640232
19,1500,1519,0.15326212680610646
18,1509,1527,0.15325505717862772
18,1514,1532,0.15325147074045858
18,1510,1528,0.15324823548430325
19,1517,1536,0.15324521320400675
21,1509,1530,0.15323930858782456
22,1499,1521,0.15322757401235407
22,1498,1520,0.15321357873319158
24,1484,1508,0.1532005416542108
24,1486,1510,0.1531822512523188
24,1495,1519,0.15316515591251892
25,1490,1515,0.15314918673949415
25,1507,1532,0.15313114846171644
24,1498,1522,0.15311429788758774
24,1491,1515,0.153101631578055
24,1485,1509,0.15308977382900005
24,1497,1521,0.1530786644197707
24,1500,1524,0.15306825474480681
23,1490,1513,0.15305845574796081
23,1493,1516,0.15305235419660948
23,1497,1520,0.15304667292709884
23,1494,1517,0.15304134003389153
22,1483,1505,0.15303644427417523
19,1496,1515,0.1530348467552015
19,1502,1521,0.15304252295412185
19,1493,1512,0.15304975157312636
18,1486,1504,0.15305652808043874
20,1468,1488,0.1530659497786606
17,1483,1500,0.15306851874174815
18,1478,1496,0.153079947694296
19,1498,1517,0.1530875248046585
19,1478,1497,0.15309156798040277
19,1486,1505,0.15309540501222077
18,1493,1511,0.15309901259901235
17,1488,1505,0.15310540359960131
19,1499,1518,0.15311454808789396
20,1496,1516,0.15311688378606156
20,1495,1515,0.15311601046767
21,1494,1515,0.15311523369185964
20,1487,1507,0.1531113798850298
21,1477,1498,0.15311089729245872
19,1479,1498,0.15310734771163967
19,1492,1511,0.1531103046073702
19,1496,1515,0.15311308956903835
19,1493,1512,0.1531156945143036
19,1494,1513,0.15311813020003176
19,1499,1518,0.1531204084644891
19,1492,1511,0.15312249318835092
20,1500,1520,0.15312444602115172
21,1506,1527,0.1531231873748078
19,1499,1518,0.15311894414608432
18,1493,1511,0.15312115328551243
17,1488,1505,0.1531262927898616
18,1501,1519,0.1531341678432563
17,1506,1523,0.153138432302495
18,1512,1530,0.1531454753944493
18,1505,1523,0.15314893609068814
19,1519,1538,0.1531521772804282
19,1507,1526,0.15315209987790526
19,1508,1527,0.15315204005337335
19,1504,1523,0.1531519843474063
19,1493,1512,0.153151931851374
19,1506,1525,0.15315188253423678
18,1501,1519,0.15315183634678864
17,1498,1515,0.15315487280732154
17,1495,1512,0.1531608161698006
18,1492,1510,0.15316636771362963
18,1502,1520,0.15316844547813693
16,1504,1520,0.15317039624602663
16,1507,1523,0.1531784341988962
17,1510,1527,0.15318595536668675
18,1503,1521,0.15318989336685546
18,1496,1514,0.15319048322994674
21,1487,1508,0.15319104618220664
21,1506,1527,0.1531821296311372
21,1500,1521,0.15317381523444257
20,1494,1514,0.1531660378127885
20,1478,1498,0.15316178709122824
19,1473,1492,0.15315779958749853
18,1480,1498,0.15315716143688685
18,1500,1518,0.15315971998930822
20,1509,1529,0.15316208435543308
23,1519,1542,0.15315809740715478
22,1502,1524,0.15314508353038658
22,1496,1518,0.1531360367446744
22,1501,1523,0.15312757956889636
22,1493,1515,0.15311958061045305
21,1504,1525,0.15311210695344146
19,1498,1517,0.1531082218281962
19,1498,1517,0.15311072300685624
19,1508,1527,0.15311302105257507
19,1515,1534,0.153115154456807
18,1519,1537,0.15311711338783282
18,1520,1538,0.15312201524802724
18,1508,1526,0.15312658346729868
19,1499,1518,0.15313085278878988
19,1494,1513,0.15313172391508537
19,1498,1517,0.1531325411307067
19,1500,1519,0.15313332868142301
19,1501,1520,0.15313407762356201
18,1488,1506,0.15313477501242675
18,1492,1510,0.15313856637820827
18,1494,1512,0.153142108434975
17,1497,1514,0.15314541837522758
17,1489,1506,0.15315166332879657
17,1501,1518,0.1531575050053898
16,1503,1519,0.15316294518799
16,1490,1506,0.1531712049470623
17,1492,1509,0.1531789397814185
16,1493,1509,0.15318308740131617
17,1498,1515,0.15319011627914506
16,1487,1503,0.1531935357666382
16,1499,1515,0.15319985979852352
16,1505,1521,0.15320578065770957
15,1507,1522,0.15321132446408728
15,1515,1530,0.1532197008372688
15,1512,1527,0.1532275630407655
15,1509,1524,0.1532349406184703
15,1516,1531,0.15324186298508008
15,1521,1536,0.15324835831523484
15,1520,1535,0.1532544532351184
14,1510,1524,0.15326017275686135
14,1509,1523,0.15326862435754784
14,1515,1529,0.1532765728561263
14,1496,1510,0.1532840401001483
14,1511,1525,0.1532910518959946
14,1511,1525,0.1532976344147048
13,1500,1513,0.15330381318414202
13,1505,1518,0.1533127594599631
13,1495,1508,0.1533211463420754
12,1503,1515,0.15332901861621942
12,1508,1520,0.15333956072459193
12,1515,1527,0.15334945310136677
12,1502,1514,0.15335873195385577
12,1510,1522,0.15336743662687438
11,1507,1518,0.15337560423857735
10,1502,1512,0.15338643708138783
9,1499,1508,0.15339973673176202
10,1500,1510,0.15341534987734765
10,1499,1509,0.15342684210117916
10,1502,1512,0.15343764027627826
10,1508,1518,0.15344777997012965
10,1488,1498,0.15345730131875324
10,1502,1512,0.1534662423573625
11,1507,1518,0.15347462399493275
13,1492,1505,0.15347931543685223
12,1483,1495,0.15347739113247252
12,1493,1505,0.1534787666191469
12,1505,1517,0.1534800579265222
11,1505,1516,0.15348127525809463
11,1503,1514,0.15348562947080072
11,1516,1527,0.15348971884139564
12,1523,1535,0.15349355995239022
11,1521,1532,0.1534940170280753
11,1528,1539,0.1534976084963221
11,1520,1531,0.15350097162616297
10,1511,1521,0.153504127824402
11,1521,1532,0.15351023584535406
11,1516,1527,0.15351280583770108
11,1511,1522,0.15351523225062505
11,1513,1524,0.15351751608707212
11,1510,1521,0.15351966438453507
12,1500,1512,0.15352168449829398
12,1503,1515,0.15352040757535534
13,1497,1510,0.1535192235872765
13,1497,1510,0.1535149241043431
13,1497,1510,0.15351090282630606
13,1503,1516,0.15350714239792526
13,1494,1507,0.15350362434378578
11,1494,1505,0.15350033124239193
12,1496,1508,0.15350355725036752
12,1495,1507,0.1535033952267168
10,1502,1512,0.15350324902834747
9,1502,1511,0.15350943304884804
9,1504,1513,0.1535184114433072
9,1486,1495,0.1535268313123527
9,1492,1501,0.15353472472077567
9,1505,1514,0.15354212658065233
9,1512,1521,0.1535490696509647
8,1515,1523,0.15355558408899456
8,1505,1513,0.153564867406653
8,1522,1530,0.1535735750406824
8,1522,1530,0.15358174448956294
8,1516,1524,0.1535894111216833
7,1512,1519,0.15359660769438296
6,1513,1519,0.1536065711917221
6,1519,1525,0.15361912138080647
6,1506,1512,0.1536309005781896
6,1506,1512,0.15364195945163986
7,1504,1511,0.1536523440005354
7,1509,1516,0.15365890560898327
7,1507,1514,0.15366508640886736
7,1497,1504,0.15367089854719662
7,1500,1507,0.1536763612967678
7,1503,1510,0.153681494768453
7,1507,1514,0.15368631852873008
7,1518,1525,0.15369085120519477
7,1512,1519,0.15369511038886313
7,1496,1503,0.15369911263690247
7,1520,1527,0.15370286335058428
7,1513,1520,0.15370638676167012
7,1523,1530,0.1537096962164474
7,1514,1521,0.15371280591860062
7,1510,1517,0.15371572840144357
7,1514,1521,0.15371847513884757
7,1496,1503,0.15372104421346522
6,1510,1516,0.1537234594706533
6,1519,1525,0.1537289383264388
5,1506,1511,0.15373409185223597
6,1495,1501,0.15374213841254755
7,1504,1511,0.15374648229748344
6,1503,1509,0.15374737926349785
6,1498,1504,0.15375144117627976
6,1510,1516,0.15375525645613064
6,1513,1519,0.1537588411046994
5,1521,1526,0.15376220850619707
5,1524,1529,0.1537685949335078
5,1514,1519,0.15377459317776332
5,1507,1512,0.1537802266252377
5,1504,1509,0.15378551726332151
5,1503,1508,0.15379048635644238
5,1510,1515,0.15379515394067433
5,1513,1518,0.15379953873437605
5,1517,1522,0.15380365820406208
5,1517,1522,0.1538075286612407
4,1504,1508,0.15381116535622588
4,1510,1514,0.1538177919957646
4,1497,1501,0.15382400930053053
4,1519,1523,0.15382984738344282
4,1526,1530,0.15383533107925518
4,1528,1532,0.1538404828895467
6,1531,1537,0.1538453235103766
7,1523,1530,0.15384342343577873
7,1503,1510,0.15383844757277376
6,1503,1509,0.15383381099881535
6,1511,1517,0.15383266872255555
6,1509,1515,0.1538315921449412
7,1502,1509,0.15383057947350168
7,1508,1515,0.1538264060019899
8,1521,1529,0.1538224956396287
8,1517,1525,0.1538156215324565
8,1508,1516,0.15380918927463338
8,1509,1517,0.1538031609412996
8,1504,1512,0.15379750752911042
8,1504,1512,0.1537922035749765
8,1497,1505,0.15378722612172396
8,1508,1516,0.15378255416741798
8,1525,1533,0.1537781683287631
8,1530,1538,0.1537740506198817
8,1523,1531,0.1537701842952772
8,1510,1518,0.15376655373027354
8,1515,1523,0.15376314432469088
8,1515,1523,0.15375994242185792
8,1528,1536,0.15375693523838033
8,1515,1523,0.15375411080188386
9,1513,1522,0.15375145789497047
9,1504,1513,0.15374576721361521
8,1512,1520,0.15374043728594544
9,1506,1515,0.15373862785933523
9,1521,1530,0.15373374681595256
9,1516,1525,0.1537291845158105
9,1495,1504,0.15372490801021152
9,1494,1503,0.1537208955068193
9,1498,1507,0.15371712908318022
10,1494,1504,0.1537135928412433
10,1496,1506,0.15370710246186894
10,1516,1526,0.15370102698617863
10,1515,1525,0.15369533223383672
10,1502,1512,0.15368999148600182
10,1503,1513,0.15368498080372345
9,1496,1505,0.15368027853097682
9,1508,1517,0.15367903961200885
10,1518,1528,0.15367786799081073
10,1518,1528,0.15367357820711677
8,1507,1515,0.15366955610510288
7,1513,1520,0.1536721128665315
7,1516,1523,0.1536776863288361
7,1509,1516,0.15368290407803828
7,1517,1524,0.15368778763333876
7,1510,1517,0.15369236225498376
7,1526,1533,0.15369665049170672
7,1524,1531,0.15370067225110742
6,1527,1533,0.15370444539858755
6,1521,1527,0.15371117069963477
6,1513,1519,0.15371747331716532
6,1531,1537,0.15372338760381968
5,1536,1541,0.15372894025884648
6,1504,1510,0.15373734116013238
6,1502,1508,0.153742026249067
6,1500,1506,0.15374643856927578
6,1493,1499,0.15375058682694098
6,1502,1508,0.15375448516529325
6,1508,1514,0.15375814807619367
6,1520,1526,0.15376158958929678
7,1522,1529,0.15376482304374176
7,1508,1515,0.1537646694748242
7,1508,1515,0.1537645424845621
7,1501,1508,0.15376443210889865
6,1500,1506,0.15376433405146275
7,1492,1499,0.1537674201795711
8,1492,1500,0.15376709849154704
8,1504,1512,0.15376362722423736
8,1510,1518,0.15376039666226052
8,1511,1519,0.15375737594601366
7,1508,1515,0.15375454685551276
7,1515,1522,0.1537550866109276
6,1519,1525,0.15375558430471736
6,1505,1511,0.15375923955483062
6,1500,1506,0.1537626579060978
6,1505,1511,0.15376586201468886
6,1495,1501,0.15376886856949845
7,1492,1499,0.15377169127116325
7,1490,1497,0.15377114672297046
7,1496,1503,0.15377064955778366
6,1487,1493,0.15377019275625567
6,1496,1502,0.15377295817190906
7,1502,1509,0.15377554758404244
7,1510,1517,0.15377478055990132
7,1511,1518,0.15377407364804674
7,1517,1524,0.15377341793165128
6,1514,1520,0.15377280692788797
6,1508,1514,0.15377543389750475
7,1505,1512,0.15377789435122036
7,1497,1504,0.15377699789367483
7,1483,1490,0.15377616667854788
7,1488,1495,0.15377539071919677
6,1484,1490,0.15377466514775848
6,1488,1494,0.15377716085793394
6,1498,1504,0.15377949031254437
6,1501,1507,0.1537816719279758
6,1510,1516,0.1537837179498858
8,1504,1512,0.1537856381108896
8,1509,1517,0.15378106708899814
8,1499,1507,0.1537768120824038
9,1499,1508,0.15377283366909997
9,1505,1514,0.1537659035234981
9,1509,1518,0.15375941651939992
9,1505,1514,0.15375333660698268
9,1494,1503,0.15374763561024146
9,1509,1518,0.15374228800612472
9,1507,1516,0.15373727052433783
9,1518,1527,0.15373256181243608
9,1500,1509,0.1537281421609908
8,1504,1512,0.15372399329579464
8,1505,1513,0.15372328803749846
8,1517,1525,0.15372261758802422
8,1499,1507,0.1537219826484685
8,1510,1518,0.15372138215352538
8,1508,1516,0.15372081503891188
7,1509,1516,0.1537202800571883
6,1509,1515,0.15372294110784854
6,1505,1511,0.15372860335974725
6,1521,1527,0.15373389967755782
6,1509,1515,0.1537388638774136
6,1520,1526,0.15374352117918266
6,1519,1525,0.15374789256714658
6,1515,1521,0.1537519966614402
6,1517,1523,0.15375585044431447
6,1519,1525,0.15375946960130502
6,1514,1520,0.15376286871266617
6,1506,1512,0.1537660613782336
5,1514,1519,0.15376906030896514
5,1519,1524,0.153775066409881
5,1515,1520,0.15378069648336398
5,1517,1522,0.15378597962487853
5,1509,1514,0.1537909399086775
4,1506,1510,0.15379559840830154
4,1507,1511,0.1538031849049728
5,1519,1524,0.15381030671179047
5,1511,1516,0.15381377606273716
5,1515,1520,0.15381704319801112
5,1515,1520,0.15382011578991084
5,1510,1515,0.1538230048767831
5,1522,1527,0.15382572096352173
5,1519,1524,0.1538282741170173
5,1524,1529,0.15383067394142708
5,1531,1536,0.1538329295504727
5,1508,1513,0.1538350495605773
5,1512,1517,0.15383704209915025
5,1500,1505,0.15383891482136566
5,1500,1505,0.1538406749311731
4,1510,1514,0.15384232920409757
4,1524,1528,0.15384710055934891
4,1515,1519,0.15385157793464713
4,1504,1508,0.1538557814325711
4,1501,1505,0.15385972866325945
4,1509,1513,0.1538634360552334
4,1506,1510,0.15386691876032874
4,1511,1515,0.15387019078980266
4,1508,1512,0.15387326515821187
4,1523,1527,0.15387615399640506
4,1521,1525,0.15387886863861064
4,1515,1519,0.15388141969181401
4,1527,1531,0.15388381709324717
4,1514,1518,0.1538860701596592
3,1511,1514,0.15388818763064938
3,1510,1513,0.15389340017870484
3,1516,1519,0.15389829191409393
2,1516,1518,0.15390288292764015
2,1516,1518,0.1539104223236218
2,1513,1515,0.15391750254330586
2,1528,1530,0.1539241525386606
2,1530,1532,0.15393039987871307
2,1517,1519,0.1539362700894133
3,1513,1516,0.15394178666346003
3,1515,1518,0.15394371613649407
3,1511,1514,0.15394553808812084
3,1503,1506,0.15394725997357786
3,1491,1494,0.15394888439217996
3,1507,1510,0.15395041501916532
3,1502,1505,0.15395185622293847
3,1499,1502,0.1539532126195297
3,1502,1505,0.15395448883171192
3,1518,1521,0.15395568936847812
3,1501,1504,0.1539568185664896
3,1522,1525,0.15395788056345994
3,1519,1522,0.1539588792883909
3,1525,1528,0.1539598184609002
3,1517,1520,0.15396070159551167
3,1516,1519,0.15396153200862966
3,1510,1513,0.1539623128269031
3,1513,1516,0.15396304699622687
2,1512,1514,0.15396373729093604
2,1510,1512,0.15396762485842924
3,1522,1525,0.15397127574794084
3,1528,1531,0.15397144627362297
3,1521,1524,0.15397161337918613
3,1521,1524,0.15397177738179932
3,1521,1524,0.15397193525127723
3,1509,1512,0.15397208572775026
3,1515,1518,0.15397222844679917
3,1503,1506,0.15397236344338225
3,1497,1500,0.15397249093343923
3,1501,1504,0.15397261121494657
3,1500,1503,0.15397272462060918
3,1486,1489,0.1539728314940858
3,1491,1494,0.15397293217757183
3,1496,1499,0.15397302700516785
3,1505,1508,0.15397311629934485
3,1516,1519,0.15397320036913711
3,1508,1511,0.15397327950933237
2,1505,1507,0.15397335400025053
2,1508,1510,0.15397667157065548
2,1486,1488,0.15397978341073584
2,1499,1501,0.15398270009705947
3,1508,1511,0.15398543704634604
3,1522,1525,0.1539847534365688
3,1522,1525,0.15398411815956142
3,1512,1515,0.15398352419028175
3,1511,1514,0.15398296775657844
3,1520,1523,0.15398244582662626
2,1508,1510,0.1539819558912453
2,1506,1508,0.1539847417094726
2,1526,1528,0.15398735937706914
2,1527,1529,0.1539898165700561
2,1526,1528,0.1539921231573239
2,1515,1517,0.15399428904110488
2,1513,1515,0.153996323357933
2,1528,1530,0.1539982344854515
2,1526,1528,0.15400003014592867
2,1527,1529,0.15400171749631913
2,1520,1522,0.15400330319658997
3,1506,1509,0.15400479346175847
4,1513,1517,0.15400294056176653
4,1514,1518,0.15399795156794915
4,1509,1513,0.15399327785848302
3,1510,1513,0.153988893058924
3,1507,1510,0.15398803717921544
3,1505,1508,0.15398723282841442
3,1506,1509,0.15398647028123183
3,1501,1504,0.15398574924781658
3,1520,1523,0.15398506883191787
3,1516,1519,0.15398442752761135
3,1516,1519,0.15398382353836915
4,1515,1519,0.15398325496371193
4,1515,1519,0.15397946914094207
5,1521,1526,0.15397591816948186
5,1509,1514,0.15396934842128338
5,1512,1517,0.15396319068629982
5,1498,1503,0.1539574139080207
5,1499,1504,0.15395199188038816
5,1500,1505,0.15394690105326708
5,1502,1507,0.1539421200969092
5,1515,1520,0.15393762944638886
5,1525,1530,0.15393341100283556
5,1522,1527,0.15392944793648022
5,1510,1515,0.1539257245474481
5,1503,1508,0.15392222616005413
5,1507,1512,0.15391893903765047
4,1522,1526,0.15391585031090602
4,1512,1516,0.15391617063596608
4,1511,1515,0.15391646256583777
4,1506,1510,0.1539167313274114
4,1516,1520,0.15391698069207316
4,1506,1510,0.15391721307181694
4,1515,1519,0.15391743014482467
4,1516,1520,0.15391763320441473
4,1494,1498,0.1539178233219519
5,1481,1486,0.1539180014262256
5,1495,1500,0.1539149434936492
5,1496,1501,0.15391208089321518
4,1510,1514,0.15390939718398747
4,1502,1506,0.1539101009244453
4,1505,1509,0.15391075714343225
3,1492,1495,0.1539113695236304
3,1499,1502,0.15391516984914438
3,1513,1516,0.1539187351448895
3,1494,1497,0.15392208110232175
2,1497,1499,0.15392522254384314
2,1503,1505,0.15393140830900517
2,1498,1500,0.15393721970394736
2,1498,1500,0.15394267824431068
1,1502,1503,0.1539478057802052
1,1507,1508,0.15395587424530927
1,1513,1514,0.15396345551798235
1,1519,1520,0.15397057958689517
1,1505,1506,0.15397727502490646
1,1514,1515,0.15398356838494048
1,1523,1524,0.15398948429607678
1,1517,1518,0.15399504569870462
1,1531,1532,0.1540002740308599
1,1520,1521,0.15400518936862792
1,1518,1519,0.15400981053717316
1,1510,1511,0.15401415520323286
1,1525,1526,0.1540182399552676
1,1525,1526,0.15402208037481402
1,1523,1524,0.15402569110115175
1,1518,1519,0.154029085890605
1,1521,1522,0.15403227767135166
2,1521,1523,0.15403527859434477
2,1512,1514,0.15403483270661408
1,1522,1523,0.15403441990440508
1,1514,1515,0.1540372951870136
1,1517,1518,0.1540399983916715
1,1520,1521,0.15404254052937982
1,1520,1521,0.15404493047620504
1,1536,1537,0.15404717709122345
1,1536,1537,0.15404928895241082
1,1540,1541,0.15405127418933037
1,1525,1526,0.15405314044877255
1,1507,1508,0.15405489490786406
1,1513,1514,0.1540565443005734
1,1521,1522,0.1540580949464032
1,1511,1512,0.1540595527778704
1,1513,1514,0.15406092336594399
1,1494,1495,0.1540622119434187
1,1519,1520,0.15406342342642307
1,1521,1522,0.15406456243428693
1,1517,1518,0.15406563330796758
1,1529,1530,0.15406664012719445
1,1513,1514,0.15406758672646276
1,1523,1524,0.15406847670998064
1,1523,1524,0.15406931346565686
1,1507,1508,0.15407010017820494
1,1515,1516,0.15407083984142633
1,1500,1501,0.15407153526973172
1,1481,1482,0.1540721891089517
1,1488,1489,0.15407280384648359
1,1494,1495,0.15407338182081812
1,1512,1513,0.15407392523048544
1,1509,1510,0.15407443614245725
1,1505,1506,0.15407491650004013
1,1513,1514,0.15407536813029005
1,1511,1512,0.15407579275098018
1,1510,1511,0.1540761919771477
1,1511,1512,0.15407656732724628
1,1512,1513,0.15407692022892838
1,1508,1509,0.15407725202448014
2,1516,1518,0.15407756397592934
2,1524,1526,0.15407458810433108
2,1514,1516,0.15407179761325607
2,1519,1521,0.15406917779664156
2,1517,1519,0.15406671769462718
2,1514,1516,0.1540644069407146
2,1506,1508,0.15406223599583702
2,1505,1507,0.15406019608051527
2,1506,1508,0.15405827907114594
2,1509,1511,0.15405647741602774
2,1510,1512,0.15405478407178771
2,1513,1515,0.15405319245426022
2,1517,1519,0.154051696399049
2,1507,1509,0.1540502901286597
2,1507,1509,0.15404896822424083
2,1506,1508,0.1540477256006917
2,1493,1495,0.1540465574843376
2,1501,1503,0.15404545939264086
1,1512,1513,0.15404442711559102
2,1525,1527,0.15404671442751247
2,1513,1515,0.15404560127932257
1,1509,1510,0.15404455786102791
1,1506,1507,0.1540468350995922
1,1504,1505,0.15404897412280263
1,1514,1515,0.15405098331646574
1,1515,1516,0.15405287055384523
1,1505,1506,0.15405464360720997
1,1504,1505,0.15405630970499787
1,1505,1506,0.15405787552278005
1,1516,1517,0.15405934724672168
1,1509,1510,0.15406073063264056
1,1508,1509,0.1540620310524368
1,1512,1513,0.15406325353047773
1,1516,1517,0.15406440277299954
1,1510,1511,0.15406548319270105
1,1511,1512,0.15406649892994007
1,1518,1519,0.1540674538714383
1,1516,1517,0.15406835166708377
1,1525,1526,0.15406919574521966
1,1525,1526,0.15406998932668695
1,1527,1528,0.15407073543780492
1,1529,1530,0.1540714369224256
1,1523,1524,0.15407209645316328
1,1524,1525,0.15407271654187887
1,1533,1534,0.15407329954948332
1,1528,1529,0.15407384769511545
1,1521,1522,0.15407436306474007
1,1520,1521,0.15407484761920837
1,1514,1515,0.15407530320181823
1,1523,1524,0.15407573154540677
1,1526,1527,0.15407613427900735
1,1518,1519,0.15407651293409852
1,1508,1509,0.15407686895047149
1,1520,1521,0.15407720368174005
1,1525,1526,0.15407751840051592
2,1527,1529,0.15407781430326994
2,1508,1510,0.15407482341540396
2,1504,1506,0.15407201880643903
2,1485,1487,0.15406938571697806
2,1489,1491,0.1540669131368862
2,1487,1489,0.15406458767600512
2,1497,1499,0.15406240597088477
2,1504,1506,0.1540603560314104
2,1515,1517,0.1540584291760268
2,1520,1522,0.15405661783956343
2,1522,1524,0.15405491504523533
2,1514,1516,0.1540533142684842
2,1507,1509,0.15405180938590615
2,1511,1513,0.154050394644736
2,1514,1516,0.15404906463869797
2,1514,1516,0.15404781428660172
1,1533,1534,0.15404663881261635
1,1519,1520,0.15404879275839978
1,1516,1517,0.15405081430237266
1,1526,1527,0.15405271257310546
1,1526,1527,0.15405449558219617
1,1523,1524,0.154056170774236
1,1526,1527,0.15405774498454722
1,1517,1518,0.15405922450826584
1,1526,1527,0.15406061517652725
1,1526,1527,0.15406192241564928
1,1526,1527,0.15406315129145118
2,1510,1512,0.15406430654340889
2,1509,1511,0.15406212279911377
2,1511,1513,0.15406007455036375
2,1515,1517,0.15405815298681114
2,1515,1517,0.15405634999772577
2,1508,1510,0.15405465752441047
1,1504,1505,0.15405306821345216
1,1501,1502,0.15405483579016427
1,1506,1507,0.1540564977954587
1,1497,1498,0.15405805952451138
2,1498,1500,0.15405952623951177
2,1503,1505,0.15405763701474104
2,1506,1508,0.1540558683802272
2,1514,1516,0.1540542087469651
2,1512,1514,0.15405265031280369
2,1520,1522,0.15405118625925948
2,1520,1522,0.1540498105133739
2,1519,1521,0.1540485175505146
2,1526,1528,0.15404730227600413
2,1520,1522,0.15404615995473928
2,1515,1517,0.1540450861660875
2,1505,1507,0.15404407677222245
2,1507,1509,0.15404312789397925
2,1507,1509,0.15404223589120647
2,1517,1519,0.15404139734600514
2,1513,1515,0.15404060904795558
2,1520,1522,0.15403986798080538
2,1512,1514,0.15403917131029624
2,1514,1516,0.15403851637292207
2,1512,1514,0.15403790066548187
2,1516,1518,0.15403732183532998
2,1511,1513,0.15403677767125395
2,1519,1521,0.15403626609492452
2,1519,1521,0.1540357851528748
2,1513,1515,0.15403533300896982
2,1521,1523,0.15403490793733468
2,1517,1519,0.1540345083157124
2,1519,1521,0.15403413261922272
2,1517,1519,0.15403377941449986
2,1522,1524,0.1540334473541839
2,1508,1510,0.15403313517174533
2,1508,1510,0.15403284167662218
1,1512,1513,0.1540325657496514
2,1520,1522,0.15403556260097448
2,1519,1521,0.15403511496954103
1,1512,1513,0.15403469882445692
0,1528,1528,0.15403756623361697
