1359,29,1388,0.13582130847731902
1388,31,1419,0.13300836296960655
1419,31,1450,0.13036172607099
1432,30,1462,0.12786345550722633
1441,29,1470,0.12555245591852068
1448,31,1479,0.12342359774254724
1439,31,1470,0.12146645505109976
1447,30,1477,0.11970737060827828
1447,31,1478,0.1180849697939701
1457,27,1484,0.11660737832747468
1456,27,1483,0.11523723490952452
1456,30,1486,0.11399206255332096
1471,30,1501,0.11285864861073389
1456,30,1486,0.11179091180370108
1463,29,1492,0.11085449613286574
1467,30,1497,0.10998599251401632
1472,29,1501,0.10918606810956899
1483,30,1513,0.10844668560339805
1478,30,1508,0.107748285688082
1459,31,1490,0.1071243035087997
1463,31,1494,0.10659935824489905
1466,32,1498,0.10611315774405519
1462,31,1493,0.10566377550855732
1466,32,1498,0.10526349145114984
1449,32,1481,0.10488963938554584
1432,33,1465,0.10458736384233237
1426,33,1459,0.10434980010306852
1419,32,1451,0.10414666453936597
1429,32,1461,0.10397765593973549
1442,33,1475,0.10380157077070823
1432,33,1465,0.1036127527291848
1446,30,1476,0.10346229171656965
1444,29,1473,0.10329459078210737
1447,30,1477,0.10314606349128262
1457,28,1485,0.10300414496768491
1459,28,1487,0.1028534575435015
1461,28,1489,0.1027119881616677
1462,29,1491,0.10257839634859078
1465,30,1495,0.10245444556384578
1464,31,1495,0.10233583433124545
1457,31,1488,0.1022302824785935
1453,31,1484,0.1021492712058237
1447,31,1478,0.10208437976062765
1452,30,1482,0.10203792412180836
1453,29,1482,0.10198482020001069
1456,29,1485,0.1019344034839524
1470,30,1500,0.10188173469239571
1468,30,1498,0.10180351144844395
1470,33,1503,0.10173668847430775
1462,33,1495,0.10167204044760184
1470,33,1503,0.10163054069638715
1462,30,1492,0.10157536723805277
1468,31,1499,0.10154205972162014
1468,29,1497,0.10149859051944088
1461,29,1490,0.10145899556941425
1454,29,1483,0.10143794425939104
1466,27,1493,0.10143406511959921
1476,27,1503,0.10140474653941826
1477,27,1504,0.10135647673340394
1483,27,1510,0.10131039202106513
1477,25,1502,0.10125582591885714
1472,25,1497,0.10121914856986779
1469,27,1496,0.10119641782719846
1475,28,1503,0.10118213807068985
1482,26,1508,0.1011560101116395
1475,27,1502,0.10111741656810733
1474,28,1502,0.1010973713463798
1483,30,1513,0.10108114828122453
1477,30,1507,0.10104696671879193
1467,29,1496,0.10102879653726891
1462,30,1492,0.10103380301399262
1454,30,1484,0.10104931688744041
1472,29,1501,0.10108016890741292
1468,29,1497,0.1010698783318654
1464,31,1495,0.10106886847399986
1468,31,1499,0.10107627611909123
1467,35,1502,0.1010751425224209
1487,39,1526,0.10107639151482836
1484,40,1524,0.10103497761041016
1465,42,1507,0.10100409751438652
1478,41,1519,0.10101680386287355
1480,40,1520,0.10100040617854252
1478,41,1519,0.10098096938564845
1465,43,1508,0.10096779316073888
1466,43,1509,0.10098360860672649
1451,44,1495,0.1009957484729924
1451,44,1495,0.10103906585493587
1445,45,1490,0.10107815588502472
1449,46,1495,0.10112676797253105
1451,44,1495,0.10116215814802551
1446,44,1490,0.10119043199101097
1444,43,1487,0.1012272280232441
1451,42,1493,0.10126465801079725
1449,43,1492,0.1012835217384289
1444,45,1489,0.10130545016808877
1439,45,1484,0.10133604302841313
1459,45,1504,0.10137502607912065
1467,45,1512,0.1013675144595117
1461,47,1508,0.10134367845924735
1452,47,1499,0.1013347536232512
1454,47,1501,0.10134561830990518
1451,46,1497,0.10135103953243889
1455,47,1502,0.10136268395948694
1454,49,1503,0.10136458375053962
1446,48,1494,0.10136866718879364
1446,50,1496,0.10138965327404094
1434,49,1483,0.10140891836720155
1446,46,1492,0.10145228714142128
1446,47,1493,0.10146609238679033
1444,46,1490,0.10147848879721322
1444,51,1495,0.10149452168536545
1437,50,1487,0.10150961926015345
1433,52,1485,0.10153846468570386
1438,52,1490,0.10157296253701005
1452,53,1505,0.10159347594260398
1451,52,1503,0.1015823231104803
1444,52,1496,0.10157436049676034
1432,52,1484,0.10158183843862316
1430,50,1480,0.10161458379114827
1438,50,1488,0.10164852350229879
1443,52,1495,0.10166187852336922
1441,49,1490,0.10166401492840427
1441,49,1490,0.10167016521921748
1427,50,1477,0.10167556665058498
1435,52,1487,0.10171051429202727
1425,52,1477,0.1017250756824032
1442,55,1497,0.10176014641711775
1438,56,1494,0.10175578611335595
1437,55,1492,0.10176056006117147
1434,55,1489,0.10176718065667949
1432,56,1488,0.1017796540281357
1438,57,1495,0.10179575111450063
1439,59,1498,0.10179752877586655
1438,61,1499,0.10179693351880928
1439,59,1498,0.10179943645639922
1440,61,1501,0.10179925602746522
1449,64,1513,0.10179729293954169
1450,65,1515,0.1017761715488429
1412,65,1477,0.10175505836739916
1421,65,1486,0.10181786780491862
1429,66,1495,0.10185608520075515
1431,68,1499,0.10187415108030352
1417,70,1487,0.10188607439750871
1422,68,1490,0.10192678897586059
1424,66,1490,0.10195287577486849
1435,68,1503,0.10197269090438155
1429,66,1495,0.10196669119044965
1427,64,1491,0.10197452372671399
1406,64,1470,0.10198575644762144
1427,64,1491,0.10204160385071889
1423,68,1491,0.10204676352619024
1407,66,1473,0.10206001248614509
1401,66,1467,0.10210674157209496
1413,69,1482,0.10216265776772872
1423,68,1491,0.10218781042465032
1429,64,1493,0.1021890510371452
1425,63,1488,0.1021765304903067
1430,61,1491,0.10217353439385249
1434,63,1497,0.10215984333236687
1441,66,1507,0.10213870124189482
1434,66,1500,0.1021042078277118
1439,68,1507,0.10208750101887676
1429,68,1497,0.1020619014632293
1424,67,1491,0.10206064073742419
1411,65,1476,0.10207039201381736
1420,67,1487,0.10210724521665149
1413,67,1480,0.10212159470587821
1417,70,1487,0.10214957242824645
1410,70,1480,0.10216644721290347
1400,73,1473,0.10219716301081255
1407,74,1481,0.10224680454791284
1414,75,1489,0.10227657523220919
1412,75,1487,0.10228890135381113
1423,77,1500,0.10230462436537431
1439,75,1514,0.10229520369987291
1426,76,1502,0.10225177400097302
1419,76,1495,0.10224022076203014
1426,73,1499,0.10224508389869666
1420,74,1494,0.1022340438273705
1421,73,1494,0.10223722311610012
1427,74,1501,0.10223809053922396
1436,75,1511,0.10222626594698031
1427,72,1499,0.1021960521401353
1420,73,1493,0.10218828554042453
1413,73,1486,0.1021967901992917
1407,75,1482,0.10222007529468388
1424,74,1498,0.10225386224892376
1434,74,1508,0.10224793498250694
1409,75,1484,0.10222079884473846
1414,77,1491,0.10224988686026983
1421,78,1499,0.10226575008822866
1412,80,1492,0.10226518161396808
1414,84,1498,0.10228393504709202
1419,83,1502,0.10229684288922598
1419,85,1504,0.1022977941966174
1426,85,1511,0.10229929268329194
1417,86,1503,0.10228548885083527
1432,87,1519,0.10229213507123112
1414,88,1502,0.1022661923436441
1407,89,1496,0.10228191639550589
1414,89,1503,0.10231121966646727
1409,85,1494,0.10232291792301272
1416,85,1501,0.10234423778082821
1416,84,1500,0.10234897384492227
1400,87,1487,0.10235311270112923
1411,84,1495,0.10239151375576633
1415,80,1495,0.10240261458502128
1420,78,1498,0.1024040675748947
1415,79,1494,0.10239368453546417
1423,80,1503,0.10239555057229456
1421,79,1500,0.10237990026872165
1418,76,1494,0.10237007129609513
1414,76,1490,0.1023674529275707
1420,77,1497,0.10237330056532516
1416,77,1493,0.10236720638663126
1405,78,1483,0.10236971570769465
1415,77,1492,0.10239569992299385
1415,81,1496,0.10239817244767382
1410,83,1493,0.10240057487770649
1419,86,1505,0.10241422235829756
1407,83,1490,0.10240749131497397
1415,80,1495,0.10242716647077742
1427,81,1508,0.10242772404638995
1409,84,1493,0.10240209898753552
1407,87,1494,0.10241829486214532
1412,88,1500,0.10243706704550679
1411,86,1497,0.1024432451749701
1411,87,1498,0.10245108953489705
1420,88,1508,0.10245843204905487
1417,89,1506,0.10244574237673187
1416,88,1504,0.1024403770217754
1417,89,1506,0.1024375522871582
1414,89,1503,0.10243260198554278
1404,92,1496,0.10243497269735755
1395,91,1486,0.1024592875601768
1404,89,1493,0.1025011930996381
1413,88,1501,0.10252104014330171
1411,91,1502,0.10251988290627814
1394,89,1483,0.10252199898243816
1393,88,1481,0.10256101917144392
1395,92,1487,0.10259858075325717
1396,91,1487,0.1026282873250031
1394,93,1487,0.10265337674819065
1398,91,1489,0.10268081882799382
1400,90,1490,0.1026980046294505
1396,93,1489,0.10270953920055977
1393,93,1486,0.1027290595740587
1401,96,1497,0.10275331212216664
1399,96,1495,0.10275869911167915
1400,98,1498,0.10276704090129943
1386,99,1485,0.10277229640741985
1385,99,1484,0.10280804769646464
1387,99,1486,0.10284261408573307
1378,100,1478,0.10286955814306824
1370,101,1471,0.10291376671111177
1380,106,1486,0.10297147547647299
1386,108,1494,0.10300301918121907
1388,107,1495,0.10302041046693504
1384,106,1490,0.10303209590844711
1381,104,1485,0.1030516046296459
1385,104,1489,0.10307578504945314
1380,104,1484,0.10308869641430012
1396,101,1497,0.10311163544903756
1392,102,1494,0.10309704840758432
1391,99,1490,0.10309213722065881
1401,98,1499,0.10308999629720905
1394,99,1493,0.10306645033199863
1395,97,1492,0.10306037036302414
1400,102,1502,0.10305285066961858
1403,103,1506,0.10303524721937318
1393,103,1496,0.10301292617957782
1396,104,1500,0.10301374831688923
1400,106,1506,0.10300828737021789
1398,107,1505,0.10299497539590999
1394,107,1501,0.10298760328501202
1384,106,1490,0.10298991523433042
1386,108,1494,0.103013654005116
1382,110,1492,0.10303158659532188
1383,110,1493,0.10305669655616191
1374,109,1483,0.10307687962754244
1385,105,1490,0.1031148021260791
1391,106,1497,0.10312608429734031
1389,107,1496,0.10312314500801902
1384,106,1490,0.10312425803646282
1390,108,1498,0.10313607538108309
1390,106,1496,0.10313376283161663
1381,106,1487,0.10313214005116172
1379,103,1482,0.10315022109724918
1389,107,1496,0.10317118477639817
1403,106,1509,0.10316881584066578
1400,106,1506,0.10313599738817797
1395,109,1504,0.1031128404179216
1399,111,1510,0.10310273758228408
1389,112,1501,0.10308488376093074
1381,111,1492,0.10308993628280697
1389,115,1504,0.10311267936478619
1388,111,1499,0.10311567615822238
1381,115,1496,0.10312040674287473
1385,115,1500,0.10314032630339516
1380,118,1498,0.10314979359413295
1385,117,1502,0.1031693494861499
1378,118,1496,0.10317686997495726
1391,120,1511,0.10319919833316597
1377,113,1490,0.10319130451516642
1377,112,1489,0.10321444242630776
1371,110,1481,0.10323543353198021
1374,113,1487,0.10326731041114984
1377,112,1489,0.10329044972988594
1370,114,1484,0.10330414605159742
1360,112,1472,0.10333243441136047
1381,112,1493,0.10338007183282097
1385,112,1497,0.10337787514878373
1393,110,1503,0.10336638683187724
1376,110,1486,0.10333859079777062
1383,110,1493,0.10334989979067626
1378,111,1489,0.1033441364036643
1383,103,1486,0.10334987770049812
1381,104,1485,0.10334415931572448
1387,104,1491,0.103343285499447
1384,103,1487,0.10332925172676807
1380,105,1485,0.10332290679079355
1385,111,1496,0.10332606684874049
1391,107,1498,0.10331751198850236
1395,107,1502,0.10329652571789377
1372,110,1482,0.10326891659639843
1373,117,1490,0.10329393798297154
1371,117,1488,0.10331504444925318
1378,118,1496,0.10333865190644989
1374,115,1489,0.10334486849161081
1361,117,1478,0.10336040062610849
1370,119,1489,0.1034029976918088
1382,120,1502,0.1034222141685155
1379,122,1501,0.10341426106633271
1366,125,1491,0.10341424673234575
1363,129,1492,0.10344241797903223
1359,130,1489,0.10347537949944123
1349,134,1483,0.10351480087077909
1354,140,1494,0.10357325357032501
1344,142,1486,0.10361603843695429
1355,137,1492,0.10367748951472666
1360,141,1501,0.10370990807682251
1361,142,1503,0.10372829310335993
1357,141,1498,0.10374328098743017
1353,141,1494,0.10376499119858255
1356,138,1494,0.10379377584196746
1357,137,1494,0.1038136761069589
1363,137,1500,0.10382879872067803
1361,137,1498,0.10382986968334723
1361,134,1495,0.10383507928036036
1360,135,1495,0.10383989974230058
1365,135,1500,0.10384591974421938
1372,136,1508,0.10384071271443968
1377,134,1511,0.10382065483408187
1365,133,1498,0.10379092721421411
1363,131,1494,0.10379012660925965
1360,135,1495,0.10379404737240992
1367,134,1501,0.10380417595492211
1349,136,1485,0.10379831227444081
1357,135,1492,0.1038323959897256
1350,133,1483,0.10384623217757721
1364,134,1498,0.10387493161819243
1364,135,1499,0.10387137225424593
1365,137,1502,0.10386805577257842
1352,143,1495,0.10386376739270102
1344,144,1488,0.1038890772483469
1332,145,1477,0.10392962140673546
1345,144,1489,0.1039938058892587
1345,145,1490,0.10402414247251851
1355,145,1500,0.10405177725079952
1352,149,1501,0.10405452229278664
1347,151,1498,0.10406458454124139
1346,152,1498,0.10408463383913226
1335,151,1486,0.10410516944162841
1347,150,1497,0.10414801909966843
1358,153,1511,0.10416131776530711
1351,156,1507,0.10415037952758631
1336,158,1494,0.10415563074372702
1338,158,1496,0.10419328843054697
1337,155,1492,0.1042238308386823
1341,156,1497,0.1042539431887807
1342,160,1502,0.10427297642593103
1337,160,1497,0.10428800968953202
1336,163,1499,0.1043122037832108
1330,162,1492,0.10433624406556576
1338,165,1503,0.10437109439214161
1328,165,1493,0.10438568885718542
1334,164,1498,0.10442118142119729
1328,167,1495,0.10444036484925913
1324,169,1493,0.10447235027652518
1334,165,1499,0.10451057176083987
1331,164,1495,0.10452389600139876
1328,164,1492,0.10454221789768375
1325,170,1495,0.10456547227124695
1325,167,1492,0.10459426527534417
1336,159,1495,0.10462096492725814
1332,161,1493,0.10462028329843118
1335,160,1495,0.10462788213591598
1334,160,1494,0.10462888983794805
1321,158,1479,0.1046323520836423
1324,161,1485,0.10466325414362856
1329,162,1491,0.10468498845065863
1338,165,1503,0.10469388009367009
1325,165,1490,0.1046823059167374
1314,165,1479,0.10470041707587281
1310,170,1480,0.1047415710203963
1322,167,1489,0.10478858323602966
1325,169,1494,0.10480460535352677
1321,168,1489,0.10481284237253523
1321,163,1484,0.10482892366719401
1322,169,1491,0.10484507419962184
1334,171,1505,0.10485860732226505
1328,173,1501,0.10484463724475657
1319,175,1494,0.10484560499372755
1333,180,1513,0.10486636313271451
1324,181,1505,0.10485434074420454
1319,177,1496,0.10486318628077719
1323,177,1500,0.10488277103835976
1325,177,1502,0.10489124074206421
1321,176,1497,0.10489432489473902
1325,179,1504,0.10490720953944603
1312,178,1490,0.10491092197460627
1316,178,1494,0.10494381074688079
1319,177,1496,0.10496383306229742
1318,179,1497,0.104975177153147
1321,186,1507,0.1049881599289954
1308,183,1491,0.10499316431446662
1313,182,1495,0.10502606345672047
1318,184,1502,0.10504523238664096
1320,184,1504,0.10505048436429928
1309,186,1495,0.10505140128136599
1313,187,1500,0.10507617321321401
1308,186,1494,0.10508986626158784
1312,183,1495,0.10511331991764106
1310,184,1494,0.10512535327750036
1306,188,1494,0.10514028412551284
1302,189,1491,0.10516343843243071
1288,187,1475,0.10519346287636053
1294,190,1484,0.1052517499679896
1319,191,1510,0.10529236876874362
1334,190,1524,0.1052747825268439
1326,189,1515,0.1052258458884327
1324,188,1512,0.10519831680024701
1327,187,1514,0.10517743142177423
1322,184,1506,0.10515158351247876
1319,183,1502,0.10513908771893353
1314,186,1500,0.10513502277255253
1318,187,1505,0.10514210670271598
1319,187,1506,0.1051401499747167
1313,191,1504,0.1051374156948236
1309,189,1498,0.10514856827271497
1303,188,1491,0.10516731164172832
1298,188,1486,0.10519831958308806
1301,187,1488,0.10523808345492287
1308,182,1490,0.10526650581503677
1304,186,1490,0.1052768260686144
1308,186,1494,0.10529584563785561
1296,186,1482,0.10530399150114604
1290,182,1472,0.10533850417578457
1298,183,1481,0.10538237450405166
1309,179,1488,0.10540547464924636
1308,178,1486,0.10540171078484448
1308,183,1491,0.1054003782661254
1307,186,1493,0.10539970720676839
1315,185,1500,0.10540148382171236
1312,181,1493,0.10538598447546638
1308,183,1491,0.10537853162481425
1311,188,1499,0.10538001660332824
1301,186,1487,0.10537510374816562
1293,182,1475,0.10539273724641966
1294,182,1476,0.10542586932517974
1302,186,1488,0.10545395664546091
1306,181,1487,0.10546228177781262
1307,177,1484,0.1054612951052371
1308,178,1486,0.10545847548681514
1310,187,1497,0.10545358565949069
1303,196,1499,0.10544533828163843
1287,194,1481,0.10545402039544115
1297,193,1490,0.10549822411925426
1297,196,1493,0.10551705641401654
1301,193,1494,0.10553439052632693
1295,195,1490,0.10554067475535621
1303,195,1498,0.10556044339705707
1316,196,1512,0.10556123403624898
1307,194,1501,0.105532414285986
1288,195,1483,0.1055269771214213
1289,196,1485,0.10556403547346577
1297,195,1492,0.10559569344286586
1307,198,1505,0.10560813643007655
1304,202,1506,0.10559788699782065
1311,205,1516,0.10559483617993934
1310,205,1515,0.10557740202955249
1293,204,1497,0.10556363278586144
1287,202,1489,0.10558978330192584
1293,202,1495,0.10562732556685234
1293,207,1500,0.10564774045088049
1295,203,1498,0.1056660928402064
1289,199,1488,0.10567791596174683
1285,196,1481,0.10570256469030335
1288,198,1486,0.10573364600790558
1302,195,1497,0.10575550709527186
1302,198,1500,0.1057439068835259
1295,199,1494,0.10573419065668785
1287,203,1490,0.10574216291512904
1289,206,1495,0.10576743776146401
1291,212,1503,0.10578507467768677
1294,217,1511,0.10579686946584348
1284,213,1497,0.1058007506474623
1283,214,1497,0.10582659671592448
1278,213,1491,0.10585183214880992
1275,211,1486,0.1058869123804444
1270,204,1474,0.10592634401909733
1288,204,1492,0.1059729381433025
1281,200,1481,0.10597409902132618
1286,201,1487,0.10599049248900365
1295,200,1495,0.10599410171016846
1283,204,1487,0.10597824906304495
1270,207,1477,0.10599052729148471
1281,207,1488,0.10603059095600695
1292,205,1497,0.10604216074504672
1289,200,1489,0.10602788855527084
1280,206,1486,0.10602055368142206
1288,206,1494,0.10603368637146299
1293,202,1495,0.10602808449742261
1290,201,1491,0.10601139774723362
1292,202,1494,0.10600410156916407
1290,205,1495,0.10599361168666835
1286,208,1494,0.10598894448173868
1286,211,1497,0.10599396936596918
1279,205,1484,0.10599961230996083
1297,203,1500,0.10602062896970332
1289,203,1492,0.10599984757776508
1285,205,1490,0.10599858012022018
1285,206,1491,0.10600668443811646
1284,208,1492,0.10601303346971637
1291,211,1502,0.10602118742972913
1295,218,1513,0.1060127797698966
1291,223,1514,0.10599596054073128
1284,220,1504,0.1059891432708293
1272,222,1494,0.10599919150705596
1280,223,1503,0.10603533644297367
1278,220,1498,0.106050113981189
1277,220,1497,0.10606858275061355
1268,222,1490,0.10608863776900765
1274,226,1500,0.1061271449050973
1276,229,1505,0.10614989234476027
1268,226,1494,0.10616681989707975
1266,228,1494,0.10620026739305459
1251,228,1479,0.10623542460372663
1261,234,1495,0.10630223393780376
1272,231,1503,0.10634161315479201
1260,235,1495,0.10635297330526981
1261,238,1499,0.10638940632832813
1260,240,1500,0.10642121920397113
1266,238,1504,0.10645229341669349
1268,238,1506,0.1064680793504062
1270,240,1510,0.10647809264659039
1282,243,1525,0.10648267877527692
1272,239,1511,0.10646141006938095
1265,238,1503,0.1064647800592343
1269,233,1502,0.10648237572664826
1269,231,1500,0.10648947137043475
1273,235,1508,0.10649623500162594
1268,236,1504,0.10649423854794492
1264,239,1503,0.10650419485634563
1284,238,1522,0.1065221283936448
1275,237,1512,0.10649477489690895
1272,239,1511,0.10649016139083833
1266,240,1506,0.10649269332751256
1265,237,1502,0.1065089763527058
1260,238,1498,0.10652556260940489
1254,235,1489,0.10655118203971572
1250,235,1485,0.10658616553146828
1251,231,1482,0.10662627997296369
1254,229,1483,0.10666082438033234
1263,225,1488,0.10668516789231725
1256,227,1483,0.10668756445062105
1259,229,1488,0.1067052331296575
1258,233,1491,0.10671566567629727
1265,227,1492,0.10672680481899771
1267,231,1498,0.10672099468537176
1265,229,1494,0.10671132181570261
1263,231,1494,0.1067062358201267
1265,233,1498,0.10670606602210342
1261,233,1494,0.10670155939570229
1264,232,1496,0.1067067081192156
1256,234,1490,0.10670546517003097
1243,232,1475,0.10672101081485633
1244,231,1475,0.10676541760823949
1258,232,1490,0.10680455466768107
1253,234,1487,0.10680961049274891
1260,231,1491,0.10682549806226
1263,230,1493,0.10682284808533167
1272,232,1504,0.10681336042334269
1266,230,1496,0.10678531450154274
1257,230,1487,0.10677283356238196
1252,232,1484,0.10678191664181044
1249,233,1482,0.10680205515835856
1254,234,1488,0.10682763841103655
1256,234,1490,0.10684048366977292
1254,233,1487,0.10684817534514358
1244,235,1479,0.10685936224571516
1244,238,1482,0.10689133580287784
1255,236,1491,0.10692247138515669
1261,238,1499,0.10692635455772641
1252,237,1489,0.10691563459152671
1254,235,1489,0.10692509480437756
1248,235,1483,0.10692841489159675
1260,231,1491,0.10694427141965164
1255,227,1482,0.10693266938977512
1252,228,1480,0.10693421650042023
1253,234,1487,0.10694318666782024
1262,241,1503,0.10694781739176591
1259,235,1494,0.10693195271137583
1262,235,1497,0.10692448468466818
1256,235,1491,0.1069106954301147
1241,236,1477,0.10691095614707447
1252,242,1494,0.10694549356439005
1254,239,1493,0.10695292340982201
1254,238,1492,0.10695457125310906
1265,239,1504,0.10695621952346969
1260,234,1494,0.10693243812518449
1263,231,1494,0.1069211351678459
1253,228,1481,0.10690435725960969
1263,236,1499,0.10691113380977692
1251,235,1486,0.10689413252922066
1267,231,1498,0.10690593109505488
1265,226,1491,0.10688071695757109
1257,230,1487,0.10686257904375435
1264,235,1499,0.10686376081636709
1261,237,1498,0.10684885744252902
1256,241,1497,0.10684244287412109
1267,240,1507,0.10684874375877851
1267,234,1501,0.10683051786207155
1266,237,1503,0.10681331775660521
1268,232,1500,0.10679979932108197
1271,232,1503,0.10678146988023961
1262,234,1496,0.10675871493809662
1253,240,1493,0.1067583492966267
1247,240,1487,0.10677931947218401
1244,238,1482,0.10681176135229593
1252,234,1486,0.10684753197099874
1256,235,1491,0.1068632724274008
1244,231,1475,0.10686755965188893
1259,239,1498,0.10689808795482093
1256,241,1497,0.1068942604324495
1260,236,1496,0.10689693996902846
1255,232,1487,0.1068897329802229
1255,234,1489,0.10689368396767246
1260,227,1487,0.10689812323904979
1284,230,1514,0.1068916355113697
1281,235,1516,0.10683200690235753
1266,230,1496,0.10678343100673915
1261,232,1493,0.10677334418431805
1260,228,1488,0.1067742201324653
1258,230,1488,0.10677696187150029
1251,233,1484,0.10678367210991034
1261,233,1494,0.10680600552801459
1259,239,1498,0.10680395748302779
1250,239,1489,0.10680612762820427
1245,244,1489,0.10682905591975843
1242,247,1489,0.10686168711678573
1246,251,1497,0.10689806980474739
1244,251,1495,0.10692340175261063
1247,249,1496,0.10695320220633046
1248,248,1496,0.10697444073727631
1245,248,1493,0.10698991998744858
1242,247,1489,0.10701147485060686
1249,251,1500,0.10703720263559284
1246,251,1497,0.10704504186554971
1244,249,1493,0.1070604287832191
1251,255,1506,0.1070791742267364
1237,258,1495,0.10707935770287577
1248,261,1509,0.10711180584698593
1245,263,1508,0.10711851080550014
1232,260,1492,0.1071318606575238
1246,256,1502,0.1071739252550013
1240,259,1499,0.10718121875519387
1229,259,1488,0.10720234743877205
1241,269,1510,0.1072466805525367
1247,266,1513,0.10725984294351835
1237,263,1500,0.10725898743973618
1244,268,1512,0.10728109068446648
1239,269,1508,0.10728571966858262
1220,269,1489,0.10730103392898599
1235,271,1506,0.10735836511573033
1233,268,1501,0.1073780661239056
1216,268,1484,0.1074000768652802
1215,267,1482,0.10745764371039718
1228,272,1500,0.10751236183349817
1233,269,1502,0.10753393353539628
1244,266,1510,0.10754151708831752
1232,263,1495,0.1075239816848174
1250,259,1509,0.10753599477201942
1248,257,1505,0.1075070675136482
1237,256,1493,0.10748503791579626
1250,261,1511,0.10749019278186424
1241,262,1503,0.10746576021058757
1232,261,1493,0.10746430470829527
1230,260,1490,0.10748372447482261
1234,255,1489,0.10750692426615942
1235,260,1495,0.1075187065942945
1228,267,1495,0.10752643237273642
1234,270,1504,0.10754935917778226
1237,263,1500,0.10755752535974679
1218,258,1476,0.10755722022472158
1215,263,1478,0.10759870595797279
1229,262,1491,0.10764428748313822
1227,266,1493,0.1076556228240528
1228,264,1492,0.10767088807304895
1216,269,1485,0.10768401139107768
1228,265,1493,0.10772305935653517
1220,273,1493,0.10773252378186342
1233,273,1506,0.10775838332544575
1246,278,1524,0.10775395712447981
1241,276,1517,0.10772111136938296
1234,273,1507,0.10770403644386609
1238,267,1505,0.10770441565662839
1239,262,1501,0.10769540746432234
1238,265,1503,0.10768447242620095
1238,265,1503,0.10767611281086151
1240,264,1504,0.10766830600637235
1221,271,1492,0.10765815275676012
1227,274,1501,0.10769097654993917
1230,275,1505,0.10770866694176184
1226,274,1500,0.10771849950580041
1227,273,1500,0.10773699905240677
1218,277,1495,0.10775177798337303
1215,279,1494,0.10778439215303999
1215,283,1498,0.10782010249231913
1213,282,1495,0.10785209473932805
1216,282,1498,0.10788649256467554
1213,280,1493,0.10791272723174422
1208,280,1488,0.10794416007706342
1203,282,1485,0.10798472942794411
1204,287,1491,0.10803289397672118
1203,286,1489,0.10807501854412141
1199,293,1492,0.10811525851214963
1201,285,1486,0.10816181104516065
1197,283,1480,0.10819869218380279
1193,282,1475,0.10824227675750799
1198,289,1487,0.10829158213949458
1199,286,1485,0.10832561301697596
1195,289,1484,0.10835467224778217
1205,299,1504,0.10839217825891319
1207,298,1505,0.10840525217118505
1200,301,1501,0.10841245988104956
1219,302,1521,0.10843458808560974
1200,304,1504,0.10841165199202706
1194,306,1500,0.10843214327330075
1192,295,1487,0.10846524885772607
1180,295,1475,0.10850072245482424
1195,302,1497,0.10855877054761442
1204,302,1506,0.10857907618337932
1195,302,1497,0.10857694606396538
1185,305,1490,0.10859558198646742
1199,310,1509,0.10863628431296096
1197,306,1503,0.10864237331695971
1190,301,1491,0.10865169835361957
1191,301,1492,0.108675057907367
1197,299,1496,0.10869465090361928
1188,301,1489,0.10869987019033481
1196,299,1495,0.10872565099908935
1183,301,1484,0.10873123970227744
1170,303,1473,0.10876572213589465
1173,301,1474,0.10882563803934961
1166,299,1465,0.10887370663071166
1175,303,1478,0.10893268854503974
1189,301,1490,0.10896723683216787
1195,301,1496,0.10896762825346114
1198,304,1502,0.10895414809657815
1198,296,1494,0.10893565885806768
1206,298,1504,0.10891869820014392
1204,295,1499,0.10888451548855478
1212,296,1508,0.10885917349865061
1206,292,1498,0.10881776491913499
1215,293,1508,0.10879431623676432
1216,293,1509,0.10875164902491907
1204,294,1498,0.10871080703659838
1202,294,1496,0.10869907630673606
1198,292,1490,0.10869356550693532
1207,290,1497,0.10869690347282666
1206,293,1499,0.10868005412514205
1191,294,1485,0.10866536410702361
1201,294,1495,0.10868515620937344
1199,295,1494,0.10868102574350175
1200,298,1498,0.10868174191809488
1214,304,1518,0.10868019746125018
1206,301,1507,0.108647244028785
1202,302,1504,0.10863428575481734
1209,303,1512,0.10863209562678187
1213,303,1516,0.10861429927336498
1210,300,1510,0.1085899053306008
1205,292,1497,0.10857389739835539
1197,289,1486,0.10857058846056486
1208,288,1496,0.10858466310025848
1205,289,1494,0.10857317249050541
1210,290,1500,0.10856957310462867
1212,296,1508,0.10855505422309722
1207,295,1502,0.10853841343692631
1198,301,1499,0.10853452047043223
1197,298,1495,0.10855143791055154
1192,299,1491,0.10856775352567175
1177,299,1476,0.10859452315476979
1194,301,1495,0.10865505474215936
1202,303,1505,0.10867201629818371
1201,304,1505,0.10866945215307865
1189,304,1493,0.10867085884064305
1190,301,1491,0.10869982343042654
1196,301,1497,0.10872358499258183
1195,305,1500,0.10873187457593929
1186,298,1484,0.10874235351041697
1188,305,1493,0.10877175873395249
1189,307,1496,0.10879491981710719
1199,307,1506,0.10881451081663357
1202,311,1513,0.10881127318838751
1199,313,1512,0.10880133620618765
1197,312,1509,0.10879979652635426
1191,304,1495,0.10880188469549978
1182,306,1488,0.10881758806323528
1174,311,1485,0.10885171990070763
1180,313,1493,0.10890108384049192
1181,314,1495,0.1089326378803117
1180,306,1486,0.10895969983642258
1175,300,1475,0.10898779398782546
1183,296,1479,0.10902487826562296
1191,303,1494,0.1090400868073516
1191,305,1496,0.10903640130919433
1202,306,1508,0.1090325902544097
1182,309,1491,0.10900534632668124
1177,310,1487,0.10902576625805795
1185,307,1492,0.10905677682838462
1188,310,1498,0.10906745804384144
1181,314,1495,0.10907013156324431
1175,312,1487,0.10908771768907836
1175,316,1491,0.10911816497890431
1184,313,1497,0.10914613474434862
1178,313,1491,0.10915115557813113
1177,317,1494,0.10916937908587218
1171,320,1491,0.10918844656840195
1168,315,1483,0.10921892820355282
1180,313,1493,0.10925418202638727
1183,321,1504,0.1092595935510385
1186,324,1510,0.1092590357575288
1187,324,1511,0.109251753138268
1187,319,1506,0.10924326395999348
1184,318,1502,0.10923498639233684
1175,321,1496,0.10923415537799819
1183,321,1504,0.10925328432822842
1192,321,1513,0.10925203364656869
1189,318,1507,0.10923230318547876
1189,313,1502,0.10922134726986713
1182,313,1495,0.10921113734403332
1186,321,1507,0.10921676026193275
1178,326,1504,0.10921286448288087
1170,325,1495,0.10922851922536157
1170,315,1485,0.10925957421374967
1169,320,1489,0.1092877135099333
1171,323,1494,0.10931565598417006
1166,329,1495,0.10933829129263165
1157,328,1485,0.10937020670961659
1175,334,1509,0.1094200536334462
1188,334,1522,0.10942457376413564
1195,331,1526,0.10939918295938761
1187,332,1519,0.10936071203765423
1192,339,1531,0.10934340877279755
1190,339,1529,0.10931799259168072
1187,341,1528,0.10929867096042006
1171,335,1506,0.10928877029962315
1179,339,1518,0.10931651270539636
1172,339,1511,0.10932441213121466
1177,339,1516,0.10934772004903465
1180,340,1520,0.10935782363827323
1164,336,1500,0.10936018040183892
1152,333,1485,0.10939856136263089
1149,334,1483,0.10946009534571285
1147,332,1479,0.10952143369036799
1153,336,1489,0.1095817264104506
1168,334,1502,0.10962282069021635
1169,335,1504,0.10962656938921786
1185,335,1520,0.10962851350653324
1181,336,1517,0.10959494640643291
1172,340,1512,0.10957393735570868
1162,338,1500,0.10957345627534547
1157,335,1492,0.10959567189917284
1171,342,1513,0.10962828617892033
1167,340,1507,0.10962759248330733
1160,347,1507,0.10963679062523184
1164,351,1515,0.10966037711420806
1156,349,1505,0.10967233632645716
1149,347,1496,0.10970126353891445
1156,353,1509,0.10974347872068656
1146,349,1495,0.10976729603990794
1147,351,1498,0.1098116536602332
1142,352,1494,0.10984934127099404
1146,352,1498,0.10989427706496338
1154,349,1503,0.10992619355030865
1144,340,1484,0.1099391062429966
1155,344,1499,0.10997291942030366
1154,347,1501,0.10997984162293249
1150,344,1494,0.10998982457892906
1135,346,1481,0.11000842008483763
1136,342,1478,0.11005851199325527
1132,344,1476,0.11010268234161497
1148,350,1498,0.11015205392851048
1133,352,1485,0.11016001198325924
1134,351,1485,0.11020070567962169
1132,362,1494,0.11023526206024972
1129,360,1489,0.1102715099740481
1138,364,1502,0.11031094364656836
1140,369,1509,0.110327866774839
1132,366,1498,0.11033818496977674
1133,365,1498,0.11036615160426391
1132,361,1493,0.11038827682766676
1139,361,1500,0.11041064050082908
1130,365,1495,0.11041598223162456
1129,365,1494,0.11044191571704065
1122,363,1485,0.110468832381539
1118,367,1485,0.11051045118866852
1115,367,1482,0.1105576439062533
1129,371,1500,0.11060863562843934
1129,379,1508,0.11062316668651449
1127,377,1504,0.11063820526448605
1126,380,1506,0.11065800382312414
1123,380,1503,0.11067742682478088
1132,378,1510,0.11070242812713016
1127,375,1502,0.1107050106209056
1125,375,1500,0.11071850417145786
1123,380,1503,0.11073441715939339
1102,380,1482,0.1107535710142543
1105,382,1487,0.11081909723152564
1107,381,1488,0.11087175471087911
1115,384,1499,0.11091542925972835
1118,378,1496,0.11093861976833164
1118,372,1490,0.11095388406000951
1130,372,1502,0.11096821773580466
1120,370,1490,0.11095336876204509
1119,376,1495,0.11096362276573629
1109,383,1492,0.11097552781401006
1111,378,1489,0.11101002382688009
1110,378,1488,0.11103739916379568
1102,385,1487,0.11106481140710155
1098,389,1487,0.11110827645007064
1093,395,1488,0.11115695913706379
1098,398,1496,0.11121160877201554
1098,397,1495,0.11125178238358573
1093,392,1485,0.11128770447447929
1105,391,1496,0.11133348481438642
1102,397,1499,0.11134723102974116
1100,395,1495,0.11136651735499101
1111,396,1507,0.11138946272466832
1117,396,1513,0.11138464323606816
1110,394,1504,0.11136665973521971
1100,387,1487,0.11136627854413331
1100,388,1488,0.1113886309313983
1110,386,1496,0.11140997349291369
1104,392,1496,0.11140356521236017
1109,395,1504,0.11141167045499839
1117,395,1512,0.11140800206309953
1115,396,1511,0.11138645424856962
1117,398,1515,0.11137108506469941
1108,393,1501,0.11135264197348466
1114,391,1505,0.11135808487232701
1112,396,1508,0.11134991497295832
1109,405,1514,0.11134610160533842
1105,404,1509,0.11135111732617825
1095,410,1505,0.11136383256871416
1104,401,1505,0.1113974378846168
1101,392,1493,0.11140714774099207
1102,394,1496,0.1114245249650097
1106,400,1506,0.11143784694396232
1102,395,1497,0.1114412674085759
1096,397,1493,0.11145303643479064
1095,399,1494,0.11147891261427918
1092,393,1485,0.11150430204542175
1098,394,1492,0.11153437984351527
1101,396,1497,0.11155003751704229
1101,400,1501,0.11155610220194859
1097,404,1501,0.11156103669482512
1097,405,1502,0.11157430286565038
1097,396,1493,0.11158620474035771
1092,389,1481,0.11159686565632779
1101,392,1493,0.11161791715169342
1096,399,1495,0.11161609807071284
1104,401,1505,0.1116250956483632
1093,400,1493,0.11161456288376645
1090,389,1479,0.1116300482685503
1095,388,1483,0.11165057770158368
1112,401,1513,0.11165825547881805
1106,404,1510,0.11162707164152423
1108,394,1502,0.11161089534858036
1112,390,1502,0.11159155110029634
1095,396,1491,0.1115643667908629
1096,400,1496,0.11157622535862259
1092,406,1498,0.11158491328362526
1098,403,1501,0.11160131946687249
1105,403,1508,0.11160178922410345
1107,399,1506,0.11158590886228875
1097,400,1497,0.11156685904605129
1100,398,1498,0.11157178318178965
1103,401,1504,0.11156871472774603
1099,401,1500,0.11155853612077163
1096,398,1494,0.11155848702141678
1098,408,1506,0.11156478330461951
1091,412,1503,0.11156741997779644
1082,421,1503,0.11158657815978587
1080,414,1494,0.11162565749229092
1085,411,1496,0.11166611535999227
1097,411,1508,0.11169222671084732
1096,409,1505,0.11168958817396085
1082,414,1496,0.11168885962599841
1078,411,1489,0.1117216614993162
1092,412,1504,0.11176038026357205
1094,409,1503,0.11176447665440412
1084,408,1492,0.11176478150945418
1080,417,1497,0.11178811812322557
1090,423,1513,0.11182037462076355
1086,423,1509,0.111828096477223
1077,423,1500,0.11184410649802828
1088,427,1515,0.11187969003542989
1094,424,1518,0.11188684622191626
1083,420,1503,0.11187988299599202
1084,417,1501,0.1118984862996325
1077,430,1507,0.11191292941327777
1078,427,1505,0.1119422853449524
1061,426,1487,0.11196765081067296
1065,417,1482,0.11203114716822413
1067,423,1490,0.11208054087885955
1055,432,1487,0.1121210150173565
1060,437,1497,0.11218692727114533
1055,435,1490,0.11223623260869829
1052,429,1481,0.11229355107696694
1052,427,1479,0.1123527205267376
1047,431,1478,0.11240702161080847
1059,429,1488,0.1124686712586748
1056,430,1486,0.11249779010794585
1054,424,1478,0.1125301024986173
1059,429,1488,0.11256433087951073
1049,432,1481,0.11258532915213706
1062,436,1498,0.1126282158735298
1055,447,1502,0.11263918991358164
1062,448,1510,0.11266534593682896
1058,444,1502,0.11267245238226015
1047,445,1492,0.11268939758333026
1045,455,1500,0.11273090599268158
1038,462,1500,0.11277572400998835
1058,467,1525,0.1128338236969015
1055,459,1514,0.11283938900773523
1048,460,1508,0.11285199047514542
1045,463,1508,0.11288062094023375
1048,463,1511,0.1129145093535631
1045,471,1516,0.11293831815331917
1043,472,1515,0.11296670020441493
1053,472,1525,0.11299825833456736
1046,473,1519,0.11300434266856506
1039,474,1513,0.11302667904672163
1025,459,1484,0.11306456857705996
1024,464,1488,0.11313221819417972
1016,474,1490,0.1131977256232059
1010,475,1485,0.1132764370751525
1003,480,1483,0.11336109788299638
999,491,1490,0.1134562639645405
991,494,1485,0.11355417212534281
997,496,1493,0.11366204171106599
996,504,1500,0.11374767622400932
1000,498,1498,0.11382932261697315
1011,501,1512,0.11389560133719245
1015,497,1512,0.11393165360804641
1008,512,1520,0.11395677946327719
995,516,1511,0.11399740817615128
999,508,1507,0.11406380251602656
993,515,1508,0.11411630319561762
992,513,1505,0.11417817794666153
981,511,1492,0.11423695181389494
976,518,1494,0.11431917014938271
985,518,1503,0.11440845493173582
977,527,1504,0.11447100743027529
975,520,1495,0.11454886485113999
971,517,1488,0.11462582221779226
964,525,1489,0.11470735733321062
966,530,1496,0.11479992074467799
978,531,1509,0.11487988819818082
975,529,1504,0.11492490530404846
972,540,1512,0.11497463089930852
963,531,1494,0.11502774014734611
973,530,1503,0.11509944951875967
981,525,1506,0.1151426067924192
980,522,1502,0.11516404290741558
978,533,1511,0.11518656677127172
973,531,1504,0.11521170860397797
962,538,1500,0.11524669666882183
944,537,1481,0.11530582776818822
959,536,1495,0.11540335668767822
956,536,1492,0.11545952827103757
949,535,1484,0.11551815548818684
957,541,1498,0.11558759698650699
957,535,1492,0.11563320350941822
960,534,1494,0.11567539067594204
960,525,1485,0.11570679534220546
960,529,1489,0.11573658544165649
960,539,1499,0.11576275255428412
952,535,1487,0.11578850360627832
969,545,1514,0.11583167292275494
966,537,1503,0.11583196895027015
959,530,1489,0.11583788792599875
950,536,1486,0.11585985474377476
946,546,1492,0.11589994963713288
943,547,1490,0.1159459144211681
942,547,1489,0.11599683014949466
951,548,1499,0.1160465928120378
950,555,1505,0.11607102227907097
934,550,1484,0.11609628616151238
927,545,1472,0.11615635002035894
934,557,1491,0.1162292503916425
938,559,1497,0.11628034293444031
933,559,1492,0.11631958357129044
923,562,1485,0.11636736394957349
932,559,1491,0.11643493675127611
938,564,1502,0.11647786652868541
941,565,1506,0.11650322927886492
943,568,1511,0.11652075051299175
939,569,1508,0.11653104139743899
938,570,1508,0.11655042072550632
932,569,1501,0.11657084475797035
925,565,1490,0.11660437867343547
918,568,1486,0.11665229840017931
926,570,1496,0.11671321154088644
937,569,1506,0.11675095451121714
933,562,1495,0.11675966124205893
929,563,1492,0.11677954441987388
929,567,1496,0.1168081488515787
922,575,1497,0.11683479503922993
910,579,1489,0.11687458854297664
917,578,1495,0.11693829979530995
925,575,1500,0.11698076717082607
924,582,1506,0.11700199624880614
930,588,1518,0.11702394061435419
914,586,1500,0.11703177857660613
915,590,1505,0.11707662610269624
910,586,1496,0.11711668269276629
907,584,1491,0.11716548495704406
921,572,1493,0.11721814470903748
919,570,1489,0.11723322328132461
905,582,1487,0.11725232434100215
919,585,1504,0.11730312937844146
923,590,1513,0.11731841635103599
919,587,1506,0.11732286374193507
916,588,1504,0.11733611133151368
910,596,1506,0.11735598368662532
912,593,1505,0.11738696633692058
924,587,1511,0.11741121557905107
914,589,1503,0.11740592555200685
922,591,1513,0.11742588676383173
910,593,1503,0.1174251173185942
906,592,1498,0.1174545803026524
899,594,1493,0.11749265319788861
904,596,1500,0.11754547745191411
901,595,1496,0.11758106731715195
899,599,1498,0.11761893863781608
898,602,1500,0.11765961726103172
895,602,1497,0.11769937148260153
901,589,1490,0.11774406425168836
906,578,1484,0.11777116516836358
912,588,1500,0.1177845181590148
903,592,1495,0.11778189815092395
905,592,1497,0.11780127059398891
906,585,1491,0.11781396970186384
893,588,1481,0.11782189952168812
898,587,1485,0.11785921704626506
904,578,1482,0.11788321627551174
903,588,1491,0.1178899894166489
911,580,1491,0.11789972183388758
913,587,1500,0.11789158538489947
918,595,1513,0.11787804361587213
911,594,1505,0.11785372414094639
907,603,1510,0.11784809658931686
895,596,1491,0.1178532312019217
892,597,1489,0.11788573469839264
899,590,1489,0.11792235056796774
906,588,1494,0.11794146417314359
909,584,1493,0.11794305852329023
915,588,1503,0.11793624158797504
913,600,1513,0.11791653287925342
907,598,1505,0.11790339919722703
904,592,1496,0.11790468458406712
906,592,1498,0.11791394974705238
899,600,1499,0.11791800511700554
899,599,1498,0.11793974804832048
901,603,1504,0.11796161461269553
905,599,1504,0.1179771967950872
899,607,1506,0.11798247990650448
896,603,1499,0.11800244329020632
894,604,1498,0.11802905036649186
900,604,1504,0.11805918400663713
892,609,1501,0.11807233325960277
882,602,1484,0.11810302784285881
877,605,1482,0.1181559312408977
873,602,1475,0.11821650640048839
877,609,1486,0.1182829674084198
874,621,1495,0.11833559184872781
873,606,1479,0.11839163200891804
883,612,1495,0.11844694726353872
876,615,1491,0.11847607486744736
871,620,1491,0.11851821398266381
876,612,1488,0.11856845742904704
868,614,1482,0.11860410436469893
860,620,1480,0.11865495382875149
860,622,1482,0.11871907162545016
868,620,1488,0.11878054854047954
857,621,1478,0.11881768513664383
871,618,1489,0.1188781086029812
875,619,1494,0.11890186175547501
885,617,1502,0.1189145438499195
885,620,1505,0.11890151910040694
880,617,1497,0.11888995738985629
885,612,1497,0.11889106390147126
887,614,1501,0.1188798741326585
876,614,1490,0.11886656361047837
880,622,1502,0.11887875180761334
870,626,1496,0.11888081221458027
873,619,1492,0.11890737935103178
876,627,1503,0.11892592990481575
881,625,1506,0.11893451837872955
881,632,1513,0.11893165066069486
873,637,1510,0.11892771757662271
880,636,1516,0.11894222350464935
873,635,1508,0.11893901623793779
865,628,1493,0.11895426182581324
863,635,1498,0.11898593956426108
868,642,1510,0.11902108784061
859,645,1504,0.11904211188788379
857,640,1497,0.11908379652032995
852,648,1500,0.1191276673241666
848,644,1492,0.11917926660401434
836,644,1480,0.11923769631912809
844,641,1485,0.11932045920610478
842,649,1491,0.1193788458403829
846,646,1492,0.11943871831446398
844,652,1496,0.11948509194441931
842,653,1495,0.11953438931816038
842,649,1491,0.11958462271584892
836,655,1491,0.11963161610527571
837,665,1502,0.11968926733594513
841,660,1501,0.11973883856046942
833,662,1495,0.11977621552762535
838,660,1498,0.11983000675967943
843,664,1507,0.1198691033420248
840,664,1504,0.11989455055180528
839,670,1509,0.11992537997906741
838,666,1504,0.11995559287970659
830,659,1489,0.11998579808062779
834,662,1496,0.12003303336972485
847,660,1507,0.1200664198101439
845,656,1501,0.12006734216948707
857,660,1517,0.1200734001493518
855,656,1511,0.12004880334781311
860,651,1511,0.12003236836111963
855,660,1515,0.12000525813528232
850,659,1509,0.11999356901412388
844,671,1515,0.11999553084137972
838,667,1505,0.12001344008820343
826,668,1494,0.12004313474982486
826,675,1501,0.1200990807511037
826,667,1493,0.12015091465011384
832,664,1496,0.12020055299860008
823,668,1491,0.12023245836390421
823,668,1491,0.12028243540408455
827,670,1497,0.12032956269643347
828,667,1495,0.12036282777425888
826,663,1489,0.1203906611218273
816,663,1479,0.12042203305711417
821,682,1503,0.12047689393699659
808,691,1499,0.12051541788615239
808,691,1499,0.12058281059928243
817,688,1505,0.1206452962721534
814,688,1502,0.12068161717888577
816,686,1502,0.12072196182948348
813,693,1506,0.12075448773427722
815,680,1495,0.12079166921070271
822,677,1499,0.12081904602455878
827,674,1501,0.12082707960652365
826,681,1507,0.12082386990547717
828,673,1501,0.12082291378786333
821,673,1494,0.1208173130299631
817,684,1501,0.12082999989680437
801,689,1490,0.12084999923518534
810,684,1494,0.12090730338497092
805,677,1482,0.12093915477527886
802,673,1475,0.12098067336789253
808,680,1488,0.12102423549263258
816,680,1496,0.12105030889036186
815,696,1511,0.12105567201807232
805,696,1501,0.12106458951803553
816,684,1500,0.1210941288942443
813,683,1496,0.12109626985112433
811,693,1504,0.12110484407792206
814,693,1507,0.12111646737060675
809,693,1502,0.12112128795495479
815,697,1512,0.12113737730888316
817,693,1510,0.12113685877114254
820,688,1508,0.12113089388977487
808,697,1505,0.1211177571604818
819,697,1516,0.12113529947062535
810,692,1502,0.12112659723592728
810,691,1501,0.12114068742847316
804,685,1489,0.12115525696948458
800,690,1490,0.12118370103034838
804,693,1497,0.12121796817152271
805,690,1495,0.12124029041618202
807,688,1495,0.12125926913443327
807,692,1499,0.12127207008512418
800,685,1485,0.12128625738594662
796,690,1486,0.1213149034563001
792,687,1479,0.12135063920918374
799,688,1487,0.12139012831903497
802,688,1490,0.12141119506677166
800,701,1501,0.1214229147552852
814,696,1510,0.12143819210263164
811,689,1500,0.12141848720084628
818,692,1510,0.12140644150905171
823,697,1520,0.12137681431298074
817,700,1517,0.12133793051756399
802,693,1495,0.1213179789401184
802,696,1498,0.12133843750244702
817,697,1514,0.12135709746168172
808,700,1508,0.12133791308856537
798,710,1508,0.12134165142881485
788,706,1494,0.12137107745866221
786,705,1491,0.121424516561824
784,707,1491,0.12147919257163566
786,717,1503,0.12153381392783862
777,724,1501,0.12157767369345793
776,717,1493,0.12164088964339612
775,719,1494,0.12170270151790089
770,723,1493,0.12176188757205128
778,729,1507,0.12182983066937904
787,731,1518,0.1218740961296217
790,721,1511,0.12189244587151656
793,730,1523,0.12190310128811348
786,733,1519,0.12190618353760398
785,732,1517,0.12192657102368344
773,736,1509,0.12194812596696991
779,736,1515,0.12199570975066659
769,735,1504,0.12202486551912824
779,730,1509,0.12207603628802435
787,731,1518,0.12209964192964863
782,734,1516,0.12210180539492022
779,733,1512,0.12211715162935183
776,732,1508,0.1221389838378741
784,736,1520,0.12216653054875348
777,734,1511,0.1221730267103058
770,725,1495,0.12219562435722507
769,717,1486,0.12223342665902301
776,722,1498,0.1222697789703975
785,726,1511,0.12228470552477852
781,729,1510,0.12227679124310559
777,722,1499,0.12228067375430392
779,728,1507,0.12229403452685136
772,732,1504,0.12230116599360492
770,727,1497,0.12232332490953729
759,722,1481,0.12234878285075125
770,725,1495,0.1223996577591997
772,742,1514,0.12241892118599881
780,743,1523,0.1224294403340547
773,741,1514,0.12241957981052887
779,740,1519,0.12242672738840231
776,746,1522,0.12241888055902311
772,738,1510,0.12241845771015537
779,746,1525,0.12242889092102978
774,744,1518,0.12242151957879725
769,740,1509,0.12242704776744433
769,742,1511,0.12244548186960592
767,737,1504,0.12246194116235108
768,744,1512,0.12248255592598255
760,751,1511,0.12250098172456461
761,756,1517,0.12253629427664173
759,755,1514,0.12256676837490062
763,751,1514,0.12260034127534894
770,758,1528,0.12262104556273692
758,754,1512,0.12262234020699747
742,753,1495,0.1226541819309016
740,748,1488,0.12272353500366401
735,749,1484,0.12279259292544936
740,751,1491,0.12286854931109609
736,749,1485,0.12292868408004505
734,746,1480,0.12299240499894268
729,752,1481,0.12305792594889453
725,747,1472,0.12313046607054545
729,751,1480,0.12320490491472352
741,744,1485,0.12326308029196476
745,744,1489,0.12328959915670577
750,748,1498,0.12330504225356309
748,757,1505,0.1233057053942024
743,755,1498,0.12331288368090904
740,759,1499,0.12333052166083522
746,762,1508,0.12335490946462553
749,755,1504,0.12336267004705093
755,772,1527,0.12336268360175703
743,754,1497,0.1233499765970343
736,750,1486,0.12336845186484002
754,750,1504,0.1234005758536009
745,749,1494,0.12338700430714386
739,762,1501,0.12339874622455564
741,756,1497,0.12342316840979585
740,756,1496,0.1234423814491366
733,756,1489,0.12346318181535335
735,753,1488,0.12349980033648272
733,758,1491,0.12352765049500636
736,762,1498,0.12355810880297109
734,757,1491,0.1235790484048525
738,759,1497,0.12360605980787906
733,753,1486,0.12362050726442664
734,759,1493,0.12364731648347257
734,749,1483,0.12367017987454176
741,759,1500,0.12369023224212533
733,755,1488,0.12369030122904025
733,754,1487,0.12370876631604023
734,772,1506,0.12372518579249485
736,773,1509,0.12373793046712826
730,775,1505,0.12374692374943841
726,773,1499,0.1237681405078565
723,777,1500,0.12379910497800115
721,770,1491,0.12383566458335363
718,770,1488,0.1238735803391594
710,776,1486,0.12391748158219112
702,791,1493,0.12397786398690613
703,802,1505,0.1240535951644341
704,791,1495,0.12412218270442082
710,791,1501,0.12418300791133148
714,797,1511,0.1242233729392002
709,791,1500,0.1242515653246965
702,804,1506,0.12429086270658406
701,798,1499,0.12434631619255722
699,792,1491,0.12440099920002286
708,795,1503,0.12445805749995721
706,805,1511,0.12449042719237977
698,799,1497,0.12452479124730198
701,789,1490,0.12457755145695444
701,793,1494,0.12461890030772473
707,797,1504,0.12465713135898343
703,805,1508,0.12467685689385068
702,797,1499,0.12470414311831574
707,788,1495,0.12473371477373064
703,794,1497,0.12474938940568554
703,788,1491,0.12477389501270221
710,798,1508,0.12479703938579095
705,805,1510,0.12480232063141154
696,807,1503,0.1248205370496914
688,812,1500,0.12485930793753623
690,812,1502,0.12491383052380656
691,822,1513,0.12496073045647385
695,812,1507,0.12500308556976406
695,827,1522,0.12503509832611695
694,821,1515,0.1250636172907515
690,827,1517,0.12509188947811004
679,821,1500,0.12512781450546306
683,820,1503,0.12518706935685114
668,818,1486,0.12523248154372837
661,827,1488,0.12531028147612036
666,837,1503,0.12539974683122446
668,830,1498,0.12547075321722626
666,829,1495,0.1255331938691528
673,822,1495,0.1255953924131026
682,828,1510,0.12563737703402483
680,822,1502,0.1256555050810503
679,822,1501,0.1256783593736073
674,831,1505,0.12570238671698114
674,831,1505,0.1257392510705424
673,835,1508,0.1257742368303387
664,842,1506,0.12580824349665717
670,832,1502,0.1258624896347248
669,830,1499,0.12589810748634173
673,832,1505,0.1259336003039326
679,835,1514,0.12595378663249293
670,837,1507,0.12595733325094136
667,842,1509,0.12598439431499564
662,840,1502,0.1260148355525134
665,841,1506,0.12605679149847732
663,851,1514,0.12608916341452406
666,838,1504,0.12612523099702994
659,834,1493,0.12615257803511779
658,840,1498,0.12619335195011339
661,838,1499,0.12623371398806885
657,846,1503,0.1262634328197837
655,849,1504,0.12630213175496205
661,839,1500,0.12634413240817252
657,853,1510,0.12636814438823302
655,859,1514,0.12640012921532567
652,864,1516,0.1264358214879133
652,858,1510,0.12647553689760968
649,857,1506,0.12651242914207167
650,860,1510,0.12655496735289515
655,863,1518,0.1265928914965335
649,864,1513,0.12661607806650724
650,862,1512,0.1266511527922708
652,854,1506,0.12668085092741538
646,856,1502,0.12670248800224285
643,851,1494,0.1267389019618272
649,851,1500,0.12677868529581443
655,862,1517,0.1268007915572378
653,864,1517,0.12680674688952473
653,864,1517,0.1268177611056531
655,860,1515,0.12682844500069426
656,861,1517,0.12683398365518006
644,861,1505,0.1268370618125415
647,858,1505,0.1268676438236073
636,853,1489,0.12688916362392066
631,858,1489,0.12693808507677787
625,860,1485,0.1269966399814262
625,866,1491,0.12706682528672938
633,867,1500,0.1271331473695575
636,877,1513,0.12717290259429143
633,878,1511,0.12720177715931866
637,881,1518,0.12723617327935952
632,888,1520,0.12725881118136648
629,890,1519,0.12729376806895737
635,882,1517,0.1273342497027257
632,878,1510,0.1273568974592437
642,872,1514,0.12738411729402155
636,881,1517,0.1273866837806615
639,871,1510,0.12740287513280305
637,873,1510,0.12741159605997074
642,883,1525,0.12742473055114772
638,882,1520,0.12742397430169838
633,875,1508,0.12743559139562488
628,883,1511,0.1274580670999767
629,888,1517,0.12749331393671193
620,885,1505,0.12752522144492778
625,878,1503,0.12757835305223067
631,870,1501,0.12761359920990284
623,867,1490,0.12763109557598384
612,876,1488,0.1276673944825749
617,887,1504,0.1277274255971232
615,890,1505,0.12777131895007732
618,888,1506,0.12781679922097763
619,888,1507,0.12785292523165798
618,885,1503,0.12788330089112926
618,888,1506,0.12791272673888143
621,891,1512,0.12793892649637348
615,894,1509,0.12795664279336377
618,899,1517,0.1279888494032969
614,894,1508,0.12800898635805158
614,883,1497,0.1280361709510628
618,884,1502,0.12806149193674232
615,871,1486,0.12807457476476228
609,876,1485,0.128092758336648
605,880,1485,0.12812505802785487
610,871,1481,0.1281651216093309
602,873,1475,0.12818958663954205
594,880,1474,0.1282312167231357
597,881,1478,0.12829118031036835
602,892,1494,0.1283409998549309
603,887,1490,0.12837537016112993
599,887,1486,0.1284043941547877
601,894,1495,0.12844230781061364
603,891,1494,0.1284731000069585
605,899,1504,0.12849695181252174
603,893,1496,0.1285131050406179
608,897,1505,0.12853322526687438
606,904,1510,0.12854075114182012
593,901,1494,0.12855450929475876
601,897,1498,0.12860229174293983
600,903,1503,0.12862811038712704
591,907,1498,0.12865422528975937
594,916,1510,0.1286991640947059
591,915,1506,0.12873055714566572
602,914,1516,0.12876858003759534
602,914,1516,0.12877733556280732
602,907,1509,0.12878648117623093
596,918,1514,0.12879440849417376
604,918,1522,0.1288162731376502
602,927,1529,0.1288184940100221
608,926,1534,0.12882577965392417
601,925,1526,0.1288186159184195
602,925,1527,0.1288319835843887
598,927,1525,0.12884362583340497
587,933,1520,0.12886720716540292
589,926,1515,0.12891581431072008
593,925,1518,0.12895827357053904
590,909,1499,0.1289870576544283
589,922,1511,0.12902080124937637
584,929,1513,0.12905504002069107
591,928,1519,0.12909967659780036
582,930,1512,0.12912209511396128
584,933,1517,0.12916489628733216
577,932,1509,0.12920115080470002
574,929,1503,0.1292536586320312
581,932,1513,0.12931044167456693
576,933,1509,0.1293448707604789
576,932,1508,0.12938974361892341
572,939,1511,0.12943122661818662
571,937,1508,0.1294800013298685
578,929,1507,0.12952795799619551
574,940,1514,0.1295562409461252
576,954,1530,0.12959231630153434
569,951,1520,0.1296203801393108
568,946,1514,0.1296659668059063
564,950,1514,0.12971043741494692
571,948,1519,0.1297632274513929
568,949,1517,0.12979266340394136
574,953,1527,0.12982760823490025
576,944,1520,0.12984551811213454
572,954,1526,0.12985727902506705
564,958,1522,0.12988044524166947
563,944,1507,0.12992112081107723
566,947,1513,0.12996217207698618
569,945,1514,0.1299922685670041
574,942,1516,0.13001230469333497
560,948,1508,0.1300175616349448
550,947,1497,0.13005851923245212
550,943,1493,0.13012265921682345
542,952,1494,0.1301838477027653
545,951,1496,0.13026150884696108
547,960,1507,0.13032623540413724
540,968,1508,0.13038148858852744
542,967,1509,0.1304494521952138
539,967,1506,0.1305075055423708
529,976,1505,0.13057170729855144
531,976,1507,0.13065591321584674
540,975,1515,0.13073007101040252
548,976,1524,0.13077757409336999
548,977,1525,0.1308015339639029
548,980,1528,0.13082540968417466
544,976,1520,0.13084942113335093
536,959,1495,0.13088279954508
536,965,1501,0.13093545732694456
533,960,1493,0.13098394858801077
539,965,1504,0.13103814853891974
543,966,1509,0.13107166920676222
536,969,1505,0.13109201202036092
541,965,1506,0.13113008002064777
546,974,1520,0.13115079981248925
543,977,1520,0.13115676249045988
538,976,1514,0.1311701525426121
532,969,1501,0.13119719148281594
529,972,1501,0.13123560862609765
531,974,1505,0.13127860285570647
535,978,1513,0.13131189432403562
532,989,1521,0.131335409392191
525,982,1507,0.13136618884649373
530,979,1509,0.1314105789787746
517,980,1497,0.1314397244561236
515,967,1482,0.13150053155805053
522,980,1502,0.131560685044389
521,980,1501,0.13159936057492364
516,986,1502,0.13163522166902017
530,986,1516,0.13168437247161513
533,991,1524,0.13169510706819168
536,988,1524,0.13169651916020297
533,979,1512,0.13169099339587984
534,977,1511,0.13169471364731364
537,983,1520,0.13169558044883656
538,977,1515,0.13168865959232312
539,972,1511,0.13168007325874076
540,970,1510,0.13166871588788237
531,975,1506,0.1316552447261189
524,979,1503,0.13166684883100074
518,985,1503,0.13169725643074856
519,990,1509,0.13174365716828135
525,995,1520,0.13178440273444095
526,1003,1529,0.131806956118244
519,1008,1527,0.1318258164705771
531,1011,1542,0.13185989969147896
530,1011,1541,0.13186192022122578
528,1001,1529,0.13186727258562148
516,999,1515,0.13188033736781396
513,1017,1530,0.1319237878375131
511,1004,1515,0.13197220128501602
513,991,1504,0.13202246060944434
523,996,1519,0.13206290991107836
528,991,1519,0.13207544816624106
529,992,1521,0.1320740164827858
521,999,1520,0.1320694509300421
519,998,1517,0.13208667658038428
518,1007,1525,0.1321053965029317
516,1001,1517,0.13212695266025334
513,989,1502,0.13215141614683212
512,1000,1512,0.13218136217569512
507,982,1489,0.1322103585785229
515,991,1506,0.13224904028813533
509,984,1493,0.13226376856458613
499,997,1496,0.13229266450971977
497,1000,1497,0.13234503820202304
498,1001,1499,0.13240022146557323
504,994,1498,0.1324502347517429
499,999,1498,0.13248253850664982
505,1005,1510,0.13252473909150722
499,1004,1503,0.13254833996764248
492,1012,1504,0.1325847777096473
496,1009,1505,0.132634300319993
497,1008,1505,0.132671274441872
492,1009,1501,0.13270231847122857
505,999,1504,0.1327446637204046
505,1003,1508,0.1327492718131422
509,1007,1516,0.13275290917155202
506,999,1505,0.1327461858604244
506,995,1501,0.13274711651673943
508,1014,1522,0.132749464754636
501,1014,1515,0.13274809848044536
491,1025,1516,0.13276490606284275
498,1013,1511,0.13280548538665574
505,1013,1518,0.13282545706681037
508,1023,1531,0.1328276588957944
500,1023,1523,0.1328204569227693
493,1024,1517,0.1328322500384447
490,1013,1503,0.13286074612889084
496,1007,1503,0.13289504771102156
501,997,1498,0.13291360833745028
501,997,1498,0.13291748964524977
502,995,1497,0.13292164615831367
499,1000,1499,0.13292140839329875
503,1002,1505,0.13293041110886106
502,1001,1503,0.1329278499781918
501,999,1500,0.13292766509765883
501,1011,1512,0.1329308932671574
498,1006,1504,0.13293304368780134
504,1014,1518,0.13294129714695274
511,1000,1511,0.13293444589059428
510,1003,1513,0.13291254856149676
508,999,1507,0.13289271322583684
510,991,1501,0.13287960405954674
506,991,1497,0.1328617797772796
508,1002,1510,0.1328572368556473
501,1023,1524,0.1328498636747986
503,1017,1520,0.13286108965586743
503,1014,1517,0.13286707959259966
497,1015,1512,0.13287418911053608
492,1014,1506,0.13289637291092574
489,1015,1504,0.13292836426881974
487,1022,1509,0.13296615770564382
491,1021,1512,0.1330074890319194
488,1024,1512,0.13303619726070307
484,1027,1511,0.13306867859962804
481,1031,1512,0.13311001272317022
470,1034,1504,0.13315602337076715
476,1026,1502,0.13322622706173043
473,1036,1509,0.13327727243375442
473,1042,1515,0.13333322495753538
473,1044,1517,0.13338425081102703
473,1050,1523,0.13343449897137244
473,1052,1525,0.13347992945318377
471,1042,1513,0.13352211272780212
470,1050,1520,0.13356728126293999
467,1053,1520,0.13361249834767286
475,1050,1525,0.1336615111714352
472,1059,1531,0.1336876505153476
470,1050,1520,0.13371813462810014
479,1038,1517,0.13375245642169456
479,1052,1531,0.13376086543841625
479,1049,1528,0.1337689277160422
486,1044,1530,0.13377645185201703
486,1043,1529,0.1337644698517201
480,1040,1520,0.13375295277332674
477,1037,1514,0.13375678923042114
483,1035,1518,0.133769092083168
485,1041,1526,0.13376455728287096
486,1041,1527,0.1337539694564232
481,1034,1515,0.13373973970837688
484,1043,1527,0.1337403043348393
486,1042,1528,0.13373131239275968
484,1040,1524,0.13371802130630897
488,1032,1520,0.1337112756338671
480,1027,1507,0.13369478678107963
479,1030,1509,0.1337004725940957
483,1021,1504,0.1337096282293161
478,1009,1487,0.1337084975553413
477,1015,1492,0.1337228635819447
475,1024,1499,0.13373431253159535
471,1032,1503,0.13375169749394428
469,1037,1506,0.13377820089617268
467,1037,1504,0.13380657935058451
463,1058,1521,0.1338383464322242
467,1049,1516,0.1338779623489393
460,1041,1501,0.13390781836443208
456,1046,1502,0.13395617950356356
462,1040,1502,0.1340100556195642
461,1039,1500,0.13404480909695526
461,1038,1499,0.13407991166189895
456,1042,1498,0.13411100047721067
459,1030,1489,0.1341505239324001
464,1039,1503,0.1341784468551161
466,1050,1516,0.13419405485752697
466,1051,1517,0.1342043579008798
465,1051,1516,0.13421512510079672
460,1052,1512,0.1342281818624618
471,1048,1519,0.13425564379143862
469,1056,1525,0.1342515049351398
466,1056,1522,0.1342516167849589
464,1043,1507,0.13425836042205258
461,1045,1506,0.13426781229209228
456,1043,1499,0.13428394036502891
456,1041,1497,0.1343130904300134
449,1051,1500,0.13433911302895055
454,1056,1510,0.13438177464497347
452,1049,1501,0.13440882754316846
452,1052,1504,0.1344391209914305
450,1037,1487,0.13446879036943402
448,1047,1495,0.13449955815312406
453,1057,1510,0.13453119372574524
457,1057,1514,0.13454966900694726
451,1066,1517,0.13455580500569111
452,1056,1508,0.13457716282248444
448,1058,1506,0.13459572108013812
446,1057,1503,0.13462233390512524
443,1060,1503,0.1346521251263196
458,1059,1517,0.13468761276454305
460,1053,1513,0.13468402299994492
462,1062,1524,0.13467577090325983
458,1059,1517,0.13466393798994822
455,1061,1516,0.13466398907888272
449,1071,1520,0.13467260024977246
449,1056,1505,0.13469553182139277
450,1047,1497,0.13471842991011548
450,1062,1512,0.13473694738314124
453,1047,1500,0.1347567759667943
456,1065,1521,0.13476887853110014
452,1058,1510,0.13477197838885904
447,1052,1499,0.13478513540836903
449,1049,1498,0.1348112736706477
448,1059,1507,0.13482785800441494
446,1064,1510,0.13484714651419658
447,1059,1506,0.134869896400515
445,1069,1514,0.13488792645503989
441,1064,1505,0.13491080335080635
440,1061,1501,0.13494172830741957
443,1064,1507,0.13497200084988734
444,1078,1522,0.13499408700539192
444,1075,1519,0.1350118888488059
437,1075,1512,0.1350300193771436
443,1066,1509,0.13506662334460262
439,1070,1509,0.13508510155179482
436,1079,1515,0.13511294381285197
439,1083,1522,0.13514709866557412
439,1081,1520,0.1351717255508242
443,1072,1515,0.13519321842981083
444,1065,1509,0.13520226107930358
448,1063,1511,0.1352080900890324
447,1074,1521,0.13520393495209362
440,1068,1508,0.13520479866589385
431,1076,1507,0.13522307251544416
438,1089,1527,0.13526371889704117
437,1088,1525,0.13528341985039102
427,1089,1516,0.1353037678953811
430,1080,1510,0.13534964411014724
431,1063,1494,0.13538464542944484
429,1070,1499,0.1354144948000971
431,1074,1505,0.13544697702987568
426,1077,1503,0.135471460735552
433,1076,1509,0.13550534087697344
435,1073,1508,0.135519093202615
440,1067,1507,0.13552608236718344
437,1070,1507,0.13551928526603013
433,1073,1506,0.135520384045726
431,1075,1506,0.13553464552409228
432,1080,1512,0.13555531281607225
433,1072,1505,0.13557286914272432
435,1081,1516,0.1355879078715782
431,1085,1516,0.13559829598896186
430,1063,1493,0.13561690904955181
432,1068,1500,0.13563701843063625
428,1062,1490,0.13565116243816308
421,1084,1505,0.13567451877892517
423,1091,1514,0.13571213147795003
431,1094,1525,0.13574373935656414
421,1097,1518,0.13575311079293634
423,1093,1516,0.13578682895795724
425,1098,1523,0.13581270404513848
424,1089,1513,0.1358328573717689
416,1093,1509,0.13585397847290395
420,1093,1513,0.13589435903172628
424,1085,1509,0.13592218871311126
418,1081,1499,0.1359377254976911
418,1081,1499,0.1359668151068899
421,1079,1500,0.13599457371104123
414,1086,1500,0.13601329455071107
420,1099,1519,0.13604806087200966
420,1084,1504,0.13606563401517
426,1095,1521,0.13608165648665665
425,1094,1519,0.13608290953925245
424,1092,1516,0.13608603765318225
426,1085,1511,0.13609240877957127
423,1085,1508,0.13609420916532403
419,1087,1506,0.13610368248633797
409,1086,1495,0.13612161357796093
407,1091,1498,0.13616305437004173
412,1098,1510,0.13620639924258485
411,1106,1517,0.13623381730605602
403,1108,1511,0.1362639591952154
400,1100,1500,0.13631168993709278
406,1104,1510,0.13636328587944876
406,1103,1509,0.136395898120193
400,1099,1499,0.13642617825398365
403,1100,1503,0.1364682266042095
406,1097,1503,0.1364989487312198
412,1102,1514,0.13652014650931207
407,1103,1510,0.13652409835923254
404,1103,1507,0.1365422384455237
407,1107,1514,0.13656709288791208
408,1111,1519,0.13658165654040733
406,1109,1515,0.1365934420536785
411,1101,1512,0.13660968077524482
414,1096,1510,0.13661323566671008
412,1102,1514,0.13660945084844323
402,1096,1498,0.13661122592794406
402,1093,1495,0.13663828470663555
401,1105,1506,0.1366637306096703
396,1116,1512,0.13669150096894012
395,1115,1510,0.13673005676538502
402,1105,1507,0.13676889645905538
392,1101,1493,0.13678547892664825
392,1104,1496,0.13682649847556363
392,1112,1504,0.1368648771315517
393,1105,1498,0.13690082440889287
391,1111,1502,0.1369309788617376
401,1109,1510,0.1369640268942303
408,1110,1518,0.1369681995608413
405,1110,1515,0.1369557440408224
407,1097,1504,0.13695141414514755
406,1109,1515,0.1369415705829732
400,1103,1503,0.13693567072873003
397,1097,1494,0.13694507029763137
398,1106,1504,0.136961172842877
395,1104,1499,0.13697218149992488
401,1112,1513,0.13699114733317186
412,1119,1531,0.13699260576862274
411,1111,1522,0.1369674071749092
412,1124,1536,0.13694876157829952
407,1125,1532,0.13692857917878615
406,1128,1534,0.13692256422814122
402,1127,1529,0.13692018311695878
401,1128,1529,0.13692697952891889
396,1115,1511,0.13693615878396773
396,1126,1522,0.13695678650501494
390,1123,1513,0.136976192605193
387,1128,1515,0.13700882300980427
382,1124,1506,0.13704703613059635
386,1132,1518,0.1370963199694189
382,1126,1508,0.137132261631737
378,1118,1496,0.1371755781611551
378,1127,1505,0.13722716672818794
375,1129,1504,0.1372753771372334
373,1148,1521,0.13732790761565597
361,1138,1499,0.13738088593332923
369,1143,1512,0.1374610810632586
369,1139,1508,0.13751766186451309
374,1132,1506,0.13757061551584873
364,1135,1499,0.13760679169926357
369,1146,1515,0.1376663870420452
370,1128,1498,0.13770929725034928
359,1138,1497,0.13774868949851815
357,1130,1487,0.13781286202426515
356,1139,1495,0.13787739755593725
366,1143,1509,0.1379383761953287
365,1145,1510,0.1379705868992412
369,1157,1526,0.13800287117243656
370,1147,1517,0.13802171411146058
366,1148,1514,0.13803541367489797
360,1143,1503,0.13805814231619512
361,1141,1502,0.13809381452236155
367,1130,1497,0.1381253003322619
363,1141,1504,0.13813886005266213
366,1150,1516,0.1381625008313016
368,1146,1514,0.13817604538454772
369,1149,1518,0.13818497864733767
368,1143,1511,0.13818848707832532
367,1142,1509,0.13819480155209973
364,1140,1504,0.13820280051841474
361,1144,1505,0.13821841204763508
357,1148,1505,0.13823907288470325
350,1149,1499,0.13826780856628343
346,1160,1506,0.13831466284625243
353,1157,1510,0.13836940146108995
365,1146,1511,0.1384015405254412
358,1157,1515,0.1384009513600607
356,1170,1526,0.13841746806121297
356,1158,1514,0.13843858428626135
368,1150,1518,0.138458470406508
361,1149,1510,0.13844493220767
353,1150,1503,0.1384505752228467
351,1153,1504,0.1384794724085987
345,1167,1512,0.13851057065182776
349,1167,1516,0.13855524985215212
343,1170,1513,0.13858744407066703
345,1160,1505,0.1386330151021075
333,1170,1503,0.13866992617277465
337,1177,1514,0.1387340203631539
341,1165,1506,0.13878387266609235
340,1144,1484,0.1388202492625798
337,1151,1488,0.13885642815894383
335,1159,1494,0.13889593836061467
336,1170,1506,0.13893679113454707
345,1172,1517,0.13897091840464987
348,1164,1512,0.13898000435414892
353,1164,1517,0.1389814685089512
344,1151,1495,0.13897003794374269
347,1153,1500,0.1389810092877235
350,1161,1511,0.13898226352662202
342,1169,1511,0.13897689581593625
335,1178,1513,0.1389930385570654
336,1175,1511,0.1390243998751155
341,1167,1508,0.13905023078916637
340,1172,1512,0.139060482901789
344,1171,1515,0.1390728148376638
339,1172,1511,0.13907434095170715
338,1164,1502,0.13908939412784904
347,1158,1505,0.1391054851168271
338,1167,1505,0.13909748659283358
335,1161,1496,0.13911202808182632
340,1167,1507,0.1391337725285596
334,1163,1497,0.13914324468364775
340,1179,1519,0.13916712692960062
338,1179,1517,0.13917372041197418
340,1176,1516,0.1391856641819283
335,1183,1518,0.13919191283289403
335,1188,1523,0.13921166629298162
343,1185,1528,0.13923269963388096
338,1185,1523,0.13923223803326257
337,1184,1521,0.13924561293250728
335,1183,1518,0.1392605022615242
335,1167,1502,0.13928113459503164
336,1173,1509,0.13930005753317817
337,1177,1514,0.1393134111004189
333,1174,1507,0.1393214477810281
336,1177,1513,0.13933820620115203
338,1177,1515,0.13934606916796205
340,1168,1508,0.1393467381106743
341,1164,1505,0.13934315998435706
345,1160,1505,0.139337062300012
338,1155,1493,0.13932174795865976
342,1152,1494,0.1393252493960525
339,1161,1500,0.13931938866016327
338,1158,1496,0.13932152868169695
340,1158,1498,0.13932604110436403
340,1159,1499,0.13932516004442053
338,1158,1496,0.1393227600188013
337,1166,1503,0.13932581149127987
331,1172,1503,0.13933275719502108
331,1168,1499,0.13935409800453996
336,1167,1503,0.13937354269282085
338,1177,1515,0.13937847307458043
339,1183,1522,0.13937654345479106
339,1181,1520,0.139373978016534
341,1174,1515,0.13937221675941822
337,1178,1515,0.13936687687978844
334,1189,1523,0.13937319687522806
326,1192,1518,0.13938689074503774
324,1182,1506,0.13942041531892496
326,1183,1509,0.13945743979783548
320,1193,1513,0.13948705903570538
316,1181,1497,0.13952914719143025
311,1193,1504,0.13957957885055364
316,1193,1509,0.13963970807603399
315,1200,1515,0.13968459702485642
309,1203,1512,0.13972748853457997
306,1199,1505,0.13978281451079333
308,1200,1508,0.1398419027501327
311,1200,1511,0.1398906642843399
316,1201,1517,0.1399298732937151
311,1195,1506,0.13995472554975183
308,1203,1511,0.13999103729029794
308,1214,1522,0.1400319124029026
307,1206,1513,0.1400689855750799
304,1206,1510,0.14010554338413947
303,1195,1498,0.14014895381555736
300,1196,1496,0.14019085862838732
301,1203,1504,0.1402384925198322
303,1201,1504,0.14027978940684038
307,1198,1505,0.14031344103327253
312,1210,1522,0.14033460070868753
305,1209,1514,0.14034140828180228
308,1211,1519,0.14036657455217028
306,1204,1510,0.1403818092248737
301,1200,1501,0.14040091026332935
299,1200,1499,0.14043105111692492
301,1201,1502,0.1404645830919168
304,1212,1516,0.14048881392832213
302,1195,1497,0.14050443244734845
304,1213,1517,0.14052436605042598
302,1210,1512,0.14053762588455096
303,1203,1506,0.14055482070716444
308,1199,1507,0.1405693267368431
305,1202,1507,0.14056995613103898
304,1205,1509,0.14057874193612233
304,1220,1524,0.1405883784257751
297,1228,1525,0.1405973364936084
299,1229,1528,0.1406255700897736
304,1229,1533,0.14064711846550643
298,1228,1526,0.14065561606291105
297,1233,1530,0.14067864384517026
297,1230,1527,0.1407049532827823
296,1215,1511,0.14072950126881786
287,1226,1513,0.1407548868303288
288,1225,1513,0.14080336461732032
280,1229,1509,0.1408460835190687
279,1231,1510,0.1409092906127847
285,1227,1512,0.14096960551854695
283,1229,1512,0.14100974805844824
283,1242,1525,0.14105328210650372
284,1237,1521,0.14109404357802713
292,1242,1534,0.1411292001122124
291,1228,1519,0.14113951407908545
290,1219,1509,0.14115210621613347
294,1216,1510,0.14116614704589492
294,1206,1500,0.141168023916937
295,1217,1512,0.14117004510249082
294,1231,1525,0.1411689217241171
294,1220,1514,0.1411711930117611
292,1218,1510,0.14117490990042983
287,1229,1516,0.14118328069598787
286,1233,1519,0.14120446409039192
287,1231,1518,0.14122680811403118
293,1231,1524,0.14124417127482927
290,1235,1525,0.14124388827608148
290,1222,1512,0.14125237560204287
293,1219,1512,0.14126022286781914
292,1226,1518,0.14125848454704912
291,1226,1517,0.14125865990761785
285,1236,1521,0.14126328082827
290,1234,1524,0.14128360974767967
282,1225,1507,0.14128958628393995
279,1227,1506,0.14131764538903666
282,1234,1516,0.1413524098880658
285,1230,1515,0.14137685886507184
283,1231,1514,0.14139046317588386
283,1229,1512,0.14140791836696917
281,1222,1503,0.1414249053477401
278,1220,1498,0.14144484795664294
279,1224,1503,0.14147109973625732
277,1213,1490,0.1414929329680048
278,1219,1497,0.14151860736503896
281,1221,1502,0.14154110940924114
284,1229,1513,0.1415530473924701
287,1229,1516,0.14155592380500512
286,1223,1509,0.14155071324171814
279,1234,1513,0.14154847210749918
282,1241,1523,0.14156272612354376
279,1242,1521,0.14156870635184815
281,1241,1522,0.14158064922055727
282,1245,1527,0.1415881278558844
280,1236,1516,0.14159373640845913
287,1229,1516,0.14160416665317122
285,1233,1518,0.1415945099868692
284,1235,1519,0.1415909303415422
285,1232,1517,0.1415906055939596
279,1234,1513,0.1415894945115625
281,1231,1512,0.14160386568026662
283,1224,1507,0.14161140984184667
286,1238,1524,0.14161175875862642
283,1225,1508,0.14160476336143465
282,1212,1494,0.1416051928901692
280,1208,1488,0.14160749754410173
272,1211,1483,0.14161546709726858
272,1222,1494,0.14164307605875376
273,1229,1502,0.14166765869199607
267,1226,1493,0.14168902398019761
271,1231,1502,0.1417261383693012
272,1230,1502,0.14174923438458592
273,1232,1505,0.14176914834406978
270,1230,1500,0.14178562603979006
273,1233,1506,0.14180960664317038
276,1242,1518,0.14182347295979128
277,1230,1507,0.14182817750785648
270,1236,1506,0.1418300726343773
268,1234,1502,0.14185073915071958
267,1237,1504,0.14187507431981486
265,1252,1517,0.1418990617024529
262,1242,1504,0.1419262161477452
267,1250,1517,0.14196040090948878
269,1240,1509,0.141978376972054
263,1244,1507,0.14199160679139697
267,1252,1519,0.1420207024659914
263,1251,1514,0.1420377376048829
262,1250,1512,0.14206378325046873
260,1257,1517,0.14209020369769434
262,1265,1527,0.14212004846905704
263,1257,1520,0.14214222740901533
267,1246,1513,0.14216029477345923
265,1225,1490,0.14216703190865854
261,1229,1490,0.14217685469883587
267,1221,1488,0.14219665042601812
266,1227,1493,0.14219917729680412
264,1246,1510,0.14220665489874648
262,1246,1508,0.14221856072289096
263,1252,1515,0.14223459979118439
265,1250,1515,0.1422462818160815
268,1256,1524,0.14225181450021163
267,1266,1533,0.14224937366083185
268,1255,1523,0.14225117593622813
265,1251,1516,0.14224953294146334
267,1253,1520,0.14225699222136004
272,1236,1508,0.14225777291778585
273,1238,1511,0.14224475923902152
267,1249,1516,0.14223042472922243
265,1240,1505,0.14223291260981774
264,1245,1509,0.14224106108457557
265,1256,1521,0.1422505045276289
260,1260,1520,0.1422567628056568
255,1251,1506,0.1422747229625033
257,1248,1505,0.14230505097645654
253,1262,1515,0.14232910616444303
253,1262,1515,0.14236232431491713
258,1261,1519,0.14239310855110796
259,1256,1515,0.14240886516260876
259,1249,1508,0.14241827868628426
258,1251,1509,0.14242717089331688
253,1264,1517,0.14243851104541508
247,1259,1506,0.14246381115180326
254,1260,1514,0.1425033040311481
255,1261,1516,0.14252099843884408
259,1261,1520,0.1425348588259018
256,1264,1520,0.14253748185486423
255,1261,1516,0.14254703401178553
257,1248,1505,0.14255804646653758
258,1255,1513,0.14256324877986282
252,1269,1521,0.14256744337097868
255,1272,1527,0.14258938414383604
257,1269,1526,0.14260220981783772
258,1268,1526,0.1426090672781909
256,1267,1523,0.14261229309504508
254,1259,1513,0.14262093874314685
256,1247,1503,0.14263370980956333
258,1244,1502,0.14263899549812692
253,1261,1514,0.1426375250631676
257,1262,1519,0.14264968542041292
255,1258,1513,0.14265104216106747
255,1263,1518,0.14265689993752886
257,1263,1520,0.14266339347133886
254,1272,1526,0.14266514037072212
250,1269,1519,0.14267448393753857
250,1268,1518,0.14269261110707757
248,1264,1512,0.14270956608598415
243,1264,1507,0.1427328272883592
235,1255,1490,0.1427675483212446
237,1262,1499,0.1428220434979266
238,1268,1506,0.14286758168983216
235,1269,1504,0.14290702491203558
240,1252,1492,0.1429500231059963
237,1255,1492,0.14297746706568357
238,1268,1506,0.14301222651122722
240,1266,1506,0.14304229944078284
234,1275,1509,0.14306463314642312
235,1275,1510,0.14310412971270783
235,1265,1500,0.14313777301956546
234,1275,1509,0.14316720129177193
232,1271,1503,0.1431976705197019
241,1280,1521,0.14323282707675428
244,1292,1536,0.14324164996697766
244,1276,1520,0.14324163155823288
245,1280,1525,0.14324203503009028
242,1275,1517,0.1432400648086224
244,1263,1507,0.14324603569577338
241,1270,1511,0.14324717156170558
241,1282,1523,0.1432563394058014
235,1269,1504,0.143264372164676
237,1279,1516,0.14328747057969982
238,1282,1520,0.14330450398778236
235,1289,1524,0.1433180905068882
232,1284,1516,0.1433379242445033
235,1291,1526,0.14336634795128167
235,1286,1521,0.14338369461472883
238,1264,1502,0.14339946679895238
228,1257,1485,0.14340577085751352
234,1268,1502,0.1434373215365731
233,1277,1510,0.14344829739369988
240,1272,1512,0.143461317308153
240,1287,1527,0.1434555548248273
238,1278,1516,0.14345123018602451
236,1276,1512,0.1434533574407324
236,1265,1501,0.14346154522122848
234,1265,1499,0.14346983475592878
234,1267,1501,0.143482596867684
238,1271,1509,0.14349355359458338
236,1263,1499,0.14349306384545885
235,1270,1505,0.14349657563054835
231,1268,1499,0.1435022455281209
233,1274,1507,0.14351830309279007
233,1288,1521,0.14352845869106537
229,1287,1516,0.14353851083422475
228,1285,1513,0.14355910592542004
222,1286,1508,0.1435801862703663
224,1276,1500,0.14361644845742055
224,1270,1494,0.14364360312707827
226,1269,1495,0.14366935535432646
227,1271,1498,0.14368832835221718
224,1275,1499,0.14370426881310006
227,1269,1496,0.1437270648521408
225,1286,1511,0.14373945711017197
227,1284,1511,0.14375682485734104
227,1274,1501,0.14376606030745362
228,1282,1510,0.14377490876376456
228,1292,1520,0.14378012133853055
228,1280,1508,0.14378472650687882
224,1281,1505,0.14378846666342607
222,1293,1515,0.14380321436312074
227,1287,1514,0.14382173216803187
225,1294,1519,0.14382503461006416
222,1290,1512,0.14383325817506246
218,1288,1506,0.1438487167918166
219,1282,1501,0.14387461690522685
224,1285,1509,0.14389614574877665
225,1282,1507,0.1439020778102348
225,1278,1503,0.14390469138971893
222,1276,1498,0.143908913656939
221,1283,1504,0.1439204575181536
226,1291,1517,0.14393293104492139
222,1287,1509,0.1439312217400759
220,1283,1503,0.1439409670673213
220,1282,1502,0.14395630325831973
223,1282,1505,0.1439714810041127
226,1280,1506,0.14397793808833548
223,1279,1502,0.14397625067567715
218,1270,1488,0.14398494183053653
217,1282,1499,0.1440079339250647
216,1287,1503,0.14403311271474575
212,1291,1503,0.1440588177981378
214,1297,1511,0.144093584284851
213,1292,1505,0.14412161688943903
217,1286,1503,0.14415022017429155
215,1277,1492,0.14416654806349297
214,1286,1500,0.14418740543797953
208,1293,1501,0.1442115694655625
205,1283,1488,0.1442509749455217
201,1293,1494,0.1442956986382908
204,1302,1506,0.14434892299668625
205,1305,1510,0.1443910526275035
206,1309,1515,0.1444290079421805
205,1303,1508,0.14446192692781057
203,1312,1515,0.14449459568651415
207,1315,1522,0.1445301264404591
208,1296,1504,0.14455271589654886
209,1292,1501,0.1445703259663472
208,1293,1501,0.14458510201278557
206,1304,1510,0.14460059379526996
205,1306,1511,0.14462040504967202
206,1316,1522,0.1446410344466118
209,1316,1525,0.14465763379962643
200,1314,1514,0.14466467538050967
200,1308,1508,0.1446951683207318
199,1314,1513,0.14472381718476357
200,1307,1507,0.14475311011414915
204,1301,1505,0.14477857052311321
198,1299,1497,0.14479245422082948
193,1308,1501,0.14482174791755878
190,1311,1501,0.14486171807223303
194,1320,1514,0.1449067521886807
190,1319,1509,0.14493883089476653
187,1317,1504,0.144979276947301
184,1320,1504,0.14502533126338546
178,1332,1510,0.14507720058269802
182,1324,1506,0.14514230836645134
181,1320,1501,0.1451924892598937
184,1313,1497,0.1452418458888058
186,1315,1501,0.14527945606730341
184,1326,1510,0.14530907494558232
192,1324,1516,0.1453418454657146
187,1326,1513,0.14534992279961564
183,1330,1513,0.1453701301434781
185,1331,1516,0.1454009156119787
184,1336,1520,0.1454257247760748
182,1328,1510,0.14545128213382622
178,1331,1509,0.1454802658156742
180,1322,1502,0.14551770011261256
180,1324,1504,0.14554721833642342
182,1335,1517,0.14557472977388547
184,1327,1511,0.14559480716426626
185,1344,1529,0.14560906273342705
188,1338,1526,0.14562027830953272
185,1355,1540,0.14562175167018285
184,1350,1534,0.14563136711476476
184,1332,1516,0.14564241177808399
181,1335,1516,0.1456531156064851
173,1320,1493,0.14567205787287862
171,1319,1490,0.1457114821279449
172,1319,1491,0.14575486568686358
174,1327,1501,0.14579220498697196
180,1337,1517,0.14582210846378516
176,1331,1507,0.14583255847265994
178,1332,1510,0.14585253852545157
179,1334,1513,0.1458653855147901
182,1339,1521,0.1458739755450476
179,1355,1534,0.14587400944398954
175,1340,1515,0.14588274140802632
166,1343,1509,0.14590104633185338
166,1329,1495,0.14594426265481572
169,1337,1506,0.1459838396785485
170,1342,1512,0.14601183612079402
168,1339,1507,0.1460355543990491
166,1350,1516,0.14606377788127622
170,1347,1517,0.14609565794319926
168,1346,1514,0.14611319715194016
171,1351,1522,0.14613446908786007
171,1345,1516,0.14614445478618734
177,1348,1525,0.14615487444345177
178,1347,1525,0.14614766135286697
175,1347,1522,0.14613911700894364
176,1351,1527,0.14614074297221313
175,1357,1532,0.14614018334672893
173,1362,1535,0.14614264195061746
171,1351,1522,0.14615042178377255
173,1346,1519,0.14616288840520558
175,1354,1529,0.14616888439561698
179,1348,1527,0.14616922388450054
180,1342,1522,0.14615669089610764
174,1332,1506,0.14614262903856795
174,1343,1517,0.14614571456241168
171,1346,1517,0.14614878671585682
174,1336,1510,0.14616004937405494
173,1332,1505,0.14616151775020156
173,1345,1518,0.14616393564548402
174,1338,1512,0.1461665124634
174,1334,1508,0.1461666536766741
175,1346,1521,0.1461650932819344
172,1343,1515,0.14616073569134183
172,1346,1518,0.14616393936982106
172,1343,1515,0.1461682284358029
171,1335,1506,0.14617192912589627
170,1325,1495,0.14617827816527523
171,1333,1504,0.14618641962230547
167,1340,1507,0.14619098785233733
167,1346,1513,0.1462067330961698
168,1345,1513,0.14622104443770906
167,1332,1499,0.1462313653184816
167,1341,1508,0.14624305605867882
170,1355,1525,0.14625370224012213
172,1356,1528,0.14625471311555593
170,1358,1528,0.14625131236279099
171,1349,1520,0.14625318196402012
167,1350,1517,0.14625220724112079
170,1357,1527,0.1462635092843957
165,1357,1522,0.14626596879548612
166,1360,1526,0.14628204093247232
169,1357,1526,0.14629364630413305
171,1360,1531,0.1462958547274319
170,1365,1535,0.14629311685471838
171,1365,1536,0.14629330562519763
169,1364,1533,0.1462907384772605
167,1366,1533,0.14629397824570994
165,1356,1521,0.146302482046117
162,1371,1533,0.14631620556552907
157,1362,1519,0.14633755667402207
153,1359,1512,0.14637072045180177
158,1364,1522,0.14641202904812967
160,1358,1518,0.1464356463950224
157,1352,1509,0.14645161941901377
161,1360,1521,0.14647464881881436
163,1360,1523,0.14648465181632417
158,1365,1523,0.14648844639163436
158,1356,1514,0.14650442115487783
157,1359,1516,0.1465197944328281
159,1362,1521,0.14653608980882332
156,1361,1517,0.14654562208941388
158,1350,1508,0.14656318582637465
158,1346,1504,0.14657429973397285
155,1360,1515,0.14658467365867314
153,1359,1512,0.14660226882694596
151,1363,1514,0.14662442038810045
151,1359,1510,0.14665074561191768
150,1353,1503,0.14667543516969397
149,1358,1507,0.1467012402527045
147,1354,1501,0.14672685010544878
149,1359,1508,0.1467557185514469
149,1373,1522,0.14677704197310615
150,1373,1523,0.14679612938557754
144,1375,1519,0.1468117100679867
144,1379,1523,0.14684421039704967
144,1390,1534,0.14687411384596202
144,1383,1527,0.14690213072686228
142,1391,1533,0.14692810293334196
139,1386,1525,0.14695865252565046
136,1384,1520,0.14699505035058877
140,1382,1522,0.14703780110075318
141,1377,1518,0.14706658316230356
138,1377,1515,0.14709063480983078
136,1379,1515,0.1471220636341928
134,1386,1520,0.14715792175358605
129,1396,1525,0.14719681624162043
128,1388,1516,0.14724768230211538
127,1377,1504,0.14729794949675237
130,1388,1518,0.14734821259492528
129,1379,1508,0.14738670838485077
130,1375,1505,0.14742614148188898
126,1380,1506,0.1474603165169841
129,1389,1518,0.14750303493665928
131,1391,1522,0.147534677327621
127,1385,1512,0.1475586383343966
126,1389,1515,0.14759196619657458
122,1382,1504,0.1476256854371222
125,1386,1511,0.1476684950663903
123,1394,1517,0.14769930841161277
119,1399,1518,0.14773377995583506
121,1402,1523,0.1477770610618639
122,1408,1530,0.14781173985411697
117,1416,1533,0.14784021059694435
114,1406,1520,0.14788062531329418
116,1396,1512,0.1479272192140542
115,1403,1518,0.14796500888820963
112,1407,1519,0.14800351220129637
115,1395,1510,0.14804851376047892
108,1392,1500,0.1480816845086147
108,1397,1505,0.14813287027444702
107,1406,1513,0.14818085882880477
103,1394,1497,0.14822830730818903
103,1401,1504,0.14828447863528088
103,1412,1515,0.148336709668328
103,1415,1518,0.14838571099714748
103,1419,1522,0.14843138754575202
102,1415,1517,0.14847416485326556
101,1412,1513,0.1485169280577953
102,1420,1522,0.14855993764998526
104,1421,1525,0.14859742101412857
106,1420,1526,0.14862649449947293
108,1411,1519,0.1486481554202404
111,1409,1520,0.14866264797808648
106,1419,1525,0.14866783729661548
109,1413,1522,0.1486874683834115
110,1413,1523,0.14869731431965627
110,1426,1536,0.14870370838498354
107,1414,1521,0.1487095700974689
107,1416,1523,0.14872419825295638
105,1417,1522,0.14873756010260464
104,1425,1529,0.14875594679659604
102,1433,1535,0.14877621815687436
103,1436,1539,0.14880088061412958
104,1426,1530,0.14882112798328376
105,1426,1531,0.1488367843588006
100,1431,1531,0.14884886528494762
99,1428,1527,0.1488749884646223
98,1425,1523,0.14890233213880408
99,1419,1518,0.14893057223853964
104,1417,1521,0.14895398690790798
96,1419,1515,0.1489620939680579
96,1426,1522,0.14899329488975824
97,1430,1527,0.14902298964095503
100,1431,1531,0.14904789949951525
100,1430,1530,0.14906276570880084
102,1418,1520,0.14907673812941355
96,1421,1517,0.1490839287469424
100,1426,1526,0.14910784285280534
99,1414,1513,0.1491180497948778
97,1418,1515,0.1491306295319338
95,1424,1519,0.14914814765659698
95,1422,1517,0.149170460131388
94,1425,1519,0.1491913960598387
92,1434,1526,0.14921375424012812
92,1428,1520,0.149240811806667
92,1424,1516,0.14926646782094183
93,1424,1517,0.14929053634321096
92,1430,1522,0.14931028523020523
94,1428,1522,0.1493316910110707
97,1422,1519,0.1493463065413199
92,1411,1503,0.14935114195832588
92,1428,1520,0.1493701043090192
89,1420,1509,0.14938790630366483
90,1420,1510,0.1494131470333226
88,1416,1504,0.14943376315838808
86,1405,1491,0.14945878987827255
87,1418,1505,0.1494883944844111
86,1405,1491,0.1495131773686005
86,1426,1512,0.14953936129834156
86,1434,1520,0.14956368210448726
83,1439,1522,0.14958664299946325
84,1435,1519,0.14961661106553426
87,1447,1534,0.1496418218153852
87,1438,1525,0.14965650465950048
86,1423,1509,0.14967011651827175
84,1414,1498,0.14968588375061076
80,1428,1508,0.14970640102808003
80,1429,1509,0.1497372839354737
78,1438,1516,0.1497665997142517
79,1442,1521,0.14980022314069522
77,1444,1521,0.14982855769484257
79,1436,1515,0.14986085892911277
80,1446,1526,0.14988514820687882
81,1445,1526,0.149904803620992
79,1442,1521,0.1499202960990987
81,1434,1515,0.1499409673285827
80,1427,1507,0.1499541873131009
79,1427,1506,0.14996977060171424
79,1434,1513,0.14998723387480462
78,1434,1512,0.15000360447321953
77,1438,1515,0.15002142454333905
77,1436,1513,0.1500405885601389
75,1434,1509,0.15005837551509996
78,1436,1514,0.15008084646833172
78,1448,1526,0.15009290337543998
77,1442,1519,0.15010411784366817
74,1442,1516,0.1501171531564779
72,1443,1515,0.15013858085837334
73,1448,1521,0.1501647840001424
73,1450,1523,0.1501861862673174
71,1451,1522,0.1502061256094535
70,1432,1502,0.15023095429481312
70,1438,1508,0.15025683886112684
65,1445,1510,0.1502810662258449
64,1439,1503,0.15031869425668273
64,1452,1516,0.15035673520454299
64,1451,1515,0.15039262181947632
65,1458,1523,0.15042628969092064
66,1461,1527,0.15045487199611166
64,1465,1529,0.15047844294951523
63,1460,1523,0.15050677041720698
61,1463,1524,0.15053668276480342
63,1456,1519,0.1505706131820315
63,1454,1517,0.15059634631974192
61,1446,1507,0.15062002710773498
61,1455,1516,0.15064806082607057
58,1464,1522,0.150674241856674
58,1457,1515,0.15070792114787296
58,1449,1507,0.1507390255642186
55,1452,1507,0.15076863432813659
54,1456,1510,0.1508055292610011
53,1452,1505,0.15084307169559305
54,1451,1505,0.15088137615067213
56,1461,1517,0.1509142201204767
53,1456,1509,0.1509388675259676
51,1447,1498,0.150970517131332
54,1462,1516,0.15100628937125385
54,1448,1502,0.15103071205414867
55,1464,1519,0.15105338170408972
55,1454,1509,0.15107142735380086
57,1460,1517,0.15108825500806838
56,1467,1523,0.15109772252925566
54,1475,1529,0.15110969943009478
56,1467,1523,0.15112691093371963
56,1466,1522,0.15113668761333302
56,1451,1507,0.15114589546799448
55,1457,1512,0.15115452298466894
56,1460,1516,0.15116555561644116
56,1453,1509,0.15117288622770628
56,1462,1518,0.1511797472616473
55,1466,1521,0.15118615883334038
54,1464,1518,0.15119535564650854
55,1459,1514,0.15120696154373445
54,1471,1525,0.1512146530108027
52,1470,1522,0.15122486298869914
54,1476,1530,0.15124065545470558
56,1464,1520,0.15124936566210165
55,1462,1517,0.15125137511754017
56,1459,1515,0.15125632850705273
56,1456,1512,0.15125773810324047
59,1456,1515,0.15125907609532027
62,1460,1522,0.1512510073132131
62,1455,1517,0.15123434549922918
61,1446,1507,0.15121877743510184
63,1452,1515,0.15120726464135179
64,1454,1518,0.15119044965240835
64,1445,1509,0.15117170777490846
66,1458,1524,0.15115422725481806
68,1457,1525,0.15113177905462138
67,1460,1527,0.15110475050987202
70,1457,1527,0.1510826275815907
69,1450,1519,0.1510527098107509
70,1453,1523,0.15102794567035094
68,1449,1517,0.15100183490454303
67,1447,1514,0.15098345606717772
67,1452,1519,0.15096932347197278
66,1460,1526,0.15095594810530572
63,1470,1533,0.150946464474026
65,1462,1527,0.15094668472881329
65,1460,1525,0.15094075544738694
64,1455,1519,0.15093518090221095
61,1461,1522,0.15093295570056484
63,1452,1515,0.1509399863550809
63,1458,1521,0.1509402351817695
64,1455,1519,0.15094037086750084
61,1466,1527,0.15093734029315642
60,1462,1522,0.15094357748763865
63,1469,1532,0.15095239324767232
61,1467,1528,0.1509512932488602
62,1457,1519,0.1509564737655251
61,1467,1528,0.15095827691216937
60,1474,1534,0.1509628729111159
62,1473,1535,0.15097007416688651
60,1474,1534,0.15097056817361268
59,1472,1531,0.15097720642108098
59,1457,1516,0.1509864154639799
58,1459,1517,0.15099488270827444
58,1450,1508,0.15100569845043155
57,1462,1519,0.15101561122320714
57,1456,1513,0.1510278685280516
56,1462,1518,0.1510393448415495
54,1466,1520,0.15105316354292364
53,1468,1521,0.1510721461420094
54,1470,1524,0.15109282671815977
53,1470,1523,0.15110914556998672
53,1468,1521,0.1511274349750795
52,1460,1512,0.15114443988254334
52,1462,1514,0.15116327949446184
57,1461,1518,0.15118085383434868
57,1456,1513,0.15118173077425254
56,1456,1512,0.1511827164366841
56,1460,1516,0.15118679508800043
58,1459,1517,0.15119052617629553
57,1455,1512,0.151187837039932
57,1468,1525,0.1511884894477489
59,1463,1522,0.1511889973935529
55,1463,1518,0.15118346336490743
56,1468,1524,0.15119063333235708
57,1460,1517,0.15119429389673011
59,1461,1520,0.15119457323525584
58,1457,1515,0.15118856849327783
60,1465,1525,0.15118621258501588
60,1451,1511,0.15117785035220457
60,1460,1520,0.15117008409060284
59,1460,1519,0.15116288238409317
59,1466,1525,0.1511592270203177
56,1461,1517,0.15115601895327685
56,1464,1520,0.15116228527081893
53,1465,1518,0.15116811901120764
55,1466,1521,0.15118292725761925
54,1471,1525,0.15119063105259495
53,1466,1519,0.15120086892078444
51,1463,1514,0.15121347937394428
52,1464,1516,0.15123148037226294
50,1450,1500,0.15124523272539364
48,1450,1498,0.15126429223118568
50,1461,1511,0.15128833423982174
53,1467,1520,0.15130450155666395
52,1446,1498,0.15131036951531907
51,1449,1500,0.15131906183837532
51,1450,1501,0.15133025105736728
51,1464,1515,0.15134076762267315
53,1465,1518,0.15135068832570134
52,1473,1525,0.1513538774113393
53,1479,1532,0.15136010917507192
49,1467,1516,0.15136277005505008
51,1456,1507,0.15137768840595625
52,1463,1515,0.15138542865744103
52,1473,1525,0.15138952406906125
52,1475,1527,0.15139343210034173
52,1465,1517,0.15139714999345324
48,1459,1507,0.15140072118217585
49,1465,1514,0.15141631255901886
50,1456,1506,0.15142795603582837
49,1453,1502,0.15143568482189057
48,1463,1511,0.15144607737958882
49,1472,1521,0.1514587413129848
50,1476,1526,0.15146758505684565
49,1471,1520,0.1514727444772362
50,1476,1526,0.15148073420234268
50,1477,1527,0.15148512311998177
49,1476,1525,0.1514891587748007
47,1471,1518,0.1514960916996183
47,1463,1510,0.15150880552787777
47,1465,1512,0.15152073617029246
47,1471,1518,0.151531846115405
46,1473,1519,0.15154221845530927
46,1470,1516,0.15155501579521735
45,1473,1518,0.15156692610326328
45,1482,1527,0.15158106269776453
43,1466,1509,0.1515942573209229
41,1464,1505,0.1516128866865713
41,1468,1509,0.15163641998626604
42,1468,1510,0.1516584818794678
41,1462,1503,0.15167600414380547
42,1473,1515,0.15169573883818327
39,1476,1515,0.15171107554915358
40,1467,1507,0.15173479922029046
40,1465,1505,0.15175393735091802
39,1476,1515,0.1517719200955852
39,1483,1522,0.15179178094680024
40,1477,1517,0.15181033143886574
42,1476,1518,0.1518245747018756
45,1476,1521,0.15183165503020027
47,1480,1527,0.15182891696249123
49,1488,1537,0.1518201855055008
49,1484,1533,0.15180572857538815
48,1485,1533,0.15179227741828666
49,1486,1535,0.15178290085159707
48,1484,1532,0.15177101262166023
47,1479,1526,0.15176301542360526
42,1478,1520,0.15175858458330718
41,1470,1511,0.15177006021215741
40,1479,1519,0.15178389134599693
41,1474,1515,0.15179990212441627
40,1462,1502,0.15181192714237834
39,1466,1505,0.15182635039841977
38,1468,1506,0.15184313160421553
37,1480,1517,0.15186204633962397
37,1468,1505,0.15188285951079364
38,1469,1507,0.15190225783284095
38,1474,1512,0.1519172341718656
38,1478,1516,0.15193128909417955
35,1471,1506,0.15194448643445685
37,1471,1508,0.1519662290054903
38,1467,1505,0.15198030907786142
38,1459,1497,0.15199043342798346
37,1469,1506,0.15199993832038172
37,1475,1512,0.1520120308099125
39,1472,1511,0.15202342499936317
38,1480,1518,0.15202769453820786
39,1487,1526,0.152034899676179
38,1481,1519,0.15203850838127309
37,1497,1534,0.15204511132504975
35,1491,1526,0.15205438064847196
35,1489,1524,0.15206935596722232
35,1481,1516,0.1520834098523519
38,1485,1523,0.15209664193163955
39,1483,1522,0.15209958401952772
39,1489,1528,0.15209919946298542
38,1493,1531,0.1520988894889435
39,1485,1524,0.15210173048729664
39,1474,1513,0.15210126090377252
38,1474,1512,0.15210085627342146
38,1462,1500,0.15210357052281823
36,1469,1505,0.15210607159083836
36,1468,1504,0.1521147094004834
36,1473,1509,0.1521228263541456
37,1462,1499,0.15213041095504296
37,1473,1510,0.15213442072301653
37,1471,1508,0.15213819529861716
36,1465,1501,0.1521417468131171
35,1455,1490,0.1521482196517071
34,1479,1513,0.15215743101691045
36,1481,1517,0.15216919489211175
36,1497,1533,0.15217393018943667
38,1498,1536,0.15217835436710456
37,1495,1532,0.15217614105674163
37,1488,1525,0.15217725033613583
36,1482,1518,0.15217824468334082
36,1476,1512,0.1521823700179789
36,1472,1508,0.152186233732666
38,1481,1519,0.15218990634247287
36,1472,1508,0.15218693930175445
34,1472,1506,0.1521905892716168
34,1479,1513,0.15220042534494813
35,1478,1513,0.15220961784781584
36,1481,1517,0.15221516702538668
36,1495,1531,0.15221715104613753
36,1474,1510,0.15221905923549364
35,1477,1512,0.15222088208230083
35,1478,1513,0.152225739530963
33,1474,1507,0.15223033073473363
34,1491,1525,0.15224083863714938
34,1484,1518,0.15224749757829847
29,1482,1511,0.1522537403921683
29,1494,1523,0.1522753589029947
30,1485,1515,0.15229556924019277
29,1487,1516,0.15231121191880548
29,1490,1519,0.1523290404454076
29,1484,1513,0.15234577164309074
29,1483,1512,0.15236143464202825
26,1472,1498,0.15237610613895036
28,1481,1509,0.1523993191728091
29,1480,1509,0.15241478212765777
31,1475,1506,0.1524261440056326
32,1472,1504,0.1524305056340178
32,1476,1508,0.15243136815678787
32,1477,1509,0.152432193285238
33,1488,1521,0.15243298950137557
31,1485,1516,0.15243055006074338
31,1490,1521,0.15243456555733106
31,1477,1508,0.1524383869526959
34,1481,1515,0.15244202922218764
36,1486,1522,0.1524359523927278
35,1489,1524,0.15242393884816774
36,1489,1525,0.15241582321173003
37,1478,1515,0.15240503901727795
41,1493,1534,0.152391799043958
40,1491,1531,0.15236672875990123
39,1486,1525,0.15234650669220465
39,1485,1524,0.15233080897108628
35,1481,1516,0.15231610335702978
34,1476,1510,0.1523149346160517
36,1478,1514,0.15231697781006073
35,1484,1519,0.15231262613168806
35,1497,1532,0.15231171168958407
33,1487,1520,0.15231081187681833
34,1485,1519,0.15231629159345744
35,1484,1519,0.15231828001952363
35,1473,1508,0.15231699576042615
36,1491,1527,0.15231579489010663
36,1494,1530,0.15231153067851375
38,1479,1517,0.15230753437033223
40,1478,1518,0.1522974478433903
39,1475,1514,0.1522816249479424
38,1484,1522,0.1522700392503012
37,1480,1517,0.15226235553591816
38,1475,1513,0.1522583552448033
39,1470,1509,0.1522514196043603
39,1468,1507,0.15224178375747688
38,1465,1503,0.1522327052337201
37,1475,1512,0.15222752336212955
35,1481,1516,0.15222577544906218
38,1483,1521,0.1522304498211706
37,1476,1513,0.15222541590808858
38,1480,1518,0.1522238239264682
40,1479,1519,0.15221919900473582
39,1488,1527,0.15220866323211193
41,1487,1528,0.15220208262608922
42,1495,1537,0.15218966315876492
42,1486,1528,0.15217497203623587
42,1479,1521,0.1521612651998673
41,1483,1524,0.15214845795415313
40,1487,1527,0.15213947014982965
41,1488,1529,0.1521341328808214
40,1480,1520,0.1521260220832876
39,1478,1517,0.15212151845082617
40,1490,1530,0.15212046183177655
37,1481,1518,0.15211633595174315
39,1486,1525,0.15212181290395763
39,1479,1518,0.15212065428561938
38,1473,1511,0.15211963399820558
36,1477,1513,0.1521218358855052
35,1496,1531,0.1521300985101163
32,1499,1531,0.15214091259809753
33,1487,1520,0.1521604034015332
32,1482,1514,0.1521755693541924
32,1484,1516,0.15219296358318662
33,1485,1518,0.15220924604484018
34,1494,1528,0.15222132227532892
32,1504,1536,0.1522294958012661
30,1505,1535,0.1522434077311005
32,1500,1532,0.15226269851750274
32,1506,1538,0.1522745517716219
31,1482,1513,0.15228569598654298
32,1474,1506,0.1522992768503183
30,1466,1496,0.15230885621081341
31,1478,1509,0.15232412144653856
31,1471,1502,0.15233532916994863
32,1467,1499,0.1523458819453757
32,1473,1505,0.1523526744508653
31,1467,1498,0.152359066548467
30,1461,1491,0.15236831353990166
28,1465,1493,0.15238017467544596
25,1461,1486,0.15239761226550244
24,1465,1489,0.15242341037472656
26,1468,1494,0.15245075269888284
25,1485,1510,0.15247012412871425
24,1488,1512,0.1524914736877026
25,1495,1520,0.15251467674307317
26,1498,1524,0.15253333437089117
26,1495,1521,0.15254769464342943
26,1504,1530,0.1525611664099565
26,1500,1526,0.1525738133718394
27,1492,1519,0.15258567135909065
29,1495,1524,0.1525936399669882
28,1501,1529,0.15259479502348705
27,1495,1522,0.15259903725779358
26,1505,1531,0.15260615626143065
23,1509,1532,0.15261597867163398
23,1496,1519,0.15263472218144636
24,1493,1517,0.1526523121408268
23,1499,1522,0.15266564087124915
22,1499,1521,0.1526812338948438
22,1505,1527,0.15269895532303765
21,1498,1519,0.1527155669418897
21,1508,1529,0.15273428071959538
22,1502,1524,0.15275182925008773
22,1495,1517,0.15276508926295054
20,1488,1508,0.15277754446749645
21,1484,1505,0.15279564854881847
22,1486,1508,0.1528094489015695
21,1481,1502,0.15281917520629573
20,1485,1505,0.152831524856048
18,1482,1500,0.1528463152005098
18,1488,1506,0.15286650513094915
16,1485,1501,0.15288541913274273
17,1491,1508,0.15290948761225345
19,1487,1506,0.15292887275328412
17,1502,1519,0.15294069511009833
17,1494,1511,0.1529581422715543
17,1492,1509,0.15297453434639782
18,1487,1505,0.15298992663460687
21,1488,1509,0.15300118297169663
21,1483,1504,0.15300219429669673
22,1485,1507,0.15300309485577146
20,1484,1504,0.1530007660836886
20,1488,1508,0.15300497567062799
22,1488,1510,0.15300896313128753
23,1499,1522,0.1530063214863307
22,1504,1526,0.1530006887963491
22,1502,1524,0.15299862404262593
23,1501,1524,0.15299671199441572
22,1497,1519,0.15299172299512986
23,1502,1525,0.15299023532501851
21,1488,1509,0.15298561046268092
23,1493,1516,0.15298762632673196
22,1483,1505,0.15298314562446771
23,1503,1526,0.152982161471523
22,1502,1524,0.15297804492322364
21,1497,1518,0.1529774030891443
21,1486,1507,0.15297998468281718
23,1486,1509,0.1529823988180063
23,1482,1505,0.1529783391527674
23,1479,1502,0.1529745555003916
23,1491,1514,0.15297101095785087
21,1478,1499,0.15296769103474567
21,1489,1510,0.15297089131487385
22,1480,1502,0.152973892465008
21,1491,1512,0.15297354628917778
20,1480,1500,0.1529764034999945
17,1489,1506,0.15298227543665682
17,1496,1513,0.15299734386136524
17,1502,1519,0.15301147005633323
17,1509,1526,0.15302472477975015
17,1489,1506,0.15303716277042412
17,1485,1502,0.153048850129501
17,1485,1502,0.15305990881765072
17,1484,1501,0.1530702864364601
18,1489,1507,0.15308002164043225
15,1499,1514,0.1530859264274056
15,1503,1518,0.15310108108108086
15,1508,1523,0.15311528670361785
17,1509,1526,0.1531286304771105
15,1501,1516,0.15313475607627758
15,1498,1513,0.15314690551407475
14,1500,1514,0.15315838247614505
14,1502,1516,0.15317232507037593
14,1498,1512,0.15318540877148668
14,1511,1525,0.15319769376512732
12,1512,1524,0.1532092306391243
13,1515,1528,0.15322640038479055
11,1509,1520,0.15323935053373042
9,1504,1513,0.15325798596164458
9,1507,1516,0.15328191672040017
9,1498,1507,0.15330441311376006
9,1500,1509,0.15332554852938984
9,1511,1520,0.1533454021681429
9,1504,1513,0.1533640502736566
8,1516,1524,0.15338156523014257
8,1502,1510,0.15340127702850612
8,1511,1519,0.15341977365160558
8,1512,1520,0.1534371473793789
8,1504,1512,0.15345346694324966
7,1505,1512,0.15346879562779214
7,1514,1521,0.1534864748229989
7,1514,1521,0.1535030594621347
8,1516,1524,0.1535186334589512
8,1500,1508,0.15353006111809694
9,1502,1511,0.1535408013446008
10,1497,1507,0.15354768371883554
10,1504,1514,0.15355092500534462
10,1511,1521,0.15355397721153544
10,1507,1517,0.15355685040118183
11,1502,1513,0.15355951303505805
10,1504,1514,0.15355883259221717
10,1500,1510,0.15356141157042946
10,1510,1520,0.15356382645979594
10,1504,1514,0.1535661070363583
10,1509,1519,0.1535682499077599
10,1511,1521,0.15357026281313346
10,1502,1512,0.15357215407147307
10,1518,1528,0.15357393135911868
10,1502,1512,0.1535756017319083
9,1498,1507,0.15357717172414237
10,1511,1521,0.1535818292776282
10,1508,1518,0.15358297504686116
11,1516,1527,0.15358406101784436
11,1519,1530,0.1535818915490851
11,1520,1531,0.1535798605849418
11,1517,1528,0.15357795250603698
10,1511,1521,0.15357616152215547
10,1509,1519,0.15357768152931
11,1503,1514,0.15357910711311668
10,1519,1529,0.15357724248101307
10,1508,1518,0.15357870094229414
9,1509,1518,0.1535800793908524
8,1508,1516,0.15358456509542612
8,1513,1521,0.15359197404357244
8,1515,1523,0.1535989337841822
8,1511,1519,0.15360547055092208
8,1500,1508,0.15361160696222023
8,1513,1521,0.15361736656108227
8,1505,1513,0.15362277237004315
9,1499,1508,0.15362784629552984
9,1493,1502,0.1536294050046432
10,1506,1516,0.15363087638945816
11,1501,1512,0.15362903472004233
11,1504,1515,0.15362408116310314
11,1503,1514,0.15361943081588236
11,1498,1509,0.15361507454869508
11,1492,1503,0.15361099422177624
12,1493,1505,0.1536071442146657
12,1504,1516,0.15360033167430548
12,1492,1504,0.15359394945067806
12,1492,1504,0.15358796114562026
12,1483,1495,0.15358234191263573
11,1487,1498,0.15357706910752303
11,1502,1513,0.1535753169130224
12,1488,1500,0.1535736700467572
12,1483,1495,0.15356892536932215
11,1504,1515,0.15356448028471503
12,1493,1505,0.15356348221573066
12,1497,1509,0.1535593089054976
12,1501,1513,0.15355538842456828
12,1501,1513,0.1535517047678244
12,1511,1523,0.15354819641899878
12,1509,1521,0.15354489764443494
11,1506,1517,0.15354178915465994
11,1497,1508,0.1535420999950416
13,1498,1511,0.153542393363742
12,1516,1528,0.15353627530795141
13,1504,1517,0.15353373294415232
13,1486,1499,0.15352815619963278
13,1501,1514,0.15352291745551416
13,1500,1513,0.15351800338546912
13,1494,1507,0.15351339487639762
12,1508,1520,0.15350907254813081
12,1509,1521,0.15350820516959027
12,1517,1529,0.15350739983186978
12,1505,1517,0.15350664079843387
12,1496,1508,0.1535059241668989
12,1501,1513,0.15350524790867812
11,1505,1516,0.15350461015838357
11,1489,1500,0.15350719559990722
11,1486,1497,0.1535096261035792
12,1499,1511,0.15351190705954892
13,1504,1517,0.15351081928798554
13,1505,1518,0.15350659433620006
12,1509,1521,0.15350264026398686
11,1505,1516,0.1535021247640924
12,1508,1520,0.15350485232988023
12,1507,1519,0.15350421061196692
13,1503,1516,0.1535036316106731
13,1512,1525,0.15349989120638818
13,1500,1513,0.15349636745711068
13,1493,1506,0.15349305598665758
13,1489,1502,0.15348994621579476
13,1501,1514,0.1534870263972322
13,1519,1532,0.15348428506900483
13,1525,1538,0.15348171132865215
13,1502,1515,0.15347929489090997
12,1509,1521,0.15347702608436775
12,1501,1513,0.15347812092862842
12,1498,1510,0.1534791564418153
12,1499,1511,0.15348012078785278
12,1504,1516,0.1534810200601523
12,1514,1526,0.1534818596771229
12,1500,1512,0.15348264423524408
13,1496,1509,0.15348337776966403
14,1501,1515,0.15348085849101675
14,1501,1515,0.15347530739190282
13,1495,1508,0.15347010336169484
13,1483,1496,0.1534684529988368
14,1485,1499,0.1534669258667676
14,1497,1511,0.15346229084826388
13,1497,1510,0.15345793796790858
10,1499,1509,0.15345702459484536
10,1498,1508,0.1534657285132444
10,1501,1511,0.15347390508938727
10,1519,1529,0.15348158644558244
10,1521,1531,0.15348879722704245
10,1516,1526,0.15349556425632477
10,1520,1530,0.15350191432725918
10,1524,1534,0.15350787318555142
11,1508,1519,0.15351346518796538
11,1499,1510,0.15351550072243605
11,1496,1507,0.153517404545691
11,1504,1515,0.15351919027012328
11,1510,1521,0.1535208683514691
10,1506,1516,0.15352244586537833
10,1506,1516,0.15352711895801174
10,1506,1516,0.15353150017737285
10,1506,1516,0.15353561530072657
10,1497,1507,0.1535394812599091
11,1503,1514,0.15354311275601396
11,1498,1509,0.15354331312433422
11,1491,1502,0.15354350949312537
10,1501,1511,0.1535436927379488
11,1501,1512,0.15354710775687772
11,1501,1512,0.1535471188646257
10,1508,1518,0.1535471355478039
11,1514,1525,0.15355037762938498
10,1523,1533,0.15355024090256655
12,1508,1520,0.15355331668838829
12,1504,1516,0.15354980126507323
11,1500,1511,0.15354651678270503
9,1502,1511,0.1535466427435852
10,1503,1513,0.1535531407525152
10,1498,1508,0.15355602722053813
8,1497,1505,0.15355874816879309
8,1493,1501,0.15356769031289053
7,1496,1503,0.1535761164128954
5,1495,1500,0.15358725851382304
5,1496,1501,0.15360414516930948
5,1505,1510,0.15362001181877746
5,1505,1510,0.1536349205789056
6,1522,1528,0.153648924582879
6,1531,1537,0.1536588514954812
6,1515,1521,0.15366817210067482
6,1519,1525,0.15367692103578967
6,1517,1523,0.15368513604543996
6,1518,1524,0.15369285094237045
5,1520,1525,0.15370009673923413
5,1516,1521,0.1537101328647155
5,1507,1512,0.15371956176264132
5,1502,1507,0.15372842281871898
6,1493,1499,0.15373674865419631
6,1494,1500,0.15374134312710047
6,1501,1507,0.15374566148530597
6,1519,1525,0.15374971608479857
5,1520,1525,0.15375352507415888
7,1525,1532,0.15376032571363418
7,1522,1529,0.15376026868295584
7,1518,1525,0.1537602310247119
7,1502,1509,0.15376019559238632
7,1500,1507,0.1537601634724215
7,1503,1510,0.1537601353257463
7,1506,1513,0.1537601110916479
7,1496,1503,0.15376009043323202
6,1492,1498,0.15376007294390603
6,1495,1501,0.15376326998261786
5,1495,1500,0.15376626973191151
4,1502,1506,0.153772318101193
5,1510,1515,0.15378123523815393
5,1517,1522,0.15378638880723475
4,1511,1515,0.15379122761725184
4,1511,1515,0.15379902005506607
3,1507,1510,0.15380634380120303
3,1503,1506,0.15381645288694082
3,1494,1497,0.1538259568611713
3,1495,1498,0.15383489199005143
3,1508,1511,0.15384328902681718
3,1518,1521,0.15385117895879977
3,1529,1532,0.15385859188556064
3,1520,1523,0.15386555648117564
3,1516,1519,0.15387209984348785
3,1510,1513,0.1538782474927208
3,1511,1514,0.15388402342596647
3,1512,1515,0.15388945019165484
3,1505,1508,0.15389454896968535
2,1513,1515,0.1538993396513112
2,1509,1511,0.15390708587120638
2,1509,1511,0.15391437012890977
2,1508,1510,0.15392121952137483
2,1509,1511,0.15392765702480166
2,1506,1508,0.15393370623604402
2,1517,1519,0.15393939018450722
2,1518,1520,0.1539447308190663
2,1517,1519,0.15394974887440818
2,1516,1518,0.15395446387089678
2,1513,1515,0.15395889415984762
2,1519,1521,0.15396305698330687
2,1514,1516,0.15396696853706848
2,1505,1507,0.1539706440326899
2,1514,1516,0.15397409775691917
2,1516,1518,0.15397734312799205
2,1516,1518,0.15398039274868572
2,1512,1514,0.15398325845619218
2,1513,1515,0.15398595136894805
2,1517,1519,0.1539884819305826
2,1523,1525,0.15399085995115244
2,1527,1529,0.15399309464582825
2,1521,1523,0.1539951946711916
2,1521,1523,0.15399716815929193
2,1517,1519,0.15399902274960453
2,1509,1511,0.15400076561902104
1,1509,1510,0.15400240350999655
1,1519,1520,0.15400720864246417
1,1517,1518,0.15401173354107162
1,1525,1526,0.15401599193216162
1,1526,1527,0.15401999586895837
1,1514,1515,0.15402375908648147
1,1515,1516,0.15402729551002534
1,1511,1512,0.1540306186132471
1,1515,1516,0.15403374120730248
1,1508,1509,0.15403667538841112
1,1508,1509,0.1540394325439189
1,1512,1513,0.1540420233799336
1,1516,1517,0.15404445795630956
1,1511,1512,0.15404674572332117
1,1506,1507,0.15404889555774368
0,1514,1514,0.1540509157974389
