1375,27,1402,0.13582112263083856
1414,29,1443,0.13296265698484147
1437,28,1465,0.13024686263768337
1450,32,1482,0.12770927379374566
1455,30,1485,0.12536323427483528
1463,30,1493,0.12321375715942898
1457,30,1487,0.12123600735426614
1461,30,1491,0.1194516454905845
1462,29,1491,0.11781658290645097
1457,29,1486,0.11632584695325303
1459,30,1489,0.11498083243721548
1463,30,1493,0.11375149407901552
1474,29,1503,0.11262293109862216
1477,27,1504,0.11156967409821959
1473,29,1502,0.11060402065295538
1454,29,1483,0.1097346322754723
1453,28,1481,0.1089873950800283
1450,27,1477,0.1083093278668505
1458,27,1485,0.10769887710662623
1457,27,1484,0.10712488220347277
1464,29,1493,0.10660490368970203
1458,30,1488,0.10611578193215995
1465,30,1495,0.10568372684550027
1461,32,1493,0.10527499871716643
1466,31,1497,0.10491179656487162
1456,29,1485,0.10457025699676892
1453,30,1483,0.10428115497986128
1448,29,1477,0.10402470606415001
1448,28,1476,0.10380247510773458
1459,27,1486,0.10360017039692447
1457,27,1484,0.10339177434482429
1463,27,1490,0.10320622286505789
1469,27,1496,0.10302407650168903
1472,27,1499,0.10284508050114613
1478,27,1505,0.10267590341236116
1480,27,1507,0.10250894659780493
1473,26,1499,0.10235231405627335
1470,27,1497,0.10222490467224031
1475,27,1502,0.10211564625030892
1471,25,1496,0.10200561612603763
1474,26,1500,0.10191418673637052
1481,26,1507,0.10182455176917257
1462,24,1486,0.10172778685121055
1449,24,1473,0.10168094206792994
1453,25,1478,0.1016659092554352
1461,25,1486,0.10164400593546669
1486,24,1510,0.10160692425951429
1470,23,1493,0.1015193923817645
1477,23,1500,0.10147397147648615
1463,25,1488,0.10141731546024861
1471,25,1496,0.1013954985243111
1478,25,1503,0.10135895663328999
1461,26,1487,0.10131112307084011
1460,27,1487,0.10130402220323205
1464,26,1490,0.10129985935413595
1460,27,1487,0.10128745699884992
1459,28,1487,0.10128464208154259
1466,27,1493,0.10128432559281944
1460,26,1486,0.1012692545981955
1456,26,1482,0.10126814176144067
1460,25,1485,0.10127540137994633
1456,26,1482,0.10127373075824878
1464,26,1490,0.10128108554087029
1471,25,1496,0.10127023234859198
1481,26,1507,0.10124508967406853
1458,25,1483,0.10120083140493243
1446,25,1471,0.10120988478601843
1451,24,1475,0.10124383501440283
1457,22,1479,0.10126435237494888
1457,23,1480,0.10126967645748668
1439,23,1462,0.10127409320029206
1455,22,1477,0.10131692353117648
1456,24,1480,0.10132181518471917
1458,24,1482,0.10132387390066051
1469,24,1493,0.10132184858447679
1476,26,1502,0.1012965367999403
1482,27,1509,0.1012584723838186
1479,28,1507,0.10121084955736141
1466,28,1494,0.10117377277289737
1471,29,1500,0.10116778759915938
1471,28,1499,0.10115165543332612
1470,29,1499,0.10113716964125931
1460,29,1489,0.10112620918387955
1468,28,1496,0.10113765631416058
1461,27,1488,0.10113058787413809
1464,26,1490,0.10113915140076811
1482,25,1507,0.10114061166686655
1480,24,1504,0.10110356987235594
1483,24,1507,0.10107429712678663
1499,25,1524,0.10104101831719317
1488,23,1511,0.10097662791950651
1483,22,1505,0.10094162370458683
1467,21,1488,0.1009206996511809
1471,21,1492,0.10093536182173006
1469,22,1491,0.10094014591635708
1474,20,1494,0.10094895006066268
1477,21,1498,0.10094643375549196
1480,21,1501,0.10093769823747978
1489,21,1510,0.1009234160556142
1475,20,1495,0.10089098356855192
1477,20,1497,0.10089171600953312
1480,20,1500,0.10088804552676306
1480,20,1500,0.10087828770278427
1482,23,1505,0.10086922993268217
1464,23,1487,0.10085679348643119
1468,22,1490,0.10088399524385011
1462,23,1485,0.1008999058014538
1461,23,1484,0.10092705678481434
1458,25,1483,0.10095440336945888
1464,25,1489,0.1009854400734536
1462,24,1486,0.1010009130161993
1466,25,1491,0.10101933702841662
1465,26,1491,0.10102758267316261
1464,29,1493,0.10103768877143476
1470,29,1499,0.10104900340063637
1457,28,1485,0.10104693920817073
1454,29,1483,0.10107292218103822
1449,30,1479,0.10110323218300693
1462,31,1493,0.10114147278919222
1472,29,1501,0.1011481447446785
1474,29,1503,0.10113301202876426
1476,30,1506,0.10111501967034257
1475,31,1506,0.10109422910685445
1471,32,1503,0.10107761172629762
1471,33,1504,0.10107082181921562
1480,31,1511,0.1010647621119956
1469,31,1500,0.1010404233429648
1473,30,1503,0.1010411618912563
1463,30,1493,0.10103340053541458
1442,27,1469,0.1010482546927287
1442,28,1470,0.10110658658927615
1446,29,1475,0.1011593233327756
1459,30,1489,0.10119872324460996
1452,30,1482,0.10120653442447963
1471,30,1501,0.10122831396279214
1468,30,1498,0.10120807435650615
1460,30,1490,0.10119591322931042
1465,30,1495,0.10120195056312035
1456,29,1485,0.10119660313798345
1465,29,1494,0.10121074225174741
1479,30,1509,0.10120441166750226
1473,29,1502,0.10116839320898852
1453,31,1484,0.10114866383827603
1454,32,1486,0.10117331327075121
1460,32,1492,0.10119362233079618
1473,31,1504,0.10119924899433495
1462,31,1493,0.10117694951793943
1470,31,1501,0.10118011649629359
1459,30,1489,0.10116589443030577
1460,29,1489,0.10117653232791461
1463,31,1494,0.10118404749742745
1456,31,1487,0.10118446587940173
1453,30,1483,0.10120002685500806
1457,30,1487,0.10122062459028956
1465,30,1495,0.10123105588442069
1479,29,1508,0.10122322314383109
1487,28,1515,0.10118563891112131
1489,29,1518,0.10113458321801506
1498,28,1526,0.10108383905276572
1483,27,1510,0.10101859749661127
1475,25,1500,0.10099166385774466
1476,26,1502,0.10098398349985027
1477,26,1503,0.1009748293193828
1463,27,1490,0.10096455018899204
1474,27,1501,0.10098519708949728
1468,28,1496,0.1009804152462267
1456,29,1485,0.10098895373965729
1454,27,1481,0.10102233397431061
1453,27,1480,0.10105693881725149
1450,28,1478,0.10109066618836167
1463,26,1489,0.10112777962076627
1468,25,1493,0.10113315456098078
1473,28,1501,0.10112746729410034
1462,27,1489,0.10111148909479596
1472,28,1500,0.10112042355211182
1475,28,1503,0.10110719955552656
1484,26,1510,0.10108866720614941
1466,28,1494,0.10105260941723347
1461,30,1491,0.1010582308210079
1459,29,1488,0.1010739163740346
1452,28,1480,0.10109256187799552
1460,27,1487,0.10112486513884238
1457,28,1485,0.10113691868380915
1447,27,1474,0.10115418768356065
1454,26,1480,0.10119116952709216
1450,26,1476,0.10120977659959199
1453,29,1482,0.10123535593853529
1444,26,1470,0.10125225078501517
1449,27,1476,0.10128705801073246
1469,29,1498,0.1013077678898982
1465,30,1495,0.10128410095955552
1465,30,1495,0.10127120820757414
1444,28,1472,0.10125932859494746
1462,30,1492,0.10129333989083675
1466,32,1498,0.10128571044607802
1444,31,1475,0.1012705789292574
1458,31,1489,0.101304140373152
1451,30,1481,0.10130436147091432
1465,31,1496,0.10131963466107408
1458,31,1489,0.10130345165996356
1460,31,1491,0.10130414798927362
1470,31,1501,0.10130027401255984
1469,27,1496,0.10127520481156202
1464,28,1492,0.1012543275217115
1475,30,1505,0.10124622762068937
1463,31,1494,0.10121547230384889
1482,31,1513,0.10121293806907207
1473,33,1506,0.10116986285543156
1473,33,1506,0.10115023059635099
1460,33,1493,0.10113213019037003
1467,33,1500,0.10114357524190133
1460,34,1494,0.10113922494207728
1473,33,1506,0.1011500950499499
1452,33,1485,0.10113226680037446
1432,33,1465,0.10116081475150925
1438,30,1468,0.10122988240293296
1448,30,1478,0.10127985177610889
1440,33,1473,0.10130387433640226
1449,32,1481,0.10134261669068964
1461,33,1494,0.10135886249998372
1451,31,1482,0.1013476391290013
1446,32,1478,0.10135904698709178
1445,35,1480,0.10138039295931765
1452,33,1485,0.10140190922757462
1450,30,1480,0.1014061725344182
1451,31,1482,0.10141461117021631
1447,31,1478,0.10142001739154416
1441,29,1470,0.101433296968538
1442,30,1472,0.10145867696800337
1443,29,1472,0.10147943318038646
1438,30,1468,0.10149607791770794
1451,31,1482,0.10152222449229545
1462,31,1493,0.10151820433704498
1463,29,1492,0.1014905165349051
1472,26,1498,0.10146298327654374
1463,27,1490,0.10141871628953186
1471,24,1495,0.10139775347366797
1463,24,1487,0.10136155573131721
1463,25,1488,0.10134575483964037
1458,27,1485,0.10133137834464831
1469,27,1496,0.10132851822748604
1460,27,1487,0.1013022482813841
1465,28,1493,0.10129777616660024
1470,29,1499,0.10128313367197761
1452,29,1481,0.10125945469080005
1465,30,1495,0.1012764914200796
1460,29,1489,0.10126404144747526
1475,29,1504,0.10126366224332298
1469,26,1495,0.10123085045869404
1477,26,1503,0.10121380176651168
1478,27,1505,0.10118128110754045
1480,26,1506,0.10114948935269485
1485,25,1510,0.10111658917433063
1473,23,1496,0.10107582141787386
1465,24,1489,0.10106451632629229
1477,24,1501,0.10107102902147039
1468,24,1492,0.10105149459862585
1470,23,1493,0.10105265609799112
1466,25,1491,0.10104949157563758
1470,25,1495,0.10105512417464635
1471,25,1496,0.10105164906751728
1461,25,1486,0.10104620343585932
1463,24,1487,0.10106270309026416
1459,25,1484,0.10107372470054958
1451,25,1476,0.10109244272879644
1459,24,1483,0.10112636959180678
1471,25,1496,0.1011399973333599
1459,25,1484,0.10112679543693431
1462,26,1488,0.10114068924133035
1470,25,1495,0.10114680980286819
1460,26,1486,0.10113582486104644
1464,27,1491,0.10114703769455752
1452,27,1479,0.1011489462259421
1460,26,1486,0.10117585608838549
1461,28,1489,0.10118349998388404
1456,29,1485,0.10118842636875953
1450,32,1482,0.101203736451513
1456,33,1489,0.10123079201907492
1461,32,1493,0.10124286079878977
1458,30,1488,0.10124274839341699
1455,30,1485,0.1012488747609525
1464,29,1493,0.10126118128789537
1468,29,1497,0.10125301923446198
1465,30,1495,0.10123696576231854
1466,29,1495,0.10122869991055079
1463,29,1492,0.10121853791075963
1465,30,1495,0.1012162125805279
1479,30,1509,0.10120955481684678
1467,30,1497,0.10117357427621661
1467,30,1497,0.10116654645275794
1461,28,1489,0.10116014999850374
1458,30,1488,0.1011668272054014
1467,29,1496,0.10117952552921448
1461,29,1490,0.10117160233902972
1439,31,1470,0.10117724570737517
1455,28,1483,0.10122992658513524
1470,27,1497,0.1012434517823877
1465,28,1493,0.10122368144518738
1470,30,1500,0.10121605228801624
1473,31,1504,0.10119847393623094
1475,30,1505,0.10117599137436759
1467,30,1497,0.10115148293062245
1450,29,1479,0.10114644263031636
1441,28,1469,0.10117836364217168
1452,28,1480,0.10122650325057551
1449,28,1477,0.10124693711792504
1464,26,1490,0.10127178050457938
1467,25,1492,0.10126203552206753
1473,25,1498,0.10124662865923117
1460,24,1484,0.10121973983165178
1465,25,1490,0.10122360266277836
1489,26,1515,0.10121574967822006
1481,24,1505,0.10115719501048347
1473,26,1499,0.10112125181966228
1472,26,1498,0.10110572459996835
1476,26,1502,0.10109378336708177
1470,25,1495,0.10107443769725415
1462,27,1489,0.10106985516569388
1460,25,1485,0.10108244187648502
1460,24,1484,0.10109846692200687
1468,24,1492,0.10111275436481552
1461,22,1483,0.10110852882721633
1457,23,1480,0.10111938932121436
1455,23,1478,0.1011379720120556
1458,23,1481,0.10115921137876242
1452,22,1474,0.10117247781847948
1470,22,1492,0.10119734789427312
1472,23,1495,0.10118105316647025
1459,24,1483,0.1011613740073625
1453,24,1477,0.10117148056529197
1457,23,1480,0.10119370409121203
1459,22,1481,0.10120504566360027
1445,21,1466,0.10121137619470183
1455,21,1476,0.10124693529349008
1460,22,1482,0.10125827957163519
1463,20,1483,0.10125802269083849
1464,21,1485,0.10125127792475429
1470,22,1492,0.10124332793723885
1475,22,1497,0.10122321366687974
1475,22,1497,0.10119374074276116
1476,22,1498,0.10116714060501165
1484,22,1506,0.10114075100267751
1473,22,1495,0.10109940375924317
1482,22,1504,0.10108546853140606
1476,23,1499,0.10105325951911098
1487,22,1509,0.1010367909087784
1469,22,1491,0.10099855132652533
1482,22,1504,0.10100253680355671
1473,23,1496,0.10097839594423011
1478,23,1501,0.10097549135271867
1472,23,1495,0.10096201262971771
1462,22,1484,0.10096265914475774
1470,23,1493,0.10098509271485576
1476,21,1497,0.10098801011865874
1463,23,1486,0.10097798432976386
1464,25,1489,0.10099636107631978
1456,24,1480,0.10101136196957775
1472,25,1497,0.10104153097853345
1471,25,1496,0.10103502864304272
1464,25,1489,0.10103149173759908
1476,25,1501,0.1010434217677663
1459,25,1484,0.10102841954931385
1472,25,1497,0.10105128448469777
1477,24,1501,0.10104412785122005
1458,23,1481,0.10102702285411037
1467,21,1488,0.10105175334892091
1477,21,1498,0.10105516974504153
1482,21,1503,0.10103661096563364
1485,23,1508,0.10100876937686543
1479,23,1502,0.10097732425930601
1481,23,1504,0.10096147124437028
1499,24,1523,0.1009424545079611
1483,23,1506,0.10088673011198267
1487,21,1508,0.10087039619698407
1474,21,1495,0.1008471967340186
1477,21,1498,0.10085326747239953
1492,21,1513,0.10085242936767466
1487,21,1508,0.1008199667743225
1464,21,1485,0.10080100188458802
1462,21,1483,0.10083264108521549
1470,21,1491,0.10086557912381892
1464,20,1484,0.10087842472231982
1468,21,1489,0.10090300394661092
1471,21,1492,0.10091707748012596
1476,21,1497,0.10092328202537416
1484,21,1505,0.10091835683028584
1473,22,1495,0.10089675055957803
1471,23,1494,0.10090057116061224
1446,23,1469,0.10090836538169112
1454,24,1478,0.1009691215673429
1460,23,1483,0.10100732161173819
1458,25,1483,0.1010290567186269
1459,27,1486,0.10105353025891105
1458,27,1485,0.10107364752862953
1463,27,1490,0.10109462853484721
1473,28,1501,0.1011022412589239
1471,27,1498,0.10108810134385031
1472,28,1500,0.10107971646255126
1470,28,1498,0.1010698962370516
1478,28,1506,0.10106537500989354
1467,28,1495,0.10104407575533944
1464,26,1490,0.10104817371996205
1465,26,1491,0.10105812766620854
1465,26,1491,0.10106511529673444
1448,28,1476,0.10107134118433324
1434,28,1462,0.1011137994635086
1441,28,1469,0.10118273138743868
1456,30,1486,0.10123051677758524
1464,31,1495,0.10124210494470842
1467,31,1498,0.10123534748835958
1459,30,1489,0.10122271221186073
1442,30,1472,0.1012281869123499
1458,31,1489,0.1012699253381124
1459,29,1488,0.10127328145679389
1459,29,1488,0.10127417369712623
1450,29,1479,0.10127473310286593
1453,29,1482,0.10129427290229014
1468,29,1497,0.10130579325359093
1474,29,1503,0.10128427870062058
1473,29,1502,0.10125205930520983
1468,29,1497,0.10122472286534025
1456,28,1484,0.10121019672935017
1455,28,1483,0.10122309284185511
1454,28,1482,0.10123709370399492
1462,29,1491,0.1012520783128647
1457,28,1485,0.10124901435536605
1475,28,1503,0.10125676294192283
1481,29,1510,0.10122505807740378
1468,31,1499,0.10118320912306711
1465,31,1496,0.10117276792874769
1463,31,1494,0.10116985670726528
1453,29,1482,0.10117121575798699
1457,28,1485,0.10119411643323332
1461,29,1490,0.10120640935899719
1453,30,1483,0.10120902668737086
1460,31,1491,0.10122822595757232
1473,31,1504,0.10123113540300147
1467,31,1498,0.10120579873839937
1459,30,1489,0.10119587273169202
1456,28,1484,0.10120380121228234
1460,31,1491,0.10121759418226968
1455,33,1488,0.10122150838983553
1470,31,1501,0.10123518559852716
1470,32,1502,0.10121565478342161
1468,33,1501,0.10119781010387911
1449,34,1483,0.10118577382237542
1466,33,1499,0.10121544621424759
1449,33,1482,0.10120651707744126
1452,31,1483,0.1012346705553507
1463,31,1494,0.10125426642452105
1468,31,1499,0.10124813916400949
1474,28,1502,0.10123207039398517
1477,28,1505,0.10120469233456929
1458,27,1485,0.10117279413169339
1453,27,1480,0.10118455787073379
1463,26,1489,0.10120597830253572
1458,25,1483,0.10120394288312379
1462,25,1487,0.10121247508164107
1453,24,1477,0.10121202417279988
1463,24,1487,0.10123108977455039
1461,24,1485,0.1012269401794471
1470,24,1494,0.10122750158461451
1478,23,1501,0.10120874328084803
1471,24,1495,0.10117444185340671
1467,25,1492,0.10115811754870839
1465,24,1489,0.10115189611643646
1462,25,1487,0.10115032234535842
1464,28,1492,0.10115551549196279
1460,28,1488,0.10115603738137299
1466,27,1493,0.10116507334450293
1465,30,1495,0.10116075872261292
1468,30,1498,0.10115897249951035
1473,29,1502,0.10115120131741709
1479,31,1510,0.10113322979166868
1473,31,1504,0.10110393358569608
1468,29,1497,0.10108985136535714
1462,31,1493,0.10108789266871451
1461,30,1491,0.10109859562673996
1457,31,1488,0.1011107093169245
1449,30,1479,0.10113068418287098
1442,33,1475,0.10116612137289965
1438,33,1471,0.10121352152277707
1443,31,1474,0.10126496127849681
1438,31,1469,0.10130122274648144
1453,29,1482,0.10134470427003134
1464,27,1491,0.10135203384712693
1464,30,1494,0.10133523195452679
1453,29,1482,0.10131981176960253
1461,27,1488,0.10132942892308837
1475,27,1502,0.10132112075762616
1466,28,1494,0.10128363581428339
1469,27,1496,0.10126888504796712
1467,27,1494,0.10124890095845157
1478,31,1509,0.10123505818583478
1466,29,1495,0.10119882788974817
1455,28,1483,0.10119166937302751
1450,30,1480,0.10120858460069218
1462,30,1492,0.10123488410403474
1454,30,1484,0.10123294310062139
1446,28,1474,0.10124847755841822
1448,26,1474,0.10128005491980462
1450,31,1481,0.1013041994617746
1464,30,1494,0.10132236623798191
1450,32,1482,0.1013088750675857
1464,33,1497,0.10132577268714205
1457,33,1490,0.10131123571392908
1463,34,1497,0.1013130987782838
1449,34,1483,0.10130204939066784
1456,36,1492,0.1013219880973643
1452,36,1488,0.10132538848305288
1453,35,1488,0.10133718608287418
1454,36,1490,0.10134602988559566
1454,37,1491,0.10135205604477267
1457,39,1496,0.10135793953338144
1462,40,1502,0.10135695911670688
1455,40,1495,0.10134485138976278
1448,39,1487,0.10134865550747808
1448,41,1489,0.10136705186778482
1442,40,1482,0.10138392436327973
1450,41,1491,0.10141203988816348
1464,40,1504,0.10142078351305234
1465,41,1506,0.10139881763675689
1454,40,1494,0.10137661836159598
1441,40,1481,0.10138008853679185
1440,41,1481,0.10141130988032857
1443,43,1486,0.10144217608402148
1445,46,1491,0.10146393732528473
1437,48,1485,0.10147948606691527
1447,49,1496,0.10151042028542256
1435,48,1483,0.10151713547097829
1445,50,1495,0.10154886335234498
1434,52,1486,0.1015564818230119
1433,53,1486,0.10158690083150052
1434,52,1486,0.10161703689156618
1448,53,1501,0.10164223866340033
1437,55,1492,0.10163545586420898
1437,55,1492,0.10165251123270368
1439,54,1493,0.10166807398180029
1439,56,1495,0.1016780997043025
1450,57,1507,0.10168707538390745
1437,58,1495,0.10167123776125063
1445,58,1503,0.10168523606644662
1433,58,1491,0.10168117155317816
1440,58,1498,0.10170316673353869
1437,58,1495,0.10170822514300915
1429,58,1487,0.10171955920005377
1441,59,1500,0.1017473083639895
1444,59,1503,0.10174711632286992
1456,57,1513,0.10174032276868558
1446,56,1502,0.1017079783252827
1440,58,1498,0.10170009979617564
1448,59,1507,0.10170577154038547
1446,59,1505,0.10169401046912252
1439,57,1496,0.10168741251272988
1446,56,1502,0.10169652823089358
1449,59,1508,0.10168967658028488
1441,55,1496,0.10167712357623525
1430,56,1486,0.10168288742150235
1415,56,1471,0.10171181954602701
1426,59,1485,0.10177069671738997
1432,63,1495,0.10180057678691877
1429,62,1491,0.10181544090841742
1431,65,1496,0.10183530875990066
1433,61,1494,0.10184937131880638
1445,60,1505,0.101857815827813
1457,58,1515,0.10183966685178024
1449,58,1507,0.10179771719051256
1435,57,1492,0.10177675798165817
1435,58,1493,0.10178806230399981
1432,61,1493,0.10179850493877829
1433,62,1495,0.10181450160817619
1425,61,1486,0.10182660492574454
1429,66,1495,0.10185498437617774
1420,70,1490,0.10187247721265454
1414,69,1483,0.10190800465204201
1414,70,1484,0.101953127052511
1425,70,1495,0.10199391124188903
1438,69,1507,0.102007738526109
1447,69,1516,0.1019925719393751
1427,69,1496,0.10195905951536954
1421,70,1491,0.10197168894434715
1423,70,1493,0.10199655980862696
1418,68,1486,0.10201496171536135
1411,71,1482,0.10204234248528454
1414,70,1484,0.10208240221194093
1414,67,1481,0.10211234088670285
1424,65,1489,0.10213938966004724
1415,63,1478,0.10214291455476214
1415,65,1480,0.10216548745559767
1417,66,1483,0.10218610180905635
1395,67,1462,0.10220041400273791
1410,67,1477,0.10226083620823079
1411,70,1481,0.1022832943783347
1407,74,1481,0.10230189635588909
1415,74,1489,0.1023282220528753
1413,72,1485,0.10233492161958635
1410,72,1482,0.10234555651620252
1415,73,1488,0.10236178196798913
1411,74,1485,0.1023660604573688
1407,75,1482,0.102378389098102
1416,75,1491,0.1023977759094019
1413,74,1487,0.10239622698803054
1429,74,1503,0.10240074292348282
1422,75,1497,0.10237017670414861
1418,72,1490,0.10235795219462993
1404,74,1478,0.10235534992972074
1404,72,1476,0.10238366805882766
1414,73,1487,0.10240947483002018
1405,72,1477,0.10241104064148612
1420,73,1493,0.10243199954232864
1418,72,1490,0.10241859256350251
1424,70,1494,0.10241064895391007
1421,75,1496,0.10239093355963863
1425,75,1500,0.10237965263617016
1418,75,1493,0.10236077933127496
1409,76,1485,0.10235876607979869
1413,76,1489,0.1023768398959924
1413,80,1493,0.10238464507543207
1406,78,1484,0.10239168488459872
1400,76,1476,0.10241361361168141
1399,74,1473,0.10244669897863755
1404,72,1476,0.10247892624853144
1410,74,1484,0.10249774180159477
1406,72,1478,0.1025018366347289
1404,77,1481,0.10251399440528824
1407,78,1485,0.10252953328440585
1416,81,1497,0.10253705084845682
1419,79,1498,0.10252372148727139
1411,80,1491,0.10250544126665524
1416,79,1495,0.10250550302720335
1413,80,1493,0.1024946800119665
1417,83,1500,0.1024908771506281
1419,82,1501,0.10247901539441237
1415,81,1496,0.1024645106521182
1429,82,1511,0.10246038963416838
1424,81,1505,0.1024263371688927
1423,80,1503,0.10240601781411651
1406,83,1489,0.10238992518517258
1410,82,1492,0.10241240574026808
1419,84,1503,0.10242393917446697
1415,84,1499,0.10241485967406731
1403,86,1489,0.10241533280122883
1403,87,1490,0.10244178169088869
1414,86,1500,0.1024654578213018
1396,86,1482,0.10246345085770325
1395,85,1480,0.10250087741657046
1382,83,1465,0.10253724895336731
1402,82,1484,0.10259923348894365
1416,83,1499,0.10261180867144593
1406,83,1489,0.10259279299915018
1406,83,1489,0.10259687281016432
1414,83,1497,0.10260071060966065
1420,84,1504,0.102586942315472
1408,85,1493,0.10256149773256801
1414,85,1499,0.1025642732135673
1410,83,1493,0.10255359662417834
1418,83,1501,0.10255219579313135
1422,82,1504,0.10253336529510199
1406,81,1487,0.10250742639459773
1418,80,1498,0.10251835654533373
1403,81,1484,0.10250241364890837
1392,86,1478,0.10252054850344144
1385,86,1471,0.1025611404997479
1374,83,1457,0.10261360776519562
1388,83,1471,0.10268547904640592
1392,84,1476,0.10272072196873794
1399,81,1480,0.10274412427855154
1395,82,1477,0.10275028905872326
1402,80,1482,0.10276492188011493
1412,79,1491,0.10276296301794005
1415,77,1492,0.10273916336392995
1400,80,1480,0.10271117350206037
1405,76,1481,0.10271760607811144
1411,78,1489,0.10271232651312673
1403,82,1485,0.10269421710057967
1396,84,1480,0.10269559058516371
1386,84,1470,0.1027123605926339
1419,87,1506,0.10274932802806978
1410,87,1497,0.10271138193214469
1406,90,1496,0.10269663412495042
1400,89,1489,0.10269218011673843
1401,87,1488,0.10270115794446115
1404,86,1490,0.10270735202652059
1411,86,1497,0.10270604765216632
1403,86,1489,0.10268987959382246
1407,83,1490,0.10269225192632811
1408,82,1490,0.10268576009713923
1419,83,1502,0.10267795050752633
1421,84,1505,0.10264649611633164
1424,84,1508,0.1026136378983232
1417,86,1503,0.10257722486212083
1410,88,1498,0.10255905659426684
1398,92,1490,0.10255765933563643
1402,92,1494,0.10258273730158204
1393,90,1483,0.10259668137040748
1396,89,1485,0.10262939735452659
1408,88,1496,0.10265257739509018
1395,90,1485,0.10264745863450293
1386,90,1476,0.10267100748849814
1391,90,1481,0.10271194154620769
1393,93,1486,0.10273869440600163
1401,94,1495,0.10275908933717988
1406,95,1501,0.10276070276980122
1403,94,1497,0.10275175968866128
1399,94,1493,0.10275080491499514
1386,96,1482,0.10275917396899682
1393,95,1488,0.10279452158186674
1390,96,1486,0.10281175353788705
1405,96,1501,0.10283321236666527
1402,93,1495,0.10282016037325878
1401,95,1496,0.10281508672569417
1392,95,1487,0.10281260129684579
1384,91,1475,0.10283003600235414
1378,91,1469,0.10286316250844464
1375,93,1468,0.10290662096174291
1383,97,1480,0.10295317714575272
1390,102,1492,0.10297823597444727
1393,103,1496,0.10298592237239383
1401,106,1507,0.10298678470756066
1396,106,1502,0.10297064529264827
1392,106,1498,0.10296666842892456
1399,102,1501,0.10297164729652554
1395,101,1496,0.10296094755149678
1392,106,1498,0.10296060132440989
1387,107,1494,0.10296655731520221
1389,106,1495,0.10298243074493296
1397,106,1503,0.10299370389807208
1416,104,1520,0.1029867234684627
1403,102,1505,0.10293864185861736
1412,102,1514,0.1029230676979676
1415,96,1511,0.10288978935716227
1408,100,1508,0.10285176944508592
1402,101,1503,0.10283254209661237
1401,103,1504,0.10282842885449282
1408,100,1508,0.10282612598621124
1407,100,1507,0.10280914311654911
1416,100,1516,0.10279559299727178
1403,103,1506,0.10276352403572218
1402,100,1502,0.10276288696784999
1380,98,1478,0.10276435526885944
1385,102,1487,0.10281363067025266
1378,104,1482,0.10284803817668944
1390,106,1496,0.10289465978593565
1395,108,1503,0.10291119140819874
1397,111,1508,0.10291636674539184
1393,109,1502,0.10291724218369329
1400,108,1508,0.10292671396010988
1401,113,1514,0.10291995692329321
1398,115,1513,0.10291135167072113
1400,113,1513,0.10291013736184505
1391,114,1505,0.10290451271087632
1386,113,1499,0.10291860211950933
1381,113,1494,0.10294329559884663
1377,112,1489,0.10297595349530837
1377,115,1492,0.10301476685707385
1371,114,1485,0.10305065283531252
1381,114,1495,0.10309705224597103
1371,116,1487,0.10311759655867586
1376,115,1491,0.1031573817765829
1383,113,1496,0.10318293186847799
1383,113,1496,0.10319076451696159
1382,116,1498,0.10319827094275165
1371,116,1487,0.10320685485953916
1367,114,1481,0.10323852110385281
1369,114,1483,0.10327621213552533
1381,117,1498,0.10330654679032553
1388,118,1506,0.1033085857575771
1395,117,1512,0.10329476795934403
1398,120,1518,0.10326731125232687
1399,115,1514,0.10323557255009337
1390,121,1511,0.10320455346330626
1393,122,1515,0.10319625993459743
1387,121,1508,0.10318290328257165
1387,119,1506,0.10318451896957657
1377,125,1502,0.10318651569382656
1370,129,1499,0.10321064122496736
1356,125,1481,0.10324800293350578
1353,131,1484,0.10331235508642625
1347,131,1478,0.10337793586525987
1348,133,1481,0.1034518161353256
1360,135,1495,0.10351672096745848
1359,138,1497,0.10354937033651739
1361,139,1500,0.1035818559054745
1354,137,1491,0.10360807466510451
1365,134,1499,0.10364724439542539
1372,128,1500,0.10365963288218687
1369,134,1503,0.10365460600146761
1353,131,1484,0.10365594278284895
1353,136,1489,0.10369260927054923
1355,130,1485,0.10372596884719051
1355,134,1489,0.10375171532034155
1341,138,1479,0.10377573798224868
1340,138,1478,0.10382778339309941
1351,137,1488,0.10387810124511856
1363,137,1500,0.10389989201914167
1353,140,1493,0.1038942552581779
1364,139,1503,0.10391077915783181
1356,139,1495,0.10390261206492445
1350,137,1487,0.10391290484742555
1350,140,1490,0.1039357795890653
1342,140,1482,0.10395668026761466
1354,141,1495,0.10399285824141909
1345,137,1482,0.10399945580489821
1351,134,1485,0.10402434860560308
1349,138,1487,0.10403356970798898
1354,139,1493,0.10404605968885576
1353,136,1489,0.10404602602632711
1356,135,1491,0.10404856812331867
1345,134,1479,0.1040450217800561
1353,133,1486,0.10406680731001654
1352,138,1490,0.10406802480999708
1355,142,1497,0.10407111013887384
1346,141,1487,0.10406681279588166
1354,139,1493,0.10408278314714296
1347,143,1490,0.1040804862823276
1350,141,1491,0.10409327254954416
1347,139,1486,0.10409707382509628
1357,136,1493,0.10410712701153134
1354,137,1491,0.10409442053846699
1359,136,1495,0.1040896827871997
1358,142,1500,0.104074875648644
1357,144,1501,0.10406340096237839
1351,142,1493,0.10405575240267648
1346,142,1488,0.10406172488472003
1342,145,1487,0.10407779846653209
1343,148,1491,0.10410170480335854
1346,147,1493,0.10412155222788531
1343,151,1494,0.10413297531392296
1347,147,1494,0.10415095152865632
1347,150,1497,0.10415868413194009
1353,151,1504,0.10416592784453357
1352,149,1501,0.1041595549524742
1348,151,1499,0.10415529138541942
1357,146,1503,0.10415979321027968
1361,148,1509,0.10414418686646641
1354,147,1501,0.1041220115735517
1365,147,1512,0.10411699450889339
1358,149,1507,0.10408872159262123
1347,149,1496,0.10407871173882709
1337,150,1487,0.1040934198185973
1333,148,1481,0.10412837323457075
1329,152,1481,0.10416890046328774
1337,155,1492,0.10421505904371703
1340,157,1497,0.10424009539839103
1341,153,1494,0.10425642925799387
1334,153,1487,0.10426888300834833
1332,151,1483,0.10429542406054874
1327,155,1482,0.10432406288158944
1329,158,1487,0.10436203409040473
1330,157,1487,0.10439164203995255
1324,153,1477,0.10441676480395426
1341,158,1499,0.10445281536282955
1342,157,1499,0.10444783378551396
1345,157,1502,0.1044412079971437
1343,157,1500,0.10442919645934873
1339,163,1502,0.1044232923748969
1342,162,1504,0.1044275625388427
1324,160,1484,0.10442501440275385
1330,161,1491,0.10446193849677535
1324,161,1485,0.10448352064076483
1326,165,1491,0.10451601443043597
1339,169,1508,0.1045415148756985
1329,168,1497,0.10453693589922984
1333,165,1498,0.10455378531398322
1312,167,1479,0.10456022725437823
1312,167,1479,0.10461309438173537
1312,171,1483,0.10466214986431766
1312,166,1478,0.10470719350216377
1315,173,1488,0.10474856048556153
1318,175,1493,0.10477904558523228
1328,175,1503,0.10480128634405389
1324,176,1500,0.10479956396345946
1309,176,1485,0.10480707870042663
1317,174,1491,0.10484792164791415
1315,177,1492,0.10486756845355304
1320,177,1497,0.10488949361870575
1328,178,1506,0.10489856848879033
1334,179,1513,0.10488914083737917
1335,177,1512,0.10486766556525894
1319,182,1501,0.10484675367951056
1324,180,1504,0.10486249249514071
1307,177,1484,0.10486669282841042
1322,181,1503,0.10490751626165913
1313,186,1499,0.10491177028188307
1327,187,1514,0.10493456345906829
1323,185,1508,0.10492522722602665
1313,185,1498,0.10492614313897825
1310,180,1490,0.10494855474293903
1298,181,1479,0.10497609257703612
1318,184,1502,0.10502796241381449
1323,178,1501,0.10503038923430237
1334,179,1513,0.10502189446232922
1318,180,1498,0.10498923924462364
1315,184,1499,0.10499611299295353
1323,185,1508,0.10500915983262932
1324,187,1511,0.10500356671769452
1306,184,1490,0.10499721769454907
1305,186,1491,0.10503095216457105
1302,184,1486,0.10506411683567361
1297,180,1477,0.1051018260390987
1305,180,1485,0.1051476594535091
1293,189,1482,0.10517193669279941
1301,185,1486,0.10522062843505214
1305,188,1493,0.1052482494636469
1309,190,1499,0.10526447958335783
1309,191,1500,0.10526937101409431
1296,188,1484,0.10527422720592865
1299,193,1492,0.10530646367714698
1303,188,1491,0.10532863671316724
1322,188,1510,0.10534033195598588
1316,196,1512,0.10530995771381177
1315,193,1508,0.10529598547543097
1324,195,1519,0.10528454387899246
1314,194,1508,0.10525483189436963
1301,199,1500,0.10525043973977415
1310,195,1505,0.10527495190137058
1309,192,1501,0.10527764510415949
1313,194,1507,0.10528189167214702
1304,196,1500,0.10527820113615341
1298,205,1503,0.10529522098434727
1294,203,1497,0.10532427173206411
1297,205,1502,0.10535926452708523
1296,211,1507,0.10538473993915266
1291,209,1500,0.10541099207903958
1292,210,1502,0.10544626567382451
1282,212,1494,0.10547662821283725
1284,211,1495,0.10552758775045426
1289,214,1503,0.1055699854430696
1284,212,1496,0.10559800048891813
1284,207,1491,0.10563278830655755
1282,202,1484,0.10566510419818119
1272,204,1476,0.10570020799905881
1282,206,1488,0.10575531627458848
1284,204,1488,0.10578303409283649
1290,205,1495,0.10580440160528695
1285,207,1492,0.10581055591023855
1280,212,1492,0.10582828234020009
1280,211,1491,0.10585440227313324
1284,209,1493,0.10587861275621754
1291,210,1501,0.1058926898767742
1288,208,1496,0.1058897399437286
1294,204,1498,0.10589377733962144
1288,204,1492,0.10588332150077301
1286,206,1492,0.10588745381480447
1278,205,1483,0.10589511378451358
1283,209,1492,0.10591997326851145
1280,213,1493,0.10593295741349693
1287,215,1502,0.10595092728544707
1295,214,1509,0.10595097500021482
1276,212,1488,0.1059342338722082
1278,210,1488,0.10596139480550378
1274,209,1483,0.10598137178046364
1282,213,1495,0.10600791250272884
1266,214,1480,0.10601437662376015
1272,214,1486,0.10605676473348213
1279,212,1491,0.10608282338419656
1283,214,1497,0.10609083752183796
1278,217,1495,0.1060887175523246
1272,221,1493,0.10609755688128679
1263,219,1482,0.10612031836977474
1267,223,1490,0.10615988473461808
1266,221,1487,0.10618762057390567
1266,222,1488,0.10621505487284001
1263,218,1481,0.10624107318771892
1269,217,1486,0.10627190224153087
1255,216,1471,0.10628640610154147
1254,220,1474,0.10633078979091698
1259,218,1477,0.10637399249050176
1250,217,1467,0.10640228549180471
1261,221,1482,0.10644735884142836
1274,222,1496,0.10646420275269637
1263,219,1482,0.10645105598815441
1266,223,1489,0.10646334193995799
1286,222,1508,0.10646799960322309
1276,223,1499,0.10642796559145601
1276,226,1502,0.1064132779970155
1278,225,1503,0.10639947258461496
1271,220,1491,0.10638252827677641
1270,226,1496,0.10638309668417743
1273,226,1499,0.1063863781894776
1277,221,1498,0.10638275861800665
1285,216,1501,0.1063708890980881
1285,206,1491,0.10634158643073736
1293,216,1509,0.1063153105223363
1290,215,1505,0.10627253427369102
1293,219,1512,0.1062406825150021
1281,221,1502,0.10620476476593739
1286,224,1510,0.10619852181587458
1278,224,1502,0.10618284274347037
1282,225,1507,0.10618686890414239
1274,229,1503,0.10618103268317096
1272,228,1500,0.1061932557088205
1272,229,1501,0.10621105956441433
1270,232,1502,0.10622741373123448
1262,230,1492,0.1062456428306405
1252,234,1486,0.10628114747576375
1255,231,1486,0.10633556242301932
1253,240,1493,0.10637995868563398
1245,246,1491,0.10642627898146642
1248,246,1494,0.10648715663845784
1251,239,1490,0.1065366351455808
1259,245,1504,0.10657520673203834
1257,241,1498,0.10659193705897235
1249,246,1495,0.10661212101613161
1244,246,1490,0.1066487335882234
1235,240,1475,0.10669271061214562
1242,245,1487,0.10675377804329163
1237,241,1478,0.10679528766935462
1254,237,1491,0.10684381026167263
1260,237,1497,0.10685113969778282
1263,237,1500,0.10684368807734906
1253,235,1488,0.1068303001074302
1253,236,1489,0.10683914657286912
1260,243,1503,0.10684782836405812
1258,248,1506,0.10684054208417694
1262,245,1507,0.10683835416694026
1263,248,1511,0.10682818388828313
1266,247,1513,0.10681661046880336
1257,246,1503,0.10679985871104723
1250,242,1492,0.10680513738440091
1252,242,1494,0.10682519318810133
1251,245,1496,0.1068397744485716
1236,246,1482,0.10685511190050201
1242,248,1490,0.1069026486550933
1251,251,1502,0.10693436519342076
1248,249,1497,0.10694273815125968
1238,246,1484,0.10695709586058005
1262,246,1508,0.10699363022623469
1262,248,1510,0.1069737657194783
1261,246,1507,0.10695592490524294
1263,244,1507,0.10694282827260088
1260,245,1505,0.10692676965929154
1243,249,1492,0.1069186539418844
1247,245,1492,0.10694923331689556
1253,246,1499,0.10697052413825694
1245,249,1494,0.10697625548408712
1253,253,1506,0.10700008555840902
1253,254,1507,0.1070038295475771
1243,250,1493,0.10700610005994346
1243,249,1492,0.107031727003052
1243,255,1498,0.10705435392236153
1243,252,1495,0.10707511446600185
1248,249,1497,0.10709343013046184
1239,253,1492,0.10709998213344313
1244,260,1504,0.10712368581885659
1245,261,1506,0.10713475268977707
1230,261,1491,0.10714405101023773
1242,262,1504,0.10718680422183016
1249,265,1514,0.1071997182086325
1239,266,1505,0.10719750388934862
1242,262,1504,0.10721728558130515
1238,258,1496,0.10722825872868831
1241,262,1503,0.10724610204789727
1232,263,1495,0.10725659817730528
1232,268,1500,0.1072864293854363
1241,264,1505,0.10731304063710681
1236,271,1507,0.10731858006571215
1238,270,1508,0.1073365965010597
1238,270,1508,0.10734776196109114
1231,271,1502,0.1073581669940457
1217,263,1480,0.10738284210221676
1220,270,1490,0.10743655978752589
1224,271,1495,0.10747842180112041
1226,270,1496,0.10750815974297277
1231,272,1503,0.10753146802411574
1226,266,1492,0.10754028554514974
1213,275,1488,0.10755948957626056
1237,277,1514,0.10760585202992186
1239,271,1510,0.10759522149695963
1229,270,1499,0.10758146920258796
1230,270,1500,0.10759080328021924
1229,271,1500,0.1075970394194463
1228,271,1499,0.10760587182299439
1217,269,1486,0.10761653664319067
1221,268,1489,0.10765171235541772
1216,269,1485,0.10767423851014817
1198,275,1473,0.10770664662276311
1211,283,1494,0.10777588734272157
1205,279,1484,0.10781042405446296
1212,285,1497,0.10785494324675249
1214,291,1505,0.10788134713292383
1205,289,1494,0.10790206717981274
1207,286,1493,0.10794202118521704
1205,288,1493,0.10797372523639989
1214,286,1500,0.10800905629830378
1212,284,1496,0.10802009647349489
1215,286,1501,0.10803391578782179
1228,285,1513,0.10803987132400557
1211,286,1497,0.10801732624902283
1217,281,1498,0.108034338177988
1219,287,1506,0.10803488926798983
1214,285,1499,0.10803187249510816
1214,281,1495,0.10803899129986526
1218,281,1499,0.10804606581035227
1216,284,1500,0.10804224724076404
1214,279,1493,0.10804473910854288
1216,282,1498,0.10805143141174989
1208,279,1487,0.10805271730114666
1210,287,1497,0.10807182490258942
1203,289,1492,0.10808512070353117
1209,291,1500,0.1081132135996544
1219,288,1507,0.10812592628110936
1199,289,1488,0.1081159749655807
1203,286,1489,0.10815170655876105
1206,289,1495,0.10817598077463363
1209,285,1494,0.10819141753182868
1215,280,1495,0.10819819456620294
1208,278,1486,0.10819093170282024
1225,279,1504,0.1081997227206749
1226,280,1506,0.10816835052287914
1221,284,1505,0.10813652301449624
1223,288,1511,0.10811893863749038
1225,287,1512,0.10809817801041291
1219,285,1504,0.10807513558820762
1219,289,1508,0.10806770985591935
1209,291,1500,0.10806164572205734
1208,289,1497,0.10807698014644115
1212,291,1503,0.10809304450311824
1211,286,1497,0.10809923785097751
1214,287,1501,0.10810692230055897
1218,283,1501,0.10810600808153993
1216,281,1497,0.10809532090159771
1209,281,1490,0.1080905400823101
1224,274,1498,0.1081017610765038
1215,274,1489,0.10807953022367255
1220,268,1488,0.1080792505543241
1198,268,1466,0.10806676496458563
1202,273,1475,0.10810589425262972
1209,274,1483,0.10813189666925496
1212,273,1485,0.1081390159272946
1215,275,1490,0.10813837919712864
1216,280,1496,0.10813196644400361
1213,278,1491,0.10812393669237547
1206,279,1485,0.10812215594141698
1205,282,1487,0.10813769226934493
1208,285,1493,0.10815452241041548
1196,290,1486,0.10816402468396422
1201,290,1491,0.10819933544834463
1204,293,1497,0.1082208401160694
1201,296,1497,0.10823415004631425
1198,295,1493,0.10825321629284008
1206,292,1498,0.10827765976132236
1194,284,1478,0.10828271101936965
1198,287,1485,0.10831322427357531
1192,293,1485,0.10833255315778319
1204,293,1497,0.108364813622871
1208,301,1509,0.10836732626047031
1205,303,1508,0.10836256226227295
1200,303,1503,0.10836418058858506
1196,307,1503,0.10837755645404448
1184,307,1491,0.10840006801137289
1185,314,1499,0.10844874359769786
1175,320,1495,0.10849213718608616
1175,321,1496,0.10855548620867207
1176,320,1496,0.10861393294498278
1183,321,1504,0.10866538666885457
1185,318,1503,0.10869754131053884
1184,314,1498,0.1087229555340651
1182,312,1494,0.10874875507244346
1171,317,1488,0.10877675314713078
1158,310,1468,0.10882755128545957
1170,315,1485,0.1089032583471208
1164,317,1481,0.10894636266404785
1162,313,1475,0.10899935894502864
1155,315,1470,0.10905263438422567
1156,313,1469,0.10911814094208898
1164,315,1479,0.10917641692261
1170,316,1486,0.10921439113110376
1184,321,1505,0.10923605245538738
1191,318,1509,0.10922463334451901
1192,322,1514,0.10919743463345605
1181,329,1510,0.10917141755881016
1174,327,1501,0.10917299713128066
1161,327,1488,0.10918980354391089
1164,327,1491,0.10923623472912
1160,328,1488,0.10927117585026731
1177,325,1502,0.10931138783267418
1186,331,1517,0.10931059951757865
1184,327,1511,0.10929006082168337
1183,333,1516,0.10927507691545683
1188,334,1522,0.10926349769646368
1185,333,1518,0.1092416713533931
1175,330,1505,0.10922945064393236
1164,334,1498,0.10924046614815096
1152,334,1486,0.10927596452340818
1156,333,1489,0.1093353139933581
1154,332,1486,0.1093828060898195
1164,330,1494,0.1094317499866902
1156,337,1493,0.1094546878032357
1154,338,1492,0.10949287488445618
1149,344,1493,0.10953331960030446
1151,336,1487,0.10958228107521452
1154,336,1490,0.10962407761080993
1143,342,1485,0.10965390888292062
1136,347,1483,0.10970805410082633
1143,343,1486,0.10977348195297033
1151,340,1491,0.1098186466501544
1145,345,1490,0.10984171394387408
1148,344,1492,0.1098769657505575
1152,339,1491,0.10990355317854278
1154,341,1495,0.10991910907077206
1150,337,1487,0.10992820545346607
1148,335,1483,0.10994505729147817
1147,336,1483,0.10996380286706132
1135,338,1473,0.10998191065798966
1141,334,1475,0.11002524092075432
1154,342,1496,0.11004929498015441
1147,333,1480,0.11004198409356224
1148,336,1484,0.11005128537861349
1151,331,1482,0.11005713837194225
1151,339,1490,0.11005586861142504
1161,343,1504,0.11005486674394498
1153,338,1491,0.11003330553857187
1153,339,1492,0.11003158675672839
1151,340,1491,0.11003043204422674
1150,347,1497,0.11003554249947058
1151,355,1506,0.11004308990952312
1151,348,1499,0.11004742544973531
1153,344,1497,0.1100505114341062
1159,345,1504,0.11004869625561543
1154,341,1495,0.1100330967906315
1153,344,1497,0.1100286130859414
1150,348,1498,0.11002822302803772
1157,352,1509,0.11003448290369562
1157,349,1506,0.11002606077723351
1149,341,1490,0.11001851437574459
1150,338,1488,0.11002925948494106
1151,339,1490,0.1100350753852057
1149,339,1488,0.11003839593560784
1143,338,1481,0.11004507624133637
1153,350,1503,0.11006443766757286
1156,353,1509,0.1100607939466832
1133,356,1489,0.11005039612718043
1140,356,1496,0.11009288101811823
1145,361,1506,0.11011697799962965
1158,352,1510,0.11012861603842782
1156,351,1507,0.11011119306270506
1146,347,1493,0.11009832484699991
1141,341,1482,0.11010852942191932
1150,352,1502,0.11012867551513185
1160,359,1519,0.11012790851716758
1148,363,1511,0.11010518118947435
1128,361,1489,0.11011318262799076
1138,355,1493,0.11016657189408935
1135,361,1496,0.1101954504158239
1146,360,1506,0.11022831179055942
1130,359,1489,0.11023337262624548
1118,363,1481,0.11027427217686188
1119,356,1475,0.11033887195863012
1117,363,1480,0.11039645148321792
1113,364,1477,0.11045463027195507
1115,371,1486,0.11051741458146408
1109,367,1476,0.11057001962806381
1121,370,1491,0.11063169676019165
1116,367,1483,0.1106615177546978
1115,371,1486,0.11070144334843476
1101,372,1473,0.11074000888225795
1117,372,1489,0.11080643163915127
1121,371,1492,0.11083159768861668
1131,372,1503,0.11084608790667685
1128,379,1507,0.11083683151462376
1123,377,1500,0.11083596597825945
1131,374,1505,0.11084672790775661
1130,380,1510,0.1108379190074735
1135,373,1508,0.11083240346721566
1134,370,1504,0.11081677144101207
1132,370,1502,0.11080328862776334
1134,371,1505,0.11079722668503347
1125,373,1498,0.11078773836525863
1119,374,1493,0.11079816591728543
1124,375,1499,0.11082181226002298
1112,382,1494,0.11083173362791658
1105,385,1490,0.11086812064983605
1108,389,1497,0.11091808971087973
1112,385,1497,0.11095852225552562
1112,387,1499,0.11098639537312771
1119,387,1506,0.1110110029010305
1113,387,1500,0.11101933427273263
1116,383,1499,0.11104040549373312
1118,385,1503,0.1110516306492389
1113,384,1497,0.11105885254801294
1114,376,1490,0.11107608636827333
1109,369,1478,0.11108664161317362
1122,372,1494,0.11110894024831994
1112,377,1489,0.11110003384438961
1108,384,1492,0.1111147351548993
1117,384,1501,0.11113941275778493
1105,390,1495,0.11114077628419927
1105,388,1493,0.11116947925060398
1099,382,1481,0.11119891785288516
1109,378,1487,0.11123995444932674
1115,381,1496,0.11125409293971035
1116,382,1498,0.11125244871935681
1108,381,1489,0.11124749781723811
1108,384,1492,0.11126062653190079
1104,383,1487,0.11127315699242463
1111,380,1491,0.11129296258631964
1125,372,1497,0.11129562952915094
1137,376,1513,0.11126427772857353
1129,379,1508,0.1112069415521498
1128,380,1508,0.11117214365017247
1128,378,1506,0.11114407804638976
1126,375,1501,0.11111949727724149
1117,373,1490,0.11110268683500679
1111,372,1483,0.1111104252491027
1108,376,1484,0.11112978800460212
1118,382,1500,0.11115343588595467
1116,386,1502,0.11115346778800721
1111,378,1489,0.11115885989991224
1120,379,1499,0.11117223400848218
1120,378,1498,0.11116512574194733
1126,382,1508,0.11115814367344162
1135,386,1521,0.11113721087866515
1127,384,1511,0.11109636756572037
1126,378,1504,0.11107687983118616
1125,378,1503,0.11106185580081868
1127,370,1497,0.11105151369488801
1119,379,1498,0.11103675331361107
1117,380,1497,0.11104192898363648
1116,382,1498,0.11104939266128994
1114,383,1497,0.11105676121154788
1123,387,1510,0.11107015509312584
1123,388,1511,0.11106033002934332
1131,391,1522,0.11105157118302833
1130,389,1519,0.11102631157086736
1130,382,1512,0.1110048031585213
1138,381,1519,0.11098407986874693
1139,382,1521,0.11094758168221786
1129,383,1512,0.11091310503401926
1118,383,1501,0.11090411340252981
1115,378,1493,0.11092006463086801
1113,381,1494,0.11094284627887487
1107,384,1491,0.11096822814925072
1124,389,1513,0.11100532996693384
1118,385,1503,0.11100120203536018
1118,384,1502,0.11101102055634428
1113,386,1499,0.1110203766127767
1102,396,1498,0.11103933648056141
1117,383,1500,0.11108078332846545
1109,383,1492,0.11108436145876893
1101,386,1487,0.11110763450914486
1101,383,1484,0.1111476960966926
1114,382,1496,0.11118312124983575
1112,380,1492,0.1111856419718362
1107,382,1489,0.11119092149348976
1112,383,1495,0.11120832925365143
1126,384,1510,0.11121399987658549
1126,398,1524,0.11118555518426516
1125,397,1522,0.11116104270937713
1123,402,1525,0.11114185032828551
1117,396,1513,0.1111305472957602
1110,396,1506,0.1111334327961448
1106,394,1500,0.11115175611097419
1111,389,1500,0.11117802564044293
1104,396,1500,0.11119182089832551
1097,400,1497,0.11122190260152273
1088,397,1485,0.11126414010235725
1071,401,1472,0.11132302114158449
1092,391,1483,0.11141463311720846
1099,386,1485,0.11145199600308361
1101,385,1486,0.11147116503993748
1104,389,1493,0.11148365160212675
1102,393,1495,0.11148639951951476
1101,396,1497,0.11149519993098249
1101,394,1495,0.11150628047674192
1103,398,1501,0.11151557362793603
1110,397,1507,0.1115202754094197
1111,395,1506,0.11150834892856391
1104,385,1489,0.11149511902390662
1112,389,1501,0.11149985497370514
1108,393,1501,0.11148577955887663
1115,397,1512,0.11148149095883438
1105,402,1507,0.1114611260774452
1104,405,1509,0.11146627460509873
1105,409,1514,0.11147287190656244
1095,401,1496,0.11147721282867015
1097,403,1500,0.11150446550101463
1091,407,1498,0.11152408488168013
1083,410,1493,0.11155730415103371
1088,403,1491,0.11160622276745087
1093,407,1500,0.11163986439406738
1083,405,1488,0.11165940538916257
1099,402,1501,0.11169865030778808
1085,403,1488,0.1116986584100923
1093,404,1497,0.11173000100044153
1083,405,1488,0.11174373310201002
1075,411,1486,0.11177860305233574
1078,412,1490,0.1118285646093657
1080,414,1494,0.11186888829815729
1085,418,1503,0.11190227727552086
1075,417,1492,0.11192269182483158
1067,421,1488,0.11196538395202797
1067,424,1491,0.1120237614027203
1065,425,1490,0.11207746343652786
1060,419,1479,0.11213110971693073
1049,420,1469,0.11219147806315195
1059,419,1478,0.11227323158614405
1076,418,1494,0.11232482739292472
1086,420,1506,0.11233431495912218
1088,420,1508,0.11232135180121221
1070,414,1484,0.11230377121930936
1072,420,1492,0.11232843230527269
1079,423,1502,0.1123472411968519
1080,422,1502,0.11234873983269512
1088,421,1509,0.11234762768931249
1079,418,1497,0.11232800855237685
1075,421,1496,0.11233047507163631
1073,421,1494,0.11234133917678356
1056,411,1467,0.11235794208193932
1063,415,1478,0.11241172059545686
1075,417,1492,0.11244250037862175
1072,418,1490,0.11244408338500009
1069,423,1492,0.11245087073832045
1074,421,1495,0.11246348127053274
1077,424,1501,0.11246403162368385
1082,430,1512,0.11245922483907499
1073,428,1501,0.11244649477134291
1060,432,1492,0.11245507222216705
1052,434,1486,0.11249170710264927
1060,431,1491,0.11254432055430616
1072,432,1504,0.112575748066361
1063,429,1492,0.11257757070565681
1051,436,1487,0.11260026085206114
1045,436,1481,0.11264838164772112
1053,435,1488,0.11270594911956003
1056,440,1496,0.1127427917821597
1065,437,1502,0.11277002422069703
1068,438,1506,0.11277398562019263
1052,443,1495,0.11277046540668627
1061,445,1506,0.11280301841652005
1057,447,1504,0.11281419633782684
1071,438,1509,0.11283450469075428
1070,427,1497,0.11282269156734132
1063,439,1502,0.1128132062328687
1068,444,1512,0.1128189922561732
1069,450,1519,0.11281561217691802
1058,443,1501,0.1128115137069256
1057,445,1502,0.11283085968823077
1065,453,1518,0.11285061558857568
1064,450,1514,0.11285122050425449
1050,454,1504,0.11285537839246722
1061,452,1513,0.11289305399759865
1057,446,1503,0.11290023825780132
1053,452,1505,0.11291671779067865
1043,450,1493,0.11294231575952031
1032,453,1485,0.1129915457617231
1028,459,1487,0.11306172104592292
1045,456,1501,0.11313673180225196
1037,465,1502,0.11316888996844643
1034,463,1497,0.11321654682611917
1014,467,1481,0.11326835247196078
1009,465,1474,0.11336331807440438
1021,460,1481,0.113461799042431
1023,468,1491,0.11352520750571841
1024,464,1488,0.11357809403974752
1011,465,1476,0.11362361328171308
1014,464,1478,0.11369584883655844
1016,472,1488,0.1137550692803243
1029,470,1499,0.11380632618074507
1031,471,1502,0.11382391914660958
1026,484,1510,0.11383463231785214
1022,484,1506,0.11385746563189565
1025,490,1515,0.11388852915149135
1012,479,1491,0.11390920158338709
1014,478,1492,0.11395779984163372
1017,487,1504,0.11399805574332639
1037,489,1526,0.11402986434747289
1035,484,1519,0.11401581563512014
1026,486,1512,0.11400926997282633
1018,491,1509,0.11402325816411008
1014,487,1501,0.11405479459238933
1019,491,1510,0.11409386696814583
1033,487,1520,0.11411832923606849
1033,482,1515,0.11411072806867535
1032,490,1522,0.11410489804496404
1030,485,1515,0.11410289630072853
1018,492,1510,0.11410431497559101
1020,489,1509,0.11413327010550929
1023,490,1513,0.11415582939771791
1015,486,1501,0.11417205235097252
1020,488,1508,0.11420602929569519
1017,495,1512,0.11422758922505792
1010,489,1499,0.11425223598278869
1010,493,1503,0.11428995536843418
1007,494,1501,0.11432329212604725
1004,495,1499,0.11436142631880074
1001,492,1493,0.11440329578678422
1004,495,1499,0.1144498358067472
1007,499,1506,0.1144870824569194
1007,495,1502,0.11451742252126403
988,495,1483,0.11454616660537795
984,505,1489,0.11461611863930621
985,500,1485,0.11468910873716691
974,504,1478,0.11475395239475678
973,506,1479,0.11483975926031709
981,511,1492,0.11492037454871756
975,515,1490,0.11497714601469511
975,513,1488,0.11504419789145298
983,516,1499,0.11510621040816041
980,515,1495,0.11514655306676516
972,521,1493,0.1151923631741504
973,516,1489,0.11525105597428358
981,525,1506,0.11530246924270214
990,518,1508,0.11533284034160815
983,521,1504,0.11534071219331242
968,515,1483,0.11536593963758278
965,514,1479,0.11542112578561708
963,512,1475,0.11547955947712825
965,516,1481,0.11554008027238209
977,521,1498,0.1155907866235574
973,516,1489,0.11560872724618156
971,515,1486,0.11563448999048966
957,516,1473,0.11566294409172043
971,518,1489,0.11572216226593103
974,521,1495,0.11574343598816465
969,524,1493,0.11575733647193967
980,520,1500,0.11578159717192776
979,518,1497,0.11578098559150385
975,522,1497,0.11578188886147561
966,527,1493,0.11579486087669313
974,527,1501,0.11582786563503937
975,524,1499,0.1158390228689345
972,529,1501,0.11584698767099483
973,526,1499,0.11586263494740283
965,530,1495,0.11587373384580933
958,531,1489,0.11590450121190625
954,538,1492,0.11594859739518537
952,540,1492,0.11600098091216474
949,535,1484,0.11605313879502933
945,531,1476,0.11610949160755543
941,536,1477,0.116171744746683
955,540,1495,0.11623942340061783
962,539,1501,0.11626811551165069
962,542,1504,0.11627833172979012
957,540,1497,0.11628628887749015
950,537,1487,0.11630491143663477
947,531,1478,0.11633831702588694
959,520,1479,0.11637434872483192
959,525,1484,0.11638182077713384
960,520,1480,0.11638674354496363
959,531,1490,0.11638781423579121
959,521,1480,0.11639322171609262
956,521,1477,0.11639797774444344
958,528,1486,0.11640907650762439
958,530,1488,0.11641546429032465
971,541,1512,0.11642318593706813
968,544,1512,0.11640146316344223
960,535,1495,0.11639029051620366
960,544,1504,0.11639730439981555
956,543,1499,0.11640234255913719
951,547,1498,0.11641666155394809
950,540,1490,0.11643983691537262
957,548,1505,0.11646622405903924
952,554,1506,0.11647595123763008
948,550,1498,0.11649578778362248
947,553,1500,0.11652323043610564
938,546,1484,0.11655365444881298
935,559,1494,0.11660475231243606
944,561,1505,0.11665769180997977
941,562,1503,0.11668534773457948
944,562,1506,0.11671778982747175
948,557,1505,0.11674040972869468
942,549,1491,0.11675223844526895
938,556,1494,0.11677726199913517
949,554,1503,0.1168095147911222
948,554,1502,0.11681509626932027
947,553,1500,0.11682282372672859
935,546,1481,0.11683151589199003
939,554,1493,0.11686893130112665
949,564,1513,0.11689313762413488
951,563,1514,0.11689193057927649
930,559,1489,0.11688502084968205
934,552,1486,0.11692929316754289
932,547,1479,0.11696161257602665
938,559,1497,0.11699506686386581
936,556,1492,0.11701310056172527
931,565,1496,0.11703524070223219
933,568,1501,0.11706562298673148
939,572,1511,0.11709178267623355
940,575,1515,0.11710234302538641
928,581,1509,0.11711083670908028
928,581,1509,0.11714794159355386
937,581,1518,0.11718306988241073
944,581,1525,0.11719275144153968
938,572,1510,0.11718676934433209
932,576,1508,0.1171939252212994
942,573,1515,0.11721559068810752
950,568,1518,0.11721341174397999
939,570,1509,0.11719457448559549
935,571,1506,0.117199939098034
941,573,1514,0.11721381153490977
941,567,1508,0.1172132136364089
930,564,1494,0.11721217241990203
941,566,1507,0.11723801877356774
939,571,1510,0.11723524093078058
941,570,1511,0.11723757662808353
934,565,1499,0.11723408941067585
938,565,1503,0.1172478379751327
939,563,1502,0.1172544856670871
941,561,1502,0.11725788819712994
943,565,1508,0.1172553755269783
936,564,1500,0.11724779518612585
931,566,1497,0.1172578791137692
933,561,1494,0.11727783838416553
938,563,1501,0.1172912285802978
923,565,1488,0.11729471031164695
933,577,1510,0.1173308729784891
933,583,1516,0.1173423853571381
930,592,1522,0.1173542452898191
929,588,1517,0.11737403634369645
929,580,1509,0.11739504590746318
919,582,1501,0.11741607195271932
924,585,1509,0.11745925881198857
930,586,1516,0.11748648070554307
931,586,1517,0.1174958783787304
914,590,1504,0.11750269219964736
927,580,1507,0.11754711285914325
929,572,1501,0.11755835397917412
922,566,1488,0.11756524475982459
919,566,1485,0.11758721299433486
913,579,1492,0.11761190579920655
917,588,1505,0.11764801519552286
915,586,1501,0.11767238403165109
908,580,1488,0.11769855153235351
896,588,1484,0.1177398215702884
898,586,1484,0.11780694442117037
899,597,1496,0.11786534031943202
908,597,1505,0.11791490421235075
900,599,1499,0.11794071987274558
900,602,1502,0.11798435305538874
910,601,1511,0.11802373283082457
899,606,1505,0.11803599153682827
900,610,1510,0.11807325371123961
910,601,1511,0.11810454444882879
906,598,1504,0.11810950275778982
894,593,1487,0.11812527320560327
900,598,1498,0.11816807854602467
903,588,1491,0.11819371453545405
904,589,1493,0.1182117118558495
895,598,1493,0.1182276157284404
887,606,1493,0.11826366941924732
886,614,1500,0.11831758533589491
886,612,1498,0.11836921898703279
896,612,1508,0.11841847296717138
893,617,1510,0.11844158440053582
887,619,1506,0.11847006893656581
889,623,1512,0.11851142459099769
883,628,1511,0.11854455877426855
885,621,1506,0.11858744291851517
889,614,1503,0.11862266586180899
885,615,1500,0.1186470247806663
884,614,1498,0.11867957549806903
883,613,1496,0.11871140696384394
883,618,1501,0.11874252780599413
888,625,1513,0.1187730836195959
900,623,1523,0.11878856946658502
905,620,1525,0.1187755346194738
899,621,1520,0.11875290220367173
889,622,1511,0.11874679278761825
891,620,1511,0.1187652077936569
887,631,1518,0.11877865987362562
889,633,1522,0.11880322004388312
882,624,1506,0.11882065452767276
872,627,1499,0.11885211827843692
876,637,1513,0.11890495778603383
877,648,1525,0.11894518362917206
878,645,1523,0.11897928368479879
864,648,1512,0.11901030098840028
864,639,1503,0.11907119016046913
871,635,1506,0.11912955328592886
869,636,1505,0.11916591261278732
877,637,1514,0.11920249383992981
875,640,1515,0.11921694404993215
875,642,1517,0.11923295591116745
883,640,1523,0.11924607593273802
878,637,1515,0.11924068436967705
880,644,1524,0.11924833989046928
883,637,1520,0.1192510237311653
871,635,1506,0.11924537781615088
856,630,1486,0.11926872505112496
847,632,1479,0.11932509920936354
850,631,1481,0.11939880455981701
851,630,1481,0.11945933464748587
863,635,1498,0.11951100967542776
858,638,1496,0.1195294191038798
862,632,1494,0.11955906163589565
862,632,1494,0.11957634860876436
859,636,1495,0.11959207806004434
851,643,1494,0.11961548072388674
860,645,1505,0.11965555138332239
864,643,1507,0.11967238882567767
867,639,1506,0.11967925029797037
860,646,1506,0.11967690128089455
849,648,1497,0.11969286976745216
844,651,1495,0.11973340701861514
853,654,1507,0.1197836325515319
847,662,1509,0.11980959651452693
851,651,1502,0.11984858466235725
847,649,1496,0.11987518691032531
844,658,1502,0.11991281931021114
846,654,1500,0.11995355117590879
857,648,1505,0.11998640059710172
856,650,1506,0.11999270343111659
855,645,1500,0.12000178019283274
857,650,1507,0.1200146099553571
847,648,1495,0.12002333141023894
844,665,1509,0.12005518715471611
839,659,1498,0.12009288840605617
846,658,1504,0.12014082624955798
835,661,1496,0.120169304323361
831,673,1504,0.12022145608189092
826,675,1501,0.12027980741183505
833,686,1519,0.12034572056645358
838,687,1525,0.12038916013090717
834,684,1518,0.1204192690720702
847,683,1530,0.12045855345186095
837,666,1503,0.12046211445285156
846,671,1517,0.12048808585142577
851,668,1519,0.1204894891353731
844,668,1512,0.12047878212780887
848,666,1514,0.12048302297716756
846,672,1518,0.1204780787170656
847,665,1512,0.12047815350839869
856,659,1515,0.12047745225369194
850,652,1502,0.12045250432044499
850,660,1510,0.12044473876008599
851,660,1511,0.12043817423582265
855,660,1515,0.1204300863036411
843,664,1507,0.12041224545998254
834,661,1495,0.12042337217310813
843,659,1502,0.12045411284136172
835,661,1496,0.12045982520998474
832,665,1497,0.12048406437256866
829,671,1500,0.12051529939597057
830,673,1503,0.12055044080974862
832,668,1500,0.12058075173166667
826,681,1507,0.12060712826899483
830,682,1512,0.12064338791981376
823,676,1499,0.12066770507359355
820,676,1496,0.12070738136489415
836,680,1516,0.12075023310401774
836,686,1522,0.12075335965672228
832,680,1512,0.12075641449035235
831,673,1504,0.1207724374014887
834,671,1505,0.1207883325317773
835,673,1508,0.12079355459991085
830,676,1506,0.12079722227155788
831,680,1511,0.12081280892101613
837,675,1512,0.12082614266060024
835,678,1513,0.12082318877076875
834,685,1519,0.12082644677730965
815,679,1494,0.1208337797689513
822,686,1508,0.12088427962185211
812,682,1494,0.12091518348712613
819,683,1502,0.12096817050404068
822,684,1506,0.12099813916662498
818,685,1503,0.12101895218116841
819,683,1502,0.12104593473455935
813,687,1500,0.12106783874637586
809,680,1489,0.12110116298485565
812,677,1489,0.12114097437867766
823,669,1492,0.1211717692357264
828,676,1504,0.12117697292440553
825,683,1508,0.1211698146107167
825,679,1504,0.12117204278717834
821,678,1499,0.12117130367286456
825,690,1515,0.12117752303990763
818,684,1502,0.12117462370173149
828,684,1512,0.12118860698270431
825,686,1511,0.12117939431383894
817,688,1505,0.121177316401246
806,688,1494,0.12119395502462187
809,689,1498,0.12123534345668219
809,696,1505,0.12126764579563089
797,701,1498,0.12129721185076096
800,696,1496,0.1213535226053797
801,704,1505,0.12140032761133845
806,700,1506,0.12144067014842558
804,702,1506,0.12146673830888251
808,703,1511,0.12149708732143559
810,706,1516,0.12151592885072131
801,700,1501,0.1215302119414402
807,696,1503,0.12156385173935055
804,700,1504,0.121582055848571
805,711,1516,0.12160931550010176
804,711,1515,0.12163084390751344
807,701,1508,0.12165114508810873
794,700,1494,0.12166303042746605
793,698,1491,0.12170471099846843
788,705,1493,0.12174627093497495
793,704,1497,0.12179606487294492
793,704,1497,0.12182938608622561
797,700,1497,0.12185956084330943
806,704,1510,0.1218775867087898
799,710,1509,0.12187427228796074
800,705,1505,0.12188900542322109
801,700,1501,0.12190028534653617
786,695,1481,0.12190858843332833
790,699,1489,0.12195428878280234
802,706,1508,0.12198604348885203
797,703,1500,0.12198629237200119
802,707,1509,0.12199871523198258
804,709,1513,0.12199797016024366
802,715,1517,0.12199323176581162
785,723,1508,0.12199326804467607
789,729,1518,0.12203451744682937
791,725,1516,0.12206238540139516
787,725,1512,0.12208781500264454
793,717,1510,0.1221213856782936
788,719,1507,0.12213929933757064
781,726,1507,0.12216843627281464
775,730,1505,0.12221331436980591
785,726,1511,0.12226888780950372
780,726,1506,0.12229646187337045
768,729,1497,0.1223353001429927
764,729,1493,0.12240176958475164
757,724,1481,0.12247388671511114
756,728,1484,0.12255359207582371
767,735,1502,0.12263224209381456
775,744,1519,0.12267781862172572
772,753,1525,0.12270194621232065
762,745,1507,0.12273181689360042
755,743,1498,0.12278492598496595
748,739,1487,0.12285215695231397
762,742,1504,0.12293119086252485
763,746,1509,0.12297197720031322
768,745,1513,0.12300970736183384
769,748,1517,0.12303464561767917
762,744,1506,0.12305638042431193
749,741,1490,0.1230932148659967
755,748,1503,0.12316014090280537
753,745,1498,0.12320839174830935
756,755,1511,0.12325950743729491
759,757,1516,0.12329837773392345
759,750,1509,0.123326856033347
752,752,1504,0.12335330337503056
760,746,1506,0.1233933090591135
759,748,1507,0.12341062897860126
759,748,1507,0.12342907953924287
767,746,1513,0.1234457292633191
756,754,1510,0.1234432623274508
743,748,1491,0.12346568084889899
742,756,1498,0.12351776135245947
734,754,1488,0.12356814958403821
735,747,1482,0.12363598465700669
732,758,1490,0.12369592098156114
735,765,1500,0.12375839267017988
741,764,1505,0.12381027094108185
740,765,1505,0.12384526393193213
734,768,1502,0.12388165646263406
738,763,1501,0.1239317405986505
739,753,1492,0.12396906912478962
743,756,1499,0.12400207154509438
739,757,1496,0.12402480553091451
734,758,1492,0.1240556373945466
735,770,1505,0.12409549023999206
747,772,1519,0.12413232683839352
737,789,1526,0.12413900952489158
739,784,1523,0.12417142983421808
740,777,1517,0.12419418557431086
741,777,1518,0.12421256022722728
737,766,1503,0.12422715573284857
736,761,1497,0.12425205456653267
737,764,1501,0.12427712895051851
731,772,1503,0.1242981622950925
734,774,1508,0.12433366211750574
728,774,1502,0.12436045663609115
728,772,1500,0.12439953199719862
726,783,1509,0.12443400617467176
728,773,1501,0.12447291663131792
730,782,1512,0.1245038240523316
731,786,1517,0.12452629102264981
742,789,1531,0.12454619076408002
734,784,1518,0.1245375755954495
740,785,1525,0.12454919771066367
732,780,1512,0.12454584900601226
730,780,1510,0.12456287921683176
727,781,1508,0.12458432841798325
722,779,1501,0.12461052125389774
712,775,1487,0.12464372587260358
713,772,1485,0.12469770822449554
723,772,1495,0.1247438186407837
723,781,1504,0.12476305866475038
730,780,1510,0.12478020486099599
725,786,1511,0.12478168324200045
724,797,1521,0.12479561614854084
712,789,1501,0.12481211120794025
713,800,1513,0.12485837730560273
714,796,1510,0.12489833035278451
705,782,1487,0.12493245729190448
705,777,1482,0.12498601910281704
714,778,1492,0.12503545924290005
714,780,1494,0.12505793337210822
717,783,1500,0.1250795202497689
716,781,1497,0.12509378618103686
713,788,1501,0.12511018235899687
712,795,1507,0.12513262424894894
712,796,1508,0.125154960377691
720,804,1524,0.1251759805810766
728,807,1535,0.12517658520484046
734,800,1534,0.12515795785376607
728,788,1516,0.12512764720968794
721,786,1507,0.12511582786926667
728,792,1520,0.1251209949499269
729,790,1519,0.12510825917539922
720,797,1517,0.12509487920932025
715,794,1509,0.12510583826276375
711,796,1507,0.12512835845591008
710,797,1507,0.1251573069809935
708,810,1518,0.1251874852176741
700,805,1505,0.12521986598209403
701,804,1505,0.1252675950986107
707,811,1518,0.1253069274087298
717,812,1529,0.12532958625038546
713,806,1519,0.12532828914793054
712,802,1514,0.125339705296877
714,796,1510,0.12535276341365756
710,795,1505,0.12535714567128145
716,796,1512,0.1253711860504303
715,796,1511,0.12536875296079944
719,791,1510,0.12536943080212004
710,792,1502,0.12535925521466548
710,791,1501,0.1253719788168935
710,789,1499,0.12538401761435294
713,797,1510,0.1253958332729128
705,800,1505,0.12540180131184056
703,794,1497,0.12542554220029928
703,791,1494,0.12545315955980596
707,792,1499,0.1254794574154552
705,802,1507,0.12549525443735035
697,809,1506,0.12551519115850282
688,802,1490,0.12555347655278723
687,806,1493,0.12561209160173198
692,813,1505,0.12566974573263923
694,816,1510,0.1257090604169079
689,808,1497,0.12574204873934453
686,806,1492,0.12578450687594156
688,811,1499,0.12582894871922773
691,805,1496,0.12586642447682195
692,795,1487,0.1258924389448877
678,814,1492,0.12591517894214194
680,812,1492,0.12597139994892065
685,815,1500,0.1260173438764418
688,813,1501,0.1260468809183722
685,813,1498,0.12606957856756928
691,817,1508,0.126096486964875
696,811,1507,0.12610684416774828
691,812,1503,0.1261033800884022
684,819,1503,0.1261137278926087
694,824,1518,0.12613853541369405
700,822,1522,0.1261382361816636
688,823,1511,0.1261223282067059
684,825,1509,0.12613797248351147
682,823,1505,0.1261619750234952
683,823,1506,0.126189539324518
690,827,1517,0.12621302484336056
691,820,1511,0.12621760345171076
688,823,1511,0.1262235611574159
689,820,1509,0.12623804195060084
680,822,1502,0.12624762597794018
681,822,1503,0.1262775924689711
672,826,1498,0.12630202108490665
675,839,1514,0.12634634359616775
673,827,1500,0.12637989013220247
675,830,1505,0.12641624009775562
674,839,1513,0.12644440036703858
669,837,1506,0.12647555037342495
673,836,1509,0.1265166312931025
670,825,1495,0.126544906151448
669,826,1495,0.12658007933867021
666,833,1499,0.12661466393915
667,830,1497,0.12665494084042273
668,828,1496,0.1266882790907867
673,835,1508,0.12671689072589823
670,837,1507,0.1267316238801987
674,840,1514,0.12675232867062658
673,838,1511,0.12676407724420033
674,845,1519,0.1267770602279895
674,839,1513,0.12678709517079503
669,831,1500,0.12679699535968628
668,828,1496,0.12681694387856102
661,836,1497,0.12683902211626513
662,841,1503,0.12687582985219803
660,838,1498,0.12690611024992088
662,844,1506,0.1269421290224658
672,853,1525,0.12697348264549377
668,844,1512,0.12697838922368196
672,850,1522,0.12699240213348598
666,844,1510,0.12699601107393463
669,846,1515,0.12701632577266267
665,849,1514,0.12702808016222822
669,841,1510,0.12704759429953
663,839,1502,0.1270567903028771
651,830,1481,0.1270785429119792
657,849,1506,0.12712784260880178
660,851,1511,0.12716042852778175
666,852,1518,0.1271858764638554
659,855,1514,0.12719565114745723
662,855,1517,0.12722094494240094
664,848,1512,0.12723731344267386
662,852,1514,0.1272484115610124
665,847,1512,0.12726207356917837
663,833,1496,0.12726677582252457
673,837,1510,0.12727758036556977
667,844,1511,0.12726233022287858
665,840,1505,0.12726234422739238
660,836,1496,0.12726830557234708
660,833,1493,0.12728279396873193
668,829,1497,0.12729505634816166
664,827,1491,0.12728987315379472
664,831,1495,0.12729475080539052
661,838,1499,0.127298627959478
663,848,1511,0.12730903733374524
650,841,1491,0.12731529607106837
658,845,1503,0.1273535471824242
652,845,1497,0.12736796528577313
653,850,1503,0.12739600639215268
661,855,1516,0.12742085907689651
664,854,1518,0.12742542767688897
656,858,1514,0.12742398533673735
651,855,1506,0.12744021181875756
653,856,1509,0.12746704638560213
652,852,1504,0.12748746009714948
640,855,1495,0.1275098817480201
643,859,1502,0.1275590646402469
644,862,1506,0.1275996478662637
643,856,1499,0.1276334478012031
649,861,1510,0.12767027411100368
642,855,1497,0.12769167145897936
635,862,1497,0.1277310111031694
636,857,1493,0.12778532037089935
641,859,1500,0.12783278698800254
639,861,1500,0.12786444676363512
635,868,1503,0.1278994307301113
641,863,1504,0.12794231015163846
638,867,1505,0.12796805614049298
638,868,1506,0.12799845572478943
626,866,1492,0.12802781687907872
633,870,1503,0.12808391599138902
634,869,1503,0.12811814160063556
633,871,1504,0.12814830955048884
619,882,1501,0.1281806284575363
630,870,1500,0.12824296788628634
632,864,1496,0.12827666937856813
644,869,1513,0.1283017718294234
644,867,1511,0.12829771930380152
640,868,1508,0.12829456067337952
634,876,1510,0.12829825318531582
640,874,1514,0.12831769603894977
631,880,1511,0.1283218675623259
631,872,1503,0.12834886230912831
633,869,1502,0.12837325086086396
638,865,1503,0.12838964125539187
637,870,1507,0.12839199756244166
632,874,1506,0.12839680003163326
625,873,1498,0.1284125193665776
629,877,1506,0.1284419581349962
630,880,1510,0.12846232049138362
620,882,1502,0.12847810849052924
619,878,1497,0.12851748497286045
620,869,1489,0.12855615090975717
625,863,1488,0.12858874576518572
625,877,1502,0.1286054259015578
626,882,1508,0.12862040075785663
629,875,1504,0.12863131636304448
628,881,1509,0.1286344082362521
619,876,1495,0.12864004054953354
620,877,1497,0.1286703154572692
632,879,1511,0.1286980535710129
620,889,1509,0.12869635016376482
617,883,1500,0.12872520357480322
610,882,1492,0.12875901323827185
618,884,1502,0.1288069467864668
621,884,1505,0.12883051622011404
615,887,1502,0.12884629545193177
611,899,1510,0.12887765346243643
608,903,1511,0.12891623465904964
607,908,1515,0.12895875611751856
619,896,1515,0.12900021394077943
625,890,1515,0.12900752816397015
620,889,1509,0.12900048066867614
614,892,1506,0.1290078844879057
612,879,1491,0.1290282107789606
609,883,1492,0.12905207459404244
603,886,1489,0.129081213232585
610,889,1499,0.12912422463932946
612,902,1514,0.12914638858547678
605,886,1491,0.12916287941984414
599,885,1484,0.12919365070739272
601,898,1499,0.12923600550297798
605,913,1518,0.12927086855068187
609,904,1513,0.12929386114562771
600,897,1497,0.12930573770309106
605,910,1515,0.12933813880717188
600,904,1504,0.1293561032574171
593,902,1495,0.12938485404914207
604,909,1513,0.1294275542362126
610,909,1519,0.12943913603989057
604,912,1516,0.12943666626390296
605,916,1521,0.12944934359272192
604,905,1509,0.12945807458488737
606,899,1505,0.12947016637353503
604,911,1515,0.12947808286162
611,918,1529,0.12949070871077623
607,905,1512,0.12948519917869333
601,911,1512,0.1294898090839175
612,903,1515,0.12950655347626483
612,904,1516,0.1294975977980464
610,910,1520,0.1294894648940438
607,913,1520,0.12949030967703326
612,911,1523,0.12949884632968625
600,904,1504,0.12949521267028763
601,891,1492,0.12952044599101253
605,898,1503,0.12954299311149944
603,898,1501,0.12955393632651757
606,893,1499,0.1295697034970069
607,896,1503,0.12957678807333528
607,903,1510,0.12958045286339534
606,906,1512,0.1295851955774867
601,900,1501,0.12959110014376476
600,913,1513,0.12960621069543793
609,919,1528,0.12962359607259008
605,907,1512,0.1296160338930418
596,911,1507,0.12961822534778134
601,919,1520,0.1296418028913051
592,917,1509,0.12965182737115885
588,923,1511,0.12968343729048848
593,925,1518,0.1297195255389464
594,922,1516,0.12974093865928318
595,923,1518,0.12975731734821583
590,920,1510,0.12977162310307933
585,910,1495,0.12979620340147824
579,911,1490,0.12983106468438
592,906,1498,0.12987882177540006
594,912,1506,0.12989010658206587
582,912,1494,0.12989885556812183
581,910,1491,0.1299367062803125
577,920,1497,0.12997277118491773
585,918,1503,0.13001626929545534
583,910,1493,0.13003841924739437
572,916,1488,0.13006393308033665
575,928,1503,0.1301145374110261
574,933,1507,0.1301539819513797
577,941,1518,0.13019402587766626
579,938,1517,0.1302259257927232
575,933,1508,0.1302500267848078
578,922,1500,0.13028382919943318
584,907,1491,0.13030949140078138
582,922,1504,0.13031969957390366
584,920,1504,0.1303338233847818
586,924,1510,0.13034363494770176
577,924,1501,0.13034714157123525
574,929,1503,0.1303729762879714
582,934,1516,0.13040285838719914
588,934,1522,0.13041237035121797
579,919,1498,0.13040737031485228
580,918,1498,0.13042404099201227
582,927,1509,0.13043483087905292
580,917,1497,0.13043921087577126
574,933,1507,0.1304498765446461
567,930,1497,0.1304762048260186
559,931,1490,0.1305163486264397
570,932,1502,0.13057264852473316
566,935,1501,0.13059644267210493
569,929,1498,0.13062819629078207
565,927,1492,0.1306510886225299
570,930,1500,0.13068210920389134
572,930,1502,0.13069994152816428
567,928,1495,0.13071283995661415
566,933,1499,0.13073841889599333
577,937,1514,0.13076351731981298
577,936,1513,0.1307589294945199
579,938,1517,0.13075789482247152
573,940,1513,0.13075245300585
571,942,1513,0.13076188602171548
565,945,1510,0.13077634694676304
564,938,1502,0.13080407460959825
568,933,1501,0.13083273837578488
561,935,1496,0.13084922753855774
560,939,1499,0.13088114782371438
571,943,1514,0.1309152184610024
569,945,1514,0.13092049525331784
568,948,1516,0.13092979525137377
565,940,1505,0.1309396835577984
563,936,1499,0.13095772343424264
564,936,1500,0.13097788659391452
578,931,1509,0.13099680080857212
579,929,1508,0.1309799625425832
580,928,1508,0.13096221409826617
578,931,1509,0.1309418915775342
572,934,1506,0.13092898289335264
572,938,1510,0.1309308177858143
559,940,1499,0.1309328554041761
559,944,1503,0.13096717704876493
563,940,1503,0.13099811362835287
556,937,1493,0.13101871020760675
557,945,1502,0.13105519599298268
561,940,1501,0.1310858535091339
559,939,1498,0.13110402947409935
575,938,1513,0.13112525205594946
576,946,1522,0.1311067919296914
573,950,1523,0.13108593340989583
570,942,1512,0.13107448718996587
570,942,1512,0.1310729850572231
577,934,1511,0.13107168433615596
578,942,1520,0.13105418675866815
575,941,1516,0.13103637529354561
573,944,1517,0.13102657176702567
571,950,1521,0.1310213806740074
567,947,1514,0.1310203383579272
569,941,1510,0.1310302215204213
559,951,1510,0.13103304986608785
559,957,1516,0.1310608744464624
568,960,1528,0.13108705153739095
566,942,1508,0.1310885848749376
565,939,1504,0.13109408994020316
568,939,1507,0.13110149156649542
563,942,1505,0.13110057553423218
561,937,1498,0.13111134080080242
559,936,1495,0.13112605863914006
561,939,1500,0.13114359570556192
557,942,1499,0.13115462716729948
566,940,1506,0.13117400738144383
564,948,1512,0.13116791974583952
562,937,1499,0.1311651520470229
564,945,1509,0.1311674675733706
558,943,1501,0.13116381328725335
562,940,1502,0.13117521807017982
560,936,1496,0.1311786107632563
558,948,1506,0.1311874156724225
550,947,1497,0.13119982928495266
554,948,1502,0.131230345978857
557,945,1502,0.13124942067395973
558,936,1494,0.131259908360315
559,941,1500,0.1312660538017577
561,959,1520,0.1312697687503453
563,952,1515,0.13126987811356514
560,957,1517,0.13126528985977307
561,942,1503,0.13126762475868373
560,938,1498,0.13126525023013497
568,932,1500,0.13126527452657913
565,939,1504,0.13124514334667658
563,934,1497,0.13123421879090302
572,943,1515,0.131230204342415
570,946,1516,0.13120288272800287
566,944,1510,0.13118397729903175
566,949,1515,0.13117638146822513
559,944,1503,0.13116911317938237
565,945,1510,0.13117904092201427
556,939,1495,0.1311736135704849
564,943,1507,0.13118853309664302
565,935,1500,0.13118334159941977
560,928,1488,0.13117495637066853
557,935,1492,0.1311787918011954
558,932,1490,0.1311891629296562
565,941,1506,0.13119600828611244
557,938,1495,0.13118448519815995
545,928,1473,0.13119368610925444
552,929,1481,0.13123130944186426
553,933,1486,0.13125019904690166
558,930,1488,0.13126432946463332
559,942,1501,0.1312663060281537
560,945,1505,0.13126578326324745
552,946,1498,0.131262066286732
555,944,1499,0.1312789409964262
556,943,1499,0.1312882360030482
548,948,1496,0.13129562935683986
554,954,1508,0.13132276001552498
545,960,1505,0.13133493523916673
552,958,1510,0.13136745072078937
560,957,1517,0.13138095097094246
559,950,1509,0.1313750590803572
558,954,1512,0.13137165465847947
556,950,1506,0.13136922365679465
559,953,1512,0.13137129412184761
553,963,1516,0.13136694551621292
555,961,1516,0.1313783591759638
559,958,1517,0.13138359842842484
553,951,1504,0.13137780961632495
541,956,1497,0.13138779451012186
548,960,1508,0.13142589831915177
545,970,1515,0.13144635951910558
552,974,1526,0.13147311923867305
543,979,1522,0.13148166485102006
547,972,1519,0.13151261207116652
543,971,1514,0.13153159439894552
535,982,1517,0.13156088571970145
532,975,1507,0.13160785909352626
531,980,1511,0.13165868370420275
540,985,1525,0.13170774923315076
528,984,1512,0.13173083578005984
525,989,1514,0.13178371731639604
528,974,1502,0.13183870372588294
524,974,1498,0.13188370271509567
516,984,1500,0.13193389217467832
516,984,1500,0.13200000728340236
513,988,1501,0.13206210299074275
509,983,1492,0.1321282656894636
514,988,1502,0.13219744232295377
525,994,1519,0.1322494302928576
527,987,1514,0.1322718364194656
518,989,1507,0.13228809041160206
516,987,1503,0.1323255065882424
511,995,1506,0.13236289905842002
510,993,1503,0.13241092343489488
514,988,1502,0.1324572420562003
520,990,1510,0.1324909964187998
518,995,1513,0.1325109074599161
512,1005,1517,0.13253387978001682
511,996,1507,0.13257044077082378
507,1000,1507,0.13260702108777436
501,1001,1502,0.13264793797513874
506,998,1504,0.13270099948150885
502,998,1500,0.1327360366923934
506,1002,1508,0.13277910519513686
506,1005,1511,0.13280798012360656
505,1002,1507,0.1328347216875141
510,1000,1510,0.1328636911883471
508,998,1506,0.1328789932095849
509,1001,1510,0.13289969264276913
509,1003,1512,0.13291584399427947
514,996,1510,0.13292985895644183
513,994,1507,0.13293098923241553
510,992,1502,0.13293488133100106
517,993,1510,0.13294446545860933
511,993,1504,0.1329351168972156
515,985,1500,0.13294180120323915
515,990,1505,0.13293861022769426
521,1000,1521,0.13293584482891224
517,1000,1517,0.13291888826197387
515,1000,1515,0.13291275578599518
515,993,1508,0.13291306794826446
508,988,1496,0.13291427852332427
509,999,1508,0.13293309894577765
508,998,1506,0.1329476461624227
509,1005,1514,0.1329647261937848
512,999,1511,0.1329777536530255
506,992,1498,0.13298176343635262
505,995,1500,0.13299964837769074
509,1003,1512,0.13301956344264632
505,1010,1515,0.13302912089124752
498,1009,1507,0.13304580991984377
499,1005,1504,0.13307873551464058
505,993,1498,0.13310856594238027
511,993,1504,0.13312179852138686
514,994,1508,0.13311774083436428
515,999,1514,0.13310678015895624
515,999,1514,0.13309266594333308
511,994,1505,0.13308147082193783
507,993,1500,0.13308205318473962
512,997,1509,0.13309273751301018
512,1006,1518,0.13309233579277144
506,1013,1519,0.13309245368505795
503,1014,1517,0.13310788821775144
503,1005,1508,0.13313036258970462
507,1006,1513,0.13315144806885335
506,1005,1511,0.13315917138977962
507,1010,1517,0.13317080879484172
499,996,1495,0.1331819882977217
511,989,1500,0.1332114703354765
507,993,1500,0.1332088860554165
499,992,1491,0.1332157574980634
497,994,1491,0.1332420467085204
500,999,1499,0.1332719740469969
496,1004,1500,0.13329282848170482
499,993,1492,0.13332353058005983
496,1000,1496,0.1333428015448224
494,999,1493,0.13336983984459425
498,1014,1512,0.1333984961280773
498,1018,1516,0.13341488809053348
494,1024,1518,0.13343116835108543
490,1028,1518,0.1334558949652833
492,1026,1518,0.13348949575043703
493,1030,1523,0.13351440428097028
498,1034,1532,0.13353684825002562
491,1022,1513,0.1335461258496391
494,1022,1516,0.1335706274413199
491,1015,1506,0.13358773998993448
498,1013,1511,0.13361164148893873
504,1011,1515,0.1336155833968359
506,1015,1521,0.13360521429022099
497,1016,1513,0.13359153761876502
493,1010,1503,0.1336003206268721
487,1015,1502,0.13361826179606362
486,1015,1501,0.13365152796764992
486,1026,1512,0.1336856896826319
480,1026,1506,0.13371848279288265
484,1023,1507,0.13376118005636084
492,1027,1519,0.13379053603120228
490,1026,1516,0.13379855283854827
490,1014,1504,0.1338115626516176
487,1012,1499,0.1338230706310348
481,1024,1505,0.13383973157593804
477,1028,1505,0.13386881537807274
477,1031,1508,0.13390589527642294
485,1036,1521,0.13394048850542295
490,1040,1530,0.13395555880292093
488,1032,1520,0.13395841771000247
483,1029,1512,0.13396660556491405
482,1035,1517,0.13398700023474178
475,1033,1508,0.13400738923328465
476,1034,1510,0.13404526901642327
478,1023,1501,0.13407892380703068
472,1037,1509,0.1341062619781891
467,1037,1504,0.13414646544553652
474,1037,1511,0.13419676639019054
468,1035,1503,0.13422695317966485
478,1043,1521,0.1342697676629335
487,1032,1519,0.13428547427391732
486,1034,1520,0.13427773124045136
482,1035,1517,0.1342716866868847
487,1038,1525,0.13427513555203308
488,1034,1522,0.13426687294910322
492,1024,1516,0.13425684327415413
488,1019,1507,0.13423738964517895
480,1030,1510,0.1342297207114381
479,1042,1521,0.13424238169900224
482,1042,1524,0.13425740522340565
476,1037,1513,0.1342627565309172
479,1032,1511,0.13428376111346266
473,1029,1502,0.1342970192938181
459,1037,1496,0.134323746417639
474,1044,1518,0.13438238105809147
473,1040,1513,0.13440169885978398
469,1038,1507,0.13442225834100305
466,1034,1500,0.13445234321050595
465,1037,1502,0.13448627978512814
460,1039,1499,0.13451986430277235
462,1045,1507,0.134564572259179
465,1042,1507,0.13460061631498185
464,1045,1509,0.13462748288101714
467,1053,1520,0.13465363930617896
457,1046,1503,0.13467028976587256
464,1041,1505,0.13470953309968514
467,1040,1507,0.13472740618333215
466,1044,1510,0.13473769762766993
462,1041,1503,0.13475137881654206
461,1038,1499,0.13477424969647095
461,1036,1497,0.13479847145315443
462,1049,1511,0.13482215577199969
466,1051,1517,0.13484170447669944
465,1043,1508,0.13485286602561064
468,1047,1515,0.13486474942804158
462,1047,1509,0.13486893075007722
460,1052,1512,0.13488730782659886
456,1043,1499,0.13490960581740297
456,1044,1500,0.13493969376212575
447,1056,1503,0.13496812319514767
444,1058,1502,0.13501894820377344
441,1075,1516,0.13507302326212056
435,1053,1488,0.1351304738655134
434,1052,1486,0.13519839917801824
440,1052,1492,0.1352644661755107
439,1066,1505,0.13531172965086877
437,1068,1505,0.135359232778214
440,1078,1518,0.13540891481107864
444,1066,1510,0.1354467047404521
439,1062,1501,0.13547307471019343
442,1056,1498,0.13550925735489971
443,1058,1501,0.13553606339879265
435,1061,1496,0.1355574363044602
441,1062,1503,0.1355969892605797
444,1063,1507,0.13561765195601855
439,1070,1509,0.13562921262198238
437,1072,1509,0.13565318454672476
431,1071,1502,0.13567951123225908
427,1076,1503,0.13571924017542508
430,1071,1501,0.13576695846682132
434,1061,1495,0.13580396738857675
435,1069,1504,0.1358301077552475
438,1069,1507,0.13585093903243248
444,1072,1516,0.13586144769657385
443,1085,1528,0.13585619835909793
432,1084,1516,0.13585604889680267
444,1080,1524,0.13588229275585906
441,1083,1524,0.1358783670638645
448,1087,1535,0.135882250724922
443,1072,1515,0.13587003578608187
445,1067,1512,0.13587047673459143
443,1065,1508,0.13586536816964645
436,1074,1510,0.1358651531109792
430,1074,1504,0.13588215123870637
427,1062,1489,0.13591277251367093
431,1060,1491,0.13594855931430425
429,1067,1496,0.13597151797717824
437,1072,1509,0.1359982008140918
438,1073,1511,0.1360033366520067
441,1069,1510,0.13600521056035916
442,1072,1514,0.13599979847053745
449,1072,1521,0.13599278798614983
441,1077,1518,0.13596773356764089
451,1061,1512,0.1359640386727868
448,1063,1511,0.13593688278268667
447,1068,1515,0.13592005600994772
439,1080,1519,0.13590657761850206
438,1073,1511,0.13591256211349398
437,1080,1517,0.13592122497349607
426,1076,1502,0.13593266861093276
433,1081,1514,0.13597167861055098
428,1080,1508,0.1359904762853223
424,1066,1490,0.13602063420933924
418,1075,1493,0.13605968800206825
424,1076,1500,0.1361105781334011
421,1075,1496,0.13614297898428457
429,1088,1517,0.13618062460833655
431,1087,1518,0.1361957052272955
429,1086,1515,0.13620552067446245
432,1080,1512,0.13622001521957916
430,1083,1513,0.13622598390828652
434,1076,1510,0.13623547502053668
437,1080,1517,0.1362343294865368
436,1081,1517,0.13622541754685563
433,1078,1511,0.13621951820949893
430,1079,1509,0.13622088447787895
434,1083,1517,0.13622958833988721
443,1080,1523,0.13622809867193414
441,1077,1518,0.1362061510367907
434,1074,1508,0.13619180292814728
433,1088,1521,0.1361954175531741
435,1089,1524,0.1362022890336915
438,1091,1529,0.13620192299972766
444,1083,1527,0.13619359883101909
436,1077,1513,0.13617241757208434
437,1071,1508,0.13617212505762985
438,1065,1503,0.13616986073809081
436,1081,1517,0.13616608486327356
436,1085,1521,0.1361691398253584
437,1086,1523,0.13617291645255528
428,1083,1511,0.1361731243691845
429,1080,1509,0.13619545761365784
437,1078,1515,0.1362135246549301
433,1081,1514,0.1362110082908266
428,1085,1513,0.13621871947551256
431,1080,1511,0.1362387816432432
431,1081,1512,0.13624854182941212
422,1080,1502,0.1362580613580228
416,1084,1500,0.13628928901979565
421,1090,1511,0.1363329089461581
422,1082,1504,0.13636099262406376
421,1089,1510,0.13638534428628035
414,1094,1508,0.13641108312440134
415,1093,1508,0.136452899906824
410,1098,1508,0.13649048493450805
406,1105,1511,0.1365378454467538
404,1103,1507,0.13659186852314648
412,1100,1512,0.13664672123445185
413,1088,1501,0.1366785830387489
418,1098,1516,0.1367058053009556
420,1105,1525,0.13671797087651247
421,1104,1525,0.13672425529681
420,1101,1521,0.13672699852718234
418,1101,1519,0.13673257641566702
413,1107,1520,0.13674276484843756
411,1110,1521,0.13676694546040735
413,1115,1528,0.13679452325904648
407,1112,1519,0.13681624723691546
412,1118,1530,0.1368517624397369
409,1113,1522,0.13687234108467158
405,1109,1514,0.13689758468474938
408,1103,1511,0.13693082857020358
403,1101,1504,0.13695469828085172
411,1088,1499,0.13698853240368533
407,1090,1497,0.1369989017056854
406,1096,1502,0.1370181850479561
399,1101,1500,0.13703972642205572
405,1109,1514,0.13707731643209262
406,1101,1507,0.1370991485347144
402,1110,1512,0.13711584683418024
399,1108,1507,0.13714149571624032
397,1100,1497,0.13717281815823268
393,1108,1501,0.13720678936848751
388,1125,1513,0.1372469290290255
392,1126,1518,0.13729634931557813
393,1125,1518,0.13733345140678607
403,1114,1517,0.13736505694030646
404,1109,1513,0.13736941285067228
402,1108,1510,0.1373718571982494
396,1112,1508,0.1373792419971798
386,1108,1494,0.13740088187689606
387,1114,1501,0.13744633038224172
395,1110,1505,0.1374853394783342
400,1120,1520,0.137501478206172
405,1110,1515,0.13750441456589008
408,1117,1525,0.13749501417535423
403,1112,1515,0.13747997492020544
400,1108,1508,0.13747913500731485
400,1102,1502,0.13748513414147503
399,1108,1507,0.13749133292371968
402,1106,1508,0.13750011039388063
397,1112,1509,0.13750073651940972
396,1101,1497,0.13751224483368255
395,1099,1494,0.13752421938901638
387,1111,1498,0.13753853887664355
389,1108,1497,0.137572101364565
394,1106,1500,0.13759798520141203
383,1108,1491,0.1376097943745151
390,1111,1501,0.13764757655500318
385,1101,1486,0.13766505860334421
390,1111,1501,0.13769280762623
390,1113,1503,0.13770673034471909
391,1107,1498,0.1377204217409503
390,1107,1497,0.13773054285056655
393,1107,1500,0.1377409840076602
397,1099,1496,0.13774239844723465
397,1097,1494,0.13773398881590204
394,1101,1495,0.13772559638712942
400,1109,1509,0.13772583669232386
407,1109,1516,0.13771071670106774
408,1118,1526,0.137680228220127
405,1118,1523,0.1376490439096556
398,1128,1526,0.13762785064523564
404,1124,1528,0.13762575477311192
407,1116,1523,0.13760916486078556
407,1119,1526,0.13758702504550122
403,1116,1519,0.13756764366431395
407,1116,1523,0.1375589814659598
404,1125,1529,0.1375416866857048
407,1118,1525,0.1375339960591695
409,1118,1527,0.13751789802498263
399,1127,1526,0.13749883940171512
402,1118,1520,0.1375064630145048
409,1124,1533,0.13750689063576843
402,1121,1523,0.13748921463189376
403,1116,1519,0.13748950256775722
402,1123,1525,0.1374870921030488
402,1126,1528,0.13748541187894478
405,1122,1527,0.13748531106694947
405,1119,1524,0.13747671066647701
407,1118,1525,0.13747093758552775
403,1120,1523,0.1374598202179339
402,1135,1537,0.1374597252082698
396,1127,1523,0.1374630078188365
393,1128,1521,0.13748129299103595
389,1123,1512,0.13750527275369914
395,1122,1517,0.13753685822726575
392,1124,1516,0.13755231180782282
387,1113,1500,0.13757452092120126
383,1121,1504,0.13760718327155058
383,1133,1516,0.13764724942915488
379,1124,1503,0.13768401963906918
372,1129,1501,0.1377280413654857
365,1125,1490,0.13778627624688547
365,1125,1490,0.13785665028909777
377,1128,1505,0.1379219408261587
381,1125,1506,0.1379537943736605
384,1116,1500,0.13797354812003046
378,1121,1499,0.13798531025882416
382,1128,1510,0.13801112648847716
382,1120,1502,0.13802497384181595
374,1125,1499,0.13803774309802544
373,1122,1495,0.13806895202865216
376,1136,1512,0.13810141791783526
373,1141,1514,0.13812521113494777
368,1135,1503,0.13815495828030921
368,1138,1506,0.13819407656862834
367,1132,1499,0.13822993990559634
373,1117,1490,0.1382658702459439
371,1139,1510,0.1382845005187975
375,1135,1510,0.13830560368661937
372,1135,1507,0.13831453066207464
370,1131,1501,0.13832942276011004
373,1135,1508,0.13834859370671077
368,1148,1516,0.13835889369215282
369,1139,1508,0.13838141887094838
371,1143,1514,0.1384006869945848
364,1150,1514,0.13841301040321807
357,1152,1509,0.13844172422150489
360,1159,1519,0.13848557856651966
354,1150,1504,0.13851811146257398
350,1149,1499,0.13856374768699087
352,1148,1500,0.13861511594406134
353,1149,1502,0.1386599400975295
362,1153,1515,0.13869862220446139
359,1140,1499,0.13871205916494467
355,1132,1487,0.13873287623114433
364,1142,1506,0.1387615014600466
361,1140,1501,0.13876613184529987
360,1139,1499,0.13877778719754116
360,1148,1508,0.13879099184983157
362,1158,1520,0.13880302521357563
359,1160,1519,0.13881040823043478
355,1162,1517,0.13882506825006333
355,1152,1507,0.13884919362212572
357,1154,1511,0.13887137356940196
355,1156,1511,0.13888730161366186
359,1159,1518,0.1389065704653625
362,1156,1518,0.13891557158862264
355,1167,1522,0.13891619585524936
360,1161,1521,0.13893372332901074
358,1157,1515,0.13893704697674766
362,1163,1525,0.13894587738109038
360,1167,1527,0.13894504085181503
362,1161,1523,0.1389507571583939
357,1165,1522,0.13895177291648014
352,1158,1510,0.138965586648015
351,1161,1512,0.1389912608094852
344,1161,1505,0.13901735562611112
345,1159,1504,0.1390590076299677
350,1168,1518,0.13909474713703518
344,1167,1511,0.13911632691372508
342,1166,1508,0.13915125675781143
342,1168,1510,0.13918941368884155
354,1179,1533,0.13922319241150877
352,1170,1522,0.1392246144453647
348,1175,1523,0.13923202120023148
341,1173,1514,0.1392489251295879
338,1178,1516,0.13928241206656625
338,1174,1512,0.13932035420293182
337,1172,1509,0.13935490494732006
339,1166,1505,0.1393889532365815
342,1159,1501,0.13941575940470444
340,1160,1500,0.13943181111593791
334,1154,1488,0.1394525654428922
337,1156,1493,0.13948722074450248
342,1161,1503,0.13951245940247342
342,1153,1495,0.13952455279794923
342,1148,1490,0.13953557090648355
343,1145,1488,0.13954623512760367
344,1151,1495,0.13955369892889344
344,1160,1504,0.139557650363091
348,1164,1512,0.139562104339822
348,1165,1513,0.13955636324084794
345,1164,1509,0.13955114857017403
339,1163,1502,0.13955440326045
343,1155,1498,0.139571978499797
342,1147,1489,0.13957950156584198
338,1163,1501,0.13958921456095777
337,1164,1501,0.1396081685837134
333,1165,1498,0.1396284060487001
327,1163,1490,0.13965646476901533
333,1178,1511,0.13969729243797557
328,1183,1511,0.1397202137069636
334,1195,1529,0.13975376931130787
327,1180,1507,0.1397704743057893
320,1168,1488,0.13980236997665885
328,1184,1512,0.1398514409725504
330,1182,1512,0.1398750430955462
336,1188,1524,0.1398917226128109
334,1185,1519,0.1398926098689951
332,1189,1521,0.13989818067696408
327,1185,1512,0.13990906924479096
325,1198,1523,0.13993128586168765
328,1191,1519,0.13995724578605107
331,1189,1520,0.1399741822349315
328,1198,1526,0.13998276149366976
326,1193,1519,0.13999776885309448
330,1177,1507,0.14001647367790188
335,1177,1512,0.14002418250696025
335,1183,1518,0.14001880653442197
330,1176,1506,0.140012987419102
335,1173,1508,0.14001986211012096
336,1181,1517,0.14001289520409102
333,1178,1511,0.14000433722603872
327,1187,1514,0.14000313778988743
332,1189,1521,0.14001672476860214
330,1185,1515,0.14001844633927837
328,1190,1518,0.14002569922225208
331,1190,1521,0.14003825695004732
328,1183,1511,0.1400425987343221
323,1189,1512,0.14005385556341376
318,1191,1509,0.14007623673681502
317,1190,1507,0.1401105122092859
318,1191,1509,0.14014632689187348
321,1185,1506,0.1401766461238554
322,1201,1523,0.14019610738904112
317,1188,1505,0.14021122274504644
314,1198,1512,0.14023829890593026
311,1205,1516,0.14027066919191353
311,1207,1518,0.1403092914801215
313,1204,1517,0.14034494998080382
312,1204,1516,0.14037261739024118
311,1198,1509,0.1404011894618357
313,1211,1524,0.14043002859405895
309,1215,1524,0.14045244230522497
302,1220,1522,0.14048337898052746
305,1220,1525,0.14052989764123086
310,1211,1521,0.1405656174044697
305,1207,1512,0.140586705554907
303,1199,1502,0.14061870723184586
306,1232,1538,0.14065352011457893
308,1230,1538,0.14067860203576305
304,1224,1528,0.14069623158273134
298,1196,1494,0.1407233894222872
299,1202,1501,0.14076324911414936
305,1196,1501,0.14079863807847762
308,1213,1521,0.1408157134830853
309,1219,1528,0.14082459480007767
303,1212,1515,0.14083118152411875
302,1217,1519,0.1408526992428228
299,1229,1528,0.140874314917735
306,1218,1524,0.14090172209909946
307,1216,1523,0.14090925938950027
299,1210,1509,0.14091429002951372
301,1214,1515,0.14093924877911002
297,1221,1518,0.14095752197097947
291,1217,1508,0.1409844311204911
293,1218,1511,0.14102504786997494
295,1216,1511,0.14105785333052082
294,1224,1518,0.14108301610256688
296,1217,1513,0.14111007476628365
298,1227,1525,0.14113052183415717
301,1222,1523,0.14114393452065369
299,1218,1517,0.1411485221183165
298,1222,1520,0.14115716112143467
306,1217,1523,0.141168547228498
302,1208,1510,0.14115789007970547
303,1208,1511,0.14115922640855186
297,1208,1505,0.14115757444566532
293,1213,1506,0.14117111681170313
293,1224,1517,0.1411932257024557
297,1220,1517,0.14121351385166198
298,1224,1522,0.14122188938782737
296,1224,1520,0.14122679569539645
296,1216,1512,0.1412375195026129
291,1215,1506,0.1412476489998086
284,1225,1509,0.14126944649317705
281,1221,1502,0.14130719592757018
279,1218,1497,0.14135149676841097
282,1226,1508,0.14139780212482145
284,1229,1513,0.14143200298671366
284,1233,1517,0.14145853397304503
280,1231,1511,0.1414832538281488
281,1240,1521,0.14151692512748204
280,1223,1503,0.14154553581969562
284,1226,1510,0.14157581031297004
284,1226,1510,0.14159293290074257
283,1234,1517,0.1416093093759807
284,1236,1520,0.14162790118536142
288,1228,1516,0.14164278787010937
287,1216,1503,0.1416461660309369
291,1227,1518,0.1416522937785457
286,1224,1510,0.1416486186441882
285,1228,1513,0.1416572383377673
281,1241,1522,0.1416671069071773
280,1239,1519,0.14168723918328316
280,1227,1507,0.14170940076382788
281,1234,1515,0.14173014361543593
283,1225,1508,0.14174703150229837
284,1242,1526,0.14175797998394576
288,1228,1516,0.1417648236277136
284,1231,1515,0.14176073215812948
278,1232,1510,0.14176680176854461
280,1237,1517,0.14178757843455825
282,1221,1503,0.14180128603089986
281,1214,1495,0.14180869204906182
277,1224,1501,0.1418187904100136
271,1218,1489,0.14183985340722163
268,1232,1500,0.14187406271572628
267,1237,1504,0.14191310881516536
269,1255,1524,0.141951487063041
274,1251,1525,0.1419824659833613
270,1252,1522,0.14199845705003916
268,1244,1512,0.14202404887671466
273,1240,1513,0.1420532492325528
267,1234,1501,0.14206748437379085
267,1244,1511,0.1420961316584107
270,1240,1510,0.1421226230187113
267,1240,1507,0.14214031341728664
263,1231,1494,0.1421641809698821
270,1226,1496,0.14219619624907343
275,1229,1504,0.1422078094037432
272,1237,1509,0.1422057779276015
269,1251,1520,0.14221248036999498
268,1252,1520,0.14222563822942713
263,1242,1505,0.1422409178048715
258,1234,1492,0.1422684670176312
256,1244,1500,0.1423069866348916
256,1240,1496,0.14234791631674187
251,1249,1500,0.14238564694473002
259,1266,1525,0.1424344448563806
260,1271,1531,0.1424589151990842
255,1272,1527,0.14248017934353802
255,1266,1521,0.14251316732246744
261,1258,1519,0.14254358677236412
256,1237,1493,0.14255475921877733
254,1239,1493,0.1425780333826228
258,1239,1497,0.14260335845464644
255,1237,1492,0.1426165385160208
254,1239,1493,0.14263706929906758
256,1246,1502,0.14265913347854878
257,1241,1498,0.14267371410909782
263,1246,1509,0.14268576365221922
260,1259,1519,0.14268148900067829
258,1265,1523,0.14268617381920642
258,1255,1513,0.142696265237529
256,1258,1514,0.14270521713526346
256,1254,1510,0.14271835209165257
257,1256,1513,0.14273082456153804
255,1263,1518,0.14273970357431515
256,1253,1509,0.142753417214894
256,1250,1506,0.14276382507152544
254,1253,1507,0.14277419079276707
251,1246,1497,0.1427892437571357
250,1250,1500,0.14281016694105425
251,1262,1513,0.14283285035162963
249,1250,1499,0.1428514142943775
247,1254,1501,0.14287410559931707
249,1252,1501,0.14289930675101967
256,1245,1501,0.14291797760762054
256,1256,1512,0.1429172448331855
250,1267,1517,0.14291634967984412
248,1276,1524,0.14293191228053054
246,1267,1513,0.1429511728952242
245,1272,1517,0.14297460590442376
248,1270,1518,0.14299994605875652
250,1269,1519,0.1430163488362461
246,1265,1511,0.14302661021328616
247,1262,1509,0.14304656926918966
248,1280,1528,0.14306295352155624
248,1268,1516,0.14307523963758062
248,1270,1518,0.14308525847059372
249,1261,1510,0.14309584330702677
256,1246,1502,0.14310437447281182
257,1257,1514,0.1430937438892527
255,1257,1512,0.14308064417470132
258,1252,1510,0.14307372962267206
259,1256,1515,0.1430594679104996
259,1258,1517,0.14304415206901447
251,1253,1504,0.14302930289226817
250,1244,1494,0.1430360543882151
251,1241,1492,0.14304511974656303
252,1255,1507,0.14305060066661035
249,1254,1503,0.1430526593221237
251,1252,1503,0.14306324804734402
254,1249,1503,0.14306741298968542
254,1249,1503,0.14306376996708803
257,1266,1523,0.1430607052403219
261,1266,1527,0.1430497922935553
259,1268,1527,0.1430288892130046
251,1259,1510,0.14301413790089681
247,1261,1508,0.14302216322728875
245,1247,1492,0.14303981282081252
255,1252,1507,0.14306122108588704
254,1254,1508,0.14305544469755552
253,1260,1513,0.14305241125902715
251,1259,1510,0.14305175604100043
250,1258,1508,0.14305675191547249
247,1271,1518,0.14306363030036073
253,1272,1525,0.14307742343186203
248,1276,1524,0.14307560290950153
243,1270,1513,0.14308720185195942
244,1268,1512,0.14311148068669252
241,1255,1496,0.1431306981948818
243,1263,1506,0.14315584046376822
245,1264,1509,0.14317414134092465
243,1251,1494,0.14318603042577638
242,1257,1499,0.14320285175530945
241,1260,1501,0.14322083247216263
248,1268,1516,0.14324112997888086
252,1252,1504,0.14324171887227297
255,1245,1500,0.1432322368248331
253,1247,1500,0.1432160504466529
254,1252,1506,0.14320673793177321
252,1254,1506,0.14319538576536708
253,1257,1510,0.14318904529857296
254,1248,1502,0.14317942298966035
252,1252,1504,0.14316773202462246
250,1236,1486,0.14316240449717693
245,1242,1487,0.1431639222023595
248,1249,1497,0.14317894239156362
251,1248,1499,0.14318547399531834
250,1256,1506,0.14318332923967933
248,1252,1500,0.14318339393654458
248,1256,1504,0.14318896391872638
244,1260,1504,0.14319455143913187
246,1262,1508,0.1432111083482153
244,1273,1517,0.14322208800931913
247,1271,1518,0.1432368542707054
249,1272,1521,0.14324211311977678
245,1279,1524,0.1432430489224222
242,1276,1518,0.14325413109051982
238,1284,1522,0.14327277070120212
240,1282,1522,0.14330086392484606
243,1272,1515,0.14332175682388448
239,1276,1515,0.1433331056276505
237,1269,1506,0.14335327277900406
230,1277,1507,0.143378160786758
234,1283,1517,0.1434189364536019
238,1279,1517,0.1434464782107077
232,1294,1526,0.1434626614750574
230,1280,1510,0.14349283934439172
230,1275,1505,0.14352652690553222
225,1279,1504,0.14355886591431707
230,1294,1524,0.14360216409256096
226,1291,1517,0.14362956823374173
226,1288,1514,0.14366544705868642
229,1277,1506,0.14370046582898632
224,1286,1510,0.1437257391998631
221,1282,1503,0.1437628768876856
214,1276,1490,0.14380567334299346
215,1270,1485,0.14386319178555296
216,1284,1500,0.14391456055768478
213,1278,1491,0.14396041838339158
212,1284,1496,0.14401022848364486
214,1284,1498,0.1440587953150253
217,1295,1512,0.14409975834937738
214,1296,1510,0.14413028438278802
211,1298,1509,0.14416619287635785
213,1292,1505,0.14420755224144777
207,1296,1503,0.14424009127653403
210,1299,1509,0.14428624490301026
202,1304,1506,0.1443216174969805
204,1312,1516,0.14437535564519316
204,1329,1533,0.14442059937472512
203,1331,1534,0.14446282844970182
198,1325,1523,0.14450498630776976
200,1328,1528,0.14455867662289332
198,1331,1529,0.14460359434877737
200,1325,1525,0.14465134730994905
195,1316,1511,0.14469140704958428
194,1321,1515,0.14474204876573776
195,1317,1512,0.14479193782587468
194,1316,1510,0.14483496711745306
191,1317,1508,0.14487814614532626
191,1305,1496,0.14492714649854524
189,1302,1491,0.14497369981798194
188,1317,1505,0.14502223069078998
188,1316,1504,0.14506936016013705
190,1306,1496,0.1451125272289933
190,1317,1507,0.14514761980112253
191,1329,1520,0.1451810070566538
191,1317,1508,0.14521085990845106
187,1305,1492,0.1452388347467499
184,1318,1502,0.1452760055106639
184,1323,1507,0.14531851742694019
182,1321,1503,0.14535860525800487
175,1335,1510,0.1454023457901465
174,1343,1517,0.1454609671922573
173,1349,1522,0.14551813685738627
175,1353,1528,0.14557328084556712
179,1340,1519,0.145619210610474
179,1342,1521,0.1456507417619229
178,1341,1519,0.14568057755783279
177,1347,1524,0.145710966243242
177,1347,1524,0.14574195067884063
180,1345,1525,0.1457712639285055
176,1350,1526,0.14579015580165985
179,1351,1530,0.1458190941612229
173,1354,1527,0.14583787108885293
176,1371,1547,0.14587224390235434
172,1355,1527,0.14589548932730292
173,1345,1518,0.14592810076268328
177,1362,1539,0.14595547002791684
174,1353,1527,0.14597067087152127
174,1346,1520,0.14599301812559673
175,1345,1520,0.14601373902811188
178,1346,1524,0.14603091085291411
176,1337,1513,0.1460385903194045
174,1350,1524,0.14605128377560406
174,1353,1527,0.14606844065485114
166,1337,1503,0.14608391061284842
169,1344,1513,0.1461192267456049
169,1344,1513,0.14614410410190434
162,1363,1525,0.14616654726699246
164,1357,1521,0.14620605569881243
169,1364,1533,0.1462374725060375
173,1356,1529,0.14625429718337082
169,1352,1521,0.14625918122450632
168,1337,1505,0.14627457090546023
167,1353,1520,0.14629204119987013
166,1355,1521,0.1463105954827285
163,1357,1520,0.14633143118787498
164,1362,1526,0.14635888563368057
162,1359,1521,0.14638263854739494
162,1362,1524,0.14641043588174518
166,1371,1537,0.146436603321505
172,1359,1531,0.14644920263654793
170,1359,1529,0.14644463024421864
171,1340,1511,0.1464458323227432
167,1348,1515,0.14644472038107723
170,1363,1533,0.14645448030105385
172,1355,1527,0.14645553476832682
170,1349,1519,0.14645136639470033
170,1353,1523,0.1464530884049631
169,1349,1518,0.14645539169953425
168,1345,1513,0.14646035818969227
164,1347,1511,0.14646759998410858
163,1344,1507,0.14648487707891075
167,1344,1511,0.1465044330268525
169,1338,1507,0.14651159389507556
173,1331,1504,0.14651327114061855
168,1337,1505,0.14650425028918945
166,1343,1509,0.1465095980937824
167,1344,1511,0.14651979355931227
166,1354,1520,0.146526721774402
163,1347,1510,0.14653646283907873
165,1346,1511,0.14655383775315659
162,1344,1506,0.14656424589494335
165,1345,1510,0.1465815278267538
163,1330,1493,0.1465899416398626
161,1335,1496,0.1466029803287621
162,1357,1519,0.14662096978993602
160,1351,1511,0.1466352877800762
159,1351,1510,0.14665400105536286
160,1348,1508,0.14667411495451035
159,1352,1511,0.14669034439274514
157,1361,1518,0.14670806451408913
157,1360,1517,0.14673052474631976
155,1365,1520,0.1467519896207164
152,1360,1512,0.14677755159430395
158,1362,1520,0.14680893684255095
152,1354,1506,0.14682072944441238
152,1357,1509,0.1468476211488208
154,1356,1510,0.14687244761334003
154,1345,1499,0.14688983924364024
157,1355,1512,0.14690545980586067
158,1363,1521,0.1469121705604402
154,1372,1526,0.1469169390940455
152,1361,1513,0.14693228256966862
153,1355,1508,0.14695216415534829
153,1360,1513,0.1469673149920675
156,1348,1504,0.1469820855552404
160,1346,1506,0.14698729112542064
162,1349,1511,0.14698200534097566
155,1358,1513,0.14697213793393732
155,1364,1519,0.14698257684294366
154,1361,1515,0.14699275964899214
153,1355,1508,0.14700516486289059
149,1368,1517,0.1470185128050856
150,1370,1520,0.1470417977167923
149,1380,1529,0.14706067768422174
148,1379,1527,0.147080931551158
149,1376,1525,0.1471031433023552
148,1374,1522,0.14712103934982843
143,1376,1519,0.14714064692747209
151,1375,1526,0.1471717599876929
149,1375,1524,0.14717919762323542
148,1369,1517,0.14719170885025307
148,1359,1507,0.1472062895568315
142,1372,1514,0.14721992876988504
144,1376,1520,0.14724919782345608
142,1376,1518,0.14727042350601643
145,1374,1519,0.14729509410271324
151,1371,1522,0.1473101940544873
147,1368,1515,0.14730745172781146
149,1371,1520,0.14731544188356863
148,1373,1521,0.14731803352821135
148,1371,1519,0.1473237898312113
147,1371,1518,0.1473292565011254
140,1373,1513,0.14733630555292393
138,1367,1505,0.1473620182863591
139,1361,1500,0.1473913909121703
139,1359,1498,0.14741591200829224
139,1365,1504,0.14743870900476835
145,1362,1507,0.14745979552143107
144,1363,1507,0.14746223564331973
146,1367,1513,0.14746721483060668
145,1367,1512,0.14746693211052217
142,1356,1498,0.14747000532882343
138,1366,1504,0.14748097827725798
138,1364,1502,0.14750162977927492
141,1361,1502,0.1475221143003388
140,1373,1513,0.1475323246686753
143,1368,1511,0.1475448346006146
140,1357,1497,0.14754903501382935
144,1373,1517,0.14756131537742156
141,1375,1516,0.14756151832237918
143,1375,1518,0.1475701173442157
143,1385,1528,0.1475735000017562
142,1372,1514,0.14757634278072382
140,1373,1513,0.14758168831381813
141,1374,1515,0.1475916162539558
139,1382,1521,0.14759836845206722
136,1386,1522,0.14761004548040918
137,1391,1528,0.1476293003183155
141,1386,1527,0.14764422426413387
142,1382,1524,0.14764700312598705
141,1375,1516,0.1476479596974265
141,1374,1515,0.14765179853001642
141,1371,1512,0.14765530415531447
141,1366,1507,0.14765899712291308
140,1372,1512,0.14766240533519223
137,1375,1512,0.14766904731250363
133,1380,1513,0.14768302554460447
134,1383,1517,0.14770642484124674
136,1399,1535,0.1477254608173513
136,1391,1527,0.14773778247441605
132,1402,1534,0.14774957477843265
132,1391,1523,0.1477710330246479
134,1396,1530,0.14779081400487443
134,1380,1514,0.1478033033748684
134,1373,1507,0.14781538393666885
135,1369,1504,0.14782699748603045
138,1372,1510,0.1478351710986515
137,1392,1529,0.14783467022185262
135,1381,1516,0.14783636710861792
135,1384,1519,0.14784313499913482
134,1384,1518,0.1478502581083293
133,1388,1521,0.14785991724184588
133,1389,1522,0.14787109625490977
137,1393,1530,0.14788106110210023
137,1389,1526,0.14787939574842068
134,1392,1526,0.147877345703034
131,1392,1523,0.14788363295361273
132,1371,1503,0.14789796992161564
126,1376,1502,0.1479081282729876
125,1383,1508,0.14793420682217107
131,1381,1512,0.14796045752655942
130,1372,1502,0.1479687181263926
126,1383,1509,0.14797920717043092
129,1381,1510,0.14799989823856521
133,1383,1516,0.1480109788061496
138,1380,1518,0.14801046080325267
140,1377,1517,0.14799583637222344
142,1388,1530,0.1479768406221724
139,1387,1526,0.1479533142481959
135,1389,1524,0.1479400082738797
134,1400,1534,0.14793884024172413
130,1390,1520,0.14794069970200552
130,1382,1512,0.14795285136171793
131,1382,1513,0.14796359239427764
136,1385,1521,0.14797015455337675
136,1382,1518,0.14796252619320915
132,1375,1507,0.14795551000393362
131,1361,1492,0.14796038245123616
129,1375,1504,0.1479670147386699
131,1368,1499,0.14797838057682142
129,1377,1506,0.1479825296844838
129,1379,1508,0.14799167230890814
131,1374,1505,0.14800060959977357
133,1381,1514,0.14800363199934602
134,1375,1509,0.14800116977465247
137,1381,1518,0.14799689150459525
135,1357,1492,0.14798449459046245
134,1368,1502,0.14797866419510522
129,1367,1496,0.14797582044659932
133,1377,1510,0.14798733718162005
136,1373,1509,0.14798646649319142
132,1366,1498,0.14797752399704556
128,1363,1491,0.14798142332635364
130,1375,1505,0.1479959381439236
129,1370,1499,0.14800355773666976
127,1382,1509,0.1480134474409858
129,1398,1527,0.14802778245669096
129,1382,1511,0.1480347998910968
133,1372,1505,0.14804143430234287
133,1376,1509,0.14803679029551917
130,1379,1509,0.1480320757443654
131,1381,1512,0.14803584457903937
132,1384,1516,0.14803706432628339
133,1404,1537,0.1480352301091875
139,1382,1521,0.14802953115166562
140,1373,1513,0.14800734885539155
140,1382,1522,0.14798411902320133
140,1380,1520,0.147961965967122
140,1380,1520,0.14794193071850173
144,1383,1527,0.14792312729115317
138,1373,1511,0.14789484476927992
139,1366,1505,0.14788365339604986
141,1363,1504,0.14787083094733353
137,1363,1500,0.1478540221946065
139,1378,1517,0.14784963033048168
137,1378,1515,0.14783938967721105
139,1375,1514,0.14783565237097604
141,1368,1509,0.14782624041333667
141,1373,1514,0.1478115930027936
140,1364,1504,0.1477976851397325
137,1374,1511,0.14778741096081816
136,1381,1517,0.14778621269771686
137,1397,1534,0.1477878826893671
134,1389,1523,0.14778634710005822
131,1382,1513,0.14779402909805797
129,1377,1506,0.1478094780304403
128,1384,1512,0.1478297783121751
132,1379,1511,0.14785138449065469
135,1385,1520,0.14785979488571216
133,1385,1518,0.14785973075076198
131,1378,1509,0.1478651649975636
133,1383,1516,0.1478759337554218
134,1388,1522,0.14788043050353458
123,1384,1507,0.14788157026289658
124,1389,1513,0.14791284004133703
128,1398,1526,0.1479389041279936
129,1394,1523,0.14795180010730416
125,1382,1507,0.14796083812797875
125,1384,1509,0.14798027266093217
128,1389,1517,0.14799894924021262
126,1397,1523,0.14800801430994565
122,1394,1516,0.14802239692619681
122,1397,1519,0.14804739436589234
122,1387,1509,0.1480706190920052
125,1392,1517,0.1480929900367655
124,1380,1504,0.1481053042223377
123,1384,1507,0.14811930747196764
117,1384,1501,0.14813528056213604
120,1374,1494,0.14816661889733346
119,1376,1495,0.14818752050641262
119,1388,1507,0.14820998994625975
113,1397,1510,0.14823087015583464
117,1391,1508,0.14826680019459842
113,1392,1505,0.14828888069828922
113,1397,1510,0.14832104149176864
110,1417,1527,0.1483517378303325
113,1410,1523,0.14838914984052412
110,1410,1520,0.14841582448877522
110,1410,1520,0.14844996382063547
112,1415,1527,0.14848211998140323
111,1414,1525,0.1485070733559222
112,1417,1529,0.14853362057789185
112,1408,1520,0.14855573930256388
111,1422,1533,0.1485763603464838
108,1410,1518,0.14859864321617353
111,1402,1513,0.14862784244878327
111,1389,1500,0.14864710253493305
111,1405,1516,0.148665279231449
111,1407,1518,0.14868253433143286
112,1403,1515,0.1486988459218506
111,1402,1513,0.14871139990929913
112,1412,1524,0.14872539604856772
110,1420,1530,0.14873601088804403
111,1411,1522,0.14875156712782428
109,1407,1516,0.14876334772796582
107,1422,1529,0.1487797705796703
109,1418,1527,0.14880093077994133
109,1405,1514,0.14881469166719974
107,1412,1519,0.14882789550689224
104,1417,1521,0.14884554935485922
101,1410,1511,0.1488705981613953
102,1421,1523,0.14890187464350493
100,1410,1510,0.14892821288530717
106,1415,1521,0.14895799310525557
108,1417,1525,0.14896902382810728
108,1414,1522,0.1489737335125637
108,1414,1522,0.14897802414134156
106,1420,1526,0.14898190918553644
105,1415,1520,0.14899128305594714
107,1413,1520,0.14900254751997383
103,1420,1523,0.14900842740286233
101,1421,1522,0.14902522091877488
103,1422,1525,0.1490471896840936
101,1417,1518,0.14906270152903514
103,1407,1510,0.14908312077941188
101,1417,1518,0.1490968483860592
101,1412,1513,0.14911575830419144
102,1400,1502,0.14913330830007743
103,1409,1512,0.14914653108760062
99,1410,1509,0.14915631830940207
103,1404,1507,0.1491769238608224
100,1414,1514,0.149185321956751
100,1418,1518,0.14920243834040284
98,1433,1531,0.1492194234808105
98,1442,1540,0.14924060465408126
97,1420,1517,0.14926045578782646
96,1419,1515,0.1492819839637261
99,1404,1503,0.14930469923425638
99,1401,1500,0.14931736322700154
100,1408,1508,0.14932930457672366
96,1415,1511,0.1493381887215178
92,1414,1506,0.14935794450795806
91,1419,1510,0.14938712824218925
94,1425,1519,0.1494164289634157
98,1425,1523,0.14943505311209
99,1419,1518,0.14944191914890959
98,1412,1510,0.14944583515837695
99,1415,1514,0.1494525674785422
97,1412,1509,0.149456287537975
97,1419,1516,0.14946565389073832
95,1418,1513,0.14947458740079983
94,1417,1511,0.14948872570094374
94,1420,1514,0.14950503745005084
91,1423,1514,0.14952038733734135
89,1445,1534,0.14954261951279466
88,1434,1522,0.1495688188796403
89,1426,1515,0.1495957608041735
90,1430,1520,0.14961811550721663
90,1430,1520,0.14963631834917274
89,1420,1509,0.14965349358210475
89,1415,1504,0.14967242131914624
89,1416,1505,0.1496901466335477
91,1422,1513,0.14970682836100213
91,1426,1517,0.14971637976453248
87,1437,1524,0.14972563770716799
89,1435,1524,0.14974542694058873
89,1430,1519,0.14975793266685458
94,1425,1519,0.1497696231035913
93,1416,1509,0.14976646299240515
94,1423,1517,0.14976670681154136
94,1431,1525,0.14976406564743738
94,1441,1535,0.14976153264456651
93,1436,1529,0.14975928841858382
94,1430,1524,0.1497601077156739
93,1431,1524,0.14975832363953764
90,1426,1516,0.14975988361466364
92,1420,1512,0.1497694119824422
91,1418,1509,0.1497723939070221
91,1414,1505,0.14977804713531306
92,1420,1512,0.14978350069115756
96,1403,1499,0.14978585403242664
99,1404,1503,0.149776920400745
100,1411,1511,0.14976027187462937
103,1414,1517,0.14974233648378976
102,1423,1525,0.14971734913628582
101,1413,1514,0.14969689503271716
97,1416,1513,0.14968016869042539
93,1423,1516,0.14967596414641549
91,1421,1512,0.14968314854817855
95,1413,1508,0.14969520004192438
95,1403,1498,0.149694865637638
95,1407,1502,0.149694243525493
101,1401,1502,0.1496932545782836
101,1407,1508,0.14967559357593876
100,1411,1511,0.1496601035138457
98,1410,1508,0.14964827531101715
98,1411,1509,0.14964312659742485
103,1416,1519,0.1496384359817942
103,1428,1531,0.14962016257378782
99,1428,1527,0.14960303447783274
101,1429,1530,0.14959783080788175
104,1420,1524,0.14958743896549362
103,1415,1518,0.14956928404829972
101,1419,1520,0.1495549472981124
98,1410,1508,0.1495471594957205
98,1417,1515,0.14954835739442268
99,1433,1532,0.14954974918180805
100,1437,1537,0.14954838797975017
98,1418,1516,0.1495446266595332
96,1410,1506,0.1495469230415024
93,1413,1506,0.1495553853552013
92,1417,1509,0.14957192083977658
95,1414,1509,0.14958977077302324
97,1420,1517,0.1495982103958329
96,1416,1512,0.14960084529847
95,1424,1519,0.1496066863003147
95,1433,1528,0.14961477601732007
97,1435,1532,0.1496220844755111
93,1421,1514,0.14962316031583245
96,1416,1512,0.14963524017299001
97,1417,1514,0.14963824711656126
98,1426,1524,0.1496380231815203
99,1430,1529,0.14963527007574356
96,1427,1523,0.1496299522004655
96,1426,1522,0.14963312834730863
93,1427,1520,0.14963596005048382
90,1425,1515,0.14964719969769982
93,1423,1516,0.14966620239494546
94,1408,1502,0.14967502359458915
91,1414,1505,0.1496802560431693
93,1416,1509,0.14969416077530487
95,1428,1523,0.1497017480411829
94,1424,1518,0.14970226719441532
92,1417,1509,0.14970580111447704
93,1416,1509,0.14971453667795487
94,1407,1501,0.14972020683344195
93,1405,1498,0.14972265715014185
91,1410,1501,0.14972815571507658
91,1416,1507,0.1497379777582161
90,1417,1507,0.14974655032281786
90,1424,1514,0.14975733612182662
91,1413,1504,0.14976655849481005
90,1404,1494,0.1497716900317457
92,1411,1503,0.14977908374856097
91,1414,1505,0.14978047591795612
93,1419,1512,0.1497848279661318
93,1406,1499,0.14978300218881563
92,1417,1509,0.14978171460799763
90,1415,1505,0.1497831221572831
93,1424,1517,0.14978966935855972
94,1429,1523,0.1497869168852418
91,1422,1513,0.14978164724308227
93,1438,1531,0.14978497109294536
91,1429,1520,0.14978253810493675
90,1429,1519,0.1497854116431431
93,1441,1534,0.14979082215400652
93,1432,1525,0.14978715195289177
92,1428,1520,0.14978352990217875
93,1430,1523,0.14978318980005614
96,1425,1521,0.1497802464218317
94,1425,1519,0.14976888846782827
94,1431,1525,0.14976410565852633
94,1435,1529,0.149759926232786
94,1437,1531,0.1497556253198669
92,1428,1520,0.14975216273948974
89,1418,1507,0.1497546888382049
92,1421,1513,0.14976506819643545
87,1421,1508,0.14976651634542512
85,1435,1520,0.14978226059874797
86,1436,1522,0.14980266425800515
91,1423,1514,0.149818791131976
90,1426,1516,0.14981944929023486
91,1421,1512,0.1498232714028781
91,1430,1521,0.14982438502954623
89,1429,1518,0.14982512408767337
89,1429,1518,0.1498319011238764
86,1439,1525,0.14983863719907917
87,1431,1518,0.14985382551226095
84,1439,1523,0.14986527461034435
84,1440,1524,0.14988450700496883
84,1432,1516,0.14990240338980138
88,1413,1501,0.14991919938100534
87,1421,1508,0.14992379202705153
84,1411,1495,0.14993114535316915
85,1415,1500,0.14994646684142177
87,1433,1520,0.14995813829427543
89,1434,1523,0.14996349095511147
90,1420,1510,0.14996360196104022
88,1428,1516,0.14996090615816393
90,1431,1521,0.1499642355259742
90,1419,1509,0.149961877353488
90,1415,1505,0.14995982516903997
85,1415,1500,0.14995759552202034
83,1426,1509,0.1499693317434183
79,1421,1500,0.14998586204808667
77,1420,1497,0.15001265043877607
79,1424,1503,0.15004353941883683
81,1433,1514,0.15006652196581027
82,1424,1506,0.15008216949236197
81,1429,1510,0.15009416898080954
80,1439,1519,0.15010826908073505
79,1441,1520,0.1501242723380639
79,1434,1513,0.1501419304350177
78,1443,1521,0.15015875130127934
76,1434,1510,0.15017712637084846
76,1444,1520,0.1501998545968364
76,1460,1536,0.15022170472167928
76,1451,1527,0.15024222652364116
76,1453,1529,0.15026145970174984
74,1464,1538,0.15027945816642915
71,1445,1516,0.15030157863682017
70,1445,1515,0.15033127632790969
71,1441,1512,0.1503614819312792
72,1444,1516,0.15038695902034951
69,1444,1513,0.15040808081743176
71,1435,1506,0.1504364734181649
71,1450,1521,0.1504567540309371
69,1450,1519,0.15047538917795417
69,1437,1506,0.1504986450648675
69,1440,1509,0.15052032715962116
72,1444,1516,0.1505405882525496
67,1447,1514,0.15055126072825112
64,1450,1514,0.1505760604068694
65,1469,1534,0.15060770918280286
67,1468,1535,0.15063426152528603
68,1464,1532,0.1506534237759012
69,1457,1526,0.1506686150930623
67,1451,1518,0.15067991771241585
68,1461,1529,0.15069623253462694
68,1445,1513,0.15070898643174346
65,1441,1506,0.1507211143291842
62,1447,1509,0.1507409351527559
62,1449,1511,0.1507681257012532
60,1451,1511,0.15079369183375196
59,1446,1505,0.1508230452672726
57,1461,1518,0.1508531740053393
60,1460,1520,0.1508868974357374
61,1453,1514,0.15090975961097025
62,1447,1509,0.15092838256070212
62,1459,1521,0.1509428860757389
64,1455,1519,0.15095591012294216
66,1451,1517,0.15096218243939305
67,1458,1525,0.15096235434109295
64,1442,1506,0.15095980743850912
63,1438,1501,0.1509661042135266
63,1439,1502,0.15097548986431558
64,1448,1512,0.1509844305615744
64,1433,1497,0.1509899435878769
63,1428,1491,0.1509950576284624
63,1433,1496,0.15100266283167707
62,1458,1520,0.15101002860318927
60,1457,1517,0.1510196084800793
60,1461,1521,0.15103442349116655
62,1466,1528,0.15104802070946766
62,1458,1520,0.15105454560725662
62,1449,1511,0.15106075593477575
62,1452,1514,0.15106661105094954
60,1445,1505,0.15107198245586173
59,1444,1503,0.15108307288192102
60,1453,1513,0.15109658471251142
57,1447,1504,0.15110619323610514
52,1454,1506,0.15112369845235857
52,1447,1499,0.1511544421761393
54,1453,1507,0.15118270670500766
53,1451,1504,0.15120334385517947
54,1468,1522,0.15122555571732268
52,1467,1519,0.15124346411686038
54,1451,1505,0.15126573330067403
54,1457,1511,0.15128098531598508
54,1471,1525,0.15129506808179194
54,1476,1530,0.15130823104986277
54,1481,1535,0.1513208129706415
54,1477,1531,0.15133259425576057
54,1473,1527,0.15134347358267167
54,1469,1523,0.15135350256064076
54,1471,1525,0.15136323591578457
55,1471,1526,0.15137250984089465
54,1477,1531,0.15137820488511428
52,1480,1532,0.15138678664460262
52,1473,1525,0.15140020813744756
52,1473,1525,0.15141261941067172
50,1476,1526,0.15142440819761596
50,1468,1518,0.15144121254811835
49,1459,1508,0.15145659212820617
51,1477,1528,0.15147379349324422
51,1480,1531,0.1514838225437524
52,1473,1525,0.15149325507073066
49,1464,1513,0.151499175159481
50,1458,1508,0.15151316296790787
51,1455,1506,0.15152310492179896
53,1456,1509,0.15152938057695292
52,1448,1500,0.15152939378370223
56,1448,1504,0.15153246355459452
57,1463,1520,0.15152405638694444
56,1462,1518,0.15151348547658333
54,1452,1506,0.15150677895819478
56,1448,1504,0.15150656648739977
54,1447,1501,0.1515003409733052
55,1437,1492,0.15150074527655102
57,1451,1508,0.15149797108844357
51,1451,1502,0.15148966106312106
51,1451,1502,0.15149987213247187
48,1462,1510,0.1515094751070361
49,1459,1508,0.15152703232521855
53,1462,1515,0.15154048655399988
52,1460,1512,0.15154138961807273
53,1459,1512,0.15154527926736172
54,1473,1527,0.1515460943196886
57,1452,1509,0.15154371029270003
55,1451,1506,0.15153297525087772
56,1455,1511,0.15152883954217233
56,1459,1515,0.15152210391639787
56,1458,1514,0.15151566896339738
52,1464,1516,0.1515097060032583
52,1458,1510,0.15151641974348876
51,1453,1504,0.15152295877803992
50,1457,1507,0.15153199008139237
49,1469,1518,0.15154339344277074
48,1466,1514,0.1515568316168925
49,1467,1516,0.15157228821432192
45,1477,1522,0.15158395215455933
44,1481,1525,0.1516059098955179
42,1484,1526,0.15162912609257398
43,1481,1524,0.15165676569434522
42,1472,1514,0.1516795674030881
43,1464,1507,0.15170363916002313
43,1471,1514,0.15172394863241434
44,1468,1512,0.15174293711289913
43,1468,1511,0.1517577893661172
43,1476,1519,0.15177449385793326
44,1486,1530,0.15179007335821176
42,1484,1526,0.1518017806986584
40,1483,1523,0.15181834861913943
43,1476,1519,0.15183952157801706
42,1473,1515,0.15185073275434544
40,1466,1506,0.15186388230794606
40,1472,1512,0.1518817056187322
39,1472,1511,0.15189842845573553
38,1480,1518,0.15191695846005498
39,1478,1517,0.15193749483461944
39,1477,1516,0.1519538850596959
38,1474,1512,0.1519692363125752
42,1481,1523,0.1519864438761142
43,1497,1540,0.15199089517905306
42,1489,1531,0.1519922373021941
42,1489,1531,0.15199649944496776
41,1483,1524,0.15200096871983473
40,1480,1520,0.15200802887707676
39,1485,1524,0.15201762298528138
39,1487,1526,0.1520294920673528
38,1504,1542,0.15204081133184882
38,1493,1531,0.15205424957969954
36,1499,1535,0.15206682173264408
36,1491,1527,0.15208422621509166
39,1480,1519,0.15210053424325232
40,1481,1521,0.15210697947566348
41,1484,1525,0.15211012079864905
43,1484,1527,0.15211036911641185
43,1481,1524,0.1521050397100956
44,1474,1518,0.15210020740746033
43,1481,1524,0.15209291851306742
45,1473,1518,0.1520891622211697
45,1472,1517,0.15207989652861403
44,1473,1517,0.15207145211129347
45,1480,1525,0.1520664406953102
44,1473,1517,0.15205899909512044
43,1482,1525,0.15205488457680139
42,1486,1528,0.15205447222446658
42,1496,1538,0.15205746195733802
39,1495,1534,0.15206043159709032
39,1477,1516,0.15207181735872602
41,1474,1515,0.15208211765541862
44,1482,1526,0.15208604781125765
43,1478,1521,0.1520811551028496
43,1481,1524,0.1520797032732308
45,1477,1522,0.15207843974050836
42,1483,1525,0.15207142302942978
44,1483,1527,0.1520736785730679
42,1466,1508,0.1520702602323995
41,1465,1506,0.15207261479473813
41,1470,1511,0.1520781161604758
44,1474,1518,0.1520833184357639
44,1473,1517,0.15207970633863513
43,1472,1515,0.15207637112293126
43,1475,1518,0.15207607150430197
45,1484,1529,0.1520757870127029
44,1483,1527,0.15206950793516094
44,1475,1519,0.1520665296319209
43,1473,1516,0.15206375108048248
43,1459,1502,0.15206421331111994
43,1454,1497,0.15206466327844356
42,1443,1485,0.152065096923473
42,1456,1498,0.15206823639814027
40,1470,1510,0.15207114670619182
43,1471,1514,0.1520795346657951
42,1476,1518,0.1520783219622051
42,1477,1519,0.152079909095602
43,1480,1523,0.15208133157269518
44,1474,1518,0.15207987280537819
43,1479,1522,0.1520756748206619
44,1486,1530,0.15207499133001742
45,1486,1531,0.15207157579355332
43,1495,1538,0.15206554954278206
43,1483,1526,0.15206556407966473
44,1482,1526,0.15206564054579932
43,1484,1527,0.15206294129766987
41,1470,1511,0.15206324420126946
42,1449,1491,0.15206909756526016
44,1467,1511,0.1520714965599711
43,1482,1525,0.15206819291274307
44,1472,1516,0.15206794919743163
42,1456,1498,0.1520649293045828
43,1467,1510,0.15206767148005554
43,1469,1512,0.15206728019708404
46,1465,1511,0.15206666204046904
46,1456,1502,0.15205765113443603
47,1469,1516,0.1520492959173923
46,1472,1518,0.15203882233950958
47,1471,1518,0.15203211136003403
42,1466,1508,0.15202291992511652
42,1471,1513,0.1520285565631239
43,1468,1511,0.15203367121523226
43,1476,1519,0.15203542060998262
44,1483,1527,0.1520369810264678
44,1479,1523,0.15203562988077526
44,1473,1517,0.15203449589869245
43,1468,1511,0.15203342539702913
46,1466,1512,0.15203523867251023
47,1464,1511,0.1520281129854539
45,1471,1516,0.15201844478773835
45,1477,1522,0.15201525399556928
46,1467,1513,0.15201222467556838
46,1474,1520,0.1520066038828171
44,1466,1510,0.15200108808164628
45,1468,1513,0.1520015113684436
45,1465,1510,0.1519992011263632
44,1475,1519,0.1519970476387867
46,1476,1522,0.15199789692621238
44,1475,1519,0.15199320187238524
44,1484,1528,0.15199453566677698
45,1480,1525,0.1519960179607938
49,1479,1528,0.15199487174167328
46,1490,1536,0.15198195817546
44,1486,1530,0.15197843670961725
41,1474,1515,0.15198092549063152
40,1472,1512,0.151991899637897
41,1477,1518,0.1520053752657817
42,1472,1514,0.15201514493482052
42,1472,1514,0.1520214373619616
41,1474,1515,0.1520276930872524
41,1487,1528,0.15203612290898785
41,1482,1523,0.1520442617768927
41,1493,1534,0.15205191457202757
41,1481,1522,0.15205899285339963
43,1470,1513,0.15206575127727512
43,1477,1520,0.15206609559542927
44,1475,1519,0.15206647033050252
47,1477,1524,0.15206364404024555
48,1475,1523,0.15205260080919825
45,1464,1509,0.15203961220481996
46,1452,1498,0.1520360144643221
46,1469,1515,0.15202968069818204
46,1465,1511,0.15202379429273144
47,1463,1510,0.1520184389077462
48,1470,1518,0.15201034700705768
47,1463,1510,0.1519998984256871
46,1464,1510,0.1519931279873075
46,1463,1509,0.15198943221268182
46,1457,1503,0.15198589304588775
46,1459,1505,0.15198302718942672
46,1447,1493,0.15198030198179624
46,1451,1497,0.151977751283972
47,1470,1517,0.15197530933295217
45,1469,1514,0.1519702270207474
46,1456,1502,0.15197125499405167
45,1459,1504,0.1519693256073183
45,1480,1525,0.151970744643665
44,1487,1531,0.15197172166814432
44,1479,1523,0.15197525831866793
45,1475,1520,0.15197796844757513
47,1473,1520,0.15197783291646608
46,1471,1517,0.15197169854943426
45,1476,1521,0.1519690749622819
46,1489,1535,0.1519695043428747
46,1488,1534,0.15196714292028457
46,1472,1518,0.15196477661348645
47,1486,1533,0.15196284785334366
45,1478,1523,0.15195811748056545
44,1491,1535,0.15195955091537508
46,1482,1528,0.15196385092758846
44,1469,1513,0.15196201604099221
43,1480,1523,0.1519662280000866
44,1471,1515,0.15197294663236538
43,1480,1523,0.15197625056797387
43,1476,1519,0.15198196721566043
42,1474,1516,0.15198756350788606
42,1481,1523,0.1519955935866143
42,1484,1526,0.15200301654041704
43,1491,1534,0.1520098162974288
42,1483,1525,0.1520134160942822
42,1482,1524,0.1520195579678843
41,1475,1516,0.15202529985652244
42,1476,1518,0.15203370804605565
42,1473,1515,0.1520387932621062
41,1465,1506,0.15204360316728194
41,1463,1504,0.1520510772938347
40,1469,1509,0.15205809769772585
41,1478,1519,0.1520674869605429
41,1472,1513,0.15207335200535774
37,1465,1502,0.15207922955954994
38,1476,1514,0.15209604648886585
37,1482,1519,0.1521089167354197
37,1477,1514,0.1521236772361512
38,1467,1505,0.15213747473604744
38,1480,1518,0.1521475633733095
36,1463,1499,0.15215666263931454
37,1469,1506,0.15217088963118378
35,1475,1510,0.15218113511316753
39,1479,1518,0.15219656062130713
37,1470,1507,0.1521994199084919
37,1478,1515,0.1522080748381229
38,1479,1517,0.15221629049583996
38,1471,1509,0.1522211036659912
39,1462,1501,0.15222563984398946
40,1466,1506,0.15222668196771474
40,1464,1504,0.152224653806218
39,1474,1513,0.1522227747924897
34,1479,1513,0.15222379256981092
33,1502,1535,0.15223970833403982
32,1491,1523,0.15225738606616193
30,1500,1530,0.15227661891426164
34,1477,1511,0.15230045244661336
35,1484,1519,0.15231130913291246
35,1482,1517,0.1523185951298208
35,1488,1523,0.15232526644893862
35,1489,1524,0.1523315629450192
35,1484,1519,0.152337490244888
35,1479,1514,0.15234306031264383
34,1475,1509,0.15234828940178083
35,1476,1511,0.15235607792023942
35,1466,1501,0.15236045615047875
33,1475,1508,0.15236457823184102
31,1476,1507,0.15237405086673098
31,1478,1509,0.15238894666241676
31,1488,1519,0.1524026853483322
32,1492,1524,0.15241546460148056
31,1489,1520,0.1524246370087694
33,1502,1535,0.1524361267029451
33,1503,1536,0.15244086187367353
33,1492,1525,0.15244533074555675
33,1484,1517,0.15244971097852786
34,1486,1520,0.15245388329988038
33,1491,1524,0.15245489296111148
33,1490,1523,0.15245877051688997
33,1496,1529,0.15246240561918345
33,1491,1524,0.1524658181907492
33,1494,1527,0.1524690265494258
33,1490,1523,0.15247211531034
33,1480,1513,0.15247504610206267
34,1477,1511,0.15247793417154717
33,1473,1506,0.1524779319710439
33,1469,1502,0.15248096700115535
31,1461,1492,0.15248347982147403
30,1471,1501,0.1524916133611762
31,1486,1517,0.15250202891397976
33,1489,1522,0.15250886432168478
33,1479,1512,0.15250949806013367
33,1477,1510,0.1525101721441282
33,1487,1520,0.15251083910706062
31,1479,1510,0.1525115962336051
33,1475,1508,0.15251814482421935
32,1477,1509,0.1525182348615985
32,1487,1519,0.15252122070208018
34,1477,1511,0.15252399581995627
35,1484,1519,0.15252061657253502
35,1489,1524,0.15251448047700583
35,1486,1521,0.15250875507726366
34,1501,1535,0.1525034302198619
34,1488,1522,0.15250138989758757
35,1492,1527,0.15249948873476377
33,1487,1520,0.15249476532969944
33,1487,1520,0.1524963796026422
34,1489,1523,0.15249788056613528
34,1492,1526,0.15249618188642258
36,1493,1529,0.15249456998831093
34,1474,1508,0.15248719127497243
36,1480,1516,0.15248641661458345
37,1473,1510,0.1524797721895379
34,1483,1517,0.1524706505781982
35,1486,1521,0.1524709888726316
36,1484,1520,0.1524683330717944
39,1493,1532,0.15246285056489406
39,1490,1529,0.1524491401697698
41,1480,1521,0.15243645848249274
41,1477,1518,0.15241858255257298
41,1469,1510,0.15240199422140266
40,1471,1511,0.15238674664013543
39,1486,1525,0.15237537862661688
42,1485,1527,0.152367837792666
42,1483,1525,0.15235195955279845
40,1488,1528,0.15233718929536422
40,1489,1529,0.15232931915299866
39,1501,1540,0.15232207354904898
37,1496,1533,0.15231814895713877
37,1481,1518,0.15232013098472855
39,1474,1513,0.15232163454895542
38,1493,1531,0.15231734839977532
37,1501,1538,0.15231623615098916
36,1489,1525,0.15231841023019116
36,1489,1525,0.15232337108313776
35,1483,1518,0.15232797668542156
36,1485,1521,0.1523350230286621
34,1481,1515,0.15233862412832866
32,1473,1505,0.15234787173006534
32,1479,1511,0.1523622887625278
33,1468,1501,0.15237540978442585
35,1469,1504,0.15238469995507387
33,1475,1508,0.15238763860089263
33,1475,1508,0.1523960503345867
35,1471,1506,0.15240407543695578
37,1469,1506,0.15240582087807794
36,1470,1506,0.15240162558198272
35,1466,1501,0.1524005407969874
36,1481,1517,0.1524022554879081
36,1477,1513,0.152400997956197
38,1479,1517,0.15239998069750008
39,1480,1519,0.15239331079587878
39,1486,1525,0.15238435705406211
37,1485,1522,0.15237618321443755
37,1490,1527,0.15237437441921678
35,1483,1518,0.1523726469997909
36,1490,1526,0.15237683101095026
37,1490,1527,0.15237776958197022
34,1492,1526,0.1523754977991562
34,1492,1526,0.1523820456749554
34,1492,1526,0.1523882237231573
34,1483,1517,0.1523939458807473
35,1485,1520,0.15239929135650102
34,1476,1510,0.152401272688481
35,1484,1519,0.1524058929760824
35,1480,1515,0.15240732380688818
35,1472,1507,0.15240868932108317
36,1478,1514,0.152409958296128
36,1486,1522,0.15240792090903932
34,1480,1514,0.15240600504070376
34,1498,1532,0.1524102669436877
33,1504,1537,0.15241422652945952
33,1494,1527,0.15242037619798054
31,1488,1519,0.15242618252385307
31,1495,1526,0.15243769097354481
31,1498,1529,0.15244837376657203
31,1487,1518,0.15245830597842802
33,1493,1526,0.15246755110696622
33,1489,1522,0.15247042699478588
31,1487,1518,0.15247333648531175
32,1501,1533,0.15248184393856942
30,1492,1522,0.15248683430588494
29,1485,1514,0.1524973925539811
31,1486,1517,0.152510115539614
31,1502,1533,0.15251611272886179
31,1498,1529,0.15252169469622753
32,1489,1521,0.15252687792355415
32,1489,1521,0.15252883177184606
32,1483,1515,0.1525302687821039
31,1488,1519,0.15253161447872624
31,1500,1531,0.15253569578152912
31,1493,1524,0.15253942636250228
34,1489,1523,0.1525429095187783
35,1484,1519,0.15253735582985656
36,1471,1507,0.15252936928380026
32,1470,1502,0.1525191413347536
31,1472,1503,0.15252152582905054
30,1478,1508,0.15252666650085175
30,1489,1519,0.1525343858622466
30,1492,1522,0.15254147349663438
28,1492,1520,0.1525480548035904
28,1479,1507,0.15255996805505923
29,1492,1521,0.15257126250290184
30,1501,1531,0.15257887078006782
30,1502,1532,0.1525831683764684
30,1508,1538,0.15258722272869438
29,1497,1526,0.1525910446293408
31,1497,1528,0.1525970300632754
31,1480,1511,0.15259667859487824
32,1475,1507,0.15259635200230762
31,1492,1523,0.15259312381226228
30,1491,1521,0.15259306219635838
27,1496,1523,0.1525962426423419
28,1489,1517,0.15260797058797215
28,1492,1520,0.15261567986208985
28,1499,1527,0.15262285013162283
28,1506,1534,0.15262951946965406
26,1499,1525,0.15263572761536154
25,1493,1518,0.1526475020359477
26,1489,1515,0.15266152493502372
26,1482,1508,0.15267176584966394
27,1487,1514,0.15268135982987632
27,1481,1508,0.15268735508965922
27,1470,1497,0.15269298914088503
27,1481,1508,0.1526982764163708
25,1488,1513,0.15270323618157047
23,1490,1513,0.15271370992803138
24,1500,1524,0.15272949175424186
21,1503,1524,0.15274123216460547
22,1509,1531,0.15276127277362828
22,1482,1504,0.15277703469337273
22,1482,1504,0.1527918402779504
22,1488,1510,0.15280571392650671
23,1504,1527,0.15281869424094868
24,1501,1525,0.15282799722775373
25,1496,1521,0.15283351466502856
25,1487,1512,0.15283565813784275
25,1493,1518,0.15283769973169936
23,1509,1532,0.1528396407108895
23,1509,1532,0.15284765375020523
22,1510,1532,0.15285520224912447
24,1501,1525,0.1528652051837808
24,1488,1512,0.15286863509892093
24,1504,1528,0.15287186363308322
24,1502,1526,0.15287493003088673
26,1499,1525,0.15287752491980885
26,1484,1510,0.15287404461222695
26,1490,1516,0.15287081174313136
25,1483,1508,0.15286780769692065
26,1501,1527,0.152867891906833
26,1491,1517,0.15286507890642087
27,1499,1526,0.15286245425372846
29,1490,1519,0.15285699503148645
28,1489,1517,0.15284558067607878
28,1486,1514,0.1528379185448154
27,1494,1521,0.15283073376104106
28,1487,1515,0.15282689312333617
27,1476,1503,0.15282036688012438
26,1474,1500,0.15281746911213076
26,1484,1510,0.15281778960501985
26,1488,1514,0.1528180773286144
27,1481,1508,0.1528183426959015
27,1485,1512,0.15281527442824402
24,1488,1512,0.15281240796118534
25,1487,1512,0.152818656643636
26,1482,1508,0.15282101665256181
26,1480,1506,0.1528203418355715
25,1492,1517,0.15281988759399429
24,1497,1521,0.15282244096761663
26,1489,1515,0.15282774004680927
28,1502,1530,0.15282626203948474
27,1493,1520,0.15281888923335046
26,1488,1514,0.15281500701654935
24,1491,1515,0.15281456731848525
25,1495,1520,0.15282021781287863
26,1496,1522,0.1528224791631147
27,1491,1518,0.1528216773419668
27,1489,1516,0.1528177304776511
27,1491,1518,0.15281380968639444
29,1492,1521,0.1528101553608486
29,1478,1507,0.15280081339128931
29,1475,1504,0.15279209826430645
31,1483,1514,0.15278391462090718
29,1481,1510,0.15277032907540178
27,1480,1507,0.15276381704760864
26,1472,1498,0.15276385249908156
28,1463,1491,0.1527667696355873
28,1468,1496,0.15276364623003308
28,1472,1500,0.15276085889227337
28,1487,1515,0.15275828346769205
28,1496,1524,0.15275565138155225
27,1506,1533,0.1527531872461169
27,1507,1534,0.15275385669042754
28,1500,1528,0.1527544770391139
30,1498,1528,0.15275203308881294
28,1493,1521,0.15274364283875871
27,1485,1512,0.15274204287182105
26,1504,1530,0.15274356747595624
26,1502,1528,0.15274801529175053
26,1500,1526,0.15275171058647488
26,1492,1518,0.15275506678585316
26,1492,1518,0.152758340430898
26,1486,1512,0.15276144287094506
25,1500,1525,0.15276417460779762
24,1500,1524,0.1527694773425738
24,1500,1524,0.15277742985149723
24,1492,1516,0.1527848289580106
23,1496,1519,0.15279171861075805
22,1495,1517,0.15280132664079363
22,1496,1518,0.15281349626083657
23,1498,1521,0.15282471712253648
23,1495,1518,0.15283200499480698
22,1507,1529,0.15283881691918677
19,1482,1501,0.15284814428011217
19,1488,1507,0.15286635731533654
19,1512,1531,0.15288340632073605
20,1501,1521,0.1528993685751131
19,1504,1523,0.15291132327614582
20,1504,1524,0.15292573016056174
21,1491,1512,0.15293593490374377
21,1478,1499,0.15294249989186703
22,1487,1509,0.1529488136930557
21,1500,1521,0.15295166083962383
19,1509,1528,0.15295736127763276
18,1508,1526,0.1529691065717248
18,1518,1536,0.1529831646445545
18,1507,1525,0.1529964817975633
17,1503,1520,0.1530089821077779
17,1499,1516,0.15302372960492097
17,1507,1524,0.15303756988929088
17,1506,1523,0.15305071547624657
17,1497,1514,0.1530631395787325
17,1501,1518,0.15307482651569823
18,1490,1508,0.1530858143885073
18,1483,1501,0.15309302436282754
18,1481,1499,0.15309981759834337
18,1486,1504,0.15310620918250278
17,1496,1513,0.15311222119148454
18,1494,1512,0.1531211066311756
16,1506,1522,0.15312622034117868
16,1492,1508,0.15313738883169198
17,1502,1519,0.1531476730298983
18,1507,1525,0.1531543377521997
16,1500,1516,0.1531574808016614
16,1492,1508,0.15316642523934504
15,1482,1497,0.15317506372187592
15,1481,1496,0.1531861919500228
15,1487,1502,0.15319662829683572
14,1487,1501,0.15320642242841406
15,1485,1500,0.15321872082744212
15,1497,1512,0.15322714539737395
15,1492,1507,0.15323505947735364
15,1495,1510,0.15324248890359468
14,1487,1501,0.1532494642827111
14,1486,1500,0.15325912433765157
14,1491,1505,0.15326818658806693
14,1505,1519,0.15327669029363378
14,1496,1510,0.15328466916971062
14,1491,1505,0.15329215565548612
12,1492,1504,0.15329918048583557
12,1504,1516,0.15331204556974087
11,1494,1505,0.15332411717272887
10,1493,1503,0.15333861963788123
10,1501,1511,0.15335529782060411
10,1492,1502,0.15337096980455203
13,1488,1501,0.1533856709577001
14,1485,1499,0.15339023273345426
14,1484,1498,0.15339141751515864
15,1501,1516,0.15339256046513478
15,1512,1527,0.15339048891381526
15,1483,1498,0.1533885890718459
16,1493,1509,0.15338683754090013
16,1499,1515,0.15338220743855177
15,1498,1513,0.1533779147108385
15,1504,1519,0.1533770492942717
14,1505,1519,0.15337625490915904
14,1503,1517,0.15337851430996965
14,1503,1517,0.15338080437204252
14,1499,1513,0.1533829768921052
14,1488,1502,0.15338502936158938
13,1501,1514,0.15338696405590865
14,1505,1519,0.15339180646359732
15,1498,1513,0.1533932522146509
15,1496,1511,0.15339149380397796
15,1496,1511,0.15338986165024793
15,1496,1511,0.15338834035606852
14,1497,1511,0.1533869202218475
13,1506,1519,0.15338860699784143
13,1509,1522,0.15339319784300187
13,1505,1518,0.15339748644807594
13,1512,1525,0.15340149164381814
13,1498,1511,0.15340523384757848
13,1502,1515,0.1534087320077802
13,1496,1509,0.15341200358200602
13,1491,1504,0.15341506455424933
13,1506,1519,0.1534179295603896
11,1511,1522,0.1534206120312167
12,1523,1535,0.1534292571137561
12,1514,1526,0.15343419922721874
11,1514,1525,0.15343882089989322
11,1513,1524,0.153446282905252
11,1509,1520,0.15345327726377986
11,1516,1527,0.15345983570044563
11,1510,1521,0.1534659866369822
10,1510,1520,0.15347175616908088
10,1514,1524,0.15348031428003026
10,1506,1516,0.15348834300167388
10,1509,1519,0.15349587593271635
10,1499,1509,0.1535029423862741
11,1511,1522,0.15350957105565322
11,1504,1515,0.15351269377896457
11,1499,1510,0.15351564156775713
11,1512,1523,0.15351841325607093
12,1518,1530,0.15352101798181572
12,1516,1528,0.15352031523713136
12,1520,1532,0.15351968568388535
11,1518,1529,0.1535191215095518
11,1520,1531,0.15352168794303972
11,1518,1529,0.15352408554234112
11,1515,1526,0.1535263308111408
10,1496,1506,0.15352843377411207
10,1508,1518,0.15353350302807098
10,1515,1525,0.1535382570409206
10,1515,1525,0.15354271296877978
10,1506,1516,0.15354688746624892
10,1495,1505,0.1535507984095339
10,1499,1509,0.1535544630512626
10,1486,1496,0.15355789757541502
9,1499,1508,0.15356111704673947
8,1500,1508,0.1535672406903411
8,1500,1508,0.15357611143840544
8,1492,1500,0.15358442707100747
8,1503,1511,0.15359222607406434
8,1504,1512,0.153599541301248
6,1499,1505,0.15360640317246946
6,1490,1496,0.15361920658122016
6,1489,1495,0.15363124139230552
6,1487,1493,0.15364253613282336
7,1485,1492,0.15365313418577395
8,1490,1498,0.1536598552012273
7,1499,1506,0.1536629658207366
7,1499,1506,0.15366906000628094
7,1496,1503,0.15367478457765116
8,1494,1502,0.1536801656669693
10,1491,1501,0.15368205848300812
10,1505,1515,0.1536775152756734
10,1495,1505,0.15367328924271279
10,1512,1522,0.1536693399921109
10,1517,1527,0.15366564485997405
9,1513,1522,0.1536621853276458
10,1508,1518,0.15366211955431627
10,1482,1492,0.153658871244865
11,1489,1500,0.15365584399999055
11,1481,1492,0.15364988211502284
11,1491,1502,0.15364430921353467
12,1497,1509,0.15363908699054293
13,1495,1508,0.15363101531375578
11,1490,1501,0.15362029538519698
10,1504,1514,0.153616577927732
10,1497,1507,0.15361625613751978
10,1497,1507,0.1536159355718188
8,1501,1509,0.15361562327674558
8,1504,1512,0.15362156044346903
10,1505,1515,0.15362710561248788
10,1495,1505,0.15362603491519672
8,1503,1511,0.15362502370578832
8,1499,1507,0.15363030472846972
8,1502,1510,0.15363525382624682
8,1506,1514,0.15363989746470438
8,1516,1524,0.1536442567291865
8,1497,1505,0.15364834920550927
8,1503,1511,0.1536521910608158
8,1496,1504,0.1536557975307437
6,1494,1500,0.15365918300657216
6,1518,1524,0.15366864367033992
6,1514,1520,0.153677526642637
7,1510,1517,0.15368586828949168
7,1507,1514,0.1536905388383903
7,1492,1499,0.15369493486349917
7,1507,1514,0.1536990593517718
7,1516,1523,0.15370293129831092
7,1510,1517,0.15370656396132049
6,1513,1519,0.15370997385063132
6,1496,1502,0.1537163510281657
6,1504,1510,0.15372233587839904
6,1526,1532,0.1537279556554463
6,1513,1519,0.15373323385572274
8,1513,1521,0.15373819168619818
9,1523,1532,0.15373650290658772
9,1507,1516,0.15373173255338665
8,1509,1517,0.15372726120907235
8,1505,1513,0.1537262231911027
8,1497,1505,0.15372525143795931
8,1510,1518,0.1537243475023299
8,1502,1510,0.15372354341863012
8,1504,1512,0.153722811649852
7,1513,1520,0.15372212656097484
7,1523,1530,0.15372462699627917
7,1530,1537,0.15372696723238757
7,1508,1515,0.15372916410129978
7,1515,1522,0.1537312262217773
7,1512,1519,0.15373316145955196
7,1503,1510,0.15373497748392115
8,1495,1503,0.1537366816543781
7,1511,1518,0.15373508250878692
8,1505,1513,0.15373675145170815
8,1506,1514,0.15373509840194752
8,1501,1509,0.15373354159147032
7,1499,1506,0.15373207925586369
8,1503,1511,0.1537338960766791
8,1510,1518,0.15373240514902967
8,1508,1516,0.15373100778769214
8,1499,1507,0.15372969694967545
8,1505,1513,0.15372846826542055
8,1502,1510,0.15372731656489977
8,1507,1515,0.15372623683887623
7,1511,1518,0.1537252244045223
7,1504,1511,0.1537274615183267
8,1505,1513,0.15372956016704328
7,1504,1511,0.15372835673630014
8,1505,1513,0.15373043209390502
8,1507,1515,0.15372918675561592
8,1506,1514,0.15372801357474342
8,1512,1520,0.15372691267692773
8,1513,1521,0.15372588042463078
8,1514,1522,0.15372491249941653
8,1505,1513,0.15372400476828776
7,1502,1509,0.15372315336824297
6,1504,1510,0.15372555220148382
6,1508,1514,0.15373102878971145
5,1501,1506,0.1537361808031676
5,1517,1522,0.1537441860856193
5,1499,1504,0.15375169520050677
5,1511,1516,0.15375874370690504
6,1518,1524,0.1537653610410348
5,1519,1524,0.15376840459763494
5,1509,1514,0.1537744855693649
5,1515,1520,0.15378021056006128
5,1518,1523,0.15378558649952637
5,1516,1521,0.15379063193102788
5,1525,1530,0.1537953669318836
6,1529,1535,0.15379981088518047
6,1537,1543,0.15380080983178007
4,1533,1537,0.15380174735643184
4,1525,1529,0.15380903585131436
4,1505,1509,0.15381589267177517
3,1504,1507,0.15382232772296128
3,1513,1516,0.15383155939323534
2,1512,1514,0.1538402254528687
2,1514,1516,0.15385154984976754
2,1504,1506,0.15386220479680238
1,1493,1494,0.1538722236730691
1,1502,1503,0.15388486847663888
1,1510,1511,0.15389675128084918
1,1495,1496,0.15390792201330186
1,1498,1499,0.15391842372594658
1,1512,1513,0.15392829611267772
1,1520,1521,0.15393757639519015
1,1524,1525,0.1539462996791938
1,1520,1521,0.15395449910101647
1,1512,1513,0.15396220591803347
1,1520,1521,0.1539694495901008
1,1518,1519,0.15397625786256447
1,1513,1514,0.15398265685130366
0,1515,1515,0.15398867112816966
