1377,29,1406,0.13582136754768004
1413,26,1439,0.13295700481183906
1440,29,1469,0.13024407970584204
1459,28,1487,0.1276985656506944
1454,30,1484,0.1253292154302162
1452,30,1482,0.12318538697710509
1470,31,1501,0.12123895955569122
1468,30,1498,0.11942112608225645
1470,31,1501,0.11777161424395072
1467,32,1499,0.11626555785999436
1470,31,1501,0.11490169139190858
1465,31,1496,0.11365300539872586
1459,32,1491,0.1125285002823054
1447,33,1480,0.1115192670226354
1437,35,1472,0.11062907345698361
1426,35,1461,0.10984196608877823
1444,33,1477,0.10915074780312331
1438,35,1473,0.10847952136597079
1442,36,1478,0.1078822286882981
1454,37,1491,0.1073285598619599
1457,38,1495,0.10679676859959447
1473,38,1511,0.10630542972672591
1470,38,1508,0.10582271103031424
1465,37,1502,0.10539013612170887
1454,36,1490,0.10500764319673038
1478,36,1514,0.10468398219778202
1483,36,1519,0.10433580098523745
1481,36,1517,0.10400807233965333
1470,37,1507,0.10371435076360375
1467,37,1504,0.1034713989814103
1472,36,1508,0.10325691226702535
1474,35,1509,0.10305104159595002
1466,38,1504,0.1028589371957867
1478,39,1517,0.10270187084703547
1472,40,1512,0.1025328592193009
1466,40,1506,0.10239203181986746
1465,38,1503,0.10227683014055654
1468,38,1506,0.10217417502857956
1464,37,1501,0.10207426282846051
1450,38,1488,0.1019925667311369
1448,36,1484,0.10194805877987256
1450,38,1488,0.10191197034000378
1459,38,1497,0.1018745873419893
1460,41,1501,0.1018214118264153
1444,42,1486,0.1017706489238747
1441,39,1480,0.10175899482367515
1438,40,1478,0.10175494549364078
1445,41,1486,0.10175763612592842
1440,40,1480,0.10174526293552191
1447,41,1488,0.10174467688011885
1455,40,1495,0.10172851683593417
1453,43,1496,0.10169674028373546
1440,43,1483,0.10167225325135189
1454,44,1498,0.10167819238960911
1455,41,1496,0.10165325610695791
1444,43,1487,0.10162816978230957
1448,42,1490,0.10162921061033084
1465,42,1507,0.10162186464886788
1459,42,1501,0.10157839870284593
1451,43,1494,0.10155175591470256
1454,45,1499,0.10154497266304417
1463,45,1508,0.1015319292140782
1444,45,1489,0.10150079615424815
1437,47,1484,0.10151328894796575
1426,49,1475,0.10153994094424654
1430,52,1482,0.10158833292954107
1428,51,1479,0.1016233333587542
1435,52,1487,0.10165950195697046
1433,52,1485,0.10167752861148782
1428,52,1480,0.1016983890102877
1432,51,1483,0.1017281349547159
1438,51,1489,0.10174701948626882
1451,53,1504,0.10175073080607425
1458,55,1513,0.10172630742356084
1451,55,1506,0.10168910884002916
1450,54,1504,0.10167017193608734
1450,55,1505,0.10165533072815065
1430,56,1486,0.10164255984894784
1447,56,1503,0.10167366610487197
1443,59,1502,0.1016649960973623
1441,60,1501,0.10166549972933411
1439,59,1498,0.10167037453202972
1431,61,1492,0.10167949677444046
1434,61,1495,0.1017050548540736
1445,64,1509,0.10172176865340404
1437,64,1501,0.10171312936771874
1430,64,1494,0.10172272195998623
1437,64,1501,0.10174677023684497
1437,64,1501,0.10175427444752418
1429,64,1493,0.10176106994334354
1418,66,1484,0.10178472085069654
1416,65,1481,0.10183001257929693
1417,67,1484,0.10187534818840327
1421,67,1488,0.10191447853766716
1436,69,1505,0.10194168561031582
1416,72,1488,0.10193448112890602
1423,75,1498,0.10197090787863576
1419,72,1491,0.1019886471639722
1412,72,1484,0.10201371252046666
1402,74,1476,0.10205156849915462
1406,76,1482,0.1021082563484752
1407,79,1486,0.1021517450612592
1404,83,1487,0.10218896966426481
1413,84,1497,0.1022295507421184
1412,84,1496,0.10224749922797598
1395,85,1480,0.10226571999420528
1400,86,1486,0.10231922481947779
1416,86,1502,0.10235717277711216
1417,83,1500,0.10235662309143677
1412,83,1495,0.10235383619132633
1405,85,1490,0.1023621297511895
1396,88,1484,0.10238509407808266
1401,84,1485,0.10242574058214736
1397,88,1485,0.1024521983822062
1399,91,1490,0.10248487009051367
1408,93,1501,0.10251076895913695
1407,98,1505,0.10251511975606062
1408,98,1506,0.10252144505829404
1403,98,1501,0.10252474468298303
1418,98,1516,0.10253900371460371
1418,98,1516,0.10251990364958077
1420,97,1517,0.1025020077185493
1420,99,1519,0.10248120474804498
1412,98,1510,0.10246243897948243
1419,95,1514,0.10246311760146559
1418,98,1516,0.1024483772279603
1400,103,1503,0.10243728278244575
1391,107,1498,0.1024663957675526
1386,108,1494,0.10251232195445815
1376,109,1485,0.10256613106690064
1385,110,1495,0.10263647453727696
1392,112,1504,0.10268130266414895
1394,119,1513,0.10270714440921537
1389,119,1508,0.10272654929228991
1383,119,1502,0.10275520593077098
1391,122,1513,0.10279426419492982
1382,124,1506,0.10281289276970247
1378,124,1502,0.10284990003828592
1378,125,1503,0.102892745276122
1382,124,1506,0.10293159008814508
1374,120,1494,0.10295845267832437
1359,125,1484,0.10300045717484924
1360,127,1487,0.10307127467607906
1366,131,1497,0.10313399238438539
1369,130,1499,0.10317797585466763
1365,132,1497,0.10321155926745845
1367,136,1503,0.10325117707635695
1360,133,1493,0.10328356312698159
1361,133,1494,0.10332809998052771
1372,132,1504,0.10336668252406372
1364,130,1494,0.10337767475900758
1357,123,1480,0.10340498631572892
1371,120,1491,0.10344446707523314
1368,121,1489,0.10344990860752175
1353,119,1472,0.103461227838457
1354,121,1475,0.10350526909209129
1354,119,1473,0.10354258504482683
1345,119,1464,0.10357647636010053
1346,114,1460,0.10362738661876568
1350,114,1464,0.10367159213333407
1365,121,1486,0.10370360012963836
1378,125,1503,0.10369985018850486
1373,123,1496,0.10366803559784003
1366,125,1491,0.103649447796941
1357,128,1485,0.10364855965915928
1352,131,1483,0.10366715186915534
1353,130,1483,0.10369560785935908
1357,134,1491,0.10371904012901872
1351,138,1489,0.10373219558158293
1368,136,1504,0.10375691319305806
1359,143,1502,0.10374268883930958
1346,143,1489,0.10374917813481
1348,144,1492,0.10378368218920468
1338,143,1481,0.10381110278021076
1336,142,1478,0.10385821383701174
1346,143,1489,0.10390572207592949
1348,137,1485,0.10392687772618675
1343,141,1484,0.10394158592201318
1355,142,1497,0.10396533451017881
1352,143,1495,0.10396127554472157
1362,141,1503,0.10396455793572207
1360,147,1507,0.10394528701856903
1357,149,1506,0.10393211355188647
1360,152,1512,0.103927085610798
1357,152,1509,0.1039160281045866
1350,153,1503,0.1039125428795756
1355,155,1510,0.10392487261181312
1356,156,1512,0.10392560276807697
1353,159,1512,0.10392466599046321
1363,156,1519,0.10393051538607151
1367,151,1518,0.10391385328258966
1347,151,1498,0.10388973543050689
1351,150,1501,0.10391162777686798
1350,150,1500,0.10392257716397597
1342,147,1489,0.10393459408530684
1327,152,1479,0.10396344235236583
1339,153,1492,0.10402253498845557
1332,153,1485,0.1040501690163627
1327,154,1481,0.10409169417915198
1329,158,1487,0.10414108921240434
1333,164,1497,0.10418159027338177
1333,168,1501,0.10421060922367971
1332,167,1499,0.10423716317969962
1330,171,1501,0.10426275203920042
1338,171,1509,0.10429082371852523
1334,173,1507,0.10429940386017186
1327,173,1500,0.10431595704502689
1321,175,1496,0.10434749007884443
1326,171,1497,0.10438909859729105
1324,175,1499,0.10441597925348631
1320,175,1495,0.10444483394959299
1323,177,1500,0.10448025419509893
1320,176,1496,0.10450594453320278
1319,171,1490,0.10453601239503792
1310,175,1485,0.1045656299597804
1307,176,1483,0.1046129189357146
1304,177,1481,0.10466286733260802
1300,178,1478,0.10471586022167965
1295,175,1470,0.10477317778120607
1297,181,1478,0.10483691371557019
1313,187,1500,0.1048903361628253
1313,188,1501,0.10490354814613151
1298,190,1488,0.10491527000770923
1299,189,1488,0.10495929344343191
1306,190,1496,0.10499673296232974
1305,196,1501,0.1050164244569344
1301,193,1494,0.10503704085145563
1291,194,1485,0.10506506260192432
1301,201,1502,0.10511248821524465
1306,196,1502,0.10513376876114375
1303,195,1498,0.10514206011384619
1295,194,1489,0.10515660952503834
1290,193,1483,0.10518817946893545
1281,196,1477,0.10522818940850946
1276,199,1475,0.10528440838519827
1288,200,1488,0.10534654296156674
1286,200,1486,0.10537717561529397
1275,195,1470,0.10540991532054207
1283,203,1486,0.1054641983212898
1298,204,1502,0.10549565106305364
1298,204,1502,0.10549178825291367
1287,208,1495,0.10548907087489055
1307,205,1512,0.10551149338275029
1304,204,1508,0.10548722903615827
1301,206,1507,0.10547122523558033
1302,204,1506,0.10546415904445317
1301,204,1505,0.10545606727368527
1288,208,1496,0.10545135397206697
1285,209,1494,0.10547664217475779
1293,216,1509,0.10550613501020063
1288,210,1498,0.10551528539535575
1281,216,1497,0.10553472692041822
1265,218,1483,0.10556786507657112
1263,221,1484,0.10563435115391957
1255,219,1474,0.10569989475096399
1256,229,1485,0.1057777317093657
1261,230,1491,0.1058461334888514
1269,223,1492,0.10589765675234279
1275,221,1496,0.10592715266372636
1266,225,1491,0.10594082122963477
1261,228,1489,0.10597281276585864
1259,228,1487,0.10601325893749937
1264,229,1493,0.10605532767029391
1265,228,1493,0.10608306226000792
1252,225,1477,0.10610594471828748
1247,227,1474,0.1061557568964849
1250,226,1476,0.10621265942151428
1248,231,1479,0.106257689679585
1255,232,1487,0.1063033960595141
1253,234,1487,0.1063299293372988
1265,239,1504,0.1063584310827222
1279,232,1511,0.10635825207321592
1263,231,1494,0.10632724088022429
1260,237,1497,0.10633468405641881
1263,236,1499,0.10634891358057202
1276,235,1511,0.10635399178809678
1274,240,1514,0.10632991407302093
1263,240,1503,0.10631244050619561
1236,250,1486,0.10632132437326526
1242,246,1488,0.10639049604188941
1243,243,1486,0.10643953325155024
1243,246,1489,0.10648273208407524
1238,246,1484,0.10652170198641202
1232,253,1485,0.10657001771073815
1236,252,1488,0.10662723371596583
1237,255,1492,0.10667052557113525
1235,254,1489,0.1067082915920954
1244,253,1497,0.10674669923263241
1239,255,1494,0.10676233511449766
1235,257,1492,0.10678780120999058
1243,255,1498,0.10681935211085239
1239,257,1496,0.10683050813144021
1234,259,1493,0.10684962081223709
1231,259,1490,0.10687881985008268
1235,269,1504,0.10691282233646955
1227,263,1490,0.10693503812587107
1228,263,1491,0.10697342984610557
1222,270,1492,0.10700705028036833
1228,271,1499,0.10705155194677633
1234,264,1498,0.10707915474629011
1241,269,1510,0.10709114307184546
1228,275,1503,0.1070863883778071
1220,274,1494,0.10711137496123097
1216,278,1494,0.10715175908978739
1221,282,1503,0.10719782971175279
1211,279,1490,0.10722777537484188
1196,279,1475,0.10727768715550053
1195,279,1474,0.10735779643976052
1186,276,1462,0.1074333186479313
1192,273,1465,0.10752297420715408
1206,272,1478,0.10759126107456236
1206,269,1475,0.10762196816135351
1208,270,1478,0.10765017406455428
1222,274,1496,0.10767126266169054
1212,271,1483,0.10765920106588144
1209,273,1482,0.10767111173715865
1206,274,1480,0.10768940539650398
1209,275,1484,0.10771349918413936
1212,275,1487,0.10772718822069129
1205,274,1479,0.10773322444026444
1205,279,1484,0.10775467210314287
1205,284,1489,0.10777437243773685
1187,287,1474,0.1077927744015554
1189,294,1483,0.1078513889069432
1198,293,1491,0.10790029162486821
1197,293,1490,0.1079252162867251
1213,293,1506,0.10795008920316959
1208,295,1503,0.10793726076644779
1209,297,1506,0.1079371563545741
1200,293,1493,0.10793498648660924
1197,296,1493,0.10795392609538446
1196,292,1488,0.10797842979541329
1198,301,1499,0.10800371428374962
1209,305,1514,0.10802291057196392
1206,301,1507,0.10801561737564855
1212,301,1513,0.10801568775336155
1208,310,1518,0.10800251452224677
1196,312,1508,0.10799989383499975
1189,316,1505,0.10802560666363835
1179,316,1495,0.10806516026568247
1179,312,1491,0.10812406313795872
1183,309,1492,0.10817751096852556
1186,315,1501,0.10821760623863767
1202,313,1515,0.10824777386065815
1201,316,1517,0.10823900202814313
1184,309,1493,0.10823308335516507
1169,303,1472,0.1082664699651821
1178,310,1488,0.10833145598841028
1192,311,1503,0.10837018220066703
1195,312,1507,0.10837424700330818
1184,310,1494,0.10837119505304171
1186,307,1493,0.10839318106653387
1192,308,1500,0.10840874584534642
1195,315,1510,0.10840960183358714
1202,310,1512,0.10840411821551374
1203,307,1510,0.10838248321079125
1204,307,1511,0.10836044618646326
1201,309,1510,0.10833761381010881
1203,310,1513,0.10832364809483437
1195,313,1508,0.10830691498603376
1198,310,1508,0.10831068270985103
1189,309,1498,0.10830730872605926
1183,313,1496,0.10832452360643806
1182,309,1491,0.10835447240837372
1190,306,1496,0.10838392840428135
1179,310,1489,0.10839310541366828
1180,315,1495,0.1084263716289433
1171,312,1483,0.10845345902928383
1167,324,1491,0.10849918349418373
1172,322,1494,0.1085497744990231
1172,321,1493,0.10858445870432185
1170,319,1489,0.10861739909652486
1173,325,1498,0.10865284519063508
1184,331,1515,0.10867911686633526
1173,329,1502,0.10867864830621082
1164,333,1497,0.1087035684855072
1166,331,1497,0.10874652026329379
1180,335,1515,0.10878206186405986
1189,333,1522,0.10878283348016854
1179,329,1508,0.1087630248724768
1177,333,1510,0.10876850639434162
1168,342,1510,0.10877865863609461
1159,345,1504,0.1088086403709045
1162,346,1508,0.10885706886232721
1155,349,1504,0.1088950553526208
1149,348,1497,0.10894637412904647
1165,345,1510,0.10900576164586402
1168,349,1517,0.10902410175137878
1159,346,1505,0.10903421416105268
1151,354,1505,0.10906437608255469
1151,358,1509,0.10911049009179105
1149,358,1507,0.10915336138756515
1139,361,1500,0.10919808426753132
1133,360,1493,0.10926129248657808
1137,359,1496,0.109332852007883
1127,356,1483,0.10938968569227
1130,350,1480,0.10946532170377933
1136,352,1488,0.10952745834747947
1134,348,1482,0.10957071858924682
1138,360,1498,0.1096148543588376
1139,358,1497,0.10964706766943948
1140,365,1505,0.10967456939446199
1150,362,1512,0.10969687720892875
1147,358,1505,0.10969481379889241
1149,361,1510,0.10970018630431824
1135,366,1501,0.1097004250977351
1130,369,1499,0.10973194015478668
1129,372,1501,0.10977216994988843
1126,372,1498,0.10981225858194911
1119,371,1490,0.10985553953184046
1118,372,1490,0.10991257194466733
1117,366,1483,0.10996660057133567
1127,367,1494,0.11001835428486131
1125,367,1492,0.11004262847371367
1116,368,1484,0.11006937947401747
1120,371,1491,0.11011592372545503
1122,372,1494,0.11014998551090949
1110,375,1485,0.11017669618465073
1111,376,1487,0.11022892477801154
1101,375,1476,0.11027561032292592
1111,389,1500,0.11034067544210639
1114,392,1506,0.11037886300104872
1120,389,1509,0.11040622443719976
1130,383,1513,0.11041764706653684
1113,388,1501,0.11040493273522736
1104,382,1486,0.1104321851043219
1113,381,1494,0.11047789537833294
1124,379,1503,0.11049894546327245
1113,376,1489,0.11049237644978907
1112,379,1491,0.11051206635978497
1114,377,1491,0.11053198712460514
1126,377,1503,0.11054703991006827
1118,378,1496,0.11053279540553582
1112,378,1490,0.11053886813271997
1110,379,1489,0.11055709426752877
1099,376,1475,0.11057761337709264
1110,378,1488,0.11062215404902424
1108,382,1490,0.11063786596463561
1109,380,1489,0.1106566389178407
1105,378,1483,0.11067230087512109
1118,375,1493,0.11069607237604212
1129,378,1507,0.11068800260781825
1132,378,1510,0.11065510420552566
1132,381,1513,0.11061821842503118
1132,384,1516,0.1105849948511921
1138,383,1521,0.11055435608775588
1134,387,1521,0.11051196767840242
1134,385,1519,0.11048247292404771
1118,386,1504,0.11045572721226726
1122,384,1506,0.11046812727563488
1123,386,1509,0.11047094884810395
1125,389,1514,0.11047060859657963
1124,390,1514,0.11046578170736154
1119,393,1512,0.11046354909143846
1117,394,1511,0.11047264100697288
1113,399,1512,0.11048545503489222
1110,391,1501,0.11050540311196247
1116,393,1509,0.11053099444677202
1117,389,1506,0.1105408382167166
1121,385,1506,0.11054822971418826
1116,385,1501,0.11054554229438693
1117,386,1503,0.11055322119876593
1101,388,1489,0.11055694806110562
1102,387,1489,0.11059718605529069
1109,383,1492,0.1106321634148437
1113,385,1498,0.1106486378770514
1115,381,1496,0.11065501198939703
1118,383,1501,0.1106571503583186
1115,389,1504,0.11065277178809836
1119,390,1509,0.11065583954341707
1116,392,1508,0.1106493422757697
1105,396,1501,0.11065043131870173
1094,401,1495,0.11067707655576324
1086,402,1488,0.11072753371696806
1089,409,1498,0.11079074140784251
1088,407,1495,0.11084105113389105
1094,404,1498,0.11089106424801834
1087,401,1488,0.11092202996245654
1094,400,1494,0.11096837353734802
1098,401,1499,0.11099350533044941
1092,406,1498,0.11100880258668312
1094,413,1507,0.11103792051323684
1090,414,1504,0.11105971303945285
1086,415,1501,0.11108936825277528
1088,418,1506,0.11112605801957377
1090,413,1503,0.11115513769186228
1106,412,1518,0.11117815381618035
1101,416,1517,0.11116253222974272
1087,412,1499,0.11116059251640813
1082,408,1490,0.11119081169654091
1075,419,1494,0.11123135368172182
1073,425,1498,0.11128521256131388
1066,424,1490,0.11133864851396776
1084,433,1517,0.11140542310848042
1070,434,1504,0.11142547818035684
1062,437,1499,0.11147672039754473
1053,436,1489,0.11154230929016479
1062,444,1506,0.11162425059036775
1059,442,1501,0.11167930935564808
1055,439,1494,0.11173697459981781
1047,440,1487,0.11179847504171685
1047,440,1487,0.1118749360528065
1047,446,1493,0.1119455389356629
1062,448,1510,0.11201048584023188
1057,438,1495,0.11203423699913163
1060,449,1509,0.11206801094720689
1060,450,1510,0.11209331068156014
1047,447,1494,0.11211601311405679
1045,446,1491,0.11216783983097343
1043,456,1499,0.11221956062996619
1064,453,1517,0.11227166429406829
1048,443,1491,0.1122722518589656
1053,446,1499,0.11231068758349533
1045,444,1489,0.11233367264311638
1041,448,1489,0.11237311068619422
1045,459,1504,0.11241858465624852
1048,453,1501,0.1124512615374475
1034,448,1482,0.11247444921719367
1037,456,1493,0.11252774986578595
1037,462,1499,0.11257055370023193
1035,464,1499,0.11260991212681695
1048,466,1514,0.112650277810842
1048,463,1511,0.11265724604898136
1051,453,1504,0.11266239870023853
1048,449,1497,0.1126588055819241
1041,459,1500,0.11266282876186634
1048,459,1507,0.1126821175281927
1057,457,1514,0.11268342099788754
1035,458,1493,0.11266460573866155
1033,466,1499,0.112697566781111
1039,463,1502,0.11273275857070114
1033,468,1501,0.1127509090319499
1026,474,1500,0.1127827636793464
1037,467,1504,0.11282789712568063
1040,466,1506,0.11284297276498181
1030,460,1490,0.1128494921808953
1033,454,1487,0.11287943255012056
1044,461,1505,0.11289990363495203
1048,463,1511,0.11289330846349348
1051,460,1511,0.11287660891066655
1046,468,1514,0.11285418952042889
1042,465,1507,0.11284453328623108
1042,464,1506,0.11284519651307744
1034,465,1499,0.11284618145997395
1037,478,1515,0.11286668205678417
1039,470,1509,0.11287798713737442
1038,472,1510,0.11288406635977313
1025,474,1499,0.11289152617769105
1031,476,1507,0.11292939367218559
1032,472,1504,0.11295049233658233
1027,469,1496,0.11296753263366095
1030,472,1502,0.11299555920858967
1021,473,1494,0.1130141745582904
1009,467,1476,0.11305343100273423
996,464,1460,0.11311853475058672
1000,469,1469,0.1132094772944347
1007,477,1484,0.11328391209121634
1004,489,1493,0.11333708366572826
1009,495,1504,0.1133932922583639
1003,495,1498,0.11343285895440644
1001,500,1501,0.113484714686693
1002,510,1512,0.1135379542622182
1006,508,1514,0.11358437823457294
1000,514,1514,0.11361783789316317
989,515,1504,0.11366271708528643
987,511,1498,0.11373107102837757
986,514,1500,0.11379786721405108
989,516,1505,0.11386259005855111
995,515,1510,0.11391610884246842
996,520,1516,0.11395083385150881
995,524,1519,0.11398086902977798
986,522,1508,0.11401118360495016
989,521,1510,0.11406032236061225
984,519,1503,0.1140981448763237
993,517,1510,0.11414548108243194
982,519,1501,0.1141669470509208
986,525,1511,0.11421241973608634
990,536,1526,0.11424545726467543
981,528,1509,0.11426586327247124
978,534,1512,0.11430586260929008
976,527,1503,0.11435094473611805
970,529,1499,0.11439697775306612
973,525,1498,0.11445418798955209
970,536,1506,0.11449985245674302
953,546,1499,0.1145481391503085
953,551,1504,0.11463275631066631
957,553,1510,0.11471131377592052
948,556,1504,0.11477420743123323
944,558,1502,0.11485420442289432
944,561,1505,0.11493716049082027
949,563,1512,0.11501390609864118
932,557,1489,0.11507294158455351
940,559,1499,0.11516864925805738
935,562,1497,0.11523803872353074
927,564,1491,0.11531469381026416
926,569,1495,0.11540311663010701
933,574,1507,0.11548756931211995
932,571,1503,0.1155486829663392
939,566,1505,0.11560660612539517
936,569,1505,0.11564368877985039
946,569,1515,0.11568431988283354
951,572,1523,0.11569837082885176
947,570,1517,0.1156999768509045
935,572,1507,0.11571132561063895
935,570,1505,0.11575084351719166
937,573,1510,0.11578693740434848
938,570,1508,0.11581616105914427
934,573,1507,0.11584189809693023
938,575,1513,0.11587453333691684
935,577,1512,0.11589529575310382
929,579,1508,0.11592209109140925
928,580,1508,0.1159605550318446
919,569,1488,0.11599856570775836
921,575,1496,0.11605612228971235
908,581,1489,0.11610537204945842
912,579,1491,0.1161817055868401
918,580,1498,0.11624246393055923
908,575,1483,0.11628556547721818
907,582,1489,0.11635006674297528
915,578,1493,0.11641278207520316
920,584,1504,0.11645221691365823
918,585,1503,0.11647593201270984
914,593,1507,0.11650247953937526
902,608,1510,0.11653683809980603
891,603,1494,0.11659815923829153
897,601,1498,0.11668150505850754
895,601,1496,0.1167430310786208
911,596,1507,0.11680347954115405
900,595,1495,0.11682017970265023
913,595,1508,0.11686377043606706
905,604,1509,0.11687394482782781
911,590,1501,0.11690232900205162
917,595,1512,0.1169133710615167
917,603,1520,0.11690840834836087
910,601,1511,0.11690390724188333
916,596,1512,0.11691734155061546
908,598,1506,0.11691534133678287
904,603,1507,0.11693244233120098
909,601,1510,0.116957680229245
908,601,1509,0.1169685497559271
903,603,1506,0.1169814274171637
905,599,1504,0.11700510193544997
907,598,1505,0.1170221663328546
902,604,1506,0.11703392511534869
909,609,1518,0.11705660261936579
910,614,1524,0.11706053999555277
908,612,1520,0.11706217739982595
893,613,1506,0.11706890546392679
896,617,1513,0.11711201129920021
890,624,1514,0.11714455504878661
887,616,1503,0.11718838282915936
881,622,1503,0.11723646649807655
876,615,1491,0.1172949280988794
879,617,1496,0.11736069679632097
871,621,1492,0.11741374928722355
876,625,1501,0.1174833529132606
878,627,1505,0.11753541064957677
866,632,1498,0.11757920644015925
861,633,1494,0.11764932674640771
860,627,1487,0.11772684888419228
867,635,1502,0.11780157762767725
866,631,1497,0.11785291293267956
872,625,1497,0.11790207058574137
870,633,1503,0.11793402790181538
873,631,1504,0.11796805094557467
877,633,1510,0.11799226614731345
886,634,1520,0.11800423779456719
876,639,1515,0.11799409929536836
870,641,1511,0.11801014544959976
879,630,1509,0.11803991244317803
874,639,1513,0.11804529080145543
872,641,1513,0.11806315781115587
860,637,1497,0.11808436449634835
853,641,1494,0.1181337684599709
846,648,1494,0.11819780803070955
843,649,1492,0.11827392459910718
849,655,1504,0.11835151469747224
843,664,1507,0.1184092588567658
841,674,1515,0.11847717921221713
846,672,1518,0.11854449497572343
833,666,1499,0.11859465100251114
842,664,1506,0.11867332729128124
849,664,1513,0.11872477932682082
851,653,1504,0.11875635195353901
851,653,1504,0.11878035077472884
851,658,1509,0.11880246794097162
855,657,1512,0.11882315664457867
853,656,1509,0.11883213695603796
845,657,1502,0.11884370065966764
845,658,1503,0.11887490138001797
852,645,1497,0.11890270006634658
859,646,1505,0.11891110290831054
853,653,1506,0.11890160089561874
840,657,1497,0.11890963763874002
839,652,1491,0.11894920425965871
843,656,1499,0.11898815677631804
844,650,1494,0.11901346677291759
846,656,1502,0.1190331123835627
849,663,1512,0.11904604806988064
848,666,1514,0.1190511091713076
850,667,1517,0.11905957924912451
855,677,1532,0.11906286096692245
853,674,1527,0.11905309812104595
853,672,1525,0.11904912150479326
838,666,1504,0.1190468103075153
833,664,1497,0.11908087406005795
841,659,1500,0.11912539133063578
834,665,1499,0.1191472232077119
850,668,1518,0.11918386499133499
838,670,1508,0.11917850749134785
838,681,1519,0.11920424880069032
835,687,1522,0.11922878316058437
836,689,1525,0.11925826461466242
835,688,1523,0.11928314977649404
836,690,1526,0.11930915781777719
831,688,1519,0.11933049646805755
837,690,1527,0.11936181199418275
840,690,1530,0.11937629170356963
835,691,1526,0.11938243952141006
830,692,1522,0.11940065510176426
830,690,1520,0.11943093972875361
815,698,1513,0.11945840154972948
812,704,1516,0.1195213674848807
814,700,1514,0.11958746155192401
818,690,1508,0.1196438577872266
824,698,1522,0.11968624148204804
811,703,1514,0.11970971570193022
810,707,1517,0.11976368267317156
800,714,1514,0.11981731027463344
800,709,1509,0.1198919130078606
793,726,1519,0.119962754461773
782,730,1512,0.1200459473778051
777,735,1512,0.1201503630457683
779,742,1521,0.12025931580951316
771,744,1515,0.1203549808832393
774,747,1521,0.12046357119746322
779,744,1523,0.12055783951513038
771,747,1518,0.12063234170010884
781,751,1532,0.12071907170534527
774,749,1523,0.12077516706175721
772,754,1526,0.12084430042587371
756,753,1509,0.12091367763608733
753,747,1500,0.12101796212644804
744,739,1483,0.12112175371124384
748,737,1485,0.12124037764750537
757,741,1498,0.12134036365937115
746,747,1493,0.1214089123722169
755,756,1511,0.12150100720881422
754,761,1515,0.12156456568731454
750,761,1511,0.12162486870910538
749,757,1506,0.1216899302752636
748,757,1505,0.1217521963190017
754,760,1514,0.12181225731601479
750,739,1489,0.12185282158400668
752,741,1493,0.12189947540771097
763,748,1511,0.12193739064875068
757,755,1512,0.12194410636108804
759,753,1512,0.12196551533129842
750,754,1504,0.12197978188889748
757,753,1510,0.12201674817690009
761,763,1524,0.1220340472731404
754,769,1523,0.12204010362458045
754,774,1528,0.12206240100594075
753,771,1524,0.12208407781582854
756,766,1522,0.12210734517529832
750,771,1521,0.12212246208415824
748,772,1520,0.12215158360449267
737,780,1517,0.12218224541964019
729,779,1508,0.12224027369431073
729,783,1512,0.12231331729774148
721,778,1499,0.12237945149390889
715,771,1486,0.12246121176123165
712,769,1481,0.12255167385712673
716,769,1485,0.12264338740118251
719,777,1496,0.12271836406679298
713,780,1493,0.12277870429176019
714,788,1502,0.12285036255431211
719,794,1513,0.1229150570362541
720,784,1504,0.12296180304773886
722,791,1513,0.12300324355052122
722,779,1501,0.12303673026709525
722,777,1499,0.12306804076077402
719,790,1509,0.12309744663093879
714,791,1505,0.12313149555950254
714,783,1497,0.12317444594448008
712,786,1498,0.12321507027134025
706,785,1491,0.12325742824571786
706,778,1484,0.1233103551389468
713,791,1504,0.12335931510890642
724,791,1515,0.12338668114771195
720,786,1506,0.12338441583134724
724,787,1511,0.12339350543341215
725,782,1507,0.12339190472641666
722,792,1514,0.12338811730148545
718,788,1506,0.12339203153222612
719,789,1508,0.12340627230518984
717,800,1517,0.12341649775889912
708,802,1510,0.1234307089490897
717,791,1508,0.12346590300302437
718,796,1514,0.12347677968528493
710,797,1507,0.12348486013640907
706,800,1506,0.12351409302819186
698,808,1506,0.1235531684282517
690,807,1497,0.12361011576487625
691,804,1495,0.12368289973308105
694,806,1500,0.12374651632280553
693,819,1512,0.12379827554827155
683,817,1500,0.12384949597439271
684,825,1509,0.12392255734367146
688,821,1509,0.12398716045968058
679,827,1506,0.12403670619799607
682,818,1500,0.12410403452437674
685,817,1502,0.12416118839379159
689,819,1508,0.12420708940369701
684,823,1507,0.12423964315853799
687,825,1512,0.12428339600946735
682,827,1509,0.12431662052940964
675,837,1512,0.12436208853807094
679,827,1506,0.12442206038776295
669,834,1503,0.12446798642744657
679,829,1508,0.12453686118725349
690,824,1514,0.12457519387360741
679,826,1505,0.12458202973673042
681,836,1517,0.12461680430988835
683,838,1521,0.12464411511168126
675,833,1508,0.12466518037569216
666,835,1501,0.12470545011833609
665,843,1508,0.12476485062416152
655,849,1504,0.1248233099378328
663,850,1513,0.12490332509377712
670,852,1522,0.12495608857234185
669,855,1524,0.12498620256624543
657,857,1514,0.12501796762879167
666,860,1526,0.1250786753945918
655,857,1512,0.1251122608179005
647,866,1513,0.125170749274426
653,868,1521,0.125245833158803
646,865,1511,0.12529940626362795
647,865,1512,0.12536857799628187
648,866,1514,0.12542976639922532
646,864,1510,0.1254834017373499
644,864,1508,0.12553909056293203
636,869,1505,0.12559590569562876
639,865,1504,0.12566841725658728
633,864,1497,0.12572966645190387
639,870,1509,0.12580068187262808
637,867,1504,0.12584970773963244
636,866,1502,0.1259006155381436
641,865,1506,0.1259510212980642
635,876,1511,0.1259856926301548
636,874,1510,0.12603546169654678
632,872,1504,0.12607952795989333
633,871,1504,0.12613059581318203
631,876,1507,0.12617442098057702
647,884,1531,0.12621964132106947
648,883,1531,0.12622153920477353
647,888,1535,0.12622048262434782
657,877,1534,0.12622103540842133
651,870,1521,0.1261948335534131
649,867,1516,0.12618672599276234
643,872,1515,0.1261855436207461
651,863,1514,0.12619878210408675
648,861,1509,0.12618939780275612
646,871,1517,0.12618945668753548
643,869,1512,0.12619451194812858
647,864,1511,0.12620578714260156
649,860,1509,0.1262054696623965
646,874,1520,0.126199810386528
646,862,1508,0.1262038497607587
641,870,1511,0.12620769015349623
636,871,1507,0.12622429792840484
636,875,1511,0.12625162416670732
637,883,1520,0.12627784941818682
628,892,1520,0.12630076342570817
630,886,1516,0.12634538117759828
624,878,1502,0.12638219789390961
634,873,1507,0.12643136489602405
628,878,1506,0.12644979470610074
631,872,1503,0.12648351571010685
627,873,1500,0.12650645368005256
635,881,1516,0.1265377104814921
633,875,1508,0.12654641486260967
630,882,1512,0.12656190311764876
620,880,1500,0.12658297196956247
615,886,1501,0.12662767759116553
613,887,1500,0.1266831150378022
605,893,1498,0.1267388170171321
605,891,1496,0.1268114219738231
609,893,1502,0.12687940213143822
608,910,1518,0.12692999284311696
604,913,1517,0.12698088719488387
610,913,1523,0.12703849873903128
606,909,1515,0.1270773781918637
612,909,1521,0.12712466963180905
617,901,1518,0.12715331607323851
613,891,1504,0.12716704766758563
601,892,1493,0.12719084987278018
597,902,1499,0.1272444079757456
594,907,1501,0.12730466050011272
597,905,1502,0.12736817994845404
602,915,1517,0.12741916522927743
601,916,1517,0.12745462332051238
593,929,1522,0.12748990673637775
598,918,1516,0.1275436824115856
598,908,1506,0.1275809616429771
599,903,1502,0.12761650166273758
601,912,1513,0.12764644073548173
601,923,1524,0.12767004059035458
589,921,1510,0.12769329910322813
589,922,1511,0.12774519358786784
587,932,1519,0.12779484942350916
582,932,1514,0.12784588850508613
579,934,1513,0.12790724656786687
583,935,1518,0.12797172055358608
575,937,1512,0.12802165583484906
572,945,1517,0.12808774990928742
575,938,1513,0.12815708305524587
570,928,1498,0.12821191119747632
575,934,1509,0.12827593836801363
577,930,1507,0.1283213954649662
574,936,1510,0.12835887571979854
577,930,1507,0.1284010332686294
584,931,1515,0.1284313437259732
589,928,1517,0.12844195555775806
585,933,1518,0.12843881818411226
582,933,1515,0.12844614412247288
582,941,1523,0.12846078496292368
570,943,1513,0.1284739941780273
561,943,1504,0.1285160301799061
554,947,1501,0.1285779276524934
564,945,1509,0.1286529101596912
557,943,1500,0.12869706903423409
556,943,1499,0.1287569498956755
555,948,1503,0.12881451596127547
555,959,1514,0.12887084422837308
555,967,1522,0.12892103487229992
561,965,1526,0.12896806411276254
556,965,1521,0.12899690107907955
554,955,1509,0.12903703450752751
564,938,1502,0.12908131800725745
562,933,1495,0.1290962008594296
565,947,1512,0.12911498678200248
574,947,1521,0.1291241136268866
562,943,1505,0.12910812556941864
565,949,1514,0.129124403260234
556,951,1507,0.12913258633219094
562,947,1509,0.12916476572517618
558,948,1506,0.12917758171588334
555,954,1509,0.12920175511070908
558,959,1517,0.12923272935952515
560,958,1518,0.1292531056880096
556,948,1504,0.1292664214408772
558,957,1515,0.12929026357074044
548,954,1502,0.12930764110674997
543,956,1499,0.1293509613183784
548,949,1497,0.12940515930299043
554,961,1515,0.1294424722805757
551,967,1518,0.12946177323154456
562,963,1525,0.12948764172078817
553,967,1520,0.1294840047570683
549,963,1512,0.1295044223662921
540,966,1506,0.12953360651355283
544,958,1502,0.129583447073038
541,964,1505,0.12961913052456112
536,970,1506,0.1296609934919311
546,969,1515,0.12971357059494726
539,975,1514,0.12973657884370557
537,971,1508,0.12977785416177975
535,979,1514,0.12982198495767094
535,986,1521,0.1298713053386426
523,986,1509,0.1299181459365704
523,989,1512,0.12999475007737046
520,989,1509,0.13006586679527657
523,985,1508,0.1301396170423402
525,991,1516,0.13019891311958262
521,995,1516,0.1302486029713452
523,999,1522,0.1303067268352634
520,998,1518,0.13035634994332057
520,996,1516,0.13041234817259845
515,1006,1521,0.13046468190154267
512,1000,1512,0.13052723914754633
514,992,1506,0.13059332682658378
503,992,1495,0.13064918074647794
506,992,1498,0.1307296210898322
507,996,1503,0.1307962039159614
507,1006,1513,0.1308573143684444
508,999,1507,0.13091469482281506
506,992,1498,0.13096702201849927
509,1003,1512,0.131022455446687
507,1008,1515,0.1310664565352032
501,1000,1501,0.13111324478392414
505,999,1504,0.1311713874948201
510,995,1505,0.1312138774591507
508,1008,1516,0.13124171204235646
503,1004,1507,0.13127225160144648
502,995,1497,0.13131384620754594
503,999,1502,0.1313562920338198
506,1000,1506,0.13139406436002374
511,1004,1515,0.1314215355038304
495,1010,1505,0.13143288002108527
505,1008,1513,0.13148499224031548
507,1016,1523,0.13150775638121154
501,1009,1510,0.13152462978117718
503,1012,1515,0.1315566165891587
511,1011,1522,0.13158097144230932
503,1014,1517,0.13158256944702706
507,1010,1517,0.13160665699177163
501,1018,1519,0.13161869101124166
498,1008,1506,0.13164534777401715
504,1019,1523,0.13167669760659348
492,1018,1510,0.1316891395917458
495,1007,1502,0.1317321309116996
503,1003,1506,0.13176311098364793
499,1000,1499,0.13177068958000937
495,1004,1499,0.13178734501559952
498,1010,1508,0.13181282793919916
503,1019,1522,0.13182911905739292
497,1023,1520,0.1318308345217641
498,1016,1514,0.13184938532888282
491,1019,1510,0.13186497493436058
485,1008,1493,0.13189909685077617
494,1021,1515,0.13194728888033125
492,1010,1502,0.13196944534684504
489,1024,1513,0.13199735707391053
480,1031,1511,0.13203055775612513
481,1036,1517,0.1320847290431691
484,1030,1514,0.13213272509451587
481,1031,1512,0.13217144508840403
480,1048,1528,0.13221503387030092
470,1053,1523,0.1322579883456383
463,1043,1506,0.13232384857919077
466,1044,1510,0.13240446266513228
464,1046,1510,0.13247220645810429
464,1043,1507,0.1325420207773025
463,1039,1502,0.13260688213120064
463,1047,1510,0.13266985006554294
463,1052,1515,0.13272824500877228
455,1055,1510,0.13278343243287913
451,1057,1508,0.13285627416592127
461,1062,1523,0.13293519028729162
466,1041,1507,0.13298107908870516
461,1043,1504,0.13301210214657494
466,1039,1505,0.1330557370349107
463,1049,1512,0.13308184833978584
460,1045,1505,0.1331143767252926
462,1045,1507,0.13315243988988487
463,1047,1510,0.13318348456578094
458,1053,1511,0.13320899138611492
457,1048,1505,0.13324626694628366
453,1053,1506,0.13328229360145039
450,1051,1501,0.13332479042090933
453,1055,1508,0.13337292843099394
447,1053,1500,0.13340877111497243
443,1052,1495,0.13345647686310622
441,1057,1498,0.133512432885567
439,1063,1502,0.13357027213584993
437,1054,1491,0.13362877085730085
435,1057,1492,0.13368857546285504
433,1063,1496,0.13374975529022887
435,1061,1496,0.13381244971637332
436,1049,1485,0.13386463564646459
442,1040,1482,0.13391038221004845
444,1043,1487,0.13393863309130183
442,1049,1491,0.13396021992384963
437,1061,1498,0.1339858023921772
439,1070,1509,0.13402266651858763
435,1083,1518,0.13405227845877746
431,1087,1518,0.13409072871812638
428,1075,1503,0.13413856689194462
424,1091,1515,0.1341923389034325
419,1079,1498,0.13425442518915529
421,1076,1497,0.1343236097353855
423,1077,1500,0.13438172149997404
415,1086,1501,0.13443142500744076
414,1091,1505,0.134499232555358
409,1096,1505,0.1345651310011849
408,1094,1502,0.13463997266342337
412,1101,1513,0.1347125895571587
417,1109,1526,0.13477033355233764
411,1109,1520,0.13481097838482306
411,1102,1513,0.1348644995342697
415,1110,1525,0.13491484095348383
417,1114,1531,0.13495031575220787
416,1112,1528,0.134978935471423
413,1094,1507,0.13500819941547174
412,1100,1512,0.13504265125616233
406,1111,1517,0.13507661892329176
405,1104,1509,0.13512394808607184
399,1104,1503,0.135168594551493
402,1107,1509,0.135227711454699
399,1100,1499,0.13527449035580144
395,1113,1508,0.13532765309241832
395,1116,1511,0.13538964902499218
394,1111,1505,0.135447339002068
398,1114,1512,0.13550478307722633
405,1119,1524,0.1355476694521239
396,1119,1515,0.1355683598844881
392,1117,1509,0.13561286815318319
393,1130,1523,0.1356660973999052
389,1134,1523,0.13571306150712534
390,1136,1526,0.1357684423145076
390,1125,1515,0.13581817264523452
387,1131,1518,0.13586559880836563
386,1119,1505,0.13591752131576848
385,1117,1502,0.13596811907837786
374,1124,1498,0.13601755003977314
377,1122,1499,0.13609275515670738
374,1118,1492,0.13615441648874171
366,1130,1496,0.13621921580793514
369,1148,1517,0.13630050852465497
370,1149,1519,0.13636848232348114
363,1148,1511,0.13643000063676325
361,1144,1505,0.13650687923849245
356,1153,1509,0.13658432538566465
345,1151,1496,0.13667030771114239
346,1162,1508,0.13678065810981027
350,1158,1508,0.13688039121288725
355,1163,1518,0.13696430168167545
350,1149,1499,0.13702917909063517
347,1146,1493,0.1371041591986431
350,1160,1510,0.13718082074131654
351,1164,1515,0.13724521149217409
349,1161,1510,0.13730431674148927
348,1166,1514,0.13736449148555274
338,1166,1504,0.13742273202987268
334,1171,1505,0.13750331215347505
338,1177,1515,0.1375896818049365
329,1184,1513,0.13765934891513487
330,1175,1505,0.13775007717821672
335,1178,1513,0.13783177483277445
327,1180,1507,0.13789468390405774
325,1185,1510,0.13797591945113802
331,1185,1516,0.1380567820207151
324,1188,1512,0.13811504630367435
323,1185,1508,0.13818826235643927
316,1192,1508,0.13825922149357178
323,1177,1500,0.13834505343710973
326,1175,1501,0.13840602861250592
322,1183,1505,0.1384562498688645
322,1186,1508,0.13851312338713093
324,1193,1517,0.13856512748645855
325,1190,1515,0.13860795297415707
330,1184,1514,0.13864487596555405
329,1186,1515,0.13866644288486302
332,1192,1524,0.1386887396614385
332,1183,1515,0.1387025348467477
332,1187,1519,0.138715223252225
332,1183,1515,0.1387279053463092
330,1188,1518,0.1387385027800652
328,1172,1500,0.13875500676924063
325,1178,1503,0.13877638186095864
323,1185,1508,0.13880396452422952
321,1181,1502,0.13883419773019456
322,1184,1506,0.13886828962966663
321,1176,1497,0.13889771800236111
323,1162,1485,0.13892805927290458
332,1170,1502,0.13895029918733967
325,1182,1507,0.13894602030385375
326,1193,1519,0.13896232620757287
323,1195,1518,0.1389766903347218
324,1183,1507,0.13899821330571996
320,1188,1508,0.1390153988388839
312,1196,1508,0.13904158546619227
304,1195,1499,0.1390883368478646
307,1205,1512,0.13915434895401446
311,1217,1528,0.13920714404101567
310,1217,1527,0.13924586517733611
309,1209,1518,0.13928554240474778
308,1211,1519,0.13932536399882303
307,1212,1519,0.13936530638550138
305,1211,1516,0.1394055263503625
309,1223,1532,0.13944869952792563
304,1208,1512,0.13947833835312376
303,1213,1516,0.13951861680525882
307,1209,1516,0.13956023634314607
308,1197,1505,0.13958763080275938
307,1211,1518,0.13961030423672718
303,1209,1512,0.1396351133142816
300,1218,1518,0.13966989129491675
294,1207,1501,0.13971072802683235
292,1197,1489,0.13976454137730052
295,1190,1485,0.13981990264566743
299,1196,1495,0.13986332891618486
298,1206,1504,0.1398925634849914
294,1217,1511,0.13992115625840007
291,1233,1524,0.13996009973453416
294,1235,1529,0.14000481387817526
294,1222,1516,0.14003789578547413
291,1219,1510,0.14006820552875504
290,1224,1514,0.14010507518521423
292,1229,1521,0.14014227787098238
298,1234,1532,0.14017196715396837
299,1228,1527,0.1401820756825229
293,1226,1519,0.1401890917478792
295,1228,1523,0.14021275748740894
301,1216,1517,0.1402301165261898
298,1217,1515,0.1402296957948595
297,1216,1513,0.1402371602127582
292,1219,1511,0.14024653719719893
294,1239,1533,0.1402693121905023
297,1232,1529,0.14028578130803104
294,1234,1528,0.1402936906530731
300,1225,1525,0.1403102593239713
303,1228,1531,0.14030986146007762
296,1230,1526,0.14030267602425833
297,1240,1537,0.14031479290718077
297,1227,1524,0.14032386100603098
290,1222,1512,0.14033239028613298
286,1225,1511,0.14035937678562824
284,1224,1508,0.14039595813112485
287,1226,1513,0.1404357922367908
284,1220,1504,0.14046560375689296
283,1217,1500,0.14050216302537477
287,1213,1500,0.1405392653199963
288,1212,1500,0.14056273284046297
294,1214,1508,0.14058177710974898
286,1220,1506,0.14058378305760633
290,1208,1498,0.14060749437708478
289,1211,1500,0.14061886266952073
289,1221,1510,0.14063236727025397
293,1234,1527,0.1406455838749207
296,1233,1529,0.1406471579813442
288,1220,1508,0.14063971925114999
287,1225,1512,0.14065449910100572
289,1222,1511,0.14067232144917738
287,1229,1516,0.1406840133905553
289,1232,1521,0.14070139631157835
287,1235,1522,0.1407127601648397
291,1227,1518,0.14072929612904483
293,1217,1510,0.14073387699788065
294,1229,1523,0.14073249093467216
294,1238,1532,0.1407291759948537
292,1235,1527,0.14072603090422522
292,1233,1525,0.14072835579255724
290,1225,1515,0.14073065034371518
290,1221,1511,0.14073878877877874
290,1212,1502,0.14074635436320151
291,1213,1504,0.14075254175161309
293,1212,1505,0.14075436541174527
282,1219,1501,0.140751248627796
284,1228,1512,0.1407792593370213
284,1227,1511,0.14080017576623421
283,1214,1497,0.14081951552807134
282,1220,1502,0.1408400670854136
282,1216,1498,0.1408621519066135
278,1221,1499,0.1408826511602571
276,1217,1493,0.14091326206572863
272,1218,1490,0.1409480042443324
277,1219,1496,0.14099062762939998
282,1220,1502,0.1410159912018638
283,1220,1503,0.14102645606135927
281,1219,1500,0.14103386867580522
274,1220,1494,0.1410467473198616
276,1207,1483,0.1410781855355064
283,1213,1496,0.14110192184656006
288,1223,1511,0.14110479241288576
282,1224,1506,0.141092749357668
273,1233,1506,0.14109771355805878
274,1243,1517,0.14112653201334774
277,1238,1515,0.14115076855810205
282,1248,1530,0.14116444585270677
287,1242,1529,0.14116391542193
282,1233,1515,0.1411500703313253
282,1235,1517,0.14115162943092183
283,1239,1522,0.14115292816865482
285,1238,1523,0.1411502941495005
286,1243,1529,0.14114286034147952
285,1241,1526,0.14113278827787412
283,1243,1526,0.14112731043974708
279,1239,1518,0.14112688966719714
278,1245,1523,0.14113748783829172
280,1237,1517,0.14115145607378948
277,1238,1515,0.14115836972319293
280,1231,1511,0.14117290800988416
280,1231,1511,0.14117749984802472
276,1232,1508,0.14118283194248724
275,1237,1512,0.14119891408462984
275,1244,1519,0.14121681673051928
268,1234,1502,0.14123297077810068
267,1233,1500,0.14126827987658638
272,1237,1509,0.14130402672135867
270,1241,1511,0.1413230548204942
276,1219,1495,0.14134707640207503
276,1220,1496,0.1413523014855485
275,1215,1490,0.14135765105972958
276,1223,1499,0.14136607117772595
276,1227,1503,0.14137081730753667
278,1232,1510,0.14137645668517174
277,1231,1508,0.14137640898103346
277,1231,1508,0.1413793020439765
282,1236,1518,0.14138201931983618
285,1227,1512,0.14136986369934162
285,1234,1519,0.1413492719362651
280,1228,1508,0.14132979425348494
283,1221,1504,0.14132493274564106
275,1224,1499,0.14131173835456828
281,1231,1512,0.14132082382318623
278,1229,1507,0.14131248847783404
282,1226,1508,0.1413133829301743
282,1229,1511,0.14130377320512333
281,1233,1514,0.14129454500068442
280,1240,1520,0.14128939962707182
281,1226,1507,0.14128637231063929
283,1234,1517,0.14128118493601094
289,1233,1522,0.14127113747029668
289,1230,1519,0.14124536054218573
287,1234,1521,0.14122096267501802
283,1233,1516,0.14120460396268064
285,1225,1510,0.14120018846153312
286,1225,1511,0.14119064999072212
286,1222,1508,0.14117890951511064
283,1231,1514,0.14116864099680881
283,1240,1523,0.1411676865417952
286,1229,1515,0.14116681586388868
284,1241,1525,0.1411586418431403
286,1228,1514,0.1411562433111857
285,1229,1514,0.14114931701274613
289,1228,1517,0.1411457829289419
286,1229,1515,0.1411314570794748
281,1246,1527,0.14112719866864543
278,1253,1531,0.1411366508844716
282,1239,1521,0.14115377848827618
279,1247,1526,0.14115860053389223
276,1250,1526,0.14117060102457255
268,1256,1524,0.1411908216691624
268,1257,1525,0.14123095310949021
269,1253,1522,0.14126821855228336
265,1255,1520,0.14129977822338785
260,1268,1528,0.14133965096780315
261,1252,1513,0.14139145419482044
265,1254,1519,0.14143649465077174
266,1245,1511,0.141468048991522
261,1251,1512,0.14149514008901806
262,1247,1509,0.1415338868760648
259,1252,1511,0.14156693004830145
261,1262,1523,0.14160526999123946
258,1264,1522,0.14163541712247057
256,1270,1526,0.14167115488258047
250,1277,1527,0.14170986399023586
245,1275,1520,0.14176291719969078
246,1286,1532,0.1418260358955334
245,1285,1530,0.1418819897280233
244,1282,1526,0.14193686208197115
241,1282,1523,0.14199118728570065
243,1270,1513,0.14205036508468155
243,1274,1517,0.14209979376788937
243,1274,1517,0.14214610579515224
238,1282,1520,0.14218946603176966
235,1285,1520,0.14224364086490307
227,1273,1500,0.1423025709622135
235,1283,1518,0.14237857143376434
234,1279,1513,0.14242714929589836
237,1284,1521,0.14247571444892032
239,1277,1516,0.14251263756466648
241,1285,1526,0.14254165663953813
241,1285,1526,0.1425638807327459
240,1288,1528,0.14258497977881793
238,1282,1520,0.14260752047494704
231,1285,1516,0.14263468540191163
228,1287,1515,0.14267994482363186
226,1292,1518,0.1427301779451414
225,1288,1513,0.14278309278517384
222,1292,1514,0.14283648137675764
219,1285,1504,0.14289510212112216
217,1298,1515,0.14295865505206706
209,1305,1514,0.14302381569145936
209,1314,1523,0.1431067998291455
210,1316,1526,0.1431846007863993
208,1314,1522,0.14325375050529315
208,1300,1508,0.14332457067126492
203,1303,1506,0.14339052032587174
205,1306,1511,0.1434664143916388
202,1309,1511,0.14353174393957732
204,1322,1526,0.14360079790148614
205,1312,1517,0.14365990226701933
204,1307,1511,0.14371242181652794
202,1323,1525,0.14376450926949047
198,1318,1516,0.14381894459762284
198,1310,1508,0.14388082033964048
200,1317,1517,0.1439392469350784
193,1313,1506,0.14398756104817004
196,1317,1513,0.14405330589286855
197,1323,1520,0.14410660789842905
201,1329,1530,0.14415452036571608
201,1311,1512,0.14418872696412802
199,1314,1513,0.14422041292973162
203,1312,1515,0.14425524329213613
199,1323,1522,0.14427660808557263
204,1318,1522,0.1443081693148276
201,1319,1520,0.1443231214594365
202,1332,1534,0.14434596134204145
197,1329,1526,0.14436457658036564
196,1330,1526,0.144396991023785
192,1327,1519,0.14443040057950177
197,1331,1528,0.14447283634673166
192,1327,1519,0.1444985898023413
188,1320,1508,0.1445366532547165
190,1318,1508,0.14458313912767556
187,1318,1505,0.1446205450035788
185,1322,1507,0.1446645485501955
185,1324,1509,0.1447103716243084
189,1317,1506,0.14475306654352466
191,1306,1497,0.14478228832380616
192,1321,1513,0.14480406597794718
189,1302,1491,0.1448210506803959
191,1318,1509,0.1448454899601141
187,1316,1503,0.1448622368475613
184,1333,1517,0.1448893801599318
188,1336,1524,0.14492296471016583
188,1331,1519,0.1449432561821281
191,1317,1508,0.14496345753097908
194,1319,1513,0.14497363879006087
191,1311,1502,0.14497546197367037
191,1317,1508,0.1449856340034123
192,1316,1508,0.14499505365283136
187,1321,1508,0.14500032881106584
183,1325,1508,0.14502002664698835
178,1335,1513,0.1450496658745476
179,1341,1520,0.14509059647592548
180,1335,1515,0.14512608391794424
180,1325,1505,0.14515576158225887
176,1321,1497,0.14518365584626014
172,1325,1497,0.14522129344990656
171,1323,1494,0.14526832721292116
170,1343,1513,0.1453147325885836
168,1350,1518,0.1453605811797406
172,1348,1520,0.14540906473089496
171,1337,1508,0.14544360456567967
168,1345,1513,0.14547904392466443
169,1344,1513,0.14552027913654242
172,1334,1506,0.1455558168743685
170,1344,1514,0.14558080733824766
171,1352,1523,0.14560944555635139
173,1337,1510,0.14563259818069219
172,1339,1511,0.1456485108453521
167,1349,1516,0.145666077538852
164,1345,1509,0.14569688112348123
163,1335,1498,0.1457342266867823
165,1338,1503,0.14577193410444678
168,1332,1500,0.1458018388961172
169,1342,1511,0.1458211747840167
174,1341,1515,0.14583665752755592
177,1324,1501,0.14583732295390217
175,1316,1491,0.14582902993080663
171,1331,1502,0.1458274100025841
170,1350,1520,0.14583682643980794
170,1336,1506,0.14584823024776142
168,1341,1509,0.14585915234339952
166,1342,1508,0.1458753027655206
166,1350,1516,0.14589651148630445
168,1354,1522,0.14591649015576924
168,1349,1517,0.14592963211834176
169,1346,1515,0.14594204280855205
167,1355,1522,0.14595120271369566
166,1351,1517,0.14596478125931175
168,1334,1502,0.14597955331096557
168,1345,1513,0.14598789615692775
165,1355,1520,0.14599571691150193
166,1362,1528,0.14601146673092047
166,1363,1529,0.1460232389506272
165,1353,1518,0.1460340955212917
164,1352,1516,0.14604661614852393
164,1340,1504,0.14606137425191398
169,1326,1495,0.14607496567605968
162,1337,1499,0.14607272319678968
158,1327,1485,0.14609029661655693
160,1333,1493,0.14611844977531505
160,1336,1496,0.14613880112747568
162,1352,1514,0.14615759008847398
164,1343,1507,0.1461695178956476
164,1351,1515,0.14617481616325143
165,1345,1510,0.1461792461809367
164,1348,1512,0.14618079919403526
164,1363,1527,0.1461849160181073
160,1347,1507,0.14618857699312257
157,1359,1516,0.14620301545819106
158,1367,1525,0.14622529540089366
160,1369,1529,0.14624344862753585
158,1372,1530,0.14625526082199994
157,1355,1512,0.14627208997555877
157,1360,1517,0.14629078685791805
158,1362,1520,0.14630757920985127
156,1363,1519,0.14632131526292413
159,1373,1532,0.14633999196474967
158,1359,1517,0.14634906540198894
152,1362,1514,0.1463606920197895
153,1363,1516,0.14638892540151474
153,1371,1524,0.14641270317856833
147,1377,1524,0.14643458248792215
142,1386,1528,0.14647214657003255
147,1397,1544,0.14652076606107658
146,1388,1534,0.146551564976073
148,1376,1524,0.14658345805216128
147,1383,1530,0.14660766978697906
146,1364,1510,0.1466328016020455
144,1364,1508,0.14665932769541135
139,1368,1507,0.1466897079592834
140,1365,1505,0.1467330605167831
139,1376,1515,0.146770324301713
140,1383,1523,0.14680830889875243
141,1385,1526,0.14684069010128073
143,1371,1514,0.14686798349958896
140,1372,1512,0.14688824646763382
138,1373,1511,0.14691595486044773
140,1372,1512,0.14694760625757847
139,1360,1499,0.14697165684598812
136,1377,1513,0.14699703272724055
136,1383,1519,0.1470298097042012
135,1378,1513,0.14706033346318642
133,1378,1511,0.1470918559108631
135,1392,1527,0.1471269453548184
136,1385,1521,0.1471541723561773
138,1391,1529,0.1471763263595066
138,1395,1533,0.1471913735085526
132,1388,1520,0.1472058434979733
133,1385,1518,0.1472365597109965
133,1395,1528,0.14726218640922892
134,1391,1525,0.1472861025555468
138,1391,1529,0.1473053240303033
136,1383,1519,0.14731165494016973
129,1383,1512,0.14732343643140525
129,1373,1502,0.14735505053129658
127,1384,1511,0.14738486291110567
126,1382,1508,0.14741875069683658
124,1378,1502,0.1474535568235253
125,1391,1516,0.1474922540542927
127,1407,1534,0.14752575075309773
124,1416,1540,0.1475513115758302
116,1398,1514,0.1475843070021185
113,1397,1510,0.14763811771430466
120,1385,1505,0.1476969821328399
115,1388,1503,0.14773086034494173
116,1389,1505,0.1477768509895934
116,1382,1498,0.14781753429286149
114,1410,1524,0.1478559880148401
114,1419,1533,0.14789800825984173
115,1412,1527,0.14793712623781474
113,1407,1520,0.1479711264457618
107,1408,1515,0.14800904957067199
103,1404,1507,0.14806265218553066
104,1406,1510,0.14812443283945192
102,1406,1508,0.14817922439528228
101,1396,1497,0.14823647605335658
103,1403,1506,0.14829305075100183
103,1407,1510,0.14834002512855743
102,1413,1515,0.14838374224589856
102,1421,1523,0.14842755943516792
102,1420,1522,0.14846846179596565
105,1401,1506,0.14850660551506978
107,1400,1507,0.14853367371075232
109,1402,1511,0.14855249824641656
108,1413,1521,0.14856423295017712
107,1411,1518,0.1485778127038877
106,1422,1528,0.1485936655045122
108,1413,1521,0.14861162230905264
111,1399,1510,0.14862249557079799
114,1410,1524,0.14862392811631395
106,1420,1526,0.1486165918468906
107,1420,1527,0.14863347171701224
107,1412,1519,0.14864664813411185
107,1393,1500,0.1486586842523229
110,1405,1515,0.1486704368752359
110,1416,1526,0.1486728065850103
113,1397,1510,0.14867528313658984
111,1401,1512,0.14866883562258015
112,1417,1529,0.14866872591134503
109,1415,1524,0.1486656186085172
109,1402,1511,0.14867117114295433
110,1401,1511,0.1486760710572158
109,1398,1507,0.1486782467799498
109,1398,1507,0.14868319000019609
104,1389,1493,0.1486877532254473
106,1403,1509,0.14870712783924325
107,1404,1511,0.14871867420673468
105,1413,1518,0.14872618196653456
101,1406,1507,0.14873819648118292
99,1413,1512,0.14876140087284825
100,1415,1515,0.14878907634485014
92,1410,1502,0.14881192503531782
93,1422,1515,0.1488570002341688
93,1412,1505,0.14889621769890385
100,1414,1514,0.14893301030912512
101,1420,1521,0.14894658820819665
102,1431,1533,0.148956387300243
99,1435,1534,0.1489636306692137
97,1435,1532,0.1489792550648873
93,1425,1518,0.14899937171364186
93,1423,1516,0.1490305430732901
97,1429,1526,0.14905965307793007
95,1415,1510,0.1490751908292887
92,1433,1525,0.1490958405141718
92,1433,1525,0.149124036600859
94,1423,1517,0.14915067283087383
95,1422,1517,0.14916988679952733
95,1419,1514,0.14918494319046147
96,1423,1519,0.14919911990728482
96,1427,1523,0.14920898049247625
94,1427,1521,0.14921827885554514
91,1421,1512,0.14923220196633596
94,1407,1501,0.14925413829589598
96,1412,1508,0.14926533185236443
96,1407,1503,0.1492701603518305
92,1413,1505,0.14927496617330036
90,1421,1511,0.14929137902342526
92,1422,1514,0.14931269775340333
94,1420,1514,0.14932645202903747
98,1407,1505,0.1493330586061029
95,1420,1515,0.14932773628259138
91,1420,1511,0.14933175584236225
90,1417,1507,0.14934811512960602
92,1420,1512,0.1493665952527784
90,1427,1517,0.14937750233494732
89,1421,1510,0.14939338538483699
88,1432,1520,0.149411116029518
90,1423,1513,0.14943025705810392
89,1421,1510,0.14944241860699795
86,1423,1509,0.14945685432547745
86,1433,1519,0.149479226155391
86,1433,1519,0.14950029421832922
88,1437,1525,0.14952005294219434
87,1421,1508,0.14953297428717355
89,1416,1505,0.14954817009994542
90,1410,1500,0.1495565619014632
89,1430,1519,0.1495615646850714
91,1430,1521,0.14956908151198317
89,1435,1524,0.14957022382570836
89,1440,1529,0.1495774563482604
88,1440,1528,0.14958441789736693
85,1429,1514,0.1495939770363508
86,1422,1508,0.149612201835688
84,1421,1505,0.1496261704814782
81,1432,1513,0.14964536091732622
82,1434,1516,0.14967205215865215
80,1447,1527,0.1496938174994663
83,1442,1525,0.14972044172462115
82,1444,1526,0.14973660019090532
78,1449,1527,0.14975485681324252
77,1447,1524,0.14978380441082648
79,1445,1524,0.1498143751755895
77,1443,1520,0.14983645454933636
77,1447,1524,0.14986296289222806
77,1454,1531,0.14988791943804133
76,1451,1527,0.1499114625933473
74,1460,1534,0.14993630964526197
74,1459,1533,0.14996565207077456
75,1443,1518,0.14999339272837392
75,1458,1533,0.15001606721136582
72,1460,1532,0.15003772499186196
70,1452,1522,0.15006723096358374
69,1448,1517,0.15010060548221868
67,1443,1510,0.15013481053059277
67,1452,1519,0.15017271493351195
64,1459,1523,0.15020807323657087
61,1443,1504,0.15025004382669224
63,1451,1514,0.15029814142912784
65,1450,1515,0.15033738506774091
63,1460,1523,0.1503675747295952
63,1454,1517,0.1504021162436118
62,1453,1515,0.15043452989609668
62,1455,1517,0.1504681124087911
59,1472,1531,0.15049993240038625
57,1456,1513,0.15053912333999708
57,1462,1519,0.15058206064578247
56,1456,1512,0.15062229376786726
57,1458,1515,0.1506628067678305
59,1455,1514,0.15069804557896332
57,1450,1507,0.15072523811407823
56,1440,1496,0.15075699231886186
58,1443,1501,0.15079030388761158
59,1441,1500,0.1508152669211501
59,1443,1502,0.1508352812984343
56,1449,1505,0.15085411231262916
59,1451,1510,0.1508805261823879
57,1456,1513,0.15089646081019115
59,1453,1512,0.15091768648926313
60,1455,1515,0.15093157765584617
57,1447,1504,0.15094152552564322
58,1450,1508,0.15096002842860204
56,1456,1512,0.1509745047074943
57,1453,1510,0.15099397103636433
56,1454,1510,0.15100943423540655
58,1454,1512,0.15102633944005828
58,1452,1510,0.15103635858143188
57,1449,1506,0.15104565944146622
54,1455,1509,0.1510572430303544
56,1461,1517,0.15107750599872244
54,1453,1507,0.15109052372723003
50,1452,1502,0.15110854769399587
53,1451,1504,0.15113731266848113
52,1448,1500,0.15115557383129047
53,1465,1518,0.1511759234153752
53,1465,1518,0.1511923239734525
56,1457,1513,0.15120809129915475
54,1463,1517,0.15121368204236185
52,1456,1508,0.15122539730415882
52,1463,1515,0.1512421622675069
51,1461,1512,0.15125802726559323
49,1458,1507,0.15127511331838916
49,1475,1524,0.1512976184523264
51,1474,1525,0.15131836588384714
52,1473,1525,0.15133147454986295
49,1467,1516,0.15134066998708595
46,1462,1508,0.15135827663645254
41,1457,1498,0.15138424277170784
40,1455,1495,0.15142361460951437
42,1455,1497,0.15146354060472475
44,1458,1502,0.1514947577897989
44,1456,1500,0.15151765463080225
44,1476,1520,0.15153917548181162
44,1473,1517,0.15155915729049463
44,1473,1517,0.15157768558908946
43,1471,1514,0.15159527034695017
46,1474,1520,0.15161490937369276
43,1470,1513,0.15162462498383864
43,1472,1515,0.15164279911497736
42,1461,1503,0.15166026195727755
45,1460,1505,0.1516795977093074
45,1452,1497,0.15168862874684957
48,1458,1506,0.1516969670539155
48,1453,1501,0.1516952177995253
48,1455,1503,0.15169412344821323
46,1454,1500,0.15169314230125064
47,1481,1528,0.15169864045838358
45,1473,1518,0.15170061974686289
44,1476,1520,0.1517087989318725
43,1472,1515,0.15171957543988843
44,1482,1526,0.1517323961285385
44,1483,1527,0.1517415234295758
45,1480,1525,0.1517502126803263
44,1477,1521,0.15175557827892805
43,1461,1504,0.15176384392108477
45,1467,1512,0.15177450914686208
44,1473,1517,0.1517783776865553
45,1483,1528,0.1517851372177691
45,1472,1517,0.1517882187189637
46,1477,1523,0.15179120065472457
45,1468,1513,0.15179124608708291
46,1461,1507,0.1517945603686398
44,1477,1521,0.15179470197784978
43,1469,1512,0.15180138929647324
44,1469,1513,0.15181081229223647
44,1469,1513,0.1518163023016295
42,1480,1522,0.1518216665792372
43,1494,1537,0.15183264279828293
43,1492,1535,0.1518400096534202
44,1477,1521,0.1518469614545911
43,1469,1512,0.15184991731002342
44,1472,1516,0.15185592700454248
45,1470,1515,0.15185862976187153
44,1477,1521,0.15185848397837343
45,1474,1519,0.1518613530754157
43,1474,1517,0.1518608146869074
43,1470,1513,0.1518669960389464
42,1476,1518,0.15187281250759999
45,1474,1519,0.1518814506567429
47,1471,1518,0.15188033169414317
47,1469,1516,0.1518730967070895
45,1471,1516,0.15186626940114908
45,1477,1522,0.15186566984719616
47,1479,1526,0.15186511000973504
46,1475,1521,0.15185895247101386
46,1478,1524,0.15185633220702052
45,1483,1528,0.1518538871935288
44,1497,1541,0.151854742995328
45,1484,1529,0.15185868903786998
44,1484,1528,0.15185955596718112
45,1471,1516,0.15186370244683878
45,1483,1528,0.1518644870252942
44,1463,1507,0.1518655244194865
46,1457,1503,0.15186982409173713
45,1454,1499,0.15186760178389766
45,1448,1493,0.1518688405992091
46,1456,1502,0.15187006943366543
46,1456,1502,0.15186825620256958
41,1457,1498,0.15186665380831038
44,1459,1503,0.15187999113906472
45,1462,1507,0.15188380807635027
44,1475,1519,0.15188458178627523
44,1479,1523,0.1518882577344956
43,1476,1519,0.15189173668254882
42,1486,1528,0.15189834084002465
42,1474,1516,0.15190764536242068
40,1475,1515,0.15191634440138355
39,1474,1513,0.15193065540771325
40,1473,1513,0.15194699020714997
38,1485,1523,0.1519590667116707
39,1489,1528,0.15197603873315516
39,1486,1525,0.15198868243607266
38,1483,1521,0.15200047946033177
36,1484,1520,0.15201442298524176
37,1474,1511,0.15203371533723517
38,1498,1536,0.15204874094398088
38,1492,1530,0.1520599783615066
37,1472,1509,0.1520709916512445
36,1468,1504,0.15208424618922034
36,1473,1509,0.15209983768022617
36,1472,1508,0.15211445492714598
35,1476,1511,0.1521281544976353
34,1474,1508,0.15214353983767334
34,1482,1516,0.1521613198687991
34,1472,1506,0.1521779763323743
34,1490,1524,0.152193571201637
32,1494,1526,0.1522081772061534
32,1491,1523,0.15222822949584583
32,1487,1519,0.15224727434130564
30,1494,1524,0.15226509243224703
31,1480,1511,0.15228792984953468
33,1484,1517,0.15230619504347576
31,1468,1499,0.1523176308274563
32,1469,1501,0.15233407006895447
32,1477,1509,0.15234628396449687
31,1478,1509,0.1523577336363064
31,1489,1520,0.15237128827549282
32,1486,1518,0.1523840274453012
33,1488,1521,0.15239314685189861
31,1492,1523,0.15239882431681187
31,1485,1516,0.1524101851783635
31,1476,1507,0.1524206263184186
32,1480,1512,0.1524299329020357
34,1472,1506,0.15243599009984024
32,1464,1496,0.15243556731724778
32,1469,1501,0.15244170881971703
32,1479,1511,0.15244704437662138
33,1493,1526,0.15245206587808555
32,1472,1504,0.15245389818893212
33,1476,1509,0.15245863325087503
33,1478,1511,0.15245996030122874
33,1476,1509,0.15246075591399974
33,1484,1517,0.15246197282958257
34,1482,1516,0.15246310286141904
34,1486,1520,0.15246096205751883
31,1493,1524,0.1524588271219063
32,1489,1521,0.15246598270976797
32,1487,1519,0.1524694517946531
33,1493,1526,0.1524726160854771
35,1494,1529,0.15247258176486211
36,1490,1526,0.15246652849806402
35,1497,1532,0.1524578790479424
37,1505,1542,0.15245281489425414
36,1488,1524,0.1524419685193607
35,1496,1531,0.15243509709766911
34,1486,1520,0.15243195627526243
32,1486,1518,0.15243224695940344
31,1488,1519,0.15243824180927884
31,1493,1524,0.15244660168956764
32,1492,1524,0.15245432472651646
34,1484,1518,0.15245860650534152
35,1490,1525,0.15245654117828913
34,1480,1514,0.15245178990518812
34,1481,1515,0.1524506369327276
34,1488,1522,0.15244963028633066
34,1495,1529,0.15244873689471772
33,1496,1529,0.15244783568817902
34,1492,1526,0.15245020778331975
32,1480,1512,0.1524495687414601
31,1488,1519,0.15245483230746004
33,1477,1510,0.15246274393237147
34,1480,1514,0.15246425310233186
32,1484,1516,0.15246266833168526
33,1477,1510,0.1524670897358583
34,1470,1504,0.1524679778561273
34,1475,1509,0.15246582196845307
34,1473,1507,0.15246422165184847
31,1480,1511,0.15246279752619224
32,1483,1515,0.1524707803115521
31,1483,1514,0.15247521318397841
32,1487,1519,0.15248227541335857
31,1508,1539,0.15248560438122513
31,1506,1537,0.15249150473788645
29,1492,1521,0.15249698513166748
31,1497,1528,0.1525079803774944
31,1499,1530,0.1525124094092169
30,1495,1525,0.15251660741167905
30,1494,1524,0.1525238303805663
29,1497,1526,0.15253054055164988
30,1486,1516,0.1525397474070836
27,1483,1510,0.15254511191587017
27,1487,1514,0.15255922212524317
27,1486,1513,0.15257204439491293
29,1482,1511,0.15258416998470348
28,1473,1501,0.15258922264964794
25,1483,1508,0.15259690886998853
27,1484,1511,0.15261357093737069
28,1475,1503,0.1526227414778359
28,1474,1502,0.1526284658018005
28,1487,1515,0.1526339117572282
27,1482,1509,0.1526390557787082
27,1484,1511,0.15264696541017872
29,1482,1511,0.1526545410228638
28,1500,1528,0.15265588141317565
27,1489,1516,0.1526604843209096
27,1487,1514,0.15266777154726874
27,1488,1515,0.1526746286483536
28,1509,1537,0.15268108579872583
28,1499,1527,0.15268425006967803
28,1489,1517,0.15268727766537613
29,1468,1497,0.15269016024164223
30,1474,1504,0.1526898795629141
30,1471,1501,0.15268645985490015
29,1480,1509,0.152683308261127
27,1493,1520,0.15268301327953393
28,1490,1518,0.15268893334319197
28,1502,1530,0.15269150367195627
27,1497,1524,0.1526938387463563
27,1495,1522,0.15269883380535776
27,1492,1519,0.152703383255657
26,1476,1502,0.15270783368299193
26,1482,1508,0.15271492932477393
27,1480,1507,0.15272160060227924
27,1474,1501,0.1527251595608627
27,1474,1501,0.1527285118741808
27,1494,1521,0.15273220867533166
29,1488,1517,0.1527356472598301
27,1508,1535,0.15273294932432907
26,1495,1521,0.15273686938398903
27,1485,1512,0.15274358191911933
27,1480,1507,0.15274737562604163
27,1463,1490,0.15275098743187063
27,1469,1496,0.15275444527951215
28,1475,1503,0.15275766124232854
28,1477,1505,0.15275734272910768
26,1472,1498,0.15275714495189452
25,1497,1522,0.15276310861261336
25,1499,1524,0.15277150090339045
25,1494,1519,0.15277925940040546
24,1497,1521,0.15278649251389656
26,1486,1512,0.15279624958914004
25,1482,1507,0.15279963465668145
26,1479,1505,0.15280578081728902
27,1485,1512,0.15280871691245165
28,1490,1518,0.15280850183512504
28,1474,1502,0.15280552326000843
27,1471,1498,0.15280288462660344
27,1488,1515,0.15280339958120376
27,1480,1507,0.15280389040396997
27,1481,1508,0.1528043631630642
26,1470,1496,0.15280482161578396
26,1488,1514,0.15280841678659804
25,1495,1520,0.15281177618018987
26,1496,1522,0.15281784031671702
26,1498,1524,0.15282056963498436
26,1495,1521,0.15282314541782518
25,1492,1517,0.15282557399672908
24,1499,1523,0.15283072601761927
24,1498,1522,0.15283853071673648
24,1500,1524,0.15284579092429382
24,1489,1513,0.15285230161736874
23,1493,1516,0.1528583936158445
22,1483,1505,0.15286688379943794
22,1491,1513,0.15287764022770178
24,1496,1520,0.15288763037062278
24,1487,1511,0.15289074880875095
25,1491,1516,0.15289366158207243
26,1486,1512,0.15289351387521155
27,1497,1524,0.152890605399291
27,1497,1524,0.15288466350596036
26,1500,1526,0.15287917506460932
27,1491,1518,0.15287710854964534
27,1494,1521,0.1528722933758289
27,1501,1528,0.15286788163801315
28,1510,1538,0.15286379890050872
28,1508,1536,0.15285697360697173
29,1501,1530,0.15285060957480825
29,1502,1531,0.1528418414230117
29,1496,1525,0.1528337214677385
29,1494,1523,0.1528256784593857
28,1491,1519,0.15281818122602123
28,1491,1519,0.15281418620239506
27,1501,1528,0.15281047099946474
26,1508,1534,0.15281025886711794
26,1508,1534,0.15281291974021438
25,1494,1519,0.15281534559182888
24,1504,1528,0.15282038601802905
25,1491,1516,0.15282794900965618
25,1495,1520,0.1528320765815433
25,1485,1510,0.15283593830168787
25,1486,1511,0.15283961380384953
25,1484,1509,0.15284295114571558
27,1494,1521,0.1528460457256204
28,1489,1517,0.15284302342147563
28,1488,1516,0.15283736289449548
29,1480,1509,0.15283208002780113
29,1497,1526,0.15282435507980494
28,1502,1530,0.15281681829623495
29,1500,1529,0.1528127416496149
31,1504,1535,0.15280617022844784
30,1503,1533,0.1527942596481159
30,1496,1526,0.15278614813375338
29,1489,1518,0.152778565884305
29,1480,1509,0.15277440456683528
29,1491,1520,0.15277029631786707
29,1482,1511,0.15276642197771392
29,1482,1511,0.15276291325385113
28,1473,1501,0.15275971967177668
27,1464,1491,0.15275953196186814
27,1465,1492,0.15276201814659823
27,1469,1496,0.15276429927681387
28,1489,1517,0.15276658948865923
27,1489,1516,0.1527655382740833
26,1489,1515,0.15276721741102495
26,1483,1509,0.1527715573789702
26,1483,1509,0.1527755688089684
27,1491,1518,0.15277926949052573
27,1472,1499,0.15277938330323287
26,1486,1512,0.15277953301962316
25,1492,1517,0.15278290109520412
26,1504,1530,0.152789387304136
26,1482,1508,0.1527922839434527
27,1490,1517,0.1527949736575129
27,1492,1519,0.152794573979503
27,1483,1510,0.15279428499469436
26,1489,1515,0.15279405726837653
27,1485,1512,0.15279712968114814
27,1494,1521,0.1527972207732234
25,1497,1522,0.15279740522343213
24,1481,1505,0.15280322813915126
25,1475,1500,0.15281161105467275
23,1478,1501,0.15281671771564415
24,1479,1503,0.15282749686037492
21,1501,1522,0.15283443158613114
21,1499,1520,0.1528498680146307
21,1494,1515,0.15286418009549352
20,1488,1508,0.15287751441480102
21,1501,1522,0.15289286156191687
23,1505,1528,0.1529042854636896
23,1508,1531,0.1529090848330029
21,1498,1519,0.15291365076008684
22,1503,1525,0.15292421792406286
23,1496,1519,0.15293086276971693
21,1497,1518,0.15293426605919339
23,1493,1516,0.1529432324491605
23,1504,1527,0.15294581400152418
22,1493,1515,0.15294827402311953
22,1501,1523,0.15295349702357733
22,1487,1509,0.152958449188936
25,1494,1519,0.1529631051672819
23,1485,1508,0.15295862863130077
23,1469,1492,0.15296068284610778
23,1482,1505,0.15296265658348562
23,1494,1517,0.15296454115713634
21,1498,1519,0.15296628438640786
20,1501,1521,0.15297359805368038
21,1497,1518,0.15298343664278577
22,1506,1528,0.152989711341834
22,1500,1522,0.15299272575671188
21,1492,1513,0.15299558179894457
21,1490,1511,0.15300112541642708
20,1493,1513,0.15300627144787426
22,1485,1507,0.15301396881783075
22,1487,1509,0.15301522107935198
23,1484,1507,0.15301640208987316
26,1492,1518,0.15301466433480923
26,1483,1509,0.1530042385294629
26,1488,1514,0.1529946966578732
25,1472,1497,0.1529859106518873
23,1481,1504,0.15298070844862455
22,1486,1508,0.15298174205093545
22,1506,1528,0.15298562921992886
23,1495,1518,0.15298909506349226
22,1501,1523,0.1529895730326995
22,1498,1520,0.15299294726509433
22,1497,1519,0.1529960816117637
20,1502,1522,0.15299899770905978
20,1513,1533,0.15300744253865198
20,1508,1528,0.15301533424526806
20,1494,1514,0.1530226912911319
19,1490,1509,0.15302955255400885
17,1492,1509,0.1530393319200043
17,1478,1495,0.15305443250690234
18,1490,1508,0.15306852868603607
19,1486,1505,0.15307876100467152
19,1489,1508,0.15308543754600365
19,1483,1502,0.15309172442780702
20,1487,1507,0.1530976398400552
20,1487,1507,0.15310036679299002
20,1493,1513,0.15310293823936783
18,1498,1516,0.15310538277469846
19,1502,1521,0.1531134446755435
20,1497,1517,0.15311808305020824
19,1490,1509,0.15311956875701072
18,1496,1514,0.15312379509107513
17,1490,1507,0.153130651363612
17,1494,1511,0.1531400267477481
18,1488,1506,0.1531488877819382
18,1502,1520,0.15315438937539697
19,1495,1514,0.15315954313920555
19,1496,1515,0.1531615210714114
19,1497,1516,0.15316342765568933
18,1490,1508,0.15316525573591583
17,1485,1502,0.15316992609357263
18,1497,1515,0.1531773648136482
17,1496,1513,0.15318119668091743
18,1509,1527,0.15318787161005695
17,1513,1530,0.15319117352705672
16,1514,1530,0.1531974763364386
15,1507,1522,0.15320627970592937
15,1495,1510,0.15321723086885974
14,1507,1521,0.15322760175319952
15,1514,1529,0.15324020298820393
16,1509,1525,0.15324906033057098
16,1500,1516,0.1532542480734119
17,1491,1508,0.15325905872975765
18,1500,1518,0.15326064771409675
18,1511,1529,0.15325925508395888
17,1508,1525,0.15325804919770503
17,1506,1523,0.1532598183521424
18,1501,1519,0.15326152687631867
18,1494,1512,0.15326010311298746
19,1497,1516,0.15325881836913002
19,1506,1525,0.1532548001293954
18,1498,1516,0.15325105710581385
18,1483,1501,0.1532506866111026
17,1489,1506,0.1532503613840697
18,1491,1509,0.15325287269052676
17,1505,1522,0.15325242210027798
17,1504,1521,0.1532548175622069
18,1496,1514,0.1532570417297917
17,1506,1523,0.15325626484723845
17,1510,1527,0.1532585055928506
18,1502,1520,0.15326055851635462
17,1500,1517,0.15325952478152277
18,1507,1525,0.15326165514654547
17,1496,1513,0.1532605889026387
17,1507,1524,0.15326257529321446
17,1502,1519,0.15326442339945368
17,1504,1521,0.15326614535645539
16,1495,1511,0.15326784398858817
17,1491,1508,0.153272401946862
16,1501,1517,0.15327363390822196
17,1497,1514,0.15327761636898868
16,1487,1503,0.153278540072194
14,1490,1504,0.15328243360308322
14,1489,1503,0.15329200158466671
15,1492,1507,0.15330089194743876
15,1494,1509,0.15330631557757113
15,1499,1514,0.15331140968334453
15,1499,1514,0.15331619047478526
15,1503,1518,0.15332067446995448
15,1495,1510,0.15332487899318725
15,1495,1510,0.153328821180374
16,1497,1513,0.1533325174874147
16,1496,1512,0.15333300574971317
15,1501,1516,0.15333349796872828
15,1515,1530,0.15333694299758818
14,1511,1525,0.15334012008800652
14,1500,1514,0.15334619209733946
14,1513,1527,0.15335186321202826
14,1510,1524,0.15335717170229385
14,1501,1515,0.15336214338088833
15,1507,1522,0.15336680093856284
14,1509,1523,0.15336818285482726
14,1516,1530,0.15337249824596058
13,1515,1528,0.1533765515962545
11,1504,1515,0.15338333574046112
11,1492,1503,0.1533954409729798
12,1500,1512,0.15340678151691456
12,1502,1514,0.15341435490620317
12,1494,1506,0.1534214307084296
12,1501,1513,0.1534280442045991
12,1498,1510,0.15343423279559945
12,1497,1509,0.15344002803564902
12,1496,1508,0.1534454576722447
12,1516,1528,0.1534505466816276
13,1515,1528,0.15345531783455615
12,1508,1520,0.15345687633383004
11,1516,1527,0.15346139825814886
11,1510,1521,0.15346856284086344
10,1518,1528,0.15347524142251573
11,1501,1512,0.15348450648245004
10,1504,1514,0.153490192266848
10,1499,1509,0.15349843116301007
11,1509,1520,0.1535061645304388
11,1508,1519,0.1535104895362165
11,1504,1515,0.15351454135856202
11,1504,1515,0.15351835573918424
12,1500,1512,0.15352194373472053
12,1504,1516,0.15352233367159215
12,1492,1504,0.1535227263840099
12,1493,1505,0.1535231137700659
12,1499,1511,0.1535234929796528
12,1498,1510,0.15352386136713478
11,1503,1514,0.15352421710106262
11,1504,1515,0.15352759535116822
11,1494,1505,0.15353076806352997
11,1504,1515,0.15353374900869263
10,1505,1515,0.1535365471334068
10,1500,1510,0.1535421514966608
10,1500,1510,0.15354739764192143
10,1508,1518,0.1535523103876564
9,1517,1526,0.15355691166462143
9,1506,1515,0.1535642296899174
10,1494,1504,0.1535711331877482
9,1495,1504,0.15357461254187815
10,1498,1508,0.15358086728686624
10,1503,1513,0.15358374134140768
9,1501,1510,0.15358645256270742
10,1501,1511,0.15359192019320958
10,1496,1506,0.15359414864444776
9,1497,1506,0.15359622501327652
9,1501,1510,0.15360118410532747
10,1516,1526,0.15360583441667802
10,1515,1525,0.15360718601367138
10,1518,1528,0.15360846624291832
10,1514,1524,0.15360967531594916
10,1514,1524,0.15361081729128975
8,1512,1520,0.15361189511252163
9,1501,1510,0.15361889948639265
10,1499,1509,0.15362239935202118
11,1508,1519,0.1536226584364124
10,1501,1511,0.15361997818037884
9,1511,1520,0.15362050010615416
10,1514,1524,0.1536240013280581
10,1510,1520,0.15362420808225435
10,1515,1525,0.153624396089631
10,1518,1528,0.1536245660660076
10,1504,1514,0.15362472332314095
10,1500,1510,0.1536248703461327
9,1502,1511,0.15362505981891433
10,1512,1522,0.153628124459713
10,1499,1509,0.15362806670611698
10,1509,1519,0.15362798672207406
9,1504,1513,0.15362790916365704
9,1496,1505,0.15363083054334947
9,1490,1499,0.15363355578642535
8,1505,1513,0.15363610002139205
8,1505,1513,0.1536414921988026
8,1508,1516,0.15364653848163318
8,1507,1515,0.15365126364645293
7,1513,1520,0.15365568904366372
7,1512,1519,0.15366285290524506
7,1518,1525,0.15366961018172032
6,1519,1525,0.15367595639677023
6,1520,1526,0.15368491484848165
7,1526,1533,0.15369331301703565
5,1518,1523,0.1536981532269708
5,1509,1514,0.15370870547713328
6,1501,1507,0.15371867528500563
6,1509,1515,0.1537250119568321
5,1512,1517,0.15373092745680123
6,1507,1513,0.15373949427450787
5,1504,1509,0.15374455098173798
5,1514,1519,0.15375231079807203
5,1519,1524,0.1537596348882743
5,1524,1529,0.1537665204946337
5,1515,1520,0.15377298976534168
6,1515,1521,0.15377906687413934
6,1519,1525,0.15378165887395112
5,1507,1512,0.15378414660672893
3,1519,1522,0.15378958807061374
3,1505,1508,0.1538008749099005
3,1506,1509,0.15381135851379638
3,1518,1521,0.153821260348126
3,1512,1515,0.1538305653243258
3,1509,1512,0.15383930666483878
3,1498,1501,0.15384751855526363
3,1500,1503,0.15385523350156763
3,1504,1507,0.15386248203184702
3,1500,1503,0.1538692927415729
3,1504,1507,0.15387569240720927
3,1515,1518,0.15388170610904398
3,1516,1519,0.15388735734851686
3,1509,1512,0.1538926681567408
3,1512,1515,0.15389765919409717
3,1517,1520,0.1539023498416317
3,1509,1512,0.1539067582851205
3,1516,1519,0.1539109015926152
3,1525,1528,0.15391479578616998
3,1516,1519,0.15391845590834957
3,1518,1521,0.15392189608402662
3,1518,1521,0.15392512957790597
3,1510,1513,0.15392816884814844
3,1513,1516,0.15393102559642244
3,1505,1508,0.15393371081466875
3,1515,1518,0.15393623482883056
3,1520,1523,0.15393860733977627
3,1534,1537,0.153940837461615
3,1516,1519,0.15394293375759066
3,1512,1515,0.15394490427371935
3,1522,1525,0.1539467565703228
3,1520,1523,0.15394849775159894
3,1516,1519,0.1539501344933566
3,1516,1519,0.15395167306903532
4,1515,1519,0.1539531193741198
4,1508,1512,0.15395131081711783
4,1513,1517,0.15394961228892928
5,1507,1512,0.1539480188260369
6,1507,1513,0.153943326342919
7,1514,1521,0.15393580356852543
7,1507,1514,0.15392567656362782
7,1518,1525,0.1539161547179474
7,1520,1527,0.1539072220735844
7,1514,1521,0.15389884367282566
7,1516,1523,0.15389098453986472
7,1522,1529,0.1538836114982992
6,1527,1533,0.15387669348525773
6,1518,1524,0.15387335887506626
6,1519,1525,0.15387021579011892
5,1513,1518,0.15386726538649384
6,1504,1510,0.1538675991613545
7,1505,1512,0.15386480247391282
6,1522,1528,0.1538589936131845
6,1517,1523,0.15385666085720626
5,1521,1526,0.15385447319244455
5,1494,1499,0.15385551180547455
5,1500,1505,0.15385648406169938
4,1514,1518,0.15385739777648424
4,1509,1513,0.15386130718188565
4,1503,1507,0.1538650201985697
3,1497,1500,0.1538685128819292
3,1512,1515,0.15387492308556908
3,1524,1527,0.15388095567855797
3,1533,1536,0.1538866289296977
3,1529,1532,0.15389196102076594
3,1511,1514,0.1538969715453263
3,1508,1511,0.15390167963602683
3,1512,1515,0.15390610351774306
3,1519,1522,0.15391026040311137
4,1514,1518,0.15391416649240156
4,1509,1513,0.15391467994542926
4,1513,1517,0.15391515900517688
5,1504,1509,0.15391560641453203
5,1502,1507,0.15391281393154596
4,1506,1510,0.15391021053646384
4,1525,1529,0.15391091202905524
4,1519,1523,0.15391157935040684
4,1506,1510,0.15391221054975085
4,1510,1514,0.1539128046395184
4,1522,1526,0.1539133629890393
3,1508,1511,0.15391388749666673
4,1520,1524,0.15391756792893374
5,1505,1510,0.15391782729037373
5,1513,1518,0.15391489557597798
4,1514,1518,0.15391215864815874
4,1508,1512,0.1539127854608964
4,1517,1521,0.15391335726872843
4,1511,1515,0.1539138925271375
5,1524,1529,0.15391439520663375
5,1517,1522,0.15391164654515457
5,1516,1521,0.15390907930804298
5,1514,1519,0.15390667272767516
4,1506,1510,0.1539044146245268
4,1513,1517,0.15390547537630003
4,1508,1512,0.15390646193840257
4,1516,1520,0.15390739207090826
4,1510,1514,0.15390826814910516
5,1519,1524,0.15390909250740378
4,1517,1521,0.15390667129559632
4,1526,1530,0.15390760824797295
4,1516,1520,0.1539084687871732
4,1510,1514,0.15390928514846158
4,1525,1529,0.15391005247943487
4,1527,1531,0.15391077307261358
5,1526,1531,0.15391144973223245
5,1521,1526,0.15390886659813513
5,1517,1522,0.15390645706845366
5,1528,1533,0.1539041975261544
5,1523,1528,0.15390207625959132
4,1520,1524,0.15390008417542142
4,1519,1523,0.15390141969541424
4,1528,1532,0.15390266288357934
4,1528,1532,0.1539038267447254
4,1516,1520,0.15390491818361599
4,1517,1521,0.1539059423687112
4,1511,1515,0.1539069037571695
4,1502,1506,0.15390780638074747
4,1505,1509,0.15390865395246428
3,1503,1506,0.15390944991824168
3,1499,1502,0.1539133057376736
2,1506,1508,0.15391697944851374
2,1521,1523,0.15392366829779058
2,1539,1541,0.15392995034783977
2,1532,1534,0.1539358556924844
3,1521,1524,0.15394140758881394
2,1521,1523,0.15394340682241575
2,1511,1513,0.15394851658381556
2,1522,1524,0.1539533111978119
2,1522,1524,0.15395781906110817
2,1504,1506,0.15396205755721856
2,1509,1511,0.1539660425473393
1,1497,1498,0.15396978902677666
1,1509,1510,0.15397654168606148
1,1509,1510,0.1539828831599563
1,1517,1518,0.1539888444164096
1,1509,1510,0.15399444905975687
1,1502,1503,0.15399971857943207
1,1510,1511,0.1540046730450097
1,1495,1496,0.15400933129554661
1,1494,1495,0.15401371103765693
1,1515,1516,0.15401782891931615
1,1510,1511,0.15402170059441964
1,1518,1519,0.15402534078219784
1,1515,1516,0.15402876332279583
1,1530,1531,0.1540319812295272
1,1519,1520,0.1540350067380649
1,1518,1519,0.15403785135275255
1,1510,1511,0.15404052589019787
1,1509,1510,0.15404304052029638
1,1520,1521,0.1540454048048314
2,1510,1512,0.15404762773378672
2,1520,1522,0.15404647417019274
2,1528,1530,0.15404540038055908
1,1528,1529,0.1540443931200505
1,1522,1523,0.15404667533934047
1,1523,1524,0.1540488180353849
1,1528,1529,0.15405083555225427
1,1519,1520,0.15405273391257737
1,1510,1511,0.1540545195583899
1,1512,1513,0.15405619889989278
1,1512,1513,0.1540577781189451
1,1530,1531,0.15405926310260448
1,1524,1525,0.1540606594251814
1,1523,1524,0.15406197234966343
0,1521,1521,0.15406320683731348
