1359,28,1387,0.1358210625848191
1377,30,1407,0.13300835234187366
1395,34,1429,0.1303922935489387
1403,39,1442,0.12795736667823654
1422,39,1461,0.12571620742014436
1434,38,1472,0.12362300851188106
1444,38,1482,0.12168459990422961
1447,38,1485,0.11989379936125179
1444,37,1481,0.1182552646343755
1447,38,1485,0.11677052708505294
1438,39,1477,0.1154108791601137
1445,42,1487,0.11419481164165578
1443,45,1488,0.11307049921895544
1460,44,1504,0.11205160066290948
1459,47,1506,0.11108393040871985
1450,45,1495,0.11020566292921678
1456,47,1503,0.10942704388147156
1441,46,1487,0.10870422096356451
1442,49,1491,0.10808039128207642
1444,51,1495,0.10751080548785694
1444,48,1492,0.10698692334412946
1462,53,1515,0.1065101054203756
1466,52,1518,0.10603538236444436
1466,53,1519,0.10559511441229034
1449,52,1501,0.10519444737374375
1433,53,1486,0.10486685682631876
1439,55,1494,0.10460383119431967
1439,53,1492,0.10435169097216938
1445,51,1496,0.10412197085289204
1431,55,1486,0.10389982945475058
1432,54,1486,0.10372789119099082
1444,57,1501,0.10356901369772706
1425,56,1481,0.1033984418797741
1423,59,1482,0.10328474069412888
1424,61,1485,0.10318539765986585
1432,58,1490,0.10309225311785358
1438,56,1494,0.10299046061365104
1433,61,1494,0.10288484251176673
1433,61,1494,0.10279928055778978
1436,59,1495,0.10272103059745535
1429,63,1492,0.10264301065653994
1429,62,1491,0.10258678413260265
1431,62,1493,0.10253569671773506
1438,62,1500,0.10248544986520552
1430,63,1493,0.10242415364865863
1441,63,1504,0.10238549937888967
1438,68,1506,0.10232686753354962
1428,66,1494,0.10228015013456533
1426,65,1491,0.10225903269753008
1415,68,1483,0.10224429457312847
1432,66,1498,0.10225479308543992
1422,66,1488,0.1022278402134656
1420,70,1490,0.10222530642453269
1435,70,1505,0.10222743885657952
1424,73,1497,0.10219668009092438
1432,73,1505,0.1021925976659325
1431,73,1504,0.1021720644320559
1410,75,1485,0.10215570874431283
1424,76,1500,0.10218671345477395
1425,77,1502,0.10218502400597096
1411,75,1486,0.10218113749014013
1429,75,1504,0.10220840693953077
1422,75,1497,0.10219375750228267
1422,77,1499,0.1021951741082813
1425,80,1505,0.10219659899279573
1407,76,1483,0.10219143998145348
1422,79,1501,0.1022251483099513
1413,78,1491,0.10222359403804235
1403,79,1482,0.10224104905276374
1417,79,1496,0.10227929086657232
1410,80,1490,0.10228358585048301
1406,83,1489,0.10230310616956403
1401,89,1490,0.1023299347032271
1404,87,1491,0.1023651979510288
1411,86,1497,0.10239123176883826
1393,86,1479,0.10239951950958638
1376,86,1462,0.10244652111920895
1383,89,1472,0.10252636408148778
1396,89,1485,0.10258426024138982
1395,95,1490,0.10260908296665416
1387,96,1483,0.10263328250347396
1395,96,1491,0.10267290491339726
1404,95,1499,0.10269198280313319
1402,99,1501,0.10268985746517906
1392,101,1493,0.10269321143759694
1392,106,1498,0.10271741380862207
1396,104,1500,0.10274031238353333
1392,108,1500,0.10275184804594105
1391,106,1497,0.10277137187742297
1391,104,1495,0.10279149421220421
1390,101,1491,0.10281039801206525
1400,104,1504,0.10283037813819032
1405,100,1505,0.10282626186990747
1399,100,1499,0.10281140355207413
1397,101,1498,0.10281078868391617
1400,102,1502,0.10281389346832114
1397,106,1503,0.10280991186496484
1393,105,1498,0.10281315149550092
1389,109,1498,0.1028241293919859
1384,107,1491,0.10284308901820197
1385,107,1492,0.10287188238320379
1383,106,1489,0.10289563193163065
1376,106,1482,0.10292139354226659
1376,103,1479,0.10295961347283802
1384,105,1489,0.10299495999192704
1370,109,1479,0.10300945943657432
1367,110,1477,0.10305325718192122
1386,107,1493,0.10309979411346863
1388,112,1500,0.10310087329295228
1384,113,1497,0.10309815299787133
1385,115,1500,0.10310444229959553
1375,115,1490,0.10310847149747307
1376,119,1495,0.10313393502833071
1370,114,1484,0.10315491139665985
1361,115,1476,0.10318703312132083
1362,117,1479,0.10323694588669831
1376,116,1492,0.10328009282820902
1373,113,1486,0.1032887065696408
1363,115,1478,0.103302691459797
1366,115,1481,0.10333744244739514
1378,116,1494,0.10336254816103352
1386,113,1499,0.10335938754047941
1380,116,1496,0.10333849481029304
1377,112,1489,0.10333223446156481
1391,115,1506,0.10333302101012382
1367,114,1481,0.10330336712499318
1363,113,1476,0.1033292785765527
1382,112,1494,0.10336149642276878
1384,112,1496,0.10334936685669252
1382,114,1496,0.10333388581227872
1386,111,1497,0.10332437164190393
1384,113,1497,0.10330730832686885
1386,112,1498,0.10329577980636209
1390,115,1505,0.10328117391035484
1377,115,1492,0.10325893220147425
1390,115,1505,0.10326733272684323
1383,117,1500,0.1032461483528785
1380,119,1499,0.10324232188959968
1381,120,1501,0.10324594286541146
1380,121,1501,0.10324665152577238
1388,120,1508,0.10325002074436604
1375,124,1499,0.10323660624286372
1361,125,1486,0.10325262994827498
1366,123,1489,0.10329746065095541
1370,120,1490,0.10332802817155574
1370,119,1489,0.10334638826277906
1374,120,1494,0.10336287949091467
1365,117,1482,0.10336963269115206
1371,116,1487,0.10339524220404582
1387,119,1506,0.1034058283964491
1374,118,1492,0.10338047263382276
1373,116,1489,0.1033859334349915
1376,121,1497,0.10339304613812976
1377,120,1497,0.10339286915520435
1380,119,1499,0.10339043685364874
1365,118,1483,0.1033812188766392
1374,117,1491,0.10340554914408344
1375,121,1496,0.10340862095251319
1366,123,1489,0.1034088602044167
1385,124,1509,0.10342922021602549
1372,128,1500,0.10340640006897299
1381,124,1505,0.10341435806480728
1383,123,1506,0.103401929317896
1375,118,1493,0.1033861492664165
1375,119,1494,0.10338932436485518
1371,119,1490,0.10339195598615074
1386,125,1511,0.10340327387697844
1379,130,1509,0.1033815548383833
1380,130,1510,0.1033766823986434
1390,130,1520,0.10336939188812581
1388,130,1518,0.10334112520999787
1378,134,1512,0.1033195203925165
1387,133,1520,0.10332160512942763
1382,135,1517,0.10330362898425474
1379,133,1512,0.10329793554958049
1380,134,1514,0.10329938417571297
1393,131,1524,0.10329810488437997
1383,125,1508,0.10326954501140975
1384,126,1510,0.10326553202619455
1377,126,1503,0.10326005344784975
1377,127,1504,0.10326985661944685
1374,129,1503,0.10327900147128348
1378,124,1502,0.10329413152765589
1382,125,1507,0.1032995569837742
1370,122,1492,0.10329531497111823
1374,117,1491,0.10331697120658932
1368,117,1485,0.10332781666761588
1384,119,1503,0.10335114236056638
1384,119,1503,0.10333729791383213
1374,122,1496,0.10332483748765689
1374,124,1498,0.10333520571949276
1378,123,1501,0.1033442278153527
1372,126,1498,0.10334354462
1361,127,1488,0.1033551296407695
1353,130,1483,0.10338994302824432
1361,132,1493,0.10343883770624027
1358,133,1491,0.1034656293755911
1358,129,1487,0.10349804710333092
1353,132,1485,0.10352696352794116
1354,128,1482,0.10356460105339661
1357,131,1488,0.10359660592758174
1356,132,1488,0.10361987847743663
1352,131,1483,0.10364358413626718
1356,134,1490,0.10367421330385752
1348,133,1481,0.10369320267765118
1356,136,1492,0.1037283900601721
1355,134,1489,0.10374306165251701
1378,129,1507,0.10375863077481184
1371,131,1502,0.10372214354812308
1356,130,1486,0.10370472911664953
1364,129,1493,0.10372153998184402
1351,131,1482,0.10371908228737581
1358,131,1489,0.1037447916663956
1355,132,1487,0.10375302974507
1354,137,1491,0.10376705445900931
1358,136,1494,0.10378202967415241
1367,134,1501,0.10378729336623106
1355,135,1490,0.10377266092286852
1369,136,1505,0.10378586677254674
1367,135,1502,0.1037669025512531
1358,133,1491,0.10375362282358815
1363,136,1499,0.10376184148139492
1364,136,1500,0.10375800556995336
1370,132,1502,0.10375251531522066
1355,134,1489,0.10373391513199373
1356,139,1495,0.10375005079348934
1355,138,1493,0.10376249975271054
1370,137,1507,0.10377514620985959
1368,136,1504,0.10375422832854149
1358,140,1498,0.10373990304459248
1353,141,1494,0.103748474302622
1362,141,1503,0.10376715887439471
1373,138,1511,0.10376458464023151
1366,134,1500,0.10373855483883482
1365,135,1500,0.10372999766539685
1354,138,1492,0.10372416279562444
1357,137,1494,0.10374285413047737
1339,136,1475,0.10375306056569027
1353,139,1492,0.10380200841661029
1364,137,1501,0.10381567293715074
1370,136,1506,0.10380369975019593
1369,131,1500,0.10377953662186996
1357,132,1489,0.10376035400364443
1364,136,1500,0.10376891989803248
1369,135,1504,0.1037618705296768
1365,136,1501,0.10374459152281201
1355,135,1490,0.10373720775085216
1360,139,1499,0.10375251564836745
1353,140,1493,0.10375557193488671
1356,142,1498,0.10377411936487968
1344,144,1488,0.10378443778316196
1338,141,1479,0.10382028908918822
1340,141,1481,0.10386626090388155
1352,139,1491,0.10390412911970902
1355,140,1495,0.10391293565476344
1357,143,1500,0.10391473892432689
1343,151,1494,0.10391217156416628
1347,151,1498,0.1039404275186691
1345,153,1498,0.10395791150512995
1351,156,1507,0.10397880191553144
1353,155,1508,0.10398481356721082
1351,156,1507,0.1039862162545257
1341,163,1504,0.10399175191654858
1348,161,1509,0.10401885647971698
1332,167,1499,0.10402801136526083
1345,167,1512,0.1040714020393878
1339,169,1508,0.10408276392730922
1336,167,1503,0.1041061025674162
1333,165,1498,0.10413400415713685
1328,161,1489,0.10416626747998742
1333,158,1491,0.10420760605085463
1336,160,1496,0.1042347522727051
1338,159,1497,0.10425363222002261
1353,162,1515,0.10426617857074551
1347,160,1507,0.10424486523603121
1340,160,1500,0.1042389692588242
1352,160,1512,0.10424893138835431
1350,163,1513,0.1042317222300398
1343,164,1507,0.10421999013564953
1334,169,1503,0.10422405334751979
1333,169,1502,0.10424789221179755
1331,164,1495,0.10427241265371459
1323,168,1491,0.1042991497509379
1345,166,1511,0.10434094374993126
1346,166,1512,0.10433088084352626
1345,166,1511,0.10431935921268798
1345,165,1510,0.10431045942808188
1344,163,1507,0.10430291179538571
1341,169,1510,0.10429784087293506
1339,172,1511,0.10429995707595685
1334,173,1507,0.1043063963008729
1338,173,1511,0.10432320655683433
1331,171,1502,0.1043297645086177
1333,170,1503,0.10435085027052363
1338,170,1508,0.1043652166169247
1333,170,1503,0.10436789187944591
1333,163,1496,0.10438146120632766
1333,162,1495,0.10439391429909005
1325,161,1486,0.10440510534781933
1324,159,1483,0.1044327720519422
1326,158,1484,0.10446014766594196
1335,164,1499,0.10448021823070984
1329,162,1491,0.10447906533674328
1332,164,1496,0.10449083216338532
1333,172,1505,0.10449564643679299
1330,169,1499,0.10449827114400594
1323,170,1493,0.10450763528547807
1312,176,1488,0.10453121506829857
1320,180,1500,0.10457689651643273
1317,182,1499,0.10460227281272762
1323,181,1504,0.10463237938380303
1323,179,1502,0.10464696589333446
1325,183,1508,0.10466027843302918
1320,181,1501,0.10466798194467274
1317,184,1501,0.10468657764633002
1316,184,1500,0.10471030383865601
1322,186,1508,0.10473436521178252
1303,190,1493,0.10474378289444328
1301,195,1496,0.10479450110697411
1305,196,1501,0.10484472198343987
1304,190,1494,0.10488075511663578
1296,191,1487,0.10491573998095684
1292,191,1483,0.10496510627900787
1289,198,1487,0.10501976253444102
1285,194,1479,0.10507700565258858
1282,195,1477,0.10513780147900123
1295,192,1487,0.10519968166265727
1301,191,1492,0.1052277119937921
1302,192,1494,0.10524016481451955
1291,197,1488,0.10524891476487148
1289,201,1490,0.10528180639555336
1297,202,1499,0.10531613274352307
1286,201,1487,0.105330006704158
1273,203,1476,0.10536707360118053
1276,205,1481,0.10543030373394226
1278,202,1480,0.10548118276079654
1264,201,1465,0.10552275945722144
1279,206,1485,0.10559203246788172
1284,213,1497,0.10562191533245571
1286,211,1497,0.10563862287408142
1291,212,1503,0.10564993206474796
1290,215,1505,0.10564945385352993
1277,217,1494,0.10565255909023724
1271,214,1485,0.10568414742712509
1273,215,1488,0.10572589477161191
1271,220,1491,0.10576037675213364
1282,217,1499,0.10579638462024937
1280,222,1502,0.10580512123352236
1266,226,1492,0.10581801636877503
1263,223,1486,0.10586103159507793
1261,224,1485,0.10590792758450675
1265,227,1492,0.10595528465993144
1256,221,1477,0.10599042411790233
1271,223,1494,0.10604227590191304
1275,225,1500,0.1060563355721848
1268,231,1499,0.10605995600592961
1269,231,1500,0.10607850005210785
1274,228,1502,0.10609273152747915
1268,225,1493,0.10609553465768082
1255,227,1482,0.10611175707782632
1274,227,1501,0.10615618002209402
1273,231,1504,0.10615388511398066
1259,232,1491,0.106153022939972
1258,228,1486,0.10618345506207692
1275,227,1502,0.10621268405232258
1280,230,1510,0.1062011944461292
1270,233,1503,0.10618028180314854
1260,235,1495,0.10618382879719376
1267,239,1506,0.10620990539068637
1266,234,1500,0.10621797625854412
1272,238,1510,0.10622768699696855
1281,238,1519,0.1062230213081836
1273,239,1512,0.10619953912266757
1254,235,1489,0.10619546419344537
1263,235,1498,0.10623485847167259
1261,237,1498,0.10625055305995974
1262,234,1496,0.10627020266132846
1262,236,1498,0.10628637428757912
1272,235,1507,0.10630117138891469
1263,230,1493,0.10629253583060652
1273,231,1504,0.10630412708287613
1271,235,1506,0.10629192171584266
1266,238,1504,0.10628595096521339
1256,245,1501,0.10629155846158887
1253,247,1500,0.10631963244560814
1260,255,1515,0.10635210060034585
1240,256,1496,0.10636669265804606
1230,258,1488,0.10642478553353378
1242,260,1502,0.10650192892437431
1251,258,1509,0.10654636034992543
1252,260,1512,0.1065672571037351
1253,262,1515,0.10658308765407963
1260,263,1523,0.10659502062791244
1245,264,1509,0.1065894463649212
1236,254,1490,0.10661858075398296
1238,251,1489,0.10666329826658133
1230,252,1482,0.10669936651985452
1235,249,1484,0.106750340620582
1238,252,1490,0.10678602603414515
1236,255,1491,0.10681159748042734
1246,253,1499,0.10683982522671673
1247,252,1499,0.10684418682819688
1245,246,1491,0.10684529758743505
1248,249,1497,0.10685187804079653
1241,252,1493,0.10685129686755943
1249,253,1502,0.10686627004766361
1243,254,1497,0.10686287536976166
1247,253,1500,0.10687288140235615
1245,250,1495,0.10687303183178233
1254,250,1504,0.10687915228952559
1254,251,1505,0.10686439849579893
1248,254,1502,0.10685099002061697
1250,254,1504,0.10685228198495483
1253,256,1509,0.10684914627510535
1257,255,1512,0.10683929809172266
1254,258,1512,0.10682073115375446
1244,261,1505,0.10681048687296453
1247,262,1509,0.10682443500208116
1236,261,1497,0.10683015746229005
1251,256,1507,0.10685976865234034
1259,252,1511,0.10685256094707124
1253,251,1504,0.10682877284368356
1242,251,1493,0.1068204911274238
1246,253,1499,0.10683638189239339
1243,257,1500,0.10684278779741035
1247,254,1501,0.10685577246182794
1236,261,1497,0.10685929481354897
1239,255,1494,0.10688785943451017
1234,259,1493,0.10690686949026212
1225,255,1480,0.10693635052318655
1230,254,1484,0.10698297573265897
1221,258,1479,0.10701443593111966
1221,261,1482,0.1070639733263951
1231,268,1499,0.107108730316601
1229,274,1503,0.10712762817413365
1229,268,1497,0.10714970606540128
1220,262,1482,0.10717072591153824
1222,270,1492,0.10721026394295481
1219,272,1491,0.10724175503110242
1215,273,1488,0.10727815308913043
1220,271,1491,0.1073202662944229
1219,275,1494,0.1073478748221828
1224,272,1496,0.10737510397040413
1220,274,1494,0.10738926406627591
1199,281,1480,0.10741203675883532
1190,284,1474,0.1074804959440144
1205,291,1496,0.1075649838730082
1209,282,1491,0.10760862763559503
1198,280,1478,0.10763937707291216
1198,274,1472,0.10769291555373997
1189,275,1464,0.1077429120286611
1200,277,1477,0.10780899202292027
1194,280,1474,0.10784376331294261
1199,291,1490,0.1078894293600376
1212,292,1504,0.10791979606547063
1215,288,1503,0.10791869857697549
1221,289,1510,0.10791064809082261
1221,288,1509,0.10788896365658462
1207,294,1501,0.10786983725136107
1216,290,1506,0.10788449884879664
1209,293,1502,0.10787735382435276
1193,299,1492,0.1078859683753316
1195,296,1491,0.10793035304942247
1197,294,1491,0.10796592300991324
1200,295,1495,0.10799487230106919
1195,301,1496,0.10801508405884334
1196,306,1502,0.10804575982023712
1204,306,1510,0.10807195482195447
1207,300,1507,0.10807736298945977
1196,299,1495,0.10807474104210123
1203,292,1495,0.10809831966169846
1196,296,1492,0.1081036421937856
1197,305,1502,0.10812534985896623
1199,305,1504,0.1081437285363036
1184,306,1490,0.10815461399662472
1192,307,1499,0.10819931719674834
1185,312,1497,0.10822346260823831
1189,311,1500,0.10826070038228985
1190,316,1506,0.10828687129059535
1183,320,1503,0.10830860353485776
1189,319,1508,0.10834509241881005
1179,320,1499,0.10836505659368999
1177,325,1502,0.10840591480129563
1178,325,1503,0.10844834416219137
1180,326,1506,0.10848542831257309
1167,325,1492,0.10851545697010344
1171,324,1495,0.10857471573035805
1160,325,1485,0.10862043467871949
1156,321,1477,0.1086883733690008
1163,330,1493,0.108758829330488
1168,333,1501,0.10880756708820684
1169,335,1504,0.10884098571980493
1160,332,1492,0.10886896267363594
1166,330,1496,0.108914926895538
1164,333,1497,0.10894302109241774
1161,335,1496,0.10897378186627112
1152,343,1495,0.10900797565119026
1156,342,1498,0.10905880630134632
1163,337,1500,0.1090963944287961
1173,340,1513,0.10911492112215161
1155,339,1494,0.1091093042809622
1152,343,1495,0.10914565182787356
1149,340,1489,0.10918619579945288
1161,344,1505,0.10923141700844674
1154,341,1495,0.1092457454815505
1154,339,1493,0.10927506031559074
1150,344,1494,0.10930192873401272
1137,345,1482,0.10933627971112436
1147,341,1488,0.10939760958423861
1148,344,1492,0.10943058316345827
1149,347,1496,0.10945859579548442
1158,343,1501,0.1094819355910246
1166,349,1515,0.1094826817998396
1156,347,1503,0.1094649681994476
1154,346,1500,0.10947305838808515
1148,348,1496,0.10948611433844484
1145,340,1485,0.1095105721991373
1150,345,1495,0.10953908170126177
1150,352,1502,0.1095544255096306
1131,355,1486,0.10956861450973784
1146,345,1491,0.10962509115667113
1148,347,1495,0.1096434468666621
1138,358,1496,0.10965685570063148
1135,356,1491,0.10969094965450876
1141,369,1510,0.10973019231990534
1132,368,1500,0.10975240311501895
1130,366,1496,0.10979360771191668
1131,365,1496,0.10983601830772112
1122,369,1491,0.10987145592926593
1128,366,1494,0.10992286951369871
1134,365,1499,0.10995681052324816
1127,374,1501,0.1099745658368828
1134,373,1507,0.1100078357983454
1138,375,1513,0.11002202749292384
1135,364,1499,0.1100266517841472
1130,359,1489,0.11003818950342162
1132,365,1497,0.11006049297008463
1126,368,1494,0.11007593578295168
1133,369,1502,0.1101032568723149
1140,366,1506,0.11011097788479032
1133,366,1499,0.11010162302793727
1139,369,1508,0.11010885951152385
1131,371,1502,0.11010205884123618
1132,367,1499,0.11011327531469924
1143,366,1509,0.11012122355589404
1134,372,1506,0.11010304355390685
1132,372,1504,0.1101064922817223
1133,366,1499,0.11011564398420225
1138,372,1510,0.11012290945136279
1134,369,1503,0.11011926384919263
1134,367,1501,0.11012547518899718
1124,369,1493,0.11013179983717507
1135,365,1500,0.11016130185344658
1142,367,1509,0.1101640748135086
1134,370,1504,0.110150738962839
1126,358,1484,0.11015765127554575
1130,365,1495,0.11018298525528841
1119,361,1480,0.11019660623152848
1117,364,1481,0.11023353191914924
1119,365,1484,0.11027136800514287
1126,366,1492,0.11030234911538102
1118,372,1490,0.11031494718035122
1111,372,1483,0.11034517253131401
1124,383,1507,0.11038962627534192
1117,385,1502,0.11040158820508505
1122,385,1507,0.11042892380744285
1118,383,1501,0.11044212250817295
1102,388,1490,0.11046292613293496
1112,382,1494,0.11052018044361304
1111,381,1492,0.11054940342552463
1100,385,1485,0.11057969989060805
1104,387,1491,0.1106319484941038
1107,387,1494,0.1106717545153785
1115,378,1493,0.11069974592702386
1106,378,1484,0.11070796556372194
1107,379,1486,0.11073743158448483
1113,382,1495,0.1107621709114928
1104,387,1491,0.11077055336523628
1099,386,1485,0.11079882526102348
1104,396,1500,0.11083684774246275
1097,399,1496,0.11085989078930572
1113,400,1513,0.11089843942215925
1115,394,1509,0.11089817006980626
1112,394,1506,0.110892521586275
1108,390,1498,0.1108946966321263
1108,393,1501,0.110906132889017
1104,398,1502,0.11091761941263593
1094,402,1496,0.11093843194802218
1101,402,1503,0.11097985356251566
1101,393,1494,0.11100343575170367
1102,400,1502,0.11102510440845542
1103,394,1497,0.11104250685458124
1103,400,1503,0.11105627973024303
1107,398,1505,0.11106990468214625
1106,394,1500,0.11107405539433604
1109,393,1502,0.11107977814251539
1099,385,1484,0.11107792907825108
1098,393,1491,0.1110987228110046
1095,394,1489,0.1111192377079486
1100,394,1494,0.1111463686111827
1090,400,1490,0.11115916614085625
1084,401,1485,0.11119526955663722
1061,404,1465,0.11124283257986611
1065,408,1473,0.11133927550047897
1076,405,1481,0.11141973690549359
1087,410,1497,0.11146734169668546
1086,412,1498,0.11148500029532839
1086,410,1496,0.1115051186451324
1085,418,1503,0.11152517861905903
1074,420,1494,0.11154763364551222
1073,425,1498,0.11159367699722628
1077,433,1510,0.11163815864376307
1081,433,1514,0.1116690552778736
1075,439,1514,0.1116893073222455
1075,438,1513,0.11172428501876165
1078,439,1517,0.11175639896995143
1065,435,1500,0.11177987129328573
1063,435,1498,0.1118321182220959
1056,436,1492,0.11188573739036273
1049,437,1486,0.11194959027875612
1053,442,1495,0.11202599482349886
1058,448,1506,0.11208754881240075
1069,446,1515,0.11213430163059371
1063,446,1509,0.11215179548778026
1053,451,1504,0.11218134535634533
1070,449,1519,0.11223152839369036
1066,450,1516,0.11223828617606657
1054,451,1505,0.11225414380917059
1055,453,1508,0.11229742970347278
1057,453,1510,0.11233426223165566
1060,442,1502,0.11236295802774222
1053,440,1493,0.11238257075388795
1044,449,1493,0.11241655911551753
1054,447,1501,0.11246994886679268
1055,445,1500,0.11249536566128387
1065,444,1509,0.11251560159115272
1058,443,1501,0.1125109387894301
1061,443,1504,0.1125227513259044
1072,441,1513,0.11252613680699998
1063,443,1506,0.11250416992718365
1055,447,1502,0.11250639226473429
1054,454,1508,0.11252714448441654
1041,459,1500,0.11254762217063628
1037,452,1489,0.1125960016999073
1045,459,1504,0.11265125932870575
1043,453,1496,0.1126834023204427
1042,457,1499,0.11271541538334777
1035,454,1489,0.11274654701049139
1038,459,1497,0.11279068911138897
1045,457,1502,0.1128227944618629
1038,457,1495,0.11283590951319926
1033,462,1495,0.11286448928281383
1031,465,1496,0.11290259366591208
1015,456,1471,0.11294324363592331
1029,446,1475,0.11301689935607172
1047,448,1495,0.11305203033667736
1044,454,1498,0.11304287832923908
1043,453,1496,0.11304287096921574
1049,447,1496,0.11304492161129417
1047,458,1505,0.11303372547541318
1041,451,1492,0.11302610516678627
1050,449,1499,0.11303351451751692
1051,452,1503,0.11302071743022957
1050,458,1508,0.11300765572533868
1055,454,1509,0.11299776944294233
1032,455,1487,0.11297831821786934
1027,457,1484,0.11301486112790954
1039,460,1499,0.11306137684524974
1030,467,1497,0.11307504501937382
1033,475,1508,0.11310964882283091
1029,474,1503,0.11313479844097685
1015,465,1480,0.11316725190822843
1004,471,1475,0.11323004396999646
1002,478,1480,0.11331367089746676
1005,478,1483,0.11339484978415015
1006,486,1492,0.11346219308120492
1004,482,1486,0.11352237028455602
1010,484,1494,0.1135823767437485
1016,481,1497,0.11362535744434395
1013,487,1500,0.11365244806267384
1008,496,1504,0.1136850797544916
1007,489,1496,0.11372616729330876
1010,490,1500,0.11376663373675186
1009,493,1502,0.11379850065796093
1004,495,1499,0.11383007009220192
1003,501,1504,0.11387222766173562
1002,502,1504,0.11391307597187834
1002,504,1506,0.1139524874703049
1008,505,1513,0.11398663487066842
1003,504,1507,0.11400365213692387
994,505,1499,0.11403211447994088
990,502,1492,0.11407889628891436
996,504,1500,0.11413049918104477
982,505,1487,0.11416310990869678
990,506,1496,0.11422697160246767
996,501,1497,0.11426699528168406
996,488,1484,0.11428999106319068
999,496,1495,0.1143111213120481
987,494,1481,0.11432457882848218
986,501,1487,0.11436754253818297
966,501,1467,0.11441007406725681
969,515,1484,0.11449696186280756
980,513,1493,0.11457045600910686
976,514,1490,0.11461246454646966
984,527,1511,0.11466159458684437
986,531,1517,0.11468788240901744
984,528,1512,0.11470712739897725
975,531,1506,0.11472849991096191
960,529,1489,0.11476882393032989
957,535,1492,0.11484121182335066
957,531,1488,0.11491449225742749
963,538,1501,0.11498284551674778
957,545,1502,0.1150311661626369
937,558,1495,0.1150901316294552
947,550,1497,0.11519403828416669
941,555,1496,0.11526563200084261
944,562,1506,0.11534611310754633
953,561,1514,0.11541436976042757
946,555,1501,0.11545623804361395
945,557,1502,0.11551341563405475
944,561,1505,0.1155668907796543
940,561,1501,0.11561914999834318
931,562,1493,0.11567749055451863
932,564,1496,0.11575169486513075
932,557,1489,0.11581870477545544
928,553,1481,0.11588141288096832
934,558,1492,0.11594803686027554
932,557,1489,0.11599619131871666
941,560,1501,0.11604687287381782
946,572,1518,0.11607246936279485
940,579,1519,0.11608342899610644
931,583,1514,0.1161088791233928
939,587,1526,0.1161550843716234
928,586,1514,0.11617933030205936
931,590,1521,0.11622898702078097
927,584,1511,0.116267011297798
924,596,1520,0.11631014647039592
933,583,1516,0.11635657413169963
921,586,1507,0.11637851014872769
917,575,1492,0.11642974167678513
901,586,1487,0.11648545105505363
902,598,1500,0.11657438509845865
906,599,1505,0.11665401374969943
909,598,1507,0.11671871718792481
912,600,1512,0.11677003182974847
914,605,1519,0.11681073091657464
903,608,1511,0.11684456454416317
911,601,1512,0.11690261043595576
918,602,1520,0.11693608606490134
918,598,1516,0.11695096392789962
925,594,1519,0.11696308347151664
924,593,1517,0.11695668727795024
920,600,1520,0.11695462951387764
916,599,1515,0.11696404949404884
914,599,1513,0.11698129673653984
905,598,1503,0.11699988158188665
913,597,1510,0.11703976716834834
902,608,1510,0.1170591834192689
903,598,1501,0.11710376150208096
895,596,1491,0.11714222205065283
905,599,1504,0.11719574032012492
902,593,1495,0.11722139595192464
917,600,1517,0.11725368406785477
900,601,1501,0.11724797731340374
902,604,1506,0.11728524585268112
905,606,1511,0.11731304820592477
912,610,1522,0.1173324138851947
904,600,1504,0.11733411662401533
902,613,1515,0.11735442604174459
899,614,1513,0.11737862147588977
890,618,1508,0.11740815546401548
898,624,1522,0.11745706380139748
899,613,1512,0.1174827837204418
891,610,1501,0.11750609486209543
887,623,1510,0.11754851694374724
879,623,1502,0.11759825366062145
874,617,1491,0.11766420019787266
867,612,1479,0.11773618206409343
873,615,1488,0.11781993739469517
870,617,1487,0.11788258799651744
874,621,1495,0.11794640250511917
869,623,1492,0.1179967455432585
875,619,1494,0.1180545011633228
883,625,1508,0.1180925992114537
877,625,1502,0.11811016480524256
855,630,1485,0.11814154799909243
855,626,1481,0.11822265818576608
853,633,1486,0.11830040136680274
858,631,1489,0.11837847712395021
870,630,1500,0.11843991650032304
869,634,1503,0.11846621998704364
861,643,1504,0.11849366598688349
855,641,1496,0.11853967040048992
860,634,1494,0.11859594404162703
853,641,1494,0.11863759098428997
854,647,1501,0.11869294246343
851,647,1498,0.11874091194446602
850,650,1500,0.11878998609531219
856,648,1504,0.11883780561162326
864,639,1503,0.11886668389317538
866,644,1510,0.11887314150219151
874,645,1519,0.11887582632976415
868,649,1517,0.11885943770150526
868,649,1517,0.11885878099188467
870,652,1522,0.11886102375827821
869,637,1506,0.11885919067947225
863,637,1500,0.11885914710884116
849,637,1486,0.1188723430161225
852,636,1488,0.11891805280461808
853,640,1493,0.11895491928939148
862,636,1498,0.1189863952764579
851,639,1490,0.11899327076323281
861,645,1506,0.11902492052175155
861,637,1498,0.11903167669949337
859,645,1504,0.11903863212727053
857,639,1496,0.11904769908685096
865,642,1507,0.11906014565172146
861,642,1503,0.119053507867627
848,644,1492,0.11905903387917521
844,648,1492,0.11909658426780816
857,654,1511,0.11914063003781987
853,655,1508,0.11914968426187166
856,663,1519,0.11916613550924186
841,664,1505,0.11917644712137147
849,667,1516,0.11922288122330287
849,667,1516,0.11924541907807505
841,667,1508,0.11926793759130272
841,662,1503,0.1193079822294403
846,667,1513,0.11934559302304032
850,672,1522,0.11936802437978176
850,674,1524,0.11938013888346041
846,676,1522,0.1193899751027126
837,682,1519,0.11941051779817285
839,676,1515,0.11945184563589276
843,670,1513,0.11948504816701011
854,661,1515,0.11950417837600995
838,660,1498,0.11949488786001133
841,667,1508,0.11952396006912744
834,678,1512,0.11954384123917422
820,681,1501,0.11957916204353931
816,668,1484,0.11964520618423904
819,666,1485,0.11971332262031233
819,674,1493,0.1197675444947637
817,674,1491,0.11981820384738999
821,677,1498,0.11987076695282717
820,674,1494,0.11990790208604624
829,671,1500,0.11994634228870595
833,668,1501,0.11996171752255855
842,663,1505,0.11996516816759771
841,659,1500,0.11994722788001975
837,659,1496,0.11993319062445984
833,662,1495,0.1199301197134988
832,662,1494,0.1199358004451935
832,672,1504,0.1199439972231423
839,667,1506,0.11995136131275931
837,671,1508,0.11994215969003261
832,669,1501,0.11993923049372665
828,672,1500,0.11994709090988008
819,666,1485,0.11996441024318084
814,670,1484,0.12000157299815697
821,666,1487,0.12004822129226525
825,677,1502,0.12007487005221008
834,670,1504,0.12009024197700739
832,660,1492,0.12008128832532007
827,672,1499,0.12007760291530896
823,672,1495,0.12008291656813366
826,674,1500,0.12009781752447751
837,669,1506,0.1201068010972801
843,665,1508,0.1200884912574772
841,663,1504,0.12005856064822687
848,661,1509,0.12003522027078088
840,668,1508,0.11999556680158217
835,666,1501,0.11997876842860583
835,665,1500,0.11997537637311088
829,671,1500,0.11997232666331811
825,679,1504,0.11998501449633416
828,673,1501,0.12000719120699892
821,682,1503,0.12001936622424104
826,681,1507,0.12004720787641295
828,677,1505,0.1200604075246493
815,666,1481,0.12006749390899843
814,669,1483,0.12010565828014047
813,661,1474,0.12014486065716654
806,674,1480,0.12018586966839687
799,683,1482,0.12024013492716377
801,680,1481,0.12030698800073182
810,680,1490,0.12036157650556602
810,690,1500,0.12039020486619875
806,700,1506,0.12041768606817424
811,694,1505,0.12045619385568505
809,691,1500,0.12047994348207394
799,691,1490,0.12050745164960158
802,694,1496,0.12055866867713391
796,694,1490,0.12059825487383544
799,692,1491,0.12064970803095403
802,686,1488,0.12069081183338151
799,698,1497,0.12072129684995282
801,702,1503,0.12075606897057994
804,715,1519,0.12078409680339704
807,712,1519,0.12080144898980788
805,709,1514,0.12081001280684045
801,706,1507,0.12082328984420844
806,700,1506,0.12084396180538585
808,695,1503,0.12085251078812197
810,704,1514,0.12085473314817338
801,712,1513,0.12085287181919706
803,713,1516,0.1208740332810968
796,721,1517,0.12088942521712852
796,713,1509,0.12092020875116077
793,711,1504,0.1209483665243058
792,709,1501,0.12098450608126714
792,706,1498,0.12101827231082377
786,710,1496,0.12105128675058516
792,715,1507,0.121094367953013
796,712,1508,0.12111994905544084
796,708,1504,0.1211343186466523
785,712,1497,0.1211483265239338
787,715,1502,0.12118655557688765
792,715,1507,0.12121527070233323
793,713,1506,0.12123067666970401
787,708,1495,0.12124145396376446
789,710,1499,0.1212656599703007
790,718,1508,0.12128367136314307
789,720,1509,0.12129815255312511
784,731,1515,0.12131482277790387
784,733,1517,0.12134144137807691
781,729,1510,0.12136665847174587
785,723,1508,0.12139522615306252
785,727,1512,0.12141092966225984
792,722,1514,0.12142474414726377
777,718,1495,0.12142284779842231
778,731,1509,0.12145792462756105
770,723,1493,0.1214866380206589
774,727,1501,0.12153215840468182
781,736,1517,0.12156515694144325
777,731,1508,0.12157808743763358
783,721,1504,0.12159811168789894
783,722,1505,0.12160126585544828
775,726,1501,0.12160513900690503
779,733,1512,0.12162922059875612
776,737,1513,0.12164258800830435
773,744,1517,0.12165973831002354
765,737,1502,0.1216859810197431
770,739,1509,0.12173137027141387
768,735,1503,0.12176115079108772
778,740,1518,0.12179420256830296
775,740,1515,0.12180022574236674
769,746,1515,0.12181304005802808
766,749,1515,0.12183776962362654
768,743,1511,0.12187005692224209
765,741,1506,0.12189443871083651
760,744,1504,0.1219241655495847
762,735,1497,0.12196471569861597
761,742,1503,0.1219972079559272
752,742,1494,0.12202966068314484
755,740,1495,0.12208137244215286
750,747,1497,0.12211993537425832
745,754,1499,0.12216636981079905
746,763,1509,0.12222155017828708
751,760,1511,0.12227321748703071
740,756,1496,0.1223097531218305
744,765,1509,0.12236945678250982
738,760,1498,0.1224136399808971
738,765,1503,0.12246968798593776
739,772,1511,0.12252313094600353
740,776,1516,0.12257111182287081
731,772,1503,0.1226134518212148
729,778,1507,0.12267420013377216
717,778,1495,0.122737290969333
720,780,1500,0.12282493612154592
722,779,1501,0.12289712685867382
720,774,1494,0.12295820945643447
722,780,1502,0.12302191100968156
724,791,1515,0.12307697896150557
713,795,1508,0.12312269104066868
713,787,1500,0.12319301625733659
717,789,1506,0.12325784744204216
719,795,1514,0.1233087070286031
717,795,1512,0.12335335668808942
715,788,1503,0.12340054734436716
708,800,1508,0.12344996451060314
714,796,1510,0.12351104327255541
711,794,1505,0.12355204820552608
711,798,1509,0.12359894809561926
712,806,1518,0.12364368168324472
709,812,1521,0.12368418433398172
688,813,1501,0.1237292745075538
695,820,1515,0.12382302322294052
700,828,1528,0.12389261520860612
695,825,1520,0.12394461126207001
686,823,1509,0.12400639558077867
685,830,1515,0.12408530426928158
683,841,1524,0.12416092983822509
682,830,1512,0.1242354115014756
681,829,1510,0.12430815832223431
662,830,1492,0.12437780401737328
657,827,1484,0.12448907737099361
661,842,1503,0.12460535460161978
670,842,1512,0.12470411119881324
671,843,1514,0.1247704653537752
673,845,1518,0.1248297408823411
666,847,1513,0.1248787299966897
678,840,1518,0.1249425850859053
681,848,1529,0.12497175020370463
679,848,1527,0.12499110870438322
666,858,1524,0.1250156289825155
656,854,1510,0.1250724157664363
661,847,1508,0.12514869097533055
660,852,1512,0.12520831592345927
660,853,1513,0.12526730517687956
656,849,1505,0.12532216870779947
650,853,1503,0.1253809367810767
648,847,1495,0.1254511001153385
651,841,1492,0.12552081487419964
648,846,1494,0.12557584635807992
654,853,1507,0.12563466503668647
651,856,1507,0.1256759364457285
647,864,1511,0.1257233267347467
644,861,1505,0.12577867956962213
653,851,1504,0.12583823305095237
651,849,1500,0.1258722061628514
652,845,1497,0.12590943891639092
656,845,1501,0.12593994931070743
654,844,1498,0.12595539211899226
655,844,1499,0.1259746189447195
660,848,1508,0.12599023152650965
668,854,1522,0.12599255110790117
659,856,1515,0.12597340908718194
662,855,1517,0.12597850699533691
663,856,1519,0.12597448408180814
663,861,1524,0.12596796311151798
656,862,1518,0.12596301165120063
652,849,1501,0.12597479211985646
661,849,1510,0.1259936760864301
670,855,1525,0.1259894336032464
660,849,1509,0.12596038553736044
653,850,1503,0.12595767710516284
656,859,1515,0.12597342706765768
653,857,1510,0.1259798021760726
652,853,1505,0.125994632343554
650,844,1494,0.12601231346844005
645,856,1501,0.1260341652400304
648,854,1502,0.1260659920336044
651,852,1503,0.12609004092414478
661,853,1514,0.12610418417447927
657,852,1509,0.12609082200433758
655,852,1507,0.12608765457500865
652,853,1505,0.12608983015614353
653,849,1502,0.12610028820004548
656,857,1513,0.12610856377474194
654,857,1511,0.12610612602931467
651,856,1507,0.12610875070392435
651,853,1504,0.12612191935349837
648,847,1495,0.12613363077620937
648,852,1500,0.12615467867150726
648,857,1505,0.12617224957562154
648,859,1507,0.12618851969360956
647,873,1520,0.126203160426981
647,865,1512,0.12621977761998918
643,872,1515,0.1262371446203343
643,868,1511,0.126264026921214
634,858,1492,0.12628808761207047
644,858,1502,0.12633182819611474
648,845,1493,0.12634749303187665
645,853,1498,0.12634987881820142
642,856,1498,0.12635861193353837
638,860,1498,0.12637543424203984
636,873,1509,0.1264022162116777
637,869,1506,0.12643212132352477
635,863,1498,0.12645727361111161
647,868,1515,0.12648684308965524
643,865,1508,0.12648455710172082
637,869,1506,0.12649148064021687
632,870,1502,0.12651352399249424
634,875,1509,0.12654548961449227
640,877,1517,0.1265684242148845
634,866,1500,0.1265768754079225
625,874,1499,0.12659907203336287
625,874,1499,0.1266454074780889
625,877,1502,0.12668965904672522
623,886,1509,0.12673095492219438
613,883,1496,0.12677502847766836
628,896,1524,0.12684229036498368
624,889,1513,0.12686562832160514
619,901,1520,0.12689789222311224
622,892,1514,0.1269384826536924
614,893,1507,0.1269662616661367
611,899,1510,0.12701226576089136
611,903,1514,0.127063364933648
598,895,1493,0.12711140224803877
599,898,1497,0.12718879553993803
596,897,1493,0.12725878904164045
604,911,1515,0.12733373414267887
607,907,1514,0.12738447588521593
607,912,1519,0.12742424712340605
612,907,1519,0.12746156497121303
613,898,1511,0.12748367751525408
607,900,1507,0.12750012863441879
601,888,1489,0.12753123635005245
607,893,1500,0.12757464177435152
610,898,1508,0.1276007411671327
612,902,1514,0.12761758081444888
607,900,1507,0.12762863865917923
604,909,1513,0.12765086255748787
612,904,1516,0.12768094971246824
612,900,1512,0.1276882534067496
609,907,1516,0.12769576472354566
616,896,1512,0.1277090639484548
613,898,1511,0.12770256863313287
606,898,1504,0.12770465803774775
608,898,1506,0.12772445271855468
604,901,1505,0.12773723354283664
609,905,1514,0.1277622091012725
614,897,1511,0.12777223661787596
613,903,1516,0.12776921948904973
608,915,1523,0.12776800125400845
603,912,1515,0.12778177067625132
598,920,1518,0.12780898379677377
600,913,1513,0.12784556015668
595,908,1503,0.12787390919460567
587,903,1490,0.12791267322329286
595,905,1500,0.12796606150513373
595,903,1498,0.1279964899351771
599,907,1506,0.1280261758346446
593,904,1497,0.1280425756060316
594,911,1505,0.1280720687362318
593,905,1498,0.1280960742389348
601,909,1510,0.12812187935339492
594,907,1501,0.12812500816203298
597,917,1514,0.12814425893602974
597,918,1515,0.12815616348310846
595,917,1512,0.12816777135773205
594,923,1517,0.1281832514867066
594,932,1526,0.12819966266160554
591,931,1522,0.12821545516834562
596,918,1514,0.12823754202534965
595,918,1513,0.12824498489213018
583,929,1512,0.12825538170769973
581,916,1497,0.128295861328716
583,927,1510,0.1283389025697465
577,924,1501,0.12837394529215568
590,919,1509,0.128421993491847
588,930,1518,0.12843186956571298
599,937,1536,0.1284468898841559
592,930,1522,0.12843313000288423
582,936,1518,0.12843892717108527
580,938,1518,0.12847088362747758
583,940,1523,0.1285055398861176
579,933,1512,0.12853030872912258
575,932,1507,0.1285622255133097
567,930,1497,0.12860200720359802
576,933,1509,0.12865942218890092
575,917,1492,0.12868998533351705
571,930,1501,0.128720768385883
578,922,1500,0.12875674509517296
571,927,1498,0.12877177556026345
567,931,1498,0.12880443630668414
567,927,1494,0.12884608651648335
570,946,1516,0.12888516810575137
565,952,1517,0.12891398320944744
568,952,1520,0.12895507709158033
569,948,1517,0.12898616493933163
570,941,1511,0.12901170843108123
571,943,1514,0.1290343717326042
566,947,1513,0.12905128557949802
566,942,1508,0.12907684384214876
571,939,1510,0.1291008854498598
562,941,1503,0.12911024734090337
564,944,1508,0.12914251772477342
561,944,1505,0.1291678762829484
560,958,1518,0.12919958619967023
546,965,1511,0.1292342960038476
536,960,1496,0.12930535608881855
533,972,1505,0.1293980749870961
527,982,1509,0.12949251900039951
531,981,1512,0.12959527525365705
532,979,1511,0.12968048253545686
538,980,1518,0.1297583365142488
534,983,1517,0.12981436411382016
529,978,1507,0.1298760388401681
528,968,1496,0.12994648922463214
526,970,1496,0.13001671858713057
526,983,1509,0.13008825748384256
521,979,1500,0.13015635145660892
520,974,1494,0.13023360111944146
512,977,1489,0.13030707295742658
506,985,1491,0.13039477009722833
510,992,1502,0.13049179535688804
510,1000,1510,0.13057359025604828
508,1006,1514,0.13064895194602918
504,1000,1504,0.13072325817169933
500,1001,1501,0.13080448715367562
500,1000,1500,0.13089057714936542
502,1000,1502,0.13096924096903154
513,997,1510,0.13103655743463397
514,990,1504,0.13107112933848153
515,1010,1525,0.13109925148989665
506,1011,1517,0.13112419288064692
500,1024,1524,0.13117152281515665
502,1012,1514,0.13123140082115475
507,1011,1518,0.1312821944284494
509,1003,1512,0.13131545695751293
512,990,1502,0.13134067712139558
514,999,1513,0.13135703134778617
511,1007,1518,0.1313681461921666
501,1004,1505,0.13138696807715988
502,1003,1505,0.1314301592038755
495,1003,1498,0.1314678384413726
498,997,1495,0.13152285607929104
506,1005,1511,0.1315651076401625
511,997,1508,0.13158277485672587
504,996,1500,0.13158571155206386
504,997,1501,0.13160626805493655
505,988,1493,0.13162625629663943
501,998,1499,0.13164222092046965
502,1004,1506,0.1316681510079828
493,1015,1508,0.13169140767423337
496,1023,1519,0.13173704993544172
495,1021,1516,0.13177272398019915
495,1009,1504,0.13180789035151805
495,1021,1516,0.13184181298934747
491,1028,1519,0.13187239714239793
497,1018,1515,0.13191092986250127
496,1023,1519,0.1319311676640346
496,1026,1522,0.1319517591381916
490,1028,1518,0.1319730441183326
492,1018,1510,0.13200838009729624
493,1019,1512,0.13203531826990003
488,1028,1516,0.132056843297564
475,1038,1513,0.13208987612478623
477,1043,1520,0.13215400764744611
481,1041,1522,0.13221055695357414
473,1024,1497,0.13225396121802946
478,1019,1497,0.1323141588504719
480,1021,1501,0.13235575978367273
479,1027,1506,0.1323883052259508
479,1018,1497,0.1324208438217543
484,1037,1521,0.13245031631282522
484,1034,1518,0.1324655214001518
474,1024,1498,0.1324796238568013
471,1027,1498,0.1325212509360977
465,1035,1500,0.13256770213421185
469,1027,1496,0.1326276814660009
476,1034,1510,0.13267162911306518
480,1045,1525,0.13269436154788813
475,1035,1510,0.1327076449016722
467,1042,1509,0.1327318998874654
464,1049,1513,0.13277590177793644
465,1042,1507,0.1328243081172847
470,1039,1509,0.1328670961811307
461,1042,1503,0.1328950417253347
458,1044,1502,0.13294418142027994
464,1054,1518,0.13299777104859706
463,1050,1513,0.133033409806981
450,1060,1510,0.13306880163443455
457,1051,1508,0.13313779721495306
452,1049,1501,0.1331851559635152
450,1046,1496,0.13324261751747468
456,1052,1508,0.13330149626047125
444,1051,1495,0.13334115101296815
444,1057,1501,0.13341125189232547
444,1057,1501,0.1334772077230445
444,1063,1507,0.13353811510125607
444,1075,1519,0.13359505583106737
443,1079,1522,0.13365070392938702
444,1078,1522,0.13370398587038923
439,1080,1519,0.13375289605442384
441,1076,1517,0.13381351314763035
432,1088,1520,0.1338654363003789
428,1089,1517,0.13393715017293673
432,1084,1516,0.13401315822665022
429,1083,1512,0.13407444825448045
426,1086,1512,0.1341413890565036
425,1095,1520,0.13421202289671025
419,1088,1507,0.13428256799733282
425,1091,1516,0.13436304063039395
416,1086,1502,0.13442148380195382
424,1087,1511,0.13449995514273128
422,1088,1510,0.13455326899764797
422,1093,1515,0.13460768628062536
425,1086,1511,0.1346592604323561
425,1084,1509,0.1346992428209964
426,1089,1515,0.1347364220711891
420,1093,1513,0.13476747942263875
414,1104,1518,0.13481167966231702
412,1099,1511,0.13487007392718975
418,1096,1514,0.1349309717497815
421,1083,1504,0.13497093729187487
417,1086,1503,0.13500065476849216
409,1089,1498,0.13503973505295178
415,1089,1504,0.1350967288553162
423,1099,1522,0.13513512493710766
427,1096,1523,0.13514886218774438
431,1100,1531,0.13515168748015646
417,1094,1511,0.13514626592169512
415,1096,1511,0.1351767408668611
417,1094,1511,0.13521007895522708
420,1094,1514,0.13523498556456895
427,1094,1521,0.1352520961134113
420,1095,1515,0.13524783182095187
421,1091,1512,0.13526278620794874
423,1095,1518,0.1352733898389298
421,1102,1523,0.13527896594719258
415,1094,1509,0.13528872951701473
415,1101,1516,0.1353129601062046
411,1094,1505,0.13533621283040687
402,1092,1494,0.13537110352546994
407,1089,1496,0.13542770462203846
409,1087,1496,0.1354687331902507
412,1097,1509,0.13550111619247251
406,1106,1512,0.13552527725963728
408,1103,1511,0.13556426031596555
405,1115,1520,0.13559455896872388
406,1116,1522,0.1356316360962916
401,1113,1514,0.1356634777558812
394,1114,1508,0.13570821309392822
394,1109,1503,0.13576614550164995
395,1114,1509,0.1358190958843525
396,1122,1518,0.1358651203075554
393,1124,1517,0.13590372478235038
394,1120,1514,0.1359489994410688
401,1113,1514,0.1359898348514552
400,1109,1509,0.13601107745234686
402,1112,1514,0.1360344516426163
398,1114,1512,0.13604924108696032
399,1115,1514,0.13607196736148786
397,1117,1514,0.13609077390756463
399,1103,1502,0.13611593222063834
401,1111,1512,0.13613348116231014
399,1114,1513,0.13614527086932618
397,1103,1500,0.13616086978762418
398,1099,1497,0.13618080480085673
403,1106,1509,0.13619809576137823
401,1100,1501,0.13620090514571548
394,1109,1503,0.13620766816776878
396,1121,1517,0.13623392197025586
389,1130,1519,0.13625537448943095
388,1135,1523,0.1362930762750871
386,1127,1513,0.1363307544103237
392,1121,1513,0.13636981390201566
394,1121,1515,0.1363911261061192
394,1117,1511,0.13640640934016737
392,1114,1506,0.13641775966922912
392,1116,1508,0.13643378376452722
398,1125,1523,0.13645143980274704
399,1114,1513,0.13645149759247072
394,1123,1517,0.13645035528966662
389,1119,1508,0.1364634843697461
391,1124,1515,0.13648821474436315
396,1122,1518,0.13650582469398162
395,1109,1504,0.13650953176400552
390,1117,1507,0.13651418792418638
389,1116,1505,0.13653182204804304
385,1115,1500,0.13655333982817464
381,1124,1505,0.13658325548554254
369,1126,1495,0.1366212880310607
372,1131,1503,0.1366883116008005
371,1140,1511,0.13674178923662747
372,1132,1504,0.13679377939640502
370,1140,1510,0.13683968728254048
372,1146,1518,0.13689141423386222
375,1126,1501,0.1369328769450949
377,1132,1509,0.1369628220901194
376,1132,1508,0.13698722727373083
377,1120,1497,0.13701235423072058
372,1124,1496,0.13703348216530142
375,1126,1501,0.13706718324116707
381,1119,1500,0.13708934313531507
382,1109,1491,0.13709516566517274
378,1110,1488,0.13709964533461436
374,1112,1486,0.13711500256130835
376,1117,1493,0.13713987414044118
373,1124,1497,0.13715580451405118
377,1116,1493,0.13717925470653414
378,1122,1500,0.13719025484305628
379,1120,1499,0.13719888196488042
383,1128,1511,0.13720380814750535
381,1125,1506,0.13719755919956822
370,1135,1505,0.1371939718928771
367,1134,1501,0.13722079281707975
380,1136,1516,0.13725592754727806
377,1133,1510,0.13725518024613448
370,1135,1505,0.13726270910125732
371,1132,1503,0.13728879354989612
368,1133,1501,0.13731004263046778
364,1124,1488,0.13733681687170185
368,1116,1484,0.13737412477920385
364,1127,1491,0.1373985668322416
362,1134,1496,0.13743321821290128
358,1140,1498,0.1374715252659446
365,1134,1499,0.13751852032022047
369,1137,1506,0.13754440619453523
367,1138,1505,0.1375577758523952
364,1154,1518,0.13757653859823576
361,1159,1520,0.13760236060210587
365,1155,1520,0.13763304155136538
366,1152,1518,0.13765365726532222
358,1141,1499,0.13767042367389767
361,1142,1503,0.13770633488480766
354,1144,1498,0.13773123037719479
356,1145,1501,0.13777386148898552
349,1144,1493,0.1378077530551783
351,1152,1503,0.1378583345713285
358,1155,1513,0.13789845215553584
356,1157,1513,0.1379166336226678
354,1151,1505,0.1379396386905583
361,1159,1520,0.13796550559358248
359,1159,1518,0.13797033245798665
362,1155,1517,0.13798088520375973
370,1148,1518,0.13798338080542363
366,1148,1514,0.13796526353190744
364,1148,1512,0.13795964706587838
366,1143,1509,0.1379587775073815
370,1147,1517,0.1379520527645638
363,1142,1505,0.13793651095285386
357,1143,1500,0.13794072266914525
358,1137,1495,0.13795943237182257
365,1139,1504,0.13797339064878675
363,1142,1505,0.1379677370708296
358,1142,1500,0.1379662707891443
356,1148,1504,0.13797864709199448
352,1128,1480,0.13799516872971654
356,1134,1490,0.13802187575165575
357,1135,1492,0.1380363838637657
355,1133,1488,0.13804834985831213
352,1151,1503,0.13806589519567283
360,1165,1525,0.1380913019197835
359,1161,1520,0.13809342001751942
359,1160,1519,0.13809706782759576
365,1161,1526,0.1380992576004703
356,1164,1520,0.13808615919726452
351,1158,1509,0.1380960908035963
354,1161,1515,0.1381190465357424
360,1158,1518,0.13813370477754694
363,1155,1518,0.13813168088085004
356,1147,1503,0.13812249197499543
358,1152,1510,0.1381315424271266
351,1163,1514,0.1381328711512273
352,1154,1506,0.13815324958491007
345,1171,1516,0.13817080819678812
343,1163,1506,0.13820448425396548
336,1166,1502,0.13824121664968647
331,1166,1497,0.13829557067571796
336,1167,1503,0.13835974396842957
334,1177,1511,0.13840548819074416
338,1182,1520,0.13845359872281612
337,1183,1520,0.13848795166248698
340,1175,1515,0.13852258337806864
335,1171,1506,0.1385462853310457
333,1175,1508,0.1385830470413447
336,1183,1519,0.13862272981349089
331,1186,1517,0.13865115391237726
333,1176,1509,0.138691493851965
327,1160,1487,0.13872424411117798
324,1167,1491,0.1387704194659454
329,1174,1503,0.13882079336051667
328,1174,1502,0.13885570512422454
327,1166,1493,0.13889105947967853
331,1179,1510,0.1389263161108203
322,1182,1504,0.1389488786085952
317,1183,1500,0.13899284517900465
316,1183,1499,0.13904852459033662
319,1195,1514,0.13910280406170908
323,1186,1509,0.13914476832332034
321,1196,1517,0.139172181017832
316,1186,1502,0.1392037118745903
319,1194,1513,0.13924556916344258
319,1191,1510,0.13927728095532668
324,1188,1512,0.13930553295332515
319,1184,1503,0.13931867796234665
322,1176,1498,0.13934447979442002
326,1178,1504,0.13936070216495802
330,1174,1504,0.13936537440960817
329,1178,1507,0.13935609462948487
335,1188,1523,0.13934996613558248
333,1179,1512,0.13932941264067458
332,1177,1509,0.13931443243220643
330,1193,1523,0.13930519057049381
331,1204,1535,0.13930372935180174
326,1198,1524,0.13929834906895078
326,1199,1525,0.13930709588038837
322,1192,1514,0.13931551950463916
326,1202,1528,0.13933382502214944
327,1193,1520,0.1393409718826427
330,1189,1519,0.1393442050481765
327,1190,1517,0.1393389315440637
325,1193,1518,0.1393433592629867
328,1197,1525,0.13935237766877062
320,1199,1519,0.13935177400564772
317,1192,1509,0.13937222650682662
320,1198,1518,0.1394016973819132
319,1189,1508,0.1394215614175619
318,1195,1513,0.13944348216962527
317,1187,1504,0.1394659840130916
314,1191,1505,0.13948873887688196
314,1195,1509,0.13951946416364916
317,1190,1507,0.13954889778558158
318,1191,1509,0.13956874766750021
321,1187,1508,0.13958449643884116
318,1200,1518,0.13958969865662463
318,1197,1515,0.13960460492623794
313,1206,1519,0.13961650289171212
313,1216,1529,0.13963970336896903
313,1217,1530,0.13966049715542536
302,1217,1519,0.13967999083531388
302,1218,1520,0.13972838699008477
305,1211,1516,0.1397743000434845
307,1206,1513,0.13980976092273337
314,1202,1516,0.1398369168904796
317,1196,1513,0.13984273262901428
313,1200,1513,0.13984154233086254
313,1192,1505,0.1398518928287901
316,1200,1516,0.13986067327409585
323,1212,1535,0.13986256189521337
314,1209,1523,0.13984677462090317
320,1216,1536,0.13985499638669358
314,1219,1533,0.13984825906500725
310,1210,1520,0.13985734659886626
309,1213,1522,0.13987692114279177
306,1196,1502,0.13989811655609274
307,1187,1494,0.1399245631121956
307,1204,1511,0.13994713288009802
308,1204,1512,0.1399675379270654
312,1199,1511,0.13998342801652172
316,1209,1525,0.13998821143913806
315,1209,1524,0.1399850213935657
310,1205,1515,0.1399842010656
309,1197,1506,0.1399975380526506
308,1188,1496,0.14001235003058787
309,1196,1505,0.1400292877358658
304,1209,1513,0.14004279352475507
299,1211,1510,0.14006939629510565
294,1206,1500,0.14010676001662264
296,1212,1508,0.1401550997447519
297,1222,1519,0.1401952157072494
295,1216,1511,0.1402314906884488
294,1215,1509,0.14027074628839903
291,1233,1524,0.14031137730303012
290,1237,1527,0.14035797636493963
286,1232,1518,0.14040433916865955
287,1229,1516,0.14045837212928236
284,1233,1517,0.14050538752960995
285,1234,1519,0.14055788844458517
286,1237,1523,0.1406055325336958
282,1237,1519,0.14064774926677526
286,1227,1513,0.14069754539531423
285,1222,1507,0.14073335001989354
278,1227,1505,0.14077125683783429
276,1228,1504,0.1408256714625551
275,1238,1513,0.14088274265152168
272,1234,1506,0.1409380314766258
278,1230,1508,0.14099674229703035
274,1222,1496,0.14103464868957802
277,1217,1494,0.141077738047838
282,1219,1501,0.14111058471597715
284,1228,1512,0.14112871195818724
286,1218,1504,0.14114002079479987
279,1221,1500,0.14114604104437983
281,1232,1513,0.14117200436175723
277,1245,1522,0.14118973564863788
275,1234,1509,0.14121582500212163
268,1241,1509,0.14124552386446806
274,1230,1504,0.14129322030743258
273,1232,1505,0.14132339149753773
270,1233,1503,0.1413553448358857
273,1241,1514,0.1413938259912926
272,1248,1520,0.1414208736952861
278,1249,1527,0.14144994953693935
275,1239,1514,0.14146067373644863
274,1248,1522,0.1414784439304468
270,1239,1509,0.1414978352146757
266,1237,1503,0.14152746321101797
264,1245,1509,0.1415667692814394
266,1248,1514,0.14160747258179332
260,1246,1506,0.14164141104875555
261,1249,1510,0.14168780261319106
263,1250,1513,0.14172797455402666
273,1251,1524,0.14176194132696263
263,1242,1505,0.14176883684866787
264,1248,1512,0.14180299699628604
263,1247,1510,0.14183245909391318
261,1248,1509,0.14186298551437082
260,1240,1500,0.14189626059436608
255,1245,1500,0.14192938460050317
258,1242,1500,0.14197572919555543
254,1257,1511,0.14201191850050385
253,1265,1518,0.14205746362219698
261,1262,1523,0.14210271664111038
259,1267,1526,0.1421248996417985
256,1262,1518,0.14215023900372376
254,1259,1513,0.14218363729808786
255,1271,1526,0.1422175217070248
258,1269,1527,0.14224662470715496
255,1277,1532,0.1422655648742995
253,1269,1522,0.1422921588215302
252,1261,1513,0.14232255362624635
253,1258,1511,0.14235389979749022
251,1271,1522,0.1423797270397748
251,1274,1525,0.14240876897794885
247,1276,1523,0.14243504195342457
245,1278,1523,0.14246975736560571
246,1276,1522,0.14250850347044955
247,1274,1521,0.14254138937257196
247,1264,1511,0.14257033158519036
247,1265,1512,0.14259710368461248
249,1268,1517,0.14262437291198587
251,1266,1517,0.14264321013005826
248,1276,1524,0.14265641367688267
244,1263,1507,0.14267568361367322
242,1257,1499,0.14270540982116253
238,1272,1510,0.1427392188611484
235,1285,1520,0.14278166025531985
236,1288,1524,0.14283183937818328
238,1288,1526,0.14287586332230354
233,1283,1516,0.14291095553598704
231,1280,1511,0.1429561761100597
227,1292,1519,0.14300566709801082
226,1280,1506,0.14306078707140554
230,1277,1507,0.14311525813964995
234,1272,1506,0.14315675090009372
229,1281,1510,0.143183250352598
234,1268,1502,0.14322076474498743
238,1278,1516,0.14324237475387508
237,1282,1519,0.14325148842578575
235,1294,1529,0.14326208500870707
231,1284,1515,0.1432765704070257
236,1278,1514,0.14330057035240215
236,1275,1511,0.14331036294119032
231,1269,1500,0.1433207521432145
224,1282,1506,0.14334335783502022
229,1274,1503,0.14338293469589508
232,1285,1517,0.14340734970529856
230,1279,1509,0.14342241395490615
234,1282,1516,0.14344329912134315
232,1286,1518,0.14345223283463077
232,1279,1511,0.14346662738337618
230,1279,1509,0.1434815704589384
228,1278,1506,0.1435004134696408
230,1273,1503,0.14352266678454564
234,1264,1498,0.14353707790496018
232,1267,1499,0.14354067901838927
228,1279,1507,0.14354875662222055
239,1288,1527,0.14356891588902485
235,1295,1530,0.14355961379846657
231,1295,1526,0.14356178104797576
231,1294,1525,0.1435752560838586
225,1288,1513,0.14358718689703712
227,1293,1520,0.14361221091960463
228,1286,1514,0.14363122926065505
232,1287,1519,0.14364652671039457
232,1273,1505,0.14364957108013945
228,1277,1505,0.14365118442126706
232,1288,1520,0.14366459099225456
229,1282,1511,0.14366481143714926
234,1272,1506,0.14367339938426132
240,1262,1502,0.14366952595605104
237,1261,1498,0.14364885560216661
234,1269,1503,0.1436373629817103
234,1271,1505,0.1436353490523428
225,1283,1508,0.1436326681812219
230,1286,1516,0.14365329155088033
231,1276,1507,0.14365973068577728
225,1282,1507,0.14366479877548208
225,1286,1511,0.14368666385052514
224,1284,1508,0.1437063682860051
226,1284,1510,0.14372791736930957
228,1285,1513,0.1437418516291241
228,1285,1513,0.14374911909679894
224,1291,1515,0.1437567509014124
223,1302,1525,0.14377377063461505
219,1281,1500,0.1437908262631627
216,1290,1506,0.1438153907690434
216,1284,1500,0.14384601881311534
225,1286,1511,0.14387434205223606
217,1286,1503,0.1438781854047889
226,1291,1517,0.14390253110624368
228,1290,1518,0.1439022063443679
225,1295,1520,0.14389663143237003
225,1297,1522,0.14390001529846422
223,1285,1508,0.14390416474415693
222,1290,1512,0.14391309615015627
220,1299,1519,0.14392350723450456
220,1297,1517,0.1439391754779417
214,1293,1507,0.1439546051392382
212,1303,1515,0.14398387987450398
205,1303,1508,0.14401882453079387
203,1298,1501,0.1440682176016378
198,1309,1507,0.14411986515026182
197,1295,1492,0.14418209471006682
195,1299,1494,0.14424346021274081
191,1300,1491,0.1443056024196344
192,1303,1495,0.14437356339099422
196,1304,1500,0.14443501019368699
194,1309,1503,0.14448125733460052
197,1322,1519,0.1445299345796701
194,1305,1499,0.14456791256116733
193,1319,1512,0.14461107176187465
194,1326,1520,0.14465506720497714
194,1326,1520,0.1446945447292396
194,1318,1512,0.1447328557810104
190,1313,1503,0.1447696672517546
190,1313,1503,0.14481480326342827
193,1310,1503,0.14485711381512562
188,1319,1507,0.14488977447688853
187,1311,1498,0.14493520060453804
184,1310,1494,0.14497968384196194
183,1322,1505,0.1450299918365992
183,1338,1521,0.14507984701529364
187,1326,1513,0.14512714516029399
185,1324,1509,0.14516018772771164
184,1334,1518,0.14519775051695155
181,1322,1503,0.14523553694577573
180,1337,1517,0.14528038566452497
183,1342,1525,0.145324241286546
182,1336,1518,0.14535716226847983
179,1341,1520,0.14539110819633955
176,1329,1505,0.1454312111465005
175,1318,1493,0.14547700911679978
177,1321,1498,0.14552198515936202
176,1331,1507,0.14555870845844535
175,1334,1509,0.1455977423554829
179,1334,1513,0.14563544107942245
181,1348,1529,0.14566038942903164
179,1346,1525,0.14567890552374643
175,1353,1528,0.1457021244950893
172,1350,1522,0.14573434465353954
174,1351,1525,0.14577281113551308
170,1339,1509,0.14580373369302344
174,1344,1518,0.14584350913178049
175,1349,1524,0.1458697969187412
179,1348,1527,0.14589233796668213
181,1351,1532,0.14590254737185776
184,1328,1512,0.14590694271960522
185,1333,1518,0.1459039779257733
185,1326,1511,0.14589865773699126
180,1336,1516,0.14589240156781375
181,1331,1512,0.14590015102900103
183,1338,1521,0.1459033023273503
186,1343,1529,0.14590123933827304
187,1329,1516,0.1458911023686613
184,1337,1521,0.1458780871162505
181,1336,1517,0.14587509629927817
181,1324,1505,0.14587985745788104
179,1330,1509,0.1458845380235016
181,1326,1507,0.14589381611666852
181,1317,1498,0.1458954858331893
182,1314,1496,0.14589871638287355
184,1319,1503,0.14589990539963124
181,1319,1500,0.14589698962199396
179,1331,1510,0.14590220728871897
184,1336,1520,0.1459117257224962
187,1332,1519,0.14590726603032877
186,1326,1512,0.14589677212467442
180,1343,1523,0.1458899349775868
183,1341,1524,0.14590031724067942
180,1333,1513,0.14590200519908866
175,1326,1501,0.14591209298224278
178,1326,1504,0.14593546336883592
173,1336,1509,0.1459495379461727
167,1338,1505,0.14597577560531377
171,1333,1504,0.1460176238754993
172,1337,1509,0.14604501458289193
172,1333,1505,0.146068103409598
171,1339,1510,0.14609058764238522
171,1341,1512,0.14611462827229793
171,1339,1510,0.14613722689400255
174,1343,1517,0.14615884384136268
172,1349,1521,0.14617118933199982
173,1341,1514,0.14618778239843203
168,1343,1511,0.14620122317843479
165,1348,1513,0.14622770566128823
165,1359,1524,0.14626079895498367
162,1351,1513,0.14629064786396215
169,1353,1522,0.1463258185927378
169,1345,1514,0.1463405283663931
168,1353,1521,0.14635357509844282
168,1351,1519,0.14636780851414827
167,1347,1514,0.14638153585318592
169,1356,1525,0.1463973167485058
168,1356,1524,0.14640560898505892
165,1350,1515,0.14641653143345612
163,1366,1529,0.14643558949102986
162,1358,1520,0.14645892847700198
164,1356,1520,0.14648267196956713
164,1353,1517,0.14650015468946
164,1361,1525,0.14651680640499012
162,1354,1516,0.14653214136073092
163,1351,1514,0.1465507540574286
159,1355,1514,0.14656505831200634
162,1355,1517,0.14658900606206363
164,1352,1516,0.14660350860908455
162,1349,1511,0.14661152507517228
165,1351,1516,0.14662341195009124
167,1349,1516,0.14662610627195452
168,1345,1513,0.14662293514653857
167,1334,1501,0.14661674200204908
167,1332,1499,0.14661387676582252
163,1335,1498,0.14661021799290155
166,1348,1514,0.14661812854121958
165,1353,1518,0.14661879011370152
166,1344,1510,0.14662266964815995
160,1345,1505,0.14662354701632796
160,1353,1513,0.1466418372532541
160,1352,1512,0.14665850309955136
156,1359,1515,0.14667317024077192
161,1356,1517,0.14669773784929915
161,1352,1513,0.1467074020141106
161,1358,1519,0.14671665064930062
162,1354,1516,0.1467262303395928
162,1353,1515,0.14673192554005804
163,1348,1511,0.14673756962153464
162,1346,1508,0.1467400906659789
154,1355,1509,0.1467447237149018
162,1355,1517,0.14677074366865298
161,1350,1511,0.14677485301395987
160,1355,1515,0.1467815635012569
164,1355,1519,0.14679023238855918
162,1355,1517,0.14678809241564317
160,1350,1510,0.14679160839836267
161,1358,1519,0.1468010560206605
156,1347,1503,0.1468075893830144
158,1352,1510,0.14682723156827712
154,1352,1506,0.14684143749873863
148,1357,1505,0.14686597900614998
147,1361,1508,0.1469042059030513
148,1366,1514,0.14694274418547004
147,1371,1518,0.1469766207771249
144,1374,1518,0.14701136553478167
144,1371,1515,0.14705230652180196
143,1371,1514,0.14709034250194736
146,1368,1514,0.14712818104810543
144,1369,1513,0.14715489567183784
147,1371,1518,0.14718581201917896
147,1371,1518,0.14720692378990788
146,1379,1525,0.14722679683325357
150,1364,1514,0.1472486038556132
146,1373,1519,0.14725851787964334
145,1380,1525,0.1472792501140039
144,1383,1527,0.14730108362736943
144,1370,1514,0.14732405470110613
145,1361,1506,0.14734555077485909
145,1353,1498,0.1473627084341342
146,1344,1490,0.14737789116562744
145,1343,1488,0.14738970918450472
147,1344,1491,0.14740289704363208
147,1358,1505,0.1474102031757596
150,1368,1518,0.14741670129868845
148,1360,1508,0.14741597656501548
150,1366,1516,0.14742139669684462
152,1360,1512,0.1474210375231751
150,1361,1511,0.1474158349856699
147,1364,1511,0.14741657681420142
147,1372,1519,0.14742478900869846
143,1370,1513,0.14743272064985416
141,1364,1505,0.14745084523439064
138,1369,1507,0.14747288626045016
139,1377,1516,0.1475004708315525
141,1365,1506,0.1475240601723193
139,1360,1499,0.1475399928266566
140,1350,1490,0.14756037363513053
143,1359,1502,0.14757650136379344
144,1363,1507,0.14758377023201708
144,1359,1503,0.1475870193977009
139,1368,1507,0.14759073860773725
143,1375,1518,0.1476068115775767
140,1380,1520,0.14761144443445923
143,1383,1526,0.14762427345313278
145,1372,1517,0.14762802085850563
143,1375,1518,0.147626445023877
142,1379,1521,0.1476299603212836
143,1377,1520,0.14763565574991241
139,1368,1507,0.1476380079385341
143,1372,1515,0.14765145263440002
140,1382,1522,0.14765360444487385
142,1369,1511,0.1476638629357442
141,1373,1514,0.1476683958609025
145,1372,1517,0.1476756771288953
142,1368,1510,0.14767112229263574
142,1371,1513,0.14767476786606495
138,1383,1521,0.14767883103852408
143,1380,1523,0.14769363742697042
143,1363,1506,0.1476943512824396
141,1373,1514,0.14769557322284674
141,1374,1515,0.1477020811967662
144,1379,1523,0.14770798828629467
140,1383,1523,0.14770601770473807
144,1367,1511,0.14771426077651825
144,1359,1503,0.14771116239541088
145,1376,1521,0.14770837396494668
142,1380,1522,0.14770326433120967
143,1368,1511,0.14770633157272467
141,1369,1510,0.14770633080333317
135,1372,1507,0.14771218886598964
135,1372,1507,0.14773282593088444
133,1376,1509,0.14775212665539025
135,1372,1507,0.1477752233191364
139,1366,1505,0.14779153135556938
140,1382,1522,0.14779571849684628
136,1382,1518,0.14779715408341068
132,1377,1509,0.14780929047789948
130,1377,1507,0.1478319641523711
132,1385,1517,0.14785841620049067
134,1379,1513,0.14787705632471174
134,1378,1512,0.14788870949048025
134,1380,1514,0.14789917084851859
138,1374,1512,0.14790854688632268
139,1360,1499,0.14790652747442526
136,1369,1505,0.14790219427655787
133,1379,1512,0.1479062238310496
136,1390,1526,0.14791696343160418
139,1388,1527,0.14791887619445368
137,1379,1516,0.1479130787171693
135,1379,1514,0.14791269398314555
134,1376,1510,0.14791753601255034
136,1364,1500,0.147924656486541
136,1367,1503,0.1479257111042
136,1361,1497,0.14792577457453132
134,1372,1506,0.14792618771819105
134,1376,1510,0.1479318570287947
135,1375,1510,0.14793700915999694
137,1368,1505,0.1479395567864707
137,1369,1506,0.14793642204502233
137,1374,1511,0.14793361958625034
141,1382,1523,0.14793076031934393
141,1381,1522,0.14791713402906656
143,1380,1523,0.1479049772814083
144,1386,1530,0.14788707808043017
143,1379,1522,0.14786767638780163
147,1387,1534,0.1478529532637582
147,1377,1524,0.1478273324299615
145,1373,1518,0.1478044771020902
146,1378,1524,0.14778899814635882
147,1391,1538,0.1477714865779126
144,1385,1529,0.1477521214808233
142,1377,1519,0.14774137334648973
140,1383,1523,0.14773665609884556
142,1384,1526,0.14773756873685095
142,1391,1533,0.14773347250552255
142,1389,1531,0.14772940857040484
142,1379,1521,0.14772611426708973
140,1382,1522,0.14772263114495338
143,1380,1523,0.1477252432454683
146,1388,1534,0.14771897220423238
142,1377,1519,0.14770551944099453
141,1381,1522,0.14770386644323522
136,1382,1518,0.14770564214054946
135,1379,1514,0.14772043049949093
133,1385,1518,0.14773627165838066
134,1378,1512,0.14775647588475366
133,1382,1515,0.1477729042694621
136,1382,1518,0.1477899909094001
137,1381,1518,0.14779823628372923
138,1372,1510,0.14780352677490705
136,1373,1509,0.1478060631825935
137,1374,1511,0.14781374967478822
135,1382,1517,0.14781819535713292
136,1373,1509,0.1478284143517946
142,1381,1523,0.1478354090299696
141,1374,1515,0.14782564514074056
139,1377,1516,0.14781905642865414
144,1366,1510,0.14781840243520525
141,1367,1508,0.14780515822877152
140,1377,1517,0.1478011393249269
139,1371,1510,0.147800303146852
138,1369,1507,0.147801351184966
136,1366,1502,0.14780510156107915
137,1360,1497,0.1478142172869632
136,1368,1504,0.14782001782514062
134,1374,1508,0.14782864482531302
134,1374,1508,0.14784183321453961
135,1380,1515,0.14785373348684533
133,1385,1518,0.14786122359777626
127,1381,1508,0.14787292085960757
128,1388,1516,0.14790018306404407
125,1392,1517,0.14792292693387785
124,1384,1508,0.1479515940397983
125,1393,1518,0.14798094195493416
127,1397,1524,0.14800511222761642
129,1394,1523,0.14802218203721756
129,1381,1510,0.14803245348249425
127,1377,1504,0.14804164361143654
130,1380,1510,0.14805629341926668
132,1382,1514,0.14806144006455985
132,1384,1516,0.14806055425448642
124,1387,1511,0.14805992373696614
123,1388,1511,0.14808150172192797
121,1395,1516,0.14810410202907767
124,1397,1521,0.14813002801449598
125,1374,1499,0.14814661881946883
124,1374,1498,0.14815923324909186
123,1377,1500,0.14817389040385984
123,1381,1504,0.14819061856778937
125,1376,1501,0.14820593560728437
124,1384,1508,0.14821484339206814
125,1384,1509,0.14822548807824143
121,1389,1510,0.14823311618104396
119,1395,1514,0.1482516940783251
116,1402,1518,0.1482749786705422
118,1404,1522,0.1483041199219329
119,1415,1534,0.14832559393542397
118,1411,1529,0.14834288602923784
117,1403,1520,0.14836241979794337
122,1392,1514,0.1483842363335841
119,1405,1524,0.1483908202158806
117,1397,1514,0.1484051041759892
115,1394,1509,0.14842418581017128
115,1404,1519,0.14844766918675703
111,1409,1520,0.14846929146990662
112,1416,1528,0.1484999391372849
112,1410,1522,0.14852578989187012
111,1406,1517,0.148550448808786
111,1415,1526,0.14857649012669535
109,1417,1526,0.14860072956263026
111,1414,1525,0.14862820785673583
109,1407,1516,0.14864777552002606
110,1405,1515,0.14867129039144678
112,1395,1507,0.14869072738206893
113,1402,1515,0.14870310080354304
111,1395,1506,0.14871146430698576
111,1389,1500,0.14872514189754535
113,1394,1507,0.14873787293993693
113,1399,1512,0.14874415537027563
113,1402,1515,0.14875002287525876
113,1391,1504,0.14875566017699163
112,1414,1526,0.14876059918735343
114,1400,1514,0.14876781513506462
110,1397,1507,0.14876919742719213
109,1401,1510,0.14878176928373132
111,1400,1511,0.14879626223195228
113,1408,1521,0.14880469785487604
112,1403,1515,0.14880703693134362
112,1405,1517,0.14881225909161397
113,1397,1510,0.1488172785839104
117,1395,1512,0.1488194742292354
115,1397,1512,0.14881038997198553
116,1393,1509,0.14880766511452878
114,1398,1512,0.1488023890131446
117,1401,1518,0.1488033140098396
115,1393,1508,0.14879645044397935
114,1399,1513,0.14879560024463528
113,1389,1502,0.14879750886267992
117,1399,1516,0.14880191107355661
118,1393,1511,0.14879495855815494
117,1397,1514,0.14878599153743452
117,1400,1517,0.148780407703945
119,1406,1525,0.1487752623141215
116,1404,1520,0.14876526742843169
116,1398,1514,0.14876440787466982
117,1405,1522,0.14876357696904338
116,1404,1520,0.14875999358440983
114,1399,1513,0.14875944295659355
114,1396,1510,0.14876466021219698
111,1398,1509,0.14876989416012407
111,1403,1514,0.14878285310290135
111,1403,1514,0.1487948236207306
113,1416,1529,0.14880631763864263
114,1424,1538,0.14881183531953446
111,1406,1517,0.14881493613478924
113,1415,1528,0.14882565054700952
114,1413,1527,0.14882988008503106
108,1421,1529,0.14883096553717468
107,1422,1529,0.14884883462971027
107,1415,1522,0.14886834961281703
107,1411,1518,0.14888650004450102
107,1407,1514,0.14890257664081613
105,1403,1508,0.14891761205445048
103,1404,1507,0.14893748663510717
105,1397,1502,0.1489615192312523
106,1387,1493,0.14897824286348296
102,1415,1517,0.14899070698826467
104,1399,1503,0.14901338075042594
103,1402,1505,0.14902917779148198
103,1407,1510,0.1490466492215357
103,1420,1523,0.1490629905205978
101,1423,1524,0.14907852175487019
98,1422,1520,0.14909820850909636
101,1413,1514,0.14912469316748703
101,1405,1506,0.14914096589639889
102,1404,1506,0.1491562972820884
104,1396,1500,0.14916781742423832
103,1403,1506,0.14917319337952273
107,1402,1509,0.14918080793760602
107,1422,1529,0.149176853375192
110,1423,1533,0.14917305145236098
108,1408,1516,0.1491613138711153
108,1409,1517,0.14915523128887073
112,1407,1519,0.1491495404063797
113,1398,1511,0.14913338099853074
116,1389,1505,0.14911547702446193
118,1403,1521,0.14909045995301637
117,1408,1525,0.1490621088862726
117,1402,1519,0.14903840504499458
116,1394,1510,0.14901634475688033
114,1395,1509,0.1489985791460204
115,1399,1514,0.14898676465494007
112,1414,1526,0.1489731038091507
110,1408,1518,0.14896895761139942
110,1401,1511,0.14897060739965695
110,1405,1515,0.14897182897513844
109,1397,1506,0.14897266912385934
110,1403,1513,0.14897623832448875
109,1395,1504,0.14897694727391253
114,1390,1504,0.14898036142574178
113,1404,1517,0.1489692747012976
112,1406,1518,0.1489617333573754
109,1409,1518,0.14895713675573094
110,1396,1506,0.14896052237604748
110,1404,1514,0.14896074130688586
112,1398,1510,0.14896098692552878
111,1407,1518,0.14895573068123313
107,1403,1510,0.14895336263747447
109,1405,1514,0.14896220239945626
106,1389,1495,0.14896456986380038
108,1403,1511,0.14897508664164621
109,1406,1515,0.1489789551335009
112,1416,1528,0.14897960868549226
114,1410,1524,0.1489715454930728
112,1413,1525,0.14895862894577921
117,1416,1533,0.14895224028883602
119,1415,1534,0.14893217234819214
119,1411,1530,0.14890802114775434
118,1403,1521,0.14888545508396292
118,1400,1518,0.14886713050065675
118,1397,1515,0.1488502435383277
116,1396,1512,0.14883410685520684
117,1402,1519,0.1488245982248129
119,1401,1520,0.14881278061798717
118,1391,1509,0.1487962016523185
119,1397,1516,0.14878357887020355
117,1401,1518,0.14876883336432153
120,1402,1522,0.1487607661136012
118,1382,1500,0.14874457048006012
120,1381,1501,0.14873512868972963
120,1387,1507,0.1487206849017027
114,1393,1507,0.14870713611204217
115,1396,1511,0.1487109907065246
115,1393,1508,0.14871225526787818
110,1399,1509,0.14871344774655654
108,1410,1518,0.14872880383744577
115,1406,1521,0.1487483855467782
117,1403,1520,0.14874699327826232
117,1395,1512,0.1487401586344088
115,1398,1513,0.14873402667381183
117,1417,1534,0.14873374234003386
115,1411,1526,0.14872775145785405
113,1409,1522,0.1487281818514439
109,1398,1507,0.1487342766958768
112,1400,1512,0.14875090380261186
112,1406,1518,0.14875757180229066
113,1403,1516,0.14876395944929288
114,1403,1517,0.14876743196481812
114,1390,1504,0.14876769409487955
115,1395,1510,0.14876746487154222
115,1395,1510,0.14876466237252312
116,1396,1512,0.1487621845653672
115,1388,1503,0.14875714676747295
112,1399,1511,0.14875487732128037
113,1389,1502,0.1487609690242748
115,1388,1503,0.14876391806454728
115,1392,1507,0.14876103425795573
112,1395,1507,0.14875838563966962
113,1402,1515,0.1487642422936549
111,1405,1516,0.14876717561941213
112,1408,1520,0.14877556960521912
114,1404,1518,0.14878064906178115
113,1401,1514,0.14877994313257864
111,1406,1517,0.14878239596270074
108,1411,1519,0.14879022195878222
106,1414,1520,0.14880574394579174
105,1413,1518,0.1488256613821012
106,1398,1504,0.14884675498380287
105,1404,1509,0.14886323619271985
105,1418,1523,0.14888118753056057
104,1408,1512,0.148898107202161
101,1412,1513,0.14891690967251003
101,1411,1512,0.14894268864868912
105,1412,1517,0.1489668249234035
105,1404,1509,0.1489783433957869
103,1405,1508,0.14898950729211022
99,1407,1506,0.14900581858803755
100,1403,1503,0.14903221131274755
103,1419,1522,0.14905401159740106
100,1425,1525,0.14906563536630432
101,1415,1516,0.14908499155188795
101,1416,1517,0.149100439000869
100,1412,1512,0.14911444918311814
101,1412,1513,0.14913044985440302
100,1417,1517,0.14914235691532216
103,1414,1517,0.14915598562570234
105,1407,1512,0.1491607120707476
103,1414,1517,0.14915964378804994
103,1423,1526,0.1491640839050568
100,1425,1525,0.14916838458525697
97,1428,1525,0.1491810361261315
96,1422,1518,0.1492016527187151
96,1413,1509,0.149224362629529
95,1430,1525,0.14924568482437156
94,1440,1534,0.14926846046537012
94,1432,1526,0.14929247010779384
94,1430,1524,0.14931471155857776
94,1428,1522,0.1493356357932543
95,1436,1531,0.14935568749882314
96,1431,1527,0.14937158649135993
96,1426,1522,0.14938350678381404
96,1408,1504,0.1493940763580916
92,1409,1501,0.14940433170337047
95,1418,1513,0.1494249689721983
95,1422,1517,0.1494358618377283
92,1420,1512,0.14944608565934345
92,1423,1515,0.14946411813787974
89,1422,1511,0.14948106039271888
88,1417,1505,0.14950542509167636
89,1433,1522,0.14953091801711146
91,1441,1532,0.14955196403561788
88,1445,1533,0.14956611072041726
92,1442,1534,0.1495877901015661
90,1438,1528,0.149596945261736
90,1424,1514,0.14961130225317912
88,1422,1510,0.14962478712402177
87,1418,1505,0.14964260500871457
88,1428,1516,0.14966198448320328
88,1434,1522,0.14967707932382726
90,1422,1512,0.14969114807030023
90,1424,1514,0.14969894499979214
87,1420,1507,0.14970608094751028
83,1414,1497,0.1497212360884992
83,1416,1499,0.14974676432440093
84,1403,1487,0.14977030715781048
86,1413,1499,0.14978941515972743
87,1407,1494,0.149801696862248
86,1408,1494,0.14981049723421117
86,1426,1512,0.14982149257167934
84,1423,1507,0.1498317639884014
83,1421,1504,0.14984711207816864
87,1423,1510,0.1498640470213046
86,1427,1513,0.14986900908121156
87,1422,1509,0.1498765057244529
84,1438,1522,0.14988073556173606
84,1432,1516,0.14989325072655416
84,1431,1515,0.1499047818652405
83,1420,1503,0.1499152614253883
82,1422,1504,0.14992794246166655
78,1418,1496,0.14994278610061176
82,1419,1501,0.14996820010666498
83,1416,1499,0.14998018405495656
84,1407,1491,0.14998856233305413
83,1435,1518,0.1499933495170988
84,1436,1520,0.1500007620710366
83,1431,1514,0.15000441669795278
84,1442,1526,0.15001070507216166
82,1444,1526,0.15001389189317071
80,1450,1530,0.15002280285258254
81,1444,1525,0.15003659548431306
80,1438,1518,0.1500467165617553
77,1431,1508,0.1500589299926477
75,1440,1515,0.15007899926541923
77,1422,1499,0.15010313630383798
76,1421,1497,0.150119555183246
77,1426,1503,0.15013840626120925
80,1431,1511,0.15015320474662844
82,1433,1515,0.15015861353404936
82,1437,1519,0.15015777927348967
83,1435,1518,0.15015745677012074
80,1436,1516,0.15015441822606074
82,1446,1528,0.1501602549545021
81,1452,1533,0.1501599527733891
81,1450,1531,0.15016246437289776
81,1452,1533,0.15016486696392597
77,1443,1520,0.1501669812637522
78,1445,1523,0.1501801997066593
76,1455,1531,0.15018979749974953
82,1442,1524,0.1502043096893403
84,1420,1504,0.1502008830809269
82,1420,1502,0.15019197508446458
82,1432,1514,0.15018913576613602
82,1424,1506,0.15018633197653022
82,1422,1504,0.15018361325311416
82,1418,1500,0.15018080894902094
81,1429,1510,0.15017858392307534
78,1426,1504,0.1501791311248973
75,1433,1508,0.1501882269873102
76,1430,1506,0.15020538121311294
75,1440,1515,0.15021865584932395
74,1436,1510,0.15023412071935036
69,1434,1503,0.1502514393566528
69,1440,1509,0.15028224618601893
69,1440,1509,0.15031073406313944
71,1442,1513,0.1503376027828858
68,1454,1522,0.1503567137331408
68,1453,1521,0.15038342131972796
68,1449,1517,0.1504083446456635
67,1450,1517,0.15043173411204602
68,1440,1508,0.15045641100729523
69,1440,1509,0.15047661719192323
67,1454,1521,0.15049288458916535
68,1443,1511,0.150513895101241
65,1455,1520,0.15053083862358263
65,1453,1518,0.1505556303503998
67,1443,1510,0.1505783570104793
65,1441,1506,0.15059382502669744
67,1439,1506,0.15061391699145188
68,1454,1522,0.1506266563481483
67,1443,1510,0.15063574825927378
68,1444,1512,0.15064708508138114
68,1447,1515,0.15065498762501778
69,1458,1527,0.15066260240966522
69,1453,1522,0.150666672015397
69,1459,1528,0.1506704615008837
68,1455,1523,0.1506740666744689
65,1456,1521,0.1506804617611477
68,1458,1526,0.1506947383788528
70,1452,1522,0.15069965248975753
69,1448,1517,0.15069825819509522
69,1450,1519,0.1507000466302312
72,1452,1524,0.15070216256987068
70,1449,1519,0.15069533779372116
71,1460,1531,0.15069488623555663
69,1464,1533,0.15069154770348803
68,1463,1531,0.1506943566235594
68,1453,1521,0.1506998018650249
64,1463,1527,0.1507048437067532
63,1477,1540,0.15072139392523606
65,1452,1517,0.15073991013319474
64,1454,1518,0.15075114298159023
62,1462,1524,0.15076458746107083
62,1463,1525,0.15078286026532745
63,1459,1522,0.15079982537050904
64,1461,1525,0.15081268531165076
65,1459,1524,0.1508218182455052
61,1462,1523,0.15082740912545098
62,1448,1510,0.15084430179320613
59,1446,1505,0.15085745378081888
57,1460,1517,0.15087891415426996
58,1458,1516,0.15090483520549042
60,1457,1517,0.15092626605576892
61,1453,1514,0.1509404815747763
63,1452,1515,0.1509504992151489
62,1450,1512,0.15095378547927588
63,1451,1514,0.15096007876749162
64,1440,1504,0.1509631802204812
64,1453,1517,0.1509629444976516
65,1449,1514,0.1509630200341979
68,1451,1519,0.1509600966711773
70,1442,1512,0.15094865529263837
65,1427,1492,0.15093216589816644
64,1427,1491,0.15093128557624028
67,1438,1505,0.15093306332257792
67,1442,1509,0.15092604695948736
66,1435,1501,0.15091971892017692
66,1442,1508,0.15091632899755228
67,1451,1518,0.15091335158373162
70,1454,1524,0.15090782996476432
68,1452,1520,0.15089398255317024
67,1435,1502,0.15088686937397505
67,1454,1521,0.15088303863419006
68,1460,1528,0.15087940003270656
66,1465,1531,0.15087309594713363
69,1453,1522,0.15087313379709816
66,1447,1513,0.15086424197183554
65,1449,1514,0.15086462381009638
66,1447,1513,0.15086754656817875
65,1444,1509,0.150867546067795
65,1456,1521,0.15087070743686098
63,1460,1523,0.15087364153390437
59,1469,1528,0.15088223968196446
58,1469,1527,0.15090222056088348
57,1466,1523,0.15092360808536334
58,1452,1510,0.15094677529124856
56,1456,1512,0.15096586163721443
54,1458,1512,0.1509897167193451
54,1459,1513,0.15101773962246623
56,1473,1529,0.1510441964370982
56,1471,1527,0.1510632476039079
57,1459,1516,0.15108111638980648
57,1465,1522,0.1510949746074033
55,1470,1525,0.15110803839886036
54,1471,1525,0.15112601922402072
53,1476,1529,0.15114593594957618
52,1471,1523,0.15116770350202907
52,1470,1522,0.1511909869648422
53,1460,1513,0.15121250782442264
53,1464,1517,0.15122976190545262
52,1457,1509,0.1512460977818821
52,1453,1505,0.15126441240194555
52,1461,1513,0.15128154904194424
52,1470,1522,0.15129791991846664
52,1483,1535,0.15131309780683838
52,1473,1525,0.15132728901565531
53,1469,1522,0.15134059665271898
53,1474,1527,0.15135019464821403
55,1476,1531,0.15135923280774705
56,1478,1534,0.15136190402621277
56,1467,1523,0.15136151926565666
55,1463,1518,0.15136118777060548
58,1441,1499,0.1513637884890705
58,1452,1510,0.151357179559327
56,1463,1519,0.15135122486460645
56,1447,1503,0.1513516175210595
55,1465,1520,0.15135223904948217
56,1467,1523,0.15135573832465446
55,1463,1518,0.1513561073781551
56,1458,1514,0.15135958566446903
56,1457,1513,0.1513597225043681
56,1473,1529,0.15135946226957767
59,1471,1530,0.15135891322607878
59,1465,1524,0.15134917517696994
57,1459,1516,0.15133991361643243
57,1461,1518,0.15133716993984891
56,1462,1518,0.1513345484249219
56,1469,1525,0.15133514131180703
56,1451,1507,0.15133564791587073
58,1468,1526,0.15133601468594812
58,1479,1537,0.1513303190749756
59,1461,1520,0.15132511994453451
59,1467,1526,0.15131749600386019
59,1467,1526,0.15131042060271827
59,1458,1517,0.15130402087135333
60,1458,1518,0.15129800634160356
60,1460,1520,0.15128924160355134
59,1460,1519,0.1512810806715579
57,1456,1513,0.1512762782150078
60,1452,1512,0.15127742724326354
63,1449,1512,0.15126924507113604
62,1445,1507,0.15125295109294654
59,1456,1515,0.1512410474918858
60,1455,1515,0.15123860035293665
62,1442,1504,0.15123294080849756
60,1435,1495,0.15122173598658845
62,1446,1508,0.1512167977333288
64,1449,1513,0.15120616485395869
65,1449,1514,0.15119067877310186
64,1463,1527,0.15117339379878428
62,1453,1515,0.15115992699642222
59,1456,1515,0.15115330083184061
57,1450,1507,0.15115602075177162
57,1437,1494,0.15116417138096355
58,1447,1505,0.15117189259641825
59,1459,1518,0.15117612868646094
59,1460,1519,0.1511770763920473
61,1456,1517,0.15117808163538982
63,1447,1510,0.15117290877333714
65,1461,1526,0.15116242324401188
65,1444,1509,0.15114683533781875
66,1450,1516,0.15113213238937184
63,1444,1507,0.15111565573659336
63,1445,1508,0.1511089378835932
62,1464,1526,0.15110268242352148
59,1464,1523,0.15109966063633942
62,1468,1530,0.1511057219463752
62,1473,1535,0.151102147392289
61,1456,1517,0.1510987724039981
63,1463,1526,0.1510985697265504
64,1468,1532,0.15109234260962306
65,1461,1526,0.1510836925843523
63,1450,1513,0.15107258696997936
66,1448,1514,0.15106799059072584
67,1444,1511,0.15105464542607672
67,1441,1508,0.15103838814567383
68,1450,1518,0.15102316531044513
68,1450,1518,0.15100617230859478
68,1458,1526,0.15099005689384856
66,1446,1512,0.15097522224002666
66,1441,1507,0.1509671817935266
67,1448,1515,0.1509592705235827
67,1443,1510,0.1509488895573704
68,1446,1514,0.15093902549823746
68,1448,1516,0.15092660381020045
70,1457,1527,0.15091497034350365
74,1453,1527,0.15089795063895667
74,1442,1516,0.15087039317709125
76,1449,1525,0.15084471442039926
75,1446,1521,0.15081478410693222
74,1456,1530,0.1507897867500706
76,1452,1528,0.15076956637763642
75,1460,1535,0.15074430608529155
78,1448,1526,0.15072298713231091
77,1433,1510,0.1506942942767634
78,1447,1525,0.1506705063649687
80,1435,1515,0.15064512415186776
80,1436,1516,0.1506152557176774
78,1448,1526,0.15058731768385505
78,1442,1520,0.1505670342153138
80,1456,1536,0.1505479769463007
80,1443,1523,0.15052428737998708
80,1437,1517,0.15050228511011793
79,1428,1507,0.15048146539246374
77,1422,1499,0.15046502772213788
78,1427,1505,0.1504556273587567
79,1430,1509,0.1504438603870893
78,1438,1516,0.15042970142814668
75,1440,1515,0.15041936309183904
75,1433,1508,0.15041853754602286
76,1440,1516,0.15041755607633955
76,1452,1528,0.15041389534643018
78,1454,1532,0.1504104278084816
77,1442,1519,0.15040136440534918
78,1440,1518,0.15039587493545223
77,1444,1521,0.1503877450568708
74,1433,1507,0.1503831712965028
73,1437,1510,0.1503876436089646
71,1457,1528,0.1503950149916007
69,1454,1523,0.15040793948011444
72,1447,1519,0.15042594209228416
71,1442,1513,0.15043353707404405
67,1442,1509,0.15044366129871226
66,1434,1500,0.15046511153786693
68,1423,1491,0.15048812317534274
68,1447,1515,0.1505036171842117
69,1424,1493,0.15051777305581202
68,1430,1498,0.15052809350398086
69,1435,1504,0.15054058129048992
68,1438,1506,0.15054925965807245
71,1430,1501,0.15056009297735187
71,1432,1503,0.15056108575604196
70,1439,1509,0.15056208935796855
73,1434,1507,0.15056591931939653
74,1441,1515,0.15056055082631067
70,1443,1513,0.1505528201567825
71,1452,1523,0.1505572626396474
74,1439,1513,0.1505585811320915
72,1440,1512,0.15055069255309134
69,1448,1517,0.15054930188289956
71,1444,1515,0.15055694537578895
73,1437,1510,0.1505581952293115
71,1441,1512,0.15055343827113565
72,1439,1511,0.15055508434362774
70,1445,1515,0.15055352457419546
67,1431,1498,0.15055802261070933
66,1448,1514,0.15057102069620842
63,1455,1518,0.15058574081008388
63,1450,1513,0.15060869583859574
66,1455,1521,0.15063028423442767
66,1456,1522,0.15064124022076342
64,1447,1511,0.15065120523530875
64,1447,1511,0.1506664370374571
63,1452,1515,0.15068049454273783
64,1454,1518,0.15069674029073146
61,1460,1521,0.15070869954599928
61,1462,1523,0.15072907957315787
64,1461,1525,0.15074837545900172
66,1451,1517,0.15075737358044633
67,1459,1526,0.1507598856370206
66,1444,1510,0.1507591993815869
68,1441,1509,0.15076155828963878
68,1435,1503,0.15075757412038088
65,1444,1509,0.15075372747555071
63,1448,1511,0.15075910217164293
61,1451,1512,0.15077022543533614
62,1454,1516,0.15078677031668378
63,1452,1515,0.15079896498849024
65,1456,1521,0.15080738974145416
63,1437,1500,0.1508093010606472
62,1432,1494,0.15081747467112017
63,1442,1505,0.15082825963968025
61,1449,1510,0.1508352743912254
60,1466,1526,0.15084776333180494
59,1477,1536,0.15086243484989723
55,1470,1525,0.15087921833054643
56,1468,1524,0.1509069426285791
54,1454,1508,0.1509299231801867
53,1464,1517,0.15095766713542108
53,1477,1530,0.15098667799498908
52,1466,1518,0.1510136295856935
52,1457,1509,0.15104194073828967
49,1447,1496,0.15106843126511987
51,1449,1500,0.15110224956788654
49,1458,1507,0.15112796692945252
47,1455,1502,0.15115781307415788
48,1454,1502,0.15119182134429687
49,1461,1510,0.1512205422547362
48,1473,1521,0.15124442342877764
48,1467,1515,0.15126990062744589
47,1461,1508,0.15129382960122462
48,1473,1521,0.1513193287377295
46,1482,1528,0.1513401092920342
46,1467,1513,0.15136541741240706
45,1480,1525,0.15138917697543758
44,1484,1528,0.15141442566326704
46,1479,1525,0.15144113617598434
45,1485,1530,0.15146046477560163
44,1479,1523,0.15148164539576628
44,1482,1526,0.15150451506333495
45,1483,1528,0.15152603398080627
45,1477,1522,0.15154330785247147
45,1471,1516,0.15155949851743433
44,1459,1503,0.15157486423579317
44,1465,1509,0.15159236673536744
44,1471,1515,0.15160859061880289
43,1463,1506,0.1516238030843274
42,1460,1502,0.15164152369346734
41,1463,1504,0.1516609992647368
40,1480,1520,0.15168272812146055
38,1485,1523,0.15170628249603424
35,1484,1519,0.1517344763888106
36,1484,1520,0.15177002266241615
37,1496,1533,0.1518003655858395
36,1497,1533,0.15182582968523586
35,1476,1511,0.1518527445351133
35,1472,1507,0.15188118193425484
35,1475,1510,0.1519078746378301
34,1469,1503,0.15193292750080659
31,1478,1509,0.15195950201814398
31,1480,1511,0.15199329499398118
30,1482,1512,0.1520251552718904
28,1487,1515,0.152058099034629
28,1492,1520,0.15209520155146683
30,1490,1520,0.15213006362047518
32,1477,1509,0.15215683041221872
30,1478,1508,0.15217553302628503
28,1476,1504,0.15219955228284957
28,1476,1504,0.15222824451237643
28,1480,1508,0.1522552022070239
30,1486,1516,0.15228074635116026
29,1488,1517,0.15229859383469105
28,1479,1507,0.15231852131647258
30,1483,1513,0.15234017673775901
30,1475,1505,0.15235436603329736
30,1474,1504,0.15236769481104034
30,1487,1517,0.15238004512051379
29,1478,1507,0.15239164609549619
29,1484,1513,0.1524055832595673
28,1485,1513,0.15241846532794218
28,1489,1517,0.1524337350850249
28,1494,1522,0.1524482640165436
28,1493,1521,0.1524619185743552
28,1492,1520,0.15247474396457894
29,1498,1527,0.15248663002048954
28,1494,1522,0.15249477082009577
28,1506,1534,0.1525056578643352
27,1513,1540,0.15251589186916006
27,1508,1535,0.15252867747333665
27,1505,1532,0.15254052012046546
25,1502,1527,0.1525516254697726
27,1484,1511,0.15256805599297107
28,1486,1514,0.15257718495769057
28,1484,1512,0.1525827186432639
29,1483,1512,0.15258800378786866
28,1486,1514,0.15258985370748895
28,1497,1525,0.15259479554738067
27,1489,1516,0.1525994446024295
28,1490,1518,0.15260680986234282
28,1487,1515,0.15261074178733713
25,1484,1509,0.15261443848479306
25,1492,1517,0.15262711693069664
26,1493,1519,0.15263905275565567
26,1474,1500,0.15264721720744107
28,1473,1501,0.15265489747021035
28,1495,1523,0.15265598600796118
28,1490,1518,0.1526569690383602
26,1491,1517,0.1526578019346012
26,1488,1514,0.15266479249496118
24,1484,1508,0.15267147191945524
24,1493,1517,0.15268385676810278
23,1479,1502,0.152695493192593
23,1482,1505,0.15270952382481456
23,1495,1518,0.15272267762587155
22,1490,1512,0.15273485406184384
22,1503,1525,0.15274971050730785
22,1499,1521,0.15276363582190708
20,1492,1512,0.15277671390797626
21,1501,1522,0.15279520921216136
21,1489,1510,0.1528095074960715
22,1496,1518,0.152822959820803
20,1490,1510,0.15283256822962082
21,1482,1503,0.1528478300233406
21,1485,1506,0.15285918245317745
22,1483,1505,0.15286995276780752
22,1490,1512,0.15287696014616817
22,1492,1514,0.15288358448922768
21,1487,1508,0.15288983170881068
21,1495,1516,0.15289874206618992
21,1487,1508,0.15290715651096665
21,1485,1506,0.1529149517895621
23,1477,1500,0.1529223237845155
23,1473,1496,0.15292319436345042
23,1480,1503,0.15292402732350183
22,1487,1509,0.15292480966937222
24,1484,1508,0.15292851808523727
24,1493,1517,0.15292600436309342
25,1499,1524,0.1529236571453645
24,1497,1521,0.15291847121892807
25,1484,1509,0.15291660365645018
25,1488,1513,0.15291179276979908
26,1483,1509,0.15290726579584718
23,1490,1513,0.15289993372035443
21,1515,1536,0.15290231108452004
22,1499,1521,0.15291067314404924
23,1489,1512,0.15291556416832983
23,1503,1526,0.15291711529212612
23,1501,1524,0.15291862864311045
23,1504,1527,0.15292007248200726
23,1495,1518,0.15292144366281185
23,1495,1518,0.15292274298126593
23,1494,1517,0.1529239725142228
22,1494,1516,0.15292513488266354
22,1485,1507,0.152929379045892
21,1499,1520,0.15293335580140027
21,1494,1515,0.15294015055281046
21,1487,1508,0.15294653734698424
21,1489,1510,0.1529525332736256
21,1488,1509,0.15295808702769473
20,1493,1513,0.15296313832077557
20,1485,1505,0.15297085038530558
22,1493,1515,0.1529781165181136
21,1494,1515,0.15297890725119456
22,1498,1520,0.15298268523399056
22,1510,1532,0.15298321066746318
22,1506,1528,0.1529838445653542
22,1499,1521,0.15298444169841863
22,1489,1511,0.1529850753009057
22,1492,1514,0.1529857007756968
22,1498,1520,0.1529863117909998
23,1495,1518,0.15298699581235625
24,1497,1521,0.15298454661262514
25,1500,1525,0.15297923487229442
23,1495,1518,0.15297119663615155
21,1499,1520,0.15296954746374505
20,1508,1528,0.15297403746826546
19,1496,1515,0.1529813330410293
19,1483,1502,0.1529912137038777
20,1486,1506,0.15300048166649735
20,1492,1512,0.1530061073767086
20,1497,1517,0.1530113560815991
19,1497,1516,0.15301627252454936
20,1475,1495,0.15302387515194618
20,1481,1501,0.15302802266799184
20,1477,1497,0.15303188986881885
20,1481,1501,0.15303551642939442
21,1502,1523,0.15303891894589478
22,1493,1515,0.1530389708193326
22,1495,1517,0.15303600765101608
21,1503,1524,0.15303324016069605
21,1501,1522,0.1530337497886083
20,1496,1516,0.1530342277097304
20,1500,1520,0.15303767544857474
20,1492,1512,0.15304095446465596
20,1495,1515,0.15304397613977155
20,1496,1516,0.1530468432326816
21,1492,1513,0.15304954356833111
22,1505,1527,0.1530489571145221
21,1503,1524,0.15304531372579622
22,1504,1526,0.15304501577558763
22,1495,1517,0.153041600792485
22,1484,1506,0.15303835198456042
21,1485,1506,0.15303534787921663
21,1492,1513,0.15303560150326498
22,1493,1515,0.15303582007372965
19,1489,1508,0.15303289446108995
21,1479,1500,0.15303937741528706
21,1488,1509,0.15303924779396616
20,1488,1508,0.15303918403404418
20,1498,1518,0.15304224856018975
20,1489,1509,0.1530451090122624
21,1501,1522,0.1530477905409989
22,1502,1524,0.1530472355549385
22,1510,1532,0.15304359202106546
21,1505,1526,0.15304019988184153
22,1500,1522,0.15304008082590018
20,1495,1515,0.1530368787913961
20,1484,1504,0.15304002795164956
22,1488,1510,0.15304297160447397
20,1491,1511,0.1530395311590815
20,1502,1522,0.15304255220570195
20,1498,1518,0.15304536249095663
20,1502,1522,0.15304799334308775
19,1501,1520,0.15305045868948036
18,1489,1507,0.15305592934972034
16,1495,1511,0.15306406668110373
14,1506,1520,0.1530778050124345
14,1498,1512,0.15309690733678713
16,1486,1502,0.1531148266534683
17,1490,1507,0.15312535490001786
18,1479,1497,0.15313218627034053
18,1474,1492,0.15313552204492706
18,1485,1503,0.15313868790733515
17,1488,1505,0.1531416703114389
17,1491,1508,0.1531475434427092
18,1492,1510,0.15315310797960235
18,1489,1507,0.153155267751532
19,1485,1504,0.15315726678745786
20,1477,1497,0.15315609581482714
20,1495,1515,0.1531518695276512
20,1498,1518,0.15314795369099926
20,1491,1511,0.15314425188734476
20,1481,1501,0.1531407799561633
19,1494,1513,0.15313752424967592
20,1496,1516,0.15313762248904375
21,1501,1522,0.15313455214429542
20,1499,1519,0.15312853967690926
19,1477,1496,0.15312606787974728
20,1487,1507,0.15312688039540487
19,1483,1502,0.1531244855750475
20,1490,1510,0.1531252054863704
20,1487,1507,0.1531228446862646
19,1494,1513,0.15312067562331388
20,1492,1512,0.15312175154553026
20,1498,1518,0.15311956252191616
20,1503,1523,0.15311752794746114
20,1491,1511,0.153115623171977
20,1493,1513,0.15311383697466005
21,1499,1520,0.1531120942465123
20,1498,1518,0.15310734399090772
21,1495,1516,0.15310600746515976
21,1494,1515,0.1531015876840947
20,1502,1522,0.1530974613649244
20,1505,1525,0.15309672593347468
20,1486,1506,0.1530960226848081
21,1478,1499,0.15309535893393747
22,1479,1501,0.15309159262262312
23,1479,1502,0.15308498464957532
23,1484,1507,0.15307567369775082
22,1491,1513,0.15306697470402034
22,1503,1525,0.15306196401985617
20,1510,1530,0.15305725389808347
20,1494,1514,0.15305903794592793
20,1489,1509,0.15306067136340276
19,1495,1514,0.1530621922648744
18,1491,1509,0.15306659152586433
17,1487,1504,0.15307388126974672
17,1503,1520,0.15308388217951485
17,1495,1512,0.15309325495256862
16,1495,1511,0.15310205263469892
15,1489,1504,0.15311336189050398
14,1494,1508,0.15312699014143824
13,1505,1518,0.1531429813216436
14,1506,1520,0.15316109106807818
14,1507,1521,0.15317504386238767
13,1503,1516,0.15318824533177228
11,1508,1519,0.15320373297134715
11,1503,1514,0.15322444789591524
11,1500,1511,0.1532439228841871
11,1500,1511,0.1532622181634045
11,1507,1518,0.15327940674479631
11,1496,1507,0.15329555627509414
10,1510,1520,0.15331072989302896
10,1509,1519,0.1533281767816104
10,1511,1521,0.15334455981886205
10,1510,1520,0.15335995161135638
9,1509,1518,0.15337441433473853
8,1499,1507,0.15339116162628882
8,1511,1519,0.15341009534185762
8,1503,1511,0.15342787584918113
8,1513,1521,0.15344458585361634
8,1511,1519,0.15346029177752707
8,1521,1529,0.153475054197057
8,1521,1529,0.1534889297460946
8,1520,1528,0.1535019716276711
8,1525,1533,0.15351422987226282
7,1517,1524,0.15352575153255488
7,1507,1514,0.15353968546274765
7,1511,1518,0.15355282441251653
8,1516,1524,0.15356518376259984
8,1517,1525,0.15357366453611207
8,1507,1515,0.1535816453753529
8,1503,1511,0.15358914727632691
8,1497,1505,0.15359619925815757
8,1510,1518,0.1536028285200202
8,1507,1515,0.15360906053525233
8,1505,1513,0.15361491918221826
9,1508,1517,0.15362042686911603
8,1512,1520,0.1536223915297118
8,1516,1524,0.1536274496365169
8,1501,1509,0.153632197955947
8,1502,1510,0.1536366643675392
8,1506,1514,0.15364086411049308
7,1519,1526,0.15364481227289334
7,1532,1539,0.15365160532980507
8,1508,1516,0.1536580282111077
8,1513,1521,0.15366097734586692
9,1520,1529,0.15366372376384707
9,1532,1541,0.15366306774715277
9,1524,1533,0.15366246995128047
8,1525,1533,0.15366191074966903
8,1515,1523,0.1536646114624564
8,1515,1523,0.15366713384805894
7,1514,1521,0.15366950187595502
7,1506,1513,0.15367486928474783
7,1506,1513,0.15367991483595062
6,1512,1518,0.15368466248066923
6,1515,1521,0.15369229868540182
6,1517,1523,0.15369948474625653
5,1513,1518,0.15370624783208836
5,1510,1515,0.15371571428220943
5,1500,1505,0.15372465885683773
5,1503,1508,0.1537330794573017
6,1517,1523,0.15374100213393468
6,1508,1514,0.15374526938727817
6,1508,1514,0.15374928399147783
5,1521,1526,0.15375305562924102
5,1499,1504,0.15375984286365454
5,1514,1519,0.1537662130305826
5,1518,1523,0.15377219943173004
5,1515,1520,0.1537778279734122
5,1511,1516,0.15378312067928018
5,1511,1516,0.15378809762249832
5,1519,1524,0.1537927775244517
5,1514,1519,0.15379717797292045
5,1519,1524,0.15380131552709045
5,1515,1520,0.1538052057858836
5,1510,1515,0.1538088634431084
6,1498,1504,0.15381230233706486
6,1515,1521,0.1538123342553491
5,1513,1518,0.15381238496611227
6,1520,1526,0.1538155785164503
6,1524,1530,0.1538155163443325
6,1517,1523,0.1538154320168296
6,1505,1511,0.15381535974871327
6,1506,1512,0.15381535004249483
6,1509,1515,0.15381534087787624
5,1507,1512,0.15381533590209134
5,1517,1522,0.15381841778583222
5,1512,1517,0.1538213503905821
4,1496,1500,0.15382411303796104
4,1497,1501,0.15382987112107957
4,1506,1510,0.1538352897915301
4,1509,1513,0.15384038973435155
4,1531,1535,0.15384518713791337
4,1524,1528,0.15384969890525965
4,1515,1519,0.1538539415526615
4,1506,1510,0.1538579308797342
4,1506,1510,0.153861681874078
3,1508,1511,0.15386520869711395
3,1523,1526,0.15387166607670896
3,1525,1528,0.1538777871221839
3,1527,1530,0.15388355571779497
3,1524,1527,0.1538889864512173
3,1521,1524,0.153894096880295
3,1518,1521,0.15389890479433124
3,1515,1518,0.15390342747778984
3,1522,1525,0.15390768146289438
3,1524,1527,0.15391168245147516
3,1531,1534,0.15391544530398643
3,1515,1518,0.15391898405699572
3,1509,1512,0.1539223119530968
3,1519,1522,0.15392544147611512
3,1522,1525,0.15392838438823078
3,1515,1518,0.15393115176733232
3,1532,1535,0.15393375404371817
2,1525,1527,0.1539362010356753
2,1522,1524,0.15394171035574908
2,1517,1519,0.15394687846127802
2,1529,1531,0.1539517395211404
2,1521,1523,0.15395631204185647
2,1529,1531,0.1539606128557259
2,1526,1528,0.15396465786120847
2,1529,1531,0.15396846210101095
3,1528,1531,0.1539720397885687
4,1526,1530,0.15397218329142603
4,1520,1524,0.15396913075728108
4,1521,1525,0.15396628530182288
4,1510,1514,0.15396361308703246
4,1495,1499,0.15396110195633786
4,1507,1511,0.15395874185650377
4,1514,1518,0.15395652356859926
4,1509,1513,0.15395443848673065
4,1510,1514,0.1539524785431634
4,1506,1510,0.15395063616659616
5,1524,1529,0.15394890425019855
5,1518,1523,0.15394416152140603
5,1509,1514,0.15393967754060747
5,1510,1515,0.15393546081230022
5,1514,1519,0.1539314972073763
5,1499,1504,0.15392777180711228
5,1511,1516,0.15392427028892122
6,1513,1519,0.15392097912558808
6,1506,1512,0.15391473970998631
6,1510,1516,0.15390888676553804
6,1507,1513,0.15390338759304092
5,1501,1506,0.15389822060448335
4,1506,1510,0.15389653576064088
3,1515,1518,0.1538980673293609
3,1507,1510,0.15390267844185204
3,1504,1507,0.15390700033948213
3,1493,1496,0.15391106455121975
3,1499,1502,0.15391488680101936
2,1499,1501,0.15391848127185617
2,1504,1506,0.1539250631059985
2,1509,1511,0.1539312409352865
2,1510,1512,0.15393705209738454
2,1511,1513,0.15394251853897567
1,1504,1505,0.15394766038512356
1,1516,1517,0.1539556760510075
1,1497,1498,0.15396322130903947
1,1510,1511,0.15397032519346868
1,1520,1521,0.15397701080504383
1,1499,1500,0.1539833014557618
1,1493,1494,0.15398921973536825
1,1503,1504,0.15399478722184753
1,1506,1507,0.15400002439848273
1,1511,1512,0.15400495064659203
1,1494,1495,0.15400958427020592
1,1505,1506,0.15401394253543327
1,1522,1523,0.1540180417166024
1,1517,1518,0.154021897145111
1,1508,1509,0.15402552325874794
1,1514,1515,0.15402893365022327
1,1515,1516,0.15403214111419536
1,1513,1514,0.154035157692413
1,1509,1510,0.1540379947167852
1,1512,1513,0.15404066285031182
1,1519,1520,0.15404317212587737
1,1531,1532,0.1540455319829536
1,1524,1525,0.15404775130227816
1,1522,1523,0.15404983843859285
1,1510,1511,0.15405180125152765
1,1515,1516,0.15405364713472175
1,1517,1518,0.15405538304327074
1,1514,1515,0.15405701551958845
2,1503,1505,0.15405855071776825
2,1500,1502,0.15405684362012864
2,1503,1505,0.1540552058113983
2,1510,1512,0.15405365881787797
2,1520,1522,0.15405220090793878
2,1525,1527,0.154050828126712
2,1519,1521,0.15404953605973615
2,1522,1524,0.15404832026260656
2,1509,1511,0.15404717640864965
3,1508,1511,0.15404610034765878
3,1496,1499,0.15404189592412237
3,1499,1502,0.1540379459166883
4,1505,1509,0.15403422910365183
4,1507,1511,0.15402756558189817
4,1509,1513,0.15402131091929414
4,1504,1508,0.15401543069501494
4,1517,1521,0.15400990270361495
4,1518,1522,0.15400470588327064
4,1519,1523,0.15399982036213605
4,1517,1521,0.1539952274377749
5,1515,1520,0.15399090952527114
5,1520,1525,0.15398375678742407
5,1515,1520,0.15397701414331316
5,1504,1509,0.15397067584491853
5,1520,1525,0.1539647184558735
5,1522,1527,0.15395911902402692
5,1518,1523,0.15395385588009844
5,1510,1515,0.15394890867264444
3,1500,1503,0.1539442583032318
3,1509,1512,0.15394608997709938
3,1513,1516,0.15394784109892562
3,1519,1522,0.15394949458630652
2,1514,1516,0.15395105211670926
4,1518,1522,0.15395561682355352
4,1515,1519,0.1539537283284827
3,1507,1510,0.15395190893858823
3,1506,1509,0.15395328828919141
3,1499,1502,0.15395461587502318
3,1498,1501,0.15395586795356364
2,1504,1506,0.15395704650887
2,1517,1519,0.1539612582943956
3,1506,1509,0.15396525686709733
4,1515,1519,0.15396589512432535
4,1511,1515,0.1539632991664563
5,1509,1514,0.1539608639634862
6,1494,1500,0.15395541632786938
6,1486,1492,0.15394721714033507
6,1483,1489,0.15393949870449464
6,1516,1522,0.1539322494478942
5,1520,1525,0.15392544054914734
5,1509,1514,0.15392209925879588
5,1523,1528,0.15391898273846963
5,1507,1512,0.15391605463932975
7,1512,1519,0.15391330224320335
7,1505,1512,0.15390447673169966
7,1508,1515,0.15389620016885366
6,1516,1522,0.1538884328679926
6,1525,1531,0.15388419536415543
6,1520,1526,0.1538802399112706
6,1515,1521,0.15387652391059142
5,1519,1524,0.153873031218725
6,1501,1507,0.15387289049206232
7,1509,1516,0.1538696813959404
6,1505,1511,0.15386356117896832
6,1492,1498,0.15386092753061925
7,1501,1508,0.15385844997477352
7,1502,1509,0.1538529788063068
6,1508,1514,0.1538478454391902
5,1510,1515,0.15384605730543227
5,1505,1510,0.1538475075185287
5,1500,1505,0.15384886329869102
6,1500,1506,0.15385013614586454
6,1500,1506,0.15384826754296127
6,1507,1513,0.15384649281219334
6,1516,1522,0.15384482451822626
6,1508,1514,0.15384325685657282
7,1500,1507,0.15384178369478174
7,1498,1505,0.15383731896291153
7,1499,1506,0.15383310280693613
7,1492,1499,0.15382914166960543
7,1507,1514,0.15382542104686592
7,1502,1509,0.1538219261023449
7,1484,1491,0.15381864282135033
7,1491,1498,0.1538155581020765
7,1524,1531,0.1538126597067437
5,1527,1532,0.15380993619655012
5,1511,1516,0.15381346331202883
5,1511,1516,0.15381683294245915
5,1505,1510,0.15382000355270242
6,1504,1510,0.15382298338087583
6,1495,1501,0.15382271695322708
6,1510,1516,0.1538224469292302
6,1513,1519,0.15382219261788715
6,1507,1513,0.15382195395607412
6,1512,1518,0.15382173000643024
6,1510,1516,0.153821519808269
6,1509,1515,0.15382126433600754
6,1508,1514,0.15382109460888505
6,1513,1519,0.15382090143928365
4,1509,1513,0.15382071673906306
4,1503,1507,0.15382674823994746
4,1520,1524,0.15383245238278057
4,1515,1519,0.1538378223670395
4,1499,1503,0.15384287332109015
3,1504,1507,0.15384762286954345
2,1513,1515,0.15385524048929658
2,1509,1511,0.15386550435554316
3,1487,1490,0.15387520286848397
3,1492,1495,0.1538811612217614
3,1497,1500,0.15388676901089984
3,1506,1509,0.15389204022350275
3,1520,1523,0.15389699604071758
3,1513,1516,0.15390165568650283
3,1512,1515,0.153906037013044
3,1518,1521,0.15391015672294447
3,1517,1520,0.1539140304830738
3,1526,1529,0.15391767300410408
3,1530,1533,0.1539210981060932
3,1527,1530,0.1539243187763966
3,1503,1506,0.15392734722224777
3,1507,1510,0.15393019491912813
3,1508,1511,0.1539328726555922
3,1519,1522,0.15393539057500488
3,1515,1518,0.15393775821452618
4,1508,1512,0.1539399845416048
4,1506,1510,0.15393896286701392
4,1524,1528,0.153937976563909
3,1514,1517,0.1539370464689104
3,1512,1515,0.15393927260790868
3,1502,1505,0.15394140075766957
3,1504,1507,0.15394340753850316
3,1518,1521,0.15394529665873016
4,1532,1536,0.153947074032641
4,1515,1519,0.15394556971476583
4,1520,1524,0.15394416026715196
4,1528,1532,0.15394283394318134
4,1532,1536,0.15394158678843584
5,1516,1521,0.15394041437847739
5,1509,1514,0.15393609938895758
5,1502,1507,0.15393206143592486
5,1492,1497,0.1539282674407912
5,1497,1502,0.15392470181815898
5,1507,1512,0.15392135064710058
6,1505,1511,0.15391820092054376
6,1498,1504,0.1539120636771476
7,1526,1533,0.15390629856177793
7,1527,1534,0.15389771968343363
7,1521,1528,0.15388966428054246
7,1508,1515,0.15388209442210907
7,1512,1519,0.15387498170018882
7,1521,1528,0.15386829853751494
7,1510,1517,0.15386201878022981
7,1506,1513,0.15385611781405603
7,1520,1527,0.15385050609937528
7,1517,1524,0.15384524791646592
8,1522,1530,0.15384030849161306
8,1517,1525,0.15383252603409203
7,1510,1517,0.15382522020229875
8,1513,1521,0.1538215431551385
8,1520,1528,0.15381500781688554
8,1521,1529,0.1538088498014687
8,1525,1533,0.15380306650864864
8,1518,1526,0.15379763510730374
8,1496,1504,0.1537925334394174
8,1494,1502,0.15378774086348063
8,1503,1511,0.15378323818298717
8,1514,1522,0.15377900750855886
8,1527,1535,0.153775032136872
8,1526,1534,0.15377140034699668
8,1522,1530,0.1537679788456218
8,1517,1525,0.15376477059095423
9,1514,1523,0.15376175953260998
8,1503,1511,0.15375580517814216
7,1492,1499,0.15375324302391366
8,1514,1522,0.15375397796572796
8,1509,1517,0.15375163199243322
7,1506,1513,0.15374941286935187
7,1501,1508,0.15375043255221527
7,1507,1514,0.15375138321857162
7,1510,1517,0.15375227506745717
7,1497,1504,0.1537531114054545
7,1507,1514,0.15375389577062448
8,1508,1516,0.15375455063636323
8,1504,1512,0.1537520903429537
9,1511,1520,0.15374979322639132
9,1511,1520,0.15374454931720632
9,1500,1509,0.15373964761191888
9,1509,1518,0.15373505227428919
8,1521,1529,0.15373074150869812
8,1503,1511,0.15372980193274924
9,1509,1518,0.15372891458930163
9,1503,1512,0.15372505433533548
9,1508,1517,0.15372141660624508
10,1518,1528,0.15371797362690404
10,1509,1519,0.15371173099490792
10,1515,1525,0.15370586422991936
10,1527,1537,0.15370036271554144
10,1509,1519,0.15369520148754853
9,1512,1521,0.15369035773994955
9,1522,1531,0.15368881415091773
9,1509,1518,0.15368738263171644
10,1492,1502,0.15368603419730906
9,1509,1518,0.15368174831733253
9,1503,1512,0.15368075114781282
10,1514,1524,0.15367994305320473
9,1512,1521,0.15367602041948616
9,1505,1514,0.1536753688507435
9,1507,1516,0.15367477946446367
9,1518,1527,0.15367422408662942
9,1512,1521,0.15367370002404093
10,1516,1526,0.15367320575905247
10,1510,1520,0.15366970457588827
10,1515,1525,0.15366640074509416
9,1512,1521,0.15366330160235786
9,1513,1522,0.153663384162813
9,1507,1516,0.15366347745864176
9,1499,1508,0.15366356124238906
10,1497,1507,0.1536636366143854
10,1503,1513,0.15366064575685434
11,1503,1514,0.15365781238740944
12,1500,1512,0.15365215479988692
12,1481,1493,0.15364371564577994
12,1485,1497,0.15363583619125637
12,1489,1501,0.15362845700437572
12,1494,1506,0.15362154024025457
11,1488,1499,0.15361505346161497
11,1486,1497,0.15361207558634787
11,1506,1517,0.1536092551338263
11,1514,1525,0.15360659882018582
9,1513,1522,0.15360409945027337
9,1511,1520,0.15360782112051458
10,1503,1513,0.15361132418062376
10,1501,1511,0.15361162183425606
10,1489,1499,0.1536118896735289
10,1493,1503,0.15361214280331434
10,1497,1507,0.15361238107489228
10,1496,1506,0.1536126048032635
9,1501,1510,0.15361281464115312
9,1491,1500,0.15361598752899558
8,1510,1518,0.15361897894428808
8,1507,1515,0.1536248554468141
7,1511,1518,0.153630361645949
8,1509,1517,0.1536385949293243
9,1512,1521,0.15364323944752656
9,1512,1521,0.1536446007271154
9,1516,1525,0.1536458729655078
8,1501,1509,0.15364707476700523
9,1509,1518,0.15365126738228757
10,1507,1517,0.15365210937344867
10,1508,1518,0.1536498162499796
9,1512,1521,0.15364768331762538
9,1511,1520,0.1536487324084853
9,1518,1527,0.15364975479997106
9,1521,1530,0.1536507208638501
9,1513,1522,0.1536516304837833
8,1529,1537,0.15365248612944907
8,1521,1529,0.15365629481346846
7,1519,1526,0.15365989196726504
7,1525,1532,0.1536663567703186
7,1520,1527,0.15367242019865465
7,1531,1538,0.15367811404253712
8,1521,1529,0.15368346138411162
9,1517,1526,0.15368545626254904
9,1512,1521,0.15368416601164792
9,1504,1513,0.1536829855201716
9,1516,1525,0.15368188790730072
9,1511,1520,0.15368086400211828
9,1515,1524,0.15367990718693705
9,1511,1520,0.1536790120423021
9,1520,1529,0.15367817390799335
8,1510,1518,0.15367738866748304
8,1502,1510,0.15367969406253054
8,1511,1519,0.15368188991157988
9,1511,1520,0.1536839540435404
9,1505,1514,0.15368278399051533
9,1527,1536,0.15368169663230624
9,1511,1520,0.15368067838705657
8,1508,1516,0.15367972448188516
8,1505,1513,0.1536819193486172
8,1504,1512,0.15368397308317705
8,1497,1505,0.15368590039454635
8,1504,1512,0.15368770922707503
8,1503,1511,0.15368940724115063
8,1511,1519,0.1536910015579456
9,1512,1521,0.15369246164636866
9,1509,1518,0.1536907482683752
9,1510,1519,0.15368915621869733
10,1513,1523,0.15368766643806817
9,1518,1527,0.1536831809073498
9,1505,1514,0.15368199083895945
9,1504,1513,0.15368089384639222
9,1501,1510,0.15367986278783247
8,1491,1499,0.15367889345560498
9,1498,1507,0.15368105701511212
9,1510,1519,0.15367999518072734
10,1504,1514,0.15367901028863948
10,1510,1520,0.15367502636805935
11,1515,1526,0.15367131209493784
11,1514,1525,0.1536648376129345
12,1506,1518,0.1536587643662667
12,1502,1514,0.1536499739059038
12,1487,1499,0.15364174546518097
11,1500,1511,0.15363403298870093
12,1509,1521,0.15362976742078818
12,1511,1523,0.1536227104099451
12,1509,1521,0.15361605268019876
12,1495,1507,0.15360979764938423
12,1509,1521,0.15360392374421702
13,1498,1511,0.15359840803670083
14,1495,1509,0.1535900850987901
14,1490,1504,0.15357920666655978
14,1495,1509,0.15356901768401598
13,1496,1509,0.1535594530406699
13,1494,1507,0.15355351351436702
15,1495,1510,0.15354797710455753
16,1498,1514,0.15353661511198435
17,1497,1514,0.15352307431018083
19,1499,1518,0.1535072853922776
19,1498,1517,0.15348655481879103
20,1488,1508,0.15346714190169863
19,1502,1521,0.15344594936617487
19,1508,1527,0.1534291149809008
18,1506,1524,0.15341332759296206
18,1509,1527,0.1534016007067442
18,1497,1515,0.1533906313552694
17,1497,1514,0.15338033976627102
15,1490,1505,0.15337375322728022
17,1485,1502,0.15337350237829384
17,1494,1511,0.1533671394376075
17,1496,1513,0.1533611860184917
17,1487,1504,0.1533555937415181
16,1494,1510,0.15335033970136813
16,1480,1496,0.15334842548853203
16,1493,1509,0.15334658415218466
16,1501,1517,0.1533448342399635
16,1511,1527,0.15334317685980003
16,1508,1524,0.15334161002681873
16,1498,1514,0.15334013058131504
16,1499,1515,0.15333873484343152
16,1497,1513,0.1533374189177081
16,1489,1505,0.15333617885408576
16,1492,1508,0.15333501073916295
15,1492,1507,0.1533339107499078
17,1499,1516,0.15333585029711053
17,1500,1517,0.15333151515906482
16,1506,1522,0.15332748596311357
17,1513,1530,0.15332663210196287
16,1505,1521,0.1533228706637437
15,1507,1522,0.15332228327757313
15,1509,1524,0.15332475294548797
15,1502,1517,0.1533270501133527
15,1498,1513,0.15332919329136874
15,1492,1507,0.15333119483621935
15,1504,1519,0.15333306596725044
15,1499,1514,0.15333488397597153
15,1503,1518,0.15333658388392896
15,1493,1508,0.15333817844382516
16,1508,1524,0.15333967475998697
16,1501,1517,0.15333812197274374
16,1509,1525,0.15333666205683064
16,1497,1513,0.15333530379289986
15,1492,1507,0.1533340378935474
15,1496,1511,0.15333598667193646
15,1498,1513,0.15333779934814348
14,1494,1508,0.15333950961035048
15,1500,1515,0.15334394528794118
15,1513,1528,0.15334521032609844
16,1516,1532,0.15334638373416645
15,1523,1538,0.15334454763033623
15,1513,1528,0.15334579175327356
17,1523,1540,0.15334698812426084
16,1519,1535,0.15334214130560775
16,1522,1538,0.15334055570423744
16,1518,1534,0.15333905506678794
16,1511,1527,0.15333764576737985
16,1512,1528,0.15333632351874235
16,1513,1529,0.15333508327581807
16,1507,1523,0.15333391995797213
16,1509,1525,0.15333282868890385
15,1506,1521,0.153331804870538
15,1509,1524,0.15333383894612848
15,1510,1525,0.15333572589459313
15,1504,1519,0.15333742321718843
14,1506,1520,0.1533390459643748
14,1503,1517,0.15334360518457835
13,1510,1523,0.1533478518371653
13,1504,1517,0.15335481433753592
13,1515,1528,0.15336136829307712
12,1514,1526,0.15336751470973412
13,1503,1516,0.15337623008756113
14,1503,1517,0.153381460445326
16,1502,1518,0.1533833914129147
16,1500,1516,0.153379069616635
15,1500,1515,0.15337509361326498
15,1492,1507,0.15337432575397453
15,1496,1511,0.1533736304121391
15,1511,1526,0.1533729802869799
15,1505,1520,0.15337237210473062
16,1502,1518,0.15337180316231014
15,1503,1518,0.15336833992255983
17,1500,1517,0.1533680227847608
17,1503,1520,0.15336176597487988
16,1505,1521,0.15335587057121935
16,1499,1515,0.15335338443916943
16,1497,1513,0.15335109688231002
16,1509,1525,0.15334896018726707
16,1505,1521,0.15334695935074855
16,1512,1528,0.1533450838536212
16,1490,1506,0.15334332490455543
15,1486,1501,0.1533416747024151
13,1497,1510,0.15334310650407235
13,1492,1505,0.15335048396028855
13,1496,1509,0.15335737708400765
14,1497,1511,0.1533638225918235
13,1500,1513,0.15336679146811769
12,1495,1507,0.15337253279670332
11,1492,1503,0.15338098050096854
13,1503,1516,0.1533918981095973
13,1508,1521,0.15339602167670638
13,1508,1521,0.15339989260813452
15,1498,1513,0.15340353451208927
15,1488,1503,0.15340094279257743
15,1493,1508,0.15339851969764878
16,1505,1521,0.153396310576614
16,1496,1512,0.15339120852892474
16,1485,1501,0.15338648352774956
16,1483,1499,0.15338191925849
15,1481,1496,0.15337768903111168
17,1490,1507,0.15337674678495844
16,1506,1522,0.15336989359360934
16,1505,1521,0.15336652155787128
16,1507,1523,0.15336333886658085
16,1492,1508,0.15336035096356057
15,1488,1503,0.15335754751576663
15,1489,1504,0.1533578381601253
15,1482,1497,0.15335811608557134
14,1498,1512,0.15335836447493062
12,1484,1496,0.15336155751059588
12,1504,1516,0.15337071544902864
12,1500,1512,0.15337925412356984
12,1489,1501,0.15338727609564073
12,1494,1506,0.15339469389300414
14,1484,1498,0.15340165723050425
14,1487,1501,0.15340219532008179
15,1498,1513,0.15340272154130652
15,1509,1524,0.15340025352690317
15,1505,1520,0.1533979467202371
15,1502,1517,0.15339580347411874
15,1503,1518,0.15339370986696527
16,1508,1524,0.15339176589859993
17,1513,1530,0.15338696094450655
15,1501,1516,0.1533794542055347
16,1509,1525,0.153378551469293
14,1501,1515,0.15337460247577112
14,1490,1504,0.15337693282277773
14,1486,1500,0.1533790564898975
15,1494,1509,0.1533810458009148
15,1491,1506,0.15337981614979568
14,1484,1498,0.15337869254563372
15,1487,1502,0.153380653249457
16,1502,1518,0.15337946362927354
16,1500,1516,0.15337537702049447
15,1483,1498,0.15337158372816082
16,1491,1507,0.15337102124478957
15,1497,1512,0.15336749208519548
15,1480,1495,0.15336728390338514
15,1486,1501,0.153367062081439
15,1494,1509,0.1533668447657028
14,1481,1495,0.15336663618783583
13,1489,1502,0.15336942890040858
14,1483,1497,0.1533750579057286
14,1510,1524,0.1533771632021215
14,1513,1527,0.15337914688246826
14,1516,1530,0.15338100986023162
14,1514,1528,0.15338283313255816
13,1509,1522,0.1533845349452932
13,1511,1524,0.15338925962437533
13,1502,1515,0.15339367026580272
13,1497,1510,0.15339779913853024
12,1502,1514,0.15340166894198184
13,1490,1503,0.15340825474159
13,1494,1507,0.15341130783410442
13,1500,1513,0.15341419270165774
13,1504,1517,0.15341690601790592
12,1506,1518,0.15341945511867572
12,1499,1511,0.15342490570763814
12,1507,1519,0.15343001462989922
12,1493,1505,0.15343480713956645
11,1485,1496,0.1534393034132936
11,1496,1507,0.1534465503113685
13,1498,1511,0.15345333632059563
13,1503,1516,0.15345359485924923
15,1487,1502,0.1534538745610083
15,1490,1505,0.15344806118234874
15,1504,1519,0.15344264663945115
14,1513,1527,0.1534375970515223
14,1511,1525,0.15343586905032722
13,1510,1523,0.15343428231550163
14,1496,1510,0.15343576530346073
15,1499,1514,0.15343416418296774
14,1510,1524,0.15342967173202066
15,1514,1529,0.1534285102456007
13,1510,1523,0.15342429885958667
12,1510,1522,0.15342640770958277
12,1506,1518,0.15343135425237403
13,1508,1521,0.1534358859043822
11,1503,1514,0.1534371890867484
11,1505,1516,0.15344463517359064
10,1502,1512,0.15345155741522162
12,1507,1519,0.1534610476600718
13,1519,1532,0.15346379070994978
13,1510,1523,0.15346334077312584
13,1514,1527,0.15346295168648683
13,1508,1521,0.15346260096697492
13,1500,1513,0.15346228151359081
12,1503,1515,0.15346198858027013
11,1494,1505,0.153464857822701
12,1496,1508,0.15347063908806557
12,1499,1511,0.15347305549201054
13,1498,1511,0.15347518310619293
13,1493,1506,0.15347416079775436
14,1494,1508,0.1534732336759612
13,1496,1509,0.15346929312566787
12,1503,1515,0.15346875774700808
12,1511,1523,0.15347135423728328
12,1506,1518,0.1534737580320582
12,1503,1515,0.1534760021677407
12,1500,1512,0.15347810285107272
12,1505,1517,0.15348004427229658
14,1491,1505,0.15348184176326352
14,1489,1503,0.1534773416998888
14,1488,1502,0.15347318449338013
14,1503,1517,0.15346930405118445
14,1512,1526,0.1534656747742894
14,1517,1531,0.15346227695114362
14,1506,1520,0.1534590936566335
14,1516,1530,0.15345610984989638
14,1510,1524,0.15345331194153083
14,1497,1511,0.15345068753303404
13,1488,1501,0.15344822523931295
13,1495,1508,0.1534488711111723
13,1502,1515,0.15344948941190673
12,1499,1511,0.15345010771480672
12,1500,1512,0.15345366545379976
13,1497,1510,0.1534569789261303
13,1496,1509,0.1534570480696788
12,1493,1505,0.15345718300638964
14,1498,1512,0.15346038064625972
13,1504,1517,0.15345714913893208
15,1495,1510,0.15345725522133546
16,1488,1504,0.15345101327823962
16,1497,1513,0.153442100385315
17,1497,1514,0.15343379064987675
17,1505,1522,0.15342295330982625
17,1511,1528,0.1534128405051746
17,1503,1520,0.15340337650940422
19,1489,1508,0.15339461927970838
18,1503,1521,0.15338018203248024
19,1501,1520,0.15336981983707185
19,1508,1527,0.15335711438728436
16,1498,1514,0.1533451898543023
16,1506,1522,0.1533430216792678
16,1495,1511,0.15334100320851088
15,1487,1502,0.1533390735180118
16,1497,1513,0.15334036608590892
15,1509,1524,0.1533385375470028
15,1507,1522,0.15333982496591708
15,1510,1525,0.15334098947205885
16,1501,1517,0.15334206349842477
17,1487,1504,0.15333994457027655
16,1497,1513,0.1533348228044665
14,1495,1509,0.15333294889993845
14,1490,1504,0.1533372803625325
14,1496,1510,0.15334131273188384
14,1500,1514,0.15334508384532178
14,1506,1520,0.15334867478555622
14,1509,1523,0.15335204749006998
15,1521,1536,0.1533551497676106
15,1504,1519,0.15335488063978203
14,1503,1517,0.15335463666476218
13,1507,1520,0.15335741412162343
14,1501,1515,0.15336315544326865
14,1507,1521,0.1533655347499187
15,1509,1524,0.15336774886647683
15,1513,1528,0.1533666826726744
15,1506,1521,0.15336570911551406
15,1494,1509,0.1533648073172838
15,1499,1514,0.15336396742814626
15,1501,1516,0.15336318326680703
14,1506,1520,0.15336245009630556
14,1504,1518,0.1533648451905788
12,1500,1512,0.15336709478501617
12,1499,1511,0.15337545707784675
12,1486,1498,0.1533832617343759
12,1494,1506,0.15339057277340104
11,1493,1504,0.15339742823164776
11,1497,1508,0.15340701768752574
9,1488,1497,0.15341600230824282
10,1498,1508,0.15343060675525957
10,1515,1525,0.1534411628369418
10,1498,1508,0.1534510990098772
10,1492,1502,0.15346043735186551
9,1492,1501,0.153469210512789
9,1471,1480,0.15348046618834807
10,1492,1502,0.15349106733437679
10,1506,1516,0.1534978952570755
12,1511,1523,0.15350433368643226
12,1499,1511,0.15350415619464702
12,1495,1507,0.15350399597062142
12,1495,1507,0.15350385571961503
12,1503,1515,0.15350373199472234
12,1508,1520,0.15350362232412734
12,1513,1525,0.15350352469280504
12,1500,1512,0.1535034374197901
12,1503,1515,0.15350335909794352
12,1509,1521,0.15350328854721343
12,1504,1516,0.15350322477541117
12,1503,1515,0.15350316694541583
13,1498,1511,0.15350311434803285
13,1505,1518,0.15349989825089555
13,1514,1527,0.1534969057334738
12,1501,1513,0.1534941036354317
12,1507,1519,0.15349465520677646
11,1506,1517,0.15349515918469206
11,1499,1510,0.15349877376706733
12,1501,1513,0.15350214167486834
12,1512,1524,0.1535021014479143
12,1508,1520,0.15350207569262067
12,1505,1517,0.15350205700426844
12,1499,1511,0.15350204215944133
12,1497,1509,0.1535020296194377
12,1514,1526,0.15350201862033686
12,1502,1514,0.15350200874982506
13,1501,1514,0.15350199976592246
12,1499,1511,0.15349897681311234
12,1507,1519,0.15349929549040692
13,1505,1518,0.1534995784890934
13,1516,1529,0.1534966444071707
13,1498,1511,0.1534939031518438
13,1479,1492,0.15349133681303562
14,1500,1514,0.15348893161523783
13,1490,1503,0.1534835893006789
12,1490,1502,0.15348158355980987
12,1488,1500,0.15348283513829625
12,1498,1510,0.15348398950230144
12,1493,1505,0.15348506732458955
11,1504,1515,0.15348607532133804
11,1504,1515,0.1534902055102692
12,1501,1513,0.1534940704178714
13,1495,1508,0.15349449723329844
13,1520,1533,0.1534918952114242
13,1509,1522,0.15348944574042045
13,1513,1526,0.1534871512511055
13,1506,1519,0.15348500083726171
14,1505,1519,0.15348289625487294
14,1503,1517,0.1534778492052671
14,1502,1516,0.15347313377368252
13,1505,1518,0.15346871422839337
13,1502,1515,0.1534676311604833
13,1508,1521,0.15346660515424773
13,1506,1519,0.1534656400493405
12,1501,1513,0.15346473190077925
14,1502,1516,0.15346689127151858
14,1497,1511,0.1534627354578913
14,1492,1506,0.1534588351329376
14,1499,1513,0.15345518064503286
12,1522,1534,0.15345175318282983
13,1509,1522,0.15345471694399848
12,1504,1516,0.153454430732969
12,1490,1502,0.15345718543038644
13,1494,1507,0.15345980394331227
13,1483,1496,0.1534590877574922
14,1492,1506,0.153458436246857
14,1505,1519,0.15345469109204601
14,1489,1503,0.15345120152601363
14,1500,1514,0.15344793206582763
15,1496,1511,0.1534448666519802
14,1500,1514,0.15343883477343026
14,1509,1523,0.15343636445194658
14,1513,1527,0.15343404015601764
14,1510,1524,0.15343182207325765
13,1501,1514,0.15342972970608604
13,1498,1511,0.15343092968947641
13,1484,1497,0.15343203697289606
13,1506,1519,0.15343306634312384
13,1502,1515,0.15343402744630427
14,1497,1511,0.15343492662437344
14,1502,1516,0.15343266190102436
13,1505,1518,0.15343054327112524
14,1509,1523,0.15343158696775272
14,1509,1523,0.15342955538817804
14,1498,1512,0.15342762523836925
14,1505,1519,0.15342581112976142
15,1499,1514,0.15342410779303126
14,1510,1524,0.15341937581377166
14,1510,1524,0.15341808337072851
16,1506,1522,0.15341685759279508
17,1511,1528,0.15340948692039327
16,1500,1516,0.15339944072105358
18,1502,1520,0.15339305312656465
17,1501,1518,0.15338105843907487
17,1502,1519,0.15337279303391382
18,1497,1515,0.15336507152667414
18,1499,1517,0.15335481834285672
19,1490,1509,0.15334518777031872
17,1500,1517,0.15333297341449748
16,1502,1518,0.15332764954618608
17,1511,1528,0.15332578248360537
17,1508,1525,0.1533208805166658
17,1506,1523,0.1533163820800207
19,1512,1531,0.15331210919766827
19,1505,1524,0.1533019109401559
19,1509,1528,0.15329233858690447
18,1507,1525,0.15328336380407923
17,1505,1522,0.1532779428095934
17,1497,1514,0.1532759269244649
17,1493,1510,0.15327402405082777
17,1504,1521,0.1532722293279567
17,1508,1525,0.15327053576294714
17,1506,1523,0.15326873089511758
15,1503,1518,0.15326706893946518
15,1514,1529,0.15327169162773066
15,1505,1520,0.15327601686404146
16,1491,1507,0.1532800791436844
16,1496,1512,0.15328073830227404
15,1503,1518,0.1532813475524502
14,1509,1523,0.1532850962064295
14,1524,1538,0.15329173126916235
15,1501,1516,0.15329794180085018
15,1499,1514,0.15330062696937202
15,1506,1521,0.15330317200758517
15,1497,1512,0.15330557946213885
15,1509,1524,0.15330785470335745
16,1504,1520,0.15330999462936387
16,1505,1521,0.1533088463310142
15,1502,1517,0.15330779187643515
14,1500,1514,0.153309867687198
13,1499,1512,0.15331498028489604
13,1512,1525,0.15332287263584868
12,1518,1530,0.15333034660771244
12,1515,1527,0.15334056155100506
12,1507,1519,0.1533501143991118
13,1508,1521,0.15335907748099495
13,1513,1526,0.15336434532679027
13,1497,1510,0.15336931980049096
13,1512,1525,0.15337400553535224
13,1517,1530,0.15337841459290813
14,1512,1526,0.1533825610816305
14,1493,1507,0.15338332247044995
13,1489,1502,0.1533840762882483
13,1491,1504,0.153387932425696
14,1495,1509,0.15339153190409086
13,1502,1515,0.15339173168083364
13,1505,1518,0.15339507176695721
13,1495,1508,0.1533981902684884
14,1493,1507,0.153401111185674
14,1498,1512,0.1534006965952971
14,1500,1514,0.15340033675233614
14,1496,1510,0.15340001138370377
14,1499,1513,0.1533997123481557
14,1511,1525,0.15339940933098076
14,1504,1518,0.15339912093939
11,1511,1522,0.1533988513510921
12,1513,1525,0.15340804935843408
11,1500,1511,0.15341342541843858
11,1509,1520,0.15342161678522465
11,1513,1524,0.15342928613778894
11,1522,1533,0.153436476712199
11,1513,1524,0.1534432238680141
12,1507,1519,0.15344952921649774
9,1504,1513,0.15345227077062193
9,1509,1518,0.15346436302056587
9,1511,1520,0.15347576151418807
9,1506,1515,0.15348647646784086
9,1531,1540,0.15349654677152652
9,1530,1539,0.1535060111611357
9,1514,1523,0.153514906244698
9,1508,1517,0.1535232664129436
9,1504,1513,0.15353112395905466
9,1506,1515,0.15353850921034806
9,1506,1515,0.15354545065067696
10,1509,1519,0.1535519750338621
10,1508,1518,0.15355489545908912
10,1509,1519,0.15355765575716415
10,1494,1504,0.15356025954401223
10,1489,1499,0.15356271371031002
10,1487,1497,0.15356502538712274
10,1496,1506,0.15356717658696706
11,1513,1524,0.1535691981828045
11,1510,1521,0.1535678770070218
11,1496,1507,0.15356665429799432
11,1495,1506,0.15356551415482925
11,1513,1524,0.15356444754510296
11,1508,1519,0.15356344821486761
11,1505,1516,0.15356251117513253
11,1509,1520,0.15356163212459173
11,1501,1512,0.15356080721112975
11,1503,1514,0.15356003291952683
11,1500,1511,0.15355930601065274
11,1501,1512,0.15355862348364183
11,1502,1513,0.15355798254932038
11,1486,1497,0.15355738060973656
11,1469,1480,0.15355681524138112
11,1488,1499,0.15355628418088135
11,1491,1502,0.15355578531250097
11,1489,1500,0.15355531665704258
13,1502,1515,0.15355487636189052
14,1499,1513,0.1535480660304815
15,1503,1518,0.15353846037775756
15,1506,1521,0.15352628083129552
16,1518,1534,0.15351488303591887
15,1506,1521,0.15350100887469645
16,1498,1514,0.15349119799033897
16,1494,1510,0.15347880596508046
16,1505,1521,0.15346719492624847
15,1515,1530,0.1534563058012302
15,1507,1522,0.15344926107870402
15,1511,1526,0.15344263182008283
15,1506,1521,0.1534363975370486
16,1491,1507,0.1534305374111602
16,1503,1519,0.15342183191903289
16,1506,1522,0.1534136716699577
15,1508,1523,0.15340601548554134
15,1500,1515,0.15340198898569254
14,1499,1513,0.15339819057921136
15,1504,1519,0.153397774724578
17,1503,1520,0.15339418791271997
16,1495,1511,0.153384470367174
17,1504,1521,0.15337857414206751
18,1506,1524,0.1533698539702819
17,1510,1527,0.15335851346113002
17,1502,1519,0.1533510734332532
17,1513,1530,0.15334408039099565
17,1500,1517,0.1533375191019193
15,1502,1517,0.1533313553820073
16,1495,1511,0.1533318986106885
16,1506,1522,0.1533292125086549
15,1512,1527,0.15332669934327098
15,1502,1517,0.15332751447410461
14,1490,1504,0.15332826679235978
15,1498,1513,0.15333212610120486
16,1504,1520,0.1533325594863159
15,1503,1518,0.15332981981761268
15,1500,1515,0.15333046128393268
16,1496,1512,0.15333106859212697
16,1496,1512,0.15332848869041027
16,1498,1514,0.15332609545749437
16,1499,1515,0.15332386460002076
16,1502,1518,0.15332177942343073
16,1494,1510,0.15331982723048426
16,1498,1514,0.1533179977031138
18,1494,1512,0.1533162820231432
17,1499,1516,0.15330831360963576
16,1497,1513,0.15330403337640564
16,1497,1513,0.1533031808849804
16,1497,1513,0.15330236638631006
17,1498,1515,0.15330159489233375
17,1489,1506,0.15329774259204382
18,1483,1501,0.15329415567788998
18,1496,1514,0.15328764605711317
18,1500,1518,0.1532815705638538
18,1505,1523,0.15327588677660572
18,1495,1513,0.15327056192746638
18,1490,1508,0.153265569370253
18,1489,1507,0.1532608860885257
16,1493,1509,0.15325649151527926
17,1500,1517,0.1532586580294991
19,1509,1528,0.15325746129577678
19,1506,1525,0.153250076505679
20,1508,1528,0.15324320151144266
21,1513,1534,0.15323364056287692
22,1508,1530,0.15322155769948206
22,1506,1528,0.15320714793527196
22,1504,1526,0.1531936862139786
22,1490,1512,0.1531810884989796
22,1491,1513,0.15316928728312437
22,1493,1515,0.15315822510125546
21,1496,1517,0.1531478512521881
22,1489,1511,0.15314130924445232
22,1485,1507,0.1531319946661763
21,1488,1509,0.15312326403922213
19,1497,1516,0.15311820268561932
19,1489,1508,0.15311971492436985
22,1491,1513,0.15312106164106384
22,1495,1517,0.15311290398377195
22,1497,1519,0.15310531389711873
23,1493,1516,0.1530982209190282
23,1503,1526,0.15308848577752
23,1510,1533,0.1530793945215872
24,1506,1530,0.15307088606646446
22,1497,1519,0.15305978390236064
23,1481,1504,0.15305566042463398
25,1486,1511,0.15304855066104944
23,1487,1510,0.15303560691532841
24,1491,1515,0.1530296750720883
24,1498,1522,0.15302101419500022
26,1502,1528,0.15301289919695973
27,1504,1531,0.15299902823234926
29,1491,1520,0.15298293302349555
28,1490,1518,0.15296158608519278
28,1487,1515,0.15294475927084764
27,1485,1512,0.15292899450436154
28,1487,1515,0.15291724332903325
26,1496,1522,0.15290307378702805
26,1488,1514,0.15289601408015005
25,1483,1508,0.15288934596097437
22,1491,1513,0.1528861153262438
23,1487,1510,0.1528923356358747
22,1494,1516,0.15289497455919002
24,1489,1513,0.15290053918825552
24,1482,1506,0.15289949019164367
24,1488,1512,0.15289852137424614
24,1484,1508,0.15289762088902908
24,1495,1519,0.15289677634682688
24,1500,1524,0.1528959660399856
22,1484,1506,0.15289520511799382
22,1478,1500,0.15290069733665734
22,1483,1505,0.15290580590746192
22,1487,1509,0.15291057024312196
22,1489,1511,0.15291502324903408
24,1495,1519,0.1529190943234065
24,1495,1519,0.15291658115593168
25,1485,1510,0.15291424600308973
25,1496,1521,0.15290895297227114
25,1487,1512,0.1529040157178044
25,1491,1516,0.15289938507627696
26,1491,1517,0.15289503997878756
25,1498,1523,0.15288784137119601
26,1511,1537,0.15288419429436315
24,1492,1516,0.15287766819483117
24,1481,1505,0.15287784370485993
26,1489,1515,0.1528780065502755
26,1489,1515,0.1528718943843725
25,1495,1520,0.1528662067540426
26,1490,1516,0.15286398597589465
24,1498,1522,0.15285878969661792
26,1501,1527,0.15286015887435778
26,1498,1524,0.15285518308239626
28,1504,1532,0.15285055184705093
28,1502,1530,0.15283996627982066
28,1496,1524,0.15283006263042326
27,1494,1521,0.15282078164086205
27,1495,1522,0.15281522976176465
28,1501,1529,0.15281000567855219
28,1496,1524,0.15280194781827003
28,1486,1514,0.15279440967905358
27,1478,1505,0.1527873575343078
26,1467,1493,0.15278380732541563
27,1472,1499,0.15278357160095624
27,1480,1507,0.15278019639950324
27,1481,1508,0.15277703824683028
26,1464,1490,0.1527740680555444
26,1472,1498,0.15277436212309214
27,1476,1503,0.15277460828338565
26,1490,1516,0.15277172184343854
26,1491,1517,0.15277212515434918
25,1483,1508,0.15277253254247639
25,1474,1499,0.15277602283519548
24,1497,1521,0.15277927107529027
23,1488,1511,0.1527854162191763
24,1479,1503,0.1527942369899687
25,1479,1504,0.1527993773303364
25,1481,1506,0.15280107787236827
25,1486,1511,0.15280270373011606
25,1484,1509,0.1528042456079894
24,1500,1524,0.15280564406636596
25,1506,1531,0.1528100643728771
25,1500,1525,0.15281106025764135
23,1490,1513,0.1528120077940384
23,1489,1512,0.152819142400742
23,1490,1513,0.15282581651547844
23,1500,1523,0.15283207434352758
23,1503,1526,0.1528379424279497
22,1502,1524,0.15284344706114428
22,1494,1516,0.1528517359712143
21,1499,1520,0.1528594975789444
21,1498,1519,0.15286988043488037
21,1490,1511,0.1528795979692773
21,1508,1529,0.1528887508348347
21,1500,1521,0.15289735329721435
21,1503,1524,0.1529054329732641
21,1494,1515,0.15291300986646936
18,1495,1513,0.15292011822394774
19,1496,1515,0.1529361722082167
20,1498,1518,0.15294805622889737
20,1489,1509,0.15295608614052913
20,1494,1514,0.15296364931192888
20,1499,1519,0.15297075506735683
20,1506,1526,0.15297742874362547
20,1511,1531,0.15298369646122048
19,1489,1508,0.1529895831009521
18,1487,1505,0.15299822915851602
20,1492,1512,0.15300945812457972
20,1488,1508,0.15301370572381887
21,1499,1520,0.15301773049160974
21,1495,1516,0.1530183622985857
21,1489,1510,0.1530189594446921
20,1495,1515,0.15301956408549322
21,1506,1527,0.153023246305908
21,1499,1520,0.15302354233801657
21,1493,1514,0.1530238486831403
20,1495,1515,0.15302414810706966
21,1493,1514,0.15302760499873172
22,1494,1516,0.153027715487619
22,1492,1514,0.15302473599418778
22,1498,1520,0.15302195497295834
21,1500,1521,0.15301935280437584
21,1503,1524,0.15302002895834566
21,1500,1521,0.15302065067305415
21,1493,1514,0.15302123589219468
21,1504,1525,0.15302178729536586
21,1497,1518,0.15302225923805082
20,1487,1507,0.1530226973190914
20,1488,1508,0.15302625113625404
22,1484,1506,0.15302956899641512
23,1490,1513,0.15302638652488784
24,1486,1510,0.15302038887003058
25,1484,1509,0.15301170937344602
25,1490,1515,0.1530005207779988
26,1472,1498,0.15299001529752942
26,1480,1506,0.1529769972755617
27,1485,1512,0.15296481148423993
26,1486,1512,0.15295028361070692
26,1479,1505,0.15293982238618864
27,1482,1509,0.15292998338882102
27,1482,1509,0.15291764183844517
27,1488,1515,0.15290611551897926
28,1489,1517,0.15289533409386366
28,1492,1520,0.1528820794324287
28,1480,1508,0.15286967250185085
28,1479,1507,0.1528580485451499
27,1487,1514,0.1528471525650064
27,1485,1512,0.15284007728867766
28,1486,1514,0.15283341817350343
28,1489,1517,0.15282406870306464
29,1490,1519,0.15281531644512372
27,1482,1509,0.15280403944245646
27,1488,1515,0.152799689119432
27,1488,1515,0.15279556870986094
27,1481,1508,0.15279169183091018
25,1478,1503,0.15278804861519954
26,1485,1511,0.15279085914866417
26,1487,1513,0.15279036491423315
24,1502,1526,0.15278991886999346
23,1497,1520,0.1527956421808101
23,1485,1508,0.15280407273106142
24,1491,1515,0.15281194826084282
25,1490,1515,0.1528161690168699
26,1479,1505,0.15281696713545706
27,1478,1505,0.15281460608703734
27,1478,1505,0.15280933330517732
24,1487,1511,0.15280443380626121
24,1493,1517,0.15280914262036233
22,1493,1515,0.15281350272921693
25,1494,1519,0.15282384129997495
24,1483,1507,0.1528241860431111
25,1487,1512,0.15282767512487702
25,1479,1504,0.1528279273075405
25,1480,1505,0.15282814003126494
26,1496,1522,0.15282833843958202
25,1494,1519,0.1528253478354852
24,1490,1514,0.15282556591166707
21,1496,1517,0.15282883328966435
21,1492,1513,0.15284126429855352
19,1493,1512,0.15285288692652807
20,1495,1515,0.15286998915546543
21,1495,1516,0.15288295175507968
21,1493,1514,0.1528919138087545
23,1487,1510,0.1529003133420762
21,1477,1498,0.1529018659044718
19,1488,1507,0.15290966305085235
18,1495,1513,0.15292328472973077
19,1490,1509,0.15293920846097656
17,1489,1506,0.1529510107748327
17,1495,1512,0.15296838917102534
17,1499,1516,0.15298468046089708
17,1513,1530,0.15299996387512851
17,1498,1515,0.15301430703661176
16,1490,1506,0.1530277083466505
16,1488,1504,0.15304348542011947
15,1489,1504,0.15305830313419613
15,1489,1504,0.1530752733807568
16,1509,1525,0.15309125694913386
16,1497,1513,0.15310314291849356
16,1499,1515,0.15311433840198682
17,1512,1529,0.15312487059293867
18,1497,1515,0.15313159661974463
19,1488,1507,0.15313475548675215
20,1496,1516,0.15313461464260136
20,1499,1519,0.15313137651983016
20,1508,1528,0.15312838818037142
20,1506,1526,0.15312561476698114
21,1483,1504,0.1531230336141375
24,1476,1500,0.1531174559301114
24,1477,1501,0.15310282145019818
24,1478,1502,0.15308918964858204
24,1478,1502,0.1530764588692543
24,1474,1498,0.1530645015214247
23,1479,1502,0.15305326809113745
25,1478,1503,0.1530458951619372
25,1482,1507,0.1530326461210999
25,1486,1511,0.15302021952090958
25,1483,1508,0.1530085886325619
26,1480,1506,0.1529976831980705
26,1486,1512,0.15298433597623773
28,1484,1512,0.15297183947191262
28,1484,1512,0.1529538623280109
28,1482,1510,0.15293705574138236
26,1484,1510,0.15292132203700784
27,1489,1516,0.15291283206180353
26,1496,1522,0.1529017286693698
25,1501,1526,0.15289443444054027
25,1492,1517,0.15289065032714214
26,1483,1509,0.1528870578643973
26,1486,1512,0.15288054115180416
26,1490,1516,0.15287441558526396
25,1509,1534,0.15286871290733653
26,1503,1529,0.15286648032520517
28,1501,1529,0.15286130029273806
28,1508,1536,0.1528502593858331
28,1502,1530,0.1528399060283623
28,1493,1521,0.15283021917061873
28,1487,1515,0.15282114383273268
27,1486,1513,0.15281263664651404
28,1491,1519,0.15280771910694577
29,1485,1514,0.152800012219926
28,1495,1523,0.15278971388963328
28,1485,1513,0.15278321479867554
28,1477,1505,0.15277712488154674
28,1484,1512,0.15277141332231728
28,1489,1517,0.15276598776762787
29,1474,1503,0.1527608894180176
28,1480,1508,0.15275297839638222
26,1488,1514,0.152748633444421
27,1480,1507,0.15275075351338818
26,1486,1512,0.1527496110664408
26,1491,1517,0.15275165756858897
26,1495,1521,0.15275362489862182
26,1498,1524,0.15275552540284126
27,1490,1517,0.15275726447937088
29,1482,1511,0.15275577432676257
29,1486,1515,0.1527482535815602
28,1483,1511,0.15274122201028598
28,1483,1511,0.15273774154384887
29,1490,1519,0.15273445607765115
29,1482,1511,0.15272819015155148
30,1482,1512,0.15272232405744482
29,1481,1510,0.15271377020402052
30,1477,1507,0.1527088654879202
31,1484,1515,0.15270120577903185
29,1474,1503,0.15269096789038644
28,1481,1509,0.15268761598214498
26,1495,1521,0.15268750688507682
26,1497,1523,0.15269362010967974
27,1495,1522,0.15269930471055912
29,1494,1523,0.15270147988731256
29,1498,1527,0.15269738767317706
30,1493,1523,0.1526936149761627
29,1484,1513,0.15268696045287886
30,1486,1516,0.1526838786996605
29,1494,1523,0.15267789220863076
28,1491,1519,0.152675394971019
29,1484,1513,0.15267609376798463
27,1484,1511,0.15267350887242795
28,1485,1513,0.1526773168365904
28,1477,1505,0.1526778772764653
28,1478,1506,0.15267843768226994
27,1471,1498,0.15267880595327205
28,1478,1506,0.15268227355269923
26,1488,1514,0.15268233936614714
28,1497,1525,0.1526885297833955
28,1506,1534,0.15268805122771512
30,1485,1515,0.15268762041349607
30,1493,1523,0.15268103861674337
29,1499,1528,0.1526749248173692
30,1484,1514,0.1526722171090788
29,1482,1511,0.1526665364139337
27,1474,1501,0.15266431163248562
26,1468,1494,0.1526683832345488
26,1462,1488,0.15267523239769357
26,1468,1494,0.15268161297487542
25,1473,1498,0.15268756794713953
25,1485,1510,0.1526963089231307
25,1475,1500,0.1527044937373747
25,1479,1504,0.152712261137458
25,1485,1510,0.15271956838875508
26,1491,1517,0.15272643228267205
25,1504,1529,0.1527297803795468
25,1502,1527,0.15273605511091057
27,1495,1522,0.15274193930045446
26,1480,1506,0.15274126313168135
26,1467,1493,0.15274376860195424
24,1478,1502,0.15274612269421714
24,1493,1517,0.1527546055076888
26,1506,1532,0.15276254060681993
26,1488,1514,0.15276363411710064
25,1493,1518,0.15276468709100993
25,1491,1516,0.15276876227937528
29,1485,1514,0.1527726039100225
28,1488,1516,0.15276379648592348
29,1494,1523,0.15275871089451956
29,1488,1517,0.1527509018801011
29,1482,1511,0.15274353473995375
29,1500,1529,0.15273663861021866
30,1496,1526,0.15273016370218948
30,1486,1516,0.15272100181211964
29,1491,1520,0.15271243731677317
29,1488,1517,0.1527075454685406
29,1485,1514,0.15270294392109707
28,1492,1520,0.15269861926080885
30,1507,1537,0.15269765508176683
31,1498,1529,0.15269055315540878
31,1481,1512,0.15268086915653306
31,1480,1511,0.15267184219563368
31,1469,1500,0.15266340441695628
31,1473,1504,0.15265551457835677
29,1463,1492,0.15264812759347685
26,1481,1507,0.15264745939711966
25,1487,1512,0.15265604386009135
25,1484,1509,0.1526671091905971
26,1476,1502,0.15267742292129177
26,1486,1512,0.1526839600143893
26,1487,1513,0.15269009406725484
24,1493,1517,0.15269584730269453
25,1486,1511,0.15270744915097642
26,1489,1515,0.1527151603447215
24,1488,1512,0.15271933753887626
24,1483,1507,0.15272950164525284
24,1490,1514,0.1527390076532702
24,1496,1520,0.15274785464975488
24,1482,1506,0.15275614520729033
24,1481,1505,0.1527639256993344
23,1483,1506,0.15277122772883808
23,1475,1498,0.1527811605592596
23,1476,1499,0.15279049941030254
22,1484,1506,0.1527993356943244
21,1488,1509,0.15281071325627454
21,1496,1517,0.15282449913362897
20,1492,1512,0.15283740800491027
21,1489,1510,0.15285261725605673
22,1496,1518,0.15286377274955792
21,1494,1515,0.15287114606793306
21,1500,1521,0.15288123439226545
23,1495,1518,0.15289070324192763
22,1494,1516,0.15289333726135612
23,1507,1530,0.1528989517069691
23,1508,1531,0.15290110395038117
24,1510,1534,0.15290315101946816
23,1502,1525,0.15290192727881716
23,1493,1516,0.15290394093669282
23,1504,1527,0.1529058364931803
23,1502,1525,0.1529076179539779
23,1493,1516,0.15290928819666022
23,1491,1514,0.15291085930458606
23,1487,1510,0.15291233412228217
23,1479,1502,0.15291371247313224
23,1473,1496,0.15291500264844032
23,1487,1510,0.15291621220752963
24,1491,1515,0.15291727462725135
24,1498,1522,0.15291516264077787
23,1492,1515,0.1529132041390432
24,1494,1518,0.15291450818383193
24,1494,1518,0.15291261549472343
25,1510,1535,0.1529108592728093
24,1492,1516,0.15290607923792393
25,1493,1518,0.1529047298200844
22,1490,1512,0.1529002724562477
22,1499,1521,0.15290546312899278
23,1497,1520,0.15291028381002747
22,1487,1509,0.1529116277802653
22,1477,1499,0.15291598381814622
23,1490,1513,0.15292004298605308
23,1492,1515,0.15292073893117386
22,1500,1522,0.15292137915747894
24,1503,1527,0.15292508395141738
23,1495,1518,0.15292227826379368
24,1490,1514,0.15292278379781896
24,1486,1510,0.15292013878650385
24,1485,1509,0.15291765018128906
25,1484,1509,0.15291532880862363
23,1487,1510,0.15290999033926436
24,1477,1501,0.15291126899876528
25,1485,1510,0.1529093342776839
24,1491,1515,0.1529043871354946
22,1482,1504,0.1529028811815288
21,1487,1508,0.15290769944936958
21,1493,1514,0.15291532812064013
21,1485,1506,0.15292243906850578
21,1501,1522,0.152929086737364
21,1492,1513,0.15293531975243313
18,1500,1518,0.15294115612008155
18,1492,1510,0.15295599932639198
18,1500,1518,0.1529698207427896
18,1508,1526,0.1529827715228887
17,1496,1513,0.15299491547747673
17,1472,1489,0.15300946864253387
17,1498,1515,0.1530231085400373
16,1510,1526,0.15303593371858185
16,1497,1513,0.15305116459625462
16,1487,1503,0.15306545456972262
16,1504,1520,0.15307886780783356
16,1502,1518,0.15309145922282003
16,1510,1526,0.15310328163715106
16,1510,1526,0.15311438364558028
15,1512,1527,0.15312481018681498
13,1501,1514,0.1531377489991887
13,1495,1508,0.15315619922992718
14,1504,1518,0.153173498354989
14,1503,1517,0.15318652441614508
14,1507,1521,0.15319876623630418
14,1500,1514,0.1532102696604622
14,1505,1519,0.15322107943541427
14,1497,1511,0.15323123730066232
15,1497,1512,0.15324078238225355
16,1493,1509,0.15324655974415557
15,1490,1505,0.1532488002153056
15,1485,1500,0.1532541090525745
17,1496,1513,0.15325905043457183
16,1489,1505,0.1532573010879236
17,1499,1516,0.15325887488513243
18,1506,1524,0.15325717320590102
18,1499,1517,0.15325240886679053
21,1495,1516,0.15324798327006905
23,1501,1524,0.15323435870557567
22,1507,1529,0.15321530787117227
22,1506,1528,0.1532006605671027
22,1501,1523,0.15318695923682227
21,1504,1525,0.15317412565454172
21,1491,1512,0.15316526105295
22,1493,1515,0.15315693713242834
22,1504,1526,0.15314600296060402
22,1496,1518,0.15313577158703803
21,1510,1531,0.15312614673856625
21,1498,1519,0.1531202485373153
19,1515,1534,0.15311468987333085
19,1517,1536,0.15311579646633394
19,1507,1526,0.15311680226743157
19,1504,1523,0.15311772679825617
19,1505,1524,0.1531185823833177
18,1520,1538,0.1531193773048079
18,1521,1539,0.15312325822501938
18,1502,1520,0.15312687523649554
19,1501,1520,0.1531302583175522
20,1502,1522,0.15313026260651583
20,1496,1516,0.15312709763709237
20,1487,1507,0.153124153446869
19,1496,1515,0.15312139908374817
20,1496,1516,0.15312191530174013
20,1495,1515,0.15311926286844318
20,1502,1522,0.15311678699423556
19,1498,1517,0.1531144681366442
20,1512,1532,0.15311550746419522
20,1500,1520,0.1531132753452571
21,1497,1518,0.1531111890480862
23,1499,1522,0.1531060525873998
25,1507,1532,0.15309490037516793
24,1499,1523,0.1530781831298062
24,1516,1540,0.15306569392574812
23,1513,1536,0.15305398587912594
22,1503,1525,0.1530461180345672
21,1516,1537,0.1530418749920266
21,1494,1515,0.15304099805864757
20,1501,1521,0.15304014596382828
21,1497,1518,0.15304245409058395
21,1496,1517,0.15304146285741427
21,1495,1516,0.1530405387845809
20,1497,1517,0.15303964783796276
20,1507,1527,0.15304194396789014
20,1502,1522,0.1530440252613228
20,1503,1523,0.1530459660720263
21,1499,1520,0.15304780768979487
22,1500,1522,0.15304639053537658
21,1492,1513,0.1530419452049293
20,1486,1506,0.15304097374301331
20,1489,1509,0.15304322640992557
20,1490,1510,0.1530453263478541
18,1506,1524,0.1530472917656174
18,1506,1524,0.15305546409798393
18,1497,1515,0.1530631074599085
18,1497,1515,0.1530702682004762
19,1498,1517,0.15307698260108082
18,1500,1518,0.1530800952160454
17,1498,1515,0.15308616411287723
18,1512,1530,0.15309500921086344
19,1500,1519,0.15310009393081858
19,1490,1509,0.15310169276988858
17,1501,1518,0.15310321754247672
16,1488,1504,0.1531110012477262
17,1488,1505,0.15312145309301392
18,1494,1512,0.15312807054200944
18,1499,1517,0.1531311002206407
18,1495,1513,0.15313396445485583
17,1493,1510,0.15313665666942358
18,1485,1503,0.15314234298602836
18,1507,1525,0.15314450671847374
19,1511,1530,0.15314654440011954
18,1508,1526,0.1531452881140858
19,1496,1515,0.15314727872762007
18,1494,1512,0.1531459814040468
21,1495,1516,0.1531479293537802
23,1486,1509,0.15314026019026214
23,1498,1521,0.1531267482764927
23,1493,1516,0.1531141184025867
24,1504,1528,0.15310230397027375
24,1495,1519,0.1530880576600125
23,1501,1524,0.1530747451096166
24,1504,1528,0.1530654113319382
23,1506,1529,0.15305349701540738
24,1513,1537,0.15304547183247727
23,1511,1534,0.1530347600045741
22,1503,1525,0.15302786333224042
22,1498,1520,0.15302456681513932
22,1484,1506,0.15302145910627668
22,1498,1520,0.1530185324855574
21,1493,1514,0.1530157786276718
20,1483,1503,0.15301633522498773
21,1482,1503,0.15301997332689066
20,1487,1507,0.15302016081485512
21,1472,1493,0.15302346390128874
22,1488,1510,0.15302341613841208
21,1498,1519,0.1530202653289496
23,1499,1522,0.15302048577086735
22,1492,1514,0.15301439033521222
22,1485,1507,0.15301185959015698
23,1494,1517,0.15300948536353437
23,1504,1527,0.15300410517246277
23,1506,1529,0.15299907428457138
22,1487,1509,0.15299436312261266
21,1503,1524,0.15299308117742677
20,1497,1517,0.1529950702327457
20,1495,1515,0.15300007599952678
19,1477,1496,0.15300477992789902
20,1486,1506,0.15301230109134994
20,1491,1511,0.15301620308549022
20,1487,1507,0.15301992009145876
19,1503,1522,0.15302343392382234
19,1495,1514,0.15302984214871151
19,1490,1509,0.15303584235311463
19,1490,1509,0.1530414751693871
19,1493,1512,0.15304676470874273
19,1496,1515,0.153051732430574
17,1500,1517,0.15305639822601338
16,1507,1523,0.15306710300314064
16,1505,1521,0.15308032850168649
15,1490,1505,0.15309274522215388
15,1482,1497,0.15310749713763983
13,1481,1494,0.1531213328203002
14,1500,1514,0.15314058584464244
14,1493,1507,0.15315542393684756
15,1485,1500,0.1531693585220736
15,1498,1513,0.15317926429108447
14,1500,1514,0.1531885840935973
13,1497,1510,0.1532005884753776
11,1503,1514,0.15321502783192448
10,1492,1502,0.1532349480242962
11,1492,1503,0.15325681217063494
12,1488,1500,0.15327412325416645
12,1488,1500,0.153287192407889
12,1485,1497,0.15329949251324676
12,1516,1528,0.15331106101034234
12,1507,1519,0.1533219388418325
12,1519,1531,0.1533321655983437
13,1516,1529,0.15334177915712588
13,1513,1526,0.15334759999437125
13,1513,1526,0.15335308731366903
11,1517,1528,0.15335827396938875
11,1525,1536,0.15336954510306625
12,1521,1533,0.1533801056751165
12,1509,1521,0.15338680453280976
10,1505,1515,0.15339310863916622
10,1504,1514,0.1534054595675687
9,1508,1517,0.15341705786094612
8,1499,1507,0.15343116580357047
8,1508,1516,0.15344761138864502
7,1502,1509,0.15346305244776698
7,1526,1533,0.1534807550368483
7,1522,1529,0.15349737921175058
7,1516,1523,0.15351299700682577
7,1502,1509,0.15352767216442195
7,1492,1499,0.15354146342052177
7,1494,1501,0.15355442524297686
7,1507,1514,0.15356660833839303
8,1506,1514,0.1535780600498743
8,1506,1514,0.15358559595414392
8,1508,1516,0.15359269857916608
8,1520,1528,0.1535993814501998
8,1527,1535,0.15360566599015482
8,1529,1537,0.15361157488075605
9,1519,1528,0.15361713019779358
9,1525,1534,0.15361913331654203
9,1519,1528,0.15362103930308155
8,1519,1527,0.15362283917993133
9,1515,1524,0.15362774893354017
9,1521,1530,0.15362913170429235
9,1512,1521,0.15363044091829214
9,1500,1509,0.1536316773123324
9,1507,1516,0.1536328439617622
9,1500,1509,0.15363394387115978
9,1506,1515,0.1536349801676334
9,1513,1522,0.15363595605014513
9,1505,1514,0.1536368636676286
9,1510,1519,0.15363771706543536
9,1496,1505,0.15363856205885784
9,1494,1503,0.15363937495292593
9,1502,1511,0.15364014795319555
9,1520,1529,0.15364087994210365
9,1517,1526,0.15364157129667153
9,1520,1529,0.15364222321021104
9,1513,1522,0.15364283730736042
9,1504,1513,0.15364341540965207
9,1498,1507,0.15364395940147127
9,1504,1513,0.15364447115588079
9,1512,1521,0.15364495249460217
9,1509,1518,0.15364540516732234
9,1514,1523,0.15364577592766215
9,1524,1533,0.15364612289381926
9,1519,1528,0.1536464468260309
9,1511,1520,0.15364674853090568
8,1508,1516,0.153647055539277
8,1513,1521,0.15365055013689613
8,1511,1519,0.15365382272930245
8,1518,1526,0.15365689289214923
7,1510,1517,0.15365977522981833
7,1521,1528,0.15366570378741065
7,1516,1523,0.15367126106870527
7,1505,1512,0.1536764789602983
7,1501,1508,0.15368138136612478
7,1503,1510,0.15368598848020495
7,1519,1526,0.15369031857127907
7,1519,1526,0.15369438854308526
7,1507,1514,0.15369821416639592
7,1509,1516,0.15370181020585658
6,1497,1503,0.1537051905063949
5,1507,1512,0.1537115934078226
5,1501,1506,0.15372083107627044
4,1512,1516,0.15372950108115174
4,1506,1510,0.1537408768660663
4,1528,1532,0.15375156079372382
3,1532,1535,0.15376159746215015
3,1526,1529,0.1537742724229685
3,1522,1525,0.15378617541821743
3,1521,1524,0.1537973614794401
4,1510,1514,0.15380787696758236
4,1509,1513,0.15381450927477391
5,1511,1516,0.1538207620892712
5,1497,1502,0.1538234006088281
5,1498,1503,0.1538259072562801
5,1495,1500,0.15382827243096994
5,1505,1510,0.15383049917300678
5,1510,1515,0.1538325940008135
5,1512,1517,0.15383456415490251
6,1498,1504,0.15383641683551796
5,1510,1515,0.1538348998410547
5,1511,1516,0.15383671912062272
5,1513,1518,0.15383841772180293
5,1510,1515,0.15384001316896231
6,1530,1536,0.1538415144840802
6,1518,1524,0.15383967467611895
6,1507,1513,0.1538379602282871
6,1504,1510,0.15383635746868002
6,1507,1513,0.15383485647908604
6,1512,1518,0.15383344910375857
6,1513,1519,0.15383212847508232
5,1524,1529,0.15383088860875854
5,1518,1523,0.15383297140615848
6,1514,1520,0.15383492118066447
6,1501,1507,0.1538334978555529
6,1506,1512,0.1538321747479892
6,1512,1518,0.15383093629756597
6,1509,1515,0.15382977383428173
7,1503,1510,0.15382868153995716
7,1505,1512,0.15382440293008517
7,1511,1518,0.15382039561047162
7,1490,1497,0.15381663630592093
6,1494,1500,0.15381310626236183
6,1512,1518,0.1538130252073609
6,1504,1510,0.1538129271368505
6,1511,1517,0.1538128283931992
6,1508,1514,0.15381273207371618
6,1520,1526,0.15381264009014095
6,1507,1513,0.15381255314078726
6,1509,1515,0.15381247135493087
5,1511,1516,0.15381239460403204
4,1501,1505,0.15381557546392216
4,1497,1501,0.15382180271334647
3,1494,1497,0.1538276468652912
3,1498,1501,0.1538363802193645
3,1500,1503,0.1538445821232752
4,1506,1510,0.15385228674879
4,1500,1504,0.15385627326050375
3,1504,1507,0.15386002975806257
3,1521,1524,0.15386681556791604
3,1531,1534,0.1538731911818458
3,1518,1521,0.15387918166262066
2,1503,1505,0.1538848114854694
2,1499,1501,0.15389336317696845
2,1517,1519,0.153901401218013
2,1523,1525,0.15390895620604866
2,1521,1523,0.15391605752428453
2,1521,1523,0.1539227329626018
2,1519,1521,0.15392900853479255
2,1519,1521,0.15393490854664843
1,1520,1521,0.15394045572680123
1,1519,1520,0.15394893918725475
1,1511,1512,0.15395691339248735
1,1508,1509,0.15396440841922915
1,1517,1518,0.15397145414807586
1,1509,1510,0.15397807840561165
1,1503,1504,0.15398430694675935
1,1500,1501,0.15399016372640723
1,1511,1512,0.1539956711186684
1,1511,1512,0.15400085007570158
1,1515,1516,0.1540057202484721
1,1511,1512,0.15401030008480357
1,1513,1514,0.15401460691317415
1,1506,1507,0.1540186570168089
1,1495,1496,0.15402246570061298
1,1502,1503,0.1540260473524557
1,1493,1494,0.15402941549976773
1,1497,1498,0.15403258286210395
1,1515,1516,0.15403556140014218
1,1520,1521,0.15403836236147517
1,1531,1532,0.15404099632348006
1,1525,1526,0.15404347323350126
1,1520,1521,0.15404580244654661
1,1520,1521,0.1540479927606742
1,1513,1514,0.15405005245022518
1,1521,1522,0.15405198929704558
1,1514,1515,0.15405381061982593
1,1526,1527,0.15405552330167802
1,1519,1520,0.15405713381605887
1,1519,1520,0.15405864825114393
1,1522,1523,0.15406007233274482
1,1519,1520,0.1540614114458599
1,1513,1514,0.15406267065494123
1,1510,1511,0.15406385472295445
1,1508,1509,0.15406496812930498
1,1507,1508,0.1540660150866982
1,1514,1515,0.15406699955699707
1,1511,1512,0.1540679252661381
1,1507,1508,0.15406879571816046
1,1502,1503,0.15406961420840223
1,1514,1515,0.1540703838359125
1,1518,1519,0.15407110751512665
1,1512,1513,0.15407178798684767
1,1516,1517,0.154072427828576
1,1525,1526,0.15407302946422521
1,1522,1523,0.154073595173261
1,1530,1531,0.15407412709929694
1,1516,1517,0.15407462725817994
1,1519,1520,0.15407509754559512
1,1521,1522,0.15407553974421873
1,1515,1516,0.15407595553044634
1,1516,1517,0.1540763464807208
1,1511,1512,0.15407671407748388
1,1508,1509,0.15407705971477487
1,1503,1504,0.1540773847034954
1,1507,1508,0.15407769027636192
1,1510,1511,0.15407797759256303
1,1505,1506,0.15407824774214032
1,1510,1511,0.15407850175010826
1,1527,1528,0.15407874058032925
1,1524,1525,0.15407896513915761
1,1531,1532,0.1540791762788677
1,1517,1518,0.1540793748008766
1,1508,1509,0.15407956145877624
2,1510,1512,0.1540797369611845
2,1519,1521,0.15407663685353104
2,1521,1523,0.1540737375233373
2,1521,1523,0.15407101856845057
2,1521,1523,0.15406846547855468
2,1519,1521,0.15406606661372366
2,1513,1515,0.15406380501576786
1,1522,1523,0.1540616782141879
1,1520,1521,0.15406293658421646
1,1526,1527,0.15406410753310337
1,1533,1534,0.1540652030120304
1,1530,1531,0.1540662312934365
1,1511,1512,0.15406719779014302
1,1517,1518,0.15406810672208632
1,1515,1516,0.154068961720807
1,1524,1525,0.154069766062451
1,1524,1525,0.15407052276906774
1,1523,1524,0.15407123465839476
1,1516,1517,0.15407190437164375
1,1518,1519,0.15407253439115456
1,1523,1524,0.15407312705304158
1,1524,1525,0.15407368455718193
1,1531,1532,0.15407420897568097
1,1528,1529,0.15407470226038977
1,1525,1526,0.1540751662497781
1,1518,1519,0.15407560267532816
1,1530,1531,0.1540760131675429
1,1528,1529,0.15407639926162192
1,1525,1526,0.15407676240283893
1,1522,1523,0.15407710395164084
1,1517,1518,0.15407742518848352
1,1513,1514,0.1540777273184162
1,1516,1517,0.15407801147542485
1,1494,1495,0.15407827872654287
1,1508,1509,0.15407853007574024
1,1517,1518,0.15407876646759866
1,1515,1516,0.15407898879078336
1,1508,1509,0.1540791978813199
1,1504,1505,0.15407939452568573
1,1500,1501,0.15407957946372566
1,1497,1498,0.15407975339139987
1,1509,1510,0.1540799169633734
1,1511,1512,0.15408007079545552
1,1523,1524,0.15408021546689712
1,1529,1530,0.1540803515225537
2,1512,1514,0.15408047947492207
2,1522,1524,0.1540773406533225
2,1518,1520,0.1540744026040377
2,1509,1511,0.15407164536198223
2,1512,1514,0.154069056188283
2,1521,1523,0.15406662377685298
2,1522,1524,0.15406433797253516
2,1512,1514,0.15406218953123335
1,1505,1506,0.1540601699455263
1,1490,1491,0.1540615183606907
1,1494,1495,0.15406277820182912
1,1505,1506,0.15406395925357536
1,1508,1509,0.15406506751439625
1,1504,1505,0.15406610825549805
1,1516,1517,0.15406708609062686
1,1497,1498,0.1540680051258122
1,1505,1506,0.15406886908024564
1,1512,1513,0.15406968136650454
1,1510,1511,0.15407044514284746
1,1516,1517,0.15407116334849302
1,1525,1526,0.154071838728679
1,1518,1519,0.15407247385346456
1,1517,1518,0.15407307113258173
1,1514,1515,0.15407363282769695
1,1515,1516,0.15407416106290517
1,1516,1517,0.15407465783396446
1,1506,1507,0.1540751250165903
2,1523,1525,0.15407556437401518
2,1511,1513,0.15407271515407686
2,1496,1498,0.15407005226037998
2,1500,1502,0.15406755511732917
2,1504,1506,0.15406521045036053
2,1519,1521,0.15406300755680288
2,1519,1521,0.15406093716488387
3,1523,1526,0.15405899093439152
3,1517,1520,0.15405390900169993
4,1518,1522,0.15404914969155709
4,1518,1522,0.15404144210024814
5,1527,1532,0.15403422055342525
4,1513,1517,0.15402420561185629
4,1512,1516,0.1540180500084547
4,1516,1520,0.15401226035799745
3,1508,1511,0.15400681609921787
3,1508,1511,0.15400492602509394
2,1510,1512,0.15400313496908422
2,1523,1525,0.15400468279161533
2,1528,1530,0.15400612183060722
2,1523,1525,0.1540074654156297
2,1529,1531,0.1540087236101468
2,1536,1538,0.15400990372881984
2,1531,1533,0.1540110116055452
2,1523,1525,0.1540120522107224
2,1515,1517,0.154013029948227
2,1502,1504,0.15401394880985922
2,1508,1510,0.15401481246284654
2,1519,1521,0.15401562430371116
2,1520,1522,0.15401638749413082
2,1506,1508,0.1540171049865851
2,1514,1516,0.15401777954388962
2,1519,1521,0.15401841375488595
2,1522,1524,0.15401901004759236
1,1511,1512,0.15401957070059347
1,1509,1510,0.15402334454972277
1,1513,1514,0.15402688257354832
1,1545,1546,0.15403020432609382
1,1537,1538,0.15403332549648033
2,1523,1525,0.1540362593917908
2,1524,1526,0.15403576126109222
2,1517,1519,0.15403530801519552
3,1522,1525,0.1540348882332713
2,1516,1518,0.15403125311952606
2,1512,1514,0.15403109338903434
2,1495,1497,0.15403093545194693
3,1498,1501,0.15403078442207796
3,1496,1499,0.15402740328588893
3,1482,1485,0.154024244323697
3,1490,1493,0.15402128151181863
3,1493,1496,0.1540184993413452
3,1498,1501,0.15401588540235933
3,1518,1521,0.15401342887474528
3,1520,1523,0.15401111995135333
3,1515,1518,0.15400894958359312
3,1514,1517,0.15400690935126016
3,1510,1513,0.15400499138502455
3,1509,1512,0.1540031883134381
3,1515,1518,0.15400149322250895
3,1512,1515,0.15399989962239427
3,1517,1520,0.15399840141856166
3,1524,1527,0.15399699288603658
3,1527,1530,0.1539956686459699
3,1529,1532,0.15399442364406515
3,1522,1525,0.15399325313057488
3,1521,1524,0.15399215264166474
3,1513,1516,0.15399111798200207
3,1515,1518,0.1539901452084565
3,1511,1514,0.15398923061482372
3,1510,1513,0.15398837071749633
3,1515,1518,0.15398756224201635
3,1511,1514,0.15398680211045088
3,1516,1519,0.15398608742953818
3,1521,1524,0.15398541547955524
3,1514,1517,0.15398478370386193
2,1513,1515,0.15398418969908031
1,1506,1507,0.1539868574839038
1,1506,1507,0.15399258756763123
1,1507,1508,0.15399795973696342
1,1498,1499,0.15400300431354755
1,1507,1508,0.15400774494289562
1,1499,1500,0.15401220162823445
1,1498,1499,0.15401639218182106
1,1499,1500,0.15402033289154293
0,1518,1518,0.15402403885031124
