1378,30,1408,0.135821239565729
1405,31,1436,0.13295435750060647
1418,28,1446,0.13026453774391936
1445,31,1476,0.12777722428385088
1440,31,1471,0.12543867668866887
1456,31,1487,0.1233221500337616
1461,30,1491,0.12135289601292261
1460,30,1490,0.11954783565628652
1468,32,1500,0.11790715556588183
1475,35,1510,0.11639361222958883
1471,37,1508,0.11499894066155783
1468,37,1505,0.11373963436343747
1459,38,1497,0.11260074034737222
1460,41,1501,0.1115857344104873
1450,42,1492,0.11065971179897711
1463,45,1508,0.10983962352492997
1453,46,1499,0.10906262245914448
1458,46,1504,0.10837873326937487
1443,48,1491,0.10774478607403942
1445,48,1493,0.10720214252960591
1449,49,1498,0.10670335109074326
1438,49,1487,0.1062397831648213
1432,48,1480,0.10584272974972776
1419,47,1466,0.1054940539974937
1444,47,1491,0.10520584319225938
1449,49,1498,0.10488761312974003
1448,48,1496,0.10458653109178527
1470,49,1519,0.10431510765006582
1471,48,1519,0.1040193071460104
1461,51,1512,0.10374781132220058
1462,50,1512,0.10352287945724623
1451,51,1502,0.10331608326778995
1449,53,1502,0.10315163634671017
1452,55,1507,0.10300670040916957
1442,54,1496,0.102868252571072
1437,57,1494,0.10276406753288497
1433,57,1490,0.10267990454037342
1439,57,1496,0.10261249874661776
1443,55,1498,0.10253816962461285
1428,57,1485,0.1024621783746192
1426,59,1485,0.10242540958890003
1416,59,1475,0.10239631415644623
1421,58,1479,0.10239121148756147
1444,55,1499,0.10237578905251642
1444,56,1500,0.10231177325881939
1445,57,1502,0.1022536217510341
1421,58,1479,0.1021985113467858
1426,60,1486,0.10220048454795233
1435,59,1494,0.10219151659620898
1430,60,1490,0.1021638146517089
1428,58,1486,0.10214946967731957
1423,57,1480,0.10214047280292025
1428,59,1487,0.10214357153777331
1431,62,1493,0.10213573154000369
1429,60,1489,0.10212211268762086
1426,61,1487,0.1021140219009834
1426,62,1488,0.10211303663188438
1433,60,1493,0.10211242697428567
1435,61,1496,0.10209691709953969
1433,62,1495,0.10207818496281255
1439,60,1499,0.10206570051104367
1427,61,1488,0.10204046013604173
1413,58,1471,0.10204358866445823
1421,61,1482,0.10207673830456691
1433,63,1496,0.10208984967684774
1433,63,1496,0.10207623251550771
1426,64,1490,0.1020636659101914
1428,68,1496,0.10206724286272355
1424,69,1493,0.10206659836870591
1424,68,1492,0.10207461343532824
1414,68,1482,0.10208199051748768
1427,69,1496,0.10211032732722863
1428,69,1497,0.10210836346569309
1434,69,1503,0.10210393938726257
1436,71,1507,0.10208732536068033
1440,67,1507,0.10206820512441177
1414,66,1480,0.10204209471461013
1421,66,1487,0.10207478933391552
1421,68,1489,0.10208968376920309
1438,67,1505,0.1021030833499378
1430,69,1499,0.10207829172727495
1434,66,1500,0.10207269434009847
1428,67,1495,0.1020591713355053
1415,69,1484,0.10206023743901689
1424,71,1495,0.10208924335480293
1426,71,1497,0.10209606768116598
1427,72,1499,0.10209794618974861
1420,72,1492,0.10209752686996093
1411,71,1482,0.10211240876198598
1425,75,1500,0.10214587302358709
1408,77,1485,0.10214606122091244
1406,77,1483,0.10218288103334362
1416,78,1494,0.10222177167928363
1413,81,1494,0.10223551275708165
1420,83,1503,0.10225391898091207
1418,84,1502,0.10225619718323375
1410,85,1495,0.10226248973307911
1408,84,1492,0.10228566075762852
1400,85,1485,0.10231099021304782
1409,82,1491,0.10235179902891665
1415,81,1496,0.1023702687243324
1406,87,1493,0.10237395456654216
1399,91,1490,0.10239690403209079
1397,89,1486,0.10243311238601414
1406,89,1495,0.10247076109929874
1410,87,1497,0.10248476392940187
1394,87,1481,0.102488496585818
1394,88,1482,0.10252681316280364
1388,91,1479,0.10256184249087168
1384,94,1478,0.10260688608989894
1389,93,1482,0.10265652482641839
1388,95,1483,0.10269115053425057
1395,97,1492,0.10272507449978209
1399,94,1493,0.10274084078892784
1402,92,1494,0.10274715687423715
1396,96,1492,0.10274604801240866
1407,95,1502,0.10275819324092542
1408,93,1501,0.10274545852772668
1405,95,1500,0.10273158440295024
1394,96,1490,0.10272524048856459
1382,94,1476,0.10274305299350867
1384,93,1477,0.1027856855730366
1401,94,1495,0.10281980316834485
1392,93,1485,0.10281349469594367
1385,96,1481,0.10282737299249929
1381,95,1476,0.10285555266764099
1385,95,1480,0.10288971848696281
1392,95,1487,0.10291174731472431
1393,94,1487,0.10291664812676007
1391,96,1487,0.10291897210315121
1388,98,1486,0.10292541935888738
1395,99,1494,0.10293819520213883
1403,98,1501,0.1029344932716494
1401,96,1497,0.10291367517588296
1392,92,1484,0.1028992204064296
1396,93,1489,0.10290635748995725
1402,96,1498,0.10290376714556614
1389,96,1485,0.10288808421884436
1395,96,1491,0.10290227189477331
1394,98,1492,0.10290187674534687
1397,98,1495,0.10290381688510333
1416,101,1517,0.10289920287362371
1399,97,1496,0.10285337275309114
1400,99,1499,0.10284876496627703
1398,100,1498,0.10284174370258228
1401,102,1503,0.10283979633184909
1386,104,1490,0.10283185416881878
1395,102,1497,0.10285747304363818
1400,102,1502,0.10286127821522438
1406,103,1509,0.10285376257498831
1389,101,1490,0.1028340302116827
1377,104,1481,0.10285309178861592
1387,103,1490,0.10289752750069696
1394,106,1500,0.10291605972621838
1391,107,1498,0.10291734484644323
1402,110,1512,0.10292475905808152
1397,110,1507,0.10290806599795665
1386,108,1494,0.10290350721355772
1383,109,1492,0.10292371021541925
1382,109,1491,0.10294920164154192
1372,109,1481,0.10297508064938014
1365,115,1480,0.10302022049098115
1368,114,1482,0.10307607766076149
1356,116,1472,0.10312079963933624
1377,111,1488,0.10318799510470993
1392,111,1503,0.10320462695973491
1387,111,1498,0.10318643728783941
1385,114,1499,0.10318099309643206
1381,112,1493,0.10318108239063178
1369,112,1481,0.10319008254208697
1360,116,1476,0.10322416727686275
1360,116,1476,0.10327457931146956
1359,117,1476,0.10332065683114529
1360,120,1480,0.1033649897568556
1360,119,1479,0.10340283204915213
1373,120,1493,0.10343746433263938
1372,117,1489,0.10344075659906327
1369,117,1486,0.10344616225300253
1376,118,1494,0.10345789596069661
1374,119,1493,0.10345325678280361
1366,121,1487,0.10345386406798966
1367,120,1487,0.10347154368442872
1376,121,1497,0.1034857163537617
1378,122,1500,0.10347869542665275
1369,121,1490,0.10346754799979666
1368,122,1490,0.10347701843947785
1364,128,1492,0.10348774182112191
1378,129,1507,0.10350638545199214
1380,127,1507,0.10349291811810929
1374,124,1498,0.10347614372269401
1374,125,1499,0.10347356588383344
1359,124,1483,0.10347125599119102
1363,125,1488,0.10350261152374468
1368,121,1489,0.1035225915511649
1373,116,1489,0.1035298090662496
1375,115,1490,0.10352578359763218
1377,117,1494,0.1035175612683777
1398,117,1515,0.10350510337653109
1383,113,1496,0.103447817499055
1382,116,1498,0.10342857352746666
1388,114,1502,0.10341289818741681
1390,109,1499,0.10338520797278856
1385,112,1497,0.10335587768688594
1382,110,1492,0.10334087296320367
1387,112,1499,0.1033331813729767
1385,109,1494,0.10331471748107818
1385,111,1496,0.10330195139261215
1389,112,1501,0.1032902142244559
1391,116,1507,0.10327040704772855
1385,114,1499,0.1032485639255798
1365,114,1479,0.1032418185248125
1364,119,1483,0.1032794159614918
1376,123,1499,0.10331623340269752
1370,122,1492,0.10332332579924568
1357,128,1485,0.10334364946165396
1368,123,1491,0.10339099125140086
1364,121,1485,0.10340983927609733
1374,121,1495,0.10343546185705835
1369,118,1487,0.10343720606772973
1373,114,1487,0.1034496394677913
1368,119,1487,0.10345174073056475
1345,126,1471,0.10346468647512017
1350,128,1478,0.1035275894635246
1363,128,1491,0.10357380170190908
1376,131,1507,0.10358773645017705
1377,130,1507,0.10357202637140009
1363,132,1495,0.10355565774502981
1368,133,1501,0.10357141497481087
1370,135,1505,0.10357540191930063
1366,136,1502,0.1035747684190616
1372,132,1504,0.10358316015371369
1386,136,1522,0.10357754281038599
1374,136,1510,0.10354142935842786
1367,137,1504,0.10353486517898919
1360,136,1496,0.10354428135178287
1357,136,1493,0.10356817008285325
1362,136,1498,0.10359661383661802
1352,142,1494,0.1036111943020816
1352,141,1493,0.10364707699996106
1343,145,1488,0.10367996741287594
1351,149,1500,0.10373007705584962
1356,149,1505,0.10375886194993039
1361,148,1509,0.10377469773930165
1359,142,1501,0.10377787252649266
1362,137,1499,0.10378484395297964
1354,138,1492,0.10378428251784907
1350,137,1487,0.10380138095750563
1341,141,1482,0.10382484937449941
1333,139,1472,0.10386552536784595
1335,134,1469,0.10392042798945585
1354,137,1491,0.10396659134432266
1345,139,1484,0.10396701832009186
1345,139,1484,0.103987173094187
1349,136,1485,0.1040055224862498
1347,139,1486,0.10401381555747698
1346,147,1493,0.10402607328489288
1343,148,1491,0.10403933887572332
1349,148,1497,0.1040586141565119
1346,148,1494,0.10406288978910848
1354,151,1505,0.10407315405850437
1346,155,1501,0.10406464988508259
1349,151,1500,0.10407552386134274
1348,153,1501,0.1040786978160872
1351,153,1504,0.10408314050406155
1349,150,1499,0.10408090049044352
1355,153,1508,0.10408329634032588
1351,156,1507,0.10407312078231097
1347,156,1503,0.10407305526796577
1338,156,1494,0.10408111523468117
1333,154,1487,0.10410800607813135
1324,151,1475,0.1041437896139177
1327,150,1477,0.10419620076587144
1335,148,1483,0.1042369855414444
1355,149,1504,0.10425618862648889
1336,147,1483,0.10422986762578688
1335,154,1489,0.10424865801301536
1332,153,1485,0.10426725641594028
1337,157,1494,0.10429058772245481
1343,157,1500,0.10430087404114431
1346,156,1502,0.10429726396452949
1352,158,1510,0.10428795148507293
1350,155,1505,0.1042664980748587
1355,150,1505,0.10425158065076118
1361,150,1511,0.10422641316518924
1352,152,1504,0.10419092603922687
1351,151,1502,0.1041789847891061
1360,147,1507,0.10416987497918616
1360,142,1502,0.10414187692744101
1370,138,1508,0.10411575024229226
1360,141,1501,0.10406943105269015
1360,140,1500,0.10404925452091701
1354,145,1499,0.10403070295933564
1351,141,1492,0.10402741178693492
1355,141,1496,0.10403050588383579
1355,144,1499,0.10402441780302576
1357,146,1503,0.10401927314598819
1355,150,1505,0.10400995168343329
1345,151,1496,0.10400641227971409
1356,151,1507,0.10402529767355871
1350,147,1497,0.10401881949446973
1343,148,1491,0.10402613714152231
1333,148,1481,0.10404815313030139
1341,146,1487,0.10409032388844289
1347,140,1487,0.10411110159434235
1345,140,1485,0.10411694207529729
1330,143,1473,0.10412717324863983
1346,149,1495,0.10416956764457935
1345,153,1498,0.1041728000923415
1350,153,1503,0.10417836482295328
1350,153,1503,0.10417304723879443
1355,155,1510,0.10416811315543541
1347,156,1503,0.10415262379693659
1339,160,1499,0.10415612894484742
1341,156,1497,0.10417682740983734
1353,154,1507,0.10419136382712414
1351,151,1502,0.10417808927398127
1348,149,1497,0.10417048957726394
1334,150,1484,0.10416921860740061
1344,150,1494,0.10419891542616107
1333,157,1490,0.10420381478580033
1338,156,1494,0.10423248365277199
1351,158,1509,0.10424827725521883
1342,161,1503,0.10423419750234307
1354,160,1514,0.104241552702983
1356,159,1515,0.10422157327253302
1353,157,1510,0.10419917856395192
1341,156,1497,0.10418529568073705
1342,153,1495,0.10419926020551053
1348,151,1499,0.10420982817067034
1351,152,1503,0.10420658506278169
1359,148,1507,0.10419724298488992
1350,152,1502,0.10417070395491906
1349,151,1500,0.1041669068024656
1348,151,1499,0.10416563399298888
1356,145,1501,0.1041665665273469
1354,148,1502,0.1041502760257906
1348,149,1497,0.10414003876289357
1333,155,1488,0.1041442969538177
1346,153,1499,0.1041804064677226
1348,154,1502,0.10418559107658196
1349,161,1510,0.10418680056225384
1338,164,1502,0.10418548612332429
1331,164,1495,0.10420749010874333
1318,162,1480,0.10424332430976448
1317,165,1482,0.1043051864335575
1320,167,1487,0.10436445899992311
1333,169,1502,0.10441235057170097
1334,169,1503,0.10442856020861284
1334,166,1500,0.10444091550150163
1345,167,1512,0.10445144732372612
1346,161,1507,0.1044368391355836
1345,170,1515,0.10442134815170669
1338,173,1511,0.10440973667719437
1328,169,1497,0.10441519023000115
1330,171,1501,0.10444215682277047
1325,172,1497,0.10446256527974164
1332,169,1501,0.10449240960059612
1314,173,1487,0.10450425620275336
1320,171,1491,0.10455484899163897
1311,175,1486,0.10458918286227568
1322,175,1497,0.1046402301809717
1324,178,1502,0.1046625226360085
1332,172,1504,0.10467828390087423
1329,175,1504,0.10467556759353944
1331,178,1509,0.1046792185830062
1337,181,1518,0.10467826551252479
1320,181,1501,0.10466466258397965
1313,181,1494,0.10468822089572924
1311,185,1496,0.104725190099307
1309,182,1491,0.10476296234853047
1307,182,1489,0.1048018955198767
1301,184,1485,0.10484284819390897
1308,187,1495,0.10489367005072651
1306,183,1489,0.10492426992635204
1309,185,1494,0.10495686104704366
1321,185,1506,0.10498043577552413
1313,178,1491,0.10497619983265366
1311,177,1488,0.10498866670346596
1306,181,1487,0.10500446328227951
1299,182,1481,0.10503080898455533
1306,181,1487,0.10507110547375893
1303,180,1483,0.10509182859062545
1303,182,1485,0.10511760230767306
1303,180,1483,0.10514152449893038
1315,179,1494,0.10516332950170248
1313,182,1495,0.10515704164283107
1319,184,1503,0.10515579398035063
1327,187,1514,0.10514043032704799
1324,183,1507,0.10510911298213181
1326,184,1510,0.10508680146906378
1323,179,1502,0.10506242323123875
1323,181,1504,0.10504669084139201
1323,183,1506,0.10503258802319419
1302,188,1490,0.10502013416990197
1312,188,1500,0.10505520054546177
1301,191,1492,0.1050657814809038
1299,193,1492,0.10509849239868065
1305,195,1500,0.10513303820502251
1309,195,1504,0.10515167567385644
1307,193,1500,0.10515982239794117
1291,193,1484,0.10517229710783896
1306,197,1503,0.10521887539412955
1289,197,1486,0.105228673635869
1289,201,1490,0.10527604915600546
1281,202,1483,0.1053194384588712
1285,201,1486,0.1053774470497726
1283,211,1494,0.10542142215095925
1288,218,1506,0.1054667138909137
1288,217,1505,0.1054980139469534
1277,215,1492,0.10552724389287327
1282,219,1501,0.10557768392070348
1297,219,1516,0.10561285525099738
1298,217,1515,0.10561215210048001
1296,215,1511,0.10561036900412386
1284,217,1501,0.10561397193638868
1280,218,1498,0.10564386230864019
1273,217,1490,0.10568106566368735
1276,217,1493,0.10573020770393153
1277,217,1494,0.10576877702056667
1280,221,1501,0.10580140283737649
1272,224,1496,0.10582478764778527
1273,225,1498,0.1058630573812956
1268,231,1499,0.10589699881017042
1257,230,1487,0.10593934406017577
1277,228,1505,0.1060028966591616
1271,230,1501,0.10601753472459126
1272,233,1505,0.10604323777924698
1274,235,1509,0.1060652188133401
1264,238,1502,0.10608174940381182
1258,240,1498,0.10611970601097077
1257,237,1494,0.10616862495363108
1261,241,1502,0.10621572970441281
1265,238,1503,0.10624954895168631
1262,238,1500,0.10627172954213776
1248,239,1487,0.10629853126081144
1250,237,1487,0.1063540681973453
1250,239,1489,0.10640041752630396
1249,245,1494,0.1064432038547513
1250,247,1497,0.10648562508588152
1267,243,1510,0.10652234523939651
1261,243,1504,0.10651856793740969
1260,246,1506,0.10652875956708723
1260,249,1509,0.10654221300612463
1248,247,1495,0.10655357185212756
1245,248,1493,0.1065906715281449
1252,246,1498,0.10663185805063474
1253,246,1499,0.10665326154717368
1236,241,1477,0.10667120633343856
1245,239,1484,0.10672608972088976
1245,241,1486,0.10675620447959178
1243,247,1490,0.1067838283402709
1254,253,1507,0.10681422649510348
1247,257,1504,0.10681774559507072
1241,250,1491,0.10683596178310469
1242,245,1487,0.10686568315036193
1245,248,1493,0.1068894518279323
1223,252,1475,0.10690447715326983
1233,252,1485,0.10696781624385085
1235,255,1490,0.10700343411377258
1255,254,1509,0.10703149644519704
1251,260,1511,0.10701135299399919
1254,261,1515,0.10700243794708023
1250,256,1506,0.10698762887560498
1232,258,1490,0.106983319352382
1228,266,1494,0.1070193683889745
1225,267,1492,0.10706099293317753
1227,269,1496,0.1071055733279215
1220,267,1487,0.10714229041097041
1225,263,1488,0.10719174288244275
1220,263,1483,0.10722673920864167
1217,262,1479,0.10726841281359885
1214,265,1479,0.1073120572887452
1211,266,1477,0.10735898182628047
1219,263,1482,0.107408261711077
1229,265,1494,0.10743598973074146
1243,259,1502,0.1074394922173494
1245,259,1504,0.10741090095331533
1249,259,1508,0.10738040232147583
1255,256,1511,0.1073439887170601
1254,259,1513,0.1072963635058128
1244,259,1503,0.10725597445746596
1243,268,1511,0.107242002476751
1237,268,1505,0.1072318573157488
1230,269,1499,0.10723577379478279
1221,271,1492,0.10725573818943968
1215,268,1483,0.10729635275044863
1230,267,1497,0.10734646665432096
1225,266,1491,0.10735911938706116
1221,271,1492,0.10738222564691985
1219,275,1494,0.10741198453600578
1221,275,1496,0.10744341489373711
1217,276,1493,0.10746745759853883
1209,282,1491,0.10749946132559185
1218,280,1498,0.10754649601782916
1214,283,1497,0.1075701169251795
1226,280,1506,0.10760037880617557
1227,282,1509,0.10760121016464015
1223,281,1504,0.10760009985046888
1214,280,1494,0.1076080095907043
1211,283,1494,0.10763604427295977
1224,283,1507,0.1076682403137071
1211,279,1490,0.10766771930207017
1218,282,1500,0.10769535508355159
1229,277,1506,0.10770505151306009
1230,282,1512,0.10768950205937339
1229,280,1509,0.1076728073906211
1212,277,1489,0.10765921346547731
1215,281,1496,0.1076860732570018
1232,280,1512,0.10770386578115712
1234,280,1514,0.10768124391635643
1225,284,1509,0.10765691024926614
1213,291,1504,0.10765418739865071
1212,289,1501,0.10767903441732983
1218,290,1508,0.1077043384522252
1224,282,1506,0.10771464228876297
1229,288,1517,0.1077106163568548
1220,290,1510,0.10769660613421214
1215,289,1504,0.10770326891343669
1215,291,1506,0.10772003621243802
1209,294,1503,0.10773568265569708
1216,301,1517,0.10776422937009254
1204,295,1499,0.10777409480277318
1207,293,1500,0.1078108036077631
1197,297,1494,0.10783871033855316
1205,300,1505,0.10788723166648793
1198,301,1499,0.10791375015129759
1200,301,1501,0.10795423702721851
1206,304,1510,0.10798797507257554
1203,307,1510,0.10800631608365797
1205,310,1515,0.10803001147589615
1188,310,1498,0.10804759026953707
1187,317,1504,0.1081021049861774
1185,317,1502,0.1081548182725372
1169,325,1494,0.10820853563963442
1172,323,1495,0.108294715689526
1166,321,1487,0.10836833099783007
1164,320,1484,0.10844938290254834
1157,326,1483,0.10852924180009918
1155,326,1481,0.10861881338923701
1161,333,1494,0.10870548111131625
1167,336,1503,0.10877131832294744
1170,340,1510,0.1088172013698577
1176,342,1518,0.10885318447797282
1162,344,1506,0.10887421356423647
1162,343,1505,0.10892500601800237
1160,348,1508,0.1089736487814805
1167,351,1518,0.10902448234198936
1160,349,1509,0.10905493966763542
1163,353,1516,0.10909881784994084
1157,350,1507,0.10913252179162068
1160,343,1503,0.10917813347290721
1164,343,1507,0.10921358466275599
1170,350,1520,0.10923632147797978
1168,348,1516,0.10924388329265165
1158,342,1500,0.10925620228169858
1147,342,1489,0.1092909487589146
1157,351,1508,0.10934680139171418
1151,355,1506,0.10937587602916451
1146,353,1499,0.10941695477040524
1143,351,1494,0.10946722187222789
1140,356,1496,0.10951736488800226
1138,360,1498,0.10957059935402771
1143,370,1513,0.10962375455287622
1142,372,1514,0.10966187477735322
1139,371,1510,0.10969926364168163
1148,372,1520,0.10974164872572607
1141,373,1514,0.10976066581317674
1138,369,1507,0.10979380582242927
1133,369,1502,0.10983125523418032
1127,379,1506,0.10987804811007668
1130,376,1506,0.10993474789377335
1124,377,1501,0.10998057036114421
1114,370,1484,0.1100369926712385
1112,371,1483,0.11011078865476691
1110,374,1484,0.11018459077680458
1120,375,1495,0.1102563381946726
1107,381,1488,0.11029979796434976
1104,381,1485,0.11036951851855102
1096,386,1482,0.11044265024642297
1097,396,1493,0.1105289099214803
1106,398,1504,0.11060716966092521
1103,393,1496,0.11065893763972437
1104,399,1503,0.1107131069237203
1112,403,1515,0.11076193655974433
1103,408,1511,0.11078852625194995
1104,403,1507,0.11083435034611014
1092,402,1494,0.11087387230027641
1080,406,1486,0.11093841699772998
1092,409,1501,0.11102588271202585
1090,412,1502,0.11107955285838271
1079,418,1497,0.11113268839485776
1079,412,1491,0.1112071344037318
1077,416,1493,0.11127709970832927
1089,417,1506,0.11134651883499057
1091,420,1511,0.1113832323951267
1078,416,1494,0.11141260182108878
1079,415,1494,0.11146828272649259
1076,416,1492,0.11151709202297219
1074,420,1494,0.11156979021154693
1065,428,1493,0.1116227575166107
1078,429,1507,0.11169081996551801
1073,427,1500,0.11172391620912941
1078,427,1505,0.1117665650326585
1076,427,1503,0.11179453344318971
1074,424,1498,0.11182498204867244
1083,419,1502,0.11185974515397674
1065,431,1496,0.11186994442560622
1075,425,1500,0.11192168828013291
1081,426,1507,0.1119478854081135
1080,427,1507,0.11195773571264958
1067,426,1493,0.11196940682876068
1060,430,1490,0.1120109311793415
1061,436,1497,0.11206478561800917
1053,433,1486,0.1121104604956383
1060,431,1491,0.11217189758715897
1059,430,1489,0.1122121487182827
1064,433,1497,0.11225226912745793
1059,437,1496,0.11227750776375571
1058,432,1490,0.1123126357660648
1064,430,1494,0.11234624236790332
1070,427,1497,0.11236222900292298
1075,433,1508,0.11236334256007446
1072,437,1509,0.11235248208463842
1069,434,1503,0.11235037448048296
1078,427,1505,0.11235455950731275
1074,420,1494,0.11233769097447738
1070,423,1493,0.1123323550505188
1067,424,1491,0.11233595528666897
1053,423,1476,0.11234851255158318
1049,423,1472,0.11239254415979599
1056,429,1485,0.11244224539322648
1059,433,1492,0.11247205572141208
1062,434,1496,0.11249016654170912
1069,439,1508,0.1125000078570073
1067,443,1510,0.11249259730846721
1068,440,1508,0.11249197666984853
1067,437,1504,0.11249000653616066
1071,439,1510,0.11249173094362487
1062,436,1498,0.11248541176210239
1061,437,1498,0.11250069961306729
1062,445,1507,0.1125174211593695
1063,446,1509,0.11253085059682669
1071,443,1514,0.1125414980812627
1051,439,1490,0.11253312454853664
1055,439,1494,0.11257176876724526
1048,436,1484,0.11259882178934066
1050,446,1496,0.11263987797752982
1041,449,1490,0.11267283422221787
1048,459,1507,0.11272389698449244
1040,459,1499,0.11275536013688221
1048,458,1506,0.11280259876778627
1047,459,1506,0.11282764404524377
1051,456,1507,0.11285179000261185
1047,459,1506,0.11286620110145108
1050,455,1505,0.11288812400375992
1062,447,1509,0.11290143990543249
1060,448,1508,0.11288544522025652
1054,448,1502,0.11287433511010651
1036,460,1496,0.11287771737032395
1033,460,1493,0.11292345416717665
1031,455,1486,0.11297414677595881
1040,455,1495,0.11302661422344608
1038,457,1495,0.1130541299883052
1028,461,1489,0.11308451634857807
1026,463,1489,0.11313484212781151
1028,473,1501,0.1131870339122597
1036,477,1513,0.11322992045573863
1031,478,1509,0.11325080114365534
1036,475,1511,0.11328261580806942
1041,473,1514,0.11330145392523736
1042,477,1519,0.11330773547163407
1043,473,1516,0.11331206377121734
1032,474,1506,0.11331341477295688
1022,479,1501,0.11333942076714369
1029,484,1513,0.11338672088450646
1026,479,1505,0.11341333387628728
1036,484,1520,0.11344644773048738
1033,478,1511,0.1134529961070433
1029,479,1508,0.11346671926851803
1021,484,1505,0.1134890738238752
1014,481,1495,0.11352799303408087
1020,473,1493,0.11357797747940669
1016,474,1490,0.11360969888308835
1013,474,1487,0.11364909783616088
1006,478,1484,0.11369228427826653
1017,485,1502,0.11374793131671034
1020,479,1499,0.11377350515734407
1027,488,1515,0.11379056770425536
1027,488,1515,0.11379147426878135
1013,488,1501,0.11379200678981068
1016,489,1505,0.11382540612237335
1021,480,1501,0.11384966880342841
1024,483,1507,0.11386035301676188
1023,491,1514,0.11386301157541656
1021,492,1513,0.1138691067501993
1002,488,1490,0.11388018534261984
996,490,1486,0.11393590953374506
990,498,1488,0.11400142378999031
987,500,1487,0.11407551466061655
995,502,1497,0.11415035905277093
997,503,1500,0.11420152248121518
997,497,1494,0.11424292776295342
991,503,1494,0.11428066693524665
997,497,1494,0.11433074224069678
1000,493,1493,0.11436275093135427
992,494,1486,0.11438695988659797
988,498,1486,0.11442715454156875
996,506,1502,0.11447392222442336
996,509,1505,0.11449752674105597
995,513,1508,0.11452011904208
990,519,1509,0.11454222704963164
994,505,1499,0.11457556784130266
1000,508,1508,0.11459790075297764
1004,501,1505,0.11460351041730582
999,509,1508,0.1145982290467359
994,503,1497,0.1146043881380167
998,507,1505,0.11462074290517972
978,505,1483,0.11462677527668962
986,511,1497,0.11468115628559908
983,515,1498,0.11471461191303017
979,518,1497,0.11475193822674441
985,516,1501,0.11479670045196513
988,517,1505,0.11482350878743083
983,520,1503,0.11484182445051655
973,521,1494,0.11487151610642016
964,527,1491,0.11492343020352255
965,525,1490,0.11499253962914562
967,520,1487,0.11505256658605523
967,512,1479,0.11510438238424701
983,519,1502,0.11515111773733527
977,526,1503,0.1151589492678262
988,518,1506,0.11518112646246732
981,515,1496,0.1151752596219708
985,517,1502,0.11518537887748705
989,518,1507,0.1151852082513646
980,511,1491,0.1151767341133897
986,512,1498,0.1151886245999185
984,508,1492,0.1151834091055715
997,512,1509,0.11518496579304997
993,508,1501,0.11515416912287688
996,515,1511,0.11513549127517791
991,517,1508,0.11511305877264338
989,517,1506,0.11510500622427947
983,518,1501,0.11510403891647748
983,523,1506,0.1151168224117785
976,518,1494,0.11512912012408119
977,524,1501,0.11515674229278883
978,517,1495,0.11518048244897958
978,524,1502,0.11520010968597816
979,521,1500,0.11521696244082767
972,520,1492,0.11522997368165994
963,526,1489,0.11525937290155727
973,531,1504,0.11530735513230436
975,531,1506,0.11532814859298803
970,543,1513,0.115343794776176
962,540,1502,0.11537254385555347
971,545,1516,0.11541835942783862
968,546,1514,0.11543910778967952
967,546,1513,0.11546466589888044
966,538,1504,0.11549173014189666
972,544,1516,0.11551894909345517
970,539,1509,0.11552904180345677
970,535,1505,0.11554141459621001
972,538,1510,0.11555329081140286
971,529,1500,0.11555880809904676
965,533,1498,0.11556704667739762
963,533,1496,0.11558925936121404
967,535,1502,0.1156141175128937
966,536,1502,0.11562796436713818
963,546,1509,0.11564326657999416
963,543,1506,0.11566437419081037
957,551,1508,0.1156858603702162
962,551,1513,0.11572085588676619
950,536,1486,0.11574155628851834
961,543,1504,0.11578871850600293
967,544,1511,0.11580553292156924
960,540,1500,0.11580769985481412
963,546,1509,0.11582836709203777
967,540,1507,0.11584053515742702
964,543,1507,0.11584246268656907
951,537,1488,0.11585225993095943
957,537,1494,0.11589220299678658
955,547,1502,0.11591240304989953
953,551,1504,0.11593663479779699
945,546,1491,0.11596487464412533
949,547,1496,0.11600973942283392
951,549,1500,0.11604143658266124
950,558,1508,0.11606611340962722
945,556,1501,0.11609013331915896
947,558,1505,0.11612217386048165
946,565,1511,0.1161464383452872
951,555,1506,0.11617284234255183
945,555,1500,0.11618580230866915
948,561,1509,0.11621183734990284
936,563,1499,0.11622772571839686
942,562,1504,0.11627067041057373
937,560,1497,0.11629650847726122
939,565,1504,0.11633272879066679
935,564,1499,0.11636022369491585
942,562,1504,0.11639475955011847
937,561,1498,0.11641004497644446
928,564,1492,0.1164365585419774
938,575,1513,0.1164828021204831
946,571,1517,0.11650250399556608
943,562,1505,0.11650183177671333
945,570,1515,0.11650837484759904
947,573,1520,0.11650770934119307
944,569,1513,0.11650235175613403
940,564,1504,0.11650696082578595
946,562,1508,0.11651987583312805
952,559,1511,0.11651922037218514
946,567,1513,0.1165042077130874
938,561,1499,0.11650429125361743
940,567,1507,0.11652372563341959
938,571,1509,0.11653677201728413
934,564,1498,0.11655526409310166
937,574,1511,0.1165834453575016
926,565,1491,0.11660246354151318
935,576,1511,0.11664793147182134
932,588,1520,0.11666811352292057
931,586,1517,0.11669290559130217
926,584,1510,0.11671788510140062
929,580,1509,0.11675161696862618
927,583,1510,0.11677503512550602
938,588,1526,0.11680159021710829
937,581,1518,0.11680185448569326
941,585,1526,0.11680481337664766
933,584,1517,0.11679784995587295
924,574,1498,0.11681057874825491
922,570,1492,0.11684261882118317
922,577,1499,0.11687659322880162
925,582,1507,0.11690777979686295
920,586,1506,0.1169295062145336
921,592,1513,0.11696226525809214
913,599,1512,0.11699059557914569
912,604,1516,0.11703738277082255
910,607,1517,0.11708304241083542
915,605,1520,0.11713015844108356
906,602,1508,0.11716454441326846
905,600,1505,0.11721573516446963
910,593,1503,0.11726540873194188
901,595,1496,0.11729977841357395
903,592,1495,0.11735166515089648
910,589,1499,0.11739390605590704
910,588,1498,0.11741673163922967
908,601,1509,0.11743998151773095
916,605,1521,0.11746655358978045
891,610,1501,0.1174722113553689
891,618,1509,0.11753991213017588
896,614,1510,0.11760314476304351
901,602,1503,0.11764949856320264
907,610,1517,0.1176792144471202
898,603,1501,0.11769244847692814
897,610,1507,0.11772571591701202
903,609,1512,0.11775821410143666
907,615,1522,0.11777620012905059
887,612,1499,0.11778369911193924
891,612,1503,0.11783896971723377
876,618,1494,0.11787978204678726
878,615,1493,0.11795292297649308
871,613,1484,0.11801572127560359
874,624,1498,0.1180912707750517
898,619,1517,0.1181524397325181
894,624,1518,0.11815331747090838
887,630,1517,0.1181650993191624
886,622,1508,0.118192706408162
884,618,1502,0.11822008174151906
887,618,1505,0.1182506976717784
883,615,1498,0.1182724413072269
887,615,1502,0.11830224646840758
875,618,1493,0.11831913187126775
882,620,1502,0.11836510555135575
885,620,1505,0.11839110454444988
892,630,1522,0.1184065626422157
884,629,1513,0.1184042563197474
888,626,1514,0.11842295302768599
894,620,1514,0.1184308053850922
900,616,1516,0.11842264814027283
894,613,1507,0.11840032990230838
890,607,1497,0.1183938993467678
892,612,1504,0.1183955621618225
882,610,1492,0.11839144165026587
889,614,1503,0.11841190431415559
896,608,1504,0.1184140099077937
889,601,1490,0.1183996393810709
889,605,1494,0.11840263812072375
892,598,1490,0.11840563622191726
893,609,1502,0.11840027429660402
894,600,1494,0.11839264494772206
882,597,1479,0.11838174482575932
881,605,1486,0.11840139790090085
877,606,1483,0.11842274029924332
875,614,1489,0.11845208617275628
885,618,1503,0.11848466706830213
889,624,1513,0.11849029569345117
896,619,1515,0.11848508275055998
881,610,1491,0.1184624587447158
887,615,1502,0.11847783735370879
891,626,1517,0.11847861065854257
886,627,1513,0.11846996899540585
887,632,1519,0.11847311699032329
882,636,1518,0.1184746847699676
876,635,1511,0.11848897491366092
876,633,1509,0.11851690220021269
881,630,1511,0.11854243445823531
887,629,1516,0.11855253367727014
890,625,1515,0.11854857460068968
877,619,1496,0.118535447631516
885,613,1498,0.11855518986725523
888,616,1504,0.11855393119121789
891,621,1512,0.11854403047159053
896,622,1518,0.1185284913013615
897,617,1514,0.1185018173450611
884,624,1508,0.11847540671465037
878,618,1496,0.11848266791863998
879,623,1502,0.11850503590810174
874,628,1502,0.11852446302255167
888,618,1506,0.1185547178095009
880,628,1508,0.11854927303750525
874,629,1503,0.11856164071220437
871,630,1501,0.11858900504798953
877,632,1509,0.11861982053759533
861,634,1495,0.11863537355294433
878,629,1507,0.11868767786055845
869,633,1502,0.11869625179176804
873,639,1512,0.1187283475268989
869,637,1506,0.11874861562919375
868,636,1504,0.1187771302079672
869,637,1506,0.11880533885950254
851,636,1487,0.11883011134144959
852,634,1486,0.11889696958028978
842,635,1477,0.11895605954284179
850,637,1487,0.11903669216216047
846,643,1489,0.11909145816447861
854,639,1493,0.11915085863819062
860,646,1506,0.11918690924720711
865,640,1505,0.11920450338047196
868,640,1508,0.11921123688258502
863,642,1505,0.11921057518045634
868,641,1509,0.119220208349402
863,636,1499,0.11921693473025524
846,647,1493,0.11922551308548571
847,651,1498,0.11927449449702113
851,643,1494,0.1193179609018985
856,657,1513,0.11934850509288224
857,654,1511,0.11936356158308101
851,655,1506,0.1193760386466823
853,654,1507,0.11940191691075597
854,649,1503,0.11942233193572883
853,662,1515,0.1194416660291099
849,664,1513,0.11946299079582437
851,660,1511,0.119491269735633
852,660,1512,0.11951244806726269
854,652,1506,0.11952963018817261
842,655,1497,0.119541626726092
845,658,1503,0.11958280145819244
844,662,1506,0.11961400596768261
843,665,1508,0.11964423726033249
839,664,1503,0.11967545509893489
829,672,1501,0.11971386824832722
838,672,1510,0.11977235988801443
839,674,1513,0.11980587516595737
832,680,1512,0.11983519723250477
837,676,1513,0.11987927352067064
837,676,1513,0.11990758713224334
833,674,1507,0.11993255372524224
832,673,1505,0.11996537033490956
837,669,1506,0.12000010786930054
848,677,1525,0.12001834720101097
846,672,1518,0.12000901375438387
846,667,1513,0.12000529985833466
851,664,1515,0.12000304729371827
849,666,1515,0.11998915353295068
845,664,1509,0.11998065313401321
853,668,1521,0.11998230710058082
846,669,1515,0.1199640355269916
842,675,1517,0.11996578221174857
840,675,1515,0.11997898971214753
835,670,1505,0.11999756238964171
834,679,1513,0.12002696977708957
827,678,1505,0.12005580486923567
829,685,1514,0.1200995548454506
818,683,1501,0.12013426110897645
825,684,1509,0.12019255115570228
818,673,1491,0.12022819374254837
819,677,1496,0.120278014395814
822,680,1502,0.12032227599661774
814,686,1500,0.12035720099496185
816,687,1503,0.12040986254283113
810,685,1495,0.12045427581702577
813,678,1491,0.12050895676113861
811,688,1499,0.12054991487118187
807,691,1498,0.12059371952524119
806,691,1497,0.12064427409644483
817,689,1506,0.12069293027431634
817,703,1520,0.12071352185756945
808,697,1505,0.12073113035332518
814,693,1507,0.12076948987766423
806,691,1497,0.12079231372557839
811,696,1507,0.12083218461668299
799,702,1501,0.12085658005641026
801,697,1498,0.12090903956850156
795,702,1497,0.120952091220332
785,711,1496,0.12100579949001453
782,707,1489,0.12108066520408098
790,707,1497,0.12115587096799135
796,715,1511,0.12120758110570645
788,717,1505,0.12123922801638688
778,718,1496,0.12128842646890728
784,712,1496,0.12135712199052075
793,712,1505,0.12140585169785478
793,707,1500,0.12142933948695926
793,712,1505,0.12145067008370511
792,703,1495,0.12146837223153463
784,712,1496,0.1214854042841213
783,716,1499,0.1215206713911041
779,718,1497,0.12155690568365381
778,723,1501,0.12160055170736463
777,731,1508,0.12164465501915345
769,718,1487,0.12168733682470304
770,733,1503,0.1217470794991119
779,727,1506,0.12179910351077063
795,725,1520,0.12182418669403966
788,719,1507,0.121809289014343
795,710,1505,0.12181372723779031
798,710,1508,0.12180089950103042
802,708,1510,0.12177997772184376
799,706,1505,0.12175026171738881
790,707,1497,0.1217298696324982
786,715,1501,0.12173419117857812
787,722,1509,0.12174875993170634
778,723,1501,0.12175909635396133
779,727,1506,0.12178945759547266
776,723,1499,0.12181466144367742
773,717,1490,0.1218458406574614
771,712,1483,0.12188142329540969
776,710,1486,0.12191978527869568
769,712,1481,0.12194428991177132
772,715,1487,0.12198310834079958
781,706,1487,0.12201163471380809
781,704,1485,0.12201661706369504
772,708,1480,0.12202017513553017
774,707,1481,0.12204403652616701
782,714,1496,0.12206065881894525
790,716,1506,0.1220564482995647
784,726,1510,0.12203328003603459
785,721,1506,0.12202677758629626
795,725,1520,0.12201673182559725
791,729,1520,0.12198321447013397
791,726,1517,0.1219634437585544
782,724,1506,0.1219454941490902
787,719,1506,0.12194943612934196
784,724,1508,0.12194095825859802
778,731,1509,0.12194007091443229
772,730,1502,0.12195580285585772
776,740,1516,0.12198220968389965
776,748,1524,0.1219970344585645
770,751,1521,0.12201171898526539
771,743,1514,0.12203933619516595
770,742,1512,0.12206179391162793
783,733,1516,0.12208443146477474
781,732,1513,0.12207457178229701
781,725,1506,0.122069213607455
779,727,1506,0.12206438425294001
764,728,1492,0.12206682481226455
764,735,1499,0.12210500909274813
766,733,1499,0.12214043363672406
774,727,1501,0.12216723788667196
774,729,1503,0.12217187914855165
780,731,1511,0.1221776556610048
772,737,1509,0.12216717304859483
772,742,1514,0.1221767870684485
768,739,1507,0.12218492036079517
780,730,1510,0.122203309707621
783,735,1518,0.12218894973905528
780,726,1506,0.12216997809089011
778,729,1507,0.12216096401719852
781,719,1500,0.12215584369811326
779,720,1499,0.12214288578899957
777,714,1491,0.12213691998749625
786,721,1507,0.12213481868406405
784,716,1500,0.12211107663870106
779,719,1498,0.12209499336002082
782,723,1505,0.12209241751285493
795,724,1519,0.12208306629986446
801,725,1526,0.1220419392544413
794,734,1528,0.12199080448928318
793,736,1529,0.12196347949378644
788,735,1523,0.12194211520001773
776,736,1512,0.12193343788676433
778,740,1518,0.12195476451779687
779,738,1517,0.1219695723463824
764,733,1497,0.12198131539706517
762,726,1488,0.12202649570187711
761,726,1487,0.12207323202593039
771,723,1494,0.12211849577685126
762,728,1490,0.12213373049740758
768,728,1496,0.12217123266134944
772,721,1493,0.122190982483399
777,741,1518,0.1221994572949232
771,731,1502,0.12219560857990514
771,730,1501,0.12220825821936351
765,730,1495,0.12222104605049214
771,735,1506,0.12224848812323075
766,742,1508,0.12225810700703452
768,749,1517,0.12228156083144387
760,749,1509,0.12229857321596814
756,741,1497,0.12233383544999431
745,748,1493,0.12237599909051199
756,749,1505,0.12244173475010149
752,746,1498,0.12247452143069389
757,755,1512,0.1225143381738042
765,758,1523,0.12253932734150493
757,763,1520,0.12254296240449047
747,758,1505,0.12256760225339235
749,758,1507,0.12261557721832965
747,763,1510,0.12265501427631095
748,768,1516,0.12269691436981027
750,774,1524,0.12273453299164315
739,776,1515,0.12276669623567354
739,775,1514,0.1228234659809344
747,777,1524,0.12287700575349188
739,773,1512,0.12290583089040324
739,779,1518,0.1229534555885998
734,775,1509,0.1229975333964153
739,781,1520,0.12305168563828688
732,779,1511,0.12308988417025009
724,776,1500,0.12314386874992525
726,779,1505,0.12321398446936122
720,773,1493,0.1232742203136474
719,778,1497,0.12334569080734728
719,781,1500,0.1234127030057665
718,783,1501,0.12347457760472863
723,798,1521,0.12353531131541903
721,781,1502,0.12357939925335351
724,786,1510,0.12362617761716876
726,785,1511,0.12366255401099605
723,791,1514,0.12369166378388764
726,792,1518,0.12372616271430452
717,792,1509,0.12375294873183294
712,793,1505,0.1237992091250085
711,794,1505,0.12385360785281152
710,792,1502,0.12390469962933005
715,791,1506,0.12395407406206345
712,796,1508,0.12398851623291447
716,795,1511,0.12402631695844565
713,790,1503,0.1240503354093396
721,794,1515,0.12408057255763305
716,794,1510,0.12409025665355186
712,793,1505,0.12411126323610393
716,804,1520,0.1241406804042218
720,802,1522,0.12415820659147418
714,801,1515,0.12416439852506861
698,803,1501,0.1241833002559234
691,804,1495,0.12424191584000482
702,810,1512,0.12431508047485322
705,804,1509,0.12435628880028578
707,793,1500,0.1243861759683892
707,791,1498,0.12440866648853886
710,796,1506,0.12442958757251545
713,789,1502,0.12444186376346122
709,789,1498,0.12444443885306136
714,785,1499,0.1244563797318647
716,803,1519,0.12445595019198409
716,803,1519,0.12444924807749683
714,811,1525,0.12444357659281956
713,814,1527,0.12444327326385256
708,802,1510,0.12444600530494224
706,789,1495,0.12446108872379771
714,794,1508,0.12447741177402599
711,794,1505,0.1244728493507396
719,804,1523,0.12447735046093035
715,806,1521,0.12446171801038178
708,796,1504,0.12445767325855325
702,793,1495,0.12447072615725674
702,798,1500,0.1244974212093883
702,814,1516,0.12452011019370211
700,815,1515,0.12454155917905467
703,812,1515,0.1245663319256445
702,814,1516,0.12458161579267003
694,807,1501,0.12459948763746524
692,817,1509,0.12463611845090444
688,816,1504,0.12467595982079302
686,825,1511,0.12472384339502829
670,821,1491,0.12477238925789759
677,816,1493,0.12485584815556543
681,823,1504,0.12491478654316904
677,828,1505,0.12495999266318517
680,836,1516,0.12501144575779785
676,830,1506,0.12505261502075704
673,835,1508,0.12510055852118612
678,821,1499,0.1251519002885814
679,823,1502,0.1251899627487503
681,828,1509,0.12522205846437998
671,824,1495,0.12524897531139462
670,824,1494,0.1252992885586839
668,830,1498,0.1253489957020185
670,837,1507,0.12540020335690522
666,837,1503,0.12544129265498824
670,839,1509,0.12548994306028485
663,839,1502,0.12552503011447022
655,838,1493,0.12557583438950692
657,839,1496,0.12564435259766657
652,840,1492,0.12570311520596936
647,847,1494,0.12576905505578023
657,850,1507,0.1258429077858996
655,847,1502,0.12588688070520362
656,842,1498,0.12593157256868223
665,837,1502,0.12597123861521017
666,828,1494,0.12598405481981356
662,828,1490,0.12599211224315024
669,825,1494,0.1260089789252609
663,843,1506,0.1260083535732669
654,851,1505,0.12602155138967802
652,858,1510,0.12605808116760894
654,851,1505,0.12609687944661818
653,858,1511,0.12612878903305497
652,857,1509,0.1261612981277998
650,864,1514,0.12619366249897382
643,871,1514,0.12622690114955915
639,864,1503,0.12627549769264898
642,865,1507,0.12633264598945723
632,862,1494,0.1263771544191269
638,861,1499,0.1264427425977929
642,866,1508,0.1264874333413465
640,866,1506,0.12651921133138494
639,867,1506,0.1265547480550564
642,864,1506,0.12658928673280845
650,860,1510,0.126613664678643
651,854,1505,0.12661662674471755
645,860,1505,0.1266166851207579
646,855,1501,0.12663250226578796
645,859,1504,0.12664490755017044
641,865,1506,0.1266602641647916
646,861,1507,0.12668288732883595
642,864,1506,0.12669190200594646
641,860,1501,0.12670998654547558
628,866,1494,0.1267289181996662
626,867,1493,0.1267802931289597
633,881,1514,0.1268330418816212
633,882,1515,0.1268648807588724
631,884,1515,0.12689404189750314
630,878,1508,0.12692675318664207
633,874,1507,0.12696001266625723
633,879,1512,0.12698059341646561
635,886,1521,0.12700104852856525
635,877,1512,0.1270154444173946
636,882,1518,0.12702815586252839
636,883,1519,0.12703699708680538
632,895,1527,0.12704620611051104
625,893,1518,0.12706391185397173
626,894,1520,0.1270994978611111
619,890,1509,0.12712948495222282
614,885,1499,0.1271731189332548
619,885,1504,0.12722605335703532
612,883,1495,0.12726069220965983
617,877,1494,0.12731195934415
619,880,1499,0.1273463275412305
621,881,1502,0.12737286521721602
616,877,1493,0.12739259230688527
622,891,1513,0.12742373894407993
630,881,1511,0.1274375840367393
625,883,1508,0.12742976739734402
621,887,1508,0.1274357088800588
617,894,1511,0.12745244556070734
609,894,1503,0.1274786550999378
612,904,1516,0.12752394267739653
613,902,1515,0.12755997302511735
607,895,1502,0.12758913491105422
607,893,1500,0.12763301059050544
612,896,1508,0.12767188639980312
606,899,1505,0.12769672185443254
608,904,1512,0.12773570058713854
605,894,1499,0.12776656904251119
604,897,1501,0.12780353966002805
603,893,1496,0.12783954250629181
594,901,1495,0.1278763736278251
594,907,1501,0.127931929914552
594,913,1507,0.1279857630584923
587,910,1497,0.12803754617799748
584,915,1499,0.1281019556365111
582,916,1498,0.1281692491485485
585,915,1500,0.1282361054459601
575,918,1493,0.12829086502369402
567,928,1495,0.12836812726460217
574,932,1506,0.12846159462058127
573,931,1504,0.12853056226278786
574,932,1506,0.12859853695704682
579,929,1508,0.128659621287727
580,929,1509,0.12870219403259067
571,927,1498,0.12873941470349348
571,942,1513,0.12879734706167686
568,932,1500,0.12885141351082274
572,929,1501,0.12891065314775615
578,935,1513,0.12895622617280902
571,940,1511,0.12898346229848387
572,937,1509,0.12902594493969657
573,941,1514,0.12906193771501184
572,946,1518,0.12909206045076246
566,940,1506,0.12912112079271348
573,937,1510,0.12916562916277555
567,932,1499,0.12918936089858918
569,931,1500,0.1292256617383217
566,923,1489,0.12925382384808415
569,919,1488,0.1292897443470905
570,935,1505,0.12931618806762019
581,942,1523,0.1293374847818708
586,941,1527,0.12932894827247543
578,938,1516,0.12930805034089807
566,947,1513,0.12931100900578132
564,943,1507,0.12934438811570576
575,938,1513,0.1293797911402739
562,936,1498,0.1293852538592196
559,947,1506,0.12942515990907974
561,944,1505,0.12946927126582408
565,939,1504,0.12950501474147524
560,947,1507,0.129529509325087
556,942,1498,0.12956483106225325
552,942,1494,0.1296074404387571
560,939,1499,0.12965687019271438
557,945,1502,0.12968084982224906
559,937,1496,0.1297113511038594
561,950,1511,0.1297333095549455
561,948,1509,0.12974867536334359
554,947,1501,0.12976458930283083
554,950,1504,0.12979780814685674
548,959,1507,0.12982782714253005
552,954,1506,0.12987165980422838
557,962,1519,0.12990240215038854
553,964,1517,0.12991730885269445
553,966,1519,0.1299411427773509
547,961,1508,0.12996274567933985
542,957,1499,0.129998515660064
543,956,1499,0.1300439335708051
545,954,1499,0.13008405060484202
538,966,1504,0.13011677096758908
541,966,1507,0.1301642271525039
538,968,1506,0.13020119234526942
535,968,1503,0.13024445953285632
530,982,1512,0.13029378833630173
530,982,1512,0.13035240052264072
528,971,1499,0.13040664061108384
521,965,1486,0.13046314979207488
522,962,1484,0.13053271688780138
509,969,1478,0.13059511954862393
507,978,1485,0.1306859848784664
511,985,1496,0.13077464997321794
510,987,1497,0.13084658359435852
511,981,1492,0.13091667947543545
508,982,1490,0.13097999596624826
505,985,1490,0.13104906695469548
520,988,1508,0.13111941138831784
522,982,1504,0.13114488326984883
520,984,1504,0.13116399221027483
524,981,1505,0.1311865130493964
531,989,1520,0.13119759406273845
534,993,1527,0.13119022575912123
533,987,1520,0.13117730527544733
527,988,1515,0.1311677267024988
528,989,1517,0.13117563897476217
527,991,1518,0.1311804309610502
521,987,1508,0.13118761655179564
529,989,1518,0.13120896912677538
542,993,1535,0.13120844533120468
537,992,1529,0.13117470370789427
535,997,1532,0.13115599507034914
528,1003,1531,0.13114365489575952
528,994,1522,0.13115103786697713
521,995,1516,0.13115781384738084
523,995,1518,0.13118268191470034
521,992,1513,0.13120054517531965
522,981,1503,0.13122243956627622
514,989,1503,0.13123969636190227
518,989,1507,0.131276647885797
518,986,1504,0.13130188911419213
515,985,1500,0.1313251656421141
510,990,1500,0.13135651877628762
508,996,1504,0.1313984538759846
510,998,1508,0.13144381984320566
506,998,1504,0.1314809268697526
502,999,1501,0.13152604974154455
506,993,1499,0.1315791034643724
506,990,1496,0.13161823428922814
507,1003,1510,0.1316553869567254
503,1011,1514,0.1316870211456071
502,1017,1519,0.13172623177987208
505,1016,1521,0.13176498523145475
497,1019,1516,0.13179338226842446
494,1017,1511,0.13184106561809986
490,1019,1509,0.1318948844729015
486,1033,1519,0.13195662278489637
489,1031,1520,0.13202402664617044
484,1021,1505,0.1320791802319622
486,1020,1506,0.1321433077066119
491,1016,1507,0.1321969280225217
489,1029,1518,0.1322330510729889
488,1025,1513,0.13227291625666784
483,1022,1505,0.13231174997213008
477,1029,1506,0.13236175443707748
474,1023,1497,0.1324235900890992
477,1021,1498,0.13248926472632866
473,1019,1492,0.13254181857963312
474,1022,1496,0.13260167632209452
466,1023,1489,0.13265579993283136
466,1021,1487,0.13272656808487887
467,1042,1509,0.13279255494335485
473,1044,1517,0.1328507893976902
472,1040,1512,0.13288985308282908
471,1056,1527,0.1329289902211044
471,1060,1531,0.13296804798010162
469,1048,1517,0.1330045902699534
471,1049,1520,0.1330433150392825
460,1048,1508,0.13307368927501007
462,1055,1517,0.13313005120481702
461,1042,1503,0.133176492702011
461,1054,1515,0.13322286042167775
462,1051,1513,0.13326661705136023
452,1054,1506,0.13330541579722172
450,1061,1511,0.1333669332775049
452,1055,1507,0.13342923040030144
462,1052,1514,0.13348230026062352
461,1052,1513,0.1335041821469444
461,1046,1507,0.13352651500824872
463,1051,1514,0.1335470593771868
463,1053,1516,0.13356057520983156
466,1061,1527,0.13357370046808736
459,1070,1529,0.1335797412232982
453,1065,1518,0.1336029593283376
447,1059,1506,0.1336398327440465
447,1062,1509,0.13368889174547685
447,1062,1509,0.13373641086476376
449,1059,1508,0.13377967337988486
444,1058,1502,0.13381499539481165
447,1054,1501,0.1338616967611938
448,1060,1508,0.13389832901498738
458,1066,1524,0.13393067891704166
460,1059,1519,0.1339338987644153
452,1069,1521,0.1339319195043384
455,1059,1514,0.13395193787251547
448,1051,1499,0.13396396074565103
452,1055,1507,0.13399253636613617
451,1050,1501,0.13400874681934544
446,1051,1497,0.13402827887485444
453,1048,1501,0.13405853029874898
446,1056,1502,0.13406773829496368
442,1056,1498,0.13409523494895637
437,1048,1485,0.13413293668487242
431,1070,1501,0.1341802431899247
432,1074,1506,0.1342415636424825
432,1078,1510,0.13429668667819786
432,1087,1519,0.1343463695504733
432,1087,1519,0.13439203406396527
434,1087,1521,0.13443490826515736
435,1075,1510,0.13446948172581163
431,1075,1506,0.1344986266361558
431,1072,1503,0.1345365772884303
430,1069,1499,0.1345725785912723
433,1078,1511,0.13460791224950683
433,1076,1509,0.1346335439528089
433,1072,1505,0.13465735015706987
436,1062,1498,0.1346805082777042
422,1073,1495,0.13469347307912477
415,1078,1493,0.13474279534197187
416,1080,1496,0.1348080792282869
420,1090,1510,0.1348671896020118
425,1082,1507,0.13491067087572067
415,1088,1503,0.13493817800490807
414,1091,1505,0.134990395594023
412,1098,1510,0.1350418796356266
415,1093,1508,0.1350950413174432
420,1098,1518,0.13513790852883864
419,1109,1528,0.1351649607633922
427,1108,1535,0.13519252887653155
421,1109,1530,0.13519712630302344
413,1111,1524,0.13521807730718075
410,1107,1517,0.13525886917609514
404,1113,1517,0.1353041652865219
402,1116,1518,0.13536137811483587
399,1113,1512,0.1354183316969933
394,1117,1511,0.13548042500785587
386,1114,1500,0.13555124380054484
389,1107,1496,0.13563846437283547
385,1128,1513,0.1357125166894541
385,1115,1500,0.13579105012570106
385,1115,1500,0.13586448442744714
388,1133,1521,0.1359322702320441
386,1129,1515,0.13598671427808806
387,1124,1511,0.13604217101624033
384,1134,1518,0.13609172982374584
380,1135,1515,0.13614673128839608
375,1145,1520,0.1362104671017884
369,1156,1525,0.1362833560407775
369,1155,1524,0.1363677504053643
370,1154,1524,0.13644686669402945
374,1146,1520,0.13651717440987404
370,1132,1502,0.1365718770620024
365,1147,1512,0.13663394439771404
368,1146,1514,0.136705408745358
366,1154,1520,0.1367638777035963
366,1150,1516,0.13682309154932734
361,1151,1512,0.13687809537356516
360,1156,1516,0.13694155028862603
361,1159,1520,0.13700358030499518
362,1151,1513,0.1370593592055694
354,1153,1507,0.13710905071295681
356,1151,1507,0.1371765749138415
361,1146,1507,0.13723379606928485
359,1146,1505,0.1372734282030317
353,1150,1503,0.1373161012632173
354,1157,1511,0.13737162626079796
352,1164,1516,0.137420821292258
349,1168,1517,0.13747206273959023
345,1170,1515,0.13752807127143846
345,1176,1521,0.13759117359393253
346,1178,1524,0.13764981726347625
342,1175,1517,0.13770211538675528
343,1179,1522,0.13776113396124098
347,1178,1525,0.1378134208477558
342,1169,1511,0.13785113732912302
335,1166,1501,0.13789986281213584
332,1174,1506,0.13796378791411723
330,1182,1512,0.13803168605859406
332,1177,1509,0.13809925744001975
334,1188,1522,0.13815624940917953
335,1193,1528,0.13820326202276362
331,1189,1520,0.13824466203960678
327,1186,1513,0.1382938107136623
322,1200,1522,0.1383507207399837
325,1192,1517,0.138417000603643
323,1194,1517,0.1384708767387537
325,1189,1514,0.13852550981683753
323,1185,1508,0.138572385686365
323,1188,1511,0.1386215036893167
326,1192,1518,0.13866760991724061
326,1192,1518,0.13870225990980983
320,1189,1509,0.1387349419690321
322,1194,1516,0.13878088060464358
321,1198,1519,0.1388185486188298
320,1197,1517,0.13885650213673645
324,1198,1522,0.138894146607999
325,1199,1524,0.1389186869917998
330,1186,1516,0.13893918960995286
328,1178,1506,0.13894501614693378
329,1192,1521,0.13895592641096705
324,1187,1511,0.13896384336225576
317,1199,1516,0.13898404153583502
317,1187,1504,0.1390223282941856
319,1196,1515,0.13905800779433375
319,1204,1523,0.13908623251530958
318,1195,1513,0.13911264819597005
316,1194,1510,0.13913936190587678
314,1190,1504,0.13916967004100156
312,1192,1504,0.13920357562160438
316,1199,1515,0.1392400772982279
314,1200,1514,0.13926326431369135
321,1194,1515,0.13928988210701834
318,1205,1523,0.13929612420375226
314,1200,1514,0.13931097812028198
307,1211,1518,0.13933561768943406
304,1209,1513,0.13937770384334042
302,1215,1517,0.13942532014389208
308,1210,1518,0.13947425683291317
302,1213,1515,0.1395031717832423
306,1213,1519,0.13954609857912373
307,1212,1519,0.13957519140263686
310,1202,1512,0.13960013344948108
301,1199,1500,0.13961541519528395
301,1206,1507,0.13965493181525002
298,1214,1512,0.13969255793997573
297,1216,1513,0.1397355505426541
290,1222,1512,0.13977649744664616
287,1212,1499,0.13983395752140493
282,1217,1499,0.1398964476680536
277,1210,1487,0.13996719153013382
276,1215,1491,0.14004793392474685
274,1225,1499,0.1401267565263239
266,1231,1497,0.14020627901811267
275,1224,1499,0.1403024918802643
275,1236,1511,0.14036772061238004
278,1241,1519,0.1404283850659576
280,1229,1509,0.14047695626692033
274,1224,1498,0.14051725493072095
270,1248,1518,0.140571071296404
269,1255,1524,0.14063284237296184
266,1255,1521,0.14069307453217056
266,1259,1525,0.14075777411564303
268,1270,1538,0.1408191428151191
265,1250,1515,0.14086987848258434
261,1252,1513,0.14092632147870066
264,1252,1516,0.1409904274015873
264,1249,1513,0.14104062496609782
266,1258,1524,0.14108630893571175
261,1257,1518,0.14112277868393497
257,1251,1508,0.1411698624480283
259,1252,1511,0.14122524512529355
261,1260,1521,0.14127288559660708
260,1250,1510,0.14131114052984398
253,1257,1510,0.14134968065892584
251,1250,1501,0.14140546639606047
258,1247,1505,0.14146290307866222
262,1250,1512,0.14149671343014716
259,1268,1527,0.14151709603183937
259,1267,1526,0.14154458489971086
258,1257,1515,0.141570321032631
260,1255,1515,0.1415964192950985
258,1248,1506,0.14161475565521905
257,1257,1514,0.14163752769652724
255,1251,1506,0.14166190086279165
254,1250,1504,0.14169060506689213
260,1241,1501,0.14172111237010854
253,1256,1509,0.14173262094313244
255,1257,1512,0.1417629967673645
254,1250,1504,0.1417861448380332
250,1255,1505,0.14181059893437414
250,1264,1514,0.1418439336185501
255,1263,1518,0.14187468123055302
256,1261,1517,0.14188976044159082
256,1263,1519,0.141901715163314
257,1260,1517,0.1419133327144252
257,1253,1510,0.14192216456210352
262,1252,1514,0.1419298498139989
263,1255,1518,0.14192361505366496
260,1268,1528,0.1419149158890139
256,1266,1522,0.1419157626662504
253,1263,1516,0.14192841332657014
253,1276,1529,0.14194914959788232
254,1265,1519,0.14196842412087257
258,1263,1521,0.14198412136709607
255,1266,1521,0.14198801543862832
256,1261,1517,0.14200022684480637
257,1270,1527,0.1420083339128743
257,1267,1524,0.1420137738941986
258,1271,1529,0.14201895352277302
252,1274,1526,0.14202105784093608
252,1268,1520,0.14203893706353868
254,1265,1519,0.1420564136781108
252,1261,1513,0.14206688325285352
253,1254,1507,0.14208306959295272
249,1268,1517,0.1420949731969442
249,1282,1531,0.14211781574727542
250,1265,1515,0.14213948961982786
251,1261,1512,0.14215737033603468
252,1261,1513,0.1421706788110037
252,1259,1511,0.14218119753320826
251,1269,1520,0.14218986964516683
250,1269,1519,0.14220143453913398
251,1271,1522,0.14221526479666502
251,1267,1518,0.14222571620488636
249,1260,1509,0.1422341720429505
247,1264,1511,0.14224810120490605
249,1264,1513,0.14226667258200515
248,1272,1520,0.1422788651504597
251,1276,1527,0.14229293585850453
247,1283,1530,0.14229747285098526
242,1283,1525,0.14231282219570698
240,1291,1531,0.14234035274594428
241,1278,1519,0.14237145998780076
248,1274,1522,0.1423986910109791
248,1281,1529,0.14240479890935576
245,1273,1518,0.14241039498426553
247,1280,1527,0.14242410471989334
241,1271,1512,0.14243078696142106
245,1277,1522,0.14245367621197577
241,1268,1509,0.14246385336727171
242,1267,1509,0.14248501848273873
237,1268,1505,0.1425019602762566
232,1267,1499,0.14253195132521912
232,1281,1513,0.14257389023866301
226,1287,1513,0.1426128242989549
223,1301,1524,0.14266697620319677
225,1288,1513,0.14272538915520078
219,1298,1517,0.14277540262801383
220,1295,1515,0.142838115547508
223,1286,1509,0.14289276954765007
224,1295,1519,0.14293524178250652
215,1293,1508,0.1429727833244823
211,1285,1496,0.143032363421305
211,1289,1500,0.14309944402992023
216,1304,1520,0.14316215840002927
211,1307,1518,0.143206514236636
211,1305,1516,0.1432631193311591
212,1301,1513,0.14331491724132936
208,1299,1507,0.1433609917356992
213,1288,1501,0.1434153646158438
211,1290,1501,0.1434515895749996
213,1293,1506,0.14349145552083445
213,1303,1516,0.14352217253365337
212,1307,1519,0.14355142500647464
211,1308,1519,0.14358195465681425
211,1294,1505,0.1436134724166048
209,1287,1496,0.14364397204027732
212,1284,1496,0.1436778236243658
208,1296,1504,0.14370094231906072
209,1294,1503,0.1437339036152615
205,1295,1500,0.1437602977338786
210,1312,1522,0.1437971111339824
207,1305,1512,0.14381701647169579
206,1303,1509,0.143844617876417
209,1301,1510,0.14387375774165234
207,1295,1502,0.14389272399884503
209,1302,1511,0.1439160657974011
207,1312,1519,0.14393218558220164
201,1315,1516,0.14395315504725079
198,1313,1511,0.14398924849411476
198,1316,1514,0.14403139155516287
197,1317,1514,0.14407058170632037
196,1313,1509,0.1441094819013594
201,1319,1520,0.1441487973627545
204,1316,1520,0.14417121909640926
206,1312,1518,0.1441844634575528
207,1296,1503,0.14419140471199893
204,1309,1513,0.14419551945417633
205,1300,1505,0.14420796049589396
200,1297,1497,0.14421731898092596
201,1292,1493,0.14423899670707335
194,1302,1496,0.14425652629999206
191,1309,1500,0.14429325495033493
193,1316,1509,0.1443364048681305
188,1320,1508,0.1443705344569819
186,1315,1501,0.1444156489574796
191,1323,1514,0.1444637219273824
187,1328,1515,0.14449469338286836
184,1315,1499,0.14453580883295253
182,1319,1501,0.14458325381201434
183,1318,1501,0.1446331552184761
183,1328,1511,0.14467726039686532
190,1333,1523,0.14471789140685212
186,1332,1518,0.14473663608281367
186,1333,1519,0.14476570552738166
185,1331,1516,0.14479259528811173
186,1327,1513,0.14482017453800528
185,1317,1502,0.1448441830217745
188,1321,1509,0.14486980864031032
188,1327,1515,0.1448848153821935
186,1328,1514,0.14489889635688713
187,1330,1517,0.14491814578404547
187,1319,1506,0.14493276893911566
183,1335,1518,0.14494800766118945
184,1347,1531,0.14497222537067622
179,1338,1517,0.14499273669248758
181,1339,1520,0.14502618511158374
180,1332,1512,0.14505131165506951
179,1323,1502,0.14507712011263993
177,1319,1496,0.14510444071608422
180,1327,1507,0.14513603326473118
178,1324,1502,0.14515701132027123
177,1330,1507,0.14518246976135296
182,1330,1512,0.1452085071321926
180,1332,1512,0.14521911176225735
183,1333,1516,0.1452347523325809
186,1339,1525,0.14524219328652135
179,1336,1515,0.14524102863266938
181,1328,1509,0.14526097371073493
184,1347,1531,0.14527466738156858
182,1339,1521,0.14527938328965667
179,1350,1529,0.1452902247304267
177,1329,1506,0.14530908635328665
177,1328,1505,0.14533262670931835
177,1322,1499,0.1453542978725458
173,1336,1509,0.1453753246609557
170,1332,1502,0.1454047818803976
173,1341,1514,0.14544142289292616
176,1339,1515,0.14546827637943538
177,1342,1519,0.14548466097995558
176,1334,1510,0.1454978419313443
176,1336,1512,0.1455126082361287
177,1340,1517,0.14552684478378897
173,1346,1519,0.14553762660506123
174,1343,1517,0.14555945156805802
170,1335,1505,0.1455764829648025
171,1323,1494,0.145603799737707
175,1343,1518,0.1456262944410961
175,1345,1520,0.14563550283697516
174,1332,1506,0.14564462328072594
174,1343,1517,0.14565604327319995
175,1346,1521,0.1456659126037488
178,1358,1536,0.14567169694834547
174,1353,1527,0.14566835029094502
170,1348,1518,0.1456772809019788
173,1359,1532,0.14569696609033297
169,1353,1522,0.14570725355956968
165,1351,1516,0.14572735642918203
167,1351,1518,0.14575748048903267
165,1347,1512,0.14578063705291974
167,1344,1511,0.14580785566605525
166,1341,1507,0.14582712587143987
168,1348,1516,0.14584830007005828
168,1351,1519,0.14586145357538438
167,1353,1520,0.145873454973695
164,1356,1520,0.145888325659751
162,1361,1523,0.14591027517107932
159,1360,1519,0.1459360971294676
160,1360,1520,0.14596859702850545
159,1355,1514,0.14599558990550526
155,1367,1522,0.14602451026999752
154,1365,1519,0.14606319578396496
155,1366,1521,0.1461022724833802
154,1367,1521,0.14613600531475965
149,1366,1515,0.1461704358797464
146,1361,1507,0.14621687989444715
154,1365,1519,0.14626839679828924
152,1365,1517,0.14629359693364732
151,1373,1524,0.14632221972352294
154,1360,1514,0.1463518796871179
150,1359,1509,0.14637170845643485
147,1358,1505,0.14640144517359124
147,1361,1508,0.14643698019687826
150,1372,1522,0.14647046139278103
149,1358,1507,0.1464937915277266
150,1359,1509,0.14651863935802079
149,1359,1508,0.14653870920460496
149,1349,1498,0.1465601165634151
148,1349,1497,0.14657996788893615
151,1363,1514,0.14660168955744582
151,1374,1525,0.1466134177752809
152,1372,1524,0.14662436644240867
147,1375,1522,0.14663154878173706
146,1379,1525,0.14665325691251505
141,1359,1500,0.14667632321339152
148,1366,1514,0.146711951668242
150,1370,1520,0.1467247388067193
149,1373,1522,0.1467310187238548
146,1360,1506,0.14673973337214247
144,1361,1505,0.1467564661189572
143,1357,1500,0.14677711477970581
139,1355,1494,0.14679895662086384
143,1371,1514,0.14683085920213285
146,1368,1514,0.14684925529155596
143,1350,1493,0.14685714384195328
145,1359,1504,0.14687308096999802
149,1367,1516,0.14688314245018752
149,1367,1516,0.1468807101139148
148,1358,1506,0.1468784867566705
148,1364,1512,0.14687884567355344
149,1363,1512,0.146879563728819
150,1369,1519,0.14687767680649796
151,1362,1513,0.1468729613966342
149,1349,1498,0.14686592920684638
150,1349,1499,0.1468649410791095
150,1347,1497,0.1468612232298394
151,1356,1507,0.14685783194743895
150,1353,1503,0.1468515421427739
154,1353,1507,0.1468490601992185
152,1349,1501,0.14683507866837073
150,1360,1510,0.14682798806362996
149,1372,1521,0.1468273346546348
150,1378,1528,0.14682995577287586
149,1369,1518,0.14682971749725193
146,1376,1522,0.1468316075925886
145,1364,1509,0.1468423871857193
144,1372,1516,0.14685556222786858
142,1359,1501,0.14687085428159233
147,1366,1513,0.14689032605233648
149,1349,1498,0.1468936478848974
148,1364,1512,0.14689126852939752
150,1366,1516,0.14689151307660794
154,1361,1515,0.14688584581617603
153,1357,1510,0.14686822329809512
152,1357,1509,0.14685473306953137
149,1348,1497,0.14684496515151438
147,1357,1504,0.1468441620361336
152,1360,1512,0.14684932990133256
152,1350,1502,0.1468398477199462
154,1351,1505,0.14683098840007758
153,1352,1505,0.14681715234407708
149,1361,1510,0.14680756828373856
146,1357,1503,0.14681056560206693
142,1375,1517,0.1468221100939941
140,1370,1510,0.14684547732690828
140,1373,1513,0.14687339220944312
136,1384,1520,0.1468988449006186
135,1385,1520,0.14693462112064715
134,1380,1514,0.1469706858109835
138,1388,1526,0.14700744436884533
136,1378,1514,0.14702993991883223
133,1378,1511,0.1470567755068417
136,1388,1524,0.14709015056715383
138,1384,1522,0.14711254392926365
138,1389,1527,0.14712791835416136
133,1381,1514,0.14714237257625437
132,1380,1512,0.1471704653615662
133,1390,1523,0.1471998662103323
126,1377,1503,0.14722478227042088
123,1391,1514,0.14726880416661825
123,1384,1507,0.1473187738831076
125,1377,1502,0.1473654997554495
125,1382,1507,0.14740295816775392
124,1388,1512,0.14743832527046116
123,1393,1516,0.1474748364743315
122,1401,1523,0.14751199555257866
117,1403,1520,0.1475494471785661
112,1415,1527,0.14759846380766248
117,1403,1520,0.1476591515641108
116,1412,1528,0.1477016016571781
114,1404,1518,0.14774431504680133
111,1410,1521,0.1477899002088965
110,1403,1513,0.14784169196449404
109,1403,1512,0.14789325395298397
112,1406,1518,0.1479450214575062
112,1396,1508,0.14798457748838684
113,1407,1520,0.1480210683144291
110,1390,1500,0.1480526351733545
111,1405,1516,0.14809189358764716
111,1410,1521,0.14812623700908
108,1418,1526,0.1481580593432279
108,1406,1514,0.14819742986248735
106,1398,1504,0.14823404078887775
108,1414,1522,0.14827374587301514
111,1414,1525,0.1483051899040375
111,1411,1522,0.14832596388636263
111,1414,1525,0.14834558888436641
106,1417,1523,0.14836412368301766
106,1420,1526,0.14839626216179183
108,1412,1520,0.14842638562896557
105,1412,1517,0.1484490240437107
105,1412,1517,0.14847906607985198
103,1422,1525,0.14850716149061294
105,1427,1532,0.14853920972760318
104,1421,1525,0.14856383089546507
102,1419,1521,0.14859003409491842
100,1418,1518,0.14862051361092352
98,1410,1508,0.14865524040355094
98,1405,1503,0.1486934775632674
100,1409,1509,0.1487297029224609
101,1420,1521,0.14875771535416293
100,1412,1512,0.14878053326596583
102,1411,1513,0.14880492550659485
102,1408,1510,0.14882196196624953
102,1412,1514,0.14883813338577181
104,1409,1513,0.14885295003492363
104,1405,1509,0.14886105959615495
99,1403,1502,0.1488688713576261
96,1396,1492,0.14889119255457298
98,1401,1499,0.148920846065172
103,1401,1504,0.1489426728510793
101,1406,1507,0.14894788300572054
100,1411,1511,0.14895901984635387
101,1419,1520,0.14897213447851498
98,1426,1524,0.14898171523928705
102,1421,1523,0.1489998379718745
104,1417,1521,0.1490047184061019
104,1409,1513,0.14900337118545778
102,1409,1511,0.14900188404284276
101,1392,1493,0.14900665187543546
96,1400,1496,0.14901398632320728
97,1401,1498,0.14903544630369245
98,1410,1508,0.14905253113680347
97,1403,1500,0.14906594932232317
99,1406,1505,0.14908161659660954
96,1401,1497,0.1490903425553857
95,1413,1508,0.14910666870682734
101,1418,1519,0.14912489468171589
98,1417,1515,0.14912440086501264
102,1406,1508,0.14913344691718652
103,1412,1515,0.14912974685193936
101,1414,1515,0.14912326799380793
104,1414,1518,0.1491232944686673
104,1415,1519,0.14911454638054983
106,1410,1516,0.14910621141115346
105,1418,1523,0.14909260840345628
104,1420,1524,0.14908288611685624
101,1419,1520,0.14907657396925583
101,1419,1520,0.14907909965308544
98,1420,1518,0.14908163372580416
97,1412,1509,0.14909279294294378
93,1407,1500,0.14910624038409548
92,1412,1504,0.14913020353682419
90,1415,1505,0.1491552726993054
85,1412,1497,0.1491847681992198
79,1423,1502,0.14922732147402523
83,1439,1522,0.1492852128770015
84,1434,1518,0.1493273409400955
86,1441,1527,0.14936388610266374
86,1435,1521,0.14939216418201157
86,1415,1501,0.149419062435892
87,1416,1503,0.14944343092213594
83,1419,1502,0.14946317466557588
86,1427,1513,0.14949319919035708
88,1431,1519,0.14951263310240295
86,1427,1513,0.1495252096937636
91,1423,1514,0.1495431718943741
91,1415,1506,0.14954495093609768
91,1427,1518,0.14954637246465213
90,1419,1509,0.14954786751433638
89,1445,1534,0.14955209509081252
90,1434,1524,0.1495596088770318
92,1426,1518,0.14956398783199046
90,1418,1508,0.14956263650899154
88,1438,1526,0.14956768636872741
89,1447,1536,0.14957795832836257
88,1449,1537,0.14958483965706557
84,1443,1527,0.14959460933853058
83,1421,1504,0.1496157150615618
84,1426,1510,0.14963867081329363
82,1433,1515,0.14965715491890222
81,1426,1507,0.14968063030164797
83,1432,1515,0.1497065891699258
86,1435,1521,0.1497250321000918
82,1422,1504,0.14973370663202748
78,1408,1486,0.14975399734898048
81,1421,1502,0.14978503684321642
80,1435,1515,0.14980548886036166
77,1429,1506,0.14982766307311055
75,1439,1514,0.1498565086961424
75,1445,1520,0.1498888418393539
77,1449,1526,0.14991843998008744
81,1437,1518,0.1499404010140117
75,1426,1501,0.14994910052521104
76,1425,1501,0.14997480493888504
77,1431,1508,0.14999545155968327
76,1429,1505,0.15001201789718271
78,1430,1508,0.15003046953390306
79,1432,1511,0.15004196067387715
76,1428,1504,0.15004992783777638
76,1433,1509,0.15006665478198408
74,1423,1497,0.1500828009400296
76,1421,1497,0.15010389353912992
75,1435,1510,0.150117685649504
73,1437,1510,0.15013332068055435
73,1445,1518,0.15015352756145398
73,1440,1513,0.15017184131372624
74,1435,1509,0.1501893271893079
74,1419,1493,0.15020256739579735
71,1423,1494,0.1502148714311346
73,1429,1502,0.15023610437287296
73,1435,1508,0.1502501048074828
71,1450,1521,0.15026324773311703
72,1452,1524,0.15028155813919636
71,1455,1526,0.1502961947763283
71,1438,1509,0.15031375122765414
69,1446,1515,0.15033036763481608
68,1444,1512,0.1503519247047433
67,1453,1520,0.15037544116952778
66,1463,1529,0.1504002814123209
63,1452,1515,0.15042704170338136
65,1439,1504,0.1504607139975253
63,1444,1507,0.15048617326357328
62,1446,1508,0.15051586942304412
60,1448,1508,0.1505463574493013
59,1451,1510,0.15058021053379153
64,1450,1514,0.15061497433572735
68,1454,1522,0.15063264700815318
69,1455,1524,0.15063736658205865
66,1459,1525,0.1506395493614696
66,1441,1507,0.15065017062052552
65,1439,1504,0.15066004465937205
64,1441,1505,0.15067200712149936
62,1440,1502,0.15068598036261727
61,1450,1511,0.15070487876856886
67,1454,1521,0.15072492254710124
68,1440,1508,0.15072706685487816
69,1446,1515,0.15072561237191726
68,1458,1526,0.15072195167347657
66,1445,1511,0.1507215315223107
70,1444,1514,0.1507275574239764
70,1446,1516,0.15072115928911
72,1446,1518,0.15071562805514335
72,1445,1517,0.15070449589633872
71,1456,1527,0.15069450193267542
72,1465,1537,0.15068759916583896
73,1463,1536,0.1506786796408227
73,1462,1535,0.15066731370841951
73,1461,1534,0.1506566511422542
72,1459,1531,0.1506467335822185
70,1447,1517,0.15064060838702248
71,1449,1520,0.15064147493735475
70,1446,1516,0.15063907789939365
72,1439,1511,0.15063918725675143
73,1454,1527,0.15063395815825575
73,1460,1533,0.1506259437765458
71,1451,1522,0.150618439086577
73,1444,1517,0.15061749634864885
70,1447,1517,0.1506107465525876
71,1460,1531,0.15061308076531052
73,1455,1528,0.1506123191772262
71,1456,1527,0.15060548312807104
73,1454,1527,0.15060480453220243
75,1446,1521,0.15059829886440665
76,1425,1501,0.1505862670976616
74,1438,1512,0.15057271970074537
75,1443,1518,0.15056557855056651
74,1433,1507,0.15055626134620045
72,1444,1516,0.15055098520352397
70,1447,1517,0.1505517573483973
72,1444,1516,0.15055806685624123
73,1451,1524,0.15055842206408562
73,1438,1511,0.15055592040308208
73,1429,1502,0.15055390560327855
74,1445,1519,0.15055195407032784
68,1445,1513,0.15054740156563148
66,1444,1510,0.15056051829331465
69,1446,1515,0.1505790795075252
68,1444,1512,0.15058803100888887
66,1447,1513,0.15059930160032117
66,1444,1510,0.1506152926018566
65,1432,1497,0.150629690328946
63,1440,1503,0.15064620546832178
63,1443,1506,0.15066794381912962
63,1436,1499,0.15068824776310577
62,1453,1515,0.1507067878477477
65,1466,1531,0.15072694217708651
65,1465,1530,0.15073716674368173
62,1450,1512,0.15074654320467
63,1452,1515,0.15076463874922508
62,1445,1507,0.15077831544567222
61,1441,1502,0.15079374765272602
60,1445,1505,0.15081104139110213
63,1440,1503,0.15083038826204034
65,1439,1504,0.15083961498251713
65,1454,1519,0.15084223257543478
64,1459,1523,0.1508447972453432
63,1465,1528,0.15085046092064822
62,1461,1523,0.15085888154114355
63,1448,1511,0.15087007737481922
63,1458,1521,0.1508781392995245
63,1452,1515,0.15088542769758045
59,1449,1508,0.1508928250262606
59,1455,1514,0.15091251805034833
59,1446,1505,0.15093074819552932
59,1458,1517,0.15094788849553725
61,1455,1516,0.15096394288776305
61,1454,1515,0.15097320516534823
60,1461,1521,0.15098186906108615
60,1456,1516,0.1509933982860806
58,1461,1519,0.15100421620599153
57,1459,1516,0.15102076929804886
55,1446,1501,0.1510390653727852
57,1454,1511,0.15106226096672057
59,1451,1510,0.15107813437548534
58,1447,1505,0.15108772060065262
57,1447,1504,0.15109976088704433
55,1454,1509,0.1511143854272445
55,1466,1521,0.15113412962776995
52,1465,1517,0.1511526619073028
51,1474,1525,0.15117856147986544
50,1462,1512,0.15120651199446328
49,1462,1511,0.15123554914740794
47,1472,1519,0.15126595569963242
46,1476,1522,0.15130038088305844
48,1471,1519,0.15133529666750822
50,1470,1520,0.15136261850348362
51,1482,1533,0.15138212279347824
50,1476,1526,0.15139770555584153
52,1472,1524,0.15141520684059007
54,1459,1513,0.15142572350874398
53,1460,1513,0.15143034625459564
54,1455,1509,0.15143801957741065
54,1444,1498,0.15144243831067966
53,1455,1508,0.1514467483800539
52,1459,1511,0.1514532877641085
51,1462,1513,0.15146274458780135
51,1457,1508,0.15147431321035765
51,1461,1512,0.15148538969623251
52,1465,1517,0.15149522871908772
48,1461,1509,0.1515022124533385
51,1458,1509,0.15152038504489157
52,1466,1518,0.1515288395591691
52,1462,1514,0.1515336389081735
50,1475,1525,0.15153753343004508
51,1474,1525,0.1515470457181238
52,1471,1523,0.15155289706564606
49,1466,1515,0.15155550382478844
48,1469,1517,0.15156729399369492
51,1460,1511,0.15158091625641265
54,1453,1507,0.15158474259369847
53,1456,1509,0.1515794624415057
55,1474,1529,0.15157785410672533
53,1475,1528,0.15157079300363432
53,1474,1527,0.1515699638873229
53,1485,1538,0.15156915559209172
53,1478,1531,0.15156894839224086
51,1472,1523,0.1515685623803089
53,1471,1524,0.15157359520805536
53,1467,1520,0.15157284170028884
54,1463,1517,0.15157258232024315
52,1467,1519,0.15156920033188265
51,1466,1517,0.15157207438584813
53,1468,1521,0.15157758937284677
52,1472,1524,0.15157724793058588
53,1472,1525,0.15158045117355964
57,1478,1535,0.15158075202647697
56,1475,1531,0.1515699165790201
56,1471,1527,0.15156281997352458
56,1468,1524,0.15155631777135617
54,1470,1524,0.1515501704366156
56,1462,1518,0.15154947516971934
56,1456,1512,0.1515434250661929
55,1469,1524,0.15153781587688786
55,1464,1519,0.15153547631084657
54,1469,1523,0.15153319556437977
58,1464,1522,0.1515341415067366
57,1451,1508,0.15152386463123327
57,1468,1525,0.1515172815718123
56,1470,1526,0.1515112094625149
56,1471,1527,0.15150879347942697
54,1467,1521,0.15150716427444158
54,1466,1520,0.15151094379572094
53,1454,1507,0.15151445317095852
53,1444,1497,0.1515215036251114
54,1457,1511,0.1515282743319646
54,1455,1509,0.15153209622338204
55,1443,1498,0.1515357982389769
54,1452,1506,0.1515365627028186
55,1456,1511,0.1515406903546621
55,1462,1517,0.1515417425508313
56,1453,1509,0.1515428791283132
58,1450,1508,0.15154090997819722
55,1469,1524,0.15153280929772175
51,1472,1523,0.15153353314862486
52,1464,1516,0.15154607769656284
50,1454,1504,0.1515549616072738
49,1457,1506,0.1515688660500998
52,1458,1510,0.1515843124801648
49,1456,1505,0.15158973220056196
51,1452,1503,0.15160300691154366
51,1463,1514,0.15161000691628293
51,1466,1517,0.15161651303745446
50,1466,1516,0.15162211089325311
49,1455,1504,0.15163008843641607
50,1460,1510,0.15164140969972895
50,1464,1514,0.15164931348746616
51,1460,1511,0.15165658389512524
50,1460,1510,0.15166044875052861
50,1476,1526,0.15166678826264202
48,1462,1510,0.15167270065604005
48,1469,1517,0.1516837264959823
46,1465,1511,0.1516945956662159
46,1456,1502,0.15171002412827025
46,1458,1504,0.15172464594397037
47,1471,1518,0.15173832032535178
46,1478,1524,0.15174842154953144
46,1461,1507,0.1517604709589365
46,1490,1536,0.1517715840305656
47,1481,1528,0.15178141239091508
47,1486,1533,0.1517878830275949
51,1472,1523,0.1517936751934531
50,1469,1519,0.15178805609595203
50,1465,1515,0.1517862716541692
50,1467,1517,0.15178477464301945
48,1465,1513,0.1517835331816365
48,1465,1513,0.15178837776362442
47,1472,1519,0.15179295901354772
48,1468,1516,0.15180015764026794
46,1470,1516,0.15180407247287225
45,1462,1507,0.15181328171019612
45,1457,1502,0.15182467396102667
43,1465,1508,0.15183513367729923
44,1479,1523,0.15185041386933096
44,1482,1526,0.1518615519940798
44,1482,1526,0.15187197580366513
44,1472,1516,0.15188200132010415
44,1470,1514,0.1518914130443837
41,1470,1511,0.15190003413159806
44,1468,1512,0.15191636923554147
46,1465,1511,0.1519232281604367
44,1464,1508,0.15192414136153945
44,1457,1501,0.15193119078891082
43,1466,1509,0.15193785562524845
42,1468,1510,0.1519469875010364
40,1461,1501,0.15195814988745904
41,1465,1506,0.15197419095996836
42,1471,1513,0.15198627695028402
40,1484,1524,0.1519947858123677
42,1472,1514,0.15200826800365574
38,1473,1511,0.15201524048404058
38,1477,1515,0.15203336253618469
37,1470,1507,0.15205025423583332
37,1482,1519,0.1520690419407223
38,1467,1505,0.15208660823260536
40,1475,1515,0.1521003425911492
40,1478,1518,0.15210790303319321
41,1480,1521,0.15211485739481614
39,1487,1526,0.15211879508119902
38,1480,1518,0.15212823169017906
38,1493,1531,0.15213988711440635
37,1476,1513,0.15215091050110674
39,1481,1520,0.15216423290178685
36,1486,1522,0.15217080876034972
35,1478,1513,0.1521854643901964
36,1479,1515,0.1522021252978274
35,1467,1502,0.15221479595458282
36,1480,1516,0.15222943444479994
39,1476,1515,0.15224000702876395
39,1477,1516,0.1522410319031301
35,1465,1500,0.15224203989479004
34,1465,1499,0.15225448012522094
34,1467,1501,0.15226878557623572
35,1461,1496,0.15228202901352272
36,1481,1517,0.1522915367957814
35,1466,1501,0.1522974329415426
35,1467,1502,0.15230569798577687
34,1460,1494,0.1523133795711809
38,1474,1512,0.15232356673440514
41,1471,1512,0.15232149082190805
41,1483,1524,0.15231057139146903
40,1478,1518,0.15230047707213182
41,1484,1525,0.1522939381010445
41,1488,1529,0.15228492495524312
43,1481,1524,0.15227656245918006
42,1494,1536,0.1522628865588762
42,1484,1526,0.1522531421241475
38,1483,1521,0.15224408208477505
38,1474,1512,0.15224718791578942
39,1476,1515,0.15225010975338224
38,1480,1518,0.1522498825040135
39,1481,1520,0.15225248906819744
40,1462,1502,0.1522526169256292
40,1464,1504,0.15224987177468327
41,1463,1504,0.152247446562632
41,1471,1512,0.1522425656517493
40,1480,1520,0.15223825364418367
37,1478,1515,0.1522372129207381
36,1476,1512,0.15224483146433282
36,1490,1526,0.15225472846388272
38,1486,1524,0.1522637936730927
38,1484,1522,0.1522666693527049
40,1479,1519,0.15226953229641368
41,1474,1515,0.1522663181690062
42,1479,1521,0.1522607083775607
41,1476,1517,0.15225281308600344
40,1466,1506,0.15224841675196077
41,1474,1515,0.15224710291721433
40,1470,1510,0.15224270876965385
39,1461,1500,0.15224143355070144
38,1459,1497,0.15224350104874942
39,1470,1509,0.1522481893622891
38,1469,1507,0.15224981020926873
40,1475,1515,0.15225423426085857
40,1471,1511,0.15225296105222721
39,1476,1515,0.15225209357422365
41,1483,1524,0.15225420704102835
42,1491,1533,0.15225064001947336
40,1484,1524,0.152244723256566
40,1471,1511,0.15224492647742263
39,1463,1502,0.1522451668452859
38,1459,1497,0.15224835079082377
37,1473,1510,0.15225400757328894
37,1478,1515,0.15226216501333042
37,1466,1503,0.15226974517682282
37,1472,1509,0.1522768728597303
36,1470,1506,0.15228355778926253
37,1459,1496,0.1522925207615845
36,1468,1504,0.15229825351570214
39,1471,1510,0.1523063467967164
40,1469,1509,0.15230532438203745
40,1476,1516,0.15230165031518406
38,1491,1529,0.15229833078024613
39,1488,1527,0.15230091012929842
38,1488,1526,0.15230040755060495
38,1493,1531,0.1523027150690516
40,1489,1529,0.1523045572997558
40,1494,1534,0.15230080683366887
39,1486,1525,0.1522972976073902
40,1479,1519,0.15229688922279663
40,1486,1526,0.15229363833688647
39,1472,1511,0.1522906362222678
39,1465,1504,0.15229058121565928
37,1481,1518,0.15229050170314015
40,1472,1512,0.15229568904563479
39,1469,1508,0.15229212638679118
38,1467,1505,0.15229154196256633
38,1475,1513,0.15229391051217467
37,1472,1509,0.1522961197625603
39,1454,1493,0.15230075403841703
39,1460,1499,0.1522997110656781
42,1455,1497,0.15229864313736358
44,1443,1487,0.1522893762263771
43,1460,1503,0.1522749332733217
44,1469,1513,0.15226444274390855
44,1470,1514,0.15225188204664805
44,1477,1521,0.1522403717580875
43,1480,1523,0.15222970316379703
43,1487,1530,0.1522226985567563
42,1495,1537,0.15221595447237793
42,1494,1536,0.15221264616602037
40,1482,1522,0.15220954548159002
41,1484,1525,0.1522122120279829
40,1479,1519,0.1522118016265545
40,1476,1516,0.15221426159011642
41,1477,1518,0.15221641050864154
42,1476,1518,0.15221557524061338
42,1469,1511,0.15221148005141352
43,1484,1527,0.1522076447141812
44,1480,1524,0.15220115737224624
45,1475,1520,0.1521922012344119
45,1489,1534,0.15218088458369144
45,1478,1523,0.1521703467605326
46,1478,1524,0.15216052204901018
46,1474,1520,0.15214871434180446
44,1473,1517,0.15213774928707408
45,1468,1513,0.1521330981359977
44,1481,1525,0.15212602088105767
42,1482,1524,0.15212187216618778
43,1479,1522,0.15212360366460828
44,1487,1531,0.15212233561235244
45,1476,1521,0.15211842791253172
45,1469,1514,0.1521120140226493
43,1470,1513,0.15210605375094402
44,1468,1512,0.15210620835743388
42,1462,1504,0.1521034550620963
40,1463,1503,0.1521067466383277
42,1481,1523,0.1521156410983571
44,1466,1510,0.15211814680657013
45,1468,1513,0.15211492147392217
44,1470,1514,0.15210885864630996
44,1475,1519,0.15210587327728026
42,1477,1519,0.1521034028127076
42,1480,1522,0.15210676765609968
41,1472,1513,0.15211005439137754
42,1471,1513,0.15211588241626825
42,1467,1509,0.15211862962748476
42,1468,1510,0.15212124152156117
42,1470,1512,0.15212370907077713
42,1473,1515,0.1521258288039593
42,1455,1497,0.15212753458260161
43,1471,1514,0.1521290722074489
44,1470,1514,0.15212752700072799
43,1467,1510,0.15212329335834748
43,1482,1525,0.15212207147414117
42,1478,1520,0.15212091401136182
42,1459,1501,0.15212263962717698
42,1462,1504,0.15212437305267226
42,1476,1518,0.15212605579018543
43,1464,1507,0.15212743173993362
45,1472,1517,0.15212601165108444
42,1475,1517,0.1521191143725699
42,1467,1509,0.1521208812453536
42,1471,1513,0.15212251611356423
41,1470,1511,0.15212404776971447
41,1489,1530,0.15212835988300985
40,1461,1501,0.15213224630311115
41,1463,1504,0.15213872837965303
40,1476,1516,0.15214179552433474
39,1467,1506,0.15214758137971848
39,1478,1517,0.15215554748999435
39,1480,1519,0.1521627451337924
39,1491,1530,0.15216937900550218
41,1492,1533,0.15217549153561255
42,1485,1527,0.15217546873339405
41,1475,1516,0.1521726901839178
40,1473,1513,0.15217298834416748
39,1476,1515,0.1521760931420433
39,1477,1516,0.1521819316989469
39,1479,1518,0.15218716659143966
38,1473,1511,0.15219209839711553
38,1481,1519,0.15219940863115594
39,1473,1512,0.15220625969334814
39,1478,1517,0.1522099182876564
38,1470,1508,0.15221315824594858
38,1462,1500,0.15221884317832454
37,1462,1499,0.15222414007349677
38,1464,1502,0.15223192172084402
38,1487,1525,0.1522364835782701
36,1485,1521,0.15224072741046812
35,1480,1515,0.15225018165694007
35,1463,1498,0.15226192211354228
35,1477,1512,0.1522730199122346
36,1473,1509,0.15228332326343302
36,1478,1514,0.15229005659883793
35,1481,1516,0.15229637984416944
36,1488,1524,0.1523051483933431
32,1487,1519,0.15231039256798623
32,1480,1512,0.15232656469954187
31,1481,1512,0.15234132202386066
31,1461,1492,0.1523580808695543
31,1475,1506,0.15237375331354794
33,1478,1511,0.15238838003291327
33,1483,1516,0.15239621713526555
32,1482,1514,0.15240361499346483
32,1479,1511,0.1524133619132405
31,1473,1504,0.15242269249441645
30,1487,1517,0.1524342900896033
30,1479,1509,0.1524479843530062
29,1485,1514,0.15246073806843888
32,1485,1517,0.1524755917103572
32,1495,1527,0.15248079596275724
33,1495,1528,0.1524856227460866
34,1504,1538,0.1524873477783822
32,1489,1521,0.1524860483570369
32,1481,1513,0.15249075101468676
29,1476,1505,0.15249526258659696
31,1477,1508,0.15250807714582695
31,1476,1507,0.1525140170118847
30,1486,1516,0.1525196169422924
30,1487,1517,0.1525277808975126
31,1491,1522,0.15253539556764487
33,1490,1523,0.15253957860345205
33,1484,1517,0.15253748720155472
33,1485,1518,0.1525355939079771
34,1485,1519,0.15253384364254863
33,1502,1535,0.15252932908601924
34,1494,1528,0.1525280397718876
34,1493,1527,0.15252397797115866
36,1492,1528,0.15252021377116484
36,1494,1530,0.152510874394164
35,1492,1527,0.1525021557376234
34,1496,1530,0.15249684175468622
33,1494,1527,0.15249487507915066
32,1482,1514,0.1524961507983974
32,1494,1526,0.15250022667961619
32,1492,1524,0.15250404393259193
31,1491,1522,0.15250761642315525
30,1490,1520,0.15251376329082397
28,1495,1523,0.15252240878204307
29,1473,1502,0.1525362737649951
27,1471,1498,0.15254634985987534
27,1474,1501,0.15256149902932897
26,1474,1500,0.1525757183492466
27,1475,1502,0.15259190673655243
27,1479,1506,0.15260401530961748
27,1470,1497,0.15261532434517236
27,1486,1513,0.1526258910899336
27,1493,1520,0.1526357674066928
27,1494,1521,0.1526450011453117
25,1491,1516,0.15265363661310385
25,1504,1529,0.152667674523088
25,1499,1524,0.15268085345358343
26,1501,1527,0.1526931234759027
26,1504,1530,0.15270169048295495
26,1480,1506,0.15270973363275073
26,1479,1505,0.1527172695228706
25,1490,1515,0.1527243293152306
24,1500,1524,0.1527339599942433
23,1485,1508,0.15274589148070203
23,1493,1516,0.15275995565499453
25,1500,1525,0.15277315683807835
25,1505,1530,0.15277960984773936
24,1501,1525,0.15278563456423447
25,1497,1522,0.15279431411886898
27,1490,1517,0.15279949013660565
26,1492,1518,0.15279845304531525
24,1506,1530,0.1528004353562547
25,1501,1526,0.1528082032516043
26,1487,1513,0.15281254631481478
24,1489,1513,0.15281364251047763
25,1486,1511,0.15282056976120437
25,1498,1523,0.15282413245159587
27,1503,1530,0.15282751595703112
27,1481,1508,0.1528246998448885
25,1474,1499,0.15282217813785468
25,1475,1500,0.15282592983194732
26,1485,1511,0.1528296465203787
26,1476,1502,0.15283003798724393
26,1497,1523,0.15283042811007455
24,1498,1522,0.15283080632295842
25,1483,1508,0.1528372068495139
25,1483,1508,0.15284006042782697
25,1474,1499,0.152842635047751
28,1466,1494,0.1528450783134072
27,1487,1514,0.1528385659793657
27,1493,1520,0.1528355747984121
27,1492,1519,0.15283275591292775
27,1498,1525,0.15283017202938978
28,1493,1521,0.15282779945305955
26,1494,1520,0.15282267010042458
27,1488,1515,0.15282390552979666
27,1486,1513,0.15282210286995926
26,1477,1503,0.15282048225641534
25,1493,1518,0.15282190266403625
24,1491,1515,0.15282601849830438
26,1481,1507,0.15283281300188203
27,1479,1506,0.1528333197919277
28,1478,1506,0.15283081693008885
27,1476,1503,0.15282558742940291
27,1477,1504,0.15282365508152565
27,1478,1505,0.15282191050805802
27,1488,1515,0.15282026898258658
24,1497,1521,0.1528186510094091
26,1487,1513,0.1528259295205881
26,1481,1507,0.1528269946021301
24,1485,1509,0.15282799828287902
23,1487,1510,0.15283483573595177
22,1489,1511,0.15284426871174872
21,1490,1511,0.15285601907629076
21,1498,1519,0.15286991335199374
20,1499,1519,0.15288293224292807
19,1484,1503,0.15289807645302614
18,1486,1504,0.15291515232700115
18,1489,1507,0.1529340744524696
17,1509,1526,0.1529517624455717
17,1506,1523,0.15297129552961514
15,1501,1516,0.1529895398942013
16,1500,1516,0.1530125654694854
16,1491,1507,0.15303112620937193
16,1500,1516,0.15304852187144224
16,1509,1525,0.15306481807896768
16,1506,1522,0.15308008653513283
15,1482,1497,0.15309439488748283
15,1488,1503,0.1531109039728297
15,1491,1506,0.1531263584589367
16,1508,1524,0.15314084237268477
16,1508,1524,0.15315144238576425
16,1508,1524,0.1531613867064043
16,1492,1508,0.15317071820342465
18,1487,1505,0.15317947715707336
16,1509,1525,0.15318159352441998
16,1500,1516,0.15318983182164042
16,1493,1509,0.1531975677093297
14,1505,1519,0.15320483138557958
14,1504,1518,0.15321768613115946
15,1511,1526,0.15322976627203974
15,1516,1531,0.1532380483258597
16,1510,1526,0.15324584872351624
16,1503,1519,0.1532502585720895
16,1494,1510,0.153254410841513
17,1503,1520,0.15325834004021896
18,1490,1508,0.15325913856926088
17,1493,1510,0.15325692507021635
17,1495,1512,0.1532577888448217
17,1501,1518,0.1532586210431303
17,1504,1521,0.1532593574895843
16,1491,1507,0.15326008597952448
16,1490,1506,0.15326389447398717
18,1512,1530,0.15326741912633154
18,1499,1517,0.15326460933892136
18,1507,1525,0.1532620256706451
18,1500,1518,0.1532596267676224
16,1500,1516,0.1532573949299615
16,1504,1520,0.15326135637284627
15,1499,1514,0.15326505785321942
15,1508,1523,0.15327148759987763
15,1516,1531,0.15327751084844177
15,1508,1523,0.15328314865088835
15,1507,1522,0.15328842475647744
14,1490,1504,0.15329336357618792
14,1478,1492,0.15330090996221135
14,1482,1496,0.15330796823672335
14,1494,1508,0.15331456895159185
12,1502,1514,0.15332074464503295
12,1500,1512,0.1533326850044924
12,1493,1505,0.1533438406702549
12,1495,1507,0.15335428454520636
12,1495,1507,0.15336406630850502
11,1507,1518,0.1533732310013222
11,1516,1527,0.1533848951909324
11,1517,1528,0.15339581490565243
10,1503,1513,0.15340604614813164
10,1518,1528,0.15341865247234307
10,1523,1533,0.15343051241539238
10,1512,1522,0.15344164542396507
9,1496,1505,0.15345209426981174
8,1491,1499,0.15346492090310235
6,1496,1502,0.15348007781849357
6,1509,1515,0.15350050415256364
7,1509,1516,0.15351968566187257
7,1507,1514,0.15353464659969895
7,1514,1521,0.15354865974923787
7,1519,1526,0.1535618078378731
6,1518,1524,0.1535741482009421
6,1510,1516,0.15358888779073684
6,1514,1520,0.1536027212523704
6,1516,1522,0.15361570981080427
6,1514,1520,0.15362790672447615
6,1509,1515,0.15363936130006092
6,1517,1523,0.15365011952630692
6,1522,1528,0.15366022438722285
6,1515,1521,0.153669716100325
6,1515,1521,0.153678632320045
6,1502,1508,0.1536870083185386
6,1507,1513,0.15369487714930924
6,1516,1522,0.1537022697966887
6,1512,1518,0.1537092153131919
6,1503,1509,0.15371574094622859
5,1515,1520,0.15372187225533687
4,1522,1526,0.15373076965932025
4,1528,1532,0.15374225410928763
4,1530,1534,0.15375305716205065
4,1533,1537,0.15376322031800693
4,1522,1526,0.1537727775890237
4,1517,1521,0.15378176304258848
5,1514,1519,0.1537902098146008
5,1519,1524,0.15379501732631057
5,1516,1521,0.15379955445585622
5,1509,1514,0.15380382820457936
5,1503,1508,0.1538078515236412
5,1497,1502,0.15381163781304213
7,1495,1502,0.15381520020794331
8,1507,1515,0.1538122686177581
8,1515,1523,0.1538063565365732
8,1510,1518,0.1538008690913728
8,1501,1509,0.15379574765431933
7,1495,1502,0.1537909626415996
7,1505,1512,0.15378958511476573
7,1506,1513,0.1537883518117063
7,1515,1522,0.15378721582764135
7,1523,1530,0.1537861630258225
7,1521,1528,0.1537851840976148
7,1517,1524,0.1537842719553434
6,1503,1509,0.15378342082347057
7,1502,1509,0.1537856523280409
7,1511,1518,0.15378473440848978
6,1522,1528,0.15378385226475091
6,1521,1527,0.15378616476173632
6,1520,1526,0.15378832942816778
6,1513,1519,0.1537903605860192
6,1504,1510,0.15379226607196841
6,1505,1511,0.15379405382560946
7,1513,1520,0.15379556614795967
7,1508,1515,0.1537939757255829
7,1509,1516,0.1537924693798999
6,1516,1522,0.15379106455285793
7,1505,1512,0.15379285776169735
7,1498,1505,0.15379139203198083
7,1497,1504,0.15379005348981495
7,1492,1499,0.15378880531221112
7,1482,1489,0.15378763872225956
7,1486,1493,0.15378654715972442
7,1491,1498,0.15378552504153561
7,1501,1508,0.15378456743283622
7,1513,1520,0.15378366989091716
6,1518,1524,0.15378282837196433
5,1531,1536,0.15378522850591653
5,1523,1528,0.15379064836650935
5,1507,1512,0.15379572223613083
5,1513,1518,0.1538004775836723
5,1505,1510,0.153804936761605
5,1513,1518,0.15380911975092737
5,1528,1533,0.1538130447522942
4,1514,1518,0.1538167284890746
3,1512,1515,0.153823232218533
3,1513,1516,0.15383251484981483
3,1517,1520,0.1538412201857687
3,1512,1515,0.15384940400186953
3,1504,1507,0.1538570949687216
3,1517,1520,0.1538643217728522
3,1525,1528,0.1538711122008442
3,1525,1528,0.15387749265766307
3,1520,1523,0.15388348804453666
3,1522,1525,0.15388912177231973
3,1522,1525,0.15389441582318217
3,1524,1527,0.15389939082804951
3,1511,1514,0.15390406614718388
3,1519,1522,0.15390845994891542
3,1517,1520,0.15391258928460175
3,1517,1520,0.1539164701591784
3,1521,1524,0.15392011759721724
3,1523,1526,0.15392354570464417
3,1520,1523,0.15392676772636052
3,1517,1520,0.15392979610004176
3,1525,1528,0.15393264250638744
3,1517,1520,0.1539353179160796
2,1520,1522,0.15393783263369115
2,1526,1528,0.1539433134821684
2,1528,1530,0.15394851792848152
3,1535,1538,0.15395342229726314
3,1531,1534,0.15395485938742148
3,1518,1521,0.15395625993047413
3,1523,1526,0.15395758886689884
3,1525,1528,0.15395884474854768
2,1509,1511,0.15396002949121562
2,1515,1517,0.15396423461679143
2,1518,1520,0.15396821456060372
2,1508,1510,0.15397195343811415
2,1506,1508,0.15397546599293407
2,1516,1518,0.15397876640424976
2,1510,1512,0.1539818678273345
2,1518,1520,0.15398478249434983
2,1507,1509,0.15398752181564468
2,1498,1500,0.15399009645883957
1,1496,1497,0.15399251641196385
1,1506,1507,0.15399798353043784
1,1503,1504,0.15400309397242926
1,1511,1512,0.15400789517573604
1,1529,1530,0.1540124077290125
1,1528,1529,0.15401664953466587
1,1523,1524,0.15402063708200425
1,1525,1526,0.1540243857460402
1,1518,1519,0.15402790992100276
1,1494,1495,0.15403122310623674
2,1498,1500,0.15403433797289268
2,1522,1524,0.15403405497162043
2,1512,1514,0.1540337998566673
2,1506,1508,0.1540335647063985
2,1514,1516,0.15403334671377228
2,1515,1517,0.15403314394057316
2,1525,1527,0.15403295490703484
1,1529,1530,0.15403277841045315
1,1524,1525,0.15403580677426099
1,1532,1533,0.15403865060231534
1,1529,1530,0.15404132332318457
1,1528,1529,0.15404383554502188
1,1527,1528,0.154046197071471
1,1532,1533,0.154048417040415
1,1526,1527,0.15405050400100812
1,1509,1510,0.1540524659660399
1,1495,1496,0.15405431045302173
1,1497,1498,0.1540560445190173
1,1511,1512,0.15405767479141402
1,1518,1519,0.1540592074957403
1,1514,1515,0.15406064848114842
1,1508,1509,0.1540620032439477
0,1509,1509,0.1540632769494458
