1363,28,1391,0.13582123047775907
1394,28,1422,0.13299625201392992
1429,23,1452,0.1303333966984319
1442,22,1464,0.12780989040104043
1463,21,1484,0.1254765612480714
1448,24,1472,0.12329662035219688
1448,24,1472,0.12135067245947968
1449,24,1473,0.11957887174576737
1460,24,1484,0.11796281078660761
1456,23,1479,0.11646395840848131
1451,24,1475,0.11510939783674994
1466,21,1487,0.11388803474747813
1477,20,1497,0.11273994599109476
1477,20,1497,0.11166897761663887
1468,21,1489,0.11069424965490797
1453,22,1475,0.10982825728471343
1464,22,1486,0.10907506222503387
1481,24,1505,0.10836410355220054
1480,25,1505,0.10767805343355143
1476,24,1500,0.10705575981162456
1468,24,1492,0.10649867123372331
1467,24,1491,0.10600952930348828
1456,23,1479,0.10556684522973372
1459,25,1484,0.10518855392051683
1461,24,1485,0.10483774187726333
1454,25,1479,0.10451393439760295
1453,25,1478,0.10423453027225428
1447,24,1471,0.10398251500600832
1456,25,1481,0.10376613612130747
1456,24,1480,0.10354944676647257
1471,23,1494,0.1033517888028792
1462,24,1486,0.10313919826916723
1462,24,1486,0.1029652262500965
1460,23,1483,0.10280742287482574
1455,25,1480,0.10266796632374035
1450,26,1476,0.10255186396019837
1431,26,1457,0.1024573114355164
1433,26,1459,0.10241258520836047
1444,26,1470,0.10236751645083446
1448,27,1475,0.10230235901969245
1465,26,1491,0.10223455242070877
1471,27,1498,0.1021356495701669
1458,26,1484,0.10203254047604737
1470,27,1497,0.1019667942572168
1466,28,1494,0.10188120869701617
1450,27,1477,0.10181170156273747
1447,28,1475,0.10178308441416148
1454,29,1483,0.1017635795832523
1457,30,1487,0.10173101490618713
1454,28,1482,0.10169482573998515
1452,31,1483,0.10166863254303603
1455,31,1486,0.10164845728003272
1459,33,1492,0.10162371897418536
1458,32,1490,0.10159252766148881
1457,31,1488,0.1015662691367033
1464,31,1495,0.10154463685491763
1464,30,1494,0.10151000057687007
1467,30,1497,0.10147867242258019
1459,32,1491,0.10144347189910445
1457,34,1491,0.10142874681651737
1451,35,1486,0.10141944253880684
1464,33,1497,0.10142389712292146
1452,33,1485,0.10139999117678851
1432,30,1462,0.10140429310475366
1439,29,1468,0.10145137907123089
1427,28,1455,0.10147923527652247
1415,31,1446,0.10153003206329536
1434,32,1466,0.10160224251207042
1457,34,1491,0.10162699751298804
1456,32,1488,0.10160026180001966
1465,31,1496,0.10157809691165733
1458,30,1488,0.10153838810320633
1455,30,1485,0.10151759466961789
1444,30,1474,0.10150538229013774
1459,31,1490,0.10151753288571148
1454,31,1485,0.10149636778390873
1457,31,1488,0.10148823843647196
1460,32,1492,0.10147438380071887
1455,32,1487,0.10145557615736968
1460,29,1489,0.10144907435339025
1450,32,1482,0.10143237166749232
1456,33,1489,0.10143884559280199
1437,34,1471,0.10143189328647864
1450,35,1485,0.10146674506567127
1466,34,1500,0.10147060694313297
1465,32,1497,0.1014390526809585
1478,32,1510,0.10141262954158739
1468,32,1500,0.10136083104609941
1451,31,1482,0.10133487384195541
1455,28,1483,0.10134772152110322
1455,31,1486,0.1013511128670286
1450,32,1482,0.10135444556103393
1438,33,1471,0.10136780731758678
1465,34,1499,0.10140561744222634
1461,35,1496,0.10138205541541623
1451,37,1488,0.1013691567378166
1445,35,1480,0.10137911034354719
1445,35,1480,0.10140119082958744
1441,35,1476,0.10142104569460127
1444,35,1479,0.10144732534053577
1444,37,1481,0.10146508824901858
1447,37,1484,0.10148143658824059
1439,37,1476,0.10148988512390708
1436,37,1473,0.1015147039540614
1450,37,1487,0.10154412500738307
1458,39,1497,0.10154092063161418
1458,39,1497,0.1015210300105424
1460,40,1500,0.10150254856692627
1459,38,1497,0.10148148280477841
1465,40,1505,0.1014644109996755
1465,40,1505,0.10143613378369747
1457,41,1498,0.10140990382550158
1473,41,1514,0.10140373443236494
1475,40,1515,0.10136378387088567
1468,40,1508,0.10132370979620724
1464,38,1502,0.10130230483216277
1466,39,1505,0.10129096181399884
1467,40,1507,0.10127608577149524
1459,40,1499,0.10126042231562334
1451,41,1492,0.10126327338346637
1443,41,1484,0.10128284325377479
1442,42,1484,0.10131780335016877
1452,40,1492,0.10135177990475902
1462,41,1503,0.10136156790994874
1450,40,1490,0.10134877437200387
1452,42,1494,0.10136311403461534
1460,42,1502,0.10137213434034495
1455,46,1501,0.10136316107066978
1446,42,1488,0.10136521941057065
1449,42,1491,0.10138702338708512
1455,43,1498,0.10140058725966951
1461,44,1505,0.10139979804191857
1472,41,1513,0.10138673320270182
1472,39,1511,0.10135092822954839
1460,39,1499,0.1013185097073639
1462,39,1501,0.10131481501251002
1454,39,1493,0.1013068099017978
1452,45,1497,0.10131661733658237
1462,46,1508,0.10132997839300373
1463,44,1507,0.1013205235043151
1470,48,1518,0.10130970875099055
1469,49,1518,0.10128512648865119
1461,49,1510,0.10126489514740065
1456,51,1507,0.10126377325912554
1448,51,1499,0.10127359791563906
1441,52,1493,0.10129955662747284
1446,54,1500,0.10133862296253429
1443,54,1497,0.10136355722281416
1461,54,1515,0.10139277369783467
1465,53,1518,0.1013804465989611
1453,49,1502,0.1013611012298267
1450,49,1499,0.10136945831953942
1448,51,1499,0.10138281653199863
1445,50,1495,0.10139957420419371
1457,51,1508,0.10142138209855563
1466,52,1518,0.101415207572272
1452,53,1505,0.10139016542586603
1449,53,1502,0.1013977976796026
1459,52,1511,0.10141099584023631
1457,53,1510,0.10140175175149363
1436,52,1488,0.10139791712656752
1447,52,1499,0.10143884337107646
1442,52,1494,0.10145225782399966
1434,48,1482,0.10147518231728224
1440,50,1490,0.10151328791102458
1448,51,1499,0.10153503288449788
1452,52,1504,0.10153774864183812
1445,57,1502,0.10153189405878678
1445,57,1502,0.10154135673781997
1432,56,1488,0.10155016411056594
1429,52,1481,0.1015868512494691
1426,54,1480,0.10162686940732872
1433,54,1487,0.10166963659332837
1440,54,1494,0.10169342299179208
1429,56,1485,0.10170028014061754
1441,55,1496,0.1017301615124351
1432,55,1487,0.10173150163892697
1428,54,1482,0.1017516882188763
1416,54,1470,0.10177872453896467
1424,52,1476,0.1018294262313081
1431,53,1484,0.10185871913285563
1448,53,1501,0.1018705477611562
1443,51,1494,0.10184436609312239
1448,49,1497,0.10183116643277419
1445,51,1496,0.10180844924381009
1428,53,1481,0.10179419893875835
1429,55,1484,0.10181801860268078
1421,56,1477,0.1018374163871686
1416,54,1470,0.10187247595951834
1421,54,1475,0.10191465427367909
1425,54,1479,0.10194223802583183
1418,53,1471,0.10195867318834234
1426,51,1477,0.10198862913807435
1426,52,1478,0.10199868417833596
1433,53,1486,0.10200796332031324
1426,54,1480,0.10200153844565082
1433,52,1485,0.10201024307860433
1425,54,1479,0.10200301932985713
1422,52,1474,0.10201354466875526
1420,51,1471,0.10202964468230721
1429,54,1483,0.10204880834941407
1440,54,1494,0.10204657824769015
1445,53,1498,0.10202075826580012
1443,50,1493,0.1019867301505534
1446,50,1496,0.10195998669377847
1449,48,1497,0.10192922594517687
1440,48,1488,0.10189466733089933
1444,48,1492,0.10188257334283696
1446,49,1495,0.10186291701110818
1454,50,1504,0.10184033592164086
1456,49,1505,0.10180269130062843
1445,48,1493,0.10176415124558279
1441,48,1489,0.10175335241593789
1437,49,1486,0.10175155029008415
1443,51,1494,0.10175836437029778
1436,51,1487,0.10175180747153416
1437,53,1490,0.10176075246488046
1441,50,1491,0.1017670237028656
1446,50,1496,0.10176389114250756
1439,50,1489,0.10175017578018362
1436,51,1487,0.10175277557774445
1442,51,1493,0.10176181508073728
1449,53,1502,0.10175741706991488
1461,51,1512,0.1017384931972633
1458,51,1509,0.10169538482186935
1459,53,1512,0.10166249328741386
1450,53,1503,0.10163030788203248
1457,52,1509,0.1016202000513174
1458,52,1510,0.10159581757656483
1456,53,1509,0.10157158122460597
1455,55,1510,0.10155365265643632
1463,55,1518,0.10153962636080953
1452,58,1510,0.10150992915928303
1445,55,1500,0.1015068430084835
1458,53,1511,0.10151908707997376
1449,52,1501,0.10150218002448128
1435,53,1488,0.10150601608744651
1435,50,1485,0.10153979827677279
1447,51,1498,0.10157071138173437
1435,51,1486,0.101573023715004
1435,51,1486,0.10160109853103563
1433,54,1487,0.10162657885139549
1431,55,1486,0.10165441452860803
1432,58,1490,0.10168405032429498
1433,57,1490,0.10170900061224536
1432,57,1489,0.10172903920505082
1433,57,1490,0.10174933375076801
1426,58,1484,0.10176549496942446
1440,58,1498,0.10179543393800626
1439,57,1496,0.10179270874247813
1438,59,1497,0.10179230110894096
1432,58,1490,0.10179427820709915
1431,58,1489,0.1018090565525117
1439,59,1498,0.10182446360746739
1420,60,1480,0.10182148142255576
1431,60,1491,0.10185982569685947
1433,57,1490,0.10187067321771998
1453,58,1511,0.10187628702915114
1446,60,1506,0.10183832517210128
1440,61,1501,0.10181899577395682
1452,61,1513,0.10181450976305072
1441,59,1500,0.10178456748587793
1450,60,1510,0.10178080813921359
1440,58,1498,0.1017579157927922
1441,56,1497,0.10175871539191592
1434,53,1487,0.10175743168516536
1432,53,1485,0.10177120659779078
1410,51,1461,0.1017876934864098
1430,48,1478,0.10185035333190286
1431,50,1481,0.1018637909943811
1430,49,1479,0.1018743702546206
1439,51,1490,0.10188554713024707
1448,53,1501,0.10187607542854486
1458,55,1513,0.10184799249235436
1450,54,1504,0.10180144389846152
1444,54,1498,0.10177573953624598
1431,54,1485,0.10176536987277576
1424,54,1478,0.10178410244600261
1440,53,1493,0.10181667271398727
1435,56,1491,0.10181182028496143
1428,55,1483,0.10181841053454996
1441,52,1493,0.10183917856361482
1431,54,1485,0.10183003338252604
1438,56,1494,0.1018433458440277
1434,58,1492,0.10184043274016139
1421,57,1478,0.10184645738251094
1411,60,1471,0.10188005017452659
1419,60,1479,0.10193207345302194
1431,61,1492,0.10196259635114004
1433,58,1491,0.10196520107399792
1433,61,1494,0.10196367859471354
1434,61,1495,0.10196252208599482
1444,59,1503,0.10195909562561728
1450,62,1512,0.1019347725757608
1445,62,1507,0.10189957238582185
1435,63,1498,0.10187839750475232
1418,63,1481,0.10188076477420153
1426,64,1490,0.10191925509211237
1420,62,1482,0.10193717060697051
1421,63,1484,0.10196597172094851
1442,63,1505,0.1019896897743498
1432,62,1494,0.1019661348312844
1426,63,1489,0.10196599319677908
1428,64,1492,0.10197878549042222
1428,65,1493,0.10198636085243992
1441,66,1507,0.10199341854565791
1436,66,1502,0.10197151194700055
1441,66,1507,0.1019621625158647
1441,69,1510,0.10194286289143463
1431,67,1498,0.10192581445124904
1439,69,1508,0.10193171187768929
1434,67,1501,0.10191997311068125
1424,67,1491,0.10192020053247591
1419,68,1487,0.10194173962459438
1424,66,1490,0.1019718399529701
1430,65,1495,0.10198875179678585
1429,66,1495,0.10199138613960772
1435,68,1503,0.1019960279345041
1432,67,1499,0.10198742407485732
1428,67,1495,0.10198602885635856
1425,66,1491,0.10199361612755763
1425,71,1496,0.1020073778682064
1425,70,1495,0.10201957505857308
1431,70,1501,0.10203053077636728
1409,69,1478,0.1020275111349969
1415,73,1488,0.10207206226467225
1415,71,1486,0.10209987463785922
1410,73,1483,0.10212539239113698
1419,74,1493,0.1021591105998476
1418,74,1492,0.1021702104700735
1416,76,1492,0.10218309096440928
1422,72,1494,0.10219908305258003
1431,70,1501,0.10220059615753264
1422,73,1495,0.10218280943694222
1424,72,1496,0.10218576347105217
1419,70,1489,0.10218438034293487
1415,70,1485,0.10219335307714125
1440,71,1511,0.10221034755811925
1435,73,1508,0.10217186881746634
1422,71,1493,0.1021480589539543
1421,70,1491,0.10215453091924416
1413,67,1480,0.10216269964384456
1407,67,1474,0.10218776031786739
1419,66,1485,0.10222366048552933
1428,67,1495,0.10223047722326273
1425,67,1492,0.1022168021911774
1428,69,1497,0.10221076730883226
1426,69,1495,0.1021986095225851
1435,70,1505,0.10219172338295014
1412,69,1481,0.10216614401763863
1401,68,1469,0.10219193386483048
1401,67,1468,0.10223923100033051
1411,70,1481,0.10228196742859527
1414,71,1485,0.10229963114436658
1406,71,1477,0.10230928638348892
1409,76,1485,0.10233559201123939
1412,75,1487,0.10235342009257675
1416,78,1494,0.10236322212188159
1417,80,1497,0.10236383425407088
1416,80,1496,0.10236258932284781
1420,79,1499,0.10236367522611112
1421,79,1500,0.10235562175525789
1429,78,1507,0.10234630879947225
1435,78,1513,0.10232098491781777
1416,80,1496,0.10228469962775436
1419,80,1499,0.10229281920787202
1421,79,1500,0.10229367503881648
1422,77,1499,0.10229039952423126
1423,80,1503,0.10228535157792884
1418,76,1494,0.10227887892761338
1430,76,1506,0.10228391067054744
1427,76,1503,0.10226213615743276
1425,77,1502,0.10224916705748259
1423,77,1500,0.10224111017414642
1420,77,1497,0.10223801752356339
1421,78,1499,0.10224234264927773
1420,77,1497,0.10224394023972908
1416,77,1493,0.10224775466669528
1406,78,1484,0.10225975384231849
1409,80,1489,0.10229208686000807
1404,84,1488,0.1023145992450931
1386,82,1468,0.1023467161638672
1401,85,1486,0.10241498393891542
1414,83,1497,0.10244466371377936
1406,83,1489,0.10244421289681023
1406,82,1488,0.10246096979242626
1403,83,1486,0.10247593552460268
1414,81,1495,0.10249574041966265
1413,85,1498,0.10248996615673821
1403,86,1489,0.10248743470519844
1398,84,1482,0.10250713364248326
1401,86,1487,0.10253543954230718
1394,87,1481,0.10255479705580971
1399,87,1486,0.10258794153252242
1408,86,1494,0.10260769688366916
1406,89,1495,0.10260576759342331
1393,87,1480,0.10260863673233839
1393,85,1478,0.10263963415980236
1403,89,1492,0.10266773505626255
1399,87,1486,0.10267139346670508
1407,87,1494,0.10268300842351767
1420,88,1508,0.10267669994890385
1422,86,1508,0.10264288047914968
1424,85,1509,0.10260793687653312
1408,87,1495,0.10257168927536525
1398,83,1481,0.1025730142817287
1393,84,1477,0.10259617327788892
1393,87,1480,0.1026282491186923
1405,86,1491,0.10265744440384524
1404,84,1488,0.10265738499514888
1411,87,1498,0.10265914056665672
1409,87,1496,0.10264559515725839
1403,84,1487,0.10263791198007442
1420,83,1503,0.10264389510503083
1427,82,1509,0.10261240982417309
1422,83,1505,0.10256867443165035
1418,79,1497,0.10253968454905045
1418,80,1498,0.10252175386345985
1407,80,1487,0.1025054303764096
1411,80,1491,0.10251437091139504
1423,76,1499,0.10251356483965512
1419,77,1496,0.10248715407376661
1415,79,1494,0.1024715060247351
1418,80,1498,0.1024657766201504
1411,82,1493,0.10245418323176873
1412,80,1492,0.10245896054962715
1414,81,1495,0.10246136990466014
1403,83,1486,0.10245876305240191
1408,83,1491,0.1024806555805812
1412,87,1499,0.10248915587169542
1414,83,1497,0.1024881749212337
1418,82,1500,0.10248327009840708
1413,84,1497,0.10247019165490905
1415,86,1501,0.10246879513521953
1424,87,1511,0.10246280555671515
1423,86,1509,0.1024380459022588
1422,88,1510,0.10241802468742942
1409,89,1498,0.10240199456415301
1410,89,1499,0.10241570838309358
1406,89,1495,0.10242576696405829
1411,88,1499,0.1024437413095378
1422,88,1510,0.1024493267499362
1414,89,1503,0.10243121482791417
1428,92,1520,0.10243168098379503
1422,91,1513,0.1024022145077931
1416,89,1505,0.10238893687903473
1407,87,1494,0.10238976565358307
1401,89,1490,0.10241028186849477
1398,89,1487,0.10244194289433324
1392,86,1478,0.1024769960762791
1392,86,1478,0.10252188275395319
1405,85,1490,0.10256298522301764
1400,87,1487,0.10257238261932766
1394,87,1481,0.1025923494818052
1391,91,1482,0.10262294515280412
1406,91,1497,0.1026576063532438
1409,91,1500,0.1026568399505075
1410,92,1502,0.10265053457392438
1411,94,1505,0.10264282098492725
1407,97,1504,0.10263399732132697
1402,100,1502,0.10263467103697188
1400,100,1500,0.1026462926851214
1406,100,1506,0.10266099512604679
1401,104,1505,0.10266128250397279
1403,104,1507,0.10267313187893436
1408,107,1515,0.10267960079020258
1398,108,1506,0.10267483228659252
1385,107,1492,0.1026917755191552
1374,109,1483,0.10273571953999609
1381,114,1495,0.10279972245953475
1388,114,1502,0.10284337806542297
1383,115,1498,0.10286810700608483
1379,115,1494,0.10290215916762509
1377,111,1488,0.10294182731155554
1378,113,1491,0.10298221663232095
1378,115,1493,0.1030166651800658
1378,109,1487,0.10304835579498317
1395,111,1506,0.1030771210365268
1384,108,1492,0.10306624985250658
1387,109,1496,0.10308077704639654
1376,107,1483,0.1030878292323613
1370,110,1480,0.10311862756811116
1368,110,1478,0.10315943518441077
1374,111,1485,0.10320033675171797
1375,109,1484,0.10322445069407998
1377,109,1486,0.10324398293820146
1378,110,1488,0.10325742307624025
1386,108,1494,0.10326832194356853
1378,108,1486,0.10326075352206938
1379,108,1487,0.10327170818589716
1390,113,1503,0.10327906853138621
1389,112,1501,0.10326144487531366
1376,116,1492,0.10324826500030547
1372,116,1488,0.1032645711642907
1375,116,1491,0.10328883537261198
1380,117,1497,0.10330344272940291
1382,119,1501,0.1033057855701681
1384,120,1504,0.10330376183874958
1384,117,1501,0.1032973045388291
1374,114,1488,0.10329199336154403
1385,113,1498,0.10330891530134295
1391,110,1501,0.10330022081953427
1382,113,1495,0.10327882927887322
1380,117,1497,0.10327871048621734
1368,116,1484,0.10328275110554211
1359,118,1477,0.10331256914414005
1368,117,1485,0.10336044939332345
1374,119,1493,0.10338482696047727
1375,119,1494,0.10339431142130265
1389,121,1510,0.10340061833007891
1387,125,1512,0.10337596906236239
1379,123,1502,0.10335780556773795
1395,125,1520,0.10335800901238697
1386,124,1510,0.1033233963945753
1385,120,1505,0.10331163580765786
1385,115,1500,0.10330325210917884
1398,116,1514,0.10329573461120328
1391,111,1502,0.10325988598692845
1388,113,1501,0.10324256318590784
1374,114,1488,0.10323305497847163
1379,112,1491,0.10325523975416835
1376,112,1488,0.10326403917226322
1368,116,1484,0.10327871447291612
1379,116,1495,0.10330853736643811
1380,115,1495,0.10331227441975718
1386,115,1501,0.10331365653480168
1388,113,1501,0.10330174071176648
1388,114,1502,0.1032865618086463
1384,113,1497,0.10327231396126123
1388,113,1501,0.10326801360635349
1401,113,1514,0.1032556625910329
1382,115,1497,0.1032163976788647
1376,117,1493,0.10322169155297989
1365,116,1481,0.10323933676406524
1358,117,1475,0.10327971508038719
1358,115,1473,0.10333207179172753
1359,113,1472,0.10338004843407797
1363,112,1475,0.10342065739442184
1373,109,1482,0.1034488443837892
1386,113,1499,0.10345246593475878
1380,118,1498,0.10342769070933597
1365,122,1487,0.1034183875667346
1366,124,1490,0.10344260176555962
1369,121,1490,0.10346275228884112
1366,120,1486,0.1034749851928451
1370,119,1489,0.10349348154908043
1365,118,1483,0.10350088552475749
1371,118,1489,0.10351807586849125
1370,121,1491,0.10352082908328697
1378,122,1500,0.1035255786368073
1373,123,1496,0.10351279539274552
1357,128,1485,0.10351218720653035
1357,125,1482,0.1035474290431016
1364,128,1492,0.10357962738326282
1360,129,1489,0.1035944415176633
1364,130,1494,0.10361658766969421
1360,133,1493,0.10362801122976845
1365,129,1494,0.10364671812336212
1369,134,1503,0.10365407425466111
1357,130,1487,0.10365256904074067
1372,129,1501,0.10367787298259097
1355,128,1483,0.10366791058584222
1347,132,1479,0.10369520030518632
1349,134,1483,0.10373829125415666
1356,136,1492,0.10377295003545846
1347,137,1484,0.1037889980976267
1360,133,1493,0.1038234949693387
1360,136,1496,0.10382667577423715
1366,136,1502,0.10382990702561994
1363,139,1502,0.1038201653340611
1355,140,1495,0.10381766548095067
1358,136,1494,0.10383340775471847
1349,139,1488,0.10384114102813431
1367,134,1501,0.10386758634961955
1366,138,1504,0.10385186815923697
1364,137,1501,0.10383968783198334
1361,137,1498,0.10383300063652755
1346,139,1485,0.10383353320629092
1358,142,1500,0.10386738718941864
1349,141,1490,0.1038727181116657
1348,144,1492,0.1038979531274417
1350,144,1494,0.10392288112452779
1349,139,1488,0.10394088053063094
1348,138,1486,0.10395970836923744
1353,139,1492,0.10397953752176989
1353,141,1494,0.1039870914518788
1353,146,1499,0.1039944587352347
1353,149,1502,0.10400133500899077
1348,150,1498,0.10400710251789619
1340,151,1491,0.10402324184796242
1357,153,1510,0.10405598743656491
1350,154,1504,0.10404884284655072
1343,147,1490,0.1040582489359532
1343,148,1491,0.10408144501948488
1340,149,1489,0.10410333573272373
1329,152,1481,0.10413055425899106
1334,159,1493,0.10418028247139985
1335,162,1497,0.10421516624777982
1338,165,1503,0.10424601399686374
1331,159,1490,0.10426848907396483
1343,165,1508,0.10430402365424922
1340,164,1504,0.10430927573189659
1344,163,1507,0.10432053873732293
1343,157,1500,0.10432199443574663
1341,155,1496,0.10432532736362647
1346,159,1505,0.10433213684426265
1332,160,1492,0.10432783652414475
1323,159,1482,0.10435521499910629
1326,160,1486,0.10440080922942922
1323,168,1491,0.10443661529404735
1322,164,1486,0.10447548768961033
1307,160,1467,0.10451324792208556
1319,160,1479,0.1045802307275693
1324,164,1488,0.10461530927400638
1316,172,1488,0.10463650139294417
1304,167,1471,0.10467441678032402
1300,170,1470,0.10473535715934484
1303,168,1471,0.10479969316660082
1306,170,1476,0.10485225042195069
1314,173,1487,0.10489568761613045
1324,177,1501,0.10491813705618977
1325,176,1501,0.10491610146913719
1327,178,1505,0.10491245961924896
1330,178,1508,0.1049043190989077
1325,182,1507,0.10489056643916662
1321,182,1503,0.1048894679278467
1331,175,1506,0.10489714086556383
1325,176,1501,0.10488196368890951
1321,177,1498,0.10488138311145598
1309,178,1487,0.10488978443197279
1320,177,1497,0.10492345614711723
1324,178,1502,0.10493043815522445
1326,177,1503,0.10492879308758443
1320,176,1496,0.104922929424142
1326,173,1499,0.10493123464936925
1331,176,1507,0.10492473817145609
1326,180,1506,0.1049076532099593
1309,181,1490,0.10490394927378052
1314,183,1497,0.10493789886382154
1295,184,1479,0.10495860507874526
1302,184,1486,0.10501973372155778
1313,185,1498,0.10506032856773036
1307,189,1496,0.10507283802688368
1315,186,1501,0.10509794989614481
1307,180,1487,0.10510243411375048
1320,178,1498,0.10512263308144418
1316,178,1494,0.10511220967383497
1317,176,1493,0.10511198197644905
1322,182,1504,0.1051101089277486
1309,180,1489,0.10509775226160464
1312,183,1495,0.10511539993225234
1307,181,1488,0.10512480378149654
1311,182,1493,0.10514346577342337
1310,180,1490,0.10515259127512938
1310,184,1494,0.10516235778595769
1305,183,1488,0.10517090379298455
1312,182,1494,0.10519006957558055
1309,184,1493,0.10519215028716696
1315,183,1498,0.10520094780536134
1323,186,1509,0.10519648638297427
1309,190,1499,0.10517446391248854
1296,179,1475,0.10518619640525571
1296,178,1474,0.10522665737633938
1305,180,1485,0.10526338673464494
1302,181,1483,0.10527736680608736
1302,180,1482,0.10529729434720352
1295,184,1479,0.10531471429557278
1311,191,1502,0.10534647067069164
1317,192,1509,0.10534047772592547
1308,192,1500,0.10532112623423603
1303,198,1501,0.10532290334968479
1293,196,1489,0.10533513762472055
1291,202,1493,0.1053689319081235
1293,203,1496,0.10540513432411988
1286,202,1488,0.1054327030634295
1294,208,1502,0.10547502089397064
1288,208,1496,0.1054962674892266
1294,213,1507,0.105529426674996
1279,213,1492,0.10554602193866053
1275,207,1482,0.10559500336104372
1276,208,1484,0.10564868482290017
1286,214,1500,0.10569551658471159
1283,203,1486,0.10571708621813819
1272,209,1481,0.10574277361919211
1271,216,1487,0.1057920642876228
1281,213,1494,0.10583993304015098
1276,205,1481,0.10586120301883849
1292,211,1503,0.10589226542903905
1291,212,1503,0.10588576801370443
1299,210,1509,0.10588128031240185
1297,210,1507,0.1058602446353505
1299,210,1509,0.1058447396015642
1302,214,1516,0.10582754401501482
1295,215,1510,0.10580602583776319
1278,216,1494,0.10580199338749377
1278,223,1501,0.1058363307367791
1284,218,1502,0.10586735872608465
1282,210,1492,0.10588142396961181
1284,211,1495,0.10589949995565988
1282,210,1492,0.10591236190723471
1283,213,1496,0.10592756059580205
1281,210,1491,0.1059406239737601
1269,214,1483,0.10595712604340918
1272,208,1480,0.10599824163505683
1252,214,1466,0.10602933659006944
1249,217,1466,0.10610317968260212
1252,223,1475,0.10617722549635872
1256,228,1484,0.10623889715710806
1271,228,1499,0.10628659974609007
1270,228,1498,0.10629697130221469
1270,233,1503,0.10630933519380542
1264,235,1499,0.10632041521828443
1264,235,1499,0.1063436314122265
1271,237,1508,0.1063649594997474
1277,234,1511,0.10636866679545061
1274,234,1508,0.10635932841074539
1272,232,1504,0.10635792105460035
1265,230,1495,0.10636055143141324
1269,229,1498,0.1063781958957653
1257,227,1484,0.10638605364267643
1268,223,1491,0.10641911158563461
1267,218,1485,0.10642453183375811
1256,222,1478,0.10643118004784473
1258,218,1476,0.1064614846544249
1270,219,1489,0.10648590748298827
1255,228,1483,0.10648108302503441
1253,228,1481,0.10650963789890042
1270,226,1496,0.10653967876999769
1261,234,1495,0.10652999331437972
1253,236,1489,0.10654290925817544
1242,238,1480,0.10657227903261672
1253,244,1497,0.10662529304644883
1249,241,1490,0.10664947838643425
1257,246,1503,0.10668026525478638
1268,240,1508,0.10669036709910029
1264,239,1503,0.10667495208445227
1259,239,1498,0.10666890734829242
1249,239,1488,0.10667443680207542
1252,241,1493,0.10670220318069588
1238,247,1485,0.10672132750545589
1237,249,1486,0.10677007664440169
1234,253,1487,0.10681637558819088
1232,251,1483,0.10686613917407847
1245,254,1499,0.10691751464367982
1258,248,1506,0.10693590735473249
1254,254,1508,0.1069234955706629
1255,258,1513,0.10692072777861071
1240,258,1498,0.10691651125297778
1239,259,1498,0.10694625022069956
1244,259,1503,0.10697669169769433
1252,259,1511,0.1069930809870845
1247,257,1504,0.10699012852969554
1242,256,1498,0.10699974729308458
1240,258,1498,0.10701946459862277
1246,260,1506,0.10704032251713964
1247,260,1507,0.10704664608335136
1234,262,1496,0.10705003670166256
1236,262,1498,0.10708329752746212
1248,259,1507,0.10710911249758129
1240,254,1494,0.10710515221341727
1243,257,1500,0.10712004470776439
1238,260,1498,0.10712666629146103
1240,257,1497,0.10714402691613926
1239,259,1498,0.10715539057607301
1243,261,1504,0.10716826237394482
1252,252,1504,0.10717067016089718
1243,253,1496,0.10715299600116995
1237,255,1492,0.10715703989915593
1248,257,1505,0.10717426140768124
1229,261,1490,0.10716548781241009
1218,251,1469,0.10720131223493612
1236,257,1493,0.1072582781853782
1243,264,1507,0.10727020851641811
1240,264,1504,0.10726479196157694
1239,266,1505,0.1072667542344482
1242,265,1507,0.10727145048676259
1235,267,1502,0.10726986108208493
1227,266,1493,0.10728369039986817
1221,271,1492,0.10731588657307643
1219,269,1488,0.10735899787509098
1214,269,1483,0.1074035248692562
1224,269,1493,0.10745471582952387
1215,272,1487,0.1074798622437374
1221,274,1495,0.10752370469833761
1231,267,1498,0.10755109356201943
1227,267,1494,0.10755392082900808
1228,268,1496,0.10756533189061615
1220,261,1481,0.10757207760810023
1213,266,1479,0.10759534248812652
1214,268,1482,0.10763288138823665
1223,277,1500,0.10766590573709603
1236,279,1515,0.10767593608106249
1232,279,1511,0.10765616857765466
1226,274,1500,0.10764681160421272
1220,275,1495,0.10765114778739526
1215,273,1488,0.1076680254186226
1213,277,1490,0.10769466077240214
1216,273,1489,0.10772503474214064
1220,275,1495,0.10774529634769511
1224,284,1508,0.10775373928114768
1233,285,1518,0.10775347822924175
1217,283,1500,0.10773262344576824
1211,281,1492,0.10774977760357593
1202,280,1482,0.10777913706104428
1213,285,1498,0.10782688096455964
1223,284,1507,0.10784504464358623
1214,287,1501,0.1078401396037599
1220,290,1510,0.10785639551289268
1216,289,1505,0.10785880480677892
1212,290,1502,0.10786921629963472
1209,290,1499,0.10788768903725914
1209,289,1498,0.10791240107358892
1214,298,1512,0.10793616993745413
1206,306,1512,0.10794666291401804
1203,305,1508,0.10797357678958458
1197,304,1501,0.108005969741689
1203,303,1506,0.10804924112957683
1208,300,1508,0.10807516299800246
1204,295,1499,0.10808743375716535
1202,304,1506,0.10810944224466873
1195,305,1500,0.1081331549554364
1193,305,1498,0.10817148553193678
1191,304,1495,0.1082115822454846
1194,304,1498,0.10825290257956496
1194,306,1500,0.10828275760161063
1200,307,1507,0.1083107055402104
1202,307,1509,0.10832194347406945
1199,304,1503,0.10832850376490143
1197,303,1500,0.1083419906949415
1202,305,1507,0.10835967899643667
1209,305,1514,0.10836579120611166
1194,301,1495,0.10835510055296
1197,301,1498,0.10837962729209448
1193,305,1498,0.10839579725926533
1189,301,1490,0.10841876005236097
1184,303,1487,0.10844724485490502
1181,309,1490,0.10848585280803132
1179,312,1491,0.10852782466720022
1179,316,1495,0.10857306255383012
1181,321,1502,0.10861334469504197
1182,316,1498,0.10864685897510629
1177,317,1494,0.10867590408143361
1164,325,1489,0.1087136200142313
1170,324,1494,0.10877965100564868
1171,324,1495,0.10882768608597257
1165,323,1488,0.1088692918188909
1158,329,1487,0.10892187086915368
1167,331,1498,0.10898521409421157
1162,338,1500,0.10902275839401415
1161,340,1501,0.10906888730168579
1158,342,1500,0.10911388208065773
1170,333,1503,0.10916291794986341
1156,337,1493,0.10918117700996179
1164,333,1497,0.10923006289048115
1155,336,1491,0.10925637838875486
1158,336,1494,0.10930142471172286
1160,334,1494,0.10933696532724106
1162,337,1499,0.10936633667461967
1187,332,1519,0.10938763805531787
1177,335,1512,0.109350661041444
1186,337,1523,0.10933958807356498
1183,333,1516,0.10930789483886276
1175,331,1506,0.10928572478545691
1169,329,1498,0.10928419460803081
1169,332,1501,0.10929539417102435
1164,331,1495,0.10930681055254769
1169,328,1497,0.10932982629433169
1173,331,1504,0.10933831412397266
1170,336,1506,0.10933791053697373
1184,331,1515,0.10934419078779202
1181,334,1515,0.10931918310246029
1181,339,1520,0.10930331054282581
1182,338,1520,0.10928884310877898
1172,338,1510,0.10927365406887865
1165,342,1507,0.10928144534986185
1173,337,1510,0.10930499605125146
1164,333,1497,0.10930729184283951
1169,333,1502,0.109330474360371
1163,338,1501,0.10934081794799716
1165,340,1505,0.10936381164201193
1159,339,1498,0.10938021786420976
1161,337,1498,0.1094096527973479
1169,335,1504,0.10943085352479681
1167,332,1499,0.1094313659233412
1169,333,1502,0.10943575651890931
1158,334,1492,0.10943588969947278
1139,334,1473,0.10946000263471178
1149,334,1483,0.10952514816050446
1152,341,1493,0.10956288677414625
1151,345,1496,0.10959060133435326
1168,346,1514,0.10961823043051887
1162,340,1502,0.10960556279513589
1169,338,1507,0.10960858228844131
1159,340,1499,0.1095951540182995
1157,335,1492,0.1096049190126684
1170,340,1510,0.10961786104422533
1169,340,1509,0.1095999938232632
1162,341,1503,0.10958620014638346
1168,336,1504,0.10958956716849273
1167,335,1502,0.10957858897886076
1162,342,1504,0.10956971656828482
1152,339,1491,0.10957239666126595
1153,331,1484,0.10959788783946489
1171,333,1504,0.10961991583659124
1168,336,1504,0.1095987126615506
1159,341,1500,0.10958627868055629
1165,344,1509,0.10959529259678645
1170,346,1516,0.10958869463719101
1170,351,1521,0.10957345572768636
1165,337,1502,0.10955988569337999
1168,344,1512,0.10955886625340533
1166,349,1515,0.10955034514730341
1162,347,1509,0.10954782975863399
1158,336,1494,0.10955326162942491
1162,338,1500,0.10956861396930517
1156,342,1498,0.10957440963891753
1155,348,1503,0.10959231243288008
1147,349,1496,0.10961118103152842
1152,348,1500,0.10964759566572665
1155,343,1498,0.10966859617637852
1147,341,1488,0.10968053547937125
1147,335,1482,0.10971097007526023
1151,335,1486,0.10973801799530011
1146,340,1486,0.10975388999320884
1145,346,1491,0.10977942460271167
1143,345,1488,0.10980634807539935
1145,343,1488,0.10983613094965722
1147,348,1495,0.10985976232224878
1153,347,1500,0.10987690599422319
1161,349,1510,0.10988022167762082
1158,346,1504,0.1098643044776701
1150,349,1499,0.10985651654348068
1156,346,1502,0.10986746347701322
1151,342,1493,0.10986385675109117
1156,341,1497,0.10987165738356813
1151,345,1496,0.10986761432128352
1165,339,1504,0.10987336957532373
1161,337,1498,0.10984604758561972
1164,334,1498,0.10982973305330436
1178,329,1507,0.10980748715073371
1166,326,1492,0.10975394017916053
1149,328,1477,0.10973243890612272
1146,334,1480,0.10975048219103471
1162,336,1498,0.10977242664995902
1164,338,1502,0.10975857190155569
1178,341,1519,0.10974094048645767
1174,334,1508,0.10969309807921634
1167,338,1505,0.10966010252461142
1163,332,1495,0.10964606891764889
1166,338,1504,0.10964232821365105
1182,338,1520,0.10963110382697686
1183,339,1522,0.10958348129181938
1168,339,1507,0.10953726228892843
1167,337,1504,0.10952810653038782
1170,342,1512,0.10952445856944655
1160,344,1504,0.10951431705673595
1172,340,1512,0.10952864505861375
1174,343,1517,0.10951350553683285
1168,342,1510,0.10949482446342429
1170,330,1500,0.10949057494587684
1163,330,1493,0.10948211448112126
1162,331,1493,0.10948937571052277
1180,332,1512,0.10949932037100182
1177,333,1510,0.10946779225916277
1170,334,1504,0.10944457517135088
1162,342,1504,0.10943874421168454
1169,334,1503,0.10945109748678387
1160,337,1497,0.1094458716571112
1169,332,1501,0.10946204541808678
1148,337,1485,0.10945826276348963
1156,329,1485,0.10950274257908127
1165,335,1500,0.10952545511060201
1168,339,1507,0.1095259965292078
1166,339,1505,0.1095196730944416
1159,341,1500,0.10952012710644723
1148,345,1493,0.10953638184490369
1159,343,1502,0.10957670932811464
1150,347,1497,0.10958895080063819
1159,353,1512,0.10962102555376362
1159,345,1504,0.10963040551883725
1169,354,1523,0.10963903047614915
1161,359,1520,0.10962475371884443
1152,349,1501,0.1096291179158375
1147,347,1494,0.1096529714997332
1148,345,1493,0.109685345283023
1153,345,1498,0.1097127555704474
1147,350,1497,0.10972591935398839
1147,355,1502,0.10975078826346252
1145,354,1499,0.10977438214534051
1147,354,1501,0.10980036107792435
1137,352,1489,0.1098188397374973
1146,351,1497,0.10985834857643091
1141,347,1488,0.10987431219802903
1147,346,1493,0.10989963373149875
1151,344,1495,0.10990792804820933
1154,343,1497,0.10990642114404718
1162,350,1512,0.10990001030727392
1162,345,1507,0.10987491833309086
1166,348,1514,0.1098518176057866
1161,348,1509,0.10982136983824606
1153,352,1505,0.10980476973574646
1158,358,1516,0.10980908398033855
1167,357,1524,0.10980246890782547
1149,359,1508,0.10977695082061338
1154,361,1515,0.10979491205744285
1146,371,1517,0.1098002918175737
1136,366,1502,0.10982373420312876
1132,372,1504,0.10986976593759262
1138,363,1501,0.10992117280449037
1139,358,1497,0.10995478191845176
1128,358,1486,0.10998395095937136
1132,375,1507,0.11003591875630983
1124,380,1504,0.11007488202768169
1119,379,1498,0.11012924029350232
1125,378,1503,0.11018993703298535
1112,376,1488,0.11023249799854323
1112,378,1490,0.11030324355597709
1106,381,1487,0.11036855190433773
1118,375,1493,0.1104424911325613
1112,375,1487,0.11048288915908579
1117,382,1499,0.11053349581581708
1110,378,1488,0.11056856055857671
1112,377,1489,0.11061743658305911
1121,382,1503,0.11065803952936414
1122,378,1500,0.11067533048918872
1121,382,1503,0.1106892219291716
1116,390,1506,0.11070398841469363
1098,386,1484,0.11072911624338017
1080,387,1467,0.11079429378775782
1094,390,1484,0.11089539495138609
1081,391,1472,0.11095601739721833
1085,388,1473,0.11104195710549955
1099,387,1486,0.11111174113960388
1096,393,1489,0.11114511233868996
1100,392,1492,0.11118244187382478
1093,391,1484,0.11120711005636717
1101,390,1491,0.11124606891812822
1092,395,1487,0.11126432163367288
1097,404,1501,0.11130305995661904
1102,403,1505,0.11132784730849832
1094,410,1504,0.11133889741873765
1087,407,1494,0.11136722330572407
1079,410,1489,0.11141047805742835
1081,414,1495,0.11146886360285833
1089,415,1504,0.11151720523136546
1098,412,1510,0.11154362820414261
1094,417,1511,0.11154810781661734
1081,419,1500,0.11156183780183246
1067,425,1492,0.11160574703742521
1063,427,1490,0.11167842492673856
1057,432,1489,0.11175541939083267
1052,440,1492,0.11183954644417465
1059,443,1502,0.11192798530219225
1057,439,1496,0.1119964544772911
1060,443,1503,0.11206328338186022
1063,435,1498,0.11211754649249596
1063,437,1500,0.11216353535173976
1065,437,1502,0.11220638662474201
1050,438,1488,0.11224153814489896
1051,443,1494,0.1123086543712939
1050,442,1492,0.11236889589601741
1047,446,1493,0.11242720769809829
1052,441,1493,0.1124870092290458
1055,440,1495,0.11253015158012687
1047,440,1487,0.11256334562798456
1055,442,1497,0.1126122627163382
1051,449,1500,0.11263859851478582
1054,450,1504,0.11267243324957199
1049,450,1499,0.11269781312464451
1055,451,1506,0.11273350886526085
1044,453,1497,0.11275259750080893
1029,461,1490,0.11279638281531006
1016,468,1484,0.11286989125570206
1023,469,1492,0.11296834606748785
1023,471,1494,0.11304063419975517
1025,472,1497,0.11310869956242117
1022,476,1498,0.11316874496764157
1021,476,1497,0.11323306299152083
1012,478,1490,0.11329627742174359
1003,471,1474,0.11337490216694032
1001,473,1474,0.11346933986754727
1001,469,1470,0.11356052157286746
1014,471,1485,0.11364357127269713
1016,467,1483,0.1136898428624364
1016,472,1488,0.11372573830204559
1016,475,1491,0.11375947814797488
1024,470,1494,0.1137880730512478
1030,475,1505,0.11379715721145736
1017,474,1491,0.11379290273932811
1017,474,1491,0.11382023352878261
1013,480,1493,0.11384419818369153
1006,481,1487,0.11387536036616915
1001,481,1482,0.11392025437139257
1010,489,1499,0.11397468811826741
1019,485,1504,0.114005547771328
1016,485,1501,0.11401327618393654
1016,492,1508,0.11402844802439294
1012,491,1503,0.11404329363773621
1007,496,1503,0.1140660293852504
1004,486,1490,0.11409943789360781
1004,491,1495,0.11413884532321099
994,494,1488,0.1141751434051296
998,496,1494,0.11423334574448261
997,495,1492,0.11427735863046323
1015,502,1517,0.11432271852071972
1012,506,1518,0.11432193790474261
1007,498,1505,0.11432731472689263
1017,494,1511,0.11434372394154511
1015,504,1519,0.1143355463251553
1016,502,1518,0.1143333220667623
1015,504,1519,0.11432862254747113
1018,504,1522,0.11432879880722244
1006,499,1505,0.11432168611509606
1012,502,1514,0.11434406595987939
1003,495,1498,0.11435105407366773
995,506,1501,0.11437853970870943
998,504,1502,0.11442355298134689
1004,501,1505,0.11445909144208605
999,504,1503,0.11447767942710421
987,508,1495,0.11450536026170466
1001,512,1513,0.11455904485982607
997,506,1503,0.11457731172390936
1013,508,1521,0.11460411263807412
1006,515,1521,0.11459343686878459
1003,515,1518,0.11460060809554548
1010,503,1513,0.11461408090090121
1003,505,1508,0.11460836589480493
994,502,1496,0.11461803245147506
997,505,1502,0.11464732859917043
991,506,1497,0.11466758279335286
975,507,1482,0.11469963515377991
975,513,1488,0.11476742212583708
989,511,1500,0.11483043594937974
974,520,1494,0.11485779970734686
966,519,1485,0.11491906429393751
970,520,1490,0.11499520901439991
968,524,1492,0.11505715479748446
968,516,1484,0.11511816752156673
973,510,1483,0.11517470168184821
981,508,1489,0.11521329513937119
980,513,1493,0.11522982948410775
982,517,1499,0.11524563921881359
980,517,1497,0.11525475086421205
986,523,1509,0.1152697809473536
984,524,1508,0.11527182156743486
983,522,1505,0.11528003393592337
968,530,1498,0.11529086018368283
965,532,1497,0.11533712468183661
973,533,1506,0.11538685505048964
966,537,1503,0.11541280413099994
958,530,1488,0.11545328275762039
958,533,1491,0.11550801988401316
961,529,1490,0.11555786053176963
966,526,1492,0.11559759465909304
966,534,1500,0.11562142363522128
971,532,1503,0.11564382555755728
960,525,1485,0.11565314934915762
962,535,1497,0.11568675095504449
967,530,1497,0.11571426024834108
964,521,1485,0.1157289906484282
969,530,1499,0.1157483277289098
959,536,1495,0.11575720587745203
959,540,1499,0.11579040423722915
951,545,1496,0.11582258025083281
945,545,1490,0.11587149436108611
952,543,1495,0.115930120891778
951,537,1488,0.11596871629624805
947,546,1493,0.11600443746206342
954,553,1507,0.11604791155498077
951,551,1502,0.11607416529508181
943,560,1503,0.11610633773685912
939,555,1494,0.11615600348023963
938,562,1500,0.11620920074114566
944,562,1506,0.11625932559675092
936,561,1497,0.11629228482243185
933,558,1491,0.11634243152632796
927,559,1486,0.11639646894300389
928,561,1489,0.11646072343262553
918,559,1477,0.11651747177043364
931,563,1494,0.11659290257256917
922,565,1487,0.11663145550469035
928,555,1483,0.11668766460449767
938,561,1499,0.11672687534631156
927,560,1487,0.11674099655463294
922,558,1480,0.11677972910792557
920,561,1481,0.11682774884966989
909,569,1478,0.11687685360385501
916,570,1486,0.1169496208901102
915,576,1491,0.11700056493903191
922,580,1502,0.11705047085792813
918,585,1503,0.11708133307417651
913,581,1494,0.11712055403326087
910,584,1494,0.11716974009464093
923,587,1510,0.11722359075694065
923,588,1511,0.11724366750995927
921,597,1518,0.11726085857617917
925,592,1517,0.11728273962593143
925,593,1518,0.11729080757371997
919,585,1504,0.11729974576407734
919,585,1504,0.11732151914752581
908,593,1501,0.11734102600302705
903,586,1489,0.11738545641009918
910,586,1496,0.11743907992648707
901,590,1491,0.11747363606247246
900,585,1485,0.11753077926071458
896,596,1492,0.11758713909151573
893,603,1496,0.11764890523224966
897,609,1506,0.11771401090072324
896,611,1507,0.11776584612822483
887,610,1497,0.1178171722097058
894,606,1500,0.11788360165791431
901,610,1511,0.11792950810055278
893,610,1503,0.11795552697350555
894,612,1506,0.11799818941347627
883,620,1503,0.11803465568043482
888,620,1508,0.11809416733655442
901,619,1520,0.11813925859272864
896,607,1503,0.11815075166630205
906,608,1514,0.11817352924352587
910,613,1523,0.11817085590936205
896,610,1506,0.11815995779257824
894,608,1502,0.11818073940721054
895,619,1514,0.11820466850308925
895,617,1512,0.11822482724760128
885,619,1504,0.1182464022014942
881,628,1509,0.11829016384326536
884,623,1507,0.11834130529103401
869,624,1493,0.11838191626359329
867,631,1498,0.11845685958240797
869,633,1502,0.11853111078841132
865,630,1495,0.11859632610483697
876,624,1500,0.11866572395874123
877,622,1499,0.11870397593173078
870,624,1494,0.1187383281901548
863,627,1490,0.11878623256280292
862,635,1497,0.11884984681178785
877,630,1507,0.11891092352217696
869,626,1495,0.11892956614070972
867,630,1497,0.11896441204520901
861,637,1498,0.11900012802693155
869,638,1507,0.11904705238799274
869,647,1516,0.11907174835764843
870,639,1509,0.11909526141181521
868,641,1509,0.11911561644858815
869,640,1509,0.11914090441679372
865,643,1508,0.11916391137523327
857,637,1494,0.11919493274786784
861,644,1505,0.11924261179181687
865,635,1500,0.11927684621140877
852,642,1494,0.11930195092283148
846,639,1485,0.11936018518720257
863,653,1516,0.1194304893476308
848,650,1498,0.11945506269737904
846,649,1495,0.11951226795384957
849,644,1493,0.11957003222626258
852,649,1501,0.11961612484342922
859,648,1507,0.11965006881955766
856,645,1501,0.11966476009192711
849,645,1494,0.11968484357169457
857,644,1501,0.11972084851703413
858,641,1499,0.11973625458307831
851,641,1492,0.1197475792619435
851,651,1502,0.11977512093129217
851,645,1496,0.11980196182369145
852,652,1504,0.11982737400883411
841,658,1499,0.11984870858089294
835,653,1488,0.11989364587345033
834,649,1483,0.1199500744250122
839,650,1489,0.12000237918250935
845,653,1498,0.12003905395150052
847,658,1505,0.12005843400298868
855,654,1509,0.12007158416290652
849,650,1499,0.12006604323999996
851,658,1509,0.12007606595981679
857,663,1520,0.12008204897314124
858,670,1528,0.12007563213626034
843,668,1511,0.12007043383988353
840,674,1514,0.12010242231888704
839,673,1512,0.12013824877299896
831,670,1501,0.1201713274739585
828,658,1486,0.12021955512712332
844,643,1487,0.1202721553404719
840,649,1489,0.1202810698727652
843,647,1490,0.12030025189677289
841,652,1493,0.12031156317821992
843,659,1502,0.12032553924390595
851,658,1509,0.12033438821890247
850,665,1515,0.12032390214282293
845,656,1501,0.12031953117371788
840,669,1509,0.12032881397056482
840,676,1516,0.12035062990575153
832,671,1503,0.12037237347467869
827,672,1499,0.12041057917708707
820,674,1494,0.12045771447631975
829,671,1500,0.12051838191891907
829,682,1511,0.1205512809294605
825,695,1520,0.12058328871946276
814,695,1509,0.12062154483525157
820,692,1512,0.12068486687115772
825,686,1511,0.1207295210277172
825,690,1515,0.12075884023423818
830,690,1520,0.1207869272387519
825,688,1513,0.12080265243222761
827,686,1513,0.12082920292342733
814,683,1497,0.12084702830182156
820,686,1506,0.12089392691249219
821,679,1500,0.12092462348846894
826,682,1508,0.12095099224824846
822,676,1498,0.12096204455916214
818,672,1490,0.1209825305687135
816,669,1485,0.12100962366496466
811,676,1487,0.12104108776717519
815,685,1500,0.12108160172119169
822,693,1515,0.12110968736056639
817,686,1503,0.12111958424870256
827,689,1516,0.1211396029547096
822,691,1513,0.12113433932603666
817,684,1501,0.12114210656142742
811,699,1510,0.12116053168058827
810,699,1509,0.12119448925644308
807,696,1503,0.12122645425841029
805,697,1502,0.12126250103027346
801,702,1503,0.1212996261910953
793,696,1489,0.12134424373709958
804,699,1503,0.12140482864757324
803,706,1509,0.12143746984233669
799,703,1502,0.12146855919317481
810,708,1518,0.12150759162552724
797,700,1497,0.1215175999299208
782,713,1495,0.12155915637479069
794,714,1508,0.12163430230383351
797,715,1512,0.12167793763897229
802,720,1522,0.12171128028243781
793,722,1515,0.12172929993289959
786,721,1507,0.12176850123180394
798,724,1522,0.12182215855499305
796,730,1526,0.1218455021255313
804,730,1534,0.12187403463961634
795,731,1526,0.1218833758281583
794,724,1518,0.12191628992587919
794,724,1518,0.12194904026177804
790,735,1525,0.12197950922727376
787,730,1517,0.12201761667820687
780,736,1516,0.12206126917623816
773,734,1507,0.12211901652082709
762,738,1500,0.12218863485771873
757,733,1490,0.12228163948961622
772,728,1500,0.12237864827039667
765,736,1501,0.12243322444221279
766,747,1513,0.12250101759269853
764,742,1506,0.12256008343752497
760,743,1503,0.12262195354562128
770,733,1503,0.12268888518545434
769,734,1503,0.12272698342746277
767,725,1492,0.12276450134047692
763,735,1498,0.12280624585398055
762,741,1503,0.1228555408753822
772,742,1514,0.1229037779580478
772,748,1520,0.1229245798668845
763,758,1521,0.12294552607207365
757,746,1503,0.12298557198024007
761,744,1505,0.12303919641859223
754,751,1505,0.12307786297617306
757,742,1499,0.12312873484051362
761,745,1506,0.12316897892290704
761,751,1512,0.12319833878485237
759,751,1510,0.123225101691899
758,745,1503,0.12325688479371984
752,736,1488,0.12328571301535324
751,752,1503,0.12332648534602166
747,750,1497,0.12336672460256032
750,749,1499,0.1234152747940368
754,749,1503,0.1234541479964047
755,747,1502,0.12348247736603313
752,753,1505,0.12350641635159533
755,757,1512,0.12353597780290058
753,756,1509,0.12355840109930732
746,753,1499,0.12358276186960129
758,744,1502,0.12361998872164111
752,752,1504,0.12362681408475944
756,749,1505,0.12364860119492892
759,743,1502,0.12366031695611648
764,744,1508,0.12366277941520973
755,750,1505,0.12365389911198366
753,745,1498,0.12366784708018969
743,753,1496,0.12368585996622483
750,760,1510,0.1237261016248587
740,752,1492,0.12374566942182484
740,753,1493,0.12378933192050684
743,754,1497,0.12383034393874436
741,747,1488,0.12386194924947523
737,747,1484,0.12389628953668858
742,756,1498,0.12393834037988509
745,755,1500,0.12396367775834666
741,759,1500,0.12398153833251538
742,752,1494,0.12400560809759716
747,760,1507,0.124025149250366
738,747,1485,0.12403048705307888
745,755,1500,0.12405680772454247
743,756,1499,0.12406454709248836
729,769,1498,0.12407710475378782
742,775,1517,0.12412038799239443
740,767,1507,0.12413178873899668
738,754,1492,0.12414666077990405
732,752,1484,0.12416560495573957
729,763,1492,0.12419695095622997
734,763,1497,0.1242327353573021
734,772,1506,0.12425744839001078
729,786,1515,0.12427987628353118
709,785,1494,0.12431186661010482
716,776,1492,0.12438789133294247
711,769,1480,0.12444376126873902
716,773,1489,0.12450734664424525
730,771,1501,0.12455189720554749
731,774,1505,0.12456007613389271
739,771,1510,0.12456521378137442
735,771,1506,0.12455159880239813
737,775,1512,0.12454915292437889
725,782,1507,0.12454356058238808
722,772,1494,0.12456885877951607
717,781,1498,0.12460010895679183
711,787,1498,0.12464135721023056
711,794,1505,0.12469305460360847
714,787,1501,0.12474240770641903
717,783,1500,0.12478130106483348
722,778,1500,0.12481004751496641
731,792,1523,0.12482720188865148
725,786,1511,0.12482035899529588
719,770,1489,0.12483068503124059
729,783,1512,0.1248574717207323
734,781,1515,0.12485774849252848
734,784,1518,0.12484560742952126
737,784,1521,0.12483402998694143
722,783,1505,0.12481658044403733
729,793,1522,0.12483771704317814
724,790,1514,0.12484111887892549
726,787,1513,0.12485517449176836
726,786,1512,0.1248617826648871
728,785,1513,0.12486708261585826
721,778,1499,0.12486680487161723
710,778,1488,0.12488417738301522
711,792,1503,0.12492496342892968
704,798,1502,0.1249605452511103
707,794,1501,0.1250098853368736
716,790,1506,0.12504868569316704
713,787,1500,0.1250620796553295
717,788,1505,0.125081060444237
718,794,1512,0.12508842419953878
708,795,1503,0.12509222277985008
707,794,1501,0.12512007933780084
710,790,1500,0.12514963337326812
716,788,1504,0.1251682694440397
720,796,1516,0.1251716266712787
724,797,1521,0.12516596928499
714,791,1505,0.1251504418651418
716,797,1513,0.1251589866660529
715,787,1502,0.12516139000626073
716,798,1514,0.12516751785753624
713,800,1513,0.12517014759462422
715,798,1513,0.12517935567873534
714,797,1511,0.12518124919457468
715,797,1512,0.12518483719800697
710,804,1514,0.12518696126664022
694,798,1492,0.1252000686762071
706,785,1491,0.12525219882750413
699,785,1484,0.1252699218528436
703,779,1482,0.12530124179596405
711,788,1499,0.12532192089829064
722,785,1507,0.12532236914318612
721,786,1507,0.12529662047683374
721,792,1513,0.125275852980634
708,795,1503,0.12525886015170923
694,803,1497,0.12527374480682635
690,794,1484,0.1253226866617065
697,806,1503,0.1253783820604355
693,809,1502,0.12541401504253671
693,807,1500,0.12545452982732438
694,804,1498,0.12549015839201233
694,806,1500,0.1255198652284678
703,805,1508,0.12554617128828977
694,799,1493,0.12554829939154033
703,805,1508,0.1255733913969192
698,799,1497,0.12557504266516462
698,804,1502,0.12558978691603628
697,807,1504,0.1256034208510113
704,800,1504,0.125617331898392
709,805,1514,0.12561317742624722
705,801,1506,0.12559835556249074
707,804,1511,0.12559175358979957
704,801,1505,0.12557907946367153
704,793,1497,0.1255753080724627
703,793,1496,0.12557112900819298
706,801,1507,0.12557058334651663
705,806,1511,0.12556370878083986
702,804,1506,0.12555992958028514
715,803,1518,0.1255633144088192
705,797,1502,0.12553792939239652
692,806,1498,0.12554024371740663
694,805,1499,0.125572083334969
695,814,1509,0.1255973682988559
699,816,1515,0.12561731635193696
702,811,1513,0.12562871847045226
702,816,1518,0.1256317836425808
693,808,1501,0.12563596282401268
694,813,1507,0.1256610401316769
691,817,1508,0.12568224179563037
695,813,1508,0.1257085835499692
692,816,1508,0.12572241070672882
690,812,1502,0.125741872885835
686,808,1494,0.1257629893107282
682,819,1501,0.12579164423075948
694,821,1515,0.12583127060735888
686,815,1501,0.12583890498421252
687,828,1515,0.12586818234865288
683,825,1508,0.1258942443192592
687,829,1516,0.12592818138830014
677,832,1509,0.12595262319902928
686,835,1521,0.12600121642540565
688,836,1524,0.12602703052953956
678,838,1516,0.12604659461619896
676,835,1511,0.12608673904357343
668,824,1492,0.12612963172321703
661,832,1493,0.12619217583925854
659,831,1490,0.12626679196137316
669,833,1502,0.1263395568741691
664,832,1496,0.1263831577779918
659,838,1497,0.1264340675115661
664,829,1493,0.1264923774808365
666,818,1484,0.12653149273637507
675,812,1487,0.12656286880472678
677,809,1486,0.12656961841275716
674,818,1492,0.1265694023185454
677,829,1506,0.12657627685654688
672,829,1501,0.12657492613535232
673,819,1492,0.12658562745420288
677,827,1504,0.12659672943990447
685,825,1510,0.12659697658635127
683,829,1512,0.12658009381228782
679,828,1507,0.12656950863108432
671,822,1493,0.12657012799139766
673,827,1500,0.12658913312302755
677,833,1510,0.12660154712438657
673,837,1510,0.12660414744982137
674,844,1518,0.12661510210776708
669,833,1502,0.1266206057894471
676,826,1502,0.12663905875161505
670,828,1498,0.12664267292065065
673,829,1502,0.12666127496635957
665,837,1502,0.12667115543498253
665,835,1500,0.12670207819521026
666,843,1509,0.1267308137377153
666,844,1510,0.1267540377247239
664,843,1507,0.12677536739786718
673,837,1510,0.12680041226332764
677,841,1518,0.12680362987426252
673,833,1506,0.12679512064262838
667,832,1499,0.1267987896313817
661,833,1494,0.1268170136685593
660,833,1493,0.12684959968261114
659,844,1503,0.12688228401739035
667,840,1507,0.1269155975732211
674,839,1513,0.12692784656419662
671,841,1512,0.12692131715327384
664,846,1510,0.12692471565003996
660,849,1509,0.12694474454749102
661,845,1506,0.1269729404601905
655,849,1504,0.12699680315467599
647,836,1483,0.12703369797424968
652,833,1485,0.12708851023900977
656,837,1493,0.12712708945560663
655,832,1487,0.1271551795898908
645,842,1487,0.12718180444147678
649,846,1495,0.12723072991340595
637,854,1491,0.12726736598942817
632,871,1503,0.12733062007955204
632,864,1496,0.1274021117880336
635,872,1507,0.12746748511613368
624,857,1481,0.1275209300026221
632,852,1484,0.12759828695466624
635,851,1486,0.12765103714038087
626,859,1485,0.12769262660937372
628,864,1492,0.12775179494166505
626,868,1494,0.12780092819359584
621,869,1490,0.1278500441548444
625,867,1492,0.12790880967680185
626,870,1496,0.12795467266763194
626,871,1497,0.1279936306850256
628,878,1506,0.12802981195174737
634,883,1517,0.12805874342203288
635,885,1520,0.12807308566260606
633,884,1517,0.12808563380889357
634,880,1514,0.1281000418709777
623,875,1498,0.12811065526321322
623,877,1500,0.1281463253819587
633,877,1510,0.12817928052265054
639,867,1506,0.1281851734155868
637,874,1511,0.12817623585652854
637,885,1522,0.12817222837860393
642,878,1520,0.12817107275973144
637,878,1515,0.12815937274988928
639,873,1512,0.12816114740651735
639,869,1508,0.12815935953996985
641,868,1509,0.1281569292625422
636,877,1513,0.12814898435043187
627,881,1508,0.12815628375913368
628,879,1507,0.1281868702345011
629,882,1511,0.1282127000927473
626,872,1498,0.1282354037405384
627,882,1509,0.1282626903412608
627,884,1511,0.12828706876053733
621,876,1497,0.12831123259332433
630,871,1501,0.12834879234053767
624,885,1509,0.128358579785366
629,892,1521,0.12838314317862864
629,886,1515,0.1283958714450609
621,885,1506,0.12840793672642944
623,880,1503,0.1284377727818943
615,891,1506,0.12845984365216082
620,891,1511,0.12850077524941703
618,904,1522,0.12852620730919148
614,891,1505,0.12855360561039372
605,881,1486,0.12859008258603008
605,885,1490,0.1286468838868206
602,890,1492,0.12869792669327215
600,891,1491,0.128752767452524
595,895,1490,0.1288086989428652
602,904,1506,0.12887203171596306
608,902,1510,0.1289147091596731
609,904,1513,0.12893963259398805
608,907,1515,0.12896110248254422
606,904,1510,0.128984646319651
605,898,1503,0.12901080147976102
603,904,1507,0.12903855074990356
607,899,1506,0.12906857380353676
607,899,1506,0.12908674525752756
603,897,1500,0.12910209237117753
618,901,1519,0.1291251836410761
610,906,1516,0.1291114301656591
610,922,1532,0.1291197014750015
603,909,1512,0.12912730313931187
604,905,1509,0.12915200969091195
600,902,1502,0.1291729471073972
587,918,1505,0.1292012410564602
594,910,1504,0.12925782493517826
596,914,1510,0.12929398811742587
595,906,1501,0.12932163525258603
592,915,1507,0.12934994828937507
596,912,1508,0.12938507663077697
594,919,1513,0.12940623386483974
586,920,1506,0.1294314279795669
585,922,1507,0.12947356654031836
588,921,1509,0.12951608497163916
591,922,1513,0.12955070458718018
579,915,1494,0.12957724845743968
579,921,1500,0.12963311395264157
579,925,1504,0.12968282574415585
582,928,1510,0.12973006129804682
580,918,1498,0.12976422856212239
580,912,1492,0.1298025204556711
590,917,1507,0.12983985073635068
584,920,1504,0.12984944898476705
589,920,1509,0.1298730482810605
592,933,1525,0.12988381077732858
589,922,1511,0.12988569199269104
589,928,1517,0.12989556213974765
591,930,1521,0.1299040801956168
589,920,1509,0.12990605102676728
593,928,1521,0.1299125469958285
590,925,1515,0.12991027414023962
595,927,1522,0.12991409844802487
596,921,1517,0.1299032779117243
587,918,1505,0.1298905972865138
587,913,1500,0.12990168728525062
587,909,1496,0.12991064413605333
580,913,1493,0.12992123716705117
587,921,1508,0.12994790492737324
585,926,1511,0.129954121391218
581,920,1501,0.1299643097003107
580,924,1504,0.1299846235024084
578,930,1508,0.1300071148486282
576,929,1505,0.13003179337639342
580,933,1513,0.13006001835865139
582,930,1512,0.1300759677088921
580,935,1515,0.13008589842514717
574,936,1510,0.13010046984159152
571,936,1507,0.13012849259267956
566,942,1508,0.13016311401020647
562,935,1497,0.1302080010120142
564,937,1501,0.13025817784053084
562,935,1497,0.13030109226812636
561,929,1490,0.13034609032469555
560,935,1495,0.1303901968686657
560,943,1503,0.13043236982504122
556,942,1498,0.13046983911282034
561,930,1491,0.13051408676073417
568,931,1499,0.13054273201412142
566,932,1498,0.13055610919243
564,932,1496,0.13057315168648193
558,928,1486,0.13059386135469078
562,937,1499,0.13062993794483463
568,935,1503,0.13065174515850272
566,940,1506,0.13065628323816025
571,940,1511,0.1306655518911114
569,936,1505,0.13066385978767528
563,935,1498,0.1306675128491924
563,939,1502,0.13068594131902853
562,940,1502,0.13070366137109
569,950,1519,0.1307229033632855
562,938,1500,0.1307229699389516
562,945,1507,0.13073998007389065
563,930,1493,0.1307577701300244
566,938,1504,0.13077165512440098
567,931,1498,0.13077842663909045
566,943,1509,0.13078155350967965
557,943,1500,0.13078666214127016
558,947,1505,0.1308146654201227
554,947,1501,0.13083794176418256
559,948,1507,0.1308698535649767
562,951,1513,0.13088762667996257
567,947,1514,0.13089542733148948
560,951,1511,0.13089160545092024
565,949,1514,0.130906387312127
554,949,1503,0.13090746041946028
559,957,1516,0.1309359267863238
552,945,1497,0.13095156171437622
550,947,1497,0.1309811076762188
548,944,1492,0.1310137350088565
549,954,1503,0.13105023824331907
547,960,1507,0.13108277812014868
546,972,1518,0.1311160164366682
544,974,1518,0.13115052149178222
544,960,1504,0.1311869558354451
544,963,1507,0.13122218723399579
544,962,1506,0.1312549365183221
547,966,1513,0.13128651772685163
555,952,1507,0.13130678894138353
558,967,1525,0.13130636574440754
550,974,1524,0.13129947056016505
542,972,1514,0.13131428187277613
530,968,1498,0.13134944498996465
534,967,1501,0.13141377143301186
535,980,1515,0.13146491080077247
528,984,1512,0.1315101274369745
524,978,1502,0.1315719269087443
520,980,1500,0.1316388319769347
515,980,1495,0.13171101475553268
529,983,1512,0.13178944952621194
532,981,1513,0.13182905451510332
537,979,1516,0.13185721536938044
540,978,1518,0.13187247590988518
533,982,1515,0.13187891344687816
528,981,1509,0.13190264875810953
522,977,1499,0.13193762989937297
518,980,1498,0.13198430196401087
517,982,1499,0.1320373624249097
514,981,1495,0.13208992915108403
513,983,1496,0.13214681890194618
514,984,1498,0.13220160947524082
518,983,1501,0.1322491843094847
522,988,1510,0.13228378158070916
530,993,1523,0.13230828701760766
530,992,1522,0.132311856573266
520,995,1515,0.13231444894525465
517,986,1503,0.13234224372614029
509,979,1488,0.13237503720156926
515,974,1489,0.1324256443008531
515,987,1502,0.13245748571894095
526,989,1515,0.13248675315310782
528,984,1512,0.13248868446802453
532,991,1523,0.13248433674530943
530,972,1502,0.1324716704925111
532,976,1508,0.13246636383091231
528,986,1514,0.13245803638072454
522,994,1516,0.13245922648824182
511,1004,1515,0.13247373023224807
510,999,1509,0.13251487770492848
507,1007,1514,0.13255651537185692
512,1000,1512,0.1326033089044329
521,985,1506,0.13263520732023718
517,985,1502,0.13264301242501408
520,982,1502,0.13265931915763146
510,998,1508,0.13266615836629211
506,1006,1512,0.13269794988444197
512,990,1502,0.13273637993164594
517,987,1504,0.1327570725185978
516,989,1505,0.13276346949075665
518,994,1512,0.1327725607889264
512,988,1500,0.13277770548238454
515,993,1508,0.1327977717623394
521,988,1509,0.13280630083935638
521,991,1512,0.13279943380425224
529,988,1517,0.1327917136345767
533,976,1509,0.13276526790992238
532,975,1507,0.13273306215338387
534,967,1501,0.13270566532168956
530,969,1499,0.13267660995429836
528,978,1506,0.13265743908685834
535,973,1508,0.1326448703346877
535,985,1520,0.13261592507567968
529,975,1504,0.13259080832329675
522,984,1506,0.13258021042425258
518,991,1509,0.13258846165479377
515,982,1497,0.13260606540380784
520,985,1505,0.13262801708265612
519,987,1506,0.13263561482295297
517,980,1497,0.13264456611778824
519,976,1495,0.13265588723078423
519,965,1484,0.13266242201757072
522,979,1501,0.1326694379798085
524,977,1501,0.1326699845241475
523,974,1497,0.13266630640286894
523,970,1493,0.13266525499003762
530,978,1508,0.13266430229318224
534,984,1518,0.1326450175025178
525,977,1502,0.13261791222563044
519,975,1494,0.13261461347075326
515,982,1497,0.13262763438894282
527,978,1505,0.13264898276542747
523,984,1507,0.13263891521190596
514,998,1512,0.13264013090799504
521,994,1515,0.13266344875694913
512,995,1507,0.1326693568925981
505,994,1499,0.13269869435960802
506,993,1499,0.13274343571990202
508,999,1507,0.13278332033596063
506,1001,1507,0.1328159042607754
513,1003,1516,0.13285321748680695
517,1008,1525,0.13287148774608848
509,1007,1516,0.13287875729804052
501,1002,1503,0.13290611446089243
504,1017,1521,0.13295198760242896
501,1019,1520,0.1329860568555276
493,1021,1514,0.1330258282866992
497,1012,1509,0.133082903367646
495,1021,1516,0.13312673016791307
491,1011,1502,0.13317239180215282
493,1011,1504,0.13322513620708307
495,1019,1514,0.1332694593420988
493,1013,1506,0.13330665231012137
493,1003,1496,0.13334819823083688
487,1007,1494,0.13338780898638586
483,1010,1493,0.13344147257926994
490,1008,1498,0.13350170052273339
487,1024,1511,0.13354103325977348
485,1023,1508,0.13358632755416994
483,1029,1512,0.13363452338207896
489,1017,1506,0.133685273808255
485,1019,1504,0.13371772538926266
489,1012,1501,0.13375846118628879
491,1017,1508,0.13378533329325404
495,1018,1513,0.1338046233086261
500,1020,1520,0.13381227748987154
491,1016,1507,0.13380775242190995
487,1023,1510,0.13382581549319214
483,1030,1513,0.1338519531466256
490,1035,1525,0.1338862042772152
484,1030,1514,0.13390149081303232
484,1020,1504,0.13392937164899044
491,1017,1508,0.13395108939936917
489,1026,1515,0.13395497653686267
490,1022,1512,0.13396291812041658
486,1026,1512,0.13396980793387864
482,1015,1497,0.13398633612005562
476,1025,1501,0.13401142170022362
474,1038,1512,0.13405105764025024
476,1036,1512,0.1340912042537225
465,1034,1499,0.13412414893029037
461,1041,1502,0.13418115480248521
464,1045,1509,0.1342424326319225
469,1040,1509,0.1342921463998089
470,1045,1515,0.1343250521290544
474,1037,1511,0.13435514098426132
471,1022,1493,0.1343728977579738
478,1027,1505,0.13439532977652582
476,1033,1509,0.13439892409577464
476,1028,1504,0.13440807336441699
472,1028,1500,0.13441585329971936
466,1027,1493,0.1344329277940606
465,1023,1488,0.1344614221575518
471,1028,1499,0.1344904845774718
467,1030,1497,0.13450207285840304
464,1037,1501,0.13452255579812325
461,1025,1486,0.13455018639645933
455,1025,1480,0.13458322491263858
460,1021,1481,0.13462923271698435
454,1030,1484,0.1346599348772266
449,1032,1481,0.13470232117526768
455,1034,1489,0.13475385940577198
451,1043,1494,0.1347859680871435
454,1049,1503,0.13482747461612296
456,1052,1508,0.1348594788108054
453,1048,1501,0.1348850705096226
448,1054,1502,0.1349174257336049
450,1054,1504,0.1349617891504574
443,1056,1499,0.13500021067430265
441,1046,1487,0.1350544059739352
442,1056,1498,0.13511080816030027
442,1070,1512,0.13515967351711958
442,1066,1508,0.13520576897907016
440,1058,1498,0.1352493628128515
439,1065,1504,0.13529505449256257
437,1070,1507,0.13534194963755733
434,1063,1497,0.13539124702974037
428,1071,1499,0.13544337630074832
428,1065,1493,0.13550642521952447
437,1072,1509,0.1355640243795225
436,1075,1511,0.13559509514732804
439,1073,1512,0.1356280087359834
441,1060,1501,0.1356513763491175
443,1068,1511,0.13566837129163847
438,1068,1506,0.1356782432599638
438,1079,1517,0.13569895277266894
442,1088,1530,0.135718082121644
442,1075,1517,0.13572603347845644
441,1069,1510,0.1357347323194255
437,1066,1503,0.13574576350398285
437,1063,1500,0.13576660793138773
444,1066,1510,0.13578578469657718
448,1081,1529,0.13578531622011517
448,1087,1535,0.1357748015214245
444,1074,1518,0.13576595546348913
439,1062,1501,0.13576666787934083
439,1068,1507,0.1357790558516502
436,1075,1511,0.13579117611156108
434,1079,1513,0.1358094272477455
435,1071,1506,0.13583207237159076
434,1055,1489,0.1358519275130195
431,1069,1500,0.1358712355367005
425,1067,1492,0.13589572884950218
425,1075,1500,0.13593433213910572
426,1076,1502,0.1359710898168727
434,1082,1516,0.13600252731445198
432,1082,1514,0.13601102934533998
428,1082,1510,0.13602401473204503
435,1081,1516,0.13604659733978094
433,1076,1509,0.13604995903810738
433,1075,1508,0.1360587421481881
431,1071,1502,0.13606646339974407
430,1085,1515,0.1360788378807375
430,1083,1513,0.13609311175222286
435,1084,1519,0.13610702367710623
432,1080,1512,0.13610555029208013
431,1093,1524,0.1361112412874646
426,1098,1524,0.1361197319527247
425,1090,1515,0.13614039697669492
423,1090,1513,0.1361618333548579
419,1092,1511,0.1361872309470232
420,1092,1512,0.13622190011716342
421,1095,1516,0.13625094765422602
423,1088,1511,0.13627724600380897
431,1084,1515,0.13629586992913212
431,1096,1527,0.13629314446879334
421,1089,1510,0.13629206751056303
415,1090,1505,0.13631671506937215
418,1103,1521,0.13635357337396792
418,1102,1520,0.1363805480162858
414,1096,1510,0.1364061257024591
413,1100,1513,0.13643901282864973
412,1095,1507,0.1364728589347155
415,1106,1521,0.13650632528196635
416,1108,1524,0.13653023031256176
415,1109,1524,0.136551388435136
413,1105,1518,0.13657406660455298
417,1104,1521,0.13660211076298812
418,1093,1511,0.13661768187325818
416,1095,1511,0.1366300685856119
405,1097,1502,0.13664683127481825
409,1097,1506,0.13669044201910568
411,1095,1506,0.1367215756537417
412,1103,1515,0.13674546231156526
413,1113,1526,0.13676481973985838
418,1097,1515,0.13678045704600694
419,1101,1520,0.13678268681944306
417,1097,1514,0.13678277913672476
414,1087,1501,0.13678970309132663
415,1091,1506,0.13680470839635883
420,1100,1520,0.1368164755034014
415,1104,1519,0.13681561314515434
414,1099,1513,0.13682740261619936
406,1103,1509,0.1368425233565292
410,1102,1512,0.13687668453077756
406,1096,1502,0.1368967768995103
411,1091,1502,0.1369240277127505
407,1087,1494,0.13693776081695208
412,1092,1504,0.13696056737698922
416,1104,1520,0.1369691006069613
417,1108,1525,0.136967687139974
410,1112,1522,0.1369642055861402
408,1088,1496,0.1369784216483978
404,1092,1496,0.13699743774761078
406,1095,1501,0.13702424958449147
402,1102,1504,0.1370452989842588
397,1105,1502,0.13707377567483395
393,1087,1480,0.13711278832833707
400,1091,1491,0.1371584742507634
400,1107,1507,0.13718354954940082
403,1101,1504,0.13720621238579006
398,1102,1500,0.13722028512270096
401,1117,1518,0.13724617423494598
401,1130,1531,0.13726282841954326
398,1114,1512,0.13727889732180912
399,1118,1517,0.1373014613702193
398,1124,1522,0.13731979044835194
403,1112,1515,0.13734022578153915
398,1114,1512,0.13734713749898136
390,1114,1504,0.13736537475941643
388,1122,1510,0.13740177744771281
395,1117,1512,0.13744074638337256
392,1131,1523,0.1374603423024641
384,1118,1502,0.13748666727249742
390,1120,1510,0.1375313728600672
388,1124,1512,0.13755813141673695
392,1131,1523,0.13758689363196633
395,1122,1517,0.13760468477859725
397,1115,1512,0.13761356620796725
396,1123,1519,0.1376174992538601
400,1119,1519,0.13762342868887636
394,1121,1515,0.1376197733740202
390,1116,1506,0.13763149129250052
385,1117,1502,0.13765235104986945
382,1124,1506,0.13768531232904213
380,1134,1514,0.1377239580442181
389,1124,1513,0.13776465908738977
381,1124,1505,0.13778115890498663
384,1121,1505,0.13781608532411707
380,1126,1506,0.13784174151287612
377,1136,1513,0.13787584677715814
370,1129,1499,0.1379158264078163
370,1125,1495,0.13797051830387144
369,1134,1503,0.1380211528482919
367,1136,1503,0.1380711580479089
380,1146,1526,0.1381217262482686
376,1144,1520,0.13813679680505417
371,1144,1515,0.13816141911204338
376,1148,1524,0.13819681268094894
375,1147,1522,0.13821817662208402
372,1150,1522,0.13824140220155962
368,1140,1508,0.1382689289500853
373,1138,1511,0.13830466301244937
376,1124,1500,0.13832536108971197
376,1125,1501,0.13833736648113779
371,1138,1509,0.13834871250532713
370,1139,1509,0.13837169726359835
374,1144,1518,0.13839667107158962
373,1135,1508,0.13841047494244868
375,1140,1515,0.13842672737432352
369,1140,1509,0.13843759353591725
371,1127,1498,0.13846223537349128
366,1127,1493,0.1384798551637999
363,1136,1499,0.13850797468680423
369,1133,1502,0.13854080978816696
370,1136,1506,0.13855719428918645
370,1132,1502,0.13856984889369547
370,1155,1525,0.13858054183305213
378,1147,1525,0.1385907956260679
377,1136,1513,0.13858121696101347
369,1140,1509,0.13857598309212665
365,1142,1507,0.13859213922795935
365,1145,1510,0.13861689567308733
362,1145,1507,0.13863979905560103
362,1143,1505,0.1386681372567134
368,1139,1507,0.13869483397854404
361,1129,1490,0.13870391811848756
365,1131,1496,0.13873027508531108
366,1142,1508,0.13874400344726429
363,1131,1494,0.1387544767669
365,1140,1505,0.1387722075916809
360,1149,1509,0.1387835575159174
367,1156,1523,0.13880777059705843
373,1145,1518,0.13881178091374577
369,1144,1513,0.13879949427568217
373,1141,1514,0.13879818203048588
368,1145,1513,0.13878694010949089
363,1132,1495,0.13878892678101454
363,1136,1499,0.13880337970200599
373,1150,1523,0.13881676027689738
369,1144,1513,0.1388038179190271
371,1147,1518,0.13880200039360563
372,1145,1517,0.13879624465142693
370,1141,1511,0.13878872944929682
369,1145,1514,0.1387869719181643
368,1159,1527,0.13878863175197975
365,1150,1515,0.13879316734768832
368,1145,1513,0.1388047486552511
368,1147,1515,0.13880781777634738
356,1156,1512,0.13880998728247035
364,1150,1514,0.1388418341478837
363,1153,1516,0.1388507432317612
362,1153,1515,0.13886232752737654
367,1154,1521,0.13887655734489912
367,1161,1528,0.13887747655382732
366,1156,1522,0.1388780337489492
365,1160,1525,0.1388815934610758
361,1168,1529,0.13888763638886611
355,1161,1516,0.13890348170650235
360,1167,1527,0.1389319177091043
365,1168,1533,0.13894628202357207
366,1168,1534,0.13894746782965378
362,1166,1528,0.138945611525935
363,1155,1518,0.1389542851613488
357,1158,1515,0.13896051731206593
356,1161,1517,0.138981519996958
353,1171,1524,0.1390032522897549
357,1168,1525,0.13902965323872776
358,1157,1515,0.1390436698819808
355,1141,1496,0.13905438052510205
355,1156,1511,0.13907164653178283
351,1157,1508,0.13908803853346188
351,1155,1506,0.13911239554886193
355,1156,1511,0.1391349593901276
350,1151,1501,0.13914639698233078
347,1153,1500,0.13916942027899798
347,1151,1498,0.13919860058676864
343,1147,1490,0.13922539478611606
332,1157,1489,0.13926064091566967
335,1165,1500,0.13931979283941343
343,1174,1517,0.1393655666040204
343,1171,1514,0.13938837597671985
345,1170,1515,0.139410228943002
351,1178,1529,0.13942528230638085
344,1178,1522,0.13942373448223733
344,1175,1519,0.13943971494879867
342,1179,1521,0.13945414165139
343,1169,1512,0.13947276275099643
345,1165,1510,0.13948715364004222
343,1176,1519,0.13949644616751253
340,1180,1520,0.13951027360669194
341,1175,1516,0.13953084729345838
332,1170,1502,0.1395469611554605
330,1179,1509,0.13958493738090408
328,1169,1497,0.13962542774765802
329,1184,1513,0.13966900311059882
330,1180,1510,0.1397074974430326
322,1183,1505,0.13974075528937127
321,1181,1502,0.1397934305968992
319,1186,1505,0.13984448149144707
318,1185,1503,0.13989659244727728
321,1189,1510,0.13994863160565554
320,1189,1509,0.139989326154932
323,1190,1513,0.1400307408986503
313,1188,1501,0.14006270714595165
316,1185,1501,0.1401179044532807
315,1180,1495,0.14016111267689962
317,1180,1497,0.1402037262185564
308,1200,1508,0.14023850483088066
311,1204,1515,0.14029292080457012
319,1190,1509,0.1403357508909562
326,1202,1528,0.1403553790578447
324,1202,1526,0.14035569901025288
325,1206,1531,0.1403611417939937
323,1195,1518,0.14036495921670666
322,1194,1516,0.1403728493087084
321,1191,1512,0.14038257851438016
318,1193,1511,0.1403945254160625
311,1195,1506,0.14041478098873525
310,1206,1516,0.1404521139464282
310,1215,1525,0.1404896278799291
311,1211,1522,0.14052420213254901
315,1204,1519,0.14055379327865095
310,1204,1514,0.14057119016647263
310,1207,1517,0.1406005032509379
304,1209,1513,0.1406275835385489
307,1222,1529,0.14066774115067182
311,1218,1529,0.14069642000075855
310,1214,1524,0.14071353423818947
313,1213,1526,0.14073233937048188
312,1208,1520,0.14074301860934027
309,1218,1527,0.14075594565669056
301,1216,1517,0.14077606292189063
300,1216,1516,0.140814762085499
293,1212,1505,0.14085302868743985
294,1205,1499,0.14090682136251556
296,1209,1505,0.14095473639679978
297,1218,1515,0.14099407878660541
296,1211,1507,0.14102859569085008
290,1210,1500,0.14106330196522604
288,1221,1509,0.14110982259483468
283,1210,1493,0.14115835884866582
286,1223,1509,0.14121659142639842
291,1217,1508,0.14126151005973825
284,1211,1495,0.1412906806364403
286,1205,1491,0.14133553813827088
281,1203,1484,0.1413716980696071
282,1208,1490,0.1414182635329206
286,1203,1489,0.14145981582631315
279,1213,1492,0.14148834397822949
278,1222,1500,0.14153262308848116
279,1220,1499,0.14157728317498944
281,1218,1499,0.14161483028306687
281,1227,1508,0.1416443194831455
283,1234,1517,0.14167203962574573
282,1236,1518,0.14169383356733678
281,1236,1517,0.14171674051715194
279,1224,1503,0.1417404648138588
275,1220,1495,0.1417680290794033
281,1235,1516,0.14180332910389437
281,1239,1520,0.14182178626108002
282,1246,1528,0.14184000805744798
280,1233,1513,0.14185553716265137
276,1240,1516,0.14187479070136866
281,1235,1516,0.14190269196386573
281,1232,1513,0.14191613505311862
282,1223,1505,0.14192921980114914
287,1217,1504,0.14193913102964306
282,1230,1512,0.14193463075198254
281,1233,1514,0.14194343107951327
283,1236,1519,0.1419551353412473
287,1236,1523,0.14196103096729726
285,1236,1521,0.1419563587681312
285,1238,1523,0.14195670546320024
292,1224,1516,0.1419571650146291
288,1238,1526,0.14193909202704574
294,1234,1528,0.14193218725808002
296,1231,1527,0.14191069025936126
293,1223,1516,0.1418845530953545
291,1217,1508,0.1418679346092558
287,1213,1500,0.14185817238724163
291,1228,1519,0.14185812563504
290,1231,1521,0.14184780603058014
290,1233,1523,0.14184012098926513
288,1228,1516,0.14183273089898224
289,1229,1518,0.14183136727543114
291,1227,1518,0.14182779767900464
292,1226,1518,0.14181934702966642
294,1211,1505,0.14180915145593556
286,1208,1494,0.14179427437646575
289,1222,1511,0.14180016769621118
289,1241,1530,0.1417976636683407
287,1228,1515,0.14179572391965883
286,1229,1515,0.14180038858261695
287,1227,1514,0.14180789991815104
285,1215,1500,0.1418121570986405
285,1227,1512,0.14182080159227758
288,1227,1515,0.14182914993434412
291,1230,1521,0.14182852675013152
295,1235,1530,0.1418201704324544
291,1242,1533,0.14180255706670597
294,1236,1530,0.14179723806375377
293,1226,1519,0.14178484348731935
285,1246,1531,0.14177552562403709
282,1242,1524,0.14178785810513309
291,1229,1520,0.14180655285166024
287,1229,1516,0.14180021264668355
288,1224,1512,0.14180536235256203
288,1225,1513,0.14180745938966752
287,1233,1520,0.14181020729217886
288,1219,1507,0.1418151792403114
287,1213,1500,0.14181776989418246
294,1224,1518,0.14182323136812344
291,1228,1519,0.1418099382060002
288,1227,1515,0.14180620001980027
284,1234,1518,0.14181012667711346
282,1229,1511,0.14182439283944226
282,1221,1503,0.14184313360150327
277,1235,1512,0.14186000769975282
277,1232,1509,0.14188811657673667
275,1224,1499,0.14191359595757
279,1228,1507,0.14194245322268784
281,1234,1515,0.14195856121826808
273,1230,1503,0.1419682834102245
271,1220,1491,0.1419976536978183
276,1221,1497,0.14202986488430477
271,1217,1488,0.14204648994474486
269,1230,1499,0.14207406087759858
275,1235,1510,0.14210481711547646
275,1230,1505,0.14211784379614514
283,1237,1520,0.14212984461021594
284,1238,1522,0.1421201728026524
283,1244,1527,0.14210867410722575
278,1235,1513,0.14210086981771292
282,1245,1527,0.14210692747042633
278,1235,1513,0.1421023011861705
281,1231,1512,0.14210813210033219
281,1225,1506,0.14210582664628968
282,1226,1508,0.14210390056450478
288,1223,1511,0.1420999251320785
286,1226,1512,0.14208082411058665
280,1232,1512,0.142068920023818
275,1223,1498,0.142073317587017
275,1216,1491,0.14209023303460572
282,1222,1504,0.14210596280803325
288,1222,1510,0.142102509846255
285,1224,1509,0.1420846233540007
284,1220,1504,0.14207612764407018
284,1227,1511,0.1420705247013024
288,1235,1523,0.14206567230930087
288,1225,1513,0.14205110411553087
290,1214,1504,0.14203820531120756
293,1233,1526,0.14202144148964627
287,1244,1531,0.1419979818237026
286,1235,1521,0.14199063278475724
289,1225,1514,0.1419857329469352
293,1236,1529,0.14197317893763392
294,1234,1528,0.14195136450071416
295,1229,1524,0.1419283235781982
293,1215,1508,0.14190477229028897
293,1218,1511,0.14188811738124468
296,1218,1514,0.14187380502291894
298,1211,1509,0.14185268910143328
300,1202,1502,0.1418278970203888
297,1203,1500,0.1418008188874572
299,1218,1517,0.1417828879665415
292,1223,1515,0.14176099162286224
291,1220,1511,0.14175882579378105
289,1221,1510,0.1417586077280954
288,1223,1511,0.14176329233463836
292,1225,1517,0.1417691804086694
287,1224,1511,0.1417633832708773
283,1233,1516,0.1417698240218186
280,1226,1506,0.14178533477838678
285,1225,1510,0.14180765400962805
286,1231,1517,0.1418155319406539
284,1233,1517,0.14182030459966052
279,1238,1517,0.141830208052468
286,1223,1509,0.14185183881883215
279,1225,1504,0.14185310775605334
279,1227,1506,0.14187193581551724
274,1209,1483,0.14188893931358662
273,1218,1491,0.1419178912829624
277,1225,1502,0.14194838274402952
283,1229,1512,0.14196545845544
270,1233,1503,0.1419665746842934
275,1220,1495,0.14200089551122308
274,1223,1497,0.14202023518172283
280,1228,1508,0.1420410872821952
272,1240,1512,0.1420456774708119
269,1238,1507,0.14207113399775523
269,1243,1512,0.14210207688525592
270,1236,1506,0.14213067229851087
266,1237,1503,0.14215500386285806
264,1239,1503,0.1421872272596419
265,1230,1495,0.14222330245945858
262,1233,1495,0.14225445958601007
263,1237,1500,0.14229115072278167
272,1231,1503,0.14232303945089725
274,1238,1512,0.14233011094485815
269,1248,1517,0.14233196385142277
271,1254,1525,0.14234598805742682
273,1249,1522,0.14235451637507535
271,1251,1522,0.14235847348180816
269,1258,1527,0.14236721790817441
268,1252,1520,0.14238042939806564
269,1245,1514,0.14239557276067794
265,1246,1511,0.1424078192451555
269,1239,1508,0.14242927252286364
270,1256,1526,0.14243884978959354
268,1251,1519,0.1424454195606945
269,1243,1512,0.14245724130125084
265,1233,1498,0.14246552651019712
261,1235,1496,0.1424838276075357
259,1225,1484,0.14251117758805645
263,1237,1500,0.14254213809278882
260,1243,1503,0.1425608846864594
261,1248,1509,0.1425860376777201
260,1261,1521,0.14260651147272552
255,1270,1525,0.14262800787382826
254,1264,1518,0.14266164461878078
256,1261,1517,0.14269554764340878
254,1261,1515,0.1427217789734366
258,1262,1520,0.14275120253083803
254,1258,1512,0.14276775817856202
253,1265,1518,0.14279343168104194
253,1263,1516,0.14281968496685413
251,1263,1514,0.1428441884454826
249,1251,1500,0.14287238789482382
251,1251,1502,0.1429040529457392
249,1246,1495,0.1429280544360154
250,1255,1505,0.1429554255440642
250,1259,1509,0.14297775928678505
253,1267,1520,0.1429986684571168
251,1259,1510,0.14301035324441572
247,1257,1504,0.14302623982335025
247,1250,1497,0.14305210936699353
253,1247,1500,0.1430764489857874
252,1260,1512,0.14308369876988938
252,1262,1514,0.14309287128863382
250,1276,1526,0.14310154598065797
246,1265,1511,0.14311461190260505
245,1261,1506,0.14313717711611676
243,1256,1499,0.14316033487622476
248,1261,1509,0.14318602475931125
250,1257,1507,0.14319767440341036
253,1256,1509,0.14320349859111603
257,1253,1510,0.1432006978002917
258,1260,1518,0.14318701831592326
255,1268,1523,0.1431720094783409
255,1258,1513,0.14316623505045187
249,1256,1505,0.1431608724952346
252,1258,1510,0.14317105401256328
254,1250,1504,0.1431731655477306
254,1249,1503,0.14316965777932583
250,1255,1505,0.14316640737006517
249,1255,1504,0.1431741055232653
250,1261,1511,0.14318354667206257
252,1258,1510,0.14318932833910072
252,1260,1512,0.14318840669788474
248,1267,1515,0.14318734765859648
248,1275,1523,0.1431969561364053
247,1265,1512,0.1432054432341604
248,1267,1515,0.14321555758915616
245,1260,1505,0.14322199710951655
248,1264,1512,0.14323630385310335
246,1268,1514,0.14324187095436833
242,1267,1509,0.14325257987279116
247,1259,1506,0.14327251536035807
252,1257,1509,0.1432785762311926
250,1271,1521,0.14327071185204657
251,1260,1511,0.14326933364183433
248,1265,1513,0.14326559666610617
244,1258,1502,0.14326986923991655
243,1258,1501,0.1432842879259433
246,1258,1504,0.14330096805787737
244,1267,1511,0.14330857991159413
237,1270,1507,0.1433207058238122
236,1276,1512,0.1433500723502101
237,1281,1518,0.1433798932418248
242,1277,1519,0.14340537927105765
247,1272,1519,0.1434158879124224
248,1272,1520,0.1434129327800607
243,1286,1529,0.1434080869755453
240,1279,1519,0.143416881483702
237,1291,1528,0.1434342609244377
236,1282,1518,0.14345879646579682
234,1279,1513,0.14348463745482148
235,1277,1512,0.14351337578895149
233,1286,1519,0.1435375236822486
226,1288,1514,0.14356518059429738
227,1293,1520,0.14360951067410166
225,1278,1503,0.14364746779690665
224,1279,1503,0.14368796344630266
220,1283,1503,0.14372798940276596
221,1287,1508,0.14377560210691376
220,1279,1499,0.1438174802220971
221,1281,1502,0.14385882209353645
220,1284,1504,0.14389453305989527
224,1299,1523,0.14393055688732367
223,1292,1515,0.14395362510491774
218,1293,1511,0.14397833169351448
221,1273,1494,0.1440145514193337
216,1281,1497,0.14404040195973003
216,1281,1497,0.14407738003878706
218,1296,1514,0.1441116521699255
221,1299,1520,0.14413809287123097
222,1290,1512,0.1441552122690086
223,1296,1519,0.14416896931580875
221,1298,1519,0.14418034876575606
222,1298,1520,0.1441966907866397
225,1310,1535,0.14420969269105313
222,1321,1543,0.14421440613104408
222,1316,1538,0.14422684742556593
219,1306,1525,0.14423822847835502
217,1312,1529,0.1442566528678638
213,1311,1524,0.1442787117930564
212,1309,1521,0.14430975931056447
215,1309,1524,0.14434145724396646
213,1313,1526,0.1443631906591054
211,1311,1522,0.14438870960822642
214,1302,1516,0.14441795088383524
214,1296,1510,0.14443721903698695
216,1309,1525,0.1444552016550741
212,1304,1516,0.14446627037594098
214,1303,1517,0.14448673024099803
212,1309,1521,0.14450049439175988
218,1294,1512,0.14451872944686187
216,1307,1523,0.14451995103038667
217,1301,1518,0.14452647561968412
218,1305,1523,0.14452982188382196
217,1304,1521,0.14453040880371262
220,1297,1517,0.14453308152852679
223,1300,1523,0.14452754271110885
217,1297,1514,0.14451468410382687
216,1304,1520,0.14451875690484728
216,1304,1520,0.14452543904880688
218,1309,1527,0.14453188218485655
213,1305,1518,0.14453280893015139
211,1297,1508,0.14454697285330323
209,1278,1487,0.1445653666989486
212,1292,1504,0.14458686275638294
215,1296,1511,0.1445988605146142
213,1311,1524,0.14460220096653606
211,1305,1516,0.1446109769017036
209,1303,1512,0.14462440261915366
206,1306,1512,0.14464203811578263
204,1311,1515,0.14466676977487436
205,1305,1510,0.14469574800195456
202,1301,1503,0.14471959211828667
202,1295,1497,0.14474925324938812
203,1295,1498,0.1447771679208578
201,1297,1498,0.14480024863579036
201,1297,1498,0.14482645096733576
202,1309,1511,0.14485128976790881
203,1317,1520,0.14487202736817148
203,1308,1511,0.14488868566247004
206,1314,1520,0.14490457490169817
201,1310,1511,0.14491114441063332
198,1312,1510,0.14493074336978112
197,1320,1517,0.14495640624450176
200,1330,1530,0.14498312072451885
197,1326,1523,0.1449993390131474
190,1332,1522,0.14502251839942695
188,1339,1527,0.14506206875946
189,1328,1517,0.14510368263861317
194,1322,1516,0.14513940449187515
192,1313,1505,0.1451599406766239
198,1293,1491,0.1451843164994652
199,1300,1499,0.1451911687292102
196,1312,1508,0.14519449046011168
202,1309,1511,0.145205454755449
201,1316,1517,0.14519952539474967
202,1319,1521,0.1451970111421193
201,1319,1520,0.14519256199455516
201,1320,1521,0.14519097836272887
197,1317,1514,0.1451901974562489
199,1310,1509,0.14520081124773587
202,1324,1526,0.14520526193386196
199,1319,1518,0.14520070472996824
199,1317,1516,0.14520454586905396
200,1305,1505,0.14520818511008962
202,1306,1508,0.14520814327642628
201,1314,1515,0.14520242611939044
202,1313,1515,0.14519978883788037
196,1312,1508,0.14519464089134765
199,1315,1514,0.1452067763235617
200,1314,1514,0.14520940083221365
201,1317,1518,0.1452088296753811
200,1318,1518,0.14520539310368963
199,1326,1525,0.14520570105866157
196,1329,1525,0.14520878811705337
197,1334,1531,0.14521981463020098
200,1331,1531,0.14522774315463752
196,1327,1523,0.1452269985720897
197,1308,1505,0.14523749229353902
194,1325,1519,0.14524467709785865
190,1320,1510,0.14525984952263904
189,1328,1517,0.14528433360943332
186,1332,1518,0.14530961322822966
184,1330,1514,0.1453409388667114
188,1320,1508,0.14537606834612796
187,1331,1518,0.14539849865065382
190,1327,1517,0.14542186082241415
190,1336,1526,0.14543514831718884
193,1338,1531,0.14544711873687824
189,1338,1527,0.14545122761799234
186,1323,1509,0.14546597004426348
190,1326,1516,0.14548764879719733
188,1321,1509,0.14549679968047985
185,1324,1509,0.1455107769716465
192,1318,1510,0.14553174088016094
195,1317,1512,0.14553222377304484
197,1313,1510,0.1455245337720956
195,1325,1520,0.14551180357694318
196,1329,1525,0.14550476586993394
193,1325,1518,0.14549543476059099
196,1311,1507,0.14549447067879726
195,1315,1510,0.14548472054996028
199,1314,1513,0.14547824845497637
195,1320,1515,0.14546157127449763
189,1318,1507,0.14545684630528555
191,1325,1516,0.1454683558649971
192,1316,1508,0.14547312464094797
186,1313,1499,0.1454746936910761
195,1317,1512,0.14549235699667618
194,1320,1514,0.14548453894620056
196,1326,1522,0.14548067552993754
194,1315,1509,0.1454719200359128
191,1318,1509,0.1454686672848773
189,1332,1521,0.14547387588059565
184,1338,1522,0.14548402953078296
185,1334,1519,0.14550701654205914
182,1322,1504,0.14552560637800432
183,1310,1493,0.14555144706003692
181,1322,1503,0.14557205331311787
180,1325,1505,0.14559768321597324
174,1326,1500,0.14562395110953974
176,1327,1503,0.14566481750384558
173,1312,1485,0.14569758570205837
170,1323,1493,0.14573611635202505
177,1329,1506,0.14578039930532102
177,1342,1519,0.14580203515561188
178,1330,1508,0.1458221873838999
179,1337,1516,0.14583817077006941
172,1330,1502,0.14585038930744013
174,1328,1502,0.1458806204986392
173,1324,1497,0.14590356670038002
175,1323,1498,0.14592741425316688
175,1333,1508,0.14594418018535674
176,1324,1500,0.14596013021394658
175,1323,1498,0.14597238158207998
175,1336,1511,0.1459867696402218
170,1348,1518,0.1460007022259801
180,1339,1519,0.14602641299999988
181,1340,1521,0.14602289174061844
182,1348,1530,0.14601731350635397
184,1338,1522,0.14601018089536688
185,1336,1521,0.14599845837483508
184,1335,1519,0.14598530770285703
183,1332,1515,0.14597660406668475
183,1339,1522,0.14597141906053943
178,1346,1524,0.1459670036311838
179,1342,1521,0.1459761446504884
175,1335,1510,0.14598189277627494
177,1331,1508,0.14599819863164815
178,1332,1510,0.1460079563255797
176,1331,1507,0.1460145089862211
177,1333,1510,0.14602638167645987
183,1328,1511,0.14603541619655677
177,1325,1502,0.14602759557845577
171,1339,1510,0.14603689468017073
166,1336,1502,0.1460621729820561
164,1340,1504,0.14609901942261577
163,1348,1511,0.14613938850258684
165,1350,1515,0.1461801498884665
166,1356,1522,0.14621324478902742
161,1360,1521,0.14624142989953068
155,1362,1517,0.1462814877873273
158,1356,1514,0.14633457846019104
162,1348,1510,0.14637584840344922
156,1342,1498,0.14640335790293618
154,1350,1504,0.1464452276437689
153,1357,1510,0.14648962252878428
153,1356,1509,0.14653400612383902
156,1350,1506,0.14657512248434354
155,1356,1511,0.14660502116727803
154,1360,1514,0.146635160255264
155,1374,1529,0.14666657633274183
154,1363,1517,0.14669289848202133
154,1362,1516,0.14671969239964278
153,1367,1520,0.1467450506861299
152,1365,1517,0.1467720438367763
149,1370,1519,0.14679996353154695
141,1357,1498,0.14683410922196571
146,1363,1509,0.14688781895486291
146,1364,1510,0.1469234477616902
148,1369,1517,0.14695667916931737
149,1377,1526,0.14698215814676413
147,1379,1526,0.1470028916671573
143,1377,1520,0.14702752550818704
139,1373,1512,0.14706108375364502
142,1378,1520,0.14710335315414275
139,1375,1514,0.14713440102098765
141,1372,1513,0.14717140624465536
143,1377,1520,0.14720010556431593
140,1374,1514,0.14722139546219296
136,1365,1501,0.14724959297385412
135,1364,1499,0.1472873568798612
139,1371,1510,0.14732540084171158
141,1372,1513,0.1473489213099406
142,1387,1529,0.1473653588427216
139,1383,1522,0.14737790228887296
141,1382,1523,0.1473979172887656
142,1374,1516,0.14741064042271604
136,1365,1501,0.14741979214525228
136,1370,1506,0.1474450489309649
138,1388,1526,0.14746857406295555
140,1381,1521,0.1474850450456624
140,1382,1522,0.1474947702439939
133,1393,1526,0.1475039460394597
131,1401,1532,0.1475325523657703
130,1411,1541,0.14756479291987876
126,1404,1530,0.14759708355990142
126,1401,1527,0.14763844973130705
125,1402,1527,0.14767658976283093
124,1397,1521,0.14771477350112938
124,1399,1523,0.1477526987678136
124,1383,1507,0.14778797012664843
123,1391,1514,0.14782043346975407
123,1394,1517,0.14785346675443506
123,1406,1529,0.14788382927132343
123,1400,1523,0.14791238036307852
123,1391,1514,0.14793882443530704
123,1382,1505,0.14796353188517583
124,1383,1507,0.1479866850969888
127,1381,1508,0.14800538019688675
123,1389,1512,0.14801426176341648
122,1382,1504,0.14803395865412294
122,1381,1503,0.14805511421690679
123,1384,1507,0.14807491324236602
121,1387,1508,0.1480904832594848
122,1387,1509,0.14811080097603713
121,1393,1514,0.1481269614232428
119,1394,1513,0.1481452553897492
121,1398,1519,0.14816813150500374
120,1391,1511,0.1481836887293972
118,1392,1510,0.14820079222648969
116,1392,1508,0.14822296825340012
117,1393,1510,0.148249533799064
115,1394,1509,0.14827191718611515
115,1397,1512,0.14829845028598204
119,1404,1523,0.14832311991444708
117,1396,1513,0.14833475674124805
117,1394,1511,0.14835167045019426
117,1404,1521,0.14836751893689545
114,1397,1511,0.1483823553985895
115,1395,1510,0.1484048092118327
114,1393,1507,0.14842286668755164
115,1390,1505,0.14844244047328356
118,1398,1516,0.1484577025639213
118,1399,1517,0.1484625261177181
119,1389,1508,0.1484667399253374
123,1404,1527,0.14846775409142499
120,1409,1529,0.1484573003415034
116,1402,1518,0.14845612823911122
117,1412,1529,0.14846681602066006
118,1402,1520,0.14847358141581993
118,1404,1522,0.14847694655390595
115,1407,1522,0.14847988608422305
113,1416,1529,0.14849049705470066
112,1412,1524,0.14850624495435116
109,1407,1516,0.14852322463496545
109,1406,1515,0.14854780877617116
109,1414,1523,0.14857095365211037
109,1407,1516,0.1485926794445127
108,1415,1523,0.14861293876409504
111,1425,1536,0.14863485372130356
112,1422,1534,0.14864651446630608
113,1414,1527,0.1486547094939985
111,1413,1524,0.14865962225263463
111,1397,1508,0.14867019602335632
111,1393,1504,0.14867988398081006
109,1388,1497,0.14868896142176333
107,1395,1502,0.1487033995130043
104,1415,1519,0.14872287644010276
101,1415,1516,0.14875003923885666
99,1416,1515,0.14878390120595644
100,1417,1517,0.14882110591485934
103,1412,1515,0.1488526681994338
102,1413,1515,0.14887344402918315
103,1400,1503,0.14889555933732143
101,1404,1505,0.1489133202886752
98,1411,1509,0.14893565946472462
102,1413,1515,0.1489649673469474
102,1410,1512,0.14898064378250891
102,1398,1500,0.14899534395541975
106,1401,1507,0.14900920456210123
103,1401,1504,0.14901031581539012
100,1400,1500,0.1490205566046368
100,1412,1512,0.14903904035204948
101,1410,1511,0.14905620753767318
102,1415,1517,0.14906947441935364
99,1427,1526,0.14907916110077324
96,1414,1510,0.14909743796483635
97,1426,1523,0.14912333403931424
98,1420,1518,0.14914431411719165
99,1412,1511,0.14916142980710906
95,1404,1499,0.14917468100750708
95,1417,1512,0.1491985986435751
95,1414,1509,0.14922085237451568
98,1415,1513,0.14924155960671676
96,1428,1524,0.14925206333679072
98,1425,1523,0.14926803398549202
100,1428,1528,0.1492771790805825
99,1431,1530,0.14928007525435036
101,1413,1514,0.14928565681698816
104,1414,1518,0.14928524837721668
106,1418,1524,0.14927640893466773
103,1405,1508,0.1492626516430257
103,1409,1512,0.14925851639316673
102,1411,1513,0.14925425710219822
99,1414,1513,0.14925306159621032
100,1414,1514,0.14926074711808562
101,1418,1519,0.14926502171888076
102,1421,1523,0.1492658334958454
100,1406,1506,0.1492636792678519
103,1408,1511,0.1492674456737939
103,1419,1522,0.14926219603262908
102,1414,1516,0.14925728163258337
102,1418,1520,0.1492559493181186
104,1412,1516,0.14925442908772335
105,1411,1516,0.14924725404722006
104,1430,1534,0.14923779287547606
109,1429,1538,0.1492321363673544
109,1427,1536,0.14921278769747157
106,1423,1529,0.14919504719422233
105,1402,1507,0.14918741753618736
107,1409,1516,0.14918277748262473
103,1407,1510,0.1491729010678603
102,1420,1522,0.14917515031181408
103,1405,1508,0.1491799330079396
107,1408,1515,0.14918168974088197
108,1412,1520,0.1491717439803328
109,1403,1512,0.1491597670348517
107,1412,1519,0.14914572183331398
109,1408,1517,0.14913849063041432
107,1419,1526,0.1491258558140012
105,1419,1524,0.14911970702697222
103,1423,1526,0.14911997636083948
105,1423,1528,0.14912595913298743
105,1417,1522,0.14912591774991768
103,1408,1511,0.1491260893910704
103,1418,1521,0.1491322353740399
105,1416,1521,0.14913788595344055
102,1430,1532,0.14913733269222765
100,1428,1528,0.14914534795544104
101,1436,1537,0.1491585651446388
100,1434,1534,0.14916801757263484
97,1431,1528,0.14917955253497245
94,1432,1526,0.1491991408037417
97,1423,1520,0.1492259366615799
95,1421,1516,0.14924229633502212
96,1412,1508,0.14926330984042988
99,1400,1499,0.14927998451316352
100,1397,1497,0.14928663472107181
100,1406,1506,0.14928961061503038
99,1418,1517,0.1492922259122837
97,1415,1512,0.14929819483447285
97,1419,1516,0.1493091767943122
98,1418,1516,0.14931952035482177
101,1412,1513,0.14932680455745398
104,1428,1532,0.14932460315617227
102,1411,1513,0.14931422066856523
103,1427,1530,0.1493104089269497
101,1428,1529,0.14930406196477908
98,1435,1533,0.14930350151691626
98,1429,1527,0.14931167575462742
97,1430,1527,0.14931928263452068
96,1421,1517,0.14932942943363714
95,1438,1533,0.149341577242818
94,1431,1525,0.14935573681315997
95,1422,1517,0.14937175827077906
95,1417,1512,0.14938375866907544
96,1400,1496,0.14939512473225436
96,1425,1521,0.14940314811155486
95,1423,1518,0.1494105412568552
92,1427,1519,0.1494206029588135
90,1422,1512,0.14943866266209727
90,1431,1521,0.1494613324859631
89,1428,1517,0.14948233471368913
87,1425,1512,0.14950470008805003
87,1429,1516,0.1495313728595179
92,1428,1520,0.14955598613946577
88,1431,1519,0.1495645931333818
93,1436,1529,0.14958466198919712
90,1432,1522,0.14958860456120898
89,1431,1520,0.14960103423660953
91,1434,1525,0.1496154880607609
92,1428,1520,0.14962317077469656
93,1426,1519,0.14962745669521332
93,1422,1515,0.14962870585898333
93,1422,1515,0.14963028140435083
90,1433,1523,0.1496318088521844
86,1427,1513,0.14964199474039147
88,1436,1524,0.14966304180072587
88,1434,1522,0.1496766049597283
84,1432,1516,0.14968885723548112
85,1426,1511,0.14971206195060943
86,1426,1512,0.14973120645177468
87,1427,1514,0.14974596152260655
86,1435,1521,0.1497569749988526
89,1429,1518,0.14977052270252258
91,1431,1522,0.14977464665517926
91,1417,1508,0.14977254945857074
91,1420,1511,0.14977069999456047
89,1423,1512,0.1497693834059368
88,1417,1505,0.14977406660716203
87,1419,1506,0.14978138475707564
87,1424,1511,0.1497911574077737
87,1435,1522,0.14980005512526173
87,1431,1518,0.1498083378122287
86,1424,1510,0.1498160528502475
85,1418,1503,0.14982644708652412
84,1429,1513,0.1498390448311077
84,1431,1515,0.1498533956471338
83,1438,1521,0.14986693952082322
80,1438,1518,0.14988281849459517
84,1429,1513,0.14990643798482498
83,1440,1523,0.14991686090914014
85,1436,1521,0.1499293643695141
84,1435,1519,0.14993500744429936
81,1439,1520,0.14994331399008726
79,1439,1518,0.14995984535191373
76,1434,1510,0.14998080058664373
76,1436,1512,0.1500085074734051
75,1430,1505,0.1500343923783869
76,1438,1514,0.15006126571341716
76,1451,1527,0.15008348496854285
78,1441,1519,0.15010432363875123
79,1435,1514,0.1501181131198392
80,1426,1506,0.15012794078317251
82,1432,1514,0.1501343876849153
84,1439,1523,0.1501347288575025
82,1436,1518,0.15012929191701294
79,1448,1527,0.1501299626096109
78,1441,1519,0.15013968775300016
75,1436,1511,0.15015168755969951
74,1431,1505,0.15017118183386607
72,1422,1494,0.1501923309915802
71,1440,1511,0.1502178123994438
72,1445,1517,0.15024442125409354
72,1442,1514,0.15026651855557954
67,1439,1506,0.15028742571183407
71,1436,1507,0.15032144234981892
73,1446,1519,0.150341670559453
71,1450,1521,0.1503541372212426
72,1431,1503,0.15037153555950686
68,1444,1512,0.15038489345548978
68,1445,1513,0.150409223582079
71,1441,1512,0.15043184355880534
74,1437,1511,0.15044423784169036
74,1445,1519,0.15044691799294174
77,1452,1529,0.1504496942935757
76,1449,1525,0.15044345888186128
76,1449,1525,0.15044085940774454
72,1439,1511,0.15043851671441102
69,1446,1515,0.15044792131095897
72,1447,1519,0.1504655057362575
69,1451,1520,0.1504730043202918
71,1456,1527,0.15048897596214814
71,1440,1511,0.15049795635245342
66,1436,1502,0.15050633429816107
64,1430,1494,0.15052903690355315
63,1438,1501,0.1505560730556366
64,1442,1506,0.15058432264686286
63,1462,1525,0.15060824079957602
61,1455,1516,0.15063373061038746
61,1458,1519,0.1506636434298372
61,1437,1498,0.15069172831327227
59,1457,1516,0.15071793154429444
58,1451,1509,0.1507485735328336
57,1440,1497,0.15078035877588097
55,1461,1516,0.15081312237949876
57,1471,1528,0.15084998342243391
57,1453,1510,0.15087847008529637
56,1463,1519,0.15090506395562758
56,1459,1515,0.1509329437417511
55,1456,1511,0.15095893061778798
57,1458,1515,0.15098600987263336
55,1458,1513,0.1510052940486313
56,1459,1515,0.15102930071957366
58,1455,1513,0.15104865197454959
59,1461,1520,0.1510605165989259
56,1457,1513,0.15106860891107174
56,1450,1506,0.15108545320277214
59,1452,1511,0.15110114288328097
58,1454,1512,0.15110661959503843
58,1454,1512,0.1511146011050126
57,1453,1510,0.15112223842248948
58,1452,1510,0.15113242327818932
60,1448,1508,0.15113868024607235
57,1457,1514,0.1511385306301259
59,1464,1523,0.15114749159763405
58,1448,1506,0.15114980269616118
58,1441,1499,0.15115497387453247
57,1458,1515,0.1511598827629183
57,1451,1508,0.15116754952586622
57,1442,1499,0.15117465467297497
59,1454,1513,0.15118115734414814
59,1471,1530,0.1511811544567544
55,1476,1531,0.15118112725433036
52,1464,1516,0.15119318267111836
53,1447,1500,0.15121339571815873
53,1444,1497,0.151229122322285
54,1451,1505,0.15124383826013635
52,1456,1508,0.15125455591922177
50,1459,1509,0.15127069145336403
50,1464,1514,0.15129176850201273
52,1466,1518,0.15131132463724456
52,1466,1518,0.15132358507248603
53,1470,1523,0.15133527737140895
53,1470,1523,0.15134312562615482
54,1480,1534,0.1513504986171575
55,1474,1529,0.15135429052497298
52,1482,1534,0.15135494110319178
52,1486,1538,0.1513648955199602
52,1492,1544,0.15137433127646416
51,1483,1534,0.1513829431276256
51,1479,1530,0.1513939426876945
51,1466,1517,0.15140411994286349
51,1466,1517,0.15141364946265784
52,1464,1516,0.15142272641552024
51,1462,1513,0.15142821801097084
49,1478,1527,0.15143639490625568
49,1477,1526,0.15145026625661123
48,1465,1513,0.15146326582512656
51,1448,1499,0.1514784244406062
51,1451,1502,0.15148330675906724
51,1454,1505,0.1514879421299537
49,1453,1502,0.15149233634031284
48,1476,1524,0.15150254026906018
48,1474,1522,0.15151507314676158
50,1486,1536,0.15152692066505566
49,1474,1523,0.15153197426533546
48,1461,1509,0.15153988441612082
49,1476,1525,0.15155033405246612
48,1472,1520,0.15155709027000097
48,1468,1516,0.15156657776830657
47,1451,1498,0.1515755045680661
47,1468,1515,0.1515868185240696
48,1474,1522,0.15159742850539512
47,1483,1530,0.151604329157068
46,1478,1524,0.15161383400536452
45,1491,1536,0.15162579837189086
44,1476,1520,0.15164010746105233
44,1475,1519,0.15165665006723258
45,1462,1507,0.15167216303244138
41,1460,1501,0.15168365999520284
41,1469,1510,0.15170661624083231
44,1477,1521,0.15172808263765764
46,1473,1519,0.1517388117527238
45,1460,1505,0.15174285707104282
44,1457,1501,0.15174969551127596
43,1464,1507,0.15175915058188388
44,1469,1513,0.15177110149693454
43,1475,1518,0.15177910113101395
42,1483,1525,0.15178976038313724
41,1469,1510,0.15180268888310947
42,1479,1521,0.15181779827095576
40,1488,1528,0.15182891277071464
37,1490,1527,0.15184539599802227
33,1482,1515,0.15187000220179894
35,1487,1522,0.1519052591300321
35,1485,1520,0.1519320528717279
34,1487,1521,0.1519570864529451
35,1487,1522,0.15198358418292032
34,1479,1513,0.15200527409714215
34,1475,1509,0.15202869293966845
35,1482,1517,0.15205064107990307
36,1483,1519,0.15206805217364924
35,1477,1512,0.15208127537191143
34,1487,1521,0.15209678629707632
33,1483,1516,0.15211430022478223
32,1492,1524,0.1521338488046555
32,1485,1517,0.15215527262279277
31,1489,1520,0.15217503785790026
30,1485,1515,0.15219669573231256
30,1467,1497,0.15222011867116417
29,1490,1519,0.15224209593954993
28,1495,1523,0.15226569998089404
28,1490,1518,0.1522910339906093
30,1490,1520,0.15231460779006456
32,1488,1520,0.1523302031676674
32,1496,1528,0.15233845066678042
32,1495,1527,0.15234628458563684
32,1484,1516,0.15235367037116984
34,1482,1516,0.1523606224572155
33,1492,1525,0.1523609567382479
32,1483,1515,0.15236434275100902
33,1479,1512,0.15237078852323113
32,1479,1511,0.1523737724203534
31,1477,1508,0.15237977458368346
30,1489,1519,0.1523885530978247
29,1488,1517,0.1523999800940207
30,1502,1532,0.15241378347639095
28,1499,1527,0.15242358099604814
30,1488,1518,0.1524390031133178
29,1485,1514,0.15244717873171468
28,1482,1510,0.15245794903987833
27,1467,1494,0.1524711968072936
28,1474,1502,0.15248672847541583
29,1478,1507,0.15249812471636567
29,1479,1508,0.1525057184185329
28,1468,1496,0.15251281508906786
26,1469,1495,0.15252262430903513
26,1482,1508,0.15253811078362026
28,1477,1505,0.15255259458806755
27,1474,1501,0.15255984409227158
24,1477,1501,0.15256979512288257
22,1476,1498,0.15258850718716974
23,1475,1498,0.15261250887818645
23,1475,1498,0.15263188765362387
24,1481,1505,0.15265004322881237
24,1479,1503,0.1526638962461292
23,1484,1507,0.15267688631923795
23,1485,1508,0.15269220846290055
23,1483,1506,0.15270660331541688
25,1489,1514,0.1527201143156407
25,1496,1521,0.15272648730563013
24,1500,1524,0.1527324804731644
22,1498,1520,0.15274128591541064
22,1507,1529,0.15275585784546017
23,1503,1526,0.1527695400861078
22,1509,1531,0.1527791063918796
21,1509,1530,0.1527912875632637
21,1508,1529,0.1528058744434426
21,1503,1524,0.1528195578907987
21,1507,1528,0.1528323822469905
20,1505,1525,0.15284438298529865
19,1513,1532,0.15285873444298473
20,1502,1522,0.15287536390061982
20,1494,1514,0.15288778471934042
20,1497,1517,0.15289942977892437
20,1498,1518,0.15291031719020565
22,1503,1525,0.15292059191604498
22,1499,1521,0.1529238746012308
22,1485,1507,0.15292698304441854
23,1492,1515,0.15292992961340038
22,1502,1524,0.1529295330644893
22,1503,1525,0.15293240148075044
22,1512,1534,0.15293508772294803
21,1510,1531,0.15293760181756094
21,1503,1524,0.15294322306221533
23,1499,1522,0.15294844643424865
23,1504,1527,0.15294703328499185
23,1490,1513,0.152945720367949
23,1492,1515,0.1529445098214889
22,1473,1495,0.1529433914286949
21,1478,1499,0.1529455193924462
19,1503,1522,0.15295078806877566
17,1502,1519,0.15296211673064697
18,1506,1524,0.15297908885934117
20,1499,1519,0.1529917728388901
22,1499,1521,0.15299727651572698
22,1501,1523,0.1529961529206616
22,1496,1518,0.15299512974602522
22,1503,1525,0.15299419848090132
22,1500,1522,0.1529933451699434
21,1496,1517,0.15299255912672258
21,1499,1520,0.15299501695218068
22,1499,1521,0.15299735478315982
22,1482,1504,0.15299636934793742
23,1478,1501,0.15299545104254444
23,1492,1515,0.15299144317639807
23,1498,1521,0.15298769717562022
23,1497,1520,0.1529841954543002
25,1499,1524,0.15298092187073137
26,1496,1522,0.15297155585310818
25,1494,1519,0.1529596670078163
25,1484,1509,0.15295178399129816
25,1479,1504,0.15294434109723876
26,1485,1511,0.1529372721617973
26,1474,1500,0.15292747335699428
27,1469,1496,0.15291840420923036
26,1481,1507,0.15290667434545774
26,1479,1505,0.15289877267421356
25,1488,1513,0.15289135737255136
26,1497,1523,0.15288750641902177
25,1504,1529,0.15288073951300057
22,1491,1513,0.15287744100414843
23,1491,1514,0.152883780984194
24,1490,1514,0.15288660354427847
26,1502,1528,0.15288612210502006
26,1501,1527,0.15287943637129062
25,1495,1520,0.15287318780099593
25,1484,1509,0.15287047389508868
25,1477,1502,0.1528679260226827
23,1463,1486,0.1528655227409662
26,1481,1507,0.15286953551189028
26,1495,1521,0.15286379870370523
20,1492,1512,0.1528584312023485
20,1492,1512,0.15287227832791056
20,1496,1516,0.15288527931231
21,1500,1521,0.15289741671256205
21,1489,1510,0.15290558204815302
20,1491,1511,0.1529132254645506
20,1505,1525,0.15292356306573474
21,1498,1519,0.15293325319272597
21,1485,1506,0.15293916691412296
20,1489,1509,0.1529447208754561
18,1494,1512,0.15295314012746286
18,1490,1508,0.15296735772612516
18,1485,1503,0.1529806828866993
18,1502,1520,0.15299316642405036
18,1511,1529,0.1530047471274809
19,1505,1524,0.1530156544650622
20,1520,1540,0.15302285013221653
19,1509,1528,0.15302640879504487
19,1498,1517,0.15303286501761332
20,1487,1507,0.15303891928494828
20,1485,1505,0.1530414115447774
20,1501,1521,0.15304376070959255
20,1501,1521,0.15304598167201328
21,1499,1520,0.1530480249795381
21,1494,1515,0.15304682395522537
21,1496,1517,0.153045718673125
23,1507,1530,0.1530446885947714
23,1517,1540,0.1530374001897015
23,1506,1529,0.1530305937311077
23,1499,1522,0.15302421964605886
22,1478,1500,0.15301824615891502
22,1489,1511,0.15301577309009928
21,1484,1505,0.15301345197241573
21,1476,1497,0.15301448875615967
21,1480,1501,0.1530154359884119
22,1494,1516,0.15301630636698202
22,1486,1508,0.15301389823325895
23,1487,1510,0.15301163208072793
21,1486,1507,0.15300622296188637
20,1490,1510,0.15300748165919548
20,1485,1505,0.1530118271636954
20,1481,1501,0.1530159062534374
20,1483,1503,0.15301973780897024
19,1491,1510,0.15302333756222203
19,1489,1508,0.1530299412995286
18,1477,1495,0.1530361404428576
19,1479,1498,0.1530451444758057
19,1492,1511,0.15305041516442974
18,1501,1519,0.15305536549448387
19,1488,1507,0.15306316607267237
18,1473,1491,0.15306735313586553
19,1490,1509,0.15307448267221777
19,1488,1507,0.1530780328407663
19,1492,1511,0.15308138023248105
18,1496,1514,0.15308452730518646
18,1498,1516,0.15309062073394702
17,1504,1521,0.15309632682326593
16,1498,1514,0.15310483310317127
16,1501,1517,0.15311596078471998
14,1503,1517,0.1531264052267702
15,1505,1520,0.1531426027892312
14,1508,1522,0.15315465315720808
16,1503,1519,0.15316920665741976
17,1498,1515,0.1531764479982107
17,1513,1530,0.15318004909780256
17,1516,1533,0.15318344698910744
17,1505,1522,0.15318664374111493
18,1492,1510,0.15318964744046876
18,1490,1508,0.15318927332212368
17,1496,1513,0.15318902043723343
17,1486,1503,0.15319196756381195
16,1494,1510,0.15319472654182623
17,1485,1502,0.1532005063915615
15,1486,1501,0.15320268325545686
15,1488,1503,0.1532109920235952
14,1494,1508,0.15321879977589095
13,1490,1503,0.15322932264393535
14,1492,1506,0.15324246470325253
14,1498,1512,0.1532516295262379
13,1490,1503,0.15326022438977052
13,1490,1503,0.153271429537025
15,1506,1521,0.15328193235890397
16,1499,1515,0.1532854801999635
15,1497,1512,0.15328568370659382
15,1510,1525,0.15328907730837188
14,1505,1519,0.15329226187491454
13,1500,1513,0.15329842374891897
14,1504,1518,0.15330734231019558
14,1498,1512,0.15331255770230243
13,1498,1511,0.1533174475144188
12,1491,1503,0.15332518820347737
12,1494,1506,0.15333560684587857
12,1503,1515,0.15334537742252038
11,1497,1508,0.15335454905723525
12,1500,1512,0.1533663135258089
12,1510,1522,0.1533741999243776
11,1500,1511,0.15338160719837032
12,1493,1505,0.15339171889610284
12,1498,1510,0.15339805069066606
12,1503,1515,0.15340399941708047
12,1491,1503,0.153409585500891
11,1505,1516,0.15341483235529071
12,1505,1517,0.15342293173705432
12,1495,1507,0.15342736278213398
12,1508,1520,0.1534315253404932
12,1491,1503,0.15343543451526875
12,1490,1502,0.15343910700303495
12,1494,1506,0.15344255722800998
12,1507,1519,0.1534457985620091
12,1501,1513,0.15344884357826913
12,1495,1507,0.15345170412008388
12,1517,1529,0.15345439133814176
9,1508,1517,0.15345691572390843
9,1502,1511,0.1534688124242909
11,1506,1517,0.15347999301322543
11,1501,1512,0.15348402210078688
13,1498,1511,0.15348782354323512
13,1489,1502,0.15348488544701486
13,1510,1523,0.1534822312137563
13,1510,1523,0.15347977288630954
13,1500,1513,0.15347748303232436
13,1515,1528,0.1534753448506784
13,1520,1533,0.15347334552671377
12,1513,1525,0.15347147437308092
12,1502,1514,0.15347289659217364
13,1506,1519,0.15347423052788883
13,1496,1509,0.1534722369414402
13,1489,1502,0.1534703985500349
14,1500,1514,0.1534686957186359
15,1493,1508,0.15346386756802832
17,1496,1513,0.1534561564831726
17,1507,1524,0.15344234405650123
16,1498,1514,0.1534295880699733
16,1509,1525,0.1534208972756182
16,1510,1526,0.15341275130700427
17,1499,1516,0.1534051111531112
16,1497,1513,0.15339474791162908
15,1502,1517,0.15338821082893872
15,1512,1527,0.15338526923532378
15,1502,1517,0.1533824921018383
15,1499,1514,0.1533798809074827
15,1510,1525,0.1533774289022455
14,1507,1521,0.15337512304456694
14,1514,1528,0.15337619075611827
17,1511,1528,0.15337718732965056
17,1510,1527,0.1533685146249853
17,1500,1517,0.15336040714344332
17,1490,1507,0.1533528176589008
19,1484,1503,0.1533457043334349
18,1503,1521,0.1533326319037801
18,1497,1515,0.15332362618593975
19,1495,1514,0.15331511027742128
20,1495,1515,0.1533038884953342
19,1503,1522,0.15329015446753927
19,1507,1526,0.15328047274636408
18,1523,1541,0.15327141314331025
18,1508,1526,0.15326608473354558
17,1506,1523,0.15326107949718884
16,1510,1526,0.15325955349576958
16,1512,1528,0.15326129054067253
16,1508,1524,0.15326291162507436
17,1502,1519,0.1532644267842923
15,1499,1514,0.1532626549184289
15,1504,1519,0.15326739299821507
16,1507,1523,0.15327183811448414
17,1501,1518,0.153272814211436
16,1519,1535,0.15327049523394584
14,1515,1529,0.15327158331360763
14,1511,1525,0.15327902131068682
14,1514,1528,0.15328590543997667
13,1521,1534,0.15329225237805633
13,1499,1512,0.1533015382375613
12,1507,1519,0.15331019787164019
12,1504,1516,0.15332151043435632
13,1515,1528,0.1533321186274179
13,1507,1520,0.1533388709344694
12,1496,1508,0.15334521077389535
13,1491,1504,0.15335438940945195
13,1492,1505,0.1533598321379039
13,1497,1510,0.15336496033157346
13,1493,1506,0.15336980110667325
13,1496,1509,0.1533743659753174
14,1509,1523,0.15337862688072865
14,1498,1512,0.15337946155504784
13,1503,1516,0.15338024131698902
13,1515,1528,0.15338417248570224
13,1524,1537,0.15338787154469802
14,1520,1534,0.1533913503479932
15,1514,1529,0.15339138564828309
15,1523,1538,0.15338825252290034
15,1496,1511,0.15338533598041354
14,1493,1507,0.15338262480318135
14,1499,1513,0.1533832749976574
13,1494,1507,0.1533838969732372
15,1508,1523,0.15338764645342182
16,1521,1537,0.153384694259827
17,1520,1537,0.153378827122862
17,1510,1527,0.1533701154593421
18,1503,1521,0.1533619723282916
17,1508,1525,0.15335114452406665
18,1511,1529,0.15334419524660586
20,1509,1529,0.15333442279927817
21,1491,1512,0.15331897599003821
20,1493,1513,0.15330135448131257
19,1495,1514,0.15328807761834248
20,1493,1513,0.15327881519253578
20,1489,1509,0.15326694660604048
19,1495,1514,0.15325583261288347
20,1494,1514,0.15324861198827444
20,1494,1514,0.1532387171698857
21,1502,1523,0.15322946354630107
20,1494,1514,0.15321763453354348
22,1506,1528,0.15320964061878467
21,1490,1511,0.15319582850443922
21,1508,1529,0.15318615077530937
20,1494,1514,0.1531771391046844
21,1487,1508,0.1531719135511153
22,1489,1511,0.15316379313831277
22,1501,1523,0.15315296300383413
23,1495,1518,0.15314283362411354
23,1500,1523,0.15313016550487013
23,1500,1523,0.1531183936082983
21,1496,1517,0.15310739752741567
20,1493,1513,0.15310342976935545
22,1496,1518,0.15310273971477728
22,1498,1520,0.1530957095955719
22,1502,1524,0.15308920214581426
23,1499,1522,0.15308312155358533
24,1490,1514,0.15307429251474972
24,1493,1517,0.15306291705579625
23,1496,1519,0.15305230278147203
23,1490,1513,0.15304549483570237
23,1491,1514,0.15303912088597954
23,1486,1509,0.15303313527548018
24,1504,1528,0.15302751183199445
24,1491,1515,0.15301911069692622
25,1483,1508,0.1530112307689248
23,1495,1518,0.15300074189531399
23,1494,1517,0.15299718401126564
24,1495,1519,0.1529938437807129
24,1492,1516,0.15298750631378652
24,1487,1511,0.15298150684451828
23,1482,1505,0.15297585184114632
24,1499,1523,0.15297363874822406
25,1497,1522,0.15296837418808756
26,1498,1524,0.1529601758703707
26,1491,1517,0.1529495546194013
25,1493,1518,0.15293968624536036
26,1500,1526,0.15293355938034353
25,1485,1510,0.15292472430976434
25,1487,1512,0.15291966911581403
25,1496,1521,0.1529148614140077
27,1498,1525,0.1529103262263721
27,1483,1510,0.15289980030155817
26,1471,1497,0.15289022306490455
25,1481,1506,0.1528843848390178
25,1487,1512,0.15288197389256372
26,1500,1526,0.15287970846448176
25,1497,1522,0.15287446756932593
24,1492,1516,0.15287262668901666
27,1496,1523,0.15287406822871996
28,1500,1528,0.1528660027701873
29,1506,1535,0.15285525161675445
28,1499,1527,0.1528420460663734
28,1489,1517,0.1528328225547444
28,1472,1500,0.15282418920976004
27,1487,1514,0.15281610028752435
27,1493,1520,0.15281162940213086
27,1483,1510,0.15280755835226664
27,1487,1514,0.15280372738823209
27,1498,1525,0.1528001355143676
27,1480,1507,0.15279677053509375
26,1472,1498,0.15279361802437869
26,1468,1494,0.15279369180291213
26,1477,1503,0.15279373357764572
26,1483,1509,0.15279374339330723
24,1493,1517,0.1527937323573947
22,1489,1511,0.15280009723257437
23,1499,1522,0.1528122321865364
24,1502,1526,0.1528203872556456
24,1505,1529,0.15282481453589752
24,1507,1531,0.15282895073411124
24,1506,1530,0.15283281040805188
23,1496,1519,0.15283641496743983
23,1477,1500,0.15284291075118187
21,1486,1507,0.15284896328385109
23,1483,1506,0.15286099946741097
22,1484,1506,0.15286588481191501
22,1495,1517,0.15287362062736926
22,1498,1520,0.15288085808138902
22,1507,1529,0.15288763678652145
23,1501,1524,0.15289399091146444
24,1506,1530,0.1528968901269153
22,1504,1526,0.15289645620586312
22,1492,1514,0.15290237737784929
22,1492,1514,0.1529076473930341
22,1492,1514,0.15291249943098634
23,1490,1513,0.1529169867684411
23,1489,1512,0.15291800708195852
23,1493,1516,0.1529190351029003
22,1494,1516,0.15292001691583132
22,1505,1527,0.15292406794347005
20,1501,1521,0.15292787089832907
19,1495,1514,0.1529376851665109
15,1486,1501,0.1529499629904285
14,1488,1502,0.15297406297443403
14,1507,1521,0.15299970600512988
16,1512,1528,0.1530237103517386
16,1508,1524,0.1530398613775119
16,1496,1512,0.15305511084489962
17,1495,1512,0.1530693737638249
18,1493,1511,0.15307965489904718
18,1503,1521,0.15308613431503834
19,1508,1527,0.1530922435703378
19,1510,1529,0.1530947831919757
19,1513,1532,0.1530971980231233
19,1510,1529,0.15309939389950983
19,1505,1524,0.1531014251300579
19,1500,1519,0.15310331532471033
19,1497,1516,0.1531050797265448
19,1493,1512,0.15310672970783795
19,1485,1504,0.1531082745060119
19,1502,1521,0.15310972200611103
19,1489,1508,0.15311107914274744
20,1492,1512,0.15311235047780605
19,1489,1508,0.15311038560102191
21,1504,1525,0.15311173648705056
21,1518,1539,0.1531066511822225
19,1518,1537,0.15310191716343577
19,1518,1537,0.15310382990522028
19,1514,1533,0.1531056259520736
19,1518,1537,0.15310730530358027
20,1500,1520,0.15310887748795202
20,1520,1540,0.1531071728334946
21,1515,1536,0.15310558511159622
21,1505,1526,0.15310091936559211
21,1503,1524,0.15309655553296309
22,1498,1520,0.1530924647511602
22,1496,1518,0.15308547559001628
21,1492,1513,0.15307892474545004
22,1497,1519,0.15307606203598348
22,1495,1517,0.15307014440023134
22,1496,1518,0.1530645793068357
22,1497,1519,0.15305935178158125
21,1496,1517,0.15305442102571226
21,1492,1513,0.15305300880635056
22,1488,1510,0.15305160193766654
23,1491,1514,0.15304710540971767
23,1491,1514,0.15303970679174078
25,1482,1507,0.15303280218919718
25,1478,1503,0.15302005882200997
26,1481,1507,0.1530081451926836
26,1471,1497,0.15299382412434578
26,1484,1510,0.1529804223014774
25,1494,1519,0.1529678400645591
25,1508,1533,0.15295923359708372
24,1499,1523,0.1529511438721776
25,1490,1515,0.15294665317088027
24,1481,1505,0.15293931285042714
23,1494,1517,0.15293563594341772
22,1499,1521,0.15293533646390287
22,1498,1520,0.15293812975336757
21,1481,1502,0.15294072881266627
21,1488,1509,0.15294626900863537
21,1507,1528,0.1529514475800945
20,1506,1526,0.1529562984172956
20,1503,1523,0.15296402475637527
20,1507,1527,0.15297127811443761
20,1504,1524,0.1529780958531396
20,1496,1516,0.15298445539107233
20,1500,1520,0.15299037849594718
20,1507,1527,0.15299593997672284
20,1505,1525,0.15300117823726114
21,1505,1526,0.15300612552956133
21,1499,1520,0.15300761774873042
22,1501,1523,0.15300902659317384
21,1503,1524,0.15300716703116288
18,1492,1510,0.15300865075439338
18,1503,1521,0.15301948157698905
18,1496,1514,0.15302963199778147
16,1509,1525,0.1530391435484859
16,1511,1527,0.1530543926868152
16,1498,1514,0.1530686942321944
15,1486,1501,0.1530821039479044
16,1491,1507,0.15309780438265033
17,1492,1509,0.15310939079875913
17,1494,1511,0.15311709414913266
17,1488,1505,0.15312433345654036
16,1492,1508,0.1531311793894676
16,1494,1510,0.15314074586315526
16,1475,1491,0.15314971046084183
16,1484,1500,0.15315808637883685
17,1506,1523,0.15316596584027015
16,1504,1520,0.15317020294400926
16,1502,1518,0.15317742836356507
16,1505,1521,0.15318430944930286
17,1491,1508,0.15319069312126027
17,1499,1516,0.15319343345625835
17,1491,1508,0.15319599076713072
18,1499,1517,0.15319838400263866
18,1499,1517,0.15319748039573816
18,1498,1516,0.153196545038768
18,1508,1526,0.15319564918258585
17,1504,1521,0.15319481034715968
19,1486,1505,0.1531971869946672
20,1488,1508,0.15319312115854405
20,1490,1510,0.15318614565909366
19,1488,1507,0.15317962012502068
18,1487,1505,0.15317664660421523
16,1496,1512,0.15317706791883828
16,1488,1504,0.15318373965626514
16,1507,1523,0.15318998033254297
15,1499,1514,0.1531958296729099
16,1496,1512,0.15320445472558486
16,1490,1506,0.1532093622522608
16,1500,1516,0.1532139738467479
16,1496,1512,0.1532183002387308
15,1491,1506,0.15322235748431814
15,1498,1513,0.15322933270401862
14,1507,1521,0.15323587061117494
15,1518,1533,0.15324516119142914
15,1515,1530,0.15325072787268076
15,1524,1539,0.1532559550493686
15,1509,1524,0.15326085887240118
15,1500,1515,0.15326546136474517
15,1494,1509,0.15326978199882044
15,1490,1505,0.15327383842123837
15,1495,1510,0.1532776469498219
16,1502,1518,0.15328122280880452
16,1504,1520,0.15328134512583613
16,1509,1525,0.15328145250611647
15,1509,1524,0.15328155706460947
13,1501,1514,0.153284844224621
13,1501,1514,0.15329431792213277
13,1506,1519,0.15330322569990462
13,1503,1516,0.15331158962659422
13,1505,1518,0.1533194391574406
14,1499,1513,0.1533268053103715
14,1495,1509,0.15333050423031724
13,1497,1510,0.15333397625532547
11,1501,1512,0.15334042234126358
11,1488,1499,0.15335278173556532
12,1486,1498,0.15336441436863749
12,1499,1511,0.15337211406728612
12,1520,1532,0.1533793419925499
13,1508,1521,0.1533861160692833
13,1511,1524,0.15338924887388605
12,1503,1515,0.153392192497361
11,1499,1510,0.15339815101618606
13,1505,1518,0.15340696034096976
12,1509,1521,0.15340881804068676
12,1491,1503,0.15341379526042492
12,1486,1498,0.153418483946376
11,1497,1508,0.15342289097404863
10,1502,1512,0.15343036061862936
11,1509,1520,0.1534405328969672
11,1502,1513,0.1534468628684759
11,1503,1514,0.1534528019510037
11,1511,1522,0.15345836781326827
11,1498,1509,0.15346358632766882
10,1496,1506,0.1534684813609237
10,1498,1508,0.15347627214191142
10,1500,1510,0.1534835839674549
11,1507,1518,0.15349045084724508
11,1503,1514,0.15349368093958854
11,1500,1511,0.15349672062266134
11,1509,1520,0.15349957270014708
12,1511,1523,0.15350224924369404
10,1498,1508,0.15350154431994623
11,1512,1523,0.15350732169877698
9,1508,1517,0.1535095274504227
9,1511,1520,0.15351804074146735
8,1510,1518,0.15352604756953026
8,1513,1521,0.15353680723024005
9,1518,1527,0.15354693200318723
10,1504,1514,0.1535532194428178
10,1507,1517,0.15355587607168203
10,1512,1522,0.15355838392644672
10,1498,1508,0.15356074623990282
10,1497,1507,0.1535629686311042
10,1495,1505,0.15356505801948497
10,1507,1517,0.1535670217584392
10,1511,1521,0.15356886712857012
10,1506,1516,0.1535706319852077
10,1518,1528,0.15357228994569122
10,1526,1536,0.15357385014833885
9,1527,1536,0.1535753218042383
9,1526,1535,0.1535799187841027
9,1512,1521,0.15358423713593933
9,1505,1514,0.15358829871096336
9,1508,1517,0.15359211783932325
8,1512,1520,0.15359570797606067
8,1504,1512,0.1536023337526726
7,1498,1505,0.1536085588291937
7,1499,1506,0.1536176195988936
7,1506,1513,0.15362613545715395
8,1498,1506,0.15363414100645958
9,1507,1516,0.15363841719001894
10,1487,1497,0.15363921305998418
10,1490,1500,0.1536367584971933
10,1489,1499,0.15363446263488406
10,1484,1494,0.15363230937228253
9,1502,1511,0.15363029159782704
9,1506,1515,0.1536316046582847
9,1508,1517,0.15363283959786617
9,1515,1524,0.15363400393203322
10,1509,1519,0.1536350996420824
9,1497,1506,0.1536329187815081
10,1499,1509,0.15363407682334748
9,1498,1507,0.15363196601742285
8,1503,1511,0.15363322510790836
7,1498,1505,0.15363760222450576
6,1482,1488,0.15364496659352084
8,1499,1507,0.15365510534816046
8,1500,1508,0.15365822806132562
8,1492,1500,0.15366117811691
7,1487,1494,0.1536639530897703
7,1500,1507,0.15366982457971012
7,1499,1506,0.15367535240664976
6,1494,1500,0.15368055685541068
5,1504,1509,0.1536886559349138
5,1504,1509,0.15369948227145572
5,1507,1512,0.15370966479668904
5,1504,1509,0.1537192269891716
5,1513,1518,0.15372820480463484
5,1508,1513,0.153736634448468
4,1518,1522,0.15374455014791277
3,1524,1527,0.153755195030135
5,1508,1513,0.15376842193913437
5,1509,1514,0.15377440770457373
4,1499,1503,0.15378002451059317
4,1494,1498,0.15378852030047693
4,1496,1500,0.15379650796847816
4,1513,1517,0.15380401393704135
4,1498,1502,0.1538110648275341
4,1496,1500,0.15381768783939959
4,1509,1513,0.15382390903646936
4,1521,1525,0.15382975300128138
4,1515,1519,0.15383524281853528
4,1518,1522,0.1538404001397121
4,1522,1526,0.15384524526688825
5,1522,1527,0.15384979723817757
6,1514,1520,0.1538508359311091
6,1513,1519,0.15384857476218933
7,1505,1512,0.1538464650224211
6,1498,1504,0.15384125182699454
7,1502,1509,0.15383957888910746
7,1502,1509,0.15383475647718858
7,1511,1518,0.15383023119126002
7,1515,1522,0.15382599555215612
7,1502,1509,0.15382202826436323
7,1503,1510,0.15381831022494702
7,1502,1509,0.15381482437401187
7,1503,1510,0.15381155523891601
7,1519,1526,0.15380848864174076
7,1520,1527,0.15380561150657668
8,1501,1509,0.1538029117222148
8,1516,1524,0.15379714437941286
8,1512,1520,0.1537917330504235
8,1495,1503,0.15378666632461857
8,1510,1518,0.15378191946285175
7,1515,1522,0.15377746999819
7,1513,1520,0.15377652191516605
7,1514,1521,0.15377563358552687
7,1505,1512,0.15377480393005993
8,1509,1517,0.15377402853949373
8,1513,1521,0.15377009399735628
8,1514,1522,0.1537664026892643
7,1519,1526,0.15376294020304876
7,1506,1513,0.1537629086105834
7,1515,1522,0.15376288346836914
6,1507,1513,0.15376285047184685
6,1514,1520,0.1537660104978434
5,1513,1518,0.15376897920612737
5,1508,1513,0.15377497387409136
4,1509,1513,0.15378060457446896
4,1497,1501,0.153789099640873
4,1503,1507,0.15379708023383715
5,1520,1525,0.15380457282148732
4,1524,1528,0.15380838175007017
4,1522,1526,0.15381520944879107
4,1527,1531,0.1538216254240837
4,1502,1506,0.1538276403163169
4,1491,1495,0.15383328176592717
3,1501,1504,0.15383857500798842
3,1504,1507,0.15384678961764295
3,1499,1502,0.15385451882379214
3,1490,1493,0.15386177668265497
4,1503,1507,0.15386859034115316
4,1507,1511,0.15387175061604183
4,1504,1508,0.15387471753792606
4,1501,1505,0.15387749931224778
4,1498,1502,0.15388011014917824
4,1505,1509,0.1538825618095987
4,1520,1524,0.15388486455000278
4,1514,1518,0.15388702768189014
4,1515,1519,0.15388905981389808
4,1517,1521,0.15389096896865387
4,1514,1518,0.15389276264979482
4,1507,1511,0.1538944478876994
4,1511,1515,0.15389603127516072
3,1502,1505,0.15389751899765
3,1500,1503,0.15390214548948056
3,1512,1515,0.15390648989975364
3,1513,1516,0.15391057481250983
2,1515,1517,0.1539144146013847
2,1520,1522,0.15392126655621816
2,1524,1526,0.15392771046105136
1,1526,1527,0.15393377012629755
1,1522,1523,0.15394271608438262
1,1529,1530,0.1539511302426416
1,1535,1536,0.15395904261653887
1,1536,1537,0.15396647957600582
1,1534,1535,0.15397346825739086
1,1525,1526,0.15398003518071804
0,1537,1537,0.1539862056531372
