1388,27,1415,0.13582008463679696
1399,27,1426,0.1329240948520048
1427,29,1456,0.1302534973336934
1439,32,1471,0.12774276399065623
1450,33,1483,0.12542353302120918
1456,32,1488,0.1232825595701604
1462,32,1494,0.12131713492158588
1479,32,1511,0.11951246083541363
1473,33,1506,0.11782682732393743
1468,34,1502,0.1163080739137704
1459,35,1494,0.11493809736254476
1452,35,1487,0.11371309859174372
1466,35,1501,0.11261454559773566
1461,35,1496,0.11158099033178884
1465,33,1498,0.11065173333686644
1472,33,1505,0.10979640581651356
1472,34,1506,0.10900146796559124
1474,36,1510,0.1082784341003261
1465,37,1502,0.1076163683627389
1470,39,1509,0.10703460291085187
1454,41,1495,0.1064940152510702
1452,40,1492,0.10603787546861174
1456,42,1498,0.10562713394245214
1445,43,1488,0.10524420865416975
1450,43,1493,0.10492014454040166
1452,42,1494,0.10461361612582966
1462,41,1503,0.10433016254304853
1465,41,1506,0.10404995915411633
1464,41,1505,0.10378850421601477
1467,39,1506,0.10355260653118982
1457,39,1496,0.10333095479803418
1455,41,1496,0.10315133472775319
1449,42,1491,0.10299272021068856
1446,41,1487,0.10286113876890512
1453,41,1494,0.10274751409945722
1458,41,1499,0.10262850220626842
1455,40,1495,0.10250931668062041
1462,41,1503,0.10240762154896185
1447,41,1488,0.10229988863142904
1458,42,1500,0.10223428577339061
1462,42,1504,0.10215052500166566
1453,43,1496,0.10206569110007123
1446,43,1489,0.10200813633926653
1466,43,1509,0.10197098827992822
1480,42,1522,0.10189397412621329
1461,40,1501,0.10179306425823832
1456,41,1497,0.10174247524970052
1446,42,1488,0.10170763542331951
1446,43,1489,0.10169770482772542
1460,39,1499,0.10168819219022546
1466,39,1505,0.10164920247199831
1455,39,1494,0.10160117898185277
1461,43,1504,0.10158102149352359
1476,42,1518,0.1015498971045648
1458,40,1498,0.10148908036158702
1456,40,1496,0.10147232650489808
1447,41,1488,0.10146149079171705
1447,41,1488,0.10147067088946848
1447,38,1485,0.10147959689279575
1437,39,1476,0.10148763519248458
1437,39,1476,0.10151673537507708
1446,38,1484,0.10154329932631093
1460,41,1501,0.10154832364904731
1467,40,1507,0.10152229440702247
1460,41,1501,0.1014831742048506
1449,40,1489,0.10146261099955214
1462,40,1502,0.10146762797822972
1454,42,1496,0.10144433559895173
1458,41,1499,0.10144055916360543
1466,43,1509,0.10142844449339407
1451,45,1496,0.10140063494016148
1443,42,1485,0.10140776650642824
1451,41,1492,0.1014311287399927
1455,42,1497,0.10143550098536934
1467,41,1508,0.10143118675243398
1467,39,1506,0.10140132050246098
1467,39,1506,0.10137382330603112
1457,39,1496,0.10134899501025259
1446,39,1485,0.10134752802717141
1443,39,1482,0.10136977651886873
1449,40,1489,0.10139658551136649
1451,39,1490,0.1014081204899677
1443,38,1481,0.10141452730084563
1456,39,1495,0.10143750449578605
1457,39,1496,0.10143085584838588
1458,43,1501,0.10142248698346024
1451,42,1493,0.10141245994922073
1449,44,1493,0.10141856148791546
1446,43,1489,0.10142823920210929
1436,43,1479,0.10144334756622891
1428,44,1472,0.10147883668094675
1442,46,1488,0.10152844977467484
1437,47,1484,0.10154357200791621
1423,48,1471,0.10156813045042772
1440,48,1488,0.10162097145456936
1449,47,1496,0.10163249703141332
1447,46,1493,0.10162350772865837
1447,50,1497,0.10161951608485911
1437,50,1487,0.10161603542660534
1444,52,1496,0.10163418928102994
1440,51,1491,0.10163549540283824
1433,50,1483,0.10164560023294576
1429,50,1479,0.10166970166268596
1435,50,1485,0.10170071309751628
1436,51,1487,0.10171561635523416
1444,52,1496,0.10172719121867908
1440,54,1494,0.101720486068477
1428,54,1482,0.10172338724675971
1444,55,1499,0.10175203550764618
1456,58,1514,0.10174348365435339
1446,61,1507,0.10171012383025552
1445,60,1505,0.10170133289635569
1451,62,1513,0.1016954111019174
1449,58,1507,0.10167756419610655
1437,58,1495,0.10166576277759763
1442,58,1500,0.10168071465033485
1436,60,1496,0.10168408281248048
1435,61,1496,0.10169999689451002
1444,61,1505,0.10171653686713014
1442,64,1506,0.10171200906777791
1424,65,1489,0.10171244432113007
1409,64,1473,0.10175213411916723
1425,65,1490,0.10182041574756859
1427,62,1489,0.10184798422756608
1430,60,1490,0.10186875580025276
1423,60,1483,0.10188139009365683
1440,60,1500,0.10190758993767698
1422,59,1481,0.10189454932689232
1410,59,1469,0.10192166423411869
1429,61,1490,0.10197251349990046
1436,59,1495,0.10197774594478062
1440,56,1496,0.10196658248730413
1443,54,1497,0.10194815154267893
1429,56,1485,0.1019253173372042
1423,56,1479,0.10193454691915232
1435,54,1489,0.10195584128699903
1434,59,1493,0.10194910238117466
1427,55,1482,0.10194569015566315
1421,54,1475,0.10195771353789285
1424,55,1479,0.10198151705197352
1428,54,1482,0.10199635186155792
1428,55,1483,0.10200124760748301
1421,56,1477,0.1020062354648173
1424,57,1481,0.1020256012535236
1430,59,1489,0.10203719877109925
1430,59,1489,0.1020344636432052
1438,58,1496,0.10203162230788088
1429,59,1488,0.10201190747708223
1439,57,1496,0.1020136488877749
1446,58,1504,0.10199345584738047
1422,59,1481,0.10195981225197849
1429,60,1489,0.10198107717977259
1440,61,1501,0.10198581791728374
1447,60,1507,0.10196646245839425
1439,60,1499,0.10193349483794911
1428,60,1488,0.10192133069633755
1426,59,1485,0.1019335973353926
1436,60,1496,0.10194917804525186
1440,61,1501,0.10194216503415349
1440,64,1504,0.10192724738567312
1437,60,1497,0.10191381045460936
1429,59,1488,0.10190819383476317
1421,57,1478,0.10192013359379803
1425,61,1486,0.10194813990557089
1426,61,1487,0.10196531948500219
1419,59,1478,0.10197862426461927
1427,61,1488,0.10200580317279898
1427,62,1489,0.10201279941599478
1424,62,1486,0.10201921689413564
1417,60,1477,0.10203160357215589
1426,60,1486,0.10205817950239159
1422,58,1480,0.10206348527177299
1420,59,1479,0.1020771573142482
1438,59,1497,0.10209436392741054
1438,57,1495,0.10207095458218465
1448,56,1504,0.10204904929540866
1424,56,1480,0.10200763329573778
1432,57,1489,0.10202091916674635
1441,58,1499,0.10201574274582757
1436,59,1495,0.10199180095018477
1426,61,1487,0.10198029718307905
1427,60,1487,0.10199141451941095
1421,60,1481,0.10199921741323874
1417,65,1482,0.10202007232241225
1425,64,1489,0.10204756240236022
1410,66,1476,0.10205523651992092
1421,65,1486,0.1020945142233693
1421,66,1487,0.10210662106478978
1418,65,1483,0.10211765924544247
1430,66,1496,0.10213416725614151
1426,67,1493,0.10212375105111032
1430,68,1498,0.10212318806278371
1439,67,1506,0.10211428155102827
1430,68,1498,0.10208682404746
1425,68,1493,0.10208137386200491
1421,70,1491,0.10208732368307061
1421,67,1488,0.10210136488887654
1426,67,1493,0.10211450921389506
1416,67,1483,0.10211568784931106
1420,67,1487,0.10213844325657977
1433,64,1497,0.10214995500832715
1431,67,1498,0.10213284575795668
1441,67,1508,0.10212152401084197
1447,65,1512,0.10208956663503084
1447,66,1513,0.10204710912363132
1443,67,1510,0.10200871131329414
1437,66,1503,0.10198219752698033
1432,67,1499,0.1019709317503208
1427,66,1493,0.10197163646310897
1428,68,1496,0.10198320909832632
1436,66,1502,0.10199158512875321
1424,67,1491,0.10198190599737647
1431,69,1500,0.1019990117765607
1426,71,1497,0.10199980515756944
1418,74,1492,0.10201152953286766
1412,73,1485,0.10204008251909055
1422,73,1495,0.10207834610775784
1428,72,1500,0.10209163363287596
1418,72,1490,0.10209072434269915
1430,71,1501,0.10211146055420071
1414,72,1486,0.10210434087850409
1410,71,1481,0.10213251935526375
1425,69,1494,0.10216712628720125
1437,70,1507,0.10216615317310546
1438,70,1508,0.10213914722331427
1429,70,1499,0.10211312737635098
1437,68,1505,0.10210919749811588
1435,69,1504,0.10208846158832488
1431,68,1499,0.1020737259688213
1429,72,1501,0.10206898689830983
1426,71,1497,0.10206872987490008
1418,70,1488,0.1020752977681285
1415,70,1485,0.1020986351453494
1416,68,1484,0.10212635851829763
1413,69,1482,0.10214925035227322
1419,73,1492,0.10217747024913888
1415,74,1489,0.10219010296368865
1418,76,1494,0.10221003732993637
1417,76,1493,0.10222173267911196
1418,77,1495,0.10223465467574952
1423,76,1499,0.1022438952198408
1417,73,1490,0.10224137140179529
1406,73,1479,0.10225191959976242
1418,68,1486,0.1022857113721734
1420,71,1491,0.10229024596686408
1418,69,1487,0.10229014728060218
1431,70,1501,0.10229397178103387
1430,71,1501,0.10226895135365095
1427,73,1500,0.10224814290685562
1433,74,1507,0.10223581241908505
1438,71,1509,0.10221136529355374
1425,69,1494,0.10217818051639954
1423,69,1492,0.10217643027066402
1414,71,1485,0.10217873725353503
1417,72,1489,0.10220049518670862
1414,69,1483,0.10221342722083389
1434,70,1504,0.10223161654173295
1442,74,1516,0.10220505862905548
1444,70,1514,0.1021636211191872
1438,70,1508,0.1021214500643594
1416,69,1485,0.10209611519187016
1404,68,1472,0.10212073143553782
1402,75,1477,0.1021691544611954
1413,72,1485,0.1022172939550554
1426,73,1499,0.10223766923890791
1416,76,1492,0.10222817319688737
1428,73,1501,0.1022412945407427
1423,75,1498,0.1022269671776166
1410,77,1487,0.102225009738835
1409,79,1488,0.10225087803284959
1403,79,1482,0.10227659830157095
1416,77,1493,0.10231276847077708
1429,74,1503,0.10231782609573599
1421,76,1497,0.1022944659869534
1425,74,1499,0.10229031637220704
1443,75,1518,0.10227799033491244
1436,75,1511,0.1022278446187298
1420,76,1496,0.10219722890602298
1413,78,1491,0.10220438088783163
1400,75,1475,0.10222627180180359
1405,76,1481,0.10227438363467656
1408,77,1485,0.10230694377996366
1410,77,1487,0.10232984889811803
1405,81,1486,0.10234652121467334
1406,82,1488,0.10237222234247972
1395,82,1477,0.10239351430146666
1394,81,1475,0.10243714137954178
1405,86,1491,0.10247955489706438
1404,86,1490,0.10249428243212044
1399,86,1485,0.1025100768070827
1405,87,1492,0.102535526267419
1410,86,1496,0.10254534993658009
1396,88,1484,0.10254348472639739
1401,90,1491,0.10257203859480328
1418,92,1510,0.10258771163437533
1415,90,1505,0.10256534533603048
1412,92,1504,0.10255188437933878
1411,92,1503,0.10254615451269782
1406,92,1498,0.10254312480459764
1415,95,1510,0.10255144797969809
1420,95,1515,0.10253976420793873
1409,93,1502,0.10251834571017783
1406,91,1497,0.10252239037463433
1413,92,1505,0.10253281739223502
1410,92,1502,0.10252753992901929
1421,92,1513,0.10252834822442866
1413,88,1501,0.10250555837307113
1419,89,1508,0.1025021808239439
1420,88,1508,0.1024862385189698
1408,90,1498,0.10246913341022534
1405,87,1492,0.10248005034267577
1411,88,1499,0.1024964812747381
1412,85,1497,0.10249851075292778
1406,88,1494,0.10249760239125624
1423,89,1512,0.10250976311283927
1414,90,1504,0.10248391111688943
1411,90,1501,0.10247924206648751
1405,91,1496,0.10248132263915473
1405,91,1496,0.10249627384232042
1399,93,1492,0.10251027203517754
1409,92,1501,0.10253589897921365
1403,92,1495,0.10253765624121507
1404,93,1497,0.10255256480347491
1396,92,1488,0.10256443809507404
1392,89,1481,0.1025921470834689
1391,92,1483,0.10262614809486646
1402,94,1496,0.10265995247054654
1417,92,1509,0.1026664948845465
1409,96,1505,0.10263976284629898
1416,95,1511,0.10263298259127335
1403,99,1502,0.10261170839937585
1376,99,1475,0.10262046294599717
1386,102,1488,0.10268673589350845
1397,106,1503,0.10272562406549149
1393,106,1499,0.10273752229855485
1400,106,1506,0.10275712744184588
1405,103,1508,0.1027599041126927
1400,106,1506,0.10275176835608008
1397,107,1504,0.10275516969672002
1392,109,1501,0.10276512115784289
1397,108,1505,0.10278511032922992
1395,106,1501,0.10279301843132414
1388,104,1492,0.1028044091456431
1383,105,1488,0.10282980372154445
1392,105,1497,0.10286376489326504
1393,101,1494,0.10287525609232741
1408,102,1510,0.10288344681985173
1405,100,1505,0.10285791595206333
1386,101,1487,0.1028410700088008
1402,99,1501,0.10286671402910566
1396,101,1497,0.10285548881633734
1401,100,1501,0.10285878560013555
1390,98,1488,0.10285127055110004
1391,98,1489,0.10286865463869542
1389,101,1490,0.10288211595538517
1384,103,1487,0.10289836907219635
1394,106,1500,0.1029241180627815
1388,106,1494,0.10292609514386918
1399,110,1509,0.10294125055484148
1404,106,1510,0.10293109288327315
1400,110,1510,0.10291094889977508
1405,108,1513,0.10290129323376875
1409,108,1517,0.10288189521099443
1410,107,1517,0.10285532048331164
1405,107,1512,0.1028285317353366
1396,107,1503,0.10281532563037075
1393,105,1498,0.10282345223031414
1384,109,1493,0.10283769917434324
1375,109,1484,0.10286992642435877
1368,109,1477,0.1029192532567392
1366,116,1482,0.10297983926698397
1361,117,1478,0.10303998803505625
1374,123,1497,0.10310606024024992
1365,123,1488,0.10313790417818904
1364,120,1484,0.10318670146920207
1362,122,1484,0.10323349546251011
1368,121,1489,0.1032803907864175
1365,121,1486,0.1033104232489236
1366,122,1488,0.10334476072233398
1358,123,1481,0.10337451794095127
1362,125,1487,0.1034188335198426
1372,122,1494,0.10345034969149519
1372,121,1493,0.10345772797483287
1369,124,1493,0.10346409052008249
1378,123,1501,0.10347673735520173
1385,125,1510,0.1034689999083725
1380,123,1503,0.10344653798947649
1380,123,1503,0.10343674198846496
1383,122,1505,0.10342807010614226
1375,124,1499,0.1034132825963723
1374,131,1505,0.10341707007450615
1375,132,1507,0.10342306048727483
1376,134,1510,0.10342591696842923
1374,136,1510,0.10342629416343688
1375,137,1512,0.10343154019692903
1371,139,1510,0.10343451465688902
1354,142,1496,0.1034462340453242
1360,143,1503,0.10349390657213643
1363,140,1503,0.10352421839376141
1365,143,1508,0.10354500329686904
1355,146,1501,0.10355982031181292
1344,140,1484,0.10359495093148123
1342,142,1484,0.10365150795646613
1330,142,1472,0.10370737112124956
1331,144,1475,0.10378468052117644
1337,144,1481,0.10385316997632749
1345,142,1487,0.10390233272171817
1330,141,1471,0.10393061482518043
1326,141,1467,0.10398959177576529
1341,141,1482,0.10405197868757295
1344,144,1488,0.1040761856672336
1339,142,1481,0.10409156325037937
1334,143,1477,0.10411643059658245
1327,143,1470,0.10415081865670023
1336,144,1480,0.10419724169456857
1343,144,1487,0.10421982038494372
1354,143,1497,0.10422559029237156
1351,141,1492,0.10420625212182838
1352,143,1495,0.10419536086223351
1350,142,1492,0.10418363905954309
1347,139,1486,0.10417704503858033
1343,141,1484,0.10417803097785766
1341,147,1488,0.10418788486009829
1342,147,1489,0.10420163349988903
1335,152,1487,0.10421206857392198
1334,150,1484,0.10423781051550965
1340,152,1492,0.10426459050265478
1340,152,1492,0.1042762409031817
1334,155,1489,0.10428754829160176
1337,158,1495,0.10431185926219641
1333,163,1496,0.10432826222772945
1330,159,1489,0.10435256742048038
1338,161,1499,0.1043808803743581
1341,155,1496,0.10438907145035549
1340,154,1494,0.1043896766764523
1328,155,1483,0.10439065537373494
1338,155,1493,0.10441907338267989
1331,158,1489,0.10442385133595945
1339,157,1496,0.10444305870087872
1331,150,1481,0.10444282913421304
1335,152,1487,0.1044600994318679
1336,158,1494,0.10446706751544774
1349,158,1507,0.10447129445960708
1352,163,1515,0.10444669189957173
1351,165,1516,0.10441771488943655
1352,166,1518,0.10439359853177888
1340,166,1506,0.10436926297764487
1341,162,1503,0.10437369891647372
1342,163,1505,0.1043753234923449
1342,162,1504,0.10437427175265027
1345,162,1507,0.10437390229472325
1331,160,1491,0.1043672722005951
1325,160,1485,0.10439290498116144
1336,159,1495,0.10442966141519626
1341,158,1499,0.10443836889678704
1344,157,1501,0.10443593023377744
1336,157,1493,0.10442717575822005
1330,160,1490,0.1044366060507711
1338,164,1502,0.10445910629760954
1342,164,1506,0.10446202955766115
1344,157,1501,0.10445646314465529
1333,160,1493,0.10444713448718013
1329,163,1492,0.1044625175204375
1335,160,1495,0.10448495798118235
1338,154,1492,0.10449307592837524
1337,155,1492,0.10449433868679966
1342,153,1495,0.10449699021141182
1331,154,1485,0.10448864177151394
1334,154,1488,0.10450571317392107
1331,161,1492,0.10451388356068879
1343,164,1507,0.10452722542002167
1333,168,1501,0.10451346402513394
1331,170,1501,0.10452246012371944
1325,167,1492,0.10453467105496614
1334,168,1502,0.10455930291235876
1317,165,1482,0.1045618818651042
1319,169,1488,0.10460114518263389
1330,166,1496,0.10463308892085077
1324,170,1494,0.10463822576952461
1336,171,1507,0.10465686004337592
1332,171,1503,0.10464727768488594
1329,169,1498,0.10464731125417365
1313,166,1479,0.10465383663254677
1317,168,1485,0.1046944793446805
1333,165,1498,0.104722120211231
1326,167,1493,0.10471131071102124
1324,166,1490,0.1047168826679524
1314,167,1481,0.10472625440944648
1317,168,1485,0.10475758729071098
1325,168,1493,0.10477969785198603
1318,171,1489,0.10478282082948928
1314,171,1485,0.10480101640194778
1312,170,1482,0.10482611858194957
1332,167,1499,0.10485323003678221
1333,169,1502,0.10483347509645842
1328,172,1500,0.10481358849200245
1331,177,1508,0.10480669333649152
1326,178,1504,0.10479395848727649
1302,174,1476,0.10479344430428551
1303,178,1481,0.10484637376088868
1311,183,1494,0.10489266652756324
1320,185,1505,0.10491791018615998
1319,185,1504,0.10492208648461343
1298,187,1485,0.10492859702485526
1325,182,1507,0.1049811812717659
1315,183,1498,0.10496984646296713
1311,185,1496,0.10498141699316324
1316,181,1497,0.10500055725970739
1321,183,1504,0.10500612756994882
1321,181,1502,0.10499985038549646
1309,183,1492,0.10499473644863969
1313,184,1497,0.1050164703235266
1306,182,1488,0.10502776769378108
1320,183,1503,0.10505261835553689
1327,185,1512,0.10504508870554474
1314,182,1496,0.10502292876772631
1316,187,1503,0.10503175046040297
1322,193,1515,0.10503498460250422
1321,193,1514,0.10502528235644683
1310,193,1503,0.10501907115317505
1314,193,1507,0.10503775232476417
1312,201,1513,0.1050459825647266
1312,196,1508,0.10505802693367888
1302,200,1502,0.10506975053447806
1300,198,1498,0.10510261889430435
1293,201,1494,0.1051373664163155
1288,203,1491,0.10518550267203125
1299,203,1502,0.10523971827280221
1302,203,1505,0.10526360292880596
1299,202,1501,0.10528023653708152
1294,201,1495,0.10530212304381817
1281,194,1475,0.10533383045927462
1290,203,1493,0.10539109892775395
1301,199,1500,0.10542328478108268
1297,193,1490,0.10542844955656416
1302,196,1498,0.1054406592456146
1306,193,1499,0.10543960165306926
1297,186,1483,0.10542911694484552
1295,185,1480,0.10543938345339747
1298,183,1481,0.10545315161470997
1301,186,1487,0.10545876365563349
1297,190,1487,0.1054571464053251
1278,199,1477,0.10546484209617926
1292,203,1495,0.10551428630004145
1288,195,1483,0.1055285327114321
1278,198,1476,0.10555060803827512
1287,199,1486,0.10559321690494027
1288,201,1489,0.1056127449639261
1280,207,1487,0.10562783831352275
1289,208,1497,0.10565988968198271
1288,208,1496,0.10566930246413964
1293,212,1505,0.10568001128872134
1298,208,1506,0.10567880152529309
1285,210,1495,0.10566635767209688
1303,214,1517,0.105684283333641
1295,216,1511,0.10566116032374916
1279,216,1495,0.10565836778015295
1285,218,1503,0.10569097819765166
1281,216,1497,0.10570805297696602
1282,209,1491,0.1057325713696774
1279,204,1483,0.10575366716980103
1272,210,1482,0.10577903111203386
1272,208,1480,0.10581791642585273
1273,209,1482,0.10585292280329436
1284,207,1491,0.10588257127319116
1286,205,1491,0.10588544587287366
1283,202,1485,0.10588373111654416
1288,200,1488,0.10588831130713913
1286,206,1492,0.10588155209013837
1286,207,1493,0.10587951465299347
1280,207,1487,0.10587857895758819
1291,207,1498,0.10589169918462456
1307,207,1514,0.10587949569420335
1297,210,1507,0.1058332101585816
1302,207,1509,0.105812825800137
1289,211,1500,0.10578236481175488
1303,210,1513,0.10578458332343539
1306,213,1519,0.10575449252830892
1300,212,1512,0.10572032604322296
1293,212,1505,0.10570246286055678
1282,219,1501,0.10570187372792735
1275,218,1493,0.10572603550897174
1285,217,1502,0.10576357518156083
1290,213,1503,0.10577514623846178
1293,214,1507,0.10577517146141617
1280,212,1492,0.10576803716324061
1278,222,1500,0.10579007380435432
1281,224,1505,0.10581519450938788
1279,220,1499,0.1058317059421528
1276,222,1498,0.10585199189219699
1279,224,1503,0.1058773565891387
1278,222,1500,0.10589459811944892
1271,226,1497,0.10591225947540334
1267,230,1497,0.1059443402978811
1267,226,1493,0.10598297013270588
1271,221,1492,0.10601889987139199
1274,219,1493,0.10604330541750193
1260,225,1485,0.10605902841895644
1262,225,1487,0.10610400376382416
1269,228,1497,0.10614128346431702
1257,233,1490,0.1061605515463521
1250,234,1484,0.10620567320397818
1253,234,1487,0.1062629757564346
1251,233,1484,0.10630876243136339
1260,234,1494,0.10635521891557541
1261,236,1497,0.10637717763623283
1267,240,1507,0.10639489692659079
1260,239,1499,0.10639824624461561
1260,241,1501,0.10641676218872897
1251,246,1497,0.106434196404041
1252,245,1497,0.10646968971265505
1255,245,1500,0.10649994878528662
1244,246,1490,0.10652107823987199
1249,244,1493,0.10656498946189111
1260,244,1504,0.10659481749851273
1259,246,1505,0.10659742068444032
1247,241,1488,0.10660234907272097
1249,241,1490,0.1066338454840982
1248,249,1497,0.10665855272895441
1247,251,1498,0.10668421944900773
1244,252,1496,0.10671023205571557
1240,252,1492,0.10674200049276523
1258,251,1509,0.1067788529357892
1257,255,1512,0.10677271233203704
1252,257,1509,0.10677023165838967
1250,259,1509,0.10677863575157684
1251,262,1513,0.10679149935772682
1256,267,1523,0.10680115252476848
1252,272,1524,0.10679973713709473
1250,270,1520,0.10680674835666906
1246,267,1513,0.10681758289158193
1244,273,1517,0.10683645170635162
1237,276,1513,0.10685842825319437
1241,271,1512,0.10689446909674484
1242,270,1512,0.10692035012008036
1243,273,1516,0.106941932670549
1247,272,1519,0.10695901877574951
1248,274,1522,0.10696507281718666
1242,271,1513,0.10696954181648526
1235,276,1511,0.10698820015114702
1235,278,1513,0.10702145266574409
1222,271,1493,0.10705237029614122
1223,276,1499,0.10710909050609718
1227,286,1513,0.10715952038512352
1225,283,1508,0.10719609491076529
1219,292,1511,0.10723437130809643
1222,287,1509,0.1072828879028517
1212,286,1498,0.1073198630519879
1217,284,1501,0.107376616201337
1213,288,1501,0.10741805532515938
1210,283,1493,0.10746507928250437
1207,288,1495,0.10751465839926856
1198,288,1486,0.10756697958006743
1199,290,1489,0.10763536191442666
1229,290,1519,0.10769555942927386
1233,292,1525,0.10768292213100712
1236,289,1525,0.10766163391772557
1223,291,1514,0.1076357755438775
1228,291,1519,0.10764211586395823
1215,297,1512,0.1076376700785367
1217,296,1513,0.10766335969082347
1215,294,1509,0.10768174956299045
1200,291,1491,0.10770328160742158
1185,292,1477,0.10775776008522595
1202,293,1495,0.10784126240931577
1200,298,1498,0.10787981350655645
1187,296,1483,0.1079193440251098
1185,296,1481,0.10798568057824114
1183,303,1486,0.10805125144381432
1186,310,1496,0.10811523517586044
1191,307,1498,0.10816713988406196
1189,310,1499,0.1082032911940167
1182,307,1489,0.10824034847257324
1174,309,1483,0.10829005560656306
1183,311,1494,0.10835426286757027
1190,310,1500,0.10839411266414878
1195,312,1507,0.10841539348394737
1183,311,1494,0.10842313875758958
1184,306,1490,0.10845597570799687
1175,308,1483,0.10848339807242305
1181,309,1490,0.10852924430950006
1184,316,1500,0.10855785315404554
1179,317,1496,0.10857711307485783
1177,324,1501,0.10860570953891102
1169,327,1496,0.10863680058111502
1178,327,1505,0.10868404481376523
1180,326,1506,0.108706689115084
1179,326,1505,0.10872338048000241
1169,329,1498,0.10874195364800364
1176,334,1510,0.1087818610363819
1173,334,1507,0.10880112858136716
1178,333,1511,0.10882616033931664
1180,327,1507,0.10883832345389628
1189,326,1515,0.10884438670980981
1160,325,1485,0.10882947962494154
1170,324,1494,0.1088814729964393
1164,320,1484,0.10890609273702724
1172,323,1495,0.10894195434773131
1167,330,1497,0.10895699056663503
1153,329,1482,0.10898237217086218
1156,331,1487,0.10903849363392759
1155,332,1487,0.10908330576287442
1152,336,1488,0.10912751562783213
1156,341,1497,0.1091730986604461
1151,340,1491,0.10920690177334634
1148,340,1488,0.10924961475055733
1154,342,1496,0.1092963355504025
1158,344,1502,0.10932634669051429
1163,348,1511,0.1093450400224805
1139,351,1490,0.1093510127157602
1143,356,1499,0.10941312123096134
1157,353,1510,0.10946155600070612
1148,354,1502,0.10947396410990537
1161,360,1521,0.10950575140041635
1154,359,1513,0.1095043528643578
1143,360,1503,0.10951942544941193
1143,361,1504,0.10955865665727545
1147,360,1507,0.10959498088550976
1139,355,1494,0.10961970624572355
1138,350,1488,0.10966016156182898
1131,350,1481,0.10969948588133835
1133,357,1490,0.10975153618297676
1141,350,1491,0.1097947204330895
1137,358,1495,0.10981668651786838
1127,355,1482,0.10984578841733011
1115,360,1475,0.10989606980473625
1127,367,1494,0.10996982091440657
1133,370,1503,0.11000872390763777
1132,369,1501,0.11003152178450368
1125,370,1495,0.11005551024347582
1116,373,1489,0.11009351664083553
1119,373,1492,0.11014954522095102
1130,381,1511,0.11019518832693449
1113,383,1496,0.11021242084178141
1119,383,1502,0.1102666146139192
1115,386,1501,0.11030342868961746
1101,389,1490,0.11034699135867011
1101,393,1494,0.11041797876979827
1114,378,1492,0.11048291514970171
1117,377,1494,0.11051231291120775
1112,378,1490,0.11053373146508097
1107,387,1494,0.11056532886449837
1107,391,1498,0.11060704936698508
1105,395,1500,0.11064601235096067
1104,404,1508,0.110687495273942
1099,409,1508,0.11072907009839004
1106,414,1520,0.11077882167227755
1100,411,1511,0.11080788693528622
1106,407,1513,0.11084922755017843
1100,411,1511,0.11087340441945596
1095,415,1510,0.11091072963863421
1080,415,1495,0.11095725466527045
1085,412,1497,0.1110352355019306
1077,412,1489,0.11109572170919488
1076,415,1491,0.11116997102898984
1083,424,1507,0.11124079337291466
1078,425,1503,0.11128907192415051
1081,427,1508,0.11134697731395449
1075,425,1500,0.11139353602708643
1078,430,1508,0.11145023363366338
1064,430,1494,0.11149408346402492
1077,432,1509,0.11156550599262438
1082,430,1512,0.11160147226360456
1079,423,1502,0.11162253002112653
1073,414,1487,0.11164903764387034
1081,416,1497,0.11168660414961323
1079,412,1491,0.11170319836061844
1072,419,1491,0.11172373424618538
1073,418,1491,0.11175901107347927
1084,422,1506,0.11178918775307203
1087,418,1505,0.11179181957855806
1081,422,1503,0.11178763807510168
1078,419,1497,0.1117973007542149
1076,422,1498,0.11181203722611897
1075,422,1497,0.1118314217025734
1068,428,1496,0.11185326244258512
1069,424,1493,0.11188879616696144
1075,429,1504,0.1119193814548516
1071,431,1502,0.11193278381653837
1077,428,1505,0.1119552411460818
1073,437,1510,0.11196195894529783
1074,432,1506,0.11197809474910354
1078,435,1513,0.11198991356609937
1074,436,1510,0.11199240509187204
1073,435,1508,0.11200483234686263
1075,439,1514,0.11201810428703443
1069,434,1503,0.11202608361428928
1072,437,1509,0.11204728038299894
1068,428,1496,0.11205883812303412
1073,430,1503,0.11207930163291553
1076,428,1504,0.11208722847838015
1069,428,1497,0.11208768106136117
1074,432,1506,0.11210366878151212
1071,431,1502,0.11210653378814378
1068,438,1506,0.11211408459227908
1056,435,1491,0.11212834466642185
1065,435,1500,0.11216935857376858
1057,437,1494,0.11218595779256646
1062,439,1501,0.11222044717596567
1055,432,1487,0.11224026769603325
1050,437,1487,0.11227352461204272
1055,443,1498,0.11231670281942126
1051,440,1491,0.11234455361271184
1045,445,1490,0.11237951897846196
1048,446,1494,0.11242563643294078
1052,456,1508,0.11246110449482886
1049,451,1500,0.11248599460632164
1053,443,1496,0.11251494428659915
1054,448,1502,0.11253259282658408
1052,449,1501,0.11254690855811901
1064,448,1512,0.1125646542769912
1067,447,1514,0.11255196987183794
1063,450,1513,0.11253413840011113
1058,449,1507,0.11252814622792162
1043,451,1494,0.11253228580113472
1061,452,1513,0.1125706495137616
1053,446,1499,0.11256354325568775
1059,443,1502,0.1125748250569566
1045,446,1491,0.11257270543216288
1051,449,1500,0.1126040349558217
1047,448,1495,0.11261959640988525
1045,445,1490,0.11264217131390396
1036,454,1490,0.11266715676450638
1029,454,1483,0.11271132723977167
1024,459,1483,0.11276773940012877
1038,459,1497,0.11282935255097273
1042,453,1495,0.11285301995135058
1036,452,1488,0.11286490393980696
1047,455,1502,0.11288985811751452
1045,454,1499,0.11288664675191712
1044,461,1505,0.11288910894564541
1046,466,1512,0.11289470937432662
1039,467,1506,0.11289632310229848
1025,473,1498,0.11291560703765789
1018,469,1487,0.11296690560318981
1018,475,1493,0.11303218903640698
1007,478,1485,0.1130911490444292
1004,483,1487,0.11316956512210481
1004,481,1485,0.1132481008096281
1008,486,1494,0.113321074372104
1010,488,1498,0.11337851690274006
1008,492,1500,0.11342809875383944
1009,497,1506,0.11347983726567705
998,497,1495,0.11352629972120122
992,494,1486,0.11359467298751612
1003,500,1503,0.11367122197480274
1008,507,1515,0.11371734564429246
998,503,1501,0.11374823280064644
1003,502,1505,0.11379998559970715
998,503,1501,0.11383517255802712
998,506,1504,0.11387970811328396
993,509,1502,0.11392123700296207
985,509,1494,0.11397277674176355
984,512,1496,0.11403896386653736
977,516,1493,0.11410135322614182
989,511,1500,0.11417638626234879
988,510,1498,0.11421652715593929
987,517,1504,0.11425770294778635
985,522,1507,0.11429756761099409
988,515,1503,0.11433904067727217
980,519,1499,0.11436995682030102
982,516,1498,0.11441724731455143
974,515,1489,0.11445701459549244
976,514,1490,0.11451156940742661
975,520,1495,0.11455686189563749
975,521,1496,0.11460280455548656
974,523,1497,0.11464544767159907
974,526,1500,0.11468654545852829
970,529,1499,0.11472484621117669
979,528,1507,0.11477177118416111
984,519,1503,0.11479382187183436
997,523,1520,0.11480187376833179
992,527,1519,0.11477861923905924
998,518,1516,0.11477008763340185
991,521,1512,0.11474777233440342
972,521,1493,0.11474401689709474
966,520,1486,0.11478511477005661
975,517,1492,0.11483724835688801
983,518,1501,0.11486255076248647
974,528,1502,0.11486863411918907
967,531,1498,0.11489540812006142
964,532,1496,0.11493564774395448
973,531,1504,0.11497961747022054
966,536,1502,0.11499834491174894
964,535,1499,0.11503092752404552
970,532,1502,0.11506498572266594
969,528,1497,0.11508295313114601
973,528,1501,0.11510275506809094
972,534,1506,0.11511195894607865
960,534,1494,0.11512493133138807
964,542,1506,0.11516530221361425
968,548,1516,0.11519289330460616
962,546,1508,0.11520958444055587
951,543,1494,0.11523917240147302
945,552,1497,0.11529383377941765
952,546,1498,0.1153599668700436
953,550,1503,0.115405926485791
951,555,1506,0.11544323103250852
948,551,1499,0.11548294102435477
953,550,1503,0.11552630314701962
958,547,1505,0.11555553909616009
955,551,1506,0.11557072780604852
956,554,1510,0.11559056219599771
967,546,1513,0.11560655227538831
964,544,1508,0.11559495908647431
963,554,1517,0.11559101721268066
960,549,1509,0.11559078986963581
964,548,1512,0.11559680785600762
953,551,1504,0.11559329917601918
951,557,1508,0.1156157948801046
960,554,1514,0.1156429232179147
967,544,1511,0.11564643696373711
970,543,1513,0.11563246990036548
965,544,1509,0.11561165790242603
954,544,1498,0.11560502816318467
957,543,1500,0.11562523861875615
955,544,1499,0.11563686175987772
965,542,1507,0.11565106679859664
968,535,1503,0.11563864720682045
966,537,1503,0.11562012807709404
955,543,1498,0.11560869068132287
961,544,1505,0.11562542806793345
952,547,1499,0.11562545313474909
944,547,1491,0.11564780760150584
942,552,1494,0.11568769455223539
946,551,1497,0.1157290854575978
954,551,1505,0.11575841880891158
948,556,1504,0.11576600872262198
946,555,1501,0.11578693816113678
933,546,1479,0.11581112893587686
939,557,1496,0.11586416984023079
936,552,1488,0.11589860707999147
940,547,1487,0.11593757819197666
933,548,1481,0.11596481675844877
928,550,1478,0.11600633910149562
926,549,1475,0.11605531047841193
944,554,1498,0.11610596207668678
948,547,1495,0.11610915000454121
943,546,1489,0.11610157053239459
950,549,1499,0.11610723207334538
950,547,1497,0.1160955742130161
951,555,1506,0.11608454089798488
944,555,1499,0.116072233083282
948,561,1509,0.11607749949389082
937,564,1501,0.11607443259121446
942,571,1513,0.1160979773654238
940,568,1508,0.11610737355657204
940,563,1503,0.11612252506138276
936,573,1509,0.11613561241708326
924,568,1492,0.11615756370704616
916,568,1484,0.11620663612370334
924,577,1501,0.11627087117274088
924,588,1512,0.11631028641892406
915,592,1507,0.11634776930190846
909,593,1502,0.11640293387314557
911,593,1504,0.11646917677812266
913,589,1502,0.11652649177160168
904,587,1491,0.11657632679963281
903,584,1487,0.11664527813405969
900,583,1483,0.11671170685353814
895,575,1470,0.11678064944426528
900,587,1487,0.11685578444236518
908,589,1497,0.11691308654865869
908,595,1503,0.11694711106835118
904,598,1502,0.1169797039743769
908,607,1515,0.11701940921593672
917,611,1528,0.11704622511275663
910,608,1518,0.11704790052244711
901,606,1507,0.11706630068488189
901,601,1502,0.11710419367036373
905,593,1498,0.11713855484663788
916,590,1506,0.11716110900962874
911,594,1505,0.11715616749618846
913,597,1510,0.11716426611447933
911,604,1515,0.11716600484076584
907,611,1518,0.1171731727680046
903,601,1504,0.11719027932756493
907,609,1516,0.11721599754434887
896,606,1502,0.11722935783309044
892,603,1495,0.11726879275988494
895,598,1493,0.11731477891459463
895,607,1502,0.11735035164963445
895,612,1507,0.11738319508905583
895,598,1493,0.11741244970870612
888,608,1496,0.11743917800875985
892,602,1494,0.11748035178510903
894,605,1499,0.11750905817298599
892,609,1501,0.11753106967109037
891,618,1509,0.11755747971698324
886,621,1507,0.11758379428774995
892,614,1506,0.1176206015043787
899,613,1512,0.1176409475562982
901,605,1506,0.11764303174666221
895,607,1502,0.11764008804950976
885,609,1494,0.11765092413378055
880,610,1490,0.11768344160794351
878,610,1488,0.1177272302536797
878,614,1492,0.11777330723882681
875,622,1497,0.11781454553024627
869,622,1491,0.11785831600523165
876,625,1501,0.1179158642461634
872,632,1504,0.11795148948728301
881,629,1510,0.1179955857026004
877,631,1508,0.11801494895850047
884,634,1518,0.11804326799746315
873,639,1512,0.11805305605909702
871,638,1509,0.11808713818408936
872,631,1503,0.1181232418854685
864,636,1500,0.11815600387098031
861,637,1498,0.11820552857406132
854,645,1499,0.11826009852517166
865,646,1511,0.11832732926989391
864,638,1502,0.11836467753367544
876,632,1508,0.11840108910617683
872,641,1513,0.11840697630807567
872,634,1506,0.1184222305927233
867,637,1504,0.11843709505750168
874,636,1510,0.11846263637278096
863,631,1494,0.118468697007017
868,635,1503,0.11850204606446577
861,640,1501,0.11852034587270609
862,645,1507,0.11855565787280346
862,644,1506,0.1185866193982063
867,648,1515,0.11861618876885434
865,652,1517,0.1186327551798436
863,656,1519,0.1186543713005225
860,660,1520,0.11867978681485639
853,665,1518,0.11870991434948223
849,658,1507,0.11875431868072372
848,651,1499,0.11880461708276031
843,655,1498,0.11885423117254966
854,652,1506,0.11891105033860266
856,647,1503,0.11893522534891275
856,644,1500,0.11895357099962478
853,632,1485,0.11896983083352289
855,632,1487,0.11899226829426728
852,640,1492,0.11900589952473246
858,633,1491,0.11902584035219448
849,636,1485,0.11902965944870786
839,643,1482,0.11905429537090736
844,641,1485,0.11910027551216334
837,642,1479,0.11912945108576008
848,643,1491,0.11917517617589642
853,634,1487,0.11919053001713537
852,641,1493,0.11919226719751957
854,648,1502,0.11919654004972748
848,653,1501,0.11919676954876995
841,655,1496,0.11921279060731983
844,654,1498,0.11924529633608252
835,654,1489,0.11926930061720484
840,656,1496,0.11931370501064227
845,662,1507,0.11934285836354214
834,664,1498,0.1193578451379523
830,663,1493,0.11939914618834237
829,666,1495,0.11944563388243246
826,668,1494,0.1194923963832634
825,674,1499,0.11954465109047
821,678,1499,0.11959605491412578
814,675,1489,0.11965403783425035
812,683,1495,0.1197256015164442
807,686,1493,0.11979684711017204
807,679,1486,0.11987493794672317
815,681,1496,0.11994756961271012
816,692,1508,0.11999468365613479
813,683,1496,0.12003508120585103
813,685,1498,0.12008026156298376
820,679,1499,0.12012308065326453
823,675,1498,0.12014496714107463
826,671,1497,0.12015788523375194
817,681,1498,0.12016408206693117
814,695,1509,0.12019308093144346
815,694,1509,0.12022604032306322
810,693,1503,0.12025601996604576
805,700,1505,0.12029685927337816
807,704,1511,0.12034671025688472
801,712,1513,0.12038959615210261
799,713,1512,0.12044373598933238
800,713,1513,0.12049986575275551
793,711,1504,0.12054978264781806
786,708,1494,0.1206133432709077
786,701,1487,0.12068899828272966
793,706,1499,0.1207576499932031
783,713,1496,0.12080456919938964
782,716,1498,0.12087376421928277
780,712,1492,0.12094019370609192
774,719,1493,0.12100724778474277
776,726,1502,0.12108422090174503
778,718,1496,0.1211520733421371
772,729,1501,0.12121094343408612
767,730,1497,0.12128116807488996
767,729,1496,0.12135945474809634
756,737,1493,0.12143195587504035
755,738,1493,0.12152613928914502
753,741,1494,0.12161729008494845
752,743,1495,0.12170571291047977
756,742,1498,0.12179083635731491
753,748,1501,0.12186054620020602
755,753,1508,0.12193281222727573
758,740,1498,0.12199565482458738
754,734,1488,0.12204539481573398
753,749,1502,0.12210155910404984
753,759,1512,0.12215465462457699
756,752,1508,0.12220322596674629
749,757,1506,0.12224087463779754
752,762,1514,0.12229406601125788
749,763,1512,0.12233611185074265
751,759,1510,0.12238182281234351
751,774,1525,0.12242041653135073
744,766,1510,0.12245603942228123
742,764,1506,0.1225056396593237
742,761,1503,0.12255700219773871
729,768,1497,0.12260301263318185
725,769,1494,0.1226792634037647
723,768,1491,0.12276065151299256
727,779,1506,0.12284349016990177
728,773,1501,0.12291130496180754
722,780,1502,0.12297109561349943
724,769,1493,0.12304196815976902
724,765,1489,0.12310280288803149
732,768,1500,0.12315783133271886
736,766,1502,0.12318714701168233
744,770,1514,0.12320525786285216
744,772,1516,0.12320111583809489
739,777,1516,0.123196741477683
739,783,1522,0.12320341898652472
745,779,1524,0.12320935429226988
731,777,1508,0.12320140796041351
734,783,1517,0.12322918688846966
724,776,1500,0.12324832447651612
715,780,1495,0.12329202823660973
732,782,1514,0.12335281158699576
734,786,1520,0.12336653076132446
727,785,1512,0.12337513314660836
735,780,1515,0.12339715886891017
731,779,1510,0.12339579708076125
727,779,1506,0.12340522108625306
723,781,1504,0.12342358730636104
719,780,1499,0.12345117246258024
718,782,1500,0.1234873136572218
711,785,1496,0.12352486912650214
719,785,1504,0.12357737786906085
713,781,1494,0.12360512131429914
711,777,1488,0.1236465670099956
725,783,1508,0.12369060135773954
714,782,1496,0.12369658338411106
711,792,1503,0.12372985084180253
706,791,1497,0.12376930000287908
702,786,1488,0.12381966898520122
701,791,1492,0.12387682778265154
706,797,1503,0.1239319486144452
706,797,1503,0.12397075892400117
711,798,1509,0.12400708204465671
715,800,1515,0.124027585756274
712,803,1515,0.1240372521150908
720,803,1523,0.1240559967786521
706,804,1510,0.12405272429083582
710,810,1520,0.12408311993383063
699,817,1516,0.12410251763836495
695,815,1510,0.12414797395010925
694,821,1515,0.12420022952061839
689,813,1502,0.12425056534237712
679,817,1496,0.12430971712474154
683,823,1506,0.12438908652410514
682,811,1493,0.12445283514748388
674,821,1495,0.12451536507888687
680,823,1503,0.12459367682046477
683,819,1502,0.12465047135738841
689,819,1508,0.12469698360413617
690,822,1512,0.12472613562596377
697,823,1520,0.12475219163616769
688,821,1509,0.12475932428696627
690,816,1506,0.12478885547898592
690,822,1512,0.12481099060834192
693,834,1527,0.12483133587486234
682,827,1509,0.1248430619645054
686,827,1513,0.12488090730442983
692,828,1520,0.12490778380106841
681,836,1517,0.12491718613159897
676,844,1520,0.12495342660881573
668,844,1512,0.12499949729107218
667,833,1500,0.1250621034770251
665,830,1495,0.12512221246690122
658,834,1492,0.1251828648963392
661,845,1506,0.12525775764974076
662,852,1514,0.12531986255485486
656,859,1515,0.1253755207829973
652,865,1517,0.12544362006866452
646,868,1514,0.12551775130136117
646,866,1512,0.12560129305212087
639,872,1511,0.12567895272225782
643,865,1508,0.1257698734027736
643,871,1514,0.12584436186957507
639,871,1510,0.1259139793927641
636,865,1501,0.12598789790649562
645,865,1510,0.12606610726530432
637,869,1506,0.12611462657009695
640,872,1512,0.12617846782163958
637,878,1515,0.12623149481476345
637,879,1516,0.12628761154587298
639,878,1517,0.1263401078800478
628,880,1508,0.12638502235901655
627,878,1505,0.12645448773583462
623,879,1502,0.12652217355856443
617,879,1496,0.12659489612810523
604,887,1491,0.12667803126830085
613,881,1494,0.12678849057198815
612,886,1498,0.1268698488800974
619,886,1505,0.12694918600806335
625,882,1507,0.12700491555419754
622,885,1507,0.12704266027575523
623,896,1519,0.12708721015603042
619,890,1509,0.12712755209738474
619,895,1514,0.12717571187650542
611,906,1517,0.12722074886356624
611,900,1511,0.12728107437246117
610,905,1515,0.1273360597485528
608,909,1517,0.12738941434333825
607,908,1515,0.1274460672564014
598,903,1501,0.12749959195728588
588,913,1501,0.1275733701107731
590,904,1494,0.12766606869817093
582,909,1491,0.12774596401558105
579,913,1492,0.1278396696579292
575,915,1490,0.127934649188867
571,914,1485,0.12803362446038413
575,928,1503,0.12813704473183654
566,919,1485,0.1282226664454893
566,928,1494,0.1283270799939165
573,935,1508,0.12842537000542897
567,934,1501,0.12849891042305667
569,944,1513,0.12858299793244066
564,942,1506,0.12865696288285325
555,936,1491,0.1287393843499044
562,938,1500,0.12883844040884546
567,946,1513,0.128911400853479
573,942,1515,0.12896640352061653
567,946,1513,0.12900328232879762
567,945,1512,0.1290559993925824
556,951,1507,0.12910583434248118
556,950,1506,0.12917896462659023
549,956,1505,0.1292486817196548
553,964,1517,0.1293326957732932
546,971,1517,0.12940133692748929
543,985,1528,0.1294823849370221
546,983,1529,0.1295667158438032
545,980,1525,0.12963879282008547
542,973,1515,0.1297088835852457
545,980,1525,0.12978307669812797
540,981,1521,0.12984523430755376
539,982,1521,0.12991585902693636
537,974,1511,0.1299853245695015
534,968,1502,0.1300551148057564
534,972,1506,0.13012826684009365
540,977,1517,0.13019554855994378
544,973,1517,0.1302432668100386
542,973,1515,0.13027691661172558
535,976,1511,0.13031380924210534
532,969,1501,0.13036676952395054
529,977,1506,0.13042466947494535
525,983,1508,0.13048597039663615
522,986,1508,0.13055376735946186
531,979,1510,0.13062495086972156
530,984,1514,0.13066621436210699
528,981,1509,0.13070843680345515
531,981,1512,0.13075407917230478
523,985,1508,0.1307888487676916
523,989,1512,0.13084208222917035
520,992,1512,0.13089137253992764
514,991,1505,0.13094636893341194
520,988,1508,0.13101188897113197
523,989,1512,0.1310555863040252
525,999,1524,0.1310906730359145
525,1002,1527,0.13111967546762066
528,996,1524,0.13114611881482857
529,988,1517,0.1311650439923487
530,1002,1532,0.1311791384810111
518,995,1513,0.13119046350627075
513,996,1509,0.1312324473527482
509,1002,1511,0.13128415435946067
510,1010,1520,0.13134363747516478
511,1002,1513,0.131394696546656
510,995,1505,0.1314399215588427
501,999,1500,0.13148496097306764
502,1000,1502,0.13154896161868104
497,1003,1500,0.13160468700983766
498,1000,1498,0.1316681613479032
503,980,1483,0.1317255334286267
505,998,1503,0.13176866292023404
510,987,1497,0.13180091598919536
506,995,1501,0.13181834008614568
504,1002,1506,0.13184307863243105
489,1007,1496,0.13187039401329542
497,1009,1506,0.1319344197557547
496,1001,1497,0.13197486987532303
499,1001,1500,0.13201499682147438
504,999,1503,0.1320449684798708
500,1007,1507,0.13206082980609954
504,1004,1508,0.1320884733619166
509,1008,1517,0.13210438375627603
504,1009,1513,0.13210580083724902
500,997,1497,0.13212003543009626
495,991,1486,0.13214430911473823
487,1012,1499,0.13218158297401267
487,1016,1503,0.13223545266759076
491,1018,1509,0.13228628233091747
486,1022,1508,0.1323235514582892
477,1027,1504,0.13237199268936758
472,1025,1497,0.13244233806429326
470,1029,1499,0.13251885169259509
468,1025,1493,0.13259443974480623
481,1030,1511,0.13266893916211894
479,1035,1514,0.13270605180910194
474,1032,1506,0.1327477006081388
469,1041,1510,0.13280075922406698
468,1024,1492,0.13286307226925553
468,1034,1502,0.13292281211787668
473,1035,1508,0.13297885208448543
469,1025,1494,0.13301958666826752
472,1033,1505,0.133069083361034
478,1037,1515,0.1331071178301933
471,1037,1508,0.13312595515875877
469,1043,1512,0.13316200163095673
466,1036,1502,0.13320176837173572
468,1044,1512,0.13324572245183697
471,1048,1519,0.13328178944392122
471,1045,1516,0.13330799260924478
470,1045,1515,0.13333218563192292
466,1035,1501,0.13335837239010426
460,1042,1502,0.13339389858527814
451,1052,1503,0.13344209608187907
460,1053,1513,0.13351117135145787
458,1061,1519,0.13355215793377403
455,1063,1518,0.13359611589696885
458,1056,1514,0.1336470536209535
462,1050,1512,0.13368706185029372
468,1050,1518,0.13371384727199948
465,1066,1531,0.13372248998527636
459,1064,1523,0.13373968842781453
463,1063,1526,0.13377114187067682
464,1061,1525,0.13379130907611947
464,1060,1524,0.13380698475554076
460,1065,1525,0.13382296746957167
454,1060,1514,0.13384818720410976
456,1064,1520,0.13388775099246408
454,1073,1527,0.13392003744174022
464,1066,1530,0.13395570646190666
457,1055,1512,0.1339636282756556
456,1060,1516,0.13399125998186479
453,1058,1511,0.13401998854110633
457,1057,1514,0.13405133561623217
451,1064,1515,0.13407055186414302
446,1064,1510,0.13410546343483343
447,1067,1514,0.13415188863028457
448,1072,1520,0.13419132267528963
435,1070,1505,0.13422547088795433
438,1075,1513,0.1342902915557584
437,1071,1508,0.13434437044923656
436,1079,1515,0.1343963647340216
429,1077,1506,0.13444626893166864
429,1079,1508,0.13451031109255854
437,1081,1518,0.1345715766958111
436,1065,1501,0.13460778270948612
436,1066,1502,0.13464578860472518
435,1061,1496,0.13468083626826985
426,1060,1486,0.1347161445773107
429,1073,1502,0.13477155476557745
428,1075,1503,0.13481265857543367
430,1066,1496,0.1348536424944994
432,1073,1505,0.13488672245803884
424,1066,1490,0.13491326859921557
429,1056,1485,0.13496018602263885
435,1062,1497,0.1349900437105595
430,1074,1504,0.135001969944793
432,1088,1520,0.13502584096452597
426,1089,1515,0.1350414433192607
423,1090,1513,0.13507270285584894
420,1091,1511,0.13511125930028794
421,1092,1513,0.1351548138809131
428,1087,1515,0.13519231348343047
424,1084,1508,0.1352093233354745
427,1094,1521,0.13523574049373369
421,1098,1519,0.13525263731503526
420,1084,1504,0.1352872155073639
413,1097,1510,0.13532353505739192
419,1098,1517,0.13537502750195515
416,1100,1516,0.13540824706729399
412,1106,1518,0.13544761608312325
407,1107,1514,0.13549648494305983
405,1100,1505,0.13555486389287988
406,1102,1508,0.1356144301966889
405,1094,1499,0.1356677064456645
413,1092,1505,0.13572162115370692
415,1098,1513,0.13575245076769293
418,1101,1519,0.13577639625054805
415,1098,1513,0.13579103760309363
402,1101,1503,0.13581177645610354
400,1101,1501,0.13586607595680122
401,1103,1504,0.13592098866760505
406,1095,1501,0.13596776183285142
413,1092,1505,0.13599833398464992
425,1102,1527,0.13600770878700136
415,1109,1524,0.13598464887728465
408,1110,1518,0.1359912131178497
406,1107,1513,0.1360149156034766
412,1108,1520,0.13604185787121378
415,1114,1529,0.13605018513191072
409,1109,1518,0.13605007651440387
408,1105,1513,0.13606545888069083
397,1096,1493,0.13608418771621741
398,1095,1493,0.13613158353134355
395,1106,1501,0.13617415166415162
391,1108,1499,0.13622011622562333
394,1106,1500,0.13627388880140523
395,1122,1517,0.13631834417737848
399,1116,1515,0.13635701663729521
400,1114,1514,0.13638290085546648
390,1126,1516,0.13640424698505463
391,1117,1508,0.13644864235293447
392,1122,1514,0.13648755369537746
394,1114,1508,0.13652166500691326
391,1112,1503,0.1365481670301892
394,1114,1508,0.13658031974186044
399,1108,1507,0.13660200903202008
394,1111,1505,0.13661006349166296
394,1109,1503,0.13663112036131922
386,1115,1501,0.13664965446676405
393,1125,1518,0.1366873797050323
399,1122,1521,0.13670551247148247
398,1115,1513,0.1367071313866898
399,1128,1527,0.13671160701435894
405,1129,1534,0.13671213684478473
408,1126,1534,0.13669541415620043
401,1123,1524,0.13667270409070387
390,1120,1510,0.13667211213778863
396,1114,1510,0.13669922814735405
391,1112,1503,0.1367081883662942
395,1113,1508,0.13673228449237726
397,1112,1509,0.136743410838421
396,1115,1511,0.136748838068073
388,1111,1499,0.13675904504740585
390,1110,1500,0.136790943341805
395,1109,1504,0.13681620990601345
387,1114,1501,0.13682510710427256
386,1120,1506,0.13685515590708533
392,1120,1512,0.13688466141198316
391,1126,1517,0.13689520588307583
382,1128,1510,0.13690711951811732
379,1119,1498,0.1369430289445394
389,1116,1505,0.13698347249118534
391,1113,1504,0.1369944848893717
390,1111,1501,0.1370007067647056
385,1118,1503,0.13700750746238405
388,1126,1514,0.137026600036597
393,1120,1513,0.13703525706925027
390,1120,1510,0.13703186279161453
391,1118,1509,0.13703798861603678
395,1122,1517,0.13704343835392657
386,1113,1499,0.13703821902575025
386,1118,1504,0.13705758299863574
376,1122,1498,0.1370765863390907
377,1126,1503,0.13712030748807982
379,1126,1505,0.13715731186798957
372,1120,1492,0.1371865393139501
382,1120,1502,0.1372321227309056
383,1125,1508,0.137250105623003
382,1131,1513,0.13726336709173448
380,1128,1508,0.1372779047664747
372,1129,1501,0.13729769813800896
369,1131,1500,0.13733778798903556
367,1127,1494,0.13738247714113996
370,1128,1498,0.13742928719613068
368,1131,1499,0.1374667403203011
367,1128,1495,0.13750664771676063
371,1129,1500,0.1375475803074159
373,1133,1506,0.1375754236998421
376,1136,1512,0.13759424204714196
374,1128,1502,0.1376052978767336
370,1126,1496,0.13762091641953894
373,1123,1496,0.13764670653600639
376,1133,1509,0.1376607903893301
375,1142,1517,0.13766647766434986
378,1147,1525,0.13767604938184075
381,1152,1533,0.1376763970602296
373,1149,1522,0.13767054293114245
370,1141,1511,0.1376865234868584
365,1133,1498,0.13770967979245388
366,1139,1505,0.13774474658057062
367,1143,1510,0.1377747017715773
371,1139,1510,0.13780087151923875
367,1153,1520,0.13781532121216108
371,1142,1513,0.13783895883751673
368,1144,1512,0.13785059876978864
363,1150,1513,0.13786848341450775
361,1150,1511,0.13789724445948034
360,1150,1510,0.13793175637378963
360,1149,1509,0.13796682120521622
361,1143,1504,0.13800003769224062
362,1155,1517,0.13802689459720835
361,1150,1511,0.13805010109505392
363,1142,1505,0.1380742205560472
361,1141,1502,0.1380904737817313
360,1140,1500,0.13811165516562418
357,1131,1488,0.1381343245342364
356,1146,1502,0.1381660508490489
360,1151,1511,0.13819849106058124
356,1161,1517,0.1382188561780756
359,1165,1524,0.13824819481363515
354,1167,1521,0.13826854319370938
356,1166,1522,0.1383001958113627
352,1161,1513,0.1383230829022467
348,1158,1506,0.1383535286666257
351,1158,1509,0.1383913146168533
357,1155,1512,0.1384192053423973
358,1157,1515,0.13842785797335364
347,1152,1499,0.1384341636457072
354,1147,1501,0.1384683383204194
352,1145,1497,0.13848210789114096
351,1130,1481,0.13850108943924622
355,1145,1500,0.13852110814479687
359,1148,1507,0.13852954821340574
356,1134,1490,0.13852575138340442
353,1138,1491,0.13853042172803953
352,1142,1494,0.13854203690734868
349,1159,1508,0.13855599587918363
353,1156,1509,0.13857621231454798
353,1163,1516,0.1385845189366375
353,1167,1520,0.13859167178879353
350,1171,1521,0.13859824606098384
353,1162,1515,0.13861277297176045
351,1159,1510,0.13861888412837964
350,1153,1503,0.1386298322051142
352,1157,1509,0.13864389412003875
339,1151,1490,0.13865249858635803
339,1157,1496,0.1386936074427103
341,1155,1496,0.13873103740489287
344,1157,1501,0.13876246910362228
343,1168,1511,0.13878365101673726
343,1162,1505,0.13880560594239746
346,1183,1529,0.13882760604694552
350,1172,1522,0.1388414172471964
348,1169,1517,0.13884468649176485
344,1173,1517,0.13885163065982567
349,1166,1515,0.13887028367452015
351,1175,1526,0.1388767870219314
347,1166,1513,0.13887574761912963
346,1182,1528,0.13888818323775484
339,1179,1518,0.13890061168463855
344,1172,1516,0.138929203331413
339,1175,1514,0.1389450903300641
340,1174,1514,0.138971783768473
331,1180,1511,0.1389946176388105
333,1186,1519,0.13904050442387308
330,1191,1521,0.13907750737789
329,1184,1513,0.13911998608368026
323,1183,1506,0.13916232810999513
323,1183,1506,0.13921737239055404
326,1186,1512,0.13926870664035906
326,1184,1510,0.1393093137388614
331,1186,1517,0.13934830266063153
326,1179,1505,0.13937153857197995
326,1186,1512,0.1394070009431417
329,1182,1511,0.13944105564563333
331,1189,1520,0.13946268527869543
336,1177,1513,0.13947975120677658
336,1175,1511,0.13948227641632266
336,1175,1511,0.1394848340782709
338,1169,1507,0.13948723166677873
337,1186,1523,0.13948535446898574
337,1186,1523,0.13948547567583147
337,1169,1506,0.13948452832257857
341,1169,1510,0.13948327992482498
335,1176,1511,0.13947066732032706
335,1177,1512,0.13947582528931077
337,1177,1514,0.13948118511541968
333,1187,1520,0.13948144606178506
340,1185,1525,0.1394911092063004
332,1175,1507,0.1394819306597486
337,1183,1520,0.13949530938197405
328,1178,1506,0.1394940905993594
330,1187,1517,0.13951712173166045
336,1176,1512,0.1395332520645054
329,1190,1519,0.1395309103191215
329,1180,1509,0.1395452569103225
331,1187,1518,0.13955846521399354
330,1185,1515,0.13956497891258862
335,1186,1521,0.13957435146208427
336,1183,1519,0.13957008932902099
336,1183,1519,0.13956371979567556
333,1189,1522,0.13955819853103324
338,1192,1530,0.13956099423863347
337,1194,1531,0.13955053436430118
333,1189,1522,0.13954498887485978
328,1176,1504,0.13955135365316043
329,1182,1511,0.13956947131816658
330,1179,1509,0.13958379674110183
327,1189,1516,0.13959387442415883
331,1192,1523,0.13961008397437655
331,1187,1518,0.13961397398510084
333,1177,1510,0.13961783801271413
334,1189,1523,0.1396171116128903
332,1181,1513,0.13961323292476582
335,1190,1525,0.13961556021696628
327,1191,1518,0.13961051012374642
331,1180,1511,0.13962652607807807
327,1184,1511,0.13963114522448308
324,1174,1498,0.13964464649465375
325,1178,1503,0.13966673238104624
324,1180,1504,0.13968407746623604
328,1176,1504,0.13970328312394983
329,1182,1511,0.13971020763479
325,1182,1507,0.13971433338293657
325,1184,1509,0.13972953472632774
327,1195,1522,0.13974259560271843
323,1191,1514,0.13974923908043033
321,1191,1512,0.1397647911060065
319,1183,1502,0.1397851223212927
321,1185,1506,0.13980960823475466
322,1188,1510,0.13982778409981664
328,1192,1520,0.13984100628858895
325,1203,1528,0.13983719186118876
318,1209,1527,0.13984281202012233
319,1199,1518,0.1398663374337017
320,1197,1517,0.1398859528823314
321,1188,1509,0.1399018151513254
317,1190,1507,0.13991279476363414
323,1188,1511,0.139932904075707
321,1185,1506,0.13993470176954959
320,1189,1509,0.13994223999711738
318,1182,1500,0.1399510801437291
319,1186,1505,0.1399642259928733
318,1187,1505,0.13997308312086051
313,1189,1502,0.13998286830189866
315,1180,1495,0.14000480950864486
313,1191,1504,0.1400198082066303
317,1199,1516,0.1400396389580029
316,1214,1530,0.1400465768320012
315,1196,1511,0.14005718644376017
319,1197,1516,0.1400694275116841
315,1199,1514,0.14007025920183472
308,1211,1519,0.14008213540428674
316,1204,1520,0.1401111691250109
315,1203,1518,0.14011736869624275
312,1197,1509,0.14012695507343165
312,1217,1529,0.14014237365236723
313,1209,1522,0.14015703686626863
314,1206,1520,0.1401700321462932
309,1200,1509,0.14017889818911614
307,1197,1504,0.14020236852594667
308,1198,1506,0.14022902850376315
314,1209,1523,0.14025045642168113
309,1198,1507,0.1402535624470662
304,1188,1492,0.14027072793652973
304,1182,1486,0.14030006896850986
306,1185,1491,0.14032780939437528
309,1185,1494,0.14034858318792634
308,1198,1506,0.14035975384244678
309,1195,1504,0.14037214251418922
310,1205,1515,0.1403812373534736
312,1209,1521,0.14038619874234282
317,1209,1526,0.14038569845796992
317,1213,1530,0.14037240889024416
315,1205,1520,0.14036067575978042
310,1204,1514,0.1403556669524391
305,1210,1515,0.14036485366211632
301,1203,1504,0.1403861356090684
305,1211,1516,0.14041675704060524
308,1207,1515,0.1404342784863173
308,1209,1517,0.1404420681755087
304,1197,1501,0.1404483309017115
303,1192,1495,0.1404667598412347
308,1203,1511,0.1404869611345241
305,1214,1519,0.1404924962837861
309,1202,1511,0.1405044922750788
304,1203,1507,0.1405067931753068
301,1186,1487,0.14052177255873785
308,1204,1512,0.14054388180287108
303,1198,1501,0.14054712720199933
305,1198,1503,0.14056294235175606
304,1192,1496,0.14057246878315718
301,1198,1499,0.140584221346972
298,1197,1495,0.1406035633365434
294,1196,1490,0.14063120865380999
293,1215,1508,0.14066809614016698
291,1214,1505,0.14070530912091792
285,1220,1505,0.14074726007668809
284,1212,1496,0.14080263246033156
286,1223,1509,0.14085686019624438
287,1215,1502,0.14090135911182936
288,1221,1509,0.14094003646719894
293,1219,1512,0.14097338352061087
287,1219,1506,0.14099036395092024
278,1216,1494,0.14102123994742777
285,1217,1502,0.14107431563991935
284,1218,1502,0.14110600812464014
284,1236,1520,0.14113858382010677
280,1239,1519,0.14116950745980794
278,1233,1511,0.14120929907191296
273,1243,1516,0.14125106662095807
275,1251,1526,0.14130388066428248
280,1245,1525,0.14134849030664529
280,1238,1518,0.14137759804038347
277,1242,1519,0.14140459108999198
274,1241,1515,0.14143813972505156
275,1247,1522,0.1414778791667541
273,1230,1503,0.1415116302060071
275,1229,1504,0.14154825290542297
271,1250,1521,0.14157663875618315
270,1236,1506,0.14161346818896298
270,1246,1516,0.14165098593199546
264,1236,1500,0.1416855156377118
260,1252,1512,0.1417330048607597
260,1250,1510,0.1417877064959753
262,1243,1505,0.14183841891477378
265,1242,1507,0.14188203159210566
270,1246,1516,0.14191305676055246
272,1247,1519,0.1419293033149869
275,1239,1514,0.1419398556996496
273,1241,1514,0.1419416311412799
272,1230,1502,0.1419496068513714
267,1225,1492,0.1419590125890265
271,1239,1510,0.14198143918353676
267,1241,1508,0.14199231512777957
266,1241,1507,0.14201500753198693
259,1245,1504,0.1420385414231737
267,1251,1518,0.14207907352110563
265,1261,1526,0.14209605817189602
262,1245,1507,0.14211709986101045
261,1233,1494,0.14214393391831653
263,1250,1513,0.14217056244587764
267,1248,1515,0.1421905871575037
265,1246,1511,0.14219828937729545
265,1240,1505,0.14221149538025324
262,1241,1503,0.14222299686470652
258,1245,1503,0.14224220198913948
258,1253,1511,0.1422703681852133
259,1264,1523,0.1422967209841926
257,1258,1515,0.14231800168898254
254,1259,1513,0.1423449237680859
264,1255,1519,0.1423783277986143
257,1257,1514,0.14238353527672346
258,1247,1505,0.14240947272416524
260,1248,1508,0.14243174437530992
254,1254,1508,0.14244702817256777
250,1259,1509,0.14247568122457627
250,1272,1522,0.14251307491034473
249,1259,1508,0.14254699351324793
250,1254,1504,0.14258148062144058
251,1259,1510,0.14261253375443936
251,1260,1511,0.1426392209709066
249,1270,1519,0.14266335298672314
248,1268,1516,0.1426913691404451
248,1265,1513,0.1427211035845875
246,1255,1501,0.14274934422016886
241,1258,1499,0.14278097399049933
245,1249,1494,0.1428232632530533
239,1253,1492,0.14285163991017089
239,1251,1490,0.14289455396463827
231,1267,1498,0.14293386751627787
234,1273,1507,0.14299056830882612
240,1278,1518,0.14303561160604644
251,1270,1521,0.14306158624467544
247,1281,1528,0.14305685623250755
245,1276,1521,0.14306482637993
243,1275,1518,0.14307853053222513
241,1273,1514,0.14309625293163022
236,1281,1517,0.14311898024406078
232,1275,1507,0.14315385712605833
231,1279,1510,0.14319713757723612
226,1285,1511,0.1432400090168354
224,1293,1517,0.1432936798387046
226,1277,1503,0.1433506651178017
218,1284,1502,0.14339787084787112
219,1295,1514,0.14346271735118896
220,1298,1518,0.14352033048107846
223,1306,1529,0.14357127796745445
223,1303,1526,0.14361084225832724
228,1295,1523,0.14364818289089382
224,1293,1517,0.14366919143239293
226,1295,1521,0.14369915503886044
227,1299,1526,0.14372189489803958
227,1298,1525,0.14374008293490523
227,1295,1522,0.14375576485934322
226,1297,1523,0.14377061843914468
226,1292,1518,0.14378589849227855
226,1287,1513,0.14380075704466455
226,1288,1514,0.14381456016499178
225,1281,1506,0.1438273282326165
222,1274,1496,0.14384283215853486
224,1268,1492,0.1438650336127662
228,1281,1509,0.1438793087871288
228,1280,1508,0.14388164516136043
230,1283,1513,0.1438847513761674
225,1286,1511,0.14388113585395224
228,1290,1518,0.1438915435687293
227,1279,1506,0.14389366788633748
228,1289,1517,0.14389875310846353
229,1287,1516,0.1439008864927017
225,1293,1518,0.1439004796750606
229,1291,1520,0.14391010888294833
230,1288,1518,0.14390711402069192
228,1280,1508,0.14390136790346356
228,1276,1504,0.14390133142230624
228,1287,1515,0.14390039773885055
227,1288,1515,0.14390006861772278
226,1276,1502,0.14390249263384938
224,1277,1501,0.1439076522732664
222,1285,1507,0.14391815655451257
224,1283,1507,0.14393385783697613
225,1285,1510,0.14394274587785172
222,1299,1521,0.1439495946576147
224,1291,1515,0.14396411531148862
223,1305,1528,0.1439719375678047
220,1313,1533,0.14398232102886271
219,1311,1530,0.14399996942905835
215,1291,1506,0.14401929644033054
217,1298,1515,0.14404841597452875
215,1307,1522,0.14407053921773985
213,1296,1509,0.14409659581436748
218,1286,1504,0.14412580618229626
218,1288,1506,0.14414007079436383
210,1287,1497,0.1441533415901765
215,1284,1499,0.14418684963067618
213,1288,1501,0.14420457773229278
216,1291,1507,0.1442263219027546
220,1294,1514,0.1442390738786103
213,1298,1511,0.14424065898024208
211,1301,1512,0.14426038645954406
207,1293,1500,0.1442839553449749
211,1304,1515,0.14431728668996846
214,1307,1521,0.14433687158124323
214,1291,1505,0.14434781552945924
211,1295,1506,0.1443591828883423
204,1301,1505,0.1443783049622707
204,1304,1508,0.1444143578684182
203,1314,1517,0.14444796368495386
205,1309,1514,0.14448156026292078
207,1310,1517,0.1445063510691023
205,1318,1523,0.14452456883773654
207,1322,1529,0.14454717435767075
203,1329,1532,0.14456222602176153
208,1317,1525,0.14458569415170305
209,1307,1516,0.14459406243123124
210,1306,1516,0.14459787726625226
210,1311,1521,0.14459893281835007
210,1316,1526,0.1446012062386953
207,1305,1512,0.14460452792597434
207,1301,1508,0.14461661744710383
205,1318,1523,0.14462827670783693
199,1302,1501,0.14464462995098631
198,1323,1521,0.14467656061178585
195,1320,1515,0.14470909525834214
200,1313,1513,0.14474709875459524
198,1302,1500,0.14476900824902017
200,1319,1519,0.14479485489893404
204,1318,1522,0.14481308314934593
197,1321,1518,0.1448191108460946
201,1326,1527,0.14484360959238235
196,1335,1531,0.14485564319868494
198,1321,1519,0.14488006791021746
197,1316,1513,0.14489818299932025
194,1306,1500,0.14491825258578497
191,1329,1520,0.14494483455555038
192,1335,1527,0.1449775295462801
195,1320,1515,0.1450054630135141
192,1315,1507,0.1450235428844918
191,1313,1504,0.14504875462383965
190,1314,1504,0.14507489603729254
191,1317,1508,0.14510228869337474
189,1315,1504,0.14512521015135907
191,1321,1512,0.14515196208423523
194,1318,1512,0.1451712010272481
192,1324,1516,0.14518049315170486
188,1330,1518,0.14519509244769693
191,1325,1516,0.14521959177759067
188,1318,1506,0.1452337939043735
183,1321,1504,0.1452566402212923
188,1323,1511,0.14529064296840344
185,1325,1510,0.14530926015016843
184,1321,1505,0.1453351935566888
187,1309,1496,0.14536271322212058
183,1333,1516,0.14538061681290274
180,1343,1523,0.14540796889567015
180,1329,1509,0.14544227043201213
183,1327,1510,0.14547550157734665
180,1328,1508,0.1454981426977706
183,1325,1508,0.14552749877205484
183,1337,1520,0.14554643941595966
183,1342,1525,0.14556507050037149
180,1345,1525,0.14558262324287044
174,1348,1522,0.1456074414112718
176,1355,1531,0.14564768556859709
174,1342,1516,0.1456801871190787
173,1348,1521,0.14571630805492952
179,1342,1521,0.14575230705193024
178,1341,1519,0.1457692625222429
174,1342,1516,0.14578713754753617
175,1342,1517,0.1458140903274923
174,1339,1513,0.14583666236575757
174,1325,1499,0.14585973993629822
173,1327,1500,0.14588104253440376
172,1335,1507,0.14590332082066912
168,1335,1503,0.14592698339251345
173,1344,1517,0.14596000811933119
171,1348,1519,0.14597744545536068
169,1353,1522,0.14599869245746008
166,1350,1516,0.14602425308147668
167,1351,1518,0.14605753481752928
169,1342,1511,0.1460856084797567
166,1338,1504,0.14610741121209497
167,1331,1498,0.1461363728930549
168,1338,1506,0.14616070347768473
171,1352,1523,0.14618058299921066
166,1344,1510,0.14619061373746922
163,1350,1513,0.1462140811129368
164,1352,1516,0.14624515464541873
164,1354,1518,0.14627115119051026
166,1360,1526,0.14629671506134245
167,1349,1516,0.14631465682024555
167,1353,1520,0.14632836055979817
168,1369,1537,0.14634140956572936
164,1375,1539,0.14635087188334311
165,1377,1542,0.14637017008851216
163,1379,1542,0.14638600275785907
164,1369,1533,0.1464061788515557
163,1356,1519,0.14642245886513627
164,1366,1530,0.1464409420574498
166,1352,1518,0.1464556311153269
167,1344,1511,0.14646394112893513
165,1348,1513,0.1464703008962902
160,1367,1527,0.1464808337627994
157,1348,1505,0.1465047916857965
159,1345,1504,0.14653387877134022
163,1356,1519,0.14655471406006695
165,1359,1524,0.14656324295380788
165,1345,1510,0.14656604738354448
161,1346,1507,0.14656823081899248
162,1350,1512,0.1465811610973093
158,1354,1512,0.14659052901668218
157,1349,1506,0.14661063707887959
159,1358,1517,0.1466318821451745
158,1363,1521,0.1466463756720567
155,1361,1516,0.14666251341047937
150,1352,1502,0.14668663301419385
155,1347,1502,0.14672247977800584
154,1350,1504,0.14674102603806477
150,1341,1491,0.14676105098221928
151,1348,1499,0.14679036141684615
147,1333,1480,0.1468150126957192
148,1342,1490,0.14684821623207062
154,1344,1498,0.1468755670165037
157,1349,1506,0.1468850762471946
160,1351,1511,0.14688610689791495
157,1342,1499,0.146878490620989
160,1344,1504,0.1468802992871346
164,1347,1511,0.14687371347088354
159,1349,1508,0.14685552759438394
157,1361,1518,0.14685292179935636
159,1361,1520,0.14685618347853377
158,1359,1517,0.14685357498822235
155,1365,1520,0.1468536778911879
149,1361,1510,0.1468620150578851
146,1367,1513,0.1468879478302262
146,1367,1513,0.14692077538732076
145,1364,1509,0.14695116855876938
149,1369,1518,0.14698370794478366
153,1366,1519,0.14700358033632238
148,1362,1510,0.14701142635349146
147,1369,1516,0.14703277486422808
147,1368,1515,0.14705474037176292
148,1364,1512,0.14707453470867737
146,1366,1512,0.14709035125783218
141,1373,1514,0.14711016173673855
144,1369,1513,0.1471421478636495
142,1361,1503,0.1471642080996001
141,1361,1502,0.1471904067498818
143,1369,1512,0.14721723485027152
144,1377,1521,0.1472364149143377
141,1379,1520,0.1472520320394483
142,1381,1523,0.14727416024421336
138,1382,1520,0.14729154974453335
140,1386,1526,0.14731807456731505
133,1379,1512,0.14733711015349063
133,1373,1506,0.14737365816814552
137,1380,1517,0.14740776623130714
135,1393,1528,0.14742820692675315
134,1381,1515,0.1474532034959161
134,1362,1496,0.1474790980410697
132,1353,1485,0.14750412294737555
132,1375,1507,0.14753357208978962
123,1385,1508,0.14755994842996445
127,1385,1512,0.14761016348637004
123,1382,1505,0.147646193066557
123,1377,1500,0.14769132236851676
125,1383,1508,0.14773320989514305
128,1393,1521,0.14776576215470055
126,1393,1519,0.14778707023285084
127,1384,1511,0.14781236332808992
127,1383,1510,0.14783286452226738
126,1383,1509,0.14785174868468573
128,1397,1525,0.14787245849524663
126,1386,1512,0.1478865485533677
127,1399,1526,0.14790532104635606
128,1394,1522,0.1479195624194953
128,1390,1518,0.14793059932666666
128,1403,1531,0.14794051149662343
127,1401,1528,0.1479498419357524
127,1390,1517,0.14796217156583089
128,1397,1525,0.14797314007518017
127,1393,1520,0.1479799440543442
125,1386,1511,0.1479890756111869
124,1375,1499,0.14800290839290095
125,1387,1512,0.1480186560492177
127,1386,1513,0.14803062925268196
130,1385,1515,0.14803562196379955
132,1397,1529,0.14803096449186157
130,1390,1520,0.1480207029773214
135,1378,1513,0.14801601503923073
134,1378,1512,0.14799679242004163
136,1385,1521,0.14798181983840084
134,1380,1514,0.147962278261661
134,1368,1502,0.14794954927705348
132,1374,1506,0.14793722101666532
131,1381,1512,0.14793136354026085
133,1376,1509,0.14792900779658974
135,1369,1504,0.1479209667345296
132,1377,1509,0.14790741529211798
131,1388,1519,0.1479030031382103
134,1384,1518,0.14790175128674263
133,1381,1514,0.14789188920541815
131,1388,1519,0.1478854050558171
130,1394,1524,0.1478849198407902
130,1384,1514,0.14788765957453617
128,1392,1520,0.1478900341662256
124,1398,1522,0.14789765277365938
127,1390,1517,0.14791542639114433
122,1391,1513,0.1479237400577439
116,1392,1508,0.14794561695990746
117,1398,1515,0.14798353999412087
118,1399,1517,0.14801625080557837
120,1398,1518,0.1480426580984251
120,1405,1525,0.14806165273592206
117,1403,1520,0.14807941564902719
118,1398,1516,0.1481042073656197
119,1400,1519,0.14812455516712142
115,1393,1508,0.1481410629592727
118,1405,1523,0.14816828520728606
118,1397,1515,0.1481851705282636
115,1405,1520,0.14820048561689445
113,1407,1520,0.14822354092769702
114,1409,1523,0.1482505583367885
117,1404,1521,0.14827317239602797
117,1413,1530,0.1482854940460506
116,1403,1519,0.1482965174252495
115,1405,1520,0.1483099165606831
113,1414,1527,0.14832499465888163
110,1398,1508,0.1483449846525555
109,1392,1501,0.14837213162918242
112,1400,1512,0.14840022831068184
110,1405,1515,0.1484176712891982
109,1392,1501,0.1484390062972554
104,1402,1506,0.14846180563672096
100,1402,1502,0.1484973056638523
100,1393,1493,0.14854199626697462
100,1403,1503,0.14858415099727385
100,1405,1505,0.1486234359882781
105,1399,1504,0.14866003107763898
106,1411,1517,0.1486795714494094
107,1403,1510,0.14869503911922294
104,1408,1512,0.14870696869114094
104,1401,1505,0.14872665445783642
104,1404,1508,0.14874550851283191
105,1405,1510,0.14876256454901737
105,1417,1522,0.14877566051162888
104,1417,1521,0.14878774726747132
99,1415,1514,0.14880217040304827
100,1410,1510,0.14883034426349398
98,1418,1516,0.14885403411229425
96,1432,1528,0.14888195203382215
94,1428,1522,0.14891372457799396
94,1429,1523,0.14894908374485755
91,1418,1509,0.14898179505663392
88,1426,1514,0.1490213485694391
87,1412,1499,0.14906714786568528
91,1406,1497,0.14911308815493549
91,1409,1500,0.1491437853963914
88,1409,1497,0.14917257223521044
89,1428,1517,0.14920898115235182
88,1437,1525,0.1492397798899831
83,1444,1527,0.14927165538110018
84,1420,1504,0.14931631855548186
85,1431,1516,0.14935533519107846
86,1435,1521,0.14938910378704992
85,1430,1515,0.14941762716213078
84,1426,1510,0.14944723149081965
88,1427,1515,0.149477961840072
88,1429,1517,0.1494951386478687
85,1434,1519,0.14951141360690778
86,1429,1515,0.1495358174657107
87,1413,1500,0.14955556763856628
85,1422,1507,0.14957128594543304
85,1415,1500,0.14959222266030886
84,1417,1501,0.1496114034891682
83,1418,1501,0.14963313551172003
82,1423,1505,0.14965624342605144
85,1419,1504,0.14968111673732845
87,1419,1506,0.1496957314054269
85,1424,1509,0.14970363056954258
84,1433,1517,0.14971680897324355
83,1435,1518,0.1497320619365743
86,1434,1520,0.14974943332215157
82,1428,1510,0.14975660914872635
81,1426,1507,0.14977513854483912
83,1442,1525,0.14979516097003973
80,1444,1524,0.14980771759491365
79,1447,1526,0.14982825985886022
77,1442,1519,0.1498510926441826
75,1453,1528,0.14987884402233417
73,1457,1530,0.1499108147571697
73,1448,1521,0.14994723382009717
74,1445,1519,0.14998086053947485
75,1429,1504,0.15000983487689185
76,1427,1503,0.15003426573642384
75,1438,1513,0.15005399584472298
77,1435,1512,0.15007553101642712
78,1438,1516,0.1500898657005865
77,1433,1510,0.15010071186368662
75,1446,1521,0.15011398926868488
76,1438,1514,0.15013242580817285
76,1438,1514,0.1501468102885396
74,1432,1506,0.15016019274901063
75,1424,1499,0.1501788398348212
76,1439,1515,0.15019342667010566
76,1437,1513,0.15020358719783278
74,1431,1505,0.15021346053445195
75,1437,1512,0.15022881031416743
75,1440,1515,0.15024027211830399
72,1428,1500,0.1502507141187987
72,1433,1505,0.15026928926088726
72,1432,1504,0.15028670283586631
71,1435,1506,0.1503030818283479
71,1432,1503,0.15032151844663966
70,1439,1509,0.15033882211974706
70,1451,1521,0.1503580909543291
70,1440,1510,0.15037592876490877
70,1439,1509,0.15039282466526693
69,1442,1511,0.15040856340179445
67,1437,1504,0.15042642203933906
70,1427,1497,0.15044914947201027
72,1430,1502,0.15046132693532
71,1443,1514,0.15046694197096439
73,1434,1507,0.15047520467276856
73,1447,1520,0.15047662305731277
75,1450,1525,0.15047800875605863
75,1459,1534,0.15047307141509614
73,1456,1529,0.150468402092346
74,1447,1521,0.15047006011554775
74,1452,1526,0.1504683629034405
76,1448,1524,0.15046720872088815
75,1438,1513,0.15045980633445827
75,1421,1496,0.15045589241628166
81,1435,1516,0.1504522385653516
79,1423,1502,0.15043081032564698
78,1411,1489,0.15041699971499792
77,1421,1498,0.1504073898787439
79,1439,1518,0.15040135220900575
80,1445,1525,0.15038965256745235
86,1442,1528,0.15037587862139704
83,1427,1510,0.15034457055311756
83,1428,1511,0.15032443385159053
82,1441,1523,0.15030562754980525
82,1444,1526,0.150290877600734
82,1435,1517,0.1502770565360982
83,1444,1527,0.15026372674016641
80,1453,1533,0.1502484115406628
80,1453,1533,0.1502429542525624
81,1457,1538,0.1502377897885554
81,1460,1541,0.1502298304194995
79,1451,1530,0.15022259398078783
78,1449,1527,0.1502218306130103
76,1447,1523,0.15022407453191153
78,1453,1531,0.15023241174557797
75,1451,1526,0.15023430673436186
75,1438,1513,0.15024522877742433
75,1433,1508,0.15025595458991212
76,1435,1511,0.15026604784236355
78,1431,1509,0.15027286756559385
77,1431,1508,0.15027319601259082
78,1436,1514,0.1502761346634259
77,1419,1496,0.15027599439117795
78,1420,1498,0.15027907356112466
82,1435,1517,0.15027893693960476
85,1437,1522,0.1502672284901389
86,1435,1521,0.150247573246442
84,1422,1506,0.15022626095263866
84,1428,1512,0.15021215584974607
86,1434,1520,0.15019895289999105
85,1435,1520,0.15018039470109662
86,1432,1518,0.15016623033592713
83,1437,1520,0.1501494908804974
81,1431,1512,0.15014280543782202
81,1436,1517,0.15014251964175723
80,1436,1516,0.15014199371374487
81,1444,1525,0.15014421280335516
78,1444,1522,0.15014312636113497
72,1441,1513,0.15015100687794958
70,1452,1522,0.15017554580922604
75,1440,1515,0.15020408883633343
75,1433,1508,0.15021573864965665
73,1440,1513,0.1502267558745814
72,1426,1498,0.1502428753117959
71,1433,1504,0.15026080650059292
68,1454,1522,0.15028034410154256
69,1438,1507,0.15030757808719314
68,1428,1496,0.1503296796714788
71,1422,1493,0.15035330281918388
72,1439,1511,0.15036636389390054
68,1432,1500,0.15037553771371498
64,1435,1499,0.15039626652847427
66,1426,1492,0.1504276590728823
65,1426,1491,0.1504507278563723
69,1426,1495,0.15047526848732284
69,1448,1517,0.15048558709427834
69,1442,1511,0.15049543420127307
68,1439,1507,0.15050488906754594
70,1439,1509,0.15051700901115514
68,1441,1509,0.1505223471751567
67,1430,1497,0.15053351772376408
68,1443,1511,0.15054684934072934
70,1441,1511,0.15055615917156742
69,1456,1525,0.15055893718837776
66,1451,1517,0.15056445751499137
68,1449,1517,0.1505782253045153
67,1451,1518,0.15058506701532515
67,1452,1519,0.15059475655324744
68,1450,1518,0.15060434997357916
68,1453,1521,0.15060989934257957
68,1449,1517,0.1506149780084643
65,1455,1520,0.15061981706200694
62,1451,1513,0.15063338003572088
65,1444,1509,0.1506553125261806
62,1440,1502,0.15066605009392692
62,1450,1512,0.15068546115906437
62,1456,1518,0.15070355075579056
64,1467,1531,0.15072037638462754
64,1472,1536,0.15072990100259528
64,1463,1527,0.15073862476101163
64,1453,1517,0.1507467354704069
65,1449,1514,0.15075432804674527
62,1455,1517,0.15075826422070152
62,1459,1521,0.15077105670175073
59,1453,1512,0.15078314751000746
58,1446,1504,0.15080349490289638
58,1434,1492,0.15082577605683276
59,1443,1502,0.15084656016694317
61,1454,1515,0.15086303213194657
60,1448,1508,0.15087254175621095
58,1454,1512,0.15088447994936816
56,1464,1520,0.15090203234817276
57,1473,1530,0.1509246978010739
59,1467,1526,0.15094268055050597
61,1458,1519,0.1509532963579861
61,1457,1518,0.1509571517844597
67,1453,1520,0.1509605763164077
66,1462,1528,0.15094514422085276
65,1458,1523,0.15093405005887628
67,1464,1531,0.15092680641455816
67,1461,1528,0.15091406281280934
66,1459,1525,0.15090227475773518
64,1456,1520,0.15089444977694644
65,1456,1521,0.15089309584406987
64,1457,1521,0.1508888687252567
63,1453,1516,0.1508878360302374
63,1455,1518,0.15088999429783237
62,1448,1510,0.1508918476964649
63,1448,1511,0.1508965928157744
62,1440,1502,0.1508981155645524
61,1451,1512,0.1509024958945644
60,1456,1516,0.1509096157442674
58,1469,1527,0.1509192490794132
59,1461,1520,0.15093450391277413
57,1462,1519,0.15094543705699562
58,1447,1505,0.15096184751648942
58,1445,1503,0.1509741522540776
58,1450,1508,0.15098573043068994
59,1455,1514,0.15099668889478046
61,1455,1516,0.1510041592365014
61,1457,1518,0.15100498320384204
57,1451,1508,0.15100582990634084
57,1448,1505,0.15101889735428167
57,1453,1510,0.15103095582363948
58,1445,1503,0.15104224660206078
55,1460,1515,0.15104972052785703
55,1460,1515,0.1510661123506253
55,1461,1516,0.1510815568919263
55,1464,1519,0.1510960399947866
57,1459,1516,0.1511096141339228
55,1462,1517,0.1511161480549705
55,1465,1520,0.1511284678928682
54,1469,1523,0.1511399737061188
56,1470,1526,0.15115379553089142
56,1463,1519,0.15116045249874396
58,1464,1522,0.1511668581495353
58,1467,1525,0.1511666702318516
58,1462,1520,0.15116659783714367
59,1450,1509,0.1511667535496144
59,1445,1504,0.15116403038731188
59,1451,1510,0.15116160528473194
58,1457,1515,0.1511594630799898
57,1456,1513,0.15116046781034487
57,1463,1520,0.15116463689525697
57,1464,1521,0.15116828684286268
56,1467,1523,0.15117170348080364
56,1461,1517,0.15117782697018134
56,1467,1523,0.1511836872001892
54,1451,1505,0.15118926735752847
55,1459,1514,0.15120072779177982
53,1465,1518,0.15120837002485202
52,1457,1509,0.15122157042002965
53,1457,1510,0.15123696616199822
49,1465,1514,0.15124818068720924
46,1469,1515,0.1512709470086974
46,1461,1507,0.1513015230667612
47,1452,1499,0.15132997717474503
46,1455,1501,0.15135359180434368
45,1472,1517,0.15137889241342123
44,1485,1529,0.15140567404639055
42,1480,1522,0.15143392745232698
44,1482,1526,0.15146664318300207
46,1479,1525,0.15149117735414708
47,1476,1523,0.15150800443873202
46,1463,1509,0.1515208322826707
45,1460,1505,0.1515361437767979
45,1473,1518,0.15155374027594287
46,1465,1511,0.1515702883596255
45,1469,1514,0.15158251523865512
46,1469,1515,0.1515971765754798
46,1474,1520,0.15160771675248053
44,1473,1517,0.15161764933789018
45,1479,1524,0.15163319822771076
45,1467,1512,0.15164464261476998
44,1469,1513,0.15165537560176726
43,1474,1517,0.15166864869827673
42,1473,1515,0.15168427605470622
40,1456,1496,0.15170208543741226
41,1465,1506,0.1517247772658398
39,1464,1503,0.1517428926641683
40,1460,1500,0.15176605074907143
41,1470,1511,0.15178463217770322
42,1472,1514,0.15179903778818127
40,1480,1520,0.1518094708218418
40,1474,1514,0.1518253526780611
39,1480,1519,0.15184036139820276
38,1477,1515,0.15185740493686434
41,1482,1523,0.15187659940535514
41,1482,1523,0.15188516091849533
40,1486,1526,0.15189329572312016
42,1491,1533,0.15190404760950385
41,1481,1522,0.1519079828731412
41,1489,1530,0.15191484026680116
44,1472,1516,0.1519213645494135
44,1464,1508,0.1519181602104075
46,1474,1520,0.1519152471783983
46,1474,1520,0.1519063193873873
45,1485,1530,0.1518980423021216
46,1485,1531,0.15189340235640214
45,1475,1520,0.1518859897934856
46,1475,1521,0.1518821726694221
47,1472,1519,0.15187552629718062
48,1476,1524,0.15186624344128086
46,1473,1519,0.15185457947450112
44,1485,1529,0.1518498957316078
44,1487,1531,0.15185170224936467
43,1476,1519,0.15185336296041463
43,1469,1512,0.15185794914916426
40,1464,1504,0.15186216829027757
40,1479,1519,0.15187546630872334
41,1483,1524,0.1518878825590284
41,1484,1525,0.15189642119199184
39,1473,1512,0.1519044017719917
37,1469,1506,0.15191820098761596
36,1490,1526,0.15193734121704844
37,1489,1526,0.15195840758371187
38,1492,1530,0.1519749976083348
37,1497,1534,0.1519874407659216
36,1492,1528,0.15200213315672573
35,1497,1532,0.1520189539254906
35,1490,1525,0.15203787033062685
33,1476,1509,0.15205563096952013
34,1473,1507,0.15207839716610436
35,1469,1504,0.15209661787397274
37,1479,1516,0.15211059863594137
37,1474,1511,0.15211755820592912
38,1479,1517,0.15212415278363126
40,1477,1517,0.15212718058938104
39,1478,1517,0.15212406940000964
39,1489,1528,0.15212462165676602
40,1489,1529,0.15212542237134521
42,1468,1510,0.15212318217697057
42,1466,1508,0.15211512550748574
40,1466,1506,0.15210776807208495
39,1473,1512,0.15210719634264402
36,1481,1517,0.15210982719810098
36,1479,1515,0.15212194815914148
36,1485,1521,0.1521333190543884
34,1488,1522,0.1521439267259594
34,1476,1510,0.15215986157473074
34,1483,1517,0.15217443925037116
34,1492,1526,0.15218807699921016
34,1487,1521,0.1522008146583395
32,1484,1516,0.15221271956049012
31,1488,1519,0.15222997666462906
30,1497,1527,0.15224909903879133
29,1501,1530,0.1522699360848041
28,1496,1524,0.15229243473015347
28,1490,1518,0.15231638427473612
28,1480,1508,0.1523387574112172
28,1482,1510,0.15235966965915065
27,1460,1487,0.15237905100256088
29,1462,1491,0.15240011102119175
29,1469,1498,0.15241350798609155
31,1473,1504,0.15242603197682436
31,1483,1514,0.15243152184305894
29,1487,1516,0.15243675072102061
31,1490,1521,0.15244798644933785
32,1496,1528,0.1524521325298143
31,1496,1527,0.15245290641289025
31,1489,1520,0.1524568647539418
32,1484,1516,0.15246052997865708
30,1475,1505,0.15246081704013784
30,1483,1513,0.15246739482701302
30,1492,1522,0.15247354615482
30,1501,1531,0.1524792276901791
29,1500,1529,0.15248451105924327
29,1499,1528,0.15249261555393076
30,1486,1516,0.15250023237773505
31,1482,1513,0.15250427546167977
31,1465,1496,0.15250493218551317
31,1479,1510,0.15250557476064128
32,1491,1523,0.1525061925142385
32,1489,1521,0.15250357799762707
32,1481,1513,0.15250114884360363
31,1479,1510,0.15249887901000986
30,1482,1512,0.15249990306247416
31,1493,1524,0.15250391225874643
31,1485,1516,0.15250453662617627
29,1486,1515,0.1525051254897796
28,1488,1516,0.1525119684516225
29,1480,1509,0.152521549895217
28,1477,1505,0.15252740690879063
27,1486,1513,0.1525361738929146
25,1487,1512,0.15254751840236935
26,1499,1525,0.15256435863006546
27,1505,1532,0.1525769883824582
26,1503,1529,0.15258562294576725
26,1501,1527,0.15259698701449012
26,1503,1529,0.15260780774799604
24,1497,1521,0.15261788267306586
24,1488,1512,0.15263354468952772
26,1479,1505,0.15264829255137596
26,1473,1499,0.15265568511306854
26,1480,1506,0.15266263588634543
26,1498,1524,0.15266916112724807
25,1501,1526,0.1526754851775842
24,1492,1516,0.1526845285116579
21,1506,1527,0.15269618330307055
21,1514,1535,0.15271651644584355
21,1510,1531,0.15273551997249166
21,1516,1537,0.15275334862151996
22,1514,1536,0.1527700655430327
21,1505,1526,0.1527825140667602
20,1504,1524,0.15279744246648733
20,1482,1502,0.1528146697524489
20,1487,1507,0.1528309063151967
18,1497,1515,0.1528461942340992
19,1496,1515,0.1528669552901353
19,1495,1514,0.15288326176077544
19,1506,1525,0.15289856812184963
18,1500,1518,0.15291281926488293
18,1495,1513,0.1529293193285378
18,1499,1517,0.15294485827269788
17,1508,1525,0.15295946400986724
17,1502,1519,0.15297635312293217
19,1505,1524,0.15299222189727074
18,1504,1522,0.1530007576809702
20,1507,1527,0.15301196097482322
21,1496,1517,0.15301610621714704
21,1487,1508,0.15301687816109766
20,1476,1496,0.15301767611239403
20,1493,1513,0.1530215699803861
19,1506,1525,0.15302518799835077
19,1492,1511,0.15303170096953717
19,1500,1519,0.15303776259075483
19,1498,1517,0.15304343366487555
19,1510,1529,0.15304884476787406
19,1498,1517,0.15305397061755557
19,1507,1526,0.15305878697867564
19,1506,1525,0.15306330593689363
20,1502,1522,0.15306754477349535
21,1514,1535,0.15306830892042939
20,1511,1531,0.15306581987090875
20,1515,1535,0.15306664569231945
21,1495,1516,0.15306742071060794
22,1496,1518,0.15306500562911174
22,1503,1525,0.15305963342599507
21,1504,1525,0.1530546268037682
21,1503,1524,0.15305313099083326
22,1501,1523,0.15305169007981104
22,1503,1525,0.15304711210012548
20,1508,1528,0.15304282185816118
20,1498,1518,0.15304517787033314
20,1490,1510,0.15304736402817595
19,1489,1508,0.15304940317788188
18,1482,1500,0.15305442064054836
18,1496,1514,0.153062230835263
18,1492,1510,0.15306951678939906
17,1498,1515,0.15307632978360922
17,1486,1503,0.1530859068255634
19,1498,1517,0.15309487542968683
18,1498,1516,0.15309690089631603
19,1496,1515,0.15310198257783228
19,1508,1527,0.15310359963812512
16,1499,1515,0.1531051492863672
16,1498,1514,0.15311612139913575
17,1498,1515,0.15312635026686053
17,1503,1520,0.1531327083238881
17,1499,1516,0.15313867529865402
18,1496,1514,0.15314427372274678
19,1504,1523,0.1531463128659174
19,1503,1522,0.15314510336339124
20,1510,1530,0.15314401741521033
20,1501,1521,0.15313979670066952
19,1504,1523,0.1531358641012288
20,1501,1521,0.1531353829961975
21,1507,1528,0.15313177250854884
22,1498,1520,0.15312517215093482
22,1499,1521,0.15311583016449776
22,1499,1521,0.1531071133158339
22,1512,1534,0.1530989603256744
22,1505,1527,0.1530913255546812
21,1510,1531,0.15308417016744272
23,1500,1523,0.15308061207297002
22,1499,1521,0.1530709087432338
23,1503,1526,0.15306504637401072
24,1486,1510,0.15305632009268663
25,1486,1511,0.1530448363561096
24,1488,1512,0.15303093694958217
23,1483,1506,0.15302107241581442
22,1494,1516,0.15301499029441382
22,1499,1521,0.1530124692132409
20,1510,1530,0.15301009930430368
19,1505,1524,0.153014191522343
20,1509,1529,0.15302121941927027
20,1521,1541,0.1530246106423068
19,1523,1542,0.15302779130510116
18,1512,1530,0.153033954450284
18,1515,1533,0.1530428949134528
17,1518,1535,0.15305126065395402
18,1514,1532,0.15306230454579067
18,1504,1522,0.15306937247459843
19,1506,1525,0.1530760843214484
20,1498,1518,0.15307921104339428
18,1494,1512,0.1530789466292991
17,1498,1515,0.15308514199914802
18,1489,1507,0.15309410678290994
17,1497,1514,0.15309926743685306
18,1492,1510,0.15310736440081918
19,1497,1516,0.15311173566135433
18,1491,1509,0.15311266269347354
18,1496,1514,0.1531168520437793
18,1506,1524,0.15312083294537834
18,1509,1527,0.153124602012685
16,1503,1519,0.15312816445605482
17,1499,1516,0.15313796645750016
16,1499,1515,0.15314391022852358
16,1484,1500,0.1531527148409486
16,1496,1512,0.1531609665796054
16,1483,1499,0.15316870815999123
16,1491,1507,0.15317597632209431
17,1473,1490,0.15318280312583343
16,1476,1492,0.1531859815208896
17,1496,1513,0.15319216251316845
16,1508,1524,0.15319474701368072
15,1498,1513,0.15320042016700255
13,1502,1515,0.15320893601649352
15,1496,1511,0.15322321372312356
16,1492,1508,0.15323022990246735
16,1491,1507,0.15323358333803122
16,1488,1504,0.15323666577650008
14,1498,1512,0.1532395631816623
14,1502,1516,0.153248652201615
15,1512,1527,0.1532571088961632
16,1507,1523,0.15326181482126144
15,1501,1516,0.15326313007956166
14,1507,1521,0.1532676209981702
13,1510,1523,0.1532750826848239
14,1507,1521,0.15328530283963546
14,1492,1506,0.15329165825550586
14,1492,1506,0.15329763779759786
13,1500,1513,0.15330325996626334
12,1502,1514,0.15331178776114612
13,1511,1524,0.15332305676874428
12,1503,1515,0.15333039357569792
13,1499,1512,0.15334049437188907
13,1484,1497,0.15334666672345548
15,1502,1517,0.15335245033215958
15,1500,1515,0.15335141736616187
15,1496,1511,0.15335047540036695
14,1514,1528,0.15334960452682384
13,1513,1526,0.15335201272723867
11,1494,1505,0.15335747668219132
12,1506,1518,0.1533690683111427
12,1501,1513,0.15337671333990116
12,1497,1509,0.15338389264859745
13,1493,1506,0.1533906344356292
12,1499,1511,0.15339376397394078
12,1491,1503,0.15339994922555866
12,1498,1510,0.15340575940447387
12,1498,1510,0.15341121532299706
12,1497,1509,0.1534162617997811
12,1507,1519,0.1534209974800179
12,1491,1503,0.15342544100074104
12,1491,1503,0.15342961079472736
12,1493,1505,0.15343352255607706
12,1478,1490,0.1534371974989264
12,1485,1497,0.1534406488101672
13,1500,1513,0.15344389085341323
13,1504,1517,0.15344362997462102
13,1506,1519,0.15344342451986187
12,1504,1516,0.15344324175859664
13,1500,1513,0.15344632859390017
14,1515,1529,0.1534459834184894
15,1508,1523,0.15344248450038883
15,1501,1516,0.15343602375942925
15,1503,1518,0.15343000272013466
15,1503,1518,0.15342437462332603
14,1517,1531,0.15341910669282566
14,1522,1536,0.15341737007419198
15,1510,1525,0.1534157338936717
15,1519,1534,0.15341099720413914
13,1520,1533,0.15340664706650142
12,1515,1527,0.15340894022572518
13,1511,1524,0.15341439669582743
14,1502,1516,0.15341621171418274
15,1508,1523,0.15341472225802286
15,1507,1522,0.1534102093827258
14,1513,1527,0.1534059930113482
13,1499,1512,0.1534051807819884
12,1507,1519,0.15340759513986466
13,1515,1528,0.15341301094740445
12,1505,1517,0.15341483454762325
12,1522,1534,0.15341968586437227
12,1513,1525,0.1534242085371957
12,1507,1519,0.15342843044891527
13,1510,1523,0.1534324327481844
13,1511,1524,0.15343297996853925
12,1493,1505,0.15343351885495596
12,1491,1503,0.15343732027298795
13,1491,1504,0.153440905759151
12,1498,1510,0.15344103011887525
12,1511,1523,0.15344440529529696
12,1502,1514,0.1534475731314936
12,1519,1531,0.15345054927278426
13,1521,1534,0.1534533464259692
13,1516,1529,0.15345274349354998
12,1508,1520,0.15345219273135904
15,1502,1517,0.1534549088956354
15,1508,1523,0.15344772719076982
15,1504,1519,0.15344102284068822
15,1511,1526,0.15343474378270394
15,1499,1514,0.1534288559484299
15,1490,1505,0.1534233319325807
16,1499,1515,0.15341814754494243
14,1496,1510,0.1534101339280076
15,1501,1516,0.1534090405568692
15,1501,1516,0.1534047033162029
14,1498,1512,0.15340061414136863
13,1506,1519,0.1533998750816788
12,1509,1521,0.15340251642604963
12,1503,1515,0.15340813515472665
12,1509,1521,0.15341340893956434
11,1506,1517,0.1534182760152316
11,1511,1522,0.15342594947331903
12,1502,1514,0.15343313474928888
13,1496,1509,0.1534366698417754
14,1500,1514,0.15343676523056238
14,1499,1513,0.15343369253570008
13,1492,1505,0.1534309357599734
13,1495,1508,0.15343163121088857
13,1501,1514,0.15343231609063118
13,1500,1513,0.1534329785739251
13,1501,1514,0.15343361465056765
12,1489,1501,0.1534342220381067
11,1478,1489,0.15343803186029373
11,1494,1505,0.1534447461551947
11,1494,1505,0.15345099303117266
11,1503,1514,0.1534568315484062
12,1495,1507,0.15346229943849482
12,1496,1508,0.1534642580409679
12,1503,1515,0.1534661694851594
12,1505,1517,0.15346799618944296
12,1498,1510,0.15346972986586022
12,1505,1517,0.1534713701447577
12,1505,1517,0.15347291943721494
13,1495,1508,0.1534742984645003
14,1503,1517,0.1534724184613963
14,1509,1523,0.15346742645733014
13,1501,1514,0.15346276614795204
13,1509,1522,0.15346164884700222
13,1501,1514,0.15346061448961001
14,1510,1524,0.15345965101347175
15,1500,1515,0.15345551254963286
15,1497,1512,0.15344849991046286
14,1503,1517,0.15344196559575904
15,1503,1518,0.1534389522273416
15,1504,1519,0.15343301098315906
14,1499,1513,0.15342735700360677
14,1499,1513,0.15342518316309564
14,1488,1502,0.1534231402985638
14,1513,1527,0.15342122179107742
14,1503,1517,0.1534194176435292
14,1505,1519,0.1534177203411992
15,1510,1525,0.15341612312676878
16,1511,1527,0.1534113452784091
16,1501,1517,0.1534037224903607
16,1509,1525,0.15339660548465855
16,1507,1523,0.15338994318069393
16,1503,1519,0.15338369990573333
16,1497,1513,0.1533778455785939
16,1499,1515,0.15337235352722187
19,1497,1516,0.1533671629795704
19,1515,1534,0.1533526438755471
20,1504,1524,0.1533391910907648
19,1505,1524,0.15332351614768386
18,1501,1519,0.15331206669079706
18,1513,1531,0.15330449257868822
18,1509,1527,0.15329737379237834
18,1484,1502,0.15329068920482825
17,1496,1513,0.15328441518370414
15,1480,1495,0.15328173808151796
15,1494,1509,0.15328555836317728
15,1488,1503,0.15328900716613275
15,1492,1507,0.1532921840958379
15,1506,1521,0.15329513078574805
15,1490,1505,0.1532978738468393
17,1505,1522,0.15330043309998412
17,1507,1524,0.15329649136833245
16,1514,1530,0.1532928127395998
16,1510,1526,0.1532926508593798
15,1501,1516,0.15329248724230143
16,1493,1509,0.15329554569129172
14,1498,1512,0.15329529059106034
13,1494,1507,0.1533015238991026
12,1496,1508,0.1533103671168645
13,1486,1499,0.15332182753538962
14,1491,1505,0.15332940576545664
13,1489,1502,0.1533333174844538
13,1491,1504,0.15334010983739446
13,1493,1506,0.1533465248497356
14,1502,1516,0.15335261932776692
14,1494,1508,0.15335514787528629
14,1507,1521,0.15335755623367522
14,1506,1520,0.15335983668104303
12,1518,1530,0.15336199102687129
12,1519,1531,0.15337031521934105
13,1506,1519,0.1533780128494861
14,1488,1502,0.1533821165542944
14,1490,1504,0.15338274593751483
15,1495,1510,0.1533833448088434
14,1500,1514,0.15338055379064724
14,1492,1506,0.15338119687392637
13,1499,1512,0.15338180066788
14,1504,1518,0.15338555341208177
16,1508,1524,0.1533858602185129
17,1502,1519,0.1533796914752787
18,1505,1523,0.15337077962991646
19,1509,1528,0.1533592884962591
18,1500,1518,0.15334532008304363
19,1506,1525,0.15333545534766274
17,1497,1514,0.15332305998704301
17,1476,1493,0.15331781306116965
16,1484,1500,0.15331287486087158
15,1490,1505,0.1533113313543485
14,1482,1496,0.1533130404001489
14,1488,1502,0.15331784215679786
14,1497,1511,0.15332232078745864
14,1507,1521,0.1533265041092512
15,1505,1520,0.15333049060256507
14,1502,1516,0.1533309974822878
13,1510,1523,0.15333461314270708
13,1502,1515,0.15334123296930788
13,1501,1514,0.15334744337526596
11,1497,1508,0.15335326887172554
12,1514,1526,0.15336516121416813
13,1521,1534,0.15337309091833945
13,1507,1520,0.15337730367785268
13,1509,1522,0.15338121028244953
11,1510,1521,0.15338486158710246
11,1517,1528,0.15339477163170837
11,1505,1516,0.15340407253443425
12,1498,1510,0.15341280368914842
12,1497,1509,0.1534177304308803
13,1489,1502,0.1534224453809779
14,1496,1510,0.15342366632576426
14,1497,1511,0.15342171309510977
14,1503,1517,0.15341990971822342
13,1505,1518,0.15341824546948016
13,1496,1509,0.15341982534352414
13,1486,1499,0.15342132462855035
13,1498,1511,0.15342273677958057
12,1501,1513,0.1534240642417125
11,1491,1502,0.15342853741169424
11,1501,1512,0.15343595271367955
12,1492,1504,0.15344283532531114
12,1494,1506,0.15344603591924375
13,1492,1505,0.15344911271474276
14,1489,1503,0.15344889278218346
14,1496,1510,0.1534456084448453
14,1502,1516,0.1534425600523032
13,1515,1528,0.1534397430641653
13,1509,1522,0.15344020187277013
14,1506,1520,0.15344065970670112
14,1500,1514,0.1534379377338586
14,1502,1516,0.15343532312768024
14,1498,1512,0.15343286024664726
14,1508,1522,0.1534305453850513
14,1503,1517,0.15342837107737745
14,1499,1513,0.15342616837132686
14,1507,1521,0.15342411233820621
14,1513,1527,0.15342232004030182
12,1508,1520,0.15342063243273935
13,1502,1515,0.1534253997832745
13,1508,1521,0.15342676116701998
11,1514,1525,0.15342805664428164
11,1524,1535,0.15343547351277864
10,1524,1534,0.15344245759365108
10,1530,1540,0.15345229100382207
8,1525,1533,0.1534615108105533
7,1523,1530,0.15347640360688564
7,1526,1533,0.15349358339621408
7,1516,1523,0.15350971060513563
7,1517,1524,0.153524837155873
7,1516,1523,0.1535390282946548
8,1522,1530,0.15355234502528872
8,1512,1520,0.15356166871217597
8,1503,1511,0.15357040476252845
8,1507,1515,0.1535786118975769
7,1506,1513,0.15358632356485447
7,1503,1510,0.15359674887094632
7,1498,1505,0.15360656273001133
7,1498,1505,0.15361579076846932
7,1503,1510,0.15362446103373745
7,1494,1501,0.15363261336531636
7,1501,1508,0.15364027437566677
6,1501,1507,0.1536474719840882
5,1511,1516,0.15365754801282755
4,1525,1529,0.15367018279988845
4,1511,1515,0.15368527364416681
4,1502,1506,0.15369943498891706
4,1519,1523,0.15371272921252882
4,1521,1525,0.15372521328573896
4,1524,1528,0.15373693930166904
4,1512,1516,0.15374795514054884
5,1519,1524,0.153758305079966
5,1509,1514,0.1537647700853639
6,1506,1512,0.15377090540585306
6,1515,1521,0.15377343705939314
6,1516,1522,0.15377577393609485
6,1516,1522,0.15377801368816776
6,1514,1520,0.15378012640983912
6,1522,1528,0.15378211510530465
5,1519,1524,0.1537839855765391
5,1517,1522,0.15378898596357268
5,1517,1522,0.1537936780269234
4,1516,1520,0.15379808209843648
4,1516,1520,0.15380547351833695
4,1514,1518,0.1538124157542226
4,1522,1526,0.15381893675364158
4,1523,1527,0.15382506269121118
4,1521,1525,0.1538308181592166
4,1520,1524,0.15383622615520576
5,1513,1518,0.1538413081338067
5,1508,1513,0.15384279597609749
5,1510,1515,0.15384427810580587
5,1513,1518,0.1538456977055516
5,1509,1514,0.15384704778733702
5,1513,1518,0.15384832758252098
4,1506,1510,0.15384953850184682
4,1504,1508,0.1538539086169455
4,1509,1513,0.15385800052418971
4,1500,1504,0.15386183251425428
4,1510,1514,0.153865425866053
5,1516,1521,0.15386879785887275
5,1507,1512,0.1538687043866225
5,1514,1519,0.15386862369388318
5,1506,1511,0.15386855054230608
6,1517,1523,0.153868483546861
6,1520,1526,0.15386517890238938
6,1513,1519,0.15386208869615628
6,1510,1516,0.1538591916859314
7,1510,1517,0.15385647337128674
8,1510,1518,0.15385068409627703
8,1510,1518,0.1538420128615548
8,1502,1510,0.15383389065230837
8,1515,1523,0.15382627308495106
8,1502,1510,0.15381912296704325
8,1507,1515,0.15381240821629924
8,1497,1505,0.15380610031068376
8,1508,1516,0.15380017335424223
8,1498,1506,0.15379460353843066
8,1502,1510,0.15378936880830846
8,1505,1513,0.1537844486378201
8,1507,1515,0.1537798238666752
7,1514,1521,0.15377547657420274
8,1502,1510,0.15377463768734886
7,1498,1505,0.15377058735894159
6,1511,1517,0.15377010803452393
6,1512,1518,0.15377281133997264
5,1509,1514,0.15377532540665623
5,1520,1525,0.15378089295141423
5,1519,1524,0.15378610448392716
5,1516,1521,0.15379098798252808
5,1521,1526,0.1537955675263852
4,1516,1520,0.1537998644575131
4,1517,1521,0.1538071231944324
4,1522,1526,0.15381392962061002
4,1521,1525,0.15382031675390886
4,1519,1523,0.15382631403523417
3,1517,1520,0.1538319473303773
3,1529,1532,0.15384047788020302
3,1515,1518,0.15384848892160796
3,1503,1506,0.15385601398816093
3,1499,1502,0.15386308369281113
3,1506,1509,0.15386972658686784
3,1509,1512,0.15387596922109015
2,1515,1517,0.15388183628835747
2,1526,1528,0.15389059485405385
2,1516,1518,0.15389882114107384
2,1512,1514,0.15390654908709783
2,1515,1517,0.15391381076925637
2,1511,1513,0.15392063567885061
2,1513,1515,0.15392705094871081
2,1519,1521,0.1539330817070735
1,1516,1517,0.15393875134620902
1,1523,1524,0.15394734246780106
1,1516,1517,0.1539554144973647
1,1508,1509,0.15396299959618467
1,1501,1502,0.15397012919227518
0,1514,1514,0.15397683184819722
