1366,26,1392,0.13582128833903553
1412,29,1441,0.1329883895996078
1432,29,1461,0.13027564266174743
1443,31,1474,0.12774889184951482
1442,31,1473,0.12541770957807813
1442,29,1471,0.12329773485791407
1444,31,1475,0.12136714355573386
1470,32,1502,0.11960352816942907
1466,31,1497,0.11793241091529903
1460,31,1491,0.11642155864632756
1458,31,1489,0.1150610527071692
1454,33,1487,0.11382758803926979
1447,35,1482,0.11271426967682815
1456,37,1493,0.11171721611252218
1452,38,1490,0.11078797032455621
1451,37,1488,0.1099517468223733
1445,38,1483,0.10919280744718211
1443,39,1482,0.10851560235916896
1439,38,1477,0.10790330946518263
1436,35,1471,0.10735479774027037
1441,38,1479,0.10686200300262183
1453,38,1491,0.10640175771810459
1450,39,1489,0.10595560961367922
1454,39,1493,0.10555603079968699
1453,39,1492,0.10518342466613237
1454,37,1491,0.10484671982192988
1448,35,1483,0.10453749379109756
1456,38,1494,0.1042691222107399
1452,38,1490,0.10400678711352607
1448,36,1484,0.10377667440151975
1439,37,1476,0.1035762874203311
1432,41,1473,0.10341351071348523
1445,43,1488,0.10328047999993543
1450,45,1495,0.10313131622875991
1461,44,1505,0.10298460252013147
1457,43,1500,0.10282683347145465
1445,42,1487,0.10269213811237084
1449,43,1492,0.10259557301233774
1448,45,1493,0.10249941667464356
1447,44,1491,0.1024138176386461
1438,43,1481,0.10233802279022466
1451,43,1494,0.10228883543858583
1462,44,1506,0.10221579969209171
1443,46,1489,0.10212573726879888
1435,45,1480,0.10208506277935009
1443,44,1487,0.10206516681984588
1440,47,1487,0.10202975002992903
1429,48,1477,0.10200394213314935
1425,48,1473,0.10200443961509464
1423,51,1474,0.10201346652353237
1427,50,1477,0.1020257277658611
1422,51,1473,0.10202849978961397
1431,52,1483,0.10204203120574773
1442,51,1493,0.1020349967937703
1431,54,1485,0.10200497627695292
1447,56,1503,0.10200133718390787
1455,61,1516,0.10196303130169153
1442,58,1500,0.10191116866158226
1435,60,1495,0.10189246243610983
1449,61,1510,0.1018901932089214
1442,59,1501,0.1018584751001339
1434,59,1493,0.10184471750342042
1428,58,1486,0.10184976661318594
1425,59,1484,0.10186705277005903
1426,59,1485,0.10188956880835352
1430,57,1487,0.1019080116492333
1429,58,1487,0.10191575467099137
1428,59,1487,0.10192503015345973
1416,58,1474,0.10193567207839933
1424,55,1479,0.10197081300818495
1421,56,1477,0.10198578849634554
1417,58,1475,0.102005357856598
1432,58,1490,0.10203195465195815
1439,54,1493,0.10202413259852318
1432,55,1487,0.10200243052839593
1442,56,1498,0.10199763633387678
1433,58,1491,0.10197178835075185
1425,63,1488,0.10196785667536488
1434,62,1496,0.10198129103262095
1443,64,1507,0.10197407315852651
1440,65,1505,0.1019480591470559
1438,65,1503,0.10193120287879656
1437,63,1500,0.1019198522088442
1430,65,1495,0.10191143633751903
1427,63,1490,0.10191919462123561
1409,59,1468,0.10193274317324555
1416,58,1474,0.10198378820731677
1432,58,1490,0.1020148499567008
1427,57,1484,0.10200839080639977
1438,55,1493,0.10201362615896585
1429,55,1484,0.10199457420259363
1434,55,1489,0.10199614657972483
1431,57,1488,0.10198738108873837
1427,60,1487,0.10198604413134937
1425,61,1486,0.1019934282344943
1434,60,1494,0.10200433376953111
1429,59,1488,0.10199495069277402
1431,58,1489,0.10199754815914534
1432,58,1490,0.10199547382754065
1434,59,1493,0.10199133078447802
1444,57,1501,0.10198333135174305
1439,63,1502,0.10195443771609504
1432,64,1496,0.10193852333079725
1434,68,1502,0.10193924694480316
1427,62,1489,0.10193549866412013
1426,60,1486,0.10194723637454498
1428,60,1488,0.10196023145016657
1430,61,1491,0.10196794667240443
1431,62,1493,0.1019705091740296
1428,60,1488,0.1019704695750492
1426,62,1488,0.10197694106605006
1439,62,1501,0.10198749071989031
1433,61,1494,0.1019690609860313
1437,62,1499,0.10196483519688669
1426,59,1485,0.10195232768134847
1428,60,1488,0.10196481397417295
1425,61,1486,0.10197177916337835
1426,62,1488,0.10198480854795162
1420,60,1480,0.1019945706899228
1415,57,1472,0.1020163904567043
1424,61,1485,0.10204714288136145
1433,58,1491,0.10205558187975323
1435,60,1495,0.10204447314006203
1426,63,1489,0.10203008891998108
1427,61,1488,0.10203645488438727
1423,61,1484,0.10203996251303885
1426,62,1488,0.10205151811015846
1420,62,1482,0.102055570581743
1422,65,1487,0.10207256154948739
1420,67,1487,0.10208338977383928
1425,68,1493,0.10209774070299568
1427,66,1493,0.1020994589587284
1419,65,1484,0.10209693648509638
1427,65,1492,0.10211193403629718
1418,63,1481,0.10210859406292147
1433,62,1495,0.10212523688304406
1436,63,1499,0.10210778135371605
1423,64,1487,0.10208560192329237
1429,64,1493,0.10209390046813763
1427,67,1494,0.10208853993893563
1427,64,1491,0.1020875287368207
1434,64,1498,0.10208699757105276
1419,67,1486,0.10207196771107131
1415,65,1480,0.10209059635609723
1450,66,1516,0.10211592907417451
1437,67,1504,0.10206299878747932
1424,70,1494,0.1020431870703716
1424,72,1496,0.10205397032800333
1424,71,1495,0.10206416993456688
1419,69,1488,0.10207282647883904
1432,68,1500,0.10209190535190249
1426,70,1496,0.10208148587660251
1412,74,1486,0.10208416156962845
1426,70,1496,0.1021175398494114
1420,69,1489,0.10211798356044717
1429,68,1497,0.10213065865086231
1426,68,1494,0.10212253124232071
1423,69,1492,0.10212147713187399
1426,71,1497,0.10212712393425143
1433,71,1504,0.10212604376308507
1425,68,1493,0.10211042504192172
1421,69,1490,0.10211307564865969
1419,71,1490,0.10212422926887367
1418,70,1488,0.10213875162116488
1393,71,1464,0.10215393223186287
1411,70,1481,0.10222161598452313
1403,70,1473,0.10224449302372232
1406,70,1476,0.10228259542599033
1415,74,1489,0.10231135832973047
1423,77,1500,0.1023176023908568
1432,76,1508,0.10230641920451725
1419,75,1494,0.10227699268300601
1415,73,1488,0.10227827102214654
1419,70,1489,0.1022885083381328
1422,72,1494,0.10228827119584057
1429,77,1506,0.10228193923592369
1420,78,1498,0.10226094322800834
1422,78,1500,0.10226127182947599
1419,76,1495,0.10225716849037828
1422,76,1498,0.10225992199666449
1417,80,1497,0.1022560485527793
1411,79,1490,0.10226375644736767
1405,82,1487,0.10228379402873991
1401,83,1484,0.10231488018431985
1396,87,1483,0.10235199049498148
1404,84,1488,0.10239701213270226
1398,86,1484,0.10242036337666789
1406,91,1497,0.102454789155483
1413,86,1499,0.10246889182897746
1404,85,1489,0.10246625587499565
1402,85,1487,0.10248347473530131
1399,88,1487,0.10250355281088418
1399,91,1490,0.10252871957110908
1392,92,1484,0.10255141724376708
1392,95,1487,0.10258717131012746
1398,94,1492,0.10262080056703503
1399,92,1491,0.10263856889101679
1405,91,1496,0.10265258022286709
1403,96,1499,0.1026521357451853
1395,95,1490,0.1026563099884446
1392,94,1486,0.10267756199609224
1404,93,1497,0.10270385105798852
1414,91,1505,0.10270191840952204
1425,93,1518,0.1026783939824854
1418,90,1508,0.10263309216816344
1406,89,1495,0.10260669627438036
1397,85,1482,0.10260835943549519
1393,89,1482,0.10262977807975723
1394,89,1483,0.10265817132726408
1394,87,1481,0.10268200724041936
1398,89,1487,0.10270354160904717
1410,88,1498,0.10271442908801565
1411,90,1501,0.1026983541944106
1413,91,1504,0.10268125624846255
1407,90,1497,0.10266170809381499
1403,92,1495,0.10265685789251347
1399,94,1493,0.10266129031183692
1398,94,1492,0.10267389020155022
1403,95,1498,0.10268692462741537
1408,92,1500,0.1026875811743773
1409,89,1498,0.10267743664128388
1407,90,1497,0.10266613126025051
1403,96,1499,0.10266015455300889
1400,97,1497,0.10266342992612586
1395,101,1496,0.10267276135053606
1388,99,1487,0.10269288711549279
1399,100,1499,0.10272613785129096
1404,99,1503,0.10273292092696959
1401,100,1501,0.10272812048794044
1387,102,1489,0.10273005751342745
1393,104,1497,0.10276236545870213
1403,104,1507,0.10277903619546508
1385,106,1491,0.10277307389106173
1379,107,1486,0.1028070486954277
1387,108,1495,0.10285075144031036
1397,107,1504,0.10287323166931092
1404,105,1509,0.10287212252276234
1390,107,1497,0.10285577149966485
1399,107,1506,0.10287060293445802
1392,105,1497,0.1028647307045045
1391,103,1494,0.10287496595012896
1382,102,1484,0.10288606649043779
1389,102,1491,0.10291564063404594
1392,98,1490,0.10292684958165317
1401,99,1500,0.10293021995235836
1401,99,1500,0.1029143412944254
1402,97,1499,0.1029003583177538
1401,101,1502,0.10288548491061021
1396,105,1501,0.10287446306065927
1382,104,1486,0.10287552521544133
1390,105,1495,0.10290622593686134
1387,104,1491,0.10291699626515884
1394,105,1499,0.10293310114973503
1396,103,1499,0.10293308115602873
1395,107,1502,0.10292843446359072
1380,110,1490,0.10292663681240807
1369,111,1480,0.10295788342803736
1378,108,1486,0.10301016050811676
1380,110,1490,0.10303815547245465
1377,112,1489,0.10305987159414041
1375,109,1484,0.10308690611268392
1375,111,1486,0.10311558518487604
1391,111,1502,0.1031416514516395
1398,109,1507,0.10313014685914727
1386,112,1498,0.10310397561852187
1381,109,1490,0.1031068353444473
1381,115,1496,0.10312080077045603
1384,113,1497,0.10313371168739652
1388,116,1504,0.10313895204758525
1384,118,1502,0.10313486755035353
1364,118,1482,0.10314010871724616
1372,115,1487,0.10318875123824497
1374,115,1489,0.10321610796997165
1370,119,1489,0.10323699422825217
1359,121,1480,0.10326563833220088
1369,117,1486,0.10331561904688208
1378,121,1499,0.10334002566308265
1380,121,1501,0.10334249987096175
1374,123,1497,0.10334029540671763
1372,122,1494,0.10335161629764057
1362,124,1486,0.10336643455115745
1349,126,1475,0.10340240480939311
1376,123,1499,0.10346328685120447
1370,123,1493,0.10345928055897574
1361,127,1488,0.10346862843624102
1366,132,1498,0.10349627848804405
1372,131,1503,0.10351118696635098
1371,130,1501,0.10351134212307862
1364,129,1493,0.10351409405061801
1360,128,1488,0.10353238392908093
1362,130,1492,0.10355750889096559
1361,132,1493,0.10357587646524483
1371,128,1499,0.10359525029225246
1372,126,1498,0.10359126940497976
1377,131,1508,0.10358491166803571
1357,132,1489,0.10356904848815623
1348,132,1480,0.10359867464183349
1343,137,1480,0.10364505883794503
1354,132,1486,0.10369928885903587
1344,133,1477,0.10372464331370908
1342,134,1476,0.10376996757766759
1339,137,1476,0.10381560989068034
1343,141,1484,0.10386378509724974
1353,143,1496,0.10389901751654053
1345,142,1487,0.10391040443782039
1348,139,1487,0.10393853272059292
1352,138,1490,0.10395640757016114
1360,138,1498,0.10396460783531601
1352,140,1492,0.10395530337663467
1353,139,1492,0.10396483262370516
1355,140,1495,0.10397106644232419
1357,134,1491,0.10397279306663595
1363,137,1500,0.10397003440894974
1344,140,1484,0.10395458460037682
1345,140,1485,0.10398218126953106
1348,146,1494,0.1040055875621524
1361,143,1504,0.10401975902321098
1358,142,1500,0.10400410658148936
1356,140,1496,0.10399636576441176
1354,141,1495,0.10399288794919359
1357,143,1500,0.10399400021672932
1358,140,1498,0.10398842828120912
1370,142,1512,0.10398165888073574
1377,143,1520,0.10394945668865986
1369,143,1512,0.10390394167353864
1368,146,1514,0.10388035216684954
1360,147,1507,0.10386054091291515
1366,143,1509,0.10385941811924246
1369,142,1511,0.10384522575835796
1357,143,1500,0.10382612905558837
1353,144,1497,0.10383602637577517
1360,145,1505,0.10385458958151528
1365,146,1511,0.10385598449740668
1361,146,1507,0.10384593919918439
1353,152,1505,0.1038456836444552
1349,153,1502,0.10386246362472093
1347,152,1499,0.10388711259911892
1337,152,1489,0.10391473474753928
1347,154,1501,0.10396150380043259
1340,154,1494,0.10398201089554301
1323,157,1480,0.1040166504954512
1324,165,1489,0.10408561254739382
1324,170,1494,0.10414730219165232
1337,169,1506,0.10420330011800409
1330,165,1495,0.1042264144937766
1327,163,1490,0.10426288850596603
1320,160,1480,0.10430227133763019
1324,159,1483,0.10435363310765833
1333,165,1498,0.10439262034770139
1326,167,1493,0.10440818179497123
1328,165,1493,0.1044383951405589
1319,164,1483,0.10446120256215224
1322,162,1484,0.10450206696534263
1324,162,1486,0.10453162261173692
1331,158,1489,0.1045549849474457
1342,156,1498,0.10456074511697241
1332,154,1486,0.10454133171072968
1327,158,1485,0.1045452302095938
1329,158,1487,0.10455965485843027
1330,159,1489,0.10456904448250132
1327,162,1489,0.10457622234193838
1319,153,1472,0.10458993597253034
1327,154,1481,0.10461926025204711
1336,158,1494,0.10462830882502228
1332,159,1491,0.10461710296617835
1322,165,1487,0.10461579171760305
1319,168,1487,0.10463684388125571
1323,169,1492,0.10466312385838793
1326,170,1496,0.10467894737251607
1322,169,1491,0.10468727377415561
1314,172,1486,0.10470349698054854
1313,172,1485,0.10473738764550873
1306,179,1485,0.1047706063312617
1301,181,1482,0.10481764855609768
1310,182,1492,0.10487175527241653
1314,181,1495,0.10490133649723977
1307,176,1483,0.10491970261851684
1319,181,1500,0.10495212682976163
1315,185,1500,0.10495560389997534
1306,182,1488,0.10496802613208125
1308,184,1492,0.1049988233932388
1293,180,1473,0.10502313118763422
1292,181,1473,0.1050783566703604
1304,186,1490,0.10513018758406809
1308,190,1498,0.10515147329819488
1319,192,1511,0.10516290151052708
1308,189,1497,0.10514956375771384
1308,191,1499,0.10516138133294099
1311,192,1503,0.10517256953943509
1310,188,1498,0.10517536046807578
1297,184,1481,0.1051813296632918
1306,187,1493,0.10521513917627823
1306,189,1495,0.10522616436872244
1305,189,1494,0.1052363333223155
1306,185,1491,0.10524838140256156
1319,191,1510,0.10525640791170598
1312,191,1503,0.10523579071438842
1327,193,1520,0.10523257638547659
1327,193,1520,0.10519636208332211
1322,194,1516,0.10516439525810099
1321,191,1512,0.10514632227805816
1323,186,1509,0.10513310629144133
1327,183,1510,0.10511689875518808
1323,183,1506,0.10509292654065085
1317,183,1500,0.10508027634582692
1319,184,1503,0.1050815006827731
1323,179,1502,0.10507842354157237
1324,180,1504,0.10506665555419775
1314,181,1495,0.10505382772749618
1309,182,1491,0.10506304228746664
1306,185,1491,0.10508282584316472
1303,181,1484,0.10510774489517363
1307,185,1492,0.10513709902655273
1291,190,1481,0.10515589843149536
1305,188,1493,0.1052079878473797
1299,190,1489,0.1052251237522821
1299,190,1489,0.10525433473152816
1315,190,1505,0.10528026792427359
1316,185,1501,0.10526892351156157
1317,186,1503,0.10525678749278494
1318,186,1504,0.10524428445705172
1305,189,1494,0.10523004347297371
1306,189,1495,0.10524722092701705
1301,193,1494,0.105261518280084
1311,194,1505,0.10528595334437693
1312,198,1510,0.10528730328422461
1319,197,1516,0.10528572530715348
1307,192,1499,0.10526818836719212
1317,195,1512,0.10527875048976973
1310,194,1504,0.10526648553444852
1300,194,1494,0.10527045374163566
1293,192,1485,0.10529679756626383
1288,196,1484,0.10533747786383112
1307,202,1509,0.10538542874511453
1299,207,1506,0.10538655563429654
1298,206,1504,0.10540555604949386
1297,206,1503,0.1054250753256763
1306,202,1508,0.10544447178324137
1313,202,1515,0.10544228305320794
1299,205,1504,0.10542373918371671
1306,203,1509,0.10543772397737461
1304,209,1513,0.1054354811538035
1315,208,1523,0.10543924699451505
1314,208,1522,0.10541793207923955
1306,201,1507,0.10539918827967448
1295,199,1494,0.10539984350599252
1288,206,1494,0.1054247094424307
1286,202,1488,0.10546226407398498
1300,202,1502,0.10550072267974792
1298,201,1499,0.10550568575748918
1293,199,1492,0.1055142915325394
1305,204,1509,0.10553360240417786
1307,208,1515,0.10552484277319316
1305,207,1512,0.10551341882720246
1296,204,1500,0.10550730006213413
1304,203,1507,0.1055212729094659
1296,202,1498,0.10551614277111991
1301,203,1504,0.1055285686709821
1299,205,1504,0.10552833287271673
1285,201,1486,0.1055339465619835
1307,203,1510,0.10557017529450696
1311,203,1514,0.10555432654957084
1298,200,1498,0.10553078476595802
1300,199,1499,0.10553747262727292
1299,199,1498,0.10554026935704126
1309,198,1507,0.10554380227021604
1313,196,1509,0.10552599490551451
1293,196,1489,0.10550080059052248
1297,195,1492,0.10552253658974448
1305,194,1499,0.10553280605810436
1304,192,1496,0.10552414782651369
1304,197,1501,0.10551835844309608
1314,193,1507,0.10551315467047771
1314,196,1510,0.10548644686301997
1301,197,1498,0.10546176966673071
1296,195,1491,0.1054683848950316
1288,195,1483,0.10548559762668472
1306,195,1501,0.1055188130044021
1299,199,1498,0.10550927242135272
1302,199,1501,0.10551593493999822
1313,191,1504,0.10551636669854979
1309,192,1501,0.10549289953051068
1310,197,1507,0.10547986819373978
1309,199,1508,0.10546531864118601
1302,196,1498,0.10545440992915786
1298,194,1492,0.1054602030367878
1294,199,1493,0.10547443516335644
1298,194,1492,0.10549612432711625
1302,196,1498,0.10550660024955129
1298,197,1495,0.10550706105678875
1307,201,1508,0.10551642420565857
1296,202,1498,0.10550481399201057
1304,207,1511,0.10551927823721739
1296,212,1508,0.10551471757457759
1285,214,1499,0.10552906357297476
1290,215,1505,0.10556607523090339
1288,210,1498,0.10558932339786171
1287,207,1494,0.10561578687006634
1285,209,1494,0.10564263722104879
1287,215,1502,0.1056713761062832
1287,219,1506,0.10569345638222732
1294,219,1513,0.10571405180086962
1284,222,1506,0.10571767347129331
1277,222,1499,0.10574164778499398
1270,222,1492,0.10578043160106353
1271,218,1489,0.10583072225358292
1256,211,1467,0.10587548215387162
1270,215,1485,0.10595036713950608
1279,218,1497,0.10598709244097967
1268,220,1488,0.10600110526004503
1272,219,1491,0.1060377199630649
1263,221,1484,0.10606186286427167
1278,217,1495,0.10610462408017181
1274,213,1487,0.10610887029412235
1289,218,1507,0.10612251431375798
1282,222,1504,0.10610267955151773
1287,223,1510,0.10610139215574149
1287,225,1512,0.10608943650948792
1290,226,1516,0.10607827832303617
1290,227,1517,0.10606167033670426
1280,227,1507,0.10604751746348295
1280,222,1502,0.1060562027388644
1276,223,1499,0.10606481661122588
1265,226,1491,0.10608127242131692
1260,226,1486,0.10612073461601096
1264,222,1486,0.10616870714569618
1273,228,1501,0.10620424382011227
1272,231,1503,0.10621744666713301
1268,236,1504,0.10623201866364614
1266,238,1504,0.10625408929510248
1271,232,1503,0.10627885552620053
1270,225,1495,0.10629204598546234
1275,230,1505,0.10630624934339869
1271,227,1498,0.10630720964703734
1256,231,1487,0.10631654162782958
1256,232,1488,0.10635762837449077
1259,231,1490,0.10639646015201791
1251,230,1481,0.10642414760812884
1248,232,1480,0.1064668729773851
1258,237,1495,0.10651244459555911
1255,235,1490,0.10653274245377993
1258,239,1497,0.10655739706873839
1259,239,1498,0.10657319373434851
1255,243,1498,0.10658645660319191
1252,245,1497,0.10660735693149977
1250,247,1497,0.10663398582781573
1244,255,1499,0.10666394904096671
1240,255,1495,0.10670608712348088
1240,261,1501,0.10675419536704758
1235,260,1495,0.10679877685461911
1238,266,1504,0.10685037716496151
1245,262,1507,0.1068910804717763
1236,265,1501,0.10691293522213709
1234,267,1501,0.10695266247867043
1228,267,1495,0.10699176762349694
1239,275,1514,0.1070418484669112
1240,274,1514,0.10706407570184595
1229,268,1497,0.10708330449200726
1222,267,1489,0.10712582513823721
1219,274,1493,0.10718015319658576
1223,273,1496,0.10723612235728293
1230,269,1499,0.10727755273696861
1230,266,1496,0.10729986976692552
1223,267,1490,0.10731991502052159
1222,263,1485,0.10735461504750804
1226,262,1488,0.10738747683204757
1222,264,1486,0.10740904342268148
1226,266,1492,0.10743701110419343
1230,269,1499,0.10745500386680781
1236,269,1505,0.10746357278484187
1236,268,1504,0.10745704503694899
1241,269,1510,0.10744980213807993
1229,271,1500,0.1074322205023682
1224,276,1500,0.10744332158623233
1223,273,1496,0.1074649254638969
1227,271,1498,0.1074875987719302
1225,271,1496,0.10749909905694136
1216,269,1485,0.10751295513961878
1218,266,1484,0.10754544739602952
1221,261,1482,0.10757109887524749
1240,262,1502,0.10758972160033956
1246,269,1515,0.10756486997675768
1229,264,1493,0.10752982499081895
1237,269,1506,0.1075368948426497
1231,271,1502,0.10752411415651458
1221,276,1497,0.10752673986869177
1225,276,1501,0.1075523444743477
1223,281,1504,0.10756589672253697
1217,281,1498,0.1075842890797426
1216,284,1500,0.10761574388123549
1213,283,1496,0.10764642096843151
1219,279,1498,0.10768217081064592
1216,282,1498,0.10770251840360662
1221,282,1503,0.10772884031336448
1215,289,1504,0.10774214536227751
1219,283,1502,0.10776677838167478
1217,285,1502,0.10778005022471153
1204,286,1490,0.1077970562333002
1215,285,1500,0.10784079160295161
1207,285,1492,0.10785627503207085
1227,283,1510,0.10788701016512782
1225,283,1508,0.10786927052111045
1223,274,1497,0.10785904870689114
1217,268,1485,0.10785336140790847
1211,272,1483,0.10786098635249358
1219,276,1495,0.1078822130982875
1214,278,1492,0.10788414740143726
1234,281,1515,0.10789713302727076
1238,282,1520,0.1078634914342319
1228,280,1508,0.10782396420453157
1237,278,1515,0.10780968707218036
1250,270,1520,0.10777625027474008
1241,277,1518,0.10771572669848883
1226,281,1507,0.10768079204116951
1219,281,1500,0.10768346697243547
1233,283,1516,0.10770125773839893
1226,292,1518,0.10768740793626673
1223,292,1515,0.10769144338634415
1206,294,1500,0.10770252174933542
1211,292,1503,0.1077511945776263
1201,300,1501,0.10778557380235593
1204,294,1498,0.10784135925317648
1209,296,1505,0.1078841596555711
1218,290,1508,0.10791322372646685
1222,289,1511,0.10792107728116974
1219,292,1511,0.10791993382329805
1211,285,1496,0.10792548493898088
1214,283,1497,0.10794812201006497
1214,280,1494,0.10796213666871096
1221,280,1501,0.10797463908026471
1215,282,1497,0.10796962210952561
1224,287,1511,0.10797820218677578
1200,283,1483,0.10796616523214564
1203,290,1493,0.1080100014968976
1207,297,1504,0.10804353176485726
1200,293,1493,0.1080637072589818
1206,291,1497,0.10809970877347361
1206,294,1500,0.1081198146048785
1199,294,1493,0.10813810635959839
1203,292,1495,0.10817019749648976
1202,287,1489,0.10818911567821538
1201,288,1489,0.10820909460331346
1213,290,1503,0.10822944095604389
1201,293,1494,0.10821993287300868
1201,291,1492,0.10823924646807197
1200,290,1490,0.10825631015738967
1198,289,1487,0.10827484126885889
1200,289,1489,0.10829641737389255
1197,291,1488,0.10831136164741702
1201,295,1496,0.10833225482058893
1206,300,1506,0.10834230213839081
1212,298,1510,0.10834011612025023
1201,303,1504,0.10832305050170973
1203,304,1507,0.10833292682415556
1186,305,1491,0.10833880651496357
1197,299,1496,0.10838300944262685
1193,299,1492,0.1083994860345322
1196,301,1497,0.10842262754955746
1193,298,1491,0.10843793044203258
1193,298,1491,0.10845928934565106
1190,302,1492,0.10847907828318756
1193,297,1490,0.10850497647128003
1184,302,1486,0.1085217116284839
1202,305,1507,0.10855797017273609
1201,306,1507,0.10855014000359402
1198,308,1506,0.10854619786172315
1189,306,1495,0.10854948131179455
1178,311,1489,0.10857289290939373
1192,315,1507,0.10861877950923471
1202,305,1507,0.10863058065296913
1208,309,1517,0.10861916563297448
1201,301,1502,0.10859539862842961
1203,302,1505,0.10858764371826084
1205,303,1508,0.10857553374020505
1193,303,1496,0.10855855385993046
1195,308,1503,0.10857056655443326
1204,305,1509,0.10857749527673963
1201,310,1511,0.10856335845640254
1189,302,1491,0.10855792609916232
1190,299,1489,0.10857992781114068
1207,305,1512,0.1085990428005298
1203,302,1505,0.10857787191857227
1203,307,1510,0.10856658229209591
1206,306,1512,0.10855711236482399
1200,300,1500,0.1085417590920235
1200,298,1498,0.10854360137367194
1191,302,1493,0.10854383824581092
1187,302,1489,0.10856432954078418
1191,302,1493,0.10859293512360846
1191,302,1493,0.10861090166225494
1184,308,1492,0.10862857443245055
1190,310,1500,0.10866013281453926
1195,308,1503,0.10867539352978448
1198,306,1504,0.10867698965802837
1198,308,1506,0.10867098504938816
1195,306,1501,0.10866557681629978
1190,301,1491,0.1086687295782464
1192,305,1497,0.10868275236483704
1198,305,1503,0.10869168625943697
1197,314,1511,0.10868652389745982
1203,310,1513,0.10868400318554766
1210,308,1518,0.10866840819759498
1211,311,1522,0.10863920739500012
1213,308,1521,0.10860992081934022
1212,308,1520,0.10857973896307413
1210,307,1517,0.10855413360598817
1204,306,1510,0.10853453880587327
1204,312,1516,0.10852896287017082
1202,310,1512,0.1085238827251607
1203,305,1508,0.10852301658376291
1204,306,1510,0.10852075445004378
1189,305,1494,0.10851570587248265
1194,307,1501,0.10854521484493253
1189,311,1500,0.10856162267478943
1182,316,1498,0.10858656619537163
1192,310,1502,0.1086252724709388
1197,309,1506,0.10863898791618536
1209,307,1516,0.10863980137201647
1206,310,1516,0.10861445079767033
1203,311,1514,0.10859785379655477
1189,304,1493,0.10858810108002157
1188,307,1495,0.1086113533367129
1192,300,1492,0.10863504583443426
1196,302,1498,0.10864785451399922
1195,304,1499,0.10865105931975552
1183,320,1503,0.10865689273657249
1181,322,1503,0.10868910775090036
1181,327,1508,0.10872398354908523
1180,333,1513,0.10875562818616387
1181,324,1505,0.10878746387108301
1170,323,1493,0.1088150035878954
1180,325,1505,0.10886448061629383
1183,324,1507,0.10888722174588111
1171,319,1490,0.10890217192670935
1160,318,1478,0.108943090995609
1173,323,1496,0.10900757024280057
1169,331,1500,0.1090374808828056
1162,334,1496,0.1090732867506561
1170,333,1503,0.1091217598500144
1155,337,1492,0.10914811854663876
1157,338,1495,0.10920746556820156
1165,346,1511,0.10925796888082298
1169,344,1513,0.10928678574324166
1162,345,1507,0.10930347049108423
1169,349,1518,0.10933696360746897
1172,348,1520,0.10935217982605938
1169,342,1511,0.1093600431762302
1145,348,1493,0.1093751476651058
1153,353,1506,0.10944239406573443
1143,354,1497,0.10948778458798097
1127,361,1488,0.10955247024608372
1123,355,1478,0.10964768130378598
1144,358,1502,0.10974384253951958
1151,354,1505,0.10978553922748403
1153,357,1510,0.10980768255895072
1147,355,1502,0.10982662511840821
1140,353,1493,0.10985736505807137
1141,359,1500,0.1099023083294372
1133,359,1492,0.10994097635876092
1137,362,1499,0.10999531316027841
1134,363,1497,0.11003671382637484
1144,356,1500,0.11008177404172875
1151,358,1509,0.11010069344935508
1142,366,1508,0.11010261167202652
1141,369,1510,0.11012446809245173
1130,368,1498,0.11014808342326246
1133,367,1500,0.11019492128973281
1136,365,1501,0.11023040792011074
1144,354,1498,0.11025621270099344
1141,346,1487,0.1102622051889795
1139,348,1487,0.11027374970612741
1145,354,1499,0.11028769001066979
1139,363,1502,0.11028812996643915
1141,368,1509,0.11030288445363996
1153,369,1522,0.11031145985025487
1145,365,1510,0.11029088798095593
1134,363,1497,0.11028996784766218
1130,364,1494,0.11031549296635872
1143,361,1504,0.11034746048830414
1138,359,1497,0.11034713340701348
1127,356,1483,0.11035866205887863
1141,358,1499,0.11039229935771899
1144,361,1505,0.11039194103113395
1148,360,1508,0.11038514936707987
1148,362,1510,0.11036866704724269
1147,363,1510,0.11035268056220422
1137,367,1504,0.11034131982834534
1136,359,1495,0.1103533725573128
1132,361,1493,0.11036731656451527
1136,359,1495,0.11038967598342253
1138,366,1504,0.1104015617116547
1129,363,1492,0.11040700322511715
1114,368,1482,0.11043325828014165
1117,368,1485,0.11048987761298332
1117,363,1480,0.11053477870185853
1118,368,1486,0.11057544854403278
1130,365,1495,0.11061133257599813
1133,370,1503,0.11061712185673718
1121,363,1484,0.11061471126728219
1115,365,1480,0.11063950217689161
1122,367,1489,0.11067497994962353
1127,366,1493,0.11069216348586862
1130,368,1498,0.11069535729400033
1123,363,1486,0.11069359738967495
1117,355,1472,0.11070763904821095
1126,361,1487,0.11073534124200002
1116,356,1472,0.11074047896023824
1124,363,1487,0.11076783228125268
1124,365,1489,0.11077318888061641
1125,364,1489,0.11077959374327458
1135,366,1501,0.11078449633663706
1142,372,1514,0.11076685252686545
1130,373,1503,0.11073456302308309
1122,372,1494,0.11073150662710077
1124,367,1491,0.1107481104906509
1116,372,1488,0.1107586134249134
1124,367,1491,0.11078702996433386
1122,364,1486,0.11079531841753383
1122,362,1484,0.11080688421467234
1127,366,1493,0.11081822422478194
1138,367,1505,0.11081722494012507
1139,368,1507,0.11079115657059427
1133,375,1508,0.11076589249166162
1131,381,1512,0.1107575851807378
1126,383,1509,0.11075513292797001
1125,385,1510,0.11076457770581204
1127,379,1506,0.11077508024377256
1113,377,1490,0.11078163754459361
1115,372,1487,0.110819660223713
1117,376,1493,0.11084887501767664
1131,380,1511,0.11086940922050839
1135,374,1509,0.11085585104268053
1138,377,1515,0.11083411640886907
1141,377,1518,0.11080710587740572
1131,379,1510,0.11077437932989383
1126,381,1507,0.11076779081873488
1124,381,1505,0.11077490489591593
1110,375,1485,0.11078419999183599
1101,374,1475,0.11082577313939039
1090,383,1473,0.11088367459598387
1107,392,1499,0.11096134224192479
1098,395,1493,0.11099343662979105
1085,400,1485,0.11104379333864475
1087,395,1482,0.11112099559656943
1093,392,1485,0.11118731946461828
1089,382,1471,0.11123364842511346
1082,388,1470,0.11128373259333818
1095,399,1494,0.11134698695276356
1090,398,1488,0.11137766301596198
1091,397,1488,0.11141785103086843
1100,401,1501,0.11145161191379381
1104,404,1508,0.11146076824706488
1098,406,1504,0.11145955562501075
1096,402,1498,0.11147278006317603
1087,401,1488,0.11149014875371081
1095,407,1502,0.11152663401136508
1102,407,1509,0.11154224734720702
1100,411,1511,0.11154214395925642
1096,410,1506,0.1115479805555069
1099,413,1512,0.11156271509863877
1104,413,1517,0.11157112190790333
1098,411,1509,0.11156757796725658
1107,412,1519,0.11157726560074867
1098,412,1510,0.11156688102949346
1096,419,1515,0.11157985106855647
1091,419,1510,0.11159879886362514
1078,428,1506,0.11162767296983649
1073,424,1497,0.11168331934434457
1069,423,1492,0.11174580952027227
1064,427,1491,0.11181241047631635
1070,438,1508,0.11188577306672899
1079,428,1507,0.11194060466143782
1074,421,1495,0.1119705065732112
1074,423,1497,0.11201057622893121
1084,426,1510,0.11204557112227778
1076,422,1498,0.11205336145970014
1074,436,1510,0.11208144651338023
1073,435,1508,0.11211112926785308
1086,423,1509,0.11214107391891481
1087,431,1518,0.11213970070581902
1083,426,1509,0.11213542789587731
1078,424,1502,0.11214042751191984
1068,428,1496,0.11215808322408101
1070,432,1502,0.11219861250584799
1064,439,1503,0.11223225603560164
1063,441,1504,0.11227700658899423
1058,440,1498,0.11232259003388848
1058,443,1501,0.11237574055460238
1052,439,1491,0.11242570995604219
1061,446,1507,0.11248515754498094
1060,453,1513,0.11252014538030337
1065,451,1516,0.11255686349239649
1066,451,1517,0.11258088655612326
1056,452,1508,0.1126021970317549
1046,454,1500,0.11264394070553863
1052,460,1512,0.11270493920054926
1049,454,1503,0.11274795634488552
1055,450,1505,0.11279429806430757
1052,446,1498,0.11282278962658515
1052,459,1511,0.11285522933040326
1053,455,1508,0.1128855577387544
1042,457,1499,0.11291207482463068
1041,463,1504,0.11296294548450483
1030,466,1496,0.11301306200632402
1038,468,1506,0.11308440814136013
1031,469,1500,0.11313103436901244
1036,474,1510,0.1131914057269262
1045,471,1516,0.1132351281377307
1032,474,1506,0.11325431456739445
1036,470,1506,0.11330354325587333
1036,467,1503,0.11333962182539942
1047,471,1518,0.11337133027495888
1033,471,1504,0.11337677191792668
1038,469,1507,0.11341319312141952
1043,471,1514,0.11343558488765637
1043,475,1518,0.11344408875594131
1036,477,1513,0.11345155727397088
1038,472,1510,0.11347577196263618
1037,469,1506,0.11349397545454167
1036,475,1511,0.11351312343592256
1037,465,1502,0.11353375577666229
1040,464,1504,0.11355056917361539
1041,474,1515,0.11356039521313285
1039,473,1512,0.11356702509956523
1045,471,1516,0.11357745077590202
1038,476,1514,0.11357309384400778
1039,473,1512,0.11358744310430778
1025,466,1491,0.11359830426425788
1038,463,1501,0.11364130923304032
1038,461,1499,0.11364924547354001
1042,469,1511,0.11365563738926347
1033,475,1508,0.11365233769526141
1034,477,1511,0.11367068448270004
1026,469,1495,0.11368546281316569
1027,469,1496,0.11371714079191485
1038,469,1507,0.1137466697117311
1020,473,1493,0.11374932070612896
1027,479,1506,0.11379477101717882
1034,477,1511,0.113820647085867
1028,480,1508,0.11382715420770882
1029,474,1503,0.11384700076071709
1016,475,1491,0.11386234343338429
1017,482,1499,0.1139067395764664
1022,484,1506,0.11394759323453175
1011,482,1493,0.11397314194879198
1009,485,1494,0.11402169852238997
1002,491,1493,0.11407169400210045
1001,496,1497,0.11413367812942216
997,504,1501,0.11419187851410431
999,502,1501,0.11425507140118452
1004,500,1504,0.1143084665564023
1004,496,1500,0.11434583270519949
1004,496,1500,0.1143814018542595
1005,502,1507,0.11441245037260842
1020,501,1521,0.11443839172002462
1006,497,1503,0.11442789127817571
1016,496,1512,0.11445065172903814
1014,489,1503,0.11444962427227429
1009,493,1502,0.11445253406087698
1015,489,1504,0.11446830778290973
1006,496,1502,0.11447019937070746
1005,494,1499,0.11449153183547973
1009,493,1502,0.11451220184556632
1021,499,1520,0.1145185729828198
1009,494,1503,0.11449661617784052
1002,495,1497,0.11450623643773764
1000,500,1500,0.11453207206318243
1006,506,1512,0.11456173931528774
998,505,1503,0.1145742724861742
1002,507,1509,0.11460432930406865
1014,496,1510,0.11462283976251207
1011,503,1514,0.11461091515292435
1007,515,1522,0.11460999372798945
1009,514,1523,0.11461825254630385
1010,505,1515,0.11462178533469135
1014,502,1516,0.1146218906092
1006,494,1500,0.11461386337789137
1002,498,1500,0.11462417575208175
999,508,1507,0.11464367939349826
1001,512,1513,0.11466779701175592
1000,516,1516,0.11468620590306777
1000,511,1511,0.11470625612513626
1010,502,1512,0.11472475973197728
994,507,1501,0.11471932711963881
999,507,1506,0.11474980172222096
997,512,1509,0.11476623160261162
996,508,1504,0.11478595779658093
990,505,1495,0.11480551570046828
989,509,1498,0.11483855022520632
971,510,1481,0.11487191092705158
957,501,1458,0.1149462397095889
965,518,1483,0.11504631665708256
974,512,1486,0.11512136619762886
979,511,1490,0.11516912207220013
984,520,1504,0.11519950826230821
977,520,1497,0.11521611435761336
977,526,1503,0.11524748635172465
974,529,1503,0.11527751120907925
977,519,1496,0.11531257834401404
957,528,1485,0.11533668656171851
970,528,1498,0.11540727314501882
962,538,1500,0.11544288383014646
961,528,1489,0.11549443904701776
963,525,1488,0.11554446942296487
967,539,1506,0.11558604076674125
963,544,1507,0.11561734968633805
956,547,1503,0.11565586479465122
958,550,1508,0.11570746852039544
946,555,1501,0.1157524081646613
956,554,1510,0.11582142561999241
955,550,1505,0.11586221309900273
949,555,1504,0.11590542416590333
951,560,1511,0.11595921413353061
953,556,1509,0.11600562441073897
955,555,1510,0.11604260366382192
953,554,1507,0.11607222155339976
956,547,1503,0.11610748616082897
953,559,1512,0.11613179203182156
946,558,1504,0.11616215307738262
941,562,1503,0.11620457594703591
947,558,1505,0.11625597920726749
953,560,1513,0.11629026715941283
957,549,1506,0.1163043706347543
955,550,1505,0.11630685728158095
954,550,1504,0.11631401608093352
940,545,1485,0.11632446968716265
943,542,1485,0.11636692928253006
941,548,1489,0.11639955013222636
936,554,1490,0.11643467552617447
934,551,1485,0.11648032636314262
938,560,1498,0.11652564105640692
930,558,1488,0.11655660404325877
933,558,1491,0.11660483562451578
931,563,1494,0.11664173890663854
927,567,1494,0.1166794048705873
932,572,1504,0.11672635245739428
927,568,1495,0.11675891551309814
924,571,1495,0.11680126252768687
923,566,1489,0.11684756769140961
927,570,1497,0.11689502540735973
927,577,1504,0.11692748166051482
923,569,1492,0.11695628449711867
911,565,1476,0.11699251033613814
903,573,1476,0.11705256122380757
908,573,1481,0.1171280994251092
904,574,1478,0.1171866153067473
908,581,1489,0.11725050058230017
908,583,1491,0.11730230024395605
905,589,1494,0.11734983837864277
910,590,1500,0.11740285256038276
912,593,1505,0.11744194323808227
914,593,1507,0.11747538643955067
903,593,1496,0.11750236795891653
905,591,1496,0.11755455926452087
898,590,1488,0.11759875531217359
902,593,1495,0.11765679881451682
902,598,1500,0.11770137766551106
894,594,1488,0.11774242810235602
900,588,1488,0.11779863100752987
894,589,1483,0.11783446163535442
898,594,1492,0.11788076663972358
897,586,1483,0.11791460846238375
892,591,1483,0.1179492544900858
890,592,1482,0.1179923165489864
896,604,1500,0.11803464845569862
888,601,1489,0.11806005204864777
889,602,1491,0.11810326519853755
898,606,1504,0.11813945786858308
901,599,1500,0.11815179941419882
896,597,1493,0.11815809579245196
885,612,1497,0.11817571114566253
890,615,1505,0.11821931025357746
894,617,1511,0.11824820563276978
897,606,1503,0.11826387396170145
888,606,1494,0.11827192237657308
884,608,1492,0.11830118751705097
887,617,1504,0.11833699985644235
890,620,1510,0.11836395223630246
889,619,1508,0.11838314949488271
884,629,1513,0.11840268523204583
885,634,1519,0.11843411131975672
879,626,1505,0.11846040464319936
868,628,1496,0.11849979081979488
880,629,1509,0.11856196598064578
880,631,1511,0.11859441610716845
886,626,1512,0.1186232750042971
883,623,1506,0.11863470737210231
880,628,1508,0.11865149865055148
883,633,1516,0.11867517703619271
882,628,1510,0.11868935774231543
885,616,1501,0.11870468071804283
877,626,1503,0.11871210390891246
877,635,1512,0.11873938646977543
872,640,1512,0.11876390739033152
872,637,1509,0.11879819900749129
867,636,1503,0.11883074290074426
861,646,1507,0.11887339014817723
858,653,1511,0.11892585339848584
852,642,1494,0.11898242439754197
851,642,1493,0.11904865270494698
846,638,1484,0.1191101757605483
845,637,1482,0.11917816940752944
845,630,1475,0.11924439331284425
855,642,1497,0.11930212552450638
857,646,1503,0.11933428588843398
860,642,1502,0.11935949349937473
861,645,1506,0.11937549194477605
864,638,1502,0.11938782035202525
856,643,1499,0.11939336878264044
857,644,1501,0.11941827356580934
851,637,1488,0.11943996425974619
844,638,1482,0.1194742753656633
841,642,1483,0.11952408992468738
852,646,1498,0.1195762989534606
854,649,1503,0.11959925706092032
853,653,1506,0.11961525467593992
857,657,1514,0.11962944720439438
857,656,1513,0.11963325415209436
857,663,1520,0.11963963547713857
850,657,1507,0.11964596714384404
847,655,1502,0.11966741562509081
840,649,1489,0.1196953066802504
828,652,1480,0.11973871835733473
837,659,1496,0.11980759932412553
831,667,1498,0.119849966409374
826,670,1496,0.11990561097957986
832,674,1506,0.11996933337771416
828,674,1502,0.1200137522966932
826,675,1501,0.12006555028040822
824,682,1506,0.1201180861005689
819,676,1495,0.12017113441749172
835,680,1515,0.12023181517197068
822,684,1506,0.1202521474473467
814,692,1506,0.12030199355201951
818,693,1511,0.12036709942088926
824,683,1507,0.12041748596144705
825,691,1516,0.12045213438048283
832,689,1521,0.12048136619915052
820,685,1505,0.12049081764883507
813,691,1504,0.12052806493132291
817,689,1506,0.12057916697712734
818,684,1502,0.12061732254415698
820,680,1500,0.1206478838379431
817,684,1501,0.12066974657428382
814,676,1490,0.12069793821807202
817,674,1491,0.12073060682024904
823,686,1509,0.12075337498748265
821,693,1514,0.12075958869566408
822,687,1509,0.12077140737025997
826,686,1512,0.12078060556607412
819,682,1501,0.12077920337274797
823,684,1507,0.1207934262324124
827,684,1511,0.12079777313944762
823,681,1504,0.12079328090866032
818,681,1499,0.12079795759317741
804,689,1493,0.12081260665746153
812,692,1504,0.12086171482886067
815,688,1503,0.12088660948803476
820,690,1510,0.12090373590665149
818,694,1512,0.12090814416317898
815,697,1512,0.12091574650042125
819,694,1513,0.12093100656064223
823,693,1516,0.12093410659718928
824,697,1521,0.12092765417065526
824,695,1519,0.12091874462120199
808,703,1511,0.12091226850471681
812,694,1506,0.12094401563975296
806,690,1496,0.12096505065919289
804,691,1495,0.12099820542669246
803,687,1490,0.12103400855508323
810,686,1496,0.12106723748678172
809,685,1494,0.1210825821025487
811,676,1487,0.12109691853400685
808,684,1492,0.12110478077944586
808,687,1495,0.12111961422831488
802,681,1483,0.1211323694889374
814,675,1489,0.12115721741514351
808,685,1493,0.12115297329023736
800,693,1493,0.12116371654777247
813,698,1511,0.1211926303984414
814,691,1505,0.12118646233727642
822,697,1519,0.12117877266143641
820,688,1508,0.12115322702161252
816,692,1508,0.12113385380573881
823,690,1513,0.12112563194948228
820,697,1517,0.12110136138607672
823,693,1516,0.12108638293086013
821,700,1521,0.12106501374400386
820,698,1518,0.12105221443516573
823,703,1526,0.12104529560070475
810,707,1517,0.12103279435429995
802,702,1504,0.12105468291896652
796,710,1506,0.12109601187918888
798,719,1517,0.1211479478027677
796,719,1515,0.12119296745526938
785,715,1500,0.12123988785810731
778,719,1497,0.12130926244389811
778,718,1496,0.1213897534077632
779,722,1501,0.12146654078724847
773,728,1501,0.12153648393637098
771,733,1504,0.12161518775212844
768,733,1501,0.12169345364226329
779,731,1510,0.12177319241407751
773,725,1498,0.12181798236254561
777,734,1511,0.12187635300421196
778,738,1516,0.12192073760960156
770,726,1496,0.12196012425598331
777,729,1506,0.1220183252741659
780,723,1503,0.12205504250720597
783,727,1510,0.12208115921833146
787,730,1517,0.12209709191134714
781,731,1512,0.12210230843913937
784,725,1509,0.12212224401074831
783,734,1517,0.12213249163515748
780,735,1515,0.1221454665866457
780,731,1511,0.1221662129794304
783,733,1516,0.12218427696134442
780,734,1514,0.12219522660264703
776,732,1508,0.12221341307075921
769,732,1501,0.12224022790596457
777,729,1506,0.12228243728240344
766,731,1497,0.12229982743715948
770,741,1511,0.12234326618441987
764,729,1493,0.12237159166766416
764,736,1500,0.1224132896221867
755,732,1487,0.12245306569001863
757,735,1492,0.12251220451947646
747,744,1491,0.12256272576508995
743,747,1490,0.1226343275942611
748,740,1488,0.122710557007717
754,745,1499,0.12276930356291568
755,755,1510,0.12280863066709033
745,761,1506,0.12284339691110419
744,762,1506,0.12290192611020469
744,764,1508,0.12295916396898438
744,778,1522,0.12301401233935678
738,772,1510,0.12306465683905005
730,757,1487,0.12312563923760511
732,762,1494,0.12320130811278933
726,771,1497,0.12326619684021381
720,774,1494,0.12333839207395057
726,780,1506,0.12342089085644224
724,780,1504,0.12348312156977995
715,778,1493,0.12354560114818458
719,786,1505,0.12362759068358739
717,780,1497,0.12369407327367916
721,788,1509,0.12376132882137292
723,787,1510,0.12381224773768823
724,784,1508,0.1238552913028101
713,775,1488,0.12389309965053481
712,777,1489,0.12395539928524507
714,782,1496,0.12401691493221748
712,793,1505,0.1240694600633974
713,796,1509,0.1241244429463223
716,784,1500,0.12417210958148343
719,794,1513,0.1242101007725023
724,800,1524,0.12423709889101624
714,793,1507,0.12425013099363234
712,795,1507,0.12428746987635836
709,796,1505,0.12432760006303861
714,785,1499,0.12437289286414098
722,787,1509,0.124403159553742
716,802,1518,0.12441083502550367
706,790,1496,0.12443254614649192
705,807,1512,0.1244762037005728
700,805,1505,0.12451941612277871
693,801,1494,0.12457324649748251
690,801,1491,0.12464020919399793
702,800,1502,0.12471042013552122
705,806,1511,0.12474534780699952
710,803,1513,0.12476827067201281
704,810,1514,0.12477551112887422
707,809,1516,0.12479941446856384
702,814,1516,0.12481458415737219
702,815,1517,0.12484071477749316
697,812,1509,0.12486707030510111
685,816,1501,0.12490196824596612
680,813,1493,0.12496478785456472
682,833,1515,0.1250342686286636
675,835,1510,0.12509275296657094
679,829,1508,0.12516460464398407
679,822,1501,0.12522306332278146
675,809,1484,0.12527937511437812
669,806,1475,0.12534071380089118
672,816,1488,0.12541181347592117
669,822,1491,0.12547022138189898
667,829,1496,0.12553222501622688
662,829,1491,0.1255939595231633
672,833,1505,0.12566250808343513
672,841,1513,0.12570274524768482
674,848,1522,0.12573993645127118
664,841,1505,0.12577053125303275
656,845,1501,0.12582451148536858
657,848,1505,0.12589371584367082
662,851,1513,0.1259571541958579
658,847,1505,0.12600533060281918
649,846,1495,0.12606098421623216
646,835,1481,0.1261354681101866
649,844,1493,0.12620930183081647
646,845,1491,0.1262706003879385
636,847,1483,0.12633626091641673
642,857,1499,0.1264215136940389
639,873,1512,0.12648595062713455
631,877,1508,0.12655580164550637
633,881,1514,0.12664021580359808
637,885,1522,0.12671398226545047
624,882,1506,0.12677191754005654
627,888,1515,0.12685865155263298
633,884,1517,0.12693248618392838
632,892,1524,0.1269849501216216
628,895,1523,0.12703515854045988
629,892,1521,0.1270912336944994
618,891,1509,0.12714080038759218
614,896,1510,0.12721453813287817
612,902,1514,0.12729347555411333
614,889,1503,0.12737054199679596
612,894,1506,0.12743505116548806
617,897,1514,0.12750314840201057
612,897,1509,0.12755281852748596
611,911,1522,0.1276129381823543
615,910,1525,0.1276717466046089
605,911,1516,0.12771790864131116
601,913,1514,0.12778457726542813
593,911,1504,0.1278559577870605
598,903,1501,0.12794091607496327
596,902,1498,0.12800663812927926
598,897,1495,0.12807294339678754
597,899,1496,0.12812810874851976
593,900,1493,0.12818346765595107
591,915,1506,0.12824840537491755
592,928,1520,0.12831231517965067
592,929,1521,0.12836924125095522
595,916,1511,0.12842368246439523
593,919,1512,0.12846758660069732
591,926,1517,0.12851229510736292
583,935,1518,0.12855917360071298
584,924,1508,0.12862313536058478
595,920,1515,0.12868063190103052
599,920,1519,0.12870636548005837
596,919,1515,0.12871858163659058
593,922,1515,0.12873593776553538
599,925,1524,0.1287604386281879
597,926,1523,0.1287689048921915
591,922,1513,0.12878316226933467
585,917,1502,0.12881051321556736
591,921,1512,0.12885206146843053
588,913,1501,0.12887603060926808
586,927,1513,0.1289030988864276
595,924,1519,0.12893261200955478
590,924,1514,0.12893838318304587
588,927,1515,0.12895714942162706
579,929,1508,0.12898019486754822
576,927,1503,0.1290245833998515
575,924,1499,0.1290744686473317
575,931,1506,0.1291234422577372
582,921,1503,0.12916989323622685
583,926,1509,0.12919439787756143
579,923,1502,0.12921756318634092
583,923,1506,0.12924776164620236
576,927,1503,0.1292643363364438
571,925,1496,0.12929714309628987
580,927,1507,0.1293411648153611
576,935,1511,0.12935913823787554
575,938,1513,0.1293845556330674
574,942,1516,0.12941088483635976
575,940,1515,0.1294372900455606
556,948,1504,0.12946110589547277
553,949,1502,0.12953157670848195
548,945,1493,0.12960610057876792
550,958,1508,0.12968698923727812
549,945,1494,0.12975815175730637
548,943,1491,0.12982763767133698
548,948,1496,0.12989572480496003
546,946,1492,0.12995915284757978
533,957,1490,0.13002160348902125
535,956,1491,0.13011075706765707
538,966,1504,0.13018902182111985
538,963,1501,0.13025391154723306
541,971,1512,0.1303136385028055
545,965,1510,0.13036296310372472
544,964,1508,0.13039946080448075
549,968,1517,0.13043552055362603
551,954,1505,0.13045662987764772
549,960,1509,0.13047355779320044
546,966,1512,0.13049513649330235
549,968,1517,0.1305237339075939
542,960,1502,0.13054286549385818
537,954,1491,0.1305800988498571
538,956,1494,0.13062575204483678
543,952,1495,0.13066775891631147
547,949,1496,0.13069384575191087
549,955,1504,0.13071028645352178
547,948,1495,0.13072089094480469
538,959,1497,0.1307346019511266
540,949,1489,0.13076990055318838
540,963,1503,0.13079431076873577
547,968,1515,0.130818799961677
546,965,1511,0.1308249130758311
548,968,1516,0.13083438827238134
547,970,1517,0.13083869435877737
545,963,1508,0.13084517426712178
538,968,1506,0.13085460172979824
541,974,1515,0.1308817973859494
540,968,1508,0.1309008432080013
544,969,1513,0.13092167231410984
544,961,1505,0.13092989176379896
548,967,1515,0.1309375196532781
549,964,1513,0.13093272762842645
546,971,1517,0.13092636977853017
544,965,1509,0.13092878279614645
549,960,1509,0.13093627158845128
544,947,1491,0.13093399618489165
546,964,1510,0.13094229239431537
546,958,1504,0.13094481641016972
551,959,1510,0.13094705275596644
553,957,1510,0.13093832484692777
544,962,1506,0.1309249791908788
536,960,1496,0.13093715743712758
532,974,1506,0.13096859235733407
526,969,1495,0.13100851340430708
534,976,1510,0.13105933287932514
538,981,1519,0.13108544365756802
537,991,1528,0.1311008184975108
533,998,1531,0.13111742706579826
532,1000,1532,0.13114341638121785
523,998,1521,0.13116987173171263
514,990,1504,0.1312144844225144
509,983,1492,0.13127994227753664
518,985,1503,0.13135400929540045
524,973,1497,0.1314000516430095
520,972,1492,0.13142467783071202
516,983,1499,0.13145944294346926
506,991,1497,0.13150100135707066
508,990,1498,0.13156600436429067
506,997,1503,0.13162427587378345
503,994,1497,0.1316845916767465
506,1004,1510,0.13174744217300455
510,1007,1517,0.13179887059156803
509,1004,1513,0.13183660401751157
512,1004,1516,0.1318723689915255
513,1008,1521,0.13189863175403085
512,1008,1520,0.1319204411626161
505,1011,1516,0.13194271609051694
504,1018,1522,0.13198179557498996
510,1018,1528,0.13202064508823225
505,1014,1519,0.13204096786943076
512,998,1510,0.1320722167451898
513,999,1512,0.13208307225897684
512,1003,1515,0.13209064285285113
509,1000,1509,0.13209892706750562
498,995,1493,0.1321151021839837
509,988,1497,0.1321575954796863
506,986,1492,0.13217088301108967
510,982,1492,0.13218943093852892
513,1002,1515,0.13219743793000074
507,993,1500,0.13219711564629447
507,999,1506,0.13221476083620304
507,999,1506,0.13223217391247913
512,995,1507,0.1322496471105083
507,995,1502,0.13225363022839892
505,1003,1508,0.13226834314210595
513,1004,1517,0.13228778907182273
510,1008,1518,0.13228744960429106
511,1000,1511,0.13229466977262738
507,1012,1519,0.13230092355641254
501,1021,1522,0.1323171490972772
491,1016,1507,0.13234929751615143
491,1026,1517,0.1324029243119041
479,1019,1498,0.13245289217353332
477,1014,1491,0.13253068794035333
483,1025,1508,0.13260879562728228
480,1025,1505,0.13266603775067462
487,1026,1513,0.13272605162718512
482,1029,1511,0.13276384936405858
470,1023,1493,0.13281279288607084
474,1038,1512,0.13288870661649654
472,1040,1512,0.132950511807768
470,1030,1500,0.13301260461339726
472,1029,1501,0.1330759482406386
463,1031,1494,0.13312776520581537
464,1045,1509,0.13319901734865675
463,1047,1510,0.13326439212825236
464,1046,1510,0.13332908228466311
468,1046,1514,0.13338760579168793
462,1035,1497,0.13343321848109257
463,1041,1504,0.1334915188072226
465,1041,1506,0.13354436956816537
467,1046,1513,0.1335891478199077
468,1043,1511,0.13362530528022798
465,1044,1509,0.13365735343936833
471,1047,1518,0.13369431022252765
473,1062,1535,0.1337114270150217
468,1061,1529,0.13372238659727195
455,1049,1504,0.13374375512035336
447,1054,1501,0.13379796138929875
458,1048,1506,0.13386543954246213
456,1049,1505,0.1339012828176115
458,1054,1512,0.13394171920113895
446,1047,1493,0.1339724688779001
456,1045,1501,0.1340320214386478
453,1046,1499,0.13405995586096636
453,1048,1501,0.13409421233454677
457,1057,1514,0.13412800996430196
456,1044,1500,0.13415065392429437
452,1051,1503,0.1341729988226145
454,1063,1517,0.13420531129881916
449,1060,1509,0.13423133975864335
443,1057,1500,0.13426876627894657
443,1048,1491,0.13431786908579244
446,1050,1496,0.1343639805691741
438,1058,1496,0.1344009130438901
439,1063,1502,0.1344573941429542
448,1061,1509,0.13450885650287664
439,1062,1501,0.13453406114943967
445,1058,1503,0.13457896808151393
449,1067,1516,0.13460548874814024
437,1069,1506,0.13461996495464498
436,1073,1509,0.1346652000344788
436,1080,1516,0.13471104838562378
437,1079,1516,0.13475472458833163
436,1082,1518,0.13479214665126255
437,1077,1514,0.13483001099952566
431,1087,1518,0.13486290031550943
429,1084,1513,0.1349098567230148
425,1090,1515,0.13495952682495743
426,1085,1511,0.13501804189354005
426,1090,1516,0.13506994469885356
423,1094,1517,0.1351195700152564
416,1095,1511,0.13517444354353925
420,1100,1520,0.13524270283853468
420,1099,1519,0.13529579737006014
420,1089,1509,0.13534411251563533
415,1100,1515,0.13538834499785896
412,1098,1510,0.13544264838960862
407,1115,1522,0.13550024536221306
411,1108,1519,0.135564436609572
408,1109,1517,0.13561443881830434
414,1095,1509,0.13566817997292424
412,1094,1506,0.13570234100821169
406,1090,1496,0.13574087754100264
414,1103,1517,0.13579189143942638
420,1095,1515,0.13581921173723013
422,1103,1525,0.13583010898792447
421,1117,1538,0.13583463668444062
414,1112,1526,0.13584256797727762
407,1104,1511,0.13586879482444367
407,1102,1509,0.13590947055696964
409,1115,1524,0.13594711234866408
403,1107,1510,0.13597686703539655
403,1113,1516,0.13602075777228678
402,1108,1510,0.1360630267666425
408,1104,1512,0.13610625481757974
407,1111,1518,0.13613208472632293
410,1118,1528,0.13615820790298433
403,1112,1515,0.1361740179221551
406,1116,1522,0.13620689211933895
402,1113,1515,0.1362303556359458
403,1117,1520,0.13626200570300986
403,1123,1526,0.13628859236810054
408,1113,1521,0.13631270829631859
413,1114,1527,0.13632268015001434
407,1126,1533,0.1363212912593004
408,1119,1527,0.13633475190994085
413,1107,1520,0.13634472265786993
407,1116,1523,0.13633974650247305
404,1118,1522,0.13634888622427702
405,1112,1517,0.13636483927247484
401,1103,1504,0.1363770585130719
399,1102,1501,0.1363993896913774
400,1111,1511,0.13642441540268263
398,1111,1509,0.13644418980991602
394,1110,1504,0.13646716445090112
394,1104,1498,0.13649978899263196
391,1100,1491,0.13653136342358446
387,1100,1487,0.1365674801949188
379,1113,1492,0.1366122359552706
388,1116,1504,0.1366732366286876
386,1112,1498,0.1367067124159008
385,1110,1495,0.13674284726264155
381,1123,1504,0.13677983718367792
381,1121,1502,0.1368256824426096
389,1122,1511,0.13686753564178342
390,1115,1505,0.13688671675918973
386,1122,1508,0.13690154904203344
385,1130,1515,0.13692613195255332
392,1133,1525,0.13695222142141766
388,1134,1522,0.13695787404954596
379,1147,1526,0.13697475939110965
379,1132,1511,0.1370150379080909
378,1133,1511,0.13705078801101359
369,1130,1499,0.13708605494798906
371,1119,1490,0.13714295950203342
374,1134,1508,0.13719134057800345
368,1130,1498,0.13722919617934323
368,1127,1495,0.13727863118744682
372,1127,1499,0.1373259056255707
376,1125,1501,0.13735816302017845
376,1134,1510,0.13737975737868946
370,1131,1501,0.13740081054372627
375,1122,1497,0.1374360940016874
368,1143,1511,0.1374567886942667
358,1150,1508,0.13749503937152358
362,1148,1510,0.13755808339812778
360,1146,1506,0.13760643377619458
350,1150,1500,0.1376557597786612
337,1147,1484,0.1377279636726447
340,1163,1503,0.13782966686990222
335,1154,1489,0.13791542331885928
344,1166,1510,0.13800831353884027
337,1161,1498,0.13807261094298628
336,1171,1507,0.13815150584838995
338,1171,1509,0.13822679920536227
334,1181,1515,0.13829182148292304
335,1187,1522,0.1383629637115192
338,1188,1526,0.13842673071582198
340,1189,1529,0.13847947448427
340,1188,1528,0.1385244700908092
339,1190,1529,0.1385648458199345
335,1184,1519,0.13860508367731136
327,1173,1500,0.13865371305911167
320,1181,1501,0.1387209183597152
320,1186,1506,0.13880199995782122
317,1192,1509,0.13887851167825999
316,1196,1512,0.1389593742314269
314,1191,1505,0.139038453250294
314,1200,1514,0.1391191489368553
317,1201,1518,0.13919647635164475
312,1211,1523,0.1392605592467981
315,1214,1529,0.13933483251060036
312,1214,1526,0.13939682010788929
306,1212,1518,0.13946289850132287
312,1219,1531,0.1395383399848987
312,1220,1532,0.13959315829344526
309,1224,1533,0.1396473123471901
316,1224,1540,0.13970570027395626
310,1218,1528,0.13974042829905642
305,1205,1510,0.13978825713352155
308,1202,1510,0.13984563037662995
304,1196,1500,0.13989184976901659
303,1195,1498,0.1399459094255842
308,1210,1518,0.13999849008621035
311,1221,1532,0.14003603583725954
304,1217,1521,0.14006351870024403
302,1221,1523,0.14010791430792657
299,1223,1522,0.14015459619869663
296,1210,1506,0.14020539961152
294,1220,1514,0.14026013367113957
292,1219,1511,0.14031638043487973
290,1207,1497,0.14037342250748935
293,1217,1510,0.1404316749013704
294,1218,1512,0.14047875373200977
293,1226,1519,0.14052090870228984
297,1215,1512,0.14056132764044585
300,1220,1520,0.1405900650749841
300,1224,1524,0.14060909411196698
297,1234,1531,0.1406278122189288
291,1234,1525,0.14065332056028335
296,1230,1526,0.14069258496462614
298,1222,1520,0.14071500332517575
297,1208,1505,0.14073005271710332
296,1194,1490,0.1407475144275363
295,1199,1494,0.1407679097723868
298,1204,1502,0.14078841099956985
294,1212,1506,0.14079968251896335
292,1212,1504,0.1408208022967616
287,1213,1500,0.14084584583736492
288,1213,1501,0.1408811297613202
284,1216,1500,0.14091145523191756
287,1221,1508,0.14094929333562273
283,1238,1521,0.1409756250151012
282,1228,1510,0.14101090859108756
287,1227,1514,0.14104877001189395
289,1217,1506,0.1410699840768042
294,1218,1512,0.1410840762835039
290,1224,1514,0.14108234971050426
293,1228,1521,0.14109194765766095
289,1225,1514,0.14109364410114567
285,1231,1516,0.141106836799278
278,1228,1506,0.1411314583384214
285,1231,1516,0.14117327063234814
282,1237,1519,0.14119282496397673
282,1222,1504,0.1412187870252733
288,1221,1509,0.14124003676630545
285,1215,1500,0.14124577929809268
281,1213,1494,0.14125863028330124
281,1220,1501,0.14128067491009003
284,1217,1501,0.14130395986215227
289,1215,1504,0.1413189970472682
282,1207,1489,0.1413193399301462
277,1214,1491,0.14133851536798958
280,1227,1507,0.14137025294426736
282,1224,1506,0.14139136487773357
286,1219,1505,0.14140558909612902
288,1214,1502,0.14140852966006456
287,1208,1495,0.14140663412235152
286,1227,1513,0.14140781630055038
290,1220,1510,0.14141222068651207
277,1228,1505,0.1414056703934802
282,1217,1499,0.14143441252724454
284,1213,1497,0.14144888352725968
285,1225,1510,0.1414556903594249
284,1225,1509,0.14145851858269912
282,1224,1506,0.14146482425693932
276,1214,1490,0.14147541955951307
282,1232,1514,0.14150185874948062
279,1235,1514,0.1415111741075209
283,1240,1523,0.1415280722577561
279,1226,1505,0.14153358455506854
281,1245,1526,0.1415485791448104
273,1236,1509,0.14155579602707571
279,1233,1512,0.14158476261214406
273,1229,1502,0.141597039351597
267,1234,1501,0.1416251148367043
266,1241,1507,0.14166640872039882
270,1231,1501,0.14170670465962965
266,1242,1508,0.14173331169538625
272,1246,1518,0.1417687105779356
271,1235,1506,0.14178664405953822
272,1240,1512,0.14180711744779534
272,1234,1506,0.14182262710105778
276,1238,1514,0.14183767213656992
273,1242,1515,0.14184098688863606
270,1231,1501,0.14185197505492794
273,1228,1501,0.14186965880836946
273,1246,1519,0.14187831613105528
270,1245,1515,0.14188638089405575
263,1241,1504,0.14190338745723324
264,1243,1507,0.14193709156781317
264,1232,1496,0.1419656543880556
258,1237,1495,0.14199306435460712
254,1239,1493,0.14203485954626544
255,1240,1495,0.1420854745303564
259,1246,1505,0.14213108549696013
265,1255,1520,0.1421618140118534
260,1238,1498,0.14217479910317476
264,1247,1511,0.14219932778851516
265,1250,1515,0.1422115884920253
267,1250,1517,0.1422209950769818
267,1252,1519,0.1422248312565473
271,1254,1525,0.1422297448072393
265,1252,1517,0.1422232834979972
257,1257,1514,0.14223507222988313
257,1260,1517,0.1422667457781181
260,1254,1514,0.14229667738480928
261,1260,1521,0.14231709094524614
261,1251,1512,0.14233301866073841
264,1257,1521,0.1423492061517451
266,1255,1521,0.14235537230367565
262,1261,1523,0.14235660903543715
260,1259,1519,0.142368473041772
260,1255,1515,0.14238386677466974
264,1251,1515,0.14239794753862473
261,1239,1500,0.14240161919509794
260,1233,1493,0.14241209729128468
264,1241,1505,0.1424244533325702
261,1240,1501,0.14242441999154123
261,1242,1503,0.14243195725206997
263,1249,1512,0.1424392114912978
269,1253,1522,0.14243984676251703
267,1255,1522,0.14242662660013344
265,1260,1525,0.14242090027735263
258,1259,1517,0.14242126315632533
257,1261,1518,0.14244053891961062
259,1266,1525,0.1424621342707823
258,1260,1518,0.14247665685479166
255,1257,1512,0.1424941210381511
257,1252,1509,0.14251749063939065
256,1266,1522,0.1425336700260601
253,1263,1516,0.14255191885852658
252,1277,1529,0.1425768040387815
252,1273,1525,0.142600958088107
250,1260,1510,0.14262264944460834
248,1259,1507,0.14264818031150106
248,1249,1497,0.14267789149536264
243,1244,1487,0.14270593821073427
249,1248,1497,0.14274715465098667
255,1261,1516,0.14276853804441317
259,1265,1524,0.14277087508638878
260,1261,1521,0.14276237090267554
260,1255,1515,0.14275162711577502
255,1242,1497,0.14274109929381013
251,1244,1495,0.14274478014039985
253,1230,1483,0.14275912905105723
251,1244,1495,0.14276664658477198
262,1260,1522,0.14277751721866128
260,1259,1519,0.1427584219654812
261,1254,1515,0.14274552132725088
258,1249,1507,0.14273155209932462
260,1261,1521,0.14272565542633348
257,1256,1513,0.14271481368981376
254,1256,1510,0.1427138992898245
251,1260,1511,0.14272152066194702
251,1263,1514,0.14273901988724083
248,1262,1510,0.1427549458492473
248,1265,1513,0.14277852138291874
250,1275,1525,0.14279982432959523
245,1261,1506,0.14281521392620594
244,1268,1512,0.14284318669590618
242,1266,1508,0.14287205636316685
243,1272,1515,0.14290485675538228
239,1267,1506,0.14293394809432697
231,1258,1489,0.14297196643738158
235,1273,1508,0.14302820678450057
243,1280,1523,0.14306883779332524
238,1289,1527,0.14308555882344673
239,1267,1506,0.14311546171650238
238,1283,1521,0.1431405248653376
240,1274,1514,0.14316599475257977
230,1271,1501,0.14318356430366427
225,1270,1495,0.1432257761261932
226,1280,1506,0.14327888153752724
231,1277,1508,0.14332599686117142
230,1285,1515,0.14335795269995355
226,1289,1515,0.1433901507455631
227,1287,1514,0.14342921681702336
227,1292,1519,0.14346349178362458
225,1289,1514,0.1434945551784968
232,1290,1522,0.1435302435163833
240,1290,1530,0.14354510831823267
233,1294,1527,0.14353811618288081
227,1294,1521,0.14355003085798262
228,1294,1522,0.143576361837957
230,1304,1534,0.14359839417467357
225,1294,1519,0.1436139273665334
225,1286,1511,0.14364202005867469
226,1280,1506,0.1436663731011826
225,1288,1513,0.14368748968033052
225,1288,1513,0.14371036947808158
228,1294,1522,0.14373097644291633
231,1283,1514,0.14374172640334698
229,1286,1515,0.14374405421118966
234,1281,1515,0.1437513887351011
234,1290,1524,0.1437439112356727
236,1286,1522,0.1437379004859636
234,1281,1515,0.14372730279200024
228,1287,1515,0.14372052427332316
229,1279,1508,0.14373026587946414
232,1285,1517,0.14373649589910725
233,1285,1518,0.14373463697124456
231,1282,1513,0.1437303092016281
232,1280,1512,0.14373190289269813
232,1281,1513,0.14373118426719575
237,1280,1517,0.1437300943604633
238,1288,1526,0.14371547311751554
233,1277,1510,0.1436976916672689
239,1283,1522,0.1436949738732799
230,1286,1516,0.14367576939398385
224,1280,1504,0.14368294787511907
229,1288,1517,0.14370555299655013
225,1296,1521,0.14371360957676949
214,1295,1509,0.14373223467560675
216,1292,1508,0.14377964711358318
220,1292,1512,0.14381801927949397
221,1288,1509,0.14384290010688602
225,1284,1509,0.14386319720621527
223,1284,1507,0.14387296629379062
218,1289,1507,0.1438873565878912
213,1297,1510,0.14391487259534416
210,1298,1508,0.14395460272163096
216,1302,1518,0.14399935866816052
215,1296,1511,0.1440249254345882
209,1303,1512,0.1440524479210943
206,1297,1503,0.14409232164931585
212,1299,1511,0.14413723468834533
212,1303,1515,0.1441639497855389
213,1314,1527,0.14418910441374527
210,1314,1524,0.14421004831882814
214,1314,1528,0.14423742590795824
208,1300,1508,0.14425240734968334
205,1307,1512,0.144283431621694
209,1311,1520,0.1443198874304565
211,1304,1515,0.14434191437341987
209,1305,1514,0.1443578289219775
211,1305,1516,0.1443769953999865
213,1305,1518,0.14438748666063106
212,1298,1510,0.14439139563411538
210,1302,1512,0.144396860493198
209,1301,1510,0.14440729649911085
211,1304,1515,0.14442050512673152
208,1304,1512,0.14442857770430362
207,1301,1508,0.144443541910877
207,1314,1521,0.14445971204784697
207,1302,1509,0.14447520565519595
206,1292,1498,0.14449006635285153
209,1297,1506,0.14450671582486543
210,1302,1512,0.14451399622902208
208,1298,1506,0.14451882059734994
204,1324,1528,0.14452869972586202
202,1331,1533,0.14454810603873075
201,1319,1520,0.14457017673585784
200,1319,1519,0.14459380602112745
202,1321,1523,0.14461808434430157
201,1330,1531,0.14463645276246878
205,1322,1527,0.1446573314285661
206,1321,1527,0.1446666113882621
206,1310,1516,0.14467150486427088
203,1308,1511,0.1446765503459302
202,1320,1522,0.1446896974311462
206,1329,1535,0.14470451393347786
205,1323,1528,0.1447072302008514
204,1323,1527,0.1447126799209935
204,1317,1521,0.14471988027922186
203,1314,1517,0.14472722505676638
200,1310,1510,0.14473640623690437
203,1302,1505,0.1447532191711989
203,1307,1510,0.14476117447180498
204,1309,1513,0.1447695164628059
202,1305,1507,0.1447735246801274
197,1308,1505,0.14478176747184512
191,1317,1508,0.14480530545432996
192,1321,1513,0.1448424064059762
196,1322,1518,0.1448746123784018
188,1327,1515,0.14489322429078702
190,1333,1523,0.14493295668603123
193,1336,1529,0.14496573852174388
191,1336,1527,0.14498804741808385
184,1330,1514,0.14501520594582507
188,1327,1515,0.14505972227720548
184,1330,1514,0.14509000432296762
187,1334,1521,0.1451281297239358
186,1338,1524,0.14515531208784652
185,1329,1514,0.14518455916794554
186,1329,1515,0.14521513832942912
188,1335,1523,0.14524027607712908
189,1330,1519,0.1452585483247006
185,1320,1505,0.14527339138343923
185,1332,1517,0.1452986161441368
184,1329,1513,0.14532280297690012
183,1323,1506,0.14534707915781328
175,1335,1510,0.14537295210579249
179,1335,1514,0.14541974959674625
181,1339,1520,0.14545278834395103
181,1341,1522,0.145477693526579
179,1339,1518,0.14550054799680023
181,1328,1509,0.1455276204634054
178,1330,1508,0.14554705001539764
177,1340,1517,0.14557371711310874
172,1338,1510,0.14560099662722323
170,1338,1508,0.14564033419386832
167,1344,1511,0.14568295921872923
168,1350,1518,0.1457309055646333
167,1344,1511,0.14577288281250017
168,1350,1518,0.14581500014290494
170,1347,1517,0.14585152312586536
170,1351,1521,0.1458808311731269
164,1356,1520,0.1459079541921481
166,1365,1531,0.14595097333068652
166,1354,1520,0.14598541944241045
163,1343,1506,0.14601837167836398
166,1341,1507,0.14605654871843843
167,1348,1515,0.14608288901664726
170,1342,1512,0.14610508036135753
169,1358,1527,0.1461185899606217
164,1354,1518,0.14613337987758632
168,1335,1503,0.14616068877945093
171,1327,1498,0.14617535766975254
178,1330,1508,0.1461806336431434
177,1327,1504,0.14616574339183327
178,1346,1524,0.14615304780593594
178,1344,1522,0.14613977921949864
179,1335,1514,0.14612693027744839
178,1329,1507,0.1461119048992453
178,1336,1514,0.14610066128581312
172,1339,1511,0.14609063327734184
173,1331,1504,0.1460964316321392
173,1331,1504,0.14609868195045006
176,1318,1494,0.14610172893154763
175,1326,1501,0.1460970448596082
177,1329,1506,0.1460953262551197
179,1342,1521,0.14608760663993148
183,1352,1535,0.146075856731934
180,1345,1525,0.14605340241019138
179,1337,1516,0.14604102360060767
173,1333,1506,0.14603120543417816
174,1334,1508,0.14603789340256912
178,1325,1503,0.14604115489980835
181,1324,1505,0.14603216601780553
180,1330,1510,0.14601689381641816
179,1335,1514,0.14600449456791162
181,1334,1515,0.14599479457472067
183,1340,1523,0.14597911380650497
183,1333,1516,0.1459599625507542
188,1341,1529,0.14594303509150916
187,1329,1516,0.14591341600527657
190,1326,1516,0.14588772322501434
188,1331,1519,0.14585688290513857
188,1338,1526,0.14583326947541703
193,1332,1525,0.1458119013911023
189,1327,1516,0.14577953165021743
187,1329,1516,0.1457601987134275
187,1325,1512,0.1457475383463089
185,1315,1500,0.14573568290666755
187,1327,1514,0.14572902996523351
193,1331,1524,0.1457175280765484
188,1334,1522,0.14569082626854385
189,1322,1511,0.14567966868443286
187,1329,1516,0.14566589723623502
181,1324,1505,0.1456583929139664
175,1343,1518,0.14566761859539368
180,1339,1519,0.145692068429799
179,1323,1502,0.14570174818082562
178,1328,1506,0.14571283826375658
186,1327,1513,0.145725485190383
185,1326,1511,0.1457166412410199
182,1322,1504,0.14571229117183918
179,1317,1496,0.14571644090912422
176,1335,1511,0.1457276888952659
177,1340,1517,0.14574605556676867
177,1336,1513,0.14576054196268223
175,1327,1502,0.14577460815122817
173,1344,1517,0.14579381803536523
169,1336,1505,0.1458175271000781
163,1346,1509,0.145849890134529
162,1352,1514,0.14589621673925265
157,1352,1509,0.1459420485451978
157,1343,1500,0.14599789772316515
164,1334,1498,0.14605044661252983
158,1343,1501,0.14607967552186824
162,1343,1505,0.14612453508369838
166,1345,1511,0.14615760951871912
164,1354,1518,0.14617686205701175
167,1346,1513,0.1462006032924749
169,1342,1511,0.14621438688348612
166,1344,1510,0.14622010321273252
168,1344,1512,0.14623560400248828
174,1337,1511,0.1462431866171386
173,1342,1515,0.1462331523942641
176,1341,1517,0.1462262617031946
172,1331,1503,0.14621281729134425
176,1336,1512,0.146211653164414
174,1348,1522,0.14620030225422087
172,1356,1528,0.14619556106786047
166,1354,1520,0.14619658402479735
166,1357,1523,0.14621350657564736
164,1346,1510,0.14622891508426522
165,1357,1522,0.14624859261171388
167,1359,1526,0.14626442831520595
165,1348,1513,0.1462745742863695
167,1343,1510,0.14628931431746228
167,1345,1512,0.14629751967124718
165,1335,1500,0.1463050110780222
164,1338,1502,0.14631780485638
165,1344,1509,0.14633184875432592
166,1350,1516,0.14634148095625085
168,1363,1531,0.1463469513507588
172,1349,1521,0.14634688649298563
173,1349,1522,0.14633521509620934
173,1349,1522,0.14632220878007982
170,1354,1524,0.14631062316147747
170,1342,1512,0.1463072689429541
170,1353,1523,0.14630456524828087
173,1344,1517,0.14630126608602748
175,1333,1508,0.1462902906908569
171,1340,1511,0.14627457228693103
166,1336,1502,0.14627074668610576
162,1332,1494,0.14628192967009968
163,1343,1506,0.14630316156092554
167,1348,1515,0.1463198811025996
165,1354,1519,0.14632498978925415
168,1349,1517,0.14633522633726487
165,1355,1520,0.14633542097723043
166,1360,1526,0.1463444340000447
170,1335,1505,0.1463500642235614
170,1348,1518,0.1463446765444221
163,1339,1502,0.14634030849316282
164,1334,1498,0.1463561835361009
163,1334,1497,0.14636821533583677
156,1336,1492,0.14638277292466623
158,1347,1505,0.14641508045941007
154,1354,1508,0.14644098119140753
149,1349,1498,0.14647664373351332
153,1345,1498,0.14652404557980359
157,1353,1510,0.14655610915824668
157,1359,1516,0.14657580762557207
155,1365,1520,0.14659390318750115
147,1367,1514,0.14661610780509785
144,1369,1513,0.14665944185216492
148,1372,1520,0.14670846299155982
147,1365,1512,0.14674333560255928
146,1375,1521,0.1467782969110639
144,1377,1521,0.14681429637255358
142,1380,1522,0.1468536092934722
141,1385,1526,0.14689598713310215
143,1374,1517,0.14693705559098127
145,1378,1523,0.14696960767005401
150,1365,1515,0.14699428068380938
149,1364,1513,0.14700335483663016
149,1358,1507,0.14701463289566571
151,1366,1517,0.14702437638326432
147,1371,1518,0.14702856014630045
141,1370,1511,0.1470442418374898
139,1375,1514,0.14707636338560495
138,1380,1518,0.14711233321698988
137,1371,1508,0.147148581254019
136,1368,1504,0.1471846972398814
140,1375,1515,0.14722139028796288
140,1370,1510,0.1472450815199384
138,1389,1527,0.1472672028537326
141,1377,1518,0.1472930836230461
145,1369,1514,0.14730886639805035
142,1372,1514,0.14731287959774317
143,1380,1523,0.14732501249668822
136,1378,1514,0.14733401215008693
143,1376,1519,0.14736165447246796
142,1362,1504,0.14736760693640613
140,1381,1521,0.14737635872130966
136,1372,1508,0.14739056377002993
138,1369,1507,0.14741456117083795
136,1374,1510,0.14743056228469034
136,1376,1512,0.14745248091674065
136,1381,1517,0.14747217656857056
139,1377,1516,0.14749041784980946
136,1383,1519,0.14749843069862875
136,1385,1521,0.14751407585662588
137,1373,1510,0.14752962466568878
136,1383,1519,0.14754223983240622
134,1387,1521,0.1475560886839597
135,1380,1515,0.1475745316892333
133,1384,1517,0.14758839799616408
129,1390,1519,0.14760661632438993
126,1381,1507,0.14763581344362184
123,1376,1499,0.14767083970453743
123,1387,1510,0.1477119059535234
132,1389,1521,0.1477494754116586
133,1396,1529,0.14776004473382365
132,1393,1525,0.14776775104507095
133,1383,1516,0.14777891231092924
133,1382,1515,0.14778677350884317
136,1383,1519,0.14779466792018334
133,1376,1509,0.14779398409576247
137,1378,1515,0.14780191555848343
142,1376,1518,0.14779761117799584
143,1378,1521,0.14777924606030673
148,1386,1534,0.14775952085328736
148,1372,1520,0.14772700332681007
146,1383,1529,0.14769705235982666
145,1372,1517,0.14767512116893794
144,1385,1529,0.14765762685082884
144,1383,1527,0.14764372670299275
144,1395,1539,0.14763015991203496
143,1386,1529,0.14761867913047527
142,1375,1517,0.14761079696472207
141,1378,1519,0.14760692738488995
138,1380,1518,0.14760576659425245
137,1375,1512,0.1476126416305996
135,1371,1506,0.14762236673655543
136,1373,1509,0.14763566809063186
137,1381,1518,0.14764377123498248
139,1375,1514,0.14764839450615266
142,1372,1514,0.14764708741708574
139,1386,1525,0.1476382779071978
138,1375,1513,0.1476379474266398
140,1377,1517,0.1476407166380814
137,1387,1524,0.14763772993642305
135,1382,1517,0.14764241017942165
133,1379,1512,0.14765259393911861
129,1374,1503,0.14766761387469426
128,1366,1494,0.14769325577858206
131,1372,1503,0.147719618275969
133,1372,1505,0.14773634890227139
130,1381,1511,0.14774657358686272
126,1384,1510,0.14776367680133745
125,1374,1499,0.14779052373323168
126,1372,1498,0.14781783127823564
125,1380,1505,0.14784157528354122
120,1396,1516,0.14786641237867726
116,1397,1513,0.14790335591218232
119,1400,1519,0.1479500902179144
121,1403,1524,0.14798523297936714
120,1397,1517,0.14801276927209372
120,1396,1516,0.1480410268301121
120,1393,1513,0.14806780940380737
115,1407,1522,0.14809294656815578
110,1400,1510,0.14813053635381668
107,1396,1503,0.14817963598682468
109,1394,1503,0.14823377395466023
114,1400,1514,0.1482793210036202
115,1407,1522,0.14830684504681138
115,1392,1507,0.14833081833338635
114,1390,1504,0.1483533547797629
110,1388,1498,0.14837736406712448
111,1395,1506,0.1484115794207951
115,1392,1507,0.14844057631770854
115,1411,1526,0.1484560621612642
113,1403,1516,0.1484703005527661
109,1404,1513,0.14848963994399222
109,1389,1498,0.14851938212008084
111,1403,1514,0.14854744872625686
108,1396,1504,0.14856768548008817
106,1400,1506,0.14859457144184504
107,1410,1517,0.148625760065128
106,1400,1506,0.14865304175296848
104,1405,1509,0.14868086752249743
106,1409,1515,0.14871289100074353
105,1404,1509,0.14873698197074373
103,1403,1506,0.14876311012783877
105,1396,1501,0.14879381970055777
109,1402,1511,0.14881652760959868
105,1419,1524,0.14882665162398945
101,1413,1514,0.1488468532312127
96,1416,1512,0.14887614128746549
98,1417,1515,0.1489183950901952
98,1420,1518,0.14895254419403847
97,1421,1518,0.1489846617286355
94,1425,1519,0.14901771646610038
93,1410,1503,0.1490565066970776
92,1416,1508,0.1490963094720279
94,1423,1517,0.14913557556138407
92,1413,1505,0.14916754865154394
92,1422,1514,0.14920355002799052
90,1418,1508,0.14923712761445532
91,1414,1505,0.14927432568383858
91,1407,1498,0.1493070121555854
92,1418,1510,0.1493375946033274
91,1419,1510,0.14936424705103601
93,1416,1509,0.14939175824059198
91,1412,1503,0.14941142965008114
85,1412,1497,0.14943659783299024
83,1419,1502,0.14947709057296574
85,1425,1510,0.14952073023140697
85,1424,1509,0.1495554300372618
87,1431,1518,0.14958818206404895
86,1440,1526,0.14961312044552152
85,1437,1522,0.14963874534209604
79,1432,1511,0.14966539175616905
83,1427,1510,0.14970752125954825
84,1418,1502,0.14973597622954682
85,1422,1507,0.14975951355100695
85,1415,1500,0.1497784510518241
85,1414,1499,0.14979633515167667
82,1428,1510,0.14981291290639598
78,1410,1488,0.14983668674126938
78,1410,1488,0.14987021162686343
79,1421,1500,0.14990153953708224
82,1427,1509,0.14992770332847186
84,1431,1515,0.14994350878271118
86,1432,1518,0.14995272053867528
84,1434,1518,0.1499561879152261
84,1416,1500,0.1499643538647883
84,1421,1505,0.14997264614693304
80,1426,1506,0.14998045976806926
80,1429,1509,0.14999932208827085
79,1442,1521,0.1500164415066031
80,1436,1516,0.15003479210349815
78,1429,1507,0.15004980116747552
81,1432,1513,0.1500695763652599
80,1420,1500,0.15007884834004312
82,1418,1500,0.15009079224920005
80,1411,1491,0.15009602731580426
78,1422,1500,0.15010652925619802
74,1427,1501,0.15012213602079016
73,1444,1517,0.15014816724379035
70,1448,1518,0.1501751656247857
72,1441,1513,0.15020928052579638
71,1431,1502,0.1502355223874545
69,1444,1513,0.15026264580711302
71,1445,1516,0.1502941312615397
72,1437,1509,0.15031784898382625
70,1432,1502,0.15033724711577817
67,1443,1510,0.15036141155487315
68,1446,1514,0.15039329460059161
69,1444,1513,0.15042025483785154
70,1439,1509,0.15044243255359355
69,1453,1522,0.1504599664545384
72,1451,1523,0.15047955907975927
73,1452,1525,0.1504887550584624
71,1455,1526,0.15049463051951253
72,1452,1524,0.15050565690251314
72,1438,1510,0.15051355442293332
71,1448,1519,0.15052056071636918
70,1439,1509,0.15053049110694786
70,1448,1518,0.15054300923474645
67,1447,1514,0.15055532910857364
64,1451,1515,0.15057576724259897
64,1450,1514,0.1506035880056123
62,1461,1523,0.15062921748854133
66,1457,1523,0.15065865231373393
65,1452,1517,0.15067439830759874
62,1463,1525,0.15069204323939847
64,1454,1518,0.15071712994879521
66,1449,1515,0.15073476776582273
65,1427,1492,0.1507453279996927
65,1446,1511,0.15075840855962241
66,1434,1500,0.1507705744553671
63,1442,1505,0.1507785407145729
63,1456,1519,0.150795601206715
62,1470,1532,0.1508111373496609
60,1458,1518,0.1508286762462595
61,1461,1522,0.15085091059724268
59,1459,1518,0.15086935571836413
59,1460,1519,0.15089262620124003
58,1457,1515,0.15091439991455824
55,1451,1506,0.15093762018237636
55,1461,1516,0.15096840003894976
52,1461,1513,0.15099748499379628
52,1468,1520,0.1510334721269408
52,1465,1517,0.1510674519472365
53,1469,1522,0.15109937345052252
52,1474,1526,0.1511261856519791
49,1459,1508,0.15115422839189524
49,1462,1511,0.15118891227396192
50,1466,1516,0.15122122430434298
51,1463,1514,0.1512483013152667
51,1465,1516,0.15127079501745253
50,1464,1514,0.1512918820568741
50,1448,1498,0.15131450613706632
49,1447,1496,0.1513356927577525
48,1457,1505,0.15135847798038712
48,1448,1496,0.1513827736583417
47,1448,1495,0.15140565339249934
48,1451,1499,0.15142954848039555
48,1465,1513,0.15144873852736684
48,1468,1516,0.151466593109917
48,1464,1512,0.1514830412965797
49,1474,1523,0.15149845868979045
48,1470,1518,0.1515093883776433
48,1465,1513,0.15152247945518865
46,1469,1515,0.15153467125050732
46,1473,1519,0.1515521445265914
46,1469,1515,0.1515684500426069
44,1465,1509,0.15158362383934468
43,1460,1503,0.15160388646135445
41,1467,1508,0.1516259310806895
42,1473,1515,0.15165267903764545
42,1466,1508,0.15167492855826376
43,1468,1511,0.15169578153656216
46,1468,1514,0.15171215426474702
46,1471,1517,0.1517187396889066
48,1466,1514,0.15172477280074934
46,1467,1513,0.15172453815065176
44,1476,1520,0.15173036490643332
42,1471,1513,0.15174220247155837
41,1477,1518,0.15175903466942536
40,1486,1526,0.15177765221026773
38,1486,1524,0.15179796584249686
39,1490,1529,0.1518229269740317
37,1468,1505,0.15184322551993548
35,1458,1493,0.15186840115894665
35,1477,1512,0.15189788940400992
37,1483,1520,0.1519256926933968
39,1483,1522,0.15194589860900154
39,1489,1528,0.15195910261793485
38,1476,1514,0.15197167405301432
38,1470,1508,0.15198668922978956
37,1467,1504,0.1520006960126753
39,1473,1512,0.15201681419650806
39,1478,1517,0.1520257807646664
38,1493,1531,0.15203423439008604
36,1484,1520,0.15204511687856542
35,1491,1526,0.15206150861249046
35,1484,1519,0.1520798242010067
35,1474,1509,0.15209697058414176
35,1458,1493,0.15211304908570566
36,1468,1504,0.15212799360372234
38,1472,1510,0.1521384536353556
34,1462,1496,0.15214239531915805
37,1469,1506,0.15215769771081228
39,1482,1521,0.15216267222064048
41,1485,1526,0.1521611817937588
41,1487,1528,0.15215340395421695
39,1468,1507,0.15214637317395296
41,1462,1503,0.15214613734080168
40,1457,1497,0.15213985252467088
41,1466,1507,0.1521370004200231
41,1457,1498,0.15213126213909836
41,1467,1508,0.1521258719473001
40,1469,1509,0.15212082938988178
44,1461,1505,0.1521191327781914
45,1460,1505,0.152105029555627
44,1468,1512,0.15208884751823337
42,1476,1518,0.1520769207484804
43,1467,1510,0.1520717833997887
43,1472,1515,0.15206400870668577
42,1480,1522,0.15205674811697112
42,1471,1513,0.1520529800527351
40,1489,1529,0.15204934337273904
40,1499,1539,0.15205196020142922
38,1504,1542,0.1520547356317742
37,1498,1535,0.15206368062433978
37,1487,1524,0.15207519344034875
36,1469,1505,0.15208613436854326
36,1483,1519,0.15209945461343097
36,1480,1516,0.1521120680039044
36,1491,1527,0.1521237095498447
36,1490,1526,0.15213462217017107
37,1509,1546,0.1521448664699189
36,1498,1534,0.15215127044529184
36,1495,1531,0.1521604774260216
37,1483,1520,0.15216911972311523
35,1478,1513,0.15217421401613138
33,1478,1511,0.15218542723814238
35,1468,1503,0.15220182723134182
34,1474,1508,0.152210934354037
34,1473,1507,0.15222265644161703
35,1473,1508,0.1522336600379452
35,1471,1506,0.15224097585613763
35,1464,1499,0.15224788337571804
34,1480,1514,0.1522541647635696
34,1475,1509,0.15226327904228737
35,1486,1521,0.15227183565362218
35,1479,1514,0.15227685581759562
35,1476,1511,0.15228154278124387
33,1473,1506,0.15228601789101376
32,1480,1512,0.15229614738253844
32,1471,1503,0.15230861473647303
33,1484,1517,0.15232032647873883
32,1495,1527,0.15232834614398402
33,1492,1525,0.1523388853679209
33,1494,1527,0.15234571745365905
33,1488,1521,0.15235229050022694
34,1482,1516,0.1523584673779495
34,1483,1517,0.15236123102997218
33,1488,1521,0.15236392177980773
34,1486,1520,0.15236949583783854
33,1486,1519,0.15237171070661354
34,1484,1518,0.15237685234758527
34,1493,1527,0.15237855250940824
33,1490,1523,0.15238024111284118
33,1488,1521,0.1523846374130734
32,1473,1505,0.15238885677332148
29,1475,1504,0.1523957296062197
28,1470,1498,0.15241109576322867
29,1473,1502,0.1524282369797988
29,1488,1517,0.1524411720942498
29,1485,1514,0.15245332830588493
27,1484,1511,0.15246455278285026
27,1479,1506,0.15248121156888747
28,1482,1510,0.15249681072536014
28,1484,1512,0.15250830495103823
26,1487,1513,0.15251908390034508
26,1491,1517,0.1525352549296324
28,1491,1519,0.152550442044331
29,1495,1524,0.15255826182607302
29,1509,1538,0.15256215184481078
26,1513,1539,0.15256579472406037
25,1503,1528,0.15257851214145007
23,1508,1531,0.15259365463187252
22,1496,1518,0.15261410456623598
22,1497,1519,0.1526363387324972
23,1499,1522,0.1526571700727176
23,1494,1517,0.15267335979651467
23,1501,1524,0.1526885279981163
22,1491,1513,0.1527027443309975
21,1502,1523,0.15271921260981552
20,1493,1513,0.15273786648788495
19,1496,1515,0.15275850489945184
19,1500,1519,0.15278108975401541
19,1509,1528,0.15280228302533433
19,1507,1526,0.15282216941392568
19,1502,1521,0.15284083155341827
19,1499,1518,0.15285834675243892
20,1489,1509,0.15287478701571502
22,1497,1519,0.15288730882134804
22,1509,1531,0.15289271016060282
22,1501,1523,0.15289781781592934
21,1490,1511,0.15290263403115573
21,1494,1515,0.15291034755207422
21,1488,1509,0.1529175954957907
22,1493,1515,0.15292437719060867
22,1493,1515,0.15292749491979804
20,1495,1515,0.15293043246697954
19,1484,1503,0.15293973671942962
19,1489,1508,0.15295159127965
19,1477,1496,0.1529627111299229
18,1496,1514,0.15297322423820897
17,1497,1514,0.15298610815222718
18,1505,1523,0.1530014978683672
19,1497,1516,0.1530129618391177
21,1496,1517,0.15302049471440982
21,1496,1517,0.15302128995924033
22,1497,1519,0.153022074936623
21,1505,1526,0.1530196922244778
20,1500,1520,0.15302074558861467
21,1502,1523,0.1530247300355044
20,1505,1525,0.1530254916476265
21,1497,1518,0.1530293457564125
21,1498,1519,0.15303000305172884
19,1497,1516,0.15303061439184817
19,1502,1521,0.15303723917370873
20,1514,1534,0.15304346859059753
19,1486,1505,0.15304635376587897
19,1490,1509,0.15305218366548023
19,1490,1509,0.15305765368109875
19,1495,1514,0.15306278351658265
17,1497,1514,0.15306759575968068
16,1498,1514,0.15307826101344352
17,1488,1505,0.1530914166768578
18,1491,1509,0.15310065615692317
18,1490,1508,0.1531063340429091
19,1501,1520,0.15311164323824408
19,1498,1517,0.15311366366391932
19,1499,1518,0.15311555400017968
17,1491,1508,0.1531173400783598
16,1491,1507,0.15312497936741987
15,1488,1503,0.15313533402567325
16,1486,1502,0.15314818649266115
16,1497,1513,0.15315724825885652
16,1496,1512,0.15316571953424646
16,1492,1508,0.15317366605705715
15,1497,1512,0.15318112529029512
16,1490,1506,0.15319114139028783
16,1487,1503,0.15319744869455126
16,1484,1500,0.15320337151521393
16,1497,1513,0.15320893003478064
16,1511,1527,0.1532141480514629
15,1509,1524,0.15321904692999724
15,1513,1528,0.15322679302528272
15,1500,1515,0.15323396685410587
15,1502,1517,0.15324065885989008
15,1500,1515,0.15324695682204909
16,1505,1521,0.1532528728469603
15,1500,1515,0.15325535336625518
15,1489,1504,0.15326067688001946
18,1495,1513,0.15326570658019714
18,1510,1528,0.15326093472488128
19,1501,1520,0.15325648212293175
17,1496,1513,0.1532494336098803
17,1503,1520,0.1532490625028811
16,1493,1509,0.15324876599430357
16,1492,1508,0.15325173714806478
15,1480,1495,0.1532545445474913
15,1480,1495,0.1532601823718274
15,1485,1500,0.153265513537316
14,1496,1510,0.15327052526563517
12,1499,1511,0.1532783240767469
13,1495,1508,0.15329183546769515
13,1503,1516,0.15330146489078003
14,1509,1523,0.1533105050837944
16,1502,1518,0.1533159495655812
16,1482,1498,0.15331466592993162
16,1495,1511,0.15331349223701443
16,1493,1509,0.15331240760593065
17,1496,1513,0.1533113994243169
17,1487,1504,0.15330719664619522
17,1490,1507,0.1533032573018059
17,1476,1493,0.1532995589360553
16,1483,1499,0.15329615075900935
16,1492,1508,0.1532960932819208
16,1512,1528,0.1532960190922717
15,1521,1536,0.15329594041140887
15,1500,1515,0.15329893205534995
15,1487,1502,0.15330158981941683
15,1500,1515,0.15330421248214635
15,1512,1527,0.15330669469375752
15,1500,1515,0.1533090214927327
15,1503,1518,0.1533112019673419
15,1502,1517,0.15331324570952456
15,1503,1518,0.1533151616699297
14,1502,1516,0.15331695814137022
14,1514,1528,0.1533217228357623
14,1512,1526,0.15332617522550382
13,1513,1526,0.1533303509659962
14,1503,1517,0.1533374358180412
13,1504,1517,0.15334089896026934
13,1517,1530,0.15334725969011245
14,1508,1522,0.1533532404430778
14,1517,1531,0.15335570311039742
14,1518,1532,0.15335803881110174
14,1515,1529,0.1533602365809151
13,1504,1517,0.1533623009131399
13,1510,1523,0.15336739095317845
13,1516,1529,0.15337215552158934
14,1507,1521,0.15337662247508851
14,1505,1519,0.1533776478849222
15,1503,1518,0.1533786213238527
14,1510,1524,0.15337637611057703
14,1501,1515,0.15337745151262255
14,1495,1509,0.15337845169719383
14,1506,1520,0.1533793845786759
13,1507,1520,0.153380256766735
13,1506,1519,0.15338419372582388
13,1496,1509,0.15338787854049912
11,1487,1498,0.1533913375061923
11,1481,1492,0.15340088051063389
11,1491,1502,0.1534098022737208
11,1497,1508,0.15341817157577978
11,1508,1519,0.15342602877735745
10,1507,1517,0.15343340689637688
10,1520,1530,0.1534434479389301
9,1517,1526,0.15345288587971953
8,1510,1518,0.1534649491153419
7,1507,1514,0.15347952681527935
6,1507,1513,0.15349639861874492
6,1505,1511,0.15351544054662195
5,1511,1516,0.15353332124127714
5,1508,1513,0.1535533252878785
5,1521,1526,0.1535721162534487
5,1511,1516,0.15358977461352166
5,1504,1509,0.1536063717954373
5,1497,1502,0.15362197255297325
6,1499,1505,0.153636636946781
6,1489,1495,0.15364719217612
6,1500,1506,0.15365712467548584
8,1518,1526,0.1536664653017282
8,1532,1540,0.1536689390617217
8,1510,1518,0.1536712511100581
8,1505,1513,0.153673426381037
8,1506,1514,0.15367547360307582
8,1524,1532,0.15367740046271436
8,1521,1529,0.15367921407872204
8,1520,1528,0.15368092108254178
7,1521,1528,0.15368252768047963
6,1523,1529,0.1536871713996843
6,1519,1525,0.15369481309999675
5,1513,1518,0.15370200511561363
5,1515,1520,0.15371197560554356
5,1521,1526,0.15372133473421593
5,1524,1529,0.15373013891595047
5,1524,1529,0.1537384209312001
5,1514,1519,0.15374620611156942
5,1514,1519,0.1537535231141576
5,1524,1529,0.15376039988945092
4,1529,1533,0.1537668629245573
5,1520,1525,0.15377615369940037
5,1509,1514,0.1537816486801959
5,1504,1509,0.15378682820720452
5,1523,1528,0.15379170033204403
4,1523,1527,0.15379628054205974
3,1516,1519,0.15380368590224497
3,1523,1526,0.15381391403194272
3,1523,1526,0.15382352470753183
3,1512,1515,0.15383255944591062
3,1517,1520,0.15384105395108044
3,1511,1514,0.1538490404545383
3,1513,1516,0.15385654906178942
4,1497,1501,0.15386360812327868
4,1500,1504,0.15386705451970126
4,1491,1495,0.1538702887667149
4,1494,1498,0.1538733274634545
5,1493,1498,0.15387618431632447
5,1499,1504,0.153875641463138
4,1496,1500,0.15387515744262853
4,1512,1516,0.15387795332172155
4,1514,1518,0.15388057867846353
3,1507,1510,0.15388304785400728
3,1520,1523,0.15388853161459606
3,1524,1527,0.1538936957297722
3,1518,1521,0.15389855327151966
4,1524,1528,0.15390312037302759
4,1515,1519,0.1539041662308591
4,1515,1519,0.15390516283854222
5,1505,1510,0.15390610398399648
5,1505,1510,0.15390373141548788
5,1506,1511,0.15390155390817728
5,1528,1533,0.15389952222709036
5,1521,1526,0.15389762035993276
5,1502,1507,0.153895837940718
5,1520,1525,0.15389416650481622
5,1516,1521,0.15389259858825644
5,1510,1515,0.1538911274157929
5,1514,1519,0.15388974675779646
5,1509,1514,0.15388845084861813
5,1516,1521,0.15388723433191584
5,1507,1512,0.1538860922197753
5,1505,1510,0.15388501985986686
5,1506,1511,0.1538840129078132
5,1499,1504,0.1538830136289863
5,1512,1517,0.1538821201281675
5,1524,1529,0.1538812888206226
5,1530,1535,0.1538805109941964
5,1515,1520,0.15387978183867623
4,1510,1514,0.1538790977419689
4,1518,1522,0.153881615864655
4,1513,1517,0.15388399329034638
4,1516,1520,0.15388623012686037
4,1520,1524,0.1538883322248621
4,1512,1516,0.15389030707612952
5,1507,1512,0.15389216221787624
5,1508,1513,0.15389068050355578
5,1531,1536,0.1538893062718838
5,1519,1524,0.15388801510968886
5,1520,1525,0.15388680005291483
4,1523,1527,0.15388565672064414
4,1529,1533,0.15388781251094003
5,1521,1526,0.15388982752192157
5,1512,1517,0.153888513318958
5,1512,1517,0.15388729030591158
5,1505,1510,0.15388614516854032
5,1512,1517,0.15388507226550416
5,1527,1532,0.1538840666434534
5,1522,1527,0.15388312376959354
5,1509,1514,0.1538822394758137
4,1529,1533,0.15388140991952798
4,1514,1518,0.15388386021974804
4,1520,1524,0.1538861207650873
4,1517,1521,0.15388823391723178
4,1506,1510,0.1538902148530044
4,1492,1496,0.15389207360204282
4,1501,1505,0.1538938184625121
4,1499,1503,0.15389545682216102
4,1506,1510,0.15389699543619445
4,1504,1508,0.15389844055170251
4,1495,1499,0.1538997979777558
4,1499,1503,0.15390107313242052
4,1491,1495,0.1539022710782995
4,1500,1504,0.15390339655151644
4,1513,1517,0.15390445398648106
4,1499,1503,0.15390544753766502
5,1516,1521,0.1539063810991026
5,1517,1522,0.15390405086712425
4,1519,1523,0.15390190077715632
4,1511,1515,0.15390308590125593
4,1515,1519,0.1539041944136697
4,1508,1512,0.153905235463038
4,1525,1529,0.15390621335631774
3,1513,1516,0.1539071319894393
2,1508,1510,0.15391121918838016
2,1516,1518,0.15391829239598714
2,1520,1522,0.15392493418422123
2,1522,1524,0.15393117968913755
2,1518,1520,0.15393705436661867
2,1524,1526,0.15394257997445238
2,1536,1538,0.15394777672309423
2,1532,1534,0.15395266373575464
2,1517,1519,0.15395725914375583
2,1524,1526,0.15396158011459263
2,1527,1529,0.15396564287557485
2,1529,1531,0.15396946274380421
2,1519,1521,0.15397305416201124
2,1511,1513,0.15397643073800324
2,1509,1511,0.15397960528576174
2,1527,1529,0.15398258986681157
2,1533,1535,0.1539853958309671
2,1515,1517,0.15398803385590668
2,1528,1530,0.15399051398525393
2,1513,1515,0.15399284566499202
2,1503,1505,0.15399503777813175
2,1502,1504,0.1539970986776152
2,1510,1512,0.15399903621747382
2,1512,1514,0.1540008577822847
2,1517,1519,0.15400257031498274
2,1503,1505,0.1540041803430952
2,1503,1505,0.15400569400346978
2,1507,1509,0.15400711706556908
3,1508,1511,0.1540084549534042
3,1512,1515,0.15400652384855082
3,1504,1507,0.15400472429000384
4,1500,1504,0.15400304059065278
5,1511,1516,0.15399823239874144
5,1515,1520,0.1539905749978142
5,1511,1516,0.15398340243304465
5,1511,1516,0.15397668136409112
5,1510,1515,0.15397038105211358
5,1512,1517,0.15396447285339934
5,1517,1522,0.15395893057784155
5,1515,1520,0.15395373021028427
5,1508,1513,0.15394884962698283
5,1504,1509,0.15394426836596856
6,1515,1521,0.15393996744420643
6,1519,1525,0.15393285997731457
6,1511,1517,0.1539261614226888
6,1514,1520,0.15391987857777056
6,1515,1521,0.15391398603540746
6,1516,1522,0.1539084582121599
6,1520,1526,0.15390327129044098
6,1515,1521,0.1538984032568899
6,1517,1523,0.1538938337349892
6,1513,1519,0.1538895438155828
6,1504,1510,0.153885515911778
6,1521,1527,0.15388173363704397
5,1517,1522,0.1538781817017273
6,1493,1499,0.15387788268286254
6,1500,1506,0.15387449187091856
6,1497,1503,0.1538713657226519
6,1504,1510,0.15386844219132784
6,1507,1513,0.15386570161903712
5,1515,1520,0.15386313031733434
6,1523,1529,0.15386388368257833
6,1514,1520,0.1538614023916671
6,1528,1534,0.15385908217369276
6,1519,1525,0.15385690766457075
6,1515,1521,0.15385486761663894
6,1508,1514,0.15385295283178796
6,1507,1513,0.15385115513129366
6,1504,1510,0.1538494670447966
6,1506,1512,0.15384788167357202
7,1503,1510,0.15384639261130378
6,1504,1510,0.15384196476351555
6,1505,1511,0.15384087210016797
6,1516,1522,0.15383983395596576
6,1530,1536,0.15383885387971158
7,1521,1528,0.15383793023633247
8,1520,1528,0.15383400241710807
8,1509,1517,0.15382721300330457
8,1506,1514,0.15382087671283412
8,1503,1511,0.15381495403549042
8,1498,1506,0.15380941243662977
8,1499,1507,0.15380422346062608
8,1509,1517,0.15379936188531457
7,1519,1526,0.1537947352654027
5,1512,1517,0.1537935529677457
5,1520,1525,0.1537986269482824
7,1528,1535,0.15380333295056112
7,1521,1528,0.15380145369019096
7,1519,1526,0.1537997400516502
7,1503,1510,0.15379814946813822
8,1496,1504,0.1537966647785854
8,1495,1503,0.1537922652358026
8,1504,1512,0.15378818475076192
8,1513,1521,0.15378438316899318
8,1526,1534,0.15378083264296463
8,1517,1525,0.15377751172667473
8,1521,1529,0.15377440260262498
6,1507,1513,0.15377148982002084
6,1525,1531,0.15377487531199854
6,1515,1521,0.15377798255647185
7,1510,1517,0.15378087161822304
7,1517,1524,0.1537805112479997
7,1500,1507,0.1537802222399742
7,1499,1506,0.15377996317686793
7,1502,1509,0.15377972588333966
7,1508,1515,0.15377950635116464
7,1517,1524,0.15377930213295254
7,1511,1518,0.15377911153269166
7,1510,1517,0.1537789332678809
6,1523,1529,0.15377876630668524
6,1516,1522,0.1537815863294754
7,1527,1534,0.153784242592459
7,1523,1530,0.153783567800833
8,1524,1532,0.1537829860793831
7,1512,1519,0.15377946261822348
7,1514,1521,0.15377914698920508
7,1510,1517,0.15377887768526263
7,1504,1511,0.15377862244966403
7,1506,1513,0.15377838088458923
7,1519,1526,0.15377815283006066
7,1509,1516,0.1537779378787987
7,1512,1519,0.1537777354807526
7,1514,1521,0.15377754502319735
7,1509,1516,0.15377736587509938
7,1516,1523,0.15377719741074103
6,1511,1517,0.15377703902217363
7,1522,1529,0.1537800318816683
7,1507,1514,0.15377968136344805
7,1511,1518,0.15377935540050605
7,1495,1502,0.15377904958085437
8,1496,1504,0.15377876312088395
8,1508,1516,0.15377539658694325
8,1509,1517,0.15377231081516224
7,1514,1521,0.1537694404299038
7,1530,1537,0.15376975342104748
6,1524,1530,0.1537700332679497
6,1520,1526,0.15377337821692819
8,1500,1508,0.15377649075172106
8,1510,1518,0.15377313442496982
7,1517,1524,0.15377001728658113
7,1524,1531,0.1537701870267094
9,1513,1522,0.1537703155806264
9,1519,1528,0.15376431036927915
10,1502,1512,0.1537587557088914
10,1511,1521,0.15375044691389309
10,1497,1507,0.15374269442962293
9,1474,1483,0.15373544425580243
9,1479,1488,0.15373167938512003
10,1492,1502,0.15372810208416238
8,1502,1510,0.15372170192106444
8,1505,1513,0.1537218448456947
8,1497,1505,0.15372188506265258
8,1508,1516,0.15372189147120732
8,1495,1503,0.15372187828718142
9,1510,1519,0.1537218525636002
8,1502,1510,0.15371868125935081
8,1506,1514,0.15371887538641385
9,1502,1511,0.15371903823289493
9,1501,1510,0.15371606036160337
9,1508,1517,0.15371329937408543
9,1512,1521,0.1537107237763791
9,1507,1516,0.15370831509657112
9,1493,1502,0.15370605986661925
9,1506,1515,0.1537039468089768
8,1516,1524,0.1537019659922363
8,1519,1527,0.15370317652201074
8,1506,1514,0.15370427645590518
10,1497,1507,0.1537052914370873
10,1505,1515,0.15370007850761966
9,1518,1527,0.15369523344531777
9,1513,1522,0.15369387311673158
8,1508,1516,0.15369256943837628
8,1498,1506,0.15369441071332
8,1504,1512,0.1536961126840515
7,1521,1528,0.15369769559994673
8,1509,1517,0.15370216690234564
8,1506,1514,0.1537033286027328
8,1511,1519,0.15370442534472029
8,1520,1528,0.15370545718056317
8,1519,1527,0.15370642661185674
8,1525,1533,0.15370733678901816
7,1518,1525,0.15370819106067102
8,1515,1523,0.1537119800813022
8,1504,1512,0.15371255438547615
8,1504,1512,0.15371307177714674
8,1516,1524,0.15371356152975435
8,1509,1517,0.1537140245521792
7,1511,1518,0.153714461518363
7,1513,1520,0.15371800642605518
7,1505,1512,0.1537213047873086
7,1506,1513,0.15372428812739478
6,1510,1516,0.15372707373028816
6,1514,1520,0.1537327043909371
6,1516,1522,0.15373797727838404
5,1510,1515,0.15374291355286349
5,1510,1515,0.15375072420502423
5,1504,1509,0.1537580132501074
6,1514,1520,0.15376484132598814
5,1501,1506,0.15376807159380146
6,1502,1508,0.15377428029477724
6,1511,1517,0.15377694579630596
4,1495,1499,0.15377948868028987
4,1504,1508,0.15378806214971838
4,1518,1522,0.15379616145283112
4,1516,1520,0.15380377232346665
4,1505,1509,0.15381092070873342
4,1510,1514,0.15381763437223303
4,1521,1525,0.15382394001423794
4,1518,1522,0.1538298628090579
4,1518,1522,0.15383542636746392
4,1521,1525,0.15384065280211293
4,1519,1523,0.15384556281819758
4,1516,1520,0.1538501758068108
4,1508,1512,0.1538545099341399
4,1516,1520,0.15385858222459528
4,1524,1528,0.15386240863765777
4,1518,1522,0.15386600413878748
4,1506,1510,0.1538693827648894
4,1500,1504,0.15387255768484362
4,1494,1498,0.1538755412555687
5,1512,1517,0.15387834507403808
4,1514,1518,0.15387776035604897
4,1522,1526,0.15388047296305565
4,1511,1515,0.1538829899014227
4,1518,1522,0.15388535083319765
4,1529,1533,0.15388756805273232
4,1528,1532,0.1538896509536728
3,1513,1516,0.1538916079447756
3,1510,1513,0.1538966289009684
3,1507,1510,0.1539013406587087
4,1521,1525,0.15390577173378328
4,1527,1531,0.1539068125023148
4,1526,1530,0.15390776668525114
4,1515,1519,0.15390866744908788
4,1519,1523,0.15390951785808787
4,1509,1513,0.15391032013370598
3,1512,1515,0.15391107650322566
3,1518,1521,0.15391499171080752
3,1513,1516,0.15391866786989622
3,1515,1518,0.1539221288776086
3,1523,1526,0.15392538510280682
3,1506,1509,0.15392844732531266
3,1516,1519,0.15393132643800989
4,1516,1520,0.15393403305500322
4,1512,1516,0.1539334572977302
4,1519,1523,0.15393294471993943
4,1510,1514,0.1539324767880391
4,1503,1507,0.15393204559971263
4,1499,1503,0.15393164629458375
4,1506,1510,0.15393127536064463
4,1499,1503,0.15393093004227107
4,1508,1512,0.15393060806776787
4,1502,1506,0.15393030750291725
4,1495,1499,0.1539300266637977
4,1507,1511,0.1539297640608821
4,1512,1516,0.1539295183610659
4,1519,1523,0.15392928836064684
4,1510,1514,0.15392907296534286
4,1516,1520,0.15392887117503087
4,1517,1521,0.15392868207176677
4,1517,1521,0.15392850481015988
4,1507,1511,0.15392833860948144
3,1514,1517,0.15392818274708053
3,1523,1526,0.15393111780563315
3,1526,1529,0.1539338676353441
3,1520,1523,0.15393644515308416
3,1516,1519,0.1539388629198228
3,1516,1519,0.15394113189786138
3,1515,1518,0.1539432619256773
3,1505,1508,0.15394526197549024
3,1504,1507,0.15394714030643533
3,1506,1509,0.15394890456553173
3,1519,1522,0.15395056185999076
3,1513,1516,0.15395211881246756
3,1505,1508,0.1539535816054306
3,1508,1511,0.1539549560181535
3,1509,1512,0.1539562474584322
4,1511,1515,0.1539574609903524
5,1509,1514,0.15395549348754195
5,1509,1514,0.15395041749102814
5,1500,1505,0.15394566621170702
5,1505,1510,0.15394121178463643
5,1510,1515,0.15393703518499713
5,1502,1507,0.1539331181238974
5,1509,1514,0.15392944354134358
4,1508,1512,0.1539259956438049
3,1504,1507,0.15392593238179234
2,1513,1515,0.15392907340241013
3,1505,1508,0.15393509495958393
3,1507,1510,0.15393768993570853
3,1516,1519,0.15394010111343168
3,1514,1517,0.15394236571163142
3,1505,1508,0.15394449308482192
3,1502,1505,0.15394649156321127
3,1527,1530,0.15394836899893113
3,1526,1529,0.15395013278959405
3,1529,1532,0.15395178988697217
3,1519,1522,0.15395334681469336
3,1517,1520,0.15395480969094175
3,1509,1512,0.1539561842526889
3,1502,1505,0.1539574758796781
3,1509,1512,0.15395868961736636
3,1509,1512,0.15395983019851955
3,1508,1511,0.15396090206338908
3,1515,1518,0.1539619093785058
3,1517,1520,0.15396285605416982
3,1518,1521,0.1539637457607308
3,1519,1522,0.15396458194375173
3,1525,1528,0.15396536783814604
3,1531,1534,0.1539661064813676
2,1523,1525,0.15396680072572758
3,1531,1534,0.1539705493331015
3,1526,1529,0.15397089807777725
3,1523,1526,0.15397128077768196
3,1508,1511,0.15397165154686246
3,1510,1513,0.1539720046162219
3,1515,1518,0.15397233894603152
3,1511,1514,0.15397265471780702
3,1512,1515,0.15397295254412033
2,1504,1506,0.1539732332060833
2,1517,1519,0.1539767057627624
5,1505,1510,0.153979925646954
5,1515,1520,0.153973451368465
5,1520,1525,0.15396740250313606
5,1527,1532,0.1539617461409125
5,1525,1530,0.15395645162902064
5,1510,1515,0.15395149183599494
5,1498,1503,0.1539468428326563
5,1503,1508,0.153942483203009
5,1515,1520,0.1539383935399702
5,1502,1507,0.15393455609805848
5,1500,1505,0.15393095454763334
5,1489,1494,0.15392757379347238
5,1489,1494,0.1539243998351412
5,1498,1503,0.15392141965551562
7,1508,1515,0.1539186211290111
6,1505,1511,0.15390972219125032
6,1508,1514,0.15390444359671193
6,1507,1513,0.15389953325365646
6,1502,1508,0.15389492889932935
6,1499,1505,0.15389060802895468
6,1502,1508,0.1538865521791967
6,1508,1514,0.15388274452914608
6,1527,1533,0.15387916947779018
6,1529,1535,0.15387581248880203
6,1518,1524,0.1538726599932681
6,1518,1524,0.15386969931203498
6,1522,1528,0.1538669185883675
6,1529,1535,0.15386430672784956
6,1518,1524,0.15386185334409327
4,1527,1531,0.15385954870936047
4,1523,1527,0.15386350610476104
4,1519,1523,0.15386724920976594
4,1511,1515,0.15387075532829
4,1508,1512,0.1538740394623103
4,1517,1521,0.15387711719481603
4,1504,1508,0.15388000281862
4,1497,1501,0.1538827093329555
4,1501,1505,0.15388524861366212
4,1512,1516,0.1538876315695225
4,1515,1519,0.1538898682667553
5,1503,1508,0.15389196802710342
5,1496,1501,0.15389080796857207
5,1500,1505,0.15388972178394028
5,1506,1511,0.1538887065946372
6,1506,1512,0.15388775782902595
6,1506,1512,0.15388370671870727
6,1509,1515,0.15387992107230727
6,1510,1516,0.153876373724707
6,1523,1529,0.15387304890924713
6,1515,1521,0.1538699317612058
6,1514,1520,0.15386700847900137
5,1497,1502,0.15386426631365627
6,1527,1533,0.15386481149282932
6,1526,1532,0.1538621578347008
6,1529,1535,0.15385970048466618
6,1526,1532,0.1538573993784729
6,1509,1515,0.15385524214864107
6,1507,1513,0.15385319764441996
5,1499,1504,0.1538512770350816
4,1495,1499,0.15385257149313886
4,1495,1499,0.1538569389160824
4,1510,1514,0.15386103063288342
4,1495,1499,0.15386486877721547
4,1508,1512,0.1538684691071846
4,1510,1514,0.1538718469889641
4,1508,1512,0.15387501683975569
4,1515,1519,0.15387799205213903
4,1522,1526,0.15388078505155772
4,1522,1526,0.15388340737862918
4,1518,1522,0.15388586976887514
4,1520,1524,0.15388818222389722
4,1519,1523,0.15389035407373458
5,1507,1512,0.1538923940315146
4,1520,1524,0.15389119777781812
4,1513,1517,0.15389318951041692
4,1519,1523,0.15389501907144842
4,1500,1504,0.15389672735456408
4,1527,1531,0.15389832618772006
4,1515,1519,0.15389982432874272
4,1522,1526,0.15390122913014773
4,1507,1511,0.15390254704866205
6,1518,1524,0.1539037838879874
7,1523,1530,0.15389858236194773
7,1531,1538,0.15389051259831996
6,1524,1530,0.15388301015333475
6,1508,1514,0.15387915424284684
6,1516,1522,0.15387553825201714
7,1528,1535,0.15387215003619414
7,1523,1530,0.15386584617723031
6,1523,1529,0.153859951711167
6,1521,1527,0.15385754521692976
6,1516,1522,0.15385528078857108
6,1518,1524,0.15385315142167807
6,1511,1517,0.1538511493654586
6,1510,1516,0.15384926734479756
5,1516,1521,0.15384749840819298
5,1524,1529,0.1538490191104699
5,1516,1521,0.1538503985742956
5,1521,1526,0.1538516784556365
7,1511,1518,0.15385287218471425
7,1496,1503,0.1538476027175335
7,1504,1511,0.1538427262523715
7,1516,1523,0.1538381702621293
7,1508,1515,0.15383390481952638
7,1504,1511,0.1538299079246691
7,1513,1520,0.15382616075108163
9,1512,1521,0.1538226464389909
9,1505,1514,0.15381301950038812
9,1525,1534,0.1538040959251112
9,1514,1523,0.15379576441613851
9,1510,1519,0.15378797208969608
10,1504,1514,0.15378067723786923
10,1502,1512,0.1537708134807958
10,1500,1510,0.15376156029139376
10,1497,1507,0.15375290345507375
10,1502,1512,0.15374480008788344
10,1500,1510,0.15373721065783136
10,1502,1512,0.1537300994184021
10,1502,1512,0.15372354708746544
9,1496,1505,0.1537173238672946
10,1504,1514,0.15371455799272699
10,1520,1530,0.15370901328756953
10,1515,1525,0.1537038523642367
9,1496,1505,0.1536990332115201
9,1500,1509,0.15369747869406744
9,1500,1509,0.15369599951232396
9,1502,1511,0.15369459375600905
9,1501,1510,0.15369326182003346
7,1502,1509,0.15369200240972317
7,1503,1510,0.1536969300934587
8,1506,1514,0.15370149060427502
9,1506,1515,0.15370276907541477
9,1495,1504,0.1537009024140011
9,1504,1513,0.15369922581673515
8,1516,1524,0.1536976795849207
8,1521,1529,0.1536994222533038
8,1526,1534,0.1537010272012441
8,1516,1524,0.15370261477814037
8,1510,1518,0.15370401864094282
8,1513,1521,0.15370531583327193
9,1500,1509,0.15370652380283714
9,1497,1506,0.153704547550435
9,1503,1512,0.15370275503208905
8,1510,1518,0.15370109430415674
8,1504,1512,0.15370253353558702
8,1500,1508,0.15370392304812405
8,1499,1507,0.15370522816311932
7,1502,1509,0.15370645037712916
7,1512,1519,0.1537106879933193
7,1523,1530,0.15371460930913747
5,1518,1523,0.1537182695740689
6,1517,1523,0.15372773009306992
6,1514,1520,0.1537335448949144
6,1510,1516,0.1537389889633149
7,1518,1525,0.1537440893729984
5,1524,1529,0.15374586925274256
5,1517,1522,0.1537536061255632
4,1517,1521,0.1537609595799282
4,1511,1515,0.1537710010371252
4,1526,1530,0.15378045156299816
4,1506,1510,0.15378933724644894
5,1504,1509,0.15379768634804847
4,1500,1504,0.153802486083805
4,1506,1510,0.15380999652329996
4,1498,1502,0.15381703529245874
4,1502,1506,0.15382363887753797
4,1515,1519,0.15382983807407632
4,1524,1528,0.1538356595177312
4,1515,1519,0.15384112727305874
5,1519,1524,0.15384626348527064
5,1519,1524,0.15384795792294437
5,1507,1512,0.15384954904198223
5,1518,1523,0.15385104530969151
6,1516,1522,0.1538524545235056
6,1525,1531,0.15385072664947366
6,1517,1523,0.15384914901532162
7,1510,1517,0.15384769271411985
7,1508,1515,0.1538431926691886
7,1511,1518,0.15383904843826385
6,1507,1513,0.15383519095453443
6,1504,1510,0.15383471648935287
6,1503,1509,0.1538342263839321
6,1510,1516,0.15383375495096058
5,1500,1505,0.1538333072661527
4,1502,1506,0.15383587958367648
5,1507,1512,0.15384133530776242
5,1505,1510,0.15384338452719
5,1512,1517,0.1538453145766444
5,1512,1517,0.15384712743595566
5,1510,1515,0.1538488291814548
5,1523,1528,0.15385042647683173
5,1523,1528,0.15385192582625234
6,1513,1519,0.15385333338571033
6,1520,1526,0.15385150884893717
6,1523,1529,0.15384981669027817
5,1517,1522,0.15384823846050652
5,1506,1511,0.15384986237910975
5,1507,1512,0.15385134793445704
5,1520,1525,0.15385273183344159
6,1517,1523,0.15385402505001122
6,1517,1523,0.15385211893044132
5,1508,1513,0.15385038083175104
5,1518,1523,0.15385179861933204
5,1517,1522,0.15385317055884531
5,1523,1528,0.15385445957816957
4,1510,1514,0.15385566833627873
4,1516,1520,0.15385985576519812
4,1504,1508,0.15386377869910825
3,1506,1509,0.15386745415797
4,1513,1517,0.15387403213958933
4,1514,1518,0.15387712768998718
4,1523,1527,0.1538800608147262
4,1514,1518,0.15388282556283286
5,1514,1519,0.15388542728949114
5,1511,1516,0.1538847119937152
5,1518,1523,0.15388407669825338
5,1505,1510,0.15388349600413898
5,1517,1522,0.15388296029049783
5,1509,1514,0.15388246373642372
5,1498,1503,0.1538820021145877
5,1507,1512,0.153881572089634
5,1515,1520,0.15388117090082562
5,1509,1514,0.15388079619078393
5,1506,1511,0.15388044590270764
5,1502,1507,0.15388011821398423
5,1515,1520,0.15387981149085225
5,1509,1514,0.15387952425602847
5,1516,1521,0.1538792551647231
5,1523,1528,0.15387900298630644
5,1519,1524,0.15387876658991648
5,1528,1533,0.1538785449328937
5,1517,1522,0.15387833705129902
5,1519,1524,0.15387814205200012
5,1514,1519,0.15387795910596305
5,1520,1525,0.15387778744248823
5,1511,1516,0.15387762634419852
5,1510,1515,0.15387747514263656
5,1507,1512,0.1538773332143626
5,1504,1509,0.15387719997746996
5,1513,1518,0.15387707488845317
5,1516,1521,0.15387695743937663
5,1527,1532,0.15387684715530406
5,1522,1527,0.1538767435919543
5,1518,1523,0.1538766463335568
5,1515,1520,0.1538765549908832
4,1518,1522,0.1538764691994372
4,1500,1504,0.1538795320424193
3,1515,1518,0.15388238075137747
4,1513,1517,0.1538881660433663
5,1510,1515,0.15389039049034572
5,1503,1508,0.1538894141505816
6,1498,1504,0.15388852128453184
6,1503,1509,0.1538846006593022
6,1496,1502,0.15388096248754274
6,1501,1507,0.15387757062119548
6,1501,1507,0.15387440162712504
6,1505,1511,0.15387143693762353
6,1509,1515,0.15386866090365617
6,1521,1527,0.1538660598599603
6,1502,1508,0.1538636216129846
6,1512,1518,0.15386133513086125
6,1510,1516,0.15385919034001522
6,1523,1529,0.15385717798271806
6,1505,1511,0.15385528951182675
7,1503,1510,0.15385351700950373
6,1519,1525,0.15384868682003533
6,1518,1524,0.15384725315956405
6,1517,1523,0.15384587117520193
6,1506,1512,0.15384456465229376
6,1505,1511,0.15384333284757679
5,1505,1510,0.15384216044014049
6,1504,1510,0.15384417008614953
7,1501,1508,0.15384286260146549
6,1485,1491,0.15383855218790407
6,1502,1508,0.15383772819536348
8,1498,1506,0.15383689478256682
8,1521,1529,0.15382987066747134
8,1523,1531,0.15382337849302957
8,1525,1533,0.15381732678605778
8,1507,1515,0.15381167153923644
8,1505,1513,0.15380637993150154
8,1495,1503,0.15380142450423595
8,1514,1522,0.15379678121876378
8,1525,1533,0.15379242854125685
7,1524,1531,0.153788346921668
7,1518,1525,0.15378749903091257
7,1518,1525,0.15378667922332429
8,1517,1525,0.15378589130456954
8,1526,1534,0.15378213233280305
8,1515,1523,0.15377863720325274
9,1513,1522,0.15377537392792268
10,1507,1517,0.15376922978659593
10,1513,1523,0.1537603347257821
9,1506,1515,0.153752044755966
9,1512,1521,0.15374745572984228
9,1524,1533,0.1537431432657121
10,1519,1529,0.15373909168035838
10,1510,1520,0.15373230939216354
9,1518,1527,0.1537259325598855
9,1506,1515,0.1537230253681909
9,1509,1518,0.15372028026250853
9,1506,1515,0.15371769566409532
9,1495,1504,0.1537152641628325
9,1495,1504,0.15371297772868928
10,1509,1519,0.15371082831201466
10,1513,1523,0.153705745421916
9,1517,1526,0.1537010063030092
9,1516,1525,0.15369951314505598
9,1516,1525,0.15369808885635952
9,1519,1528,0.1536967334498454
10,1518,1528,0.1536954489282625
11,1516,1527,0.15369122227655843
11,1512,1523,0.15368431579741101
10,1508,1518,0.1536779047012004
9,1508,1517,0.15367490893614832
9,1518,1527,0.1536751078841242
9,1519,1528,0.15367522201798503
10,1516,1526,0.15367529850511186
10,1508,1518,0.15367228374506392
11,1498,1509,0.1536693537200884
11,1495,1506,0.15366363122674137
11,1495,1506,0.15365831164036936
12,1507,1519,0.15365327435197984
12,1506,1518,0.1536455864034198
11,1508,1519,0.15363845727117925
10,1510,1520,0.1536347138493841
10,1510,1520,0.15363419064261744
10,1520,1530,0.1536336248263503
9,1515,1524,0.1536330764572969
9,1508,1517,0.15363555114044675
9,1515,1524,0.15363794564911618
9,1531,1540,0.15364013584681924
10,1527,1537,0.15364212163275864
10,1521,1531,0.15364109516029978
11,1509,1520,0.15364018341306723
12,1492,1504,0.1536363492220962
13,1500,1513,0.15362970836715928
12,1508,1520,0.15362064967799408
11,1497,1508,0.15361516331266664
10,1501,1511,0.15361301645289244
11,1509,1520,0.1536139614140399
10,1516,1526,0.15361176941093554
11,1507,1518,0.1536127733527885
12,1497,1509,0.15361063348015797
11,1506,1517,0.15360565813659796
12,1522,1534,0.1536040881962994
12,1528,1540,0.15359965231996509
10,1511,1521,0.15359547325838244
10,1508,1518,0.15359748193666195
11,1511,1522,0.15359932201939688
11,1501,1512,0.15359804656573664
10,1500,1510,0.15359686606849707
10,1510,1520,0.15359869001544768
11,1512,1523,0.1536004235638386
11,1505,1516,0.15359910108121944
10,1495,1505,0.1535978374253331
10,1483,1493,0.1535995665781862
8,1482,1490,0.15360119462717003
8,1495,1503,0.1536086227402089
7,1485,1492,0.15361560528336585
7,1501,1508,0.15362518395195127
8,1500,1508,0.15363412373277185
8,1518,1526,0.15363948178869313
7,1508,1515,0.15364451839467697
7,1514,1521,0.1536522412717155
7,1510,1517,0.15365952621209886
6,1504,1510,0.15366635930137762
6,1499,1505,0.1536758913637824
7,1509,1516,0.15368481817270446
7,1509,1516,0.15369000008508063
7,1515,1522,0.1536948661585249
7,1511,1518,0.15369943917358217
7,1507,1514,0.1537037351870149
7,1498,1505,0.1537077702404562
7,1506,1513,0.1537115599431032
7,1509,1516,0.1537151191828837
7,1504,1511,0.15371846203221556
7,1510,1517,0.15372160173807592
8,1514,1522,0.1537245507461915
8,1513,1521,0.1537242372321628
8,1501,1509,0.15372395281362736
8,1512,1520,0.1537236973781169
9,1506,1515,0.15372346773520737
8,1508,1516,0.15372011571735913
9,1500,1509,0.15372014934263978
9,1505,1514,0.15371706027773965
9,1502,1511,0.15371415119622284
11,1512,1523,0.1537114168547744
11,1498,1509,0.15370275214199122
11,1498,1509,0.15369464985689418
11,1512,1523,0.1536870840828355
11,1508,1519,0.153680014494756
11,1504,1515,0.1536734037425576
11,1495,1506,0.15366721821485016
10,1487,1497,0.15366142759911405
9,1493,1502,0.15365901338159663
10,1499,1509,0.15365979747865086
10,1498,1508,0.15365751203949227
10,1506,1516,0.1536553273403901
10,1504,1514,0.15365326613872482
8,1511,1519,0.15365132651342708
8,1512,1520,0.15365558359030632
6,1505,1511,0.15365955124975497
6,1495,1501,0.15366944870177487
6,1507,1513,0.15367876742172043
6,1510,1516,0.15368750479119037
6,1508,1514,0.15369569571611894
5,1515,1520,0.15370337595790307
4,1521,1525,0.153713695356912
4,1514,1518,0.15372643872418093
4,1514,1518,0.15373837075026156
3,1510,1513,0.15374956134115142
3,1508,1511,0.15376312194135797
3,1507,1510,0.15377590350035658
3,1515,1518,0.15378791992254986
4,1510,1514,0.15379921213842007
4,1513,1517,0.15380668331828293
4,1516,1520,0.15381369711126155
4,1515,1519,0.153820280025249
4,1520,1524,0.15382646229727354
4,1506,1510,0.15383226985349188
4,1503,1507,0.1538377261537309
3,1502,1505,0.1538428528661569
3,1502,1505,0.15385075514456642
3,1502,1505,0.15385831308727668
3,1508,1511,0.153865375272441
3,1500,1503,0.1538720069102238
3,1502,1505,0.15387823753537927
3,1504,1507,0.15388409222669672
3,1508,1511,0.15388959402881996
3,1519,1522,0.15389476443398406
3,1524,1527,0.15389962356507142
3,1517,1520,0.15390419028863622
3,1501,1504,0.15390848230432191
3,1508,1511,0.15391251622291352
2,1511,1513,0.15391630763705738
2,1508,1510,0.1539229789255034
2,1513,1515,0.15392930114202993
1,1521,1522,0.15393525399211272
1,1517,1518,0.15394411307839703
1,1512,1513,0.15395240760311457
1,1502,1503,0.15396019882718437
1,1511,1512,0.15396752175640793
1,1505,1506,0.15397440574703863
1,1510,1511,0.15398087753841216
1,1500,1501,0.1539869619963302
1,1497,1498,0.15399268239380187
1,1497,1498,0.15399806056507623
1,1511,1512,0.1540031170152646
1,1511,1512,0.15400787101040056
1,1511,1512,0.15401234065674496
1,1505,1506,0.15401654297291933
1,1512,1513,0.1540204939565343
1,1521,1522,0.1540242086462054
2,1515,1517,0.15402770117950765
2,1521,1523,0.15402778391110472
2,1514,1516,0.15402785735068591
2,1515,1517,0.15402791850063818
2,1520,1522,0.1540279720641439
2,1522,1524,0.15402802034496849
2,1521,1523,0.15402806457244794
2,1511,1513,0.15402810547764909
2,1521,1523,0.15402814353710131
2,1524,1526,0.15402817908590485
2,1530,1532,0.1540282123749884
2,1525,1527,0.15402824360220424
2,1521,1523,0.15402827293019075
2,1518,1520,0.15402830049711586
2,1517,1519,0.15402832642339614
2,1498,1500,0.15402835081604915
3,1509,1512,0.15402837377160492
3,1513,1516,0.15402518040453786
3,1501,1504,0.15402219352077184
3,1508,1511,0.15401938399775528
4,1515,1519,0.15401674187335407
3,1510,1513,0.15401105628392484
2,1510,1512,0.15400892371095984
2,1504,1506,0.15401007392270938
2,1507,1509,0.15401116595924474
2,1523,1525,0.15401220165991275
2,1513,1515,0.15401317944454976
2,1513,1515,0.15401410074726243
2,1529,1531,0.15401496800077852
2,1535,1537,0.15401578395110524
2,1536,1538,0.15401655139921677
2,1538,1540,0.15401727309273242
2,1533,1535,0.15401795167814822
2,1517,1519,0.15401858968025503
2,1511,1513,0.15401918949471188
2,1517,1519,0.15401975338729884
1,1513,1514,0.1540202834966451
1,1510,1511,0.15402396994645298
1,1500,1501,0.15402744714883865
1,1520,1521,0.1540307268574509
1,1525,1526,0.15403381589060255
1,1515,1516,0.15403672332298002
1,1515,1516,0.15403945883351444
1,1518,1519,0.15404203204526798
1,1518,1519,0.15404445226913746
1,1521,1522,0.1540467284033452
1,1525,1526,0.1540488688982656
1,1512,1513,0.15405088175085968
1,1524,1525,0.15405277451324387
1,1533,1534,0.1540545543081366
1,1536,1537,0.15405622784755374
1,1536,1537,0.15405780145284742
1,1523,1524,0.15405928107505187
1,1514,1515,0.15406067231496304
1,1527,1528,0.15406198044263486
1,1521,1522,0.1540632104161206
1,1512,1513,0.15406436689937494
1,1503,1504,0.154065454279282
1,1503,1504,0.15406647668180537
1,1508,1509,0.1540674379872745
1,1506,1507,0.1540683418448329
1,1508,1509,0.15406919168607852
1,1497,1498,0.15406999073793176
1,1486,1487,0.1540707420347664
1,1504,1505,0.15407144842984027
1,1510,1511,0.15407211260606168
1,1520,1521,0.1540727370861267
1,1525,1526,0.15407332424206188
0,1506,1506,0.15407387630420463
