1372,29,1401,0.1358213743572005
1405,29,1434,0.13297191192092533
1415,29,1444,0.1302808364616638
1432,30,1462,0.12780058272064612
1456,31,1487,0.12549498174502782
1461,30,1491,0.12333150433832729
1471,31,1502,0.12134936500878471
1461,32,1493,0.11951934855164506
1456,32,1488,0.11787894246411518
1458,34,1492,0.11639785057650061
1449,35,1484,0.11504449388556708
1455,33,1488,0.11383390756983978
1473,34,1507,0.11271780877365942
1463,33,1496,0.11165856289128176
1444,34,1478,0.11071791327290924
1453,32,1485,0.10990628864984103
1461,32,1493,0.10914628173621439
1462,31,1493,0.10843599909379083
1459,34,1493,0.10778744417463518
1454,35,1489,0.10720392649977663
1450,34,1484,0.10668405730832906
1440,34,1474,0.10621974405087337
1435,34,1469,0.10581926853976373
1442,33,1475,0.10546568874725729
1447,32,1479,0.10512844854902932
1458,34,1492,0.10480973889793815
1456,34,1490,0.10449518000069632
1464,32,1496,0.10421312836044054
1460,30,1490,0.10393865392511042
1464,30,1494,0.10369793356329947
1458,30,1488,0.10347014615241239
1458,30,1488,0.10327586112737454
1455,32,1487,0.10309893519592972
1456,34,1490,0.10294486389002999
1463,31,1494,0.10280252572449776
1469,29,1498,0.1026576401910545
1468,32,1500,0.10251254687598996
1457,32,1489,0.10238279878526893
1450,33,1483,0.1022882522907872
1442,33,1475,0.102217186066669
1452,33,1485,0.10217004267132221
1454,32,1486,0.10210524602344466
1448,29,1477,0.10204192892906619
1459,29,1488,0.10199710425022517
1459,30,1489,0.10193250113110733
1476,29,1505,0.10187389767574118
1463,29,1492,0.1017838710322515
1468,29,1497,0.10172975302228554
1462,29,1491,0.10166965829055535
1466,28,1494,0.1016280731776269
1461,29,1490,0.10158173934784052
1454,30,1484,0.10154987192628004
1455,31,1486,0.10153609815278651
1466,29,1495,0.10152151927169044
1456,28,1484,0.10148481228256744
1452,29,1481,0.10147260280134887
1449,30,1479,0.10146975647297818
1445,29,1474,0.10147352983205465
1475,29,1504,0.1014855579772706
1462,29,1491,0.10143221045952273
1456,29,1485,0.10141204908582947
1445,30,1475,0.10140643045714808
1458,30,1488,0.10142489611831607
1459,31,1490,0.10141373200469977
1459,34,1493,0.10140175801176757
1462,30,1492,0.10139099428852613
1445,31,1476,0.10137464778354772
1447,32,1479,0.10139622622534084
1456,32,1488,0.10141171097399489
1467,33,1500,0.10140623698689058
1456,32,1488,0.10137777667606582
1462,33,1495,0.10137585678023128
1460,34,1494,0.10136123960451497
1460,34,1494,0.10135220109545377
1453,36,1489,0.10134405010540362
1469,37,1506,0.101351633235777
1453,40,1493,0.1013243502043687
1457,39,1496,0.10133351615778277
1443,38,1481,0.10133328185221885
1439,38,1477,0.10136332361335007
1435,40,1475,0.10139936580461051
1424,42,1466,0.10144114730217811
1433,46,1479,0.10150256063230051
1429,46,1475,0.10153944189794487
1423,48,1471,0.10158196049890628
1431,49,1480,0.10163384460194297
1443,53,1496,0.10166369064183108
1436,55,1491,0.10166528449814416
1429,57,1486,0.10168216151217419
1437,56,1493,0.10171289737058103
1439,57,1496,0.10172366473067687
1444,56,1500,0.10172881967283783
1438,58,1496,0.10172281082813654
1447,57,1504,0.10173009094805191
1435,52,1487,0.10171776301083234
1436,52,1488,0.10173200356181479
1442,53,1495,0.10174344464441358
1447,53,1500,0.10174097751900621
1436,52,1488,0.10172820901547844
1437,55,1492,0.10173996138329125
1443,54,1497,0.10174854503722582
1425,55,1480,0.10174359978151529
1428,53,1481,0.1017776062757374
1420,56,1476,0.10180172569133901
1427,56,1483,0.10184131701365118
1421,57,1478,0.10186277770796182
1428,58,1486,0.10189493390449003
1440,57,1497,0.10190947749933339
1437,57,1494,0.10189712388331217
1422,57,1479,0.10189255078199362
1427,59,1486,0.10192057940565677
1439,58,1497,0.10193508253728716
1439,59,1498,0.10192238362773601
1439,61,1500,0.10191040847438267
1442,62,1504,0.10190001885139327
1438,61,1499,0.10188425570928532
1435,62,1497,0.10187845563948389
1443,63,1506,0.1018796717799237
1436,60,1496,0.10186343260742976
1440,59,1499,0.10186354569502072
1430,59,1489,0.10185513111313924
1419,60,1479,0.10186922625754569
1434,58,1492,0.10190547812994964
1426,58,1484,0.1019061938724063
1427,59,1486,0.10192415363324336
1437,58,1495,0.10193802405367901
1440,55,1495,0.10192904768027629
1440,54,1494,0.10191460500801192
1447,54,1501,0.10190106677064442
1438,55,1493,0.10187310293925166
1436,55,1491,0.10186715173886736
1448,55,1503,0.10186620022417353
1441,58,1499,0.1018395103192533
1442,60,1502,0.10183061940026474
1434,61,1495,0.1018202594953548
1434,64,1498,0.1018281442100307
1436,62,1498,0.10183555086327167
1432,63,1495,0.10183808879707129
1429,62,1491,0.10184936758634627
1437,62,1499,0.10186654666333941
1432,60,1492,0.10186496071810482
1428,61,1489,0.10187463780176484
1428,62,1490,0.10189132002968906
1432,58,1490,0.10190657810593731
1439,60,1499,0.10191192596537174
1434,62,1496,0.10190184342452785
1426,64,1490,0.10190338382368999
1433,65,1498,0.10192237343914394
1424,66,1490,0.10192439601291926
1420,62,1482,0.10194546142461078
1436,63,1499,0.10197320372939736
1437,63,1500,0.10196397459514628
1443,66,1509,0.10195355991141099
1437,66,1503,0.10193118047612891
1451,65,1516,0.10192311270719726
1454,66,1520,0.10188593451473135
1448,66,1514,0.10184595239666766
1444,67,1511,0.10182254391964309
1437,69,1506,0.10181009244101016
1448,66,1514,0.10181412056647571
1447,68,1515,0.10179456172084642
1438,68,1506,0.10177864365682247
1429,66,1495,0.10178365575785811
1422,67,1489,0.10180795879060855
1432,65,1497,0.10184531776046271
1431,66,1497,0.10185722580319814
1434,66,1500,0.10187007838804252
1428,67,1495,0.10187586651455956
1421,68,1489,0.10189406141046367
1429,69,1498,0.10192593434504058
1435,69,1504,0.1019379474378126
1426,68,1494,0.10193577200650158
1427,69,1496,0.10195346904870459
1428,70,1498,0.10196784892998806
1433,76,1509,0.10197902081960308
1424,75,1499,0.10197806087347326
1416,75,1491,0.10199677870328802
1428,77,1505,0.10203163070130661
1427,75,1502,0.1020372388128595
1420,75,1495,0.10204512700613887
1429,76,1505,0.10206712917271478
1424,75,1499,0.10206782515703793
1422,76,1498,0.1020791223218972
1433,77,1510,0.10209343676128753
1418,79,1497,0.10208287615261018
1431,83,1514,0.10210585397852182
1408,85,1493,0.10209909084816228
1404,84,1488,0.10214294169274933
1404,85,1489,0.10219195832965791
1408,89,1497,0.10223687838549005
1420,88,1508,0.10226928516388088
1414,85,1499,0.10227306088500371
1418,83,1501,0.10228992820408411
1423,82,1505,0.10229650139125689
1426,81,1507,0.10229200752477147
1416,83,1499,0.10228171278622807
1405,84,1489,0.1022931326578306
1415,86,1501,0.10232744156826247
1412,86,1498,0.10233715911026586
1410,82,1492,0.10235207647393162
1406,78,1484,0.10236983999275917
1404,78,1482,0.10239409752847294
1409,75,1484,0.1024207067998478
1420,78,1498,0.10243438085680934
1421,78,1499,0.1024233578629823
1411,75,1486,0.10241074776618862
1409,75,1484,0.102420659740105
1411,79,1490,0.10243371616105339
1415,82,1497,0.1024413051843111
1405,84,1489,0.10244049028728736
1412,81,1493,0.10246101568006552
1402,84,1486,0.10246422452986753
1401,84,1485,0.1024887792444076
1415,83,1498,0.10251244692743049
1410,86,1496,0.10250382773025246
1419,89,1508,0.10250733325445607
1419,90,1509,0.10249160284087458
1419,91,1510,0.1024773277107933
1414,92,1506,0.1024643929788202
1421,94,1515,0.10246319846148566
1410,93,1503,0.10244691021087483
1399,94,1493,0.10245604075362025
1401,91,1492,0.10248871221266961
1401,95,1496,0.10251376421005043
1404,94,1498,0.10253648780553785
1419,94,1513,0.10255051593123021
1421,95,1516,0.10253084061999726
1414,94,1508,0.10250874180118882
1409,93,1502,0.10250354192234201
1423,90,1513,0.1025103746206332
1416,89,1505,0.10248633722050408
1417,88,1505,0.10247899286230541
1408,92,1500,0.10247005600943528
1401,95,1496,0.10248190180643552
1390,94,1484,0.10250796918759644
1395,91,1486,0.1025556657325906
1382,92,1474,0.10258811444368812
1387,91,1478,0.10264629761122751
1388,92,1480,0.10268807421845735
1391,96,1487,0.1027240814241517
1386,97,1483,0.1027506720711465
1408,98,1506,0.10278591410727463
1391,98,1489,0.10277035674857612
1393,99,1492,0.10279263728252654
1392,99,1491,0.10280870729304833
1393,99,1492,0.10282501953103669
1396,101,1497,0.10283857417126548
1382,106,1488,0.10284422999356348
1391,106,1497,0.10287991977553178
1367,110,1477,0.10289340452184216
1363,111,1474,0.10295828894794262
1360,113,1473,0.10302643169427583
1380,112,1492,0.10309523366647486
1372,115,1487,0.10311521628224264
1369,112,1481,0.10315121114624348
1370,115,1485,0.10319063068449345
1372,119,1491,0.10322507354286642
1377,117,1494,0.10325246986315331
1384,119,1503,0.1032665887622509
1381,116,1497,0.10326461523731385
1384,119,1503,0.10326956076137249
1389,118,1507,0.1032679570936742
1401,123,1524,0.10325673130763022
1385,122,1507,0.10322034764028036
1387,121,1508,0.10322174317769658
1381,125,1506,0.10321837598533974
1382,121,1503,0.10322832402259975
1371,120,1491,0.10323486645803975
1373,124,1497,0.10326422996440972
1385,123,1508,0.10328642417421975
1384,125,1509,0.10328036764346926
1380,124,1504,0.10327698381512601
1371,126,1497,0.10328292082706739
1365,123,1488,0.10330804979921134
1376,125,1501,0.1033444218814417
1384,125,1509,0.10335391430938062
1374,126,1500,0.10334469279308107
1372,131,1503,0.10335856621045339
1372,129,1501,0.10337517469403476
1376,133,1509,0.10339059877657569
1360,130,1490,0.10339587707706528
1374,133,1507,0.10343604155772292
1384,133,1517,0.10344211947302455
1368,134,1502,0.10342594523451862
1371,135,1506,0.10344656627808414
1372,138,1510,0.10345877821940644
1381,135,1516,0.10346717671018102
1371,134,1505,0.10345548258093938
1374,136,1510,0.10346640197115466
1367,138,1505,0.10347000432467364
1370,137,1507,0.10348840824765074
1369,139,1508,0.1034987099402916
1377,139,1516,0.10351003239371061
1370,138,1508,0.10350363493074494
1372,140,1512,0.10351265101276011
1374,140,1514,0.1035162840856118
1375,141,1516,0.10351563337907635
1385,143,1528,0.10351272094808975
1383,144,1527,0.10348721517321181
1373,141,1514,0.10346831269918877
1377,142,1519,0.10347330980912343
1372,143,1515,0.10346992669915704
1355,145,1500,0.1034777954270323
1345,145,1490,0.10352231247168465
1341,148,1489,0.10358485862082947
1346,146,1492,0.10365079498173102
1337,144,1481,0.1037001497095647
1330,146,1476,0.10376459012783501
1329,152,1481,0.1038388047254914
1346,155,1501,0.10390859499580901
1337,153,1490,0.1039353970675877
1344,153,1497,0.10397872384347494
1333,154,1487,0.10400255274296816
1337,150,1487,0.10404798386224283
1340,149,1489,0.10407990772124304
1341,144,1485,0.1041025979939455
1345,148,1493,0.10412127058151054
1353,149,1502,0.10412963197507526
1352,152,1504,0.10411930140667285
1350,151,1501,0.10411234235769502
1341,148,1489,0.10411070636356293
1331,152,1483,0.10412906561098538
1337,154,1491,0.1041681172128212
1336,152,1488,0.10419083650188186
1342,150,1492,0.10421353771502222
1329,152,1481,0.1042207232561053
1328,147,1475,0.10425577553372406
1326,147,1473,0.10429058782430803
1328,145,1473,0.10432637777764174
1326,152,1478,0.10435542138813592
1329,152,1481,0.10438636876716322
1343,148,1491,0.10440773323500604
1329,150,1479,0.1043963384643654
1330,149,1479,0.1044158664014242
1345,152,1497,0.10443116288856587
1353,148,1501,0.10441268725043978
1352,151,1503,0.10437820154894702
1347,146,1493,0.1043484097625394
1338,146,1484,0.10433180925442198
1341,149,1490,0.1043366002251243
1342,146,1488,0.10433444057235508
1352,146,1498,0.10433006519182346
1358,146,1504,0.10430318288980342
1357,142,1499,0.10426546860575567
1363,143,1506,0.10423338087775075
1360,143,1503,0.10419168007504805
1356,142,1498,0.10416012096469711
1356,143,1499,0.10414014895410484
1353,143,1496,0.1041223744169251
1343,147,1490,0.10411258691120676
1346,145,1491,0.10412533321595797
1345,146,1491,0.10413121447149948
1338,146,1484,0.10413880742407869
1323,150,1473,0.10416117203494071
1341,146,1487,0.10421545487933251
1338,150,1488,0.10422532743765123
1337,149,1486,0.10424195930462453
1348,148,1496,0.10425926903329535
1357,146,1503,0.10425026777598352
1353,146,1499,0.10422273283790098
1345,150,1495,0.10420614852352708
1354,149,1503,0.10420884897869186
1355,149,1504,0.10419160830879763
1351,153,1504,0.10417331128356347
1338,159,1497,0.10416597121767268
1347,154,1501,0.10418773540454335
1349,156,1505,0.10418819926272757
1343,154,1497,0.10418405208777187
1336,155,1491,0.10419227782559723
1321,154,1475,0.10421554547962178
1321,151,1472,0.10426982636566783
1335,157,1492,0.10431939836842817
1333,159,1492,0.1043337503659108
1332,161,1493,0.1043507782306692
1342,165,1507,0.10436876520239986
1341,161,1502,0.10436249893715263
1331,163,1494,0.10435904184436069
1334,163,1497,0.10437824629080222
1317,164,1481,0.1043900120987631
1316,162,1478,0.10443779482886098
1332,164,1496,0.10448432991941878
1336,160,1496,0.10449210700495033
1338,159,1497,0.1044899003379039
1332,163,1495,0.10448458412148284
1340,160,1500,0.10449313560905013
1324,156,1480,0.1044825995042261
1329,157,1486,0.1045083607933007
1335,162,1497,0.10452106278555014
1340,163,1503,0.10451893944034552
1332,161,1493,0.10450672647532422
1323,163,1486,0.10451337378565573
1321,160,1481,0.10453864739093092
1324,160,1484,0.10456640989804816
1323,160,1483,0.10458482791519355
1329,158,1487,0.10460400570355677
1321,154,1475,0.10460870964791656
1325,159,1484,0.10463044120520998
1326,156,1482,0.10464198599259059
1336,161,1497,0.10464944868024496
1338,160,1498,0.10463364213764306
1337,163,1500,0.10461448691612571
1333,162,1495,0.10459875039677068
1327,159,1486,0.10459339131768214
1324,153,1477,0.10460154057328286
1328,158,1486,0.10461583559804499
1343,153,1496,0.10461981247910394
1347,153,1500,0.10459062815176293
1341,155,1496,0.10455522951765861
1337,157,1494,0.1045366696553339
1328,158,1486,0.10452886486761845
1328,162,1490,0.1045421047095028
1318,159,1477,0.10455448327786505
1307,166,1473,0.1045874162390281
1320,171,1491,0.10464232216232937
1327,169,1496,0.10466413369090645
1316,167,1483,0.1046688995210898
1335,161,1496,0.10469688993384317
1343,158,1501,0.10468147282320045
1329,162,1491,0.10464953190603485
1331,163,1494,0.10465064064473813
1318,160,1478,0.1046477016660447
1324,161,1485,0.10467348717506696
1324,166,1490,0.10468383427739208
1314,166,1480,0.10469411799209581
1323,168,1491,0.10472494607102209
1320,169,1489,0.10473355286310618
1315,169,1484,0.10474825324393827
1308,171,1479,0.10477308416245115
1319,171,1490,0.10481103881843079
1297,174,1471,0.10482185014539565
1299,177,1476,0.10488077766184656
1311,175,1486,0.10493009323917217
1325,172,1497,0.1049481560889515
1322,177,1499,0.10493400191354567
1333,175,1508,0.10492852348919648
1321,172,1493,0.1048999787589039
1323,174,1497,0.10489996147804867
1323,177,1500,0.10489518503319345
1345,171,1516,0.10489203125413063
1323,173,1496,0.10484059290806158
1327,173,1500,0.1048416873356576
1325,171,1496,0.1048343601941761
1315,172,1487,0.10483196679121491
1312,176,1488,0.10485129914811502
1323,175,1498,0.10487518829235581
1324,174,1498,0.10487284156994266
1316,174,1490,0.10486833201200418
1314,173,1487,0.10488160368406749
1317,179,1496,0.10489870308547361
1309,181,1490,0.10490767923416022
1305,182,1487,0.10493403550647588
1311,186,1497,0.10496639020752577
1299,187,1486,0.10498255441218152
1309,188,1497,0.105024808813375
1312,188,1500,0.10504192930067319
1305,185,1490,0.1050508609869279
1308,190,1498,0.10507468009024969
1299,193,1492,0.105089983188211
1296,193,1489,0.10512404746077256
1296,189,1485,0.10516181607469427
1302,189,1491,0.10519661161486647
1305,188,1493,0.10521580804516746
1305,188,1493,0.10522703203333357
1294,192,1486,0.10523683294030135
1299,192,1491,0.1052707414506089
1304,191,1495,0.10529038211613663
1296,192,1488,0.10529712082448212
1301,193,1494,0.105320930104146
1305,193,1498,0.10533145801385463
1311,188,1499,0.10533272566680486
1299,190,1489,0.10532036266243622
1320,196,1516,0.10533555363314719
1311,197,1508,0.10530323809364373
1304,195,1499,0.10529414144530928
1314,194,1508,0.10530107651361391
1305,192,1497,0.1052857614224776
1309,198,1507,0.10529089365885681
1296,191,1487,0.10528773360953377
1296,200,1496,0.10531376035401965
1303,202,1505,0.10533718553381063
1296,202,1498,0.10534347383980969
1288,200,1488,0.10536469855128243
1286,198,1484,0.1054017510777192
1298,199,1497,0.10544001334749098
1292,200,1492,0.10544876686746119
1293,200,1493,0.10547131153087061
1299,204,1503,0.10548988893157699
1288,206,1494,0.10549429151688354
1293,207,1500,0.10552370406945749
1287,205,1492,0.10553872674343506
1289,209,1498,0.10556546432686513
1288,215,1503,0.10558573026806227
1283,218,1501,0.10560746049851723
1275,217,1492,0.10563830133769693
1265,222,1487,0.10568455366843413
1263,224,1487,0.10574857149585164
1263,221,1484,0.10581172528088595
1265,226,1491,0.10587018456431878
1267,222,1489,0.10591940068786826
1280,219,1499,0.10595985098741245
1280,223,1503,0.10596789120761048
1278,229,1507,0.10597590591419313
1263,231,1494,0.10598796172600838
1274,229,1503,0.10603249330338584
1271,223,1494,0.10604947367421548
1277,224,1501,0.10607203781655208
1280,227,1507,0.10607850638910275
1277,226,1503,0.1060780971622842
1283,228,1511,0.10608421107156993
1278,232,1510,0.10607535609988564
1272,234,1506,0.10607753945295689
1276,235,1511,0.10609258638586681
1266,233,1499,0.1060975980597759
1268,230,1498,0.10612472163055849
1266,227,1493,0.1061450048282008
1265,222,1487,0.10616785640525332
1265,220,1485,0.10619123044311142
1250,224,1474,0.10621335831280848
1259,225,1484,0.1062670067100989
1266,228,1494,0.10629532511263445
1261,227,1488,0.10630466944273756
1268,228,1496,0.10632380003964657
1248,226,1474,0.10632565826313371
1272,226,1498,0.10637263474565611
1272,226,1498,0.10636225076509492
1272,227,1499,0.1063526174943897
1265,225,1490,0.10634380061153399
1268,229,1497,0.10635054091071812
1262,228,1490,0.1063500759345424
1259,225,1484,0.10636311844265599
1254,225,1479,0.10638138334652997
1273,229,1502,0.10640832358947566
1261,220,1481,0.10639053398846407
1265,218,1483,0.10640181903782789
1270,219,1489,0.10640298267411286
1286,219,1505,0.10639212480477385
1277,221,1498,0.10634735797006355
1273,217,1490,0.10632763087255316
1275,219,1494,0.10631830679801414
1272,223,1495,0.10630568980957047
1265,227,1492,0.10630110966743705
1265,230,1495,0.10631414649336113
1267,235,1502,0.1063267912927498
1257,236,1493,0.10633399118189223
1254,232,1486,0.10636268143451233
1243,233,1476,0.1063965090144031
1252,235,1487,0.10645306467780564
1256,236,1492,0.10648459082074567
1253,237,1490,0.10650482764495706
1262,240,1502,0.10653005565485849
1263,243,1506,0.10653377045474514
1265,243,1508,0.10653479897448719
1260,248,1508,0.10653202664576408
1263,245,1508,0.10654058517381625
1262,246,1508,0.10654177851744691
1261,244,1505,0.10654510516676634
1264,243,1507,0.10655061019706048
1268,243,1511,0.10654942718983933
1248,241,1489,0.10653946290510435
1253,242,1495,0.10657428283703735
1250,247,1497,0.10659417273909082
1244,246,1490,0.10661734886428004
1248,249,1497,0.10665259322158285
1250,248,1498,0.10667538832807728
1249,247,1496,0.10669205033541258
1250,241,1491,0.10670961269888726
1240,243,1483,0.1067238645070951
1259,246,1505,0.10675959819640075
1254,245,1499,0.1067494645413592
1248,248,1496,0.10675113770789729
1232,248,1480,0.10676654066783026
1226,256,1482,0.1068163670838656
1233,259,1492,0.10687534214809738
1223,260,1483,0.10691371243853169
1224,259,1483,0.10697166821231967
1218,262,1480,0.10702248237607176
1228,261,1489,0.10708241238334511
1227,261,1488,0.10711508859449811
1224,262,1486,0.10714707298208383
1229,263,1492,0.10718405680826983
1236,269,1505,0.10720707541834909
1234,279,1513,0.10721255175256303
1230,284,1514,0.10722322172735448
1230,283,1513,0.10724203555463116
1216,281,1497,0.10725975324441567
1210,282,1492,0.10730798170507395
1212,276,1488,0.10736663101280186
1206,280,1486,0.10741612644882675
1215,281,1496,0.10747486658110511
1230,279,1509,0.10750850952225115
1214,280,1494,0.10750559629617845
1202,282,1484,0.10753874469645609
1205,276,1481,0.10759683008907504
1212,281,1493,0.10764225753222893
1197,286,1483,0.10766851280105794
1207,292,1499,0.10772635287919809
1214,293,1507,0.10775752639694072
1218,289,1507,0.10777108167279517
1213,288,1501,0.10777504972669014
1216,282,1498,0.10779051606791129
1212,286,1498,0.10779819737479696
1210,292,1502,0.10781482294050995
1214,287,1501,0.10783433252429182
1200,281,1481,0.10784391522769221
1202,287,1489,0.10788364980816939
1195,278,1473,0.10791578814026813
1195,284,1479,0.10796191787939574
1206,293,1499,0.1080042668083838
1208,292,1500,0.10801753074020878
1202,299,1501,0.1080255561103972
1197,295,1492,0.10804786039768301
1201,296,1497,0.10807985542943252
1211,303,1514,0.10810029858603237
1200,304,1504,0.10809653441607768
1200,306,1506,0.108118544652373
1198,308,1506,0.10813851206656082
1177,312,1489,0.10816156666985183
1184,310,1494,0.10823038020783414
1185,309,1494,0.10827784715850644
1176,313,1489,0.1083206192569045
1180,316,1496,0.10838030529593133
1183,323,1506,0.10842602305337551
1175,320,1495,0.10846081301715291
1173,326,1499,0.10851112533186594
1170,329,1499,0.1085615704596536
1179,331,1510,0.10861509923653999
1181,332,1513,0.10864523154143342
1173,329,1502,0.10866901922598775
1170,329,1499,0.1087092944114946
1172,323,1495,0.10875344065161947
1162,330,1492,0.10878974636741404
1178,332,1510,0.10884629963061246
1181,335,1516,0.10886312210810675
1162,342,1504,0.10887198429438819
1159,336,1495,0.10892302779397842
1162,338,1500,0.10897748725892253
1152,332,1484,0.10902089062371692
1158,330,1488,0.10908340485705233
1160,336,1496,0.10912683486590646
1157,336,1493,0.1091617017833517
1163,339,1502,0.10920025466323492
1165,337,1502,0.1092223066143542
1159,340,1499,0.10923830236422875
1169,335,1504,0.10926707343461213
1172,331,1503,0.1092700875850684
1159,338,1497,0.10926562854157944
1176,343,1519,0.1092909062372204
1176,342,1518,0.1092763463749067
1169,348,1517,0.10926442625071447
1159,353,1512,0.10926885660038145
1160,347,1507,0.10929611863385326
1152,347,1499,0.10931975241273023
1148,349,1497,0.10935944888930277
1151,352,1503,0.1094045314236011
1150,350,1500,0.10943914130370608
1157,348,1505,0.10947362503474559
1138,352,1490,0.10948990367026344
1137,360,1497,0.10954811107504078
1144,361,1505,0.10960485178566558
1137,358,1495,0.10964048460655217
1126,362,1488,0.10969011740193696
1138,357,1495,0.10976124623670198
1141,355,1496,0.10979881847738358
1133,355,1488,0.10982695485751126
1144,360,1504,0.10987087101270598
1139,361,1500,0.10988562894287672
1132,368,1500,0.10991111334666241
1132,373,1505,0.10995096073450361
1136,368,1504,0.10998748292689392
1116,357,1473,0.11001158600850874
1127,362,1489,0.11007950678635964
1129,362,1491,0.11011577339647129
1140,359,1499,0.11014549457187456
1153,363,1516,0.11014756794518055
1140,369,1509,0.11012144642986282
1135,372,1507,0.11012730642643156
1140,371,1511,0.1101439150025913
1132,372,1504,0.11014767336022963
1127,374,1501,0.11017019450081172
1124,369,1493,0.11020354221711823
1110,375,1485,0.11024219477144477
1108,381,1489,0.11030950856222697
1117,388,1505,0.11037558028170608
1117,386,1503,0.11041614939118932
1128,391,1519,0.11045407507316629
1113,387,1500,0.11046361129151747
1112,384,1496,0.11050618271035301
1110,384,1494,0.11054746567661415
1111,387,1498,0.11059073209534073
1109,391,1500,0.11062753481121228
1105,386,1491,0.11066621208718765
1112,388,1500,0.11071147261206805
1112,392,1504,0.11073859868615406
1122,394,1516,0.11076292094265419
1112,392,1504,0.11076198612479143
1110,399,1509,0.11078418909065099
1109,397,1506,0.11080906398086757
1105,394,1499,0.11083483304370448
1105,393,1498,0.11086781542837641
1110,386,1496,0.11089858763523125
1113,386,1499,0.11091414381838627
1107,381,1488,0.11092150634788751
1099,378,1477,0.11094352503433334
1093,378,1471,0.11098226212877221
1084,392,1476,0.1110309854229968
1091,391,1482,0.11109596507355401
1094,399,1493,0.11113933706479752
1093,404,1497,0.111173439954141
1089,404,1493,0.11120658516620657
1083,404,1487,0.11124621648075755
1085,403,1488,0.11129602919915156
1090,407,1497,0.11133735845185833
1100,412,1512,0.11136438681665523
1089,408,1497,0.11136631632392936
1092,410,1502,0.11139341818707557
1094,412,1506,0.1114109120566435
1092,413,1505,0.11142318196366269
1084,412,1496,0.11143986202263113
1092,410,1502,0.11147469561741044
1099,419,1518,0.11148810367880653
1090,422,1512,0.11148366352748224
1087,423,1510,0.1115002985672863
1091,421,1512,0.11152320614967863
1082,417,1499,0.11153545682797004
1084,422,1506,0.11156772229371707
1090,429,1519,0.11159234651451938
1093,431,1524,0.11160124605020728
1091,430,1521,0.11160127273162372
1094,434,1528,0.11160671998796999
1084,435,1519,0.11160496506387457
1071,438,1509,0.11162668845340228
1067,439,1506,0.11167681107369297
1064,441,1505,0.11173258081525024
1063,441,1504,0.11179186511712416
1057,444,1501,0.11184869539386602
1055,445,1500,0.11191495453547916
1061,436,1497,0.11197941410125363
1061,440,1501,0.11202525030960714
1051,435,1486,0.11206700481835175
1052,436,1488,0.11212883402121211
1062,436,1498,0.1121837637510063
1058,438,1496,0.11221103440909708
1057,440,1497,0.11224566442721301
1061,444,1505,0.11228012200594993
1052,447,1499,0.11230139951026125
1053,448,1501,0.11234229626921038
1040,443,1483,0.11237709772954797
1027,449,1476,0.11244027665980276
1044,442,1486,0.11252878975077081
1045,441,1486,0.1125704385869841
1041,451,1492,0.11260691597303048
1048,455,1503,0.11264955634118311
1042,450,1492,0.11267206685718784
1051,454,1505,0.11270627797852083
1048,449,1497,0.11271679014997098
1059,460,1519,0.11273387959384408
1052,460,1512,0.11272440596481716
1042,458,1500,0.11273241487448729
1044,462,1506,0.11276295501398348
1033,461,1494,0.11278667161682425
1031,459,1490,0.1128349983270137
1036,464,1500,0.11288388442044432
1038,470,1508,0.11291690760720748
1035,469,1504,0.112942231294777
1040,462,1502,0.11297244423447138
1030,469,1499,0.11298826847285481
1025,462,1487,0.11302638882709098
1025,459,1484,0.11307307749476755
1037,463,1500,0.11311605637477959
1043,462,1505,0.11312741045875509
1049,464,1513,0.11312267287054009
1032,459,1491,0.11310430687902678
1031,470,1501,0.11312834563000784
1035,469,1504,0.11315264329713912
1041,471,1512,0.11316632689862427
1042,470,1512,0.11316536788954813
1038,474,1512,0.11316224919901537
1030,472,1502,0.11316984745636159
1028,470,1498,0.11319658118400547
1016,468,1484,0.11322593575698586
1021,472,1493,0.11328080485606544
1018,462,1480,0.11332027546472151
1011,478,1489,0.11336584703939408
1019,487,1506,0.11342629942395276
1018,482,1500,0.11346401842630278
1015,493,1508,0.11350106835908556
1004,503,1507,0.1135416729451798
1008,496,1504,0.11360472178104342
1003,492,1495,0.11365349106103526
1005,489,1494,0.11371048645851632
1012,491,1503,0.11375854105465351
999,493,1492,0.11378658475548611
998,497,1495,0.11384324665741946
1006,501,1507,0.11389684465590505
1001,495,1496,0.11392703169370773
995,495,1490,0.11396664289007713
996,499,1495,0.11401750251723262
1008,497,1505,0.11406150581738606
1001,500,1501,0.11407293330593063
1008,507,1515,0.11409932592564427
1004,499,1503,0.11410797427601574
1005,494,1499,0.11412564343954046
1000,486,1486,0.1141399149961543
987,493,1480,0.11416456686610893
994,489,1483,0.11421691161722071
1002,498,1500,0.11424862909367534
1002,505,1507,0.1142587374647228
1002,505,1507,0.11426891137581884
1010,497,1507,0.11427788387267811
1004,503,1507,0.11426672853899074
1001,507,1508,0.11427092602447042
1001,508,1509,0.11428196332575372
997,507,1504,0.11429141405906534
999,507,1506,0.11431122100897535
997,506,1503,0.11432587872310887
1003,512,1515,0.11434475997302902
1004,510,1514,0.11434782970123487
997,518,1515,0.11434880730561027
990,522,1512,0.11436595005497757
977,521,1498,0.11439868289015763
969,524,1493,0.1144607912419324
971,523,1494,0.11453801124780054
974,537,1511,0.11460413410857775
966,537,1503,0.11465861253261946
965,538,1503,0.1147270597690662
957,540,1497,0.11479269506341593
964,531,1495,0.11487244797331664
963,540,1503,0.11492896874380978
955,544,1499,0.11498388675980045
943,544,1487,0.11505325182761322
941,556,1497,0.11514582923583085
945,553,1498,0.11523588319789471
950,557,1507,0.11530880267563394
933,562,1495,0.11536424393991951
935,555,1490,0.11545574033584964
934,560,1494,0.11553424266241795
937,565,1502,0.1156084071118864
946,560,1506,0.1156696222982406
942,560,1502,0.11570438663624756
933,561,1494,0.11574529231259464
938,559,1497,0.11580495156078065
956,556,1512,0.11584750110327775
958,551,1509,0.11584438977023857
953,546,1499,0.11583624849767438
954,556,1510,0.11584139908239553
940,558,1498,0.11584423771619322
939,567,1506,0.11588045301787563
947,568,1515,0.11591632007813141
936,568,1504,0.11593109445603565
934,580,1514,0.11597068784995161
930,579,1509,0.11601269845076122
918,583,1501,0.11606200025878366
925,583,1508,0.11613544372817268
924,586,1510,0.11618607674859767
913,587,1500,0.11623533276782323
912,589,1501,0.1163077510460064
911,588,1499,0.11637747546452502
908,585,1493,0.11644398334153706
907,594,1501,0.11651238621064178
906,595,1501,0.11657725832013416
899,596,1495,0.11663949364270611
908,592,1500,0.11671401853249984
919,604,1523,0.116761097519655
921,601,1522,0.11677826752123664
914,602,1516,0.11678927534273026
907,603,1510,0.11681714453729271
907,601,1508,0.11686009670611995
903,609,1512,0.1169006508185446
889,610,1499,0.11694762620585251
878,617,1495,0.11702590639439865
875,611,1486,0.11712388729429236
881,605,1486,0.11722033881587969
893,608,1501,0.11729529537885383
896,609,1505,0.11733592563839725
894,600,1494,0.11736617591471649
897,594,1491,0.11739897540001593
895,599,1494,0.11742146537647379
909,602,1511,0.11744662338844752
909,599,1508,0.11743540185449036
916,598,1514,0.11742503115757234
905,598,1503,0.11739926248358698
905,590,1495,0.11740224063467206
903,603,1506,0.11740516450948192
905,599,1504,0.11741253142521887
910,601,1511,0.11741500468564123
916,604,1520,0.11740653152081469
904,602,1506,0.11738466122118815
905,605,1510,0.11739461400873319
899,604,1503,0.11740217822021515
891,604,1495,0.11742349964371006
884,603,1487,0.11746248393863748
893,610,1503,0.11751481143085814
892,612,1504,0.11754226584031631
890,617,1507,0.11757059570348755
886,617,1503,0.11760150775977862
887,608,1495,0.11764020415035806
876,612,1488,0.11767335587004926
878,615,1493,0.11773079527470032
878,613,1491,0.11777903232938719
895,609,1504,0.11782285596728155
894,613,1507,0.11782192085989973
899,623,1522,0.11782402965770819
899,617,1516,0.11781420706104598
879,610,1489,0.11780549671593395
872,623,1495,0.11784669615331972
872,623,1495,0.11789980576709055
863,621,1484,0.11794968486561269
865,621,1486,0.11801784852927028
857,633,1490,0.11807638054319729
857,629,1486,0.11815005597970085
860,632,1492,0.11821813664505551
851,639,1490,0.1182749560587666
853,638,1491,0.1183492276850568
848,641,1489,0.1184124785549264
849,641,1490,0.118482931315743
854,639,1493,0.1185459700952048
847,640,1487,0.11859187370794831
857,643,1500,0.11865231798936068
864,650,1514,0.11868352642528392
863,641,1504,0.11869496583161805
855,654,1509,0.11870817104384436
841,652,1493,0.11874007430657314
840,655,1495,0.11880244109938268
843,658,1501,0.11886367723946542
844,650,1494,0.1189129340114918
841,651,1492,0.1189560039228585
837,649,1486,0.11900360688075541
840,654,1494,0.11905796706219288
842,658,1500,0.11909959996328016
837,659,1496,0.1191331162849044
836,667,1503,0.11917649415507987
837,666,1503,0.1192194237396215
832,661,1493,0.11925766828962299
824,672,1496,0.1193054789577468
833,668,1501,0.11937041632661398
848,670,1518,0.11940819720554564
842,668,1510,0.11940635193321754
843,673,1516,0.11941974603494879
842,673,1515,0.11943090192971016
838,676,1514,0.11944463625150702
835,674,1509,0.11946655472288377
834,680,1514,0.11949386649212662
825,685,1510,0.1195221376528355
826,686,1512,0.11957066028584147
821,689,1510,0.11961408455689454
823,689,1512,0.11966702439026167
820,689,1509,0.11971151882128364
820,677,1497,0.11976027632425655
829,681,1510,0.11980466048527572
816,683,1499,0.11982342285045547
813,675,1488,0.1198734351312295
802,672,1474,0.11992585923385875
804,670,1474,0.12000177384321574
812,673,1485,0.12006739435710308
812,674,1486,0.12010726382285576
804,682,1486,0.12014399468382049
802,673,1475,0.12019810815441953
804,681,1485,0.12025336988686924
811,687,1498,0.12029950789561973
816,689,1505,0.12032525643150908
810,695,1505,0.12033577723795656
807,696,1503,0.12036042955565567
800,699,1499,0.12038997865354262
803,698,1501,0.1204341854680008
806,709,1515,0.12046764398271574
795,708,1503,0.12049184841667199
794,713,1507,0.12054115885129915
794,714,1508,0.12058862610386514
784,723,1507,0.12063367846153064
785,716,1501,0.12069968332157022
778,711,1489,0.12075857913680277
791,711,1502,0.12082981514057184
772,716,1488,0.1208630343208887
772,711,1483,0.12094154568249678
775,717,1492,0.1210147996528886
780,724,1504,0.12107497890558169
796,726,1522,0.12111927563808195
793,728,1521,0.12112116712261688
793,731,1524,0.12113119069969568
788,735,1523,0.12114182857353029
785,736,1521,0.12116354559399867
788,728,1516,0.12119142003385824
779,728,1507,0.12120883179973785
771,726,1497,0.12124782472923844
772,733,1505,0.12130409071328357
778,734,1512,0.12135380636832166
776,735,1511,0.12138467087088739
767,734,1501,0.12141773300855592
767,735,1502,0.12147045551082691
764,737,1501,0.12151902521624919
766,744,1510,0.12157183769706485
758,738,1496,0.12161598333685696
750,749,1499,0.12167612722661897
753,756,1509,0.1217507849605683
758,745,1503,0.12181280264001092
764,737,1501,0.12185691645229285
767,739,1506,0.12188250779319092
769,746,1515,0.12189835142932626
764,740,1504,0.1219081766761089
767,751,1518,0.1219288311372814
774,748,1522,0.12194045582684808
776,741,1517,0.12193446400827788
778,739,1517,0.1219241645958148
774,738,1512,0.12190928513763861
777,740,1517,0.12190541982652928
777,739,1516,0.12189373660948075
774,736,1510,0.12188303527083728
759,738,1497,0.12188098755300579
764,742,1506,0.12191730536334623
767,733,1500,0.12193873438150366
760,732,1492,0.12195125960238799
767,738,1505,0.1219793835180651
767,738,1505,0.12198778588715527
762,737,1499,0.12199542267660196
776,736,1512,0.1220140105374895
777,738,1515,0.12199695615509469
776,731,1507,0.12197849201383802
766,729,1495,0.12196429800659749
771,739,1510,0.12197603295472603
768,734,1502,0.12197487480471579
772,747,1519,0.12198086751936288
773,742,1515,0.12197619894878796
773,735,1508,0.1219697613242477
776,741,1517,0.12196326510829411
774,735,1509,0.12195009025048802
772,740,1512,0.1219424134484478
774,742,1516,0.12194040033838384
768,740,1508,0.12193458916200757
764,731,1495,0.12194481345026528
766,744,1510,0.12196471027002286
772,744,1516,0.12197797919452125
756,742,1498,0.12197538073786074
753,742,1495,0.12201331240188379
766,740,1506,0.12205507148038779
764,736,1500,0.12206048291416435
754,734,1488,0.12207088912733159
749,740,1489,0.12210541238741872
751,744,1495,0.12215031815974729
753,744,1497,0.12218665512473084
754,748,1502,0.12221504679270404
758,749,1507,0.12223861039300958
753,747,1500,0.12225103962475475
758,749,1507,0.1222742386460579
765,753,1518,0.1222825958182144
766,754,1520,0.12227278917128544
760,750,1510,0.12226139065019445
761,750,1511,0.12226626901057217
747,751,1498,0.1222687042327773
743,755,1498,0.12230612636847667
733,760,1493,0.12235098630516639
732,765,1497,0.12241718218003378
725,758,1483,0.12248073266534958
731,760,1491,0.1225570142191042
733,765,1498,0.12261217594789238
726,761,1487,0.12265846434420932
725,760,1485,0.12271916997315092
725,767,1492,0.12277838568370861
732,765,1497,0.12283363828329084
731,762,1493,0.12286760676375282
725,763,1488,0.12290232161090685
717,777,1494,0.12295008444037821
723,782,1505,0.1230142742226406
721,787,1508,0.12305828146819446
706,802,1508,0.12310467132418712
706,803,1509,0.1231857157372166
711,797,1508,0.1232600766163283
708,802,1510,0.12331726954371357
691,814,1505,0.12337891306562793
679,821,1500,0.12347827185534857
682,824,1506,0.12360132863996885
684,817,1501,0.12370660212977996
678,818,1496,0.12379962021381569
682,824,1506,0.12390014576718567
675,827,1502,0.12398301557299046
668,833,1501,0.12407829057404186
673,836,1509,0.12418399024027124
671,838,1509,0.12426834305575583
674,839,1513,0.12435066158789145
676,850,1526,0.12442021831579518
674,841,1515,0.12448042795131728
669,850,1519,0.12454192175333866
666,842,1508,0.12461135331559219
669,841,1510,0.1246834904631713
665,842,1507,0.12474239229829358
666,833,1499,0.12480650067148297
663,833,1496,0.12486340964149585
662,833,1495,0.12492340730748078
657,823,1480,0.12498204813600085
659,842,1501,0.1250492883028019
663,847,1510,0.1251073189839471
656,848,1504,0.12515074048920574
649,846,1495,0.12520887886150942
647,845,1492,0.12528088504145732
650,847,1497,0.1253525788702901
648,856,1504,0.12541120876712253
656,857,1513,0.12547107400729554
660,855,1515,0.12550556059569967
659,858,1517,0.12552784522996818
655,865,1520,0.1255513757538015
659,867,1526,0.12558366590484318
657,871,1528,0.12560420313859344
656,866,1522,0.12562793647870232
656,868,1524,0.1256537550108064
647,869,1516,0.1256782390917358
643,867,1510,0.1257227626882307
647,862,1509,0.1257742944777756
636,865,1501,0.12581275115941856
634,869,1503,0.12587721396192805
628,870,1498,0.12594170685697084
620,867,1487,0.12601684734763055
617,862,1479,0.12610596742243452
623,872,1495,0.1261963436875904
628,874,1502,0.12626420657633589
635,870,1505,0.12631475640746648
636,864,1500,0.12634349493819794
636,873,1509,0.12636772200524896
634,867,1501,0.12638988350910096
636,866,1502,0.12641633154776896
633,876,1509,0.12643654943957228
639,881,1520,0.12646310552315113
640,874,1514,0.1264729751031026
635,874,1509,0.12647863938397427
635,868,1503,0.1264967225981373
633,874,1507,0.12651371890971874
643,873,1516,0.12653431447418093
638,880,1518,0.1265277874808782
634,869,1503,0.1265353881032882
635,857,1492,0.1265529895151244
633,861,1494,0.1265673310765652
627,865,1492,0.12658621929427658
633,858,1491,0.12661943962181949
630,855,1485,0.12663387222337852
632,867,1499,0.12665526649429368
632,869,1501,0.12667112989092558
626,881,1507,0.12668586383697888
622,884,1506,0.1267139733801095
628,886,1514,0.12675060976214192
633,885,1518,0.1267702733256979
638,878,1516,0.1267755189505536
625,889,1514,0.12676914437320952
628,883,1511,0.1267967462907608
627,885,1512,0.12681452013951877
625,882,1507,0.12683440749374408
629,885,1514,0.12685825395695058
621,884,1505,0.12687028966402297
617,889,1506,0.12690318428274014
608,891,1499,0.12694350135746255
610,892,1502,0.12700329383316591
610,890,1500,0.12705405818840584
607,878,1485,0.12710031654040968
611,891,1502,0.12714988080649295
612,893,1505,0.1271858932798016
607,883,1490,0.12721738834394827
610,883,1493,0.12725975928040104
612,881,1493,0.12729067514982279
609,892,1501,0.12731395161085712
613,891,1504,0.12734365456840835
608,900,1508,0.12736105267502906
598,895,1493,0.12738978524734332
602,900,1502,0.12744261884346095
597,910,1507,0.12748145766305824
599,911,1510,0.12753091043992504
604,899,1503,0.12757114106975578
603,906,1509,0.12759687113128115
591,914,1505,0.12762301600474665
588,912,1500,0.1276796883647244
584,901,1485,0.1277409948031422
581,921,1502,0.12780859733407668
587,933,1520,0.12787898768388184
579,930,1509,0.12792929375135037
570,932,1502,0.1279969767391343
575,940,1515,0.12808263432024744
575,941,1516,0.128149230112307
571,923,1494,0.12821098823756344
564,935,1499,0.1282783815793436
562,929,1491,0.12835935531289852
559,947,1506,0.1284398377846368
558,955,1513,0.12852279507410347
546,947,1493,0.12860272148951393
540,951,1491,0.12870817314229258
539,952,1491,0.12882201727346312
537,946,1483,0.12892935248483464
537,947,1484,0.129034464333996
537,960,1497,0.12913216717173046
537,966,1503,0.12922266009190772
529,980,1509,0.12930654037043668
534,969,1503,0.12940506603322535
531,966,1497,0.12948355611158419
540,961,1501,0.1295635759217075
547,969,1516,0.12961437821486269
539,975,1514,0.12964456499729093
535,984,1519,0.1296945461373524
536,975,1511,0.12975055787418893
548,968,1516,0.12980067212595117
541,955,1496,0.12981575172617782
539,958,1497,0.12984789518122866
530,974,1504,0.1298825866626389
529,979,1508,0.12993869548288747
526,985,1511,0.12999377331278958
527,987,1514,0.13005314327142659
526,985,1511,0.13010578342151058
526,982,1508,0.13015824863436184
525,978,1503,0.1302064891858147
522,984,1506,0.1302534472390349
521,995,1516,0.13030483571156332
521,987,1508,0.13035474961016938
523,987,1510,0.13040022391581713
523,993,1516,0.13043617945139538
517,999,1516,0.13046922999397764
520,995,1515,0.13051520085576462
520,989,1509,0.13055042588018367
514,996,1510,0.1305830537740792
517,1017,1534,0.1306289912137578
515,1012,1527,0.13066408594751422
510,1007,1517,0.130701681625838
503,1014,1517,0.1307500812866766
503,1012,1515,0.1308142756662926
509,1009,1518,0.13087369275953292
508,1016,1524,0.13091330779707658
506,1002,1508,0.13095375241639767
503,1008,1511,0.13099641743906218
497,1009,1506,0.1310452404493484
496,1027,1523,0.1311059754511646
491,1032,1523,0.1311645476585215
486,1029,1515,0.13123310117577516
479,1037,1516,0.13131076603973293
484,1031,1515,0.13140041408311123
484,1027,1511,0.13147017316317683
480,1032,1512,0.13153512163675185
475,1034,1509,0.1316059757909206
486,1037,1523,0.1316844571671433
476,1038,1514,0.13172753655957256
486,1047,1533,0.1317939399020307
484,1035,1519,0.13182959938131927
480,1035,1515,0.13186806195891052
483,1029,1512,0.13191466751959768
483,1037,1520,0.13195025734553747
475,1046,1521,0.13198340415992796
474,1036,1510,0.1320350710686421
485,1024,1509,0.13208581310304132
486,1016,1502,0.1321037719827058
490,1024,1514,0.13211735221475318
495,1033,1528,0.13211972714320572
494,1028,1522,0.13210867109319666
485,1020,1505,0.13210198854112842
481,1026,1507,0.1321191714440612
484,1028,1512,0.13214649632133987
488,1036,1524,0.13216381050639364
481,1034,1515,0.13216923594282887
475,1040,1515,0.13219308663286006
474,1042,1516,0.13223121475840258
476,1043,1519,0.13226946925352348
469,1041,1510,0.13229968163948397
465,1048,1513,0.13234590993265466
473,1045,1518,0.13239949928667824
479,1038,1517,0.1324276443423378
478,1022,1500,0.132438039599124
480,1019,1499,0.13245034238722797
475,1031,1506,0.13245681022797826
473,1036,1509,0.13247610788604633
474,1038,1512,0.13250045216603207
476,1032,1508,0.13252004171110218
475,1026,1501,0.13253270553019664
477,1031,1508,0.13254738348274653
482,1027,1509,0.1325549714505165
483,1029,1512,0.13254830408153967
473,1026,1499,0.13253850042690585
470,1037,1507,0.13255625005298505
477,1042,1519,0.1325807359682633
474,1044,1518,0.1325845596000773
462,1045,1507,0.13259681794101374
460,1049,1509,0.1326406521917735
451,1051,1502,0.13268661327972078
452,1050,1502,0.13275320988770606
457,1047,1504,0.13281182138713915
457,1051,1508,0.1328525755299842
454,1060,1514,0.13289055948115652
443,1075,1518,0.13293340352652133
441,1078,1519,0.1330026717864684
438,1080,1518,0.13307224133305026
436,1073,1509,0.13314475864747477
428,1074,1502,0.13321833053087748
427,1064,1491,0.1333079066674141
425,1058,1483,0.1333943012764834
434,1065,1499,0.13347897876679915
432,1071,1503,0.133533314525059
427,1078,1505,0.13358942089514675
431,1095,1526,0.13365545840656154
429,1089,1518,0.13370620964629715
433,1086,1519,0.13375832961649445
432,1094,1526,0.1337954508044892
428,1093,1521,0.1338333041047608
431,1099,1530,0.1338789395767804
435,1092,1527,0.1339127939833788
429,1091,1520,0.13393289525358196
429,1097,1526,0.133967258029523
434,1095,1529,0.1339988744006605
432,1086,1518,0.13401420870513175
435,1085,1520,0.1340341521454319
430,1074,1504,0.1340447575488623
439,1074,1513,0.13406860176891264
437,1074,1511,0.134066228563608
442,1063,1505,0.13406933559904963
436,1073,1509,0.13405798786715706
436,1058,1494,0.13406338652358335
443,1059,1502,0.13406841271318182
443,1059,1502,0.13405466950005476
447,1072,1519,0.13404156228202482
446,1088,1534,0.1340185382798201
438,1069,1507,0.1340007589462276
443,1079,1522,0.13400714105106437
441,1073,1514,0.13399946542461177
450,1061,1511,0.13399714374121763
445,1053,1498,0.133970486573772
450,1049,1499,0.13395887986310012
449,1057,1506,0.13393457408777085
448,1057,1505,0.13391432140334414
442,1065,1507,0.13389854183816258
445,1072,1517,0.13390048603457977
445,1061,1506,0.13389415703488944
449,1059,1508,0.13388861905610977
444,1072,1516,0.13387229515651491
444,1066,1510,0.13387121779223793
441,1068,1509,0.1338708940170182
437,1063,1500,0.1338788543668243
436,1064,1500,0.1338974727430285
434,1073,1507,0.13391746271501825
435,1090,1525,0.13394197179246714
435,1088,1523,0.13396201061819069
437,1075,1512,0.13398092278079768
434,1076,1510,0.133993432325017
441,1079,1520,0.1340133267419855
437,1077,1514,0.13401214288470645
424,1083,1507,0.13402238874826022
424,1086,1510,0.13406725840956935
418,1098,1516,0.13410899757718894
415,1101,1516,0.1341643567148941
414,1095,1509,0.13422400997376865
413,1099,1512,0.13428201773019782
412,1093,1505,0.13433934228377822
406,1101,1507,0.13439621266468976
411,1094,1505,0.13446481767742666
413,1097,1510,0.13451469139814226
414,1098,1512,0.13455553278330978
404,1096,1500,0.13459056516793322
409,1098,1507,0.13465117359598844
408,1099,1507,0.13469372143059538
412,1092,1504,0.134736394267747
411,1090,1501,0.13476525014726007
407,1102,1509,0.1347954696349665
402,1095,1497,0.13483479481324168
408,1108,1516,0.13488550457584692
415,1109,1524,0.13491710392985604
416,1119,1535,0.13492738967208984
410,1112,1522,0.13493438267282812
408,1113,1521,0.13495752292450966
408,1104,1512,0.1349845563579427
412,1104,1516,0.13500924655231825
406,1105,1511,0.13502185585011442
399,1107,1506,0.13505000326671804
404,1104,1508,0.13509585996733248
400,1102,1502,0.13512475322998319
401,1109,1510,0.13516303900417376
397,1104,1501,0.1351963496244563
393,1107,1500,0.1352377374607439
397,1113,1510,0.1352871755693341
395,1099,1494,0.1353221676589299
398,1109,1507,0.13536044370138778
396,1117,1513,0.13538748736118006
393,1114,1507,0.13541857921432882
394,1123,1517,0.13545590424322607
395,1111,1506,0.13548839750265568
398,1107,1505,0.13551630885332858
388,1110,1498,0.13553362209045028
392,1115,1507,0.1355769343271821
390,1120,1510,0.13560618744039257
390,1117,1507,0.13563872837503774
390,1125,1515,0.13566936582292288
395,1112,1507,0.1356989164231421
397,1114,1511,0.13571311499554592
396,1108,1504,0.13572054602358674
395,1113,1508,0.13573036963816965
389,1116,1505,0.13574215102254833
392,1120,1512,0.1357702769289174
393,1130,1523,0.13578885865090057
390,1127,1517,0.13580386238358608
382,1128,1510,0.13582563130220782
382,1126,1508,0.13586721468710788
383,1118,1501,0.13590642886198365
381,1114,1495,0.13594071343634187
379,1132,1511,0.1359786584067991
375,1130,1505,0.136018696236835
380,1145,1525,0.13606672133478537
382,1144,1526,0.1360971820936335
377,1138,1515,0.13611980863988887
375,1131,1506,0.13615495318482995
369,1143,1512,0.13619386111915632
364,1158,1522,0.13624649851233703
360,1157,1517,0.13630908815778542
355,1165,1520,0.13637881878746383
353,1173,1526,0.1364574065229185
349,1172,1521,0.13653629095824382
349,1179,1528,0.13662104999666455
348,1164,1512,0.13669987846769882
345,1147,1492,0.13677624915661393
342,1162,1504,0.13685640093515786
344,1170,1514,0.136939927541541
346,1178,1524,0.1370125500290214
349,1173,1522,0.13707473185045965
350,1177,1527,0.13712432576291766
346,1173,1519,0.13716825624484044
346,1169,1515,0.137220939081235
341,1174,1515,0.13726999040432386
344,1178,1522,0.13732901505966988
350,1174,1524,0.1373753676988607
344,1169,1513,0.13740144317888736
344,1168,1512,0.13744214572456204
343,1161,1504,0.13748019737418538
342,1163,1505,0.1375188822562519
344,1163,1507,0.13755664520136449
337,1164,1501,0.13758627800134518
337,1169,1506,0.13763310869008777
341,1173,1514,0.13767733249609368
348,1171,1519,0.1377072383168629
342,1172,1514,0.13771658731777842
339,1170,1509,0.1377422937098193
337,1176,1513,0.13777390731865444
334,1176,1510,0.1378089394341728
334,1178,1512,0.13785048682660775
337,1179,1516,0.13788927531158626
333,1172,1505,0.13791751080664863
334,1164,1498,0.13795485014595005
328,1173,1501,0.13798665882477756
326,1183,1509,0.1380336346977559
330,1185,1515,0.13808365252731045
322,1178,1500,0.13811840273327625
319,1184,1503,0.1381736322585324
315,1191,1506,0.13823351800774078
320,1174,1494,0.13830057026115403
314,1181,1495,0.13834919304251536
306,1184,1490,0.1384113638070477
303,1183,1486,0.13849095364875025
302,1187,1489,0.13857410493667974
304,1183,1487,0.13865386876979477
304,1200,1504,0.13872305256498463
307,1208,1515,0.13878730793233637
311,1193,1504,0.1388382637174934
309,1196,1505,0.1388746352711359
307,1202,1509,0.13891465924483135
301,1217,1518,0.13895803453586095
298,1217,1515,0.13901562431059158
300,1213,1513,0.13907795060661
301,1221,1522,0.13912995796011376
292,1225,1517,0.13917590976143265
287,1229,1516,0.13924424968224183
288,1233,1521,0.1393218626473221
293,1229,1522,0.13939084409060257
291,1229,1520,0.13944121330958079
285,1218,1503,0.13949306333801434
288,1212,1500,0.13955843811962773
284,1225,1509,0.13961004411166272
281,1233,1514,0.13967028992652072
285,1230,1515,0.13973525378202398
274,1241,1515,0.13978476211820692
273,1237,1510,0.1398622900746567
273,1250,1523,0.13993785060339842
269,1252,1521,0.1400088945407697
270,1253,1523,0.1400866895430289
265,1241,1506,0.1401563975910005
265,1242,1507,0.14023572954190766
268,1243,1511,0.14031020189150645
266,1252,1518,0.14037125889355
259,1252,1511,0.1404341156920114
263,1262,1525,0.14051209620189986
267,1265,1532,0.1405736689813769
269,1260,1529,0.14062002656903919
265,1258,1523,0.14065756885468925
259,1266,1525,0.1407041876362578
256,1258,1514,0.14076547211004176
252,1260,1512,0.14083101683473395
253,1256,1509,0.14090357503914328
253,1256,1509,0.14096815596801313
253,1262,1515,0.1410282598050147
256,1250,1506,0.14108387232181932
256,1259,1515,0.1411273809293766
250,1259,1509,0.14116728168218767
252,1260,1512,0.14122157312337114
254,1256,1510,0.14126681503119923
253,1251,1504,0.14130319449837156
253,1264,1517,0.14134016369961566
252,1261,1513,0.14137473348033963
251,1271,1522,0.1414093341158141
255,1260,1515,0.14144481555282581
254,1243,1497,0.14146674594536365
246,1251,1497,0.1414903705037095
244,1267,1511,0.14153573209979556
239,1268,1507,0.14158382789979868
235,1275,1510,0.14164331664349963
235,1281,1516,0.14171050490328507
237,1276,1513,0.14177278031050858
234,1279,1513,0.14182430570438215
233,1277,1510,0.14188149669147276
235,1278,1513,0.14193824380775105
240,1269,1509,0.14198544030646107
235,1274,1509,0.14201529205599608
239,1269,1508,0.1420576980287986
239,1272,1511,0.14208579058517354
234,1272,1506,0.14211240279862403
234,1259,1493,0.14215162456999694
236,1258,1494,0.14218786141719586
235,1259,1494,0.14221599549628489
229,1277,1506,0.14224493234145694
230,1290,1520,0.1422887974561819
229,1290,1519,0.14232682312740946
223,1283,1506,0.14236546331142114
226,1274,1500,0.1424186538443062
225,1294,1519,0.14245923533514657
225,1278,1503,0.14250015747795292
229,1271,1500,0.1425383488955567
225,1275,1500,0.14256255114081637
229,1297,1526,0.14259684247620769
226,1303,1529,0.14261707136867957
226,1304,1530,0.1426445230196977
225,1296,1521,0.1426709088961322
229,1301,1530,0.1426985954906654
227,1295,1522,0.142712608649308
228,1301,1529,0.14273151848795362
227,1302,1529,0.14274624768662952
230,1293,1523,0.14276278381731713
224,1288,1512,0.14276930062536483
229,1289,1518,0.1427935897855811
231,1284,1515,0.14280144174326156
230,1279,1509,0.14280308439562397
234,1288,1522,0.14280775781581423
236,1290,1526,0.14280039075160053
235,1281,1516,0.1427875482124418
235,1279,1514,0.14277827405009172
231,1272,1503,0.1427696164495748
227,1267,1494,0.14277335858401607
233,1282,1515,0.14278818973369728
236,1276,1512,0.14278399573584177
238,1278,1516,0.1427710059479281
234,1287,1521,0.14275326884936268
229,1290,1519,0.1427486144164675
230,1284,1514,0.14275879287988905
233,1286,1519,0.14276552256517241
233,1284,1517,0.1427630204415812
232,1273,1505,0.14276077475797588
231,1268,1499,0.1427616684100203
230,1275,1505,0.1427657322813135
225,1268,1493,0.14277209740290792
231,1271,1502,0.14279299455376912
232,1281,1513,0.1427943373333636
226,1281,1507,0.14279214172872107
232,1289,1521,0.14280772342151352
231,1290,1521,0.14280469108999994
240,1291,1531,0.14280455202733755
238,1296,1534,0.14277823866249545
238,1286,1524,0.14275981094401588
232,1279,1511,0.14274260310371517
232,1274,1506,0.14274448981480847
232,1271,1503,0.14274604729008125
229,1275,1504,0.14274754447855617
228,1275,1503,0.14275725834100286
233,1283,1516,0.14276901975761713
236,1275,1511,0.14276542523944857
233,1280,1513,0.14275342073845806
234,1285,1519,0.14275113764371283
232,1282,1514,0.14274601364267717
231,1301,1532,0.14274693534441474
231,1306,1537,0.1427505638229405
226,1295,1521,0.1427540824602671
226,1288,1514,0.1427719272245658
225,1302,1527,0.1427884887457555
227,1301,1528,0.1428063406188508
229,1293,1522,0.14281703496913503
229,1294,1523,0.14282082143401872
229,1295,1524,0.1428244127660971
230,1307,1537,0.14282794869073226
231,1302,1533,0.1428285242193272
226,1305,1531,0.1428261784460592
228,1301,1529,0.1428387201542829
224,1298,1522,0.14284476875323382
218,1296,1514,0.14286214351804372
221,1294,1515,0.142896437166496
214,1296,1510,0.14291952695855478
212,1295,1507,0.14296194554449093
216,1301,1517,0.14300732487754556
223,1314,1537,0.14303802226124063
220,1314,1534,0.14304632732033287
216,1314,1530,0.14306299331915603
219,1315,1534,0.1430907776451587
215,1315,1530,0.14310761143347822
220,1309,1529,0.14313469722448446
216,1306,1522,0.14314513378597188
214,1318,1532,0.14316681521065353
220,1313,1533,0.14319282717030812
217,1305,1522,0.1431993455484603
213,1311,1524,0.14321463554481748
213,1305,1518,0.14324053532557815
213,1301,1514,0.14326493593619383
208,1318,1526,0.14328801396740615
203,1330,1533,0.14332411738893497
198,1319,1517,0.14337259374948105
202,1310,1512,0.14343304435222493
198,1304,1502,0.1434779249033605
202,1314,1516,0.14353175195829465
195,1308,1503,0.14357019992753714
188,1310,1498,0.14362684722767421
192,1313,1505,0.14370057192906086
190,1315,1505,0.14375725229985423
190,1304,1494,0.14381628039319402
187,1302,1489,0.14387145408959248
182,1313,1495,0.14393156559669631
185,1319,1504,0.14400260081282637
182,1333,1515,0.1440597879712101
182,1343,1525,0.14412230514264768
178,1339,1517,0.14418069707686848
180,1337,1517,0.1442472401863592
179,1324,1503,0.14430357862241605
181,1331,1512,0.1443590854167246
187,1346,1533,0.14440493778134644
190,1349,1539,0.14442971574348942
188,1345,1533,0.1444442463826801
185,1349,1534,0.1444638612465372
182,1338,1520,0.14449112891599777
175,1331,1506,0.14452514289271665
177,1325,1502,0.14457776616336643
175,1339,1514,0.14462154589465165
179,1342,1521,0.14466844476953994
182,1331,1513,0.14470044444597996
180,1330,1510,0.14472150189500665
177,1331,1508,0.144746994751594
175,1339,1514,0.14477969279125852
172,1342,1514,0.14481625070915405
167,1352,1519,0.14485919647199147
170,1353,1523,0.14491432265018675
170,1344,1514,0.14495671677519215
169,1352,1521,0.1449963876796566
167,1348,1515,0.14503637526307467
167,1361,1528,0.14507992371789938
165,1364,1529,0.14512061392887654
163,1366,1529,0.14516469780919297
162,1354,1516,0.1452121318918996
164,1351,1515,0.14525947669169678
164,1344,1508,0.14529781897417024
168,1351,1519,0.14533394103176886
171,1342,1513,0.14535587362382432
166,1348,1514,0.14536733194738605
166,1339,1505,0.1453934182239394
168,1344,1512,0.14541761643249895
172,1349,1521,0.14543420057512862
173,1322,1495,0.14543783018622375
173,1340,1513,0.1454383803858535
177,1347,1524,0.1454389676449725
179,1346,1525,0.1454272011803424
181,1359,1540,0.14541040646936598
179,1343,1522,0.14538929517910823
174,1337,1511,0.14537577307594096
172,1352,1524,0.14537799682547375
182,1342,1524,0.14538594967836665
182,1335,1517,0.1453632777351788
178,1332,1510,0.1453419964240637
180,1345,1525,0.14533419824653912
178,1340,1518,0.145320861791879
174,1339,1513,0.14531428099313579
177,1345,1522,0.14532007340414002
170,1349,1519,0.14531625482808028
172,1353,1525,0.1453335640502135
171,1353,1524,0.1453439341519111
168,1357,1525,0.1453567429359277
170,1340,1510,0.14537755261337193
172,1342,1514,0.14539086690893693
169,1348,1517,0.14539750054110326
168,1339,1507,0.14541276421395355
165,1355,1520,0.14543020242030671
165,1346,1511,0.14545543669808336
164,1339,1503,0.1454789525181889
159,1339,1498,0.14550391458870393
164,1346,1510,0.14554220837417245
164,1355,1519,0.14556277718300978
159,1352,1511,0.1455819467260314
157,1344,1501,0.1456150248177751
153,1358,1511,0.14565186663673532
152,1360,1512,0.14569848608109376
151,1372,1523,0.14574526650921396
147,1361,1508,0.14579208874211713
148,1383,1531,0.14584807412113887
142,1379,1521,0.14589759421668275
143,1358,1501,0.14596180513715284
146,1370,1516,0.14601865084738022
147,1363,1510,0.1460628792436056
143,1365,1508,0.14610124934381294
142,1371,1513,0.1461492433607664
140,1371,1511,0.1461971059517188
140,1368,1508,0.14624798790355162
143,1358,1501,0.14629583268498167
139,1357,1496,0.14633158402557112
139,1362,1501,0.14637733647408424
139,1375,1514,0.14642040634068693
137,1376,1513,0.14646073517146216
138,1371,1509,0.14650479619929382
137,1373,1510,0.14654302601475133
138,1377,1515,0.14658192989472377
141,1377,1518,0.14661546658606905
138,1376,1514,0.1466377643207018
132,1370,1502,0.1466678636806889
137,1362,1499,0.14671445262057387
137,1362,1499,0.14674250054966845
137,1365,1502,0.14676889823199304
135,1381,1516,0.14679354171025732
133,1374,1507,0.14682291134408512
135,1381,1516,0.14685664077514282
130,1365,1495,0.1468821126047909
128,1372,1500,0.146920932143344
127,1368,1495,0.14696335474277428
126,1376,1502,0.14700614451504682
127,1383,1510,0.14704897923004118
129,1385,1514,0.14708601912533809
128,1395,1523,0.1471146809274983
125,1391,1516,0.14714465237911797
121,1384,1505,0.1471817790331797
121,1377,1498,0.14722881300983368
123,1391,1514,0.14727273922439107
126,1389,1515,0.14730792113081329
125,1377,1502,0.14733184434273172
121,1389,1510,0.14735724024208316
121,1390,1511,0.1473930896397734
118,1393,1511,0.1474265966757801
119,1383,1502,0.14746705103455438
118,1392,1510,0.1475018521637196
121,1392,1513,0.14753744618187614
121,1393,1514,0.14756147977776946
118,1390,1508,0.14758412140276153
120,1394,1514,0.1476143273113983
120,1397,1517,0.14763642647627892
121,1388,1509,0.1476571637090662
124,1376,1500,0.1476736386125742
127,1374,1501,0.14767991322546548
129,1389,1518,0.14767635953528793
124,1395,1519,0.1476670342058662
125,1388,1513,0.14767372465525902
125,1400,1525,0.14767693572408178
122,1405,1527,0.14767983796770182
121,1397,1518,0.14769175432447793
121,1390,1511,0.14770574259181207
125,1399,1524,0.14771870431975903
121,1397,1518,0.14771838082345562
121,1390,1511,0.1477302924458429
119,1402,1521,0.14774122180057053
120,1404,1524,0.1477575500102998
118,1397,1515,0.14776973985559316
120,1399,1519,0.1477874469671918
121,1405,1526,0.1477979503468051
119,1399,1518,0.1478046990607788
126,1394,1520,0.14781738297287153
128,1393,1521,0.14780782730742298
126,1387,1513,0.14779275970896177
134,1388,1522,0.14778532530706376
136,1388,1524,0.14775382497581788
138,1384,1522,0.1477183780280778
139,1388,1527,0.14767935040296745
139,1382,1521,0.14763995556491577
136,1378,1514,0.1476033168818522
138,1385,1523,0.14757815048783202
134,1382,1516,0.1475487350498062
133,1395,1528,0.14753351489754887
132,1383,1515,0.14752211519424038
129,1386,1515,0.1475145491563942
131,1398,1529,0.1475165189880624
129,1373,1502,0.14751222790518181
126,1383,1509,0.14751415414682204
128,1388,1516,0.14752526671981822
127,1390,1517,0.1475295744003875
127,1390,1517,0.1475368646553439
128,1390,1518,0.1475435138893887
128,1403,1531,0.14754648817152172
126,1402,1528,0.14754909616305095
123,1402,1525,0.14755760198587556
128,1396,1524,0.14757473749597771
126,1406,1532,0.14757545188427862
123,1402,1525,0.1475820717398806
120,1410,1530,0.14759738983808104
123,1411,1534,0.147620594846756
127,1404,1531,0.14763299476503092
126,1405,1531,0.14763220004626876
124,1398,1522,0.14763448398852688
119,1393,1512,0.14764271103240875
119,1393,1512,0.1476657179119591
125,1389,1514,0.14768704073686184
127,1395,1522,0.14768861400632924
124,1381,1505,0.1476839236746583
121,1387,1508,0.14768881069423473
122,1379,1501,0.14770262126175956
119,1368,1487,0.1477123017097061
114,1381,1495,0.14773066858443232
114,1385,1499,0.14776313488656498
114,1381,1495,0.14779340062224208
114,1380,1494,0.14782182573735722
112,1399,1511,0.14784845690384385
113,1392,1505,0.14787951117557288
112,1407,1519,0.1479056484928098
114,1410,1524,0.14793322919348698
116,1407,1523,0.14795286235319494
114,1407,1521,0.14796516243122287
115,1405,1520,0.14798296651524115
113,1399,1512,0.1479966055045319
109,1395,1504,0.14801544615903445
110,1376,1486,0.1480451971190397
110,1380,1490,0.14806989085243838
109,1388,1497,0.14809295283630783
113,1398,1511,0.14811785032328534
111,1395,1506,0.1481287796346683
109,1400,1509,0.14814546134007325
103,1403,1506,0.14816754957121003
105,1414,1519,0.1482068429581252
105,1419,1524,0.14823747397005052
105,1421,1526,0.14826637437221019
102,1427,1529,0.14829354774921416
99,1424,1523,0.1483283521717257
101,1425,1526,0.14837021780791285
99,1420,1519,0.1484031739708185
99,1419,1518,0.14844045460735103
97,1425,1522,0.14847543248157977
96,1416,1512,0.14851451682228275
99,1417,1516,0.1485539835405887
100,1418,1518,0.14858200646819486
101,1405,1506,0.14860532231080406
97,1414,1511,0.1486242375116149
101,1408,1509,0.14865448242636226
98,1423,1521,0.1486706868649571
96,1425,1521,0.14869550200882967
95,1422,1517,0.14872504603799153
95,1414,1509,0.14875580927559492
95,1423,1518,0.14878467737940734
93,1428,1521,0.1488118845524861
95,1429,1524,0.14884365379015801
95,1426,1521,0.14886739930603457
95,1437,1532,0.14888981459424705
94,1424,1518,0.14891086847131083
93,1432,1525,0.14893373136996696
93,1434,1527,0.1489582399650589
90,1427,1517,0.1489811597035462
88,1432,1520,0.14901195939783318
91,1431,1522,0.14904697084884608
93,1429,1522,0.1490705085639241
95,1411,1506,0.14908646049593302
96,1412,1508,0.1490953760429059
94,1412,1506,0.14910083668095614
96,1425,1521,0.14911234825845465
91,1425,1516,0.14911705233693875
94,1423,1517,0.1491370178952425
91,1430,1521,0.14914610330526482
93,1443,1536,0.14916380353603656
93,1433,1526,0.14917415626202613
94,1428,1522,0.14918384606388443
91,1431,1522,0.14918994370940836
89,1430,1519,0.14920484808909332
91,1430,1521,0.1492248272328652
90,1426,1516,0.14923691496668273
91,1428,1519,0.1492514312053232
90,1434,1524,0.14926199463661438
91,1424,1515,0.14927495980143024
92,1408,1500,0.14928403785889022
90,1416,1506,0.14928949588828277
89,1410,1499,0.14930074810328647
89,1419,1508,0.14931442469821285
87,1424,1511,0.1493273192799385
88,1428,1516,0.14934559511966777
85,1428,1513,0.14935967428983882
83,1452,1535,0.14938225068260727
84,1452,1536,0.1494095753987908
82,1429,1511,0.14943205250603106
84,1428,1512,0.14945912157773747
82,1431,1513,0.1494781567659995
81,1439,1520,0.14950222069072158
81,1449,1530,0.14952812610830135
80,1451,1531,0.14955247096273727
84,1450,1534,0.14957847309858077
85,1446,1531,0.14959024938873722
87,1431,1518,0.14959820478448183
87,1426,1513,0.14959934328007587
86,1426,1512,0.14960039855008989
87,1422,1509,0.14960454406932808
85,1418,1503,0.1496053634170723
86,1406,1492,0.14961237447639114
85,1401,1486,0.14961594624349275
91,1410,1501,0.14962237028958839
90,1421,1511,0.1496096289193668
91,1418,1509,0.14960072963714496
92,1424,1516,0.1495892715691099
92,1417,1509,0.14957552597963314
94,1428,1522,0.1495627829996113
91,1431,1522,0.14954468449487024
91,1439,1530,0.1495369982044254
86,1418,1504,0.1495298327298008
84,1431,1515,0.14953872373763166
83,1419,1502,0.1495534331561068
80,1430,1510,0.14957023045233525
80,1442,1522,0.14959530423684367
79,1438,1517,0.1496186953815958
82,1453,1535,0.14964360398666685
81,1447,1528,0.1496575880203653
81,1452,1533,0.14967380305949327
81,1440,1521,0.1496889872449487
79,1446,1525,0.14970331572576936
78,1435,1513,0.1497230651940276
82,1436,1518,0.14974467220803295
81,1452,1533,0.1497523082175323
83,1440,1523,0.1497624820285895
83,1436,1519,0.14976568378051072
83,1442,1525,0.14976858854412453
83,1444,1527,0.1497712474295021
82,1438,1520,0.14977379822816977
83,1435,1518,0.1497793469371357
79,1428,1507,0.14978162608441853
77,1425,1502,0.14979631128893658
81,1434,1515,0.14981646545337482
83,1427,1510,0.1498227884223616
78,1418,1496,0.1498226476695855
78,1416,1494,0.1498382333367643
82,1410,1492,0.14985280972125245
82,1416,1498,0.14985408193081506
78,1422,1500,0.14985528959164704
78,1421,1499,0.14986876152084616
75,1437,1512,0.1498815337528696
76,1441,1517,0.1499028895673457
75,1448,1523,0.14991964001424896
76,1446,1522,0.1499385995977918
75,1450,1525,0.14995328169224245
75,1448,1523,0.1499701877420045
72,1435,1507,0.14998614198888596
69,1444,1513,0.15001039540984148
70,1438,1508,0.1500424737074998
70,1449,1519,0.15006956889359488
71,1442,1513,0.15009493188602513
70,1440,1510,0.1501155974615189
75,1440,1515,0.15013816901992916
76,1445,1521,0.1501437430628874
77,1440,1517,0.15014604046127145
78,1429,1507,0.15014523347656322
78,1451,1529,0.15014133686162393
76,1446,1522,0.15013777584571777
75,1443,1518,0.15014066313957414
77,1448,1525,0.15014649384681308
72,1444,1516,0.150145781804732
70,1456,1526,0.1501606883453801
71,1447,1518,0.15018077202009297
74,1456,1530,0.1501964836732419
73,1446,1519,0.15020208128090126
72,1451,1523,0.15021050972232713
70,1443,1513,0.15022153878745365
68,1435,1503,0.15023801898549696
68,1439,1507,0.15025977529059972
71,1437,1508,0.15028027867785132
72,1443,1515,0.15029017758935578
73,1445,1518,0.15029657910787372
72,1442,1514,0.15029947632063187
71,1447,1518,0.150305044386921
69,1437,1506,0.15031356361758838
71,1439,1510,0.15032760400920814
69,1439,1508,0.1503344540679725
69,1429,1498,0.1503470863760198
70,1435,1505,0.15035894169753472
68,1445,1513,0.15036691476179187
68,1447,1515,0.15038052083894957
67,1442,1509,0.1503932641293669
69,1456,1525,0.15040843292349174
67,1445,1512,0.1504164483463841
66,1444,1510,0.1504303275672285
63,1451,1514,0.15044637826374413
63,1452,1515,0.15047092377798793
58,1448,1506,0.15049387152338572
61,1461,1522,0.15053093644970006
59,1457,1516,0.150556300233738
58,1468,1526,0.15058643032876717
58,1463,1521,0.15061783978854124
57,1455,1512,0.150647312823831
56,1468,1524,0.15067801448578172
57,1466,1523,0.15071010475925103
56,1455,1511,0.15073694199066984
55,1464,1519,0.15076530454175394
56,1473,1529,0.15079481593359778
56,1467,1523,0.15081949659614644
57,1470,1527,0.15084294507229
59,1470,1529,0.15086183892078808
57,1461,1518,0.15087323440475273
59,1458,1517,0.15089021825245605
58,1470,1528,0.15089991644115638
55,1476,1531,0.15091217253215455
53,1473,1526,0.1509332662879764
52,1467,1519,0.15095900258369388
51,1464,1515,0.15098609142754185
48,1474,1522,0.1510144685618898
49,1481,1530,0.15105051285905588
51,1477,1528,0.15108125196315775
50,1464,1514,0.1511037740435066
48,1471,1519,0.15112793737401237
48,1468,1516,0.15115701389783617
47,1476,1523,0.15118433518228225
46,1468,1514,0.15121307818780025
47,1466,1513,0.15124327352260136
48,1468,1516,0.15126828805052353
48,1468,1516,0.15128850235179006
47,1461,1508,0.15130747479280765
47,1451,1498,0.15132853620861655
46,1461,1507,0.15134827367388637
46,1480,1526,0.1513699398570989
47,1477,1524,0.1513902548343832
49,1468,1517,0.15140617911548188
49,1475,1524,0.15141492049414518
50,1469,1519,0.1514230963374644
51,1467,1518,0.15142762865406867
51,1471,1522,0.1514287911733262
50,1472,1522,0.15143001312358587
53,1467,1520,0.15143434796912797
56,1470,1526,0.15142905562772394
55,1466,1521,0.15141488858632962
55,1479,1534,0.15140486419185198
56,1468,1524,0.1513954566190125
57,1465,1522,0.15138343624749911
57,1464,1521,0.1513689559518487
57,1465,1522,0.15135547127683485
57,1464,1521,0.15134287239739078
55,1452,1507,0.15133109009621884
57,1442,1499,0.15132625256908383
57,1450,1507,0.15131540619835027
55,1453,1508,0.1513052577363626
56,1457,1513,0.15130202253367597
56,1439,1495,0.15129584974896937
54,1435,1489,0.15129006390949698
57,1452,1509,0.15129090467300624
60,1463,1523,0.1512823435782789
60,1470,1530,0.1512650723131635
60,1475,1535,0.15124900727493518
60,1475,1535,0.15123399592071965
58,1462,1520,0.15122001026678003
58,1470,1528,0.15121312626611583
58,1459,1517,0.15120661844630306
57,1466,1523,0.15120061359207257
54,1457,1511,0.15119813280554928
54,1434,1488,0.1512052579833839
52,1454,1506,0.1512118330556179
53,1459,1512,0.15122416671028988
53,1453,1506,0.15123272855334366
53,1456,1509,0.1512406435865093
51,1470,1521,0.1512479740064854
48,1464,1512,0.15126101057616936
50,1479,1529,0.15128252025320874
48,1481,1529,0.15129633573163473
48,1486,1534,0.1513154469969333
47,1484,1531,0.1513332600641643
45,1481,1526,0.15135322236380577
45,1480,1525,0.15137820849061598
45,1477,1522,0.15140160939811587
43,1485,1528,0.151423538190585
43,1479,1522,0.15145041779730525
42,1475,1517,0.15147563219573862
40,1474,1514,0.1515022911740714
40,1483,1523,0.15153369862866625
38,1483,1521,0.1515631932844027
37,1484,1521,0.15159711861674785
35,1473,1508,0.15163227290595305
36,1477,1513,0.15167152487283875
32,1480,1512,0.15170503875928443
33,1480,1513,0.15174918781548338
33,1483,1516,0.15178749875281491
34,1478,1512,0.15182348556335323
34,1488,1522,0.1518541429777785
32,1484,1516,0.15188294407266575
32,1480,1512,0.1519162899605728
33,1491,1524,0.1519475784691843
31,1503,1534,0.15197377502575704
32,1484,1516,0.15200470000491134
33,1493,1526,0.15203053729754082
31,1471,1502,0.15205159441646007
32,1482,1514,0.15207774355966372
32,1496,1528,0.15209915382360986
31,1498,1529,0.15211929854189937
29,1488,1517,0.15214154874584157
31,1495,1526,0.15216875779401837
31,1492,1523,0.15218792836810696
31,1502,1533,0.15220592564384197
30,1509,1539,0.1522228255719445
30,1501,1531,0.15224187557175473
29,1495,1524,0.15225976017981638
29,1491,1520,0.15227972840150092
29,1485,1514,0.15229845936220834
29,1472,1501,0.15231604404888052
28,1482,1510,0.1523325521697241
27,1485,1512,0.1523511900580839
27,1499,1526,0.15237188911403976
27,1500,1527,0.15239132439213462
27,1503,1530,0.1524095687945895
28,1485,1513,0.15242669558467245
28,1484,1512,0.15243957954949525
28,1480,1508,0.1524516959336809
27,1488,1515,0.15246308428633285
30,1498,1528,0.15247697331030052
29,1480,1509,0.15248044756860604
29,1479,1508,0.15248689674021856
27,1487,1514,0.152492921913595
27,1480,1507,0.15250499550132135
28,1476,1504,0.1525163093503039
27,1483,1510,0.15252375078670868
27,1482,1509,0.1525340099120264
28,1479,1507,0.15254381111140747
28,1472,1500,0.1525498116104702
27,1483,1510,0.1525554645878046
26,1471,1497,0.15256398417430966
24,1472,1496,0.15257523040439241
24,1464,1488,0.15259214886262232
24,1501,1525,0.1526080294013309
24,1500,1524,0.15262294302537627
24,1497,1521,0.1526369509486546
23,1493,1516,0.1526501092523738
23,1500,1523,0.15266565380504832
23,1484,1507,0.15268024615039288
24,1481,1505,0.1526939459896121
23,1506,1529,0.15270354493919538
22,1490,1512,0.1527157314637688
22,1496,1518,0.15273037353666477
22,1497,1519,0.15274411468990354
23,1493,1516,0.15275701381906887
23,1498,1521,0.15276594717769712
21,1490,1511,0.15277435096535724
20,1484,1504,0.1527886085279633
21,1473,1494,0.15280516867156174
21,1487,1508,0.15281751792122153
20,1503,1523,0.15282912124018228
21,1501,1522,0.1528431887773955
22,1500,1522,0.15285313029810604
23,1509,1532,0.15285924829530947
23,1500,1523,0.15286178837283246
23,1489,1512,0.1528641972553669
24,1487,1511,0.15286646841866958
23,1489,1512,0.15286539642135094
24,1492,1516,0.1528676534564931
24,1493,1517,0.152866534025643
25,1498,1523,0.15286552211169113
23,1494,1517,0.15286136714155332
23,1493,1516,0.15286402625859125
21,1486,1507,0.15286653741977027
21,1469,1490,0.15287528327445943
22,1481,1503,0.15288348862343215
23,1484,1507,0.1528879739925948
23,1492,1515,0.15288906451086937
24,1490,1514,0.15289012922156422
24,1484,1508,0.15288797212382085
24,1487,1511,0.1528859560410264
23,1507,1530,0.1528840855351822
24,1504,1528,0.15288554594663967
25,1496,1521,0.152883747116282
24,1502,1526,0.15287886280733726
23,1497,1520,0.1528775207597345
23,1497,1520,0.15287947183426404
24,1506,1530,0.15288130444519848
23,1510,1533,0.15287985962188352
23,1505,1528,0.15288169459976994
23,1508,1531,0.15288341738435032
23,1498,1521,0.15288503596749448
24,1498,1522,0.15288660587467232
25,1493,1518,0.1528849326529761
25,1494,1519,0.15288026150450718
25,1500,1525,0.15287592904561342
23,1495,1518,0.1528718940787188
23,1490,1513,0.152874513851141
22,1491,1513,0.1528769766370699
22,1508,1530,0.15288243639429486
21,1494,1515,0.15288754007487268
19,1492,1511,0.15289548800394603
20,1495,1515,0.15290925615288292
19,1500,1519,0.15291900357685134
19,1498,1517,0.15293135028652854
19,1485,1504,0.15294293312827378
19,1466,1485,0.15295380164377198
19,1483,1502,0.15296398772572506
19,1486,1505,0.15297355090829629
19,1507,1526,0.15298253213388954
19,1501,1520,0.15299096977924528
18,1490,1508,0.15299889422953628
18,1492,1510,0.15300951484038358
18,1483,1501,0.1530194794864114
18,1504,1522,0.15302883168825232
17,1502,1519,0.15303761146357406
16,1509,1525,0.15304904259384108
16,1506,1522,0.15306293329015092
16,1515,1531,0.15307595802481427
15,1509,1524,0.15308818001250407
14,1508,1522,0.15310282287798732
12,1507,1519,0.15311977888075437
12,1505,1517,0.15314208326760426
11,1513,1524,0.15316301706522098
13,1517,1530,0.15318588285103757
13,1514,1527,0.1532009313660676
12,1506,1518,0.15321509514412596
12,1496,1508,0.153231606217754
12,1490,1502,0.15324711159276955
13,1505,1518,0.15326167745113473
15,1518,1533,0.15327216434753432
14,1522,1536,0.15327562018055893
14,1523,1537,0.15328209941995408
13,1510,1523,0.15328819006090544
12,1499,1511,0.15329713994237518
13,1506,1519,0.1533087789856623
14,1514,1528,0.15331652588140926
14,1502,1516,0.15332058657000508
14,1497,1511,0.15332441787835097
14,1492,1506,0.15332802623754513
13,1478,1491,0.15333142302456487
12,1482,1494,0.15333783443470833
12,1488,1500,0.15334707036228518
11,1494,1505,0.1533557424350025
11,1501,1512,0.15336707625773838
11,1504,1515,0.1533777095814636
11,1504,1515,0.15338769270421745
12,1507,1519,0.15339706844643333
12,1505,1517,0.15340267176511058
12,1493,1505,0.15340795240441593
11,1503,1514,0.1534129205971279
10,1491,1501,0.15342083416347926
11,1497,1508,0.15343152224578332
10,1499,1509,0.15343831775929176
10,1507,1517,0.15344790465918368
10,1500,1510,0.15345690140867985
7,1507,1514,0.15346535053588503
7,1490,1497,0.15348288662952847
7,1503,1510,0.15349934103366206
8,1505,1513,0.1535147943013069
8,1499,1507,0.153526059542298
8,1502,1510,0.15353665410755987
8,1507,1515,0.15354661486164475
8,1521,1529,0.15355597906301444
8,1517,1525,0.15356478194548281
8,1522,1530,0.15357305684095401
8,1514,1522,0.15358083522426466
9,1511,1520,0.15358814676595306
9,1523,1532,0.15359179334619577
9,1519,1528,0.15359523620454404
9,1515,1524,0.1535984779867494
9,1511,1520,0.15360152829774903
9,1503,1512,0.1536043974934205
9,1502,1511,0.1536070957929453
9,1499,1508,0.15360963303328967
9,1501,1510,0.1536120185948001
9,1512,1521,0.15361426138160644
9,1516,1525,0.15361636982260113
9,1522,1531,0.15361835188194953
9,1523,1532,0.15362021507473403
10,1510,1520,0.15362196648545282
10,1507,1517,0.15362038967886776
9,1504,1513,0.15361892448403755
9,1502,1511,0.15362079557536326
9,1491,1500,0.15362255277491307
9,1492,1501,0.15362420381720368
9,1503,1512,0.1536257551973611
9,1509,1518,0.15362721315738345
10,1504,1514,0.1536285835414855
10,1505,1515,0.15362661882071538
10,1513,1523,0.15362475443187842
10,1513,1523,0.15362300967026146
10,1508,1518,0.1536213743508249
10,1507,1517,0.15361984103984969
10,1512,1522,0.1536184026152816
10,1500,1510,0.1536170525453568
11,1517,1528,0.15361578490677147
13,1502,1515,0.1536113695349965
12,1510,1522,0.15360076894780916
12,1519,1531,0.15359404571496132
12,1522,1534,0.15358772783467192
11,1506,1517,0.1535817939464739
11,1505,1516,0.1535794446944757
11,1505,1516,0.1535772295675448
10,1490,1500,0.15357514418237994
10,1514,1524,0.15357640310311357
10,1514,1524,0.15357757462966792
10,1515,1525,0.15357866900567008
10,1511,1521,0.15357969319563045
10,1524,1534,0.15358065265105444
10,1529,1539,0.15358155203328194
10,1511,1521,0.15358239548912814
10,1521,1531,0.15358318677652233
10,1508,1518,0.1535839293333628
11,1501,1512,0.15358462632272762
11,1509,1520,0.15358206416710363
11,1498,1509,0.1535796730630076
12,1499,1511,0.153577432143743
13,1500,1513,0.15357206094486714
12,1495,1507,0.1535637848979068
13,1507,1520,0.1535592491694558
12,1507,1519,0.1535517615602879
12,1504,1516,0.15354794229674407
11,1497,1508,0.15354434368308412
10,1497,1507,0.1535441797812337
10,1509,1519,0.1535472405222876
10,1512,1522,0.15355010524034812
10,1503,1513,0.15355279146116582
10,1511,1521,0.15355531249652984
9,1514,1523,0.1535576797036917
10,1511,1521,0.15356316084850047
11,1510,1521,0.15356507032084982
11,1501,1512,0.15356367447010286
12,1507,1519,0.15356240388234088
12,1515,1527,0.1535579996405436
12,1520,1532,0.15355387561512518
14,1521,1535,0.15355001693196188
13,1516,1529,0.15353997155164448
13,1511,1524,0.15353378726249153
13,1500,1513,0.15352798403451431
13,1500,1513,0.15352253850866368
11,1494,1505,0.15351742718123915
11,1499,1510,0.1535190455535368
11,1492,1503,0.15352054452160435
11,1513,1524,0.15352193061680783
13,1513,1526,0.15352322913492514
12,1501,1513,0.15351800669576832
12,1511,1523,0.1535163461176937
11,1513,1524,0.15351478744174396
11,1499,1510,0.15351655769974012
10,1511,1521,0.15351821911862523
9,1515,1524,0.15352299215662224
9,1506,1515,0.1535307036504459
9,1503,1512,0.15353794026958645
9,1509,1518,0.1535447345040487
9,1505,1514,0.15355111524084486
9,1508,1517,0.15355712290191012
9,1505,1514,0.15356277706881893
9,1510,1519,0.15356809507842578
9,1516,1525,0.15357309629770147
8,1499,1507,0.15357779925231035
7,1495,1502,0.1535854780520646
7,1506,1513,0.1535959188465993
7,1510,1517,0.15360572547809817
6,1512,1518,0.15361491343917855
7,1508,1515,0.15362676981674517
5,1501,1506,0.15363464152328063
5,1503,1508,0.1536485253687585
5,1502,1507,0.15366156319926516
6,1501,1507,0.15367381003090239
6,1509,1515,0.15368205506439123
6,1510,1516,0.1536898088288546
6,1510,1516,0.15369709686767352
5,1507,1512,0.15370394712030397
5,1504,1509,0.1537136200977185
5,1508,1513,0.15372270656517517
5,1521,1526,0.15373124429431662
5,1508,1513,0.15373926728755663
5,1519,1524,0.15374680724041653
4,1530,1534,0.15375389379178867
4,1520,1524,0.15376380893604566
3,1500,1503,0.15377312639646235
3,1507,1510,0.15378514922087694
3,1513,1516,0.15379645223435556
3,1516,1519,0.15380707864374746
3,1522,1525,0.1538170690409633
4,1521,1525,0.15382646158305666
4,1512,1516,0.15383204213158203
4,1520,1524,0.153837300583223
4,1516,1520,0.15384225078109717
4,1518,1522,0.15384690940057325
4,1542,1546,0.15385129256873525
4,1529,1533,0.1538554157821964
4,1523,1527,0.15385929388500577
4,1516,1520,0.1538629410369312
4,1511,1515,0.15386637069535442
4,1506,1510,0.15386959561417293
5,1514,1519,0.15387262785585715
5,1518,1523,0.1538722411957583
4,1516,1520,0.15387189470642137
4,1505,1509,0.15387480744172846
3,1514,1517,0.15387753950538266
3,1517,1520,0.1538833397761473
3,1523,1526,0.15388878344301107
3,1523,1526,0.15389389539268244
2,1522,1524,0.1538986968394796
2,1535,1537,0.1539064522674333
2,1532,1534,0.15391373591682522
3,1531,1534,0.15392057854462105
3,1503,1506,0.15392375406944725
3,1508,1511,0.15392674623035152
3,1511,1514,0.15392956145000267
2,1514,1516,0.15393220979785038
2,1524,1526,0.15393795203347765
2,1510,1512,0.15394334646572108
3,1502,1505,0.1539484148911262
3,1503,1506,0.15394992689604753
3,1516,1519,0.15395135766396
3,1513,1516,0.15395270596887795
3,1514,1517,0.15395397593720644
4,1509,1513,0.15395517183511412
4,1513,1517,0.15395305492626038
4,1522,1526,0.15395108030129304
4,1522,1526,0.153949231050292
4,1518,1522,0.15394749761164198
4,1519,1523,0.15394587179690256
3,1518,1521,0.15394434621505904
3,1523,1526,0.1539461478530929
3,1525,1528,0.15394783385442234
4,1525,1529,0.15394941526620293
4,1519,1523,0.15394765412351002
4,1515,1519,0.15394600871965775
4,1518,1522,0.15394446538994822
4,1520,1524,0.15394301680947256
5,1529,1534,0.15394165678576596
5,1518,1523,0.15393713710460508
5,1509,1514,0.15393290319128686
5,1502,1507,0.1539289299960727
5,1510,1515,0.15392519970595733
5,1510,1515,0.1539216965991738
5,1501,1506,0.15391840624575
5,1505,1510,0.15391531526493568
5,1504,1509,0.15391241120906088
5,1503,1508,0.15390968247960818
5,1521,1526,0.15390711825589012
5,1522,1527,0.15390470843208526
4,1530,1534,0.1539024435611567
4,1528,1532,0.15390355054683638
4,1530,1534,0.15390458307184626
4,1511,1515,0.15390554838142514
5,1513,1518,0.15390645181763854
5,1508,1513,0.1539040537767228
5,1513,1518,0.15390180952278829
5,1521,1526,0.15389970373288445
5,1505,1510,0.15389772669009996
5,1515,1520,0.15389587006557007
5,1517,1522,0.15389412625904478
5,1515,1520,0.1538924882161882
5,1517,1522,0.1538909493591714
5,1519,1524,0.1538895035456474
5,1517,1522,0.15388814503597942
5,1526,1531,0.1538868684639871
6,1525,1531,0.15388566881007035
6,1519,1525,0.15388130932244806
6,1514,1520,0.153877227086923
6,1514,1520,0.1538733969167808
6,1496,1502,0.15386980124521152
6,1504,1510,0.1538664247791799
6,1503,1509,0.15386325355922648
6,1502,1508,0.15386027466608285
8,1503,1511,0.15385747608813896
8,1503,1511,0.15384839436751535
7,1503,1510,0.15383989547055862
7,1509,1516,0.15383513232314638
8,1504,1512,0.15383065028618154
8,1489,1497,0.15382321752137504
8,1495,1503,0.15381624980939632
8,1500,1508,0.153809710420976
8,1503,1511,0.15380357062426278
7,1523,1530,0.15379780465246357
7,1510,1517,0.15379560137978157
8,1500,1508,0.1537935206014029
8,1503,1511,0.1537883397656158
8,1499,1507,0.15378348302244707
7,1515,1522,0.15377892315847766
7,1507,1514,0.15377783157976024
7,1515,1522,0.15377678978506185
7,1508,1515,0.15377580356567946
7,1506,1513,0.15377487221146577
7,1507,1514,0.15377399362127178
7,1505,1512,0.1537731653531393
7,1505,1512,0.1537723849021465
7,1509,1516,0.15377164978922214
7,1497,1504,0.15377095759752976
8,1504,1512,0.15377030599081495
8,1495,1503,0.1537664942492126
8,1495,1503,0.1537629331180743
9,1511,1520,0.1537595948803943
9,1513,1522,0.15375326676335999
9,1510,1519,0.1537473462332947
10,1515,1525,0.15374179480403088
10,1510,1520,0.1537333611868629
9,1506,1515,0.15372548269985153
8,1491,1499,0.15372127711653463
9,1507,1516,0.15372049460334902
9,1512,1521,0.1537165517487402
8,1518,1526,0.1537128585795587
8,1508,1516,0.15371258142105673
8,1507,1515,0.1537123057941019
8,1508,1516,0.15371203920479123
8,1508,1516,0.15371178374599206
8,1507,1515,0.1537115400348247
9,1501,1510,0.15371130816364684
10,1502,1512,0.15370789609558475
11,1522,1533,0.15370151274489566
12,1502,1514,0.1536923692948002
11,1512,1523,0.15368062327073395
11,1518,1529,0.15367280093939695
12,1513,1525,0.15366546639310183
12,1506,1518,0.15365540446889128
9,1507,1516,0.15364598182774977
9,1516,1525,0.15364662393798414
9,1511,1520,0.15364717712384382
9,1519,1528,0.15364767393594006
9,1524,1533,0.15364812662051075
9,1520,1529,0.15364854544640605
9,1512,1521,0.15364893499015989
10,1507,1517,0.15364929578884076
11,1515,1526,0.15364641266471912
12,1519,1531,0.15364052656612515
11,1515,1526,0.153631857898587
11,1517,1528,0.15362694141064834
10,1521,1531,0.15362232425008812
10,1525,1535,0.1536211655568148
12,1508,1520,0.15362006085285296
13,1508,1521,0.1536126429795087
12,1495,1507,0.15360253794844983
12,1512,1524,0.15359626407129237
11,1512,1523,0.15359037253463906
12,1522,1534,0.1535880067127167
11,1530,1541,0.15358259617535008
10,1520,1530,0.15358070444317082
10,1513,1523,0.15358207548726147
10,1515,1525,0.15358333646186814
10,1507,1517,0.153584506990305
10,1513,1523,0.1535855974432716
8,1516,1524,0.1535866152122154
8,1523,1531,0.15359394149861388
7,1525,1532,0.15360079771069715
7,1517,1524,0.15361041162147507
7,1519,1526,0.15361942209498788
7,1500,1507,0.1536278749543234
7,1498,1505,0.15363580823807285
6,1511,1517,0.15364325607969526
7,1513,1520,0.1536534546438135
6,1523,1529,0.15365981427634554
7,1522,1529,0.15366902273907596
7,1522,1529,0.15367443995274077
7,1520,1527,0.15367953694086214
7,1505,1512,0.15368433509380633
8,1521,1529,0.1536888529540513
8,1521,1529,0.1536898725721579
8,1522,1530,0.15369084548597584
9,1514,1523,0.15369176730087694
9,1518,1527,0.15368942220955756
8,1512,1520,0.1536872394315198
8,1503,1511,0.15368841358941604
7,1503,1510,0.15368951451017565
8,1511,1519,0.1536937473386144
8,1517,1525,0.15369450851365996
8,1507,1515,0.15369522294443494
8,1519,1527,0.15369590148206883
8,1510,1518,0.1536965424755995
8,1504,1512,0.15369714740239876
8,1513,1521,0.15369771771768095
8,1520,1528,0.1536982549071052
8,1494,1502,0.1536987605343462
7,1517,1524,0.1536992362135386
7,1507,1514,0.15370292389244547
7,1511,1518,0.1537063870603178
7,1508,1515,0.1537096389693127
7,1512,1519,0.15371269287207082
7,1511,1518,0.15371556113308107
7,1512,1519,0.15371825528221797
6,1497,1503,0.15372078610270334
6,1498,1504,0.15372636865562828
6,1508,1514,0.153731602120007
7,1501,1508,0.15373651408620595
8,1511,1519,0.15373791349530574
8,1511,1519,0.15373602939319564
8,1511,1519,0.1537342829792249
8,1514,1522,0.15373265414108725
8,1520,1528,0.15373113181558234
8,1524,1532,0.1537297072424506
8,1514,1522,0.15372837290938768
8,1500,1508,0.15372712220910845
7,1504,1511,0.15372594924673558
8,1505,1513,0.15372804746063276
8,1518,1526,0.15372678382285543
8,1523,1531,0.1537256029446462
7,1517,1524,0.15372449518540957
6,1506,1512,0.15372667206841958
6,1508,1514,0.15373191753246995
6,1505,1511,0.1537368315137293
6,1496,1502,0.1537414404399895
5,1497,1502,0.1537457654954867
5,1507,1512,0.15375305403144363
5,1500,1505,0.15375989484594446
5,1507,1512,0.15376631820108672
5,1520,1525,0.15377235101726014
5,1520,1525,0.15377801793713078
5,1510,1515,0.15378334181958841
4,1520,1524,0.15378834396465393
4,1513,1517,0.15379626811103791
4,1528,1532,0.1538037068405064
4,1521,1525,0.15381069391368685
5,1513,1518,0.15381725811897076
4,1509,1513,0.15382018645688644
4,1509,1513,0.15382617560408196
3,1518,1521,0.15383179955313955
3,1513,1516,0.15384033195342528
3,1511,1514,0.15384834871926173
2,1531,1533,0.15385588168948205
1,1519,1520,0.15386620478961216
1,1518,1519,0.15387915053490933
1,1514,1515,0.15389131543594844
1,1524,1525,0.15390274773223156
1,1521,1522,0.1539134920455387
1,1513,1514,0.15392359051944135
1,1501,1502,0.1539330827324257
1,1510,1511,0.1539420057277779
1,1513,1514,0.15395039415328124
1,1515,1516,0.15395828043122642
1,1509,1510,0.1539656949243388
1,1512,1513,0.1539726660876
1,1509,1510,0.15397922060489744
1,1512,1513,0.15398538351207425
2,1505,1507,0.153991178308376
2,1507,1509,0.1539933591674231
2,1501,1503,0.1539954179613836
2,1513,1515,0.15399735730741965
2,1520,1522,0.15399918358401748
2,1527,1529,0.15400090305227976
2,1524,1526,0.15400252164693243
2,1517,1519,0.15400404500694967
2,1518,1520,0.15400547850260735
1,1528,1529,0.15400682724684914
1,1521,1522,0.15401135630437335
1,1525,1526,0.15401561174528564
1,1522,1523,0.15401961078421667
1,1510,1511,0.15402336893345608
1,1519,1520,0.15402690093665927
1,1514,1515,0.15403022069297856
1,1513,1514,0.1540333412178228
0,1518,1518,0.15403627467602013
