1364,29,1393,0.13582059907185393
1408,28,1436,0.132993530293312
1434,31,1465,0.13029165869900494
1444,32,1476,0.12775822006753895
1454,33,1487,0.12542355864465257
1466,35,1501,0.12327157835159067
1460,37,1497,0.12128081180694324
1478,37,1515,0.11948438215460343
1469,37,1506,0.117803900781382
1464,33,1497,0.11629690234405618
1469,35,1504,0.11493780350521227
1468,36,1504,0.11368917814492202
1460,35,1495,0.11255489297051546
1463,34,1497,0.11154123209412163
1455,32,1487,0.110611435562002
1457,32,1489,0.10978362690045379
1467,33,1500,0.10902550823589476
1472,34,1506,0.10831255144546363
1469,35,1504,0.10765226635493785
1468,38,1506,0.1070579652715124
1450,39,1489,0.1065197575830394
1457,36,1493,0.10607006999635846
1458,35,1493,0.1056449242444711
1455,38,1493,0.10525562727978961
1447,37,1484,0.10490778718714684
1449,37,1486,0.10460891530492614
1451,37,1488,0.10433250812997454
1463,38,1501,0.10407633666220406
1468,36,1504,0.10381698367381928
1461,37,1498,0.10356970627970405
1463,36,1499,0.1033599022376805
1455,37,1492,0.10316472625861448
1469,40,1509,0.10300485191916123
1465,40,1505,0.10282869792191407
1456,41,1497,0.10267711395755075
1442,43,1485,0.10255817725316987
1463,44,1507,0.10248055656872769
1465,45,1510,0.10236407627236417
1455,44,1499,0.10225413990819711
1443,46,1489,0.10217572288089823
1424,45,1469,0.10213021102200695
1441,44,1485,0.10213022263368952
1444,41,1485,0.10209306752784238
1440,41,1481,0.10205300933010485
1437,42,1479,0.10202494093020512
1431,43,1474,0.10200638010466175
1440,47,1487,0.10200254089451585
1442,46,1488,0.10197969513950975
1460,47,1507,0.1019543672531514
1463,48,1511,0.1018922289178302
1459,49,1508,0.10182921724957086
1450,50,1500,0.1017801600061542
1465,46,1511,0.10175499761055853
1455,46,1501,0.1017003476901131
1458,45,1503,0.10167218198657492
1446,46,1492,0.10164048272191967
1440,45,1485,0.1016367914377694
1449,46,1495,0.10164683735132092
1452,44,1496,0.10163652111995675
1442,43,1485,0.10162095547685464
1443,43,1486,0.1016283320115917
1442,42,1484,0.10163325961086471
1440,42,1482,0.10163925508697635
1435,40,1475,0.10164935148478882
1435,39,1474,0.10166921964344024
1427,39,1466,0.10168725644171239
1435,40,1475,0.10172070265643413
1432,41,1473,0.10173399679289677
1428,42,1470,0.10175230041283743
1419,48,1467,0.10177814405640373
1459,45,1504,0.10182064876064421
1447,45,1492,0.10177297284174454
1459,44,1503,0.10175527894508249
1458,44,1502,0.10171380028564236
1459,42,1501,0.10167784132666163
1465,42,1507,0.10164297604895565
1458,43,1501,0.10159839162040733
1468,42,1510,0.10157322243246326
1468,41,1509,0.10152837749447301
1449,40,1489,0.1014873422101073
1451,39,1490,0.10149130984821021
1458,36,1494,0.10149090146686515
1454,35,1489,0.1014754008099716
1444,37,1481,0.101469932818662
1439,37,1476,0.10148668133133965
1443,39,1482,0.10151217967493822
1443,40,1483,0.10152734159562718
1437,38,1475,0.10154088317071679
1440,37,1477,0.10156624445415324
1433,39,1472,0.10158288401912186
1434,43,1477,0.10161279457400582
1430,44,1474,0.10163814044582584
1438,45,1483,0.10166993370161968
1440,46,1486,0.10168156520542679
1440,45,1485,0.10168795775637882
1441,42,1483,0.10169368504537331
1438,45,1483,0.10169680547554946
1446,45,1491,0.10170632922795216
1437,47,1484,0.10169771305708945
1439,47,1486,0.10170931453747332
1448,47,1495,0.10171548430323622
1457,46,1503,0.10170160373170406
1462,45,1507,0.10166912876086592
1451,44,1495,0.10162927694966518
1443,45,1488,0.10161614152929097
1436,44,1480,0.10162161880421446
1443,45,1488,0.10164177139919167
1445,44,1489,0.10164511154642814
1452,45,1497,0.10164366405888703
1458,44,1502,0.10162761419657539
1463,42,1505,0.10160000712505982
1465,43,1508,0.10156418040201608
1455,43,1498,0.10152742325751564
1454,41,1495,0.10151548147878992
1466,43,1509,0.10150630521037086
1476,40,1516,0.10147213682363418
1460,42,1502,0.10141961997495771
1462,41,1503,0.10140581406101191
1452,41,1493,0.10138869236524244
1468,40,1508,0.10139456836030471
1457,42,1499,0.10136576441993193
1454,42,1496,0.10136334484773378
1461,41,1502,0.1013671745814106
1453,40,1493,0.10135613801317525
1452,41,1493,0.10136277873472493
1453,39,1492,0.10137091048909216
1461,39,1500,0.1013765523020125
1455,40,1495,0.1013644781271939
1447,36,1483,0.10136663073733908
1455,36,1491,0.10138558685912312
1458,34,1492,0.10138515646376232
1465,35,1500,0.10137872604671969
1466,34,1500,0.1013576894047462
1462,34,1496,0.10133641876932079
1468,34,1502,0.10132562723688501
1465,34,1499,0.10130296021467393
1451,31,1482,0.10128872996822307
1445,31,1476,0.10130567558279761
1453,30,1483,0.10133440545708002
1457,30,1487,0.1013430154564616
1463,31,1494,0.10134234234295864
1463,31,1494,0.10132847243367031
1465,31,1496,0.10131591961810876
1469,30,1499,0.1013005722600155
1459,31,1490,0.10127814470942012
1464,31,1495,0.10127883993757876
1468,29,1497,0.10126853848173521
1474,31,1505,0.10125081813205522
1469,32,1501,0.10122163974505068
1474,32,1506,0.10120595748233713
1472,32,1504,0.10118095661295894
1465,32,1497,0.10116243283308808
1465,32,1497,0.10116094401228386
1458,29,1487,0.10115931064124138
1467,28,1495,0.10117263075410833
1466,27,1493,0.10116579506842913
1463,25,1488,0.10116132335950699
1457,24,1481,0.10116374742710725
1450,22,1472,0.10117875835075338
1451,26,1477,0.10120714244022722
1467,26,1493,0.10123133665103001
1452,24,1476,0.10121917881062072
1464,24,1488,0.10124005080130875
1479,26,1505,0.10123369500309216
1496,26,1522,0.10119540020126806
1484,27,1511,0.10112396726368056
1491,26,1517,0.10108442000722175
1483,25,1508,0.10103345145036507
1458,25,1483,0.10100463777749173
1461,25,1486,0.10103144156512571
1458,25,1483,0.10104933207615051
1461,24,1485,0.10107170147459982
1474,25,1499,0.10108563622215806
1466,26,1492,0.10107038111985628
1473,27,1500,0.10107360058221762
1464,25,1489,0.10106169592530861
1468,28,1496,0.10107006829408809
1460,27,1487,0.10106952776607624
1449,26,1475,0.10108638172016322
1451,28,1479,0.10112495880738276
1470,29,1499,0.10115585311414088
1463,29,1492,0.10114357642738007
1469,32,1501,0.1011477088062334
1470,31,1501,0.10113885642845165
1459,30,1489,0.10112874869609698
1457,30,1487,0.10114283525581919
1455,30,1485,0.10115999864887298
1470,29,1499,0.1011797697386045
1466,29,1495,0.10116560618369526
1459,30,1489,0.10116155904280237
1458,33,1491,0.10117331858265093
1454,33,1487,0.10118574876695621
1444,36,1480,0.10120550591492418
1443,35,1478,0.10124486955016185
1452,33,1485,0.10128298108089766
1461,32,1493,0.10129797088226279
1458,32,1490,0.10129259747989866
1456,31,1487,0.10129443923700705
1461,33,1494,0.10130039127829484
1454,35,1489,0.1012947831765
1459,37,1496,0.1013047664353744
1456,33,1489,0.10130330409523713
1468,34,1502,0.10130803701648226
1464,35,1499,0.10128654267696445
1470,33,1503,0.10127573359562443
1451,34,1485,0.10125299567004635
1451,32,1483,0.10127324136461574
1449,33,1482,0.10129144850562286
1451,33,1484,0.10131245921569015
1464,34,1498,0.10132696148061812
1465,33,1498,0.10131240303569428
1460,32,1492,0.10129704032534667
1465,31,1496,0.10129420395969756
1468,32,1500,0.10128112058317253
1464,31,1495,0.10126248450449328
1444,31,1475,0.10125409503947934
1454,31,1485,0.10128936771296378
1442,34,1476,0.10129986157177567
1448,35,1483,0.10133524402228691
1448,34,1482,0.10135403715594632
1448,36,1484,0.10137119039216172
1463,37,1500,0.1013872779034001
1476,37,1513,0.1013696965252025
1468,36,1504,0.10132564882990032
1468,36,1504,0.10130313593346192
1464,32,1496,0.10128206208138607
1466,32,1498,0.10127171587743178
1466,30,1496,0.10125798032967748
1470,33,1503,0.10124528920407937
1468,32,1500,0.10122507409709464
1466,32,1498,0.10121109137669436
1467,30,1497,0.10120264027397048
1465,29,1494,0.10119280526960649
1471,30,1501,0.10118807569299278
1474,30,1504,0.10117103351680835
1472,31,1503,0.1011494392732952
1474,33,1507,0.10113370783853895
1464,30,1494,0.1011154985624106
1467,30,1497,0.10111988417409462
1461,30,1491,0.10111736270364372
1468,31,1499,0.10112815347564172
1472,31,1503,0.1011229567127641
1462,34,1496,0.10111006374776384
1462,35,1497,0.10111947291526045
1467,35,1502,0.101128142871103
1469,35,1504,0.10112555438586814
1468,37,1505,0.10111877167870205
1462,37,1499,0.1011145383902959
1467,36,1503,0.10112410634543126
1475,35,1510,0.10112225309982986
1467,36,1503,0.10110313771613313
1461,36,1497,0.10110231126210717
1469,38,1507,0.101114741933959
1467,39,1506,0.1011087012920179
1463,39,1502,0.10110774511109971
1459,38,1497,0.1011158310579377
1438,38,1476,0.10113209216752837
1453,38,1491,0.10119206176832707
1464,39,1503,0.10121483974827793
1467,40,1507,0.1012122440559688
1452,41,1493,0.10120350159378617
1452,42,1494,0.10122802796726486
1449,44,1493,0.10124973407004699
1452,45,1497,0.10127667581035542
1451,43,1494,0.10129497234596518
1446,42,1488,0.10131362221730526
1453,42,1495,0.10134139970302625
1454,44,1498,0.1013513788846879
1445,43,1488,0.10135838392388621
1467,42,1509,0.10138406547457098
1457,41,1498,0.10135977231393492
1461,43,1504,0.10135890922800588
1456,43,1499,0.1013498010148559
1465,41,1506,0.10135256147941352
1456,41,1497,0.10133557032010138
1461,42,1503,0.1013394557902813
1462,42,1504,0.10133190410454489
1452,41,1493,0.10132290237966686
1435,42,1477,0.10133680181308909
1443,45,1488,0.10138586998278118
1447,43,1490,0.10141397303324848
1452,42,1494,0.10143088442310896
1454,40,1494,0.10143560419293735
1456,39,1495,0.10143577428288221
1460,41,1501,0.1014313138337129
1453,42,1495,0.10141858339790655
1447,40,1487,0.10142225479188688
1454,41,1495,0.10143814590832534
1460,40,1500,0.10143743449944662
1444,43,1487,0.10142361331815698
1440,41,1481,0.10144533108053111
1439,41,1480,0.10147352859225915
1441,44,1485,0.10150162599039451
1447,46,1493,0.10152293030569778
1458,44,1502,0.10152950856037776
1460,44,1504,0.1015120706484836
1449,42,1491,0.10149199936123822
1463,42,1505,0.10149750413273909
1452,44,1496,0.10147210379678188
1442,44,1486,0.10147305852443121
1448,46,1494,0.10149510196569107
1448,47,1495,0.10150207777824917
1431,48,1479,0.1015083562401898
1436,48,1484,0.1015510153616775
1441,47,1488,0.1015792289453151
1433,45,1478,0.1015944038052507
1436,43,1479,0.10162543873550518
1433,44,1477,0.10164724179479576
1433,44,1477,0.10167337628520844
1454,43,1497,0.10169710232863234
1451,45,1496,0.10167319094800548
1454,42,1496,0.10165803327294748
1447,43,1490,0.10163702777527069
1468,42,1510,0.1016333765059996
1461,42,1503,0.10158498578752528
1459,41,1500,0.10155571593309823
1457,42,1499,0.1015331131025772
1466,41,1507,0.1015171480580754
1457,43,1500,0.10148348704020133
1450,42,1492,0.10147241811361818
1446,44,1490,0.10147721738776604
1433,44,1477,0.10148969491118379
1437,43,1480,0.10152901789839916
1435,43,1478,0.10155671186018253
1441,41,1482,0.10158660128715571
1450,43,1493,0.10160096404394521
1443,45,1488,0.1015950467832932
1454,47,1501,0.10160462510715366
1457,50,1507,0.10158960158327472
1453,50,1503,0.10156935408066209
1443,51,1494,0.10156005924957145
1433,49,1482,0.10157281967262456
1446,47,1493,0.1016058867321409
1457,48,1505,0.10160819435223427
1448,48,1496,0.10158703759156332
1455,49,1504,0.10158700261655428
1460,51,1511,0.10157175611261192
1459,52,1511,0.10154692240667514
1462,55,1517,0.10152693844505571
1464,55,1519,0.10150219111893782
1456,55,1511,0.10147571191190037
1457,54,1511,0.10146925989690729
1460,57,1517,0.10146114074097773
1446,59,1505,0.10144758377321242
1458,59,1517,0.10146531731554286
1446,58,1504,0.10145548101855038
1451,59,1510,0.10147272552406468
1447,56,1503,0.10147794861827526
1452,57,1509,0.10149035378797851
1444,57,1501,0.10149125029387268
1453,55,1508,0.10150987260989482
1443,59,1502,0.10150791188531276
1437,60,1497,0.10152801685338973
1439,62,1501,0.10156002944268104
1448,61,1509,0.10158590890892803
1443,64,1507,0.10159045718782433
1426,64,1490,0.10160506481278901
1429,62,1491,0.10165491822963858
1435,62,1497,0.10169431943930088
1438,62,1500,0.1017172325446187
1434,62,1496,0.10173187499743638
1437,63,1500,0.10175328982399108
1445,62,1507,0.10176626379835502
1433,62,1495,0.101760602353375
1431,61,1492,0.10178046405401847
1448,60,1508,0.10180352141418876
1448,62,1510,0.10178813141834306
1433,60,1493,0.10177419289649264
1416,60,1476,0.10179392722291242
1421,63,1484,0.10184841615510198
1412,61,1473,0.10188733594603104
1413,58,1471,0.10194240932357906
1415,60,1475,0.10198992802421536
1411,61,1472,0.10202952289383921
1417,62,1479,0.10207387912166993
1429,60,1489,0.10210133385745815
1419,58,1477,0.10209976340508806
1429,58,1487,0.10212015533537279
1418,59,1477,0.10211721214567918
1427,57,1484,0.10213803557162247
1430,57,1487,0.10213804973618831
1427,58,1485,0.10213165144206111
1421,59,1480,0.10213176857893654
1431,56,1487,0.10214517029464702
1435,56,1491,0.10213597322115074
1445,55,1500,0.10211840024401198
1439,52,1491,0.10208063446159964
1450,55,1505,0.10205919959479832
1454,56,1510,0.10201588090188768
1450,56,1506,0.10196802556492869
1454,57,1511,0.10193305106835389
1444,52,1496,0.10189218077864606
1439,55,1494,0.10187656912229379
1440,54,1494,0.10187323577923671
1431,55,1486,0.10186802961976359
1436,54,1490,0.10188252610079712
1446,56,1502,0.1018848661526448
1435,58,1493,0.10186587894434145
1423,59,1482,0.10187238871726684
1439,58,1497,0.10190413703507857
1440,58,1498,0.10189832489464554
1429,57,1486,0.10189119729290042
1432,58,1490,0.10190872235869998
1424,59,1483,0.10191766999931737
1423,62,1485,0.10194344959575449
1435,62,1497,0.10196929119379164
1433,63,1496,0.10196701405460268
1445,63,1508,0.10196963745788185
1444,63,1507,0.10194595555855238
1436,65,1501,0.10192633063020519
1434,69,1503,0.10192600132768558
1416,69,1485,0.10193010345449145
1410,65,1475,0.10197286531334751
1419,68,1487,0.10202544648820666
1420,68,1488,0.10205409440963294
1420,67,1487,0.10207819762280014
1415,71,1486,0.10209994965860178
1416,70,1486,0.1021313811319147
1405,69,1474,0.1021582765335622
1413,70,1483,0.10220676585962167
1417,70,1487,0.10223260978172197
1429,70,1499,0.10224863441963498
1410,69,1479,0.1022370526282521
1419,69,1488,0.10226770677605704
1412,68,1480,0.1022767789521615
1409,70,1479,0.10230024157969506
1411,73,1484,0.10232861257733272
1406,75,1481,0.10234989792224343
1405,73,1478,0.10238028766104515
1409,73,1482,0.10241001176207895
1417,75,1492,0.10242807705531069
1419,79,1498,0.1024274556090414
1409,78,1487,0.10242223561748055
1403,79,1482,0.10243919876879265
1396,80,1476,0.10246856857607214
1415,78,1493,0.10251078215223604
1401,77,1478,0.10250765048401693
1393,77,1470,0.10253536011073232
1401,77,1478,0.10257782383341808
1400,75,1475,0.10259927975538169
1408,82,1490,0.10262166862059781
1403,81,1484,0.10262498022126433
1406,83,1489,0.10263902424293042
1412,83,1495,0.10264562326498297
1405,85,1490,0.1026382283896477
1401,85,1486,0.10264620622045059
1413,83,1496,0.10266254702910675
1411,82,1493,0.10265192638225262
1402,83,1485,0.10264618602486962
1394,83,1477,0.10265991927970117
1408,83,1491,0.10268889387907787
1396,83,1479,0.10268519917997246
1406,79,1485,0.10270790110595787
1413,79,1492,0.10270709542804689
1421,81,1502,0.10269114854871157
1408,80,1488,0.10265961998829574
1413,82,1495,0.10265885430649145
1412,86,1498,0.10264726881470641
1411,85,1496,0.1026395329804142
1411,86,1497,0.10263540978541048
1404,83,1487,0.10263144795989433
1402,82,1484,0.10264327255177935
1418,81,1499,0.10265855994617933
1416,82,1498,0.10263742235104506
1403,84,1487,0.10262216562893968
1398,85,1483,0.10263619564555877
1409,83,1492,0.10266000563884368
1413,80,1493,0.10265785891749196
1411,80,1491,0.1026471329512112
1410,80,1490,0.10264167047088431
1412,83,1495,0.10263892758119673
1411,83,1494,0.10263170984984057
1409,80,1489,0.10262758023466699
1414,79,1493,0.10262868668837655
1412,83,1495,0.10261977523695108
1420,87,1507,0.10261606746866793
1409,86,1495,0.10259566074845722
1409,83,1492,0.10260051422400789
1408,83,1491,0.10260515713496826
1417,85,1502,0.10261094533487995
1415,88,1503,0.10259647145754468
1410,84,1494,0.10258705266731438
1409,84,1493,0.10259048068224687
1408,83,1491,0.10259509509285626
1418,81,1499,0.1026017188338756
1413,83,1496,0.10258632982415553
1409,85,1494,0.10258310031061293
1406,86,1492,0.1025893134494153
1400,84,1484,0.10260126408793167
1410,83,1493,0.10262629250224382
1410,85,1495,0.10262750287641337
1403,82,1485,0.10262834073980645
1408,80,1488,0.10264433907080471
1406,80,1486,0.10264780963936072
1411,78,1489,0.10265601222959812
1400,77,1477,0.10265181571470208
1407,79,1486,0.1026711829588205
1411,80,1491,0.10267336932252186
1411,80,1491,0.10266684848275691
1413,78,1491,0.10266051704691855
1415,82,1497,0.10265023408189204
1418,82,1500,0.10263628939491137
1414,80,1494,0.10261698756490688
1420,82,1502,0.10260818125684637
1423,83,1506,0.10258766966239719
1426,83,1509,0.10256245313535206
1420,83,1503,0.1025335201106278
1405,84,1489,0.10252003255499446
1406,84,1490,0.10254031831763473
1412,81,1493,0.10255731297158331
1410,82,1492,0.10255966685899434
1419,82,1501,0.10256583216200513
1409,83,1492,0.10255230041521983
1412,85,1497,0.10256217399182688
1399,89,1488,0.10256408621136519
1397,88,1485,0.10259440360699648
1397,89,1486,0.1026269387535998
1412,90,1502,0.10265625161862356
1402,89,1491,0.1026509790367643
1408,90,1498,0.10266815052043096
1406,90,1496,0.1026707029671876
1399,90,1489,0.10267764150888879
1414,91,1505,0.10269913154106995
1417,90,1507,0.10268669424015027
1408,89,1497,0.10266857077981235
1399,88,1487,0.10267170891850487
1417,92,1509,0.10269405240168421
1419,94,1513,0.10267527502149147
1418,94,1512,0.10265468300352501
1412,97,1509,0.10263818012892972
1412,94,1506,0.10263622619786443
1405,95,1500,0.10263499757300246
1403,92,1495,0.1026490996902465
1400,96,1496,0.10266627687824213
1400,98,1498,0.1026885555910706
1392,100,1492,0.10270922005017724
1380,103,1483,0.102745424249132
1387,103,1490,0.10280489567639922
1396,102,1498,0.1028441053248558
1394,103,1497,0.10286067382874556
1395,106,1501,0.10288048516236425
1395,104,1499,0.10289794655078854
1394,108,1502,0.1029135690254329
1398,110,1508,0.10292930946978437
1399,108,1507,0.10293514698984975
1404,108,1512,0.10293868000453987
1406,106,1512,0.10293026965138288
1403,107,1510,0.10291803737698427
1399,109,1508,0.10291389826164533
1395,108,1503,0.1029192795294007
1381,109,1490,0.10293319530771936
1375,109,1484,0.10297620093218095
1367,111,1478,0.10302843466530909
1386,115,1501,0.10309346770490439
1384,112,1496,0.1031121707310257
1385,114,1499,0.1031331588104224
1379,113,1492,0.1031507867446572
1385,115,1500,0.10317995902445755
1390,113,1503,0.10319350958272544
1374,114,1488,0.10319546884395109
1374,115,1489,0.1032317550032678
1381,116,1497,0.10326524360594032
1380,115,1495,0.10328097831815423
1392,114,1506,0.10329692445130145
1407,114,1521,0.10328567275899665
1396,111,1507,0.10324254384397484
1393,110,1503,0.10322602858146461
1392,111,1503,0.10321785158403944
1378,112,1490,0.10321173299260288
1391,110,1501,0.10323655673230321
1381,111,1492,0.1032312922009935
1376,114,1490,0.10324806622964391
1374,111,1485,0.1032747783811278
1382,112,1494,0.1033032359639471
1385,113,1498,0.1033131195753446
1384,114,1498,0.1033154459681543
1388,115,1503,0.10332027045682475
1391,115,1506,0.10331561288065473
1388,115,1503,0.10330496821635216
1398,117,1515,0.10330155088910167
1397,114,1511,0.10327673251151255
1400,116,1516,0.1032560586019492
1398,118,1516,0.10323142175568947
1395,119,1514,0.10321320151578553
1383,118,1501,0.10320313597338704
1387,119,1506,0.10322018834155214
1394,125,1519,0.10322745961111841
1402,122,1524,0.10321958955879298
1385,122,1507,0.10319471625412822
1376,124,1500,0.10320882121031989
1379,122,1501,0.10324166951119818
1372,124,1496,0.10326469691084736
1362,123,1485,0.10330110850471044
1370,122,1492,0.10335567988815718
1369,122,1491,0.10338687705880842
1364,122,1486,0.10341828077240699
1370,127,1497,0.10345748185760194
1370,128,1498,0.10348018330410902
1370,129,1499,0.10350077689503383
1376,130,1506,0.10351980484482987
1374,131,1505,0.10352389246784785
1365,128,1493,0.103533016483285
1362,131,1493,0.1035619349621339
1361,136,1497,0.10359466910789139
1367,134,1501,0.10362661954704543
1368,135,1503,0.10364345418995516
1367,134,1501,0.1036572298245505
1372,136,1508,0.10367250853825925
1358,137,1495,0.10367512699669437
1360,134,1494,0.10370942868606918
1363,139,1502,0.1037359533346838
1361,135,1496,0.10375394316327391
1355,139,1494,0.10377458408066023
1361,137,1498,0.10380579496205881
1357,131,1488,0.10382136683725861
1347,133,1480,0.10384480051538582
1342,135,1477,0.10388828705551059
1363,137,1500,0.10393860624932866
1356,139,1495,0.1039392331028446
1359,141,1500,0.10395494262996383
1348,144,1492,0.10396289681566512
1345,146,1491,0.10399512058288174
1341,146,1487,0.10403178405966479
1343,144,1487,0.10407378665823255
1345,142,1487,0.1041074928586891
1351,145,1496,0.10413300293096359
1353,145,1498,0.10414376995531086
1341,145,1486,0.10414932389737977
1343,149,1492,0.10418122449540672
1344,151,1495,0.10420662501773748
1343,152,1495,0.10422758258427108
1322,151,1473,0.10424922884722615
1324,154,1478,0.10431504612345137
1317,155,1472,0.10437249418486086
1325,153,1478,0.10444069226714867
1331,157,1488,0.10448532041484629
1322,162,1484,0.10451321951807536
1324,160,1484,0.10455839870452052
1323,157,1480,0.10459528259848011
1322,159,1481,0.10463101184919359
1331,155,1486,0.10466551678485296
1330,154,1484,0.10467740553219214
1338,149,1487,0.10469085450925408
1355,151,1506,0.10468502766012695
1360,151,1511,0.10464212704066718
1358,150,1508,0.1045919086004482
1362,150,1512,0.104549030186726
1367,143,1510,0.10449969908068109
1350,143,1493,0.1044428739939633
1348,148,1496,0.10442765957902043
1344,145,1489,0.1044186437155204
1359,149,1508,0.1044192939472782
1358,150,1508,0.10438707312813367
1347,146,1493,0.10435953819124844
1348,150,1498,0.10435761058809519
1354,149,1503,0.10435351485308628
1347,146,1493,0.1043353539116343
1357,149,1506,0.1043343367147856
1346,152,1498,0.10431103268058899
1341,152,1493,0.1043139176242586
1345,152,1497,0.10432674503865322
1353,156,1509,0.10433059954539547
1345,156,1501,0.10431668143868639
1354,154,1508,0.10432156251199348
1349,150,1499,0.10430678707450618
1347,151,1498,0.10430503663824144
1359,154,1513,0.10430672920791136
1351,156,1507,0.104282213243373
1343,156,1499,0.10427827073283633
1338,156,1494,0.10429205309464612
1329,155,1484,0.10431701184712855
1321,162,1483,0.1043605144695198
1332,164,1496,0.10441800736190279
1328,161,1489,0.10444675599700531
1339,161,1500,0.10448071936093811
1327,161,1488,0.10448820124930833
1323,162,1485,0.10452062200020468
1332,162,1494,0.10455968815462897
1322,166,1488,0.10457613132697635
1322,161,1483,0.10461209127285816
1320,159,1479,0.10464425442926167
1318,165,1483,0.10467879544140563
1309,167,1476,0.10471442093132172
1320,165,1485,0.10476701068587312
1318,166,1484,0.10479165369979039
1327,166,1493,0.1048177125381132
1330,170,1500,0.10482283481952866
1331,171,1502,0.10482116149844999
1321,174,1495,0.10481826801752567
1323,171,1494,0.10483773069986321
1324,169,1493,0.1048509909771838
1330,169,1499,0.10486135952522192
1341,174,1515,0.10485788890283464
1348,173,1521,0.10483139446774942
1343,170,1513,0.10479174295536069
1331,174,1505,0.10476591765449315
1325,174,1499,0.10476901706906404
1324,171,1495,0.10478526195594202
1316,175,1491,0.10480270914424313
1314,171,1485,0.1048369948101842
1326,171,1497,0.10487356280351473
1331,175,1506,0.1048805693506395
1332,172,1504,0.10487433252074808
1320,172,1492,0.10486749655936801
1322,172,1494,0.10488781092105556
1315,172,1487,0.10490244871769533
1315,169,1484,0.10493140029401232
1317,172,1489,0.10495806987413552
1312,172,1484,0.10497726157217695
1324,171,1495,0.10500508193843401
1306,173,1479,0.10500502213703672
1308,171,1479,0.10504491748504481
1315,174,1489,0.1050769749708555
1333,171,1504,0.10509098438665554
1319,173,1492,0.10506421637163622
1318,171,1489,0.10506993922786194
1311,172,1483,0.10507736223027252
1316,172,1488,0.10510106205273058
1306,171,1477,0.105111069264078
1298,174,1472,0.10514128458055115
1301,178,1479,0.10518638807498813
1289,182,1471,0.10522117525373455
1289,187,1476,0.10527984447451327
1296,184,1480,0.10533372199901954
1300,184,1484,0.10536812521363974
1306,183,1489,0.1053910806860019
1307,185,1492,0.10539949012290883
1312,188,1500,0.10540538189138303
1320,192,1512,0.10540055285076462
1327,192,1519,0.10538029496980235
1316,193,1509,0.1053458897076818
1318,193,1511,0.1053392440341304
1322,190,1512,0.10532945117673986
1327,185,1512,0.10531230929630045
1318,188,1506,0.10528603901262464
1309,190,1499,0.10528314895916821
1307,191,1498,0.10529924008127231
1315,191,1506,0.10531782374215112
1314,193,1507,0.10531702468181123
1310,191,1501,0.1053182755741311
1325,191,1516,0.10532834793786089
1325,192,1517,0.10530433559349411
1312,191,1503,0.1052828641207325
1303,191,1494,0.10529199640948249
1306,192,1498,0.10531979606378628
1301,185,1486,0.1053387019229633
1309,184,1493,0.10536621661118169
1314,186,1500,0.10537367436551616
1309,188,1497,0.10536848497310924
1301,184,1485,0.10537428377461314
1306,188,1494,0.10539831941799224
1306,190,1496,0.10540968560650504
1301,186,1487,0.10542012927854197
1301,187,1488,0.10544066121950003
1306,192,1498,0.10545932503017476
1314,185,1499,0.10546541336784145
1304,190,1494,0.10545339883509247
1317,189,1506,0.10546448621264556
1315,186,1501,0.10544630970193296
1316,186,1502,0.10543402451578127
1316,190,1506,0.10542147963479544
1300,191,1491,0.10540949468722687
1302,191,1493,0.10543441296815825
1312,190,1502,0.1054519576381714
1312,191,1503,0.10544622827033207
1310,195,1505,0.1054420219249058
1310,194,1504,0.10544390638075597
1307,196,1503,0.1054449821489785
1311,192,1503,0.1054520912214779
1307,193,1500,0.10545044621053024
1310,191,1501,0.10545754907952386
1306,190,1496,0.10545754147287446
1294,186,1480,0.10546639613198198
1300,193,1493,0.10550094173051626
1304,192,1496,0.10551979562941341
1301,190,1491,0.1055286220411044
1295,191,1486,0.10554320476702472
1292,194,1486,0.10556990112204595
1289,193,1482,0.1056005309985146
1302,195,1497,0.1056358322862423
1311,201,1512,0.10563963778485705
1308,203,1511,0.10562318234109207
1300,207,1507,0.10561567787779857
1296,205,1501,0.10562681812684648
1290,206,1496,0.10564617856990949
1297,203,1500,0.10567799135404062
1278,200,1478,0.10569175376045081
1287,205,1492,0.10574611799803728
1284,204,1488,0.10577638673067097
1282,204,1486,0.10581026126661484
1283,205,1488,0.10584634008786464
1278,212,1490,0.10587763529917071
1270,214,1484,0.1059175096659681
1277,218,1495,0.10597164144546238
1282,217,1499,0.10600564543467068
1283,213,1496,0.1060246069080364
1284,207,1491,0.10604128185590671
1294,204,1498,0.10605472275072621
1297,209,1506,0.10604445900548168
1299,208,1507,0.1060284202281289
1300,208,1508,0.10600869410586576
1297,208,1505,0.10598854273734869
1304,208,1512,0.10597598601314695
1313,205,1518,0.10594940030080295
1302,204,1506,0.1059047002886707
1291,207,1498,0.1058877784657778
1303,209,1512,0.10589723574236203
1304,209,1513,0.10587892047672932
1297,208,1505,0.10586012412605658
1292,203,1495,0.10585913714919987
1286,204,1490,0.10586982674785805
1291,207,1498,0.10589316489051828
1290,204,1494,0.10590411291980725
1297,206,1503,0.10591639659897378
1295,211,1506,0.10591170155619668
1298,213,1511,0.10591210062240694
1296,210,1506,0.10590790024107437
1285,211,1496,0.10590871932757363
1291,213,1504,0.10593282193271988
1287,213,1500,0.10594129578724285
1296,214,1510,0.1059586237333283
1271,216,1487,0.10595359210048987
1271,214,1485,0.10600465179425474
1275,207,1482,0.10605150132610229
1274,209,1483,0.10608584668316436
1280,212,1492,0.10611871191501318
1271,213,1484,0.10613535997742415
1267,217,1484,0.10616903217027801
1269,213,1482,0.10621020535538818
1272,214,1486,0.10624320402291064
1286,217,1503,0.10626609746405848
1286,219,1505,0.10625617703359985
1279,216,1495,0.10624747068523957
1277,218,1495,0.10625562481528895
1287,222,1509,0.10626759883295475
1281,225,1506,0.10625699924066931
1278,229,1507,0.10626235264233751
1267,227,1494,0.10627505482207261
1267,227,1494,0.1063113066519517
1262,222,1484,0.10634470033116472
1273,225,1498,0.10638636500947234
1276,225,1501,0.10640085745392834
1279,222,1501,0.1064084233987706
1271,223,1494,0.10640926002796329
1267,227,1494,0.10642779448908087
1282,226,1508,0.1064551595286272
1279,226,1505,0.10644524338761784
1269,223,1492,0.10644409937901372
1277,225,1502,0.1064650839716688
1275,226,1501,0.10646523028271865
1269,233,1502,0.10647036934013773
1268,235,1503,0.10648831993399568
1259,233,1492,0.10650740992222506
1260,231,1491,0.10654500161472524
1266,234,1500,0.10657679568262872
1270,232,1502,0.10659401018273887
1273,231,1504,0.10660227018327496
1271,236,1507,0.10660266449381005
1253,239,1492,0.10660815091777665
1262,245,1507,0.10665409230204471
1253,242,1495,0.10667682456721506
1255,246,1501,0.1067162437339827
1249,244,1493,0.10674761863216496
1245,247,1492,0.10678986197079202
1240,243,1483,0.10683770648358128
1245,243,1488,0.10689451587930059
1241,253,1494,0.10693506867595098
1239,252,1491,0.10698186421211119
1236,255,1491,0.10702935962532704
1240,255,1495,0.10707887759343475
1237,253,1490,0.10711508126828112
1240,259,1499,0.10715393875096786
1238,257,1495,0.1071843709158681
1233,253,1486,0.10721759738437825
1223,251,1474,0.10725814160956566
1222,256,1478,0.10731734770831089
1231,255,1486,0.10737264999342021
1232,253,1485,0.1074030284519141
1232,255,1487,0.10742986421861538
1238,263,1501,0.10745498987968674
1244,262,1506,0.10746395803700397
1246,262,1508,0.10745835971543809
1241,269,1510,0.10744998503046023
1243,268,1511,0.10745445589048751
1247,265,1512,0.10745517504816217
1236,260,1496,0.10744681917450986
1226,262,1488,0.10746307145782198
1227,263,1490,0.10749977064623739
1246,264,1510,0.10753046856981609
1230,261,1491,0.10751631579998587
1239,264,1503,0.10753860382470094
1239,270,1509,0.10753917752103966
1237,265,1502,0.10753959712101467
1241,269,1510,0.10754517837108712
1240,264,1504,0.10754116506155494
1239,268,1507,0.10754034229010623
1230,269,1499,0.10754077796427731
1221,268,1489,0.10756175591184838
1224,261,1485,0.10760026662821452
1220,263,1483,0.10762833789823485
1222,266,1488,0.1076623197881802
1217,267,1484,0.10768927994715737
1221,271,1492,0.10772511245654029
1230,270,1500,0.10775008207676716
1235,268,1503,0.10775352204712235
1222,272,1494,0.10774734470097477
1234,278,1512,0.10777100148989767
1229,277,1506,0.10776636289793448
1224,279,1503,0.1077747839717838
1225,286,1511,0.1077944985817506
1226,283,1509,0.10781175192871074
1225,284,1509,0.10782590422830132
1222,278,1500,0.10784114864376207
1220,281,1501,0.10786114853850687
1220,281,1501,0.1078838537475369
1234,281,1515,0.10790435886853622
1228,287,1515,0.1078919658139834
1223,282,1505,0.10789431567520441
1226,283,1509,0.10790882061959184
1231,279,1510,0.10791556413188505
1219,284,1503,0.1079106037078823
1203,292,1495,0.10793370170788769
1185,288,1473,0.10799141346138227
1182,287,1469,0.10808374475141566
1169,293,1462,0.10817458958875119
1187,287,1474,0.1082880910877034
1192,288,1480,0.10835321521172851
1193,288,1481,0.10840187638317068
1201,286,1487,0.10844504596675619
1205,290,1495,0.10846676657059026
1207,289,1496,0.10847737759494215
1214,292,1506,0.10848362011139176
1208,292,1500,0.10847345219159368
1205,289,1494,0.10847658819456814
1204,293,1497,0.10848619912512568
1206,295,1501,0.10849963627358622
1207,298,1505,0.108508387099243
1206,298,1504,0.10851395658873823
1210,303,1513,0.10852188441808645
1196,300,1496,0.10852146064713729
1204,297,1501,0.1085539876871541
1212,298,1510,0.1085662567382445
1206,297,1503,0.10855993790976382
1208,297,1505,0.10856776665107004
1204,298,1502,0.10856961693544198
1187,302,1489,0.10858003728790376
1185,302,1487,0.1086270927936825
1183,304,1487,0.10867296846690781
1185,306,1491,0.10871985974312409
1186,308,1494,0.1087596892903432
1194,304,1498,0.10879369834534292
1193,302,1495,0.10880820285435795
1188,311,1499,0.10882478023658533
1195,310,1505,0.10885014149640294
1198,309,1507,0.10885734461633731
1192,308,1500,0.10885808692869667
1190,308,1498,0.10887347437827465
1198,310,1508,0.1088944277847042
1192,312,1504,0.10889512963825425
1185,311,1496,0.1089093272422626
1175,312,1487,0.10893902100419484
1180,308,1488,0.1089888080745671
1179,311,1490,0.10902146953910385
1171,312,1483,0.10905385633784118
1179,313,1492,0.10910193107756237
1177,307,1484,0.1091282021629305
1183,309,1492,0.10915683975501093
1177,310,1487,0.10917078406864174
1177,311,1488,0.10919803316470889
1175,310,1485,0.10922313979059545
1176,311,1487,0.10924998157538109
1176,323,1499,0.10927383560959221
1174,324,1498,0.10929691448175526
1168,325,1493,0.10932364392057377
1160,329,1489,0.10936041881424828
1149,327,1476,0.10941227581666442
1149,319,1468,0.10948361477766604
1153,324,1477,0.10955036948193503
1160,322,1482,0.10960283429471453
1162,324,1486,0.10963572382058218
1166,324,1490,0.10966228993359976
1165,318,1483,0.10967677401749068
1176,323,1499,0.10969205323148092
1178,320,1498,0.10968209064164886
1172,313,1485,0.10966889622601965
1170,314,1484,0.10966984178289248
1184,313,1497,0.10967483675177102
1187,316,1503,0.1096491159318511
1180,320,1500,0.10962038814982744
1184,322,1506,0.10960979797369663
1185,326,1511,0.10959135898580924
1178,327,1505,0.10957369747049811
1176,326,1502,0.10957375690112701
1166,323,1489,0.10957973238718102
1173,324,1497,0.10960638765534977
1181,327,1508,0.10961562129949332
1177,326,1503,0.10960722749913492
1170,326,1496,0.10960926010091704
1162,327,1489,0.10962731288777458
1171,323,1494,0.10966129489193988
1157,326,1483,0.10967246736604938
1156,324,1480,0.10971449012646055
1170,328,1498,0.10975436950639078
1166,335,1501,0.1097616898792488
1164,331,1495,0.10977720185268629
1168,327,1495,0.10979648307684821
1169,329,1498,0.10980482150943605
1171,333,1504,0.10981131872596435
1167,337,1504,0.10981490711902571
1157,337,1494,0.10982769215530411
1150,336,1486,0.10986333227146323
1151,337,1488,0.10991155067832523
1161,335,1496,0.10995382290315486
1143,337,1480,0.10996988408504009
1153,333,1486,0.11002445067293025
1153,339,1492,0.11005272412411746
1149,336,1485,0.11007717103973544
1160,340,1500,0.11010854310935793
1159,346,1505,0.11011292589784986
1160,344,1504,0.11011974708019238
1150,340,1490,0.11012332858618461
1143,342,1485,0.1101486615543034
1147,340,1487,0.11018774774318178
1143,347,1490,0.11021376259339938
1129,345,1474,0.11024799992111893
1138,348,1486,0.11031046208519246
1152,345,1497,0.11034934378871145
1139,341,1480,0.1103533948085767
1137,338,1475,0.11038685362249724
1143,344,1487,0.11042171463163701
1140,345,1485,0.1104391110793862
1142,341,1483,0.11046104127470478
1138,343,1481,0.11047793619544795
1134,347,1481,0.11050191454305817
1137,342,1479,0.11053346051307866
1145,344,1489,0.11055558138246047
1160,347,1507,0.11055727831645992
1161,344,1505,0.11052559615468478
1165,345,1510,0.11049373235571014
1156,345,1501,0.11045548815712991
1151,345,1496,0.11044084607758478
1157,354,1511,0.11043914087226402
1161,346,1507,0.1104252299628449
1163,350,1513,0.11040358506135345
1149,347,1496,0.110379136260253
1145,351,1496,0.11038868959559142
1140,353,1493,0.11040652060305436
1148,352,1500,0.11043610214584389
1143,350,1493,0.11044486524067382
1136,346,1482,0.1104627020233583
1134,341,1475,0.11049485074923361
1138,337,1475,0.11052806552585803
1141,347,1488,0.11055025882863098
1141,352,1493,0.11056549917559182
1139,350,1489,0.1105787463034567
1132,342,1474,0.1105964159217396
1130,342,1472,0.11062824220040036
1142,342,1484,0.11066064458272752
1149,345,1494,0.11066268493689865
1147,348,1495,0.11064840836642409
1148,344,1492,0.11064072555839026
1143,346,1489,0.11063179285017523
1147,345,1492,0.11063432336404327
1161,349,1510,0.1106279333637833
1155,351,1506,0.11059127114790672
1151,353,1504,0.1105718997450616
1150,353,1503,0.11056231951479362
1142,350,1492,0.1105538842400836
1145,348,1493,0.1105636296150553
1146,352,1498,0.11056720528582772
1146,356,1502,0.1105688854062803
1149,354,1503,0.11057161339621502
1148,352,1500,0.11056589207891858
1149,350,1499,0.11056284481123937
1159,350,1509,0.11055726619560746
1159,348,1507,0.11052902640638566
1152,347,1499,0.11050246552649978
1152,353,1505,0.11049419863914967
1139,357,1496,0.11048644183350273
1134,347,1481,0.11050839021632218
1133,347,1480,0.11053938945690536
1146,342,1488,0.11057064908001035
1144,347,1491,0.11057020540840061
1137,344,1481,0.11057256884000174
1141,348,1489,0.11059110705716407
1139,352,1491,0.1105975019564593
1150,351,1501,0.11060694545980819
1152,351,1503,0.11059060371437834
1154,342,1496,0.11056893946091748
1139,349,1488,0.11054530104913113
1135,357,1492,0.11055796835664547
1124,357,1481,0.11057888715357567
1132,352,1484,0.11062289665587773
1141,357,1498,0.11064545684891587
1142,356,1498,0.11064572064138374
1142,361,1503,0.11064441467581577
1139,363,1502,0.11064439328833624
1142,365,1507,0.11065161672334943
1133,368,1501,0.11065141928760125
1140,364,1504,0.11067148400381292
1142,370,1512,0.11067495505607186
1133,371,1504,0.11067491245713597
1129,365,1494,0.1106953875433927
1122,365,1487,0.1107228408619087
1129,360,1489,0.11076402423420774
1134,364,1498,0.1107870026831706
1133,365,1498,0.11079741190013827
1133,364,1497,0.11080885018707566
1133,369,1502,0.11082061027508992
1120,368,1488,0.11083091615644332
1118,372,1490,0.11086907715016742
1120,371,1491,0.11090910167555976
1126,376,1502,0.11094138496441841
1129,381,1510,0.11095551271819876
1131,374,1505,0.11096221495102927
1133,377,1510,0.11096543814682541
1122,376,1498,0.11096334711439074
1126,386,1512,0.11098817342318906
1119,382,1501,0.11100173772321689
1120,375,1495,0.11102875888410914
1102,383,1485,0.11105099183526475
1109,386,1495,0.11111286291650722
1101,383,1484,0.11115263907704069
1102,384,1486,0.11120673576225175
1101,383,1484,0.11125403893640316
1098,386,1484,0.11129878019952527
1085,386,1471,0.11134701888540832
1093,382,1475,0.11142093341307277
1094,381,1475,0.11147060636260558
1096,385,1481,0.11151440777484414
1092,384,1476,0.1115514354076559
1090,387,1477,0.11159652035618778
1100,388,1488,0.11164391374782615
1102,389,1491,0.11166356532982649
1094,393,1487,0.11167681543969364
1094,388,1482,0.11170732005529267
1111,388,1499,0.1117357207811887
1095,390,1485,0.11172195807427958
1106,396,1502,0.11174692598190507
1117,398,1515,0.1117458992126437
1117,391,1508,0.11172135275383348
1112,396,1508,0.11169971413562298
1100,393,1493,0.11169200632289879
1101,400,1501,0.11171213747808462
1101,404,1505,0.11172863009491049
1096,403,1499,0.11174355958757445
1099,408,1507,0.11176773479182046
1098,412,1510,0.11178470876245901
1097,406,1503,0.11180428560669935
1108,411,1519,0.11182407521708428
1097,409,1506,0.11181793091061078
1092,408,1500,0.11183813559158896
1094,409,1503,0.11186905390542579
1082,399,1481,0.11189249630490625
1096,393,1489,0.11194019752753696
1090,400,1490,0.11195241654446134
1084,406,1490,0.1119786106064832
1074,405,1479,0.1120169100982044
1094,407,1501,0.11207432047180951
1099,407,1506,0.11208033185674329
1107,409,1516,0.11207577434261408
1098,416,1514,0.11205298181404025
1097,408,1505,0.11205433791774755
1102,418,1520,0.11205911735517066
1096,421,1517,0.11205201887361213
1099,420,1519,0.11205990939357388
1095,409,1504,0.11206209658015358
1084,405,1489,0.11207279619083414
1087,408,1495,0.11210756534988356
1087,414,1501,0.11213312469538046
1070,414,1484,0.112156087024083
1084,412,1496,0.11221574575610557
1082,414,1496,0.11223813096581636
1076,414,1490,0.11226412017831713
1068,419,1487,0.11230272520507995
1062,415,1477,0.11235583115710686
1068,415,1483,0.11241897219851717
1063,415,1478,0.11246402779920701
1062,417,1479,0.11251767629626329
1061,426,1487,0.1125680809417969
1065,429,1494,0.11261621740593063
1060,428,1488,0.11265284632695628
1051,423,1474,0.1126974638507315
1064,422,1486,0.11276065867802437
1057,423,1480,0.11278947012973056
1060,421,1481,0.11283201092984609
1064,418,1482,0.1128641950173378
1071,422,1493,0.1128869350342885
1070,422,1492,0.11289231421020857
1070,428,1498,0.11290165013297238
1055,431,1486,0.11290830983179552
1057,431,1488,0.112948789620708
1050,437,1487,0.11298100304749802
1061,432,1493,0.11302673773957568
1070,427,1497,0.11304296115658824
1070,428,1498,0.11303857157662493
1067,426,1493,0.11303518715386666
1050,431,1481,0.11303797451090249
1050,433,1483,0.11307870800827761
1055,432,1487,0.11311652007704756
1057,436,1493,0.11314109260190587
1063,427,1490,0.1131586154847625
1073,431,1504,0.11316266878431762
1073,437,1510,0.11314455238031723
1079,441,1520,0.11312614823441795
1073,443,1516,0.11309480751552854
1068,441,1509,0.11308164295733285
1074,440,1514,0.1130807418943445
1070,437,1507,0.11306665389525389
1066,428,1494,0.11306235275894423
1052,429,1481,0.11306852500549226
1061,430,1491,0.1131062281720926
1061,429,1490,0.11311939892520922
1058,426,1484,0.11313239538274032
1051,425,1476,0.11315175108385561
1053,432,1485,0.11318737256882098
1056,428,1484,0.11321469102110758
1058,425,1483,0.11323407514019408
1047,427,1474,0.11324667890547369
1049,432,1481,0.11328250730369432
1058,428,1486,0.11330997595860268
1057,430,1487,0.11331503460771433
1052,434,1486,0.11332143309973923
1059,430,1489,0.11333923237975263
1077,435,1512,0.11333918741513475
1076,438,1514,0.11329973121111842
1066,435,1501,0.11326627817676
1069,431,1500,0.11325933966567639
1073,428,1501,0.11324655353759361
1075,425,1500,0.11322501826080276
1077,421,1498,0.11320138547098736
1083,432,1515,0.11317567850578815
1086,429,1515,0.113138241992982
1068,429,1497,0.1130987240450677
1070,429,1499,0.11310356261764472
1063,429,1492,0.11310374616846222
1063,438,1501,0.11311940140474495
1070,442,1512,0.11313509776366919
1065,437,1502,0.11313312483157528
1056,435,1491,0.11314316568681981
1057,433,1490,0.11317249821646726
1059,435,1494,0.11319794625887983
1069,434,1503,0.11321616623199933
1075,431,1506,0.11320933906238598
1076,439,1515,0.1131917733282193
1079,433,1512,0.11317336799589021
1064,437,1501,0.11314896603646062
1067,431,1498,0.11316002007496222
1079,434,1513,0.11316368887638674
1070,433,1503,0.1131384709841785
1079,427,1506,0.11313451460985097
1070,432,1502,0.1131093323662174
1071,430,1501,0.11310846715294652
1067,431,1498,0.11310306659421246
1072,424,1496,0.11310586697396033
1070,419,1489,0.11309518061658369
1069,414,1483,0.11309055292845835
1073,413,1486,0.11308854585086728
1063,418,1481,0.11307711917712666
1069,422,1491,0.11309072367602187
1065,422,1487,0.11309003690008312
1070,421,1491,0.11309853660158346
1077,424,1501,0.11309513756626693
1067,428,1495,0.11307706562967411
1063,428,1491,0.11308371893827791
1069,424,1493,0.11309834372075567
1074,430,1504,0.11309766974725678
1079,430,1509,0.1130852805919809
1075,432,1507,0.1130627171468063
1069,436,1505,0.11305253109678634
1067,436,1503,0.11305757752655944
1054,438,1492,0.11306952061310521
1051,438,1489,0.11311046004941666
1040,440,1480,0.11315628509230244
1058,440,1498,0.11322251778269145
1064,446,1510,0.1132426030235861
1068,442,1510,0.1132468246269917
1067,441,1508,0.11324153226024145
1071,434,1505,0.11323839283674689
1081,429,1510,0.11322546730507742
1078,424,1502,0.11319030394638936
1064,426,1490,0.11316478901169105
1075,423,1498,0.11317432885345662
1081,426,1507,0.11315872158335427
1083,424,1507,0.11312898166179407
1091,419,1510,0.11309654106402504
1083,420,1503,0.11304873618181117
1067,425,1492,0.11302341092690268
1068,420,1488,0.11303661611819532
1072,419,1491,0.11304604827426905
1063,428,1491,0.11304591301957143
1066,430,1496,0.11306697785781691
1066,432,1498,0.11307963364166124
1065,437,1502,0.11309070998998598
1064,438,1502,0.11310264031746552
1070,422,1492,0.11311720448149234
1063,429,1492,0.11311626801105447
1068,439,1507,0.11313235688230555
1070,444,1514,0.11313614207931166
1063,438,1501,0.11313566627138882
1062,446,1508,0.1131527287018771
1060,438,1498,0.11316917009635485
1057,437,1494,0.11318942064029901
1056,442,1498,0.11321526000891952
1053,442,1495,0.1132414818241913
1055,438,1493,0.11327258725737988
1051,433,1484,0.11329720493061428
1053,434,1487,0.11332829588281416
1053,445,1498,0.11335174676392373
1056,438,1494,0.11337291847838739
1060,436,1496,0.11338703967902937
1066,439,1505,0.11338913009821437
1057,436,1493,0.11337623725570832
1049,449,1498,0.1133848835765287
1064,449,1513,0.11341109523230244
1055,452,1507,0.11339932353149644
1061,450,1511,0.11340987343059243
1057,451,1508,0.11340505568889822
1063,448,1511,0.11340946627909693
1059,451,1510,0.11340038644091335
1061,453,1514,0.11340165032426856
1048,452,1500,0.11339788146205768
1060,448,1508,0.11342483826520272
1060,443,1503,0.11342236859144199
1066,452,1518,0.11342042622165278
1072,457,1529,0.1134047906241183
1067,456,1523,0.11337747870306782
1051,454,1505,0.1133636697552155
1040,458,1498,0.11338857186831412
1036,462,1498,0.11343691748423154
1043,468,1511,0.11349143391428586
1049,462,1511,0.11352589916118046
1053,471,1524,0.11354486188348875
1046,471,1517,0.1135549828901396
1041,471,1512,0.11357974669182117
1026,479,1505,0.11361441871943372
1030,474,1504,0.11367998916006176
1018,474,1492,0.11373135449229611
1017,479,1496,0.11380598194824383
998,473,1471,0.11387652163285336
1015,470,1485,0.1139842976311354
1014,479,1493,0.1140441985023377
1020,485,1505,0.11410217905645555
1019,482,1501,0.1141422655152699
1023,483,1506,0.11418236626730835
1031,480,1511,0.11420923370594561
1026,479,1505,0.11421552857004787
1023,477,1500,0.11423351433813711
1034,481,1515,0.11425842073073937
1031,480,1511,0.11425672970737981
1025,487,1512,0.11426199833425586
1014,488,1502,0.11428322203307655
1018,492,1510,0.11432773667374024
1007,493,1500,0.11435730281255918
1003,498,1501,0.11441116145471315
1006,496,1502,0.11447079129105084
1016,499,1515,0.11451945677354775
1011,502,1513,0.11454098141565684
998,503,1501,0.11457336932223193
994,500,1494,0.11463191634750182
990,500,1490,0.11469692412547446
989,500,1489,0.11476653979269265
1003,511,1514,0.11483337031786682
991,510,1501,0.11486281075698714
983,512,1495,0.11491913272132927
996,517,1513,0.11498902538605808
986,520,1506,0.11502305610023787
986,515,1501,0.11507896688370928
992,528,1520,0.11513169956231599
988,519,1507,0.11516613017159225
991,508,1499,0.11520672557147707
988,514,1502,0.11523726740222077
988,513,1501,0.11527350095430675
984,513,1497,0.11530484539889435
989,510,1499,0.11534267224444573
986,514,1500,0.11536526195372641
979,508,1487,0.11539174058655657
991,517,1508,0.11543181892984766
982,511,1493,0.11544164300273352
968,518,1486,0.11547209929722832
967,514,1481,0.11553205887044697
961,514,1475,0.11558959177942196
965,521,1486,0.11565607720395618
974,524,1498,0.11570905812424317
962,525,1487,0.11573810359670411
970,530,1500,0.1157940989498409
975,528,1503,0.11582837142905973
969,523,1492,0.11584775878717003
966,522,1488,0.1158790722794501
967,518,1485,0.11591567503657281
975,519,1494,0.1159467442447044
971,533,1504,0.11595645558316296
968,529,1497,0.11597573383332184
960,534,1494,0.11600108945989379
962,539,1501,0.11604264539795395
968,538,1506,0.11607585768453368
965,537,1502,0.11609361313390444
967,529,1496,0.11611684912296372
967,542,1509,0.11613375300520738
968,551,1519,0.11614930484505911
961,545,1506,0.11616311179466109
964,545,1509,0.11619345162869113
971,554,1525,0.11621474996855019
968,557,1525,0.1162169400945805
965,552,1517,0.11622655018485492
960,553,1513,0.11624326319562168
953,555,1508,0.11627037601799894
938,555,1493,0.11631252232233534
942,558,1500,0.1163854381851193
943,551,1494,0.11644396184124085
942,554,1496,0.11649638029966888
932,547,1479,0.11654706568332351
934,557,1491,0.1166167724596188
925,557,1482,0.11667671140213902
917,555,1472,0.11675383343844527
926,555,1481,0.11684343048100658
926,556,1482,0.11690450652861538
931,561,1492,0.11696085900376049
941,556,1497,0.1170007020060341
949,559,1508,0.11701422886527489
944,565,1509,0.11700776957270069
940,562,1502,0.11701378135889748
933,568,1501,0.11702785231660355
935,561,1496,0.11705776160387177
937,559,1496,0.11708065928813383
937,561,1498,0.117097489250015
926,555,1481,0.11711170563369491
934,558,1492,0.11715044163834093
933,563,1496,0.11716762441224099
941,569,1510,0.11718635409760488
951,565,1516,0.11718396645961934
953,559,1512,0.11715801498271362
941,563,1504,0.11713047861073703
934,563,1497,0.1171336531990353
929,566,1495,0.11715473228205192
929,570,1499,0.1171855475953927
923,581,1504,0.11721590225149345
923,576,1499,0.11725753587618536
931,576,1507,0.1172958400925371
938,580,1518,0.11731217901454262
924,585,1509,0.11731097472454913
922,588,1510,0.11734430389499115
915,590,1505,0.11738005256768405
918,592,1510,0.1174306596911623
909,596,1505,0.11747159744345033
907,591,1498,0.11753145112220155
908,603,1511,0.11759100765357378
905,598,1503,0.11764429843703969
903,599,1502,0.11770132154532602
902,595,1497,0.11775996935004972
901,599,1500,0.11781614811234516
900,592,1492,0.117870573086744
897,605,1502,0.11792329203141488
894,609,1503,0.11797888417823472
896,604,1500,0.11803652162057127
894,611,1505,0.11808576950739579
886,610,1496,0.11813652700134071
898,608,1506,0.11820392699393967
896,608,1504,0.1182374897184987
889,612,1501,0.11827307313755213
894,612,1506,0.11831980165129685
885,611,1496,0.1183521516055346
881,604,1485,0.1184036750377992
885,604,1489,0.11846039589123744
898,605,1503,0.11850425026768699
907,601,1508,0.11851357648769031
914,607,1521,0.11850177372892233
903,604,1507,0.1184766568169674
898,600,1498,0.11847931291534965
895,603,1498,0.11849432368947166
893,612,1505,0.11851530790017711
888,611,1499,0.11853928210578488
895,609,1504,0.11857431702190514
905,602,1507,0.11859064048251236
903,612,1515,0.1185820508682513
891,607,1498,0.11857929442860587
886,607,1493,0.11860644561437646
889,603,1492,0.11864307536621736
886,609,1495,0.118669434039998
890,614,1504,0.11869936197118008
876,615,1491,0.11871640265224098
886,613,1499,0.11876449723499888
886,615,1501,0.11878471927351349
866,616,1482,0.11880362241105402
870,626,1496,0.11886827460409616
874,629,1503,0.11892122922419837
890,627,1517,0.11896133941876957
888,627,1515,0.11896242469751346
883,630,1513,0.11896911392646334
885,630,1515,0.11898653152694616
873,626,1499,0.1189985858604426
883,630,1513,0.11903822281384262
878,629,1507,0.1190514987948497
884,624,1508,0.11907607792996897
875,629,1504,0.11908428458538652
871,618,1489,0.11911342574546908
879,622,1501,0.11915005338763919
879,623,1502,0.11916636642715192
881,639,1520,0.11918152509956408
875,644,1519,0.11919064869617513
859,637,1496,0.11921331644755842
861,643,1504,0.1192728146310667
867,655,1522,0.11932305929365868
875,651,1526,0.11935351995248844
860,654,1514,0.11936403932833174
861,652,1513,0.11941019621846119
861,640,1501,0.11945016575112483
857,640,1497,0.1194870611854666
863,641,1504,0.11953106043887296
863,636,1499,0.11955693495126404
865,617,1482,0.11958097056451196
863,625,1488,0.11959789716672976
869,624,1493,0.11961825172917241
884,631,1515,0.11962343218867827
882,644,1526,0.11959077198908062
869,650,1519,0.11956603993779265
854,640,1494,0.11957529420156611
860,637,1497,0.11962062978599303
873,642,1515,0.11964669640016505
866,642,1508,0.11963993100920885
866,634,1500,0.11965090488048194
880,646,1526,0.1196606069638727
876,642,1518,0.11963502306641174
875,645,1520,0.11962059136202977
886,645,1531,0.1196098924762547
885,644,1529,0.1195750793915645
872,638,1510,0.1195448300660489
865,645,1510,0.11954832082508521
864,644,1508,0.11956678161473139
863,648,1511,0.1195881200471923
852,650,1502,0.11961080480773155
857,645,1502,0.11965760451376545
860,649,1509,0.1196888207248485
851,654,1505,0.11971138016793073
848,654,1502,0.11975428934883446
850,646,1496,0.11980078740332667
855,649,1504,0.119840372512949
861,651,1512,0.11986388192490914
856,643,1499,0.11986937899335107
857,651,1508,0.11988673133089012
850,659,1509,0.11990017986127639
838,650,1488,0.11992964121477286
845,650,1495,0.11998593108970164
847,652,1499,0.12002151487489442
854,652,1506,0.12005027549592068
858,642,1500,0.12005876867913776
850,638,1488,0.12005713301425323
852,644,1496,0.1200733377474555
848,653,1501,0.12008407535471578
853,655,1508,0.12010345785113445
852,657,1509,0.12010839216009409
855,651,1506,0.12011604969528818
856,650,1506,0.12011648730253327
850,663,1513,0.12011603535056228
849,671,1520,0.12012983925103857
846,669,1515,0.12014435070238001
838,675,1513,0.12016540240656944
842,674,1516,0.12020312098868267
836,671,1507,0.1202292021609466
844,669,1513,0.1202674100649695
840,669,1509,0.12028281847512481
844,665,1509,0.12030580388419593
841,668,1509,0.1203162220913804
842,666,1508,0.12033466804850043
833,669,1502,0.12034907414722762
833,667,1500,0.12038480731090775
824,666,1490,0.12041896174289875
809,664,1473,0.1204717963302778
822,674,1496,0.12055622188404472
829,677,1506,0.12060300232099681
828,680,1508,0.1206294827004163
830,676,1506,0.1206562211343811
833,675,1508,0.12067480685787732
829,672,1501,0.12068357204679867
839,671,1510,0.12069937587765166
840,686,1526,0.12069082400640692
833,683,1516,0.1206794119276236
827,679,1506,0.12068857370699508
823,678,1501,0.12071241200332945
814,676,1490,0.12074507318316
815,682,1497,0.12079775459919162
811,683,1494,0.12084384785593233
810,693,1503,0.12089574595557866
814,694,1508,0.12094773424359533
816,691,1507,0.12098570929881504
818,695,1513,0.12101507662115632
824,698,1522,0.12103835754466441
821,702,1523,0.12104415290867841
815,696,1511,0.12105715246499767
816,693,1509,0.12108468678903545
807,699,1506,0.1211078976302613
806,705,1511,0.12115067805997398
795,703,1498,0.12119294998841422
800,701,1501,0.12125786875761037
808,701,1509,0.1213061381945013
803,699,1502,0.12133211588213616
805,706,1511,0.12136916435556784
799,700,1499,0.12139972439696745
798,687,1485,0.12144181877700365
804,698,1502,0.12148288273854721
806,699,1505,0.12150731473278213
806,697,1503,0.12152482972893162
816,706,1522,0.1215412467800055
805,704,1509,0.12153379020527443
806,713,1519,0.12155461769721637
796,708,1504,0.12157289807771274
801,704,1505,0.12161492467482443
805,695,1500,0.12164238615702665
805,696,1501,0.1216578759396402
786,699,1485,0.12167019557543272
790,712,1502,0.1217273305038388
791,717,1508,0.12176998702399605
791,716,1507,0.121806485610946
794,717,1511,0.12184030232361226
800,722,1522,0.12186494665807572
797,704,1501,0.12187172045227776
800,710,1510,0.12188507539036314
796,706,1502,0.12188993515167226
812,707,1519,0.12190339481023643
811,708,1519,0.121876680016703
810,712,1522,0.12185409202094044
810,708,1518,0.12183593352167373
811,710,1521,0.12181960017743859
799,706,1505,0.12180211348449672
801,712,1513,0.12181462589413741
795,714,1509,0.12182138766202226
795,711,1506,0.1218416978393106
792,720,1512,0.1218605128452662
795,715,1510,0.1218863505156442
798,714,1512,0.1219028075711076
805,712,1517,0.12191128532591794
812,710,1522,0.12190159709152606
805,720,1525,0.12187569542348939
798,710,1508,0.12187043945951258
799,710,1509,0.12188285772414575
794,701,1495,0.12189281085064523
804,702,1506,0.12191389698152044
805,699,1504,0.12190783580063806
810,703,1513,0.12190119459991365
809,701,1510,0.1218817922481977
797,686,1483,0.1218664990825492
799,695,1494,0.12188291932066374
797,700,1497,0.12189231926385144
788,699,1487,0.12190497362294486
792,703,1495,0.12193924795126412
784,706,1490,0.12196087185058191
787,718,1505,0.12199967949137747
788,716,1504,0.12202927446963159
790,716,1506,0.12205247438961458
794,720,1514,0.12206910617385408
783,710,1493,0.12207503262557534
782,713,1495,0.12210702764330601
783,723,1506,0.12214040040772907
794,725,1519,0.12216983434609613
799,720,1519,0.12217155631614475
793,724,1517,0.12216068723101799
795,729,1524,0.12216624475487556
783,726,1509,0.12216677290377892
786,726,1512,0.12219724033479668
788,728,1516,0.12222091079465354
777,733,1510,0.1222395027481416
775,727,1502,0.12228195040595774
778,733,1511,0.12232460883055768
771,725,1496,0.12235700441394001
764,731,1495,0.12240238582584467
759,720,1479,0.12246041012978787
767,718,1485,0.122526058409294
768,732,1500,0.12256685229337112
782,728,1510,0.12260116421830056
786,727,1513,0.12259904768729374
786,719,1505,0.12258669998121341
781,710,1491,0.12257683022340837
771,713,1484,0.1225793568862601
777,712,1489,0.12260636602406452
783,717,1500,0.12261688641291556
784,715,1499,0.12261208875685753
788,721,1509,0.12260482195395844
777,723,1500,0.12258913849207115
770,718,1488,0.1226015925916404
772,723,1495,0.12262887292420835
770,730,1500,0.12265003595271294
773,725,1498,0.12267369603446893
779,726,1505,0.12268828510115902
780,729,1509,0.12268679457408554
786,730,1516,0.12268501528454008
780,728,1508,0.12266821851914383
774,730,1504,0.12266700277944738
771,733,1504,0.1226797141206798
762,723,1485,0.12269783574243469
767,725,1492,0.12273571934026545
769,732,1501,0.12275909467814464
769,740,1509,0.12277622233994424
774,744,1518,0.12279244333851964
772,746,1518,0.12279628966081794
764,742,1506,0.12280529350502054
772,735,1507,0.12283303290735749
771,747,1518,0.12283934015685176
763,749,1512,0.12284836253316811
766,748,1514,0.12287550515637406
758,747,1505,0.12289287291223032
747,745,1492,0.12292995092587716
750,744,1494,0.12299090183108391
753,742,1495,0.12304009797142496
763,751,1514,0.12307556068130486
762,740,1502,0.1230846478412074
765,747,1512,0.12309553540861586
759,744,1503,0.12309755827442
763,747,1510,0.12311214030539604
775,745,1520,0.12311478412777109
775,728,1503,0.1230895536403553
773,727,1500,0.12306653309102365
775,725,1500,0.12305046966837256
768,733,1501,0.12303250356965219
770,740,1510,0.12303108455736553
765,733,1498,0.12302521951258086
761,734,1495,0.12303089765388639
761,729,1490,0.12304568877032615
755,735,1490,0.1230616125753266
748,742,1490,0.12309091804253242
752,741,1493,0.12313458753619053
754,746,1500,0.12316492877677
761,738,1499,0.12318634326396381
767,741,1508,0.12318869963388523
764,733,1497,0.12317454424634669
767,736,1503,0.12316966517655929
762,741,1503,0.12315930524639272
762,744,1506,0.12316183730025265
765,742,1507,0.12316521247163008
768,735,1503,0.12316036548808258
760,730,1490,0.12314809785814643
768,733,1501,0.12315682593946256
765,741,1506,0.12314560995213351
773,743,1516,0.12314319230589188
769,739,1508,0.12312156711578734
775,738,1513,0.12311056449231224
768,736,1504,0.12308608879791588
763,742,1505,0.12308121849253845
762,746,1508,0.1230888501068979
768,754,1522,0.12309695968714188
768,753,1521,0.12308965628762536
767,744,1511,0.12308153825268825
764,743,1507,0.12307486400877522
768,745,1513,0.1230746717079208
759,751,1510,0.12306364590861563
761,747,1508,0.12307473220059599
758,742,1500,0.12308019490599077
764,732,1496,0.12309362059945714
767,735,1502,0.1230907795201425
757,738,1495,0.12308149110731403
755,740,1495,0.12309608446844898
759,743,1502,0.12311275129335918
754,744,1498,0.12311903622184374
754,746,1500,0.12313710497179535
761,748,1509,0.12315216313927295
771,743,1514,0.12314875749213101
768,734,1502,0.1231226641403754
755,739,1494,0.1231061270207076
758,735,1493,0.12312479803487936
766,738,1504,0.12313384453364491
764,736,1500,0.12312135580947046
766,732,1498,0.12311454756106432
768,733,1501,0.12310240728440215
771,738,1509,0.12308642814381204
764,749,1513,0.12306516233255405
762,736,1498,0.12306225195137252
763,734,1497,0.12306413009512494
763,736,1499,0.12306353980577915
767,728,1495,0.12306433103063304
759,729,1488,0.12305434404489195
767,737,1504,0.12306425083823415
774,731,1505,0.12305607555486077
767,735,1502,0.12303078212002395
771,740,1511,0.12302315166073136
766,735,1501,0.12300650784604227
765,737,1502,0.12300371942544057
766,744,1510,0.12300450129835189
761,739,1500,0.12300252340040448
764,741,1505,0.1230122346676013
758,749,1507,0.1230139673344089
755,757,1512,0.12302988475657671
756,756,1512,0.12305265269825676
753,751,1504,0.12307193265520962
762,748,1510,0.12309834173921187
750,747,1497,0.12309985154919562
757,748,1505,0.12313082401144491
760,744,1504,0.12314320294485322
750,746,1496,0.1231471665790627
754,747,1501,0.12317320001010348
765,747,1512,0.12318912479563883
750,757,1507,0.12317798577147411
758,741,1499,0.12320462135637687
752,752,1504,0.12320946285182977
759,757,1516,0.12322970256828958
749,753,1502,0.12323234792912018
753,747,1500,0.12325888772880253
751,748,1499,0.1232739767156525
744,763,1507,0.12329268714784583
739,764,1503,0.12332703588638992
738,763,1501,0.12336998128133005
742,753,1495,0.12341127399243498
739,758,1497,0.12344027653659864
742,757,1499,0.12347352039785754
742,764,1506,0.12349714044901805
734,774,1508,0.1235193991337439
742,776,1518,0.12355897185168237
739,772,1511,0.12357560121389038
734,786,1520,0.12359911476556446
731,787,1518,0.12363352178987556
726,781,1507,0.12367203567546065
726,781,1507,0.12372014389589361
725,775,1500,0.12376500303090054
716,788,1504,0.12380651715348963
720,780,1500,0.12386634398176208
720,785,1505,0.12391197167250505
726,794,1520,0.1239543973703828
715,780,1495,0.12397967292462632
718,781,1499,0.12402905969263965
720,773,1493,0.12406780465943835
727,773,1500,0.12409911248686864
722,773,1495,0.12411243804742508
720,780,1500,0.1241381127201841
716,783,1499,0.12416648883500389
712,791,1503,0.12420441884775599
709,800,1509,0.12424889949414401
718,786,1504,0.12429628561749712
734,786,1520,0.12431856776706493
723,783,1506,0.12430129153941788
725,794,1519,0.12431327008187658
724,795,1519,0.12431978185219464
716,784,1500,0.12432835427048992
711,790,1501,0.12435649205704624
702,793,1495,0.12439627881435608
690,799,1489,0.12445751325027324
696,792,1488,0.12454405284147882
701,800,1501,0.1246105793489896
700,804,1504,0.12465998006505102
700,801,1501,0.12471001324960217
696,812,1508,0.12475714530508601
692,805,1497,0.12481105548532438
675,815,1490,0.12487270728849781
670,821,1491,0.1249718328042775
676,836,1512,0.12507719702765285
678,833,1511,0.12516042781302697
688,826,1514,0.12523024045340223
685,828,1513,0.1252713266584258
683,834,1517,0.1253175050477997
681,835,1516,0.12536410260755956
682,829,1511,0.12541193794670277
680,835,1515,0.12545409340122735
677,839,1516,0.1254974715423567
667,837,1504,0.12554510371698285
664,835,1499,0.12561298937914558
668,835,1503,0.12568441561655938
661,833,1494,0.125740056795289
666,827,1493,0.12580754364621588
660,816,1476,0.12585736849233167
670,827,1497,0.12591931118950747
672,834,1506,0.12595168952280372
676,833,1509,0.12597763739556508
670,844,1514,0.12599353729731494
676,837,1513,0.12602304492250402
674,838,1512,0.12603678901756474
667,839,1506,0.12605458883203263
661,846,1507,0.1260885617468431
665,846,1511,0.12613374615078565
681,847,1528,0.1261658968826634
675,853,1528,0.1261565970899178
674,846,1520,0.1261625499844199
671,845,1516,0.12616993286840034
672,845,1517,0.12618498112519683
665,846,1511,0.12619827075891213
668,845,1513,0.12622635329711648
661,840,1501,0.1262449412297115
659,847,1506,0.12627829722453446
655,835,1490,0.1263141671305201
653,837,1490,0.12635671022663766
649,844,1493,0.12640311105854216
656,846,1502,0.12645707400904713
655,844,1499,0.1264906489732806
653,845,1498,0.12652557300637304
654,849,1503,0.12656257493054276
650,848,1498,0.12659461371638392
652,848,1500,0.12663567356257172
654,853,1507,0.12666853950469573
651,859,1510,0.12669489407471932
642,860,1502,0.1267262023785145
637,862,1499,0.1267764198797378
640,870,1510,0.12683521928550315
643,866,1509,0.12688356506866413
644,871,1515,0.126922632611906
648,861,1509,0.12695641789982953
649,863,1512,0.1269775886649441
650,862,1512,0.12699531212047954
654,855,1509,0.12700995731666542
650,862,1512,0.12701250577611667
650,860,1510,0.12702424974415016
656,853,1509,0.12703510226734444
654,853,1507,0.12703081012485798
643,858,1501,0.1270331415323818
645,862,1507,0.12706114641607313
644,872,1516,0.12708278805146012
645,868,1513,0.12710437820560164
647,867,1514,0.12712305185154704
640,875,1515,0.12713425810110976
648,876,1524,0.1271626161655636
649,867,1516,0.12716860938266453
649,863,1512,0.12717167583061456
653,857,1510,0.12717354277274487
658,855,1513,0.12716455319578815
665,869,1534,0.12714466467837257
660,868,1528,0.12710998897336975
655,867,1522,0.1270923205318273
662,870,1532,0.12708839238375907
655,872,1527,0.12706691869779738
652,866,1518,0.12706452129585596
644,865,1509,0.12706986967527595
638,865,1503,0.1270946422944331
634,871,1505,0.12713142165492308
630,870,1500,0.1271765671318062
625,867,1492,0.12722861529012294
626,869,1495,0.1272870948293505
623,878,1501,0.1273375270173719
634,866,1500,0.12739016853985666
626,864,1490,0.12741050345237867
631,869,1500,0.12744812097173736
632,866,1498,0.1274718406768808
624,871,1495,0.12749051373540168
636,874,1510,0.12752718133650753
633,879,1512,0.1275312342636208
634,878,1512,0.12754187452800766
635,882,1517,0.1275498136108588
627,876,1503,0.12755611880414366
628,877,1505,0.12758088644651572
623,884,1507,0.1276020079467731
628,884,1512,0.12763362603291145
625,887,1512,0.12765061567458214
617,888,1505,0.12767405318530994
617,898,1515,0.12771579665119898
613,894,1507,0.12775591535277628
614,890,1504,0.12780192491594333
610,901,1511,0.12784233753239815
611,903,1514,0.1278888216101982
621,903,1524,0.12792773821537579
614,918,1532,0.1279398154631355
610,903,1513,0.12796875242989916
619,901,1520,0.12800572457366624
616,900,1516,0.12801851895409103
602,908,1510,0.12803736210377017
602,900,1502,0.12808911709586554
611,906,1517,0.12813630070262694
612,907,1519,0.12815732625436685
615,910,1525,0.12817409170782004
621,901,1522,0.1281822494080968
622,907,1529,0.12817478529936976
618,896,1514,0.1281657381192326
612,902,1514,0.12816733003720016
605,902,1507,0.1281836793934164
600,903,1503,0.12821605642868125
600,912,1512,0.128258051600745
596,901,1497,0.1282955036330707
585,902,1487,0.128340608236478
593,905,1498,0.1284094242725131
592,923,1515,0.12845278805281843
590,933,1523,0.12849592759835318
590,926,1516,0.12854157318325019
576,911,1487,0.12858455462548052
574,924,1498,0.12865922473714228
572,938,1510,0.12873314126829988
569,933,1502,0.1288078393949559
561,931,1492,0.12888509430465278
569,931,1500,0.12897621707320067
572,929,1501,0.1290415311781551
573,930,1503,0.12909357646623068
575,927,1502,0.12914162212365682
574,939,1513,0.12918162417982815
577,938,1515,0.12922201363943375
578,940,1518,0.12925155604144256
572,938,1510,0.12927688118092942
570,941,1511,0.1293160673719852
566,954,1520,0.12935846307709326
566,947,1513,0.12940596060146903
556,948,1504,0.12945034129591193
552,942,1494,0.12951864998708174
555,942,1497,0.12959116451971842
547,941,1488,0.12965124208370374
546,936,1482,0.12972707020899218
542,944,1486,0.12979830520949126
553,947,1500,0.12987368392409793
555,942,1497,0.12991553851028667
555,948,1503,0.12994976820457274
551,942,1493,0.12998124715325624
552,959,1511,0.13002037531657656
537,943,1480,0.1300542849348086
542,961,1503,0.13012472368260938
546,968,1514,0.13017787183899932
538,968,1506,0.1302170098701433
537,979,1516,0.1302749342603861
538,974,1512,0.13033166807093013
536,968,1504,0.13038191357050033
536,972,1508,0.1304332173528543
545,970,1515,0.13048090734860654
550,968,1518,0.13050060229222396
545,969,1514,0.13050538963487393
545,962,1507,0.13052269483293563
539,970,1509,0.13053877412178896
538,961,1499,0.13056884207205338
528,957,1485,0.1305993209658225
538,949,1487,0.1306524890848877
543,957,1500,0.13067620105416508
544,966,1510,0.13068567349389315
535,957,1492,0.13069246713392266
536,959,1495,0.13072152082996402
537,974,1511,0.13074533297365323
538,970,1508,0.1307628298743602
539,970,1509,0.1307777106239354
540,976,1516,0.13079084019607573
545,975,1520,0.1308010923510155
545,966,1511,0.13079839933988086
540,978,1518,0.13079509116251573
539,973,1512,0.13080483258291487
542,963,1505,0.13081857628676022
538,971,1509,0.1308236736742086
534,975,1509,0.13083887566967572
532,973,1505,0.13086252898866735
531,973,1504,0.13088893124051382
533,978,1511,0.1309168408258668
531,980,1511,0.13093805962389646
539,979,1518,0.13096274135181074
533,976,1509,0.13096587541167773
531,966,1497,0.13098418756056698
529,977,1506,0.13100781224971902
539,977,1516,0.13103482807006644
533,981,1514,0.13103424799525767
538,987,1525,0.13104917317033862
528,979,1507,0.131050170298251
523,981,1504,0.13107625408026924
522,978,1500,0.131112700696951
520,982,1502,0.1311494921946775
520,991,1511,0.13118861701898207
515,992,1507,0.13122338667936817
511,983,1494,0.13126856312919002
501,993,1494,0.13132198505497097
503,996,1499,0.13139890617190114
498,989,1487,0.1314649464281328
501,989,1490,0.1315381361669604
496,1002,1498,0.13159740550169233
501,994,1495,0.13166644766732216
498,1005,1503,0.13171791397303617
504,1004,1508,0.13177179512409753
503,1003,1506,0.13180488672569549
506,1010,1516,0.131838632266833
495,1009,1504,0.13186160943576905
500,1015,1515,0.13191287103749832
508,1023,1531,0.1319473356226057
503,1017,1520,0.1319578683190721
500,1023,1523,0.13197980105549525
491,1019,1510,0.13200828061706799
488,1010,1498,0.13205767259359263
496,1017,1513,0.1321108737761476
489,1008,1497,0.1321401003127435
489,1004,1493,0.13218578174157
491,1025,1516,0.13222867457538576
495,1027,1522,0.13226266413560503
506,1035,1541,0.13228386988136465
500,1016,1516,0.1322751426973383
494,1014,1508,0.13228219577573053
500,1020,1520,0.13230523909332353
494,1036,1530,0.13231173334501237
486,1039,1525,0.13233282637260138
485,1042,1527,0.1323738011680501
479,1034,1513,0.1324143286487813
478,1032,1510,0.13246681706316982
472,1038,1510,0.13251826531599917
479,1040,1519,0.13258179701280084
472,1049,1521,0.13262237302026175
472,1046,1518,0.1326782195038866
465,1053,1518,0.13272994941539662
464,1053,1517,0.13279592146014552
456,1053,1509,0.13285971230424848
459,1054,1513,0.13293966160303053
459,1050,1509,0.13300692370282605
460,1047,1507,0.13306972281868015
457,1055,1512,0.13312326558259396
459,1052,1511,0.13318113234572632
465,1050,1515,0.13323036818595047
464,1040,1504,0.1332607661493683
458,1045,1503,0.13329265927018688
459,1051,1510,0.1333382574247737
452,1045,1497,0.13337853412753262
446,1043,1489,0.13343438927170528
448,1057,1505,0.13350131487647007
449,1064,1513,0.1335584177800177
447,1072,1519,0.1336094122646468
450,1075,1525,0.13366226474482612
439,1068,1507,0.13370405964055238
437,1071,1508,0.1337721293161066
430,1075,1505,0.13384111306218094
425,1072,1497,0.13392406306616622
427,1073,1500,0.13401492319083133
430,1075,1505,0.13409353991108955
433,1077,1510,0.13415898921743227
431,1076,1507,0.13421151113912216
435,1074,1509,0.1342665268301059
444,1064,1508,0.1343080910017679
441,1068,1509,0.13432304666909747
438,1066,1504,0.13434522012728048
443,1057,1500,0.134373075264112
438,1063,1501,0.13438642692949843
441,1063,1504,0.13441094274585397
449,1069,1518,0.13442595290264528
436,1070,1506,0.13441890368877074
433,1067,1500,0.13444677640788993
428,1080,1508,0.13448087940745862
438,1076,1514,0.13452612095530042
433,1073,1506,0.1345407343224477
436,1074,1510,0.1345685419290857
436,1083,1519,0.13458707644352796
428,1083,1511,0.13460415661154312
434,1085,1519,0.13464054898132108
430,1083,1513,0.13465964420095108
433,1088,1521,0.13468843460771981
437,1090,1527,0.13470700465107066
443,1081,1524,0.1347129643984283
439,1075,1514,0.13470419820389792
428,1075,1503,0.13470726809196087
428,1079,1507,0.1347388454020302
430,1088,1518,0.13476773106637488
436,1087,1523,0.13478910184367734
433,1087,1520,0.13479463182762735
432,1088,1520,0.13480754666451017
435,1089,1524,0.13482326728796534
425,1078,1503,0.13482960675123146
426,1081,1507,0.1348609475165357
428,1089,1517,0.13488726015735333
435,1081,1516,0.13490602942952268
434,1076,1510,0.13490524809908574
430,1088,1518,0.13490693258080555
422,1094,1516,0.1349182159968726
427,1084,1511,0.13495032547257124
432,1077,1509,0.13496717574023992
425,1099,1524,0.13496950880671688
429,1089,1518,0.13499001946041475
428,1084,1512,0.13499711038954296
423,1095,1518,0.13500606995644396
432,1090,1522,0.13502679467669082
434,1094,1528,0.13502159320609664
431,1095,1526,0.13501159570158205
416,1094,1510,0.1350110275128832
413,1081,1494,0.13504959683163414
415,1090,1505,0.1350933196217082
411,1091,1502,0.13512805462511945
410,1090,1500,0.13517020231418125
413,1092,1505,0.13521185929001178
415,1087,1502,0.1352427747493685
415,1088,1503,0.13526479795675153
421,1088,1509,0.13528528551226301
421,1084,1505,0.13528840496419275
424,1091,1515,0.13529042642180497
427,1088,1515,0.13528549029997372
422,1088,1510,0.1352722079628785
420,1097,1517,0.1352744673592339
420,1094,1514,0.13528244584237015
423,1085,1508,0.13529073098593827
425,1090,1515,0.13529024962985908
420,1087,1507,0.13528485770874854
416,1087,1503,0.13529416782822698
414,1094,1508,0.13531359454283012
409,1099,1508,0.1353369698386231
405,1100,1505,0.1353719331439929
410,1106,1516,0.1354147268364733
402,1114,1516,0.13544187824991702
394,1115,1509,0.13548862682380972
393,1120,1513,0.1355538101407944
396,1119,1515,0.13561759549666477
395,1121,1516,0.1356694269381045
389,1118,1507,0.13571996298145345
398,1116,1514,0.1357834802295085
395,1133,1528,0.13581982274097176
387,1124,1511,0.13586196837738812
387,1127,1514,0.13592209058440935
384,1131,1515,0.13597747005841732
386,1135,1521,0.13603709655331206
385,1128,1513,0.1360870121114287
387,1125,1512,0.13613561298030055
384,1127,1511,0.1361756055211373
388,1126,1514,0.13621981742698197
386,1120,1506,0.13624964528479902
387,1118,1505,0.13628288945700956
389,1116,1505,0.1363108629979363
388,1115,1503,0.136331684347629
387,1116,1503,0.13635329739589172
385,1122,1507,0.13637588404478154
377,1121,1498,0.1364021486353946
381,1128,1509,0.1364492104395466
373,1133,1506,0.1364825941257878
383,1125,1508,0.1365347992857206
389,1121,1510,0.1365570724937318
393,1132,1525,0.13656235793508276
386,1130,1516,0.13655694695616946
381,1129,1510,0.13657060029200968
380,1129,1509,0.13659655797313344
376,1139,1515,0.1366236004263384
380,1137,1517,0.13665862844644053
383,1133,1516,0.13668083323598965
385,1136,1521,0.13669412137948947
377,1135,1512,0.13670191445318416
372,1120,1492,0.13673011909585772
380,1121,1501,0.1367704910376227
377,1120,1497,0.13678709322279595
384,1129,1513,0.13681122173803245
385,1132,1517,0.13681425891912657
380,1136,1516,0.13681458020602708
380,1134,1514,0.13682637842121964
382,1118,1500,0.13683735307111453
376,1124,1500,0.13684182627155775
378,1127,1505,0.13686289012728722
382,1138,1520,0.13687817983142284
378,1134,1512,0.1368824099967162
368,1134,1502,0.13689703236786205
370,1123,1493,0.13693631791017935
363,1138,1501,0.13696772100711374
372,1138,1510,0.13701651409183813
374,1136,1510,0.13703696298216514
376,1128,1504,0.13705095749394433
377,1126,1503,0.1370577913242861
378,1127,1505,0.13706117928487743
382,1133,1515,0.13706236669741126
380,1135,1515,0.13705191094628635
377,1134,1511,0.13704862267248966
369,1146,1515,0.1370540252555489
366,1144,1510,0.13707994923221814
363,1149,1512,0.13711137078764682
370,1142,1512,0.13714929937535714
370,1135,1505,0.13716432738633688
369,1126,1495,0.13717822078544195
376,1126,1502,0.13719346138420055
382,1126,1508,0.13718976525109197
376,1121,1497,0.1371699567547867
375,1128,1503,0.13716740990967566
380,1128,1508,0.13716787818124523
378,1142,1520,0.1371545291387098
380,1140,1520,0.13714691827206563
385,1146,1531,0.1371340551904448
389,1132,1521,0.13710795040885002
386,1125,1511,0.13707482006248323
381,1128,1509,0.13705251683765168
380,1118,1498,0.13704495040314818
389,1114,1503,0.137039261539594
392,1123,1515,0.13700943068076454
395,1117,1512,0.13697344018562893
396,1119,1515,0.13693146746748217
399,1118,1517,0.13689039790372334
396,1114,1510,0.13684362599800876
395,1104,1499,0.13680870546778073
395,1107,1502,0.1367801199896983
395,1116,1511,0.13675221649175542
389,1111,1500,0.13672588611591371
382,1111,1493,0.1367187746331631
382,1125,1507,0.1367310884840608
389,1128,1517,0.1367432980013358
390,1130,1520,0.13673502208625743
386,1124,1510,0.13672372200415114
382,1122,1504,0.13672421095814477
379,1140,1519,0.13673480835685403
384,1142,1526,0.1367530813320179
380,1138,1518,0.13675669711626848
377,1126,1503,0.13677146753340683
382,1134,1516,0.13679381200617174
386,1144,1530,0.13680087781606365
378,1131,1509,0.1367965220142309
373,1135,1508,0.13681455347127383
377,1126,1503,0.1368443938827973
383,1138,1521,0.13686078108169095
380,1139,1519,0.13686080015331606
380,1130,1510,0.1368687012321844
382,1135,1517,0.13687591393746915
384,1132,1516,0.13687686529724577
382,1125,1507,0.13687187912068124
384,1136,1520,0.13687244785212
378,1134,1512,0.13686906919105307
372,1133,1505,0.1368819206090515
377,1137,1514,0.1369109068948546
375,1143,1518,0.1369227710255502
376,1126,1502,0.13693875114269635
378,1130,1508,0.13695149797217493
371,1123,1494,0.13695763020262258
370,1125,1495,0.1369826708436879
370,1124,1494,0.13700888319441734
368,1131,1499,0.13703386761235276
370,1134,1504,0.13706171719472082
366,1132,1498,0.13708168057524922
363,1136,1499,0.13711010171266894
361,1141,1502,0.1371440243239461
364,1158,1522,0.1371805056753799
370,1144,1514,0.13720605898479904
369,1147,1516,0.13721382020004314
367,1148,1515,0.13722422881967206
372,1138,1510,0.1372397898072803
367,1134,1501,0.13724069152249393
369,1139,1508,0.13725424931727928
367,1138,1505,0.13726273495859037
358,1146,1504,0.13727645376254158
354,1147,1501,0.13731454915392355
353,1145,1498,0.13736089611576344
353,1149,1502,0.13740634042949465
359,1151,1510,0.1374486825577791
359,1136,1495,0.13747205374425162
364,1135,1499,0.13749385166547023
354,1142,1496,0.13750009480392117
351,1143,1494,0.1375338475478002
353,1151,1504,0.13757351615312702
356,1150,1506,0.1376054558962826
354,1158,1512,0.13762668582553073
360,1154,1514,0.13765252190612087
360,1156,1516,0.13766063546422413
356,1165,1521,0.1376683306692785
356,1158,1514,0.13768684294809247
357,1171,1528,0.13770328532836007
355,1171,1526,0.13771630972443297
351,1163,1514,0.13773405149207416
358,1163,1521,0.13776150586343913
363,1161,1524,0.13776723780306932
361,1157,1518,0.1377580549575276
364,1154,1518,0.1377551227693441
359,1164,1523,0.13774493299807097
360,1158,1518,0.13774910968548099
359,1152,1511,0.13775050052578497
366,1153,1519,0.13775462062457552
362,1146,1508,0.1377398646733934
358,1133,1491,0.13773805579255627
363,1138,1501,0.13774697231811678
359,1157,1516,0.13774073521052324
352,1156,1508,0.13774513091621357
359,1159,1518,0.13776860013182937
361,1163,1524,0.13777228760002058
358,1154,1512,0.13776938468492667
358,1153,1511,0.13777515799398476
360,1155,1515,0.13778123332944117
358,1152,1510,0.1377812614904
347,1147,1494,0.1377879062156089
345,1162,1507,0.1378236379580528
339,1164,1503,0.13786315446825745
338,1179,1517,0.13791699090494888
342,1186,1528,0.13796942261277115
345,1187,1532,0.13800863043770298
334,1195,1529,0.13803748771664287
335,1191,1526,0.1380949935799609
339,1191,1530,0.1381456439215453
338,1181,1519,0.1381829216734201
342,1178,1520,0.13821966575810843
340,1176,1516,0.1382433055148274
341,1178,1519,0.13827148810734674
344,1177,1521,0.13829719474643373
341,1174,1515,0.13831225036202535
332,1180,1512,0.13833530044390926
334,1197,1531,0.13838192351999454
331,1192,1523,0.138419297260397
324,1184,1508,0.1384635362983697
326,1186,1512,0.1385245498672164
321,1182,1503,0.1385750474803385
325,1184,1509,0.13863473862272885
323,1173,1496,0.13868044148480776
321,1194,1515,0.13872789073663735
322,1201,1523,0.13877774573549706
321,1205,1526,0.13882180487561216
325,1195,1520,0.1388653864801256
321,1193,1514,0.1388965859962377
325,1195,1520,0.13893643748222073
327,1189,1516,0.13896268751792162
321,1195,1516,0.13898243313052688
323,1194,1517,0.13901656649895536
330,1175,1505,0.13904311307467737
326,1175,1501,0.13904762394630443
329,1184,1513,0.1390622264704552
321,1183,1504,0.13906781338312982
324,1184,1508,0.13909535042986929
319,1199,1518,0.13911295847012023
322,1197,1519,0.13914202591861707
319,1190,1509,0.1391605036763135
313,1187,1500,0.13918635899261617
320,1173,1493,0.1392258238320474
323,1185,1508,0.13924292826046725
325,1192,1517,0.13925053627562978
326,1192,1518,0.13925330064800667
322,1191,1513,0.1392532877187632
322,1191,1513,0.13926452654936827
320,1188,1508,0.13927472317800713
321,1193,1514,0.13928927669116412
322,1194,1516,0.13929998926261788
329,1193,1522,0.13930745743541684
332,1188,1520,0.13929470688152673
322,1187,1509,0.13927448344935509
320,1187,1507,0.13928080708687002
326,1189,1515,0.1392931924971719
327,1192,1519,0.13928820601851333
330,1196,1526,0.13928057753983086
333,1188,1521,0.13926451017118718
333,1182,1515,0.13924120308833626
334,1187,1521,0.139220120369927
329,1196,1525,0.13919738577747584
324,1191,1515,0.1391897391122588
325,1195,1520,0.13919638166946247
324,1177,1501,0.13920013084784297
328,1178,1506,0.13920559745232988
331,1181,1512,0.13919933447878524
333,1177,1510,0.1391859504745585
323,1189,1512,0.13916989509765176
321,1199,1520,0.1391835006056088
320,1207,1527,0.13920202781555233
319,1207,1526,0.13922353465689943
308,1200,1508,0.13924602093705385
304,1186,1490,0.13929723903145638
307,1189,1496,0.1393560902585726
309,1197,1506,0.13940185540053537
309,1205,1514,0.1394394072693822
310,1207,1517,0.13947460085488872
306,1209,1515,0.1395044651022719
300,1207,1507,0.13954325908397242
305,1217,1522,0.13959528929381393
301,1213,1514,0.13962969044021484
297,1214,1511,0.139673183099011
300,1210,1510,0.13972512385400399
309,1221,1530,0.13976522041833145
306,1222,1528,0.13977701480620286
304,1212,1516,0.1397959629926179
305,1209,1514,0.13982079441777773
305,1209,1514,0.13984174398465712
297,1210,1507,0.1398623277882549
292,1205,1497,0.13990408785329675
295,1215,1510,0.13995619975454215
297,1211,1508,0.13999783590358894
297,1212,1509,0.1400302162448515
298,1220,1518,0.14006117205322538
290,1216,1506,0.1400875122260107
288,1204,1492,0.1401345684356271
298,1212,1510,0.1401839424048217
295,1213,1508,0.14020216453932707
295,1214,1509,0.1402280037975684
302,1216,1518,0.14025060118472685
304,1218,1522,0.14025213888232874
309,1213,1522,0.140247583608491
310,1213,1523,0.1402299021248148
307,1213,1520,0.14021179093336855
308,1215,1523,0.14020166112592602
304,1216,1520,0.1401896243149119
296,1212,1508,0.14019054890814042
299,1221,1520,0.14021274354282842
296,1214,1510,0.14022531005791414
299,1225,1524,0.1402440661300976
300,1228,1528,0.14025273755810141
302,1227,1529,0.14025852299307714
294,1226,1520,0.14025881281791464
288,1224,1512,0.140282372167622
283,1229,1512,0.14032111853695337
280,1231,1511,0.14037068158187865
281,1237,1518,0.14042468635549823
278,1227,1505,0.14047288564379973
280,1225,1505,0.14052601798322198
285,1216,1501,0.14056906861751656
280,1222,1502,0.14059593531745607
279,1223,1502,0.14063547956741462
279,1227,1506,0.1406753603344663
278,1230,1508,0.14071239980256112
276,1230,1506,0.14075000015471414
276,1233,1509,0.14079013835652376
277,1248,1525,0.1408270409298046
275,1237,1512,0.14085950516088988
277,1240,1517,0.14089557821180265
278,1241,1519,0.1409240404455117
275,1237,1512,0.1409483124463149
276,1243,1519,0.14097977489954686
281,1248,1529,0.14100661142355367
280,1245,1525,0.14101613134447055
280,1238,1518,0.14102751642069702
283,1249,1532,0.14103844523680995
281,1256,1537,0.141040042158017
281,1241,1522,0.1410476863999776
286,1236,1522,0.14105569639377058
287,1243,1530,0.141048359832288
288,1243,1531,0.14103924284510927
290,1236,1526,0.14102835209104472
291,1241,1532,0.14101366275951766
290,1229,1519,0.14099659498524186
284,1221,1505,0.1409836011154175
286,1221,1507,0.1409876327596783
284,1232,1516,0.1409854184197157
290,1228,1518,0.14098853131712855
292,1235,1527,0.140974793751661
293,1223,1516,0.14095647682137025
292,1219,1511,0.140936422482749
290,1220,1510,0.14092121512275071
291,1215,1506,0.1409129008371056
294,1223,1517,0.14090263832364847
296,1228,1524,0.1408836478741469
292,1224,1516,0.1408611289104356
287,1222,1509,0.14085185988677149
280,1223,1503,0.14085532186007688
283,1228,1511,0.1408794569351319
288,1223,1511,0.14089471782041482
285,1221,1506,0.1408944294296085
284,1227,1511,0.14090349896889337
287,1231,1518,0.14091530323458412
293,1230,1523,0.1409181366302308
293,1220,1513,0.14090400215023244
294,1227,1521,0.14089268493800713
288,1214,1502,0.14087936825007488
283,1218,1501,0.14088402572498165
283,1228,1511,0.1409019232281613
287,1220,1507,0.14091885688766256
290,1229,1519,0.14092415452700832
281,1238,1519,0.14092074604800137
280,1249,1529,0.14094288872338404
273,1252,1525,0.14096657663792198
271,1237,1508,0.14100761818912708
273,1228,1501,0.14105048626868422
274,1235,1509,0.14108516810417646
276,1235,1511,0.1411151853024369
265,1237,1502,0.14113729387868676
266,1239,1505,0.14118668331756745
269,1235,1504,0.14122860433554796
267,1236,1503,0.14125934241243518
265,1236,1501,0.14129239513297037
265,1236,1501,0.14132937335167653
273,1244,1517,0.14136233913178903
278,1247,1525,0.14137278939374132
280,1255,1535,0.14136825464316172
278,1245,1523,0.14135849544276602
276,1243,1519,0.14135582488322793
266,1241,1507,0.1413597250481346
270,1250,1520,0.14139081205603848
274,1251,1525,0.14140870450012183
279,1239,1518,0.14141343872588957
274,1240,1514,0.14140382873627508
278,1239,1517,0.14140884487838637
278,1241,1519,0.14140264044588208
274,1244,1518,0.14139744120355138
274,1248,1522,0.14140333188394397
275,1240,1515,0.14140922839359873
277,1241,1518,0.14141236595261952
275,1247,1522,0.14140991196834155
278,1250,1528,0.14141234446807632
273,1240,1513,0.1414069111206163
267,1244,1511,0.1414165970582081
268,1249,1517,0.14144303621842813
264,1245,1509,0.14146506351324667
264,1258,1522,0.14149592049375953
258,1261,1519,0.14152502573509082
259,1268,1527,0.14157046157884617
262,1266,1528,0.14161059526185826
262,1262,1524,0.14163902414599538
258,1267,1525,0.14166657965518417
256,1261,1517,0.14170316225685634
257,1266,1523,0.14174350593260138
253,1262,1515,0.1417787091907617
258,1267,1525,0.14182191979697165
253,1262,1515,0.14184827129494035
258,1258,1516,0.14188677837103117
262,1255,1517,0.14190936153173883
261,1246,1507,0.1419185621143615
262,1243,1505,0.14192936254182503
255,1261,1516,0.14193719701304006
255,1255,1510,0.14196398255470735
257,1249,1506,0.1419902921011266
254,1248,1502,0.14200957338317327
249,1256,1505,0.14203596383506534
253,1263,1516,0.14207331609095433
256,1256,1512,0.14209713224102305
259,1260,1519,0.14211176146534638
260,1251,1511,0.14211617460436154
263,1260,1523,0.14211717923885422
261,1246,1507,0.14211021266378274
257,1259,1516,0.14210940517447235
261,1261,1522,0.1421199804138249
254,1251,1505,0.1421175828645368
254,1249,1503,0.14213481818919246
252,1255,1507,0.14215068309309348
252,1252,1504,0.1421705595602051
249,1247,1496,0.14218942979826948
252,1250,1502,0.14221459204247078
257,1233,1490,0.14222963589804233
252,1248,1500,0.14223028569471136
252,1267,1519,0.14224572910427377
249,1265,1514,0.14226033315276176
252,1272,1524,0.14228261475702236
250,1270,1520,0.14229541254948155
250,1274,1524,0.14231306481333672
247,1266,1513,0.14232966237353847
241,1270,1511,0.1423542288556756
235,1264,1499,0.1423937520115427
237,1275,1512,0.14244833067401552
234,1285,1519,0.14249392775846206
236,1288,1524,0.14254464615863363
241,1283,1524,0.14258667379317624
241,1284,1525,0.1426130502169062
239,1279,1518,0.14263775275270063
239,1264,1503,0.14266718208327744
236,1270,1506,0.1426951569990097
236,1273,1509,0.1427298141060932
240,1273,1513,0.14276304139301182
241,1281,1522,0.1427828882145614
240,1279,1519,0.14279771403067887
236,1272,1508,0.14281418914264615
236,1283,1519,0.14284044085136846
236,1285,1521,0.14286488667252098
231,1288,1519,0.14288857122489132
234,1284,1518,0.14292429986584274
240,1284,1524,0.142946953992738
232,1289,1521,0.14295359062561644
232,1288,1520,0.14298171003514729
232,1291,1523,0.14300738666993357
238,1296,1534,0.14303132692685103
236,1293,1529,0.14303783312389273
233,1295,1528,0.1430500427001116
233,1292,1525,0.14306954835375826
228,1294,1522,0.14308791851523822
227,1304,1531,0.14311998814278504
229,1298,1527,0.1431527727339062
230,1280,1510,0.14317882510350657
231,1274,1505,0.14319940693504965
231,1282,1513,0.14321670963233601
227,1285,1512,0.14323189842873904
225,1286,1511,0.14325696894840032
230,1301,1531,0.14328428963625656
224,1298,1522,0.1432957822627637
221,1293,1514,0.14332354576574374
219,1286,1505,0.14335605409418178
225,1285,1510,0.14339184879953576
213,1288,1501,0.14340874809475268
214,1288,1502,0.14345788321590291
213,1277,1490,0.14350089161761692
213,1284,1497,0.1435433138082133
212,1302,1514,0.14358267106487407
213,1300,1513,0.1436232480923845
214,1314,1528,0.14365831505759
216,1301,1517,0.14368870311129367
217,1311,1528,0.14371087095908958
218,1303,1521,0.14372812319653827
219,1294,1513,0.14374124609254127
215,1307,1522,0.14375129259025365
213,1299,1512,0.14377182861458862
212,1306,1518,0.1437969613800673
212,1304,1516,0.1438239608453168
213,1307,1520,0.14384925225127504
214,1310,1524,0.14386997851386113
214,1299,1513,0.14388624294915128
214,1300,1514,0.1439013106792824
212,1307,1519,0.14391576230014483
208,1308,1516,0.14393511091698807
206,1308,1514,0.1439649133899966
203,1317,1520,0.14399895306226052
200,1322,1522,0.14403848924906795
195,1313,1508,0.14408283558166532
190,1306,1496,0.1441384577134129
195,1317,1512,0.1442036806679256
195,1322,1517,0.14425144436586926
198,1321,1519,0.14429564892603952
195,1332,1527,0.14432898774325328
193,1332,1525,0.14436929808165233
194,1318,1512,0.1444133031062755
202,1320,1522,0.14445225056308142
202,1308,1510,0.14446588666897778
201,1318,1519,0.1444792777190634
194,1321,1515,0.14449436100612645
194,1318,1512,0.14452874726529152
194,1316,1510,0.14456016823909665
194,1318,1512,0.14459046198750783
196,1325,1521,0.14461878817468835
185,1320,1505,0.1446392825196614
181,1322,1503,0.14469037231926307
186,1312,1498,0.14474889269494298
182,1325,1507,0.14478947207084963
180,1331,1511,0.1448393816489485
178,1334,1512,0.14489107784899422
180,1341,1521,0.14494511477297625
174,1322,1496,0.14498935240351213
178,1329,1507,0.14504938063982864
175,1334,1509,0.14509402770152552
175,1333,1508,0.1451433279525533
177,1333,1510,0.14518960288532
180,1338,1518,0.14522695532438776
181,1339,1520,0.14525334570051726
184,1343,1527,0.14527455253601387
178,1337,1515,0.1452869426608688
181,1338,1519,0.14531397899886506
174,1333,1507,0.14533059646027982
169,1328,1497,0.14536535801450035
173,1326,1499,0.14541110522865958
173,1322,1495,0.14544309381174897
172,1329,1501,0.14547362335965291
170,1329,1499,0.14550456939810982
170,1330,1500,0.145539984677967
170,1339,1509,0.14557319152818318
175,1350,1525,0.1456047469134927
174,1340,1514,0.14561934981382801
177,1343,1520,0.1456361176824903
178,1345,1523,0.14564333001250596
178,1356,1534,0.14564824231272133
179,1348,1527,0.14565322433670422
178,1344,1522,0.14565497614210812
180,1323,1503,0.1456594988078277
179,1337,1516,0.14565830364711455
183,1334,1517,0.14566011113801372
182,1348,1530,0.14565097551671258
179,1342,1521,0.1456458515803943
176,1335,1511,0.14564923695673987
176,1328,1504,0.14565989987903394
173,1338,1511,0.14567042345648035
169,1346,1515,0.14568858657966155
168,1345,1513,0.1457156287827175
175,1349,1524,0.14574212569058406
180,1325,1505,0.14574643841213106
176,1335,1511,0.14573671083712847
179,1338,1517,0.1457401028505307
178,1343,1521,0.14573563075140372
174,1343,1517,0.14573415011598823
176,1338,1514,0.14574438343187093
178,1327,1505,0.14574789436053812
181,1339,1520,0.14574621239068797
183,1345,1528,0.14573617363773747
181,1338,1519,0.14572193962455718
181,1348,1529,0.14571413795607582
184,1350,1534,0.14570708366155172
179,1349,1528,0.14569288157671226
180,1353,1533,0.14569362090140106
181,1345,1526,0.14569188992088564
177,1347,1524,0.14568890402311946
173,1340,1513,0.14569678488566676
176,1346,1522,0.14571542242524177
171,1361,1532,0.14572402797778142
169,1359,1528,0.14574503981934547
169,1350,1519,0.14577134826296964
165,1363,1528,0.1457958542160881
165,1370,1535,0.1458294009306154
167,1357,1524,0.14585972114599285
168,1353,1521,0.14588169946945817
165,1342,1507,0.1458994995008658
168,1337,1505,0.14592467422274882
168,1340,1508,0.1459385495049832
167,1345,1512,0.14595204911562598
168,1326,1494,0.14596720949777783
168,1329,1497,0.14597769712955766
170,1341,1511,0.14598751389232917
168,1344,1512,0.14599076275605
168,1340,1508,0.14599898818916204
165,1344,1509,0.14600744865165802
164,1354,1518,0.14602335717183307
161,1353,1514,0.14604041707131657
164,1357,1521,0.14606547462088665
164,1357,1521,0.1460805815092486
165,1344,1509,0.14609401241602832
161,1350,1511,0.1461044988780755
164,1354,1518,0.14612561999805718
163,1345,1508,0.14613706930537035
160,1341,1501,0.14615022816463813
160,1352,1512,0.14617044336163176
162,1355,1517,0.14618839335408482
165,1342,1507,0.14619976526818731
163,1345,1508,0.14620216734864486
165,1364,1529,0.14620990933463973
164,1357,1521,0.1462105408932138
169,1361,1530,0.14621424423220045
167,1358,1525,0.14620342492189453
167,1345,1512,0.14619916905510397
169,1353,1522,0.14619506878395058
168,1347,1515,0.1461853353120321
166,1360,1526,0.14617869984058562
165,1354,1519,0.14617782990183653
165,1351,1516,0.1461802157399508
164,1347,1511,0.1461822497737828
163,1353,1516,0.1461867810040297
164,1347,1511,0.14619398163204547
159,1347,1506,0.1461977398727779
160,1347,1507,0.14621653619305414
164,1352,1516,0.14623084708576148
166,1351,1517,0.14623261480994648
167,1352,1519,0.14622843022186896
162,1351,1513,0.14622213416395569
159,1353,1512,0.14623056038948032
152,1353,1505,0.1462480639877338
151,1365,1516,0.14628449434830476
152,1363,1515,0.1463211697722339
151,1361,1512,0.1463519588147916
149,1373,1522,0.14638274232773413
144,1355,1499,0.14641796316769493
145,1355,1500,0.14646453171715912
148,1348,1496,0.14650552407195533
149,1346,1495,0.1465364327926159
147,1359,1506,0.1465630891182896
148,1375,1523,0.1465937649536574
146,1361,1507,0.1466208373208271
148,1374,1522,0.1466519552531544
147,1373,1520,0.146675731769093
146,1374,1520,0.1467009468948212
144,1380,1524,0.14672766343001037
142,1381,1523,0.14675869518028528
141,1378,1519,0.1467931130712199
138,1373,1511,0.1468280528916148
135,1381,1516,0.14687025542867332
133,1386,1519,0.1469188585839502
135,1372,1507,0.14696997113545326
137,1374,1511,0.14701207432894964
135,1380,1515,0.14704662931585463
132,1383,1515,0.14708471989826793
132,1397,1529,0.1471291220590283
133,1392,1525,0.14717114431640257
132,1378,1510,0.14720702338786745
132,1378,1510,0.1472431897421398
132,1388,1520,0.14727813585530786
134,1388,1522,0.14731055703423432
133,1391,1524,0.14733538491682782
130,1380,1510,0.14736040964481975
130,1391,1521,0.1473928548353802
130,1396,1526,0.1474221210567912
133,1396,1529,0.14744863540380126
132,1394,1526,0.1474649307295244
132,1395,1527,0.1474834251147999
135,1384,1519,0.14750107398852058
139,1397,1536,0.14750953593640548
137,1392,1529,0.14750613820281955
136,1395,1531,0.14750866952228553
137,1400,1537,0.1475135964570104
136,1385,1521,0.14751641647166427
133,1381,1514,0.14752166813470943
131,1391,1522,0.14753504328058734
128,1388,1516,0.14755304834690317
131,1392,1523,0.1475782404439537
130,1384,1514,0.14759327893226595
133,1384,1517,0.1476100867648788
133,1387,1520,0.14761754356428014
131,1388,1519,0.14762481615945497
130,1380,1510,0.14763771786011504
131,1401,1532,0.14765222440201964
129,1401,1530,0.1476625883413395
130,1390,1520,0.14767852598213088
128,1391,1519,0.14769126655966272
125,1395,1520,0.14770862773049834
124,1391,1515,0.14773364453920787
121,1384,1505,0.14775985400215524
121,1397,1518,0.14779346872039745
124,1400,1524,0.14782472420034204
121,1396,1517,0.14784441065495238
120,1403,1523,0.147871854732288
120,1415,1535,0.14790042884367094
123,1405,1528,0.14792676926369994
120,1400,1520,0.14794348176997635
120,1395,1515,0.14796781296582842
121,1379,1500,0.14799032214270774
119,1388,1507,0.14800862161165282
117,1397,1514,0.14803195917029713
118,1390,1508,0.14805931246727155
119,1398,1517,0.14808128663816408
116,1403,1519,0.14809893355927742
114,1415,1529,0.1481234000464924
119,1409,1528,0.14815231060937784
121,1403,1524,0.14816479389215417
117,1408,1525,0.14817140390778585
115,1415,1530,0.14818928886200006
114,1402,1516,0.14821157899721668
112,1404,1516,0.14823509190418271
112,1411,1523,0.14826289889127034
115,1413,1528,0.14828919988865003
117,1402,1519,0.1483054472779991
112,1396,1508,0.14831420850359636
112,1405,1517,0.14833692569161946
113,1405,1518,0.14835827669151838
113,1404,1517,0.14837542953145907
114,1398,1512,0.1483908680253131
115,1400,1515,0.14840266522155746
115,1415,1530,0.148410154301418
107,1409,1516,0.14841659642313668
112,1404,1516,0.14844553194928556
109,1410,1519,0.14845839076697132
106,1420,1526,0.14847874233784253
109,1425,1534,0.14850694978439624
108,1421,1529,0.14852473790873882
110,1411,1521,0.1485440779898995
113,1415,1528,0.1485567420206688
110,1410,1520,0.1485599032165822
110,1419,1529,0.14857245569011274
111,1425,1536,0.14858423745462743
107,1415,1522,0.14859242531573205
105,1419,1524,0.14861148421978387
101,1415,1516,0.1486358664526903
99,1426,1525,0.14866996102967253
99,1424,1523,0.1487076440872618
93,1427,1520,0.14874321466248758
92,1423,1515,0.14879394683131675
93,1430,1523,0.14884345071228
90,1422,1512,0.14888620707379058
92,1423,1515,0.14893501504010176
93,1413,1506,0.14897526451529522
91,1417,1508,0.1490102177978881
90,1408,1498,0.14904947701055704
90,1418,1508,0.14908993706288967
88,1432,1520,0.14912834594756183
89,1420,1509,0.14917000898808902
91,1426,1517,0.14920587199557067
92,1426,1518,0.14923299067181442
87,1435,1522,0.14925545979234756
90,1438,1528,0.1492920140192889
88,1440,1528,0.1493170098118253
86,1436,1522,0.14934610688551825
84,1429,1513,0.14937899010677996
85,1433,1518,0.14941612931686676
89,1435,1524,0.14944818885278863
89,1433,1522,0.14946615108258757
89,1441,1530,0.14948355455050544
88,1439,1527,0.14950021033064734
84,1424,1508,0.14951912853062066
87,1428,1515,0.14954872380587564
86,1432,1518,0.14956768182357347
85,1443,1528,0.1495884861046581
87,1437,1524,0.1496112458169889
85,1440,1525,0.14962669334892856
85,1429,1514,0.14964725708148718
84,1434,1518,0.1496662662069828
84,1429,1513,0.14968678204898986
86,1420,1506,0.1497057366592163
86,1403,1489,0.1497181115444246
85,1418,1503,0.14972948416062215
84,1428,1512,0.1497431153036189
84,1434,1518,0.14975882452887976
84,1429,1513,0.1497733571236523
83,1423,1506,0.14978670409950787
82,1444,1526,0.14980210621190693
82,1442,1524,0.1498194558315564
80,1435,1515,0.14983598898826544
76,1433,1509,0.14985825592332044
77,1438,1515,0.14989172104632512
77,1443,1520,0.1499195300728511
80,1449,1529,0.14994602119248165
80,1450,1530,0.14996206172081097
78,1441,1519,0.14997726901200495
78,1433,1511,0.14999763144582656
74,1429,1503,0.15001709512976683
74,1435,1509,0.15004644002688117
74,1434,1508,0.1500737120074785
72,1434,1506,0.15009965547140744
70,1441,1511,0.15012981034158848
70,1453,1523,0.15016446775143272
71,1451,1522,0.15019749889448206
70,1452,1522,0.15022571224450787
68,1456,1524,0.15025535452327252
66,1441,1507,0.15028906291956864
69,1452,1521,0.15032643120082162
67,1452,1519,0.15035293073563344
65,1462,1527,0.15038333758063224
65,1447,1512,0.1504178631472173
67,1443,1510,0.15045096390415913
65,1440,1505,0.15047596480084824
67,1451,1518,0.15050525055756434
66,1457,1523,0.1505270803461959
64,1460,1524,0.15055033097544218
65,1452,1517,0.1505781726123097
68,1451,1519,0.15060150555581525
67,1445,1512,0.1506146051491609
65,1438,1503,0.1506297973249173
66,1441,1507,0.15065035594715304
66,1447,1513,0.1506664748314583
64,1449,1513,0.15068135067600394
65,1458,1523,0.15070109514086116
66,1455,1521,0.1507164662990972
62,1445,1507,0.1507288190941452
64,1448,1512,0.15075202767583343
65,1455,1520,0.1507674858248853
67,1450,1517,0.15077882446000598
63,1450,1513,0.15078355317446887
62,1447,1509,0.15080000456882967
60,1448,1508,0.15081799158386072
58,1445,1503,0.1508404668535515
58,1439,1497,0.15086777399514195
57,1450,1507,0.15089314846031057
57,1445,1502,0.1509197304385999
56,1471,1527,0.15094485878953123
57,1463,1520,0.15097149823020614
59,1466,1525,0.15099329885487464
59,1474,1533,0.15100797216910702
54,1468,1522,0.15102176902056447
52,1460,1512,0.15104976256092292
52,1468,1520,0.1510819608146213
54,1472,1526,0.15111216461935753
55,1474,1529,0.15113439823605015
55,1468,1523,0.15115218400247465
53,1466,1519,0.1511691340078068
52,1455,1507,0.15119045256730607
52,1460,1512,0.15121350032945696
53,1475,1528,0.15123503319795437
52,1470,1522,0.15125220198127912
54,1459,1513,0.1512709536063567
54,1468,1522,0.15128233955296938
54,1470,1524,0.15129287158722746
52,1468,1520,0.15130267284535442
55,1478,1533,0.1513176614492176
56,1472,1528,0.15132288996179447
55,1469,1524,0.1513250836181909
54,1453,1507,0.15133006530349605
52,1445,1497,0.15133754131517244
52,1452,1504,0.15135032247354563
56,1467,1523,0.15136254311278877
55,1465,1520,0.15136192268863954
56,1474,1530,0.15136464909075836
57,1470,1527,0.15136456364612283
57,1462,1519,0.1513613158644338
57,1461,1518,0.15135834077916477
57,1472,1529,0.15135599733256877
57,1469,1526,0.15135385976338037
54,1460,1514,0.15135196696257577
54,1465,1519,0.15135878740543812
54,1479,1533,0.15136583693459416
51,1471,1522,0.15137246101760554
51,1465,1516,0.151387651293272
49,1466,1515,0.15140138324927868
49,1466,1515,0.15142006492978635
50,1461,1511,0.1514375726429659
47,1463,1510,0.15145103373345173
47,1465,1512,0.15147221540474085
50,1463,1513,0.15149191355786207
50,1458,1508,0.1515015474192934
52,1457,1509,0.15151067828475107
53,1456,1509,0.15151351933238522
55,1451,1506,0.15151328027172745
55,1457,1512,0.15150753203869738
53,1459,1512,0.151502374888424
53,1460,1513,0.15150337437762337
52,1451,1503,0.15150433885210748
50,1461,1511,0.15150797111710465
49,1461,1510,0.15151700680849114
47,1470,1517,0.1515284792014013
48,1477,1525,0.15154535317053647
51,1474,1525,0.15155856750274677
52,1476,1528,0.151562259543987
52,1462,1514,0.15156341928463538
52,1473,1525,0.15156485023131597
52,1474,1526,0.15156639619314694
52,1483,1535,0.15156806096937472
48,1468,1516,0.1515697071412076
49,1464,1513,0.15158266141357807
51,1482,1533,0.15159227564906355
50,1471,1521,0.15159546770985574
50,1468,1518,0.1516016271640225
51,1472,1523,0.1516074398071811
50,1474,1524,0.1516102061706879
51,1468,1519,0.15161614047878988
48,1471,1519,0.1516188723069568
49,1463,1512,0.15163011260209827
50,1461,1511,0.1516375073866832
50,1465,1515,0.1516413680106997
52,1448,1500,0.1516450002259318
50,1447,1497,0.15164228474604338
52,1479,1531,0.15164533905845767
52,1462,1514,0.1516424515891419
51,1463,1514,0.15163980968789673
50,1459,1509,0.15164060210369296
49,1454,1503,0.15164426949411644
48,1468,1516,0.1516504955378041
48,1467,1515,0.15165916076733307
50,1463,1513,0.151666799309874
50,1467,1517,0.1516681691943999
49,1471,1520,0.15166964504403477
48,1465,1513,0.15167400759780855
49,1457,1506,0.15168133163475048
49,1455,1504,0.15168494940742985
50,1470,1520,0.15168835193436694
52,1477,1529,0.15168873537205055
52,1477,1529,0.15168316096318887
52,1484,1536,0.15167806311825482
52,1481,1533,0.1516730953094446
51,1494,1545,0.15166845611831167
50,1471,1521,0.15166668224464142
49,1475,1524,0.15166807277311203
48,1468,1516,0.15167254394047253
47,1467,1514,0.15167950631229035
46,1466,1512,0.1516891062642427
46,1461,1507,0.15170125749747765
46,1454,1500,0.1517126211739401
47,1469,1516,0.1517236009444812
48,1469,1517,0.15173111491465957
47,1476,1523,0.15173508026007565
49,1470,1519,0.151741759227969
49,1489,1538,0.1517419795589189
48,1479,1527,0.1517423634155289
45,1482,1527,0.15174549498273504
47,1479,1526,0.1517570754526012
48,1476,1524,0.15176204898293907
49,1469,1518,0.1517639364299128
50,1464,1514,0.1517626645504384
47,1470,1517,0.1517586702900358
46,1468,1514,0.15176409010619588
45,1472,1517,0.1517719152964165
46,1477,1523,0.15178223300547786
47,1466,1513,0.15178878925622358
45,1472,1517,0.15179228533871383
45,1464,1509,0.15180122079133768
46,1470,1516,0.15180946331502168
45,1471,1516,0.15181435929992268
41,1481,1522,0.15182194855972253
41,1484,1525,0.15184069435316655
44,1482,1526,0.1518580962389336
42,1482,1524,0.15186533724123452
41,1481,1522,0.1518778611996977
40,1472,1512,0.15189242793938168
38,1471,1509,0.1519089965885762
39,1465,1504,0.15193015793847237
40,1466,1506,0.1519473445300555
39,1479,1518,0.15196044894653266
40,1477,1517,0.15197594311787554
40,1476,1516,0.15198748595078193
40,1470,1510,0.15199837262941956
41,1478,1519,0.15200866369904714
41,1476,1517,0.15201532592845568
41,1479,1520,0.1520219203478463
41,1464,1505,0.15202822054903153
44,1458,1502,0.152034189488637
45,1464,1509,0.1520305198763816
46,1490,1536,0.15202418257174127
46,1487,1533,0.15201550551328025
42,1477,1519,0.15200773471334017
41,1485,1526,0.1520120991595423
41,1490,1531,0.15201912651096208
42,1482,1524,0.152025626398698
43,1473,1516,0.15202879228821778
43,1464,1507,0.15202889143586054
42,1476,1518,0.15202897055627604
42,1467,1509,0.15203186530010385
42,1470,1512,0.1520345300350914
42,1468,1510,0.15203699705199153
42,1460,1502,0.1520389015988168
42,1469,1511,0.15204074319051755
39,1465,1504,0.15204245678607622
38,1463,1501,0.15205360147405245
37,1477,1514,0.15206686366284333
35,1476,1511,0.15208227215659062
34,1470,1504,0.15210268119314715
34,1472,1506,0.15212460306058526
35,1475,1510,0.15214483782440663
37,1468,1505,0.15216094978112488
39,1473,1512,0.15217006051364715
39,1477,1516,0.15217273651455732
39,1474,1513,0.1521754312748186
38,1475,1513,0.15217805504884566
37,1465,1502,0.15218335106493822
37,1468,1505,0.15219137693905982
37,1483,1520,0.15219889969515962
35,1482,1517,0.15220606719453614
34,1482,1516,0.1522185352138499
34,1479,1513,0.1522327231864079
32,1489,1521,0.1522459664699511
34,1491,1525,0.15226413660938853
35,1490,1525,0.1522751238799818
35,1480,1515,0.15228239850669983
35,1479,1514,0.15228945355118584
36,1476,1512,0.15229595690347206
36,1486,1522,0.1522990788046218
37,1486,1523,0.15230205099815627
36,1494,1530,0.15230193113895252
36,1487,1523,0.15230456024263195
37,1484,1521,0.15230724571473314
32,1478,1510,0.15230652524850113
32,1481,1513,0.15232056048148512
30,1479,1509,0.15233369209624087
33,1475,1508,0.1523518079564238
33,1480,1513,0.15235970488395956
32,1480,1512,0.15236708023489345
32,1485,1517,0.15237710281500516
34,1496,1530,0.15238663145193876
33,1497,1530,0.15238963425118507
33,1497,1530,0.15239563346572482
32,1493,1525,0.15240133100265013
31,1488,1519,0.1524096807721741
33,1499,1532,0.15242038024141488
36,1491,1527,0.1524244599833303
36,1482,1518,0.1524193911845852
32,1484,1516,0.15241474000678656
32,1496,1528,0.15242184971815817
33,1486,1519,0.15242863219986183
33,1463,1496,0.15243193471842115
33,1486,1519,0.15243507249866525
33,1475,1508,0.15243801601167012
33,1482,1515,0.15244077281507606
33,1487,1520,0.15244335478586535
30,1487,1517,0.15244601520637208
29,1490,1519,0.15245735512127742
29,1479,1508,0.1524709039603517
29,1482,1511,0.15248353338895387
28,1500,1528,0.15249523103785428
26,1489,1515,0.15250924753942627
26,1494,1520,0.1525286234098558
26,1503,1529,0.15254670895047426
26,1503,1529,0.15256382135532706
28,1500,1528,0.15257990604280894
28,1493,1521,0.15258906502250127
28,1482,1510,0.15259764736219605
28,1475,1503,0.15260572275041995
31,1491,1522,0.15261350768825716
31,1481,1512,0.15261203376441354
31,1468,1499,0.1526107726509997
29,1473,1502,0.1526096792896341
31,1467,1498,0.15261455551634684
31,1477,1508,0.15261312780088043
31,1466,1497,0.15261222860668294
31,1465,1496,0.15261155016499764
30,1477,1507,0.1526110248411066
29,1479,1508,0.15261373976749504
30,1468,1498,0.15261915169895787
31,1483,1514,0.15262111176579157
31,1481,1512,0.15261988161506962
32,1474,1506,0.15261860817411546
31,1487,1518,0.1526143503170469
31,1482,1513,0.1526132276856695
32,1489,1521,0.1526122202833677
29,1476,1505,0.15260817922461553
30,1465,1495,0.15261310954688467
32,1466,1498,0.1526145795914095
32,1469,1501,0.15260994382905946
30,1475,1505,0.15260583556448531
30,1490,1520,0.1526078660230154
30,1482,1512,0.15260990163451824
27,1485,1512,0.15261181315934183
27,1475,1502,0.15262245140992525
26,1461,1487,0.15263236730111288
26,1475,1501,0.15264469643697265
26,1499,1525,0.15265619967651986
24,1503,1527,0.15266693720644484
26,1495,1521,0.15268294540718522
26,1486,1512,0.15269190786446285
27,1488,1515,0.1527003573926613
26,1498,1524,0.15270538804185763
26,1495,1521,0.15271324737529202
26,1485,1511,0.15272061674325513
27,1499,1526,0.15272737349716678
27,1500,1527,0.15273033800281574
26,1499,1525,0.15273324943536115
28,1491,1519,0.15273892924692056
28,1495,1523,0.15273809300406227
28,1489,1517,0.15273711162871698
28,1499,1527,0.1527361894731599
28,1499,1527,0.15273531776002638
29,1497,1526,0.15273428296189928
30,1491,1521,0.15273026477190021
29,1473,1502,0.15272370894907414
28,1479,1507,0.15272055476015123
28,1475,1503,0.1527206025367415
28,1481,1509,0.1527206309635749
28,1480,1508,0.15272064166251084
29,1484,1513,0.15272079303666852
30,1476,1506,0.1527178822618515
29,1467,1496,0.1527121157474597
28,1487,1515,0.15270963414973424
27,1489,1516,0.15271052827577705
27,1481,1508,0.15271398714786696
28,1486,1514,0.15271722450525912
29,1487,1516,0.15271722977213892
28,1493,1521,0.15271428665535894
27,1495,1522,0.1527146449176785
29,1485,1514,0.15271800251936135
26,1493,1519,0.152715126998212
27,1485,1512,0.15272160533910786
28,1484,1512,0.15272454133089705
27,1476,1503,0.15272444884263017
27,1480,1507,0.15272719224392056
28,1481,1509,0.15272979969449224
27,1488,1515,0.1527291659463177
29,1484,1513,0.15273162085333802
27,1485,1512,0.1527279580596206
25,1486,1511,0.15273050310671013
25,1487,1512,0.15273883626453783
27,1481,1508,0.15274659488815417
26,1484,1510,0.15274792305139506
27,1492,1519,0.15275214443788956
26,1491,1517,0.15275319323515896
26,1491,1517,0.15275720462890527
26,1486,1512,0.152761070289407
25,1467,1492,0.15276480803554485
25,1490,1515,0.1527713118033294
24,1490,1514,0.15277737958746127
24,1477,1501,0.15278620039168778
24,1472,1496,0.15279444423795532
22,1491,1513,0.15280209766430347
21,1486,1507,0.15281528587987997
21,1492,1513,0.15283050260477513
20,1477,1497,0.15284481863279853
20,1490,1510,0.15286130131781647
21,1497,1518,0.152876953454801
21,1503,1524,0.1528882252238818
23,1503,1526,0.1528987605849181
23,1513,1536,0.15290266285783394
22,1511,1533,0.15290634776397213
22,1507,1529,0.15291289909160732
20,1499,1519,0.15291903822040476
19,1504,1523,0.15293104806026028
18,1506,1524,0.15294531139133924
17,1494,1511,0.15296151918595488
17,1494,1511,0.15297975115368306
18,1491,1509,0.15299680256199089
19,1496,1515,0.1530098239240681
18,1502,1520,0.1530191330547741
18,1489,1507,0.15303078763896616
17,1490,1507,0.15304171239360906
16,1485,1501,0.1530549242778199
15,1483,1498,0.15307030355532233
15,1486,1501,0.15308792120446407
15,1493,1508,0.15310444625038
14,1495,1509,0.15311994071139406
14,1487,1501,0.15313736338197623
14,1479,1493,0.15315369550412347
14,1491,1505,0.15316900815931372
13,1496,1509,0.1531833665378456
13,1499,1512,0.15320000452630053
13,1524,1537,0.15321561235876566
13,1518,1531,0.15323025005625968
13,1516,1529,0.15324398007153625
13,1517,1530,0.15325686058908722
13,1505,1518,0.15326894573940264
11,1504,1515,0.15328026137350118
10,1507,1517,0.1532969972910674
9,1512,1521,0.1533157746304289
9,1507,1516,0.15333680426722943
7,1514,1521,0.15335650067643977
8,1515,1523,0.15338110820202744
6,1512,1518,0.15340108793538715
5,1506,1511,0.15342623349039392
6,1509,1515,0.15345302864224214
6,1516,1522,0.15347501652595175
6,1526,1532,0.15349566403309875
6,1526,1532,0.15351505683383188
6,1517,1523,0.15353327212352866
6,1521,1527,0.15355038195810153
4,1522,1526,0.1535664540192757
4,1508,1512,0.15358775331928815
4,1511,1515,0.1536078148257867
4,1504,1508,0.1536266753594896
4,1501,1505,0.15364440077418606
4,1495,1499,0.15366105776477768
3,1508,1511,0.15367671033260694
3,1512,1515,0.15369463489672872
3,1519,1522,0.15371146580201736
3,1509,1512,0.15372727279642467
3,1513,1516,0.15374212297184728
3,1513,1516,0.15375607663805738
3,1517,1520,0.1537691892141183
3,1512,1515,0.15378151217788485
3,1506,1509,0.15379309358906357
3,1514,1517,0.1538039784303408
3,1507,1510,0.1538142088625179
4,1511,1515,0.15382382443343626
4,1518,1522,0.15382962273987044
4,1502,1506,0.15383508073379365
3,1513,1516,0.15384022037933745
3,1509,1512,0.15384829174038347
3,1520,1523,0.1538558791213639
3,1511,1514,0.1538630056598077
4,1514,1518,0.15386970048676676
4,1518,1522,0.1538727593237991
4,1508,1512,0.1538756440902413
4,1511,1515,0.1538783625556732
4,1512,1516,0.15388092211045046
4,1499,1503,0.15388333081624514
4,1505,1509,0.153885596910516
4,1500,1504,0.15388772846613702
4,1502,1506,0.1538897332443078
3,1505,1508,0.1538916186377097
3,1503,1506,0.15389662477408403
3,1501,1504,0.1539013253933468
3,1509,1512,0.15390573518046463
3,1527,1530,0.1539098745600285
3,1522,1525,0.15391376177617003
4,1522,1526,0.15391741317610133
4,1524,1528,0.15391759956722975
4,1503,1507,0.15391778399954775
4,1499,1503,0.15391796715495373
4,1504,1508,0.15391814573544413
4,1503,1507,0.1539183178320717
5,1514,1519,0.15391848253680027
3,1511,1514,0.15391539016711758
2,1506,1508,0.15391898054856012
2,1499,1501,0.15392559008246967
2,1511,1513,0.15393179122566403
3,1515,1518,0.15393760693101297
3,1517,1520,0.15393981675973747
3,1506,1509,0.15394189284746745
3,1509,1512,0.15394384628550178
3,1500,1503,0.15394568394667937
2,1516,1518,0.15394741212301313
2,1522,1524,0.1539522818004935
2,1517,1519,0.15395685887209892
2,1512,1514,0.15396115638120444
1,1518,1519,0.15396519233371816
1,1517,1518,0.15397223760179668
1,1517,1518,0.15397885880777312
1,1523,1524,0.15398507842099826
1,1509,1510,0.15399092237238005
1,1508,1509,0.1539964144369892
1,1506,1507,0.15400157642607779
1,1524,1525,0.1540064285484669
1,1505,1506,0.15401098963887255
1,1494,1495,0.15401527730851527
1,1500,1501,0.15401930805521202
2,1502,1504,0.15402309735100567
2,1501,1503,0.1540235127045806
2,1488,1490,0.15402386128860404
2,1507,1509,0.15402418099495502
2,1513,1515,0.15402447919074955
1,1503,1504,0.15402475877851665
1,1507,1508,0.15402815206147025
1,1517,1518,0.1540313928633708
1,1510,1511,0.1540344501371357
1,1499,1500,0.1540373282563043
1,1513,1514,0.15404003592944776
1,1517,1518,0.1540425825437371
1,1522,1523,0.15404497735098555
1,1527,1528,0.1540472292315373
1,1525,1526,0.1540493466220426
1,1524,1525,0.15405133750022182
1,1516,1517,0.15405320939199452
1,1505,1506,0.15405496938789576
1,1515,1516,0.15405662416327862
1,1511,1512,0.1540581799997954
1,1499,1500,0.1540596428069564
1,1503,1504,0.15406101814317308
1,1520,1521,0.15406231123599487
1,1519,1520,0.1540635270014078
1,1512,1513,0.15406467006214378
1,1513,1514,0.15406574476500012
1,1514,1515,0.15406675519718974
1,1504,1505,0.15406770520175772
1,1504,1505,0.1540685983921061
1,1517,1518,0.15406943816567145
1,1527,1528,0.15407022771679915
1,1529,1530,0.15407097004885922
1,1528,1529,0.15407166798564564
1,1523,1524,0.1540723241821005
1,1518,1519,0.15407294113440156
1,1512,1513,0.1540735211894495
1,1516,1517,0.15407406655379116
1,1517,1518,0.15407457930201096
1,1522,1523,0.1540750613846213
1,1524,1525,0.15407551463548264
1,1517,1518,0.15407594077878026
1,1522,1523,0.15407634143558432
1,1521,1522,0.15407671813001744
1,1508,1509,0.15407707229505407
1,1515,1516,0.1540774052779725
1,1516,1517,0.154077718345481
1,1524,1525,0.15407801268853719
1,1525,1526,0.1540782894268793
1,1521,1522,0.15407854961328582
1,1530,1531,0.15407879423758053
1,1538,1539,0.15407902423039813
1,1525,1526,0.1540792404667239
1,1520,1521,0.1540794437692219
1,1507,1508,0.1540796349113644
1,1509,1510,0.1540798146203732
1,1506,1507,0.1540799835799857
0,1499,1499,0.15408014243305523
