1368,30,1398,0.1358205492533309
1400,32,1432,0.13298160011424603
1421,32,1453,0.13030345635062635
1442,33,1475,0.1278046450954787
1453,33,1486,0.12547185149103984
1449,33,1482,0.12331803694665458
1453,34,1487,0.12136753218011406
1448,35,1483,0.1195811857599685
1468,34,1502,0.1179674464464042
1466,34,1500,0.11644812242504038
1453,33,1486,0.11507034237720638
1456,33,1489,0.11384812208105742
1446,31,1477,0.11272790953311382
1442,31,1473,0.11173168527284913
1463,31,1494,0.11083418345383263
1461,32,1493,0.10996777460818681
1468,32,1500,0.1091836538441347
1461,33,1494,0.10845364349992899
1446,34,1480,0.1078052224107017
1448,34,1482,0.10724909510456535
1446,38,1484,0.10673862138506975
1455,40,1495,0.10627847177329514
1473,40,1513,0.1058394669660618
1476,38,1514,0.1053993850399464
1471,37,1508,0.1049924559512781
1470,37,1507,0.10463331214433175
1471,39,1510,0.10430830291818252
1452,40,1492,0.10401039407943688
1445,43,1488,0.10378080827474723
1445,43,1488,0.10358720243675065
1443,42,1485,0.10341078866554039
1448,42,1490,0.10325478470015835
1446,43,1489,0.10310152307523623
1446,43,1489,0.10296608663589174
1455,45,1500,0.10284322753016713
1456,45,1501,0.10271174646436458
1448,48,1496,0.1025899813234312
1452,49,1501,0.10249654028587353
1445,49,1494,0.10240260321048548
1445,47,1492,0.1023326295046259
1458,47,1505,0.10226914197891887
1471,49,1520,0.10218339651426189
1455,49,1504,0.10207701623002059
1448,49,1497,0.10201474417647396
1442,50,1492,0.10197288020330529
1439,52,1491,0.1019480195802302
1433,51,1484,0.1019314583360509
1440,50,1490,0.10192956285314839
1439,49,1488,0.10191297753993571
1421,50,1471,0.10189989761273377
1427,48,1475,0.10192684968673248
1433,47,1480,0.10193841689138396
1448,48,1496,0.10193620785441505
1450,48,1498,0.10190174486611539
1461,49,1510,0.10186598270354649
1456,49,1505,0.1018099038156521
1463,48,1511,0.10176945996769467
1456,47,1503,0.10171772599539644
1446,48,1494,0.10168570969238928
1447,50,1497,0.10167777781691965
1445,52,1497,0.10166854114378367
1443,55,1498,0.10166451667700148
1457,53,1510,0.10166544993024265
1458,50,1508,0.10163628715274502
1455,52,1507,0.10160751208128126
1454,53,1507,0.10158783426958008
1447,54,1501,0.1015719491901428
1449,53,1502,0.10157274112354989
1451,49,1500,0.1015691849493589
1453,50,1503,0.10156168491068611
1452,52,1504,0.10155015448504795
1462,54,1516,0.10154217441843226
1468,56,1524,0.10151317000512225
1454,54,1508,0.10147444212513917
1436,53,1489,0.10146955487640909
1429,53,1482,0.10150371200054448
1439,52,1491,0.10154952082150226
1435,50,1485,0.1015701914927094
1430,50,1480,0.10159734534096795
1426,50,1476,0.10163278243727739
1441,49,1490,0.10167367852399128
1439,52,1491,0.1016784871507717
1445,53,1498,0.10168711913299719
1450,54,1504,0.10168227628692313
1445,52,1497,0.10166750909561503
1443,55,1498,0.10166496505710601
1427,60,1487,0.10166691075913263
1426,59,1485,0.1017030380370557
1429,59,1488,0.10173828848251197
1431,59,1490,0.10176380026674922
1428,60,1488,0.10178289751839506
1446,60,1506,0.10180653154614781
1451,62,1513,0.10178921644173977
1436,61,1497,0.10176285743288695
1423,60,1483,0.1017712847906046
1434,61,1495,0.10180622113637142
1443,62,1505,0.10181416227115565
1449,62,1511,0.10180225061691342
1458,61,1519,0.10177837416009909
1448,61,1509,0.10173741978873835
1448,61,1509,0.10172149009454756
1445,62,1507,0.10170728724974892
1438,59,1497,0.10170078182687008
1454,59,1513,0.10171048642802916
1448,58,1506,0.1016847464805775
1458,61,1519,0.10167393984890134
1450,60,1510,0.10164304213230516
1437,63,1500,0.10163191610557526
1428,64,1492,0.1016500608254379
1442,66,1508,0.10168538469972375
1447,68,1515,0.1016871676101834
1448,67,1515,0.10167805191996707
1451,68,1519,0.10166734098789611
1445,68,1513,0.10165140952034689
1430,67,1497,0.10164966084424717
1442,61,1503,0.10168044762392846
1430,66,1496,0.10168327105367078
1420,69,1489,0.1017111851862823
1431,68,1499,0.10175783145754273
1430,66,1496,0.10177656065954042
1413,63,1476,0.1017961275071865
1425,62,1487,0.10185038211718082
1438,63,1501,0.10187431764410608
1430,66,1496,0.10186847374921663
1441,67,1508,0.10188016751291179
1433,65,1498,0.10186692031111118
1437,65,1502,0.10187197584772352
1440,63,1503,0.10186840636846299
1439,65,1504,0.10185866890342181
1430,68,1498,0.10185222266024241
1430,68,1498,0.10186575672040635
1434,70,1504,0.10187819864425723
1436,72,1508,0.10188060779294936
1440,70,1510,0.10187842405437657
1419,69,1488,0.1018679380798647
1417,72,1489,0.10190369659841615
1413,69,1482,0.10194079945715835
1420,70,1490,0.10198319319374125
1424,71,1495,0.10200690075673301
1425,73,1498,0.10202001207059559
1422,71,1493,0.10202961394564404
1415,71,1486,0.10204438381166517
1419,73,1492,0.10207315354217865
1421,76,1497,0.1020907489240997
1427,75,1502,0.10210232591144226
1430,73,1503,0.10209965770108274
1426,75,1501,0.10209103976639979
1421,75,1496,0.10209208767615781
1415,73,1488,0.1021035122959397
1419,70,1489,0.10212705999607535
1433,70,1503,0.1021400731616125
1424,72,1496,0.10212164992849772
1417,72,1489,0.10212447457620627
1428,69,1497,0.10214189755592275
1423,69,1492,0.10213416350989984
1412,67,1479,0.1021375736821275
1415,70,1485,0.10216441965621449
1417,69,1486,0.10218239809788104
1421,68,1489,0.10219475195957123
1425,70,1495,0.1021974738822334
1416,69,1485,0.10219175304040448
1416,74,1490,0.10220555942573106
1411,71,1482,0.10221848410077325
1426,73,1499,0.10224142097356374
1425,72,1497,0.10222991123449188
1432,74,1506,0.10222145271847222
1426,74,1500,0.10219865340835815
1423,75,1498,0.10219085159216929
1439,73,1512,0.10219049515131924
1426,76,1502,0.10215581387802329
1428,76,1504,0.10215219558988817
1438,80,1518,0.10214456410075468
1419,80,1499,0.10211588082922826
1419,79,1498,0.10213093766970584
1400,79,1479,0.10214523033481607
1405,76,1481,0.10219900862921462
1418,75,1493,0.10223688916189841
1414,78,1492,0.10224326518466068
1416,78,1494,0.1022577077328805
1424,78,1502,0.10226660598460867
1415,80,1495,0.10225738264608975
1405,80,1485,0.10226871938278119
1418,80,1498,0.1023006624434515
1420,82,1502,0.10230150087354542
1436,82,1518,0.10229790680069435
1431,83,1514,0.10226027338681344
1431,83,1514,0.10223636603232952
1431,82,1513,0.10221450917690934
1420,85,1505,0.10219466728491802
1426,86,1512,0.1022003256246517
1424,87,1511,0.10219268316850853
1409,85,1494,0.10219028549930409
1406,86,1492,0.10222088147866167
1393,87,1480,0.10225556958768714
1398,87,1485,0.10231564352125394
1397,88,1485,0.10235975906499536
1394,92,1486,0.10240251927451802
1394,91,1485,0.10244796313931648
1406,94,1500,0.1024887962717456
1401,97,1498,0.10249996463084983
1405,103,1508,0.10252031407127939
1406,98,1504,0.10253057121253903
1400,97,1497,0.10253805550757393
1394,97,1491,0.10255794435853816
1389,101,1490,0.10258862555700278
1396,103,1499,0.10262771338950998
1387,106,1493,0.10264823523829505
1397,108,1505,0.10268621348907798
1384,107,1491,0.10269935159005325
1392,104,1496,0.10273970850098753
1393,104,1497,0.10275856847654412
1394,101,1495,0.10277347633394925
1386,98,1484,0.10278499367832819
1378,96,1474,0.10281282650551088
1378,98,1476,0.1028560381123706
1397,99,1496,0.10289535949331176
1391,101,1492,0.10288933756377898
1393,97,1490,0.10289663552304297
1389,98,1487,0.1028984011598179
1404,101,1505,0.10290869009739524
1409,100,1509,0.10288564709580804
1401,101,1502,0.10285356781755617
1398,97,1495,0.10284156846610791
1395,99,1494,0.10283770875619397
1391,100,1491,0.10284098585522099
1389,104,1493,0.10285250023768544
1374,103,1477,0.10286798946817305
1371,102,1473,0.10291498325942491
1377,103,1480,0.10296428500780169
1370,103,1473,0.10299560074547517
1383,101,1484,0.10303958071557333
1394,106,1500,0.10305136621196777
1373,105,1478,0.10303847181622702
1368,104,1472,0.10307186477573278
1374,101,1475,0.10311323916436574
1383,102,1485,0.10313778525696446
1377,101,1478,0.10314055486251181
1386,101,1487,0.10315641317597994
1391,102,1493,0.10315147229675116
1386,101,1487,0.10313569409115832
1388,105,1493,0.10313246430174494
1389,102,1491,0.10312498146298442
1394,103,1497,0.10311613025757342
1403,102,1505,0.10309728477923062
1397,100,1497,0.10306036154719384
1399,101,1500,0.10303935321529818
1398,102,1500,0.10301637090511757
1387,102,1489,0.10299729631979149
1390,103,1493,0.10300401721196589
1393,105,1498,0.10300375524322869
1391,106,1497,0.10299727270933684
1396,105,1501,0.10299555837905022
1390,104,1494,0.10298346660960642
1393,105,1498,0.10298508051675725
1393,106,1499,0.1029802266645014
1395,109,1504,0.10297600247765021
1391,112,1503,0.10296801806689228
1385,114,1499,0.1029692831181867
1387,114,1501,0.10298326296388921
1401,114,1515,0.10299207428367556
1389,117,1506,0.10296927807079559
1380,113,1493,0.10297484309832225
1367,109,1476,0.10299916643260883
1372,114,1486,0.1030502708321508
1384,117,1501,0.10308578124219042
1376,117,1493,0.10309218493767776
1373,114,1487,0.10311528449142598
1367,119,1486,0.1031433206751233
1360,119,1479,0.10318199563495764
1374,120,1494,0.10323279466107028
1379,118,1497,0.10324811291711462
1376,116,1492,0.10325157287098252
1373,117,1490,0.10326084459257309
1372,116,1488,0.10327631591933266
1373,114,1487,0.1032927593496057
1385,114,1499,0.10330535576036244
1374,115,1489,0.10329070493838124
1368,116,1484,0.10330130272162624
1376,119,1495,0.10332387811746742
1371,117,1488,0.10332695340714328
1390,119,1509,0.10334103427239467
1381,120,1501,0.10331200391432505
1373,120,1493,0.10330543840581356
1369,121,1490,0.10331718248176877
1365,128,1493,0.10333677868289963
1360,129,1489,0.10336378532646778
1355,130,1485,0.10339938225618148
1361,129,1490,0.10344268852831405
1377,128,1505,0.10346943344007624
1372,128,1500,0.10345820362752199
1373,126,1499,0.10345929365377934
1357,127,1484,0.103458075669809
1356,126,1482,0.10349177213205946
1362,128,1490,0.10352469819789085
1360,125,1485,0.1035416890259825
1359,126,1485,0.10356166532987544
1356,125,1481,0.10358148979838332
1363,125,1488,0.10360634297281703
1357,129,1486,0.1036140710530583
1384,131,1515,0.10363406660969453
1382,130,1512,0.10359308299631645
1372,129,1501,0.10356017802917616
1367,128,1495,0.10355167765227154
1367,128,1495,0.10355478456289696
1375,129,1504,0.10355779725893097
1373,126,1499,0.1035428870763121
1364,127,1491,0.10353410550466463
1361,130,1491,0.10354576527419948
1357,128,1485,0.10356206929655634
1365,129,1494,0.10358556443578242
1376,131,1507,0.10358951953707653
1364,129,1493,0.10356980747097627
1364,130,1494,0.10357821614404529
1344,129,1473,0.10358596029903644
1349,132,1481,0.1036375259296385
1356,136,1492,0.10367346266125342
1357,140,1497,0.10369122186623649
1361,138,1499,0.10370530317351485
1363,141,1504,0.10370909674647052
1361,141,1502,0.10370825179510032
1368,142,1510,0.10371200183013755
1362,137,1499,0.10370010544451888
1361,136,1497,0.10370226367860508
1369,139,1508,0.10370675132465138
1369,134,1503,0.10369258657786773
1362,136,1498,0.10367944937085595
1368,135,1503,0.10368308916933769
1370,135,1505,0.10367351353893504
1380,135,1515,0.10366051912439112
1378,140,1518,0.10362668152479984
1374,139,1513,0.10359994373591555
1362,140,1502,0.10358460860385929
1360,136,1496,0.10359703894765579
1372,139,1511,0.1036130013557438
1366,139,1505,0.10360127627323028
1377,139,1516,0.10360353317674739
1357,135,1492,0.10358162004490065
1354,137,1491,0.1036051597430466
1344,138,1482,0.10363307264332827
1357,135,1492,0.10368080057929718
1360,130,1490,0.10369589943677764
1360,132,1492,0.10370322077618913
1354,132,1486,0.10370998750116732
1353,140,1493,0.1037293921370593
1349,143,1492,0.10374940234965725
1343,145,1488,0.10377673137149887
1341,144,1485,0.10381504298304636
1350,148,1498,0.10385448680562107
1341,152,1493,0.10387083240657383
1347,150,1497,0.10390586453112119
1346,152,1498,0.10392470846589541
1336,148,1484,0.10394388566611205
1332,154,1486,0.10398323311355678
1329,152,1481,0.1040282708598345
1327,151,1478,0.10407662536157063
1335,157,1492,0.10412567918213185
1339,160,1499,0.10415252912638369
1334,162,1496,0.1041684708088066
1316,161,1477,0.1041939032819427
1317,160,1477,0.10425667776404697
1323,163,1486,0.10431208331742152
1318,163,1481,0.10434957708971872
1318,165,1483,0.10439435416460195
1308,168,1476,0.10443564346301958
1313,169,1482,0.10449552127142565
1323,168,1491,0.10453870453533139
1336,169,1505,0.1045561903010535
1329,169,1498,0.10454346486530634
1334,169,1503,0.10454750219568618
1344,172,1516,0.10454039303817028
1344,177,1521,0.10451233369471463
1341,177,1518,0.1044862310465092
1330,170,1500,0.1044694950519785
1326,171,1497,0.10447847004979781
1335,177,1512,0.10449584469467739
1319,177,1496,0.10449259944784607
1314,181,1495,0.10452454628699809
1315,183,1498,0.10456501194456087
1318,178,1496,0.10459981142205838
1325,181,1506,0.10462455718256013
1323,181,1504,0.1046322904881723
1314,177,1491,0.10464359198007457
1312,180,1492,0.10467431342076206
1317,184,1501,0.10470683751335443
1298,185,1483,0.10472573790519073
1299,191,1490,0.10478449010508477
1288,194,1482,0.10483572061726111
1306,192,1498,0.10490689905531088
1302,190,1492,0.10493273126570227
1301,189,1490,0.10496427015919124
1303,196,1499,0.10499521980756764
1329,193,1522,0.10501870675973979
1302,196,1498,0.10498223042447019
1291,194,1485,0.10500922503107084
1292,196,1488,0.10505849922480495
1292,192,1484,0.10510149184745826
1295,194,1489,0.10514081325383191
1296,189,1485,0.10517038153928154
1298,190,1488,0.10519502669543118
1297,187,1484,0.1052126055107199
1301,188,1489,0.1052310386937366
1297,186,1483,0.10523915503425726
1302,181,1483,0.1052553792672665
1300,179,1479,0.10525841524886795
1304,184,1488,0.10526552874203274
1317,184,1501,0.10526220496521382
1313,182,1495,0.10523061199335522
1325,182,1507,0.10521047391705056
1322,182,1504,0.10516605576535092
1314,181,1495,0.10513243454571004
1317,181,1498,0.1051190117133455
1314,183,1497,0.10510073686553191
1323,181,1504,0.10509128389128211
1317,179,1496,0.10506284800029796
1311,174,1485,0.10505042799833939
1322,174,1496,0.10505239500744806
1318,169,1487,0.10502930857467824
1312,175,1487,0.10501653517101456
1313,176,1489,0.10501834252147678
1309,180,1489,0.10501781421853516
1301,181,1482,0.10502614517888176
1299,186,1485,0.10505107537483456
1310,191,1501,0.10507843978624053
1306,193,1499,0.10507936934770218
1307,194,1501,0.10508946174570548
1311,194,1505,0.10509711915136855
1314,195,1509,0.10509529195051867
1305,194,1499,0.10508676455395818
1300,190,1490,0.10509880224253272
1300,196,1496,0.10512095914394544
1300,196,1496,0.10514072232897784
1295,200,1495,0.10515928929247532
1302,201,1503,0.10518688521956382
1301,200,1501,0.10519673097364013
1298,200,1498,0.10520775463887536
1300,199,1499,0.10522413527383652
1297,203,1500,0.10523464762074887
1288,201,1489,0.10525085982928592
1285,197,1482,0.10528541901758422
1287,192,1479,0.1053240072482639
1297,197,1494,0.10535467734469582
1281,198,1479,0.10536090020691552
1276,202,1478,0.10540136314036555
1285,192,1477,0.10544934502136417
1287,190,1477,0.10547322534035947
1287,191,1478,0.1054910290834572
1288,192,1480,0.10550755203096268
1290,194,1484,0.10552035872839106
1288,201,1489,0.10552726317681937
1289,209,1498,0.10553890093133723
1290,205,1495,0.10554746752672446
1283,208,1491,0.10555319251585311
1287,214,1501,0.10557413306724943
1275,209,1484,0.10558448861607136
1285,207,1492,0.10562110247357508
1284,208,1492,0.10563285542932867
1289,207,1496,0.10564565055269
1284,215,1499,0.10564646682030762
1285,219,1504,0.10565832095285939
1275,217,1492,0.10566690192763625
1276,220,1496,0.10569718684312945
1268,225,1493,0.1057228233779559
1265,226,1491,0.10576402677205293
1270,229,1499,0.10580877680615551
1274,230,1504,0.10583825676267629
1272,229,1501,0.10585585295750029
1266,228,1494,0.1058755470910322
1267,223,1490,0.10590735417831412
1277,223,1500,0.1059344592351528
1277,225,1502,0.10593684586914406
1266,229,1495,0.10593854353543553
1274,223,1497,0.10596439222418569
1284,229,1513,0.10597062713094577
1283,229,1512,0.10595360504908813
1284,227,1511,0.10594020866680263
1284,226,1510,0.10592566480383478
1274,224,1498,0.1059122610496817
1273,222,1495,0.1059228805851695
1276,218,1494,0.10593472417067443
1281,218,1499,0.10593889681669903
1289,218,1507,0.10593135764949996
1283,219,1502,0.10590601970829029
1279,216,1495,0.10589652036577053
1275,216,1491,0.1058970558226439
1283,215,1498,0.10590631041978905
1278,222,1500,0.10589666919834567
1275,225,1500,0.10589939265759388
1267,229,1496,0.1059088685983044
1263,237,1500,0.10593590213919885
1274,239,1513,0.10596963957890797
1257,238,1495,0.10597580627867537
1251,235,1486,0.10602000764212544
1250,233,1483,0.10607348173971204
1252,238,1490,0.10612489076287644
1263,229,1492,0.1061675219954486
1273,231,1504,0.106181523992005
1266,224,1490,0.10617328767965524
1265,228,1493,0.10618140881726397
1278,227,1505,0.1061904627529708
1284,230,1514,0.10616873588170762
1280,227,1507,0.10613577938736597
1265,224,1489,0.10611444006744712
1265,224,1489,0.10612906789163772
1268,219,1487,0.10614249934936824
1267,222,1489,0.10614920217188946
1259,228,1487,0.10615698543792139
1266,226,1492,0.10618122621331215
1273,224,1497,0.10618792224260364
1270,227,1497,0.10617852051219391
1264,227,1491,0.10617641035777722
1263,222,1485,0.10618808639206989
1269,229,1498,0.10620144965369495
1265,234,1499,0.10619994449449388
1273,228,1501,0.10620763576699625
1261,229,1490,0.10619651049663066
1261,227,1488,0.10621400764327944
1265,226,1491,0.10623006437765582
1281,231,1512,0.10623562790864824
1286,233,1519,0.10620474082827709
1276,228,1504,0.1061658580168945
1282,230,1512,0.10615326869261485
1268,231,1499,0.1061281902869683
1270,236,1506,0.10613682566208901
1250,240,1490,0.10614046875089436
1267,243,1510,0.10618918737561518
1269,239,1508,0.10619522279156854
1265,238,1503,0.10619616531753202
1256,238,1494,0.10620620220837435
1261,242,1503,0.10623546958653918
1254,246,1500,0.1062513813989395
1257,246,1503,0.10628162561163247
1257,245,1502,0.1063035902829991
1238,251,1489,0.10632343300044918
1245,254,1499,0.10638456737305992
1248,250,1498,0.10642496949733186
1257,251,1508,0.10645517127855392
1256,251,1507,0.10646292123751921
1249,250,1499,0.10647247621646841
1240,252,1492,0.1064966663182948
1243,252,1495,0.10653925349364896
1250,253,1503,0.10657163719230436
1245,257,1502,0.10658564827681716
1256,256,1512,0.10661003586706005
1262,252,1514,0.10660844988700167
1262,252,1514,0.10659360109262897
1253,252,1505,0.10657953440425967
1252,257,1509,0.10658684083789653
1250,258,1508,0.10659541149593613
1243,261,1504,0.10660798460866759
1241,261,1502,0.1066358418060938
1217,267,1484,0.10666546599168626
1214,264,1478,0.10674634987971852
1226,266,1492,0.10682738900961349
1225,268,1493,0.10687453416551844
1235,269,1504,0.10692091238233863
1238,271,1509,0.10694078857037244
1236,271,1507,0.1069525246033438
1234,272,1506,0.10696754631024927
1228,274,1502,0.10698584230560883
1231,283,1514,0.10701639260599279
1229,287,1516,0.10703724773189531
1209,285,1494,0.1070609099309867
1207,284,1491,0.10712795582180178
1206,279,1485,0.10719333819076578
1217,281,1498,0.10725609782007478
1211,289,1500,0.10728894251084233
1201,293,1494,0.10733251983394645
1207,302,1509,0.10739499381339535
1202,302,1504,0.10743846406514374
1197,294,1491,0.10748879725086784
1200,291,1491,0.1075465736081132
1197,285,1482,0.10759304501164195
1194,298,1492,0.10764227581248516
1199,296,1495,0.10769465523918452
1213,296,1509,0.10773089702335469
1221,288,1509,0.10773223460288016
1232,290,1522,0.10771532677462153
1220,296,1516,0.10767446681588382
1225,298,1523,0.10766364423303922
1215,296,1511,0.10764223651107731
1207,296,1503,0.10764541131042613
1202,303,1505,0.10766659280455954
1205,297,1502,0.10769751325755504
1206,293,1499,0.10771892340880548
1197,300,1497,0.107737444000845
1194,303,1497,0.10777487125632026
1202,305,1507,0.1078160259201033
1193,303,1496,0.10783475629754256
1185,308,1493,0.10787219183990807
1173,312,1485,0.10792469048477336
1184,314,1498,0.10800009978873198
1189,313,1502,0.1080449059416381
1184,322,1506,0.10807401640187081
1181,326,1507,0.1081124918306516
1175,333,1508,0.1081539898129361
1189,334,1523,0.1082066240279476
1192,331,1523,0.10822458442462837
1180,335,1515,0.10823457846683153
1180,340,1520,0.10827065892214253
1169,335,1504,0.10830420146299577
1171,336,1507,0.10836026246599224
1164,336,1500,0.10840602687015678
1161,337,1498,0.10846419644056589
1159,342,1501,0.10852419273933749
1159,346,1505,0.10858428547204774
1148,355,1503,0.10863940592339812
1152,353,1505,0.10871434756485901
1157,356,1513,0.10877520172895216
1149,351,1500,0.10882100420340061
1163,359,1522,0.1088822473613467
1155,355,1510,0.10890623639514045
1163,359,1522,0.10894664092985255
1160,362,1522,0.10896490267994681
1161,356,1517,0.10898855179091539
1150,358,1508,0.1090076732604444
1138,360,1498,0.10905011020380155
1120,363,1483,0.10911731383062065
1131,366,1497,0.10921958907272714
1131,368,1499,0.10928896922039552
1128,373,1501,0.10935306004962929
1124,375,1499,0.10941920151084787
1121,376,1497,0.10948928843744668
1129,374,1503,0.10956139053668387
1120,371,1491,0.10960911296994016
1118,385,1503,0.10967399486856849
1124,384,1508,0.10973810159938502
1116,382,1498,0.1097832178013682
1117,379,1496,0.10984334021426083
1113,378,1491,0.10989629613921668
1132,382,1514,0.10995356837431401
1127,379,1506,0.10996185137287476
1122,387,1509,0.1099817853836758
1116,388,1504,0.11001257862312691
1116,389,1505,0.11005440187889336
1121,387,1508,0.1100926665193904
1112,389,1501,0.11011596282069458
1106,387,1493,0.11015775223546473
1103,389,1492,0.11021024518358388
1104,393,1497,0.11026567340207442
1112,394,1506,0.11031396831337549
1110,398,1508,0.11034008008052368
1104,395,1499,0.11036961034235539
1104,404,1508,0.11041096234064404
1095,406,1501,0.11044905233582313
1093,405,1498,0.11050599530536345
1094,401,1495,0.11056290596652754
1100,406,1506,0.11061236097689506
1096,407,1503,0.11064324286395508
1096,402,1498,0.11068140824492122
1098,395,1493,0.11071583994563333
1104,396,1500,0.11074362593604921
1088,395,1483,0.11075559242411505
1098,392,1490,0.11080364453851868
1098,384,1482,0.11082467015418232
1102,391,1493,0.1108432677115832
1104,392,1496,0.11085027000157975
1098,395,1493,0.1108518588322419
1103,399,1502,0.11086665429229807
1093,400,1493,0.11086758328088454
1102,391,1493,0.11089205756857456
1115,391,1506,0.11089378785151928
1123,392,1515,0.11086510945694979
1120,397,1517,0.1108208116427264
1107,393,1500,0.11078783292732047
1103,397,1500,0.11078820854896981
1098,402,1500,0.11079779265118546
1097,399,1496,0.11081941396363301
1101,397,1498,0.11084117122026349
1086,398,1484,0.11085185776338409
1094,399,1493,0.11089717549154705
1099,408,1507,0.11092005523725082
1095,411,1506,0.1109297282462888
1091,413,1504,0.11094838733222234
1098,421,1519,0.11097358824050542
1079,421,1500,0.11098020582319013
1083,425,1508,0.11103047135685312
1080,430,1510,0.11106778746310392
1079,422,1501,0.111108839940448
1084,422,1506,0.11114965618697088
1093,422,1515,0.11117538263408078
1087,421,1508,0.11117823420669323
1074,420,1494,0.11119577644598617
1071,423,1494,0.11124176581910727
1083,418,1501,0.11129171730084
1083,412,1495,0.11130964882168015
1082,420,1502,0.11132524885587636
1075,426,1501,0.11134160514321571
1074,431,1505,0.1113727065973626
1072,423,1495,0.1114042091045884
1065,419,1484,0.11143790543033276
1070,422,1492,0.11148553994738823
1065,420,1485,0.1115182317864957
1064,426,1490,0.11155953595587079
1067,430,1497,0.11160013081474865
1071,437,1508,0.11163166466164558
1052,441,1493,0.11165171867665677
1050,445,1495,0.11171571704570919
1051,446,1497,0.11177854358475167
1050,444,1494,0.11183231790219289
1052,445,1497,0.11188473246019257
1051,445,1496,0.1119279118295858
1053,451,1504,0.11197004893007538
1051,452,1503,0.11200426794658233
1045,445,1490,0.11203964403251689
1050,447,1497,0.11208658456373435
1050,448,1498,0.11211846300733593
1063,451,1514,0.1121473572482222
1067,451,1518,0.11214349667675076
1059,450,1509,0.11213145816684776
1066,448,1514,0.11213913665068356
1066,436,1502,0.11212979856945862
1069,441,1510,0.11212075458864548
1073,439,1512,0.11210405718809234
1072,435,1507,0.11208003930105616
1078,438,1516,0.11205947515035351
1073,440,1513,0.11202721649953729
1074,442,1516,0.11201017811536934
1065,451,1516,0.11199256651311405
1064,454,1518,0.11199767653304563
1062,460,1522,0.11200472230410999
1063,453,1516,0.11201589799860077
1062,454,1516,0.11202359674792776
1049,452,1501,0.11203320099669707
1054,461,1515,0.11207268533033538
1062,460,1522,0.11209695543622601
1059,460,1519,0.1121008279939333
1059,460,1519,0.11211186140105349
1058,462,1520,0.11212209258882666
1052,460,1512,0.1121347909791081
1055,450,1505,0.1121609670146722
1052,453,1505,0.1121782245344583
1055,450,1505,0.11220070345784945
1055,455,1510,0.11221467828687715
1039,453,1492,0.11222689132885638
1041,448,1489,0.11227545097311765
1039,458,1497,0.11231608259017861
1042,460,1502,0.11235825672699104
1048,469,1517,0.11238924040963762
1042,467,1509,0.1124046109079757
1037,466,1503,0.11243269555422032
1036,460,1496,0.11247007630428339
1046,453,1499,0.11250681314864298
1049,460,1509,0.11251707176626066
1044,463,1507,0.11251907033594762
1033,462,1495,0.11253302561831025
1034,462,1496,0.11257128642376771
1032,468,1500,0.1126035685060857
1034,473,1507,0.11263803189328941
1025,477,1502,0.11266610873335905
1029,476,1505,0.11271278942879323
1023,478,1501,0.1127465093037524
1022,476,1498,0.11279163512546543
1016,482,1498,0.11283654755177762
1022,486,1508,0.11289320903381225
1009,486,1495,0.11293162862014942
1006,489,1495,0.11299768482190865
1012,482,1494,0.11306606912785762
1017,479,1496,0.11311432735284428
1022,477,1499,0.1131459102173363
1022,481,1503,0.11316253318054194
1026,479,1505,0.11317732473575588
1016,483,1499,0.11318141609574049
1001,489,1490,0.1132097385842683
995,491,1486,0.1132713054816655
993,503,1496,0.11334154134075092
992,500,1492,0.11340970857748178
993,498,1491,0.11347524315990246
992,496,1488,0.11353261492881012
999,504,1503,0.11358826886686511
991,507,1498,0.11362289250426731
1000,512,1512,0.11367328141890563
996,507,1503,0.11369940373923748
994,512,1506,0.11373360349438982
981,516,1497,0.1137700635487327
978,517,1495,0.11383485373723637
966,513,1479,0.11390126417342167
977,519,1496,0.11399139476760878
993,512,1505,0.11404766720082048
981,507,1488,0.11406108929215844
977,508,1485,0.11410205065110741
983,510,1493,0.11414805252627945
992,514,1506,0.11417619077750786
977,522,1499,0.1141809128714068
975,525,1500,0.11422229388683998
983,527,1510,0.11426546902454332
995,526,1521,0.1142858848613638
1005,525,1530,0.11427593993272595
991,523,1514,0.11424290018899586
988,528,1516,0.1142455761275824
982,527,1509,0.11425499369097182
981,528,1509,0.11427755537451592
979,520,1499,0.11430039244461765
979,527,1506,0.11432783321888675
989,528,1517,0.11435331403207029
981,529,1510,0.11435239497573921
973,538,1511,0.11437142142937765
963,535,1498,0.11440830937440097
954,543,1497,0.1144662705881006
955,551,1506,0.1145408339131927
950,550,1500,0.1146077505884121
943,547,1490,0.11468235100835632
937,547,1484,0.11476792029824695
948,551,1499,0.11486264236134311
953,563,1516,0.11492290056840748
949,562,1511,0.11496608595233536
942,558,1500,0.1150155514701223
945,563,1508,0.11507908824053531
952,565,1517,0.11513061538290734
954,570,1524,0.11516130691172961
945,565,1510,0.11518526531346068
935,567,1502,0.11522875854032864
942,565,1507,0.1152921911799762
940,564,1504,0.11533309468866003
946,565,1511,0.1153748758656727
944,563,1507,0.11539955782367564
951,570,1521,0.11542738524732223
952,560,1512,0.11543628644582256
953,569,1522,0.115442878362403
947,567,1514,0.11544704272308336
936,567,1503,0.11546570640446827
932,576,1508,0.11550974308516765
933,576,1509,0.11556078878099477
924,582,1506,0.1156049445760427
927,581,1508,0.1156680880542878
930,580,1510,0.11571983654236362
928,580,1508,0.1157611768589166
931,580,1511,0.11580413170758526
928,577,1505,0.11583582836549887
914,590,1504,0.11587247077306649
907,597,1504,0.11594001650658975
908,593,1501,0.11601841788514802
912,586,1498,0.116087856424653
915,598,1513,0.11614287064541225
906,588,1494,0.11618650525258692
919,587,1506,0.11624887560358008
919,602,1521,0.11627525672310032
920,601,1521,0.11629973641317871
910,596,1506,0.11631843378285892
899,602,1501,0.11635961962518795
908,600,1508,0.11642481772859391
897,596,1493,0.1164630687504758
897,602,1499,0.11652525223973235
897,606,1503,0.1165827254693411
893,611,1504,0.11663641032952697
889,608,1497,0.11669497772416364
890,605,1495,0.11675899330410386
882,607,1489,0.1168158845968388
897,606,1503,0.11688850614571951
888,609,1497,0.11691822850445881
885,614,1499,0.1169675517042104
889,617,1506,0.11702074180056185
900,614,1514,0.1170608949697149
904,605,1509,0.11707105739826038
908,615,1523,0.11707057569954492
904,614,1518,0.1170604361586927
906,608,1514,0.11706085598422326
894,607,1501,0.11705646258656978
898,616,1514,0.11708210874377667
903,619,1522,0.11709516969009268
896,624,1520,0.11709522066597104
901,621,1522,0.11711157703147315
902,610,1512,0.11711491411288596
899,605,1504,0.11711545339777492
897,610,1507,0.11712334116747641
898,605,1503,0.1171354622363544
902,611,1513,0.11714286862393511
898,625,1523,0.1171400893816309
904,620,1524,0.11714625722495832
889,619,1508,0.11713731141367018
901,633,1534,0.11716558830553128
901,628,1529,0.11716322329595333
902,630,1532,0.11716223366040567
881,628,1509,0.11715941038988008
877,635,1512,0.11720844387266668
878,629,1507,0.11726364853525485
879,623,1502,0.11731270452125844
876,619,1495,0.11735483953576484
869,621,1490,0.11740112508659983
873,629,1502,0.11746026783064174
866,624,1490,0.11750493313622658
879,632,1511,0.11756265213750774
879,626,1505,0.11758503774672445
873,632,1505,0.11760583248750335
871,627,1498,0.1176405705560228
868,632,1500,0.1176777715680878
869,630,1499,0.11772027825538892
863,632,1495,0.11775662938077523
858,637,1495,0.11780527972630736
869,643,1512,0.11786208694058248
866,646,1512,0.11788705784675453
869,639,1508,0.11791789520058259
862,642,1504,0.11793862784901517
873,647,1520,0.11797456965839313
878,635,1513,0.1179813464541679
880,639,1519,0.1179747568541353
878,634,1512,0.11796285686926591
873,629,1502,0.11795640006509533
876,637,1513,0.1179631069130103
870,647,1517,0.11796296688893254
862,649,1511,0.11797706327413315
853,647,1500,0.11801027170984948
856,648,1504,0.11806367969354303
867,648,1515,0.11810626792570547
870,648,1518,0.11811858198355683
868,645,1513,0.11812295032459944
861,642,1503,0.11813177419189266
854,645,1499,0.11815701134610598
846,650,1496,0.11819781338914372
844,654,1498,0.11825464145716551
851,669,1520,0.11831213402970825
841,663,1504,0.11834801873163134
834,665,1499,0.11840608584279363
838,656,1494,0.11847636016601076
836,659,1495,0.11853186993631283
851,660,1511,0.11858678744995721
845,664,1509,0.11860139319257673
834,665,1499,0.11862978879981101
841,664,1505,0.11868327631426294
838,658,1496,0.11871572634890565
847,663,1510,0.1187536613264793
850,658,1508,0.11876705848430597
836,656,1492,0.11877357842158559
825,659,1484,0.11881304141784525
832,662,1494,0.11887815996028364
830,666,1496,0.11892117846701972
828,680,1508,0.11896664291490186
821,690,1511,0.11901394461643322
829,691,1520,0.11907492531224628
826,696,1522,0.11911294985052986
822,704,1526,0.11915614386264084
826,694,1520,0.11920611261353402
819,694,1513,0.11924251468086343
803,699,1502,0.11929251723317297
799,705,1504,0.11937926874060452
807,703,1510,0.11946919503071626
806,696,1502,0.11953303090252515
813,699,1512,0.11959373276462984
813,699,1512,0.11963264028734041
810,686,1496,0.11966775004287733
810,687,1497,0.11970889157240042
815,690,1505,0.11974674185293978
819,692,1511,0.11976873947585613
824,694,1518,0.11977841948683654
820,696,1516,0.11977396719572965
822,698,1520,0.11978021460707997
807,690,1497,0.1197819020659315
808,695,1503,0.11982092859684634
805,690,1495,0.11985433420870444
799,694,1493,0.11989200775382632
804,694,1498,0.11994136420901615
804,695,1499,0.11997370288129723
790,716,1506,0.12000448427527999
786,704,1490,0.12006862259187422
783,714,1497,0.1201394599279054
788,715,1503,0.12021264256094394
786,713,1499,0.12026869905834162
784,713,1497,0.12032628252933693
795,707,1502,0.12038350876147455
799,696,1495,0.1204084675620406
800,703,1503,0.12042119996488282
801,705,1506,0.12043035026910187
795,706,1501,0.12043640480300738
795,714,1509,0.12045661657631063
789,720,1509,0.12047570582344963
784,715,1499,0.12050968993137909
782,721,1503,0.1205529038566744
786,721,1507,0.12059752871311659
781,724,1505,0.12062929762865235
788,717,1505,0.12067125833489267
788,717,1505,0.12069220555128224
793,723,1516,0.12071213999145491
774,724,1498,0.12071730284026622
777,707,1484,0.12076964135041533
784,709,1493,0.1208101749462192
782,713,1495,0.120829541058055
782,713,1495,0.1208526241841002
786,723,1509,0.12087399520082606
780,729,1509,0.12088519256104054
775,732,1507,0.12091073941850837
780,732,1512,0.12094734756711877
775,723,1498,0.12096894627358434
776,726,1502,0.12100060096128037
778,738,1516,0.12102688475422346
776,741,1517,0.12104621491956735
777,733,1510,0.12107041033127995
776,736,1512,0.12109012092586464
772,739,1511,0.12111035020380982
767,743,1510,0.12113939273889127
765,735,1500,0.12117825261521194
772,731,1503,0.12121904185133843
767,731,1498,0.12123903970132786
775,735,1510,0.12126973009307285
768,736,1504,0.12127771934638766
772,742,1514,0.12130293158612368
771,740,1511,0.12131577606370365
766,732,1498,0.12133159936211907
770,734,1504,0.12135861751290002
775,732,1507,0.12137366886781471
776,733,1509,0.12137467339418513
773,728,1501,0.12137384945564744
774,732,1506,0.12138177743825057
771,730,1501,0.12138618227813094
772,735,1507,0.12139806498900421
770,731,1501,0.12140694084309071
767,738,1505,0.12142026411743757
763,737,1500,0.12144079379104149
757,749,1506,0.12147155870981566
758,751,1509,0.1215153723533414
763,747,1510,0.12155323633617666
766,748,1514,0.12157601004807336
769,748,1517,0.12158985382264838
761,744,1505,0.12159614377836014
762,747,1509,0.121622453726222
758,741,1499,0.121644593492855
756,742,1498,0.12167568632319176
752,747,1499,0.12170855287152577
752,754,1506,0.12174875016010094
748,760,1508,0.12178603552329907
747,780,1527,0.12183043905774024
749,774,1523,0.12187367760529531
742,764,1506,0.12190841422035464
743,760,1503,0.12195824386262628
755,751,1506,0.12200018993675239
754,745,1499,0.12200778099947296
755,752,1507,0.12201750112754871
753,750,1503,0.12202411478838733
753,756,1509,0.12203456398850071
749,770,1519,0.12204417993192457
742,763,1505,0.12206419175429013
743,773,1516,0.12210022444878722
744,767,1511,0.12213089422433507
738,765,1503,0.12215702441109848
734,771,1505,0.12219624245181185
733,777,1510,0.12224323213712324
736,781,1517,0.12228911316268895
732,782,1514,0.12232417454539622
736,779,1515,0.12236772341075
735,773,1508,0.12239898673877461
737,775,1512,0.12243030278579507
743,767,1510,0.12245412416667112
744,766,1510,0.12246197568950785
738,778,1516,0.12246704975506863
727,778,1505,0.12248711849968932
720,784,1504,0.1225332478284161
712,785,1497,0.12259495297922793
716,786,1502,0.12267133364573127
715,781,1496,0.12273094425385576
711,775,1486,0.12278942057443809
709,780,1489,0.122853746298829
707,784,1491,0.12291897488066078
716,791,1507,0.1229837736318872
708,783,1491,0.12302037481647293
714,784,1498,0.12307415573771557
725,787,1512,0.12310886455605935
719,797,1516,0.1231129125661048
715,795,1510,0.12313179619696062
714,791,1505,0.12316084434069573
705,795,1500,0.1231901500048984
710,801,1511,0.12324083633523011
700,803,1503,0.1232765735100832
701,809,1510,0.12333451965331868
698,816,1514,0.12338742639623126
697,818,1515,0.12344555806348248
690,826,1516,0.12350160879554796
691,832,1523,0.12356979156571506
693,838,1531,0.12363100248501571
694,837,1531,0.12368331066317144
692,839,1531,0.123729344396311
678,845,1523,0.12377819560861206
678,832,1510,0.12385911719374278
674,839,1513,0.12393511255312059
673,836,1509,0.12401518829781817
671,838,1509,0.12409166574420763
675,848,1523,0.12416717907908043
670,842,1512,0.12422737524169676
670,843,1513,0.12429606810344417
674,844,1518,0.12435943070913864
670,844,1514,0.12440709745219895
672,854,1526,0.12446185187804751
663,846,1509,0.12450763960378819
661,853,1514,0.12457301891358324
658,845,1503,0.12463852002775119
654,848,1502,0.12470711985863767
654,845,1499,0.12478054998870036
659,860,1519,0.1248487220561532
646,854,1500,0.12489837457803944
643,869,1512,0.12497782344648498
637,862,1499,0.12506012682954112
637,857,1494,0.125151067827122
651,850,1501,0.12523480309978546
650,851,1501,0.12527681854550218
637,857,1494,0.1253175108529275
644,854,1498,0.12538922652982581
647,858,1505,0.12543829582370286
636,862,1498,0.12547679466260284
642,860,1502,0.12554217806938625
641,858,1499,0.12558649609068398
636,872,1508,0.1256295415895382
634,882,1516,0.12568337204029426
635,876,1511,0.12573940498741915
636,870,1506,0.12578895499765536
620,881,1501,0.12583203286135805
614,890,1504,0.1259131676357055
614,891,1505,0.1260035475861564
611,885,1496,0.12608739894092363
616,893,1509,0.12617402325844465
615,901,1516,0.12624030621284274
614,908,1522,0.1263036854255116
617,903,1520,0.12636624783837033
615,895,1510,0.12641814946900257
612,898,1510,0.1264716160178345
607,904,1511,0.12652924456789624
601,907,1508,0.12659483698660928
605,908,1513,0.12667106217375462
592,905,1497,0.12673261263169525
595,906,1501,0.12682323937665038
591,901,1492,0.12689978340605504
592,908,1500,0.12698169999023673
577,919,1496,0.12705595196173164
576,926,1502,0.1271652850829598
575,930,1505,0.12726871070400225
573,921,1494,0.1273681154895957
568,927,1495,0.12746656061024556
562,922,1484,0.12757080269726281
564,932,1496,0.127682084030512
565,930,1495,0.1277789523752006
567,935,1502,0.12786538048275564
573,943,1516,0.12793984510684944
585,947,1532,0.12799450480882235
578,948,1526,0.12801376672744016
572,943,1515,0.128050841480845
574,943,1517,0.1281019160053336
567,940,1507,0.1281436845494531
569,943,1512,0.1282018398613021
564,940,1504,0.12825232720074242
557,929,1486,0.12831298147797102
556,934,1490,0.12838846201388543
557,935,1492,0.12846207659567557
542,943,1485,0.1285268396483837
544,951,1495,0.12862565802208942
551,947,1498,0.12871292556139646
548,948,1496,0.12877685193134272
549,950,1499,0.128844955288195
542,953,1495,0.12890631789048052
548,966,1514,0.12898168977151767
547,957,1504,0.12903811373950688
537,961,1498,0.12909288949919598
538,960,1498,0.12916987142881606
542,973,1515,0.12923836968754338
535,976,1511,0.1292918666440875
539,990,1529,0.1293591747416783
535,985,1520,0.12941240685167346
532,987,1519,0.12947360929334542
533,989,1522,0.1295386227938842
536,993,1529,0.12959713973329143
532,992,1524,0.12964285611807633
535,998,1533,0.12969674828206854
530,986,1516,0.12973903155798291
525,981,1506,0.12979328379817573
515,979,1494,0.12985755702196847
518,977,1495,0.12994422860742066
516,984,1500,0.1300183115693074
523,997,1520,0.13009156448693687
514,1010,1524,0.13014139626330284
512,1008,1520,0.13021104254016266
511,1006,1517,0.13028107545165518
503,1006,1509,0.13034823112122593
508,1008,1516,0.1304321206873661
509,1019,1528,0.130498815129015
508,1018,1526,0.13055728230094973
506,1013,1519,0.13061400895117764
511,1023,1534,0.13067276360320842
501,1021,1522,0.13071492644519936
502,1029,1531,0.1307805711117809
495,1028,1523,0.13083948648863739
494,1021,1515,0.13091307285963996
489,1023,1512,0.13098566203601958
480,1013,1493,0.1310659403658449
484,1017,1501,0.13116516195453834
486,1024,1510,0.13124489901372222
482,1026,1508,0.1313150529987573
489,1023,1512,0.13139101453592653
480,1033,1513,0.13144347548196067
474,1032,1506,0.13151639251079472
476,1032,1508,0.13160035434968426
471,1040,1511,0.13167348449823493
466,1039,1505,0.1317549144882164
460,1045,1505,0.13184449413588412
467,1034,1501,0.1319443490772382
462,1031,1493,0.13201875691309709
460,1043,1503,0.13210167223471125
461,1045,1506,0.13218313307283594
463,1051,1514,0.13225661228245358
462,1052,1514,0.13231893662626348
460,1049,1509,0.13238042444831588
464,1051,1515,0.13244260373266953
456,1053,1509,0.13249068037739
456,1049,1505,0.13255666472611805
459,1056,1515,0.1326181283459624
450,1054,1504,0.13266792140829814
453,1045,1498,0.13273958694530105
459,1054,1513,0.13279828464999718
458,1049,1507,0.13283654075209048
449,1044,1493,0.13287628701982063
448,1050,1498,0.13293785908664263
451,1054,1505,0.1329971830847591
445,1056,1501,0.13304493925977431
446,1060,1506,0.13310531499289927
440,1056,1496,0.13315894654250474
437,1056,1493,0.13322448539332005
435,1061,1496,0.1332940374541769
432,1061,1493,0.13336510887707675
440,1053,1493,0.13343921325517605
442,1063,1505,0.13348603906933248
442,1072,1514,0.1335242802348208
447,1083,1530,0.13355902853700136
446,1067,1513,0.13357805075737642
443,1054,1497,0.13359740908641413
445,1053,1498,0.13362331108769215
443,1058,1501,0.1336423429848853
439,1066,1505,0.13366583072334637
438,1076,1514,0.13369965250145288
437,1074,1511,0.13373473058733615
436,1075,1511,0.13377135260878087
431,1078,1509,0.13380815228900875
431,1070,1501,0.13385440672478757
428,1084,1512,0.13389626928507542
434,1084,1518,0.13394311832590877
429,1093,1522,0.13397125970986326
428,1098,1526,0.13401283383507384
422,1087,1509,0.13405410801506817
414,1082,1496,0.13410938495117292
415,1077,1492,0.13418329132841206
415,1080,1495,0.13424894086845854
412,1084,1496,0.1343095913547317
409,1079,1488,0.13437477526650674
411,1091,1502,0.13444307151498083
409,1092,1501,0.13450185758129404
412,1111,1523,0.13456274108052246
409,1097,1506,0.13461055891109247
411,1090,1501,0.13466317127841712
400,1094,1494,0.13470734781208765
404,1109,1513,0.13477812886650398
399,1115,1514,0.1348331221189574
396,1112,1508,0.13489897343192084
400,1117,1517,0.13496825196425313
397,1115,1512,0.13502187957888195
398,1119,1517,0.13508035974993673
393,1122,1515,0.13513283391789624
390,1124,1514,0.1351958404366817
389,1117,1506,0.13526287327588762
388,1120,1508,0.13532896022035035
380,1123,1503,0.1353937995675867
383,1130,1513,0.13547630971433644
375,1129,1504,0.13554395886374226
380,1115,1495,0.13562956274730403
384,1118,1502,0.13569424074392522
390,1122,1512,0.13574380183853152
388,1117,1505,0.135774051341979
385,1121,1506,0.1358065267566552
382,1126,1508,0.13584559080637654
392,1134,1526,0.1358903075259914
393,1128,1521,0.13590460654033856
388,1136,1524,0.13591530129701518
381,1125,1506,0.13593913450470282
393,1116,1509,0.13598119077728918
392,1124,1516,0.1359866540967131
399,1109,1508,0.13599449481914594
394,1124,1518,0.13598274875686006
397,1131,1528,0.13598492584358385
390,1121,1511,0.1359811745930217
378,1122,1500,0.1359972500553288
377,1118,1495,0.13604476251003916
378,1117,1495,0.1360918518928255
380,1120,1500,0.13613234758035722
375,1133,1508,0.13616386377510534
376,1134,1510,0.13620652313670545
372,1130,1502,0.13624298188044492
380,1137,1517,0.13628752630833518
371,1125,1496,0.13630644100604045
367,1136,1503,0.13634954743915895
372,1133,1505,0.13640120610201936
373,1132,1505,0.1364357988141458
375,1131,1506,0.1364652771024888
377,1132,1509,0.13648729122919678
379,1131,1510,0.13650453519323644
379,1136,1515,0.1365158112625938
381,1144,1525,0.1365269436457128
375,1142,1517,0.1365317030589965
370,1140,1510,0.13655278714686092
367,1138,1505,0.13658614143157805
365,1140,1505,0.13662499185459612
370,1145,1515,0.13666686915021503
379,1150,1529,0.13669294033522358
379,1151,1530,0.13669210060491938
378,1147,1525,0.1366923059271386
378,1137,1515,0.13669580973814147
364,1147,1511,0.1366988153905481
365,1150,1515,0.1367396126160809
361,1147,1508,0.13677423242863765
359,1148,1507,0.13681806632764792
363,1151,1514,0.13686523138778867
363,1129,1492,0.1368980390277813
355,1135,1490,0.13692773717774046
365,1136,1501,0.13697865672329373
367,1143,1510,0.1369994979613169
363,1151,1514,0.13701313219686057
363,1155,1518,0.1370372859002324
356,1168,1524,0.13705924062515412
343,1158,1501,0.13709950470579982
345,1140,1485,0.13717254285484162
350,1143,1493,0.1372351787685001
356,1145,1501,0.13727989147925437
360,1162,1522,0.1373039211285412
361,1154,1515,0.13731603818193733
364,1158,1522,0.1373243503848167
351,1165,1516,0.13732386075156794
354,1164,1518,0.13736124533452526
345,1171,1516,0.13738857874672866
345,1162,1507,0.13743838668062994
342,1173,1515,0.1374854913461734
337,1166,1503,0.13753571599583353
342,1164,1506,0.13759597270199578
338,1164,1502,0.13763777787421919
338,1158,1496,0.13768708376831987
338,1185,1523,0.137732780833784
335,1183,1518,0.137775937430716
331,1183,1514,0.13782532904086087
328,1188,1516,0.137884472411205
329,1181,1510,0.1379487540651355
325,1183,1508,0.13800589959301152
331,1182,1513,0.1380703795957787
331,1166,1497,0.13811415306539296
325,1177,1502,0.13815403477033208
326,1180,1506,0.13820884595031488
333,1178,1511,0.1382582795865778
326,1195,1521,0.13828505425874008
325,1193,1518,0.1383300006828904
324,1180,1504,0.13837489519386273
321,1183,1504,0.13841932014007996
320,1199,1519,0.13846946795847243
318,1203,1521,0.13851888056666742
317,1188,1505,0.13857085176890271
316,1189,1505,0.138621752234241
316,1186,1502,0.1386724259253735
314,1189,1503,0.13871877128452673
319,1187,1506,0.13876793838665466
317,1183,1500,0.13880037919831636
319,1184,1503,0.13883504710825123
315,1186,1501,0.13886385451531183
312,1188,1500,0.13890176734612042
300,1195,1495,0.13894727309776075
304,1202,1506,0.13902423259534744
296,1200,1496,0.13908428304249618
296,1206,1502,0.13916328957718307
294,1197,1491,0.13923669386780768
290,1197,1487,0.1393100711652807
296,1204,1500,0.13938850536644837
301,1206,1507,0.1394459092843559
300,1203,1503,0.13948663923775112
305,1195,1500,0.1395272482195188
299,1209,1508,0.13955176694688312
300,1208,1508,0.13959353404732464
303,1206,1509,0.1396297923140127
300,1207,1507,0.13965556551176786
299,1207,1506,0.1396871022628713
296,1215,1511,0.13971976738510095
294,1220,1514,0.13975849178143948
292,1220,1512,0.13980002287923718
282,1212,1494,0.13984462211686308
282,1219,1501,0.13991300470629914
282,1226,1508,0.13997640264861
272,1233,1505,0.1400358145579936
274,1230,1504,0.1401194947738159
278,1224,1502,0.14019180736524414
276,1246,1522,0.14024822425040517
283,1233,1516,0.14030693164632602
290,1230,1520,0.14034287130497639
289,1233,1522,0.14035738758498384
288,1233,1521,0.14037413190960757
285,1233,1518,0.14039228968786546
284,1229,1513,0.1404171269673009
279,1224,1503,0.14044343438663845
275,1215,1490,0.14048269207152422
277,1226,1503,0.1405300416290705
275,1231,1506,0.1405683884824785
272,1225,1497,0.1406092229480292
272,1229,1501,0.14065591708261174
277,1239,1516,0.14069937165840649
276,1247,1523,0.1407254769581019
275,1241,1516,0.14075279259389994
275,1246,1521,0.1407812184409119
272,1243,1515,0.14080730230106397
272,1240,1512,0.14084077852434973
269,1249,1518,0.14087271355620148
273,1247,1520,0.1409108793693719
271,1253,1524,0.14093538456100244
270,1263,1533,0.1409644753403648
268,1256,1524,0.14099367544347882
271,1257,1528,0.14102610251633332
275,1251,1526,0.14104803220521261
275,1236,1511,0.1410562699919212
280,1238,1518,0.14106417184592204
275,1242,1517,0.1410573098452966
267,1247,1514,0.14106508972041432
265,1258,1523,0.14109594996594296
266,1247,1513,0.1411288806325599
263,1260,1523,0.14115585660856422
263,1253,1516,0.1411893683942157
262,1250,1512,0.14121984454259162
261,1233,1494,0.14125150010340828
265,1237,1502,0.1412823921058341
265,1238,1503,0.1412994757626299
265,1244,1509,0.14131576045135547
273,1248,1521,0.14133128774647508
271,1256,1527,0.14132405457824276
268,1255,1523,0.14132304418161215
270,1253,1523,0.14133158364478976
272,1263,1535,0.14133394560603274
266,1244,1510,0.1413305027067266
261,1247,1508,0.14134371957788489
264,1238,1502,0.1413709096990577
265,1236,1501,0.14138721241376423
261,1242,1503,0.1413986885086771
253,1249,1502,0.14141943720760108
254,1255,1509,0.14146160741281247
259,1260,1519,0.14149856906208685
259,1254,1513,0.14151887438230643
259,1261,1520,0.14153797364511697
253,1254,1507,0.1415561323672772
254,1252,1506,0.14159033884199698
256,1250,1506,0.14161928559537615
250,1255,1505,0.1416411992358183
255,1255,1510,0.14167962187144353
255,1267,1522,0.14170110586931048
251,1267,1518,0.14172176389343946
253,1260,1513,0.14175217667343362
254,1262,1516,0.14177513154246263
255,1259,1514,0.14179336921378868
251,1251,1502,0.1418071155434285
250,1267,1517,0.1418320122879725
250,1277,1527,0.1418586006115414
251,1274,1525,0.14188350603784738
249,1278,1527,0.14190314456525033
246,1277,1523,0.14192794561082125
252,1276,1528,0.14195985418205048
245,1286,1531,0.1419724548876316
245,1284,1529,0.14200387873059786
242,1278,1520,0.1420328667421542
242,1275,1517,0.1420693064551651
235,1284,1519,0.142102423423849
229,1284,1513,0.14215350255174886
227,1279,1506,0.14221841206982075
230,1289,1519,0.14228377652798155
229,1285,1514,0.1423356445565788
229,1283,1512,0.142387154381476
228,1277,1505,0.14243491780341003
228,1284,1512,0.14248343732396873
232,1285,1517,0.14252926625823564
230,1296,1526,0.14256130817597312
231,1292,1523,0.14259658455441204
227,1284,1511,0.1426271239407649
223,1272,1495,0.1426664056655386
227,1280,1507,0.14271589829955036
229,1288,1517,0.14275079514680067
231,1272,1503,0.14277750978707146
232,1268,1500,0.14279586842298944
233,1272,1505,0.14281087291249364
236,1277,1513,0.14282292453785048
237,1267,1504,0.14282672495401716
234,1281,1515,0.1428269916477552
233,1284,1517,0.14283599245746598
227,1273,1500,0.14284746614174978
224,1283,1507,0.14287527472676362
221,1284,1505,0.1429096547925386
220,1277,1497,0.14295061165037665
221,1283,1504,0.14299207851487158
218,1279,1497,0.1430279464682956
218,1283,1501,0.1430709518183707
215,1300,1515,0.14311180909703572
212,1300,1512,0.14315858779895993
213,1308,1521,0.1432105824802157
219,1291,1510,0.14325754850714495
219,1290,1509,0.1432831516484608
216,1289,1505,0.1433077109655702
218,1295,1513,0.1433388981463269
218,1294,1512,0.14336263157235166
216,1298,1514,0.1433860521516574
216,1290,1506,0.14341471777027398
207,1302,1509,0.14344151832892865
204,1310,1514,0.14349276390255652
208,1317,1525,0.143549029467637
204,1308,1512,0.1435900285697541
201,1314,1515,0.143640211365836
202,1321,1523,0.14369513399241007
196,1312,1508,0.14374256010887035
194,1318,1512,0.14380434146327442
203,1331,1534,0.14386799008298623
203,1340,1543,0.14390135486446023
200,1321,1521,0.14393308931701665
203,1320,1523,0.14397142890069634
209,1324,1533,0.1439975438270514
210,1317,1527,0.14400543299693336
210,1317,1527,0.14400962695077066
203,1302,1505,0.14401362699509984
206,1295,1501,0.14403690795971794
213,1309,1522,0.14405056186333393
209,1309,1518,0.14404168760965352
209,1292,1501,0.14404462458995573
212,1290,1502,0.14404791983018536
215,1280,1495,0.14404176443404457
219,1290,1509,0.14402737762160234
218,1296,1514,0.14400299169917477
217,1297,1514,0.1439835994055302
215,1301,1516,0.14396832228742754
217,1298,1515,0.1439601497289812
213,1293,1506,0.14394602774708948
208,1300,1508,0.14394418475152737
202,1292,1494,0.14395663288353805
201,1302,1503,0.14398605806183892
202,1310,1512,0.14401606406961975
200,1298,1498,0.14404127938050548
199,1307,1506,0.14407095148733495
199,1293,1492,0.14410185724765465
191,1288,1479,0.14413024435888316
195,1299,1494,0.14417974129138705
196,1325,1521,0.1442147613660666
197,1312,1509,0.14424510711333216
196,1323,1519,0.14427019204651795
198,1316,1514,0.14429581750411086
195,1318,1513,0.14431325072478907
201,1321,1522,0.1443379138380911
198,1317,1515,0.14434426334114295
200,1312,1512,0.1443591376498925
195,1323,1518,0.14436715694602167
193,1303,1496,0.14438928272216933
188,1312,1500,0.14441612002033305
190,1321,1511,0.1444560417891281
189,1331,1520,0.14448641305416288
191,1333,1524,0.14451761082340486
192,1342,1534,0.1445406850718976
195,1328,1523,0.1445591001737276
195,1318,1513,0.1445675880219039
196,1320,1516,0.14457577357143173
196,1313,1509,0.14458123108963553
197,1311,1508,0.14458614455774219
200,1316,1516,0.14458801892656428
200,1313,1513,0.14458143003957563
197,1315,1512,0.14457514353806297
196,1317,1513,0.14457864041936586
198,1324,1522,0.14458418615603125
197,1318,1515,0.1445833129985899
198,1308,1506,0.1445851628504564
196,1312,1508,0.14458349654808475
197,1316,1513,0.14458862328239544
197,1308,1505,0.14459098699971887
202,1313,1515,0.1445929083399828
200,1308,1508,0.14458164388207087
202,1312,1514,0.1445775532245656
201,1322,1523,0.1445675314149516
202,1320,1522,0.14456087686795052
201,1315,1516,0.1445519470535171
204,1309,1513,0.14454672343573458
205,1306,1511,0.1445329768145885
202,1317,1519,0.14451728594151525
205,1315,1520,0.14451166856185294
203,1297,1500,0.14449771668336575
202,1314,1516,0.1444907506613714
198,1317,1515,0.14448695913809614
195,1324,1519,0.14449451579582365
196,1306,1502,0.14451058602198594
195,1318,1513,0.14452248907472612
197,1318,1515,0.14453695910943448
194,1327,1521,0.14454434697715804
192,1320,1512,0.1445602731799723
191,1326,1517,0.1445803912879581
192,1302,1494,0.14460250729462804
191,1308,1499,0.14461943280746262
190,1317,1507,0.14464006796168336
193,1319,1512,0.14466150749840964
189,1324,1513,0.14467308265141512
191,1311,1502,0.14469432141800354
188,1301,1489,0.14470709794653622
191,1322,1513,0.14472751468660985
189,1314,1503,0.14473823873666167
192,1314,1506,0.14475392565545175
191,1314,1505,0.14476067712820964
186,1316,1502,0.14476976130205294
183,1331,1514,0.14479321282746802
179,1327,1506,0.14482320794741624
183,1338,1521,0.14486276552864719
185,1341,1526,0.14488786590439326
183,1339,1522,0.1449053362594534
180,1323,1503,0.14492639748160333
183,1321,1504,0.1449547780300011
180,1331,1511,0.14497311362968784
176,1326,1502,0.14500001964658601
179,1328,1507,0.1450372465163645
180,1341,1521,0.14506297843345528
179,1343,1522,0.1450839145191612
182,1329,1511,0.14510575407461337
187,1333,1520,0.14511787106779997
189,1338,1527,0.14511463166612312
182,1324,1506,0.1451062831219357
185,1326,1511,0.1451188832769252
186,1323,1509,0.1451222439340259
187,1320,1507,0.145122638484094
189,1337,1526,0.14512059184968806
188,1320,1508,0.14511340539780748
185,1326,1511,0.1451094425074215
179,1317,1496,0.14511389093197796
182,1328,1510,0.14513559214422908
185,1332,1517,0.14514690826440302
183,1338,1521,0.14514888984764554
185,1327,1512,0.14515698134928548
185,1329,1514,0.1451593657878133
188,1325,1513,0.1451610034276929
186,1327,1513,0.14515439386809184
187,1331,1518,0.14515417801157257
182,1330,1512,0.14515161607762886
180,1312,1492,0.14516340468926184
182,1320,1502,0.14518002911353242
183,1321,1504,0.14518857065397175
186,1324,1510,0.1451938859593297
184,1331,1515,0.14519043816623994
179,1332,1511,0.14519326935334761
173,1324,1497,0.14521021941021972
175,1324,1499,0.1452433376500313
177,1326,1503,0.14526857176904287
174,1324,1498,0.14528546590148375
177,1325,1502,0.14531086335687815
179,1328,1507,0.1453256384703735
177,1324,1501,0.14533359538327154
179,1346,1525,0.14534727225028207
176,1350,1526,0.14535389557552922
168,1353,1521,0.1453683688882067
171,1353,1524,0.1454061575963495
176,1341,1517,0.14543246399609863
177,1334,1511,0.14544246103290084
171,1342,1513,0.1454483634153267
168,1350,1518,0.14547087229213565
165,1353,1518,0.1454999406183283
163,1354,1517,0.14553544660304815
163,1341,1504,0.14557425193818868
167,1340,1507,0.14561060485196284
170,1343,1513,0.14563386846894188
174,1342,1516,0.14564647904652614
175,1346,1521,0.14564743693003213
177,1340,1517,0.14564567854863741
174,1349,1523,0.14563744191459949
174,1345,1519,0.14563829400524209
172,1336,1508,0.14563945956939425
170,1329,1499,0.14564583175177526
164,1326,1490,0.14565701697426967
170,1334,1504,0.14568481756539384
165,1339,1504,0.1456930515868953
162,1342,1504,0.14571588060923865
157,1355,1512,0.14574515032557328
160,1366,1526,0.14578790573340364
157,1376,1533,0.1458184262244021
156,1369,1525,0.14585552771905047
158,1368,1526,0.14589338585763245
154,1369,1523,0.14592291531999613
157,1361,1518,0.14596253482158095
151,1343,1494,0.14599111151751512
156,1349,1505,0.14603660873764115
152,1350,1502,0.14606387910012356
155,1352,1507,0.1461018383093288
151,1357,1508,0.14612901452901297
155,1350,1505,0.14616499391955387
149,1347,1496,0.1461869292222606
152,1353,1505,0.14622567251455504
152,1346,1498,0.1462526217802081
152,1348,1500,0.14627851689684687
154,1360,1514,0.14630209985306655
156,1355,1511,0.14631802962816437
155,1351,1506,0.14632779277776284
157,1342,1499,0.1463402925838656
160,1346,1506,0.14634658723164243
156,1354,1510,0.14634336633014705
156,1366,1522,0.14635272864426502
156,1372,1528,0.1463619998729168
156,1362,1518,0.14637069611056167
151,1371,1522,0.14637859075417403
144,1377,1521,0.1463996969645771
145,1359,1504,0.1464405204462989
143,1372,1515,0.1464756347318243
142,1384,1526,0.14651435777417102
143,1388,1531,0.1465529978190956
137,1381,1518,0.146586240301545
135,1386,1521,0.14663556658667473
137,1374,1511,0.14668805950740013
138,1379,1517,0.1467312365874498
139,1374,1513,0.1467686750965778
140,1372,1512,0.1468016558375777
139,1377,1516,0.14682974668867743
139,1370,1509,0.14685947854108103
136,1368,1504,0.1468871511725137
138,1374,1512,0.14692217568174473
137,1376,1513,0.14694927333015056
137,1375,1512,0.14697702033022164
133,1380,1513,0.1470026816258674
135,1370,1505,0.1470389675744603
134,1386,1520,0.14706688391587636
132,1386,1518,0.14709667012205543
135,1393,1528,0.1471305800602131
135,1378,1513,0.14715324804156457
132,1394,1526,0.14717435564661954
131,1388,1519,0.14720341746107224
133,1401,1534,0.1472336347247386
135,1400,1535,0.1472554683760198
134,1380,1514,0.14727091479413595
133,1391,1524,0.1472883035659552
133,1382,1515,0.14730626101679684
132,1380,1512,0.14732246269175497
136,1371,1507,0.14734001593668888
136,1383,1519,0.14734449911966624
135,1392,1527,0.14734804970950846
137,1383,1520,0.14735425795888746
134,1380,1514,0.14735384196486304
134,1382,1516,0.14736212208468932
135,1375,1510,0.14736923808531507
137,1369,1506,0.14737311991666105
138,1374,1512,0.14737153427750926
137,1379,1516,0.147367302606423
134,1397,1531,0.14736651915929838
133,1386,1519,0.14737532461415268
131,1395,1526,0.14738675000080403
129,1390,1519,0.14740312108200582
131,1376,1507,0.14742398603015666
134,1375,1509,0.14743721352136133
134,1370,1504,0.1474410557737576
135,1375,1510,0.14744501168153576
134,1374,1508,0.14744594991451854
137,1378,1515,0.1474491623256071
137,1392,1529,0.14744377900510858
135,1388,1523,0.14743864146922664
136,1384,1520,0.14743988559423035
138,1384,1522,0.14743837307526075
140,1385,1525,0.14743127093006175
135,1383,1518,0.14741895346586933
138,1393,1531,0.14742104648192836
135,1381,1516,0.1474149260075247
134,1386,1520,0.14741746732171795
134,1395,1529,0.1474227933421328
137,1381,1518,0.14742827342241033
136,1378,1514,0.1474240911104509
133,1370,1503,0.14742330738269582
135,1370,1505,0.14743123390717172
132,1375,1507,0.14743286100242792
130,1382,1512,0.14744265493315034
132,1383,1515,0.14745866627335016
127,1383,1510,0.14746748728464307
129,1383,1512,0.1474907375427326
130,1383,1513,0.1475061076794156
132,1388,1520,0.14751805607892765
127,1391,1518,0.1475233204939778
130,1384,1514,0.1475429580387346
129,1398,1527,0.14755216191076645
127,1397,1524,0.1475634247709664
127,1385,1512,0.14757958487339112
128,1380,1508,0.1475940994926098
131,1372,1503,0.14760409919217815
129,1392,1521,0.14760491494207784
128,1383,1511,0.1476118004177632
124,1378,1502,0.1476210628817025
126,1380,1506,0.14764110298997313
125,1387,1512,0.14765390507288698
124,1380,1504,0.14766817430766488
124,1397,1521,0.14768367596014292
125,1381,1506,0.14769828389210538
119,1388,1507,0.14770952663844625
118,1395,1513,0.14773794540783933
116,1396,1512,0.14776782492768165
114,1393,1507,0.1478014127215171
116,1402,1518,0.14783887554326744
119,1390,1509,0.14786702982443767
119,1399,1518,0.1478849378245074
120,1394,1514,0.1479019657756203
122,1400,1522,0.1479147973305623
118,1398,1516,0.14792092225368011
114,1402,1516,0.14793914819280485
108,1412,1520,0.14796827544973354
107,1403,1510,0.14801328289155266
111,1398,1509,0.14805836096679406
110,1393,1503,0.1480883313707544
110,1394,1504,0.14811947196828126
112,1403,1515,0.14814872542969681
110,1403,1513,0.1481700230275847
108,1398,1506,0.14819599732563105
114,1402,1516,0.14822664301700722
111,1403,1514,0.14823681979392217
111,1410,1521,0.14825582498992637
112,1410,1522,0.14827339944158233
110,1404,1514,0.14828692974326957
110,1398,1508,0.14830572009058884
109,1410,1519,0.14832352799169482
110,1414,1524,0.14834266775487348
110,1411,1521,0.14835750576803117
106,1396,1502,0.1483712853874204
108,1398,1506,0.14839658128706118
108,1407,1515,0.1484139149770067
102,1417,1519,0.14843062164110352
102,1407,1509,0.1484643110989329
100,1415,1515,0.14849657144341727
99,1419,1518,0.14853274710434763
95,1427,1522,0.148569206539943
97,1422,1519,0.148615572094176
94,1415,1509,0.1486527492966441
96,1412,1508,0.14869653698862625
94,1415,1509,0.14873195638287004
93,1420,1513,0.14877128559407202
95,1426,1521,0.1488117336621418
95,1410,1505,0.14884358011138216
97,1420,1517,0.14887379208171128
94,1434,1528,0.1488963480381298
92,1432,1524,0.14892566763312381
91,1442,1533,0.14895885642176052
89,1433,1522,0.14899298223584648
90,1445,1535,0.14903077068943982
91,1438,1529,0.149062941772392
92,1424,1516,0.14909000056080396
92,1429,1521,0.1491121686161525
92,1427,1519,0.14913263725158776
92,1415,1507,0.14915205772044707
94,1417,1511,0.14917032868462107
95,1416,1511,0.14918129219855558
98,1418,1516,0.1491889453236653
96,1430,1526,0.1491875167341766
94,1427,1521,0.1491927165760767
94,1419,1513,0.1492032903228084
94,1430,1524,0.14921285723897665
94,1425,1519,0.14922180122504924
95,1412,1507,0.14923053813700268
92,1406,1498,0.14923596559303948
90,1413,1503,0.1492504304217385
88,1417,1505,0.14926983077182773
90,1432,1522,0.14929345468320865
91,1435,1526,0.14930937375103556
91,1439,1530,0.14932146357530024
91,1431,1522,0.1493330727174632
90,1420,1510,0.14934429067970295
90,1427,1517,0.14935725854906112
90,1423,1513,0.14936934287256742
87,1426,1513,0.14938075217907298
88,1419,1507,0.14940027166998557
86,1419,1505,0.14941545099581072
90,1429,1519,0.14943609754152257
87,1425,1512,0.149442193740832
85,1427,1512,0.14945739222534232
84,1440,1524,0.14947796077423697
83,1443,1526,0.1495007188933615
84,1442,1526,0.149525121532713
85,1435,1520,0.14954488414188663
83,1435,1518,0.14956028296556506
83,1441,1524,0.14958091457366898
81,1438,1519,0.14960048013456956
80,1428,1508,0.1496248392381964
81,1426,1507,0.14965050021899645
81,1440,1521,0.1496713021233778
79,1432,1511,0.14969096511173446
81,1427,1508,0.14971530985995504
80,1434,1514,0.1497316576690143
78,1441,1519,0.1497501589596744
80,1433,1513,0.14977392738641618
80,1439,1519,0.14978981447429654
76,1435,1511,0.14980506239840538
80,1430,1510,0.14983165067969417
83,1430,1513,0.14984435182635653
81,1431,1512,0.1498476805595718
79,1442,1521,0.14985674055038245
78,1451,1529,0.14987106355973495
76,1439,1515,0.14988759404087376
76,1438,1514,0.1499091674461717
79,1443,1522,0.1499290751172366
77,1442,1519,0.14993892488250096
75,1425,1500,0.1499544966973617
75,1431,1506,0.1499752627886242
76,1436,1512,0.14999471498959138
76,1425,1501,0.15000981216031167
77,1448,1525,0.1500239651259517
77,1434,1511,0.15003437303683245
78,1439,1517,0.15004417026402522
77,1446,1523,0.1500503386336891
75,1452,1527,0.15005927675225472
74,1444,1518,0.1500735328819013
77,1439,1516,0.15009025798422354
80,1434,1514,0.15009675167282846
77,1420,1497,0.15009372639545032
74,1431,1505,0.1501005139288483
74,1439,1513,0.1501162977504451
80,1432,1512,0.1501312055412633
80,1434,1514,0.15012686524521868
79,1425,1504,0.15012281911845485
77,1428,1505,0.15012222045980533
74,1443,1517,0.15012792367970046
72,1435,1507,0.15014268145505252
69,1439,1508,0.15016250181777932
68,1431,1499,0.15019001362864562
70,1440,1510,0.1502191037274591
71,1442,1513,0.15023997361340682
72,1439,1511,0.15025651450699973
71,1456,1527,0.15026906284261435
68,1449,1517,0.15028395323960242
67,1453,1520,0.15030750505390147
66,1444,1510,0.15033243745378624
66,1448,1514,0.15035889992945503
65,1445,1510,0.1503840024525619
64,1439,1503,0.1504110630309847
65,1447,1512,0.15043956025308866
65,1453,1518,0.1504630531649194
62,1462,1524,0.1504847445757629
62,1450,1512,0.1505141331102393
59,1457,1516,0.15054160414937864
57,1469,1526,0.1505764819419038
57,1479,1536,0.15061515572932993
59,1455,1514,0.1506513886749099
59,1455,1514,0.15067937678178445
59,1459,1518,0.15070564204170284
58,1471,1529,0.15073008252642117
57,1468,1525,0.1507561499211133
57,1468,1525,0.15078382349882957
57,1470,1527,0.1508099472132142
55,1465,1520,0.15083446921953342
54,1452,1506,0.15086383110453444
56,1448,1504,0.15089427171412637
56,1450,1506,0.15091645561864092
56,1448,1504,0.150937170160231
58,1456,1514,0.15095649153818125
60,1456,1516,0.15096853065143453
59,1453,1512,0.1509737727136289
58,1452,1510,0.1509819916237846
56,1470,1526,0.15099300330766044
56,1473,1529,0.15100941526010858
54,1477,1531,0.15102464728886947
52,1464,1516,0.15104519163836777
51,1457,1508,0.15107035183436193
50,1459,1509,0.15109714821338852
49,1467,1516,0.15112587607513386
51,1467,1518,0.15115570843303228
52,1460,1512,0.151177924454898
51,1458,1509,0.1511951746310597
54,1457,1511,0.15121448719527417
56,1444,1500,0.15122302805187918
57,1446,1503,0.15122508916847124
55,1452,1507,0.1512236160758721
53,1456,1509,0.15122852778022625
51,1452,1503,0.1512391615836487
53,1459,1512,0.15125548100414274
53,1476,1529,0.1512644472165688
57,1479,1536,0.15127284294817747
57,1475,1532,0.15126825680558878
55,1467,1522,0.1512640859035347
56,1468,1524,0.15126636502396096
57,1466,1523,0.1512652625703663
57,1458,1515,0.15126123218265022
55,1462,1517,0.15125749107144096
57,1463,1520,0.15126042026466757
55,1457,1512,0.15125730962983763
53,1453,1506,0.15126077839303095
54,1467,1521,0.15127059734139292
55,1465,1520,0.15127646285324137
58,1467,1525,0.15127908071081314
58,1470,1528,0.15127241991993612
59,1455,1514,0.15126634743339046
57,1458,1515,0.15125753748543852
57,1468,1525,0.15125546461581219
58,1467,1525,0.15125374189460405
57,1462,1519,0.15124898003876122
60,1455,1515,0.15124778967827296
58,1446,1504,0.15123788044965245
59,1444,1503,0.15123444779583414
58,1445,1503,0.1512281207171754
58,1451,1509,0.15122481820038658
57,1453,1510,0.15122159621095346
57,1448,1505,0.15122209829062894
55,1451,1506,0.1512226451593376
55,1463,1518,0.15122951162455986
55,1465,1520,0.15123613824844295
53,1450,1503,0.15124225746943862
51,1457,1508,0.15125408711368782
51,1470,1521,0.15127087462703445
49,1469,1518,0.15128689640829993
49,1468,1517,0.15130803353970051
51,1470,1521,0.15132782304216247
51,1458,1509,0.15134063693199973
52,1456,1508,0.1513530610820653
52,1452,1504,0.15136168026885038
49,1456,1505,0.15136954452403092
49,1464,1513,0.15138602026027226
47,1460,1507,0.15140186695173483
49,1470,1519,0.15142289794171876
48,1476,1524,0.15143625869151645
46,1471,1517,0.15145175410772688
54,1458,1512,0.15147247652058138
52,1466,1518,0.15146772450444235
53,1464,1517,0.15146945275745538
51,1456,1507,0.15146835722282617
50,1463,1513,0.15147354617108605
50,1460,1510,0.15148166227010537
50,1465,1515,0.15148935624908597
48,1459,1507,0.15149655164493803
49,1451,1500,0.15150855193622942
49,1452,1501,0.15151664459676437
50,1455,1505,0.15152418452634112
52,1458,1510,0.15152786521621756
53,1464,1517,0.15152552520899307
53,1472,1525,0.15152017211059873
51,1473,1524,0.1515152318604873
51,1480,1531,0.15151673151081163
53,1482,1535,0.15151812272932558
51,1468,1519,0.15151346929064372
51,1472,1523,0.1515153325172975
53,1478,1531,0.15151712278034496
53,1477,1530,0.1515129258972161
54,1475,1529,0.1515090582812989
52,1473,1525,0.15150234628308556
55,1471,1526,0.15150226201538286
55,1470,1525,0.15149263960745046
56,1470,1526,0.15148365282164025
56,1453,1509,0.15147210412750034
54,1463,1517,0.1514613013168447
54,1467,1521,0.1514572241911937
56,1466,1522,0.15145337361198657
55,1465,1520,0.15144372620664776
57,1455,1512,0.15143767513423562
57,1448,1505,0.15142588084186873
56,1444,1500,0.15141468299559688
57,1443,1500,0.15140731837266394
59,1440,1499,0.1513974877755685
57,1437,1494,0.15138189335300273
56,1445,1501,0.1513731076533954
57,1459,1516,0.15136789469674494
57,1454,1511,0.15135973620192789
57,1455,1512,0.1513520361460882
57,1455,1512,0.1513449928746294
56,1454,1510,0.1513384545905643
56,1455,1511,0.151335151837644
56,1462,1518,0.15133200013395404
55,1477,1532,0.15132955157135364
53,1475,1528,0.15133015278781822
53,1474,1527,0.15133699948699403
53,1467,1520,0.15134354000240793
53,1479,1532,0.1513496141852272
56,1467,1523,0.15135494661284749
54,1462,1516,0.15135056019529597
53,1447,1500,0.15135268824618783
54,1441,1495,0.1513574944164439
55,1442,1497,0.15135848422246956
53,1454,1507,0.1513563649505933
53,1448,1501,0.15136059428665688
53,1451,1504,0.1513642556230592
52,1459,1511,0.15136767060379935
52,1464,1516,0.1513737759064015
51,1454,1505,0.15137946351215614
49,1460,1509,0.1513878595910029
49,1458,1507,0.15140200593033806
48,1451,1499,0.15141485481418027
46,1453,1499,0.1514304819392034
48,1445,1493,0.15145122792085586
49,1470,1519,0.15146436838485877
46,1476,1522,0.15147380850308245
48,1474,1522,0.151492159218617
47,1477,1524,0.15150324205449653
49,1480,1529,0.1515165608438992
49,1485,1534,0.1515230788478505
50,1471,1521,0.15152897404081692
49,1462,1511,0.1515318340848676
50,1471,1521,0.1515376792187205
51,1454,1505,0.15154010839635032
51,1447,1498,0.15153911527671646
52,1442,1494,0.15153812139523018
53,1453,1506,0.15153369894064264
52,1439,1491,0.15152648151176018
55,1458,1513,0.15152275975942836
55,1462,1517,0.15150956558150588
53,1469,1522,0.15149713879185003
55,1468,1523,0.15149153828270595
54,1463,1517,0.1514798428108015
56,1460,1516,0.15147186672087737
57,1470,1527,0.15145803648930165
57,1458,1515,0.15144216131105048
55,1454,1509,0.15142718446142622
54,1457,1511,0.151419222060333
54,1458,1512,0.15141479373246147
52,1471,1523,0.15141072950470855
51,1464,1515,0.15141335388258134
49,1469,1518,0.15141881708554045
48,1471,1519,0.15143004614305589
46,1476,1522,0.1514436742866524
47,1485,1532,0.15146246402308353
45,1484,1529,0.15147704145773883
44,1486,1530,0.15149701979300473
45,1478,1523,0.15151889450016837
44,1470,1514,0.15153622584473825
42,1481,1523,0.1515556475236263
41,1489,1530,0.15157973501342578
41,1489,1530,0.15160515570150834
41,1497,1538,0.15162904540228708
44,1488,1532,0.1516514495869169
45,1479,1524,0.1516633807280397
45,1464,1509,0.15167151453680264
44,1459,1503,0.15167919284676498
44,1470,1514,0.15168961731332764
46,1472,1518,0.15169917652081094
46,1473,1519,0.1517017451910555
46,1469,1515,0.15170435421177886
45,1465,1510,0.15170708440949426
45,1471,1516,0.1517128691244675
45,1472,1517,0.1517180983649812
45,1464,1509,0.15172285125918136
44,1464,1508,0.15172730832300652
43,1469,1512,0.15173452250395947
44,1458,1502,0.15174432106435876
44,1468,1512,0.15175040670390003
44,1469,1513,0.15175609287287753
48,1475,1523,0.15176140813999775
46,1480,1526,0.1517539559515467
44,1478,1522,0.15175315606664283
43,1465,1508,0.15175876242418315
45,1468,1513,0.15176721373542992
45,1472,1517,0.15176888115083997
45,1476,1521,0.15177050135183834
43,1465,1508,0.15177223146474658
44,1463,1507,0.15178013201096346
44,1468,1512,0.15178442362306568
41,1464,1505,0.1517884873275263
38,1469,1507,0.15180171558781866
37,1479,1516,0.15182364056848105
38,1474,1512,0.15184706911175813
37,1470,1507,0.15186579236206874
39,1478,1517,0.1518863123954706
40,1478,1518,0.15189931379492555
39,1472,1511,0.15190850553766383
38,1470,1508,0.15192040016817454
38,1462,1500,0.15193463519815797
39,1467,1506,0.15194803095574363
39,1475,1514,0.15195749943508588
39,1469,1508,0.15196641465929614
38,1471,1509,0.1519747974617012
38,1470,1508,0.15198574501457437
37,1467,1504,0.1519960283855527
37,1469,1506,0.15200886529508728
37,1474,1511,0.15202090456891323
35,1473,1508,0.15203220119419147
37,1476,1513,0.15204916262740212
36,1480,1516,0.1520587314284822
36,1478,1514,0.15207091925941182
35,1476,1511,0.15208237170887068
34,1476,1510,0.15209624415567657
34,1469,1503,0.15211245986239663
35,1487,1522,0.1521276498675422
34,1479,1513,0.15213886373586072
35,1470,1505,0.15215269426201977
37,1470,1507,0.15216254532327858
35,1481,1516,0.15216542443741177
35,1480,1515,0.15217456097430448
36,1489,1525,0.15218299268764668
35,1492,1527,0.1521877034549898
33,1488,1521,0.1521952987336836
31,1486,1517,0.1522088716556677
30,1486,1516,0.1522278180682572
28,1485,1513,0.15224859334795648
29,1486,1515,0.15227434534447679
32,1482,1514,0.15229520829241086
32,1492,1524,0.15230556275493487
31,1489,1520,0.15231540825363785
31,1485,1516,0.15232745267023146
32,1475,1507,0.15233869336904107
31,1481,1512,0.15234620063579862
30,1479,1509,0.15235650740292386
30,1490,1520,0.15236919536119906
30,1471,1501,0.15238109375933728
29,1489,1518,0.15239224081356398
26,1506,1532,0.15240584796890316
26,1500,1526,0.15242822113100582
26,1503,1529,0.15244921426500313
24,1480,1504,0.15246892271938
23,1485,1508,0.1524935025825829
24,1489,1513,0.15251949874250706
23,1493,1516,0.15254054404943662
24,1485,1509,0.15256327838699626
25,1479,1504,0.152581517076234
24,1480,1504,0.15259554821047072
24,1493,1517,0.15261178643552778
24,1493,1517,0.15262700365813436
21,1491,1512,0.1526412674017584
22,1495,1517,0.1526642559169745
22,1487,1509,0.1526826326074817
22,1489,1511,0.15269979977056217
23,1491,1514,0.15271589127767612
20,1494,1514,0.15272779282108198
21,1486,1507,0.1527485858224821
22,1508,1530,0.15276486449477658
21,1506,1527,0.15277691147818637
21,1494,1515,0.1527913336258761
21,1478,1499,0.15280496455696851
22,1496,1518,0.1528177891590028
22,1485,1507,0.15282662912075054
23,1501,1524,0.15283495379975615
21,1493,1514,0.15283962394294096
22,1495,1517,0.15285041931897736
22,1492,1514,0.1528573740905285
22,1483,1505,0.15286390260106866
23,1475,1498,0.1528700360526958
24,1484,1508,0.15287261989577433
25,1495,1520,0.15287190389044664
26,1492,1518,0.15286809588461897
26,1504,1530,0.15286146167638756
25,1493,1518,0.1528553070340239
25,1485,1510,0.15285280069510598
25,1494,1519,0.15285055435462985
25,1505,1530,0.15284838488699853
24,1494,1518,0.15284634441471978
25,1483,1508,0.1528476163769419
25,1489,1514,0.1528456264665152
26,1483,1509,0.1528437828383266
25,1482,1507,0.15283876200112392
26,1479,1505,0.1528372612777103
26,1484,1510,0.1528324773412873
25,1477,1502,0.15282808091147662
25,1490,1515,0.15282715045424897
24,1489,1513,0.15282627922149725
22,1477,1499,0.15282857984817255
22,1492,1514,0.15283715871891432
23,1501,1524,0.15284521452146327
22,1485,1507,0.15284961834144853
21,1492,1513,0.1528571487048427
22,1494,1516,0.15286728435342722
22,1490,1512,0.15287360964195526
22,1479,1501,0.1528796057049806
23,1479,1502,0.15288525143547485
23,1487,1510,0.15288737202534441
24,1486,1510,0.15288951046067845
24,1478,1502,0.15288832241439224
23,1484,1507,0.15288725704718692
24,1488,1512,0.15288951218453772
22,1484,1506,0.15288846843593443
22,1494,1516,0.15289386712609004
22,1490,1512,0.15289895317974594
22,1497,1519,0.152903735582984
21,1491,1512,0.1529082302312296
20,1491,1511,0.15291561163297807
20,1490,1510,0.1529256581330624
21,1490,1511,0.15293505644858688
21,1493,1514,0.15294071463081463
21,1494,1515,0.15294601732653573
22,1487,1509,0.1529509901020399
21,1489,1510,0.15295246141208796
23,1489,1512,0.15295701303835588
21,1492,1513,0.1529549291469962
22,1496,1518,0.1529593174019764
20,1492,1512,0.15296029171569178
19,1496,1515,0.15296748481275987
19,1491,1510,0.1529774197214861
19,1499,1518,0.1529867308469825
19,1495,1514,0.15299546298315633
20,1496,1516,0.15300365601748805
19,1504,1523,0.15300811419617283
18,1500,1518,0.15301555698450628
17,1487,1504,0.1530257295726414
17,1495,1512,0.1530384200842384
18,1497,1515,0.15305033862310713
17,1493,1510,0.15305832578646356
18,1503,1521,0.15306896901486403
17,1497,1514,0.15307578319235085
18,1489,1507,0.15308534364614776
18,1505,1523,0.15309107391921586
18,1510,1528,0.15309645523195217
18,1514,1532,0.1531015042821216
17,1513,1530,0.15310624052450378
16,1500,1516,0.1531138504121863
16,1498,1514,0.153124183088525
16,1499,1515,0.15313386076676191
15,1498,1513,0.15314303631509765
14,1501,1515,0.1531548206175194
14,1504,1518,0.15316905095120475
14,1503,1517,0.15318241588427342
14,1512,1526,0.15319495792088408
14,1505,1519,0.15320673032497717
14,1496,1510,0.15321778189025972
13,1506,1519,0.15322815771399984
14,1500,1514,0.15324112637454593
13,1498,1511,0.15325012977188257
14,1506,1520,0.15326182391107662
15,1507,1522,0.1532695746258013
15,1509,1524,0.15327369357231357
16,1512,1528,0.1532776422681406
16,1504,1520,0.15327823966378784
16,1494,1510,0.15327874592436502
16,1499,1515,0.15327929818839614
16,1505,1521,0.15327986120320541
14,1508,1522,0.15328041913622928
13,1509,1522,0.1532873328269827
14,1510,1524,0.1532969700212567
14,1508,1522,0.1533028588178696
14,1508,1522,0.15330836451698612
15,1513,1528,0.15331344367506372
15,1513,1528,0.15331512598676664
14,1522,1536,0.1533167051199377
14,1504,1518,0.1533214635538075
14,1500,1514,0.15332595163488325
14,1506,1520,0.1533301835049692
13,1510,1523,0.15333421803539715
12,1507,1519,0.15334117885593201
12,1500,1512,0.15335090713817043
11,1503,1514,0.15336001446035172
12,1506,1518,0.1533716817561004
13,1503,1516,0.15337937773477106
13,1504,1517,0.15338339673262855
13,1504,1517,0.15338719999117015
13,1512,1525,0.15339077429777534
13,1509,1522,0.15339412615821668
12,1500,1512,0.15339726794912292
12,1508,1520,0.15340336672055405
12,1507,1519,0.15340909214482287
12,1501,1513,0.15341445843788715
12,1506,1518,0.15341948770528396
11,1502,1513,0.15342420203059912
11,1506,1517,0.1534318064325851
11,1511,1522,0.15343895159725357
11,1515,1526,0.15344565319107012
11,1517,1528,0.15345193798586032
11,1517,1528,0.1534578327381003
11,1507,1518,0.15346336255151596
11,1498,1509,0.1534685507848033
11,1492,1503,0.15347341916361568
11,1500,1511,0.15347798791550343
11,1507,1518,0.15348227589580538
11,1511,1522,0.15348630069973038
10,1507,1517,0.15349007876155304
13,1502,1515,0.15349682292683567
14,1503,1517,0.1534935307712702
14,1499,1513,0.15348724067771827
14,1504,1518,0.15348134822414314
14,1498,1512,0.15347582555939965
14,1496,1510,0.15347067700676792
14,1517,1531,0.1534658575957392
15,1512,1527,0.15346135298848373
15,1497,1512,0.153453902156083
15,1496,1511,0.15344691566537602
15,1495,1510,0.15344037525887694
15,1497,1512,0.15343424698184896
16,1500,1516,0.15342850080383322
16,1498,1514,0.15341990876257317
16,1502,1518,0.15341186231408466
16,1494,1510,0.1534043162477694
16,1476,1492,0.15339723098980917
18,1488,1506,0.15339057702469205
18,1495,1513,0.15337788894165855
19,1493,1512,0.15336599625955052
19,1505,1524,0.15335164850662594
18,1517,1535,0.1533382737193201
18,1512,1530,0.1533288862398502
17,1517,1534,0.1533200689334457
17,1509,1526,0.15331495022260036
17,1499,1516,0.1533101375962302
16,1498,1514,0.1533056163910846
16,1494,1510,0.15330446519014104
18,1506,1524,0.15330339267412668
18,1502,1520,0.15329598215464316
18,1497,1515,0.15328903660707374
18,1500,1518,0.1532825097313892
17,1496,1513,0.1532763764412077
17,1489,1506,0.15327378997282096
17,1485,1502,0.15327134770650222
17,1496,1513,0.1532690501064975
17,1512,1529,0.15326688910405836
17,1502,1519,0.1532648399856809
18,1515,1533,0.1532629228829833
19,1510,1529,0.15325795321439484
19,1520,1539,0.15325003985453153
20,1512,1532,0.1532426896368661
20,1516,1536,0.153232635115622
20,1513,1533,0.15322322730428778
21,1502,1523,0.1532144102918266
21,1499,1520,0.15320295520977983
20,1499,1519,0.1531922289302342
20,1509,1529,0.15318533726531394
21,1519,1540,0.15317886077083595
20,1515,1535,0.15316960275644897
21,1510,1531,0.15316406813969727
21,1500,1521,0.15315567565409982
21,1503,1524,0.15314779727709946
22,1509,1531,0.15314039333173343
21,1503,1524,0.1531302644430856
22,1491,1513,0.15312391136782164
21,1484,1505,0.15311473910746456
20,1489,1509,0.15310928691692752
21,1485,1506,0.15310731452714277
22,1495,1517,0.15310235253351007
22,1503,1525,0.15309451210846114
21,1497,1518,0.15308715728118721
21,1511,1532,0.15308339349802147
21,1493,1514,0.1530797987531977
21,1495,1516,0.15307645308914464
22,1492,1514,0.15307329536224312
21,1486,1507,0.15306719718467565
21,1507,1528,0.15306462539270835
22,1499,1521,0.15306219358880918
22,1506,1528,0.1530567606212635
23,1489,1512,0.15305168349722587
23,1490,1513,0.1530437411329632
23,1487,1510,0.15303630629934692
23,1480,1503,0.15302933654728032
23,1482,1505,0.15302279843135824
22,1480,1502,0.15301666309881085
22,1498,1520,0.15301406436264348
21,1485,1506,0.1530116098986022
21,1483,1504,0.15301246760643467
21,1493,1514,0.15301326770262114
20,1487,1507,0.15301401335314174
20,1487,1507,0.15301787041165707
19,1491,1510,0.1530214590910002
19,1494,1513,0.15302798384625796
18,1495,1513,0.15303409028692158
17,1503,1520,0.15304308060076097
17,1494,1511,0.15305466132512413
16,1500,1516,0.15306553583483987
17,1495,1512,0.15307888738935244
17,1500,1517,0.15308825160518885
16,1497,1513,0.1530970390204147
16,1501,1517,0.15310843782827974
16,1497,1513,0.15311910167533327
15,1495,1510,0.15312910272082075
13,1494,1507,0.1531416734115494
15,1494,1509,0.15315981005986276
14,1497,1511,0.15317045275500019
14,1507,1521,0.15318364566932785
16,1490,1506,0.15319604307275772
17,1477,1494,0.15320132713205367
17,1501,1518,0.1532031402595621
17,1489,1506,0.1532048572449903
17,1492,1509,0.1532064702407255
16,1498,1514,0.15320798570254993
16,1494,1510,0.1532125716414992
16,1503,1519,0.1532168691763236
16,1491,1507,0.15322090205247502
16,1491,1507,0.15322469091986807
16,1497,1513,0.15322824453191397
16,1486,1502,0.15323158565636819
15,1497,1512,0.15323472652049758
17,1485,1502,0.1532408768609559
17,1490,1507,0.15324027248436406
17,1498,1515,0.15323972937960817
17,1494,1511,0.15323918391132416
17,1505,1522,0.15323868309534394
17,1494,1511,0.1532382198009948
17,1503,1520,0.15323778737698268
17,1498,1515,0.1532373824065687
19,1506,1525,0.15323700271242438
19,1500,1519,0.1532302235923649
18,1495,1513,0.1532238810085224
18,1490,1508,0.1532211222287707
18,1494,1512,0.15321852504627048
18,1491,1509,0.15321608574077117
17,1506,1523,0.15321379553300246
19,1513,1532,0.15321481873120857
18,1509,1527,0.1532093946450375
19,1504,1523,0.15320749797250982
19,1507,1526,0.1532025534996361
19,1490,1509,0.15319793876461024
18,1491,1509,0.1531936209376776
18,1500,1518,0.1531927981607385
18,1497,1515,0.1531919773432948
19,1500,1519,0.15319121774010433
18,1493,1511,0.15318735500196343
18,1496,1514,0.15318693633514838
19,1502,1521,0.1531865234943956
20,1504,1524,0.15318299363155957
21,1496,1517,0.1531764940572539
20,1506,1526,0.15316723620285833
18,1506,1524,0.15316172479717888
18,1508,1526,0.15316289490900797
19,1498,1517,0.15316396522105766
18,1493,1511,0.15316179973039037
18,1494,1512,0.15316296993637338
19,1486,1505,0.1531639924899223
20,1486,1506,0.1531618032700221
19,1477,1496,0.15315658671850282
19,1488,1507,0.1531548880941202
21,1490,1511,0.15315328375465725
21,1488,1509,0.15314541692275502
21,1500,1521,0.15313806166766367
22,1493,1515,0.15313114550090964
22,1493,1515,0.15312146881807553
22,1492,1514,0.15311240197603726
19,1498,1517,0.15310389636931404
17,1515,1532,0.15310540901320124
17,1510,1527,0.15311313731336157
17,1489,1506,0.15312036530570064
17,1493,1510,0.15312711625818445
17,1507,1524,0.1531333940024772
16,1497,1513,0.1531392790270652
18,1498,1516,0.15314797375681713
17,1499,1516,0.15314973897041897
15,1503,1518,0.1531546303384995
16,1503,1519,0.15316560977807753
15,1519,1534,0.15317271642614932
14,1508,1522,0.15318260952187068
14,1497,1511,0.1531951049584369
15,1501,1516,0.15320684171260088
15,1495,1510,0.15321464789620223
17,1505,1522,0.1532219962766335
17,1488,1505,0.1532226124100229
17,1496,1513,0.15322321854278675
17,1491,1508,0.15322380304982847
18,1495,1513,0.15322436461803002
17,1502,1519,0.15322179345971867
17,1510,1527,0.15322253479159825
16,1505,1521,0.1532232306135739
16,1501,1517,0.15322710865049205
16,1506,1522,0.15323075478009354
14,1512,1526,0.15323418774742856
13,1495,1508,0.1532436726282734
11,1492,1503,0.15325581197833668
11,1488,1499,0.15327362447750692
11,1504,1515,0.1532903637206333
11,1512,1523,0.15330608179282648
11,1518,1529,0.1533208600316216
10,1512,1522,0.15333473834245237
11,1522,1533,0.1533509115737232
10,1524,1534,0.15336292024620352
10,1512,1522,0.15337738585665542
10,1518,1528,0.15339098001061693
11,1519,1530,0.15340375622797095
11,1509,1520,0.15341258185026238
9,1507,1516,0.15342088717804253
9,1508,1517,0.1534351240640024
9,1512,1521,0.1534484922364374
8,1506,1514,0.15346105135190982
8,1520,1528,0.15347603249727398
8,1523,1531,0.1534901039113462
8,1513,1521,0.153503324615857
8,1512,1520,0.1535157452446091
8,1510,1518,0.15352741334515316
8,1505,1513,0.15353837403984333
8,1503,1511,0.15354867000144956
7,1506,1513,0.15355834147136657
7,1504,1511,0.15357068776558885
8,1490,1498,0.15358228927036432
8,1501,1509,0.1535899867353124
8,1510,1518,0.15359722944167045
7,1501,1508,0.15360403784023435
8,1497,1505,0.15361361952953417
7,1500,1507,0.153619434645416
7,1503,1510,0.15362806647391355
7,1504,1511,0.1536361759822321
8,1501,1509,0.1536438074136952
8,1519,1527,0.15364779412725507
8,1516,1524,0.1536515448559766
9,1513,1522,0.1536550797534058
10,1523,1533,0.15365519340533487
10,1524,1534,0.15365214755797005
9,1516,1525,0.15364933426943292
10,1506,1516,0.15364990863444133
11,1498,1509,0.15364731527972145
11,1503,1514,0.15364173820083685
10,1494,1504,0.153636532221898
10,1496,1506,0.1536348200871843
10,1492,1502,0.1536332386066939
10,1485,1495,0.15363175677765933
11,1485,1496,0.15363036866034865
11,1489,1500,0.15362588175569405
11,1500,1511,0.1536217321234636
11,1496,1507,0.1536178703703203
11,1499,1510,0.1536142692372363
11,1492,1503,0.15361090724819482
12,1489,1501,0.15360776597676445
12,1491,1503,0.15360170826185304
12,1488,1500,0.1535960382921937
12,1506,1518,0.15359072836753282
12,1497,1509,0.15358575551647305
11,1481,1492,0.1535810982666637
13,1478,1491,0.15357986124951778
13,1491,1504,0.15357226051212433
14,1492,1506,0.1535650998213745
14,1490,1504,0.1535551485814657
14,1503,1517,0.15354574680774236
14,1509,1523,0.15353691464140698
15,1497,1512,0.15352859882381106
15,1498,1513,0.15351762473894948
17,1483,1500,0.1535073339795208
17,1501,1518,0.15349136648746867
17,1498,1515,0.15347640455935044
17,1493,1510,0.15346237864467469
16,1497,1513,0.1534492309402106
16,1500,1516,0.15344007073542623
16,1507,1523,0.15343149300847916
16,1494,1510,0.1534234682693312
16,1498,1514,0.1534159429731194
16,1504,1520,0.15340888239192704
16,1512,1528,0.15340225833803986
16,1508,1524,0.15339607733777794
16,1510,1526,0.15339026459790622
15,1506,1521,0.15338480057400852
15,1506,1521,0.15338278494036436
14,1505,1519,0.1533808786896502
13,1503,1516,0.15338226517619602
12,1513,1525,0.1533866846052052
13,1515,1528,0.1533939973600954
12,1502,1514,0.1533977078207349
12,1508,1520,0.15340436628752752
12,1516,1528,0.15341061602459777
13,1508,1521,0.15341647552056728
13,1510,1523,0.15341886270072916
12,1493,1505,0.15342111134319608
12,1497,1509,0.15342642692052919
11,1495,1506,0.15343143403133352
10,1477,1487,0.15343925699616195
9,1488,1497,0.15344971725207635
9,1506,1515,0.15346267628319624
8,1500,1508,0.1534748266730659
7,1495,1502,0.15348930762155852
7,1515,1522,0.15350603135109003
6,1527,1533,0.15352172304135558
5,1524,1529,0.15353965027910235
5,1525,1530,0.1535596055229525
5,1527,1532,0.1535783562174711
4,1516,1520,0.15359596501810635
4,1503,1507,0.1536156625914688
4,1511,1515,0.15363416072034247
4,1508,1512,0.15365153574260224
4,1514,1518,0.15366785366747862
4,1507,1511,0.15368317804448636
4,1502,1506,0.15369756935199747
4,1506,1510,0.1537110846827484
4,1523,1527,0.15372377773723567
4,1524,1528,0.1537356989427639
3,1516,1519,0.15374687373740256
3,1517,1520,0.1537605909059516
3,1512,1515,0.15377349177847643
3,1503,1506,0.15378562263446416
3,1501,1504,0.15379702504771348
3,1509,1512,0.15380774056238164
3,1520,1523,0.15381780951237067
3,1510,1513,0.15382727041481414
3,1518,1521,0.15383615976710618
3,1509,1512,0.15384451201836466
3,1510,1513,0.1538523596166312
3,1520,1523,0.15385973308921985
4,1522,1526,0.15386666113672678
4,1530,1534,0.15386992492626664
5,1524,1529,0.1538729843976293
5,1518,1523,0.1538726369062176
5,1524,1529,0.1538723180171512
4,1524,1528,0.15387202574530073
5,1521,1526,0.15387497756598847
5,1519,1524,0.15387453781190596
5,1514,1519,0.153874123073874
5,1530,1535,0.15387373736849694
4,1525,1529,0.15387337983386723
4,1509,1513,0.15387628757370236
4,1518,1522,0.15387902537319273
4,1528,1532,0.15388158953918285
4,1530,1534,0.15388399322613935
4,1521,1525,0.15388624792442765
4,1528,1532,0.15388836372912304
4,1523,1527,0.15389034974241633
4,1517,1521,0.15389221429540728
4,1515,1519,0.15389396507849637
4,1529,1533,0.15389560922681278
3,1520,1523,0.1538971533816865
3,1510,1513,0.153901845374676
4,1516,1520,0.15390626660620732
4,1528,1532,0.15390719079811244
4,1523,1527,0.15390805774857255
4,1518,1522,0.15390886552384134
4,1510,1514,0.15390962096680083
3,1507,1510,0.15391032904920554
3,1515,1518,0.1539142308788393
3,1515,1518,0.15391790523886026
3,1517,1520,0.1539213584912435
3,1523,1526,0.15392460136410585
3,1520,1523,0.1539276462558892
3,1521,1524,0.15393050530946004
3,1522,1525,0.1539331900246117
3,1521,1524,0.15393571119880867
3,1518,1521,0.1539380789459639
3,1529,1532,0.1539403027347086
3,1519,1522,0.15394239143022237
3,1519,1522,0.15394435333491038
2,1501,1503,0.15394619622657546
2,1503,1505,0.15395116557108562
2,1519,1521,0.1539558446172375
2,1506,1508,0.15396023974038525
2,1518,1520,0.15396436666380114
2,1511,1513,0.15396824180957755
2,1514,1516,0.15397188080911728
2,1528,1530,0.15397529832581353
2,1525,1527,0.15397850807657826
2,1518,1520,0.15398152289004885
1,1520,1521,0.15398435476889208
1,1507,1508,0.1539902605574951
1,1513,1514,0.15399581847186394
0,1509,1509,0.15400104488927066
