1370,29,1399,0.1358211543040673
1408,30,1438,0.13297642259707806
1436,30,1466,0.13027612576044922
1428,33,1461,0.12773863140201824
1441,34,1475,0.12544965651566037
1461,33,1494,0.12333006502966988
1450,31,1481,0.12134741049037416
1446,30,1476,0.11957054249648447
1453,31,1484,0.11796300561890227
1447,30,1477,0.11648201807351816
1443,29,1472,0.11514820326744354
1454,29,1483,0.11394317006134608
1458,28,1486,0.11281947994938901
1457,29,1486,0.11178662078974236
1482,29,1511,0.11084865698352059
1471,28,1499,0.10993605392499185
1480,29,1509,0.10913190208909058
1470,30,1500,0.10837945940610842
1472,29,1501,0.10771762096485085
1464,32,1496,0.10711094921702674
1461,33,1494,0.10657686030563279
1470,33,1503,0.10609678883390494
1466,34,1500,0.10563979694311958
1467,35,1502,0.10523329925667949
1463,34,1497,0.10486092583269115
1470,37,1507,0.10453061271631718
1480,33,1513,0.10421486655357741
1463,33,1496,0.10390494432374922
1454,34,1488,0.10366008484837991
1453,32,1485,0.10345694017228788
1457,34,1491,0.10327415698226254
1456,36,1492,0.1030990633763377
1454,34,1488,0.10294149380676408
1461,32,1493,0.10280284762859936
1457,32,1489,0.1026613054829883
1463,36,1499,0.10254147935622986
1468,38,1506,0.10241926954213021
1470,37,1507,0.10229740492419474
1470,37,1507,0.10218213839977391
1465,34,1499,0.10207682777811111
1450,34,1484,0.10199196060872168
1456,32,1488,0.1019471657163777
1456,32,1488,0.1018933946089183
1464,34,1498,0.1018443501156447
1475,33,1508,0.1017824403039491
1455,34,1489,0.1017028160668966
1470,34,1504,0.10167352564291261
1471,34,1505,0.1016143531562863
1470,34,1504,0.10155842240152285
1460,36,1496,0.10150947128846739
1462,37,1499,0.10148657154686966
1461,35,1496,0.10146144433111992
1448,36,1484,0.10144088521898378
1455,36,1491,0.10144967166291309
1455,38,1493,0.10144255537992533
1454,38,1492,0.10143610214784698
1459,36,1495,0.10143271153597447
1458,35,1493,0.1014188753548401
1458,34,1492,0.10140827130668349
1459,35,1494,0.10139912591388019
1466,36,1502,0.10138847903142761
1454,35,1489,0.10136358719551102
1456,37,1493,0.10136664736302387
1442,40,1482,0.10136528892679232
1426,40,1466,0.10139418509599522
1436,37,1473,0.10145513789970305
1446,39,1485,0.10148871905321019
1443,39,1482,0.10149769227578016
1453,37,1490,0.10151226078299234
1447,37,1484,0.1015040848839593
1458,37,1495,0.10150986208155288
1465,37,1502,0.10149179345089793
1457,34,1491,0.10146002818969846
1455,36,1491,0.10144793727095035
1456,36,1492,0.1014410712956024
1450,37,1487,0.10143300242509022
1457,38,1495,0.10143893991928256
1460,38,1498,0.10142917562800983
1471,37,1508,0.10141371501203814
1471,40,1511,0.10137601804999935
1459,38,1497,0.1013413811590867
1469,41,1510,0.1013360193158271
1450,41,1491,0.10130952619801593
1459,42,1501,0.10132619029118124
1453,44,1497,0.10132204235853978
1453,45,1498,0.10133134302863961
1440,43,1483,0.10133987202113717
1453,42,1495,0.10137545515357256
1453,43,1496,0.10137982826005303
1450,44,1494,0.10138394599276862
1439,44,1483,0.1013941367008505
1460,43,1503,0.10142738978859094
1456,41,1497,0.10141207171854416
1468,40,1508,0.10140659799975675
1472,39,1511,0.10137597257245978
1452,38,1490,0.10133935832308022
1461,38,1499,0.1013489902403257
1458,38,1496,0.10133851147728479
1448,38,1486,0.10133543608356207
1442,39,1481,0.1013538943129289
1455,39,1494,0.10138382726197923
1461,38,1499,0.10138289605257417
1462,38,1500,0.10136914427382529
1463,37,1500,0.10135483487517165
1468,36,1504,0.10133982139372756
1470,36,1506,0.10131524378740131
1458,33,1491,0.1012880975203031
1460,31,1491,0.10128910335688585
1465,32,1497,0.10128550696864813
1458,31,1489,0.10127122212242391
1454,32,1486,0.10127355038557465
1452,35,1487,0.10128401285944477
1453,34,1487,0.10129800884965107
1455,33,1488,0.10130891377453195
1455,32,1487,0.1013147431506429
1452,31,1483,0.10131989941256973
1465,29,1494,0.10133113386406854
1461,30,1491,0.10131331436406821
1470,29,1499,0.10130569799474866
1464,29,1493,0.10127946360804106
1452,29,1481,0.10126836645589389
1443,29,1472,0.10128400056374791
1448,29,1477,0.10131774635382007
1462,29,1491,0.10133761110325241
1466,30,1496,0.10132570114502518
1456,34,1490,0.10130617773534556
1452,35,1487,0.10130961567108204
1453,37,1490,0.10132203357848489
1458,36,1494,0.10133084806168484
1448,35,1483,0.10132829023718162
1456,34,1490,0.10134730097078277
1457,34,1491,0.10134681165274387
1463,34,1497,0.10134433886339768
1437,36,1473,0.10132954169553246
1429,39,1468,0.10137217289665483
1429,40,1469,0.10142811362943323
1435,40,1475,0.10147881249160363
1428,40,1468,0.10151248997641868
1436,43,1479,0.10155840105874539
1444,43,1487,0.10158299961383484
1461,45,1506,0.10158813246423584
1457,46,1503,0.10155611249164297
1455,48,1503,0.10153568758063627
1444,47,1491,0.10152174667871089
1440,46,1486,0.10153297145743587
1454,44,1498,0.1015515848301641
1450,43,1493,0.10153860460995973
1453,41,1494,0.10153532798772816
1441,41,1482,0.10152565885605937
1446,44,1490,0.10154259471901987
1446,42,1488,0.10154726241254043
1448,45,1493,0.10155164721150246
1442,44,1486,0.10155121781784583
1459,46,1505,0.10156387859894313
1451,47,1498,0.10153889021640661
1441,46,1487,0.10153351259540493
1453,46,1499,0.10155013002622303
1444,46,1490,0.10153921039071062
1451,46,1497,0.1015489178944357
1456,46,1502,0.10154318025207014
1454,46,1500,0.10152709673817198
1464,46,1510,0.1015165297070883
1462,50,1512,0.10148535550190871
1446,54,1500,0.10146128333897138
1443,55,1498,0.10147369846008153
1441,56,1497,0.1014918487060282
1431,52,1483,0.1015127073727474
1432,50,1482,0.10155287856167403
1440,50,1490,0.10158725727868732
1431,51,1482,0.10160158076298284
1442,51,1493,0.10163387124458127
1437,50,1487,0.1016397040828102
1442,50,1492,0.10165555396618896
1442,50,1492,0.10165921878481753
1428,54,1482,0.1016630700497856
1425,55,1480,0.10169672228578804
1432,54,1486,0.10173418518276471
1433,56,1489,0.10175324450291363
1448,58,1506,0.10176861669803378
1449,58,1507,0.10174980554605899
1443,56,1499,0.1017303724415402
1444,54,1498,0.1017255389446161
1444,54,1498,0.10171900289781732
1426,54,1480,0.10171345500302106
1431,57,1488,0.10174706761332857
1434,60,1494,0.10176732906856924
1437,59,1496,0.10177959390749011
1433,60,1493,0.10178418547246962
1421,62,1483,0.10179745930788474
1410,61,1471,0.10183527333031792
1416,58,1474,0.10189335887597767
1424,60,1484,0.10193300136401615
1428,61,1489,0.10195191684378464
1435,61,1496,0.10196032981542129
1431,59,1490,0.10195301924181796
1428,60,1488,0.10195527342886013
1418,61,1479,0.10196406306758857
1425,60,1485,0.10199396953274052
1446,60,1506,0.10200606076985423
1442,61,1503,0.10197223753636454
1433,64,1497,0.10194985795615179
1433,64,1497,0.10194893001204514
1426,63,1489,0.10194815854715308
1421,65,1486,0.10196272010559461
1433,64,1497,0.10198630262858364
1425,64,1489,0.10198189873589694
1431,67,1498,0.10199524197764241
1432,68,1500,0.10199454474554054
1435,67,1502,0.10199234278253112
1433,66,1499,0.10198357745230698
1428,65,1493,0.1019798806998552
1426,65,1491,0.10198740721817114
1422,64,1486,0.1019985401524725
1418,62,1480,0.10201733703318036
1438,64,1502,0.10204352304878984
1419,65,1484,0.10202450396586084
1422,65,1487,0.10204869503141746
1426,62,1488,0.10206355266553027
1422,63,1485,0.1020685110802706
1432,66,1498,0.10208170447883563
1424,67,1491,0.10207189606989399
1423,64,1487,0.1020799124628998
1429,64,1493,0.10208980444179576
1428,67,1495,0.10208611480735287
1418,67,1485,0.10208476990185705
1423,67,1490,0.10210544280068914
1421,68,1489,0.10211357366793945
1415,68,1483,0.10212569242509556
1418,71,1489,0.10214966367217983
1407,73,1480,0.10216485400719534
1416,73,1489,0.10220247521154484
1428,76,1504,0.10221735052669477
1423,75,1498,0.10220461173541884
1432,76,1508,0.1022036359806748
1424,79,1503,0.10218364524630076
1420,76,1496,0.10218258359372538
1413,78,1491,0.10218996200179316
1422,75,1497,0.10221202231611609
1416,76,1492,0.10221259169256357
1425,77,1502,0.10222636826746324
1428,76,1504,0.10221948342026675
1429,76,1505,0.10220684597158114
1417,76,1493,0.10219330128400177
1419,76,1495,0.1022065373245908
1414,75,1489,0.10221479713851896
1416,77,1493,0.10223318546574159
1416,72,1488,0.10224517369010525
1416,73,1489,0.10225592233501377
1426,76,1502,0.10226574979102594
1419,75,1494,0.10225327398013631
1423,74,1497,0.1022572587338551
1433,73,1506,0.10225154894063522
1432,74,1506,0.10222538911145097
1437,72,1509,0.10220377048563961
1424,76,1500,0.10217323424781072
1433,77,1510,0.10217401905496766
1427,80,1507,0.10215512570516225
1421,79,1500,0.10215074830795774
1431,77,1508,0.1021596108800819
1430,73,1503,0.1021463556855397
1412,78,1490,0.10213655129603773
1420,77,1497,0.10216677794388022
1417,73,1490,0.10217680692770738
1413,73,1486,0.10219283608275209
1406,76,1482,0.10221562604016332
1402,75,1477,0.10225145282752118
1394,75,1469,0.10229338218217579
1397,78,1475,0.10234937200205944
1407,79,1486,0.10239444290082751
1416,79,1495,0.10241338678952883
1422,77,1499,0.10241119119604905
1418,78,1496,0.1023963518954761
1427,78,1505,0.10239080823583385
1428,78,1506,0.10236624144532082
1422,80,1502,0.10234146655714942
1416,80,1496,0.10233181192933129
1404,79,1483,0.10233597416622638
1400,80,1480,0.10236653136174506
1399,81,1480,0.10240308603793086
1415,80,1495,0.10243932291793106
1412,83,1495,0.10243738741341119
1408,81,1489,0.10244224816905384
1414,87,1501,0.10245516519819359
1411,86,1497,0.10245442883367809
1406,88,1494,0.10245984610335959
1404,89,1493,0.10247581685314801
1417,88,1505,0.10249505040411801
1413,90,1503,0.10248416233934256
1406,89,1495,0.10248292320299048
1419,89,1508,0.10249683974202778
1423,88,1511,0.10248139115214534
1422,87,1509,0.10245885062586549
1421,85,1506,0.10244040765482812
1422,86,1508,0.1024255366975951
1422,81,1503,0.1024103518002919
1408,82,1490,0.10239628419740023
1412,82,1494,0.10241372358513043
1399,82,1481,0.10242097900599698
1400,80,1480,0.10245565553776088
1389,80,1469,0.10248455380783314
1399,79,1478,0.1025348914909256
1400,80,1480,0.10255948209752327
1398,81,1479,0.10257912401716052
1405,84,1489,0.10260104231892309
1411,84,1495,0.10260536346584823
1410,81,1491,0.1025964376948539
1418,78,1496,0.10259028002244969
1418,79,1497,0.10256693157764764
1417,83,1500,0.10254558735932318
1420,80,1500,0.10252847089586435
1404,81,1485,0.10250667832927292
1399,83,1482,0.10252102290996344
1404,85,1489,0.1025448258656722
1400,87,1487,0.10255597086462181
1407,88,1495,0.10257470520161632
1412,89,1501,0.10257679978788739
1408,90,1498,0.10256790820302378
1410,89,1499,0.10256854855822665
1409,91,1500,0.10256482822194309
1406,92,1498,0.10256403169929616
1411,93,1504,0.10256979153113947
1413,94,1507,0.10256441595482282
1409,97,1506,0.102555494272305
1421,99,1520,0.1025567926604177
1398,100,1498,0.1025320790763283
1393,104,1497,0.1025595705396535
1382,111,1493,0.10259574343202157
1382,108,1490,0.10265262718218192
1388,110,1498,0.10270479176661666
1379,113,1492,0.10273977481082083
1368,115,1483,0.10279144851365762
1377,117,1494,0.10286252781930541
1380,120,1500,0.1029080551355819
1373,125,1498,0.10294304814551872
1359,123,1482,0.10299073660669063
1362,118,1480,0.10306482177507456
1365,120,1485,0.10312623974767803
1371,123,1494,0.10317529223305223
1366,121,1487,0.10320740881814629
1379,120,1499,0.10324851880297445
1382,120,1502,0.10325791115172417
1372,122,1494,0.10326026341732979
1376,124,1500,0.10328340706819321
1381,127,1508,0.10329649888318981
1371,126,1497,0.10329782526772573
1382,124,1506,0.10332079534627275
1376,124,1500,0.10331824784970539
1370,123,1493,0.10332901965888698
1359,131,1490,0.10335185626316373
1363,130,1493,0.10339699581023527
1355,127,1482,0.1034294022592923
1366,128,1494,0.1034766604835561
1364,130,1494,0.10349605944029064
1369,134,1503,0.10351822694798511
1380,137,1517,0.10352700455111914
1376,137,1513,0.1035104535964787
1378,134,1512,0.10350506301413223
1363,135,1498,0.10349560762737589
1360,132,1492,0.10351930105460233
1353,135,1488,0.10354779352282603
1367,132,1499,0.10358894643709948
1365,133,1498,0.10359617649491427
1375,133,1508,0.10360744794889794
1378,132,1510,0.10359582386030616
1384,134,1518,0.10357938938287091
1371,137,1508,0.10355188318228198
1368,135,1503,0.10355578749845609
1353,138,1491,0.10356547536802077
1356,141,1497,0.10360703236410675
1358,143,1501,0.10363845044935807
1359,141,1500,0.10366303983140082
1358,140,1498,0.10368323204486476
1368,142,1510,0.10370389791454589
1378,139,1517,0.10370103390734713
1367,136,1503,0.10367679137390456
1353,135,1488,0.10367849546561292
1351,135,1486,0.10371156561406984
1343,139,1482,0.10374550043413629
1344,140,1484,0.10379382039829042
1350,143,1493,0.10383557445191599
1351,142,1493,0.10386059513593442
1345,141,1486,0.10388142048057762
1355,138,1493,0.1039137920153966
1364,139,1503,0.10392082534532826
1349,141,1490,0.10390748720087856
1347,140,1487,0.1039283257264087
1329,142,1471,0.10395203607660929
1343,141,1484,0.10401356695168872
1342,142,1484,0.10403951762214164
1355,143,1498,0.10406505824834739
1370,144,1514,0.10405940584662496
1370,146,1516,0.10402148728602821
1355,144,1499,0.10398725113131832
1348,144,1492,0.10398802607253937
1349,148,1497,0.10400410783714921
1335,148,1483,0.10401694147525661
1339,145,1484,0.10405878087377979
1341,141,1482,0.10408795317054077
1344,143,1487,0.10411009845706812
1343,145,1488,0.10412396281824982
1343,145,1488,0.1041384944418175
1342,143,1485,0.1041523856693113
1346,141,1487,0.10416752962915711
1344,141,1485,0.10417211540609365
1343,142,1485,0.10418071211278282
1361,143,1504,0.10419070960201346
1351,143,1494,0.10416061789464769
1355,143,1498,0.10415484642843058
1346,143,1489,0.10414045704780009
1338,146,1484,0.10414732073782564
1338,147,1485,0.10417127907851648
1340,147,1487,0.10419268204550679
1348,147,1495,0.10420847627687628
1327,147,1474,0.1042050606309704
1338,147,1485,0.10424849332708051
1342,145,1487,0.10426324678150854
1344,144,1488,0.10426800181462667
1347,145,1492,0.10426882965988415
1340,146,1486,0.10426235840427259
1334,147,1481,0.10427193202068862
1348,148,1496,0.10429371573342201
1344,152,1496,0.10428331874094614
1347,145,1492,0.10428291443032595
1345,145,1490,0.10427627218899169
1347,149,1496,0.10427462935161783
1360,147,1507,0.10426826798156945
1351,148,1499,0.10423360635834993
1345,147,1492,0.10422238310120498
1349,151,1500,0.10422537298757616
1329,153,1482,0.1042186992620815
1330,157,1487,0.10425697736678446
1328,159,1487,0.10429028606304558
1324,159,1483,0.10432539062729271
1341,155,1496,0.10436665570779181
1339,162,1501,0.10436673825560948
1324,159,1483,0.10437161590466604
1336,155,1491,0.10440896121613114
1336,156,1492,0.10441644097056464
1343,157,1500,0.10442339818812918
1338,155,1493,0.10441492742852393
1339,156,1495,0.10441851130285955
1345,160,1505,0.10442008972177337
1336,160,1496,0.10440823280505285
1336,164,1500,0.10441642365647226
1344,159,1503,0.10442403261358195
1339,163,1502,0.10441338557850179
1338,160,1498,0.10441410455630215
1349,158,1507,0.1044175822054157
1328,159,1487,0.10439740094952445
1326,158,1484,0.1044245697251312
1320,160,1480,0.10445454523190272
1340,166,1506,0.1044953473293209
1325,165,1490,0.10448959040106544
1314,164,1478,0.10451811624236704
1315,165,1480,0.10456845493843137
1325,168,1493,0.10461190835447219
1320,170,1490,0.10463038881824367
1314,172,1486,0.10465750880562417
1309,171,1480,0.10469447594329921
1310,170,1480,0.10473991830025192
1314,164,1478,0.10477872866690818
1324,167,1491,0.10480580878458859
1319,171,1490,0.10480855915206604
1320,173,1493,0.10482154951182611
1318,171,1489,0.10483130962193384
1320,168,1488,0.1048438545335694
1326,167,1493,0.10485109761550891
1320,164,1484,0.10484493086732044
1322,165,1487,0.10485346078493882
1319,169,1488,0.10485671236069793
1320,168,1488,0.10486633566981406
1328,167,1495,0.10487314084578062
1319,165,1484,0.10486150364973522
1317,172,1489,0.10487068967846486
1326,169,1495,0.10488375826594598
1333,171,1504,0.10487582176591664
1326,170,1496,0.10485253701234548
1329,169,1498,0.10484732480445452
1327,174,1501,0.10483570142052637
1336,178,1514,0.10482971480617173
1335,179,1514,0.1048041693644469
1321,177,1498,0.10478365438090854
1325,178,1503,0.10479510189963079
1308,176,1484,0.10479643221275606
1301,172,1473,0.10483548877514065
1304,174,1478,0.10488660785752263
1304,176,1480,0.10492658470054884
1302,178,1480,0.1049634898401872
1308,176,1484,0.10500159593875832
1320,179,1499,0.10502268173129892
1321,177,1498,0.1050157620688532
1323,181,1504,0.10500808537819119
1316,178,1494,0.10499677102401911
1318,174,1492,0.10500224240030455
1324,175,1499,0.10500220518416786
1315,180,1495,0.10498904066692337
1325,181,1506,0.10499620552720362
1315,186,1501,0.10498071813186591
1324,186,1510,0.10498932290599278
1317,186,1503,0.10497813597706411
1312,183,1495,0.10498306361164002
1323,180,1503,0.10499866544307863
1309,180,1489,0.10498881353122652
1310,183,1493,0.10501189142962332
1306,185,1491,0.10503049625135877
1299,187,1486,0.10505671849427692
1295,187,1482,0.10509638476273418
1308,187,1495,0.10514120337759607
1315,188,1503,0.10515385891841589
1308,186,1494,0.10515075123588474
1313,191,1504,0.10516282547338228
1297,191,1488,0.10516237751070552
1300,192,1492,0.10519710903567056
1299,193,1492,0.1052232898396403
1294,192,1486,0.10524998974613481
1282,191,1473,0.10528426805659773
1281,194,1475,0.10534183078668191
1287,196,1483,0.10539694537167317
1292,193,1485,0.10543410993111735
1298,193,1491,0.10545634821163985
1287,191,1478,0.10546356557996826
1298,192,1490,0.10549408412324557
1312,194,1506,0.10549876650007944
1299,194,1493,0.10547186574770517
1302,198,1500,0.10547601047451266
1286,198,1484,0.10547332299635805
1279,190,1469,0.10550644556273854
1292,196,1488,0.10555202123832984
1283,201,1484,0.10556465491871586
1293,197,1490,0.10559653695842709
1286,199,1485,0.10560346559927498
1292,201,1493,0.10562659458170362
1295,198,1493,0.10563520483873606
1304,202,1506,0.10563654088062253
1285,201,1486,0.10561735238399649
1285,200,1485,0.10564300821856482
1279,204,1483,0.1056670259363435
1285,207,1492,0.10570173094913801
1291,213,1504,0.10572087152727638
1279,212,1491,0.10572593917333682
1279,208,1487,0.10575678674618232
1278,209,1487,0.10578404908914774
1279,201,1480,0.10581063889642582
1283,205,1488,0.10583270482253102
1279,205,1484,0.10584444644433934
1278,203,1481,0.10586383761626922
1291,207,1498,0.10588370744623987
1292,203,1495,0.10587296879024446
1292,207,1499,0.10586155409466043
1277,206,1483,0.10585081988189081
1277,207,1484,0.10587426816749616
1289,209,1498,0.1058957399908251
1288,210,1498,0.10588850803827402
1286,211,1497,0.10588517626840688
1275,213,1488,0.1058868084680157
1279,218,1497,0.10591303557335785
1276,218,1494,0.10592815305240666
1268,222,1490,0.10594837627386695
1263,220,1483,0.1059847241118244
1260,223,1483,0.10602852166824402
1267,218,1485,0.1060754427311533
1274,222,1496,0.1061024784048923
1258,222,1480,0.10611187508311681
1260,223,1483,0.10615482519709556
1260,220,1480,0.10618960916700403
1279,220,1499,0.1062224539475489
1273,223,1496,0.10620983299169982
1290,220,1510,0.10621193565432492
1288,218,1506,0.10617565194930804
1280,212,1492,0.10614794773793061
1276,226,1502,0.10614114977797699
1278,225,1503,0.10614483706149805
1284,230,1514,0.1061428572477055
1288,228,1516,0.10612781209710306
1275,231,1506,0.10610536514761625
1279,229,1508,0.10611437834036348
1263,225,1488,0.10611389013386775
1272,227,1499,0.10615026817307005
1258,235,1493,0.10616299293012893
1263,240,1503,0.10620586588030449
1251,240,1491,0.10623475188625399
1249,239,1488,0.10628759793047715
1246,235,1481,0.10634091793995448
1252,235,1487,0.10639708294271032
1266,233,1499,0.10643532647602207
1264,233,1497,0.10643950787957816
1272,235,1507,0.10644771379929335
1275,235,1510,0.10643641406253533
1272,234,1506,0.10641929168438276
1276,242,1518,0.10641074753614595
1267,241,1508,0.10639396714617982
1272,240,1512,0.1063984497886395
1271,237,1508,0.10639178894256177
1262,240,1502,0.10638781633376723
1257,241,1498,0.10640418118364682
1260,240,1500,0.10643160742525522
1274,241,1515,0.10645016219644324
1261,236,1497,0.10643568578824195
1270,238,1508,0.10645206852192626
1267,242,1509,0.10644583890279279
1267,244,1511,0.10644782159195362
1264,244,1508,0.10644893123866916
1256,243,1499,0.10645621039043775
1240,242,1482,0.1064807414758737
1247,244,1491,0.10653830346049796
1244,240,1484,0.10657528318923144
1249,246,1495,0.10661602352438225
1244,248,1492,0.10664208581654108
1242,243,1485,0.10667762734542695
1233,248,1481,0.10671425535609692
1230,255,1485,0.10676813833685066
1223,259,1482,0.10682332683965427
1222,269,1491,0.10689061047984548
1218,271,1489,0.10695472529745326
1225,266,1491,0.107023754689848
1231,264,1495,0.1070714633218825
1227,263,1490,0.1071017884829955
1232,268,1500,0.10713878628360819
1223,269,1492,0.10716162851153112
1227,269,1496,0.10720322254058189
1221,268,1489,0.10723293596640246
1227,271,1498,0.10727370123608349
1219,275,1494,0.10729882191729956
1228,274,1502,0.10734041459931998
1230,271,1501,0.10735877686971435
1233,267,1500,0.10737127116643105
1229,271,1500,0.10737569871869214
1225,273,1498,0.10738905901585266
1227,275,1502,0.10740994132558146
1222,269,1491,0.10742405159639322
1230,272,1502,0.10744913931469334
1229,274,1503,0.10745490125784672
1217,274,1491,0.10746228613141444
1225,274,1499,0.10749598243314615
1227,273,1500,0.1075092216570619
1221,271,1492,0.10751681766325807
1214,274,1488,0.1075378276349146
1210,272,1482,0.10757229388723384
1219,275,1494,0.10761385627544341
1221,271,1492,0.10763250572531753
1232,269,1501,0.1076457472963629
1236,269,1505,0.10763206266180107
1229,272,1501,0.10761097018628331
1222,271,1493,0.10760876753834182
1213,277,1490,0.10762243905232247
1219,275,1494,0.10765457164247168
1227,280,1507,0.1076702830374217
1224,284,1508,0.10766742364178099
1217,286,1503,0.10767214635440063
1218,288,1506,0.1076924570321438
1217,279,1496,0.10770877910511623
1220,272,1492,0.10772615381827891
1219,273,1492,0.10773558174142772
1216,279,1495,0.10774567003137292
1217,279,1496,0.10776117741419956
1222,275,1497,0.10777352900208764
1203,278,1481,0.10777311721985364
1208,276,1484,0.1078165365715277
1204,278,1482,0.10784475169619333
1210,285,1495,0.10788031114343355
1203,285,1488,0.10789962354640067
1208,288,1496,0.10793415733913242
1202,289,1491,0.1079551482550253
1211,293,1504,0.10798758944072973
1214,293,1507,0.10799627941538127
1205,283,1488,0.10799747723833505
1201,285,1486,0.10801853711865213
1192,283,1475,0.108047583079042
1194,282,1476,0.10809494939414044
1191,286,1477,0.10813371755995074
1198,286,1484,0.10817628674753349
1211,284,1495,0.10819964948489241
1193,280,1473,0.10819038512258972
1184,284,1468,0.10822279631389986
1190,288,1478,0.10827192355057164
1182,291,1473,0.10830432712666935
1193,297,1490,0.10835308536714618
1189,299,1488,0.10837417544419015
1185,302,1487,0.10840351751737667
1191,309,1500,0.10844013488465673
1195,304,1499,0.10846078214395302
1199,302,1501,0.10846971255256217
1189,304,1493,0.10846857137997638
1187,300,1487,0.1084895167550317
1194,303,1497,0.10851226320965378
1187,301,1488,0.10851735719845808
1196,299,1495,0.10853780495190031
1191,302,1493,0.10853636677354661
1197,301,1498,0.10854553196853914
1182,309,1491,0.10854093330494105
1174,312,1486,0.10857105694137367
1161,318,1479,0.10861627061298354
1164,321,1485,0.10868769735706492
1172,317,1489,0.10874733905595485
1178,322,1500,0.108785166213056
1177,314,1491,0.10880638539902412
1173,319,1492,0.10882897876865748
1172,321,1493,0.10885856956084523
1186,318,1504,0.1088881433786947
1185,321,1506,0.10888439304721725
1180,319,1499,0.10888312731836329
1170,323,1493,0.10889406775765148
1159,320,1479,0.10892569384591617
1167,323,1490,0.10898070509356694
1176,329,1505,0.10901340076909538
1171,327,1498,0.109023167006617
1158,327,1485,0.10904448866258817
1164,330,1494,0.10909420319440927
1154,335,1489,0.10912636306029062
1159,332,1491,0.10917794360446416
1158,343,1501,0.10921392136371008
1164,347,1511,0.10925051250489158
1163,344,1507,0.10927203554022108
1146,339,1485,0.1092944867549815
1148,338,1486,0.10935503132721174
1144,339,1483,0.10940525624362162
1149,340,1489,0.10946080023654056
1161,340,1501,0.10950011411705841
1157,346,1503,0.10950787194278327
1157,337,1494,0.10952386679132145
1162,336,1498,0.10953898224173601
1154,337,1491,0.10954225089869314
1158,343,1501,0.10956411633478938
1155,348,1503,0.10957373474383088
1159,351,1510,0.10958922369625236
1157,351,1508,0.10959604464040318
1148,355,1503,0.10960640532108896
1149,362,1511,0.10963810631524504
1153,361,1514,0.10966567743392396
1152,369,1521,0.1096828808481423
1151,370,1521,0.10970113100099187
1151,374,1525,0.10972101726339094
1148,370,1518,0.10973911877625664
1137,370,1507,0.10976280639607305
1141,366,1507,0.10980959874934072
1135,360,1495,0.10984383206994278
1130,369,1499,0.1098895376634033
1139,362,1501,0.10994214809521193
1134,362,1496,0.10997136045076954
1138,367,1505,0.11000874007382486
1133,369,1502,0.11003361172454956
1113,366,1479,0.11006908177843369
1128,373,1501,0.11014833035999226
1122,373,1495,0.11018720436976945
1103,377,1480,0.11023578495682497
1108,374,1482,0.110322923250596
1113,374,1487,0.11039114979726669
1105,377,1482,0.1104424489730038
1104,375,1479,0.11050824722495804
1119,387,1506,0.11057238975782642
1110,385,1495,0.11059617952337616
1121,379,1500,0.11063826962698993
1114,382,1496,0.11065020631255564
1110,387,1497,0.11067736145022311
1112,385,1497,0.11071246915662415
1128,390,1518,0.11073972527576989
1126,386,1512,0.11072899767038297
1125,391,1516,0.1107240830057997
1126,386,1512,0.11072298660347628
1118,376,1494,0.11071902892366882
1122,380,1502,0.11073297324086416
1109,383,1492,0.11073716271792247
1100,387,1487,0.11077028396512038
1106,389,1495,0.11082086095809329
1102,386,1488,0.11085452747216955
1114,394,1508,0.11089604930310804
1110,390,1500,0.11090689911342741
1103,386,1489,0.11092560115791311
1101,385,1486,0.11095951097940404
1094,382,1476,0.11099646480555186
1099,390,1489,0.11104692633209702
1096,398,1494,0.11108189830181679
1095,396,1491,0.11112147487165616
1096,388,1484,0.11115959444257242
1088,389,1477,0.11119164856427328
1071,389,1460,0.1112401509045037
1066,405,1471,0.11132422235507561
1072,411,1483,0.11141294701692271
1078,409,1487,0.1114810655860858
1083,411,1494,0.11153173309216989
1085,410,1495,0.11156714851559874
1075,407,1482,0.11159530728083039
1077,419,1496,0.1116442355022376
1088,419,1507,0.1116851168674853
1082,420,1502,0.11169724015479275
1090,423,1513,0.11172390781084879
1076,424,1500,0.11172902644491081
1074,425,1499,0.11176647479790573
1074,423,1497,0.11180638913916702
1074,425,1499,0.11184323310297879
1082,425,1507,0.11187739124177191
1092,423,1515,0.11189192266917068
1094,423,1517,0.11188315348494929
1093,421,1514,0.11186793681021062
1084,415,1499,0.11185512404488941
1072,416,1488,0.11186521319442658
1066,429,1495,0.11190248255016975
1072,434,1506,0.11195034548213786
1072,428,1500,0.11198223964445381
1066,436,1502,0.11201258354200562
1065,429,1494,0.11205499756489833
1071,428,1499,0.11209602641798626
1067,429,1496,0.11211933701209546
1062,429,1491,0.11214857360137043
1072,433,1505,0.11218706505516923
1074,429,1503,0.11220028577540982
1067,426,1493,0.11220970367288902
1056,432,1488,0.11223315374947193
1068,436,1504,0.11227964296107121
1069,442,1511,0.11229579757542489
1068,441,1509,0.11230791426107563
1075,436,1511,0.11232161759905294
1071,435,1506,0.11231860067734345
1075,431,1506,0.112326089973058
1075,430,1505,0.11232401935161437
1069,428,1497,0.1123230239414427
1063,433,1496,0.1123337926953473
1057,434,1491,0.11235812316048716
1051,434,1485,0.11239471562498352
1048,439,1487,0.11244114585443807
1059,440,1499,0.11249033449716056
1060,438,1498,0.11251114081154995
1056,436,1492,0.11252849172280976
1062,439,1501,0.11255291699160953
1056,450,1506,0.11256209716190163
1056,450,1506,0.11258527884995048
1063,446,1509,0.11260714621980225
1055,440,1495,0.11261099022075464
1056,435,1491,0.11263239898551419
1051,447,1498,0.11264857630949536
1050,449,1499,0.11267645137143699
1039,450,1489,0.11270715800633863
1048,450,1498,0.11276043261864378
1042,448,1490,0.11278825708079072
1044,450,1494,0.11282811550352438
1048,451,1499,0.11286051589170303
1053,450,1503,0.11288072321159166
1045,447,1492,0.11288803742484106
1041,454,1495,0.11291297782947503
1037,458,1495,0.11294468826252274
1043,458,1501,0.11298329672105471
1043,454,1497,0.11300479120825212
1043,453,1496,0.11302429727884462
1048,462,1510,0.11304443141973768
1048,463,1511,0.11305252474177906
1049,467,1516,0.11306008455240812
1046,456,1502,0.11306607152996065
1037,462,1499,0.11307864170455265
1038,461,1499,0.11311156087826682
1040,462,1502,0.11313867338350235
1045,462,1507,0.1131604258187862
1032,469,1501,0.11317017154670563
1031,470,1501,0.11320997057879598
1043,471,1514,0.11324743723661036
1038,473,1511,0.11325206476257073
1045,469,1514,0.11326804284043099
1036,467,1503,0.11326573698548667
1038,470,1508,0.11328768059927395
1024,467,1491,0.11330376017140142
1027,469,1496,0.11335109935071362
1022,462,1484,0.11338671869712398
1018,462,1480,0.11342974839505036
1027,462,1489,0.11347887378129887
1023,467,1490,0.11350512634424892
1033,471,1504,0.1135389366734738
1037,476,1513,0.11354766445755553
1031,480,1511,0.1135459642066403
1025,474,1499,0.11356025354619348
1023,481,1504,0.11358876966383244
1026,480,1506,0.11361996731260432
1017,479,1496,0.1136424912468556
1014,485,1499,0.11368541192830715
1008,487,1495,0.11373168700034766
1018,491,1509,0.11378788966903537
1012,490,1502,0.11381856179418408
1004,493,1497,0.11385956652633494
999,493,1492,0.11391766387289877
996,499,1495,0.11398309021529165
990,505,1495,0.11405129035607725
987,497,1484,0.11412804740495687
992,510,1502,0.1142033215209357
984,510,1494,0.1142613935509917
973,508,1481,0.1143325389489312
982,507,1489,0.11442615233089602
978,513,1491,0.11449145921083571
987,507,1494,0.1145606060430287
987,507,1494,0.11460316438759655
984,507,1491,0.11464248403691617
992,501,1493,0.11468620899323118
976,509,1485,0.1147096036042627
980,517,1497,0.11476909379931356
972,528,1500,0.11481526983538724
975,532,1507,0.11487880734665662
971,528,1499,0.11493041368553271
970,526,1496,0.11498842857412982
963,529,1492,0.11504453962689005
964,532,1496,0.11511226486548766
967,534,1501,0.11517325350196277
968,538,1506,0.11522272248795161
973,532,1505,0.11526688281407545
979,534,1513,0.11529596817596754
976,526,1502,0.11530961007803882
964,531,1495,0.11532846406138539
967,535,1502,0.11537493237032008
965,526,1491,0.11541131217208388
967,532,1499,0.11545033057897079
952,538,1490,0.1154821353189817
961,534,1495,0.11554813079867418
964,539,1503,0.11558738845715116
962,533,1495,0.11561846815301838
951,533,1484,0.11565118949252931
952,535,1487,0.11570675496561225
951,537,1488,0.11575422858808533
959,544,1503,0.11580058008821932
960,547,1507,0.11582484695056829
954,546,1500,0.11584434673440716
953,554,1507,0.11587850108003382
949,547,1496,0.1159143676584997
945,554,1499,0.11595790803402953
949,561,1510,0.11600848209919196
942,560,1502,0.1160466254135439
947,558,1505,0.11609836234088947
955,562,1517,0.11613245115653553
953,566,1519,0.11614448788995617
953,565,1518,0.1161610538714618
936,571,1507,0.11617667814804271
925,574,1499,0.11623073718355617
927,574,1501,0.11630632174741323
945,575,1520,0.11636983138513625
943,572,1515,0.1163869018494868
949,574,1523,0.11640740540454818
950,575,1525,0.11641279473524509
937,573,1510,0.11641525776528898
931,572,1503,0.11644877457393704
931,579,1510,0.11649407334275348
934,568,1502,0.11653623717508385
928,569,1497,0.11656597573090569
917,575,1492,0.1166093705481157
915,579,1494,0.11667521657037376
929,576,1505,0.11674155060384102
934,572,1506,0.11677016769923959
929,571,1500,0.11678474873736377
923,571,1494,0.11680880389004379
918,577,1495,0.1168454644204097
918,577,1495,0.11689117856142711
924,578,1502,0.11693451981534891
918,592,1510,0.11696118038157664
915,593,1508,0.11700125703139959
911,589,1500,0.1170471139754521
907,591,1498,0.11709843977982942
904,591,1495,0.11715456091099
904,600,1504,0.11721365524372544
905,593,1498,0.11726823855366227
904,599,1503,0.11731746696369505
907,597,1504,0.11736376221875382
925,597,1522,0.11740022516420957
910,598,1508,0.11739151669807281
909,601,1510,0.11741899615594228
898,596,1494,0.1174467457983826
893,601,1494,0.11749826710408477
888,609,1497,0.11755935781809868
892,615,1507,0.1176280009962272
897,613,1510,0.1176806462012976
893,611,1504,0.1177174675262053
880,606,1486,0.11776160863460584
885,603,1488,0.11783267464355038
898,593,1491,0.11788762809196225
888,596,1484,0.1179079713024616
880,602,1482,0.11795230479317514
871,611,1482,0.11801305240983918
875,615,1490,0.1180902822634118
876,626,1502,0.11815359444672442
877,627,1504,0.11820784671288642
874,622,1496,0.11825644125445596
875,619,1494,0.11830815694670051
885,611,1496,0.11835408110038953
881,616,1497,0.11837295246299769
873,623,1496,0.1184021175723057
863,622,1485,0.11844967447296799
872,630,1502,0.11851686706824793
875,635,1510,0.11855617134122129
877,627,1504,0.11858505392893828
879,623,1502,0.1186085201724467
875,628,1503,0.11862660732016096
870,630,1500,0.11865177618343462
869,623,1492,0.1186856754382435
879,617,1496,0.11871794046382732
877,621,1498,0.1187241652036331
870,628,1498,0.1187362379906772
866,634,1500,0.11876492651107945
861,636,1497,0.1188015481447712
861,638,1499,0.11884779448403156
864,633,1497,0.11889234419791793
855,640,1495,0.11892707741285179
853,646,1499,0.11898124281960193
843,638,1481,0.11903714293024298
845,641,1486,0.11911215959265224
855,635,1490,0.11917542436914424
841,640,1481,0.1192098262355448
838,646,1484,0.11927639091755168
837,654,1491,0.11934520026283957
845,649,1494,0.11941043956789954
842,656,1498,0.1194498509041905
842,659,1501,0.11949483393159252
841,663,1504,0.11953679824700437
846,661,1507,0.11957949905660477
834,654,1488,0.11960677166929695
831,657,1488,0.11965938399261805
841,662,1503,0.11971443311588663
841,663,1504,0.11974329124881988
838,656,1494,0.119770037284555
837,659,1496,0.1198028048858535
834,658,1492,0.11983510140749301
832,658,1490,0.11987199898886228
847,655,1502,0.11991155758095431
844,655,1499,0.11991126970534474
851,655,1506,0.11991632882088134
841,660,1501,0.11990530284975982
844,655,1499,0.11991892621397796
841,660,1501,0.11992446801509903
847,658,1505,0.11993743564787866
846,654,1500,0.1199347505394727
844,653,1497,0.11993546643200949
846,655,1501,0.11994029311487356
840,656,1496,0.11993964558545273
840,654,1494,0.11995488055675846
848,654,1502,0.11996796204727968
848,648,1496,0.11995951125480325
838,646,1484,0.11995242011190062
855,647,1502,0.11997044177048338
854,657,1511,0.11994513950591248
851,657,1508,0.1199239664814717
854,660,1514,0.11991090888386587
861,667,1528,0.11989316535479709
865,656,1521,0.11986079094712007
869,639,1508,0.1198211097710474
857,649,1506,0.11977558014123847
848,654,1502,0.11976441305228194
850,648,1498,0.1197766965258749
849,654,1503,0.11978298815267932
844,655,1499,0.11978974864724835
846,648,1494,0.11980688165032571
849,646,1495,0.1198181235784465
849,655,1504,0.11982077505527258
837,658,1495,0.11982302403690757
842,660,1502,0.11985493227962662
842,662,1504,0.1198733783876055
839,664,1503,0.11988946068995521
839,666,1505,0.11991102162692982
843,666,1509,0.11993238870737233
846,657,1503,0.11994163103687101
849,657,1506,0.11994330889651027
861,655,1516,0.11993758710910239
859,658,1517,0.11990435855321252
857,658,1515,0.11987936006393511
858,653,1511,0.11985989905634366
860,641,1501,0.11984029823313463
855,650,1505,0.11981666961115639
852,645,1497,0.11980519884819263
849,649,1498,0.11980151763383169
849,651,1500,0.11980643612944922
844,659,1503,0.11980883912026634
844,662,1506,0.11982315221297518
835,659,1494,0.11983577130096677
836,666,1502,0.11986835332217374
833,666,1499,0.11989712676100658
836,661,1497,0.11992971159631662
839,666,1505,0.11995323172657586
833,673,1506,0.11996792974086161
826,668,1494,0.11999763283959825
829,680,1509,0.12004208480589605
832,681,1513,0.12007559731133063
833,687,1520,0.12009957060100968
836,684,1520,0.1201180842690238
831,683,1514,0.12012839839877937
831,687,1518,0.12015147383726667
834,681,1515,0.12017288192633666
826,690,1516,0.12018643339612231
819,687,1506,0.12022010101944908
830,681,1511,0.12026752964711221
827,680,1507,0.12028560026155115
823,687,1510,0.12030888297802395
826,680,1506,0.12034070983252676
825,682,1507,0.12036352763934854
819,688,1507,0.12038679599586131
821,695,1516,0.1204238977535022
823,693,1516,0.12045247448061165
823,699,1522,0.12047530210088767
817,702,1519,0.1204969819691374
813,702,1515,0.12053220686308488
810,704,1514,0.12057563373783146
813,693,1506,0.12062268402761671
801,694,1495,0.12066005706496354
802,696,1498,0.12072213232924252
805,695,1500,0.1207769721436323
804,697,1501,0.12082136032260504
799,701,1500,0.120864518599682
796,710,1506,0.12091727904350488
786,708,1494,0.12097256097024044
781,718,1499,0.12104721080940273
784,720,1504,0.12113039455173404
780,719,1499,0.12120062354845372
776,724,1500,0.12127640436887495
783,724,1507,0.12135528076229438
779,732,1511,0.1214111777229589
771,735,1506,0.12147390078030455
780,738,1518,0.12155179630509774
785,733,1518,0.12160209152612471
782,724,1506,0.12163745660978018
783,715,1498,0.12167798134412129
776,727,1503,0.12171078242743116
766,722,1488,0.1217579334165054
758,727,1485,0.12182667937455328
759,732,1491,0.12190940470792572
763,735,1498,0.12198291222024413
763,748,1511,0.12204281510098156
766,743,1509,0.12209849284527494
764,738,1502,0.12214367436612847
752,735,1487,0.12219063649170554
755,735,1490,0.12226595829227942
750,742,1492,0.12232845110826593
748,742,1490,0.12239772074394249
754,751,1505,0.12246737099445167
759,756,1515,0.12251871092406219
742,757,1499,0.12255445051784107
737,749,1486,0.12262812865243265
727,764,1491,0.12271023856629686
729,760,1489,0.1228083970979315
731,758,1489,0.12289712464507252
736,759,1495,0.12297577026115687
734,766,1500,0.12303802731484431
731,779,1510,0.12309967447749372
717,784,1501,0.12316481990979618
727,784,1511,0.12325987687654973
717,781,1498,0.12332396485766617
720,781,1501,0.12340854164058924
726,792,1518,0.12347954706853213
731,798,1529,0.12353081146644883
729,793,1522,0.12356753137460905
715,795,1510,0.12360787470191414
712,793,1505,0.12367954948482535
709,796,1505,0.12375460383877172
707,796,1503,0.1238337644328811
720,799,1519,0.12391116394883994
721,798,1519,0.12395046498500645
708,797,1505,0.12398552484216217
706,794,1500,0.12405066994371962
705,798,1503,0.12411679330013552
701,797,1498,0.1241802979808865
701,810,1511,0.12425001637150895
702,802,1504,0.12431544988452464
696,811,1507,0.1243750750144311
689,822,1511,0.12444393375714463
691,822,1513,0.12452519631192704
686,825,1511,0.12459644349378472
693,823,1516,0.12467437318730194
696,829,1525,0.12472956250951879
685,821,1506,0.12477202703974712
686,815,1501,0.12483855283210814
682,807,1489,0.12489929496890731
664,809,1473,0.12496586327777943
669,817,1486,0.1250729016352837
666,822,1488,0.12516041557632263
662,826,1488,0.12524778968476505
653,833,1486,0.12533901778974196
660,832,1492,0.12544349659462473
664,848,1512,0.12552281893646078
672,845,1517,0.12558765741230013
665,850,1515,0.1256287511800517
657,856,1513,0.12568351240636094
660,848,1508,0.12575269606800388
667,845,1512,0.12580882079458028
675,830,1505,0.12584406826219846
675,832,1507,0.12585688526572925
660,837,1497,0.12586953168420328
666,832,1498,0.12591787822535125
666,844,1510,0.12594820765971154
673,836,1509,0.1259766178980662
667,840,1507,0.1259864135945804
662,846,1508,0.12601151851532666
659,849,1508,0.12604886468077403
649,854,1503,0.12608897927028134
646,852,1498,0.12615240427514413
648,867,1515,0.12621790468487581
644,861,1505,0.12627375565137444
640,853,1493,0.12633603670986132
644,850,1494,0.12640315970197505
641,848,1489,0.12645650169528908
632,853,1485,0.12651266215504564
633,862,1495,0.12658648328338187
627,870,1497,0.1266526531159667
626,872,1498,0.12672957052517095
633,867,1500,0.1268032454807867
634,864,1498,0.12685243582579173
624,855,1479,0.12689585615359333
628,856,1484,0.12696180286238679
632,870,1502,0.12701426923687958
635,858,1493,0.12705185160644827
629,866,1495,0.12708037064531233
639,862,1501,0.12712087558445262
636,864,1500,0.12713456160880196
638,877,1515,0.12715574898803225
641,875,1516,0.12717018866918234
637,881,1518,0.12717538370426723
628,883,1511,0.12719047111491746
632,876,1508,0.12722699233333667
634,880,1514,0.12725071578959843
636,875,1511,0.12726812163168827
636,870,1506,0.12728020647065694
634,883,1517,0.12728937424064313
632,874,1506,0.12730146290973393
630,872,1502,0.12731580986972602
626,868,1494,0.12733456348751418
622,880,1502,0.12736175969444605
616,888,1504,0.1273960255795262
616,883,1499,0.12744233273989297
619,875,1494,0.1274853052039593
621,879,1500,0.12751836021873203
626,885,1511,0.1275422022385345
624,884,1508,0.12755179688448398
618,877,1495,0.12756520670895408
617,878,1495,0.12759310620620884
610,890,1500,0.12762038109119347
612,900,1512,0.12766292712012076
613,900,1513,0.12769829959269083
610,889,1499,0.1277275305015883
602,895,1497,0.1277596720024485
602,903,1505,0.12781037679675358
608,903,1511,0.12785863275267226
605,898,1503,0.12788718968285323
607,896,1503,0.12792295500675455
610,898,1508,0.12795203683683176
613,906,1519,0.12797250830383478
610,907,1517,0.12798407437579912
616,902,1518,0.1280037853908773
615,910,1525,0.12800823719434862
611,905,1516,0.12801466857452357
603,906,1509,0.1280307159925232
609,910,1519,0.1280668252860155
598,907,1505,0.12808599671493634
595,912,1507,0.1281303602295182
588,921,1509,0.12817926935188628
588,931,1519,0.128242768605838
585,938,1523,0.12830167477271673
582,935,1517,0.12836405933975428
581,935,1516,0.12843164074846253
584,937,1521,0.12849771581838368
585,942,1527,0.12855266999008172
582,944,1526,0.12860034854335153
586,946,1532,0.12865238514720698
573,955,1528,0.1286903877300835
562,956,1518,0.12875994892572667
568,944,1512,0.12885316899530502
561,941,1502,0.12892324822388013
561,937,1498,0.1290067389341171
563,945,1508,0.1290847150589525
556,958,1514,0.12915221376518604
552,949,1501,0.12923299834347396
549,952,1501,0.12931824833569258
544,953,1497,0.12940564593022905
545,958,1503,0.12950022979293385
548,961,1509,0.12958572658598683
549,956,1505,0.12965866355926509
556,962,1518,0.1297215882600324
555,964,1519,0.1297629887934692
547,960,1507,0.12980442044313245
546,963,1509,0.12986364893344063
543,957,1500,0.12991989881722865
535,959,1494,0.12997974659918252
539,968,1507,0.13005765569644673
537,959,1496,0.13012105990954692
521,966,1487,0.13018345715512922
515,981,1496,0.13028266681060863
520,983,1503,0.1303927659996509
527,988,1515,0.13048142924939365
524,989,1513,0.13054670302883994
525,991,1516,0.13061444459212643
523,994,1517,0.13067495807230128
521,994,1515,0.13073748790574363
523,998,1521,0.13079995505155295
518,995,1513,0.13085536508297288
517,1001,1518,0.1309204374714655
507,1001,1508,0.13098415004129646
501,1010,1511,0.1310676486736462
499,1011,1510,0.13116167424955333
500,1010,1510,0.1312522800989341
502,994,1496,0.1313351013095176
501,1006,1507,0.13140624004678067
492,1020,1512,0.13147633450186158
494,1016,1510,0.13156533364706055
489,1033,1522,0.13164397017580817
483,1027,1510,0.13172895147065977
489,1028,1517,0.13182243418110964
485,1024,1509,0.13189493976639738
483,1026,1509,0.13197143096781466
481,1033,1514,0.13204792208493463
482,1037,1519,0.13212629833051004
470,1028,1498,0.13219872126353482
471,1030,1501,0.13229910324900154
471,1039,1510,0.13238973157295883
465,1050,1515,0.13247527473840245
460,1058,1518,0.13257124198701767
463,1053,1516,0.1326748883881012
467,1059,1526,0.13276502127456388
466,1063,1529,0.13283850873018602
464,1063,1527,0.13290880208748374
461,1059,1520,0.13298029882470072
459,1058,1517,0.13305458481748403
461,1053,1514,0.1331295731223195
457,1055,1512,0.13319327334605038
453,1060,1513,0.13326225870192251
465,1060,1525,0.13333539960289034
459,1070,1529,0.1333721480820715
464,1055,1519,0.13342315244429614
463,1049,1512,0.13345592341513587
467,1042,1509,0.133488078576196
471,1047,1518,0.13350744796424288
471,1036,1507,0.13351481503131832
462,1050,1512,0.13352106999837768
455,1048,1503,0.13355058181833632
452,1052,1504,0.13359527458347537
455,1052,1507,0.1336449961756488
459,1054,1513,0.13368291744587046
457,1050,1507,0.1337066856624213
459,1047,1506,0.1337333207078114
458,1036,1494,0.13375107787488988
458,1056,1514,0.1337711305772315
458,1062,1520,0.1337904245947733
448,1059,1507,0.13380871411042367
445,1063,1508,0.13385272276934182
449,1061,1510,0.13390095952491263
451,1070,1521,0.13393508764240955
451,1066,1517,0.13396214929660868
459,1064,1523,0.13398786308734098
456,1067,1523,0.1339898500627209
458,1055,1513,0.13399869982319987
455,1060,1515,0.13400001454800226
454,1061,1515,0.13400925499396965
458,1053,1511,0.13402075122731286
453,1053,1506,0.13402117923871043
455,1059,1514,0.13403428078890195
450,1074,1524,0.1340409133187363
447,1064,1511,0.13405982210370812
442,1074,1516,0.13408498926490542
435,1087,1522,0.1341226447219062
440,1092,1532,0.13417689168401398
444,1079,1523,0.13421545418296532
453,1086,1539,0.13424006949158726
443,1091,1534,0.1342393579381649
447,1085,1532,0.1342650293242286
447,1068,1515,0.13427754023138289
440,1062,1502,0.1342898990238016
437,1059,1496,0.13432027505608496
443,1063,1506,0.13435469075555462
449,1067,1516,0.13436888896190624
452,1071,1523,0.1343659887331046
450,1059,1509,0.13435544171128033
449,1058,1507,0.1343499950857085
440,1068,1508,0.13434655436102144
438,1066,1504,0.13436727890805508
439,1070,1509,0.13439196236751333
443,1055,1498,0.13441127715211912
437,1060,1497,0.13441953598863857
432,1042,1474,0.13444285633657027
438,1050,1488,0.13447870390688751
437,1060,1497,0.13449610806353277
447,1065,1512,0.13451510786577947
449,1074,1523,0.13450623909702147
449,1075,1524,0.13449213045111189
452,1088,1540,0.1344791286580053
449,1073,1522,0.134459471571199
449,1081,1530,0.1344499742352149
451,1074,1525,0.13444208062202154
445,1075,1520,0.13442997829847347
450,1080,1530,0.13443470970911842
445,1075,1520,0.13442566670875997
445,1082,1527,0.1344296270862935
445,1074,1519,0.13443269498639046
447,1083,1530,0.1344352468678312
452,1072,1524,0.13443290280486114
449,1072,1521,0.13441815569560947
449,1061,1510,0.13441146587664318
451,1072,1523,0.1344050379724492
452,1077,1529,0.13439544740431764
446,1079,1525,0.1343840277318563
444,1074,1518,0.13438888497537235
439,1070,1509,0.1343990863317689
436,1076,1512,0.13442334322362526
434,1077,1511,0.13445384434626229
433,1071,1504,0.1344884797230166
426,1080,1506,0.13452282415562336
426,1083,1509,0.13457234223860678
427,1085,1512,0.13461899325976762
420,1086,1506,0.13466011012380066
433,1088,1521,0.13471595244210366
431,1083,1514,0.13473396097113108
425,1090,1515,0.1347572130910802
429,1082,1511,0.13479481184843806
435,1077,1512,0.13481954761170103
436,1068,1504,0.13482702291015478
434,1072,1506,0.1348317367638366
440,1075,1515,0.13484075335003326
436,1079,1515,0.13483337180862043
431,1078,1509,0.13483648638544396
428,1074,1502,0.13485187309808813
427,1080,1507,0.13487558448121692
425,1077,1502,0.13489966493165775
420,1080,1500,0.13492726769673163
427,1089,1516,0.13496572932681591
420,1086,1506,0.13498238849715904
425,1087,1512,0.1350159529734793
419,1084,1503,0.13503261747099476
428,1092,1520,0.1350641644293712
426,1096,1522,0.13506938547079092
426,1104,1530,0.1350801733764869
427,1102,1529,0.13508950279601628
426,1098,1524,0.13509591653386122
413,1100,1513,0.13510481154511841
415,1089,1504,0.13514697736917275
411,1110,1521,0.1351801586302179
408,1105,1513,0.1352221303802997
407,1108,1515,0.13526824215782876
410,1111,1521,0.13531415180721115
405,1116,1521,0.13534892665320664
407,1115,1522,0.1353954751103794
405,1100,1505,0.13543446043149282
404,1104,1508,0.1354769733792796
403,1108,1511,0.13551891671561403
394,1107,1501,0.13556153049137337
396,1103,1499,0.13562431315012152
400,1112,1512,0.13567644768653242
397,1122,1519,0.13571485895588112
393,1117,1510,0.1357578594134921
395,1109,1504,0.13580843441611934
392,1115,1507,0.13585028731699378
390,1121,1511,0.13589664390352518
394,1123,1517,0.1359461986539332
394,1131,1525,0.13598150233856246
390,1133,1523,0.1360151468088128
390,1126,1516,0.13605649369530862
385,1126,1511,0.13609593447703847
379,1132,1511,0.13614666101749343
375,1132,1507,0.13620852949870954
373,1135,1508,0.13627531662841663
377,1145,1522,0.13634365174590957
386,1148,1534,0.1363967446524877
378,1134,1512,0.13642229994054833
374,1139,1513,0.13646742892280667
374,1139,1513,0.1365185290469513
373,1143,1516,0.13656598834759076
368,1153,1521,0.13661242906129856
370,1160,1530,0.13666929388334859
370,1163,1533,0.13671686283201662
368,1152,1520,0.13676195894147727
369,1149,1518,0.13680992193509214
371,1152,1523,0.13685155138124305
366,1145,1511,0.13688488360584952
364,1137,1501,0.1369304108589359
366,1134,1500,0.1369789715608326
372,1136,1508,0.13701861306051463
369,1138,1507,0.13703950429080827
367,1149,1516,0.13706767107914752
365,1145,1510,0.137098941724415
366,1139,1505,0.13713471174532887
363,1147,1510,0.13716431314540403
360,1133,1493,0.1371996472518437
361,1161,1522,0.13724129842898988
367,1165,1532,0.13727649967452224
373,1159,1532,0.1372940991012808
361,1161,1522,0.13729396475225994
347,1161,1508,0.1373264513981253
350,1171,1521,0.1373950087036308
346,1163,1509,0.13745120747433764
348,1160,1508,0.13751492102456517
348,1159,1507,0.13756896739876529
343,1154,1497,0.13761874114748926
346,1153,1499,0.13767735544447057
334,1163,1497,0.13772412880099247
339,1156,1495,0.13780010152505448
334,1173,1507,0.13785761708648925
333,1178,1511,0.13792526515905895
330,1178,1508,0.13799003374898647
330,1177,1507,0.13805942498876045
332,1190,1522,0.13812424408474758
338,1196,1534,0.13817908891852304
341,1182,1523,0.13821350985951678
336,1184,1520,0.1382376898188628
337,1170,1507,0.13827475726180163
332,1170,1502,0.13830656461274082
327,1168,1495,0.13835076890726
327,1186,1513,0.1384059133137402
327,1185,1512,0.1384581999687635
325,1181,1506,0.1385063503728522
326,1197,1523,0.138556970207388
326,1205,1531,0.1386017312214204
325,1202,1527,0.13864339597442982
317,1195,1512,0.1386857135533468
323,1197,1520,0.1387469864962317
316,1200,1516,0.1387878007467356
316,1192,1508,0.13884443383558814
314,1201,1515,0.13889717843294855
310,1211,1521,0.13895206349184935
308,1216,1524,0.1390140794214406
309,1206,1515,0.139077776120097
307,1215,1522,0.13913462041656946
307,1207,1514,0.1391920890428977
305,1194,1499,0.13924627304486475
306,1198,1504,0.13930254378941728
305,1201,1506,0.13935244119913656
301,1192,1493,0.13940075108776462
307,1196,1503,0.13945675463285065
308,1189,1497,0.1394925888686656
302,1195,1497,0.13952398251470818
302,1188,1490,0.1395705356120207
306,1199,1505,0.1396138954877282
300,1199,1499,0.1396437210639922
299,1202,1501,0.1396880603863896
299,1199,1498,0.13973220686983207
303,1201,1504,0.13977498367302607
304,1215,1519,0.13980361489996418
302,1215,1517,0.1398269719181241
305,1213,1518,0.13985431986008148
293,1210,1503,0.13987192838149695
293,1208,1501,0.1399208679269007
291,1218,1509,0.13996839069034098
299,1228,1527,0.14001813545849898
295,1232,1527,0.14004303483199432
287,1234,1521,0.14007679236110554
288,1232,1520,0.14013062507280977
281,1223,1504,0.1401772884072735
282,1226,1508,0.14023898721129494
282,1223,1505,0.14029383115868718
285,1225,1510,0.14034605489271082
281,1230,1511,0.14038640722487172
281,1237,1518,0.14043442974284762
278,1240,1518,0.14048068479360587
275,1234,1509,0.14053222363196347
278,1233,1511,0.14059030446015153
276,1234,1510,0.14063709661708507
275,1230,1505,0.14068577294742934
275,1234,1509,0.14073451476360838
272,1230,1502,0.14077958802709342
271,1230,1501,0.14082856597786955
267,1220,1487,0.1408764343228197
274,1230,1504,0.1409314630021771
268,1236,1504,0.14096472998626222
264,1249,1513,0.14101382938312132
264,1248,1512,0.14107110140896414
264,1251,1515,0.14112416409474965
265,1253,1518,0.14117442500788896
256,1258,1514,0.1412185927139319
254,1251,1505,0.14128359580614996
258,1246,1504,0.14134886332585186
265,1250,1515,0.1413984544839517
267,1249,1516,0.14142538453680228
266,1251,1517,0.1414459526959802
266,1249,1515,0.1414678784613295
266,1252,1518,0.14148801377838274
262,1239,1501,0.14150630906589368
262,1252,1514,0.14153412489718253
267,1251,1518,0.14155980203536264
272,1251,1523,0.14156977310670393
277,1253,1530,0.14156376694897638
275,1255,1530,0.14154478659365022
274,1251,1525,0.14153302977674595
269,1260,1529,0.14152563409622368
266,1253,1519,0.14153260873020085
266,1247,1513,0.14154614150939435
261,1258,1519,0.14155908468049547
257,1253,1510,0.14158463526015894
257,1252,1509,0.14161866030911605
259,1258,1517,0.14165158005453585
261,1256,1517,0.1416770747762313
256,1259,1515,0.14169629868528813
263,1254,1517,0.1417282761193906
254,1257,1511,0.14173874279519275
255,1263,1518,0.14177390364663975
253,1271,1524,0.14180400382990282
251,1276,1527,0.14183677077656265
255,1270,1525,0.14187297639006247
247,1264,1511,0.1418956894301145
245,1264,1509,0.14194025517367903
248,1263,1511,0.14198654668855326
252,1271,1523,0.1420218025987415
253,1268,1521,0.14204396762591598
252,1265,1517,0.14206157620155607
252,1260,1512,0.14208066719762233
255,1267,1522,0.14209840369024251
251,1266,1517,0.142106599291431
253,1266,1519,0.1421254048524914
247,1267,1514,0.14213793364031316
247,1262,1509,0.1421667916525539
241,1270,1511,0.14219447547950748
250,1271,1521,0.14223649021094154
247,1283,1530,0.14225061556556545
248,1274,1522,0.14227313127187943
245,1272,1517,0.14229234645614144
244,1274,1518,0.1423187725778808
246,1270,1516,0.14234579909451867
252,1271,1523,0.1423653931965382
248,1277,1525,0.142366655914165
247,1271,1518,0.14237903896657422
241,1266,1507,0.14239294604548383
242,1272,1514,0.1424229133527225
240,1277,1517,0.14244788858428234
239,1275,1514,0.14247666347776888
241,1277,1518,0.14250604705969072
238,1280,1518,0.1425283057599063
232,1267,1499,0.14255689364017685
233,1276,1509,0.14260034399176963
235,1279,1514,0.14263741771556535
234,1276,1510,0.14266737891344752
233,1290,1523,0.1426991413172893
233,1277,1510,0.14273088050507357
231,1275,1506,0.142761420580745
234,1278,1512,0.14279636422850797
236,1273,1509,0.14282087898059473
236,1284,1520,0.14283890688610146
233,1294,1527,0.14285505780610483
228,1297,1525,0.1428785416899452
225,1288,1513,0.14291389027778068
228,1277,1505,0.14295559132036653
225,1295,1520,0.14298521593615174
223,1283,1506,0.14302143463883701
225,1279,1504,0.1430603436511114
228,1280,1508,0.14309039503054624
224,1283,1507,0.1431103222109662
221,1274,1495,0.14313903166936012
217,1276,1493,0.14317375334287644
217,1288,1505,0.14321660348430942
220,1285,1505,0.14325520987800217
218,1298,1516,0.1432829843855629
212,1313,1525,0.143315359064083
211,1307,1518,0.14336235533002828
210,1307,1517,0.14340886913203682
213,1293,1506,0.14345582433145546
215,1294,1509,0.1434909178972028
211,1293,1504,0.14351898954251896
212,1295,1507,0.14355618763188852
214,1302,1516,0.14358798369693676
213,1293,1506,0.1436119255341605
211,1299,1510,0.14363738216860755
214,1303,1517,0.14366682158573418
208,1303,1511,0.14368658997709818
208,1298,1506,0.14372104232100605
208,1297,1505,0.14375365611005816
204,1305,1509,0.1437844094196006
204,1298,1502,0.14382473729307743
208,1294,1502,0.14386315590181148
208,1304,1512,0.14388697091874242
207,1312,1519,0.14390884585823197
208,1309,1517,0.1439328303878558
206,1302,1508,0.14395230778112839
208,1306,1514,0.14397654277878455
207,1322,1529,0.1439923360959662
203,1324,1527,0.1440092751684979
201,1332,1533,0.14403723051972972
199,1323,1522,0.14406953096069408
197,1316,1513,0.1441063473251942
196,1309,1505,0.14414688374243548
194,1312,1506,0.14418770016238855
194,1310,1504,0.14423120795158897
195,1299,1494,0.14427107995415253
189,1306,1495,0.14430603918055018
189,1310,1499,0.14435576498109223
185,1316,1501,0.14440271771158295
183,1323,1506,0.14445762675107784
181,1318,1499,0.1445137513801018
182,1312,1494,0.1445728871160882
182,1320,1502,0.1446262984578093
184,1320,1504,0.1446760276976708
183,1327,1510,0.14471701715028165
183,1330,1513,0.14475809703560544
179,1329,1508,0.14479669990704575
181,1316,1497,0.14484486712733893
181,1328,1509,0.14488426554520734
182,1342,1524,0.14492141047047366
178,1334,1512,0.14495308722085082
183,1332,1515,0.14499292317352042
184,1329,1513,0.14501604142174881
184,1319,1503,0.14503457073216583
184,1322,1506,0.1450524979469585
183,1310,1493,0.14506961377535077
184,1324,1508,0.14508828333559984
183,1327,1510,0.14510302154027768
185,1328,1513,0.1451194777142062
183,1328,1511,0.145128689880764
181,1325,1506,0.14514239992278888
184,1318,1502,0.14516093822248272
181,1327,1508,0.1451703939001725
174,1339,1513,0.14518620674522606
173,1342,1515,0.1452216677791355
172,1352,1524,0.14525747713579082
172,1344,1516,0.14529295053514962
174,1344,1518,0.14532618637006972
173,1346,1519,0.14535079691933428
177,1337,1514,0.14537629001125071
179,1340,1519,0.1453896139106828
176,1345,1521,0.145395564627087
173,1350,1523,0.14541020729400697
175,1340,1515,0.14543153906316406
174,1339,1513,0.145446033833215
176,1345,1521,0.14546364016795496
172,1351,1523,0.1454739022331094
173,1345,1518,0.14549510155348863
166,1346,1512,0.14551279718043608
164,1354,1518,0.14555049955448965
167,1349,1516,0.1455911984989766
170,1358,1528,0.14562045560248763
169,1358,1527,0.14563990142251879
169,1351,1520,0.14566123273601406
168,1353,1521,0.14568116040497567
165,1351,1516,0.14570232801445507
164,1337,1501,0.14573072482907143
164,1344,1508,0.14576102090988174
166,1348,1514,0.14578900090404087
167,1343,1510,0.14581073381818116
168,1344,1512,0.14582843038060314
174,1359,1533,0.14584227836062982
172,1354,1526,0.14583637227595925
171,1357,1528,0.1458376058721914
168,1347,1515,0.14584166191234282
166,1339,1505,0.1458549616955849
166,1339,1505,0.14587329901346777
166,1338,1504,0.14589128846566887
163,1354,1517,0.14590803476718997
162,1354,1516,0.145931753707323
163,1351,1514,0.1459569907405531
161,1358,1519,0.1459772134046353
158,1368,1526,0.14600222656908635
162,1377,1539,0.14603473997809893
158,1368,1526,0.14605409937651997
156,1371,1527,0.1460831865082085
154,1364,1518,0.14611660655752595
155,1369,1524,0.14615414190017798
154,1360,1514,0.14618684132517157
152,1362,1514,0.14622065776966417
149,1360,1509,0.1462579811410576
151,1356,1507,0.14630205399461949
151,1383,1534,0.14633785792284176
150,1381,1531,0.14637178052767763
146,1367,1513,0.1464065457855385
144,1361,1505,0.14645086297631751
147,1368,1515,0.14649893710911466
146,1381,1527,0.1465352285596897
142,1376,1518,0.14657225834601653
138,1382,1520,0.14661808082728536
139,1384,1523,0.1466717049550298
137,1371,1508,0.1467187883529258
137,1377,1514,0.14676786046881246
135,1375,1510,0.14681334125641549
132,1382,1514,0.14686161563316602
132,1383,1515,0.14691573682045125
131,1387,1518,0.14696657235121213
133,1377,1510,0.14701699263452686
133,1380,1513,0.14705854895302312
135,1386,1521,0.14709766095289298
129,1392,1521,0.14712846045612843
130,1382,1512,0.1471748930680107
132,1386,1518,0.14721511949596675
130,1379,1509,0.14724707159503161
131,1370,1501,0.14728235032183837
131,1378,1509,0.1473125659332157
131,1377,1508,0.14734065538202368
129,1377,1506,0.14736720375178666
130,1386,1516,0.14739753420281546
132,1395,1527,0.14742240945403645
130,1406,1536,0.14743980848889937
129,1400,1529,0.14746268739405002
130,1400,1530,0.14748725246833522
128,1397,1525,0.14750773089850083
127,1400,1527,0.14753323511416383
128,1399,1527,0.14756009208062207
130,1383,1513,0.1475825743161077
129,1403,1532,0.1475979515639577
130,1401,1531,0.14761496589620307
128,1391,1519,0.14762786183142831
124,1390,1514,0.14764565193913126
121,1392,1513,0.1476749344926586
119,1389,1508,0.14771149064863776
118,1392,1510,0.1477503653042599
114,1405,1519,0.14779044304021322
117,1400,1517,0.1478397002288765
121,1397,1518,0.1478769497552841
120,1394,1514,0.14789995955791707
120,1386,1506,0.14792426026523015
119,1395,1514,0.14794774507758487
116,1388,1504,0.14797297054845926
117,1391,1508,0.1480062722940367
117,1395,1512,0.14803412612192995
116,1402,1518,0.1480604342126863
114,1397,1511,0.14808797918593736
116,1393,1509,0.14811906989338758
112,1396,1508,0.14814201390709672
112,1396,1508,0.14817537609065393
113,1412,1525,0.14820598256975204
115,1398,1513,0.1482316747080922
118,1390,1508,0.14824966647982013
111,1390,1501,0.14825751060038483
116,1394,1510,0.1482842641190069
115,1390,1505,0.14829566655579457
113,1389,1502,0.14830970363387933
115,1387,1502,0.14832901040828989
112,1390,1502,0.14834104511718527
111,1402,1513,0.14836107468478155
113,1398,1511,0.14838304941894426
113,1407,1520,0.14839753321570912
112,1420,1532,0.14841186990508223
114,1413,1527,0.1484284449896352
115,1412,1527,0.14843798075078996
117,1421,1538,0.1484438478588487
116,1413,1529,0.14844289423594453
117,1415,1532,0.1484446862931461
118,1415,1533,0.14844316112073103
114,1410,1524,0.14843911252971678
113,1404,1517,0.14844638236156255
111,1396,1507,0.14845582151056666
109,1408,1517,0.14846983578955772
111,1407,1518,0.14848854700423011
110,1404,1514,0.14850070421052153
109,1417,1526,0.1485149851487589
110,1411,1521,0.14853139719962372
113,1401,1514,0.1485440893502033
116,1412,1528,0.1485479714050857
113,1421,1534,0.14854269803206083
115,1434,1549,0.1485469851614269
111,1425,1536,0.14854527376350116
108,1407,1515,0.14855565735665383
106,1414,1520,0.1485739785796177
109,1410,1519,0.14859711935603864
104,1416,1520,0.14861079257761614
102,1415,1517,0.1486384500992119
100,1408,1508,0.14867040082049965
100,1402,1502,0.14870615319017616
100,1411,1511,0.14873936079282907
100,1404,1504,0.14877066382328363
101,1411,1512,0.14879966572937633
100,1406,1506,0.14882397546299345
101,1400,1501,0.1488495859553879
102,1405,1507,0.1488704760523532
101,1405,1506,0.1488871738641905
102,1406,1508,0.1489054996070644
98,1415,1513,0.14891909526186597
98,1417,1515,0.14894352753942783
101,1407,1508,0.14896635017576132
102,1415,1517,0.14897980102100924
101,1418,1519,0.148989743134611
99,1410,1509,0.14900231114945442
99,1412,1511,0.14901984441418556
97,1418,1515,0.14903605756830632
94,1411,1505,0.14905660035514512
94,1419,1513,0.14908479299700272
94,1418,1512,0.14911184380005668
96,1413,1509,0.14913741600744548
98,1408,1506,0.14915602142164425
96,1393,1489,0.14916743899806714
97,1411,1508,0.14918403270198557
96,1418,1514,0.14919684247744627
96,1416,1512,0.1492123135530866
91,1423,1514,0.14922650862168138
92,1428,1520,0.14925446638978038
91,1431,1522,0.14927687675751872
88,1431,1519,0.14930072464973956
85,1423,1508,0.1493314228539204
87,1438,1525,0.1493691235138687
91,1432,1523,0.14939873836668807
94,1433,1527,0.1494148179692369
93,1428,1521,0.14942155919157352
89,1406,1495,0.1494305573099651
93,1418,1511,0.14945056827323924
95,1413,1508,0.14945828493683933
95,1419,1514,0.14945994303579777
96,1410,1506,0.14946240288133836
97,1413,1510,0.14946074019110914
96,1422,1518,0.1494565430124031
96,1423,1519,0.14945540904222157
95,1414,1509,0.1494535732062245
95,1411,1506,0.14945524123283957
95,1410,1505,0.14945681413940357
94,1416,1510,0.14945889122334285
93,1433,1526,0.14946371329182118
94,1444,1538,0.14947046609441123
95,1441,1536,0.14947418287354322
94,1435,1529,0.149474610522099
95,1418,1513,0.14947861105843596
89,1427,1516,0.14947957441429835
88,1434,1522,0.1494974468779076
88,1421,1509,0.14951738737517317
86,1420,1506,0.14953603943430832
85,1411,1496,0.1495587488554012
87,1416,1503,0.14958286737905632
86,1424,1510,0.1495993378531692
89,1426,1515,0.14961807675389074
86,1424,1510,0.1496264828218406
93,1437,1530,0.1496429436514053
95,1432,1527,0.14963774940251717
92,1427,1519,0.1496267266586095
88,1419,1507,0.14962437914255258
84,1423,1507,0.1496345328371816
86,1410,1496,0.14965503352161946
88,1420,1508,0.14966855515697858
92,1420,1512,0.14967556486877667
92,1429,1521,0.14967031092666427
92,1433,1525,0.14966600739216337
90,1429,1519,0.14966206358458123
89,1428,1517,0.149664418097876
88,1429,1517,0.14967009701492898
90,1430,1520,0.14967844699223007
89,1425,1514,0.14968030335897656
90,1428,1518,0.149685136389613
89,1419,1508,0.14968716620591357
88,1424,1512,0.14969223102454784
85,1428,1513,0.1496995188434294
84,1421,1505,0.14971432808088797
83,1433,1516,0.14973123578228464
82,1438,1520,0.14974996388272094
79,1437,1516,0.1497706487233325
80,1423,1503,0.14979909498289723
80,1430,1510,0.14982338233966805
81,1436,1517,0.14984578923160885
84,1438,1522,0.1498631967870482
80,1452,1532,0.14987064451163984
80,1432,1512,0.1498891567058674
81,1440,1521,0.14990643854868513
80,1436,1516,0.14991879378677456
79,1455,1534,0.14993324620967072
74,1454,1528,0.1499497037910833
77,1463,1540,0.1499794587551154
77,1457,1534,0.14999862790247342
77,1446,1523,0.1500166532028539
76,1447,1523,0.15003360312518346
77,1441,1518,0.15005234373233595
83,1445,1528,0.15006668305522988
83,1449,1532,0.1500629039907276
80,1439,1519,0.15005942043122322
79,1449,1528,0.15006515235771384
77,1453,1530,0.15007357792983964
78,1456,1534,0.1500873237543958
77,1452,1529,0.15009738657720365
78,1453,1531,0.15010975429961776
79,1457,1536,0.15011822874276734
79,1458,1537,0.15012314380387534
76,1455,1531,0.15012811295591633
76,1458,1534,0.15014171124916056
78,1432,1510,0.1501544011594029
76,1421,1497,0.15016006405443857
76,1415,1491,0.1501712565985307
73,1415,1488,0.1501816756732058
76,1425,1501,0.15019965273704275
75,1444,1519,0.15020779594923955
73,1425,1498,0.15021870348155536
69,1430,1499,0.1502343032296717
71,1442,1513,0.15026044783528877
68,1443,1511,0.15027888762767375
68,1444,1512,0.1503046048468059
68,1453,1521,0.15032833730534306
65,1455,1520,0.1503504022528428
66,1444,1510,0.15038021053669165
68,1443,1511,0.15040537302469237
68,1445,1513,0.1504225930114888
68,1446,1514,0.15043914035794184
69,1436,1505,0.15045481376764974
72,1434,1506,0.15046656038766631
71,1429,1500,0.15046860244831556
72,1440,1512,0.15047395048276935
72,1444,1516,0.15047609509896823
74,1462,1536,0.15047838461119384
73,1443,1516,0.15047451392084535
71,1441,1512,0.15047370745870028
71,1443,1514,0.15047886036156002
72,1438,1510,0.1504837866487166
73,1449,1522,0.1504850898794952
73,1433,1506,0.15048373983938376
72,1443,1515,0.15048277915100639
72,1440,1512,0.15048502652472592
73,1436,1509,0.15048687744325917
71,1452,1523,0.1504860640078743
69,1453,1522,0.15049148638934734
63,1439,1502,0.1505021208853283
64,1445,1509,0.15053082053052205
63,1440,1503,0.1505553659607217
61,1445,1506,0.1505805138964172
60,1443,1503,0.1506099774722493
57,1451,1508,0.15064064824775997
60,1458,1518,0.15067794131365592
61,1459,1520,0.15070443139708428
58,1470,1528,0.15072615986142104
59,1470,1529,0.150755031146638
62,1469,1531,0.15077888368445336
57,1465,1522,0.15079244392062868
55,1476,1531,0.15082050191967208
56,1475,1531,0.15085237847876953
54,1465,1519,0.15087919771236588
50,1463,1513,0.1509105296275698
55,1459,1514,0.15095124526505882
59,1448,1507,0.1509741469442081
56,1445,1501,0.15098421652707752
55,1464,1519,0.15100333797108012
53,1459,1512,0.15102457894340485
54,1446,1500,0.15105035922115803
52,1459,1511,0.15107154698090125
50,1461,1511,0.15109711796951975
48,1453,1501,0.15112709438824826
47,1454,1501,0.15116097504175482
48,1461,1509,0.1511961617698907
47,1463,1510,0.15122573563387243
46,1460,1506,0.15125677720446848
48,1459,1507,0.15128920274536853
47,1461,1508,0.15131373643100166
46,1467,1513,0.1513401623395545
42,1457,1499,0.15136779724253732
41,1469,1510,0.15140635921508697
42,1483,1525,0.1514455348753759
41,1477,1518,0.15147911705074665
40,1477,1517,0.15151346057798304
41,1467,1508,0.1515489260325648
43,1463,1506,0.15157920155209456
41,1469,1510,0.15160148873628018
41,1479,1520,0.1516281292545407
42,1482,1524,0.15165311831601783
41,1476,1517,0.15167339719788836
41,1466,1507,0.15169560863316434
41,1477,1518,0.15171646555373472
39,1470,1509,0.1517362754252127
39,1476,1515,0.15176094228643663
37,1460,1497,0.1517842468473206
38,1467,1505,0.15181245359377546
37,1476,1513,0.15183581315906985
36,1480,1516,0.1518609537385169
36,1485,1521,0.151887521391674
35,1490,1525,0.15191243160749793
35,1496,1531,0.15193869118397438
35,1489,1524,0.15196329386726012
35,1494,1529,0.1519863651649545
34,1498,1532,0.15200800539419285
32,1483,1515,0.15203116827533536
32,1483,1515,0.1520586620553216
33,1478,1511,0.15208444813857408
35,1487,1522,0.1521057758725636
36,1498,1534,0.15211992198765145
33,1486,1519,0.15213009109514747
33,1495,1528,0.15214888614427927
32,1489,1521,0.15216650110204885
31,1486,1517,0.15218620177519046
32,1473,1505,0.1522078797468851
31,1485,1516,0.15222525520723784
31,1486,1517,0.15224453252784392
33,1497,1530,0.15226279782040897
32,1509,1541,0.1522737495407003
31,1505,1536,0.15228707305183478
31,1507,1538,0.15230261457413724
31,1511,1542,0.15231739456913992
29,1506,1535,0.1523312932744878
30,1505,1535,0.15235059561569603
29,1505,1534,0.15236569820003212
30,1500,1530,0.15238290749965844
30,1500,1530,0.15239581288425935
30,1501,1531,0.152407915660819
32,1488,1520,0.1524192720847476
32,1478,1510,0.15242395314989027
31,1482,1513,0.15242842593035535
31,1487,1518,0.15243585934005024
29,1484,1513,0.15244287383913493
30,1479,1509,0.15245536921429978
28,1483,1511,0.15246407336211973
27,1478,1505,0.1524787231725022
28,1467,1495,0.15249547171242667
29,1476,1505,0.15250820844018712
29,1473,1502,0.15251717515507124
30,1491,1521,0.15252564468167687
30,1501,1531,0.15253037894569818
28,1495,1523,0.15253511911945394
28,1504,1532,0.15254605909118255
26,1499,1525,0.15255636282791202
25,1496,1521,0.15257195281558109
25,1486,1511,0.1525894958974579
25,1492,1517,0.15260593140669923
26,1485,1511,0.1526213470623386
26,1482,1508,0.15263284748664063
25,1500,1525,0.1526436615827288
25,1493,1518,0.15265706562207423
24,1488,1512,0.1526696531263508
24,1491,1515,0.15268473998734566
25,1499,1524,0.15269888278302773
25,1492,1517,0.15270913009779943
26,1491,1517,0.15271879303423597
24,1480,1504,0.1527248758202755
24,1489,1513,0.15273686466645794
25,1489,1514,0.15274814390819513
25,1496,1521,0.15275578200901638
25,1499,1524,0.15276300551624009
25,1497,1522,0.15276982306773365
25,1496,1521,0.1527762518071327
25,1483,1508,0.15278231047698582
24,1479,1503,0.15278801813430448
24,1486,1510,0.152796384876271
24,1489,1513,0.15280423740939264
24,1487,1511,0.15281160549096032
23,1495,1518,0.15281852083669992
23,1480,1503,0.15282802119450176
23,1493,1516,0.15283690949085124
22,1478,1500,0.15284523815181814
21,1481,1502,0.15285561070969028
22,1487,1509,0.15286828709930808
21,1483,1504,0.15287709783987072
21,1501,1522,0.15288814468577677
20,1501,1521,0.15289836732788198
20,1499,1519,0.1529108124920814
23,1485,1508,0.15292251136161522
23,1481,1504,0.15292470369524583
22,1488,1510,0.15292674617806587
22,1488,1510,0.15293156473791655
18,1479,1497,0.15293611738167817
18,1491,1509,0.15295244694091725
18,1494,1512,0.15296781962865322
18,1508,1526,0.15298224676602948
19,1498,1517,0.15299577902053405
21,1493,1514,0.15300518597445936
20,1491,1511,0.15300767723328287
20,1487,1507,0.15301304817112477
18,1477,1495,0.15301808306988116
19,1479,1498,0.15302906270253192
20,1480,1500,0.1530362497060772
19,1487,1506,0.15303991835820455
19,1498,1517,0.15304633861094416
20,1487,1507,0.15305241391336846
18,1499,1517,0.15305508022258918
18,1490,1508,0.15306374323802852
19,1497,1516,0.15307184257624828
20,1499,1519,0.15307636796564653
19,1501,1520,0.15307753364529855
18,1500,1518,0.15308166274338306
18,1501,1519,0.15308877918331099
18,1493,1511,0.1530954529293301
18,1496,1514,0.15310171506837617
18,1501,1519,0.15310759306864466
17,1502,1519,0.15311311163606456
17,1502,1519,0.1531213729852935
17,1501,1518,0.15312910224252893
17,1501,1518,0.15313634409405452
17,1493,1510,0.15314313478112346
17,1490,1507,0.15314950515338233
17,1496,1513,0.15315548281004376
18,1482,1500,0.15316109298610378
18,1487,1505,0.15316324160838837
18,1487,1505,0.15316528432937068
18,1491,1509,0.1531672107892268
18,1490,1508,0.15316902487635434
17,1493,1510,0.15317073243509668
18,1482,1500,0.1531754503649141
17,1502,1519,0.1531768205135863
17,1521,1538,0.15318114270011307
16,1504,1520,0.15318518582631196
17,1497,1514,0.1531920724524665
17,1498,1515,0.15319539489975703
16,1499,1515,0.15319852520652255
16,1502,1518,0.15320472134426993
16,1505,1521,0.15321051157675503
17,1503,1520,0.15321594407255187
18,1508,1526,0.1532179915128607
18,1497,1515,0.1532168581389933
18,1500,1518,0.15321585006439295
18,1503,1521,0.15321493824459537
20,1490,1510,0.15321389461874468
20,1488,1508,0.15320643081525298
21,1479,1500,0.15319945977304172
21,1500,1521,0.15318968593541002
21,1492,1513,0.15318054519506674
22,1508,1530,0.15317198508349683
22,1504,1526,0.15316086760727374
21,1505,1526,0.15315049717180265
21,1498,1519,0.1531440007191289
23,1493,1516,0.15313790302792304
23,1496,1519,0.15312601831587927
23,1476,1499,0.1531149375153038
22,1487,1509,0.15310458143075334
20,1491,1511,0.15309792493263008
20,1488,1508,0.15309781391212393
19,1500,1519,0.15309789965789075
20,1508,1528,0.15310097042880152
20,1505,1525,0.15310074187323452
21,1505,1526,0.15310055145222756
19,1504,1523,0.15309731618539293
17,1509,1526,0.15310046761828977
17,1529,1546,0.15310971602809523
16,1519,1535,0.1531183493786542
16,1511,1527,0.1531295286063154
15,1513,1528,0.15313998438398127
15,1519,1534,0.15315279268073673
14,1517,1531,0.15316481868582504
13,1510,1523,0.15317911972756465
13,1510,1523,0.15319556428947176
14,1512,1526,0.15321097696590047
14,1511,1525,0.15322215834818984
13,1508,1521,0.15323268142745441
14,1498,1512,0.15324567893146168
14,1509,1523,0.15325461729631873
15,1518,1533,0.1532630247236308
15,1513,1528,0.15326769310047295
16,1507,1523,0.15327210120326976
16,1491,1507,0.1532731784784124
16,1494,1510,0.1532742058672001
16,1487,1503,0.15327520316341575
16,1500,1516,0.15327615218415971
16,1499,1515,0.15327718748159674
16,1492,1508,0.15327815850449863
16,1504,1520,0.1532790657043488
16,1508,1524,0.15327991881216227
16,1504,1520,0.15328072334261555
16,1510,1526,0.15328148288244395
17,1504,1521,0.15328220016285332
17,1499,1516,0.1532797197971803
16,1501,1517,0.15327751617097804
16,1497,1513,0.15327857705598874
16,1498,1514,0.15327956868770146
14,1499,1513,0.15328050745861263
14,1503,1517,0.15328763141562618
14,1507,1521,0.15329428166279846
14,1500,1514,0.15330051449272314
15,1509,1524,0.15330636100123993
14,1517,1531,0.15330881392650603
13,1512,1525,0.15331431046783217
13,1508,1521,0.1533225866660924
13,1490,1503,0.15333033200834018
12,1505,1517,0.15333759143637068
13,1511,1524,0.15334747428792533
13,1494,1507,0.15335366748484383
13,1505,1518,0.15335948887055664
13,1505,1518,0.1533649521662612
13,1502,1515,0.15337008066265279
13,1495,1508,0.1533748957614454
13,1489,1502,0.153379417184373
12,1504,1516,0.15338366322628408
12,1508,1520,0.1533907292106867
12,1502,1514,0.15339736290482225
11,1504,1515,0.15340359605078407
11,1490,1501,0.15341269813665942
11,1489,1500,0.15342123752481313
10,1494,1504,0.15342925275768873
11,1495,1506,0.1534398652252688
11,1501,1512,0.1534467251778879
11,1493,1504,0.15345317520291463
12,1496,1508,0.15345923850185345
12,1505,1517,0.1534618393198218
12,1514,1526,0.1534642930023703
10,1516,1526,0.15346659913266167
11,1519,1530,0.15347513866167475
11,1525,1536,0.15348015595289624
11,1522,1533,0.15348484250220085
11,1522,1533,0.1534892446848342
12,1531,1543,0.15349338203869553
12,1519,1531,0.15349400161916468
12,1523,1535,0.15349458571244295
12,1518,1530,0.15349513710938104
11,1517,1528,0.15349565720125788
11,1520,1531,0.15349916518742354
11,1507,1518,0.15350249030431234
11,1516,1527,0.15350561798403814
11,1512,1523,0.1535085574499114
11,1504,1515,0.15351131910858798
10,1501,1511,0.15351391332297873
9,1503,1512,0.15351938108565322
10,1511,1521,0.15352765421828585
11,1506,1517,0.15353228580766504
11,1506,1517,0.15353339507783234
11,1502,1513,0.1535344598657357
11,1501,1512,0.15353566913501207
10,1507,1517,0.15353677994385476
10,1507,1517,0.15354096224803282
10,1511,1521,0.15354486984384827
11,1508,1519,0.1535485296002008
11,1511,1522,0.15354868930131188
11,1523,1534,0.15354884305627464
11,1514,1525,0.15354913218623362
11,1508,1519,0.15354942931209858
11,1490,1501,0.15354963186277523
10,1489,1499,0.1535498353015894
9,1485,1494,0.15355312601243562
7,1503,1510,0.1535593165851183
7,1502,1509,0.15357146402449215
7,1498,1505,0.15358292119399333
7,1508,1515,0.15359369766512557
7,1511,1518,0.15360382882583726
6,1516,1522,0.1536133506090033
6,1513,1519,0.15362546273308048
5,1518,1523,0.15363682893147676
5,1515,1520,0.15365066284692092
5,1515,1520,0.15366365006406146
4,1509,1513,0.1536758473917801
4,1494,1498,0.1536905223524326
4,1495,1499,0.1537043065545658
4,1497,1501,0.1537172572144674
4,1510,1514,0.1537294265105381
5,1520,1525,0.1537408628664873
5,1513,1518,0.15374840545529556
5,1509,1514,0.15375550487399028
5,1508,1513,0.15376218237686337
5,1500,1505,0.1537684622311379
5,1485,1490,0.15377436737909167
5,1495,1500,0.1537799196477666
5,1503,1508,0.1537851397792071
5,1501,1506,0.15379004742609564
5,1525,1530,0.1537946611620115
5,1515,1520,0.1537989985091973
4,1510,1514,0.15380307597805168
4,1515,1519,0.15381012032972266
4,1524,1528,0.153816734223426
4,1524,1528,0.15382295577695637
4,1531,1535,0.15382880794305479
4,1525,1529,0.15383431197778175
3,1516,1519,0.15383948810205014
3,1514,1517,0.1538475286527216
3,1513,1516,0.15385503111911622
3,1518,1521,0.1538620803687393
3,1512,1515,0.15386870776746123
3,1515,1518,0.15387494102060312
3,1505,1508,0.1538808050201222
3,1507,1510,0.15388632238365255
4,1508,1512,0.15389151395020734
4,1498,1502,0.15389310941685186
4,1497,1501,0.15389465383804524
4,1506,1510,0.15389611998607833
4,1506,1510,0.1538975082371456
4,1523,1527,0.1538988219329399
4,1513,1517,0.15390006466836317
4,1517,1521,0.15390123994031438
4,1510,1514,0.1539023511106473
4,1521,1525,0.15390340140783942
4,1508,1512,0.15390439393075872
4,1501,1505,0.15390533165105202
4,1506,1510,0.15390621741480662
5,1512,1517,0.15390705394417872
4,1518,1522,0.1539045884218764
4,1524,1528,0.15390556569124605
4,1526,1530,0.1539064608777125
4,1523,1527,0.1539073021443698
4,1514,1518,0.15390809549429318
4,1501,1505,0.15390884384464046
3,1517,1520,0.15390954961112105
3,1514,1517,0.1539134587564763
3,1518,1521,0.15391712864066068
3,1506,1509,0.15392056849764235
3,1499,1502,0.15392381289176793
3,1497,1500,0.1539268657470006
3,1505,1508,0.1539297374223304
4,1508,1512,0.15393243923684505
4,1517,1521,0.15393173058623044
4,1517,1521,0.15393107693788038
5,1530,1535,0.1539304747385667
5,1527,1532,0.15392668187662242
4,1522,1526,0.15392312746281575
3,1518,1521,0.1539230304215228
2,1499,1501,0.15392618041148481
2,1509,1511,0.1539323926231017
2,1515,1517,0.1539382088781851
2,1518,1520,0.15394367097383124
2,1505,1507,0.1539488003613882
2,1510,1512,0.15395361699737234
2,1508,1510,0.15395814001889763
2,1516,1518,0.15396238755028144
2,1499,1501,0.15396637663527954
2,1498,1500,0.1539701232533279
2,1502,1504,0.15397364236949518
2,1510,1512,0.1539769479952269
2,1514,1516,0.15398005325047306
2,1519,1521,0.15398297042350198
2,1517,1519,0.15398571102708444
2,1524,1526,0.15398828585072305
2,1531,1533,0.1539907050090104
2,1526,1528,0.15399297798635478
2,1529,1531,0.1539951136783613
2,1529,1531,0.15399712043015643
2,1517,1519,0.15399900607192574
2,1511,1513,0.15400077795191106
2,1511,1513,0.15400244296708743
2,1504,1506,0.15400400759171715
2,1501,1503,0.15400547790395666
2,1501,1503,0.1540068596106717
2,1499,1501,0.15400815807060358
2,1515,1517,0.15400937831601041
2,1513,1515,0.15401052507289845
2,1526,1528,0.15401160277994577
2,1533,1535,0.15401261560621257
2,1529,1531,0.1540135674677225
2,1518,1520,0.15401446204299404
2,1518,1520,0.15401530278759235
2,1523,1525,0.15401609294776902
2,1516,1518,0.15401683557324822
1,1509,1510,0.15401753352921793
1,1514,1515,0.15402144552415348
1,1511,1512,0.15402513456092545
1,1509,1510,0.15402860612176827
1,1519,1520,0.15403186894700083
1,1517,1518,0.15403493418059902
1,1523,1524,0.15403781332329217
1,1522,1523,0.15404051754992357
1,1534,1535,0.15404305749451752
1,1532,1533,0.1540454431930495
1,1517,1518,0.15404768408348157
1,1525,1526,0.15404978902741767
1,1532,1533,0.1540517663396189
1,1525,1526,0.15405362381972926
1,1513,1514,0.15405536878380743
1,1502,1503,0.15405700809464556
1,1504,1505,0.15405854819046963
1,1508,1509,0.15405999511190124
1,1513,1514,0.15406135452719133
1,1514,1515,0.1540626317557957
1,1509,1510,0.15406383179038724
1,1508,1509,0.1540649593174071
1,1508,1509,0.15406601873625728
1,1511,1512,0.15406701417722982
1,1511,1512,0.15406794951826497
1,1524,1525,0.15406882840062108
1,1518,1519,0.15406965424353408
1,1520,1521,0.1540704302579369
1,1514,1515,0.15407115945930477
1,1514,1515,0.1540718446796856
1,1511,1512,0.15407248857897135
1,1505,1506,0.15407309365546062
1,1506,1507,0.15407366225575989
2,1508,1510,0.15407419658406682
2,1502,1504,0.15407140909621003
2,1513,1515,0.15406879572486948
2,1529,1531,0.1540663428410899
2,1528,1530,0.1540640410137944
2,1518,1520,0.15406188119384567
2,1518,1520,0.1540598545812111
2,1531,1533,0.15405795281280973
3,1524,1527,0.15405616802649302
3,1520,1523,0.15405122908885338
3,1519,1522,0.15404658380591985
3,1529,1532,0.15404222358620334
3,1536,1539,0.1540381332012274
3,1526,1529,0.15403429603278426
3,1522,1525,0.15403069603479103
3,1521,1524,0.15402731812003828
3,1516,1519,0.15402414819726698
3,1523,1526,0.15402117312395736
3,1518,1521,0.15401838064064602
3,1520,1523,0.15401575930476924
3,1522,1525,0.15401329842891728
3,1512,1515,0.15401098802448066
3,1519,1522,0.15400881875049197
3,1528,1531,0.15400678186715197
3,1522,1525,0.15400486919349493
3,1523,1526,0.1540030730686963
3,1522,1525,0.15400138631659646
3,1518,1521,0.1539998022130752
3,1514,1517,0.1539983144559701
2,1521,1523,0.15399691713727667
2,1518,1520,0.15399885539444835
2,1509,1511,0.1540006740849458
2,1508,1510,0.15400238105318997
2,1514,1516,0.1540039824625242
2,1518,1520,0.15400548447586832
2,1515,1517,0.15400689324261502
3,1522,1525,0.15400821466303768
2,1520,1522,0.15400620524852696
3,1515,1518,0.1540075605599437
3,1515,1518,0.15400558726882768
3,1520,1523,0.15400372370885435
3,1516,1519,0.15400197152275225
3,1522,1525,0.15400032668642796
2,1516,1518,0.15399878320190757
2,1508,1510,0.15400057603122835
2,1510,1512,0.15400227186230533
2,1519,1521,0.15400386987988182
1,1518,1519,0.15400537191131322
2,1508,1510,0.15401003995630208
2,1487,1489,0.15401118387361404
2,1510,1512,0.15401224930024898
3,1524,1527,0.15401324257649293
3,1521,1524,0.1540109144755515
2,1513,1515,0.1540087261108225
2,1509,1511,0.15400991443099538
2,1516,1518,0.15401104066323873
2,1518,1520,0.15401210281772248
2,1518,1520,0.1540131012039579
2,1508,1510,0.15401403858051088
2,1511,1513,0.15401491836133782
2,1520,1522,0.15401574402363888
2,1530,1532,0.154016518920818
1,1516,1517,0.1540172462254338
1,1515,1516,0.15402118859587324
1,1505,1506,0.15402490307570246
1,1510,1511,0.15402839551062883
1,1513,1514,0.15403167645000465
1,1513,1514,0.15403475775500483
1,1518,1519,0.1540376513107553
1,1525,1526,0.15404036854377304
0,1518,1518,0.15404292027257505
