1370,31,1401,0.13582109431656467
1406,32,1438,0.13297669122337752
1416,36,1452,0.13028159496419991
1427,36,1463,0.12779847957795032
1445,35,1480,0.12550641427434858
1446,38,1484,0.12337112051681126
1468,37,1505,0.12142362423724494
1463,37,1500,0.11959431990419109
1458,35,1493,0.11794196441502684
1464,35,1499,0.11645053688570328
1457,35,1492,0.11507801591377294
1451,35,1486,0.11384567159157502
1471,34,1505,0.1127377532920173
1465,33,1498,0.11168126845654616
1466,32,1498,0.11073365107012524
1459,32,1491,0.1098688612044911
1472,33,1505,0.10909832676701688
1464,32,1496,0.10836701671800347
1471,32,1503,0.10771941480158446
1463,32,1495,0.10711436933553578
1456,31,1487,0.10658158301233463
1457,29,1486,0.10611249973782438
1450,31,1481,0.1056834268937527
1463,32,1495,0.10530841116005157
1464,32,1496,0.10493782745898969
1470,30,1500,0.10459818668182534
1473,29,1502,0.10427561341929685
1462,30,1492,0.10397590793531208
1456,30,1486,0.10372733803180126
1448,31,1479,0.10351431340042706
1457,31,1488,0.10333781237403208
1451,34,1485,0.1031573518738511
1455,35,1490,0.10300595602218961
1464,32,1496,0.10285944871895009
1456,33,1489,0.10270659718893566
1466,33,1499,0.10258487748086824
1470,33,1503,0.10245268688805759
1467,34,1501,0.10232334160587843
1465,36,1501,0.10221222758845083
1464,39,1503,0.10211521097576103
1447,39,1486,0.10202948790905969
1454,37,1491,0.10198815730291642
1439,39,1478,0.1019355403137315
1432,38,1470,0.10192018677053666
1443,41,1484,0.10192142146563152
1449,44,1493,0.10189871820325365
1446,45,1491,0.10186528204027388
1446,49,1495,0.10184116130249267
1445,52,1497,0.10181933769119574
1436,52,1488,0.10180191215642967
1449,51,1500,0.10180574451101095
1445,53,1498,0.10178136791733727
1454,53,1507,0.10176816803484573
1451,52,1503,0.1017366958503829
1436,51,1487,0.10171406197780762
1443,49,1492,0.10172607964721783
1463,47,1510,0.10172209164836196
1452,47,1499,0.10167507772075207
1445,47,1492,0.10165595099635844
1456,47,1503,0.10165382265976153
1439,49,1488,0.10162774656832423
1440,47,1487,0.10164105202996038
1447,47,1494,0.10165089705657447
1436,44,1480,0.1016447383918748
1451,44,1495,0.10166247585551169
1445,45,1490,0.10164606734420385
1442,45,1487,0.1016436275233516
1439,45,1484,0.10164833204570613
1437,46,1483,0.10165934606963528
1451,49,1500,0.1016733168367644
1452,48,1500,0.10165595450765537
1453,49,1502,0.10163799321319775
1455,51,1506,0.10161923180575673
1441,50,1491,0.10159801570523219
1446,50,1496,0.1016088412996398
1440,51,1491,0.10160816898548017
1443,52,1495,0.10162042757502107
1432,51,1483,0.1016252195950095
1424,52,1476,0.10165353395243178
1413,55,1468,0.10169730132688183
1412,58,1470,0.1017612037652201
1417,58,1475,0.10182130127258646
1413,60,1473,0.10186536605794223
1423,65,1488,0.10191489492076673
1426,66,1492,0.10193865778989865
1422,67,1489,0.10195347758981342
1434,69,1503,0.10197572953747513
1417,75,1492,0.10197014963202097
1418,74,1492,0.1020019656158928
1418,73,1491,0.10202893912369224
1424,73,1497,0.10205295746581423
1423,71,1494,0.10206263538089388
1421,69,1490,0.10207361458162006
1424,73,1497,0.10208799928506476
1422,73,1495,0.10209479069798615
1430,74,1504,0.10210537251520257
1423,74,1497,0.10209815239767978
1415,76,1491,0.10210669069894046
1425,75,1500,0.10213175706536191
1426,75,1501,0.10213314981584042
1435,74,1509,0.10213263345244963
1424,74,1498,0.10211223503129198
1424,74,1498,0.10211760953640767
1418,72,1490,0.10212272945378384
1412,76,1488,0.10213995499193146
1421,75,1496,0.10216862149090739
1410,72,1482,0.1021750115575677
1410,73,1483,0.10220430423915733
1410,72,1482,0.1022308784887231
1427,71,1498,0.10225471558233512
1412,69,1481,0.10223975772261078
1420,69,1489,0.10225882991025192
1424,71,1495,0.10225902213593216
1434,73,1507,0.10225062009303333
1444,74,1518,0.10222184054805748
1433,74,1507,0.1021741216605647
1434,75,1509,0.10215457346231065
1415,75,1490,0.10213399452115457
1408,75,1483,0.10215658149003475
1425,72,1497,0.1021922689431449
1432,73,1505,0.10218892565642658
1417,74,1491,0.1021702105749311
1412,75,1487,0.10218598806036727
1422,74,1496,0.10221078954277953
1414,73,1487,0.10221157880863002
1416,74,1490,0.10222934086880503
1428,73,1501,0.10224095424659665
1421,75,1496,0.10222575249664416
1417,76,1493,0.10222738340363359
1416,72,1488,0.10223830358258823
1408,72,1480,0.10225044675161253
1403,71,1474,0.10227865231192577
1413,72,1485,0.10231492153296283
1406,75,1481,0.10232624998598858
1409,76,1485,0.1023516798926563
1414,75,1489,0.10236859552735915
1426,78,1504,0.10237334913518904
1425,79,1504,0.10235150740667263
1420,79,1499,0.10233400978026622
1424,79,1503,0.10232917293070684
1420,77,1497,0.1023165330835726
1422,75,1497,0.10231352788080347
1429,75,1504,0.10230625098692697
1427,76,1503,0.10228374620787348
1413,76,1489,0.10226716373498754
1392,76,1468,0.10228266645323686
1411,75,1486,0.10234226721368872
1421,76,1497,0.10235589371935604
1418,76,1494,0.10234659121029317
1426,78,1504,0.10234455002715104
1418,78,1496,0.10232518651019969
1424,79,1503,0.10232493111156224
1413,77,1490,0.10231216709475306
1410,81,1491,0.10232423106703849
1410,83,1493,0.10234154612380784
1411,83,1494,0.10235769456011003
1404,85,1489,0.10237031697621898
1402,84,1486,0.1023973995121819
1397,85,1482,0.10242643713305569
1411,86,1497,0.10246369454316218
1412,86,1498,0.10246709820650376
1409,85,1494,0.10246767300716375
1399,82,1481,0.10247477727638056
1399,83,1482,0.10250347968250177
1386,81,1467,0.10253025266825416
1384,82,1466,0.10258278102188516
1392,85,1477,0.10263469306869663
1391,84,1475,0.10266522448133912
1395,82,1477,0.10269480714977064
1417,81,1498,0.10271339003218358
1410,83,1493,0.10268206441865833
1420,83,1503,0.10266912802902084
1417,84,1501,0.10263573740178675
1425,83,1508,0.10261179410689263
1429,79,1508,0.10257201441222
1421,82,1503,0.1025268467872358
1429,81,1510,0.10250307464071512
1424,86,1510,0.10246428027189584
1421,87,1508,0.10243972272338248
1418,87,1505,0.10242366257076696
1412,88,1500,0.10241609164980606
1414,88,1502,0.10242097484042562
1408,88,1496,0.10242153253443305
1414,86,1500,0.10243525791728483
1403,86,1489,0.10243486692865533
1406,86,1492,0.10245820582731772
1411,85,1496,0.10247316011208465
1416,85,1501,0.10247622898246106
1415,88,1503,0.10246829639112769
1418,87,1505,0.10246376154458843
1417,90,1507,0.10245288014307358
1411,91,1502,0.10244492052266711
1418,91,1509,0.10245046749647102
1411,91,1502,0.10244030653942487
1407,93,1500,0.10244687823698126
1399,92,1491,0.10246125349377017
1411,94,1505,0.10249180420884009
1419,97,1516,0.10249423187366143
1407,98,1505,0.10247932681846253
1403,99,1502,0.1024916854321328
1412,101,1513,0.10251212885651455
1407,100,1507,0.10251097388876033
1407,102,1509,0.10252094459369232
1406,104,1510,0.10253013733763229
1408,105,1513,0.10254120882091161
1404,103,1507,0.1025473404823741
1401,101,1502,0.10256139498232299
1405,98,1503,0.1025806966627874
1385,100,1485,0.10258999596471284
1384,99,1483,0.10264195614402123
1378,99,1477,0.10269232457420514
1387,100,1487,0.10275080631118012
1388,101,1489,0.10278453451225637
1386,100,1486,0.1028134270203525
1383,100,1483,0.10284402135368129
1392,101,1493,0.10287875109645767
1383,101,1484,0.10289084684161635
1386,104,1490,0.1029215211109597
1386,104,1490,0.10294283496042965
1388,103,1491,0.10296202408684067
1374,106,1480,0.10297571882395384
1379,112,1491,0.10301868680349408
1365,116,1481,0.10304719583972353
1364,119,1483,0.10310361805132288
1369,115,1484,0.10315835789458325
1378,115,1493,0.10319733039076442
1379,113,1492,0.10321320402854654
1387,113,1500,0.1032254520440889
1374,115,1489,0.10321932088623705
1377,118,1495,0.10324221405031932
1374,121,1495,0.10325723276785462
1368,119,1487,0.10327692776670627
1357,116,1473,0.10330892732151868
1377,117,1494,0.10336182140042617
1378,120,1498,0.10336635591158234
1378,116,1494,0.10336867421810218
1394,117,1511,0.10337002791728411
1397,120,1517,0.10333666054056302
1395,121,1516,0.1032994321334203
1383,118,1501,0.10326973598226545
1372,115,1487,0.10326946612959852
1375,118,1493,0.10329261558533634
1368,117,1485,0.10330695085206038
1380,115,1495,0.10333521554985406
1384,112,1496,0.1033349783958186
1377,112,1489,0.1033262987014965
1376,112,1488,0.1033332433220875
1375,112,1487,0.10334154145766941
1373,110,1483,0.10335086147187714
1382,109,1491,0.10336284642770735
1374,111,1485,0.10335418643261342
1373,112,1485,0.1033649548356416
1380,118,1498,0.10337697160561968
1372,119,1491,0.10337271694449658
1360,117,1477,0.10338590581303488
1361,120,1481,0.10342415215125975
1366,122,1488,0.10345694261663009
1363,124,1487,0.10347552795799864
1367,119,1486,0.10349947948718917
1382,120,1502,0.10351263439357064
1387,120,1507,0.10349202559671401
1391,118,1509,0.10346272865823565
1382,120,1502,0.1034269957744273
1385,122,1507,0.1034145994132087
1380,119,1499,0.10339763711383415
1369,121,1490,0.1033932143853237
1375,122,1497,0.10341333078985158
1370,124,1494,0.10341839745858014
1373,127,1500,0.10343421094271978
1379,125,1504,0.10344240483056581
1372,124,1496,0.10343659659818955
1366,125,1491,0.10344649056037447
1372,127,1499,0.10346893694460092
1375,128,1503,0.10347632714738073
1388,128,1516,0.10347678593740234
1377,128,1505,0.10344901277744903
1362,126,1488,0.10344843647117115
1368,130,1498,0.10348012712586752
1361,130,1491,0.10349618362819747
1366,131,1497,0.10352619571535172
1360,131,1491,0.10354169639242038
1370,130,1500,0.10356907993212047
1366,127,1493,0.10357341709002231
1375,127,1502,0.10358573211316532
1380,127,1507,0.10357760425637175
1375,125,1500,0.10355910985186557
1375,124,1499,0.10355265979668385
1385,126,1511,0.10354721786542022
1390,128,1518,0.10352010940200984
1391,128,1519,0.1034836347098461
1388,126,1514,0.10344806118361603
1393,127,1520,0.1034219117914181
1392,125,1517,0.10338694233076585
1394,124,1518,0.1033576395036345
1377,124,1501,0.10332699574198974
1391,125,1516,0.10333556381422081
1377,126,1503,0.10331341279553573
1388,125,1513,0.1033234858907629
1381,126,1507,0.10330841453213598
1382,129,1511,0.10331015699069841
1362,128,1490,0.10330944432188215
1360,127,1487,0.10335285785718115
1361,127,1488,0.10339684504760896
1352,130,1482,0.1034346491797404
1361,129,1490,0.10348869488964528
1353,128,1481,0.10351765467690843
1357,129,1486,0.10356249177824768
1361,129,1490,0.1035946185231111
1352,133,1485,0.10361427000350107
1355,139,1494,0.10365267015247627
1358,137,1495,0.10368170606813522
1357,140,1497,0.10370133897804801
1363,142,1505,0.10372125819956272
1350,141,1491,0.10372614031641639
1352,142,1494,0.10375927128737825
1360,142,1502,0.10378521479825181
1353,143,1496,0.10379164657515126
1358,144,1502,0.10381398260641411
1348,142,1490,0.10382402783016584
1342,146,1488,0.10385508627140727
1336,149,1485,0.10389684633384252
1334,148,1482,0.1039483810855539
1345,149,1494,0.10399958448003734
1331,147,1478,0.10402194888768886
1323,149,1472,0.1040729443578136
1326,147,1473,0.10413725530896499
1329,149,1478,0.10418942642530471
1334,150,1484,0.10423052908819905
1342,152,1494,0.1042561699418705
1342,153,1495,0.1042626868805776
1333,149,1482,0.10426817945235622
1336,149,1485,0.10429342714097789
1347,153,1500,0.10430962237251443
1343,155,1498,0.10430061369991471
1337,157,1494,0.10430169583656342
1348,162,1510,0.1043166318231372
1329,164,1493,0.10430679686091585
1329,167,1496,0.10434058306404274
1335,165,1500,0.10437197031344939
1322,168,1490,0.10438700996811727
1321,170,1491,0.10442930711564198
1328,165,1493,0.10446979018104172
1334,164,1498,0.10449108710912652
1341,166,1507,0.1044973628297895
1333,170,1503,0.10448813369805439
1334,170,1504,0.10449743567852451
1329,167,1496,0.10450340127506315
1329,171,1500,0.10452047070508233
1333,170,1503,0.104536465297426
1337,171,1508,0.10454181469957095
1335,177,1512,0.10453866851861154
1330,176,1506,0.10453985911249873
1327,177,1504,0.10455289223738912
1338,172,1510,0.10457142648459979
1325,171,1496,0.1045644752220829
1321,173,1494,0.10458627914185964
1320,178,1498,0.1046149104914776
1332,179,1511,0.1046437418227267
1329,181,1510,0.10464385750950612
1323,181,1504,0.10465069748642743
1317,186,1503,0.10467023107598462
1320,185,1505,0.10470138113430134
1300,185,1485,0.10472331718731313
1298,189,1487,0.10478690655396913
1290,190,1480,0.10485046213572495
1304,187,1491,0.10492598391958637
1314,195,1509,0.10496439106554586
1314,192,1506,0.10497794879286655
1314,188,1502,0.10499148954107725
1312,184,1496,0.10500343925660773
1310,186,1496,0.10501911885180601
1319,182,1501,0.10503835945174199
1309,180,1489,0.10503523029670696
1320,184,1504,0.105053712399226
1318,182,1500,0.10504600129123488
1314,185,1499,0.10504250082082606
1315,186,1501,0.1050479688825159
1322,185,1507,0.10505208369899649
1324,187,1511,0.10504083399283347
1313,185,1498,0.10502551012330745
1305,188,1493,0.10503582202377945
1311,190,1501,0.10506360515353698
1297,190,1487,0.10507541491484006
1308,192,1500,0.10511802412905025
1313,196,1509,0.10513337114815863
1298,194,1492,0.10513797467680713
1301,199,1500,0.10517534215609949
1292,199,1491,0.105202369281667
1292,194,1486,0.1052477137014932
1301,193,1494,0.10528873884001218
1292,200,1492,0.10530682903408159
1302,199,1501,0.10534306579693592
1304,204,1508,0.10535416857502121
1301,206,1507,0.10535993584908239
1294,209,1503,0.10537241984377188
1293,206,1499,0.10540083293834086
1291,210,1501,0.10542770090738479
1296,207,1503,0.1054577022695215
1286,210,1496,0.10547348235224799
1281,213,1494,0.10551026741463207
1283,212,1495,0.10555561507374592
1277,212,1489,0.1055915323847826
1281,212,1493,0.10563884412497566
1277,213,1490,0.10567321951251635
1278,212,1490,0.10571366077468927
1284,213,1497,0.10574770244683311
1273,210,1483,0.10576542609978104
1275,209,1484,0.10580594104218217
1278,209,1487,0.10583888575503153
1291,216,1507,0.10586334986104198
1297,212,1509,0.10585751401386016
1285,219,1504,0.10583804156010185
1278,217,1495,0.10584698339093487
1282,220,1502,0.10587045369216135
1277,223,1500,0.10588347017310444
1279,216,1495,0.10590723765288815
1264,215,1479,0.10592508967220812
1268,210,1478,0.10597509027259028
1276,208,1484,0.10601316188540821
1263,221,1484,0.10602982755131762
1263,215,1478,0.10607480936848461
1268,218,1486,0.10611493719688447
1271,223,1494,0.10614130932632544
1274,232,1506,0.10615990936217608
1261,233,1494,0.10617113025751132
1247,231,1478,0.10621102785177268
1256,236,1492,0.10627895448831566
1255,233,1488,0.10632288301090725
1251,231,1482,0.10636519178024656
1255,229,1484,0.10641214098742154
1239,237,1476,0.10644664539289224
1244,245,1489,0.1065126898021304
1255,245,1500,0.10656328334858785
1265,242,1507,0.10658580135261118
1268,240,1508,0.10658674532890597
1270,244,1514,0.10658159676911146
1261,240,1501,0.10657069465710778
1262,239,1501,0.10658155180485902
1257,241,1498,0.10658852458033742
1257,240,1497,0.10660644688150328
1263,241,1504,0.10662272728952454
1252,239,1491,0.10662430639541996
1247,240,1487,0.10665086646714357
1241,243,1484,0.10668685815481965
1244,239,1483,0.10673384506367607
1235,241,1476,0.10677055058569213
1237,240,1477,0.10682354698111186
1243,240,1483,0.10686744947558317
1242,244,1486,0.10689468515793382
1238,249,1487,0.10692006913445136
1246,251,1497,0.106952753955001
1255,254,1509,0.1069657056511854
1258,255,1513,0.10695834234566166
1245,255,1500,0.10694586969592151
1251,261,1512,0.10696412235855345
1246,260,1506,0.10696734943434888
1237,262,1499,0.10698357294212232
1246,263,1509,0.10701790222580893
1232,266,1498,0.10702944858169929
1240,264,1504,0.10707194496110758
1242,262,1504,0.1070927236602363
1243,260,1503,0.10710752781689833
1249,264,1513,0.10711885471990573
1243,263,1506,0.1071161314243686
1246,267,1513,0.1071283085064044
1235,266,1501,0.10713213229115773
1238,265,1503,0.10716093498548694
1244,262,1506,0.10717988896389581
1231,261,1492,0.10718436287893636
1221,259,1480,0.10721766939971517
1224,264,1488,0.10727074912882474
1232,265,1497,0.10731302582402998
1230,271,1501,0.10733530385692852
1230,276,1506,0.10736122751998535
1221,274,1495,0.10738437594472541
1211,278,1489,0.10742606927509042
1215,288,1503,0.10748721510231601
1213,277,1490,0.10753492073632
1229,280,1509,0.10758215517481534
1216,285,1501,0.10758932455747931
1209,284,1493,0.10762544747224922
1210,287,1497,0.10767528180037772
1215,288,1503,0.10771723834646078
1212,287,1499,0.10774560326482248
1223,290,1513,0.10777870567907563
1220,284,1504,0.1077832364290035
1218,280,1498,0.1077945140185854
1229,281,1510,0.10780818910179595
1226,285,1511,0.10779824245310515
1209,282,1491,0.10779622207849184
1212,286,1498,0.10783064340366683
1215,287,1502,0.10785499705719692
1218,286,1504,0.1078703419065361
1211,283,1494,0.10787825651965957
1201,291,1492,0.10790200073803387
1201,291,1492,0.10794686144279086
1195,300,1495,0.10798867074542373
1207,303,1510,0.1080411654522035
1189,306,1495,0.10806166280394422
1187,307,1494,0.10812124246731333
1184,304,1488,0.10818265393850908
1177,303,1480,0.10824524072197432
1186,302,1488,0.10831724259712114
1191,306,1497,0.10836535135110659
1192,302,1494,0.1083988298928666
1187,306,1493,0.10842627255996166
1190,308,1498,0.10846304480458628
1183,312,1495,0.10849072267954607
1187,316,1503,0.10853285437796757
1188,316,1504,0.10856235929580137
1193,320,1513,0.10858855717945573
1193,324,1517,0.10860116714011854
1184,323,1507,0.10861256862750981
1185,326,1511,0.10864502692056427
1182,322,1504,0.1086737319181723
1180,326,1506,0.10870599518882663
1171,326,1497,0.10874127992223588
1161,327,1488,0.1087944014312812
1159,320,1479,0.10886583203722022
1168,326,1494,0.10893532605293807
1173,328,1501,0.10897864052974704
1175,328,1503,0.10900833273310848
1176,324,1500,0.1090307362130185
1178,327,1505,0.10904865516642044
1185,328,1513,0.10905975898909731
1184,330,1514,0.1090544686099793
1178,332,1510,0.10905101258917871
1182,332,1514,0.1090622072579031
1168,335,1503,0.10906384453843886
1171,333,1504,0.10909666697466629
1164,332,1496,0.10911974564661822
1170,338,1508,0.10915735694428413
1163,332,1495,0.10917870792380636
1169,332,1501,0.10921369235355176
1169,329,1498,0.10923146585459467
1173,330,1503,0.10924775643319905
1179,337,1516,0.10925455171960945
1169,335,1504,0.1092469012234088
1165,330,1495,0.10926365934591281
1157,333,1490,0.10928918167141849
1159,333,1492,0.10933121535004192
1160,336,1496,0.10936488188345848
1148,338,1486,0.10939246810648315
1160,338,1498,0.1094452359779256
1176,343,1519,0.10946659692155397
1168,336,1504,0.10944969667795529
1163,338,1501,0.10945270245031288
1158,340,1498,0.10946968130960891
1150,343,1493,0.10949764691288742
1146,340,1486,0.10954205798542598
1132,343,1475,0.10959115524296513
1145,344,1489,0.1096667043257901
1142,345,1487,0.10970695990118681
1137,348,1485,0.10975009354196626
1130,340,1470,0.10980203216375131
1136,340,1476,0.10986497225799453
1140,337,1477,0.10990909993790168
1145,345,1490,0.10994048808445962
1142,353,1495,0.1099588956827218
1133,361,1494,0.10998342335230453
1138,362,1500,0.11002713707416366
1153,362,1515,0.11005544563391964
1154,359,1513,0.11004749040758564
1142,366,1508,0.11003872189763607
1137,369,1506,0.11005820335014221
1145,370,1515,0.11008925778098323
1146,367,1513,0.11009926491565487
1142,366,1508,0.11010738035611639
1119,368,1487,0.11012390065332706
1117,364,1481,0.1101911706143976
1130,363,1493,0.11025854695442455
1140,369,1509,0.11029095257632032
1134,370,1504,0.11029832746869583
1132,370,1502,0.11031870846130122
1134,368,1502,0.11034265615817489
1129,370,1499,0.11036094876300362
1127,371,1498,0.11038945924142403
1120,372,1492,0.11042123070100647
1118,365,1483,0.11046591089790571
1117,367,1484,0.11051037259642126
1107,369,1476,0.11055332216843412
1114,362,1476,0.11061550213550454
1117,361,1478,0.11065615311719569
1122,365,1487,0.11068562303910745
1132,367,1499,0.11070047226801384
1128,364,1492,0.1106920918204011
1126,364,1490,0.11069325480249813
1120,372,1492,0.11069895929022293
1130,378,1508,0.11071811059958517
1133,373,1506,0.11071406963966242
1145,375,1520,0.11070450732224693
1142,376,1518,0.11066820667989298
1134,381,1515,0.11064179034844786
1133,375,1508,0.11063618316994685
1131,376,1507,0.11063502570402693
1136,381,1517,0.11063862962419632
1127,380,1507,0.11063017610443211
1118,379,1497,0.1106429921394664
1115,377,1492,0.1106757989811115
1114,387,1501,0.110710980488227
1117,389,1506,0.11074829794186773
1117,385,1502,0.11077644193796202
1115,387,1502,0.11080241448347593
1130,396,1526,0.11083109757071313
1129,394,1523,0.11082447212380529
1120,397,1517,0.11082026879065018
1114,398,1512,0.11083792587906341
1117,390,1507,0.11086712545874683
1105,387,1492,0.11088750123092483
1107,386,1493,0.11093492423979144
1106,382,1488,0.11097401326110556
1104,389,1493,0.11101302158341042
1096,393,1489,0.11105400484352597
1099,396,1495,0.11111009160387492
1106,399,1505,0.11115430910744703
1105,397,1502,0.11117891736276762
1105,392,1497,0.11120344905319451
1101,393,1494,0.11122619513692665
1106,395,1501,0.11125663442648878
1106,394,1500,0.11127264285342861
1098,396,1494,0.11128768025714625
1097,403,1500,0.11132025310976357
1088,412,1500,0.11135271057156886
1082,415,1497,0.11140422932832675
1086,423,1509,0.1114658305738432
1081,413,1494,0.11151384553396353
1076,409,1485,0.11156993299211358
1083,416,1499,0.11163315638389772
1082,424,1506,0.11167533158636953
1082,428,1510,0.11171630255290918
1080,421,1501,0.11175411031737309
1073,413,1486,0.11179371706057818
1066,417,1483,0.11184573141322106
1080,420,1500,0.11191055559550783
1086,429,1515,0.1119388896044334
1070,433,1503,0.11195185561458942
1058,435,1493,0.1120020556921608
1073,439,1512,0.11207660951453903
1075,437,1512,0.11210976457262202
1068,440,1508,0.11213556089436011
1066,441,1507,0.1121771944745166
1071,433,1504,0.11221976130301878
1076,430,1506,0.11224843734366755
1069,431,1500,0.11226397230757991
1056,428,1484,0.1122945650409461
1050,431,1481,0.11235151005350154
1056,447,1503,0.11241945232098352
1062,451,1513,0.11246852433335444
1055,449,1504,0.11250217573140492
1056,450,1506,0.11255056985848817
1056,446,1502,0.11259301255164711
1057,447,1504,0.11263309472634778
1037,454,1491,0.11266715065978965
1045,450,1495,0.11274694300896673
1034,461,1495,0.11280121154216392
1032,464,1496,0.11287601335865606
1019,461,1480,0.11294976012583831
1021,465,1486,0.11304813668750463
1017,463,1480,0.11313396479695996
1024,462,1486,0.11322107552988538
1010,466,1476,0.11328511184993484
1017,465,1482,0.11337679014126287
1014,472,1486,0.11344590883312758
1021,466,1487,0.1135172128472766
1023,461,1484,0.11356839673867757
1015,458,1473,0.11361046105621554
1014,459,1473,0.11366712856186939
1027,454,1481,0.11372032829507123
1031,456,1487,0.11373858915556698
1035,454,1489,0.11374680031559144
1028,464,1492,0.11374540476161102
1030,462,1492,0.11376025163546168
1032,460,1492,0.11376990025754978
1038,464,1502,0.11377477497532108
1042,475,1517,0.11376638590517628
1058,476,1534,0.11374652871603218
1049,475,1524,0.1136920191350481
1040,478,1518,0.11366284564583327
1031,473,1504,0.11365887647555857
1042,471,1513,0.11367765487141115
1043,462,1505,0.11366998489385477
1043,458,1501,0.11366042592441346
1045,469,1514,0.11365208832285596
1043,470,1513,0.1136414043167878
1043,469,1512,0.11363596322278637
1043,466,1509,0.11362954033252372
1043,468,1511,0.11362212235105168
1028,472,1500,0.11361411055327113
1022,476,1498,0.11364401568991851
1026,478,1504,0.11368586926661486
1037,476,1513,0.11371438567133556
1037,487,1524,0.1137174227112871
1034,484,1518,0.11372080662805488
1018,485,1503,0.11373088901622161
1027,477,1504,0.11377603773474093
1014,472,1486,0.11379632117114527
1022,472,1494,0.11384420764308983
1016,478,1494,0.11387007203363236
1017,472,1489,0.11390883444191488
1021,481,1502,0.1139418622581267
1019,484,1503,0.11396391443389838
1019,486,1505,0.11398877499233757
1023,483,1506,0.1140130134452702
1027,485,1512,0.11402532605147664
1019,490,1509,0.11402784486557631
1015,488,1503,0.11404896763698798
1010,483,1493,0.11407719903040338
1010,487,1497,0.11411359418297551
1006,480,1486,0.11414700820374062
1009,481,1490,0.11418658174883672
1020,477,1497,0.11421616231325368
1027,476,1503,0.11421788269168733
1027,476,1503,0.11420222736821768
1019,480,1499,0.11418790686331294
1018,480,1498,0.11419472940454327
1033,476,1509,0.11420327242512761
1023,478,1501,0.11417468383008117
1023,474,1497,0.11417080715377603
1026,474,1500,0.11416740863627262
1026,481,1507,0.1141580529231602
1019,486,1505,0.1141489694349557
1011,481,1492,0.11415574879210878
1009,481,1490,0.11418088101245491
1012,490,1502,0.11420899343336938
1012,488,1500,0.11422866763569285
1003,493,1496,0.11424710959454842
990,497,1487,0.11428470454324405
1002,490,1492,0.11435107976045017
1004,491,1495,0.11438314939416651
998,498,1496,0.11440869902181952
1004,494,1498,0.1144454099172848
1005,493,1498,0.11446544972537456
1003,491,1494,0.11448435506949174
1004,488,1492,0.11450644572146235
1005,477,1482,0.11452458410050341
1005,488,1493,0.11453964555668118
999,498,1497,0.11455419500130333
998,507,1505,0.11458070446864836
995,501,1496,0.11460794524379243
1001,502,1503,0.11463995798959797
1002,501,1503,0.11465444815511973
1003,501,1504,0.11466624278736876
1000,498,1498,0.11467520621672747
993,498,1491,0.114691450546843
998,503,1501,0.11472281946529851
1000,506,1506,0.11473861475036777
999,504,1503,0.11474668509394079
994,495,1489,0.11475675649246149
999,493,1492,0.11477738666630297
994,498,1492,0.11478551430097465
998,508,1506,0.11480583786479338
995,513,1508,0.11481484014073168
992,513,1505,0.1148294526763856
995,513,1508,0.11484933691504164
999,508,1507,0.11485930903729479
998,495,1493,0.11485975170058932
1008,502,1510,0.11486215654835032
1005,508,1513,0.1148400650295456
999,508,1507,0.11482722020401996
990,508,1498,0.11483040845182237
982,513,1495,0.1148562422795074
998,523,1521,0.11489900902427397
992,526,1518,0.11490177084747298
988,528,1516,0.11491945544050647
977,530,1507,0.11494541813254802
978,527,1505,0.11499475030968749
968,528,1496,0.11503854869463673
959,528,1487,0.11510390042546322
961,533,1494,0.11518539429714274
972,530,1502,0.11525542105530046
974,526,1500,0.11529445306072215
976,534,1510,0.11532699070391952
975,528,1503,0.11535244833031666
976,529,1505,0.11537790027553313
985,523,1508,0.11539919212166821
987,528,1515,0.11539786836362163
988,523,1511,0.1153914596233733
979,520,1499,0.11538333501657076
970,528,1498,0.11539916782402178
979,529,1508,0.11543571330192265
964,536,1500,0.11544575253847271
959,533,1492,0.11549089080718204
957,532,1489,0.1155447376649115
960,535,1495,0.11559956594361631
952,529,1481,0.1156418473863572
947,533,1480,0.11569864759298946
952,530,1482,0.11576209990348856
951,532,1483,0.11580953540071028
954,544,1498,0.11585614033406959
951,551,1502,0.11589360671285483
949,559,1508,0.11593670511516777
945,556,1501,0.11598179997973712
943,561,1504,0.11603213118869621
942,560,1502,0.11608362748205987
937,561,1498,0.11613464677014046
954,553,1507,0.11619271434402254
942,553,1495,0.11620669338267976
941,557,1498,0.11624865018948033
930,566,1496,0.11628946339429819
925,571,1496,0.1163533615038109
924,572,1496,0.11642446245553646
924,571,1495,0.11649165079375862
926,570,1496,0.11655469898322793
925,571,1496,0.11660781692187357
922,574,1496,0.11666001418127198
926,579,1505,0.11671566095361213
921,584,1505,0.11675824118795582
928,576,1504,0.11680870693750699
936,572,1508,0.11683826316198602
933,574,1507,0.11684662787971367
936,582,1518,0.11686172560657651
934,583,1517,0.11686705145693636
920,580,1500,0.11687671725267805
924,573,1497,0.11691865862117648
920,573,1493,0.11694907396989532
915,579,1494,0.11698702297313943
918,572,1490,0.11703433537408
920,582,1502,0.1170696902525194
912,584,1496,0.11709882089943253
915,589,1504,0.11714460613146839
916,597,1513,0.11718086652256023
913,598,1511,0.11721106838212741
916,601,1517,0.11724804832713484
913,600,1513,0.11727542415674265
918,597,1515,0.11730876576166313
912,589,1501,0.11732850510722448
923,587,1510,0.11735893357702999
923,587,1510,0.11736149616588694
927,584,1511,0.1173643461451125
924,587,1511,0.11735762308297243
926,584,1510,0.11735975134197632
924,587,1511,0.11735737898211536
926,585,1511,0.11735952672070292
910,587,1497,0.11735781326896494
901,590,1491,0.11739438455357916
908,594,1502,0.1174489119601887
900,588,1488,0.11748112124745588
900,587,1487,0.11753007449123487
898,592,1490,0.11757404798946741
906,593,1499,0.1176186901661522
904,582,1486,0.11764128250903148
904,586,1490,0.11766695620760143
901,586,1487,0.11769337232302454
903,599,1502,0.1177231713907953
908,604,1512,0.11774722472490151
904,602,1506,0.1177569941099214
907,602,1509,0.11777548318316225
902,596,1498,0.11778651890810404
916,600,1516,0.11780678871714415
913,603,1516,0.11779148648570584
909,608,1517,0.11778554387644062
915,601,1516,0.11778887932068063
919,598,1517,0.11777797893198054
910,600,1510,0.11775672375947038
922,594,1516,0.11776013084124384
918,595,1513,0.1177340031589734
915,591,1506,0.11771909707335972
915,594,1509,0.11771242502566459
917,595,1512,0.11770618657042543
924,595,1519,0.1176930099679426
925,598,1523,0.11766454068322041
911,594,1505,0.11763697217970806
913,592,1505,0.11764602410327506
907,584,1491,0.11764944187272076
908,587,1495,0.11766642862349878
906,593,1499,0.11768027330159668
904,589,1493,0.11769707295711498
895,585,1480,0.11771820554122202
901,590,1491,0.11775626233998641
897,596,1493,0.11777658759689841
899,599,1498,0.11780627746765816
900,604,1504,0.11782851551862245
898,600,1498,0.11784713473093593
893,591,1484,0.11786646050978308
899,596,1495,0.11789587245522902
901,598,1499,0.11791083378703153
901,594,1495,0.11791886548684037
901,599,1500,0.11792551733175535
896,603,1499,0.11793107318897281
898,609,1507,0.11794702665077672
907,604,1511,0.1179575772167563
901,599,1500,0.1179455729109356
905,600,1505,0.1179484482728526
908,593,1501,0.11794204280664557
911,593,1504,0.11792975724035436
904,600,1504,0.1179103663897915
907,600,1507,0.11790978337061628
905,604,1509,0.11790101269913317
894,600,1494,0.1178959374877227
890,599,1489,0.11791794571729222
886,599,1485,0.11794817698548847
899,588,1487,0.11798495775959025
903,601,1504,0.11798886550142726
903,606,1509,0.11798155832032353
895,597,1492,0.11797627386521928
896,597,1493,0.11799075034051876
889,597,1486,0.11800145944521087
892,608,1500,0.11802741480355242
906,605,1511,0.11804424073188638
905,598,1503,0.11802769044012437
900,598,1498,0.11801632852560495
909,602,1511,0.11801664598865019
905,595,1500,0.11799484273020568
904,607,1511,0.11798378978893533
897,600,1497,0.11797536199957402
900,598,1498,0.11798384445735208
902,597,1499,0.11798230331381573
903,606,1509,0.11797688157805186
901,601,1502,0.11796953347939794
901,595,1496,0.11796765738567327
904,600,1504,0.1179648553448449
900,589,1489,0.11795466975280144
901,582,1483,0.11795312366762131
892,591,1483,0.11794853831115212
899,603,1502,0.11796442712795262
891,612,1503,0.117963011944612
885,606,1491,0.11798328448611091
891,601,1492,0.11801683675239079
898,611,1509,0.1180333310638828
901,614,1515,0.1180307750899974
892,615,1507,0.11802029804331278
895,622,1517,0.11803165500639476
898,619,1517,0.11803648324239882
904,615,1519,0.11803428256983295
906,605,1511,0.11801859455194907
902,604,1506,0.11799882060369286
900,601,1501,0.11799082599922692
889,609,1498,0.11798775500973076
874,594,1468,0.11801042764567587
885,584,1469,0.11806700488156883
888,580,1468,0.11809244981890521
894,598,1492,0.11810839999709472
896,605,1501,0.11811040439400132
898,601,1499,0.11810756006703599
897,605,1502,0.11810067757668968
890,615,1505,0.11809818039633246
882,624,1506,0.1181135803322579
882,630,1512,0.11814849643742167
899,630,1529,0.11817883901490234
895,625,1520,0.11816498339990336
895,616,1511,0.11816198416557612
901,622,1523,0.11816044327913844
897,617,1514,0.11814301235922649
894,618,1512,0.11813588119090497
895,614,1509,0.11813731377773211
907,614,1521,0.1181341973974105
906,616,1522,0.1181049571536234
898,616,1514,0.11808030423516726
897,620,1517,0.1180767142317723
901,621,1522,0.11807557876498585
897,628,1525,0.11806486611251846
901,621,1522,0.1180638020171942
895,625,1520,0.11805333551870742
899,613,1512,0.11805870802886165
890,619,1509,0.11805309394537904
894,620,1514,0.11806856483436588
880,624,1504,0.11807411942250404
880,620,1500,0.11811491902819217
881,625,1506,0.11815288862625949
881,620,1501,0.11818529309073819
885,623,1508,0.11821552906024348
875,625,1500,0.11823451121163839
871,621,1492,0.11827518210210851
875,632,1507,0.11832288368393709
876,631,1507,0.11835806582609648
868,636,1504,0.11839013077104348
872,630,1502,0.11844047062129633
873,632,1505,0.11847892950913952
860,635,1495,0.11851155957054126
859,646,1505,0.11857348293116107
864,640,1504,0.11863304065632495
866,648,1514,0.1186776652951361
868,652,1520,0.11871413073695634
874,651,1525,0.11874427086787304
868,649,1517,0.1187585018659923
866,657,1523,0.11878826692507946
859,660,1519,0.11881871635521321
865,662,1527,0.11886460231868128
854,661,1515,0.11889273000918879
842,661,1503,0.11894387340260955
853,657,1510,0.1190207928158895
846,653,1499,0.11906623220816277
844,658,1502,0.11912634834262896
842,664,1506,0.11918524003860974
832,670,1502,0.11924466130325741
830,666,1496,0.1193233032720161
840,666,1506,0.11940198459322834
818,663,1481,0.11945037069354736
820,672,1492,0.11954668940275581
828,679,1507,0.1196313002203502
827,685,1512,0.11969024531126168
839,682,1521,0.11974699660884333
845,679,1524,0.1197705082761736
841,678,1519,0.11977854698662505
839,677,1516,0.11979538921868953
834,675,1509,0.11981559284096015
833,675,1508,0.1198463527742318
836,676,1512,0.11987797463121165
840,671,1511,0.11990095656359218
842,663,1505,0.11991232708384497
842,667,1509,0.11991739299658147
827,676,1503,0.11992189328099755
834,666,1500,0.11996142591745691
841,671,1512,0.1199803880666367
839,680,1519,0.1199811039406768
828,678,1506,0.11998827840455427
820,680,1500,0.12002227191026751
821,686,1507,0.12007293797736057
823,683,1506,0.12011714185397207
829,687,1516,0.120151851358921
825,693,1518,0.12017134642835817
823,685,1508,0.12020026674298265
814,683,1497,0.12023185204768588
826,684,1510,0.12028206963863243
831,687,1518,0.1202989691260205
820,684,1504,0.12030272053825747
823,682,1505,0.12033204269744985
820,685,1505,0.12035260879764673
808,689,1497,0.12037857671770809
811,696,1507,0.120430629125293
804,685,1489,0.12047330546258618
806,684,1490,0.12052999950453906
804,682,1486,0.12057824664072583
812,694,1506,0.12062741370692388
802,704,1506,0.12065432000933204
807,694,1501,0.1207049754501454
803,694,1497,0.12073860063776803
804,699,1503,0.12078009762941865
809,700,1509,0.1208182537191589
806,701,1507,0.12083925384240578
801,703,1504,0.12086533090448735
803,709,1512,0.12090282332349427
812,714,1526,0.12093306741187707
806,715,1521,0.1209390854656035
800,707,1507,0.12095937987704372
802,700,1502,0.12099344293951839
814,715,1529,0.12101941508303671
806,705,1511,0.12101310112622038
806,699,1505,0.1210275721708462
816,696,1512,0.1210428529830675
809,706,1515,0.12103284528172843
805,712,1517,0.121040312303175
810,707,1517,0.12105769212427507
806,707,1513,0.12106218064989903
805,703,1508,0.12107767366274924
795,711,1506,0.12109545148284157
800,697,1497,0.12113765865087359
814,694,1508,0.12116247854438886
813,691,1504,0.12115157643547927
806,699,1505,0.12114329906791661
806,696,1502,0.12115243754401477
800,689,1489,0.12115909356357565
805,699,1504,0.12117969806823604
806,693,1499,0.1211863329486656
800,692,1492,0.12119037983288156
803,700,1503,0.12120765998801268
797,701,1498,0.12121638618155568
810,698,1508,0.1212403605804921
806,695,1501,0.1212335411787096
805,691,1496,0.12123530646610807
796,694,1490,0.12123949665177719
794,692,1486,0.12126539622947564
803,705,1508,0.1212944652753605
802,697,1499,0.1212986639303768
799,690,1489,0.12130474617615356
803,693,1496,0.12131861548331017
816,699,1515,0.12132094915258537
808,696,1504,0.12129242175360971
810,698,1508,0.12128396051525059
800,694,1494,0.12127264831235922
802,700,1502,0.12128621753398963
799,701,1500,0.12129348850753552
789,692,1481,0.12130789914294404
782,688,1470,0.12134561076438341
789,697,1486,0.12139872699686213
787,697,1484,0.12143158628706335
787,699,1486,0.12146707404206232
796,702,1498,0.12149928667644516
803,696,1499,0.12150617272568102
796,708,1504,0.12149489757535034
791,719,1510,0.12150300712946688
795,724,1519,0.12152352904815
798,718,1516,0.1215330899383401
791,722,1513,0.1215353653175966
788,725,1513,0.12155485057849479
792,724,1516,0.12158069425154107
793,714,1507,0.12159690472805497
777,718,1495,0.12161034780876082
784,715,1499,0.1216630729788303
789,715,1504,0.12169343332953828
784,730,1514,0.12170940526796628
781,725,1506,0.1217361643508897
774,716,1490,0.12176761306180456
770,722,1492,0.12181305233478285
767,721,1488,0.12186549373099048
767,731,1498,0.12192175177762639
767,730,1497,0.12197433662279736
777,733,1510,0.12202344657583994
774,737,1511,0.12204610084645034
767,737,1504,0.1220752129491325
765,740,1505,0.12211915626794465
777,739,1516,0.12216531136370284
774,752,1526,0.12218219211319693
772,754,1526,0.1222053862626633
769,746,1515,0.12223232616588887
762,744,1506,0.1222639461771625
762,752,1514,0.12231034928175262
763,756,1519,0.12235587522271624
754,751,1505,0.12239652084650345
761,747,1508,0.12245811655146514
761,754,1515,0.12249973708335257
757,754,1511,0.12253922450386406
763,761,1524,0.12258772612611675
761,761,1522,0.12261879108747074
760,758,1518,0.1226521220884087
765,766,1531,0.12268666507174597
747,764,1511,0.12270556343453762
741,763,1504,0.12276666954290551
746,767,1513,0.12283826741619619
740,770,1510,0.12289458585489815
747,765,1512,0.1229609809050865
745,767,1512,0.12300699940284467
737,769,1506,0.12305412894259429
735,762,1497,0.12311812268703665
738,773,1511,0.12318359298382674
738,773,1511,0.12323694446509346
740,765,1505,0.12328607209293786
745,751,1496,0.1233255307434099
740,758,1498,0.12335142680379091
742,757,1499,0.1233886927844456
751,761,1512,0.12341647230891102
743,761,1504,0.12342092963312194
744,767,1511,0.1234466024714131
737,771,1508,0.1234684690510576
736,780,1516,0.12350683592801083
740,776,1516,0.12354570917346198
736,777,1513,0.1235708963158956
737,771,1508,0.12360287840620937
741,773,1514,0.12362896829091237
744,768,1512,0.12364341296316778
749,773,1522,0.12364954330734447
741,780,1521,0.1236443770453112
731,771,1502,0.12366093660055695
717,773,1490,0.12369978921429377
727,773,1500,0.12376929273811216
728,778,1506,0.12380798467507927
716,776,1492,0.1238400945852873
713,778,1491,0.12389958248734462
718,774,1492,0.1239623754122889
715,777,1492,0.12400838681165428
722,779,1501,0.1240600004189077
727,773,1500,0.12408939754606552
727,786,1513,0.12410370200907135
724,789,1513,0.12411635772622692
709,784,1493,0.12413660602560421
709,779,1488,0.12419378167872214
714,787,1501,0.12424778542998016
713,783,1496,0.1242855579874623
706,789,1495,0.12432390680945028
719,784,1503,0.12437591549113267
712,790,1502,0.1243930427069228
711,789,1500,0.12442456348780105
723,788,1511,0.12445748893676807
718,779,1497,0.12445949128595936
715,784,1499,0.12447358424495347
707,796,1503,0.12449441676300597
699,801,1500,0.12453330017426646
696,806,1502,0.12458907604437126
699,814,1513,0.12464761905518555
695,805,1500,0.12469640002916868
690,805,1495,0.12475310586117835
693,805,1498,0.12481804953772514
690,816,1506,0.12487244878658654
699,820,1519,0.12493172866064253
707,824,1531,0.12496523354952396
700,818,1518,0.12497618350043319
691,819,1510,0.1250040686807408
688,820,1508,0.125052062684332
679,815,1494,0.12510360836144888
677,814,1491,0.1251741159604162
685,822,1507,0.12524462192600605
678,816,1494,0.12529146462548887
682,818,1500,0.1253527325737639
679,831,1510,0.12540188024717305
675,830,1505,0.12545452613368713
685,815,1500,0.12551180880281185
682,817,1499,0.1255388943936061
691,818,1509,0.12556985431132398
685,817,1502,0.12557739183686764
688,824,1512,0.1256003446522453
689,817,1506,0.1256154496892064
683,821,1504,0.1256289233318619
675,822,1497,0.1256535188419377
680,828,1508,0.1256960381952413
676,827,1503,0.12572298645784266
676,835,1511,0.12575829451917866
663,837,1500,0.1257930547619254
673,832,1505,0.12585511413718756
670,826,1496,0.12588801992904097
666,826,1492,0.12592949850978727
651,844,1495,0.12597803194988252
656,845,1501,0.12605845323204112
655,847,1502,0.1261182118089108
657,843,1500,0.1261767367463326
656,848,1504,0.1262253656201696
649,844,1493,0.12627408917524144
644,843,1487,0.12633733492089547
658,841,1499,0.12640705915255449
650,839,1489,0.12643741145959086
655,841,1496,0.12648609426957458
654,841,1495,0.1265168992045333
651,847,1498,0.1265494968990561
653,840,1493,0.12658683783479488
654,843,1497,0.12661547248521324
648,840,1488,0.12664171265497276
658,835,1493,0.12668418968025993
656,839,1495,0.12669758732398664
645,843,1488,0.12671525412470344
647,839,1486,0.12675833275386406
649,837,1486,0.12679294235566752
652,843,1495,0.12681896270459403
663,839,1502,0.1268362161979374
668,831,1499,0.1268269414857985
678,834,1512,0.1268059189333568
675,839,1514,0.12676234325448527
674,838,1512,0.1267303063723841
667,831,1498,0.12670261616127998
670,838,1508,0.12669589391590552
674,843,1517,0.12668337109828226
676,835,1511,0.12666267379970594
673,846,1519,0.12663551346863008
668,845,1513,0.12661749925452567
662,848,1510,0.1266132588905892
663,846,1509,0.1266238166367028
663,841,1504,0.12663135138517298
656,852,1508,0.12663914426441977
664,851,1515,0.12666484328452088
658,834,1492,0.12666568557827074
647,834,1481,0.12667996823682226
649,831,1480,0.12671925044524993
649,840,1489,0.12675260972914562
648,846,1494,0.12678459505435138
653,851,1504,0.12681794676361652
658,859,1517,0.12683685613334247
651,858,1509,0.12684291584357468
649,864,1513,0.12686471454739923
655,857,1512,0.12688937595549518
654,849,1503,0.12689729019957371
650,839,1489,0.1269047153169269
646,846,1492,0.12692208503632954
652,859,1511,0.12694819423661236
653,863,1516,0.1269587745233351
650,860,1510,0.12696706256285364
647,860,1507,0.1269831447976136
652,863,1515,0.1270067471280652
647,852,1499,0.12701832729584905
646,854,1500,0.12704232452798186
640,859,1499,0.12706819461033472
643,864,1507,0.12710606415846334
644,867,1511,0.1271327549293988
638,857,1495,0.12715683513373688
636,857,1493,0.12719399182794355
631,875,1506,0.12723525895435706
638,867,1505,0.127284831372528
643,871,1514,0.12731426103651614
635,874,1509,0.12733020022401978
645,879,1524,0.1273649206280576
647,880,1527,0.1273729238586321
639,872,1511,0.1273782280424175
641,881,1522,0.12740272428238633
641,883,1524,0.12741981394022178
648,872,1520,0.12743422393438433
649,873,1522,0.12743065136021836
650,878,1528,0.12742516506556212
644,873,1517,0.1274189887490678
640,872,1512,0.1274304750412541
643,866,1509,0.12745098910381583
637,860,1497,0.12746363203722924
631,872,1503,0.12749126623207166
631,880,1511,0.12753260611608777
621,879,1500,0.12757134857890284
614,882,1496,0.12763220150796895
615,883,1498,0.1277068208358497
611,891,1502,0.12777274731793029
617,894,1511,0.12784435283434395
615,891,1506,0.12789630014355677
605,875,1480,0.12795058727989736
611,874,1485,0.12802770053276966
615,885,1500,0.12808454740269465
611,887,1498,0.12812668773624247
594,892,1486,0.1281745377056132
598,897,1495,0.1282622458860982
589,905,1494,0.12833452616305197
590,913,1503,0.1284230962270277
593,907,1500,0.12850214821397812
592,893,1485,0.12857032593833798
593,891,1484,0.1286354753780069
597,900,1497,0.12869027535909897
596,907,1503,0.12873173942098506
607,904,1511,0.12877504573602944
604,894,1498,0.12878775894154143
608,903,1511,0.12880684600332165
598,905,1503,0.12881392234699648
605,910,1515,0.12884470472327592
608,908,1516,0.128855815735448
605,912,1517,0.12885678074131227
602,906,1508,0.12886483039748242
593,898,1491,0.12887957721202753
591,908,1499,0.12891408359554193
599,893,1492,0.12895180472935414
595,906,1501,0.1289651615876488
592,907,1499,0.12898829248171506
584,910,1494,0.12901657292104793
584,917,1501,0.12906295960234557
586,912,1498,0.12910541622616292
592,929,1521,0.12913939321763948
596,920,1516,0.12915642814463119
590,919,1509,0.12916171704820834
581,911,1492,0.12918354915842822
584,912,1496,0.12922561064405122
593,908,1501,0.12925604464572774
586,915,1501,0.1292620668213498
591,913,1504,0.129286033487027
590,914,1504,0.12929581828702966
594,916,1510,0.1293076433880615
591,916,1507,0.12930748320205965
591,919,1510,0.12931461593217267
592,917,1509,0.12932214887996213
581,910,1491,0.12932755159942155
568,920,1488,0.1293607888816582
574,921,1495,0.12942388781468092
578,928,1506,0.1294678700781162
578,926,1504,0.12950030003820373
586,917,1503,0.12953162281905875
584,915,1499,0.12954043358227044
580,917,1497,0.12955385849376672
577,920,1497,0.1295753539637541
578,921,1499,0.12960197173332466
580,928,1508,0.12962477464790212
567,932,1499,0.12964031727146025
571,934,1505,0.12968677536299078
575,931,1506,0.129720186950978
568,934,1502,0.12974091680718988
575,925,1500,0.12978003641075245
584,933,1517,0.12979855642684313
571,936,1507,0.12979375573146268
575,945,1520,0.12982145483602373
574,946,1520,0.1298366956160724
577,952,1529,0.12985393183458174
578,944,1522,0.12986256597798412
577,940,1517,0.12986890734794274
571,936,1507,0.1298777221785955
571,940,1511,0.1299021768100945
568,931,1499,0.1299240582740972
569,940,1509,0.1299506531319102
561,941,1502,0.12997372452268025
559,942,1501,0.13001568662785054
563,946,1509,0.1300601442632276
559,953,1512,0.13009005735691112
564,950,1514,0.1301276396401651
566,954,1520,0.13014992482201854
563,954,1517,0.13016682441010297
564,957,1521,0.13018998897385228
574,959,1533,0.13020941221818078
569,950,1519,0.13020268715029307
560,951,1511,0.13021003899448355
566,943,1509,0.13024019791599206
568,930,1498,0.1302540430136901
570,930,1500,0.13026299926141047
575,928,1503,0.13026326997754276
567,937,1504,0.13024999528080447
573,932,1505,0.1302578381474647
571,936,1507,0.13024900238414233
578,938,1516,0.1302451644097805
578,939,1517,0.1302222215224476
578,930,1508,0.13020003135443667
583,924,1507,0.13017960291571956
584,916,1500,0.13014862120448384
579,925,1504,0.13011755848467255
575,928,1503,0.1300994238436808
575,923,1498,0.13009124003777792
574,929,1503,0.13008363887975333
575,931,1506,0.13007812790003256
579,938,1517,0.13007143551896183
573,933,1506,0.13005479141417378
562,936,1498,0.13005394458939723
567,944,1511,0.1300816289188481
571,942,1513,0.13009388047038065
574,940,1514,0.13009298921879808
564,947,1511,0.13008478029645226
574,952,1526,0.13010479674006367
575,956,1531,0.13009769235210442
571,955,1526,0.13008729982825679
571,951,1522,0.1300877912018813
572,951,1523,0.13008834542957165
572,938,1510,0.13008653338425616
566,932,1498,0.1300846947281788
571,928,1499,0.1300969317358181
569,933,1502,0.13009518049423405
570,943,1513,0.13009793559331845
566,945,1511,0.13009772692256166
572,940,1512,0.13010710755207863
568,937,1505,0.13010123974431967
564,933,1497,0.1301063237351155
568,931,1499,0.1301195955432953
574,923,1497,0.13012358855565867
573,923,1496,0.1301132977325951
574,937,1511,0.13010589204267783
567,935,1502,0.13009601820548095
575,935,1510,0.1301058678898089
576,940,1516,0.13009327150547192
573,938,1511,0.13008175119719603
577,930,1507,0.13008144361946639
579,932,1511,0.13007087561468453
575,923,1498,0.1300550529578767
576,930,1506,0.13004831742871825
574,930,1504,0.13004080506365262
577,941,1518,0.1300389480953174
574,940,1514,0.13002894740317558
580,952,1532,0.13002603713522112
579,942,1521,0.13000827182801583
572,938,1510,0.12999532484688853
565,943,1508,0.13000035778545427
566,936,1502,0.1300245339227119
561,940,1501,0.130043296113577
562,947,1509,0.13007156574899867
556,947,1503,0.13009756571981243
560,937,1497,0.13013606857015986
558,949,1507,0.13016030464728648
545,947,1492,0.1301900521329963
542,945,1487,0.13025062914123084
541,948,1489,0.13031293504904132
552,957,1509,0.1303749096722539
555,951,1506,0.13040512307528862
557,947,1504,0.13042430731288512
555,949,1504,0.13043810646790865
557,948,1505,0.13045559413303265
557,951,1508,0.1304659609156276
557,951,1508,0.13047552054614234
557,946,1503,0.13048382566682712
555,949,1504,0.1304929456578507
558,949,1507,0.1305060577187812
554,954,1508,0.13051064815616187
560,962,1522,0.13052446608618104
567,951,1518,0.1305232087820525
563,956,1519,0.13050554375397172
554,958,1512,0.13050014973007631
546,957,1503,0.13051945416300548
546,962,1508,0.13055851514537845
548,949,1497,0.13059293348157375
553,934,1487,0.13062075003968665
548,949,1497,0.1306339141606812
549,953,1502,0.1306591371008561
547,958,1505,0.1306823026996403
553,960,1513,0.13070792701921183
552,957,1509,0.13071854465387397
552,951,1503,0.13073078593985932
559,956,1515,0.13074398245543054
555,951,1506,0.1307393741572466
547,957,1504,0.13074548534128475
553,961,1514,0.13077009699939096
544,958,1502,0.13077760490282705
543,952,1495,0.13080895182315722
543,955,1498,0.130840387397853
548,971,1519,0.13086972769833358
547,967,1514,0.13088352963922906
547,969,1516,0.13089792341563164
555,968,1523,0.1309104245466938
563,975,1538,0.1309029522673092
552,961,1513,0.13087632020234133
543,968,1511,0.13087776172185023
546,972,1518,0.1309006321318632
541,971,1512,0.13091450376727323
540,974,1514,0.1309403529012843
539,972,1511,0.1309667021270372
542,964,1506,0.13099165204340948
543,973,1516,0.13100643294396788
532,960,1492,0.13101761990463
535,970,1505,0.13105493169038812
532,972,1504,0.13108121595720143
534,981,1515,0.13111418893432386
539,978,1517,0.13113850336354307
541,976,1517,0.13114933875371734
530,983,1513,0.13115527595271692
542,981,1523,0.1311886541618935
540,984,1524,0.13118934182124023
546,980,1526,0.13119636355431413
542,978,1520,0.13118682600613654
541,987,1528,0.13118883879375612
537,978,1515,0.13119410500414222
532,979,1511,0.1312082632027755
535,974,1509,0.13123471015811236
532,970,1502,0.1312505336260357
528,960,1488,0.13127334422090814
531,970,1501,0.13130198030232837
533,973,1506,0.13132077419761448
527,972,1499,0.1313325263875074
529,980,1509,0.13135819684122876
532,979,1511,0.1313774540283131
525,980,1505,0.13138886036769545
522,979,1501,0.1314185344995079
522,982,1504,0.13145329304365697
525,987,1512,0.13148489842649697
526,980,1506,0.13150734007262632
521,968,1489,0.13152649424237428
527,979,1506,0.13155736759626876
529,971,1500,0.1315707905470963
525,972,1497,0.13157739133056964
520,987,1507,0.13159426231507473
521,979,1500,0.13162218444266643
524,978,1502,0.13164804630357335
526,985,1511,0.13166514163388066
527,975,1502,0.1316761493794037
522,974,1496,0.13168470295505513
524,974,1498,0.13170600860266776
525,975,1500,0.1317199876203509
530,983,1513,0.13173036277616784
532,984,1516,0.13172729446814258
529,984,1513,0.1317201640728195
534,988,1522,0.13172158323318772
523,990,1513,0.1317102863523684
521,991,1512,0.1317281873972391
521,997,1518,0.1317504662800545
530,996,1526,0.1317685906411951
521,997,1518,0.1317620449620672
513,989,1502,0.131779100479595
512,997,1509,0.1318161409806619
503,1001,1504,0.1318545957791896
507,1007,1514,0.13191560964714133
512,1007,1519,0.13196067554081842
510,1001,1511,0.1319907044718078
510,999,1509,0.13202190246273676
505,994,1499,0.1320510890280721
504,1014,1518,0.13209094726827406
518,1015,1533,0.13213184423834023
519,1012,1531,0.13213353177643092
516,1009,1525,0.13213442735020364
505,1012,1517,0.13214504944709843
510,1001,1511,0.13218146558979021
499,1002,1501,0.13220316965233173
498,1004,1502,0.13225093304602187
493,1022,1515,0.1322957093434739
490,1018,1508,0.13234931650672255
485,1009,1494,0.13240788155293073
477,1006,1483,0.13247540328996144
483,1011,1494,0.13255959604124487
480,1008,1488,0.13262357315341342
481,1001,1482,0.1326912361432679
484,1012,1496,0.1327501530879682
485,1020,1505,0.1327956469760125
486,1027,1513,0.1328374687933459
492,1030,1522,0.13287402994508102
492,1030,1522,0.13289052292386433
494,1016,1510,0.1329070167496298
491,1018,1509,0.13291829896343793
481,1025,1506,0.13293558444605125
482,1025,1507,0.1329776677633968
482,1030,1512,0.13301536864286567
478,1038,1516,0.1330488585461396
475,1040,1515,0.1330893159022994
474,1035,1509,0.13313404596971035
476,1045,1521,0.13317953154403353
476,1032,1508,0.1332175407700019
484,1030,1514,0.13325140297381438
477,1028,1505,0.13326215273822725
478,1031,1509,0.13329090510785202
473,1042,1515,0.13331522925071015
469,1037,1506,0.13334867285811075
468,1042,1510,0.1333871867775431
473,1045,1518,0.13342624853386983
472,1038,1510,0.13344936465930513
474,1033,1507,0.13347448301293968
475,1035,1510,0.1334930479558572
473,1037,1510,0.13350790395750325
474,1049,1523,0.13352742067154322
480,1054,1534,0.133541861648015
477,1048,1525,0.1335415149569744
468,1039,1507,0.1335497071388484
466,1035,1501,0.13358180153200602
458,1031,1489,0.13361544977739453
458,1050,1508,0.13366639282684978
460,1052,1512,0.13371466641081955
457,1046,1503,0.13375379085734995
462,1042,1504,0.13379965538234964
465,1055,1520,0.1338289695881428
467,1056,1523,0.1338484493808267
461,1044,1505,0.13386228893542992
469,1038,1507,0.13389140731676716
464,1043,1507,0.13389817728391779
466,1038,1504,0.1339168184249517
458,1043,1501,0.1339276457164849
463,1040,1503,0.13396056945595294
476,1038,1514,0.1339806580807451
471,1033,1504,0.13396570647365924
468,1036,1504,0.13396468298881242
473,1036,1509,0.1339727547295764
472,1039,1511,0.13396777119061493
466,1027,1493,0.13396626866232744
465,1030,1495,0.13398058679299044
472,1026,1498,0.13399643974093967
470,1039,1509,0.13399177111912755
470,1038,1508,0.13399283476344231
470,1050,1520,0.1339939320917026
467,1051,1518,0.13399517992953672
465,1041,1506,0.13400376954130078
464,1045,1509,0.13401610766982727
464,1045,1509,0.13403078918177033
468,1046,1514,0.13404479980185566
474,1049,1523,0.13404924895254064
471,1058,1529,0.13403626432142765
464,1052,1516,0.13403314803293542
459,1053,1512,0.1340475398157604
458,1055,1513,0.1340732074018593
455,1055,1510,0.13409986791503362
448,1054,1502,0.13413411062673955
453,1065,1518,0.13418412733916243
459,1059,1518,0.13421666495566117
459,1056,1515,0.13423219025606795
457,1055,1512,0.1342465690271837
460,1057,1517,0.1342658591555736
447,1060,1507,0.13427861598935412
449,1069,1518,0.13432558913677703
450,1065,1515,0.13436375303312917
446,1072,1518,0.13439683446442335
446,1059,1505,0.13444044006615932
440,1058,1498,0.13448262900725555
443,1057,1500,0.13453793472245315
441,1060,1501,0.13458055903081473
444,1058,1502,0.13462391664414958
450,1061,1511,0.13465792307456198
450,1050,1500,0.134673832087156
447,1068,1515,0.13468929652514183
444,1066,1510,0.1347126514556556
446,1061,1507,0.13474167493401906
445,1074,1519,0.13476462504268277
437,1080,1517,0.13478936034449301
436,1072,1508,0.134833329669534
426,1083,1509,0.134877350167431
425,1081,1506,0.13494270936165143
433,1070,1503,0.13500524882864187
427,1075,1502,0.13504304356085237
422,1074,1496,0.13509437230562696
426,1069,1495,0.1351551087926291
432,1080,1512,0.1352012205620685
432,1079,1511,0.13522902047415514
430,1090,1520,0.1352554942493074
435,1091,1526,0.1352838401482282
429,1076,1505,0.13529724953630692
435,1075,1510,0.13532715335289375
437,1064,1501,0.13533887569646544
435,1065,1500,0.13534539963302866
433,1080,1513,0.13535578054954192
421,1094,1515,0.13537115718434511
425,1089,1514,0.13541587116915055
422,1092,1514,0.1354478917829648
420,1096,1516,0.13548557328969996
413,1100,1513,0.1355260009183793
415,1099,1514,0.13557972019853526
402,1097,1499,0.13562557870919878
405,1089,1494,0.13570187339098186
409,1095,1504,0.1357643152758267
405,1086,1491,0.13581181139621104
403,1089,1492,0.13586660531958925
402,1098,1500,0.13592322098795562
405,1098,1503,0.1359779668288914
401,1096,1497,0.1360197850632135
409,1096,1505,0.13606925956084578
413,1099,1512,0.1360932604948397
407,1090,1497,0.1361075965635023
406,1096,1502,0.13613654450115675
404,1113,1517,0.13616567415116568
405,1110,1515,0.13619692424624005
403,1104,1507,0.13622395402212212
404,1097,1501,0.1362549578783455
407,1081,1488,0.1362805139846594
401,1082,1483,0.13629707873112168
392,1099,1491,0.13632841677183777
396,1111,1507,0.1363823662699474
397,1111,1508,0.13642262182986578
399,1117,1516,0.13645641907143297
395,1109,1504,0.13648212818436686
395,1115,1510,0.13651587080688707
394,1113,1507,0.1365465166375074
391,1118,1509,0.13658022799493563
385,1127,1512,0.1366201090901545
391,1123,1514,0.1366738486939885
392,1126,1518,0.1367079374357193
387,1123,1510,0.13673566037749876
388,1132,1520,0.13677529825388718
372,1126,1498,0.136811196349292
366,1137,1503,0.13688732096083794
363,1146,1509,0.1369740080241545
367,1147,1514,0.13706284591129292
368,1158,1526,0.1371365537641604
368,1154,1522,0.13720193968008845
369,1150,1519,0.1372623714820312
370,1151,1521,0.13731610861110657
378,1147,1525,0.13736431016471268
380,1150,1530,0.13738968916314373
371,1160,1531,0.13740885300748992
370,1150,1520,0.13745067349203932
366,1142,1508,0.13749157164886927
369,1150,1519,0.13754114623058378
372,1142,1514,0.13757887742275915
365,1142,1507,0.13760674396886965
367,1147,1514,0.13765072054901242
363,1134,1497,0.1376872928265286
363,1143,1506,0.1377312404270834
364,1136,1500,0.1377718069589109
371,1135,1506,0.13780604749595343
373,1139,1512,0.13781993036151688
371,1147,1518,0.13782754831907965
379,1148,1527,0.13783906445116265
380,1144,1524,0.13782855131918675
380,1134,1514,0.13781848600831292
379,1135,1514,0.1378094313603309
381,1135,1516,0.1378030509897874
375,1138,1513,0.13779360045338587
370,1143,1513,0.1377989589044734
377,1146,1523,0.13781627521278325
373,1134,1507,0.13781377193858832
377,1124,1501,0.1378226607319339
372,1119,1491,0.13781971109324645
377,1118,1495,0.13783180106581508
371,1127,1498,0.137832756494071
369,1132,1501,0.1378495435829362
367,1129,1496,0.1378702274432897
370,1128,1498,0.13789520283777307
369,1123,1492,0.13791077233625423
372,1130,1502,0.13792925724709457
373,1141,1514,0.1379389048675847
373,1145,1518,0.13794550893463856
374,1140,1514,0.13795151513320736
367,1142,1509,0.1379562477432673
368,1144,1512,0.13797884808270094
367,1142,1509,0.13799717934254524
367,1137,1504,0.13801710556781255
364,1135,1499,0.13803407718570035
363,1135,1498,0.1380577336544302
363,1142,1505,0.13808288293177712
371,1140,1511,0.13810724889368775
370,1144,1514,0.13810951286927578
368,1147,1515,0.13811397698035593
367,1143,1510,0.13812406367679178
364,1150,1514,0.13813695877647883
360,1141,1501,0.1381555884583926
354,1146,1500,0.138183171962781
360,1150,1510,0.13822410640356952
356,1162,1518,0.13824614731221396
355,1164,1519,0.13827660795872634
357,1163,1520,0.1383080437037424
354,1161,1515,0.13833203313623202
355,1164,1519,0.13836208976486472
354,1159,1513,0.13838773581472602
350,1170,1520,0.1384150360350461
345,1163,1508,0.13845188722880505
348,1171,1519,0.1384989512658607
345,1167,1512,0.13853624228453912
344,1163,1507,0.13857897879935002
356,1169,1525,0.13862110201185623
356,1164,1520,0.1386290980573187
357,1162,1519,0.13863694062073606
353,1157,1510,0.13864146964441024
355,1163,1518,0.13865440875793583
349,1168,1517,0.13866190136752127
348,1171,1519,0.13868419595372752
345,1165,1510,0.13870736806880948
347,1153,1500,0.13873651474377185
345,1161,1506,0.13875880265554588
346,1160,1506,0.1387842554889984
345,1165,1510,0.1388065886067255
347,1171,1518,0.1388295357248036
346,1166,1512,0.1388471099012394
346,1167,1513,0.13886579106831337
337,1165,1502,0.13888091779353307
334,1175,1509,0.13891946507299383
341,1186,1527,0.13896218538570637
338,1176,1514,0.13898310067592923
330,1172,1502,0.13901032914283065
339,1183,1522,0.13905582418562157
333,1168,1501,0.13907387943915833
334,1175,1509,0.13910524406476188
337,1175,1512,0.13913094644388843
340,1179,1519,0.13914720122324964
340,1184,1524,0.1391538786352662
337,1182,1519,0.1391604773095169
333,1175,1508,0.13917508559210148
332,1161,1493,0.13920137872319724
329,1162,1491,0.1392265348354296
325,1173,1498,0.13925774337029573
322,1167,1489,0.13929635652594283
332,1172,1504,0.13933961779004353
333,1182,1515,0.1393541178119747
332,1188,1520,0.13936511818825095
335,1189,1524,0.13937838580679623
332,1194,1526,0.1393839317737091
328,1191,1519,0.13939716082476974
328,1182,1510,0.13942027179509264
327,1175,1502,0.13944121428230782
330,1167,1497,0.13946345693201584
325,1173,1498,0.13947468454300713
328,1177,1505,0.13949896378674098
326,1189,1515,0.13951323435861623
327,1181,1508,0.13953005084571107
324,1185,1509,0.13954326887505245
324,1194,1518,0.13956379491216644
325,1191,1516,0.13958169842752205
329,1180,1509,0.13959526557745772
324,1172,1496,0.13959886881622088
327,1183,1510,0.1396145944969731
326,1196,1522,0.13962242061701224
318,1192,1510,0.13963215066648801
321,1196,1517,0.1396627046306089
318,1200,1518,0.13968371644020103
316,1195,1511,0.13971032290417557
307,1197,1504,0.13974061809837335
314,1192,1506,0.1397909912799521
314,1196,1510,0.1398212606135998
310,1205,1515,0.13984924786582326
306,1214,1520,0.13988739391960484
301,1214,1515,0.13993338898869834
305,1204,1509,0.13998893814970714
307,1202,1509,0.14003018427265984
304,1208,1512,0.1400634066956165
304,1203,1507,0.14010356098557142
306,1201,1507,0.1401415296220487
305,1200,1505,0.14017101713692923
303,1210,1513,0.14020164442599475
308,1220,1528,0.14023483288976524
307,1224,1531,0.1402530488942949
308,1221,1529,0.1402737889728397
300,1214,1514,0.14029088232407222
290,1209,1499,0.14032832334165074
293,1205,1498,0.140389359471981
293,1198,1491,0.14043815243734342
298,1191,1489,0.14048265652805775
297,1201,1498,0.140509873323383
292,1209,1501,0.14053796664097354
287,1227,1514,0.1405766631646442
284,1231,1515,0.14062557482624913
283,1226,1509,0.14068036553182778
283,1219,1502,0.14073462216748872
286,1229,1515,0.14078569645066757
281,1219,1500,0.1408251288965334
290,1203,1493,0.14087528144487052
286,1207,1493,0.14089730493622174
283,1220,1503,0.140928988542592
280,1216,1496,0.1409663874460398
285,1199,1484,0.14100949541410082
292,1205,1497,0.1410358034046371
287,1214,1501,0.1410422068933311
285,1218,1503,0.1410621394137329
285,1224,1509,0.14108584554847553
286,1221,1507,0.14110903043703715
289,1219,1508,0.14112756577977964
284,1229,1513,0.14113786392844052
279,1234,1513,0.14116180811368256
274,1242,1516,0.14119823569679008
270,1236,1506,0.1412454156570017
266,1228,1494,0.1413003987520171
270,1248,1518,0.14136163179103112
267,1253,1520,0.1414087801490097
267,1248,1515,0.14146089642509196
269,1247,1516,0.1415095691740718
264,1251,1515,0.14154967197219964
263,1260,1523,0.1415999550188777
265,1257,1522,0.14164928863950318
271,1257,1528,0.1416900897710608
266,1253,1519,0.14171309631771756
266,1245,1511,0.14174854599349426
266,1243,1509,0.14178118591911637
263,1249,1512,0.14181140780194412
268,1247,1515,0.14184772363166384
265,1228,1493,0.1418679571901232
261,1237,1498,0.1418952077384403
253,1236,1489,0.1419310438884473
256,1233,1489,0.14198473824280222
258,1245,1503,0.14202762384629916
260,1243,1503,0.14206142872217462
256,1257,1513,0.142086980945606
255,1244,1499,0.14212224459403927
242,1243,1485,0.1421583195743819
243,1249,1492,0.1422269979122773
242,1269,1511,0.14228925396487868
235,1276,1511,0.14234992950795466
238,1269,1507,0.1424256945792939
236,1282,1518,0.1424883074706934
236,1275,1511,0.14255235151405013
237,1276,1513,0.14261185758458084
232,1276,1508,0.14266444311065046
240,1277,1517,0.1427267671762676
239,1275,1514,0.14276356713354907
241,1278,1519,0.14280036224088782
243,1258,1501,0.142828669122089
241,1259,1500,0.14284912804058367
241,1268,1509,0.14287331845238158
241,1284,1525,0.14289578192937732
242,1273,1515,0.14291572770675878
233,1275,1508,0.14293282457904233
233,1267,1500,0.14297322634580584
235,1261,1496,0.14301123581101285
240,1267,1507,0.1430411004819413
237,1280,1517,0.14305505586489095
233,1288,1521,0.14307661563812166
230,1289,1519,0.14310825137638417
230,1287,1517,0.14314533339067903
230,1284,1514,0.14318029341072208
223,1286,1509,0.14321359480670043
217,1289,1506,0.14326411360406663
214,1278,1492,0.1433274028417194
214,1279,1493,0.14339487016112185
213,1293,1506,0.14345828798423477
206,1303,1509,0.1435195729208611
205,1291,1496,0.1435946877280455
209,1293,1502,0.14366650569669034
204,1298,1502,0.14372278535694943
204,1299,1503,0.1437895406358706
209,1317,1526,0.1438523608337217
208,1298,1506,0.14389837190485355
204,1306,1510,0.14394387948953097
203,1303,1506,0.1439976587659812
207,1306,1513,0.14404958134843718
210,1303,1513,0.14408765008012525
208,1313,1521,0.14411604342391074
207,1308,1515,0.1441482026751293
207,1322,1529,0.14418106277946857
202,1310,1512,0.14421083210455662
202,1301,1503,0.144252340718872
202,1309,1511,0.1442908082186358
201,1305,1506,0.14432626783237412
207,1315,1522,0.14436196204890903
204,1315,1519,0.14437814700371127
203,1313,1516,0.14440178650071553
201,1328,1529,0.144425757162604
206,1320,1526,0.14445351424569253
204,1309,1513,0.14446655835060565
199,1327,1526,0.14448552734932893
194,1329,1523,0.14451635066917515
196,1321,1517,0.14455763038561126
195,1318,1513,0.14459161750834762
198,1319,1517,0.14462551540079405
198,1313,1511,0.14464969979045494
199,1314,1513,0.1446722874445195
194,1318,1512,0.14469101069787285
193,1321,1514,0.1447230803065816
193,1331,1524,0.14475552381344625
191,1326,1517,0.14478470682863162
186,1336,1522,0.14481723103356453
187,1321,1508,0.1448612791508446
188,1327,1515,0.14489850926046408
187,1326,1513,0.14493059182545232
191,1322,1513,0.14496292651204376
192,1331,1523,0.14498188955206484
189,1328,1517,0.14499691322062885
184,1328,1512,0.14501949223469507
193,1322,1515,0.14505387529530764
198,1315,1513,0.1450612196656194
202,1322,1524,0.14505317651636715
202,1317,1519,0.14503438950615624
199,1325,1524,0.14501699837861476
199,1313,1512,0.14500911829221586
200,1318,1518,0.14500146879163445
194,1328,1522,0.1449921138789046
189,1327,1516,0.14500083067206532
186,1334,1520,0.14502242943966062
190,1337,1527,0.1450512794484936
192,1333,1525,0.14506702963807086
192,1326,1518,0.1450759615411537
193,1326,1519,0.1450837310952645
191,1324,1515,0.14508855909422258
188,1322,1510,0.1450996030638552
190,1322,1512,0.14511882841740925
190,1322,1512,0.1451310834266323
187,1322,1509,0.14514212626409798
189,1327,1516,0.14516092283974408
189,1330,1519,0.1451732403126817
184,1330,1514,0.14518477211270958
183,1327,1510,0.14520967210830774
186,1326,1512,0.14523568171242368
185,1323,1508,0.14525196230426535
185,1329,1514,0.1452691449559053
187,1324,1511,0.14528485926935522
188,1337,1525,0.14529380711146417
185,1337,1522,0.1452995544116135
186,1335,1521,0.14531344425811857
187,1339,1526,0.14532349196504096
185,1337,1522,0.145330448506007
181,1334,1515,0.14534246678161375
182,1330,1512,0.14536457490329124
183,1332,1515,0.1453829394611592
185,1332,1517,0.14539672092656453
181,1328,1509,0.1454036228090563
184,1332,1516,0.14542000405701747
188,1338,1526,0.1454269965604038
190,1334,1524,0.14542249604653526
191,1337,1528,0.14541255429468902
188,1344,1532,0.1454009495265673
188,1333,1521,0.14539866751538777
189,1333,1522,0.1453971295218513
191,1321,1512,0.14539376839498902
191,1331,1522,0.14538475719090416
186,1335,1521,0.14537645896611745
182,1324,1506,0.14538346191818557
183,1326,1509,0.14540132491008362
186,1331,1517,0.14541534526360045
186,1326,1512,0.14541994259091087
183,1321,1504,0.14542460494282092
186,1324,1510,0.14543768664029286
183,1325,1508,0.14544192201915757
187,1331,1518,0.14545399551939062
183,1323,1506,0.14545417748758274
180,1339,1519,0.14546458385957894
181,1332,1513,0.14548326187795765
181,1328,1509,0.14549765069356635
185,1336,1521,0.1455111816653834
182,1341,1523,0.14551254194068403
188,1337,1525,0.145521955460121
185,1332,1517,0.14551534947007036
183,1335,1518,0.1455183762276483
183,1329,1512,0.1455272935278282
184,1328,1512,0.1455359163740886
183,1329,1512,0.14554105235328196
181,1330,1511,0.14554836953287936
178,1337,1515,0.1455606645601317
171,1348,1519,0.14557955318918148
172,1340,1512,0.14561641145373994
175,1342,1517,0.14564772562051392
173,1339,1512,0.14566837326912616
175,1339,1514,0.14569254924508962
168,1339,1507,0.14570964085912447
169,1343,1512,0.14574529857054433
169,1346,1515,0.1457759908099273
168,1350,1518,0.14580364563987525
170,1332,1502,0.14583223357842948
171,1336,1507,0.1458527335961105
171,1353,1524,0.1458690190363996
171,1360,1531,0.14588409247871506
172,1365,1537,0.14589854805649544
165,1362,1527,0.14590891279815885
164,1346,1510,0.14593826186217587
166,1351,1517,0.1459689879486749
164,1349,1513,0.14599166362263247
164,1357,1521,0.1460185539094032
159,1348,1507,0.1460432831633089
155,1356,1511,0.1460806063365029
157,1366,1523,0.14612602624747506
160,1359,1519,0.1461627447314698
162,1354,1516,0.1461883795356646
159,1360,1519,0.14620711386272808
159,1363,1522,0.14623407067749436
165,1359,1524,0.14625964227781205
164,1365,1529,0.14626630829812487
162,1369,1531,0.1462758035135346
163,1361,1524,0.1462906524667884
162,1353,1515,0.14630139628595076
165,1350,1515,0.14631376238377516
165,1348,1513,0.14631710530725447
166,1351,1517,0.14631944218778875
163,1347,1510,0.14631929091298093
162,1358,1520,0.14632781649886284
162,1360,1522,0.14633859813802885
160,1352,1512,0.146348826803209
160,1345,1505,0.14636343722449235
162,1357,1519,0.14637743358014216
163,1349,1512,0.14638406782831392
160,1341,1501,0.14638836009596146
161,1339,1500,0.14640111690821167
162,1348,1510,0.146409640458678
159,1356,1515,0.14641490510738783
160,1357,1517,0.14642847316262717
165,1364,1529,0.1464383923175817
161,1351,1512,0.1464332105852694
159,1360,1519,0.14644009326963983
154,1357,1511,0.14645224917319943
154,1360,1514,0.14647776956962802
156,1350,1506,0.14650203824188812
153,1357,1510,0.1465196305690499
150,1360,1510,0.14654509749088673
154,1355,1509,0.14657730316894052
152,1367,1519,0.1465957798280897
153,1360,1513,0.146618798019333
149,1362,1511,0.14663732569460877
148,1366,1514,0.14666568232940336
146,1367,1513,0.14669538462301063
146,1370,1516,0.14672901305984315
146,1372,1518,0.14676011571575465
146,1375,1521,0.146789459698772
146,1362,1508,0.14681694406102339
143,1357,1500,0.14684299559170128
144,1358,1502,0.14687572485106173
143,1349,1492,0.14690368119025426
143,1360,1503,0.1469324487092938
142,1357,1499,0.1469596557205942
142,1361,1503,0.14698777740715027
148,1363,1511,0.14701418658726995
144,1370,1514,0.1470214625324574
147,1364,1511,0.14703941691330968
146,1364,1510,0.14704784689572506
146,1358,1504,0.14705848934932134
150,1367,1517,0.14706833508724199
149,1378,1527,0.14706592607882954
146,1371,1517,0.14706638039524367
147,1383,1530,0.147074780514655
144,1377,1521,0.14707968678832078
147,1367,1514,0.14709220014519947
149,1366,1515,0.14709542287283978
146,1366,1512,0.1470924368433654
145,1367,1512,0.14709768718288227
143,1368,1511,0.1471057683500236
142,1379,1521,0.1471188631447785
140,1380,1520,0.14713462991269474
142,1376,1518,0.14715602886539858
141,1385,1526,0.1471705091009185
137,1394,1531,0.14718684847368496
138,1384,1522,0.1472133585330528
140,1378,1518,0.14723475854757628
142,1381,1523,0.1472488288709075
143,1377,1520,0.1472559994376856
140,1369,1509,0.14726057404962145
144,1367,1511,0.147274120316964
142,1362,1504,0.14727559630742224
138,1360,1498,0.1472834941132573
143,1367,1510,0.14730297855836333
145,1376,1521,0.14730673492779767
143,1382,1525,0.1473042562995716
146,1381,1527,0.14730772592643457
151,1372,1523,0.1473024755631416
148,1373,1521,0.14728337441278794
144,1374,1518,0.14727438712642754
148,1374,1522,0.1472776475246383
142,1369,1511,0.14726881157219107
145,1372,1517,0.14727762595929353
147,1357,1504,0.14727709038068615
147,1366,1513,0.14727036554502987
142,1384,1526,0.14726401966321348
141,1381,1522,0.1472724932294676
140,1377,1517,0.147282755195861
142,1365,1507,0.14729514167844127
143,1371,1514,0.14730087167011915
146,1370,1516,0.14730370068964796
146,1354,1500,0.1472979505336653
147,1358,1505,0.14729264686597715
147,1361,1508,0.1472852114666368
146,1364,1510,0.1472783366475349
150,1371,1521,0.14727442954586029
151,1375,1526,0.14725961331448492
151,1373,1524,0.14724364310681232
148,1356,1504,0.14722904345503274
147,1341,1488,0.14722349772149276
146,1350,1496,0.14722117118333153
141,1352,1493,0.14722159837852086
144,1356,1500,0.14723550930746254
147,1376,1523,0.1472396128180049
149,1375,1524,0.14723497949151176
148,1373,1521,0.14722539397009973
145,1369,1514,0.14721892154887656
144,1369,1513,0.14722181856730227
143,1364,1507,0.14722737175858433
140,1367,1507,0.1472353353396411
143,1367,1510,0.14725087685010135
145,1374,1519,0.14725704677409582
148,1360,1508,0.14725729105893953
144,1358,1502,0.14724915547745154
144,1365,1509,0.14725306744576933
147,1365,1512,0.1472569406852806
144,1359,1503,0.1472512285809387
145,1353,1498,0.14725447411463297
153,1358,1511,0.14725419767528897
155,1357,1512,0.14723129192769072
155,1340,1495,0.14720408295728424
157,1355,1512,0.14717855612001757
154,1358,1512,0.14714941520670088
155,1364,1519,0.14713104313430939
153,1372,1525,0.14711132213766642
152,1369,1521,0.14709919379399403
157,1371,1528,0.14708999380427382
155,1368,1523,0.14706751416559083
157,1357,1514,0.14705278852123166
158,1364,1522,0.14703340970749187
159,1372,1531,0.14701249607681022
159,1361,1520,0.14699017074350096
158,1367,1525,0.1469689033650949
160,1359,1519,0.14695174320684448
158,1365,1523,0.14693017658451432
155,1347,1502,0.1469164778016247
155,1351,1506,0.14691229012941143
158,1355,1513,0.1469081641299045
155,1348,1503,0.14689648174755338
157,1340,1497,0.14689437593662089
162,1346,1508,0.14688613753079138
165,1355,1520,0.14686426875862696
164,1363,1527,0.14683520357625376
164,1369,1533,0.14681097283719896
161,1350,1511,0.14678871705596802
161,1347,1508,0.14677631719048642
162,1358,1520,0.1467642554835251
153,1356,1509,0.14675067918730642
158,1353,1511,0.14676256507622024
161,1359,1520,0.14675864036314498
158,1359,1517,0.146745859472745
159,1368,1527,0.14674173635608775
160,1374,1534,0.14673498942020985
159,1369,1528,0.14672565021625036
156,1366,1522,0.14671998473179101
153,1353,1506,0.1467229913040826
158,1342,1500,0.14673389130094347
154,1347,1501,0.1467299484277761
158,1363,1521,0.1467374945936228
161,1364,1525,0.14673323579170694
160,1363,1523,0.14672080816406954
158,1368,1526,0.14671247062875623
157,1362,1519,0.14670967196394044
155,1360,1515,0.14671020973883053
156,1354,1510,0.14671629360388747
157,1359,1516,0.14671852050660758
157,1369,1526,0.14671774110802357
158,1354,1512,0.14671753480584449
164,1341,1505,0.14671422075665222
162,1339,1501,0.14669448091503695
160,1352,1512,0.1466830975677489
160,1345,1505,0.14667852102905868
160,1341,1501,0.1466742037319449
157,1346,1503,0.14666991751457087
156,1353,1509,0.14667485936528646
154,1355,1509,0.14668285875602
154,1356,1510,0.14669640947149679
149,1367,1516,0.14670963485822447
145,1357,1502,0.1467354669169256
147,1370,1517,0.14677086790863192
147,1373,1520,0.14679811325571188
152,1370,1522,0.1468224966940622
153,1365,1518,0.14683134457582883
153,1362,1515,0.14683734075386073
152,1368,1520,0.14684366800721363
153,1379,1532,0.14685270431536632
151,1375,1526,0.14685820989788118
150,1366,1516,0.14686919983490193
148,1382,1530,0.14688244633608108
151,1373,1524,0.14690003529350112
149,1369,1518,0.1469081609931002
151,1350,1501,0.14692118086531028
151,1340,1491,0.1469284408683866
149,1354,1503,0.14693527435272818
145,1364,1509,0.14694759407921482
145,1370,1515,0.14697003088740132
146,1370,1516,0.14699124350299647
144,1372,1516,0.14700848170563036
144,1367,1511,0.1470298335554884
143,1375,1518,0.1470497809597974
139,1369,1508,0.14707108290184084
137,1383,1520,0.14710199038262498
133,1386,1519,0.1471366013599081
137,1383,1520,0.14718013222404136
138,1384,1522,0.1472096279173938
134,1375,1509,0.14723487725044584
138,1375,1513,0.14726935644940903
140,1369,1509,0.1472901423232581
142,1369,1511,0.14730407941128187
142,1361,1503,0.14731175551429182
142,1368,1510,0.14731919171130559
140,1365,1505,0.1473261844908486
139,1364,1503,0.14733840563929027
143,1363,1506,0.14735236545486585
141,1373,1514,0.14735350667043623
145,1359,1504,0.14735971731633749
146,1362,1508,0.14735464655806013
146,1371,1517,0.1473479092187641
148,1369,1517,0.14734131450275723
147,1369,1516,0.147329802949151
140,1352,1492,0.14732144919799928
140,1359,1499,0.1473339378364056
140,1348,1488,0.14734572831962428
140,1353,1493,0.1473560810234287
140,1360,1500,0.14736532222062884
145,1363,1508,0.147373922007603
146,1355,1501,0.1473683533978884
146,1347,1493,0.14736016294612095
146,1347,1493,0.14735294917347683
152,1362,1514,0.14734653998700675
148,1346,1494,0.14732353429167533
150,1370,1520,0.14731320706746534
148,1362,1510,0.14729811792770625
149,1372,1521,0.14728930973678853
139,1368,1507,0.14727802932944856
144,1357,1501,0.14729625035664562
143,1351,1494,0.147299201228892
147,1352,1499,0.14730501111535818
143,1361,1504,0.14729915180225764
147,1361,1508,0.1473049327149711
148,1362,1510,0.14729941579657602
151,1360,1511,0.14729183210535118
150,1359,1509,0.1472762468938557
150,1352,1502,0.1472648682955498
149,1349,1498,0.1472543611432657
149,1358,1507,0.14724695547142552
148,1373,1521,0.14723936543566693
146,1376,1522,0.14723479520261906
144,1365,1509,0.14723636453927036
142,1367,1509,0.14724309648038644
144,1357,1501,0.1472549805100925
144,1370,1514,0.1472603173472262
142,1384,1526,0.14726524514390518
144,1381,1525,0.14727547069314673
142,1364,1506,0.14727938940463925
142,1371,1513,0.14728882451574604
143,1385,1528,0.1472975004735832
146,1364,1510,0.14730264825759007
145,1368,1513,0.1472993202339627
141,1383,1524,0.14729911778973184
142,1397,1539,0.147310076857886
141,1394,1535,0.14731752225464498
139,1389,1528,0.14732672282227532
141,1374,1515,0.14734106144165313
141,1368,1509,0.1473491201643399
139,1376,1515,0.14735652439251876
142,1380,1522,0.1473690197862163
141,1376,1517,0.14737222167381261
140,1380,1520,0.147377700040121
142,1386,1528,0.1473855187501443
140,1393,1533,0.14738751246584386
139,1386,1525,0.14739537555702723
136,1367,1503,0.14740551814990205
133,1372,1505,0.1474237819939893
135,1374,1509,0.14744935434706374
134,1369,1503,0.1474667948796296
133,1362,1495,0.14748641439520052
135,1370,1505,0.14750743028933416
134,1382,1516,0.14752123541069334
132,1385,1517,0.14753664119933077
130,1377,1507,0.14755654099902557
133,1377,1510,0.14758055195270736
131,1382,1513,0.14759487865862483
126,1385,1511,0.14761431839789357
126,1389,1515,0.14764675724620993
126,1380,1506,0.14767705693603744
124,1391,1515,0.14770527759990254
122,1381,1503,0.1477370947398849
120,1386,1506,0.14777290789704764
118,1386,1504,0.14781240639038792
120,1385,1505,0.14785502402938935
120,1399,1519,0.14788900034284166
118,1400,1518,0.1479208532016209
121,1408,1529,0.14795619317391584
118,1408,1526,0.14798046696130782
119,1410,1529,0.14801156245608574
120,1407,1527,0.14803795584789425
118,1409,1527,0.1480603136587108
114,1396,1510,0.14808710149800597
117,1387,1504,0.14812332886073662
117,1390,1507,0.1481487166460009
117,1384,1501,0.1481722159438203
117,1393,1510,0.14819398893997912
117,1401,1518,0.14821468997530815
110,1399,1509,0.14823392130302218
109,1409,1518,0.1482715755373258
108,1396,1504,0.14830964358482523
109,1413,1522,0.1483477441987757
110,1422,1532,0.14837984626230522
110,1427,1537,0.1484073311121169
109,1420,1529,0.14843317557680497
108,1413,1521,0.14846035343827124
105,1429,1534,0.14848850735785601
105,1421,1526,0.14852324679964887
107,1415,1522,0.148555400483569
105,1402,1507,0.14857990273621688
101,1394,1495,0.14860815476244976
97,1399,1496,0.1486465021381027
99,1412,1511,0.14869405603906694
99,1416,1515,0.14873294162798353
98,1414,1512,0.14876908608401496
97,1418,1515,0.1488053909005207
97,1418,1515,0.1488423990653465
95,1428,1523,0.14887690848953164
94,1420,1514,0.14891496879129903
93,1428,1521,0.14895328523045226
93,1429,1522,0.14899186028350844
87,1431,1518,0.14902796390199655
93,1421,1514,0.14907960115100966
94,1422,1516,0.14910999934993907
93,1416,1509,0.1491356315577451
93,1418,1511,0.14916278348614107
96,1424,1520,0.1491880711495675
94,1433,1527,0.14920289246245624
96,1432,1528,0.14922277053169553
98,1430,1528,0.14923521067478568
97,1426,1523,0.1492410095115417
96,1435,1531,0.14924938888065992
96,1442,1538,0.14926029589709358
93,1426,1519,0.1492703874940627
94,1416,1510,0.14928847164968828
92,1410,1502,0.14930255549295188
94,1427,1521,0.14932150813553935
95,1432,1527,0.14933343867761373
91,1419,1510,0.14934139771210453
92,1431,1523,0.14936046964499428
96,1436,1532,0.14937559841852688
94,1428,1522,0.1493781509025059
98,1427,1525,0.14938653647106506
96,1416,1512,0.14938239447061022
98,1425,1523,0.1493847861018814
97,1440,1537,0.149381133264179
92,1420,1512,0.14938077696955976
88,1431,1519,0.14939478113410457
92,1412,1504,0.14941947275859627
94,1418,1512,0.14943077675345265
95,1418,1513,0.14943585409438376
96,1418,1514,0.1494377374661934
96,1409,1505,0.14943712085774447
91,1428,1519,0.14943689183495396
91,1423,1514,0.14945080314355025
94,1408,1502,0.14946398271378175
95,1409,1504,0.1494671156427331
93,1416,1509,0.14946678628888127
90,1429,1519,0.14947262681874168
92,1411,1503,0.14948733570751493
92,1422,1514,0.14949531772369354
97,1413,1510,0.14950255261683942
97,1398,1495,0.14949457150698472
97,1407,1504,0.14948741362329152
97,1419,1516,0.14948129711687155
98,1423,1521,0.14947513748923597
96,1417,1513,0.14946652435525695
98,1420,1518,0.14946476074301476
96,1414,1510,0.1494574777310935
95,1416,1511,0.14945695734145273
94,1410,1504,0.1494593057079814
95,1409,1504,0.1494643863040711
94,1421,1515,0.14946667026049518
95,1405,1500,0.14947163880541883
98,1403,1501,0.14947274819353912
100,1413,1513,0.1494649909800379
100,1402,1502,0.14945238983640866
99,1413,1512,0.14944096203716978
103,1401,1504,0.1494335278131876
101,1408,1509,0.14941485693968992
103,1413,1516,0.14940347551767588
103,1410,1513,0.14938719712783258
100,1423,1523,0.14937172344325567
102,1427,1529,0.1493661177535829
102,1426,1528,0.14935521607674684
99,1417,1516,0.1493450301152202
93,1419,1512,0.14934454974338546
89,1423,1512,0.14936153142855424
91,1416,1507,0.14938872272922146
91,1414,1505,0.14940837719505534
90,1413,1503,0.14942646285962477
92,1408,1500,0.14944642459367855
93,1392,1485,0.1494595017667719
93,1414,1507,0.1494689556623638
92,1424,1516,0.14947820695022293
91,1418,1509,0.14948986062390898
93,1422,1515,0.1495037177924466
93,1420,1513,0.14951059003850353
95,1419,1514,0.14951663897807824
99,1424,1523,0.14951659551965701
97,1434,1531,0.1495050710494918
96,1434,1530,0.14950026123612084
96,1448,1544,0.14949894159252325
95,1439,1534,0.14949781441810184
94,1432,1526,0.14949981675583182
94,1429,1523,0.14950468333305017
89,1413,1502,0.14950924388377737
92,1417,1509,0.149527955682357
92,1419,1511,0.14953667639603416
93,1415,1508,0.14954483292850526
91,1429,1520,0.14954954374999985
89,1432,1521,0.14955953479734235
90,1418,1508,0.149574863731364
87,1411,1498,0.14958617506292485
85,1427,1512,0.1496055801127673
84,1416,1500,0.14962940512842782
84,1425,1509,0.14965471014832743
83,1422,1505,0.1496782874231749
86,1420,1506,0.14970315144508414
86,1417,1503,0.14971746016691495
83,1425,1508,0.14973113658199733
83,1434,1517,0.14975252389829508
83,1427,1510,0.14977239092216535
83,1440,1523,0.14979114922139203
86,1444,1530,0.14980888794727418
86,1442,1528,0.14981661659243228
88,1438,1526,0.14982353221402986
89,1442,1531,0.14982453935948054
85,1425,1510,0.14982278166008264
85,1426,1511,0.14983252283484522
83,1421,1504,0.14984156338306284
83,1428,1511,0.14985595929324988
87,1429,1516,0.14986956777642357
87,1444,1531,0.14987029221314466
87,1434,1521,0.14987105172213688
86,1418,1504,0.14987151204524932
85,1416,1501,0.14987491711202006
83,1412,1495,0.14988130273634984
84,1419,1503,0.1498929265711345
84,1420,1504,0.14990068608215001
81,1423,1504,0.14990738069140527
84,1432,1516,0.14992228838420757
84,1441,1525,0.14992742943381732
85,1440,1525,0.14993210617075475
85,1428,1513,0.14993341587710632
86,1433,1519,0.1499345785894408
84,1439,1523,0.14993275063862935
86,1437,1523,0.1499367818150081
86,1429,1515,0.14993478218088416
87,1415,1502,0.1499328302804871
88,1422,1510,0.1499280825357445
84,1423,1507,0.14992034993400602
87,1425,1512,0.14992454342169587
86,1424,1510,0.14991934385538183
83,1423,1506,0.14991772787685298
83,1422,1505,0.14992474126608982
83,1436,1519,0.1499312955605957
84,1431,1515,0.1499371767755574
84,1428,1512,0.1499397242424951
82,1419,1501,0.14994225204378642
84,1422,1506,0.1499506173307844
82,1420,1502,0.14995268417369098
81,1437,1518,0.149960853437035
83,1430,1513,0.14997165763681303
85,1428,1513,0.14997583539304138
83,1421,1504,0.1499738097797158
83,1421,1504,0.1499781439379513
80,1427,1507,0.1499822702465033
80,1419,1499,0.14999480082231798
82,1432,1514,0.15000658154520483
80,1428,1508,0.15001205050054142
81,1419,1500,0.15002304229682142
81,1422,1503,0.1500304388832294
82,1424,1506,0.15003714684040634
81,1435,1516,0.15004064307262094
79,1442,1521,0.15004657677327846
79,1451,1530,0.1500583277519096
79,1441,1520,0.15006939561634167
80,1440,1520,0.1500799327734118
81,1446,1527,0.1500868377476735
81,1431,1512,0.1500905956988298
80,1430,1510,0.1500939595645933
79,1441,1520,0.15010040276219275
78,1432,1510,0.15010929360570388
77,1434,1511,0.15012080910278217
77,1431,1508,0.15013487439164763
76,1448,1524,0.15014846067264528
76,1438,1514,0.15016410167645863
76,1433,1509,0.1501787980515747
75,1447,1522,0.15019230205804351
73,1458,1531,0.15020793484099015
72,1458,1530,0.15022835797600945
71,1451,1522,0.1502502992555547
74,1450,1524,0.15027352929085017
76,1446,1522,0.15028640909953503
74,1449,1523,0.1502925721369579
76,1439,1515,0.15030418623768996
76,1439,1515,0.15030971274303528
76,1444,1520,0.15031519699851115
74,1449,1523,0.15032057499389967
72,1454,1526,0.15033144828067002
74,1448,1522,0.15034743785525234
75,1443,1518,0.15035650985175375
73,1435,1508,0.1503619918324582
74,1445,1519,0.15037302756770338
72,1451,1523,0.15038048717833885
71,1448,1519,0.15039333946545952
71,1448,1519,0.1504082526117537
73,1438,1511,0.15042227005086886
73,1447,1520,0.15042954355358457
71,1453,1524,0.1504362827282529
71,1440,1511,0.1504484396596138
75,1435,1510,0.15045979593460218
74,1442,1516,0.15045847464799472
75,1441,1516,0.1504602383255219
80,1445,1525,0.15045902541995912
77,1428,1505,0.1504429373612493
76,1438,1514,0.15043703182532606
75,1437,1512,0.15043436369215296
82,1443,1525,0.1504346314888505
82,1450,1532,0.15041413778798884
81,1444,1525,0.15039527116734935
79,1443,1522,0.15038078092660548
76,1451,1527,0.1503730676126049
78,1439,1517,0.15037474265069928
79,1438,1517,0.15037040830650933
76,1452,1528,0.15036326284178492
75,1440,1515,0.15036542167274358
74,1430,1504,0.1503703146258756
75,1432,1507,0.15037770200958575
77,1440,1517,0.15038202031489944
76,1445,1521,0.15038033006627763
74,1434,1508,0.15038175134420995
72,1433,1505,0.15038899570137368
73,1430,1503,0.1504014984227898
72,1436,1508,0.15040984637303872
73,1454,1527,0.15042063286992702
73,1463,1536,0.1504278276405565
71,1456,1527,0.15043458727787054
70,1443,1513,0.1504467899616787
72,1444,1516,0.15046091030186173
71,1445,1516,0.15046807831113226
72,1446,1518,0.15047753743633113
73,1446,1519,0.15048338511355994
71,1435,1506,0.15048596737455555
70,1449,1519,0.1504941732283914
70,1435,1505,0.1505050483438302
71,1444,1515,0.15051536872432875
70,1452,1522,0.15052219462690553
68,1447,1515,0.1505316509400192
69,1446,1515,0.15054655706175993
70,1445,1515,0.15055764210163455
72,1441,1513,0.15056520159419795
73,1435,1508,0.1505664418723761
70,1434,1504,0.15056469454366028
68,1423,1491,0.1505721956622205
69,1428,1497,0.15058526442533743
70,1428,1498,0.15059445773837216
68,1425,1493,0.15059994768554083
66,1439,1505,0.15061113057850842
70,1431,1501,0.15062757356856962
72,1448,1520,0.15063103621088988
71,1452,1523,0.15062834377971537
67,1449,1516,0.15062892038497433
67,1445,1512,0.15064102739181817
66,1457,1523,0.15065224114550013
69,1456,1525,0.15066555263646955
68,1460,1528,0.15066877865695663
69,1455,1524,0.15067484891425534
69,1447,1516,0.15067743755200158
72,1448,1520,0.15067994708217164
69,1459,1528,0.15067368778980664
72,1449,1521,0.1506766430953228
70,1451,1521,0.1506706122076963
68,1436,1504,0.15067093826080444
66,1444,1510,0.15067711790237073
69,1451,1520,0.1506886155056656
70,1441,1511,0.1506902713025763
70,1455,1525,0.15068878889094361
70,1439,1509,0.1506875434483542
72,1444,1516,0.1506864027110596
72,1434,1506,0.15067932745575668
72,1424,1496,0.15067239331207383
71,1439,1510,0.1506655392002578
70,1441,1511,0.15066212634657766
70,1442,1512,0.15066202834370201
72,1454,1526,0.15066209703964126
71,1446,1517,0.1506560214457526
73,1440,1513,0.15065345679054518
73,1444,1517,0.1506452049154743
71,1448,1519,0.1506375721030548
69,1438,1507,0.15063640556596153
68,1437,1505,0.15064124610752805
65,1435,1500,0.15064878116988858
69,1451,1520,0.15066500508786407
70,1466,1536,0.15066816204211725
72,1446,1518,0.15066801942701122
71,1425,1496,0.15066189694025475
71,1441,1512,0.15065900960182976
73,1459,1532,0.1506563008084156
74,1457,1531,0.15064798550837719
75,1460,1535,0.15063731222146032
73,1461,1534,0.15062442441838608
70,1457,1527,0.15061865110305817
72,1456,1528,0.15062241271458454
72,1447,1519,0.15061978543404447
71,1439,1510,0.1506172806566279
72,1443,1515,0.15061803205530258
72,1461,1533,0.15061573823540728
66,1450,1516,0.15061370929978865
65,1450,1515,0.15062948610937316
65,1456,1521,0.1506471268282997
63,1451,1514,0.15066349873809956
60,1458,1518,0.15068444305185102
59,1442,1501,0.1507127364062083
61,1446,1507,0.15074213059287567
61,1453,1514,0.15076353904831766
61,1441,1502,0.15078352003300685
60,1453,1513,0.15080208589463
60,1453,1513,0.1508225634218037
59,1463,1522,0.1508418907048091
61,1467,1528,0.15086309058613956
61,1479,1540,0.15087693148979653
60,1476,1536,0.15088994025637162
57,1470,1527,0.1509050535469689
55,1461,1516,0.15092802425299046
53,1443,1496,0.15095526615780547
52,1437,1489,0.15098666692916307
54,1439,1493,0.1510187666867731
54,1434,1488,0.1510428120887296
56,1429,1485,0.1510653017860869
57,1438,1495,0.15108043295790574
58,1432,1490,0.15109172599886034
56,1443,1499,0.151099312421057
53,1451,1504,0.15111289085621002
53,1469,1522,0.15113468933678414
51,1473,1524,0.15115515830586232
50,1473,1523,0.15118046612604397
51,1476,1527,0.15120737670511125
49,1466,1515,0.1512295034404653
51,1468,1519,0.15125619855050051
50,1462,1512,0.1512752378713876
50,1454,1504,0.1512961759415856
51,1462,1513,0.15131575237592454
49,1472,1521,0.15133099878736725
48,1463,1511,0.15135153387123518
48,1468,1516,0.15137387985140635
47,1468,1515,0.15139482341208219
46,1484,1530,0.15141750363704598
48,1476,1524,0.15144172390594632
47,1467,1514,0.1514582441697618
47,1449,1496,0.15147669920592682
47,1463,1510,0.15149394756936227
44,1471,1515,0.15150971882843323
44,1478,1522,0.15153355267305074
42,1476,1518,0.15155581730173526
40,1474,1514,0.15158243159801413
41,1464,1505,0.15161325814605736
40,1466,1506,0.15163894486901275
41,1458,1499,0.151665948555622
41,1471,1512,0.1516881772048968
40,1488,1528,0.15170903449590042
43,1476,1519,0.15173168866059472
41,1472,1513,0.15174391003606366
41,1482,1523,0.15176145509703448
43,1475,1518,0.1517779162265469
43,1483,1526,0.1517872856776253
41,1483,1524,0.15179611582278804
44,1474,1518,0.15181059766576932
44,1479,1523,0.15181489692163627
43,1470,1513,0.15181901390134048
44,1470,1514,0.15182601662379283
45,1455,1500,0.1518293566648367
47,1467,1514,0.1518292664922371
47,1459,1506,0.1518231516575589
47,1463,1510,0.1518175055329474
47,1465,1512,0.15181235494313017
49,1452,1501,0.15180761181477392
49,1461,1510,0.1517971183284106
48,1461,1509,0.15178736174947915
50,1470,1520,0.15178132428910907
50,1468,1518,0.1517695472563891
49,1475,1524,0.15175857337456453
48,1481,1529,0.15175134216856567
46,1463,1509,0.15174761140875032
47,1460,1507,0.1517503800486419
44,1464,1508,0.15174983270246672
45,1467,1512,0.15175843708857273
45,1470,1515,0.15176329833930402
46,1467,1513,0.15176797776631212
49,1464,1513,0.15176943241999832
49,1472,1521,0.1517618231066974
49,1470,1519,0.1517548163286156
50,1472,1522,0.15174825904834613
49,1461,1510,0.15173900371173427
49,1455,1504,0.15173343152957766
51,1460,1511,0.15172804222193206
49,1463,1512,0.1517170667843652
50,1473,1523,0.15171279868824109
49,1471,1520,0.15170586321924337
48,1459,1507,0.1517024693694128
47,1469,1516,0.15170225898394715
45,1464,1509,0.15170507889080614
45,1463,1508,0.15171369717720684
47,1480,1527,0.15172176194174905
46,1476,1522,0.1517232770791038
46,1473,1519,0.15172781993999485
45,1470,1515,0.15173209063251222
37,1482,1519,0.1517390995048564
38,1474,1512,0.15177010376374162
37,1467,1504,0.15179595524778708
37,1462,1499,0.15182311584375074
36,1479,1515,0.15184858168881968
36,1486,1522,0.1518753654603805
39,1476,1515,0.15190041418389655
40,1473,1513,0.1519147776330954
39,1469,1508,0.15192524786997907
41,1460,1501,0.15193797317178656
42,1463,1505,0.15194388921089574
42,1467,1509,0.1519463371951719
43,1470,1513,0.15194867908135276
43,1459,1502,0.1519479201905477
42,1476,1518,0.1519472563598345
43,1473,1516,0.15194971459488482
42,1471,1513,0.1519490394808305
41,1483,1524,0.15195146466524245
39,1480,1519,0.15195678442899074
41,1474,1515,0.1519679915208746
39,1481,1520,0.15197221179511555
38,1478,1516,0.15198242185286734
38,1479,1517,0.151994999101352
38,1476,1514,0.15200672817262564
37,1479,1516,0.1520176505611727
38,1487,1525,0.15203090426379332
38,1493,1531,0.15204023122643298
38,1480,1518,0.15204900650866482
38,1485,1523,0.15205726488665458
36,1494,1530,0.15206504703697837
36,1485,1521,0.15207833452678785
36,1483,1519,0.1520907904703007
35,1484,1519,0.15210246586143417
36,1488,1524,0.1521164841956825
37,1476,1513,0.1521264554294182
35,1488,1523,0.1521327108494476
35,1486,1521,0.15214483159989167
36,1472,1508,0.15215619624649593
36,1479,1515,0.15216377174777887
35,1474,1509,0.15217090153614288
35,1484,1519,0.1521807154507969
33,1484,1517,0.15218989222412665
33,1488,1521,0.1522045389602168
35,1493,1528,0.15221825821673035
33,1480,1513,0.15222495795292745
32,1474,1506,0.15223745653105708
32,1481,1513,0.15225224287029107
31,1480,1511,0.15226610561007636
32,1490,1522,0.15228218253250092
32,1484,1516,0.152294158705862
34,1469,1503,0.1523054476572763
34,1475,1509,0.15230980764712712
35,1477,1512,0.152313901036162
36,1482,1518,0.15231466596024712
36,1486,1522,0.15231244077927183
35,1488,1523,0.15231037264703726
35,1460,1495,0.15231158540346143
35,1471,1506,0.1523126492374679
37,1477,1514,0.15231363000326753
37,1482,1519,0.15230832797963093
38,1483,1521,0.1523035280111816
37,1486,1523,0.15229589636054186
37,1492,1529,0.15229171620875737
39,1479,1518,0.1522878030412781
39,1470,1509,0.15227788516192825
37,1480,1517,0.1522685778844659
35,1473,1508,0.1522660999417284
36,1472,1508,0.15226987741422332
38,1475,1513,0.15227037129294993
37,1468,1505,0.1522646168421954
37,1465,1502,0.15226237172337842
38,1483,1521,0.1522604443709447
37,1479,1516,0.15225554129775362
37,1456,1493,0.15225407137112693
38,1466,1504,0.15225271146714725
38,1471,1509,0.15224831029993457
35,1464,1499,0.15224419446926965
31,1471,1502,0.15224949336311266
31,1471,1502,0.1522669427599751
31,1470,1501,0.15228321124238978
30,1481,1511,0.15229858921269593
30,1463,1493,0.15231606911681328
30,1463,1493,0.15233244137376192
28,1471,1499,0.15234777540824848
27,1467,1494,0.15236826589738345
29,1478,1507,0.152390567965622
30,1483,1513,0.15240526333587862
28,1471,1499,0.15241592363553885
26,1477,1503,0.15243211745863863
26,1471,1497,0.15245340087374515
26,1487,1513,0.15247340269051912
25,1481,1506,0.15249217450584407
26,1489,1515,0.15251287576064734
26,1485,1511,0.15252917894325282
25,1490,1515,0.152544463836357
24,1499,1523,0.15256190998371857
22,1499,1521,0.1525814152110549
23,1496,1519,0.15260588321141508
23,1493,1516,0.15262559450551427
23,1506,1529,0.1526440571531633
23,1501,1524,0.15266135559142427
23,1489,1512,0.15267756900966614
23,1495,1518,0.1526927696135912
22,1491,1513,0.15270693176636038
22,1485,1507,0.15272342622422203
20,1480,1500,0.15273891375890036
20,1494,1514,0.15275964678167198
22,1497,1519,0.15277915483278512
24,1488,1512,0.15279134179742454
24,1490,1514,0.15279640184705073
25,1486,1511,0.15280117659728398
25,1486,1511,0.15280259973417884
25,1493,1518,0.1528040618403361
25,1495,1520,0.1528054392551161
25,1495,1520,0.15280675062419108
25,1489,1514,0.1528079387852188
26,1499,1525,0.15280895642461595
27,1487,1514,0.1528067835763666
27,1477,1504,0.1528015922941397
28,1480,1508,0.1527967659000202
28,1495,1523,0.15278923475399556
28,1490,1518,0.15278217425180962
27,1489,1516,0.15277560930976433
26,1495,1521,0.15277261586335697
26,1483,1509,0.1527727666021496
25,1475,1500,0.1527729246039631
24,1477,1501,0.15277625416944107
23,1494,1517,0.15278237203960668
24,1488,1512,0.15279123933031713
24,1511,1535,0.15279645159453864
24,1508,1532,0.1528013519397243
26,1511,1537,0.15280594980260687
25,1514,1539,0.15280408762800973
23,1499,1522,0.15280549924211267
24,1506,1530,0.1528131250808502
24,1493,1517,0.1528171069993266
25,1484,1509,0.1528208596207084
23,1473,1496,0.1528212750643477
21,1481,1502,0.15282783414137324
21,1490,1511,0.15284030839205856
22,1489,1511,0.1528519506111405
20,1481,1501,0.15285958057970508
21,1478,1499,0.15287299343204194
22,1482,1504,0.15288246614928952
23,1481,1504,0.1528882702129663
24,1489,1513,0.15289054034863278
23,1490,1513,0.152889502090655
23,1487,1510,0.15289168049689292
22,1499,1521,0.15289373307314333
22,1490,1512,0.15289885223816768
20,1484,1504,0.15290366284166254
19,1488,1507,0.15291444189820472
20,1475,1495,0.1529277378951167
20,1465,1485,0.15293701356140374
21,1477,1498,0.15294574645983527
21,1477,1498,0.15295079152890728
20,1498,1518,0.15295558070664556
22,1483,1505,0.15296324171734832
22,1493,1515,0.15296412688051725
22,1481,1503,0.15296498972993613
23,1478,1501,0.15296582513795326
22,1463,1485,0.15296343351009423
21,1476,1497,0.15296443816330835
21,1491,1512,0.15296859534700405
21,1493,1514,0.15297250337312665
20,1492,1512,0.15297617317599346
20,1485,1505,0.1529827675530265
21,1487,1508,0.15298895383876213
20,1484,1504,0.15299153753211014
20,1487,1507,0.15299708851647378
21,1493,1514,0.15300227080235473
19,1495,1514,0.15300395212712548
19,1495,1514,0.15301189438223783
19,1501,1520,0.1530192955003847
18,1495,1513,0.1530262240127693
18,1508,1526,0.15303576802985588
18,1508,1526,0.1530447670820457
18,1513,1531,0.15305322050798145
18,1519,1537,0.15306115618914884
18,1508,1526,0.15306860437005715
17,1503,1520,0.15307559464653117
17,1496,1513,0.15308531424064703
18,1492,1510,0.15309443550025453
18,1499,1517,0.15309981819196897
18,1487,1505,0.1531049161681558
18,1488,1506,0.15310971432368078
15,1499,1514,0.15311422333775845
14,1493,1507,0.15312801127242104
15,1495,1510,0.15314408807299493
17,1487,1504,0.15315590201385035
16,1488,1504,0.1531605487553336
17,1491,1508,0.15316813772366356
17,1491,1508,0.1531720620276703
17,1485,1502,0.15317574223736552
17,1488,1505,0.153179192112467
18,1488,1506,0.15318242830760093
19,1486,1505,0.15318234650462764
19,1493,1512,0.1531790481310346
19,1492,1511,0.15317597488379076
19,1508,1527,0.15317309634181567
19,1503,1522,0.15317036470107073
18,1501,1519,0.15316779663784735
18,1512,1530,0.15316857016047908
17,1503,1520,0.15316929691871237
16,1505,1521,0.15317314875376944
16,1504,1520,0.15317995909987506
16,1487,1503,0.15318631369547878
17,1485,1502,0.1531922625017428
19,1497,1516,0.15319465429091358
19,1496,1515,0.15319059191072143
21,1495,1516,0.1531867931141069
21,1484,1505,0.15317696966764596
22,1486,1508,0.1531678124220384
22,1485,1507,0.1531560762566838
22,1476,1498,0.15314509965990503
23,1476,1499,0.15313488204164966
24,1490,1514,0.1531223022694652
26,1491,1517,0.15310742044872788
26,1495,1521,0.15308738267472655
26,1483,1509,0.1530686082768501
25,1495,1520,0.15305105132056263
23,1501,1524,0.15303763577993673
22,1495,1517,0.15303137280542278
22,1493,1515,0.1530286240999138
22,1490,1512,0.15302602808231267
23,1491,1514,0.1530235839024534
23,1488,1511,0.15301820318769696
21,1486,1507,0.15301317855046684
20,1494,1514,0.15301463407010127
16,1499,1515,0.15301920921661336
17,1492,1509,0.15303598326383536
18,1502,1520,0.15304850146278987
18,1506,1524,0.15305711128469263
18,1507,1525,0.15306518094096785
19,1512,1531,0.15307274013423797
19,1491,1510,0.15307665196674022
16,1494,1510,0.1530804538886505
16,1503,1519,0.153093537285717
18,1491,1509,0.1531057984317197
18,1502,1520,0.15311094584838625
18,1499,1517,0.15311584923161273
17,1503,1520,0.1531204807584611
16,1499,1515,0.15312799355982146
14,1493,1507,0.15313811592541304
14,1511,1525,0.15315389456126022
13,1510,1523,0.15316868419489477
13,1517,1530,0.15318571870946468
13,1506,1519,0.1532016841388172
13,1509,1522,0.15321665538509832
14,1517,1531,0.15323069988579566
14,1515,1529,0.15324069282627517
14,1501,1515,0.15325007728316353
14,1506,1520,0.15325889137157295
15,1503,1518,0.15326716873429638
15,1498,1513,0.15327168208002026
15,1501,1516,0.1532759595049303
15,1516,1531,0.15327998793874248
15,1524,1539,0.15328380616234544
15,1530,1545,0.15328740606869512
15,1519,1534,0.15329079564664116
16,1516,1532,0.15329398534749408
16,1509,1525,0.15329372727114537
16,1501,1517,0.1532935023453975
15,1506,1521,0.15329330283166012
15,1502,1517,0.15329615112056388
13,1509,1522,0.15329882238501227
13,1505,1518,0.15330763945900613
11,1513,1524,0.15331587146836104
12,1507,1519,0.15332975563903822
12,1519,1531,0.15333960759446846
11,1506,1517,0.15334887425092403
11,1501,1512,0.15336081498151866
11,1507,1518,0.15337202320137464
9,1504,1513,0.15338254586481287
8,1502,1510,0.15339886399173777
7,1504,1511,0.15341739329667853
7,1514,1521,0.15343801683179703
8,1517,1525,0.15345737882441182
8,1521,1529,0.1534723187638053
8,1522,1530,0.15348635287579726
10,1520,1530,0.15349953935752175
10,1520,1530,0.15350560851544384
10,1525,1535,0.15351130336497806
10,1517,1527,0.1535166442476691
9,1512,1521,0.15352165878423318
9,1504,1513,0.1535295916235946
9,1518,1527,0.15353704515633507
9,1517,1526,0.15354404422340917
7,1512,1519,0.15355060906521725
7,1506,1513,0.15356319547328062
6,1511,1517,0.15357502735932518
6,1512,1518,0.1535892939502406
6,1509,1515,0.15360271366420186
6,1506,1512,0.15361533071110572
6,1508,1514,0.15362718909254863
6,1514,1520,0.15363833324889295
6,1513,1519,0.15364880586428772
6,1505,1511,0.15365864737032775
6,1510,1516,0.15366789587600282
6,1517,1523,0.1536765872277862
6,1519,1525,0.15368475511317367
6,1503,1509,0.15369243117756753
6,1504,1510,0.1536996451428123
6,1506,1512,0.15370642492254447
6,1502,1508,0.1537127967323466
7,1508,1515,0.1537187851939531
7,1529,1536,0.15372113036949434
6,1524,1530,0.15372337380939333
6,1519,1525,0.15372875281294887
5,1521,1526,0.1537338039446126
5,1511,1516,0.15374181927592967
5,1516,1521,0.1537493240023862
5,1518,1523,0.15375636729749267
5,1509,1514,0.15376298102658542
5,1518,1523,0.15376919298526157
5,1533,1538,0.15377497350563202
6,1529,1535,0.15378041526261782
6,1536,1542,0.1537822817672481
6,1523,1529,0.15378404669077375
6,1517,1523,0.15378571628056245
7,1516,1523,0.15378729361153964
7,1519,1526,0.15378554002521075
8,1513,1521,0.15378390308647152
8,1498,1506,0.15377914505960033
8,1501,1509,0.1537746925032544
8,1481,1489,0.15377052309770967
7,1488,1495,0.15376661690840776
6,1515,1521,0.1537661644154833
6,1506,1512,0.1537690211918894
6,1513,1519,0.1537717115007368
6,1504,1510,0.15377424303649367
6,1501,1507,0.1537766257885002
6,1502,1508,0.15377886842926397
6,1510,1516,0.15378097901180687
5,1511,1516,0.15378296515663578
5,1511,1516,0.15378812185097984
5,1510,1515,0.15379294750873967
4,1505,1509,0.1537974793020798
4,1504,1508,0.1538049731992122
4,1503,1507,0.15381200296914643
4,1503,1507,0.15381859904509113
5,1514,1519,0.1538247914903645
5,1504,1509,0.15382735947608828
5,1503,1508,0.15382978843662995
5,1496,1501,0.15383208178833901
5,1516,1521,0.1538342437598878
5,1512,1517,0.15383628013677675
5,1526,1531,0.15383819719873393
4,1523,1527,0.15384000132478876
3,1528,1531,0.15384490945322285
3,1514,1517,0.15385273728582877
3,1514,1517,0.15386008752378422
3,1511,1514,0.15386698767149432
3,1520,1523,0.15387346658955647
3,1522,1525,0.1538795513883602
3,1505,1508,0.15388526710606582
3,1522,1525,0.15389063687359097
3,1504,1507,0.15389568213187022
3,1517,1520,0.153900422826572
3,1516,1519,0.15390487756714322
3,1519,1522,0.15390906375434388
4,1523,1527,0.15391299768386027
4,1512,1516,0.15391345520417285
4,1521,1525,0.15391389450822218
4,1526,1530,0.15391431589732513
4,1516,1520,0.15391471786081884
4,1518,1522,0.15391509980172768
4,1527,1531,0.15391546174304363
3,1523,1526,0.15391580409360237
3,1529,1532,0.1539193604297723
3,1515,1518,0.15392270335454694
3,1518,1521,0.1539258421093854
3,1515,1518,0.1539287891327565
3,1515,1518,0.15393155664081473
3,1506,1509,0.15393415604410005
3,1510,1513,0.15393659792184142
3,1509,1512,0.15393889208534964
3,1519,1522,0.15394104765493474
2,1514,1516,0.15394307313054167
2,1508,1510,0.15394823513743008
3,1495,1498,0.15395307735792657
4,1499,1503,0.15395435233143717
4,1529,1533,0.15395227731456804
5,1511,1516,0.15395037709905127
5,1518,1523,0.1539453470218961
5,1527,1532,0.1539406813925774
5,1521,1526,0.15393632312016725
5,1511,1516,0.15393224345994377
5,1512,1517,0.15392842041665555
5,1506,1511,0.1539248354228783
5,1518,1523,0.15392147214504662
4,1512,1516,0.15391831589306249
4,1513,1517,0.15391857405021753
4,1510,1514,0.1539188119159286
4,1506,1510,0.15391902793784468
4,1502,1506,0.15391922596655058
4,1493,1497,0.15391940882171262
4,1506,1510,0.15391957854561808
4,1506,1510,0.15391973666196856
4,1516,1520,0.15391988434391696
4,1508,1512,0.1539200225262505
4,1505,1509,0.1539201519798237
4,1512,1516,0.15392027336027858
4,1520,1524,0.15392038723975404
4,1490,1494,0.1539204941276102
4,1500,1504,0.15392059448414752
4,1510,1514,0.15392068872987769
4,1523,1527,0.15392077725195974
3,1517,1520,0.15392086040881556
5,1522,1527,0.15392417066270497
5,1515,1520,0.15392075911849923
5,1520,1525,0.1539176061526984
6,1516,1522,0.15391466521541566
6,1520,1526,0.15390867099464542
6,1504,1510,0.15390306968564108
6,1514,1520,0.15389782719954861
6,1509,1515,0.15389291461275906
5,1513,1518,0.15388830778959103
5,1503,1508,0.1538872016379392
5,1496,1501,0.1538861468272534
4,1513,1517,0.15388514504514977
4,1514,1518,0.15388743635508972
2,1508,1510,0.15388955212797295
2,1499,1501,0.15389801690620275
2,1505,1507,0.1539059118974701
2,1515,1517,0.15391331015722806
2,1524,1526,0.15392025075684837
2,1511,1513,0.1539267657254709
1,1513,1514,0.15393288331118168
1,1514,1515,0.15394190286311485
1,1523,1524,0.15395037428201205
1,1526,1527,0.15395833031774903
1,1522,1523,0.1539658045569219
1,1528,1529,0.15397282741314558
2,1536,1538,0.15397942680663376
2,1526,1528,0.1539823628033461
2,1520,1522,0.15398512154962773
2,1513,1515,0.15398771574818493
2,1519,1521,0.15399015544242617
2,1511,1513,0.15399244951899832
2,1502,1504,0.15399460633783388
2,1510,1512,0.1539966338439824
2,1506,1508,0.15399853959446627
2,1504,1506,0.15400033076501493
2,1510,1512,0.15400201415380088
2,1506,1508,0.15400359618775913
2,1512,1514,0.15400508293254375
2,1511,1513,0.15400648010549423
2,1515,1517,0.15400779309059986
2,1509,1511,0.15400902695454882
2,1507,1509,0.15401018646317546
2,1508,1510,0.1540112760978352
2,1511,1513,0.15401230007140293
2,1511,1513,0.15401326234371107
2,1510,1512,0.15401416663632297
2,1522,1524,0.15401501644659135
3,1510,1513,0.15401581506098475
3,1506,1509,0.15401328795423105
3,1505,1508,0.1540109288654662
3,1507,1510,0.15400872205792876
3,1509,1512,0.1540066543811524
3,1510,1513,0.15400471536637447
3,1499,1502,0.15400289599096173
3,1516,1519,0.15400118821767436
3,1518,1521,0.15399958476683473
3,1523,1526,0.15399807897501994
2,1516,1518,0.1539966646973362
3,1520,1523,0.15399859877936603
3,1513,1516,0.15399713855940722
3,1513,1516,0.15399577228688172
3,1500,1503,0.15399449259993847
3,1509,1512,0.1539932923437701
3,1512,1515,0.1539921658759795
3,1501,1504,0.15399110827481918
3,1513,1516,0.15399011508932595
3,1516,1519,0.15398918223696836
3,1514,1517,0.1539883059454673
3,1511,1514,0.15398748271234877
2,1518,1520,0.1539867092744831
2,1511,1513,0.15398924370478256
2,1511,1513,0.15399161625367797
1,1515,1516,0.15399383831591598
1,1520,1521,0.1539991769527715
1,1514,1515,0.1540041966737996
1,1514,1515,0.1540089121590229
1,1510,1511,0.15401334167784042
1,1513,1514,0.1540175030083094
1,1509,1510,0.1540214128095757
1,1512,1513,0.15402508661147124
1,1506,1507,0.15402853889285328
1,1523,1524,0.15403178317156582
1,1508,1509,0.15403483208823276
1,1502,1503,0.15403769747957058
1,1509,1510,0.1540403904415081
1,1513,1514,0.15404292138380093
1,1508,1509,0.1540453000779352
1,1503,1504,0.15404753569980262
1,1507,1508,0.15404963686825712
1,1525,1526,0.15405161168034776
1,1515,1516,0.15405346774379253
1,1507,1508,0.15405521220709598
1,1502,1503,0.15405685178760287
0,1508,1508,0.15405839279770855
