1386,27,1413,0.13582123155027329
1415,30,1445,0.13293100190027804
1438,32,1470,0.13021528924403142
1454,33,1487,0.12767748696001838
1455,33,1488,0.1253236860068233
1446,35,1481,0.1231779412485265
1445,33,1478,0.12124701239544036
1451,34,1485,0.11949119372690156
1449,33,1482,0.11787779834853611
1448,34,1482,0.11641381483913511
1450,36,1486,0.11508336905757463
1451,37,1488,0.1138674236592524
1459,41,1500,0.11275783932355644
1463,40,1503,0.11172831188250193
1456,41,1497,0.11078168687066771
1447,41,1488,0.10993642973878157
1456,41,1497,0.10918761710498175
1447,42,1489,0.10848517221695332
1436,43,1479,0.10786623828189743
1447,42,1489,0.10732769316876284
1456,43,1499,0.10681254444496897
1455,43,1498,0.10632312646543408
1450,42,1492,0.10587971025315293
1450,47,1497,0.10548740993068696
1443,46,1489,0.10513015772269724
1440,47,1487,0.10482030591173881
1441,46,1487,0.10454493651338857
1428,47,1475,0.10429196951178703
1420,49,1469,0.10409025810322432
1436,51,1487,0.10392407814072664
1434,53,1487,0.10373726288470292
1437,55,1492,0.10357193046181319
1431,51,1482,0.10341502999306361
1424,53,1477,0.10328525536820077
1432,53,1485,0.10318250195488353
1431,55,1486,0.10307105520144358
1418,54,1472,0.1029719133637466
1415,55,1470,0.1029101078660036
1416,55,1471,0.1028601282214796
1420,55,1475,0.10281246753352397
1423,56,1479,0.10276041061919795
1440,55,1495,0.10270645555259503
1444,58,1502,0.1026206355077201
1444,59,1503,0.10253370483501376
1440,58,1498,0.10245451743048878
1449,56,1505,0.10239101992737006
1449,58,1507,0.10231355652633489
1450,54,1504,0.10224290013018322
1436,58,1494,0.10217631622526913
1428,58,1486,0.1021461533038464
1434,57,1491,0.10213621375401605
1439,58,1497,0.10211403484358156
1442,57,1499,0.10208326607339056
1438,54,1492,0.10204879878339188
1441,53,1494,0.10202562207569912
1443,54,1497,0.10199808608880465
1432,55,1487,0.10196844255542092
1433,56,1489,0.10196517444080365
1436,56,1492,0.1019602947481545
1433,56,1489,0.10194974057298285
1428,57,1485,0.10194666939349326
1413,62,1475,0.10195443779395255
1423,62,1485,0.10199403638200448
1427,62,1489,0.10200847465672766
1435,64,1499,0.1020130575837792
1436,61,1497,0.1020002095340956
1433,61,1494,0.10198627154436107
1430,64,1494,0.10198034552522078
1421,64,1485,0.10198150799797379
1423,67,1490,0.10200169298363003
1413,70,1483,0.10201611129690633
1416,70,1486,0.10205112367837925
1427,73,1500,0.10207642640644331
1416,76,1492,0.10207593016414598
1410,76,1486,0.10209885871532098
1414,74,1488,0.10213303415912471
1431,76,1507,0.10215547736511621
1420,74,1494,0.10213942520390308
1413,72,1485,0.10214872269589989
1413,74,1487,0.10217252455371867
1414,77,1491,0.1021944479215518
1419,75,1494,0.10221234968102891
1420,74,1494,0.10221805272867425
1420,75,1495,0.10222110158827821
1415,73,1488,0.10222410929575117
1422,74,1496,0.10223762014089635
1440,76,1516,0.10223475741021204
1428,75,1503,0.10219328777957905
1418,77,1495,0.10218119489481009
1410,78,1488,0.10219167891331969
1420,79,1499,0.10221878737672568
1415,76,1491,0.10222162121579186
1425,77,1502,0.1022351708392123
1428,77,1505,0.10222597496249439
1428,77,1505,0.10221103469960496
1426,76,1502,0.1021974482794204
1424,75,1499,0.10218928891491103
1419,77,1496,0.10218621620202539
1431,77,1508,0.10219452323739196
1431,79,1510,0.10217611960634583
1434,80,1514,0.10215953757366371
1428,80,1508,0.10213794140990654
1423,84,1507,0.102131612165594
1420,79,1499,0.10213629567006724
1418,74,1492,0.10214738244762284
1419,72,1491,0.10216133786166257
1430,71,1501,0.10217183095612394
1413,71,1484,0.10215771906274437
1413,72,1485,0.10218173923237028
1413,75,1488,0.10220334900155958
1402,77,1479,0.10222351203078751
1415,79,1494,0.10226546982543436
1401,80,1481,0.10227553586979585
1390,82,1472,0.10231497140782927
1399,83,1482,0.10237486673790418
1405,81,1486,0.10241029908628878
1405,77,1482,0.10242969984139964
1411,77,1488,0.1024469589310166
1413,73,1486,0.1024494126085717
1417,76,1493,0.10244751512220361
1416,75,1491,0.10243696488133973
1418,76,1494,0.102428919012387
1418,77,1495,0.10241757659479862
1402,78,1480,0.10240722175575755
1405,77,1482,0.1024324310017775
1401,77,1478,0.10244935574998734
1410,76,1486,0.1024733073934569
1413,77,1490,0.10247538588842708
1416,76,1492,0.10247111828249107
1416,73,1489,0.10246037954968568
1410,71,1481,0.10245053718845953
1406,72,1478,0.10245421301820326
1405,73,1478,0.10246602316370225
1407,71,1478,0.10247884860845016
1419,71,1490,0.10248634864157592
1419,75,1494,0.10246715307775377
1414,76,1490,0.10244944256003168
1417,69,1486,0.10244463423400563
1427,72,1499,0.10243396532073859
1430,69,1499,0.10240281969617591
1436,72,1508,0.10236794908694755
1422,72,1494,0.10232292566624522
1429,70,1499,0.1023123638578928
1415,69,1484,0.10228765725695385
1427,69,1496,0.10229516048968217
1435,69,1504,0.10227586898331072
1431,68,1499,0.10224054089336704
1420,67,1487,0.10221705495061845
1407,70,1477,0.10221892232092791
1403,70,1473,0.10224873976864408
1414,67,1481,0.10228469190684898
1417,64,1481,0.10229391321428455
1421,64,1485,0.1022961756022657
1415,64,1479,0.102289400055014
1423,64,1487,0.1022960501081927
1427,63,1490,0.10228459374023217
1414,66,1480,0.10226578308302874
1418,64,1482,0.10227675625342587
1402,68,1470,0.10227794586320588
1413,71,1484,0.10231365158618261
1407,75,1482,0.1023227128855317
1397,77,1474,0.10234391037305884
1412,76,1488,0.10238469961798444
1403,78,1481,0.10238993104916638
1415,77,1492,0.10241458774856743
1415,78,1493,0.10241085454088421
1415,79,1494,0.10240803216340771
1405,77,1482,0.10240571186398169
1409,78,1487,0.10242515396619677
1423,78,1501,0.10243425225491182
1425,78,1503,0.10241227532139412
1424,82,1506,0.10238808098136543
1408,81,1489,0.10236808775461612
1409,79,1488,0.10238465320167822
1407,81,1488,0.10239773994168853
1407,81,1488,0.10241453583383098
1391,84,1475,0.102429568671426
1396,86,1482,0.10247842679994097
1400,83,1483,0.1025122536311989
1394,86,1480,0.10253438349676809
1400,85,1485,0.10256774756044297
1396,85,1481,0.10258529179258889
1400,87,1487,0.10261035830598701
1399,87,1486,0.1026241047412663
1402,89,1491,0.10263906432482531
1395,86,1481,0.10264631693484841
1392,85,1477,0.1026678269983645
1403,86,1489,0.10269427151051765
1392,89,1481,0.10269467409104312
1401,86,1487,0.10271871334544627
1401,87,1488,0.10272163833897582
1413,89,1502,0.10272407768238796
1409,88,1497,0.10270016441284462
1421,89,1510,0.102687513989641
1408,90,1498,0.10264964580352366
1401,89,1490,0.10264310930676757
1407,88,1495,0.10265249399003752
1391,90,1481,0.10264898596316957
1398,92,1490,0.10268007202609208
1405,92,1497,0.10269380877942275
1413,89,1502,0.10269074223126846
1408,86,1494,0.10267046059543318
1411,89,1500,0.10266274356684224
1418,86,1504,0.10264920062930917
1406,87,1493,0.10262160898489103
1399,86,1485,0.10262274669052615
1413,90,1503,0.10263947851368538
1409,86,1495,0.10262415412430481
1405,85,1490,0.10261915688862669
1405,83,1488,0.10262343221746273
1410,86,1496,0.10262683670264756
1401,86,1487,0.10261945604492896
1415,88,1503,0.10263218671135245
1416,89,1505,0.10261294188741486
1427,86,1513,0.10259321002930882
1423,86,1509,0.1025515060778529
1417,88,1505,0.10252300649654007
1412,87,1499,0.10250971019563558
1413,85,1498,0.10250900407928855
1408,87,1495,0.10250608902488523
1408,89,1497,0.10251426022442939
1413,92,1505,0.10252162857920609
1407,93,1500,0.10251778955569327
1411,93,1504,0.10252758110578114
1417,92,1509,0.10252768063658177
1407,91,1498,0.10251470693257762
1393,92,1485,0.10252414488270296
1395,92,1487,0.10256300776538314
1395,92,1487,0.10259453729299968
1393,88,1481,0.10262328587119257
1410,91,1501,0.1026538301405628
1410,88,1498,0.10264421906166842
1413,87,1500,0.10263549790952588
1408,88,1496,0.10262072956948025
1414,86,1500,0.10261782511017817
1408,91,1499,0.10260181653153808
1401,90,1491,0.10260078361515347
1405,92,1497,0.10261499325826755
1401,90,1491,0.10261931867735047
1387,94,1481,0.10263204256869965
1399,95,1494,0.10267426060113413
1408,93,1501,0.10268663082340819
1409,95,1504,0.1026787539597935
1404,96,1500,0.1026695451208503
1395,93,1488,0.1026723487287725
1401,96,1497,0.10269375499527772
1416,98,1514,0.10270016246826133
1406,99,1505,0.10267360260358213
1390,101,1491,0.10267077590222862
1383,102,1485,0.1027032891868243
1383,100,1483,0.10274849563670924
1382,103,1485,0.10279024304870862
1383,102,1485,0.10283139262308894
1399,107,1506,0.1028662061535484
1398,107,1505,0.10286368179322611
1397,105,1502,0.10286371483766438
1383,103,1486,0.10286527966232067
1382,100,1482,0.1028973378692054
1388,95,1483,0.10292874790294629
1393,98,1491,0.10294403616768787
1390,101,1491,0.10294691536012532
1388,100,1488,0.10295588760870973
1399,101,1500,0.10296867978226867
1385,103,1488,0.1029565150879062
1380,101,1481,0.10297554237624335
1387,99,1486,0.10300363685610316
1390,100,1490,0.10301408167956402
1401,98,1499,0.10301681219946293
1396,101,1497,0.10299515250282003
1403,102,1505,0.10298622726740998
1392,99,1491,0.1029623333295887
1392,103,1495,0.10296474361969121
1391,104,1495,0.10296675165401364
1391,104,1495,0.10297101495544571
1388,102,1490,0.10297533337290506
1385,102,1487,0.10298656601295471
1384,104,1488,0.10300376503769126
1376,104,1480,0.1030216958822578
1380,104,1484,0.10305462515533832
1383,104,1487,0.1030761880210535
1393,106,1499,0.10308965643801521
1392,113,1505,0.10308051773893531
1392,114,1506,0.10307442117026916
1387,111,1498,0.10306912948742689
1373,112,1485,0.10307533607588741
1382,110,1492,0.10311113879757418
1371,110,1481,0.10312420826632493
1372,114,1486,0.10316018540164772
1366,113,1479,0.10319082766877415
1370,112,1482,0.10323195693620184
1381,111,1492,0.10326122577995214
1374,110,1484,0.10326460827296974
1369,117,1486,0.10328313930335419
1373,117,1490,0.10331075088462013
1367,116,1483,0.10332710834498954
1376,121,1497,0.10335546722707636
1377,122,1499,0.10336209199191713
1381,121,1502,0.10336551326607146
1383,125,1508,0.10336015114654451
1378,124,1502,0.10335124102069415
1371,126,1497,0.10335428659297274
1369,129,1498,0.1033722745517014
1358,128,1486,0.10339336384955164
1362,126,1488,0.10343647697881
1367,127,1494,0.10346707812277735
1371,132,1503,0.10348394969492616
1379,131,1510,0.10349107468216552
1369,131,1500,0.10348006474491894
1348,133,1481,0.10349199661155545
1354,131,1485,0.10354874845845634
1349,133,1482,0.10358764629460256
1345,138,1483,0.1036336535283865
1350,140,1490,0.10368504744340522
1337,142,1479,0.10372176224789349
1352,142,1494,0.10378354010192109
1356,140,1496,0.10380779514204658
1353,144,1497,0.10382105185148988
1364,143,1507,0.10384040390075999
1362,141,1503,0.10383414045427586
1356,139,1495,0.10383284424887147
1346,140,1486,0.1038448033877863
1340,144,1484,0.1038775926309918
1338,142,1480,0.10392064382650583
1332,147,1479,0.1039645468873077
1345,146,1491,0.10401803512842299
1334,150,1484,0.10403824999877881
1340,148,1488,0.10408092520530414
1338,147,1485,0.10410706104208088
1350,146,1496,0.10413481949557762
1355,148,1503,0.10413435343760113
1347,146,1493,0.10412277776803429
1351,146,1497,0.10412965705261207
1353,147,1500,0.10412756589949473
1340,143,1483,0.10412187932958787
1353,147,1500,0.104145795948426
1343,143,1486,0.1041391755275934
1353,149,1502,0.10415522148075188
1362,146,1508,0.10414825600538624
1359,153,1512,0.10412199700795417
1352,151,1503,0.10410473300660195
1357,155,1512,0.10410385353898441
1348,153,1501,0.10409239226840229
1349,154,1503,0.10410138010984085
1338,155,1493,0.1041068585275136
1337,154,1491,0.10413551385895534
1340,154,1494,0.1041642084749076
1337,152,1489,0.10418357761605541
1337,156,1493,0.10420794145918535
1321,159,1480,0.10423133405466495
1335,158,1493,0.10428830861616367
1337,160,1497,0.10430987444247766
1349,158,1507,0.10432525338487357
1354,158,1512,0.10431298934948804
1347,155,1502,0.10429073072115014
1345,157,1502,0.10428573462767819
1342,163,1505,0.10428572389290103
1339,159,1498,0.10429325582661925
1332,161,1493,0.1043069567628977
1328,159,1487,0.1043346318118078
1338,155,1493,0.10436905776067455
1356,157,1513,0.1043784360499583
1342,157,1499,0.1043469872434914
1332,159,1491,0.10434914198463736
1342,156,1498,0.10437329525426196
1341,151,1492,0.10437281861781302
1332,149,1481,0.10437450340978177
1343,144,1487,0.10439550838926558
1348,149,1497,0.10439067148299302
1343,149,1492,0.10437483709101801
1349,150,1499,0.10437190368116303
1360,155,1515,0.10435552418062383
1367,155,1522,0.10431613055711768
1361,158,1519,0.10426529130781555
1362,159,1521,0.10423237324368831
1339,159,1498,0.10419949868261118
1345,158,1503,0.10422044263108798
1341,155,1496,0.10422584727800487
1341,152,1493,0.10424003489190428
1345,159,1504,0.10425282384332889
1336,160,1496,0.10425583911008646
1337,161,1498,0.10427887879471076
1318,163,1481,0.10429834674332064
1326,164,1490,0.10435757491920611
1327,162,1489,0.10439435487504632
1335,162,1497,0.10442576302444678
1347,162,1509,0.10443737280802246
1347,168,1515,0.10442218435089405
1344,165,1509,0.10440820484331194
1345,166,1511,0.10440234489402002
1336,164,1500,0.10439432181602674
1339,161,1500,0.1044068864106155
1343,163,1506,0.10441122610650581
1337,160,1497,0.10440612746396688
1325,159,1484,0.10441453973295346
1323,159,1482,0.10444921427173366
1337,156,1493,0.1044855028515651
1343,152,1495,0.10448710801443506
1346,157,1503,0.10447553375360524
1348,154,1502,0.10445781728935771
1348,157,1505,0.10443715747875565
1351,162,1513,0.1044185743950154
1345,160,1505,0.10439453545487579
1321,162,1483,0.10438594239376711
1305,161,1466,0.10443023959221273
1309,165,1474,0.10450596285995392
1324,164,1488,0.1045653752114635
1318,166,1484,0.10458704590529763
1314,163,1477,0.10461995231977422
1313,164,1477,0.10465943907001048
1314,167,1481,0.10469768971337765
1319,170,1489,0.10473085165627188
1322,171,1493,0.10474981110414486
1334,170,1504,0.10476057828306751
1336,167,1503,0.10474342349010668
1332,167,1499,0.1047240573085929
1315,165,1480,0.1047153102611964
1327,170,1497,0.10474562693426936
1313,165,1478,0.10474702996344681
1314,172,1486,0.10477921113559606
1320,175,1495,0.10480688085716913
1327,176,1503,0.10481968107397702
1325,177,1502,0.10481529171456179
1320,181,1501,0.10481581390266614
1304,188,1492,0.10482765236046539
1304,184,1488,0.1048738143823076
1320,181,1501,0.1049153494214215
1318,184,1502,0.1049174919678348
1317,182,1499,0.10492380813223309
1315,179,1494,0.10493151012517915
1312,176,1488,0.10494257558860279
1309,173,1482,0.10495925136344368
1308,172,1480,0.10498129585918034
1317,173,1490,0.10500295927962941
1329,174,1503,0.10500253627884884
1313,176,1489,0.10497529913124595
1314,178,1492,0.10498574356630691
1317,183,1500,0.10499364360716391
1315,184,1499,0.10499393861132464
1317,176,1493,0.10499893395221363
1309,175,1484,0.10499887532658779
1303,176,1479,0.10501642518260931
1305,179,1484,0.10504526828765126
1318,177,1495,0.105067683759154
1304,179,1483,0.10505867046647452
1301,184,1485,0.10508034478774275
1301,181,1482,0.10510741677676647
1304,183,1487,0.1051325512023768
1303,184,1487,0.10514930499142949
1304,182,1486,0.10516754148111655
1302,183,1485,0.10518283537542089
1304,188,1492,0.10520116368684733
1299,192,1491,0.10521288345857997
1300,198,1498,0.10523530618347485
1286,201,1487,0.10525428731588843
1283,204,1487,0.10530291075428706
1277,199,1476,0.10535523643981999
1294,203,1497,0.10541602493991531
1288,203,1491,0.10543439739660122
1286,204,1490,0.1054642578703632
1291,207,1498,0.10549650440212238
1287,215,1502,0.10551583481245679
1286,213,1499,0.105542914146701
1285,210,1495,0.1055698989348547
1277,210,1487,0.10559638117178075
1283,209,1492,0.10563773235319263
1275,211,1486,0.10566296914820753
1277,212,1489,0.10570283574097139
1274,215,1489,0.10573538306788428
1271,212,1483,0.1057724556357542
1278,212,1490,0.10581302496957867
1292,205,1497,0.10583404713998036
1289,203,1492,0.10582213012615427
1286,206,1492,0.10581919283299296
1289,210,1499,0.10582322195867207
1276,213,1489,0.10582066000124431
1285,215,1500,0.10584746262542372
1294,218,1512,0.10585202604879862
1290,221,1511,0.1058368028406057
1280,221,1501,0.10583191436536107
1296,221,1517,0.10584939976261058
1282,217,1499,0.1058302727185649
1272,217,1489,0.10584376288583876
1267,223,1490,0.10587916887562521
1257,226,1483,0.10592270078199675
1256,233,1489,0.10598475346661342
1258,234,1492,0.10604403091361903
1265,231,1496,0.10609408881213284
1263,239,1502,0.10612418317519728
1262,235,1497,0.10615624094704906
1266,235,1501,0.10618798253456943
1259,243,1502,0.10620817841265164
1261,244,1505,0.10624308324489584
1263,239,1502,0.10627012801387209
1251,241,1492,0.10628990201365184
1251,242,1493,0.10633484509254874
1248,235,1483,0.10637593626511183
1249,239,1488,0.10642022228682979
1255,232,1487,0.10645778520820642
1263,238,1501,0.10647934803484756
1277,245,1522,0.10648107859293354
1269,243,1512,0.10645275766042733
1272,243,1515,0.10644499634989903
1262,239,1501,0.10643187076098819
1260,242,1502,0.10644109970333222
1254,240,1494,0.1064543055661581
1246,246,1492,0.10647892246618194
1252,246,1498,0.10651992216474922
1243,249,1492,0.10654338075988556
1244,243,1487,0.10658485567587668
1238,245,1483,0.10662087185684492
1241,249,1490,0.10666764218255763
1241,248,1489,0.10670447045747052
1255,247,1502,0.10673911674210057
1261,252,1513,0.10673939749805966
1246,247,1493,0.1067261828881044
1241,247,1488,0.10674879162072749
1252,249,1501,0.10678068000471953
1251,246,1497,0.10678562780029431
1247,245,1492,0.10679174441122789
1252,246,1498,0.1068055194850946
1245,246,1491,0.10680819389442392
1253,244,1497,0.10682627451150228
1248,248,1496,0.10682467922207074
1247,249,1496,0.10683477342860073
1251,245,1496,0.10684562409017342
1255,243,1498,0.10684724573468031
1245,240,1485,0.10683909088615433
1240,243,1483,0.10685434913593522
1257,243,1500,0.10687894147341577
1264,247,1511,0.10686397432434515
1267,247,1514,0.10683462914635014
1263,249,1512,0.10680135193547492
1262,249,1511,0.10677932704638168
1260,249,1509,0.106761792099267
1264,247,1511,0.10674904755929393
1263,247,1510,0.10672840099738108
1260,247,1507,0.10671169908142523
1257,250,1507,0.10670349046681132
1260,247,1507,0.10670439547976747
1267,244,1511,0.10669848348702544
1264,247,1511,0.10667669046037162
1253,252,1505,0.1066639416542269
1235,253,1488,0.10667760386342326
1242,250,1492,0.10673043065670135
1249,250,1499,0.10676255625691095
1245,242,1487,0.10677648676097026
1250,243,1493,0.106797248417267
1246,248,1494,0.10680405401521167
1242,249,1491,0.10681946947608587
1239,252,1491,0.10684298066740691
1233,254,1487,0.1068718765759569
1227,256,1483,0.10691227003267692
1234,253,1487,0.10696305581657488
1240,256,1496,0.10699376168884482
1243,253,1496,0.10700875401950957
1248,256,1504,0.10701498577827108
1242,249,1491,0.1070095685947171
1252,253,1505,0.10701741590508909
1239,256,1495,0.10700193380727187
1235,253,1488,0.10701680211059085
1246,252,1498,0.10703880252574859
1253,251,1504,0.1070345203744159
1244,252,1496,0.10701575942392108
1234,249,1483,0.10701923298332032
1243,255,1498,0.1070445884317742
1229,258,1487,0.10704701511560781
1226,263,1489,0.1070818088416098
1215,267,1482,0.10712121020343603
1221,267,1488,0.10718213190276923
1227,263,1490,0.10722391367369041
1214,268,1482,0.1072480203434266
1221,265,1486,0.10730055057323337
1222,262,1484,0.10733375122296565
1224,265,1489,0.1073611457233552
1221,269,1490,0.10738121150750497
1219,272,1491,0.10740769890848169
1228,269,1497,0.10743642129580287
1232,275,1507,0.10744315416348055
1228,279,1507,0.10744004349785684
1241,278,1519,0.10744612252062627
1224,274,1498,0.1074234216105539
1217,280,1497,0.10744142229380106
1226,277,1503,0.10747213726840332
1220,274,1494,0.10747993370580126
1217,275,1492,0.1075013847698613
1201,284,1485,0.10752735173283721
1203,287,1490,0.10758839949620892
1208,287,1495,0.1076401868382025
1199,290,1489,0.10767566862371439
1196,288,1484,0.1077306390388952
1207,284,1491,0.10778621959697006
1210,289,1499,0.10781168013379717
1203,292,1495,0.10782759924838638
1192,293,1485,0.10785629883363743
1205,288,1493,0.1079077413838477
1218,279,1497,0.10792493804412477
1220,275,1495,0.10791169153301422
1216,277,1493,0.1078953574356899
1224,278,1502,0.10788952087961348
1224,283,1507,0.10786620258752681
1209,278,1487,0.1078455241611633
1219,270,1489,0.10785943191853767
1213,275,1488,0.10785017797287899
1210,275,1485,0.1078549738616728
1214,275,1489,0.1078641920694285
1216,273,1489,0.1078628615639298
1218,276,1494,0.10785737144694246
1227,271,1498,0.10784750461694394
1210,270,1480,0.10781737228059111
1208,268,1476,0.10782801573668543
1209,271,1480,0.10784208245431373
1212,273,1485,0.10785350644563434
1214,278,1492,0.10785858044030552
1213,280,1493,0.10785894007438257
1222,282,1504,0.10786121523945293
1209,282,1491,0.10784337757000471
1220,288,1508,0.10785621805292735
1217,282,1499,0.10784267727154016
1225,282,1507,0.10783718196540872
1227,282,1509,0.10781436697324287
1231,280,1511,0.10778929979603205
1234,282,1516,0.10775762473938467
1234,283,1517,0.10772175875348061
1236,280,1516,0.10768932319287249
1231,281,1512,0.10765446210207742
1226,275,1501,0.10763365364737229
1217,274,1491,0.10762618890229053
1220,274,1494,0.1076402198889037
1219,275,1494,0.10764610520803775
1232,275,1507,0.10765378076316022
1225,275,1500,0.10763136270424928
1227,272,1499,0.10762653914436977
1225,271,1496,0.10761664818024595
1227,273,1500,0.10761262204182553
1230,272,1502,0.10760490640881151
1212,283,1495,0.10759224749982677
1223,284,1507,0.10762092297975827
1229,283,1512,0.10762371996463316
1222,287,1509,0.10761182666489699
1212,284,1496,0.10761661037279044
1207,282,1489,0.10764421753924994
1219,283,1502,0.10768051077294484
1214,282,1496,0.10768745233769175
1215,288,1503,0.10770587054351478
1215,289,1504,0.10772042177050899
1223,288,1511,0.10773414576424468
1226,288,1514,0.10772934918667194
1223,292,1515,0.10771807394988044
1214,295,1509,0.10771506631641982
1224,295,1519,0.10773212627860675
1231,296,1527,0.10772592333448575
1215,298,1513,0.10770500897439604
1206,291,1497,0.10772173776832629
1204,287,1491,0.10775720378761211
1208,291,1499,0.10779454838801637
1206,287,1493,0.10782057456457306
1207,292,1499,0.10784949312714186
1209,292,1501,0.10787350293092636
1210,299,1509,0.1078904192749285
1204,303,1507,0.10790354958784013
1197,303,1500,0.10793074657336078
1203,308,1511,0.10797154472255062
1186,308,1494,0.10799566993274265
1182,306,1488,0.1080558212149908
1173,311,1484,0.10812001637520684
1186,315,1501,0.10819925992448023
1185,311,1496,0.10824288906788145
1188,310,1498,0.10828466056892325
1193,307,1500,0.10831722139310776
1200,306,1506,0.10833554993946957
1199,306,1505,0.10833593454605445
1190,310,1500,0.10833889393423923
1201,311,1512,0.10836173007922625
1192,308,1500,0.10835734959001617
1187,310,1497,0.10837364863533008
1191,303,1494,0.10840024178397754
1187,310,1497,0.1084156427719176
1180,305,1485,0.10843782014075909
1183,309,1492,0.10847402309241737
1195,306,1501,0.10850172091869642
1190,311,1501,0.10850073904216426
1192,311,1503,0.10851181683397655
1185,312,1497,0.1085175894601847
1189,318,1507,0.10853938611592419
1180,319,1499,0.10855065924688137
1186,312,1498,0.1085804175972331
1185,322,1507,0.10859446972194058
1179,318,1497,0.10860977086682329
1180,316,1496,0.10863778635942435
1190,315,1505,0.10866166694424403
1184,318,1502,0.10866059371501559
1190,321,1511,0.10867277988417377
1188,318,1506,0.10867045531919926
1186,315,1501,0.1086736077496597
1188,318,1506,0.10868053343000895
1177,320,1497,0.10868272281516875
1183,323,1506,0.10871084328297233
1177,330,1507,0.1087237370451652
1174,328,1502,0.10874806966625425
1178,326,1504,0.10877827130235353
1174,331,1505,0.10879678869776932
1176,325,1501,0.10882259098917828
1171,326,1497,0.10884115892476057
1162,321,1483,0.10887105732974252
1162,318,1480,0.10891881446851602
1164,322,1486,0.10896212887173118
1161,322,1483,0.10899691399806782
1162,322,1484,0.10903552931933776
1160,329,1489,0.10906941785211043
1158,326,1484,0.10910506523305173
1162,326,1488,0.10914177946833883
1159,329,1488,0.10916688722590585
1152,332,1484,0.1091969661131121
1155,334,1489,0.10924241067047653
1169,339,1508,0.10927726558226432
1167,337,1504,0.10927647135892832
1162,339,1501,0.10928008971570727
1163,346,1509,0.10929565020428988
1155,340,1495,0.10930778995135881
1167,339,1506,0.1093356404453441
1165,340,1505,0.10933349968119421
1162,342,1504,0.10933770552533155
1157,344,1501,0.10934763084778791
1160,343,1503,0.10936722975758878
1143,344,1487,0.10937895116328523
1141,347,1488,0.10942832886580618
1145,341,1486,0.10947852616303262
1143,346,1489,0.10951535275021967
1147,347,1494,0.10955484321087808
1140,346,1486,0.109580751100669
1143,347,1490,0.10962168136780867
1160,348,1508,0.10965284471542973
1156,353,1509,0.10964273845485732
1158,356,1514,0.10964338925144712
1149,353,1502,0.1096382625126851
1147,354,1501,0.10965430896065895
1156,355,1511,0.10967274791353951
1161,347,1508,0.10966951766891006
1143,357,1500,0.10965682004892469
1141,356,1497,0.10968692046543717
1144,356,1500,0.10971906641419932
1154,356,1510,0.10974196131490423
1148,353,1501,0.10973934877686321
1143,357,1500,0.10975296136524779
1135,360,1495,0.1097763650096768
1139,362,1501,0.10981749548773301
1144,362,1506,0.10984726060813664
1135,365,1500,0.10986432197324991
1138,365,1503,0.1099006419230406
1137,365,1502,0.10992842451026157
1148,370,1518,0.10995765663668838
1149,364,1513,0.10995912682912441
1143,362,1505,0.10995793827390568
1144,368,1512,0.10997106335313445
1156,369,1525,0.10997977437250253
1153,367,1520,0.10996003634363896
1140,369,1509,0.10994912717794875
1138,372,1510,0.10996855478019464
1137,367,1504,0.1099915912728026
1126,364,1490,0.11001326638063019
1114,361,1475,0.11005897617611195
1117,369,1486,0.11012736959835162
1109,376,1485,0.11018387585960067
1108,389,1497,0.11025422204013431
1106,391,1497,0.11032054624112632
1092,392,1484,0.11038491415150975
1088,396,1484,0.11047744377832279
1092,399,1491,0.11057227831780979
1095,407,1502,0.11065038606301386
1102,401,1503,0.11071550980543421
1104,398,1502,0.11076107022116137
1101,397,1498,0.11079852909776822
1096,397,1493,0.11084002894823548
1085,399,1484,0.11089023335213327
1094,401,1495,0.11096186399932764
1101,402,1503,0.1110079869273517
1101,407,1508,0.11103326175305883
1105,398,1503,0.11105613175085376
1102,406,1508,0.11106841539744164
1107,406,1513,0.11108611521608161
1097,410,1507,0.11109299450097197
1103,406,1509,0.11112175734380784
1103,406,1509,0.11113293556754064
1121,405,1526,0.11114343747274184
1120,402,1522,0.11111216251372469
1126,403,1529,0.11108566672981929
1116,402,1518,0.11104728336086493
1113,399,1512,0.1110352360124741
1107,395,1502,0.11103050429495998
1100,391,1491,0.11103960167738426
1110,388,1498,0.11106317111315513
1114,381,1495,0.1110624374207936
1119,386,1505,0.11105140400272809
1115,393,1508,0.11102946126578235
1109,386,1495,0.11101941640840444
1103,394,1497,0.11102429243439907
1109,396,1505,0.11104541737489974
1108,397,1505,0.11105178519677171
1111,401,1512,0.111060740066964
1097,408,1505,0.11106182563395549
1100,409,1509,0.11109530899777809
1108,405,1513,0.11111976149525227
1095,398,1493,0.1111242485953428
1088,404,1492,0.11115786515793152
1086,404,1490,0.1112044443593785
1085,401,1486,0.1112507000633174
1086,410,1496,0.11129685518443695
1099,410,1509,0.11133681035160521
1098,407,1505,0.11134379611573429
1106,403,1509,0.1113532517092112
1105,402,1507,0.11134411848934106
1105,404,1509,0.11133897736268315
1106,405,1511,0.11133412881666391
1091,404,1495,0.11132739759394344
1092,411,1503,0.11135493038393417
1092,406,1498,0.11137778933258509
1093,412,1505,0.11139952813997585
1099,408,1507,0.11141812434366023
1086,402,1488,0.11142111181286202
1083,406,1489,0.11145327577866475
1085,410,1495,0.111489534644923
1084,407,1491,0.11151898545159294
1080,414,1494,0.11154886046041494
1075,418,1493,0.11158620551764663
1067,413,1480,0.11163120535232174
1066,417,1483,0.11169062195326046
1063,415,1478,0.11174847067300832
1075,424,1499,0.11181023101035337
1083,427,1510,0.11183957764863911
1074,427,1501,0.11184688630906951
1073,426,1499,0.11187301767540163
1084,426,1510,0.11189949673400221
1076,426,1502,0.1118985573102548
1071,419,1490,0.11191460878659287
1084,417,1501,0.11194032259187381
1079,421,1500,0.11193500483960506
1082,424,1506,0.11194259289101316
1067,426,1493,0.11194406719492037
1052,429,1481,0.11198237259143021
1056,427,1483,0.1120517688321499
1053,434,1487,0.11210656599235751
1057,433,1490,0.11216413618316494
1061,433,1494,0.11220890904376749
1065,427,1492,0.1122400113341185
1060,422,1482,0.11225935953731696
1057,417,1474,0.11228855792936691
1070,426,1496,0.11232185854619506
1066,428,1494,0.11232251233996271
1065,428,1493,0.11233208222541392
1072,434,1506,0.11234466064088679
1065,427,1492,0.11234012914060272
1061,440,1501,0.11235261177517218
1068,441,1509,0.11237232846066343
1074,434,1508,0.11237425598658486
1077,437,1514,0.11236220888774959
1067,435,1502,0.11234397996059112
1068,440,1508,0.112350429025986
1071,437,1508,0.11235484378499666
1073,442,1515,0.11235124605636074
1053,442,1495,0.11234377844756888
1067,437,1504,0.11238216684446806
1061,433,1494,0.11238492479106237
1060,430,1490,0.11240096422593719
1065,434,1499,0.11241875386303135
1068,434,1502,0.112424253652261
1076,434,1510,0.11242254323408198
1073,438,1511,0.11240281643995317
1061,442,1503,0.11239225516643797
1054,439,1493,0.11241025875942405
1053,443,1496,0.11244328605929833
1053,441,1494,0.11247633085488071
1048,438,1486,0.11250663421664506
1059,438,1497,0.11254736830121337
1057,435,1492,0.11255927852422669
1062,442,1504,0.1125735452773172
1055,436,1491,0.11257637323154372
1067,432,1499,0.11259369669264642
1077,427,1504,0.11258188272325728
1073,432,1505,0.11254856400209241
1073,433,1506,0.1125262295177558
1064,443,1507,0.1125059301054964
1056,437,1493,0.11250858346194281
1063,435,1498,0.11252905532988608
1075,429,1504,0.11253188229057418
1057,437,1494,0.11250736848712808
1067,439,1506,0.1125255348653374
1064,445,1509,0.11251923453753004
1060,444,1504,0.1125199876494915
1062,442,1504,0.1125307538148185
1051,434,1485,0.11253668376859018
1051,445,1496,0.1125680415950471
1041,451,1492,0.11259730857278218
1049,452,1501,0.11264742923675448
1054,453,1507,0.11267458188464684
1046,455,1501,0.112688551512785
1038,450,1488,0.11272164497613786
1042,450,1492,0.11276980302595944
1029,453,1482,0.11280539373545864
1029,462,1491,0.11286843226565053
1022,461,1483,0.11292823475536974
1017,471,1488,0.11300335711960599
1015,470,1485,0.1130843533386091
1028,475,1503,0.11316319072666438
1020,485,1505,0.11320567736345921
1013,486,1499,0.1132629795248798
1016,489,1505,0.1133333856869331
1018,486,1504,0.11339155369028425
1024,489,1513,0.11344095692258023
1018,493,1511,0.11347323168546279
1009,508,1517,0.11351796777676249
999,502,1501,0.11358248762444983
1001,505,1506,0.11366473628936927
1003,498,1501,0.11373553489800722
998,493,1491,0.11379629892450786
1006,496,1502,0.11386351207533948
1007,489,1496,0.11390714405478686
1002,488,1490,0.1139460051415411
992,495,1487,0.11399217143319022
995,508,1503,0.1140603904664394
997,498,1495,0.11411539800608499
998,492,1490,0.114161889803806
993,503,1496,0.1142025020567839
1000,506,1506,0.11425298152818669
993,506,1499,0.11428180130065176
992,515,1507,0.11432674073033511
990,517,1507,0.11437265765787398
970,528,1498,0.11442058193396516
959,522,1481,0.11451149641430773
970,525,1495,0.11462137830055827
974,526,1500,0.1146976136743869
971,525,1496,0.11475799274751028
982,530,1512,0.11482125205089887
973,536,1509,0.11485327727458508
967,527,1494,0.11490535276899998
967,537,1504,0.11496786427046221
985,523,1508,0.1150266245737631
984,525,1509,0.11503964063415299
981,529,1510,0.11505378039664055
978,530,1508,0.11507451645872656
979,534,1513,0.11510060661968119
977,533,1510,0.1151221821290146
973,532,1505,0.11514751140834872
980,532,1512,0.11517929449896804
970,529,1499,0.11519403042846126
978,534,1512,0.11523100002198569
963,532,1495,0.11524484132194476
968,527,1495,0.11529425168805421
978,527,1505,0.11532804765515543
976,530,1506,0.11533629344249098
979,533,1512,0.115350453259844
971,534,1505,0.11535635636853098
967,536,1503,0.11538030243353414
964,538,1502,0.11541138788474975
966,537,1503,0.11544803074681244
972,537,1509,0.11547668764642151
975,544,1519,0.11549153369673672
974,546,1520,0.11549936268700252
976,545,1521,0.11550944677681237
968,553,1521,0.11551603362003668
963,546,1509,0.11554191399649633
959,549,1508,0.11557782447357502
958,549,1507,0.1156228979535377
951,554,1505,0.11566759424471151
952,559,1511,0.11572563624357303
959,555,1514,0.1157734961590296
948,547,1495,0.11579998730385099
948,547,1495,0.11584996497419066
948,555,1503,0.1158948474391265
948,552,1500,0.11593673105826209
951,549,1500,0.11597556940633703
950,552,1502,0.11600371632498817
946,559,1505,0.11603573287295471
947,562,1509,0.11607643074510729
940,568,1508,0.11611285078207104
938,568,1506,0.11616178107403938
947,573,1520,0.11621232603445109
946,575,1521,0.11623750192621822
940,577,1517,0.11626425147134782
943,579,1522,0.11630328386568065
939,576,1515,0.11633161098534056
926,573,1499,0.11636780247823257
932,565,1497,0.1164306210841065
936,561,1497,0.11647354796348347
924,564,1488,0.11650580082774155
925,568,1493,0.11656473516562871
917,578,1495,0.1166168533545279
909,582,1491,0.11668494579059338
907,590,1497,0.1167684686153895
909,593,1502,0.11685142579625157
914,591,1505,0.11692349680079626
912,594,1506,0.11698019436397303
914,598,1512,0.11703750650581131
901,594,1495,0.1170841482897217
890,598,1488,0.11715886365569687
877,606,1483,0.11725417903184514
875,610,1485,0.11737388196669109
886,612,1498,0.11748961895090329
887,609,1496,0.11757030069675464
891,613,1504,0.11764524300367545
895,606,1501,0.1177061099266088
896,607,1503,0.11775202175186199
903,614,1517,0.11779241837511754
896,611,1507,0.11781339197620094
898,611,1509,0.1178491077337256
901,611,1512,0.11787561402096783
897,611,1508,0.11789433223151652
894,608,1502,0.11792179273269875
883,607,1490,0.11795619522929107
889,612,1501,0.11801256181056666
894,616,1510,0.11804990980004103
895,617,1512,0.11807197357389482
889,621,1510,0.1180916557299801
876,627,1503,0.11812647806004083
884,629,1513,0.11818868035489136
879,628,1507,0.11822839909107476
870,630,1500,0.11827936450801242
884,616,1500,0.1183494535073044
868,616,1484,0.11838138218794728
872,614,1486,0.11844786788353695
865,614,1479,0.11850049213068715
872,611,1483,0.11856496293897542
866,623,1489,0.11860732371462397
857,624,1481,0.1186609664538803
858,633,1491,0.11873276704021585
854,635,1489,0.1187966434754974
855,636,1491,0.11886743191210063
853,642,1495,0.11892957825708546
845,635,1480,0.11899234874522154
846,639,1485,0.11906810429328166
854,648,1502,0.11913724247747609
862,644,1506,0.11918053083399986
862,643,1505,0.11920303191438339
852,643,1495,0.1192238267813262
849,641,1490,0.11926862656010596
843,643,1486,0.11931738391795609
848,650,1498,0.11937670326249247
857,651,1508,0.11942011282311572
857,649,1506,0.11943938498921121
847,659,1506,0.11945712896816438
844,658,1502,0.11949840023866734
852,658,1510,0.1195446736179635
841,659,1500,0.1195706686233747
845,661,1506,0.11962258878930207
839,658,1497,0.11966349229467778
837,660,1497,0.11971695771029701
834,665,1499,0.11977158902375262
819,669,1488,0.11983032853850763
822,668,1490,0.11992095843754758
818,686,1504,0.11999876565532538
823,683,1506,0.12008058092820402
827,686,1513,0.12014529430858843
833,689,1522,0.12019630560898381
816,686,1502,0.12022847922487952
817,685,1502,0.12030152580949174
821,676,1497,0.12036749807954944
810,693,1503,0.1204197502879265
812,698,1510,0.1204953181209843
813,698,1511,0.12056071358687227
817,698,1515,0.12062020006297038
806,696,1502,0.12066564400664995
804,701,1505,0.12073500293786607
803,709,1512,0.12080530226541147
798,718,1516,0.1208744526767255
794,720,1514,0.12095143800227878
793,728,1521,0.12103214853482694
788,717,1505,0.1211085844780431
787,722,1509,0.12119103859217051
795,713,1508,0.1212704863710129
793,717,1510,0.12132498340524143
793,723,1516,0.12138210256183735
789,720,1509,0.12143517944902463
781,719,1500,0.12149398060249013
785,713,1498,0.12156886106812767
782,720,1502,0.12162618082377674
781,716,1497,0.12168687694956497
776,723,1499,0.12174679711427018
787,730,1517,0.12181500873693668
781,735,1516,0.12185284253644581
785,727,1512,0.12190209274912156
789,723,1512,0.12193711260381589
797,722,1519,0.12196137368023041
784,722,1506,0.12196504527976706
777,725,1502,0.12200209488784239
773,722,1495,0.12205259002700249
775,736,1511,0.12210839995745626
780,737,1517,0.12215497673058065
781,734,1515,0.122184964059687
783,728,1511,0.12221086911993417
787,734,1521,0.12223122214833043
792,731,1523,0.12224002961037911
788,738,1526,0.12223643271438477
785,746,1531,0.12224143555495134
774,729,1503,0.12225364383593579
782,727,1509,0.1222917408654432
779,723,1502,0.1223072926826163
780,733,1513,0.12232847967671631
771,733,1504,0.12234509150693747
774,729,1503,0.12238249610906894
772,733,1505,0.12240948313168676
768,733,1501,0.12243924740033178
776,739,1515,0.12247731167372798
773,742,1515,0.12249297811453676
774,723,1497,0.1225163298297706
765,727,1492,0.12253520241634114
774,732,1506,0.12257371564945622
769,729,1498,0.12258797303229256
768,739,1507,0.12261245948235619
764,742,1506,0.12263880002477581
771,752,1523,0.12267369887341104
760,754,1514,0.12269009235379602
758,756,1514,0.12273426234570632
757,745,1502,0.12278135318329926
755,745,1500,0.12282750444485992
750,743,1493,0.1228733924226182
745,752,1497,0.12292841899582953
747,755,1502,0.12299104044383784
748,751,1499,0.1230448364351686
750,753,1503,0.12309163904856575
751,754,1505,0.12313093882447096
747,758,1505,0.1231672741115465
745,765,1510,0.1232098063462518
743,762,1505,0.12325435047301975
739,765,1504,0.12330242281985551
734,766,1500,0.12335548359882545
727,766,1493,0.12341551113168701
729,766,1495,0.1234895094234364
736,771,1507,0.12355473390912192
728,775,1503,0.12360053990918317
719,781,1500,0.1236614784239234
722,789,1511,0.12373989198017889
728,783,1511,0.12380643636255842
726,766,1492,0.12385473901863289
712,789,1501,0.12390344707724303
710,788,1498,0.12398052304039493
712,784,1496,0.12405810157103479
711,783,1494,0.1241278836289694
717,787,1504,0.12419506938797176
703,795,1498,0.12424435870907996
691,788,1479,0.12432465759136693
700,799,1499,0.1244272462627093
698,805,1503,0.12450055071242307
710,795,1505,0.1245721485406503
718,795,1513,0.12461025302530224
718,793,1511,0.12462673952976083
717,790,1507,0.12464138748352777
718,788,1506,0.1246575902487651
719,788,1507,0.12466990546253372
715,790,1505,0.1246799173176808
715,799,1514,0.12469848293673479
706,802,1508,0.12471608904009489
706,804,1510,0.12475412783103429
707,809,1516,0.12479060862586032
707,807,1514,0.12482428149039769
713,799,1512,0.12485637382647152
712,794,1506,0.12487198333025522
700,782,1482,0.12488825938834922
706,785,1491,0.124934874821524
696,796,1492,0.12496153840557113
692,805,1497,0.1250099770328833
691,809,1500,0.1250656724881739
696,799,1495,0.12511962023273426
694,805,1499,0.12515664019202538
699,814,1513,0.1251970290395822
702,817,1519,0.12522107292110904
707,811,1518,0.12523737407824784
706,807,1513,0.12524062644671458
712,808,1520,0.1252460891371348
708,807,1515,0.12523605630041224
705,801,1506,0.12523626105305066
707,795,1502,0.1252436466869619
691,800,1491,0.12524373116043708
698,799,1497,0.12528357348998184
692,797,1489,0.12530449605870428
690,796,1486,0.12533848025406155
689,810,1499,0.12537415118216708
694,813,1507,0.12541008899926945
689,816,1505,0.12543193847459977
692,813,1505,0.12546429300171136
691,814,1505,0.1254866761218997
681,809,1490,0.12551170942891202
680,823,1503,0.12555959134767342
685,828,1513,0.1256060949798991
686,828,1514,0.1256373323927103
682,819,1501,0.12566426869843383
681,814,1495,0.12569828705895827
700,816,1516,0.12573104970607332
698,811,1509,0.12571705021703494
700,818,1518,0.12570844374201873
700,813,1513,0.12569790567752442
705,821,1526,0.1256888643723706
701,814,1515,0.12566942694649907
686,816,1502,0.12566188284768048
686,821,1507,0.12569169472387856
687,823,1510,0.12572154631938148
690,817,1507,0.12574725059847291
683,820,1503,0.12576410899945997
677,822,1499,0.12579533259023254
686,827,1513,0.1258388356357626
685,821,1506,0.12585542913142153
686,821,1507,0.1258739410041382
685,813,1498,0.1258879748802096
677,822,1499,0.12590148466446896
686,831,1517,0.12593430604346917
678,822,1500,0.1259435224684855
677,818,1495,0.12597171314073793
675,821,1496,0.12600021377760484
679,830,1509,0.12603216004125684
681,815,1496,0.12605104588737542
681,809,1490,0.12606276239394135
690,813,1503,0.1260721661421953
702,817,1519,0.12605962570232085
703,809,1512,0.12601875383683442
703,808,1511,0.12597674397409298
700,815,1515,0.12593872864736366
694,814,1508,0.12591125702956849
694,821,1515,0.12590072025274313
687,824,1511,0.12589217940308495
688,825,1513,0.1259017194670487
688,829,1517,0.125908710214258
686,818,1504,0.1259129167976956
688,806,1494,0.12592175901220554
696,820,1516,0.12592382798022236
695,825,1520,0.1259052182460058
691,828,1519,0.12589156849748917
689,822,1511,0.12588891686938244
685,818,1503,0.12589145227922094
676,828,1504,0.12590291080339963
677,822,1499,0.12593438339354743
677,820,1497,0.12596036316958328
677,822,1499,0.12598507708460674
678,826,1504,0.1260082090525719
673,815,1488,0.12602612455560588
669,829,1498,0.12605682617635142
664,829,1493,0.1260942308577483
671,824,1495,0.1261433739985185
676,831,1507,0.12617054917908738
678,831,1509,0.12618236890349988
674,833,1507,0.12618857627560817
683,843,1526,0.12620303495066731
676,839,1515,0.12619575577318168
678,841,1519,0.1262063600330334
686,840,1526,0.12620938674240562
686,835,1521,0.12619493893033756
682,838,1520,0.12618223436023274
673,833,1506,0.12618059898598843
671,835,1506,0.12620178451850989
677,830,1507,0.12622638450836246
683,834,1517,0.1262352032255795
675,836,1511,0.126227265057784
681,816,1497,0.12623784880613592
671,815,1486,0.12623457301702434
673,821,1494,0.12625503556151543
670,821,1491,0.12626874718256414
672,825,1497,0.12628775601427805
674,829,1503,0.126300745295432
672,819,1491,0.1263078492005207
671,820,1491,0.1263195906623867
671,818,1489,0.1263327498788043
689,813,1502,0.12634270434599035
684,824,1508,0.12630835430418785
683,822,1505,0.12628996866650902
679,819,1498,0.1262746701913514
685,831,1516,0.12627042727845056
686,831,1517,0.12625188544852667
683,840,1523,0.12623314854247997
674,839,1513,0.12622444368518176
674,838,1512,0.12623916286966114
678,842,1520,0.1262537213276354
682,839,1521,0.12625866364152277
686,832,1518,0.1262534192683093
684,824,1508,0.12624008853352528
673,836,1509,0.12623433149557786
672,836,1508,0.12625593088112588
660,844,1504,0.12627802475468872
670,844,1514,0.12632795466063218
669,845,1514,0.12634787967274078
667,838,1505,0.12636978823961034
665,842,1507,0.12639386931513236
657,841,1498,0.12642373081676722
655,846,1501,0.12647067595039918
653,844,1497,0.12651977171564333
655,847,1502,0.1265699852895904
653,849,1502,0.12661142765275746
654,848,1502,0.12665447040589808
643,853,1496,0.1266921630906315
642,856,1498,0.12675478075700855
654,857,1511,0.12681573049457115
654,851,1505,0.12684183106298527
654,850,1504,0.12686768136556256
650,854,1504,0.12689282359802928
657,842,1499,0.12692653960230948
652,848,1500,0.12694022271424055
653,854,1507,0.12696742742253575
655,854,1509,0.12699050716534196
653,854,1507,0.1270058457105909
652,864,1516,0.12702616221118926
652,864,1516,0.12704661300006062
654,854,1508,0.12706392188003568
653,853,1506,0.1270760523946924
649,859,1508,0.12708969658798108
656,859,1515,0.12711326754815958
652,858,1510,0.127121118913452
650,867,1517,0.12713976619318473
645,872,1517,0.12716040358425024
644,862,1506,0.12719235928074482
637,876,1513,0.12722714504954838
643,876,1519,0.12727625109967874
641,874,1515,0.1273069928914192
632,873,1505,0.12734097180564113
629,881,1510,0.12739607659717933
629,890,1519,0.12745511364521211
628,890,1518,0.1275102185726528
617,889,1506,0.12756580412177754
615,888,1503,0.12764623536683892
621,892,1513,0.12772608793037216
619,890,1509,0.12778357798129805
620,893,1513,0.1278412435870274
618,893,1511,0.12789280934675104
617,882,1499,0.12794528879405986
613,881,1494,0.12799536381279972
617,874,1491,0.12805355963837375
618,886,1504,0.1280999107135503
621,900,1521,0.12814295273656917
617,899,1516,0.1281765431700009
606,887,1493,0.1282160160364594
608,881,1489,0.12828006268091197
608,889,1497,0.1283336230631505
604,887,1491,0.12838527893001753
600,897,1497,0.12844256097872261
595,902,1497,0.12850520719139183
603,903,1506,0.12857603303997156
605,908,1513,0.12862356871412994
607,905,1512,0.12866208545735716
608,902,1510,0.12869272444926924
599,904,1503,0.1287196876175446
589,910,1499,0.12876578327828095
590,915,1505,0.1288356908857368
594,916,1510,0.12889805350487682
593,912,1505,0.12894628374232242
597,925,1522,0.12899494818544466
595,927,1522,0.12902985729644653
593,915,1508,0.1290684187661096
597,912,1509,0.1291107305451088
595,918,1513,0.1291407417529926
598,927,1525,0.12917414083389925
584,932,1516,0.1291991859241816
584,940,1524,0.12925615588057274
590,932,1522,0.12930992879162712
586,922,1508,0.12934506275716598
582,918,1500,0.12938807688081913
585,912,1497,0.12943751667396405
583,922,1505,0.12947503391048332
576,924,1500,0.12951653809561706
583,924,1507,0.1295724480179839
592,915,1507,0.12960699477371349
594,922,1516,0.12961627067727088
589,929,1518,0.1296213483599949
585,927,1512,0.12963932625827002
590,921,1511,0.12966345573843782
587,932,1519,0.1296730387654971
582,930,1512,0.12968970851348283
573,934,1507,0.12971846237944018
571,930,1501,0.12976780508532695
571,928,1499,0.12981797916298757
582,926,1508,0.12986391791941682
580,929,1509,0.12988022779428485
573,924,1497,0.12989965727822825
572,917,1489,0.1299337761751705
572,917,1489,0.12996909037768592
578,928,1506,0.13000038993169624
576,932,1508,0.13001502187858713
576,930,1506,0.13003431094643872
568,930,1498,0.13005110862480668
566,929,1495,0.13008499266047202
561,935,1496,0.13012250785963236
568,939,1507,0.13017088136103516
573,943,1516,0.13019804796563106
563,939,1502,0.1302116764575608
562,940,1502,0.1302487748989815
570,932,1502,0.13028644901112982
575,938,1513,0.1303018602188787
570,945,1515,0.13030338810874753
567,948,1515,0.13031869827378612
571,943,1514,0.13033924276389566
578,934,1512,0.13034875892828907
575,941,1516,0.13034248966905077
566,943,1509,0.1303432841888289
564,939,1503,0.1303663171502549
564,935,1499,0.13039349697122757
567,943,1510,0.13041821757137323
561,945,1506,0.13043414423786742
564,942,1506,0.1304647453416047
566,937,1503,0.1304865997168994
574,937,1511,0.1305019496931407
566,933,1499,0.13049462099292414
572,921,1493,0.1305098350147084
575,938,1513,0.13050771248006382
577,943,1520,0.13049951727486073
576,942,1518,0.1304873921182166
584,942,1526,0.13047894658551656
583,939,1522,0.13045086283771914
577,937,1514,0.13042729271707298
570,944,1514,0.13041949119747215
573,944,1517,0.13042928355502878
575,950,1525,0.13043107404375628
569,947,1516,0.13042874325808243
572,942,1514,0.13044068829992367
567,942,1509,0.1304456183788429
565,933,1498,0.1304627172525445
574,943,1517,0.1304851505730945
573,936,1509,0.13048472605055653
565,950,1515,0.13048616341516878
556,956,1512,0.13050732785822963
561,960,1521,0.13054953753903487
568,954,1522,0.130576113026813
565,951,1516,0.1305832300889712
567,956,1523,0.13059764425219555
568,954,1522,0.13060548650140472
566,962,1528,0.13060899057653855
566,950,1516,0.13061850857378052
569,955,1524,0.13062554001171578
558,952,1510,0.13062711366902055
556,950,1506,0.13065553611778347
554,950,1504,0.1306875196835631
555,960,1515,0.13072240318395636
549,982,1531,0.13075407445018747
539,980,1519,0.13079874502900732
546,982,1528,0.1308661440753556
538,978,1516,0.13091127744810882
534,976,1510,0.13097211697600278
528,971,1499,0.13103746874471114
544,969,1513,0.1311124726879004
542,966,1508,0.13114121815402768
537,964,1501,0.13117184264372714
530,966,1496,0.13121308330748035
533,955,1488,0.13126748935685817
533,957,1490,0.13131018639050154
538,963,1501,0.1313523259513718
540,959,1499,0.13137964777404815
543,967,1510,0.1314004953448693
544,979,1523,0.131412496539134
545,975,1520,0.13142106198879552
547,979,1526,0.13142647359878426
540,962,1502,0.13142599748807482
528,960,1488,0.13144273542529364
536,970,1506,0.13148926356739377
539,971,1510,0.13151127003826013
542,980,1522,0.13152426127473937
544,978,1522,0.13152850418833992
547,979,1526,0.13152713560041146
542,976,1518,0.13151786401522336
539,981,1520,0.13152283496493816
541,973,1514,0.13153520426410575
535,980,1515,0.13154141393365051
532,970,1502,0.1315614884594909
528,970,1498,0.13158756875603314
530,972,1502,0.13162199255367635
527,965,1492,0.13165002309905674
520,963,1483,0.1316827503935351
518,979,1497,0.13173021042676203
518,974,1492,0.131778874650471
520,977,1497,0.13182359236585597
530,975,1505,0.13185864195691643
530,977,1507,0.13186775504831874
524,972,1496,0.13187801624397272
521,984,1505,0.13190168300689492
532,996,1528,0.13193116790816675
526,993,1519,0.13193185993169074
520,986,1506,0.131947663674035
518,982,1500,0.13197778914852543
516,981,1497,0.13201144023689082
519,973,1492,0.1320471963401491
525,976,1501,0.13207401266191726
524,974,1498,0.1320846271739962
523,980,1503,0.1320974350274046
522,978,1500,0.13211219240045394
535,979,1514,0.13212801145181174
535,980,1515,0.1321084874366984
534,983,1517,0.1320905398674942
531,983,1514,0.13207694861806993
540,977,1517,0.13207371076644653
531,990,1521,0.13204921221544383
533,988,1521,0.1320491509160877
528,989,1517,0.13204441099704525
530,988,1518,0.13205210052452881
527,988,1515,0.13205481208820535
524,990,1514,0.1320642242216458
515,990,1505,0.1320798796394611
513,1001,1514,0.1321160023217175
522,988,1510,0.13215593401995376
522,986,1508,0.13216987237070646
523,1000,1523,0.1321837324849914
524,990,1514,0.1321935718185718
521,987,1508,0.1321998721447382
519,993,1512,0.13221381688559813
516,1004,1520,0.1322314443946933
511,995,1506,0.13225566638864944
507,989,1496,0.13229030796857855
511,991,1502,0.13233157921028404
510,988,1498,0.13236040983343955
502,1002,1504,0.13238892950599596
508,1000,1508,0.13243507796494422
507,1006,1513,0.1324627124069044
509,994,1503,0.13249171013127906
503,986,1489,0.13251410801336888
507,989,1496,0.13255077723024392
507,995,1502,0.13257580141297445
513,1002,1515,0.13260007441198804
515,999,1514,0.1326074025966797
507,999,1506,0.13260961353799158
499,995,1494,0.13263123540754174
501,995,1496,0.1326711156910174
502,1004,1506,0.13270292400569114
502,1006,1508,0.1327290074360498
502,996,1498,0.13275340122660886
497,1000,1497,0.1327756400696298
494,999,1493,0.1328108733539442
488,1008,1496,0.13285097838540658
487,1009,1496,0.1329028931222865
498,1017,1515,0.13295216403234972
496,1018,1514,0.13297096179848408
493,1006,1499,0.13299398292342107
496,1011,1507,0.13302310939787607
487,1022,1509,0.13304119642276263
479,1022,1501,0.1330817265536318
480,1020,1500,0.13314008450913087
486,1015,1501,0.13319249338872902
486,1014,1500,0.13322608653618448
483,1011,1494,0.13325787839262304
488,1005,1493,0.13329431772252587
497,1018,1515,0.13331579685932765
495,1008,1503,0.13331246089494672
494,1012,1506,0.13331438937171283
488,1020,1508,0.13331803775743803
481,1023,1504,0.13333727791516245
476,1027,1503,0.13337286955024946
471,1040,1511,0.13341792137894715
471,1035,1506,0.13347215416743385
483,1023,1506,0.13352262036940427
488,1020,1508,0.13353937924757447
484,1010,1494,0.13354189560814025
483,1015,1498,0.13355576751774423
485,1022,1507,0.13357158897157476
480,1020,1500,0.1335822066901736
477,1022,1499,0.13360586908369773
479,1025,1504,0.1336371742319929
468,1034,1502,0.13366096443382613
472,1035,1507,0.1337099978488054
468,1032,1500,0.13374570544962247
474,1025,1499,0.13378914559634864
477,1026,1503,0.13381474067500318
471,1024,1495,0.13383067178648522
475,1017,1492,0.13386062505842458
476,1031,1507,0.13387847441244186
465,1033,1498,0.1338932487901705
465,1032,1497,0.13393497358075762
473,1031,1504,0.13397260540953287
469,1026,1495,0.1339878779658894
470,1036,1506,0.1340136800073716
473,1036,1509,0.1340360224022685
470,1048,1518,0.13404870816047004
467,1053,1520,0.13406745419267987
464,1053,1517,0.13409212226353925
465,1039,1504,0.13412289857827323
465,1045,1510,0.13415004278203116
460,1044,1504,0.13417530590442237
459,1051,1510,0.13421133845528443
453,1055,1508,0.1342493225630676
452,1050,1502,0.13429870232820826
449,1061,1510,0.13434917774970156
449,1046,1495,0.1344048827026452
448,1060,1508,0.13445683764676772
457,1063,1520,0.13450719691230803
451,1052,1503,0.13453150394060162
452,1065,1517,0.1345684156669941
453,1074,1527,0.13459998342928958
446,1059,1505,0.13462709741162807
452,1059,1511,0.13466945290987106
460,1052,1512,0.13469296349452028
455,1065,1520,0.1346946825615776
447,1071,1518,0.1347099825796577
449,1077,1526,0.13474475431094413
452,1065,1517,0.1347731196375308
452,1073,1525,0.1347923725990819
448,1068,1516,0.13481100813990252
452,1067,1519,0.13483976857080127
446,1058,1504,0.13485644212833264
443,1061,1504,0.134887040801115
447,1058,1505,0.13492407952554206
441,1064,1505,0.13494786634229253
436,1063,1499,0.1349851620461551
436,1068,1504,0.13503284495187118
434,1067,1501,0.13507842009683235
433,1068,1501,0.13512681609512014
437,1073,1510,0.1351737235302664
433,1073,1506,0.13520837569519464
438,1070,1508,0.1352501718001148
437,1082,1519,0.13527725859660783
432,1083,1515,0.13530530448862518
441,1090,1531,0.13534509430548577
434,1081,1515,0.1353593600104039
432,1092,1524,0.13539070905620443
422,1088,1510,0.1354248353550154
426,1091,1517,0.13548308863620984
427,1103,1530,0.13552679875023516
427,1098,1525,0.13556447852784553
430,1098,1528,0.13559969600887908
427,1088,1515,0.13562490854224532
424,1076,1500,0.135655876132602
421,1078,1499,0.1356921441586592
428,1080,1508,0.1357332030710566
426,1078,1504,0.13575384872768403
430,1091,1521,0.13577803926118123
427,1097,1524,0.13579015086112645
421,1095,1516,0.13580899917876116
421,1082,1503,0.13584181883564192
424,1095,1519,0.1358724307764957
421,1082,1503,0.1358941368303508
424,1085,1509,0.13592402947168536
423,1095,1518,0.13594462621855866
422,1091,1513,0.13596732678674475
420,1091,1511,0.1359914853537379
421,1091,1512,0.13601873619326754
415,1094,1509,0.1360415089480561
412,1109,1521,0.13607825949597518
404,1101,1505,0.1361196838911827
404,1100,1504,0.13617739435085516
407,1097,1504,0.1362310756167057
401,1104,1505,0.13627440091142395
407,1104,1511,0.13632910797951828
407,1101,1508,0.13636527770849705
416,1097,1513,0.1363984778913737
414,1113,1527,0.1364072501040581
409,1121,1530,0.13642020040464814
407,1118,1525,0.1364458772150188
406,1121,1527,0.13647480119378902
403,1106,1509,0.13650421631947732
409,1107,1516,0.1365397545700045
401,1105,1506,0.13655748287915195
404,1111,1515,0.1365942709067998
398,1106,1504,0.13662119977542198
399,1109,1508,0.13666157958311778
392,1115,1507,0.1366973626683408
393,1107,1500,0.1367479339987956
401,1107,1508,0.13679205824463053
398,1105,1503,0.13681193410196044
402,1106,1508,0.13683737602492937
397,1115,1512,0.1368504210156253
405,1114,1519,0.13687497490138673
409,1101,1510,0.1368781067447905
409,1106,1515,0.13687152123241253
406,1104,1510,0.13686601308637544
407,1111,1518,0.1368688111576962
406,1119,1525,0.13686798757469534
401,1106,1507,0.13686889212011216
400,1107,1507,0.13688272067066432
405,1115,1520,0.1368986009989733
400,1121,1521,0.13690157280166637
397,1111,1508,0.1369180367414165
394,1122,1516,0.1369403053931747
393,1109,1502,0.13696829171745925
383,1115,1498,0.1369972681380611
384,1116,1500,0.13704916107482779
392,1110,1502,0.13709393536364892
394,1110,1504,0.1371152579685584
393,1121,1514,0.13713044699083363
396,1102,1498,0.13714604848028725
398,1118,1516,0.13715336406140788
396,1115,1511,0.13715475198510257
397,1106,1503,0.13716134374019462
397,1112,1509,0.13716353924252922
391,1116,1507,0.13716456650428796
392,1120,1512,0.13718124350471111
395,1117,1512,0.13719398282684372
393,1119,1512,0.1371982753160428
394,1108,1502,0.1372073449353262
388,1119,1507,0.1372128120938397
387,1130,1517,0.1372321554080885
396,1128,1524,0.137254103344316
387,1108,1495,0.13725187280986673
387,1113,1500,0.137272691565569
389,1120,1509,0.137291876969833
392,1119,1511,0.13730424011297288
389,1120,1509,0.13730816082413383
382,1124,1506,0.1373194718869712
389,1123,1512,0.13734724474132695
386,1117,1503,0.13735358089334113
389,1118,1507,0.1373670670757444
397,1110,1507,0.1373715353319983
396,1105,1501,0.1373557887559307
397,1103,1500,0.13734470220137215
397,1117,1514,0.1373318280902561
395,1122,1517,0.13731993199095446
401,1118,1519,0.13731446802786607
397,1116,1513,0.13729323104149463
402,1122,1524,0.13728406896677314
405,1100,1505,0.13726286368706087
409,1099,1508,0.13723666359996928
410,1091,1501,0.13720130559865143
405,1100,1505,0.1371666404883417
401,1104,1505,0.13714789090335763
398,1111,1509,0.1371410290522054
397,1117,1514,0.13714239328283143
387,1118,1505,0.1371462172828327
388,1112,1500,0.1371764358030479
384,1111,1495,0.13720155146317636
385,1112,1497,0.13723437939592859
387,1112,1499,0.1372613707349312
398,1114,1512,0.1372805677053035
402,1107,1509,0.13727013091417262
406,1096,1502,0.13725023398083372
403,1100,1503,0.1372203498536146
404,1112,1516,0.13720134093172665
397,1120,1517,0.13718144989464676
397,1118,1515,0.13718069906641017
398,1119,1517,0.13717976356391381
395,1110,1505,0.13717610380225678
396,1098,1494,0.13717986619080091
395,1112,1507,0.13718145143320143
393,1120,1513,0.13718572348299185
393,1110,1503,0.13719449140633916
392,1117,1509,0.13720146892943713
387,1118,1505,0.13721067506997614
382,1117,1499,0.13723287288770702
387,1113,1500,0.13726491401930302
383,1101,1484,0.13728246244276537
389,1095,1484,0.1373082158436433
393,1092,1485,0.13731729887396255
393,1103,1496,0.1373167210982294
397,1110,1507,0.13731572766583128
402,1113,1515,0.13730438369434494
395,1104,1499,0.1372803422386171
396,1104,1500,0.1372761353947709
395,1103,1498,0.13727031417275687
394,1113,1507,0.1372670081831334
390,1120,1510,0.137267341327894
385,1120,1505,0.13727697577220022
384,1123,1507,0.13729845010704608
383,1124,1507,0.13732196824905368
385,1123,1508,0.13734647646700693
389,1118,1507,0.13736277559208332
389,1111,1500,0.13736738335029494
391,1111,1502,0.13737064376978045
391,1110,1501,0.1373694184777065
390,1127,1517,0.1373685433689943
392,1121,1513,0.1373708676810779
397,1121,1518,0.13736670005345875
399,1123,1522,0.13735038136773076
403,1110,1513,0.13732945494973678
401,1113,1514,0.13729920999972736
392,1113,1505,0.13727681349508303
391,1109,1500,0.13727916856054706
387,1120,1507,0.13728556834507843
386,1130,1516,0.13730158843369383
388,1125,1513,0.1373187578749727
391,1120,1511,0.13732980147931964
387,1124,1511,0.1373325640242217
386,1125,1511,0.13734614790228616
383,1123,1506,0.13736161452649545
381,1129,1510,0.13738368031694229
387,1133,1520,0.13740973769176545
383,1126,1509,0.1374191158301689
379,1126,1505,0.13743759677952044
378,1122,1500,0.13746576468092336
383,1116,1499,0.13749541290062517
386,1112,1498,0.13750905540198083
385,1112,1497,0.13751416706561007
390,1120,1510,0.13752168424185907
390,1124,1514,0.13751607572248895
385,1130,1515,0.1375127024551346
379,1130,1509,0.1375214264570497
382,1120,1502,0.1375455961782548
383,1125,1508,0.13755722464845946
382,1125,1507,0.13756459854673697
381,1134,1515,0.13757496785655057
379,1135,1514,0.13758652628176282
376,1132,1508,0.13760277224779757
377,1130,1507,0.13762513779563482
380,1124,1504,0.13764317198785783
376,1129,1505,0.1376522269406799
380,1133,1513,0.1376711208119442
394,1128,1522,0.13767776482505506
390,1127,1517,0.13764743772616225
388,1128,1516,0.13762987144074423
391,1121,1512,0.13761913996212793
386,1117,1503,0.13760197057799395
388,1117,1505,0.13759972654431465
384,1119,1503,0.13759314525659946
390,1123,1513,0.13759648099116037
387,1129,1516,0.13758557186271583
386,1131,1517,0.137583408983543
388,1129,1517,0.13758435589289195
384,1136,1520,0.1375805614525947
390,1126,1516,0.13758759240916113
388,1114,1502,0.13757896157331845
388,1120,1508,0.1375765646657856
387,1126,1513,0.1375742784734758
394,1129,1523,0.1375747237101004
389,1134,1523,0.13755646541076408
388,1130,1518,0.13755183228997264
382,1119,1501,0.1375493895253425
381,1125,1506,0.13756187020735158
378,1130,1508,0.13757615630943604
383,1116,1499,0.13759704466134412
387,1117,1504,0.137604171835567
381,1118,1499,0.13760092702116505
383,1123,1506,0.13761393757397491
368,1135,1503,0.1376198731730244
374,1145,1519,0.13766458322642497
369,1157,1526,0.1376907763175999
367,1152,1519,0.13772841416020237
367,1142,1509,0.13776773134481743
370,1143,1513,0.13780612176503185
376,1123,1499,0.1378331519041032
377,1120,1497,0.13784200515289632
371,1127,1498,0.13784789569784028
375,1134,1509,0.13786897438990478
372,1137,1509,0.13787712086320061
373,1129,1502,0.13789220280785455
372,1125,1497,0.13790416400721114
372,1135,1507,0.13791743940554863
375,1130,1505,0.1379308928941975
378,1134,1512,0.13793489171953532
380,1137,1517,0.13792950876397658
374,1142,1516,0.13791911236519444
374,1146,1520,0.13792612966781442
371,1141,1512,0.13793163671934816
374,1149,1523,0.13794456115877796
376,1138,1514,0.13794791946943158
372,1142,1514,0.13794557828967785
371,1144,1515,0.13795371897897535
378,1140,1518,0.13796413014908476
382,1133,1515,0.1379547321858474
378,1143,1521,0.1379355373278298
376,1147,1523,0.13792862932240127
380,1152,1532,0.1379280750591393
382,1138,1520,0.13791689894902445
375,1132,1507,0.13790193102124695
375,1140,1515,0.137906786400815
381,1144,1525,0.13791000618039523
376,1148,1524,0.13789763821965642
369,1136,1505,0.13789954670865337
362,1144,1506,0.13791971481462661
361,1141,1502,0.13795839851700922
360,1140,1500,0.13799662786596956
361,1129,1490,0.13803387446250198
359,1145,1504,0.1380673159423974
361,1137,1498,0.138103614902629
364,1160,1524,0.138132437420842
363,1156,1519,0.1381511230292264
363,1145,1508,0.13817168969758453
358,1143,1501,0.13819038228650732
355,1141,1496,0.1382200655200594
367,1149,1516,0.1382563491264668
366,1149,1515,0.13825984701421967
359,1154,1513,0.13826556835392678
359,1150,1509,0.13828867073287313
355,1156,1511,0.13831205127012727
355,1155,1510,0.13834469141959377
358,1159,1517,0.13837536203017123
351,1162,1513,0.1383966272714728
350,1187,1537,0.13843484487487623
343,1184,1527,0.13847376841841258
349,1179,1528,0.13852824924125723
346,1171,1517,0.13856230902237393
345,1169,1514,0.13860186268027475
346,1166,1512,0.13863978436071636
338,1170,1508,0.13867295782384728
343,1166,1509,0.13872355848169252
346,1161,1507,0.13875950985651272
351,1159,1510,0.13878503982771342
350,1156,1506,0.13879693112018007
355,1164,1519,0.13880991757304872
354,1177,1531,0.13880851854250134
349,1171,1520,0.1388104429657438
348,1175,1523,0.13882390068090106
341,1163,1504,0.13884059313456348
343,1156,1499,0.13887461493497433
345,1163,1508,0.1389013175675246
348,1164,1512,0.1389198357266098
345,1179,1524,0.13892966444684351
343,1172,1515,0.13894706239821075
339,1159,1498,0.1389703408727597
342,1163,1505,0.13900183866088098
344,1162,1506,0.1390235546434577
340,1168,1508,0.13903850472525245
337,1174,1511,0.13906274326195583
342,1161,1503,0.13909324647331253
344,1166,1510,0.13910767254617043
348,1162,1510,0.1391154216542413
348,1162,1510,0.13911192421214355
347,1165,1512,0.1391074855088599
342,1166,1508,0.13910529748780776
347,1167,1514,0.1391161838064345
349,1170,1519,0.1391128925519387
350,1167,1517,0.13910429152305048
345,1172,1517,0.13909494688784707
345,1177,1522,0.13910018162436388
346,1167,1513,0.1391050250303464
339,1161,1500,0.1391074403196008
339,1168,1507,0.13912680750063872
338,1176,1514,0.13914457434636623
344,1171,1515,0.13916331812141525
336,1161,1497,0.13916443770813125
340,1174,1514,0.139186138663481
336,1171,1507,0.13919663727228793
328,1173,1501,0.1392159985250438
333,1164,1497,0.13925462130966826
338,1166,1504,0.13927801384675423
339,1168,1507,0.1392876008147586
333,1174,1507,0.13929336711249743
334,1176,1510,0.13931471227074618
336,1177,1513,0.1393323265515561
336,1170,1506,0.1393420585112136
337,1184,1521,0.13935181067681535
336,1183,1519,0.1393583015340383
337,1189,1526,0.13936720032849348
339,1184,1523,0.13937331820811152
342,1179,1521,0.13937291233955887
332,1181,1513,0.13936451894961752
332,1181,1513,0.13938290938026093
328,1186,1514,0.1394007730845123
329,1184,1513,0.13942687135614645
330,1181,1511,0.1394488191133132
324,1177,1501,0.13946659941830825
330,1173,1503,0.1394984233330791
327,1178,1505,0.13951152490195454
327,1187,1514,0.1395321613262537
330,1177,1507,0.1395509566910302
330,1172,1502,0.13956036055642598
328,1163,1491,0.1395692682484942
327,1182,1509,0.139583826452076
325,1173,1498,0.13960049873359293
332,1164,1496,0.13962166896005676
330,1182,1512,0.13962423409696825
327,1181,1508,0.1396328172730378
332,1187,1519,0.1396488987179686
334,1177,1511,0.1396513010080321
337,1184,1521,0.13964811249070153
336,1188,1524,0.13963669444868818
328,1169,1497,0.13962804530729706
324,1177,1501,0.1396405720381377
320,1184,1504,0.13966222782724053
323,1184,1507,0.13969347293013293
328,1191,1519,0.1397144519838739
324,1194,1518,0.13972149882299764
319,1193,1512,0.13973936905308776
313,1192,1505,0.13976922180939994
312,1198,1510,0.13981223842355506
323,1205,1528,0.13985545288717943
321,1198,1519,0.13986685141248087
321,1194,1515,0.13988301660587266
317,1190,1507,0.1398985442777539
316,1193,1509,0.1399236037461224
313,1196,1509,0.13994981024194547
310,1196,1506,0.139981874031057
309,1201,1510,0.14002016201419987
315,1200,1515,0.1400581984651572
311,1200,1511,0.14007813150376155
316,1201,1517,0.14010780711058143
314,1209,1523,0.1401224122566462
317,1211,1528,0.14014130815430126
307,1205,1512,0.14015184536598876
311,1205,1516,0.1401883078915931
311,1213,1524,0.14021015609975213
313,1200,1513,0.14023046252952734
315,1202,1517,0.14024359595034205
315,1207,1522,0.14025027984056712
311,1200,1511,0.14025667705506228
308,1200,1508,0.14027341888405245
305,1204,1509,0.14029689348266788
308,1202,1510,0.14032673340199886
305,1211,1516,0.14034648184544657
299,1200,1499,0.14037267440016957
298,1203,1501,0.14041300482724042
302,1201,1503,0.1404528611638931
305,1204,1509,0.1404784941517088
299,1203,1502,0.14049440671928765
303,1207,1510,0.14052506696289263
301,1208,1509,0.1405439106922991
299,1219,1518,0.1405658382268628
293,1213,1506,0.14059243663997156
293,1221,1514,0.1406332055111197
284,1216,1500,0.1406724641074323
282,1229,1511,0.14073331089353824
283,1234,1517,0.1407955690714925
279,1225,1504,0.14085089130537742
276,1221,1497,0.14091200424469744
278,1220,1498,0.14097653937986854
281,1230,1511,0.1410307490581483
280,1229,1509,0.14107290134693964
281,1221,1502,0.1411152189311232
278,1231,1509,0.14115231207317439
275,1235,1510,0.1411949559775187
269,1226,1495,0.14124280255143243
273,1231,1504,0.1413038347233415
271,1237,1508,0.14135042009604923
269,1250,1519,0.14139909256083294
271,1246,1517,0.14144951662509936
267,1237,1504,0.141491675180647
268,1235,1503,0.1415409137111071
268,1240,1508,0.14158439233466175
270,1252,1522,0.14162493355193903
271,1245,1516,0.14165719626869838
272,1250,1522,0.14168514768870277
268,1244,1512,0.14170805024518945
264,1242,1506,0.14174045656041137
258,1245,1503,0.14178100084652875
265,1244,1509,0.14183484919850498
264,1246,1510,0.14186609242287168
260,1251,1511,0.14189764592359821
263,1237,1500,0.1419378832265342
264,1240,1504,0.141967748286955
264,1238,1502,0.14199246786560912
262,1258,1520,0.14201577136273996
265,1253,1518,0.14204306777191078
264,1253,1517,0.14206029161927544
265,1250,1515,0.14207962602515634
267,1234,1501,0.14209497711434615
267,1234,1501,0.14210391902576547
261,1241,1502,0.14211136431574334
262,1237,1499,0.14213470977609943
263,1237,1500,0.14215293680704735
266,1243,1509,0.1421668339994791
268,1247,1515,0.14217265598378373
269,1243,1512,0.1421719538448492
267,1244,1511,0.1421689214151629
271,1252,1523,0.14217161830784053
266,1245,1511,0.14216303550688067
263,1246,1509,0.14216830240297032
267,1244,1511,0.14218153745115156
268,1243,1511,0.14218301307275497
269,1236,1505,0.14218147852591795
269,1248,1517,0.14217788718194277
262,1259,1521,0.14217473997257726
263,1255,1518,0.142191514544725
266,1249,1515,0.1422038409113101
265,1244,1509,0.14220794839864226
266,1238,1504,0.1422142160672079
269,1252,1521,0.14221734953939322
271,1253,1524,0.14221242571006398
270,1248,1518,0.14220214540212187
270,1239,1509,0.14219557280306835
270,1245,1515,0.1421898442829785
274,1255,1529,0.1421845543266134
266,1235,1501,0.14216850848896379
263,1242,1505,0.14217509635858294
270,1244,1514,0.14218905808708762
274,1242,1516,0.142183164170651
272,1246,1518,0.14216714888767762
269,1249,1518,0.14215742284956256
266,1244,1510,0.14215614626990772
270,1238,1508,0.14216268221773798
268,1254,1522,0.14215741342451527
264,1252,1516,0.1421582326979847
261,1255,1516,0.14216926016518971
264,1266,1530,0.14218730278215255
264,1258,1522,0.14219620473835023
266,1258,1524,0.1422045341757285
264,1259,1523,0.14220721492835214
258,1257,1515,0.14221504229274437
259,1247,1506,0.1422383148544845
257,1252,1509,0.1422560809621704
256,1253,1509,0.14227772742234746
259,1264,1523,0.14230014779335473
258,1268,1526,0.14231279913267403
260,1256,1516,0.14232787842742972
261,1249,1510,0.14233611582859246
261,1237,1498,0.14234105631516905
261,1248,1509,0.14234531368801168
264,1259,1523,0.14234954260262817
258,1251,1509,0.14234639571796406
261,1248,1509,0.14236009076848347
263,1248,1511,0.14236447555269863
261,1241,1502,0.14236320648175624
258,1250,1508,0.14236757348758086
252,1268,1520,0.14237997497131005
247,1271,1518,0.14240737830776393
249,1277,1526,0.14244565000080012
244,1271,1515,0.14247533509625918
247,1275,1522,0.14251597632131852
248,1256,1504,0.14254577274838248
253,1252,1505,0.1425711410386549
245,1239,1484,0.1425814257825586
243,1246,1489,0.14261314758740973
246,1248,1494,0.14264731504102707
251,1264,1515,0.14267137546223718
250,1269,1519,0.14268087126431334
255,1280,1535,0.14269249291509423
253,1283,1536,0.14268924486027096
251,1285,1536,0.14269214302197292
244,1271,1515,0.14270069830164492
242,1260,1502,0.14272756732147746
247,1260,1507,0.14275829150871744
250,1263,1513,0.14277277935736854
253,1270,1523,0.1427787299549115
253,1274,1527,0.14277649542516824
253,1274,1527,0.14277421584285974
254,1259,1513,0.14277265373946577
252,1259,1511,0.1427690644425541
248,1261,1509,0.14277108892954982
245,1280,1525,0.14278348059660806
244,1285,1529,0.1428027581050725
243,1287,1530,0.14282367993039546
242,1284,1526,0.1428459124934276
238,1290,1528,0.14286922401494187
237,1283,1520,0.14290224627424358
239,1287,1526,0.14293538645207776
237,1291,1528,0.14296080447642392
236,1291,1527,0.14299054454053298
240,1289,1529,0.14302120843695385
239,1277,1516,0.143038109578203
236,1281,1517,0.14305651073772038
233,1283,1516,0.14308204795109897
236,1271,1507,0.14311385911831148
236,1266,1502,0.14313493478330183
235,1275,1510,0.14315485094292174
235,1273,1508,0.14317554337688523
231,1285,1516,0.14319498691264626
231,1273,1504,0.14322414347918822
231,1283,1514,0.14325092918985413
227,1293,1520,0.14327610419145093
230,1292,1522,0.14331009676253748
227,1282,1509,0.14333341629586893
228,1282,1510,0.14336318376860227
225,1283,1508,0.14338777939452022
223,1285,1508,0.14341886400360246
220,1289,1509,0.14345365769765675
216,1295,1511,0.143494261276446
221,1291,1512,0.1435431818708843
224,1287,1511,0.1435746115905605
220,1293,1513,0.14359612755216794
222,1295,1517,0.14362746202925927
217,1299,1516,0.1436512879832389
219,1285,1504,0.143687328442919
218,1288,1506,0.14371544516422546
222,1303,1525,0.14374469876833776
217,1301,1518,0.14376043864763827
214,1317,1531,0.14378863057673588
212,1305,1517,0.1438232631074228
214,1311,1525,0.14386093340359682
215,1309,1524,0.14389116517366432
215,1311,1526,0.1439165507049824
215,1299,1514,0.14393997080337476
211,1312,1523,0.14396194017807715
216,1310,1526,0.1439927490596482
209,1316,1525,0.144007573719505
212,1299,1511,0.14404092099359925
210,1294,1504,0.14406378004944012
207,1293,1500,0.14409160684616726
205,1296,1501,0.1441253758615561
206,1299,1505,0.1441622685750831
209,1312,1521,0.1441942951073206
206,1322,1528,0.1442163198529656
203,1311,1514,0.14424516855131048
203,1315,1518,0.14428028963369738
208,1311,1519,0.14431294327234984
203,1308,1511,0.1443299745649443
202,1311,1513,0.14436009423077445
200,1314,1514,0.14439074535524532
198,1309,1507,0.14442428057384363
192,1317,1509,0.14446122924806898
194,1308,1502,0.14451143468109098
191,1305,1496,0.144552984210417
195,1301,1496,0.14459950963203838
198,1299,1497,0.14463165313781062
202,1299,1501,0.14465330395740875
202,1304,1506,0.144662533740101
204,1312,1516,0.144671002981265
206,1327,1533,0.1446736854948399
210,1306,1516,0.14467094337899994
211,1310,1521,0.14465710173824411
204,1302,1506,0.14464162094702107
203,1308,1511,0.14464696357497156
206,1302,1508,0.14465472656692613
211,1311,1522,0.14465298910182106
207,1304,1511,0.14463753083431236
207,1311,1518,0.1446338849531887
207,1304,1511,0.14463003478369138
201,1304,1505,0.144626228486354
204,1307,1511,0.14463978129868393
202,1328,1530,0.14464399353637483
201,1320,1521,0.14465273681077392
196,1323,1519,0.14466361914196008
201,1314,1515,0.14468739837507413
203,1318,1521,0.14469532405830435
199,1311,1510,0.1446972063052926
198,1302,1500,0.14471043792494379
197,1302,1499,0.1447256099327278
200,1310,1510,0.14474258462730144
201,1312,1513,0.14475019362952815
199,1313,1512,0.14475434447226104
197,1304,1501,0.14476404237937557
200,1303,1503,0.14477830355465426
200,1305,1505,0.1447830384916362
199,1305,1504,0.14478784268857944
200,1319,1519,0.14479575857773574
199,1317,1516,0.14480008888950796
198,1322,1520,0.14480724100739642
196,1325,1521,0.14481648726852409
193,1319,1512,0.14483095092520099
197,1310,1507,0.14485305426768091
194,1325,1519,0.14486210194788818
195,1314,1509,0.14487839589540769
196,1309,1505,0.14489083902042452
197,1301,1498,0.14489904489273678
203,1306,1509,0.1449040576752168
199,1313,1512,0.14489173260321256
201,1313,1514,0.1448912917856508
198,1314,1512,0.14488548211118168
201,1316,1517,0.14488878281437523
204,1311,1515,0.14488370223789698
204,1311,1515,0.14487015299868705
205,1298,1503,0.14485720969600488
207,1292,1499,0.14484227393251456
210,1290,1500,0.14482234645726744
208,1294,1502,0.1447962616322785
207,1301,1508,0.1447776780728475
208,1296,1504,0.1447625928273643
209,1299,1508,0.14474566403404207
211,1297,1508,0.1447267249724479
206,1305,1511,0.14470379766494104
208,1307,1515,0.14469654335794477
203,1308,1511,0.14468429235949162
201,1304,1505,0.14468677112554854
201,1311,1512,0.14469425304258413
205,1315,1520,0.14470087416498637
207,1304,1511,0.14469555050116426
207,1305,1512,0.1446848288130261
205,1320,1525,0.14467460380508243
211,1301,1512,0.14467008667015346
209,1304,1513,0.1446500252238801
201,1312,1513,0.14463693470639213
203,1325,1528,0.1446469616870205
199,1339,1538,0.14465066217993905
198,1333,1531,0.14466512068789722
193,1326,1519,0.14468193076081434
196,1329,1525,0.14471130867650647
194,1316,1510,0.14473056826711128
194,1312,1506,0.14475415970079175
189,1320,1509,0.14477646550881296
190,1315,1505,0.14481085846857084
189,1313,1502,0.14484029934764348
187,1316,1503,0.1448706036631868
184,1319,1503,0.14490439235190503
183,1327,1510,0.14494475168554324
186,1328,1514,0.1449851167157152
187,1321,1508,0.14501483202701565
185,1330,1515,0.14503985042342094
184,1326,1510,0.14506868423326005
185,1321,1506,0.1450982807883627
185,1314,1499,0.1451229361788801
183,1332,1515,0.14514698904946105
184,1338,1522,0.14517494045387946
183,1332,1515,0.14519837350813844
184,1328,1512,0.14522331557135298
183,1329,1512,0.14524361639855332
185,1330,1515,0.14526545266454277
183,1334,1517,0.1452806127957093
183,1334,1517,0.14530096651110594
187,1324,1511,0.14531995090571884
188,1329,1517,0.14532703159798213
186,1321,1507,0.14533096069862633
184,1322,1506,0.14534067735927722
189,1325,1514,0.14535543984609398
190,1323,1513,0.1453555256214024
188,1317,1505,0.1453530908444231
190,1316,1506,0.14535713501290967
188,1319,1507,0.14535567617553902
185,1326,1511,0.14536013795573074
180,1333,1513,0.14537307957870932
184,1323,1507,0.14539925118172092
185,1317,1502,0.14541213209315682
185,1322,1507,0.14542146927144034
187,1331,1518,0.14542994327664321
182,1341,1523,0.14543217817928217
183,1341,1524,0.1454482378420969
183,1345,1528,0.14546020551409092
179,1329,1508,0.14547170479027996
177,1331,1508,0.14549360025342847
177,1328,1505,0.14551934514143228
175,1322,1497,0.14554412312100645
170,1316,1486,0.14557256983680866
174,1324,1498,0.1456128143683354
171,1338,1509,0.14563898675780965
174,1340,1514,0.14567104256853727
170,1346,1516,0.14569316258232268
172,1347,1519,0.14572511015271297
173,1352,1525,0.1457493075738876
169,1351,1520,0.14576944227029054
164,1351,1515,0.14579906628560957
169,1345,1514,0.145840246246328
171,1355,1526,0.14586411211774908
170,1351,1521,0.14588090617710775
174,1357,1531,0.1458994799493837
169,1354,1523,0.1459060411663718
169,1353,1522,0.14592610129422043
171,1341,1512,0.14594484054331275
169,1329,1498,0.1459565448367761
171,1329,1500,0.1459733129363726
171,1339,1510,0.14598288389417116
171,1346,1517,0.14599176752713608
165,1358,1523,0.14600030822642085
166,1344,1510,0.14602534770894784
163,1350,1513,0.146046515897897
163,1351,1514,0.1460737074488238
165,1356,1521,0.14609856246530517
164,1348,1512,0.14611585340780464
164,1368,1532,0.14613517239876828
163,1363,1526,0.14615366028607035
164,1359,1523,0.14617357581647897
166,1351,1517,0.14618889859454465
165,1367,1532,0.1461973702839658
168,1365,1533,0.1462081035832238
169,1362,1531,0.14620958238687745
170,1349,1519,0.1462081928576271
166,1349,1515,0.14620391703881777
164,1351,1515,0.14621143328952138
164,1353,1517,0.14622460075612842
161,1344,1505,0.14623676343424166
161,1341,1502,0.14625713761185097
162,1344,1506,0.1462755417397807
157,1351,1508,0.1462898269793074
159,1353,1512,0.1463170298792547
158,1351,1509,0.1463366089329073
160,1349,1509,0.14635752047158485
158,1352,1510,0.14637133720535916
151,1361,1512,0.14638984992471082
151,1340,1491,0.14642791796560692
150,1351,1501,0.14646338936482053
154,1361,1515,0.14649888621566604
154,1356,1510,0.14652077555241122
149,1364,1513,0.14654164537783548
147,1357,1504,0.14657610187614023
149,1355,1504,0.1466133280791361
153,1368,1521,0.14664237428786295
149,1370,1519,0.14665875298402603
151,1373,1524,0.14668591232776906
151,1377,1528,0.14670496704383315
155,1377,1532,0.14672284646786443
152,1373,1525,0.14672802073006871
156,1357,1513,0.14674142377965363
156,1360,1516,0.1467426862728485
155,1352,1507,0.14674421597717535
155,1361,1516,0.1467484337893913
154,1362,1516,0.14675149954376232
159,1345,1504,0.14675749169742816
157,1360,1517,0.14674855446339855
156,1361,1517,0.14674587559421778
157,1356,1513,0.14674556687150336
158,1357,1515,0.14674331333525711
157,1349,1506,0.1467385475333589
158,1342,1500,0.14673709398191412
162,1344,1506,0.14673311348517473
160,1361,1521,0.1467180221383075
157,1350,1507,0.14671002030036415
161,1349,1510,0.14671094806547913
161,1363,1524,0.14670085707052144
159,1372,1531,0.1466918249132732
156,1362,1518,0.1466893514759021
154,1357,1511,0.14669568046499
153,1367,1520,0.14670727349193857
152,1366,1518,0.14672116772042834
153,1348,1501,0.14673684352848437
150,1354,1504,0.14674831025712856
152,1359,1511,0.14676850146090828
148,1357,1505,0.14678160221003744
149,1358,1507,0.1468045775453563
148,1358,1506,0.14682297067773273
145,1342,1487,0.14684349792706705
146,1346,1492,0.14687080207713066
147,1351,1498,0.14689233883080546
149,1350,1499,0.1469095729535507
150,1358,1508,0.14692057745264603
150,1357,1507,0.14692850682719757
154,1372,1526,0.14693619281088977
153,1363,1516,0.1469319446701881
155,1378,1533,0.14693085085155688
154,1370,1524,0.14692400664018088
153,1361,1514,0.14691961557142233
155,1349,1504,0.1469182850943309
156,1363,1519,0.14691108830860317
162,1361,1523,0.14690111718089807
164,1352,1516,0.14687450872145966
169,1350,1519,0.1468435853609947
164,1357,1521,0.14679979597742654
166,1351,1517,0.14677356793478868
170,1360,1530,0.14674308633546362
172,1356,1528,0.14670370813674613
173,1347,1520,0.14666142925082096
172,1348,1520,0.1466192450511488
171,1343,1514,0.14658289904274863
170,1346,1516,0.1465514862173304
166,1336,1502,0.14652517041129387
166,1339,1505,0.1465120340287319
158,1353,1511,0.14649974062076393
156,1347,1503,0.14651153441979928
159,1351,1510,0.14652723031432682
160,1353,1513,0.1465327621937715
156,1359,1515,0.14653469708459618
158,1359,1517,0.14654722252495003
159,1362,1521,0.14655291179883853
158,1366,1524,0.14655568125234414
154,1367,1521,0.14656093019591282
154,1363,1517,0.14657690550346314
154,1376,1530,0.1465918528047795
155,1370,1525,0.14660575338451182
155,1371,1526,0.14661554512691427
156,1373,1529,0.14662493646068062
155,1369,1524,0.14663111176185542
155,1363,1518,0.14663936253313195
152,1362,1514,0.1466472891902751
152,1357,1509,0.14666373429589158
156,1363,1519,0.14667827734897418
159,1358,1517,0.14668011036645548
160,1361,1521,0.14667358501181826
161,1356,1517,0.14666505650668837
161,1369,1530,0.1466543248821288
162,1375,1537,0.1466443743396358
158,1367,1525,0.14663220832980448
157,1368,1525,0.14663214767748042
156,1372,1528,0.14663409544366043
154,1361,1515,0.146639409814834
153,1368,1521,0.14664987755373768
149,1362,1511,0.1466631096791836
145,1365,1510,0.1466870361804175
148,1372,1520,0.14672038433214074
148,1363,1511,0.14674230507144212
145,1361,1506,0.14676264575878625
148,1366,1514,0.14679005676407939
146,1350,1496,0.1468077278754554
147,1361,1508,0.14682968213258607
146,1369,1515,0.14684740595682216
146,1367,1513,0.14686713535125695
147,1355,1502,0.1468856693405123
145,1356,1501,0.14690053722754726
141,1356,1497,0.14691999442395087
144,1364,1508,0.14694958710551023
142,1374,1516,0.1469684755537948
145,1369,1514,0.1469919369249039
146,1374,1520,0.147005424624285
147,1384,1531,0.14701503307065217
147,1373,1520,0.14702120671493074
140,1365,1505,0.14702690009387473
142,1370,1512,0.1470518752675395
144,1365,1509,0.14706942049224359
144,1380,1524,0.14707924640695325
139,1385,1524,0.1470882096330804
140,1370,1510,0.14711066254847205
145,1373,1518,0.14712832872012638
142,1369,1511,0.1471308958049464
140,1368,1508,0.14714220243051443
139,1369,1508,0.14715866907240777
136,1359,1495,0.14717677050468775
141,1364,1505,0.1472024239393434
139,1379,1518,0.1472121122736592
136,1389,1525,0.1472271381917564
139,1387,1526,0.1472498535602322
140,1391,1531,0.14726243140798873
142,1380,1522,0.14727125916933553
141,1383,1524,0.1472740829634002
138,1377,1515,0.14727950785924931
131,1377,1508,0.14729345400867333
134,1378,1512,0.1473273555995914
136,1389,1525,0.14735031308311203
137,1380,1517,0.14736551810385923
132,1391,1523,0.14737711307334128
131,1392,1523,0.14740262313670816
131,1387,1518,0.14742914514345862
134,1382,1516,0.14745372688611305
134,1376,1510,0.14746753767447038
133,1369,1502,0.14748073783579188
129,1371,1500,0.14749628285478328
131,1371,1502,0.14752186003762946
129,1372,1501,0.14754003951193784
128,1379,1507,0.14756283231930284
129,1381,1510,0.14758694097040387
127,1367,1494,0.147606977965114
133,1376,1509,0.14763135269098668
132,1383,1515,0.14763750613316692
130,1383,1513,0.14764618161553103
130,1379,1509,0.1476600139719556
134,1381,1515,0.14767308310567068
132,1387,1519,0.14767368701079212
131,1377,1508,0.14767971154266613
134,1376,1510,0.1476888450672301
135,1381,1516,0.1476890611613597
135,1368,1503,0.14768653292759204
132,1367,1499,0.14768446660633092
131,1389,1520,0.1476909235892571
132,1395,1527,0.1476998558758578
133,1386,1519,0.14770541334965837
131,1383,1514,0.1477080659749838
127,1392,1519,0.14771640151779444
128,1392,1520,0.14773599645156116
130,1391,1521,0.14775120718517773
125,1380,1505,0.1477595053348299
127,1385,1512,0.14778186555923084
126,1384,1510,0.14779691088631985
128,1379,1507,0.1478143286295616
130,1387,1517,0.1478245610427202
128,1389,1517,0.14782863647528685
129,1376,1505,0.14783871136969698
131,1379,1510,0.1478450188414696
128,1385,1513,0.147845368263858
132,1387,1519,0.14785414470979263
134,1386,1520,0.14785081311003334
129,1398,1527,0.14784194915254098
129,1386,1515,0.14784830419078454
131,1377,1508,0.14785500504106605
132,1383,1515,0.1478556049295235
130,1396,1526,0.1478531593870101
128,1398,1526,0.14785629953732576
129,1403,1532,0.1478650240835754
128,1397,1525,0.1478704420977253
130,1385,1515,0.1478781670590792
126,1380,1506,0.14788017471590542
122,1372,1494,0.14789325672142084
126,1383,1509,0.147917018250551
126,1383,1509,0.14792737023888575
122,1382,1504,0.14793698403586206
123,1390,1513,0.1479572270423328
126,1388,1514,0.14797361238655482
125,1385,1510,0.14798078082946256
124,1379,1503,0.14799012620641427
125,1372,1497,0.14800205172204753
125,1379,1504,0.1480106627762888
126,1387,1513,0.148019140308974
129,1381,1510,0.14802421441645366
127,1386,1513,0.14802031837263954
123,1386,1509,0.14802246157859025
121,1384,1505,0.14803643623172758
118,1405,1523,0.1480553341890535
119,1408,1527,0.14808186790706646
117,1403,1520,0.1481035660133321
124,1381,1505,0.1481291165012352
127,1373,1500,0.1481324316893993
123,1370,1493,0.14812729403207672
125,1381,1506,0.148134600850144
123,1385,1508,0.1481360838668617
126,1385,1511,0.14814317198369645
127,1391,1518,0.14814193145417753
126,1395,1521,0.14813799952323398
125,1388,1513,0.14813681865791767
123,1381,1504,0.14813846808666142
124,1391,1515,0.14814604960158193
123,1378,1501,0.1481502872686398
126,1382,1508,0.14815708469726468
126,1362,1488,0.1481546105214837
123,1376,1499,0.148152306591321
122,1373,1495,0.14815860963386498
124,1373,1497,0.1481674088073926
124,1396,1520,0.1481695636119424
122,1392,1514,0.14817195543715986
118,1401,1519,0.14817962968975723
117,1414,1531,0.14819831279346596
118,1402,1520,0.14821883984534728
118,1404,1522,0.1482353715113057
115,1392,1507,0.14825092047311908
120,1389,1509,0.14827415548460238
119,1385,1504,0.14828079037510988
121,1391,1512,0.14828962934359485
118,1393,1511,0.14829237573929305
114,1394,1508,0.1483030441332084
113,1380,1493,0.14832479530599849
114,1391,1505,0.1483479383310281
116,1398,1514,0.14836724336015858
117,1407,1524,0.14837882640141886
120,1409,1529,0.14838698878927617
121,1408,1529,0.14838545294682187
123,1402,1525,0.14838157831285984
119,1398,1517,0.14837172591961634
119,1393,1512,0.14837384298847184
121,1394,1515,0.1483759030923912
120,1393,1513,0.1483720234540814
118,1385,1503,0.1483710507867984
114,1406,1520,0.14837569720499244
112,1395,1507,0.14839132204125471
112,1393,1505,0.14841162759016274
112,1387,1499,0.1484305466189962
110,1411,1521,0.14844769675552227
113,1410,1523,0.14846970299526976
112,1400,1512,0.1484815211329924
112,1416,1528,0.14849561744294446
112,1416,1528,0.14850881519385484
112,1413,1525,0.14852098713752432
115,1414,1529,0.14853263280832008
114,1397,1511,0.1485350153636501
111,1405,1516,0.1485403898407927
111,1399,1510,0.1485538439504731
111,1409,1520,0.14856667580983
112,1404,1516,0.1485791622944513
110,1409,1519,0.14858773785343066
111,1415,1526,0.14860181606365006
109,1423,1532,0.1486120869344715
107,1404,1511,0.14862791660631305
107,1400,1507,0.148648174195619
104,1407,1511,0.1486670723362124
105,1393,1498,0.14869335906315367
104,1399,1503,0.14871490525829753
105,1405,1510,0.14873827428574798
103,1411,1514,0.14875747961623598
98,1400,1498,0.14878125073189297
99,1409,1508,0.14881823281570458
97,1424,1521,0.14885009993081355
99,1420,1519,0.14888561966691127
100,1429,1529,0.14891245085438867
101,1420,1521,0.1489347648822698
103,1420,1523,0.14895267448925292
96,1428,1524,0.14896352193523088
92,1417,1509,0.14899386164445366
94,1408,1502,0.1490336959052729
91,1412,1503,0.14906538792081953
92,1414,1506,0.14910422478121993
93,1416,1509,0.14913765367416343
92,1420,1512,0.1491663773717551
97,1407,1504,0.14919601015327782
97,1416,1513,0.14920892850426828
101,1422,1523,0.14922104654642068
99,1427,1526,0.14922156412132895
98,1415,1513,0.14922771466954626
99,1413,1512,0.14923613161785998
98,1415,1513,0.14924112179750795
96,1413,1509,0.1492482128829144
99,1418,1517,0.14926135924599734
95,1429,1524,0.14926434582020368
94,1428,1522,0.14927908953650815
93,1426,1519,0.14929622343482005
93,1420,1513,0.14931551414930552
92,1418,1510,0.14933386741478707
92,1423,1515,0.1493542773468623
90,1410,1500,0.14937316701677106
89,1419,1508,0.1493968734835821
91,1428,1519,0.14942194493656408
87,1422,1509,0.14943912023692593
90,1428,1518,0.14946660443999973
89,1425,1514,0.1494836313978772
90,1430,1520,0.14950242047062076
88,1427,1515,0.14951695688887945
88,1425,1513,0.1495365514013624
90,1415,1505,0.14955508950442917
89,1416,1505,0.1495668280564116
90,1425,1515,0.14958035666057182
91,1429,1520,0.14959038340890923
94,1431,1525,0.14959612034821543
95,1435,1530,0.14959285668719857
95,1421,1516,0.1495868656747863
88,1420,1508,0.14958126430129906
87,1417,1504,0.14959696237387143
86,1418,1504,0.14961428772776103
89,1422,1511,0.14963329809032058
87,1418,1505,0.14964140863004557
87,1408,1495,0.1496544681311402
83,1417,1500,0.14966681052530895
85,1411,1496,0.14968961841271383
84,1418,1502,0.14970508380758601
85,1425,1510,0.1497229603078969
81,1432,1513,0.14973687944914524
84,1433,1517,0.14976206760329738
85,1433,1518,0.14977679865685073
84,1418,1502,0.14978700912377524
83,1415,1498,0.14979998243321535
84,1416,1500,0.14981483798702347
86,1423,1509,0.14982576939528913
88,1427,1515,0.14983012256210274
87,1434,1521,0.14982895073851474
88,1421,1509,0.1498309108619492
89,1429,1518,0.1498298404624281
90,1428,1518,0.1498258561350438
91,1428,1519,0.14981939621621976
92,1430,1522,0.14981050703248427
93,1427,1520,0.14979917957850702
88,1442,1530,0.14978563190238037
87,1436,1523,0.14978731318057156
88,1436,1524,0.14979157632201512
87,1437,1524,0.1497924610198819
88,1437,1525,0.14979630905648225
89,1432,1521,0.14979720945364736
87,1433,1520,0.14979510783667485
87,1426,1513,0.14979916765969012
87,1421,1508,0.14980307927515366
89,1421,1510,0.14980670159132234
92,1424,1516,0.14980476308945667
91,1418,1509,0.14979376080484957
88,1420,1508,0.14978643067716915
92,1421,1513,0.1497882561104533
94,1422,1516,0.14977843603227017
94,1427,1521,0.14976370260180355
93,1427,1520,0.14975015949682866
94,1422,1516,0.14974040462703717
97,1424,1521,0.14972825796575728
95,1420,1515,0.14970823893035579
94,1425,1519,0.14969529683376423
94,1426,1520,0.1496861892901827
95,1431,1526,0.1496776934808173
94,1423,1517,0.14966692635959522
94,1421,1515,0.14965969023556902
93,1423,1516,0.14965268861166553
90,1420,1510,0.14964930402031834
87,1420,1507,0.14965482878691008
85,1412,1497,0.1496689549871738
86,1412,1498,0.14968793130462058
85,1424,1509,0.14970247866993333
84,1430,1514,0.1497184715645625
85,1428,1513,0.14973602660495128
84,1422,1506,0.14974945136833406
84,1428,1512,0.14976527565046305
82,1427,1509,0.14977977602057918
82,1432,1514,0.1497991137630283
83,1439,1522,0.14981752496699052
82,1429,1511,0.14983200976728958
82,1431,1513,0.14984885781184099
80,1446,1526,0.14986473828838948
80,1439,1519,0.14988570398328552
81,1443,1524,0.14990522232307713
77,1432,1509,0.14992042697975916
80,1432,1512,0.14994624797507883
81,1438,1519,0.14996140881460757
83,1441,1524,0.14997273247382725
82,1446,1528,0.14997742328981203
81,1441,1522,0.14998483634967255
85,1442,1527,0.1499947748805141
86,1435,1521,0.14999246240227493
87,1435,1522,0.14998765464981517
87,1420,1507,0.14998044466653013
81,1433,1514,0.14997398203196333
81,1444,1525,0.14998575205506903
78,1435,1513,0.14999685365708587
78,1434,1512,0.15001634325841504
79,1440,1519,0.15003467456813474
78,1427,1505,0.1500489794911609
78,1427,1505,0.15006528886668835
81,1442,1523,0.15008086171301702
80,1445,1525,0.150086994099035
79,1443,1522,0.150095749003532
79,1421,1500,0.150106653874862
78,1435,1513,0.15011720583667626
77,1446,1523,0.15012991723705948
76,1436,1512,0.15014437525142227
75,1421,1496,0.15016061872177905
77,1427,1504,0.15017875896124686
79,1434,1513,0.1501898884458679
81,1438,1519,0.15019492606319337
80,1437,1517,0.15019365440328009
80,1436,1516,0.150195463040763
79,1446,1525,0.15019710084138896
77,1453,1530,0.1502020951531587
78,1457,1535,0.15021229719647458
77,1451,1528,0.1502191798713234
79,1458,1537,0.1502289812414245
77,1447,1524,0.1502318616671592
78,1441,1519,0.15024022374076923
78,1451,1529,0.150245186207123
76,1451,1527,0.1502498966103816
76,1451,1527,0.15026001190956248
74,1449,1523,0.15026967656182827
71,1445,1516,0.15028459100791872
69,1446,1515,0.1503073227622072
70,1439,1509,0.1503343935523632
73,1442,1515,0.1503568087438573
72,1453,1525,0.15036884843390513
70,1454,1524,0.15038386364941883
70,1438,1508,0.1504038592612164
70,1443,1513,0.15042287614770367
72,1444,1516,0.150440254583937
74,1436,1510,0.1504502067893715
74,1455,1529,0.15045361507290078
72,1467,1539,0.15045678086230752
73,1453,1526,0.15046610546802328
72,1441,1513,0.15047164668829052
72,1434,1506,0.1504797707572129
72,1434,1506,0.1504874156530097
71,1443,1514,0.1504940078494385
73,1446,1519,0.15050272510729076
76,1442,1518,0.15050513510183383
74,1435,1509,0.15049838591620238
71,1434,1505,0.15049798817839857
69,1458,1527,0.15050655429119358
70,1452,1522,0.1505205091037638
68,1449,1517,0.1505304224697927
68,1449,1517,0.1505455351918403
67,1453,1520,0.15056015595679245
62,1441,1503,0.15057669403207227
62,1441,1503,0.1506069955278693
62,1436,1498,0.15063516861836157
62,1435,1497,0.1506613740057459
65,1442,1507,0.15068621785016456
64,1447,1511,0.15070027668053926
63,1445,1508,0.15071636211469977
64,1450,1514,0.15073454924915794
61,1457,1518,0.15074868296248134
60,1454,1514,0.15077072762357538
58,1453,1511,0.1507942295709654
58,1475,1533,0.15082224572532948
59,1471,1530,0.15084815971954046
59,1459,1518,0.15086936866538186
60,1463,1523,0.15088913985863958
59,1463,1522,0.15090465576595963
55,1460,1515,0.1509221029990346
56,1448,1504,0.15095027936766983
55,1444,1499,0.15097403762690154
55,1463,1518,0.15099913041603646
53,1450,1503,0.15102262471449154
51,1458,1509,0.1510505113320188
52,1474,1526,0.15108221285808135
49,1473,1522,0.15110890004135988
52,1462,1514,0.1511428699046433
53,1469,1522,0.15116545454532382
52,1457,1509,0.1511835188912082
53,1461,1514,0.15120344725055848
53,1454,1507,0.15121893952515564
49,1472,1521,0.15123355449120598
52,1468,1520,0.15125933186588494
53,1474,1527,0.15127440514778925
49,1466,1515,0.15128548018996255
48,1474,1522,0.1513081186977448
48,1474,1522,0.15133213703814946
49,1468,1517,0.15135472424772253
48,1464,1512,0.15137279802606143
48,1467,1515,0.15139291900876498
45,1450,1495,0.15141175723948513
47,1454,1501,0.15143831191086693
45,1457,1502,0.15145715392112868
48,1447,1495,0.1514807686451122
47,1455,1502,0.1514938525061412
48,1473,1521,0.15150908348664893
47,1459,1506,0.15152032162975768
45,1472,1517,0.15153400658136093
48,1468,1516,0.1515528959546559
43,1485,1528,0.15156129231955567
43,1484,1527,0.1515845279270662
44,1487,1531,0.15160624065949538
44,1480,1524,0.1516235790684653
43,1476,1519,0.15163992878007143
44,1469,1513,0.1516582991532186
45,1474,1519,0.15167242490211
45,1470,1515,0.15168261761423701
44,1480,1524,0.151692179417181
42,1475,1517,0.15170420408063723
42,1475,1517,0.151721725662809
42,1479,1521,0.15173819739820668
43,1469,1512,0.1517535957928081
43,1456,1499,0.15176484442921087
43,1461,1504,0.15177545146791802
45,1476,1521,0.1517853472845159
45,1477,1522,0.15178835630702256
44,1482,1526,0.15179128176893936
43,1476,1519,0.15179714556036772
42,1480,1522,0.15180577199146827
42,1481,1523,0.15181704146832684
43,1474,1517,0.15182757120577306
44,1469,1513,0.15183442440902506
41,1474,1515,0.15183784520187837
39,1460,1499,0.15185022473586346
38,1470,1508,0.15186791669329364
37,1472,1509,0.15188759921030853
39,1469,1508,0.1519089569001744
39,1478,1517,0.15192275687208942
38,1479,1517,0.15193573626125667
37,1477,1514,0.1519509865616244
37,1483,1520,0.15196810016739978
38,1489,1527,0.1519840900307142
38,1492,1530,0.15199591827986253
37,1490,1527,0.1520071605737637
36,1483,1519,0.15202085097083148
37,1472,1509,0.15203664592243382
36,1479,1515,0.15204821391947496
38,1484,1522,0.1520621696981433
38,1473,1511,0.15206906128106087
40,1472,1512,0.15207556859435042
42,1466,1508,0.15207549232494233
39,1472,1511,0.15206924235933086
39,1476,1515,0.15207267356489498
38,1481,1519,0.15207589499700094
38,1470,1508,0.1520819889776736
37,1458,1495,0.15208767542266924
36,1450,1486,0.15209607333048353
35,1450,1485,0.15210711109771607
36,1475,1511,0.15212065077058526
36,1478,1514,0.15213022443983623
38,1479,1517,0.15213918017796493
38,1482,1520,0.15214134784001415
41,1470,1511,0.15214347822610205
41,1465,1506,0.15213622720950987
40,1470,1510,0.1521295413491691
38,1473,1511,0.15212646766674126
36,1475,1511,0.15212976773710693
36,1492,1528,0.1521390258927918
37,1488,1525,0.15214771646089328
37,1489,1526,0.15215277828290139
38,1494,1532,0.15215756747627374
39,1474,1513,0.1521589649907258
36,1485,1521,0.15215716059244472
36,1473,1509,0.15216480943791877
35,1466,1501,0.15217192345523858
33,1476,1509,0.1521816556725331
33,1483,1516,0.1521969568004747
31,1485,1516,0.15221127853234237
30,1480,1510,0.15223092542080197
29,1496,1525,0.15225246962429784
29,1489,1518,0.1522756969393891
31,1489,1520,0.15229743056958925
33,1495,1528,0.15231130000754584
32,1493,1525,0.15231809861523687
32,1490,1522,0.1523276954635388
29,1503,1532,0.15233665738638058
30,1501,1531,0.1523543871011643
33,1493,1526,0.15236789192342687
33,1492,1525,0.15237120060605824
32,1491,1523,0.1523743359406409
31,1493,1524,0.15238035267660577
30,1497,1527,0.15238915424662672
30,1500,1530,0.1524005551057637
31,1492,1523,0.1524112263202286
31,1487,1518,0.15241801009384898
31,1483,1514,0.15242436590246947
29,1480,1509,0.15243031903378548
28,1485,1513,0.15244230084646276
29,1496,1525,0.1524568064003237
28,1503,1531,0.1524672628839765
28,1495,1523,0.15248029487331524
28,1505,1533,0.15249252371179126
28,1497,1525,0.15250403534904902
28,1485,1513,0.15251485740557036
28,1492,1520,0.15252502123555037
29,1494,1523,0.15253451312850383
28,1492,1520,0.15254029949195336
28,1493,1521,0.15254888198110333
28,1492,1520,0.15255696834167368
26,1492,1518,0.1525645928011947
26,1484,1510,0.15257801408573188
27,1482,1509,0.1525905646283126
25,1472,1497,0.15259916051922215
23,1477,1500,0.15261348498464133
24,1484,1508,0.1526331240531538
23,1493,1516,0.15264840187663448
23,1487,1510,0.15266585715485384
23,1493,1516,0.152682221786122
23,1509,1532,0.1526976514649415
23,1487,1510,0.1527123031632196
23,1489,1512,0.1527260137636779
25,1495,1520,0.15273887315499393
25,1497,1522,0.1527446530839412
25,1484,1509,0.1527501937083853
25,1478,1503,0.15275541764551742
25,1480,1505,0.1527604764515712
25,1485,1510,0.15276532025827735
25,1496,1521,0.15276992239432519
24,1505,1529,0.1527742813910301
25,1513,1538,0.1527814482534415
23,1512,1535,0.15278502951129486
22,1495,1517,0.1527948109558871
24,1492,1516,0.15280705205771805
24,1488,1512,0.15281229992477896
23,1483,1506,0.15281726128164652
21,1492,1513,0.15282513055010427
21,1486,1507,0.15283859727801474
20,1495,1515,0.15285115051923542
21,1499,1520,0.15286586473915792
20,1498,1518,0.15287654799671851
21,1506,1527,0.15288972572264128
21,1492,1513,0.15289891732310373
18,1503,1521,0.15290748185771147
20,1495,1515,0.15292509213473537
22,1480,1502,0.15293516650094421
24,1477,1501,0.15293823445432156
24,1483,1507,0.15293480668436588
23,1482,1505,0.15293160559635005
23,1493,1516,0.15293183957180104
23,1483,1506,0.15293199162492513
25,1487,1512,0.15293211423107064
25,1499,1524,0.1529258224845067
25,1507,1532,0.1529199993371973
25,1511,1536,0.15291456594474037
26,1497,1523,0.1529094883283858
26,1498,1524,0.15290157896788983
26,1498,1524,0.15289434024390008
26,1507,1533,0.15288751620565777
25,1492,1517,0.15288111848563013
25,1492,1517,0.1528782415681319
25,1481,1506,0.15287554182419127
26,1473,1499,0.15287301153917301
25,1485,1510,0.15286754434878128
26,1483,1509,0.1528656205892689
27,1500,1527,0.15286070841151175
25,1484,1509,0.1528528947625799
24,1474,1498,0.1528518256093052
25,1482,1507,0.1528540069756109
25,1484,1509,0.1528529825915558
24,1487,1511,0.15285206804683887
24,1476,1500,0.15285428564194536
23,1502,1525,0.1528563214139697
23,1507,1530,0.15286131784739174
23,1499,1522,0.1528659873121808
23,1496,1519,0.15287038719005358
24,1493,1517,0.1528745294134895
26,1501,1527,0.15287525411624223
26,1493,1519,0.15286965594248503
25,1496,1521,0.15286440288635553
25,1497,1522,0.15286254106068078
25,1504,1529,0.1528608118219793
25,1497,1522,0.15285925687457758
25,1501,1526,0.1528578286172566
24,1502,1526,0.1528564869731737
25,1502,1527,0.1528585057467472
25,1496,1521,0.15285704697792984
25,1498,1523,0.15285572827934624
26,1499,1525,0.15285449791200895
25,1492,1517,0.1528500585631048
25,1499,1524,0.1528490590021269
24,1476,1500,0.15284813236404918
24,1480,1504,0.1528504033760513
23,1484,1507,0.15285250223880953
23,1489,1512,0.15285757979692544
24,1498,1522,0.15286231716232326
24,1492,1516,0.15286368296916422
25,1498,1523,0.15286491032981658
26,1502,1528,0.1528629868919997
26,1491,1517,0.15285797998698009
26,1496,1522,0.1528533517977232
26,1491,1517,0.1528491443402672
28,1483,1511,0.1528451190102319
28,1490,1518,0.1528350931330578
27,1489,1516,0.15282586917153465
27,1492,1519,0.152820311121597
25,1492,1517,0.15281508758464557
25,1489,1514,0.15281635949211675
24,1494,1518,0.15281753680772434
27,1503,1530,0.1528217565457352
28,1503,1531,0.15281635151555734
29,1503,1532,0.1528081961393629
27,1506,1533,0.15279746882315892
30,1502,1532,0.15279366450841295
31,1491,1522,0.15278084182707435
31,1497,1528,0.1527658187741553
30,1487,1517,0.15275180545473016
29,1488,1517,0.1527417629700384
27,1482,1509,0.1527354302380232
25,1487,1512,0.15273566303115613
26,1493,1519,0.15274203279662607
25,1496,1521,0.15274482608805923
23,1498,1521,0.15275058231285338
24,1506,1530,0.15276232075786117
25,1490,1515,0.1527701522179081
27,1489,1516,0.15277427258249096
28,1474,1502,0.15277169297188192
27,1494,1521,0.152766270278331
26,1503,1529,0.15276434312539386
26,1492,1518,0.15276559535773054
25,1489,1514,0.15276671768286187
25,1498,1523,0.15277085309181132
24,1486,1510,0.15277463303302177
26,1501,1527,0.15278122759993007
23,1489,1512,0.15278117155081555
23,1489,1512,0.15279061096073046
23,1483,1506,0.15279945817509638
21,1479,1500,0.15280772637147358
20,1493,1513,0.15282174209027377
20,1471,1491,0.15283803349915853
19,1481,1500,0.15285330980569636
19,1481,1500,0.15287075153612345
20,1477,1497,0.15288710984762477
19,1481,1500,0.15289932882489762
19,1494,1513,0.15291388269945919
21,1498,1519,0.1529274954114921
22,1499,1521,0.15293394751698128
25,1496,1521,0.15293692656166097
23,1503,1526,0.15293038805909612
22,1493,1515,0.15293062731802862
22,1501,1523,0.15293400111418315
21,1509,1530,0.15293707140027876
21,1513,1534,0.15294313003617746
20,1508,1528,0.15294879592504007
20,1506,1526,0.15295718968506206
20,1500,1520,0.15296511160865933
21,1495,1516,0.15297258336746236
22,1490,1512,0.15297633387950138
23,1494,1517,0.1529766530456006
23,1505,1528,0.15297376310633343
24,1504,1528,0.1529711770428095
23,1493,1516,0.1529656232631125
21,1500,1521,0.15296369449397984
21,1510,1531,0.15296827337041893
22,1510,1532,0.15297243036167532
19,1509,1528,0.1529731252212426
22,1498,1520,0.15298317663063704
22,1503,1525,0.15298309809004154
20,1505,1525,0.1529830170244452
20,1498,1518,0.15298922765887393
20,1497,1517,0.15299501039066032
18,1487,1505,0.15300041578840481
17,1488,1505,0.153011747997469
18,1497,1515,0.15302551383316979
19,1500,1519,0.15303527474512738
18,1488,1506,0.1530412083945067
18,1493,1511,0.15304993542243092
18,1518,1536,0.15305816067463
18,1499,1517,0.15306588657196848
20,1495,1515,0.15307320361714905
21,1495,1516,0.15307358014949718
20,1496,1516,0.15307082653117043
19,1505,1524,0.15307152519784656
19,1505,1524,0.15307536861474633
19,1504,1523,0.15307897163714848
18,1498,1516,0.153082472731482
19,1504,1523,0.15308889470104448
18,1500,1518,0.15309176775735733
18,1489,1507,0.15309769049016597
17,1486,1503,0.1531032633448879
17,1492,1509,0.15311170797170798
17,1494,1511,0.15311961182846207
17,1493,1510,0.15312702186918536
16,1487,1503,0.15313397622263766
19,1492,1511,0.1531436229705466
19,1490,1509,0.15314302560683699
19,1509,1528,0.1531425473792991
17,1509,1526,0.1531421353945261
17,1502,1519,0.153148060770073
17,1505,1522,0.15315361724204546
16,1513,1529,0.15315882649190068
16,1520,1536,0.15316690074969416
14,1507,1521,0.15317448027421066
15,1506,1521,0.15318794078253947
16,1506,1522,0.15319727307364903
16,1509,1525,0.15320286053454843
16,1505,1521,0.15320811418826943
17,1512,1529,0.1532130424363492
16,1503,1519,0.15321444671259804
16,1500,1516,0.15321907045108293
16,1485,1501,0.1532233562222651
16,1498,1514,0.1532272713289694
12,1491,1503,0.15323099781971425
12,1494,1506,0.15324733154392875
12,1496,1508,0.15326257507328442
13,1491,1504,0.15327685999280763
13,1486,1499,0.15328690307587314
13,1490,1503,0.15329650891740593
12,1489,1501,0.15330557916904738
12,1491,1503,0.15331732713283633
12,1493,1505,0.15332837344450753
12,1484,1496,0.15333875693514162
14,1497,1511,0.1533485149384041
13,1500,1513,0.15335125018119103
13,1504,1517,0.1533570498432189
13,1513,1526,0.1533624148408259
14,1496,1510,0.1533674285604044
15,1491,1506,0.15336887439977698
14,1509,1523,0.15336711864541608
16,1510,1526,0.15336870852623247
15,1504,1519,0.15336378652946117
15,1508,1523,0.15336241614796386
16,1492,1508,0.15336105915439474
16,1497,1513,0.15335651177982373
15,1499,1514,0.15335232230730234
15,1489,1504,0.15335158797432488
15,1501,1516,0.15335090911231486
15,1493,1508,0.15335027555471714
15,1498,1513,0.1533496842912186
15,1494,1509,0.15334913211146098
15,1498,1513,0.1533486160449113
14,1508,1522,0.15334813341848336
14,1494,1508,0.15335094125089915
14,1488,1502,0.15335350202179485
12,1498,1510,0.15335595180552727
14,1493,1507,0.15336458069069042
11,1500,1511,0.15336624643381358
12,1508,1520,0.15337740993108226
12,1514,1526,0.15338468254475607
12,1502,1514,0.1533915032769551
11,1508,1519,0.15339790058413028
11,1508,1519,0.15340708896571864
11,1509,1520,0.15341570711578975
9,1514,1523,0.15342378892023956
9,1506,1515,0.1534378592551343
9,1500,1509,0.1534509978259507
9,1488,1497,0.15346331228511204
9,1495,1504,0.1534748633847524
9,1502,1511,0.15348570261073338
10,1513,1523,0.15349587608355728
10,1510,1520,0.1535022211446767
10,1513,1523,0.153508181094229
11,1524,1535,0.15351375692795266
10,1517,1527,0.153515765943002
10,1510,1520,0.15352088842244366
10,1504,1514,0.15352569894955514
10,1504,1514,0.1535302190947574
11,1503,1514,0.1535345209020217
12,1512,1524,0.15353531368197637
13,1500,1513,0.15353284645740806
13,1508,1521,0.15352721951113243
14,1511,1525,0.15352202953107294
13,1499,1512,0.15351396076779822
13,1506,1519,0.15350959368756287
12,1492,1504,0.15350550277224026
12,1488,1500,0.15350486522057655
11,1504,1515,0.15350427092135413
11,1519,1530,0.1535068422600587
11,1512,1523,0.15350928805751085
12,1502,1514,0.1535116021317047
12,1498,1510,0.1535105836626052
14,1495,1509,0.1535096370690277
14,1482,1496,0.15350235424751263
14,1500,1514,0.1534955256305567
14,1501,1515,0.15348912251870758
15,1490,1505,0.15348311941215706
16,1498,1514,0.15347426963085511
17,1499,1516,0.15346275274561944
16,1498,1514,0.15344877084487601
16,1492,1508,0.15343887283848498
15,1507,1522,0.15342960838926603
15,1512,1527,0.15342415419157868
16,1511,1527,0.15341902512700625
16,1502,1518,0.1534110094865084
16,1499,1515,0.1534034937089349
16,1498,1514,0.1533964426136799
16,1493,1509,0.1533898279980768
16,1493,1509,0.15338362373632047
15,1493,1508,0.15337780487291536
14,1490,1504,0.15337550286579732
15,1495,1510,0.15337651329228627
17,1503,1520,0.15337425576091157
17,1487,1504,0.1533657798810339
17,1503,1520,0.15335785754330478
15,1517,1532,0.15335043206380672
15,1501,1516,0.15334985619138522
16,1493,1509,0.15334929456277352
15,1505,1520,0.1533455411754281
15,1511,1526,0.1533452301827702
16,1514,1530,0.15334496432281244
15,1508,1523,0.1533415017014293
15,1488,1503,0.15334149896197477
14,1486,1500,0.15334141753389247
12,1499,1511,0.1533445361349901
12,1500,1512,0.15335380641672572
13,1504,1517,0.15336249038804886
12,1510,1522,0.1533673302601392
12,1495,1507,0.15337513764634764
12,1489,1501,0.1533824751376419
12,1506,1518,0.15338944262574988
12,1504,1516,0.15339592251906745
12,1505,1517,0.1534019849006029
12,1506,1518,0.15340766430869845
12,1507,1519,0.15341298803652484
13,1515,1528,0.15341795409075598
14,1499,1513,0.15341941245904628
14,1485,1499,0.15341760118106024
14,1503,1517,0.15341590587140536
15,1499,1514,0.15341442076660333
14,1483,1497,0.15340965465608267
15,1492,1507,0.1534085381087762
15,1504,1519,0.15340414763573954
15,1501,1516,0.15340000856307157
15,1505,1520,0.15339612711165615
16,1503,1519,0.15339248610229117
15,1503,1518,0.15338590003533903
15,1507,1522,0.15338289986392128
15,1501,1516,0.1533800822600458
15,1505,1520,0.15337743848026453
15,1512,1527,0.1533749562133845
16,1501,1517,0.15337262475170915
18,1502,1520,0.15336721134665965
18,1496,1514,0.15335575701651458
19,1507,1526,0.1533450059770078
17,1504,1521,0.15333174001770472
21,1505,1526,0.15332573896146826
21,1502,1523,0.15330724241152527
22,1497,1519,0.1532899047233876
23,1493,1516,0.15327051505408376
23,1505,1528,0.15324907374265323
23,1497,1520,0.1532290608155114
22,1505,1527,0.15321032602212867
20,1494,1514,0.15319594737819187
20,1492,1512,0.15318877970809727
20,1497,1517,0.1531820550027652
22,1508,1530,0.15317571640944103
22,1494,1516,0.15316343818298295
22,1491,1513,0.15315195144343702
22,1490,1512,0.15314118823381148
21,1505,1526,0.15313110004086863
24,1502,1526,0.15312483174798602
23,1506,1529,0.15310942890299525
24,1508,1532,0.15309813484408707
23,1494,1517,0.15308441194111513
22,1494,1516,0.15307468709597694
24,1490,1514,0.1530687113811618
24,1497,1521,0.15305670577695016
24,1496,1520,0.15304553257488268
24,1490,1514,0.15303507118394427
23,1500,1523,0.1530252648274801
23,1496,1519,0.1530192285513547
22,1499,1521,0.15301357898778217
21,1500,1521,0.153011394080818
21,1499,1520,0.1530124499951511
20,1506,1526,0.15301342742334526
19,1493,1512,0.1530174783207662
19,1498,1517,0.15302444253026148
18,1503,1521,0.1530309737329938
18,1507,1525,0.1530402737066048
19,1496,1515,0.15304899302507052
20,1488,1508,0.15305402734300014
19,1486,1505,0.15305559503827218
19,1490,1509,0.15306020578379342
19,1503,1522,0.15306452265610931
18,1513,1531,0.1530685715533092
18,1506,1524,0.1530755434620783
17,1507,1524,0.1530820938758001
18,1508,1526,0.15309141847267355
18,1505,1523,0.15309699471576454
18,1508,1526,0.153102220231365
18,1500,1518,0.15310713729045752
17,1504,1521,0.15311176142069022
16,1515,1531,0.15311932775860693
16,1509,1525,0.1531296164918004
16,1507,1523,0.15313927706870814
16,1512,1528,0.15314834135612526
17,1507,1524,0.15315677959592913
17,1506,1523,0.15316159437932364
16,1506,1522,0.1531661301227378
16,1503,1519,0.15317355183689216
16,1497,1513,0.1531805189542736
17,1498,1515,0.15318705730859986
16,1492,1508,0.15318994739191652
15,1502,1517,0.15319588691891592
15,1504,1519,0.15320464479656934
14,1499,1513,0.15321288643516767
15,1501,1516,0.15322378515545818
15,1492,1507,0.15323086416396842
14,1502,1516,0.15323752569716123
15,1500,1515,0.15324708779691412
15,1493,1508,0.1532528322930873
15,1508,1523,0.15325822063475353
16,1500,1516,0.1532632767975435
16,1487,1503,0.15326485012004687
15,1497,1512,0.15326625735527297
14,1508,1522,0.1532707449818298
14,1506,1520,0.15327821475500691
14,1513,1527,0.1532851514168597
13,1494,1507,0.15329164273010307
13,1496,1509,0.15330094147322826
13,1501,1514,0.15330966967390056
13,1495,1508,0.15331786597699448
13,1494,1507,0.1533255616050855
12,1480,1492,0.15333278617381588
13,1482,1495,0.15334285838853312
15,1491,1506,0.15334900817282981
14,1480,1494,0.15334825883686987
14,1496,1510,0.1533508553692429
14,1498,1512,0.1533533111528719
14,1486,1500,0.15335562800240388
15,1489,1504,0.15335781001924356
15,1503,1518,0.153356550973365
15,1506,1521,0.15335537449848485
14,1512,1526,0.15335427273321425
13,1507,1520,0.1533564123154727
12,1499,1511,0.15336159660956689
12,1484,1496,0.1533696493659099
13,1495,1508,0.1533772074227096
13,1488,1501,0.15338106393488274
13,1488,1501,0.1533847092424832
13,1499,1512,0.1533881662594347
14,1513,1527,0.15339143575903563
14,1523,1537,0.15339118573487326
14,1498,1512,0.15339101092181964
15,1497,1512,0.15339085921200993
16,1506,1522,0.15338751245373966
16,1511,1527,0.15338117781816785
15,1518,1533,0.15337524529920518
14,1511,1525,0.15337297320275972
13,1512,1525,0.15337406815967558
13,1506,1519,0.1533782021406424
13,1499,1512,0.15338206240967292
12,1498,1510,0.15338567710335632
12,1490,1502,0.15339225137565538
14,1491,1505,0.15339840738315044
14,1498,1512,0.15339779077953886
12,1511,1523,0.15339722324311172
12,1503,1515,0.1534031682068313
13,1501,1514,0.1534087403018828
13,1501,1514,0.1534106755474055
13,1493,1506,0.15341249839236745
12,1504,1516,0.15341421614357387
13,1500,1513,0.1534190282941407
13,1502,1515,0.15342033885269935
12,1494,1506,0.15342157804625553
13,1500,1513,0.15342595748317808
13,1496,1509,0.153426858173531
14,1494,1508,0.1534276795320984
14,1484,1498,0.1534252653413971
16,1489,1505,0.15342300836203834
17,1507,1524,0.15341439051317227
15,1510,1525,0.15340311337784482
16,1499,1515,0.15339891599354313
15,1508,1523,0.15339174445134898
15,1510,1525,0.15338823714775415
15,1516,1531,0.15338494731721306
15,1511,1526,0.15338186186852273
14,1505,1519,0.15337896836607018
13,1508,1521,0.1533794554851874
13,1511,1524,0.15338311282385816
13,1499,1512,0.15338660237386367
13,1495,1508,0.15338987176456734
13,1499,1512,0.15339292941951033
14,1501,1515,0.15339579374662718
14,1502,1516,0.1533952691906691
14,1501,1515,0.15339478476506663
14,1502,1516,0.15339433012032766
14,1511,1525,0.15339390230289962
14,1506,1520,0.1533934994210425
15,1516,1531,0.15339311986163615
15,1504,1519,0.1533895542854498
16,1496,1512,0.15338620879906253
16,1506,1522,0.15337982459327532
16,1502,1518,0.15337382834278093
16,1496,1512,0.1533682084938401
16,1494,1510,0.15336293922897284
16,1506,1522,0.1533579969666015
16,1502,1518,0.15335336036594224
17,1494,1511,0.1533490098599221
17,1488,1505,0.1533416553746486
17,1495,1512,0.15333477547423308
17,1501,1518,0.15332833597191978
18,1497,1515,0.1533223020904387
19,1496,1515,0.15331347128672282
19,1502,1521,0.1533019076801488
18,1497,1515,0.15329114561361606
16,1501,1517,0.1532842772685029
15,1503,1518,0.15328422309210052
15,1502,1517,0.15328741853902425
15,1503,1518,0.15329041092035964
18,1518,1536,0.1532932085964374
18,1511,1529,0.15328610839321066
17,1506,1523,0.15327952398723554
16,1495,1511,0.1532766113651934
16,1488,1504,0.1532770592124214
14,1498,1512,0.15327746572524328
14,1492,1506,0.15328425890822764
14,1499,1513,0.15329062788675382
13,1499,1512,0.15329661111090484
12,1510,1522,0.1533054014435703
12,1511,1523,0.15331694111615504
12,1506,1518,0.15332770741368712
11,1493,1504,0.15333779761122174
12,1499,1511,0.15335044910106632
12,1510,1522,0.15335901288348452
10,1510,1520,0.15336712765019583
10,1512,1522,0.15338118099497022
10,1505,1515,0.15339438334022973
9,1504,1513,0.15340678988064838
9,1504,1513,0.15342166699234025
9,1514,1523,0.15343564572496568
9,1525,1534,0.15344878030811113
9,1502,1511,0.15346112178755544
8,1504,1512,0.15347271747790106
9,1508,1517,0.1534868150123716
9,1507,1516,0.15349674952261974
9,1505,1514,0.15350616646197746
10,1508,1518,0.15351503963847105
10,1501,1511,0.15352016903638868
9,1490,1499,0.15352499408781553
8,1500,1508,0.15353274656175617
12,1510,1522,0.15354332118815422
13,1498,1511,0.1535401033056482
12,1495,1507,0.15353404841444246
13,1509,1522,0.15353165242808786
12,1517,1529,0.15352618926013428
13,1510,1523,0.15352434003448448
13,1519,1532,0.15351933272656212
13,1518,1531,0.15351461429057386
13,1517,1530,0.1535101820494181
13,1516,1529,0.15350602424624504
13,1515,1528,0.15350212535550153
12,1506,1518,0.15349846953453913
11,1487,1498,0.15349823700845755
12,1488,1500,0.15350124176376512
13,1495,1508,0.15350083207758786
13,1509,1522,0.15349723419708233
13,1513,1526,0.15349386056584938
13,1512,1525,0.15349069112218172
13,1520,1533,0.15348771320172658
13,1521,1534,0.15348491557350102
12,1503,1515,0.15348228760391852
11,1500,1511,0.15348309725105141
11,1508,1519,0.1534870650309691
10,1495,1505,0.15349069678886715
11,1497,1508,0.15349730337407655
11,1506,1517,0.1535001867876841
10,1504,1514,0.15350296010737252
11,1493,1504,0.15350879571349055
11,1501,1512,0.15351105674999757
11,1501,1512,0.15351319816879852
12,1482,1494,0.1535152141091714
12,1497,1509,0.15351380988059127
13,1489,1502,0.15351257335442028
13,1496,1509,0.15350820923120642
13,1503,1516,0.15350412903195146
12,1492,1504,0.153500306745668
12,1489,1501,0.15349994084232657
12,1490,1502,0.1534995967582391
12,1502,1514,0.1534992747793669
12,1495,1507,0.15349897290133863
12,1499,1511,0.15349868948716508
11,1501,1512,0.1534984278050177
12,1501,1513,0.15350139955820016
13,1502,1515,0.15350097862544934
13,1499,1512,0.15349735835340822
13,1495,1508,0.15349396761056278
13,1499,1512,0.15349087103415304
13,1488,1501,0.15348789164414123
13,1494,1507,0.15348507963052374
13,1497,1510,0.153482473614732
13,1493,1506,0.15347995217652943
13,1495,1508,0.1534775627286124
13,1485,1498,0.1534753080519334
13,1496,1509,0.15347318415390884
13,1499,1512,0.15347118512704833
14,1497,1511,0.15346930452968444
14,1498,1512,0.15346424920066334
14,1491,1505,0.15345958439777918
15,1500,1515,0.15345524174162317
14,1488,1502,0.1534479493443515
14,1491,1505,0.1534442846008412
15,1468,1483,0.15344084132508423
16,1469,1485,0.1534343893628541
16,1481,1497,0.15342511508426837
18,1490,1508,0.1534164118393011
18,1498,1516,0.15340185061907044
17,1505,1522,0.15338819214299368
17,1506,1523,0.1533785596519706
19,1503,1522,0.15336951468705834
18,1485,1503,0.15335464123316175
19,1491,1510,0.15334389195701204
19,1498,1517,0.15333061706091933
20,1499,1519,0.15331817595644262
20,1506,1526,0.15330333173028587
19,1494,1513,0.15328942394433193
19,1491,1510,0.15327953214857173
20,1495,1515,0.1532702396773795
19,1492,1511,0.1532583180048999
18,1486,1504,0.15325040551022334
15,1488,1503,0.1532461134245694
16,1480,1496,0.15325158729559346
15,1486,1501,0.1532535393737029
15,1492,1507,0.15325856459591417
17,1495,1512,0.15326327082101643
18,1501,1519,0.15326119187035936
18,1497,1515,0.15325613656382037
18,1502,1520,0.1532513638151676
16,1513,1529,0.15324689797182978
17,1505,1522,0.15324922876538166
16,1506,1522,0.15324816202001146
16,1503,1519,0.1532503524316402
15,1512,1527,0.15325239741951605
16,1511,1527,0.15325745736550297
14,1509,1523,0.15325890682310359
14,1508,1522,0.1532667413291372
14,1516,1530,0.15327411420064976
11,1524,1535,0.15328104693765787
11,1512,1523,0.15329718363771982
10,1505,1515,0.15331231861595807
10,1512,1522,0.1533298105351443
10,1513,1523,0.15334616394658934
9,1513,1522,0.1533614776714366
9,1507,1516,0.15337907221545496
11,1508,1519,0.15339559883522041
10,1507,1517,0.15340469398996504
10,1515,1525,0.15341642478815243
10,1506,1516,0.15342744067788763
11,1505,1516,0.15343778717039444
11,1506,1517,0.15344426703056063
11,1508,1519,0.15345035298146642
11,1515,1526,0.15345606833701325
11,1515,1526,0.15346143649299368
11,1515,1526,0.15346647876195046
11,1514,1525,0.15347121497976496
10,1517,1527,0.15347566372500104
10,1526,1536,0.1534830572937129
10,1526,1536,0.1534900215712832
10,1531,1541,0.1534965701829987
10,1524,1534,0.15350271498632737
10,1518,1528,0.1535084819710817
11,1517,1528,0.15351389592199705
11,1521,1532,0.15351576030326541
11,1514,1525,0.15351751350038012
11,1516,1527,0.1535191615464872
12,1504,1516,0.15352071065899803
12,1518,1530,0.15351896059806305
11,1511,1522,0.15351732414610672
11,1502,1513,0.153518990451052
12,1500,1512,0.15352054328247186
12,1506,1518,0.15351880508423302
11,1508,1519,0.15351718489577185
10,1512,1522,0.1535189076428155
10,1518,1528,0.15352372264366682
11,1521,1532,0.15352824333003837
11,1512,1523,0.15352927215769985
11,1502,1513,0.15353024743356322
10,1514,1524,0.15353116600955968
10,1519,1529,0.15353527575580578
10,1509,1519,0.15353903960321247
10,1514,1524,0.1535426670480392
10,1514,1524,0.15354609368658273
10,1509,1519,0.15354931962735385
10,1495,1505,0.1535523534131099
10,1478,1488,0.15355520527440614
10,1486,1496,0.1535578855961286
9,1510,1519,0.15356040444856361
9,1509,1518,0.1535659879651696
8,1505,1513,0.15357124173381348
8,1527,1535,0.15357937623038329
7,1531,1538,0.15358698311202848
7,1522,1529,0.1535973764623955
7,1504,1511,0.1536071605869947
7,1524,1531,0.1536163627832657
7,1517,1524,0.15362501312920854
7,1513,1520,0.15363314215429685
6,1514,1520,0.15364077975776205
5,1508,1513,0.15365118616453838
5,1511,1516,0.1536642352038537
6,1505,1511,0.15367650845627
6,1518,1524,0.15368481045363425
6,1506,1512,0.15369261549810362
4,1506,1510,0.15369994678798737
4,1511,1515,0.15371329950391222
4,1506,1510,0.15372585151737841
4,1498,1502,0.1537376500376849
4,1513,1517,0.15374873925020566
4,1512,1516,0.15375916099032103
4,1503,1507,0.15376895472105467
4,1515,1519,0.15377815774921536
4,1520,1524,0.15378680533420908
4,1509,1513,0.15379493075982947
5,1512,1517,0.15380256540613968
4,1513,1517,0.1538064185523057
4,1519,1523,0.15381343349598883
4,1517,1521,0.15381997365553943
4,1508,1512,0.1538261078336445
4,1513,1517,0.15383186674677338
4,1516,1520,0.15383727531709127
5,1516,1521,0.1538423557655458
5,1507,1512,0.1538438589000463
5,1522,1527,0.15384530054110324
4,1512,1516,0.15384667543789796
3,1503,1506,0.1538512395757475
3,1501,1504,0.1538587729732649
3,1502,1505,0.1538658417293372
3,1510,1513,0.15387248114805704
3,1521,1524,0.15387871936426076
3,1514,1517,0.1538845812100265
4,1513,1517,0.15389008948336574
3,1503,1506,0.15389198465395806
4,1495,1499,0.1538970672866593
2,1502,1504,0.15389856082276476
2,1517,1519,0.1539065683771306
2,1502,1504,0.15391401819004627
2,1506,1508,0.15392098980744953
2,1500,1502,0.1539275262065946
2,1502,1504,0.1539336595033883
2,1511,1513,0.15393941696671096
2,1507,1509,0.15394482295782314
2,1496,1498,0.15394989974214027
2,1506,1508,0.1539546678972382
2,1507,1509,0.15395914655307594
3,1520,1523,0.15396335355356286
3,1512,1515,0.15396400909393318
2,1507,1509,0.1539646492274507
2,1513,1515,0.15396855653003422
2,1515,1517,0.15397221769351843
2,1519,1521,0.1539756472284963
2,1526,1528,0.15397886449424505
2,1535,1537,0.1539818845592791
2,1526,1528,0.15398472042668984
2,1529,1531,0.15398738382551028
2,1530,1532,0.15398988554158335
2,1526,1528,0.15399223558343508
2,1520,1522,0.1539944432812245
2,1513,1515,0.15399651735497252
2,1516,1518,0.15399846596686978
2,1513,1515,0.1540002967643292
2,1508,1510,0.1540020169170641
2,1521,1523,0.15400363314994686
2,1524,1526,0.15400515177266164
2,1516,1518,0.15400657870678014
2,1523,1525,0.1540079195106766
2,1524,1526,0.1540091794025761
1,1533,1534,0.15401036328195417
1,1509,1510,0.15401482826175464
1,1509,1510,0.15401895941066754
1,1505,1506,0.15402282395267952
1,1501,1502,0.15402644668990118
1,1499,1500,0.15402984564433556
1,1517,1518,0.15403303602432636
1,1520,1521,0.15403603139639063
1,1517,1518,0.15403884415348212
1,1508,1509,0.15404148574474236
1,1506,1507,0.15404396680965912
1,1516,1517,0.15404629726833477
1,1518,1519,0.15404848638899213
1,1516,1517,0.15405054284229788
1,1515,1516,0.154052474747262
1,1516,1517,0.15405428971128035
1,1519,1520,0.15405599486581298
1,1528,1529,0.15405759689862594
1,1534,1535,0.15405910208320991
1,1518,1519,0.1540605163058058
1,1527,1528,0.15406184509035153
1,1525,1526,0.15406309362159243
1,1529,1530,0.15406426676654705
1,1527,1528,0.15406536909448565
1,1534,1535,0.15406640489555412
0,1527,1527,0.1540673781981561
