1362,28,1390,0.1358204635940306
1398,30,1428,0.13299857124035264
1424,30,1454,0.13032421659872667
1446,31,1477,0.1278153174944157
1454,33,1487,0.12547074815460335
1458,33,1491,0.12331437046517965
1451,33,1484,0.1213406767051719
1458,35,1493,0.11956149573477853
1453,36,1489,0.1179244587184247
1441,37,1478,0.1164467769952299
1440,36,1476,0.11513086946614423
1443,36,1479,0.11393487280321006
1446,38,1484,0.11283821642449846
1448,40,1488,0.11183261921129467
1448,42,1490,0.11091228600764642
1445,42,1487,0.11007422479859669
1442,41,1483,0.10931824167894248
1434,44,1478,0.1086367208676868
1435,48,1483,0.1080344778866694
1442,46,1488,0.1074836586272288
1442,45,1487,0.10696599738926196
1447,44,1491,0.10649482750131359
1446,43,1489,0.10605425987834766
1447,42,1489,0.10565538050039708
1452,43,1495,0.10528962079818634
1452,45,1497,0.10494526859004594
1454,43,1497,0.10463213602423832
1450,43,1493,0.10434290991089525
1446,45,1491,0.10408844530200255
1468,45,1513,0.1038655271595206
1471,41,1512,0.10361418220337804
1461,45,1506,0.10337887926119649
1455,47,1502,0.10318676814402508
1458,47,1505,0.10302475636825775
1459,49,1508,0.10287024162727913
1451,48,1499,0.10272744546906186
1434,49,1483,0.10261485562805901
1433,47,1480,0.1025493781879859
1461,49,1510,0.1024921706725317
1447,49,1496,0.10237943837292583
1448,52,1500,0.10230666278923646
1449,49,1498,0.10223846632918193
1449,49,1498,0.10217445992327204
1443,48,1491,0.10211610009541966
1460,50,1510,0.10207574047523167
1457,50,1507,0.10200254850598046
1452,51,1503,0.10194242312713815
1444,50,1494,0.10189826004913317
1442,50,1492,0.10187567723833482
1437,49,1486,0.10185957534815468
1443,53,1496,0.10185596175081271
1439,52,1491,0.10183946606909806
1439,52,1491,0.10183309136333583
1433,52,1485,0.1018272301778249
1429,58,1487,0.10183501019556612
1438,59,1497,0.1018508496568484
1441,57,1498,0.1018458310620144
1417,57,1474,0.10183497073283146
1427,57,1484,0.10187667973345357
1436,56,1492,0.10189285186070464
1434,57,1491,0.10188827343483876
1431,58,1489,0.10188857672373967
1441,59,1500,0.10189511887143443
1444,59,1503,0.10187958014268218
1434,59,1493,0.10185897737789062
1431,60,1491,0.10186144305675846
1428,63,1491,0.1018710194242098
1438,63,1501,0.10188566625671568
1433,64,1497,0.10187726574076944
1426,65,1491,0.10188004380392687
1414,63,1477,0.10189824360155014
1409,64,1473,0.10194076752187059
1421,63,1484,0.10199052460454179
1425,64,1489,0.10200996681535753
1417,66,1483,0.10201898468710516
1419,64,1483,0.10204458611930572
1430,65,1495,0.10206351209207482
1431,64,1495,0.10205707377608986
1437,67,1504,0.10204885262741292
1445,67,1512,0.10202836151369164
1449,67,1516,0.10199250894451882
1442,67,1509,0.10195156017016054
1446,64,1510,0.10192937750166532
1440,64,1504,0.10190042667917103
1423,62,1485,0.10188658997186505
1411,64,1475,0.10191103051361221
1419,63,1482,0.10195923516950202
1416,62,1478,0.1019862812904343
1406,60,1466,0.10201747482528054
1402,63,1465,0.10206752598986066
1414,61,1475,0.10212145628823034
1401,59,1460,0.1021445418923854
1412,57,1469,0.10219381959382946
1418,60,1478,0.10221477069410617
1433,59,1492,0.10222126855746314
1449,58,1507,0.10219462945181719
1448,55,1503,0.10213557247995202
1455,55,1510,0.10208398785461441
1453,57,1510,0.1020219717090066
1451,56,1507,0.10196939626844005
1438,55,1493,0.10192567032559274
1419,58,1477,0.10191438069562492
1429,59,1488,0.1019451651898409
1441,61,1502,0.10195177733119996
1443,57,1500,0.10193168526320985
1427,57,1484,0.10190907797297263
1425,58,1483,0.10192301583246327
1430,59,1489,0.10194009083441095
1437,58,1495,0.10194486294898734
1434,64,1498,0.10193415599937407
1435,64,1499,0.10193123117665234
1425,63,1488,0.10192658981381239
1415,64,1479,0.10194380252718047
1417,65,1482,0.10198091910568509
1426,68,1494,0.10201060260639931
1425,70,1495,0.10201835182478546
1435,71,1506,0.10202796662611853
1431,67,1498,0.10201527688901614
1437,68,1505,0.1020122449055752
1426,70,1496,0.10199664475266466
1420,71,1491,0.10200617325715175
1419,73,1492,0.10202783682381451
1408,72,1480,0.10204990804891051
1418,75,1493,0.102093806416256
1418,75,1493,0.10211218165418735
1408,77,1485,0.10212951839238225
1400,79,1479,0.10216639916253097
1402,80,1482,0.10221766201839805
1402,80,1482,0.10226006698845959
1413,83,1496,0.10229863812059367
1416,81,1497,0.10231030641382292
1418,82,1500,0.10231481094116543
1419,84,1503,0.10231431597905033
1420,83,1503,0.10231185170907585
1421,86,1507,0.10230754492301047
1420,85,1505,0.10230151559265782
1417,85,1502,0.10229823284795354
1426,85,1511,0.10230157403522952
1416,86,1502,0.10228509894222114
1409,84,1493,0.1022916835156546
1412,83,1495,0.10231298557211467
1415,84,1499,0.1023254257572744
1418,81,1499,0.1023302270192883
1426,78,1504,0.10232777474996395
1436,80,1516,0.10230834016706716
1427,79,1506,0.1022690532397663
1426,81,1507,0.10225220797165491
1422,80,1502,0.10223918239140062
1420,78,1498,0.10223596517685792
1425,77,1502,0.10223744716880251
1422,75,1497,0.10222788334528675
1414,75,1489,0.10222570896147701
1406,77,1483,0.10224084278069355
1412,79,1491,0.10227212705521714
1416,79,1495,0.10228799002626353
1414,77,1491,0.10229416987517893
1403,78,1481,0.1023039104531242
1412,82,1494,0.10233649282364493
1399,80,1479,0.1023470581765205
1395,81,1476,0.10238464121731013
1393,78,1471,0.10242768498833218
1394,82,1476,0.10247099309625671
1401,83,1484,0.10250826432257291
1414,81,1495,0.10252722687744821
1420,80,1500,0.10251622426516213
1408,78,1486,0.10249318617398756
1408,79,1487,0.10249842698061272
1410,79,1489,0.10250308459048191
1420,78,1498,0.10250302146039957
1416,81,1497,0.10248093982290822
1425,80,1505,0.1024699665982652
1423,79,1502,0.10244060932755109
1421,82,1503,0.10241855729898176
1409,80,1489,0.10240289575059881
1420,79,1499,0.10241461879914877
1431,80,1511,0.10240137521542626
1424,77,1501,0.10236567451559246
1426,80,1506,0.10234839145096757
1427,78,1505,0.1023284251424834
1416,79,1495,0.10230844060946737
1412,76,1488,0.1023137323793252
1429,76,1505,0.1023269302452158
1420,77,1497,0.1023021894134681
1425,75,1500,0.10229923495964557
1411,73,1484,0.10228622240896787
1425,72,1497,0.10230428662077864
1414,76,1490,0.10229014771717954
1419,76,1495,0.10230098280981526
1406,78,1484,0.10229975624313749
1402,80,1482,0.10232703906590507
1408,82,1490,0.10236081862465923
1414,80,1494,0.10237877687999955
1408,77,1485,0.10238184524552515
1406,81,1487,0.10239783026816877
1420,83,1503,0.10241674039122195
1405,83,1488,0.10240366182435373
1397,82,1479,0.1024237531096816
1401,84,1485,0.10245964551764615
1393,85,1478,0.10248374207946713
1400,87,1487,0.10252335709410434
1384,85,1469,0.10254441722782218
1383,84,1467,0.10259855017525098
1371,86,1457,0.10265012961426194
1382,91,1473,0.10272346072922214
1397,93,1490,0.10276650958281251
1396,99,1495,0.10277277965021718
1400,98,1498,0.10278073076848283
1401,98,1499,0.10277953390520382
1393,97,1490,0.10277670276867733
1393,100,1493,0.1027916376945306
1377,102,1479,0.1028054574254962
1377,100,1477,0.10285349061610943
1385,100,1485,0.10289744741962532
1392,99,1491,0.10292029894295844
1399,103,1502,0.10292616696576065
1386,104,1490,0.10291633173711584
1399,106,1505,0.10293514704752894
1393,105,1498,0.1029239248417976
1394,103,1497,0.10292711924734721
1400,103,1503,0.10292782973911685
1410,105,1515,0.10291605501355662
1407,107,1514,0.10288391104690645
1381,108,1489,0.1028608458151539
1380,109,1489,0.10289591651420028
1374,106,1480,0.10293046565890539
1373,109,1482,0.10297534963084465
1375,107,1482,0.10301864534369301
1392,102,1494,0.10305392332696041
1371,110,1481,0.10304871358612168
1374,110,1484,0.10308985764790414
1371,111,1482,0.10312094601687759
1366,115,1481,0.10315617315950515
1369,118,1487,0.10319907611066849
1378,119,1497,0.10323190093460355
1384,116,1500,0.10324296533117176
1385,118,1503,0.10323981622990958
1371,122,1493,0.10323483342921858
1357,127,1484,0.10326118039718737
1364,129,1493,0.10331552801758649
1361,127,1488,0.1033503858700293
1350,132,1482,0.10338909910689634
1352,135,1487,0.1034487553795293
1352,136,1488,0.10349890534419146
1357,136,1493,0.1035450492228204
1358,131,1489,0.10357625608513243
1373,133,1506,0.10360243292139344
1370,128,1498,0.10359368702757461
1369,131,1500,0.10359216958626952
1366,127,1493,0.10359185774535586
1364,127,1491,0.10359805549651807
1368,133,1501,0.10360871717467024
1360,135,1495,0.10360936367140035
1363,137,1500,0.10362818102073595
1355,141,1496,0.10363859139839554
1340,142,1482,0.10366526783803956
1342,144,1486,0.10372310702128473
1346,144,1490,0.10377144235325594
1334,142,1476,0.10380700281177933
1332,144,1476,0.1038658062114617
1345,140,1485,0.10392413855175718
1339,142,1481,0.10394860242489763
1359,139,1498,0.10398472630509216
1354,144,1498,0.1039742589168857
1341,142,1483,0.10397565726589844
1344,139,1483,0.10400621045228274
1353,143,1496,0.10402787393412982
1354,143,1497,0.10402779093008978
1346,148,1494,0.10402572119026164
1337,149,1486,0.10404160514846403
1342,146,1488,0.1040764272371819
1348,142,1490,0.10409774975249661
1350,142,1492,0.10410388183106097
1345,148,1493,0.1041048893474339
1352,147,1499,0.10411674809663043
1355,150,1505,0.10411240695848653
1354,147,1501,0.10410134254924168
1348,144,1492,0.10409395124770081
1359,148,1507,0.10410037050419584
1359,145,1504,0.10408264536521672
1351,150,1501,0.10406646263826282
1353,154,1507,0.10406901231592439
1356,155,1511,0.10406787857202027
1330,154,1484,0.10406007429470886
1331,155,1486,0.10410999505648943
1347,149,1496,0.10415421092445513
1343,155,1498,0.10416011491563806
1329,155,1484,0.1041743725192136
1325,156,1481,0.10421783686515916
1334,158,1492,0.10426686097601898
1332,156,1488,0.10429214120474853
1329,155,1484,0.10431938829138102
1338,155,1493,0.10435145637478631
1350,156,1506,0.10436098999607595
1355,159,1514,0.1043432854131831
1344,161,1505,0.10431635095156265
1350,156,1506,0.10431574166810251
1343,152,1495,0.10430142975023816
1344,152,1496,0.10430368318845179
1332,151,1483,0.10430360964262443
1328,151,1479,0.1043301396515982
1332,150,1482,0.10436326659543221
1350,152,1502,0.1043850655920136
1344,154,1498,0.10436535546909205
1339,158,1497,0.10436122508392956
1339,160,1499,0.10436908621194903
1343,157,1500,0.1043762077665407
1343,161,1504,0.10437531733987608
1337,157,1494,0.10437530944692629
1338,156,1494,0.10438809771159444
1331,164,1495,0.10439759910523541
1326,168,1494,0.10442172768600783
1315,164,1479,0.10445573759700277
1331,167,1498,0.10451138601785631
1335,167,1502,0.10452617495854623
1325,168,1493,0.10453093307658307
1335,165,1500,0.1045573496444925
1337,164,1501,0.1045596352350164
1333,165,1498,0.10455690828653409
1334,163,1497,0.10456344283745084
1329,167,1496,0.10456803570968862
1314,164,1478,0.10458294692038825
1313,164,1477,0.1046294770076171
1324,165,1489,0.10467449415027247
1314,166,1480,0.10469136903113753
1300,166,1466,0.10472870401731077
1319,169,1488,0.1047937064387807
1309,165,1474,0.10481100348676252
1333,161,1494,0.10484925113040813
1345,164,1509,0.10483141983262996
1340,164,1504,0.10478828732847298
1340,164,1504,0.10476048946937165
1347,169,1516,0.104734962743203
1338,167,1505,0.10469545980837928
1332,162,1494,0.10467913238042498
1332,165,1497,0.10467790873373574
1348,163,1511,0.10467635079677909
1342,166,1508,0.1046396910227315
1343,166,1509,0.10461914687510564
1347,162,1509,0.10459783651021802
1335,168,1503,0.10457036430912402
1325,162,1487,0.10457238258608344
1336,168,1504,0.10459624705987586
1330,168,1498,0.1045933435672108
1315,170,1485,0.10460402256470458
1319,171,1490,0.10464772012769835
1314,172,1486,0.10467928801001375
1324,176,1500,0.1047195696819632
1329,174,1503,0.10473419290225962
1339,173,1512,0.10473667001453686
1341,175,1516,0.10471723264545219
1336,178,1514,0.10469480149342808
1343,176,1519,0.10468457668247563
1329,173,1502,0.104660178017902
1334,177,1511,0.10466852267745423
1317,176,1493,0.10466528561934121
1310,176,1486,0.10470006104080014
1314,174,1488,0.10474665918301042
1321,176,1497,0.1047799266652572
1320,171,1491,0.1047951397118445
1321,171,1492,0.1048107898276352
1318,172,1490,0.1048229972981342
1329,170,1499,0.10484045158644995
1324,171,1495,0.10483228215553005
1326,171,1497,0.10483612522898693
1319,170,1489,0.1048349476832989
1318,171,1489,0.1048493969739808
1313,168,1481,0.10486512885965711
1306,170,1476,0.10489103996360787
1310,167,1477,0.10493029879185918
1316,170,1486,0.10495666369852931
1321,176,1497,0.10496800184754809
1290,177,1467,0.10496624717647673
1304,178,1482,0.10503245296476103
1309,179,1488,0.10506294731547011
1317,177,1494,0.10507946148499636
1324,177,1501,0.10507602213944633
1333,177,1510,0.10505833038031469
1335,180,1515,0.10502239296466356
1327,180,1507,0.10498543877300114
1315,180,1495,0.10496901013839857
1317,181,1498,0.10498041243518802
1310,184,1494,0.10498640615408168
1300,176,1476,0.10500746018229723
1323,173,1496,0.10504843531804109
1325,178,1503,0.10503522593623897
1317,176,1493,0.10501897137722051
1320,178,1498,0.10502073747120512
1318,178,1496,0.10501570962825785
1308,176,1484,0.10501571953518322
1306,173,1479,0.10503884106209453
1307,169,1476,0.10506480322462307
1294,171,1465,0.10508536016109712
1291,170,1461,0.10513260231473914
1306,170,1476,0.10518257435633874
1298,173,1471,0.10519462558038083
1295,174,1469,0.10522299580538626
1312,175,1487,0.10525425231541813
1300,172,1472,0.1052461033337193
1305,171,1476,0.1052648927185222
1295,172,1467,0.10527149206716586
1297,173,1470,0.10529973393417354
1300,171,1471,0.10532095639466846
1300,174,1474,0.10533344282179108
1312,175,1487,0.10534475902237926
1310,174,1484,0.1053284982737971
1330,175,1505,0.10531800870735605
1328,172,1500,0.10526429195089278
1319,177,1496,0.10522031543544776
1320,176,1496,0.10519977891094393
1306,180,1486,0.10517937218662186
1301,178,1479,0.1051914045849875
1313,178,1491,0.10521348915613422
1321,177,1498,0.10520668412230137
1307,176,1483,0.10518364813962094
1317,180,1497,0.10519489517339352
1307,179,1486,0.10518327642718184
1302,183,1485,0.1051943097420205
1305,184,1489,0.10521598053326355
1306,186,1492,0.10522941342359406
1323,184,1507,0.10523976200846981
1312,185,1497,0.10521203643282404
1325,182,1507,0.10521127901044053
1325,182,1507,0.10518163158500025
1316,186,1502,0.1051539504515148
1324,182,1506,0.10514847048467342
1314,177,1491,0.1051252501091458
1323,178,1501,0.10512571041908451
1322,179,1501,0.10510688324280389
1318,181,1499,0.10509259907477851
1318,183,1501,0.10508884966866183
1303,184,1487,0.10508474971392523
1304,188,1492,0.10511367308250966
1313,188,1501,0.1051382684246009
1311,184,1495,0.1051406512816169
1309,181,1490,0.10514679605601324
1306,185,1491,0.1051564514679355
1300,188,1488,0.10517206977420113
1309,191,1500,0.10519957360277989
1317,195,1512,0.10520475890034266
1311,192,1503,0.10519214962214132
1307,189,1496,0.10519299628534357
1302,192,1494,0.1052032763445707
1297,190,1487,0.10522331421845312
1287,192,1479,0.10525279833063078
1298,191,1489,0.1053025057707066
1297,193,1490,0.10532389038671054
1306,197,1503,0.1053456465786412
1299,194,1493,0.1053457294236638
1298,195,1493,0.10536130439794668
1299,196,1495,0.10537727313793283
1298,192,1490,0.10539015220052039
1302,188,1490,0.10540356333901851
1298,191,1489,0.10540700666513989
1302,193,1495,0.1054188305825457
1303,190,1493,0.10542073136666776
1293,191,1484,0.10542056378770746
1306,193,1499,0.10544303142469644
1316,192,1508,0.10543523016496653
1306,192,1498,0.10540603619436326
1309,187,1496,0.1054018579980469
1303,191,1494,0.10539057189538446
1293,187,1480,0.10539434264690715
1295,194,1489,0.10541960667293544
1294,195,1489,0.10543823684461945
1288,197,1485,0.10545730146362714
1291,199,1490,0.1054882658739373
1302,198,1500,0.10550991697332254
1306,199,1505,0.10550561112236696
1294,198,1492,0.10549176635322105
1291,198,1489,0.10550588879822566
1286,193,1479,0.1055256847409439
1300,196,1496,0.10555442118893123
1302,191,1493,0.10554903213311727
1315,191,1506,0.10553936457069044
1308,194,1502,0.10550159375485631
1296,197,1493,0.10548308823827647
1287,197,1484,0.10549253953103989
1284,203,1487,0.10552231686408022
1283,207,1490,0.10555706988246566
1278,209,1487,0.1055921079954572
1282,210,1492,0.10563553742534157
1288,212,1500,0.10566619333406799
1280,212,1492,0.10568122499818006
1289,212,1501,0.10571295098762434
1293,211,1504,0.10572216678674135
1285,208,1493,0.10572131260584193
1296,210,1506,0.1057379270687816
1300,213,1513,0.10572893975214828
1295,214,1509,0.10571227049019245
1289,216,1505,0.10570779673187661
1289,217,1506,0.10571769814865767
1287,214,1501,0.1057262496652356
1268,218,1486,0.10573787668092052
1272,218,1490,0.10579042636465924
1268,217,1485,0.10582969792226095
1260,220,1480,0.10587405830858203
1270,219,1489,0.10593178496197247
1261,221,1482,0.1059626612569454
1252,223,1475,0.10601025944806829
1266,222,1488,0.10607438193777746
1262,218,1480,0.10610250411938167
1265,213,1478,0.1061361396181603
1269,213,1482,0.10616009212885186
1269,221,1490,0.10617326832187926
1276,219,1495,0.10618486124380007
1265,218,1483,0.10618041934721954
1268,220,1488,0.10620107681038082
1267,223,1490,0.10621443057196084
1263,221,1484,0.10622962358763718
1259,224,1483,0.10625235173576002
1255,221,1476,0.10628193659493883
1272,226,1498,0.10631760451225446
1260,226,1486,0.10631303545301533
1268,224,1492,0.10633535943475819
1268,226,1494,0.10633813345171607
1264,225,1489,0.10634146447639882
1275,226,1501,0.10635368603067606
1265,225,1490,0.10633998903617677
1291,220,1511,0.1063502532746792
1279,224,1503,0.10630113515675958
1284,231,1515,0.10628368304973432
1277,229,1506,0.10625707822047642
1283,229,1512,0.10624784614215688
1285,227,1512,0.1062264293804655
1281,228,1509,0.10620295772343198
1283,230,1513,0.10619105261409448
1286,234,1520,0.10617579806591834
1274,234,1508,0.10615518290691493
1283,230,1513,0.10616380846019342
1279,233,1512,0.10615201192994338
1272,234,1506,0.10614978885715061
1260,237,1497,0.10616332469706709
1258,235,1493,0.10620233068947231
1260,234,1494,0.10624287438487473
1265,240,1505,0.10627604130615442
1266,246,1512,0.10629533828939267
1258,241,1499,0.10630982551197125
1272,242,1514,0.10634110282690588
1275,241,1516,0.10634016149993265
1269,244,1513,0.10633294387165292
1243,245,1488,0.10634036821686205
1252,250,1502,0.10640473530142469
1241,257,1498,0.10644319644171443
1248,257,1505,0.10650272875592964
1249,250,1499,0.10654277214940525
1252,247,1499,0.10657741301497818
1254,253,1507,0.10660324828839435
1255,256,1511,0.1066230971735105
1248,257,1505,0.10663866702691845
1240,252,1492,0.10666875440645128
1243,251,1494,0.10671339091196423
1256,257,1513,0.10674735643993208
1250,257,1507,0.10675065196141159
1249,260,1509,0.10676642371713008
1244,263,1507,0.10678394218950987
1239,267,1506,0.10681130284239923
1239,262,1501,0.10684739829417972
1244,263,1507,0.10688146051630408
1233,265,1498,0.10690217617173832
1219,269,1488,0.10694702924227474
1225,269,1494,0.10701857931950673
1228,266,1494,0.10707212221823056
1232,262,1494,0.10711475524408812
1236,262,1498,0.10714310297311057
1253,263,1516,0.1071593740714109
1245,259,1504,0.10713652194174907
1239,260,1499,0.10713446846829601
1230,264,1494,0.1071450474171922
1228,263,1491,0.10717563710352396
1228,263,1491,0.1072075115525639
1232,257,1489,0.1072358225832298
1235,260,1495,0.10725346983874197
1228,260,1488,0.10726228640864974
1221,263,1484,0.10728576221272969
1227,265,1492,0.10732334766392042
1236,269,1505,0.10734405684585507
1237,267,1504,0.1073429601009686
1230,270,1500,0.10733952093060734
1225,270,1495,0.10735158879161326
1225,262,1487,0.10737345001091246
1225,266,1491,0.10739311399056806
1227,269,1496,0.10741039842069221
1222,271,1493,0.10742309376425174
1220,275,1495,0.10744635846009601
1229,276,1505,0.10747266421678109
1228,275,1503,0.10747689898248625
1219,270,1489,0.10748363488642561
1220,274,1494,0.10751063069198659
1223,273,1496,0.10753255129450487
1216,274,1490,0.10754642500345513
1217,277,1494,0.107575331834487
1216,280,1496,0.10759905053223992
1234,277,1511,0.10762330640826719
1214,275,1489,0.10760483639073161
1219,271,1490,0.10763259177377997
1215,270,1485,0.10764651785817485
1233,268,1501,0.10766891590188048
1227,268,1495,0.10764765284015092
1218,270,1488,0.10764156377747276
1210,275,1485,0.1076554153762847
1210,285,1495,0.10768625084243322
1213,281,1494,0.10771381635873269
1222,277,1499,0.10773357589175142
1226,269,1495,0.10773101013029157
1224,274,1498,0.10772045370265186
1216,282,1498,0.10771502800214346
1205,281,1486,0.10772787386236665
1208,280,1488,0.10776538697189984
1207,283,1490,0.10779179432418846
1210,287,1497,0.10781814662209001
1209,296,1505,0.1078358017106507
1209,297,1506,0.10785318142454184
1208,294,1502,0.10786874104886668
1200,291,1491,0.10788746510172191
1200,294,1494,0.10792372332884749
1200,294,1494,0.10795683522496802
1206,301,1507,0.10798751036710588
1202,297,1499,0.1080017452769578
1202,299,1501,0.10802374070051865
1206,294,1500,0.108043828268398
1193,291,1484,0.10805377822198647
1203,289,1492,0.10809257274715207
1212,294,1506,0.10810449424458944
1193,297,1490,0.10809518049741124
1193,296,1489,0.10812946803970608
1206,296,1502,0.10816078897718005
1202,295,1497,0.10815955221875953
1193,289,1482,0.10816712648098725
1201,285,1486,0.10819433285439206
1201,294,1495,0.10820064795631304
1204,299,1503,0.10820654365473704
1209,303,1512,0.10820498741781087
1226,301,1527,0.10819259839832313
1220,299,1519,0.10814234179381438
1215,304,1519,0.10810995115645497
1206,303,1509,0.10809283499546421
1207,308,1515,0.10809686343819498
1203,306,1509,0.10809834153169202
1194,311,1505,0.1081083617664683
1192,307,1499,0.10813889565178361
1196,315,1511,0.10817156864964626
1180,316,1496,0.10819308172320609
1183,322,1505,0.10824912183714211
1186,322,1508,0.10829349056814581
1192,322,1514,0.10832746569480708
1191,321,1512,0.10834522185145691
1186,320,1506,0.1083642016273334
1179,324,1503,0.1083931954275872
1177,326,1503,0.10843547417033818
1174,323,1497,0.1084791670746592
1173,317,1490,0.10852602606683005
1166,323,1489,0.10857153951811842
1174,321,1495,0.1086302595101003
1169,321,1490,0.10866640975397081
1162,324,1486,0.10871096618875686
1159,328,1487,0.10876781521646928
1160,333,1493,0.10882745887069223
1145,342,1487,0.10888029590768998
1153,339,1492,0.10896277604965361
1151,340,1491,0.10902004235182666
1153,345,1498,0.10907628280706046
1148,346,1494,0.10912316421033147
1143,355,1498,0.10917742226932786
1126,360,1486,0.10924043055971457
1135,361,1496,0.109337458215375
1136,358,1494,0.10940440242073506
1134,364,1498,0.10946303761432524
1133,359,1492,0.10952340654102376
1125,361,1486,0.10958158548828205
1124,362,1486,0.10965417753892855
1125,364,1489,0.10972330872622578
1128,368,1496,0.1097852717404376
1128,362,1490,0.10983584529814007
1119,367,1486,0.1098821600653019
1120,367,1487,0.10994521919803571
1119,368,1487,0.11000160478385076
1125,367,1492,0.11005508483600938
1114,377,1491,0.11009127200324326
1108,377,1485,0.11014922710085097
1115,373,1488,0.11021681906867808
1110,381,1491,0.1102634637268957
1109,380,1489,0.11031829075794565
1112,380,1492,0.11037079542822237
1114,384,1498,0.11041249291755738
1113,385,1498,0.11044585127581798
1119,386,1505,0.11048013218928371
1125,385,1510,0.11049865042676599
1117,386,1503,0.11050082216826188
1119,384,1503,0.11052165657334406
1126,389,1515,0.11053667109453785
1117,391,1508,0.11053394618152129
1120,394,1514,0.11055160974529005
1122,398,1520,0.1105617787901242
1113,394,1507,0.11056672647682003
1107,390,1497,0.11059268549441326
1108,385,1493,0.11063061489287059
1096,374,1470,0.11066391351266237
1094,380,1474,0.11072173120341734
1100,381,1481,0.11077790217001564
1102,382,1484,0.11081668282258515
1096,385,1481,0.11084863336248298
1087,387,1474,0.11089143085312138
1098,385,1483,0.11095154524883473
1113,387,1500,0.11098132690766571
1122,387,1509,0.1109741327123497
1114,392,1506,0.11094733137424263
1122,394,1516,0.11094112324796104
1114,395,1509,0.1109186414247777
1112,392,1504,0.11091568008739112
1110,394,1504,0.11091700577186595
1094,395,1489,0.11092264355993407
1094,404,1498,0.11096438818364618
1102,404,1506,0.111002464312669
1110,401,1511,0.11101818684010752
1099,402,1501,0.11101315169839551
1098,397,1495,0.11103298057647763
1114,398,1512,0.11105387116738649
1102,392,1494,0.11103551307017658
1098,399,1497,0.11104687281978382
1094,399,1493,0.11106631751626367
1099,400,1499,0.1110939447912374
1096,405,1501,0.1111069673255573
1088,401,1489,0.1111261214500178
1104,402,1506,0.11116387794244911
1107,400,1507,0.11116183416119693
1116,400,1516,0.11115315302613943
1109,401,1510,0.11112509378436167
1100,403,1503,0.11111642457941233
1107,409,1516,0.11112939868264834
1099,404,1503,0.11112524323959033
1095,406,1501,0.11113934366383799
1107,395,1502,0.11116124234277698
1115,396,1511,0.11115181221303928
1108,394,1502,0.1111253223267947
1101,401,1502,0.11111762486654225
1098,399,1497,0.11112634778327198
1091,410,1501,0.11114179454023887
1088,412,1500,0.11117260069285038
1082,406,1488,0.11120833308346548
1085,401,1486,0.11125464168719887
1085,406,1491,0.11128879211278221
1088,403,1491,0.11131973533715221
1107,405,1512,0.11134046734020568
1111,410,1521,0.1113168650008728
1094,401,1495,0.11128644110232251
1088,403,1491,0.11129810398668973
1085,404,1489,0.11132409857649969
1097,406,1503,0.11135358508341993
1084,402,1486,0.11135382613140024
1083,404,1487,0.11138477165784419
1082,411,1493,0.11141620585417787
1079,409,1488,0.11144760330697814
1077,410,1487,0.11148398108960585
1076,413,1489,0.11152253874209032
1080,411,1491,0.1115600116823407
1070,419,1489,0.11158620902388648
1073,421,1494,0.1116337989097288
1065,415,1480,0.11167032968940718
1074,423,1497,0.11172206507226971
1071,425,1496,0.11174851008822245
1085,418,1503,0.11177915205332041
1076,418,1494,0.11177669121346696
1068,416,1484,0.11179534996884069
1073,414,1487,0.11183216510723859
1073,421,1494,0.11185426235386348
1076,428,1504,0.11187390127614424
1075,431,1506,0.11188515263370266
1061,427,1488,0.11189834060537311
1068,427,1495,0.11194253275848552
1075,421,1496,0.11196725714648499
1071,422,1493,0.11197360598333134
1066,424,1490,0.11198835226754085
1074,435,1509,0.11201622824514695
1067,437,1504,0.11202403685125553
1065,444,1509,0.11204788162675677
1052,447,1499,0.11207414120216973
1054,448,1502,0.11212846500068005
1052,452,1504,0.11217230609466335
1051,450,1501,0.11221749110796492
1057,455,1512,0.11226299077357303
1046,461,1507,0.11229167451638204
1045,468,1513,0.11234496270666988
1052,461,1513,0.1123970948763528
1054,465,1519,0.11242872061866827
1054,454,1508,0.1124535719666599
1057,453,1510,0.11247614174829952
1059,457,1516,0.11249057422935328
1050,456,1506,0.1124991202311461
1040,457,1497,0.11252804783939269
1040,461,1501,0.11257812786984829
1040,467,1507,0.11262443211189616
1035,470,1505,0.11266723717448518
1030,471,1501,0.11271877637231473
1035,472,1507,0.11277850113620903
1034,467,1501,0.11282216982870726
1024,475,1499,0.11286477626786377
1027,475,1502,0.11292661887363849
1034,470,1504,0.11297770992073836
1036,474,1510,0.11300862287587204
1022,473,1495,0.11303329155540968
1020,480,1500,0.11308869117534559
1017,482,1499,0.1131441402740015
1012,479,1491,0.11320194904690925
1028,472,1500,0.11326693626512714
1020,466,1486,0.11328952693289644
1005,475,1480,0.11333027525165364
1012,480,1492,0.11340120522400174
1017,478,1495,0.11344969849762591
1028,476,1504,0.11348142416310057
1026,481,1507,0.11348528240376826
1015,483,1498,0.11349411677344828
1009,487,1496,0.11352878978940911
1005,488,1493,0.11357478166844698
1004,491,1495,0.11362612700243488
1015,491,1506,0.11367607770607528
1013,486,1499,0.11369617007861554
1009,490,1499,0.11371851203728403
1002,492,1494,0.11374790773977658
1014,486,1500,0.1137913619390433
1012,484,1496,0.11380482444514413
1010,483,1493,0.1138240029648096
1000,491,1491,0.11384661393138065
994,494,1488,0.11389201415968017
990,509,1499,0.11394775360901388
991,503,1494,0.11400870639094716
1000,495,1495,0.11406270724137854
999,509,1508,0.11409066467273808
1000,509,1509,0.11411843843804441
1003,505,1508,0.11414302337167281
1014,503,1517,0.11415716393859754
1010,499,1509,0.1141435502679604
1005,506,1511,0.11414056570310374
998,505,1503,0.11415038916990222
985,503,1488,0.11417664264213025
979,506,1485,0.11423130949921906
968,518,1486,0.11429489742486318
981,510,1491,0.11437965879046776
984,508,1492,0.1144266423914711
985,508,1493,0.11446295035500398
994,509,1503,0.11449493944692478
998,507,1505,0.11450289254934047
1008,505,1513,0.1145004953500855
1001,505,1506,0.11447470935641967
992,506,1498,0.11446863533375438
991,509,1500,0.11448475214859916
976,507,1483,0.11450273449495224
974,516,1490,0.11455585066102883
974,519,1493,0.11461042198494834
977,528,1505,0.11466011571513152
961,527,1488,0.11469857857987671
959,534,1493,0.11477328216943981
964,535,1499,0.11484705401427693
965,532,1497,0.1149052441288006
972,527,1499,0.11495698228298638
975,536,1511,0.11498818280854532
973,541,1514,0.11501050459652422
969,550,1519,0.11503601311962348
966,546,1512,0.11506790424999705
958,547,1505,0.1151052630315274
954,547,1501,0.11515896236244749
945,536,1481,0.11521704284774201
940,536,1476,0.1152931873615841
947,539,1486,0.11537643926137857
941,544,1485,0.11543576909574163
947,542,1489,0.11550528615550901
947,538,1485,0.1155546844397528
957,543,1500,0.11559935839487841
963,548,1511,0.1156149844585805
954,541,1495,0.11561473980008907
951,534,1485,0.11563516134032124
965,537,1502,0.1156611391898571
952,533,1485,0.1156529760008419
957,536,1493,0.11567702095708068
956,537,1493,0.11568736055890717
972,535,1507,0.11569995447131902
963,539,1502,0.11567172086782755
964,538,1502,0.11566627607351229
959,538,1497,0.11565984013549122
973,537,1510,0.11566571503061404
968,537,1505,0.11563817018611738
972,545,1517,0.11562576055636885
967,551,1518,0.11560612797946228
956,548,1504,0.11559997757518542
948,539,1487,0.11561982521981992
951,542,1493,0.11565792413088588
953,552,1505,0.11568685809569552
958,548,1506,0.115708386939928
963,544,1507,0.11571672011066307
974,547,1521,0.11571175253645388
972,553,1525,0.11567854533126522
968,547,1515,0.11565352022512591
962,555,1517,0.11564046610623346
960,556,1516,0.1156421510676135
952,556,1508,0.11565013472725698
957,557,1514,0.1156757942003923
953,562,1515,0.1156885284295522
947,556,1503,0.11571024336197536
950,552,1502,0.1157433374639763
948,547,1495,0.11576870656836201
941,554,1495,0.1157959936426828
934,556,1490,0.11583918885978046
927,553,1480,0.11589646939391965
927,550,1477,0.11596967997453433
927,550,1477,0.11603513963384411
928,566,1494,0.11609609210905546
937,565,1502,0.11615004029363969
931,567,1498,0.11617738526853973
945,573,1518,0.11621681752701686
935,570,1505,0.11621983734684418
944,569,1513,0.11624521663384989
931,569,1500,0.11624884886195573
931,568,1499,0.11628524545670527
931,565,1496,0.11632041649969761
942,564,1506,0.11635035482541052
941,565,1506,0.11634966504582554
940,568,1508,0.11635174319144667
931,569,1500,0.11635656617704981
931,574,1505,0.11638293203311392
922,580,1502,0.11640787066587603
921,584,1505,0.1164540002946244
930,595,1525,0.11650010867162894
921,595,1516,0.11652245600932172
918,599,1517,0.11656369599773962
910,601,1511,0.11660929701739128
908,604,1512,0.11667156013091069
903,610,1513,0.11673220335579793
895,602,1497,0.11680126305246734
893,597,1490,0.11688279885674949
898,607,1505,0.1169649187448409
895,602,1497,0.11702837163565956
898,610,1508,0.11709390356043717
904,609,1513,0.11714735550643528
895,612,1507,0.11718266338770793
892,614,1506,0.11723600847039606
892,620,1512,0.11729306712082199
898,623,1521,0.11734763240457431
893,615,1508,0.11738298513586962
886,611,1497,0.11742970694337057
884,616,1500,0.11748826965946164
887,615,1502,0.11754718109227799
881,616,1497,0.11759435455329655
873,623,1496,0.11765224320746855
861,630,1491,0.1177248098807166
850,637,1487,0.11781985003928147
868,639,1507,0.11793255912661048
867,642,1509,0.11799545112256273
864,644,1508,0.11805725651579055
856,642,1498,0.11812107534365786
865,634,1499,0.11819966031894097
864,633,1497,0.11824901289008695
859,643,1502,0.11829808508325038
854,635,1489,0.11835446025458995
856,632,1488,0.11841878540185856
858,640,1498,0.11847225209246094
863,638,1501,0.11851761550325297
860,637,1497,0.1185478469803466
864,636,1500,0.11858458771963719
868,633,1501,0.11860990453934245
867,633,1500,0.11862381888079561
878,638,1516,0.11863770237940979
875,643,1518,0.1186235536332617
872,643,1515,0.11861760091676185
862,648,1510,0.11862044843568356
864,646,1510,0.11864694254656953
848,648,1496,0.1186676864326273
850,641,1491,0.11872547690643052
853,641,1494,0.11877243983616513
860,648,1508,0.11880874579531682
859,652,1511,0.11882633366839947
851,646,1497,0.11884499517127216
859,652,1511,0.11888337573605451
844,649,1493,0.1188983433758764
843,650,1493,0.1189471503702917
848,656,1504,0.11899504076205644
844,664,1508,0.11902788158574669
845,648,1493,0.11906770558718771
851,650,1501,0.119102435322284
856,655,1511,0.1191205421163768
857,654,1511,0.1191267574172208
856,658,1514,0.11913080142587548
853,651,1504,0.119137535590141
855,653,1508,0.11915013793402192
838,650,1488,0.11915588096653795
833,657,1490,0.11920179063906894
832,665,1497,0.1192577917274514
836,659,1495,0.11931200897577032
842,672,1514,0.1193535415038489
837,666,1503,0.11937721667046632
852,661,1513,0.11941190403755521
842,659,1501,0.11940763408034276
841,666,1507,0.11942790196329334
834,669,1503,0.11944852832982995
836,668,1504,0.11948606616197416
834,675,1509,0.1195148181157885
834,670,1504,0.11954550058658323
838,667,1505,0.11957333452715173
846,669,1515,0.11958984911784175
838,672,1510,0.11958602955769149
846,671,1517,0.11960012729565901
835,674,1509,0.11959429235356524
832,676,1508,0.1196167792556157
833,673,1506,0.1196462418819127
833,675,1508,0.1196701906425497
833,671,1504,0.11969165624174115
831,681,1512,0.11971188754734459
830,680,1510,0.11973666688095978
828,680,1508,0.1197629581513102
825,664,1489,0.11979189213005643
819,666,1485,0.11982656197204261
825,664,1489,0.11987453379660601
824,676,1500,0.1199036357649329
824,677,1501,0.11993257505772459
816,676,1492,0.11996095310261805
821,679,1500,0.1200058799133053
827,679,1506,0.12003606234557822
819,683,1502,0.12004767444406479
813,686,1499,0.12007811217942611
812,689,1501,0.12012091521203981
821,683,1504,0.12016365990478832
829,678,1507,0.12018100362494895
833,681,1514,0.12017828655641441
820,693,1513,0.12016450934734303
820,688,1508,0.12018481688546544
807,691,1498,0.12020529283553706
802,688,1490,0.1202567784673691
804,684,1488,0.12031551214946887
807,685,1492,0.12036687222533575
809,697,1506,0.12040648578791753
807,692,1499,0.12043889336859903
799,698,1497,0.1204746808931354
796,700,1496,0.12052680584243053
807,701,1508,0.12058422557154706
807,699,1506,0.12061103694801105
805,693,1498,0.12063838555248672
802,705,1507,0.12066903876228534
799,706,1505,0.12070418254172693
795,710,1505,0.12074350599311068
793,713,1506,0.12079149470428535
793,726,1519,0.12084027041742967
790,715,1505,0.1208867111869497
787,719,1506,0.12093848108838542
780,711,1491,0.12099277118576048
784,710,1494,0.12105835709811917
784,711,1495,0.12110971275134308
779,721,1500,0.12115801788009961
779,720,1499,0.12121473734968269
778,716,1494,0.12126815341572385
771,724,1495,0.1213188821638877
776,726,1502,0.12138448456003179
777,728,1505,0.12143481028759334
775,733,1508,0.12147974536764897
773,732,1505,0.12152681285430778
771,729,1500,0.12157490341177259
766,730,1496,0.12162471285658365
774,738,1512,0.12168392336451181
766,744,1510,0.12171964556323539
766,745,1511,0.12177339890723098
763,748,1511,0.1218235507235855
761,753,1514,0.12187972907021136
769,743,1512,0.121936539833533
761,750,1511,0.1219693715788718
758,752,1510,0.12201822049356384
757,744,1501,0.1220718186139014
754,743,1497,0.12212383396068674
746,756,1502,0.12217646581600296
751,753,1504,0.12224415498785739
753,748,1501,0.12229462382924591
748,750,1498,0.12233573595017883
746,743,1489,0.12238581598066059
739,740,1479,0.1224382602629769
737,746,1483,0.12250445769715167
746,740,1486,0.12256915691818947
754,737,1491,0.1226062680787247
748,745,1493,0.12262068952213234
742,750,1492,0.12265102411313915
734,756,1490,0.12269449700025781
723,757,1480,0.12275536226564039
729,765,1494,0.12283817840707456
739,761,1500,0.12290214023187829
741,762,1503,0.12293590643315296
747,753,1500,0.12296281105295112
747,763,1510,0.12297155373288582
758,751,1509,0.1229806454611599
763,754,1517,0.1229622114768954
761,748,1509,0.1229306622182738
764,735,1499,0.12290783427209175
762,739,1501,0.12287771415067042
759,744,1503,0.12285455791495639
765,744,1509,0.12284008791856568
775,746,1521,0.12281188060085667
764,742,1506,0.12276148621993631
768,756,1524,0.12274231665731612
760,762,1522,0.12271610705094066
754,752,1506,0.12271223044168611
753,752,1505,0.12272080779748212
755,745,1500,0.12273023557364575
764,749,1513,0.12273278436901137
769,753,1522,0.12271427615824843
760,746,1506,0.12268451518650648
767,750,1517,0.12268037378742652
761,749,1510,0.12265998589612696
746,749,1495,0.12265776658405197
750,756,1506,0.12269244042383753
753,759,1512,0.12271603147630251
755,752,1507,0.12272831427621111
752,751,1503,0.12273446642738843
761,753,1514,0.12274838095285368
762,746,1508,0.12273905705641046
752,753,1505,0.12272757243683813
762,760,1522,0.12273996370852423
758,758,1516,0.1227265469932624
753,762,1515,0.12272365040338862
759,749,1508,0.1227335878390032
749,766,1515,0.12272825510984431
751,757,1508,0.12274734863069163
749,757,1506,0.12276025719596728
745,756,1501,0.12277759180209478
740,758,1498,0.12280365507472077
741,762,1503,0.12283900557676183
748,764,1512,0.12286902671458347
748,769,1517,0.12287936188624983
742,763,1505,0.12289097037405675
736,773,1509,0.12291834872327342
736,767,1503,0.12295900763253469
725,769,1494,0.12299558358506768
719,771,1490,0.12305698815957428
713,767,1480,0.12312936125051084
717,765,1482,0.12321109015093291
716,778,1494,0.12327675278863374
714,779,1493,0.12334198551995795
713,779,1492,0.12340611923011856
705,779,1484,0.12346789375384404
708,788,1496,0.12354454096367842
704,789,1493,0.12360845545567073
705,793,1498,0.12367781555254379
697,784,1481,0.12373952599780517
702,791,1493,0.12381826527937143
699,784,1483,0.1238792164963507
697,789,1486,0.12394302432331347
691,798,1489,0.12400705490318362
698,793,1491,0.12408101336695437
711,792,1503,0.12413139732431015
713,797,1510,0.12414749382939234
711,808,1519,0.12415811377136493
711,805,1516,0.12417175237371747
708,802,1510,0.12418691776032675
708,802,1510,0.12420712604368568
710,792,1502,0.12422502122965985
712,792,1504,0.12423518679435638
717,794,1511,0.12423899778077593
709,794,1503,0.12423094079435641
707,799,1506,0.12424473968150779
702,811,1513,0.12426320272957275
703,805,1508,0.12429424350274373
701,806,1507,0.12431937895599905
703,802,1505,0.12434743930511717
698,807,1505,0.12436863849285502
699,811,1510,0.12440107058325606
706,805,1511,0.12442868566580771
706,806,1512,0.12443817653092225
709,810,1519,0.12444823944009904
697,807,1504,0.12445146438900999
693,816,1509,0.12448409878427448
691,821,1512,0.12452361999506038
695,816,1511,0.12456589589289291
700,813,1513,0.12459680943381286
698,803,1501,0.12461313250449485
706,798,1504,0.12463159537723138
701,802,1503,0.12462857279113586
705,808,1513,0.12464006894936071
714,811,1525,0.12464154318470129
708,814,1522,0.12462099930182685
689,812,1501,0.12461512639124471
690,806,1496,0.12465641212745762
690,808,1498,0.12469255585320922
685,813,1498,0.12472548290003212
692,801,1493,0.1247666002317363
698,817,1515,0.12478675383314855
694,808,1502,0.1247915447453229
692,812,1504,0.12480526505501173
700,806,1506,0.1248223150372451
698,805,1503,0.12481797714503826
695,809,1504,0.12482010891183826
690,813,1503,0.1248312039298628
685,813,1498,0.12485503017039332
682,813,1495,0.12489107759704185
686,825,1511,0.12492871071429372
684,827,1511,0.1249544013015419
692,817,1509,0.12498379499368585
687,814,1501,0.12499156709404431
687,808,1495,0.1250098140530235
685,801,1486,0.12502644809448835
677,805,1482,0.1250460663870949
681,811,1492,0.125085448218308
678,811,1489,0.12511167844072577
678,812,1490,0.12514457697400383
691,806,1497,0.12517223017096363
692,803,1495,0.12516347161362595
693,813,1506,0.1251524801283461
692,814,1506,0.12514212117395396
695,816,1511,0.12513371636696927
687,807,1494,0.12512064323697342
695,817,1512,0.12512995548150804
703,825,1528,0.1251188891682976
693,820,1513,0.12508762545363597
691,826,1517,0.12508475737019456
686,816,1502,0.12508714742844612
686,817,1503,0.12510265707992343
693,821,1514,0.12511682127629903
683,824,1507,0.12511437936929384
680,834,1514,0.12513776526093548
686,826,1512,0.1251667124182195
675,836,1511,0.12517882279346723
674,838,1512,0.12521744173823868
673,832,1505,0.12525692506952488
678,839,1517,0.12529769105978011
679,833,1512,0.12532309431918037
673,841,1514,0.12534405826922732
673,841,1514,0.1253791812788006
674,844,1518,0.1254126391327244
673,838,1511,0.12543993635525993
675,833,1508,0.12546717051039924
674,840,1514,0.12548536899123497
668,836,1504,0.12550763325603914
661,852,1513,0.12554460126560935
663,856,1519,0.12559611496059378
649,852,1501,0.12563943997454566
644,851,1495,0.12571267073510647
644,852,1496,0.1257939313441299
652,857,1509,0.12586875162564412
654,851,1505,0.1259179979627599
653,851,1504,0.12595860245870116
648,854,1502,0.1259986790630476
638,862,1500,0.12604854539106203
642,863,1505,0.126122757561752
640,871,1511,0.12617902696161884
628,868,1496,0.1262350785426108
631,871,1502,0.12631865118887217
639,870,1509,0.12638929537349677
637,871,1508,0.12643388727708213
639,870,1509,0.12648035979723332
637,856,1493,0.12652059661791473
638,866,1504,0.12656085680032672
636,860,1496,0.12659758946082436
638,862,1500,0.12663759464504148
640,853,1493,0.12666940018911835
641,851,1492,0.12669179963609223
635,856,1491,0.1267093879324904
637,849,1486,0.12674034475144455
633,853,1486,0.12676314783305245
636,852,1488,0.12679285668772983
642,865,1507,0.12681357328377027
637,858,1495,0.1268182720171993
636,858,1494,0.12683606852226767
638,861,1499,0.1268538787010453
635,863,1498,0.1268652132528714
640,867,1507,0.12688376298095705
650,866,1516,0.12688869500353053
649,871,1520,0.12686799644303834
650,870,1520,0.12685260593436898
650,861,1511,0.1268344203883337
648,871,1519,0.12681814456178947
653,864,1517,0.12680767283618954
652,855,1507,0.12678610446512942
651,857,1508,0.12676865646383426
653,867,1520,0.1267553708939911
644,870,1514,0.12673892823569513
639,868,1507,0.12674795009502027
635,881,1516,0.126770358924138
643,883,1526,0.12680038534459048
639,875,1514,0.12680984651883748
641,882,1523,0.12682907784038835
639,885,1524,0.12684090183279934
634,885,1519,0.1268565985045524
634,879,1513,0.12688159272096697
635,868,1503,0.12690331429863494
638,867,1505,0.12691866597371562
638,872,1510,0.12692725204308303
631,879,1510,0.12693666391126568
638,879,1517,0.12696475040576444
631,876,1507,0.12697370575196618
625,873,1498,0.12700052220676464
630,884,1514,0.12704140586110937
631,875,1506,0.12706654576320806
631,886,1517,0.127084405191928
629,878,1507,0.1271013848847501
628,885,1513,0.12712297568519051
619,890,1509,0.1271457255238273
617,886,1503,0.12719036353426705
613,886,1499,0.12723558088837492
612,879,1491,0.12728688514243963
610,887,1497,0.1273345921246986
610,887,1497,0.12738627614720224
622,883,1505,0.12743474633727023
619,886,1505,0.12744962994218192
620,893,1513,0.12747133969232294
627,898,1525,0.12749028032320456
630,891,1521,0.12749164716576109
636,892,1528,0.12748636030740598
630,899,1529,0.12746676187349745
620,894,1514,0.12746377894757718
622,895,1517,0.12748618250960525
630,894,1524,0.1275028790486188
624,897,1521,0.1274980381120887
627,901,1528,0.12750840159041565
620,895,1515,0.12751193281741618
615,897,1512,0.12753459366002395
611,893,1504,0.12756519602927668
613,906,1519,0.12760465703376098
609,908,1517,0.12763533804496224
600,912,1512,0.12767550117696322
605,919,1524,0.12773520802216137
598,918,1516,0.12778076899886304
598,914,1512,0.1278414395924521
589,909,1498,0.12789763839402093
599,911,1510,0.1279720594437339
606,917,1523,0.12801659203093738
597,911,1508,0.12803895580228178
596,898,1494,0.12808316290934096
591,915,1506,0.1281275408696627
603,918,1521,0.12818123316048072
595,912,1507,0.12820023955590285
587,913,1500,0.12823962260503285
585,920,1505,0.1282973567189413
587,922,1509,0.12835660304239416
584,927,1511,0.12840575928327383
591,932,1523,0.12845945205982798
594,928,1522,0.12849216468167185
584,935,1519,0.12851704524005197
581,928,1509,0.12856613771524508
582,925,1507,0.12861838971190642
575,934,1509,0.1286666331179864
578,942,1520,0.1287300319188616
575,933,1508,0.1287824849092988
572,925,1497,0.12883865400455255
577,926,1503,0.12889766903404035
578,924,1502,0.12894044756125084
582,919,1501,0.12897897063039201
576,932,1508,0.1290062763478017
580,925,1505,0.12904755893285358
578,928,1506,0.12907617221088133
575,928,1503,0.12910808088080222
571,931,1502,0.12914498984538336
560,932,1492,0.12918808851089153
572,933,1505,0.12925414666315954
580,943,1523,0.12928613095351169
577,940,1517,0.12929567681261886
581,947,1528,0.12931431692274412
579,948,1527,0.12932290212344064
572,942,1514,0.12933382274079194
566,941,1507,0.12936321672479706
564,945,1509,0.1294064517236776
566,942,1508,0.12945279789550845
572,944,1516,0.12949032437223734
575,941,1516,0.12951130999411167
574,940,1514,0.12952402406305852
563,942,1505,0.12953822504618603
570,939,1509,0.12957896461996576
569,939,1508,0.12959845765195424
566,943,1509,0.12961960568434705
561,936,1497,0.12964647303327603
558,938,1496,0.12968436459180052
567,931,1498,0.12972536833245665
563,941,1504,0.1297416341928261
557,942,1499,0.12976629147710178
557,933,1490,0.12980435419112094
553,933,1486,0.12983914269820163
558,944,1502,0.12987973147846404
563,934,1497,0.12990628274707208
568,925,1493,0.12991757302449305
564,922,1486,0.12991583392664416
558,925,1483,0.12992370267912817
555,933,1488,0.12994789393710504
557,933,1490,0.12997839829262312
551,938,1489,0.12999900499957448
561,939,1500,0.13003535332574476
560,940,1500,0.13004336987104517
564,954,1518,0.13005217850139755
556,955,1511,0.13005067216072935
553,944,1497,0.13006984231557753
559,943,1502,0.13009504747160766
561,940,1501,0.13010160736238893
557,946,1503,0.13010372514620605
558,957,1515,0.13011642812868213
562,955,1517,0.13012748911563454
554,943,1497,0.13012782167617604
556,953,1509,0.13014977016451942
551,961,1512,0.13016434485315895
551,954,1505,0.1301908703944551
558,949,1507,0.13021627443781644
565,956,1521,0.13022209743768617
568,962,1530,0.1302101667726615
560,967,1527,0.1301912332429249
559,974,1533,0.13019293724269498
552,958,1510,0.1301974120287236
548,962,1510,0.13022018638860033
556,958,1514,0.13024865069309677
545,961,1506,0.13025447911713317
553,964,1517,0.1302885081722976
551,964,1515,0.1302995269123917
545,950,1495,0.13031700842191873
548,952,1500,0.13034826711630024
544,943,1487,0.1303684001896989
542,946,1488,0.13039773276857367
535,956,1491,0.13043212038955662
536,966,1502,0.13048201518494873
533,951,1484,0.13052616667301328
530,957,1487,0.13057243730447732
527,961,1488,0.13062344446512333
526,968,1494,0.1306786002062901
524,973,1497,0.13073377139211598
523,986,1509,0.1307908796126164
528,974,1502,0.1308467022919298
529,971,1500,0.13088565168466704
527,977,1504,0.1309212308273493
529,976,1505,0.13096139307273713
529,981,1510,0.13099136592057017
527,988,1515,0.13102171473452043
520,981,1501,0.1310541930695361
523,983,1506,0.13110340615564733
532,989,1521,0.13114091386368046
531,992,1523,0.13115099793054402
527,988,1515,0.13116127499888763
530,991,1521,0.13118155289578684
520,988,1508,0.13119238564647065
519,992,1511,0.13122819554267828
517,995,1512,0.13126509382025456
513,997,1510,0.13130588617385583
515,997,1512,0.1313534705718482
520,998,1518,0.13139345310636993
509,1002,1511,0.1314197417285839
514,996,1510,0.13147298225587284
515,987,1502,0.1315113633735819
511,991,1502,0.131545256190723
510,1000,1510,0.13158786040955814
504,1003,1507,0.13163051856162913
512,1008,1520,0.1316862358781923
509,1006,1515,0.13171833560814908
508,1004,1512,0.13175588609844155
507,998,1505,0.13179443891974463
506,1001,1507,0.13183283059299017
497,1003,1500,0.13187229599853906
491,1010,1501,0.131933854122143
480,1007,1487,0.13200701810434723
483,1014,1497,0.13210318336549284
483,1020,1503,0.1321845937305165
483,1022,1505,0.13226201751329575
489,1021,1510,0.1323334533114048
494,1019,1513,0.13238338648193942
487,1016,1503,0.13241772504057717
490,1012,1502,0.13246753204252648
478,1017,1495,0.13250722700706416
494,1016,1510,0.13257513363298234
494,1019,1513,0.13259750286402874
487,1020,1507,0.13262004402904828
484,1017,1501,0.1326578496451352
481,1019,1500,0.13270156616770368
479,1018,1497,0.13274950282514017
482,1006,1488,0.13280218590977783
474,1017,1491,0.13284370349472213
475,1018,1493,0.13290245008368148
472,1025,1497,0.13295409001551584
478,1016,1494,0.1330090435833042
480,1024,1504,0.13304522440758715
470,1030,1500,0.13307454975006916
468,1029,1497,0.13312875622983994
467,1038,1505,0.1331863827370717
469,1037,1506,0.133242383755251
474,1037,1511,0.13328993226929522
472,1040,1512,0.133322154663105
468,1047,1515,0.13335783456522912
461,1050,1511,0.1334007371633605
464,1049,1513,0.1334582361351819
460,1055,1515,0.13350540510354783
456,1063,1519,0.1335603233276912
452,1056,1508,0.13362139573459889
448,1072,1520,0.13369039210751243
457,1067,1524,0.1337645848743248
464,1060,1524,0.1338108732143046
461,1058,1519,0.13383584951424993
465,1063,1528,0.13386779996670842
458,1079,1537,0.1338852890373537
456,1071,1527,0.13391888884207848
450,1071,1521,0.13395319247338158
457,1069,1526,0.13399976049107587
451,1061,1512,0.13402572265612253
457,1064,1521,0.13406581510232984
455,1049,1504,0.1340877200961397
459,1046,1505,0.13411319874599267
460,1056,1516,0.1341256888512633
451,1058,1509,0.13413318826305606
447,1056,1503,0.13416513709089528
439,1056,1495,0.13420741636181002
439,1062,1501,0.13426623190933848
441,1067,1508,0.1343197004540048
445,1061,1506,0.1343637047189086
434,1053,1487,0.13439374772916793
446,1056,1502,0.13445007888737254
445,1063,1508,0.13447222299458092
449,1063,1512,0.13449319437971335
449,1056,1505,0.1345026360278595
445,1062,1507,0.13451343988213768
438,1069,1507,0.1345339142326411
433,1070,1503,0.13457071925004768
436,1072,1508,0.1346187541093267
437,1084,1521,0.13465920064266096
435,1071,1506,0.13469529101108307
438,1076,1514,0.1347328371829474
443,1074,1517,0.13476009360114763
446,1072,1518,0.13477265685041992
446,1064,1510,0.13477667279347202
447,1073,1520,0.13478138922600966
435,1078,1513,0.13478365526886416
440,1086,1526,0.13481753714613462
443,1082,1525,0.13483463091053913
443,1076,1519,0.1348431260048818
444,1074,1518,0.1348513008299908
445,1078,1523,0.13485522224010904
444,1073,1517,0.1348579727920369
443,1068,1511,0.13486510093690363
444,1058,1502,0.13487530778418438
437,1066,1503,0.13488140516461627
430,1076,1506,0.13490636675087248
432,1076,1508,0.1349473533492887
435,1079,1514,0.13498076621320035
431,1081,1512,0.1350047426797703
432,1085,1517,0.1350377801613746
432,1087,1519,0.13506528993975436
434,1089,1523,0.13508941731610297
432,1087,1519,0.13510804093575066
432,1090,1522,0.1351308979542702
424,1098,1522,0.13515312161364054
420,1093,1513,0.1351941061775394
424,1098,1522,0.13524091413460185
423,1096,1519,0.1352739719105872
424,1100,1524,0.13530831068262641
423,1095,1518,0.13533700538594282
424,1085,1509,0.1353653423037053
422,1090,1512,0.1353886221075153
422,1085,1507,0.1354150740429412
426,1090,1516,0.1354369321390238
427,1081,1508,0.13544732707613993
431,1079,1510,0.13545330205981757
425,1082,1507,0.135449246925516
419,1088,1507,0.13546157245521315
419,1083,1502,0.1354886829579953
415,1093,1508,0.13551330547048376
418,1093,1511,0.13554697361484286
416,1087,1503,0.13557183825384336
414,1096,1510,0.13559932414436637
414,1098,1512,0.13562756947606225
408,1099,1507,0.13565480389571571
410,1094,1504,0.1356976426194471
406,1097,1503,0.13573267803191924
409,1111,1520,0.13577621450529656
410,1101,1511,0.1358088522900015
410,1107,1517,0.13583689396397391
403,1116,1519,0.13586257539920032
401,1115,1516,0.13590448367250896
403,1103,1506,0.1359490914784768
405,1107,1512,0.1359854863772877
401,1113,1514,0.1360151581157799
395,1114,1509,0.13605453309068938
392,1113,1505,0.13610724323679171
390,1111,1501,0.1361635398508296
393,1096,1489,0.13622317108041485
398,1106,1504,0.13627103316000125
393,1128,1521,0.1363006008198777
386,1134,1520,0.13634258500353083
390,1125,1515,0.13639857662955374
385,1142,1527,0.13644086664560548
384,1138,1522,0.13649267913681778
379,1126,1505,0.13654603577853947
372,1120,1492,0.13660822054828048
382,1125,1507,0.13668257949278012
386,1122,1508,0.13672668996391465
381,1131,1512,0.1367595595075064
378,1130,1508,0.1368022718257458
377,1128,1505,0.1368515670584211
381,1121,1502,0.1369008479660568
378,1125,1503,0.13693748394006716
386,1130,1516,0.136979925432147
393,1139,1532,0.13699670341114797
390,1138,1528,0.13699255479918557
385,1143,1528,0.13699744929082067
392,1136,1528,0.13701587434603787
388,1132,1520,0.1370131723975763
394,1136,1530,0.13702020670022125
392,1122,1514,0.13701163322044896
388,1130,1518,0.13700726992507015
382,1129,1511,0.1370149600053405
385,1122,1507,0.1370400958097747
382,1118,1500,0.1370543843069654
382,1128,1510,0.13707652620062313
386,1134,1520,0.13709724210484023
387,1137,1524,0.13710703764414325
386,1139,1525,0.13711497346233417
385,1128,1513,0.13712588553394445
372,1136,1508,0.13714000311325097
371,1115,1486,0.1371868635125924
373,1116,1489,0.13723236346985015
380,1117,1497,0.13726872084963077
379,1119,1498,0.13728508757263858
374,1119,1493,0.137302077545305
381,1131,1512,0.13732931698672343
388,1144,1532,0.13733672469673963
386,1130,1516,0.13732561118896572
393,1124,1517,0.13732154718530393
389,1117,1506,0.137300856581488
387,1118,1505,0.13729389316827606
391,1126,1517,0.13729296314714887
397,1123,1520,0.13728151564250218
396,1128,1524,0.13725338517839641
393,1131,1524,0.13722822353828018
393,1117,1510,0.13721305020094196
389,1121,1510,0.13719979257714082
389,1126,1515,0.1372006352148256
388,1126,1514,0.13720180697330867
386,1119,1505,0.1372050698445952
382,1119,1501,0.13721539528322427
386,1120,1506,0.13723480550557043
385,1120,1505,0.13724391183440648
385,1117,1502,0.13725622670807103
380,1121,1501,0.137266680728788
378,1113,1491,0.13728946704157916
375,1112,1487,0.137315462762408
381,1115,1496,0.13734559631305993
381,1109,1490,0.1373570698757169
385,1113,1498,0.13736694478923006
386,1116,1502,0.13736576205012907
392,1132,1524,0.1373620471785058
384,1128,1512,0.13734316392964568
383,1138,1521,0.13734762739142986
385,1140,1525,0.1373542276207684
375,1133,1508,0.1373563634210884
374,1132,1506,0.13738505239653842
384,1134,1518,0.13741413175275524
383,1135,1518,0.13741439304564415
378,1137,1515,0.13741665860478647
379,1130,1509,0.13743142824581261
375,1128,1503,0.13744464092808734
379,1118,1497,0.137467935871162
383,1131,1514,0.1374792802225088
384,1132,1516,0.13747916243517558
384,1137,1521,0.13747713427654237
376,1136,1512,0.13747538634390516
369,1127,1496,0.13749461293321324
370,1139,1509,0.1375280699347918
364,1146,1510,0.13755745749156284
367,1151,1518,0.13759962140281654
372,1152,1524,0.13763144075474693
367,1157,1524,0.13764806926380804
364,1158,1522,0.1376757391757122
366,1157,1523,0.13770835354410454
373,1137,1510,0.13773346403567
368,1148,1516,0.1377389604024436
364,1146,1510,0.1377574913120805
365,1137,1502,0.13778296567893672
366,1143,1509,0.13780197034459896
364,1143,1507,0.137819724776622
367,1150,1517,0.1378404911824202
369,1152,1521,0.13785201396240257
368,1144,1512,0.13785774310945012
364,1149,1513,0.13786751022688493
360,1152,1512,0.13788812997252897
362,1149,1511,0.13791805182202793
365,1137,1502,0.13794122759258717
365,1140,1505,0.137953904359054
372,1142,1514,0.13796677650161226
378,1133,1511,0.13795968318243074
371,1155,1526,0.1379372580414778
370,1148,1518,0.13793438285792514
367,1152,1519,0.1379354826734705
371,1151,1522,0.13794495896533565
370,1152,1522,0.1379433958693251
360,1160,1520,0.1379424790978562
365,1146,1511,0.13796756225269266
363,1144,1507,0.1379773212866189
365,1147,1512,0.13799274680861873
367,1149,1516,0.13800271986544022
372,1136,1508,0.13800669375123067
372,1136,1508,0.13799891558970476
373,1151,1524,0.1379922962510398
368,1154,1522,0.13798310294764932
369,1145,1514,0.137987084669147
366,1143,1509,0.1379891392422129
365,1141,1506,0.13799821363058073
360,1148,1508,0.13801086476353097
359,1154,1513,0.1380353027721538
355,1154,1509,0.13806011042784902
350,1157,1507,0.13809411444576677
360,1157,1517,0.13813877426964394
361,1159,1520,0.13815568474607093
359,1162,1521,0.13816751808947167
359,1172,1531,0.1381831124567775
356,1171,1527,0.13819676864440977
358,1172,1530,0.13821843203890707
355,1165,1520,0.13823374932073976
357,1158,1515,0.13825838130251758
347,1147,1494,0.13827707665927957
350,1137,1487,0.13832062285414037
346,1137,1483,0.13835474798967037
343,1143,1486,0.13839701553367278
347,1139,1486,0.13844478201447885
352,1135,1487,0.1384777348756588
352,1133,1485,0.13849533859053523
345,1148,1493,0.138511249468082
343,1154,1497,0.13854722006266498
343,1171,1514,0.13858681094856876
340,1186,1526,0.13862605924656468
343,1166,1509,0.13867076614221702
340,1162,1502,0.13870406703024799
342,1171,1513,0.13874243878704606
344,1176,1520,0.138771697907102
347,1170,1517,0.13879546752777944
349,1169,1518,0.13881012278896662
350,1164,1514,0.1388172288598949
350,1169,1519,0.13882196065161462
350,1165,1515,0.138826744142492
348,1150,1498,0.13883129777416847
344,1154,1498,0.1388402678082504
349,1158,1507,0.13885816425851794
351,1166,1517,0.1388605166973912
344,1159,1503,0.1388583674898113
355,1150,1505,0.1388742498059867
356,1158,1514,0.13886117374756124
352,1166,1518,0.1388460419345314
352,1178,1530,0.13884168714729309
351,1163,1514,0.13883700158615636
351,1163,1514,0.13883470027809122
347,1167,1514,0.13883310444441904
344,1181,1525,0.1388417485974351
348,1180,1528,0.13885689814114427
347,1171,1518,0.13886112965967692
344,1169,1513,0.13886775389475248
346,1164,1510,0.1388812451572123
350,1154,1504,0.13888924997934315
350,1151,1501,0.13888723216372734
352,1165,1517,0.13888464555843502
349,1169,1518,0.13887854943692232
353,1168,1521,0.13888042830062286
345,1161,1506,0.13887120630413974
344,1152,1496,0.13888296168544584
343,1160,1503,0.1388959886512983
340,1163,1503,0.1389104400539747
335,1177,1512,0.13893217665036167
338,1174,1512,0.13896499559636014
342,1179,1521,0.13898883887797925
341,1171,1512,0.13900304814251058
342,1166,1508,0.13901796811971934
350,1164,1514,0.1390289981769404
352,1165,1517,0.13901889350512295
353,1156,1509,0.1390047027028086
354,1165,1519,0.13898958737028258
350,1153,1503,0.1389740620828303
353,1172,1525,0.1389710184014444
346,1167,1513,0.13896035893369998
339,1173,1512,0.13896949861321742
340,1168,1508,0.13899720078956457
338,1157,1495,0.1390187029922106
338,1159,1497,0.13904455686613681
340,1161,1501,0.1390687224214041
337,1163,1500,0.13908484582993735
332,1170,1502,0.13910750491385396
333,1162,1495,0.13914154889275412
335,1166,1501,0.13916836939345864
339,1159,1498,0.1391872071708292
347,1144,1491,0.13919519911239228
343,1160,1503,0.1391817203618642
337,1160,1497,0.13918050494957032
341,1164,1505,0.1391952073302903
343,1156,1499,0.13920018977803425
338,1163,1501,0.1391999553715221
339,1162,1501,0.13921211965110689
343,1154,1497,0.13922011236528903
341,1165,1506,0.13921650629404297
344,1178,1522,0.13921819717616696
352,1169,1521,0.1392107480409615
342,1180,1522,0.13918222688989715
339,1187,1526,0.13918347691050592
336,1184,1520,0.13919237386329875
333,1174,1507,0.13920839998620718
336,1179,1515,0.1392324169352896
337,1171,1508,0.13924730436229343
333,1177,1510,0.13925883598879724
333,1182,1515,0.13928000914380173
335,1171,1506,0.1393003227531934
328,1181,1509,0.13931404251949003
333,1178,1511,0.13934492938349777
327,1187,1514,0.13936104921812106
330,1206,1536,0.1393924128375127
327,1209,1536,0.13941506886921606
329,1202,1531,0.13944413499043146
329,1200,1529,0.13946532695521402
331,1196,1527,0.13948510771645728
334,1194,1528,0.13949833067716885
335,1187,1522,0.13950471138877124
339,1177,1516,0.1395075830520198
334,1173,1507,0.13949728278121523
328,1174,1502,0.13950098894389895
335,1184,1519,0.13952098831034349
338,1197,1535,0.13951959170142403
340,1196,1536,0.1395100989815602
334,1173,1507,0.13949647579477661
334,1175,1509,0.1395022137412937
327,1187,1514,0.1395055147438009
334,1185,1519,0.13952593333098653
332,1182,1514,0.13952487980899125
328,1171,1499,0.13952814804201508
322,1176,1498,0.13954492368154692
323,1177,1500,0.1395774933536779
323,1181,1504,0.13960423849253778
323,1180,1503,0.1396289395817715
323,1174,1497,0.13965226598424132
335,1174,1509,0.13967403619355584
334,1178,1512,0.1396629472435799
324,1176,1500,0.1396551881697678
326,1178,1504,0.13967284847671468
330,1177,1507,0.13968482610800592
332,1169,1501,0.13968582946190147
330,1164,1494,0.1396815288082617
330,1167,1497,0.1396810485841502
339,1165,1504,0.13968058306532632
331,1167,1498,0.13965728217372056
332,1166,1498,0.13965711150316046
331,1168,1499,0.13965522244174775
334,1181,1515,0.13965715287511604
337,1188,1525,0.13965129879398253
335,1182,1517,0.13963630994242815
336,1180,1516,0.13962783753897626
336,1177,1513,0.1396182681491157
329,1170,1499,0.13960944785248192
332,1173,1505,0.13961771897049877
323,1165,1488,0.13961777996762048
324,1176,1500,0.1396427233218686
327,1170,1497,0.13966327870770529
331,1182,1513,0.13967413686836977
330,1190,1520,0.13967275099595006
327,1185,1512,0.13967446749654688
329,1187,1516,0.13968522304006759
332,1185,1517,0.139689852091389
331,1177,1508,0.13968727983946336
328,1171,1499,0.1396876407171711
326,1169,1495,0.1396956302727629
333,1180,1513,0.1397086471992555
330,1178,1508,0.13970126961753782
326,1174,1500,0.13970067810869902
324,1186,1510,0.13971126078851845
327,1185,1512,0.13972587973844164
327,1181,1508,0.13973204384977123
333,1175,1508,0.13973772165793685
329,1174,1503,0.13972780379981542
333,1161,1494,0.13972934618078764
337,1165,1502,0.13971947635457613
342,1162,1504,0.13970235256901767
344,1168,1512,0.13967285140975197
341,1183,1524,0.1396394472338347
336,1169,1505,0.13961629927748237
338,1175,1513,0.13960708936456329
341,1183,1524,0.13959405967475674
345,1187,1532,0.13957546121429612
348,1186,1534,0.13954823900749694
343,1170,1513,0.13951567409828838
343,1181,1524,0.139499432455495
336,1176,1512,0.13948496638588495
341,1180,1521,0.13948926300931877
335,1168,1503,0.13948042110293726
338,1182,1520,0.1394897943272164
340,1190,1530,0.13948956121033793
340,1187,1527,0.13948510822039764
340,1181,1521,0.13948106130901589
337,1177,1514,0.1394769674567019
339,1179,1518,0.13947965998642697
336,1174,1510,0.13947695016463219
330,1178,1508,0.13948192024257636
335,1171,1506,0.13950126966584597
333,1168,1501,0.13950693083255922
325,1172,1497,0.13951918339481648
321,1179,1500,0.1395505009146263
323,1176,1499,0.13958984564698695
316,1178,1494,0.13962054151162484
323,1184,1507,0.13966675867720102
323,1176,1499,0.13969193215739678
325,1165,1490,0.1397145050500722
335,1175,1510,0.13973001297234083
331,1179,1510,0.13971865393037014
328,1170,1498,0.13971914963005744
326,1163,1489,0.13972797892991742
321,1180,1501,0.13974271722368412
323,1182,1505,0.13976948243822931
320,1189,1509,0.13978960130146165
309,1185,1494,0.1398175214765412
315,1190,1505,0.13987143415672573
317,1184,1501,0.13990485278460096
315,1177,1492,0.1399301967807784
318,1178,1496,0.1399597414219308
319,1191,1510,0.1399777026771921
324,1195,1519,0.13999155359935841
324,1191,1515,0.13999167624531011
322,1200,1522,0.13999311855980173
321,1201,1522,0.13999986645396814
320,1200,1520,0.14000866349954375
315,1204,1519,0.14001947182004967
313,1206,1519,0.14004365791102416
314,1195,1509,0.14007188099379358
316,1205,1521,0.1400958695559664
309,1217,1526,0.14011402086061073
307,1203,1510,0.140150170406527
311,1206,1517,0.14018786766625407
310,1194,1504,0.1402136603896408
318,1197,1515,0.14024139833976418
314,1209,1523,0.14024586543685402
307,1210,1517,0.14026088358634164
308,1208,1516,0.14029190529882676
305,1214,1519,0.14031859723069032
307,1221,1528,0.1403527977498609
306,1219,1525,0.14037910566333264
306,1211,1517,0.14040605844440623
305,1215,1520,0.14043063949983917
303,1207,1510,0.14045772116568403
305,1200,1505,0.14048741254155594
315,1209,1524,0.14051013741805857
315,1207,1522,0.14050536739257655
306,1216,1522,0.14050107516745886
301,1209,1510,0.14052168188548067
298,1211,1509,0.14055454974487513
298,1217,1515,0.1405921028990914
305,1216,1521,0.1406265875696397
303,1217,1520,0.14064212090362221
302,1204,1506,0.1406618775138193
297,1199,1496,0.1406830747002017
300,1205,1505,0.14071612382279372
295,1209,1504,0.1407402037953195
292,1219,1511,0.1407747827140357
299,1229,1528,0.14081407886420305
302,1222,1524,0.14083245516022433
295,1218,1513,0.14084352662188196
298,1212,1510,0.14086978002166173
293,1208,1501,0.14088734078204332
294,1205,1499,0.14091651691078638
287,1206,1493,0.14094097377433726
288,1204,1492,0.14098253457549667
287,1222,1509,0.14101880439365885
291,1211,1502,0.14105475367074674
298,1206,1504,0.1410771939223695
301,1214,1515,0.14108078533786503
299,1208,1507,0.14107701324767244
297,1213,1510,0.14107953684010283
297,1218,1515,0.14108501205545415
296,1235,1531,0.1410889922242353
294,1228,1522,0.14109526354118518
292,1222,1514,0.1411067542666114
302,1216,1518,0.14112293482807917
304,1212,1516,0.14111095681268826
305,1206,1511,0.14109471114763278
307,1210,1517,0.14107597343963946
308,1205,1513,0.14105313726761767
305,1206,1511,0.14102919517683254
297,1203,1500,0.1410146747224363
290,1214,1504,0.14102282398904525
291,1221,1512,0.14104941709912155
291,1211,1502,0.14107013464876253
283,1218,1501,0.14108975803803667
285,1220,1505,0.14112966635368848
284,1212,1496,0.14116184668479193
295,1215,1510,0.1411936442820638
292,1210,1502,0.14119403626753893
289,1212,1501,0.14120245013043345
295,1217,1512,0.14121717674166814
297,1224,1521,0.1412147134439275
298,1217,1515,0.1412067952113658
296,1221,1517,0.14119781821994362
300,1220,1520,0.14119528521220184
301,1207,1508,0.14118214338971774
296,1212,1508,0.14116700293398984
290,1202,1492,0.14116649801826195
293,1214,1507,0.14118335992757003
291,1231,1522,0.141190304569477
288,1209,1497,0.1412027766858437
293,1205,1498,0.14122316552721112
298,1213,1511,0.14122776726457217
297,1222,1519,0.14121878437475296
301,1214,1515,0.1412132849151082
300,1213,1513,0.14119699186419143
304,1199,1503,0.14118487784740938
301,1215,1516,0.14116288568000923
295,1213,1508,0.14114996742782984
289,1225,1514,0.14115418568016225
293,1229,1522,0.14117316915206202
294,1227,1521,0.1411790225606675
295,1225,1520,0.14118157561275654
293,1221,1514,0.14118240122033915
293,1223,1516,0.14118989935732026
290,1222,1512,0.14119621160123988
295,1227,1522,0.14121010108644114
292,1218,1510,0.14120945814462849
290,1216,1506,0.14121714153863818
291,1216,1507,0.14123027817651987
287,1217,1504,0.14123966561658602
290,1221,1511,0.14125906591506165
295,1212,1507,0.14126966643337846
296,1220,1516,0.1412673144307234
297,1221,1518,0.14126290978294773
294,1221,1515,0.14125614813164122
289,1228,1517,0.14125800195281524
291,1219,1510,0.14127191323770075
292,1210,1502,0.14128005086696385
296,1223,1519,0.14128537042886047
295,1229,1524,0.14127993812479514
293,1214,1507,0.14127838852574737
294,1210,1504,0.14128206597442117
295,1209,1504,0.14128275964081508
286,1212,1498,0.14128139848883656
288,1219,1507,0.14130432948943894
285,1221,1506,0.14132031561591832
285,1231,1516,0.14134450387058556
287,1231,1518,0.14136797918875427
279,1231,1510,0.14138515930898823
276,1229,1505,0.14142200407707028
274,1235,1509,0.14146444785798176
272,1239,1511,0.1415089135728212
277,1237,1514,0.14155511427109396
277,1237,1514,0.14158493032462385
274,1224,1498,0.14161219260754657
272,1215,1487,0.141645458318375
282,1220,1502,0.1416810527019424
278,1214,1492,0.14168918146293613
278,1221,1499,0.14170715519709393
278,1228,1506,0.14172343693297607
281,1220,1501,0.1417396950262146
279,1222,1501,0.14174714000412858
274,1236,1510,0.14176000119424245
273,1233,1506,0.14178417302695026
265,1242,1507,0.14180964096828907
269,1239,1508,0.1418532206489723
267,1236,1503,0.14188360015576276
264,1234,1498,0.1419167649607039
270,1236,1506,0.14195622726274337
262,1230,1492,0.1419773056325132
258,1242,1500,0.14201818580319678
252,1248,1500,0.1420676898824428
262,1250,1512,0.1421296700722693
257,1252,1509,0.1421625628251598
255,1254,1509,0.14220623787054326
259,1264,1523,0.14225387755915744
261,1271,1532,0.14228724853741068
256,1271,1527,0.14231395847224054
255,1269,1524,0.1423519722510917
252,1268,1520,0.14238961224751814
250,1266,1516,0.14243272489706105
247,1265,1512,0.14247967105895187
248,1266,1514,0.14253152625785215
250,1266,1516,0.14257678599286475
251,1274,1525,0.14261256456287985
255,1279,1534,0.1426438157740607
255,1275,1530,0.14266361034351616
246,1276,1522,0.14268242047088533
247,1270,1517,0.14272342546729747
242,1274,1516,0.14275916349994472
239,1264,1503,0.14280547048510925
240,1257,1497,0.14285681405587997
236,1259,1495,0.14290076471064825
237,1281,1518,0.14295222101769473
244,1275,1519,0.14299727788468705
244,1261,1505,0.14302221315634514
243,1259,1502,0.14304561690436368
246,1263,1509,0.14306978955627236
249,1269,1518,0.1430846249943136
246,1275,1521,0.14309042051131304
243,1266,1509,0.14310327141741655
246,1262,1508,0.1431224615107193
248,1262,1510,0.14313253437466897
244,1260,1504,0.1431370862189973
248,1262,1510,0.14315191115784281
248,1255,1503,0.14315376786643932
253,1273,1526,0.14315508252545203
248,1262,1510,0.14314249658936903
248,1263,1511,0.1431427070650467
245,1264,1509,0.1431425890587054
246,1258,1504,0.14315179542818565
248,1264,1512,0.14315637802243975
247,1271,1518,0.14315469458650154
253,1267,1520,0.14315648130913616
250,1264,1514,0.14314251420351437
249,1271,1520,0.1431370800454067
250,1267,1517,0.14313501397541756
250,1268,1518,0.1431308120578491
255,1261,1516,0.14312755609129638
253,1263,1516,0.1431110369263301
254,1255,1509,0.14310158202820544
253,1254,1507,0.1430899950086918
250,1271,1521,0.14308179943725785
248,1259,1507,0.14308274557266948
250,1265,1515,0.14308988326690655
247,1265,1512,0.14309148286203077
253,1251,1504,0.1431018264357523
249,1256,1505,0.1430952254534189
254,1265,1519,0.14309926305284454
253,1273,1526,0.14309026102144784
251,1262,1513,0.1430853986727444
243,1273,1516,0.14308648824793774
241,1265,1506,0.14310834103981968
242,1267,1509,0.1431350150570699
241,1278,1519,0.1431559213447411
244,1276,1520,0.1431773990666034
239,1272,1511,0.1431894402570446
247,1271,1518,0.14321341147534242
236,1276,1512,0.1432148242542659
234,1263,1497,0.14324577581714945
243,1261,1504,0.14327973151493442
238,1276,1514,0.14328599384298926
234,1276,1510,0.14330441126684845
228,1281,1509,0.1433315507612487
236,1276,1512,0.1433725663922109
236,1283,1519,0.14338854536975545
236,1268,1504,0.14340341825054093
234,1279,1513,0.14341782821348276
232,1278,1510,0.14343618807095074
232,1284,1516,0.1434584765524918
232,1279,1511,0.14348008829280348
241,1280,1521,0.14350096933164927
235,1298,1533,0.14349698976012948
232,1287,1519,0.14351023842476274
232,1289,1521,0.14353150574021506
231,1288,1519,0.14355166120693313
229,1290,1519,0.1435732082250874
230,1282,1512,0.1435988232486393
230,1277,1507,0.1436196278921525
235,1284,1519,0.14363896892638064
237,1275,1512,0.1436444352084199
237,1269,1506,0.1436444844732562
238,1283,1521,0.14364534348566146
233,1281,1514,0.14364443765180096
234,1274,1508,0.1436572047284029
237,1284,1521,0.1436670115507221
235,1268,1503,0.14366825240882786
233,1271,1504,0.14367607000461707
231,1272,1503,0.14368875445986576
230,1278,1508,0.1437060125915778
231,1281,1512,0.14372451085814653
229,1285,1514,0.14373914085871675
226,1279,1505,0.14375846786703364
228,1270,1498,0.14378385787618825
233,1273,1506,0.14380137248655603
236,1270,1506,0.14380438245763752
238,1273,1511,0.1437987604870854
233,1275,1508,0.14378880520004697
235,1284,1519,0.1437926338282588
239,1289,1528,0.14379177712069502
239,1282,1521,0.14378078095705832
240,1291,1531,0.14377124316315582
240,1277,1517,0.14375957872864778
239,1288,1527,0.1437491921463662
238,1286,1524,0.14374254818427779
239,1291,1530,0.1437390062586625
239,1287,1526,0.14373387339785734
237,1274,1511,0.14372946997312577
238,1265,1503,0.14373084352180118
239,1273,1512,0.1437296035770762
231,1277,1508,0.14372586810279514
231,1275,1506,0.14374335570623653
229,1270,1499,0.1437593050154141
229,1277,1506,0.14377906558779427
227,1290,1517,0.14379827359461814
227,1285,1512,0.14382121949695784
229,1292,1521,0.14384198298103695
232,1273,1505,0.14385603173354566
226,1281,1507,0.1438612972411322
229,1282,1511,0.14388289015640754
224,1282,1506,0.1438949819020039
227,1289,1516,0.1439194035098194
225,1290,1515,0.14393499999048343
224,1278,1502,0.1439538617696876
231,1289,1520,0.1439729415281991
233,1288,1521,0.14397228006966503
229,1288,1517,0.1439664681037099
229,1298,1527,0.14397108867944744
232,1299,1531,0.14397624655632388
233,1290,1523,0.1439720843484903
229,1296,1525,0.1439652133514931
227,1298,1525,0.14396921273749214
227,1294,1521,0.14397781672917406
227,1300,1527,0.14398548715597917
229,1290,1519,0.14399294113035035
226,1288,1514,0.1439955440395223
231,1281,1512,0.14400568663484722
231,1281,1512,0.14400219065373634
231,1285,1516,0.14399791808204762
235,1279,1514,0.1439941199345265
233,1287,1520,0.14397880705052696
236,1279,1515,0.1439702212857556
232,1296,1528,0.1439539283066884
235,1289,1524,0.1439491241735985
237,1283,1520,0.14393614730824042
235,1273,1508,0.14391799972781003
234,1266,1500,0.14390579428495434
238,1252,1490,0.1438966979849635
237,1269,1506,0.143876743390265
242,1284,1526,0.14386039314225305
238,1294,1532,0.14383218641171813
239,1290,1529,0.14381710661670552
234,1276,1510,0.1437999388482369
229,1277,1506,0.14379756708797267
231,1272,1503,0.14380846128118774
224,1273,1497,0.1438129405089431
226,1280,1506,0.14383585193068157
225,1287,1512,0.14385211229470285
224,1285,1509,0.1438702626040756
223,1293,1516,0.1438899872661513
226,1294,1520,0.14391044224693128
231,1293,1524,0.1439205582339564
231,1279,1510,0.1439172532718815
229,1272,1501,0.1439138514864673
228,1276,1504,0.14391657216510406
231,1276,1507,0.1439221430740967
233,1281,1514,0.14391869039171934
229,1287,1516,0.14391021851127317
227,1279,1506,0.1439139388634812
222,1289,1511,0.14392306109659667
219,1284,1503,0.1439448543672327
219,1288,1507,0.143973288976177
218,1294,1512,0.14400002443675144
215,1295,1510,0.1440285460750953
219,1295,1514,0.14406279408184258
218,1292,1510,0.1440835080321331
218,1290,1508,0.14410554353463093
211,1304,1515,0.14412653655628316
214,1306,1520,0.14416535960552268
214,1300,1514,0.14419523205551116
206,1301,1507,0.1442232824490571
207,1301,1508,0.14427069558420022
210,1300,1510,0.14431126578526104
205,1300,1505,0.14434175643635822
205,1300,1505,0.14438373693209638
206,1287,1493,0.14442268146926318
206,1297,1503,0.1444557175025291
202,1304,1506,0.14448635805761273
203,1316,1519,0.14452650487573718
201,1323,1524,0.1445617404525218
202,1313,1515,0.14460030122255257
202,1309,1511,0.14463394832924809
203,1300,1503,0.1446651798384372
200,1302,1502,0.1446913502074735
196,1317,1513,0.14472399970812425
199,1306,1505,0.14476469382980814
197,1307,1504,0.14479515200669618
199,1308,1507,0.14482921891644107
202,1316,1518,0.14485570830228733
201,1322,1523,0.1448725600408968
204,1304,1508,0.1448909054635984
203,1308,1511,0.14489926088295413
203,1311,1514,0.14490943729152264
199,1317,1516,0.14491864470739396
200,1308,1508,0.14493800808665594
197,1315,1512,0.14495340881333385
198,1314,1512,0.1449754969957165
200,1327,1527,0.14499367105607727
202,1314,1516,0.14500442766037733
205,1297,1502,0.145009373696233
208,1304,1512,0.14500553590410145
210,1311,1521,0.14499356904321453
211,1306,1517,0.14497716852796053
205,1301,1506,0.14495958245527266
210,1301,1511,0.14495943204415584
208,1309,1517,0.1449461395688743
207,1303,1510,0.1449378194367491
205,1302,1507,0.14493314214987763
204,1320,1524,0.144933895734614
205,1310,1515,0.14493725258572351
208,1310,1518,0.14493795534949236
205,1313,1518,0.1449300884856191
199,1301,1500,0.14493116290265592
198,1302,1500,0.14494813192511122
201,1310,1511,0.14496695491193637
200,1317,1517,0.14497586765597853
194,1311,1505,0.14498659300030842
192,1302,1494,0.1450121207467708
193,1297,1490,0.1450399290040754
194,1303,1497,0.14506396858124357
192,1309,1501,0.145084179198829
190,1311,1501,0.1451090643542761
189,1320,1509,0.1451383282292572
185,1314,1499,0.14516737524032308
182,1329,1511,0.14520525092871978
176,1342,1518,0.14524908545807463
180,1324,1504,0.14530623776657614
179,1326,1505,0.1453483708276516
184,1332,1516,0.14539021568627725
184,1324,1508,0.1454154812082452
181,1330,1511,0.14543977908663028
186,1339,1525,0.14547053316348757
183,1328,1511,0.14548536577979573
185,1343,1528,0.14550759987264375
182,1328,1510,0.14552391567745646
180,1326,1506,0.14554714579595626
181,1334,1515,0.14557321007287385
183,1325,1508,0.14559480111930156
182,1330,1512,0.1456097642734681
184,1324,1508,0.14562736785766447
181,1324,1505,0.14563870838728146
177,1340,1517,0.14565701723662014
182,1336,1518,0.1456846419072782
176,1329,1505,0.14569737130763205
177,1330,1507,0.14572660964615947
182,1325,1507,0.14575152281673318
180,1336,1516,0.14576157678331023
186,1338,1524,0.14577678102778838
182,1340,1522,0.1457749387860397
180,1344,1524,0.1457848910196528
179,1335,1514,0.14579872530069854
178,1347,1525,0.1458135581225865
172,1340,1512,0.14583073469658334
174,1339,1513,0.14586267825686178
173,1335,1508,0.14588650452565816
169,1337,1506,0.14590939045627205
169,1351,1520,0.14594315209036068
168,1357,1525,0.1459743930971528
177,1354,1531,0.14600616625778223
175,1342,1517,0.14601136919513905
175,1345,1520,0.14602149069102416
179,1332,1511,0.14603074631278115
175,1340,1515,0.14602835384051982
176,1331,1507,0.14603692076935285
175,1333,1508,0.1460428640432417
172,1332,1504,0.14605150644494586
173,1351,1524,0.1460677661690658
174,1345,1519,0.14608047425317103
176,1338,1514,0.14609038105629532
175,1351,1526,0.14609432179061568
171,1345,1516,0.14610096643453788
172,1353,1525,0.1461175032546249
172,1348,1520,0.146129366586656
172,1336,1508,0.14614078703899414
171,1333,1504,0.1461516957904667
170,1337,1507,0.14616553531377632
172,1342,1514,0.14618189040382287
166,1346,1512,0.1461913062745059
169,1353,1522,0.146215996205256
167,1352,1519,0.14623111772148478
165,1346,1511,0.1462502873122826
166,1351,1517,0.14627367134537728
166,1345,1511,0.14629266452869857
171,1350,1521,0.1463105998656485
171,1349,1520,0.14631342305538694
171,1351,1522,0.14631699785082997
163,1348,1511,0.14632009119850303
162,1354,1516,0.146344865505148
162,1349,1511,0.14637010112934126
157,1355,1512,0.14639341889438306
156,1352,1508,0.14642901624741791
156,1361,1517,0.14646531350486844
161,1352,1513,0.14649951124376304
159,1355,1514,0.1465174078925478
161,1361,1522,0.14653930351270444
164,1371,1535,0.1465539351608529
161,1369,1530,0.14655971954132607
155,1364,1519,0.14657387929563623
153,1354,1507,0.14660314789075288
154,1359,1513,0.14663645623592286
151,1359,1510,0.14666394236070754
152,1363,1515,0.14669743111160247
160,1363,1523,0.14672544274408586
165,1364,1529,0.1467295226253051
161,1364,1525,0.1467201669772493
163,1360,1523,0.14672222914908756
168,1354,1522,0.14671915218065792
167,1360,1527,0.14670342940450212
168,1357,1525,0.146691605580024
164,1358,1522,0.14667874714713153
161,1366,1527,0.1466782255184587
164,1355,1519,0.14668489575060092
160,1358,1518,0.1466839215015399
158,1360,1518,0.14669367298032354
156,1341,1497,0.14670790555439325
160,1337,1497,0.14672651547513443
157,1348,1505,0.1467327458883104
153,1343,1496,0.1467471326591968
155,1343,1498,0.14677200388697864
153,1354,1507,0.14678944732461036
153,1350,1503,0.14681112709859073
152,1358,1510,0.1468319596159407
152,1358,1510,0.14685423311376344
155,1368,1523,0.14687438686532228
157,1363,1520,0.14688539824648855
157,1354,1511,0.14689019580067705
154,1364,1518,0.14689533827368975
156,1360,1516,0.1469081968845567
158,1361,1519,0.14691449144259588
160,1363,1523,0.14691523365301523
160,1366,1526,0.1469103253001051
155,1366,1521,0.14690626620765737
155,1359,1514,0.14691543472906418
155,1360,1515,0.1469238710028241
159,1358,1517,0.1469319938606425
158,1367,1525,0.14692890667128186
161,1364,1525,0.14692833195225982
159,1365,1524,0.1469184740212425
155,1365,1520,0.14691503234441913
149,1362,1511,0.14692329754145922
146,1365,1511,0.146947017551915
148,1370,1518,0.14697738781237923
152,1359,1511,0.14699956641827983
156,1359,1515,0.14700863907610448
152,1368,1520,0.1470069240693136
156,1352,1508,0.1470167709292131
157,1358,1515,0.14701492689952858
156,1361,1517,0.14701075145132475
158,1358,1516,0.1470096455216617
157,1360,1517,0.1470026778210868
155,1359,1514,0.1469991838476763
156,1348,1504,0.14700102789689276
158,1362,1520,0.14699946927705182
157,1357,1514,0.1469920301319142
155,1357,1512,0.14698805945438573
154,1358,1512,0.146990019642186
155,1359,1514,0.14699437210654867
159,1362,1521,0.14699552294766924
158,1370,1528,0.14698548719349985
159,1357,1516,0.14697907478376238
158,1364,1522,0.14696964744204602
153,1373,1526,0.14696409662243184
152,1357,1509,0.14697259220674838
154,1357,1511,0.1469832904877057
154,1356,1510,0.14698774771151651
149,1365,1514,0.14699124027314617
147,1385,1532,0.14700805868191724
145,1360,1505,0.14702909859915064
149,1368,1517,0.14705365779093468
149,1370,1519,0.147065814281071
150,1375,1525,0.1470780163573771
149,1371,1520,0.14708617454398312
148,1366,1514,0.14709626512748034
144,1363,1507,0.1471087490152564
143,1363,1506,0.1471320079500526
142,1376,1518,0.1471560388221388
139,1366,1505,0.14718064314183013
137,1364,1501,0.14721143817533924
138,1364,1502,0.14724613388459537
142,1361,1503,0.14727566910995754
138,1357,1495,0.14729199468515436
139,1359,1498,0.14731782594800502
139,1368,1507,0.1473387836337917
139,1353,1492,0.14735846731279
136,1374,1510,0.14737746043576344
134,1369,1503,0.14740397068243538
134,1361,1495,0.14743427248338667
129,1364,1493,0.14746266911418165
133,1370,1503,0.14750324110191737
129,1374,1503,0.14753009561505503
132,1366,1498,0.14756613914353683
129,1381,1510,0.1475917181841448
127,1388,1515,0.14762354384101806
131,1382,1513,0.14765910052103687
131,1378,1509,0.14768147424498462
132,1377,1509,0.1477027710592707
137,1363,1500,0.14771961886457644
135,1370,1505,0.14772162934449728
136,1377,1513,0.14772932571138675
140,1379,1519,0.14773391486893842
140,1361,1501,0.14772765684458705
141,1367,1508,0.14772189756742257
139,1379,1518,0.14771427994855416
134,1381,1515,0.14771287922077067
134,1386,1520,0.14772524965311576
132,1383,1515,0.1477370573426562
136,1372,1508,0.14775346524736693
138,1379,1517,0.14775787015899247
138,1380,1518,0.14775683451836888
140,1369,1509,0.14775606161187615
140,1389,1529,0.1477498071825491
138,1386,1524,0.14774376977018183
134,1390,1524,0.1477430817962252
138,1387,1525,0.14775288276160078
132,1381,1513,0.1477514782294613
133,1379,1512,0.14776640614887282
135,1378,1513,0.14777771182089527
135,1377,1512,0.1477835951858294
136,1368,1504,0.14778944063649793
133,1368,1501,0.1477928834917818
135,1376,1511,0.14780363143852335
134,1367,1501,0.1478079074180524
133,1368,1501,0.14781408892218628
135,1378,1513,0.1478226934234208
133,1384,1517,0.1478247589779798
134,1373,1507,0.1478324278368688
129,1392,1521,0.14783633309006475
133,1382,1515,0.14785311465091666
136,1386,1522,0.14785801282423583
133,1384,1517,0.14785404568898225
133,1388,1521,0.14785946240948825
135,1392,1527,0.14786399097159078
135,1389,1524,0.14786276496886516
134,1387,1521,0.14786111190222004
134,1382,1516,0.14786304898444438
134,1387,1521,0.14786507465224555
130,1391,1521,0.14786729152895478
129,1402,1531,0.14788082229969465
132,1391,1523,0.1478961607218711
130,1396,1526,0.1479024211229659
129,1408,1537,0.14791339049416624
132,1396,1528,0.14792666873427152
132,1394,1526,0.14793039553586815
134,1383,1517,0.1479331207243115
130,1392,1522,0.14793072193049064
129,1388,1517,0.14794059301708729
128,1383,1511,0.14795289638412093
123,1397,1520,0.14796707901606168
126,1400,1526,0.14799478513569655
128,1393,1521,0.14801202795585255
127,1388,1515,0.1480224905467496
125,1391,1516,0.1480351528493227
122,1387,1509,0.14805259197145165
122,1374,1496,0.1480772362516748
121,1379,1500,0.14810025685303443
123,1374,1497,0.14812484241432117
125,1398,1523,0.14814212809925975
120,1403,1523,0.14815340045117226
120,1401,1521,0.14817815393169265
121,1391,1512,0.1482011571715218
122,1389,1511,0.1482200504960593
122,1399,1521,0.14823507216465956
119,1390,1509,0.14824966633562345
118,1387,1505,0.1482715048956969
121,1398,1519,0.14829543096800457
121,1395,1516,0.14830964505255642
119,1392,1511,0.14832347625189257
117,1396,1513,0.14834174275848425
119,1390,1509,0.1483641259893153
120,1404,1524,0.14837983640397542
121,1395,1516,0.14839176018190986
122,1399,1521,0.14840017074662634
123,1400,1523,0.1484052514373821
126,1394,1520,0.14840767330820254
123,1387,1510,0.14840169069444356
125,1384,1509,0.148404836444024
125,1385,1510,0.14840271924446363
124,1393,1517,0.14840068453476132
122,1394,1516,0.1484018100559864
120,1392,1512,0.14840879501854823
119,1394,1513,0.14842086668089624
118,1384,1502,0.1484348501969132
116,1373,1489,0.14845053665966737
117,1379,1496,0.14847126206881373
114,1394,1508,0.14848752561980647
117,1394,1511,0.14851115448240057
115,1404,1519,0.14852507648027985
117,1404,1521,0.1485437681676572
115,1392,1507,0.14855548864399792
120,1399,1519,0.14857205930032677
122,1395,1517,0.1485737320983154
121,1393,1514,0.14857025905806615
122,1405,1527,0.14857037434431805
122,1408,1530,0.14856776124658577
121,1403,1524,0.14856545384847414
119,1402,1521,0.14856639784390263
118,1390,1508,0.1485724302514019
118,1405,1523,0.14858076259978337
117,1414,1531,0.14858806485489995
115,1396,1511,0.14859830628292378
117,1399,1516,0.14861344057386375
115,1391,1506,0.14862205322624691
113,1396,1509,0.14863531585451548
113,1402,1515,0.14865295187661143
112,1401,1513,0.1486688394538146
112,1384,1496,0.1486867058658454
114,1395,1509,0.14870328196476493
112,1402,1514,0.14871322864619774
112,1397,1509,0.14872849892354767
109,1401,1510,0.1487426060807709
109,1409,1518,0.1487642809279546
109,1408,1517,0.14878456853490635
109,1407,1516,0.14880343839547294
112,1406,1518,0.1488210945751264
115,1406,1521,0.14882943315193883
113,1402,1515,0.14882917685801964
109,1394,1503,0.1488343417173873
109,1395,1504,0.14885079135199755
104,1406,1510,0.14886614865300618
106,1405,1511,0.14889394852257806
104,1400,1504,0.148914174065383
104,1401,1505,0.1489384405375646
105,1399,1504,0.14896089341691113
107,1387,1494,0.14897889583785814
107,1392,1499,0.14899011463517794
105,1410,1515,0.14900085885331296
103,1408,1511,0.14901632798244452
101,1407,1508,0.149036384651502
101,1420,1521,0.14906061659424225
105,1424,1529,0.1490833538519709
103,1426,1529,0.14909375825528198
105,1421,1526,0.149108733463132
106,1421,1527,0.14911746100456505
105,1421,1526,0.14912322943970857
104,1422,1526,0.14913134237815154
103,1429,1532,0.14914149678956418
104,1413,1517,0.14915347028774387
107,1407,1514,0.14916209060029892
104,1402,1506,0.14916172295166977
104,1403,1507,0.14916981484301875
103,1406,1509,0.14917716204041262
104,1396,1500,0.14918678115725117
106,1404,1510,0.1491931276957748
105,1407,1512,0.14919384510131115
107,1410,1517,0.14919724584241895
107,1418,1525,0.149194977075338
104,1416,1520,0.14919235631841293
99,1418,1517,0.14919834009286945
101,1415,1516,0.1492181624508607
101,1418,1519,0.14923123011221084
103,1410,1513,0.14924331331516874
104,1407,1511,0.14924890972568264
102,1401,1503,0.14925115362726393
105,1404,1509,0.14925894909824822
108,1408,1516,0.14925747760151617
110,1415,1525,0.14924833010956826
107,1420,1527,0.1492345434844652
107,1418,1525,0.1492302534890867
107,1425,1532,0.149226468790223
106,1411,1517,0.14922298824217678
105,1412,1517,0.1492223228916432
107,1420,1527,0.1492248348647254
103,1409,1512,0.1492216008650166
108,1413,1521,0.14922951541919313
106,1417,1523,0.14922317031489604
102,1417,1519,0.14922306960406853
103,1405,1508,0.1492340800362654
105,1413,1518,0.14924147192881476
105,1417,1522,0.14924298921836898
102,1404,1506,0.14924409622822915
97,1410,1507,0.14925366896973932
96,1422,1518,0.14927701870969592
96,1420,1516,0.14930129353451754
94,1423,1517,0.14932345070964204
91,1423,1514,0.14934987644340178
91,1411,1502,0.149382962288253
94,1411,1505,0.14941376841682158
95,1411,1506,0.14943455618455995
95,1410,1505,0.14945130729971579
95,1430,1525,0.1494670009072986
96,1414,1510,0.14948168707608017
94,1416,1510,0.14949298548323223
93,1407,1500,0.14950919665577214
93,1398,1491,0.14952679213650052
94,1422,1516,0.14954325255349651
94,1424,1518,0.14955573459924848
94,1410,1504,0.14956772786855502
93,1416,1509,0.14957932621965664
95,1412,1507,0.14959331567556297
89,1426,1515,0.14960049115490345
92,1421,1513,0.14962374697911035
89,1423,1512,0.1496369899505611
89,1420,1509,0.14965792299781222
87,1420,1507,0.14967701093410335
85,1410,1495,0.1497002057838276
86,1411,1497,0.1497269337007637
87,1401,1488,0.14974856546565726
89,1407,1496,0.14976558510254473
89,1422,1511,0.14977531261284988
87,1418,1505,0.14978419634186838
85,1407,1492,0.1497981839947452
91,1415,1506,0.14981658190493513
96,1421,1517,0.1498166187713694
96,1408,1504,0.1498031869827665
94,1423,1517,0.1497906292434908
93,1425,1518,0.14978459619202347
93,1413,1506,0.14978189809795084
101,1411,1512,0.14977984272138223
97,1411,1508,0.14975488447419763
98,1410,1508,0.14974274249644734
100,1424,1524,0.1497284313869255
104,1420,1524,0.1497098510682889
102,1416,1518,0.1496816315884141
106,1413,1519,0.14966111628871365
105,1418,1523,0.14963113769500974
105,1420,1525,0.14960670420738004
104,1406,1510,0.14958412454085454
101,1397,1498,0.14956630087695666
102,1412,1514,0.14955775821763403
104,1410,1514,0.14954658158738143
106,1415,1521,0.14952983420712182
104,1410,1514,0.14950884963524302
106,1396,1502,0.1494947333203956
103,1400,1503,0.14947623717452696
101,1414,1515,0.1494672858941786
104,1422,1526,0.14946459644956547
105,1415,1520,0.14945381335986826
107,1416,1523,0.14944064791874148
106,1408,1514,0.14942327420129364
105,1410,1515,0.14940945671915323
104,1414,1518,0.14939940359909215
110,1417,1527,0.1493929343245572
109,1404,1513,0.14937027393946958
110,1399,1509,0.14935221688064504
109,1407,1516,0.1493328067108768
109,1410,1519,0.1493173415630522
109,1415,1524,0.14930321995313656
115,1417,1532,0.14929010635255452
114,1419,1533,0.14926111779092213
111,1415,1526,0.1492368913202775
108,1419,1527,0.14922323321230163
108,1397,1505,0.14921881708808057
109,1403,1512,0.1492152047472558
108,1407,1515,0.14920922185629584
109,1413,1522,0.14920618936628183
106,1406,1512,0.1492007144178568
107,1410,1517,0.14920371400592125
107,1425,1532,0.14920385772252912
105,1424,1529,0.1492041029593852
106,1405,1511,0.14920980193180508
107,1413,1520,0.1492124679472319
102,1407,1509,0.14921223327142974
105,1416,1521,0.14922581032317836
100,1412,1512,0.1492297662565418
101,1421,1522,0.149247001984589
99,1414,1513,0.1492600678140693
102,1410,1512,0.14927754224148745
103,1413,1516,0.14928511658721677
98,1414,1512,0.1492893659085112
99,1422,1521,0.14930703013431884
96,1422,1518,0.14932071753685494
94,1427,1521,0.14934125091069667
96,1423,1519,0.14936678107282186
94,1420,1514,0.14938502040040116
92,1416,1508,0.1494080540892341
90,1420,1510,0.1494343816259492
90,1420,1510,0.14946453979169003
89,1423,1512,0.1494925660365679
94,1430,1524,0.1495213724000213
93,1424,1517,0.14953468050188856
91,1425,1516,0.14954987361620475
94,1419,1513,0.14956975209411671
96,1411,1507,0.1495801124787027
96,1416,1512,0.14958455480767352
94,1414,1508,0.14958867247676833
93,1439,1532,0.14959806670539963
92,1420,1512,0.14960992253954383
93,1431,1524,0.1496233130512977
91,1427,1518,0.1496332509043721
91,1431,1522,0.14964831058671774
89,1435,1524,0.14966289985828843
87,1431,1518,0.14968243925244717
89,1430,1519,0.14970609400799176
91,1428,1519,0.14972246009665294
90,1418,1508,0.14973196420530382
89,1427,1516,0.14974399531994448
88,1444,1532,0.14975834929289833
85,1440,1525,0.14977514539458414
85,1423,1508,0.14979920017599643
87,1428,1515,0.14982131562168938
88,1427,1515,0.14983609620018393
90,1429,1519,0.14984692371572844
90,1417,1507,0.14985150623102736
89,1419,1508,0.14985553799644538
91,1423,1514,0.1498619840514409
92,1423,1515,0.14986278608182568
88,1426,1514,0.14986086319587283
88,1420,1508,0.14987032571183964
86,1425,1511,0.1498794006564663
88,1414,1502,0.14989397315658326
91,1417,1508,0.14990186979464773
92,1420,1512,0.1499006053970435
92,1419,1511,0.14989670817608713
92,1429,1521,0.14989292556197284
91,1414,1505,0.14988926881625114
86,1413,1499,0.14988895058601315
85,1419,1504,0.14990274677389248
89,1422,1511,0.14991838777870908
89,1428,1517,0.14992195336898187
89,1420,1509,0.14992532920383894
89,1436,1525,0.149928573198339
87,1430,1517,0.14993164352063143
86,1432,1518,0.14994035659994742
85,1440,1525,0.149951278768493
82,1434,1516,0.14996436671620925
83,1442,1525,0.14998498901514618
82,1442,1524,0.15000165527309264
84,1443,1527,0.15001997524357308
85,1453,1538,0.1500312149114031
81,1449,1530,0.15003888277247399
86,1451,1537,0.150056792120783
84,1449,1533,0.15005956671908566
80,1443,1523,0.15006743175837223
83,1439,1522,0.1500862421036225
85,1445,1530,0.1500953122936341
85,1448,1533,0.15009810527594877
88,1440,1528,0.15010076669467443
87,1436,1523,0.15009495939563902
86,1422,1508,0.1500925970846524
86,1436,1522,0.15009276327022864
86,1428,1514,0.15009305646389492
89,1425,1514,0.15009361747012684
84,1421,1505,0.1500858986700771
85,1426,1511,0.15009281561274357
84,1429,1513,0.15009650623681578
82,1435,1517,0.15010313519037968
79,1425,1504,0.15011483408218468
77,1429,1506,0.15013447585086517
76,1422,1498,0.15015838598630527
77,1436,1513,0.15018324803281907
79,1429,1508,0.15020392493262985
76,1430,1506,0.15021781766699266
77,1428,1505,0.15023882148283213
78,1428,1506,0.15025568970270461
80,1422,1502,0.15026848709850774
82,1430,1512,0.15027487877943954
80,1438,1518,0.1502753864304863
81,1423,1504,0.15028123282283462
81,1419,1500,0.15028411089413843
80,1436,1516,0.15028685184063695
79,1437,1516,0.15029249833995784
78,1452,1530,0.1503007471851247
78,1440,1518,0.1503111777623972
78,1444,1522,0.15032124929756732
79,1449,1528,0.15033093299377623
79,1433,1512,0.1503369830156837
82,1438,1520,0.15034310501515155
81,1450,1531,0.15034022735136496
79,1440,1519,0.15034079743577947
79,1435,1514,0.1503472694902159
81,1435,1516,0.15035348369581666
80,1434,1514,0.1503534758020854
78,1434,1512,0.1503561234081733
80,1431,1511,0.15036413114749375
81,1433,1514,0.15036573894534974
81,1441,1522,0.15036437576124606
81,1435,1516,0.15036310234290332
83,1443,1526,0.1503622521193248
81,1444,1525,0.1503558413807343
79,1445,1524,0.15035591761140357
77,1443,1520,0.15036191007503924
78,1438,1516,0.15037295901960762
80,1428,1508,0.1503804037647749
80,1435,1515,0.15038175441874876
80,1439,1519,0.15038346005776185
76,1443,1519,0.15038478468876942
76,1455,1531,0.15039735390524187
74,1439,1513,0.15040887861138563
76,1448,1524,0.15042473893237868
76,1436,1512,0.15043357858863393
78,1423,1501,0.15044166368313522
82,1443,1525,0.15044381057555214
84,1437,1521,0.1504348967167406
84,1442,1526,0.15042106459892285
84,1455,1539,0.15040834474616127
81,1457,1538,0.15039640776836546
79,1459,1538,0.15039382931548012
77,1447,1524,0.15039714514400768
80,1451,1531,0.15040603578352513
81,1433,1514,0.15040612313890864
79,1435,1514,0.15040309996281426
79,1427,1506,0.15040519606009087
79,1432,1511,0.15040709502333
78,1426,1504,0.1504086249658394
77,1439,1516,0.15041270467530926
73,1439,1512,0.15041904068948486
74,1430,1504,0.1504362430670132
73,1434,1507,0.1504492437722695
70,1441,1511,0.15046406713098898
71,1446,1517,0.15048694499058354
71,1454,1525,0.1505057460323599
71,1456,1527,0.15052325974260533
73,1450,1523,0.15053965736702682
73,1453,1526,0.1505491919872589
73,1444,1517,0.1505580207515468
72,1463,1535,0.15056634779150815
71,1456,1527,0.15057721820148934
72,1455,1527,0.15059031892014108
71,1456,1527,0.15059976959669502
68,1456,1524,0.1506114171155141
70,1463,1533,0.15063054480416796
71,1456,1527,0.1506425547103932
72,1459,1531,0.1506507587508492
73,1439,1512,0.15065597253410423
71,1451,1522,0.15065849056360064
70,1454,1524,0.1506662667420881
72,1447,1519,0.15067640940127439
72,1444,1516,0.15068062248805106
71,1454,1525,0.15068465115109647
73,1453,1526,0.15069140587044047
72,1455,1527,0.15069193644960058
67,1451,1518,0.15069542740802194
68,1450,1518,0.15071215291263354
66,1451,1517,0.1507243924004796
67,1456,1523,0.1507411786966364
70,1452,1522,0.15075399685355997
69,1455,1524,0.1507574341586951
68,1466,1534,0.15076370643274584
69,1456,1525,0.15077174809440524
73,1441,1514,0.1507764411790199
67,1446,1513,0.15076970189961905
66,1455,1521,0.15078040777179244
65,1453,1518,0.15079304086814982
63,1444,1507,0.15080759167499724
65,1445,1510,0.1508267411610319
65,1437,1502,0.15083903953620897
66,1424,1490,0.15085106606202492
65,1441,1506,0.15085916941603453
62,1455,1517,0.15086959579143847
59,1443,1502,0.15088829708540014
61,1458,1519,0.15091482246459914
60,1461,1521,0.1509334156605874
59,1459,1518,0.1509536753028823
60,1470,1530,0.15097539795528658
58,1461,1519,0.15099300398492788
59,1459,1518,0.1510159194617145
56,1469,1525,0.15103478076366733
51,1477,1528,0.15106165054253237
53,1470,1523,0.1511007798795368
52,1467,1519,0.15113164583464583
52,1471,1523,0.15116318675363274
52,1463,1515,0.1511929556858116
54,1468,1522,0.151220551960016
54,1469,1523,0.15124030054025547
54,1458,1512,0.15125853229122074
60,1455,1515,0.15127536131606767
60,1459,1519,0.15127421809681882
62,1453,1515,0.151273386815922
63,1464,1527,0.1512671206373753
62,1459,1521,0.15125882943359173
61,1451,1512,0.15125420358656885
59,1451,1510,0.15125366670684184
56,1471,1527,0.1512591028041318
57,1466,1523,0.15127289019186083
55,1465,1520,0.15128314003486726
51,1467,1518,0.1512985788083733
53,1471,1524,0.15132461444776815
53,1449,1502,0.15134344118613993
55,1447,1502,0.15136111160187002
56,1453,1509,0.15137216922132338
55,1460,1515,0.15137993242774456
55,1468,1523,0.1513905587369405
53,1472,1525,0.151400649914632
55,1459,1514,0.15141569719345951
54,1461,1515,0.15142409163240128
54,1472,1526,0.15143483029297872
55,1482,1537,0.15144497979656674
55,1480,1535,0.15145173607144627
54,1479,1533,0.15145814003649052
53,1461,1514,0.15146698414474696
55,1462,1517,0.15147818707834848
55,1463,1518,0.15148305871245565
55,1478,1533,0.15148771659791607
58,1458,1516,0.15149199970829014
58,1471,1529,0.15148776401664135
57,1447,1504,0.15148398946843586
58,1451,1509,0.15148346505814544
56,1448,1504,0.15148013153895812
57,1457,1514,0.15148257697964213
57,1458,1515,0.15148159362113653
57,1467,1524,0.15148058150981186
57,1465,1522,0.1514796232320135
56,1467,1523,0.15147886741563535
56,1448,1504,0.15148093783407648
56,1454,1510,0.151482520514957
53,1455,1508,0.15148408990877954
55,1451,1506,0.15149395292561046
55,1453,1508,0.15149733306355292
54,1459,1513,0.1515006657829388
56,1464,1520,0.15150639404126948
55,1460,1515,0.15150635824869926
54,1454,1508,0.15150910156782843
54,1451,1505,0.15151460841147787
52,1467,1519,0.15151946468974414
55,1470,1525,0.15152973730084343
54,1467,1521,0.151531024336298
54,1463,1517,0.15153507314366874
53,1459,1512,0.15153861060420157
57,1461,1518,0.15154465729277358
57,1454,1511,0.1515390060980072
57,1460,1517,0.15153379792824284
58,1452,1510,0.15152896411660755
59,1461,1520,0.15152192846483353
58,1465,1523,0.1515126181131357
57,1469,1526,0.1515068673527176
58,1463,1521,0.15150421301082848
57,1465,1522,0.15149909683124252
57,1470,1527,0.15149714230943778
56,1470,1526,0.1514954543950749
55,1473,1528,0.15149662653337517
56,1476,1532,0.1515005739939286
53,1465,1518,0.1515015289140136
51,1478,1529,0.15151109994039583
52,1474,1526,0.1515256659426615
53,1473,1526,0.15153621228730219
55,1463,1518,0.15154336423089698
55,1475,1530,0.15154465251611252
55,1462,1517,0.1515458739322809
56,1458,1514,0.1515472367254308
56,1452,1508,0.1515455203781624
56,1442,1498,0.1515440505121105
57,1454,1511,0.15154274338978987
57,1455,1512,0.15153889294734837
55,1459,1514,0.1515354345409526
55,1459,1514,0.1515376917090955
58,1453,1511,0.15153971272999864
56,1460,1516,0.15153304182343644
56,1472,1528,0.15153263198571512
55,1455,1510,0.15153225170233678
55,1464,1519,0.15153463039861648
57,1461,1518,0.151536820092907
56,1473,1529,0.15153328420516027
57,1455,1512,0.15153294068626771
55,1457,1512,0.1515295948841117
54,1454,1508,0.1515316999121697
54,1456,1510,0.15153598259741127
56,1471,1527,0.1515402619283547
56,1472,1528,0.15153865291542032
56,1469,1525,0.15153694554486025
54,1461,1515,0.15153517297064326
55,1458,1513,0.15153925278533179
55,1468,1523,0.1515401933320631
56,1470,1526,0.15154113229303742
55,1449,1504,0.15153914216760694
56,1462,1518,0.15154003276339562
56,1467,1523,0.1515381034101981
55,1473,1528,0.15153649247454054
52,1461,1513,0.15153779135093925
54,1465,1519,0.15154731444974562
55,1481,1536,0.1515505262448711
53,1481,1534,0.15155079717664507
55,1477,1532,0.15155659271374564
54,1461,1515,0.15155638431559434
54,1450,1504,0.15155893798450215
52,1451,1503,0.15156125485394237
49,1458,1507,0.15156895679275653
53,1454,1507,0.1515846176593589
53,1462,1515,0.15158801339489833
53,1464,1517,0.15159112079047843
54,1467,1521,0.15159361211651945
52,1463,1515,0.15159306220880925
57,1452,1509,0.15159822999740866
56,1454,1510,0.1515885835128744
58,1467,1525,0.1515827618859576
59,1448,1507,0.15157151885993866
57,1452,1509,0.1515583399087941
56,1457,1513,0.15155206369798926
57,1456,1513,0.15154936564532823
56,1455,1511,0.15154404529507656
53,1437,1490,0.1515418193255314
52,1447,1499,0.1515483408712371
49,1471,1520,0.15155722084515705
48,1464,1512,0.15157405331039586
48,1473,1521,0.1515925796399423
51,1470,1521,0.15160963472105532
50,1475,1525,0.1516170358145815
51,1471,1522,0.1516268204120471
51,1463,1514,0.1516333255334196
52,1460,1512,0.15163948428029933
52,1454,1506,0.1516422791099142
51,1470,1521,0.15164471269295837
54,1446,1500,0.15165012805804717
53,1458,1511,0.15164713346407221
54,1462,1516,0.15164740072854996
55,1462,1517,0.15164484037571457
55,1469,1524,0.1516397269529422
55,1481,1536,0.15163515676709957
54,1471,1525,0.1516310164970599
51,1478,1529,0.15163005847226824
53,1480,1533,0.15163758758611917
52,1471,1523,0.15163907860904055
50,1462,1512,0.15164314738821283
53,1458,1511,0.15165244998302851
51,1469,1520,0.15165219117480336
51,1463,1514,0.151657746162599
53,1465,1518,0.15166296420525796
52,1470,1522,0.151662365512978
52,1471,1523,0.15166469261198898
50,1463,1513,0.1516668661418571
47,1466,1513,0.15167443463057267
51,1465,1516,0.15168987339636825
52,1461,1513,0.1516931619958493
52,1471,1523,0.15169340888518426
52,1462,1514,0.15169368053477836
50,1471,1521,0.15169397649662514
48,1476,1524,0.1517000107868795
51,1468,1519,0.15171124097084387
52,1478,1530,0.15171329453288349
51,1468,1519,0.15171233205828905
52,1462,1514,0.15171420532500368
52,1471,1523,0.15171321990713643
53,1480,1533,0.15171233063618347
55,1469,1524,0.1517083793600355
56,1452,1508,0.15169936932042596
57,1453,1510,0.1516883479651229
57,1461,1518,0.15167539757905865
55,1451,1506,0.15166334059940978
54,1456,1510,0.15165750765605385
52,1453,1505,0.15165467697257934
50,1455,1505,0.1516575445514102
52,1457,1509,0.15166593853873286
52,1457,1509,0.15166817850888742
51,1464,1515,0.1516702464196414
49,1459,1508,0.15167496475853673
50,1451,1501,0.15168482674070546
53,1462,1515,0.15169112688551906
51,1462,1513,0.15168841228901947
50,1458,1508,0.151691616281189
47,1469,1516,0.1516974359243301
50,1460,1510,0.1517114386449963
50,1461,1511,0.1517159611829066
49,1459,1508,0.15172034996295317
52,1455,1507,0.1517274584764605
52,1458,1510,0.15172532404864947
51,1465,1516,0.15172288040939894
53,1473,1526,0.1517233758682401
56,1464,1520,0.15171842427469037
56,1463,1519,0.1517051331318289
56,1461,1517,0.15169274213440595
53,1456,1509,0.15168129063809932
52,1462,1514,0.15167913154716295
51,1471,1522,0.15167973412895322
51,1467,1518,0.15168321946220042
49,1469,1518,0.15168648080921573
51,1468,1519,0.15169512727597995
51,1471,1522,0.15169780629618723
50,1465,1515,0.15170029861332482
51,1469,1520,0.15170521647566335
50,1472,1522,0.15170710754256153
49,1468,1517,0.15171168156690182
49,1463,1512,0.15171869340369615
49,1470,1519,0.15172533139693212
48,1470,1518,0.15173151149109163
49,1456,1505,0.15173992645977902
49,1455,1504,0.1517449757343062
48,1468,1516,0.15174998818243635
49,1464,1513,0.15175749486776194
49,1475,1524,0.1517617228438016
48,1465,1513,0.15176568996023115
48,1463,1511,0.1517722006080418
48,1468,1516,0.1517781900496549
47,1468,1515,0.1517837070257167
48,1472,1520,0.1517917872592635
47,1473,1520,0.1517966076619146
46,1486,1532,0.15180383402646005
45,1488,1533,0.1518131297433115
48,1481,1529,0.15182454902003373
48,1471,1519,0.1518267364109126
46,1475,1521,0.1518286078242902
47,1468,1515,0.15183620084050756
48,1459,1507,0.15184061300883475
50,1475,1525,0.15184185905547476
49,1478,1527,0.15183714974460882
50,1474,1524,0.1518356239912385
48,1479,1527,0.15183139420469097
46,1484,1530,0.15183319624798647
48,1484,1532,0.15184066481413624
51,1467,1518,0.15184169096504233
52,1461,1513,0.15183431972080397
50,1449,1499,0.15182456083450244
52,1450,1502,0.15182093116830622
48,1464,1512,0.15181173676711704
48,1468,1516,0.15181472010653338
49,1466,1515,0.15181744136247255
52,1459,1511,0.1518166298271667
51,1447,1498,0.15180695643405948
53,1451,1504,0.15180091042269872
53,1461,1514,0.15178957926538153
53,1456,1509,0.15177906521704776
55,1451,1506,0.15176924304315426
53,1453,1506,0.15175444764538884
53,1457,1510,0.15174637030899135
53,1455,1508,0.15173892503452183
53,1454,1507,0.15173199253842173
52,1463,1515,0.15172572150332145
54,1452,1506,0.1517227767401699
54,1454,1508,0.15171387072537676
54,1449,1503,0.151705487114483
56,1458,1514,0.15169771812411623
56,1456,1512,0.1516848133256223
54,1451,1505,0.15167283098728215
53,1457,1510,0.1516674558166644
52,1461,1513,0.1516655697531806
53,1456,1509,0.1516665460745031
52,1456,1508,0.15166425005264564
56,1467,1523,0.1516648186555578
57,1478,1535,0.15165365046201815
55,1462,1517,0.15164042526949256
54,1466,1520,0.15163386826042435
54,1468,1522,0.15163052552856
55,1465,1520,0.1516275619182457
60,1451,1511,0.15162178730078132
60,1456,1516,0.15160197336822492
60,1465,1525,0.15158357107443687
58,1463,1521,0.15156589733062908
60,1454,1514,0.15155506506165756
61,1459,1520,0.15153963091910694
60,1458,1518,0.15152251663755337
61,1456,1517,0.15150936560952105
56,1462,1518,0.15149443232133322
55,1472,1527,0.15149516087839537
57,1473,1530,0.15149856173598336
58,1482,1540,0.15149577810324835
58,1474,1532,0.15149037188164857
58,1464,1522,0.15148543342588888
56,1458,1514,0.1514808120949138
56,1454,1510,0.15148208382868605
55,1469,1524,0.1514833671667061
58,1463,1521,0.15148735905340152
57,1466,1523,0.15148240275499367
54,1459,1513,0.151480695952019
55,1461,1516,0.15148725114656753
55,1467,1522,0.15149038588429867
52,1461,1513,0.15149320708245084
53,1449,1502,0.1515044845421439
55,1454,1509,0.15151184633255096
53,1460,1513,0.15151328774182185
52,1459,1511,0.1515204122532075
52,1470,1522,0.15153008106726282
52,1460,1512,0.1515392132100596
55,1458,1513,0.15154758509119934
57,1461,1518,0.15154658025118423
55,1457,1512,0.1515397188089045
55,1464,1519,0.1515393603665886
54,1464,1518,0.15153888078408914
54,1460,1514,0.15154106181839108
50,1462,1512,0.15154334315494805
49,1459,1508,0.15155714934714784
49,1463,1512,0.15157259440687545
49,1451,1500,0.15158708028967627
50,1460,1510,0.15160054280285643
52,1452,1504,0.15161028975028812
52,1456,1508,0.15161402577439323
50,1448,1498,0.15161768871532513
51,1455,1506,0.15162693824007603
52,1458,1510,0.1516326742664126
53,1468,1521,0.15163530743238302
51,1475,1526,0.1516350708299255
52,1471,1523,0.15164078165084643
51,1476,1527,0.1516433318667154
50,1471,1521,0.1516484990003361
49,1473,1522,0.15165599367603316
48,1485,1533,0.1516658979259427
49,1480,1529,0.1516781070620834
48,1475,1523,0.15168651631604976
47,1474,1521,0.15169729624484962
45,1467,1512,0.15170995804068033
47,1474,1521,0.15172741593213382
46,1470,1516,0.1517379128321871
47,1466,1513,0.151750453926773
50,1459,1509,0.15175915972043172
51,1446,1497,0.15175874114847215
52,1444,1496,0.15175569695197363
52,1450,1502,0.15175013536895798
52,1459,1511,0.15174511793414422
53,1450,1503,0.15174055883831375
52,1451,1503,0.15173349467269465
52,1458,1510,0.1517300312410506
51,1468,1519,0.15172673369521905
52,1460,1512,0.1517265129618178
52,1456,1508,0.15172377729620615
48,1457,1505,0.1517214661721127
47,1476,1523,0.15173103382522407
49,1476,1525,0.15174244586135413
48,1481,1529,0.15174741862329683
47,1476,1523,0.15175482520542938
46,1478,1524,0.15176462485498576
44,1477,1521,0.1517765786468137
42,1474,1516,0.15179335612006098
43,1478,1521,0.15181458231158176
44,1463,1507,0.15183131717165518
42,1466,1508,0.15184419085425996
43,1472,1515,0.15186168105060813
44,1464,1508,0.15187506983833463
47,1453,1500,0.15188469265610802
47,1452,1499,0.1518852221949219
46,1454,1500,0.1518857869641516
49,1457,1506,0.15188913770172896
47,1467,1514,0.15188382727518188
45,1477,1522,0.1518845699264539
44,1478,1522,0.15189119204405543
44,1471,1515,0.1519003942584624
45,1474,1519,0.15190899677898476
47,1470,1517,0.15191416698378324
47,1473,1520,0.15191328498991574
46,1474,1520,0.15191254464478557
46,1467,1513,0.15191480548418015
45,1472,1517,0.1519168205572276
46,1480,1526,0.15192137023979943
47,1478,1525,0.15192287399714308
47,1471,1518,0.15192151373226115
48,1485,1533,0.15192035931661402
47,1482,1529,0.15191650610879276
48,1488,1536,0.15191579957797247
48,1484,1532,0.15191233977526522
47,1486,1533,0.15190907056492597
48,1487,1535,0.15190881195006511
47,1490,1537,0.15190559580682936
46,1482,1528,0.15190533448579974
45,1476,1521,0.15190789782676542
45,1487,1532,0.15191318575401258
43,1481,1524,0.1519178117202371
46,1476,1522,0.1519278154175744
48,1475,1523,0.15192835366414353
46,1475,1521,0.15192309809909388
47,1466,1513,0.151924084790561
46,1473,1519,0.15192209962405062
43,1486,1529,0.15192325648738597
44,1478,1522,0.15193303563350566
44,1471,1515,0.1519393548078017
44,1478,1522,0.15194529663379192
42,1471,1513,0.15195087727069387
42,1481,1523,0.15196190882793204
44,1476,1520,0.15197222255622914
43,1475,1518,0.15197602021842857
41,1474,1515,0.1519825652628163
40,1469,1509,0.15199439944134874
41,1451,1492,0.15200832318213686
42,1469,1511,0.15201841895469317
44,1470,1514,0.15202483908191752
44,1467,1511,0.15202510225673627
41,1468,1509,0.15202538022915701
40,1468,1508,0.15203421107094547
41,1475,1516,0.15204529669382313
41,1467,1508,0.15205273151455978
40,1464,1504,0.15205965097515123
42,1466,1508,0.15206907082435964
40,1460,1500,0.1520719852477144
37,1464,1501,0.1520804711184579
33,1469,1502,0.15209718336060793
34,1475,1509,0.1521242014540125
34,1465,1499,0.1521466080106591
35,1465,1500,0.15216736541573503
36,1477,1513,0.1521836421726025
36,1480,1516,0.15219596098602592
35,1487,1522,0.15220745656412288
37,1477,1514,0.15222101010131742
37,1474,1511,0.1522279223231374
36,1480,1516,0.15223437856892297
37,1480,1517,0.1522432855464069
38,1477,1515,0.15224870220993433
37,1477,1514,0.15225080994657994
35,1486,1521,0.1522557155145084
33,1472,1505,0.1522661012734937
32,1472,1504,0.15228163292306462
35,1474,1509,0.15229896053444192
36,1469,1505,0.15230652408702228
36,1471,1507,0.15231062589545077
35,1475,1510,0.15231452075030763
37,1470,1507,0.15232115047502962
37,1478,1515,0.1523215336094416
37,1477,1514,0.15232169099740422
36,1482,1518,0.1523217746759798
36,1471,1507,0.1523248715003676
35,1491,1526,0.15232776813771254
36,1492,1528,0.15233371553877598
36,1484,1520,0.15233631765638003
36,1486,1522,0.15233878341364246
37,1492,1529,0.15234110997091577
36,1485,1521,0.15234038418540014
37,1484,1521,0.15234274022307648
38,1486,1524,0.15234203403978436
39,1483,1522,0.15233848296346097
38,1488,1526,0.15233226794485077
37,1497,1534,0.1523294911357936
38,1494,1532,0.1523300060672427
34,1484,1518,0.15232759169232282
33,1491,1524,0.15233695787431042
33,1479,1512,0.1523486343878735
33,1485,1518,0.15235949182365346
33,1496,1529,0.15236959658050547
31,1487,1518,0.15237900555458478
29,1497,1526,0.15239361674730809
28,1497,1525,0.15241280817992234
28,1498,1526,0.15243348664633133
27,1504,1531,0.1524527926208748
28,1490,1518,0.1524736866058325
26,1495,1521,0.15249031905903696
27,1488,1515,0.15251204554711006
28,1492,1520,0.15252937855232826
31,1483,1514,0.152542483487892
30,1481,1511,0.15254565222893235
29,1482,1511,0.15255174567960847
32,1485,1517,0.15256052552091845
31,1491,1522,0.15255964995502982
29,1478,1507,0.15256202981737924
30,1485,1515,0.15257010952434566
32,1495,1527,0.15257463668152285
30,1483,1513,0.15257298859438673
30,1489,1519,0.15257734012312063
31,1496,1527,0.15258137863141222
31,1489,1520,0.15258206131656743
30,1488,1518,0.15258269710129832
29,1480,1509,0.15258606914112055
29,1480,1509,0.15259219346384784
29,1476,1505,0.15259796494287778
29,1485,1514,0.1526033151828819
28,1490,1518,0.15260822483361058
28,1479,1507,0.15261571970748922
28,1473,1501,0.15262261856446366
28,1487,1515,0.15262902647562207
30,1491,1521,0.15263505083486695
29,1497,1526,0.1526345453715718
28,1497,1525,0.1526370538611223
27,1491,1518,0.15264238226941637
27,1495,1522,0.152650292143968
28,1506,1534,0.152657690570524
27,1514,1541,0.15266157740283087
28,1498,1526,0.15266833728704193
26,1496,1522,0.15267160833274696
24,1501,1525,0.15268081936806469
25,1501,1526,0.15269547072007808
25,1494,1519,0.15270609568864277
24,1493,1517,0.15271606808942245
25,1492,1517,0.15272842991091196
25,1493,1518,0.15273699809568528
25,1498,1523,0.1527450241981153
25,1493,1518,0.15275255334115687
25,1483,1508,0.15275961387543605
26,1486,1512,0.15276623370770748
26,1484,1510,0.15276938107650506
26,1479,1505,0.1527723517614608
25,1480,1505,0.1527751443723618
26,1478,1504,0.15278085600486144
24,1494,1518,0.15278318237331381
24,1498,1522,0.15279143911153514
25,1489,1514,0.15279915991308773
25,1493,1518,0.1528033488751699
24,1491,1515,0.15280728990475684
24,1489,1513,0.15281411210301618
24,1490,1514,0.15282052742638993
24,1500,1524,0.15282655171963916
24,1497,1521,0.15283220331770722
24,1486,1510,0.15283749516883105
23,1490,1513,0.152842431039098
24,1494,1518,0.15285005784951772
22,1501,1523,0.15285413759309352
23,1493,1516,0.1528640690333859
20,1508,1528,0.15287035072265748
20,1497,1517,0.15288541190006677
20,1499,1519,0.15289946059029724
20,1486,1506,0.15291258191667834
19,1493,1512,0.15292488980934205
20,1498,1518,0.15293955469798384
19,1496,1515,0.15295024038805416
19,1486,1505,0.15296335075211565
18,1502,1520,0.15297562235870274
18,1501,1519,0.15299014811941547
18,1495,1513,0.15300365952356063
18,1493,1511,0.15301623640007572
17,1488,1505,0.15302798794715872
16,1496,1512,0.15304204855005404
17,1515,1532,0.15305831324191577
16,1516,1532,0.1530703986151504
15,1512,1527,0.15308487602028964
15,1514,1529,0.15310157350541512
15,1526,1541,0.15311724201905613
15,1519,1534,0.15313194717539766
15,1519,1534,0.1531457455050751
15,1519,1534,0.15315869077998812
13,1510,1523,0.1531708346589105
14,1515,1529,0.15318854204560955
14,1521,1535,0.15320193261207318
14,1515,1529,0.15321456454833757
14,1506,1520,0.1532264344901729
15,1505,1520,0.15323758039304253
16,1498,1514,0.15324495624970638
16,1507,1523,0.1532488170339279
17,1507,1524,0.1532524524110904
18,1497,1515,0.15325280530044513
16,1494,1510,0.15325014207682322
16,1496,1512,0.15325414126529413
16,1491,1507,0.15325790505560818
16,1492,1508,0.1532614731922527
15,1497,1512,0.15326489892514034
15,1500,1515,0.15327123268485643
15,1503,1518,0.15327715965904917
15,1503,1518,0.15328271166964605
15,1507,1522,0.1532879190114783
14,1504,1518,0.15329280544041332
14,1504,1518,0.15330042010975156
14,1503,1517,0.15330756314796803
14,1504,1518,0.15331425337088497
15,1509,1524,0.1533205183554049
15,1498,1513,0.1533233190567368
16,1477,1493,0.1533259441028936
15,1499,1514,0.15332531222735157
16,1510,1526,0.15332790033473717
17,1506,1523,0.15332714047597665
17,1489,1506,0.1533234955444657
16,1504,1520,0.15332014421991227
16,1517,1533,0.15332014200478028
18,1505,1523,0.15331997901192143
19,1495,1514,0.15331369514197554
19,1491,1510,0.15330486202732943
19,1498,1517,0.1532967171972505
20,1495,1515,0.1532891750698013
20,1507,1527,0.15327908456196646
19,1497,1516,0.15326968767757834
18,1497,1515,0.153264044595696
19,1489,1508,0.15326187187877083
19,1485,1504,0.15325690664886105
19,1491,1510,0.15325230076040447
19,1489,1508,0.15324802771363427
19,1494,1513,0.15324413258955194
19,1484,1503,0.1532405232698408
20,1502,1522,0.1532371875247291
20,1505,1525,0.15323102668951674
20,1503,1523,0.1532253265386891
20,1500,1520,0.15322003986315763
19,1489,1508,0.1532151242700072
19,1493,1512,0.1532134530989125
17,1494,1511,0.15321189621694523
18,1507,1525,0.1532165283183241
19,1493,1512,0.15321777000166875
18,1501,1519,0.15321593795192676
17,1491,1508,0.15321717204003893
17,1493,1510,0.1532212721114021
18,1484,1502,0.15322511946224918
18,1499,1517,0.15322570408664204
18,1509,1527,0.15322635485504438
19,1513,1532,0.1532269403007346
19,1516,1535,0.15322442199272113
19,1514,1533,0.15322211103921882
18,1520,1538,0.15321998344101995
18,1507,1525,0.1532209509317928
19,1502,1521,0.15322187359751177
18,1500,1518,0.1532197874613847
18,1492,1510,0.15322082961954192
18,1494,1512,0.15322176756479405
19,1507,1526,0.1532226216209903
19,1498,1517,0.15322029050941155
17,1479,1496,0.15321809265390054
19,1496,1515,0.15322201317999715
19,1493,1512,0.1532196094474003
18,1496,1514,0.15321742449298795
19,1499,1518,0.15321838956047895
18,1489,1507,0.15321625367924557
19,1490,1509,0.1532173063534009
18,1502,1520,0.15321528521784783
18,1511,1529,0.1532165558659158
18,1512,1530,0.15321775211077593
20,1498,1518,0.1532188692691119
20,1496,1516,0.1532139260267285
21,1490,1511,0.15320930120022375
21,1509,1530,0.153202001155963
21,1505,1526,0.15319523796498768
20,1503,1523,0.1531890776243707
21,1514,1535,0.1531864290344732
20,1512,1532,0.15318105937650897
19,1495,1514,0.15317902431266603
19,1515,1534,0.15318004914646235
18,1511,1529,0.15318097486898982
18,1502,1520,0.15318475139905519
17,1491,1508,0.15318825388096802
17,1490,1507,0.1531945099346549
17,1502,1519,0.1532002817792943
17,1496,1513,0.15320562727875642
16,1498,1514,0.1532105931199606
17,1504,1521,0.1532183373511272
17,1487,1504,0.15322228785862288
17,1491,1508,0.15322607527704815
17,1488,1505,0.15322962658996497
16,1491,1507,0.15323286691784055
17,1500,1517,0.15323898472698164
16,1508,1524,0.15324175336653986
15,1497,1512,0.1532474528143087
17,1486,1503,0.1532559477957778
17,1484,1501,0.15325795696560626
18,1490,1508,0.15325992100898758
19,1488,1507,0.15325878423646422
19,1496,1515,0.15325486396964608
18,1487,1505,0.15325127909404268
16,1494,1510,0.15325097815569744
17,1486,1503,0.15325653817355622
16,1486,1502,0.15325872767275
15,1473,1488,0.15326381306067197
16,1485,1501,0.15327167220978788
16,1502,1518,0.15327586864838655
17,1499,1516,0.15327978747036913
17,1499,1516,0.15328032409635772
18,1499,1517,0.15328079308854092
19,1493,1512,0.15327828893656636
20,1504,1524,0.15327290836084015
20,1475,1495,0.15326501564166814
19,1486,1505,0.1532577315751844
19,1493,1512,0.15325400218557164
17,1495,1512,0.15325048541596012
17,1494,1511,0.153253192507641
17,1488,1505,0.1532554573266397
16,1477,1493,0.15325747350201616
18,1493,1511,0.1532622034691575
19,1486,1505,0.15326063299266987
19,1507,1526,0.15325601083775323
19,1509,1528,0.15325169029163319
19,1506,1525,0.15324764552442197
20,1511,1531,0.15324385854412262
18,1498,1516,0.15323738269142573
18,1499,1517,0.15323729093886843
17,1492,1509,0.1532371072503206
16,1492,1508,0.1532398186575168
16,1481,1497,0.15324554096026907
17,1487,1504,0.1532507152839376
16,1502,1518,0.15325286294379686
17,1489,1506,0.15325793575568358
17,1493,1510,0.15325966514842895
19,1494,1513,0.15326121187133693
18,1498,1516,0.15325682970745771
17,1501,1518,0.1532558020308803
19,1493,1512,0.15325773382722785
19,1495,1514,0.1532536762451513
19,1494,1513,0.15325007114990016
19,1488,1507,0.15324678999058391
18,1491,1509,0.1532437790921279
20,1489,1509,0.1532438865341619
20,1490,1510,0.15323818884992885
20,1484,1504,0.1532329704384394
19,1496,1515,0.15322807240035588
19,1500,1519,0.15322637383975787
18,1498,1516,0.15322478375212728
17,1509,1526,0.15322627120046714
17,1485,1502,0.1532305335576708
17,1498,1515,0.15323443458528346
16,1497,1513,0.15323802427747327
16,1488,1504,0.1532442843728371
16,1483,1499,0.15325010403333741
17,1497,1514,0.15325554171838296
17,1492,1509,0.15325765487903892
17,1494,1511,0.15325961001197977
16,1497,1513,0.153261443060645
16,1495,1511,0.15326612997168162
17,1493,1510,0.1532705226740871
17,1496,1513,0.153271675186142
17,1489,1506,0.15327276548537644
17,1489,1506,0.1532737993085947
17,1491,1508,0.15327477868680917
17,1498,1515,0.15327570474644012
16,1505,1521,0.15327656131557432
15,1498,1513,0.15328055269278068
15,1491,1506,0.15328740629533263
14,1498,1512,0.15329381462369546
14,1492,1506,0.15330291444343408
14,1483,1497,0.15331140129234425
15,1484,1499,0.15331920052335712
16,1490,1506,0.15332366280228005
16,1495,1511,0.15332481873218573
16,1492,1508,0.15332598998441357
15,1482,1497,0.15332714966100033
15,1495,1510,0.1533311752095351
15,1508,1523,0.15333495497452254
16,1499,1515,0.1533384847119951
14,1493,1507,0.15333887362794038
14,1496,1510,0.15334516358267908
15,1498,1513,0.15335103298912675
15,1499,1514,0.15335355221588876
14,1485,1499,0.1533559176219245
14,1496,1510,0.15336108169133358
14,1498,1512,0.15336587693190087
15,1490,1505,0.15337033752881335
15,1495,1510,0.15337154891812244
15,1496,1511,0.15337272971857513
16,1492,1508,0.1533738698824407
17,1500,1517,0.1533719319546546
17,1510,1527,0.1533671866094531
17,1499,1516,0.15336282257884765
16,1503,1519,0.15335880149606043
16,1501,1517,0.15335812793852877
15,1503,1518,0.15335743209471658
16,1488,1504,0.15335975424904671
16,1482,1498,0.15335891210295555
16,1494,1510,0.15335811889102702
16,1494,1510,0.15335741978794332
16,1490,1506,0.15335674744465133
17,1488,1505,0.15335616375015804
17,1495,1512,0.15335256104386233
17,1502,1519,0.1533492040693131
17,1492,1509,0.15334608616200382
18,1499,1517,0.1533429906423641
16,1507,1523,0.153337184953877
18,1508,1526,0.15333778131670114
17,1516,1533,0.15333237207209188
17,1503,1520,0.15333049958534903
16,1516,1532,0.1533287087544337
16,1514,1530,0.1533299921649143
14,1517,1531,0.1533311732802617
15,1519,1534,0.1533381225215345
16,1519,1535,0.15334157057688297
16,1506,1522,0.1533417663968464
17,1511,1528,0.15334182768946097
16,1519,1535,0.15333888828508438
17,1520,1537,0.15333912107134332
15,1494,1509,0.1533362123862555
14,1498,1512,0.15333951631266385
15,1500,1515,0.15334561224755155
16,1498,1514,0.15334818095951092
16,1492,1508,0.1533475838976007
18,1512,1530,0.1533470733605819
18,1508,1526,0.15334064759300717
19,1500,1519,0.15333476218335107
19,1501,1520,0.15332637478121797
19,1502,1521,0.15331860386036528
19,1486,1505,0.1533113929425715
19,1484,1503,0.15330469211513337
19,1499,1518,0.15329845692255414
19,1496,1515,0.1532926483368573
18,1493,1511,0.15328723198388855
18,1494,1512,0.1532850843594865
17,1498,1515,0.1532829539898385
19,1502,1521,0.15328389235803716
18,1495,1513,0.15327876155968082
17,1492,1509,0.15327682595680467
18,1494,1512,0.15327799322346267
20,1477,1497,0.1532760973865422
21,1479,1500,0.1532684563611628
21,1493,1514,0.15325835940876997
22,1499,1521,0.15324885195667165
22,1505,1527,0.15323710109413743
21,1510,1531,0.15322617276954917
19,1516,1535,0.15321898094970446
21,1502,1523,0.1532181165364545
21,1492,1513,0.15321149649592955
21,1491,1512,0.1532052862314122
22,1491,1513,0.15319947061888978
22,1487,1509,0.15319113211797636
22,1484,1506,0.15318331305423533
22,1477,1499,0.15317590715879542
23,1479,1502,0.1531690263646478
23,1474,1497,0.15315970038932092
23,1485,1508,0.15315100717359606
21,1495,1516,0.15314290209942766
20,1496,1516,0.15314110025605845
19,1492,1511,0.15314216473241563
19,1487,1506,0.15314613519515013
18,1506,1524,0.15314978481803326
20,1502,1522,0.1531559650978781
20,1499,1519,0.1531556757613669
20,1492,1512,0.15315543653076444
20,1496,1516,0.15315540980765263
20,1485,1505,0.15315551612314554
20,1485,1505,0.1531556726720641
19,1477,1496,0.15315585482947697
20,1483,1503,0.15315891352412897
20,1486,1506,0.15315883133620653
18,1493,1511,0.15315880127990172
19,1493,1512,0.15316459422188833
19,1484,1503,0.1531671526280861
19,1485,1504,0.15316953553425575
17,1496,1513,0.15317176799598697
17,1495,1512,0.15317958346022487
16,1486,1502,0.15318682122848648
17,1507,1524,0.15319642739069844
18,1520,1538,0.15320240229040646
20,1511,1531,0.1532050309956179
21,1506,1527,0.1532016560279667
21,1505,1526,0.15319561433830353
21,1488,1509,0.15319009121652966
21,1498,1519,0.15318501145843322
19,1481,1500,0.15318032376278792
18,1497,1515,0.1531819199454521
18,1498,1516,0.15318633336243082
18,1499,1517,0.15319052763295085
16,1491,1507,0.15319441387952748
16,1494,1510,0.15320383036327592
16,1508,1524,0.15321251969508232
16,1506,1522,0.15322066828706085
17,1502,1519,0.15322826761697195
15,1494,1509,0.15323231962105002
16,1500,1516,0.15324212821052988
16,1486,1502,0.15324822325041126
16,1486,1502,0.1532539154389622
17,1484,1501,0.15325923796866897
16,1489,1505,0.15326108811454783
16,1492,1508,0.15326601726029124
14,1480,1494,0.15327067694515267
12,1491,1503,0.15328097794073614
12,1492,1504,0.1532966403699688
13,1498,1511,0.15331121294566302
15,1500,1515,0.15332174932197137
15,1496,1511,0.1533255158102476
14,1500,1514,0.15332905011257122
15,1491,1506,0.15333527859777965
16,1490,1506,0.15333809901000378
16,1493,1509,0.15333794766399872
15,1495,1510,0.15333789623108152
16,1500,1516,0.15334096299030772
15,1499,1514,0.15334085120217109
14,1492,1506,0.1533438079707941
15,1496,1511,0.15334953794304
15,1496,1511,0.15335179931630383
15,1507,1522,0.15335394196009602
15,1507,1522,0.15335596705354793
14,1500,1514,0.1533578748002259
14,1487,1501,0.15336265963768944
14,1491,1505,0.15336709795969203
14,1497,1511,0.153371225200748
14,1499,1513,0.15337507271009965
14,1499,1513,0.15337870501885412
14,1514,1528,0.1533821080498683
14,1509,1523,0.15338529431152165
13,1508,1521,0.15338827855831724
12,1503,1515,0.15339407455257936
12,1507,1519,0.15340251710616817
13,1503,1516,0.1534104003526041
12,1507,1519,0.15341469172896838
14,1503,1517,0.15342180345707981
14,1504,1518,0.15342227817216209
14,1507,1521,0.15342280815053166
14,1506,1520,0.15342335010455743
14,1497,1511,0.15342388815793245
13,1493,1506,0.15342441389856484
13,1500,1513,0.15342799204177637
13,1505,1518,0.15343135402567845
12,1517,1529,0.1534344998580375
12,1494,1506,0.15344036608963257
13,1497,1510,0.15344592982507288
13,1500,1513,0.15344800350288704
13,1498,1511,0.153449994186288
11,1488,1499,0.15345207932575133
12,1492,1504,0.15346009380194148
11,1512,1523,0.15346444617888155
13,1513,1526,0.15347161058612172
13,1512,1525,0.15347213657156814
13,1501,1514,0.15347270562767934
14,1501,1515,0.15347328009688735
13,1504,1517,0.1534708243335249
13,1500,1513,0.15347174703167432
13,1509,1522,0.15347266396675227
13,1508,1521,0.1534735428948336
12,1497,1509,0.15347437973593636
11,1501,1512,0.153478180310256
11,1509,1520,0.15348475252778251
10,1506,1516,0.15349084079067185
10,1504,1514,0.15349961696924322
10,1498,1508,0.15350778619976474
10,1511,1521,0.1535153583661216
9,1511,1520,0.1535224310733213
9,1505,1514,0.1535321295527967
10,1507,1517,0.15354111650505542
9,1496,1505,0.15354642584839204
9,1508,1517,0.15355441046285903
9,1513,1522,0.1535618998730741
8,1504,1512,0.1535689050554765
8,1505,1513,0.15357848739749738
9,1501,1510,0.15358744752393957
9,1498,1507,0.15359277005726604
9,1499,1508,0.15359776691202362
9,1500,1509,0.15360246831332186
8,1496,1504,0.15360688728691055
8,1500,1508,0.15361416316069498
8,1500,1508,0.15362098571321023
8,1505,1513,0.1536273720521748
9,1512,1521,0.15363335348530704
10,1512,1522,0.15363570310384456
9,1518,1527,0.15363481570566243
10,1517,1527,0.15363713275440766
10,1507,1517,0.1536362137337181
11,1514,1525,0.15363540591342456
11,1494,1505,0.15363155422114066
11,1489,1500,0.15362807383331667
11,1494,1505,0.15362486689858856
12,1500,1512,0.1536218962383329
12,1507,1519,0.15361597342014519
11,1497,1508,0.15361044741808272
11,1515,1526,0.15360838773041693
10,1505,1515,0.15360643306356594
10,1502,1512,0.1536077860234397
9,1499,1508,0.15360897070223378
9,1513,1522,0.15361313271539068
9,1502,1511,0.15361697852468484
9,1508,1517,0.15362054221147528
9,1505,1514,0.15362385748163004
9,1508,1517,0.15362694914904146
10,1511,1521,0.15362983625997848
9,1494,1503,0.15362941000730676
10,1503,1513,0.15363216780117117
9,1511,1520,0.15363161347357657
10,1502,1512,0.15363424299148748
9,1514,1523,0.15363356511379653
9,1515,1524,0.15363616886824155
10,1510,1520,0.15363860084505437
9,1510,1519,0.15363772586843616
10,1500,1510,0.1536400509945415
9,1500,1509,0.15363917214065653
9,1503,1512,0.15364144515737016
9,1514,1523,0.15364360389942766
9,1508,1517,0.15364564542303732
9,1498,1507,0.15364755952310394
9,1505,1514,0.15364935422870188
9,1503,1512,0.15365103703273417
9,1512,1521,0.15365261503194408
9,1514,1523,0.1536540949131452
9,1497,1506,0.15365548294334674
10,1507,1517,0.15365678497965182
10,1509,1519,0.1536549612902701
10,1489,1499,0.1536532891427588
10,1502,1512,0.15365175857072436
10,1513,1523,0.15365034815019118
10,1502,1512,0.15364904273101432
10,1512,1522,0.15364783093623463
10,1518,1528,0.15364670371057532
10,1515,1525,0.1536456535412019
10,1511,1521,0.15364467401080178
8,1518,1526,0.15364375952294623
8,1507,1515,0.15364904380727876
8,1505,1513,0.1536538985867793
8,1503,1511,0.15365839099170184
9,1513,1522,0.1536626134291252
9,1513,1522,0.15366347327539176
9,1512,1521,0.1536643476709452
8,1504,1512,0.1536651993346734
8,1505,1513,0.15366918393881643
7,1511,1518,0.1536728441898649
6,1505,1511,0.15367934150195273
6,1514,1520,0.15368840563399086
6,1504,1510,0.15369681988466724
7,1513,1520,0.15370466329744809
8,1502,1510,0.15370884196787285
8,1500,1508,0.15370973012503497
9,1508,1517,0.15371066646370615
9,1494,1503,0.15370843004451026
9,1491,1500,0.15370640496008534
9,1501,1510,0.15370455516935932
9,1514,1523,0.15370285281779789
10,1509,1519,0.1537012791211227
9,1513,1522,0.1536966465195637
8,1510,1518,0.15369563149676282
8,1524,1532,0.15369776427733017
9,1523,1532,0.1536996661925351
9,1518,1527,0.15369828301691726
9,1516,1525,0.15369707160945573
9,1511,1520,0.1536959607574534
9,1497,1506,0.15369493283009536
6,1496,1502,0.15369397772774615
6,1502,1508,0.15370243337576944
6,1509,1515,0.15371014518718742
7,1514,1521,0.1537172960417629
7,1521,1528,0.1537208634506737
8,1517,1525,0.1537242545645754
8,1516,1524,0.15372428185005788
8,1516,1524,0.15372441378018484
7,1512,1519,0.15372457508705914
7,1519,1526,0.1537277905691594
8,1504,1512,0.15373079293109873
7,1506,1513,0.1537304000253104
7,1504,1511,0.1537332199434411
6,1499,1505,0.15373583533763643
6,1502,1508,0.15374135402912234
6,1506,1512,0.15374651071307655
5,1497,1502,0.15375131976612078
5,1511,1516,0.15375898652747208
5,1510,1515,0.1537661394851816
5,1516,1521,0.15377282349288
5,1512,1517,0.15377907864842735
5,1510,1515,0.15378493731666795
5,1508,1513,0.15379042764414447
5,1510,1515,0.15379557484167827
4,1504,1508,0.1538004018284952
4,1516,1520,0.15380812552983392
4,1506,1510,0.15381530255044834
4,1508,1512,0.15382201640869236
4,1507,1511,0.15382830557088112
5,1511,1516,0.15383420108815135
5,1501,1506,0.15383650381650749
5,1508,1513,0.15383874550646615
5,1494,1499,0.15384087438046556
4,1493,1497,0.15384288703723506
4,1498,1502,0.15384800899225173
4,1500,1504,0.15385274088555398
4,1511,1515,0.15385716349196232
4,1501,1505,0.15386130572804796
4,1496,1500,0.15386518888601977
4,1510,1514,0.153868831066289
4,1512,1516,0.15387225615827763
5,1520,1525,0.15387544754469076
5,1510,1515,0.15387524449515053
5,1510,1515,0.15387504452728504
5,1508,1513,0.15387485963042896
5,1521,1526,0.15387469159134454
5,1529,1534,0.1538745390812414
5,1520,1525,0.15387440037443123
5,1497,1502,0.15387427387087296
5,1493,1498,0.1538741581830282
5,1503,1508,0.1538740521253022
5,1506,1511,0.15387395468416604
4,1526,1530,0.15387386498843444
4,1512,1516,0.15387695440252333
4,1515,1519,0.15387985978282995
4,1514,1518,0.15388257824590032
4,1525,1529,0.15388512273093932
4,1508,1512,0.1538875059359971
4,1509,1513,0.1538897393040344
4,1513,1517,0.15389183314922383
4,1511,1515,0.15389379684438662
3,1508,1511,0.15389563896964067
3,1512,1515,0.15390065965119223
3,1515,1518,0.15390530230330907
3,1513,1516,0.15390964096228876
3,1516,1519,0.15391370404614935
3,1508,1511,0.15391751251293934
3,1505,1508,0.15392108419995118
4,1495,1499,0.15392442894094172
4,1501,1505,0.1539243441826117
3,1513,1516,0.15392425844715557
3,1515,1518,0.15392738995125574
3,1519,1522,0.15393033041714418
3,1513,1516,0.15393309531019903
3,1510,1513,0.15393569295289883
3,1518,1521,0.1539381325434007
3,1504,1507,0.15394042342227274
3,1505,1508,0.1539425746263637
3,1514,1517,0.1539445947330098
3,1514,1517,0.15394649182041933
3,1512,1515,0.1539482734722057
3,1505,1508,0.15394994679838794
3,1506,1509,0.153951518461943
3,1510,1513,0.15395299470648469
3,1517,1520,0.1539543813832654
3,1526,1529,0.15395568397679726
3,1519,1522,0.15395690762886477
2,1513,1515,0.1539580571609071
2,1517,1519,0.15396235709449463
2,1518,1520,0.153966411291611
2,1514,1516,0.15397022599542634
2,1515,1517,0.15397381052776576
2,1514,1516,0.15397717735200225
2,1521,1523,0.15398033933114438
3,1521,1524,0.15398330891277018
3,1517,1520,0.1539827859108849
3,1522,1525,0.15398237829817113
3,1496,1499,0.15398201785572227
3,1509,1512,0.153981691542186
3,1509,1512,0.15398139302046354
3,1522,1525,0.15398111824827013
3,1518,1521,0.1539808643123788
4,1519,1523,0.1539806289595673
4,1508,1512,0.1539771707073127
4,1521,1525,0.15397399170269527
4,1515,1519,0.15397103800657252
4,1517,1521,0.1539682829158009
4,1511,1515,0.15396570803856388
4,1506,1510,0.15396329876136725
4,1515,1519,0.1539610426702875
4,1509,1513,0.15395892884435786
4,1526,1530,0.1539569474811523
4,1524,1528,0.1539550896725791
4,1519,1523,0.1539533472575199
4,1508,1512,0.15395171271767205
4,1493,1497,0.15395017909958386
4,1502,1506,0.15394873995359093
4,1498,1502,0.15394738928424906
4,1511,1515,0.15394612150895073
5,1498,1503,0.1539449314225982
5,1496,1501,0.15394052589713456
5,1507,1512,0.15393647897303736
5,1520,1525,0.15393270749637208
5,1521,1526,0.15392918222505622
5,1518,1523,0.15392588267364296
5,1513,1518,0.15392279194517755
5,1514,1519,0.1539198952790403
5,1520,1525,0.15391717943737365
5,1523,1528,0.15391463237767591
5,1525,1530,0.1539122430503006
5,1523,1528,0.15391000125982812
5,1517,1522,0.15390789756293166
5,1507,1512,0.15390592318891153
5,1498,1503,0.15390406997527567
5,1508,1513,0.15390233031386502
5,1522,1527,0.15390069710471532
5,1526,1531,0.1538991637158177
5,1508,1513,0.1538977239475271
5,1504,1509,0.15389637200073622
5,1512,1517,0.15389510244817128
5,1512,1517,0.15389391020832807
5,1515,1520,0.15389279052167756
5,1514,1519,0.15389173892884878
5,1511,1516,0.153890751250554
5,1511,1516,0.15388982356906392
6,1521,1527,0.1538889522110723
6,1514,1520,0.1538848430489476
6,1501,1507,0.1538810710294197
6,1496,1502,0.1538775578689055
6,1506,1512,0.15387427533282108
5,1501,1506,0.15387120387113523
5,1505,1510,0.15387151798765436
6,1509,1515,0.15387173938579005
6,1527,1533,0.1538687210973828
5,1519,1524,0.15386591157995985
5,1520,1525,0.1538664734618907
5,1508,1513,0.15386697594626284
5,1504,1509,0.1538674299940017
5,1510,1515,0.1538678454776495
5,1505,1510,0.15386822814852508
5,1512,1517,0.1538685820335829
5,1517,1522,0.1538689102187348
4,1508,1512,0.15386921519765645
4,1507,1511,0.15387271144623807
4,1503,1507,0.15387596363157588
5,1501,1506,0.15387899594176388
5,1519,1524,0.1538786060714836
5,1501,1506,0.15387826527789397
4,1501,1505,0.15387796058093722
4,1509,1513,0.15388093547143908
4,1517,1521,0.15388365179977473
4,1514,1518,0.15388618054954026
4,1510,1514,0.15388854375551828
4,1510,1514,0.15389075572278388
5,1512,1517,0.1538928279191022
5,1512,1517,0.15389149893699317
4,1516,1520,0.15389033995799561
4,1508,1512,0.15389252975584725
4,1517,1521,0.15389451838503032
4,1510,1514,0.15389636926648792
4,1509,1513,0.15389809905196877
4,1517,1521,0.15389971830801946
4,1518,1522,0.15390123544745893
4,1520,1524,0.15390265771516293
4,1512,1516,0.1539039915691912
4,1509,1513,0.1539052428697607
2,1514,1516,0.1539064169895061
2,1509,1511,0.1539140493063029
2,1504,1506,0.15392112840681935
2,1501,1503,0.15392774297152464
2,1490,1492,0.15393393757651716
2,1498,1500,0.15393974465935367
2,1509,1511,0.15394519152447392
2,1504,1506,0.1539503023839182
2,1508,1510,0.15395509920529463
2,1514,1516,0.15395960215630122
2,1517,1519,0.15396382987826246
2,1521,1523,0.15396779967477545
2,1521,1523,0.15397152765291278
2,1525,1527,0.15397502883532377
3,1529,1532,0.15397831725308578
3,1516,1519,0.15397810948065127
3,1517,1520,0.1539779384607824
3,1527,1530,0.15397779590023664
3,1521,1524,0.15397767232685744
3,1521,1524,0.15397756304818155
3,1529,1532,0.1539774652457093
3,1525,1528,0.15397737700700292
3,1533,1536,0.15397729693142984
3,1519,1522,0.15397722394001334
3,1520,1523,0.15397715717161925
3,1517,1520,0.15397709592087117
3,1519,1522,0.15397703959839754
3,1527,1530,0.15397698770400506
3,1512,1515,0.1539769398078111
3,1506,1509,0.15397689553652252
4,1517,1521,0.1539768545631779
4,1513,1517,0.1539735303625518
4,1509,1513,0.15397043485658693
4,1497,1501,0.15396754793402637
4,1504,1508,0.15396484850411923
4,1505,1509,0.15396232109428726
4,1499,1503,0.15395995294247822
3,1513,1516,0.1539577329075386
2,1510,1512,0.15395890714193025
2,1502,1504,0.15396325562677954
2,1510,1512,0.1539673091268232
2,1520,1522,0.1539710929468685
2,1517,1519,0.1539746333683933
2,1512,1514,0.15397795007172743
2,1495,1497,0.15398105942309998
2,1505,1507,0.15398397575886888
3,1495,1498,0.15398671197181346
3,1482,1485,0.1539859505056186
3,1494,1497,0.1539853173035626
3,1504,1507,0.1539847432585664
3,1514,1517,0.15398421407227889
3,1511,1514,0.15398372308131453
3,1500,1503,0.15398326599766868
2,1486,1488,0.1539828396047359
1,1502,1503,0.1539857536296709
1,1509,1510,0.15399170367103004
2,1511,1513,0.15399725992655014
2,1519,1521,0.15399916164486954
2,1519,1521,0.15400095736176797
2,1528,1530,0.15400265065883886
2,1510,1512,0.15400424354854506
2,1503,1505,0.1540057408518398
3,1503,1506,0.1540071478980178
3,1512,1515,0.15400517879408895
3,1514,1517,0.15400335724154085
3,1512,1515,0.15400166535398452
3,1517,1520,0.15400008672996404
4,1525,1529,0.15399861071650786
4,1520,1524,0.15399389921617218
4,1507,1511,0.15398956339850034
5,1504,1509,0.15398552024390902
6,1510,1516,0.15397842238355242
6,1514,1520,0.1539685708455564
6,1507,1513,0.15395945639747613
6,1503,1509,0.15395095165772557
6,1511,1517,0.1539429988920011
6,1502,1508,0.15393555459537936
6,1512,1518,0.1539285817595096
6,1506,1512,0.1539220475424518
6,1515,1521,0.15391592223296366
6,1511,1517,0.15391017866759477
6,1505,1511,0.15390479185046937
5,1514,1519,0.15389973868027604
5,1517,1522,0.15389824056528398
5,1521,1526,0.1538967498941314
6,1524,1530,0.15389532425259694
5,1514,1519,0.15389071667684356
4,1507,1511,0.15388968997968233
4,1506,1510,0.1538919692179449
4,1505,1509,0.15389402217481687
4,1518,1522,0.15389592202976832
3,1508,1511,0.1538976898408569
3,1510,1513,0.1539026337518385
3,1503,1506,0.15390719772661657
3,1526,1529,0.15391145648296128
3,1512,1515,0.15391544065825133
3,1509,1512,0.15391917235545463
3,1499,1502,0.15392266994151813
3,1502,1505,0.15392594956425934
3,1501,1504,0.15392902579099657
3,1520,1523,0.1539319119392947
3,1520,1523,0.15393462027754384
3,1518,1521,0.15393716216170328
3,1517,1520,0.15393954813675115
3,1529,1532,0.15394178801662445
3,1524,1527,0.15394389094997163
3,1528,1531,0.15394586547592692
3,1527,1530,0.1539477195724915
3,1517,1520,0.1539494606991995
3,1515,1518,0.15395109583521172
2,1533,1535,0.1539526315136475
2,1522,1524,0.15395738439266973
2,1511,1513,0.15396177637826972
2,1516,1518,0.1539658814817555
2,1514,1516,0.1539697275550947
2,1514,1516,0.153973334401066
2,1530,1532,0.1539767186193699
2,1521,1523,0.15397989495584008
2,1524,1526,0.1539828768293251
2,1522,1524,0.1539856765944547
2,1522,1524,0.15398830569870164
2,1533,1535,0.15399077478948964
2,1519,1521,0.1539930937943925
2,1520,1522,0.15399527198522034
2,1509,1511,0.15399731803158076
2,1516,1518,0.15399924004705362
3,1522,1525,0.154001045629872
3,1523,1526,0.153999417333065
3,1525,1528,0.1539979713529767
3,1525,1528,0.15399663517867798
3,1518,1521,0.15399539221880587
3,1529,1532,0.15399423271424512
3,1526,1529,0.15399314931175018
3,1515,1518,0.15399213593640404
3,1511,1514,0.15399118734085188
2,1514,1516,0.15399029887736412
2,1505,1507,0.15399277427886846
2,1516,1518,0.15399502630075595
2,1526,1528,0.15399712265704518
3,1514,1517,0.15399908257656494
3,1514,1517,0.15399759351628892
3,1516,1519,0.15399627538398358
3,1520,1523,0.15399505720858578
3,1521,1524,0.15399392262673356
3,1520,1523,0.15399286278693597
3,1506,1509,0.15399187125241046
3,1498,1501,0.1539909427521303
3,1503,1506,0.1539900727276358
3,1511,1514,0.15398925712282488
3,1512,1515,0.15398849226887976
3,1517,1520,0.15398777481329567
2,1505,1507,0.15398710167200064
2,1515,1517,0.15398977585328807
3,1514,1517,0.15399221377459868
3,1511,1514,0.15399116443870742
3,1500,1503,0.15399025204305541
3,1502,1505,0.15398941079696976
3,1514,1517,0.15398862751902415
3,1516,1519,0.15398789571917115
3,1525,1528,0.15398721087940345
3,1516,1519,0.15398656936632638
3,1526,1529,0.15398596806016035
2,1535,1537,0.1539854041918268
2,1522,1524,0.1539881808561617
2,1525,1527,0.15399071511916684
2,1530,1532,0.1539930759495599
2,1524,1526,0.15399528376178226
2,1512,1514,0.15399735162828967
3,1517,1520,0.1539992900054818
1,1517,1518,0.15399779785136494
1,1507,1508,0.15400306515929807
1,1515,1516,0.15400794406006635
1,1512,1513,0.15401250542989448
1,1506,1507,0.15401677982194853
1,1511,1512,0.15402078899491045
1,1518,1519,0.1540245512737023
1,1514,1515,0.15402808296334436
2,1515,1517,0.1540313989087732
2,1512,1514,0.15403125927508576
2,1513,1515,0.15403113318385642
2,1514,1516,0.1540310290537387
2,1508,1510,0.15403094027941677
2,1511,1513,0.15403086290594303
2,1520,1522,0.15403079445389817
1,1511,1512,0.154030733249406
1,1520,1521,0.15403398181782793
1,1513,1514,0.15403697440432496
1,1516,1517,0.1540397717905067
1,1524,1525,0.15404239259783137
1,1522,1523,0.15404485040744434
1,1510,1511,0.1540471566378173
1,1510,1511,0.1540493213998858
1,1516,1517,0.1540513538631699
1,1526,1527,0.15405326244826237
1,1530,1531,0.15405505494388283
1,1523,1524,0.15405673858632313
1,1517,1518,0.15405832011806436
1,1521,1522,0.15405980583382453
1,1516,1517,0.15406120161844658
1,1513,1514,0.15406251297914458
2,1517,1519,0.15406374507363135
2,1508,1510,0.15406160867496696
2,1506,1508,0.15405965902805618
2,1520,1522,0.15405785014038428
2,1523,1525,0.15405616328395463
2,1528,1530,0.15405458654235576
2,1516,1518,0.15405311077392142
2,1516,1518,0.15405172834298506
2,1514,1516,0.15405043258894355
2,1523,1525,0.1540492175589906
3,1506,1509,0.15404807785463012
3,1519,1522,0.15404375633304657
3,1511,1514,0.15403972448376976
3,1513,1516,0.15403595834820563
3,1523,1526,0.15403243413268877
3,1511,1514,0.1540291329366423
3,1516,1519,0.15402603864213466
3,1523,1526,0.1540231369842644
3,1516,1519,0.15402041508006165
3,1517,1520,0.15401786115599114
3,1528,1531,0.15401546437258465
3,1522,1525,0.15401321470163906
3,1518,1521,0.15401110283434988
3,1526,1529,0.1540091201089813
3,1515,1518,0.154007258451639
3,1518,1521,0.1540055103263032
2,1512,1514,0.15400386869170193
3,1521,1524,0.1540055134149148
2,1512,1514,0.1540038558834163
2,1526,1528,0.15400548587731513
2,1525,1527,0.15400701859393895
2,1512,1514,0.1540084460526243
2,1504,1506,0.15400977897101228
2,1505,1507,0.154011025639618
2,1507,1509,0.15401219284243095
2,1508,1510,0.15401328641213075
2,1521,1523,0.15401431151253836
2,1524,1526,0.15401527279685667
2,1515,1517,0.15401617450538296
2,1526,1528,0.15401702053097227
2,1511,1513,0.15401781446590745
2,1514,1516,0.15401855963730565
2,1514,1516,0.15401925913503994
2,1519,1521,0.15401991583452704
1,1527,1528,0.15402053241583624
1,1513,1514,0.15402436712034295
1,1519,1520,0.15402795909526873
1,1507,1508,0.15403132210931147
1,1506,1507,0.15403447463637204
1,1537,1538,0.1540374318682184
1,1524,1525,0.15404020707400776
1,1511,1512,0.154042812198796
1,1510,1511,0.15404525816524312
1,1516,1517,0.1540475550493019
1,1507,1508,0.15404971219529018
2,1495,1497,0.15405173829849972
2,1498,1500,0.15405031571410105
2,1494,1496,0.1540490544812176
3,1502,1505,0.15404789024319862
3,1507,1510,0.15404347519966483
3,1503,1506,0.15403942183436037
3,1520,1523,0.1540356450069125
3,1510,1513,0.15403211543810616
2,1508,1510,0.15402881228275053
2,1517,1519,0.15402895046354267
2,1509,1511,0.1540290433911361
2,1505,1507,0.154029135507971
2,1505,1507,0.15402916307620443
2,1508,1510,0.15402918086430037
2,1509,1511,0.15402919317616445
2,1511,1513,0.15402920185628596
2,1513,1515,0.1540292079884062
2,1521,1523,0.1540292122754861
2,1530,1532,0.154029215198512
2,1529,1531,0.15402921709868816
2,1527,1529,0.15402921822460602
2,1521,1523,0.1540292187611451
2,1505,1507,0.15402921884804377
2,1511,1513,0.15402921859228738
2,1509,1511,0.15402921807662567
3,1498,1501,0.15402921736558084
3,1507,1510,0.15402589364141775
3,1513,1516,0.15402285548546446
3,1501,1504,0.15402002437438345
3,1508,1511,0.15401737751771669
3,1509,1512,0.1540148994038302
3,1516,1519,0.1540125773659711
3,1512,1515,0.15401040039265992
3,1509,1512,0.15400835863146015
3,1516,1519,0.15400644312842748
3,1509,1512,0.15400464566987032
3,1518,1521,0.15400295867586128
1,1515,1516,0.15400137512290354
2,1526,1528,0.15400646529090817
2,1518,1520,0.1540078448956507
2,1518,1520,0.15400918385857976
2,1518,1520,0.15401044207476655
2,1501,1503,0.1540116220405087
2,1497,1499,0.154012728504884
2,1503,1505,0.15401376623152413
2,1505,1507,0.15401473970209956
2,1508,1510,0.1540156530812056
2,1508,1510,0.1540165102318233
2,1512,1514,0.15401731474018318
2,1510,1512,0.154018069940391
2,1513,1515,0.15401877893663624
2,1518,1520,0.15401944462276457
2,1510,1512,0.15402006969949256
2,1519,1521,0.15402065668962467
2,1518,1520,0.1540212079515989
2,1519,1521,0.15402172569163067
1,1521,1522,0.1540222119746714
1,1517,1518,0.1540259725282342
1,1519,1520,0.15402944610648672
1,1520,1521,0.15403269524488947
1,1511,1512,0.15403574013222848
1,1511,1512,0.15403859599647202
1,1508,1509,0.15404127586217875
1,1511,1512,0.15404379136398286
1,1513,1514,0.15404615310308645
1,1507,1508,0.15404837084066758
1,1507,1508,0.15405045361931857
1,1511,1512,0.15405240984787655
1,1509,1510,0.1540542473655259
1,1507,1508,0.15405597349309738
1,1503,1504,0.15405759507586428
1,1499,1500,0.15405911852033102
1,1503,1504,0.15406054982654854
1,1508,1509,0.15406189461694936
1,1508,1509,0.1540631581623746
1,1515,1516,0.15406434540576633
1,1509,1510,0.15406546098387308
1,1502,1503,0.15406650924723142
1,1496,1497,0.15406749427862867
1,1494,1495,0.15406841991021256
1,1506,1507,0.15406928973938286
1,1513,1514,0.15407010714357874
1,1526,1527,0.1540708752940591
1,1530,1531,0.15407159716875973
1,1515,1516,0.15407227556430161
1,1501,1502,0.15407291310721477
1,1499,1500,0.15407351226443639
1,1518,1519,0.15407407535313708
1,1515,1516,0.1540746045499205
1,1511,1512,0.15407510189944193
1,1497,1498,0.1540755693224841
1,1509,1510,0.15407600862352797
1,1516,1517,0.15407642149785075
1,1520,1521,0.15407680953818292
1,1533,1534,0.15407717424095269
1,1539,1540,0.1540775170121449
2,1526,1528,0.15407783917279821
2,1514,1516,0.1540748006866323
2,1496,1498,0.1540720191302542
1,1503,1504,0.15406942571617752
1,1504,1505,0.1540703368690358
1,1518,1519,0.15407112941060117
1,1524,1525,0.15407186102408083
1,1519,1520,0.154072542528818
1,1504,1505,0.1540731794883538
2,1515,1517,0.15407377582371606
2,1517,1519,0.1540710748218854
2,1521,1523,0.15406860766187086
2,1506,1508,0.15406623234914435
2,1502,1504,0.15406399804650028
2,1515,1517,0.15406190058980263
2,1517,1519,0.154059932155135
2,1519,1521,0.15405808472221746
2,1528,1530,0.1540563506494045
2,1528,1530,0.15405472277657684
2,1528,1530,0.15405319442197166
2,1520,1522,0.15405175935341484
2,1521,1523,0.15405041175499948
2,1525,1527,0.1540491461950301
2,1528,1530,0.1540479575966731
2,1523,1525,0.15404684121143888
2,1521,1523,0.15404579259524953
2,1525,1527,0.15404480758677364
2,1519,1521,0.15404388228772842
3,1520,1523,0.15404301304489376
3,1521,1524,0.1540389369860105
2,1522,1524,0.15403513084458656
3,1517,1520,0.15403479841713769
2,1515,1517,0.15403117766633329
2,1515,1517,0.15403107509669078
2,1523,1525,0.15403099834323225
2,1522,1524,0.15403092133357496
2,1524,1526,0.15403084522092478
2,1509,1511,0.15403077106778043
2,1509,1511,0.1540306994894406
2,1510,1512,0.15403063081584598
2,1498,1500,0.1540305652044497
2,1501,1503,0.1540305027065701
2,1514,1516,0.15403044330684604
2,1516,1518,0.15403038694751323
3,1522,1525,0.1540303335438541
4,1519,1523,0.1540270084040234
4,1512,1516,0.1540206252947835
4,1509,1513,0.15401473626256101
4,1511,1515,0.15400924537924335
4,1513,1517,0.1540041132151127
5,1513,1518,0.15399931011684578
6,1498,1504,0.1539916251972073
5,1505,1510,0.15398125437395715
5,1507,1512,0.15397480223127147
4,1513,1517,0.15396873609437864
4,1516,1520,0.15396625231804373
4,1510,1514,0.15396384532132507
4,1495,1499,0.1539615628335821
4,1505,1509,0.1539594073451147
4,1504,1508,0.15395737562280037
4,1506,1510,0.15395546254478748
4,1521,1525,0.15395366231369464
5,1504,1509,0.15395196895859387
5,1513,1518,0.15394714924008746
5,1500,1505,0.15394271253005193
5,1514,1519,0.15393857562333516
6,1497,1503,0.1539347079328695
6,1508,1514,0.15392792552463258
6,1509,1515,0.1539216494001954
6,1513,1519,0.15391580212282763
6,1502,1508,0.15391033945965757
6,1498,1504,0.15390522882426858
6,1490,1496,0.15390044333140332
6,1496,1502,0.15389595961857283
6,1505,1511,0.15389175683172154
6,1513,1519,0.1538878160675129
7,1509,1516,0.1538841200273036
7,1512,1519,0.1538775151450244
7,1515,1522,0.15387133251570473
7,1513,1520,0.15386555229588908
7,1521,1528,0.15386014392838473
7,1524,1531,0.15385507981221294
8,1522,1530,0.15385033543281934
8,1522,1530,0.15384272390883402
8,1513,1521,0.15383558906867112
8,1507,1515,0.1538289084810971
8,1506,1514,0.1538226528248364
8,1504,1512,0.15381679303614443
8,1509,1517,0.15381130215653396
8,1521,1529,0.15380615540412956
7,1518,1525,0.1538013299744631
6,1509,1515,0.15379987483326008
7,1505,1512,0.1538015774116988
8,1504,1512,0.15379991333793547
7,1500,1507,0.15379535017469462
7,1511,1518,0.15379427295938686
8,1513,1521,0.15379329446172607
8,1519,1527,0.15378924604009686
8,1514,1522,0.1537854953541105
8,1522,1530,0.15378200642980713
8,1507,1515,0.15377875100672822
8,1511,1519,0.15377570819794836
8,1507,1515,0.15377286098119497
8,1521,1529,0.15377019476813503
7,1518,1525,0.15376769668563864
7,1522,1529,0.1537684364128827
8,1525,1533,0.15376911861636167
8,1523,1531,0.1537666094132227
8,1519,1527,0.15376425457716952
8,1514,1522,0.1537620542543543
8,1505,1513,0.15375999633844784
7,1505,1512,0.1537580698757308
7,1517,1524,0.15375932269695816
7,1525,1532,0.15376049906490782
7,1518,1525,0.15376158359180297
7,1506,1513,0.15376258608576338
7,1502,1509,0.1537635156575525
7,1507,1514,0.15376437967173873
7,1510,1517,0.1537651841793275
7,1490,1497,0.15376593428785332
7,1499,1506,0.15376663440725358
7,1491,1498,0.15376728841187762
7,1505,1512,0.15376789975047175
7,1513,1520,0.15376847152362205
7,1515,1522,0.15376900654025225
7,1509,1516,0.15376950736019718
7,1517,1524,0.1537699763272215
7,1521,1528,0.15377041559528254
7,1525,1532,0.1537708271498848
7,1532,1539,0.1537712128257759
7,1515,1522,0.15377157432185518
7,1521,1528,0.15377191321391084
8,1517,1525,0.15377223096563658
8,1515,1523,0.15376937542444863
8,1511,1519,0.15376669849921476
8,1512,1520,0.15376419730836396
8,1522,1530,0.15376186084989912
8,1523,1531,0.15375967698998586
8,1515,1523,0.15375763444822854
8,1508,1516,0.15375572299726004
8,1516,1524,0.15375393337032553
7,1509,1516,0.15375225713492666
8,1517,1525,0.15375380752666984
8,1513,1521,0.1537521269826546
6,1519,1525,0.15375054665617024
6,1513,1519,0.1537553377073937
6,1509,1515,0.15375983591582076
6,1512,1518,0.15376403621977863
6,1504,1510,0.1537679596408706
6,1496,1502,0.1537716275004415
5,1509,1514,0.15377505901670957
5,1503,1508,0.1537814573377714
5,1509,1514,0.1537873729708898
5,1494,1499,0.1537928934901978
6,1485,1491,0.15379805630189416
6,1488,1494,0.15379968001496114
6,1496,1502,0.15380128933674458
5,1511,1516,0.15380282416399405
5,1509,1514,0.15380738323853063
5,1514,1519,0.1538116088082428
5,1519,1524,0.15381554902976238
4,1527,1531,0.15381923309084972
4,1526,1530,0.15382583049095952
4,1517,1521,0.15383199375858173
4,1514,1518,0.15383775650257825
4,1508,1512,0.15384315191959033
5,1513,1518,0.15384820746910036
6,1517,1523,0.15384977353314677
6,1520,1526,0.15384817030695833
6,1519,1525,0.15384670035322423
6,1515,1521,0.15384535749840209
6,1505,1511,0.15384412315128018
6,1509,1515,0.15384298304674973
6,1510,1516,0.153841926397424
6,1512,1518,0.15384094469273166
7,1510,1517,0.1538400309561448
6,1500,1506,0.15383605706404585
6,1505,1511,0.1538355238398766
6,1515,1521,0.15383496407863567
5,1524,1529,0.15383442592010232
5,1527,1532,0.15383703600398146
5,1508,1513,0.15383942750996035
5,1524,1529,0.15384164122887792
6,1510,1516,0.15384370077997367
6,1504,1510,0.15384243449205084
6,1505,1511,0.15384132964410452
6,1520,1526,0.1538403187391523
6,1509,1515,0.1538393844758448
7,1512,1519,0.1538385168001118
7,1503,1510,0.15383457976991866
7,1512,1519,0.15383090542166664
7,1508,1515,0.15382748133134133
8,1510,1518,0.15382428600499526
8,1502,1510,0.15381819244040407
7,1494,1501,0.15381248719590038
7,1493,1500,0.15381024648900307
7,1496,1503,0.1538081676593711
7,1506,1513,0.1538062198541317
7,1495,1502,0.15380439122906842
7,1501,1508,0.15380267401945258
7,1492,1499,0.15380106147798334
7,1499,1506,0.1537995473160188
7,1499,1506,0.153798125594
7,1490,1497,0.15379679069836158
7,1506,1513,0.15379553733265397
7,1512,1519,0.15379436050832543
7,1513,1520,0.15379325553313694
7,1505,1512,0.15379221799776138
6,1497,1503,0.15379124376140735
6,1489,1495,0.153793467881361
6,1502,1508,0.15379547040928643
6,1494,1500,0.1537973183252724
7,1496,1503,0.1537990335425668
6,1505,1511,0.15379746928633253
6,1510,1516,0.15379923999674983
6,1518,1524,0.1538008913735255
6,1508,1514,0.15380243014768996
6,1513,1519,0.15380386726121176
6,1513,1519,0.15380521106884917
6,1514,1520,0.15380646864125663
6,1497,1503,0.15380764619972
6,1500,1506,0.1538087493280585
6,1513,1519,0.1538097830975786
7,1515,1522,0.15381075214968185
7,1510,1517,0.15380849787487058
8,1510,1518,0.15380642405320974
8,1507,1515,0.15380139960214964
8,1514,1522,0.15379679441110042
8,1509,1517,0.15379253119969913
8,1515,1523,0.15378856672828625
7,1501,1508,0.1537848709048622
6,1502,1508,0.15378449501793634
6,1518,1524,0.1537871786838257
6,1508,1514,0.15378967910220256
8,1511,1519,0.15379199602058619
8,1497,1505,0.15378790243009516
7,1501,1508,0.15378410775074636
7,1501,1508,0.1537837189358867
7,1506,1513,0.15378336703126494
7,1515,1522,0.15378303406507107
7,1518,1525,0.15378271892448375
7,1522,1529,0.15378242115221538
7,1511,1518,0.15378214017641706
7,1509,1516,0.1537818753120065
7,1509,1516,0.15378162581239857
7,1504,1511,0.15378139090791731
7,1505,1512,0.15378116982991785
6,1505,1511,0.15378096182529938
6,1510,1516,0.1537838439038258
6,1499,1505,0.1537864836729697
6,1516,1522,0.1537889266240562
6,1500,1506,0.1537911988529725
6,1506,1512,0.15379331795530068
8,1506,1514,0.1537952974781575
8,1511,1519,0.1537909451548749
9,1520,1529,0.15378695788679486
9,1513,1522,0.15378018250012215
8,1510,1518,0.1537738737800519
8,1514,1522,0.15377106868382465
10,1507,1517,0.1537684218841348
10,1493,1503,0.15375973795881973
10,1490,1500,0.1537516678513817
10,1483,1493,0.15374416124213547
8,1490,1498,0.15373716369344384
8,1480,1488,0.15373665869861955
8,1485,1493,0.1537361668923615
7,1502,1509,0.15373566357970198
7,1509,1516,0.15373823948440146
7,1498,1505,0.15374062836672536
7,1517,1524,0.15374283817264622
8,1526,1534,0.15374488795941071
8,1508,1516,0.15374372957438134
8,1494,1502,0.15374266492916994
7,1501,1508,0.15374168921056872
6,1515,1521,0.15374389512182884
6,1517,1523,0.15374897813588206
6,1517,1523,0.1537537370880912
6,1509,1515,0.15375818118218768
6,1512,1518,0.15376233317176796
7,1513,1520,0.15376621550640285
7,1523,1530,0.153766706763914
7,1519,1526,0.15376725858854592
7,1516,1523,0.15376780565632725
7,1525,1532,0.15376833504262394
7,1534,1541,0.15376884178867342
5,1518,1523,0.15376932399706256
5,1520,1525,0.15377600663684554
6,1514,1520,0.15378219010668231
6,1512,1518,0.15378478371485899
6,1509,1515,0.15378722317933013
6,1509,1515,0.15378951556700649
7,1509,1516,0.15379166734766772
7,1509,1516,0.15379053709758114
6,1512,1518,0.15378947564540152
6,1520,1526,0.1537916297699336
6,1515,1521,0.15379366568301225
7,1511,1518,0.15379557633993815
7,1505,1512,0.15379424693651927
7,1498,1505,0.15379307962855673
8,1501,1509,0.15379202184712967
8,1520,1528,0.15378793806235755
7,1515,1522,0.15378412191783788
8,1505,1513,0.153783596048173
8,1519,1527,0.1537800094836578
8,1515,1523,0.15377665636460472
9,1518,1527,0.15377353085082798
9,1502,1511,0.1537674835368095
9,1507,1516,0.15376187040802086
8,1516,1524,0.15375664516637966
9,1516,1525,0.153754869287613
8,1512,1520,0.1537500183160829
9,1515,1524,0.1537486533905688
9,1513,1522,0.15374427166517857
7,1503,1510,0.1537401735529761
8,1502,1510,0.1537424844790571
8,1509,1517,0.1537415358506954
9,1510,1519,0.15374064541887203
8,1508,1516,0.15373672894774934
8,1506,1514,0.15373620102338226
8,1500,1508,0.15373572563475732
8,1506,1514,0.15373528376045564
8,1505,1513,0.1537348690226833
8,1523,1531,0.1537344786993046
8,1510,1518,0.1537341110720555
7,1506,1513,0.15373376477911943
7,1510,1517,0.15373655303972592
7,1507,1514,0.15373915715092662
9,1498,1507,0.15374158084750508
9,1504,1513,0.15373759885433042
9,1513,1522,0.15373387527659063
9,1506,1515,0.15373040899825632
9,1500,1509,0.15372717959117202
9,1508,1517,0.15372416689623866
10,1516,1526,0.15372135320802147
11,1521,1532,0.15371569081931824
11,1505,1516,0.15370729720812512
10,1501,1511,0.1536994740035791
11,1508,1519,0.1536951743174403
10,1502,1512,0.15368813311519144
11,1508,1519,0.15368458559382567
11,1496,1507,0.15367821237513715
11,1494,1505,0.1536722766014237
11,1501,1512,0.15366669872864414
11,1503,1514,0.1536615225245703
10,1493,1503,0.15365669826884776
11,1505,1516,0.15365525089205787
11,1512,1523,0.15365081848194836
11,1507,1518,0.1536466672554327
11,1498,1509,0.1536427860008608
10,1500,1510,0.1536391544716646
10,1505,1515,0.15363879328560232
10,1503,1513,0.15363835881895943
10,1505,1515,0.15363791187367914
10,1500,1510,0.1536374682114575
10,1492,1502,0.15363708322281192
10,1493,1503,0.15363671600485035
10,1496,1506,0.15363636579618306
10,1492,1502,0.15363603229725584
9,1491,1500,0.15363571507968024
9,1507,1516,0.1536385462056763
9,1510,1519,0.15364116627633237
9,1504,1513,0.15364359397917118
9,1502,1511,0.15364585103700626
9,1501,1510,0.15364795374008586
9,1495,1504,0.1536499154008144
9,1496,1505,0.15365174737362852
11,1499,1510,0.15365345959204846
10,1498,1508,0.15364876493123567
10,1498,1508,0.15364753532653647
10,1502,1512,0.15364640782975633
10,1501,1511,0.15364535767967255
9,1492,1501,0.15364437772238773
9,1504,1513,0.1536465602865677
9,1510,1519,0.15364860727277618
9,1501,1510,0.1536505172490424
9,1510,1519,0.15365229897557472
9,1509,1518,0.1536539623498221
8,1506,1514,0.15365551650911033
8,1508,1516,0.15366000193927692
8,1495,1503,0.15366413937003892
7,1501,1508,0.15366798053148586
6,1492,1498,0.15367462352170888
7,1490,1497,0.15368400817085898
8,1498,1506,0.15368948523366502
8,1499,1507,0.15369154681270294
8,1503,1511,0.15369354862959675
8,1510,1518,0.15369545671545642
8,1503,1511,0.15369726324792485
8,1504,1512,0.15369896822310194
8,1506,1514,0.15370057458869715
8,1504,1512,0.1537020865080122
8,1499,1507,0.15370350862304247
9,1510,1519,0.15370484570631826
10,1506,1516,0.153702936670071
10,1510,1520,0.1536981499532553
10,1501,1511,0.1536937373179992
10,1495,1505,0.1536896593304185
10,1498,1508,0.1536858753140086
9,1509,1518,0.15368235493659063
9,1503,1512,0.1536821625811668
9,1511,1520,0.15368195161477224
8,1510,1518,0.15368173290078851
8,1515,1523,0.1536846673297826
7,1514,1521,0.15368738194685613
8,1512,1520,0.15369310765334487
8,1513,1521,0.15369532570952368
8,1515,1523,0.15369736841752868
8,1510,1518,0.15369926969257414
8,1506,1514,0.15370104561819062
8,1511,1519,0.15370270677328843
7,1512,1519,0.1537042617604078
8,1522,1530,0.1537087731598353
8,1510,1518,0.15370994367677457
8,1515,1523,0.15371103251617874
6,1518,1524,0.1537120541649982
5,1522,1527,0.15371921985286313
3,1515,1518,0.15372888490420558
3,1511,1514,0.15374411950746983
3,1505,1508,0.1537584005371895
4,1507,1511,0.1537717722138062
4,1519,1523,0.15378117378974618
4,1513,1517,0.15378997085396676
4,1507,1511,0.15379822283719677
3,1509,1512,0.15380596604328997
3,1509,1512,0.15381636510085347
3,1531,1534,0.15382614637227385
3,1524,1527,0.15383532961169732
3,1521,1524,0.15384394876418686
3,1512,1515,0.15385203887844656
3,1523,1526,0.15385963326051638
3,1526,1529,0.15386676307990022
3,1516,1519,0.15387345742650482
3,1509,1512,0.15387974345152522
3,1518,1521,0.1538856465147142
3,1512,1515,0.15389119032107723
3,1518,1521,0.15389639704443528
3,1518,1521,0.15390128743877102
3,1517,1520,0.1539058809389204
3,1508,1511,0.15391019575209045
3,1504,1507,0.15391424894144884
3,1506,1509,0.15391805650280407
3,1500,1503,0.15392163343520293
3,1508,1511,0.15392499380612545
3,1518,1521,0.15392815081184155
3,1512,1515,0.1539311168334045
3,1512,1515,0.15393390348868588
3,1526,1529,0.15393651690729895
3,1530,1533,0.15393897173987292
3,1530,1533,0.15394127050400452
3,1534,1537,0.1539434265856704
3,1521,1524,0.15394545038335694
3,1520,1523,0.1539473507459192
3,1523,1526,0.15394913559507825
3,1517,1520,0.1539508121847087
3,1513,1516,0.15395238722934398
3,1508,1511,0.15395386697934993
3,1508,1511,0.15395525727140094
3,1508,1511,0.1539565635661417
3,1511,1514,0.15395779097847892
3,1512,1515,0.15395894430321783
3,1499,1502,0.15396002803750278
3,1508,1511,0.15396104640089825
3,1516,1519,0.15396200335362192
3,1519,1522,0.15396290261326204
3,1512,1515,0.15396374767020493
3,1513,1516,0.15396454180193844
3,1519,1522,0.15396528808635343
3,1530,1533,0.15396598941414325
3,1519,1522,0.15396664850038022
3,1525,1528,0.15396726789533763
3,1529,1532,0.15396784999461574
3,1537,1540,0.15396839704862259
3,1535,1538,0.15396891117145672
3,1531,1534,0.1539693943492324
3,1517,1520,0.15396984844788492
3,1515,1518,0.15397027522049178
3,1524,1527,0.15397067631413985
3,1529,1532,0.15397105327636929
2,1534,1536,0.15397140756122002
2,1527,1529,0.15397498506565108
2,1519,1521,0.15397831320319644
2,1528,1530,0.15398142354724575
2,1521,1523,0.1539843357502725
1,1520,1521,0.15398706511082141
1,1509,1510,0.15399285674677915
1,1518,1519,0.15399830873711268
1,1524,1525,0.1540034262978994
1,1519,1520,0.15400822973206066
1,1509,1510,0.1540127391145541
1,1499,1500,0.15401697315833038
1,1508,1509,0.15402094922748272
1,1510,1511,0.15402468346126882
1,1501,1502,0.15402819089265957
1,1513,1514,0.1540314855490989
1,1516,1517,0.15403458053772964
1,1519,1520,0.15403748811860257
1,1517,1518,0.15404021976866278
1,1532,1533,0.15404278623852036
0,1522,1522,0.15404519760342392
