1375,30,1405,0.13582005870620137
1402,32,1434,0.13296156217003424
1420,32,1452,0.13027914056577486
1425,31,1456,0.12778552606893878
1424,31,1455,0.12549979814118437
1431,29,1460,0.12342003285585956
1445,31,1476,0.12150708949154714
1454,31,1485,0.11972868364325243
1460,31,1491,0.11808672374982063
1452,31,1483,0.11657701410722636
1455,30,1485,0.11522211589120211
1465,31,1496,0.11398165693439015
1473,29,1502,0.11282796366704995
1477,29,1506,0.11175896519713366
1471,29,1500,0.11077608025620587
1480,29,1509,0.10989604333886559
1473,28,1501,0.1090748412429327
1476,28,1504,0.10834355255040919
1478,26,1504,0.10767103515677057
1473,29,1502,0.10705434143175094
1476,29,1505,0.10650434349571856
1468,30,1498,0.10599731167651796
1457,32,1489,0.10555398130521149
1454,32,1486,0.10517497498203329
1452,32,1484,0.1048363490353499
1457,33,1490,0.10453273432337232
1450,35,1485,0.10424536813001552
1452,36,1488,0.10399877512234776
1456,35,1491,0.1037697334909435
1460,35,1495,0.10355243319925471
1466,33,1499,0.10334619741443976
1471,30,1501,0.10314492552532872
1466,32,1498,0.10295107134009861
1463,32,1495,0.10278566075539373
1453,34,1487,0.10264156335285426
1448,35,1483,0.10253202657793697
1458,36,1494,0.10244342468165572
1453,34,1487,0.10234104686910944
1461,35,1496,0.1022587172694858
1462,33,1495,0.1021665077352937
1455,33,1488,0.10208028813145713
1458,33,1491,0.10201688011034722
1458,33,1491,0.10195229475289685
1461,31,1492,0.10189382469489706
1457,30,1487,0.1018343144299136
1466,30,1496,0.10178870031776537
1471,31,1502,0.10172768031741519
1463,30,1493,0.10166163215482729
1461,32,1493,0.10161875571861881
1460,31,1491,0.10158413816202451
1471,32,1503,0.1015550440877364
1472,36,1508,0.10150481943438504
1475,35,1510,0.1014568479064513
1461,34,1495,0.10140640855460764
1467,34,1501,0.10139083827958315
1457,33,1490,0.1013637842036065
1464,32,1496,0.10136055873859276
1461,33,1494,0.10134262811189015
1467,32,1499,0.10133245159768346
1457,33,1490,0.10131027482091437
1477,32,1509,0.10131158231606144
1480,35,1515,0.10127001708035464
1478,35,1513,0.10122562741041957
1480,36,1516,0.10118944156257338
1465,37,1502,0.10115241092972543
1472,37,1509,0.10115102564264934
1465,37,1502,0.10113457464859246
1462,37,1499,0.10113488745924915
1461,37,1498,0.10114128356938
1462,36,1498,0.10114922879532244
1461,36,1497,0.10115434436098784
1455,36,1491,0.10116117093431293
1451,37,1488,0.10118038347522867
1459,35,1494,0.10120668431822441
1459,35,1494,0.10121320603699328
1457,36,1493,0.10121920502286672
1458,36,1494,0.10122888030445881
1448,36,1484,0.10123544160704012
1442,36,1478,0.10126291613767588
1444,37,1481,0.10130102802503728
1452,37,1489,0.10133127786534715
1463,36,1499,0.10134176084097263
1453,38,1491,0.10132746242401294
1459,39,1498,0.10133623180232196
1450,40,1490,0.1013314330046785
1452,38,1490,0.10134631682881387
1443,38,1481,0.1013559051513122
1445,39,1484,0.10138388678052347
1452,39,1491,0.10140505024628835
1439,42,1481,0.1014094925398814
1442,41,1483,0.10144111732420324
1436,42,1478,0.10146353429284996
1430,43,1473,0.10149681823885899
1439,41,1480,0.10153995727905726
1448,39,1487,0.10156006154633075
1439,41,1480,0.10155893845674506
1454,42,1496,0.10157722777204072
1456,44,1500,0.10156169812464438
1460,43,1503,0.10154282159366784
1469,43,1512,0.1015173083876965
1461,39,1500,0.10147488656358275
1462,39,1501,0.10145340917025326
1465,39,1504,0.10143174288477574
1463,40,1503,0.10140533442604852
1461,42,1503,0.10138550174152307
1465,41,1506,0.10137203519162907
1453,46,1499,0.10135113858282076
1447,45,1492,0.10135773203768166
1445,45,1490,0.10137702542755626
1451,44,1495,0.10139903593930233
1449,47,1496,0.10140618971482224
1450,48,1498,0.10141696957806555
1443,48,1491,0.10142481761831432
1442,48,1490,0.10144703385420181
1449,48,1497,0.10146946916445226
1447,50,1497,0.10147485959342245
1437,49,1486,0.10148391047320433
1423,50,1473,0.10151342069206941
1431,49,1480,0.10157054694014021
1425,48,1473,0.1016057211265781
1426,49,1475,0.10165069075188889
1431,49,1480,0.10168954157608442
1429,50,1479,0.10171410448635022
1437,53,1490,0.10174082548748258
1446,56,1502,0.10174800275297563
1446,56,1502,0.10173505116046445
1430,57,1487,0.10172323827613056
1433,60,1493,0.10174706425517786
1437,65,1502,0.10176212813413674
1428,67,1495,0.10176755715171923
1431,65,1496,0.1017921629876969
1426,63,1489,0.10180760461215727
1420,63,1483,0.10183271625550028
1425,64,1489,0.10186848645005814
1434,65,1499,0.10189032165375994
1421,64,1485,0.10189071703417277
1432,61,1493,0.10191920996694236
1431,60,1491,0.10192121646560619
1418,61,1479,0.10192500549321044
1422,61,1483,0.10195630532503441
1439,59,1498,0.10197651176915294
1441,59,1500,0.10195810121763149
1433,59,1492,0.10193716038830924
1422,59,1481,0.10193548012880349
1433,59,1492,0.10195772183775381
1446,59,1505,0.10195443603501765
1441,61,1502,0.10192318776002908
1428,60,1488,0.10190531737550018
1436,61,1497,0.10191741362695479
1437,61,1498,0.10191130266978203
1449,61,1510,0.10190371971400697
1432,64,1496,0.1018709221661566
1431,62,1493,0.10187789290381914
1420,62,1482,0.10188632882906987
1428,66,1494,0.10191761669889775
1425,66,1491,0.10192902511117982
1438,66,1504,0.10194603111448237
1428,66,1494,0.10193347446709985
1418,66,1484,0.1019437364243088
1415,69,1484,0.10197444820527185
1426,67,1493,0.10200900672388488
1430,67,1497,0.10201736173808153
1420,72,1492,0.10201605220302518
1424,69,1493,0.10203663955974378
1430,69,1499,0.10204736418716465
1425,69,1494,0.10204428208593672
1440,71,1511,0.10205250861008071
1438,71,1509,0.10202746796287009
1421,71,1492,0.10200887391908241
1420,70,1490,0.10202832998592505
1424,70,1494,0.1020482446782426
1414,71,1485,0.10205771716213205
1409,71,1480,0.10208825030632285
1408,70,1478,0.10212642207309167
1414,70,1484,0.1021630453040402
1416,70,1486,0.10218360370180708
1417,68,1485,0.10219798812725206
1419,71,1490,0.10220928957522084
1407,71,1478,0.10221529597242003
1416,73,1489,0.10224690746090842
1417,74,1491,0.10225612002509424
1413,77,1490,0.10226245615351313
1404,72,1476,0.1022773745502255
1402,75,1477,0.1023105582303759
1410,76,1486,0.10234515550348347
1415,73,1488,0.10235882996956355
1416,77,1493,0.10236061915094878
1418,77,1495,0.10236011946274923
1432,76,1508,0.10235540158659685
1419,76,1495,0.10232063955250341
1409,73,1482,0.1023169410737534
1402,80,1482,0.1023355212117264
1414,79,1493,0.10236760139279784
1401,79,1480,0.1023712018011183
1409,77,1486,0.10240289834763225
1416,75,1491,0.10241461439142238
1418,76,1494,0.10241009992269813
1413,81,1494,0.10240212602799162
1397,76,1473,0.10240563005844691
1401,77,1478,0.10244389466993904
1396,76,1472,0.10246986091823955
1405,76,1481,0.10250385348504347
1417,77,1494,0.10251483526185026
1413,78,1491,0.10249895761000875
1401,79,1480,0.10249325688702016
1400,82,1482,0.10251441662408638
1415,86,1501,0.10253618629142743
1418,86,1504,0.10252342591323195
1420,83,1503,0.10250507931824665
1419,83,1502,0.1024839744524145
1416,87,1503,0.10246683114495962
1402,86,1488,0.1024574239459629
1401,84,1485,0.10247939280587003
1395,88,1483,0.10250173997197111
1405,87,1492,0.10253510414052167
1407,92,1499,0.10254449433822131
1409,91,1500,0.10254876811303142
1399,91,1490,0.10254840314344367
1402,88,1490,0.10256929064839408
1407,88,1495,0.10258199271318084
1399,87,1486,0.10258243364572707
1392,87,1479,0.10260050584279914
1398,84,1482,0.10263218275335662
1414,89,1503,0.10264789945412188
1400,87,1487,0.10262751717545296
1408,86,1494,0.10263914690639368
1392,87,1479,0.10263231892379032
1400,88,1488,0.10266081796498719
1395,88,1483,0.10266965050435323
1398,89,1487,0.10268819864890372
1407,89,1496,0.10269927920205994
1401,91,1492,0.10268996079662428
1400,92,1492,0.10269486842812228
1392,91,1483,0.1027012079226019
1401,97,1498,0.10272451309001443
1395,93,1488,0.10272601663232539
1381,94,1475,0.10274091146058907
1394,95,1489,0.1027845254178998
1387,94,1481,0.10279633791808783
1381,93,1474,0.10282218434213906
1402,93,1495,0.1028588975922525
1406,95,1501,0.10284678642814299
1408,98,1506,0.10282699108539337
1392,97,1489,0.10280450047381404
1394,101,1495,0.10281907017729461
1395,104,1499,0.10282800112502265
1386,103,1489,0.10283390305478315
1384,101,1485,0.10285907946391687
1386,100,1486,0.10288639487033781
1391,98,1489,0.10290751080880281
1390,97,1487,0.10291580055863671
1393,98,1491,0.10292575421346321
1395,95,1490,0.10292861337482531
1393,95,1488,0.1029265583376057
1390,100,1490,0.10292863025167193
1391,101,1492,0.10293795849338665
1409,103,1512,0.10294388312716883
1412,102,1514,0.10291032756039808
1407,104,1511,0.10287347631115244
1397,101,1498,0.10285112426968461
1395,101,1496,0.1028525017050115
1387,99,1486,0.10285778521653928
1388,98,1486,0.10287980042075123
1391,92,1483,0.10289726735415172
1396,94,1490,0.10290697978648292
1392,94,1486,0.10290493682957223
1388,94,1482,0.10291143714649309
1391,95,1486,0.10292624657212307
1414,96,1510,0.1029338513409246
1412,97,1509,0.10289083878756157
1406,96,1502,0.10285577015001639
1395,90,1485,0.10283687240997849
1406,91,1497,0.10284321018364732
1404,94,1498,0.1028254030983269
1414,92,1506,0.10281339785709681
1409,98,1507,0.10278081408852546
1413,98,1511,0.10276189555055115
1406,96,1502,0.10273626964324574
1412,95,1507,0.10272779641234302
1408,94,1502,0.10270630372214354
1411,95,1506,0.1026958644823591
1400,92,1492,0.10267999674619585
1414,90,1504,0.10268916308830932
1409,99,1508,0.10266716273223071
1410,102,1512,0.1026585701053492
1408,103,1511,0.10264867874467284
1396,105,1501,0.10264396880971872
1380,104,1484,0.10266509889938162
1378,103,1481,0.1027192681634666
1377,101,1478,0.1027732026952224
1376,104,1480,0.10282441931856724
1374,106,1480,0.10287259911644021
1381,104,1485,0.1029208381223674
1380,106,1486,0.10295022192483294
1397,105,1502,0.10297927669851216
1408,105,1513,0.10296934912413892
1404,103,1507,0.10293632705490627
1385,107,1492,0.10291554185869284
1369,110,1479,0.10293872400472527
1383,113,1496,0.10299451747518457
1379,111,1490,0.10301513575768154
1373,112,1485,0.10304252459157905
1376,111,1487,0.10308071010208866
1367,115,1482,0.10310918769605497
1358,114,1472,0.10315509300351403
1377,115,1492,0.10321665096711197
1394,116,1510,0.10323119431173555
1407,116,1523,0.10320711950095146
1403,118,1521,0.10315690821951758
1398,117,1515,0.10312000171074087
1385,113,1498,0.10309742010367208
1379,111,1490,0.10310559366102029
1391,111,1502,0.10312664177186236
1387,113,1500,0.10311909735486392
1396,113,1509,0.10312038690459588
1396,118,1514,0.10310185925407175
1395,118,1513,0.10308507154048359
1386,116,1502,0.10307197880462908
1388,115,1503,0.10307900423136925
1390,114,1504,0.10308144381963541
1393,114,1507,0.10307968954492576
1401,110,1511,0.10307177222518135
1396,112,1508,0.10304688971333896
1397,112,1509,0.10303461264345859
1384,112,1496,0.10302155509528138
1372,110,1482,0.10303736382138978
1369,114,1483,0.10307752509647092
1359,115,1474,0.10312112523553711
1368,115,1483,0.1031831267600543
1377,114,1491,0.10321925291239628
1380,115,1495,0.10323255342189491
1370,113,1483,0.10323848003704975
1372,112,1484,0.10326581587222887
1382,112,1494,0.10328645939062336
1378,113,1491,0.10328343838164661
1391,116,1507,0.1032893492704892
1382,115,1497,0.1032667553907006
1355,117,1472,0.10326568050322316
1359,121,1480,0.10332384131451555
1368,122,1490,0.10336809212529442
1361,121,1482,0.10338919498012586
1367,123,1490,0.10342401793734175
1374,130,1504,0.10344214764574891
1359,127,1486,0.10344397363661642
1357,129,1486,0.10347866785013721
1344,134,1478,0.10351496807189452
1345,137,1482,0.10357718531382179
1350,141,1491,0.10363212390082743
1351,141,1492,0.103671861131237
1353,141,1494,0.10370654426887953
1350,143,1493,0.10373389024470364
1347,145,1492,0.10376569866621885
1355,143,1498,0.10380142255761797
1352,149,1501,0.10381642474057536
1357,145,1502,0.1038362589120392
1343,148,1491,0.10384325724791112
1341,151,1492,0.10388090155038615
1351,156,1507,0.10391965688485438
1340,157,1497,0.10393283492012628
1329,160,1489,0.10396846073381956
1333,158,1491,0.10402568337356291
1326,159,1485,0.10406979815530651
1319,159,1478,0.1041259057694262
1314,158,1472,0.10419309248317617
1319,159,1478,0.10426583471669612
1330,163,1493,0.10432111163253129
1339,161,1500,0.10434662888821138
1328,161,1489,0.10435045270275257
1341,169,1510,0.1043783287101262
1336,171,1507,0.10437573842194336
1337,169,1506,0.1043848280507051
1336,165,1501,0.10439134813436374
1336,167,1503,0.10439933808036958
1323,169,1492,0.10440714781531947
1317,168,1485,0.10444318837340567
1304,170,1474,0.10448909190278392
1300,173,1473,0.10455959037451222
1302,171,1473,0.10463335714087968
1317,172,1489,0.10469618518361841
1319,178,1497,0.1047207530481945
1328,181,1509,0.1047390034712015
1326,179,1505,0.10473700265320535
1319,176,1495,0.10473984496822815
1333,175,1508,0.10475792707807713
1327,172,1499,0.1047431291629872
1330,174,1504,0.10474270274369807
1314,175,1489,0.10473611272750208
1325,178,1503,0.10476582050130898
1314,182,1496,0.10476796678788855
1322,178,1500,0.10479450647434656
1317,182,1499,0.10480157584607049
1317,186,1503,0.10481994427383659
1314,183,1497,0.10483601742773181
1308,181,1489,0.10485687212241496
1308,180,1488,0.10488909693709146
1310,181,1491,0.10491868675567118
1307,178,1485,0.10494055305061685
1306,180,1486,0.10496748472611594
1314,178,1492,0.10499414572699356
1329,182,1511,0.10500090791161577
1325,183,1508,0.10497327813377202
1337,178,1515,0.10495709340227442
1306,183,1489,0.1049156773314693
1314,179,1493,0.10494617862051095
1319,180,1499,0.10495615257560505
1318,182,1500,0.10495503820568253
1312,186,1498,0.10495705196159676
1305,190,1495,0.1049721404395783
1309,198,1507,0.10500180115946604
1301,193,1494,0.1050208206683522
1288,188,1476,0.1050565365554985
1306,190,1496,0.10511831617232353
1302,198,1500,0.1051350532088125
1288,199,1487,0.10515923581457531
1283,200,1483,0.10521202710016855
1284,202,1486,0.10527130276773448
1274,203,1477,0.10532434495428668
1272,208,1480,0.10539450146369297
1271,213,1484,0.10546400034818654
1274,217,1491,0.10552906439679337
1278,216,1494,0.10558304285872733
1281,218,1499,0.10562399316393012
1273,222,1495,0.10565561324998214
1260,223,1483,0.1057027724279389
1278,222,1500,0.10577516808761776
1274,221,1495,0.1058013929464137
1277,220,1497,0.10583445537453601
1271,220,1491,0.10585830747325155
1268,225,1493,0.10589342062239636
1270,224,1494,0.10593127239207431
1254,227,1481,0.10596257178549152
1266,228,1494,0.10602669226964079
1262,228,1490,0.10605938159142159
1254,230,1484,0.10609936939458806
1252,233,1485,0.10615371596474812
1250,241,1491,0.1062087753651847
1263,240,1503,0.10626279140014017
1264,238,1502,0.1062830183367732
1251,236,1487,0.10630015567318873
1247,240,1487,0.10634444142694333
1242,241,1483,0.10639401447207064
1235,240,1475,0.10645138238731326
1231,244,1475,0.1065195239539159
1227,246,1473,0.10659126742033845
1235,239,1474,0.10666570483008547
1240,236,1476,0.10671629625620949
1246,232,1478,0.10675181660357062
1252,239,1491,0.10677161740888837
1258,235,1493,0.10677620464466706
1247,236,1483,0.10676587363170477
1240,240,1480,0.10678141094626335
1245,245,1490,0.1068123691907169
1232,248,1480,0.10683020672973764
1238,249,1487,0.1068754915485392
1233,257,1490,0.10690330473123551
1236,259,1495,0.10693955730365787
1240,256,1496,0.10696665635148893
1236,255,1491,0.10698253919776114
1248,260,1508,0.10700568403966683
1245,259,1504,0.10700110020141775
1245,261,1506,0.10700453870588582
1240,258,1498,0.10700696077885587
1232,263,1495,0.10702053567018427
1240,265,1505,0.10705115437818886
1233,270,1503,0.10706189007101631
1236,265,1501,0.10708813934666693
1231,267,1498,0.10710645141759717
1223,271,1494,0.10713432748099987
1227,266,1493,0.10717809176676528
1213,265,1478,0.10721038458382398
1219,262,1481,0.10727125604872154
1220,265,1485,0.10731277776672343
1216,269,1485,0.10734759284549156
1213,270,1483,0.10738784326331789
1215,274,1489,0.10743191807029843
1229,270,1499,0.1074682330664764
1227,272,1499,0.10746903523440132
1229,275,1504,0.10747574272315216
1217,274,1491,0.10747662862163619
1223,277,1500,0.10750407593324436
1227,282,1509,0.10751725227628413
1222,279,1501,0.10752103778895859
1236,281,1517,0.10753549718289213
1220,276,1496,0.10751757955770469
1228,275,1503,0.10753665887459983
1234,271,1505,0.10753551225703457
1218,267,1485,0.10752215738528005
1220,272,1492,0.10754600907473524
1222,274,1496,0.10756349312532326
1217,277,1494,0.10757546893479374
1219,278,1497,0.10759741526803429
1215,284,1499,0.1076139535344234
1220,285,1505,0.10763781907527767
1205,285,1490,0.10764925791839133
1209,281,1490,0.10769361079821756
1212,293,1505,0.1077256772550003
1209,300,1509,0.10774735508801409
1210,296,1506,0.10777485014414362
1220,296,1516,0.10779856349788114
1221,294,1515,0.10779883849712252
1224,287,1511,0.10779581982859804
1209,287,1496,0.10778488758108429
1199,287,1486,0.10780808939503018
1208,284,1492,0.1078517489251244
1210,287,1497,0.10787153882646053
1218,291,1509,0.10788575119262035
1231,291,1522,0.10788088124925796
1217,285,1502,0.10784636466801605
1212,286,1498,0.10784729927032276
1220,290,1510,0.10785966505693648
1204,294,1498,0.10785260957083226
1205,293,1498,0.10788242517347793
1203,300,1503,0.10790824446823068
1208,296,1504,0.10793679977333927
1208,292,1500,0.10795227902785612
1214,295,1509,0.10796601341403697
1206,299,1505,0.10796543090123378
1197,298,1495,0.10798220698549368
1200,292,1492,0.10801901513450726
1202,293,1495,0.10804587853175511
1213,288,1501,0.10806682393043987
1211,284,1495,0.10806186847232584
1199,291,1490,0.10806362570690385
1198,295,1493,0.1080908907915515
1190,298,1488,0.10811936263495277
1189,296,1485,0.108163027163999
1201,298,1499,0.10820537214645264
1205,304,1509,0.10821746172316458
1213,299,1512,0.10821842860310314
1209,299,1508,0.10820032604412166
1202,297,1499,0.10819219106574081
1213,294,1507,0.10820012631957993
1207,292,1499,0.10818404905768723
1193,300,1493,0.10818265314718145
1194,304,1498,0.1082142071236308
1188,302,1490,0.10824157586329144
1190,301,1491,0.1082799931343801
1193,303,1496,0.10831145571749907
1181,305,1486,0.10833328292493276
1187,309,1496,0.108381112281463
1187,308,1495,0.10841209899006518
1183,306,1489,0.10844090753896728
1186,312,1498,0.10847602405956686
1198,305,1503,0.10850101125346917
1201,304,1505,0.10849725283933091
1199,305,1504,0.10848674648300019
1179,306,1485,0.10848044306673162
1196,307,1503,0.10851988576724013
1199,310,1509,0.1085192312838514
1184,307,1491,0.10851088480486588
1189,306,1495,0.10853761552675638
1183,302,1485,0.108550966222222
1190,311,1501,0.1085762102541915
1193,307,1500,0.10858390959660628
1185,309,1494,0.10858363441466048
1191,306,1497,0.10860063742455299
1194,312,1506,0.10860337755725304
1188,312,1500,0.10859931405535331
1192,317,1509,0.10860879478908736
1181,315,1496,0.10860918488868751
1186,317,1503,0.10863464334432316
1186,314,1500,0.10864682094646531
1176,319,1495,0.1086580015392197
1185,318,1503,0.10869061467789845
1177,322,1499,0.10869965084399244
1169,319,1488,0.10872477522759383
1180,320,1500,0.1087663832582518
1184,321,1505,0.10877885637314115
1181,324,1505,0.10878163931859021
1181,315,1496,0.1087917906381266
1176,318,1494,0.10880134721310877
1169,318,1487,0.108822117419973
1176,317,1493,0.10885644484597638
1183,320,1503,0.10887256942305701
1177,321,1498,0.10887001280325646
1164,320,1484,0.10888042119780476
1166,320,1486,0.10891899529641633
1168,322,1490,0.10895201772384883
1164,323,1487,0.10897836279519858
1174,321,1495,0.10901168785491375
1165,329,1494,0.10901941628137721
1164,330,1494,0.10904753815227675
1166,329,1495,0.10907588614196673
1178,329,1507,0.10909810047194131
1176,334,1510,0.10909193213838046
1161,336,1497,0.10909007432987745
1153,343,1496,0.10912372691376103
1161,346,1507,0.10917284086334267
1159,349,1508,0.10920015397364277
1159,343,1502,0.10922890971562733
1145,340,1485,0.10925664538616314
1155,345,1500,0.10931457789314031
1156,344,1500,0.10934467691809788
1147,351,1498,0.1093710677297782
1139,356,1495,0.1094163852524197
1140,359,1499,0.10947582281841292
1147,358,1505,0.10952748136322862
1151,356,1507,0.10955906183377544
1155,353,1508,0.10957917681994563
1159,353,1512,0.10958808697282209
1151,350,1501,0.10958677842221727
1148,357,1505,0.10960544107798452
1143,361,1504,0.10962921632522207
1144,367,1511,0.10966454922924346
1145,372,1517,0.1096932056483778
1144,368,1512,0.10971832301136515
1145,374,1519,0.10974255824425848
1133,372,1505,0.10976216377812936
1125,377,1502,0.10980842915551417
1126,373,1499,0.10986993988840439
1121,376,1497,0.10992428693379074
1115,379,1494,0.10998548574246553
1123,381,1504,0.11005508179394476
1122,387,1509,0.11010043124139372
1120,392,1512,0.11014529562504098
1111,385,1496,0.11019105672705594
1102,384,1486,0.110253699188696
1102,388,1490,0.11033202212422706
1105,388,1493,0.11040293990958926
1095,390,1485,0.11046325379056857
1096,392,1488,0.11054148941213367
1103,393,1496,0.11061010164958525
1102,394,1496,0.1106571682298772
1101,395,1496,0.1107026788856437
1088,391,1479,0.11074732178212994
1090,391,1481,0.11081790053134309
1091,397,1488,0.11087853399348731
1095,400,1495,0.11093238745657136
1090,396,1486,0.11097357205677434
1090,398,1488,0.11102315747979859
1089,399,1488,0.11107079652071349
1084,401,1485,0.11111615753552626
1076,406,1482,0.1111706436639984
1078,414,1492,0.11123926403929235
1070,413,1483,0.11129927466909319
1063,428,1491,0.11137560182363244
1073,421,1494,0.1114634476876215
1076,426,1502,0.1115227207631195
1074,427,1501,0.11156882324320275
1074,424,1498,0.11161654443852712
1078,421,1499,0.11166161735280201
1083,431,1514,0.11169492413476308
1085,426,1511,0.11171587631026281
1088,430,1518,0.11173085301240558
1070,423,1493,0.11173865507197923
1091,427,1518,0.11178858213456863
1085,427,1512,0.1117850524050632
1079,423,1502,0.11179523201149671
1079,428,1507,0.11181910489510116
1083,426,1509,0.11184087130184378
1071,431,1502,0.11185239163131498
1058,436,1494,0.11189076866687231
1057,435,1492,0.1119573917039083
1065,437,1502,0.11202117580924949
1063,438,1501,0.1120610329371231
1070,441,1511,0.11210459466785999
1076,445,1521,0.11212849454715075
1061,446,1507,0.11213746140592867
1066,448,1514,0.11218070046716505
1055,443,1498,0.11220937343866502
1068,450,1518,0.11226078988022525
1069,447,1516,0.11227721727041569
1056,445,1501,0.11229056232563073
1060,451,1511,0.11233268071187325
1056,454,1510,0.11236270237295352
1044,454,1498,0.11240155944241353
1053,455,1508,0.11246506888178091
1059,452,1511,0.11250190269224636
1053,450,1503,0.11252159189190153
1050,449,1499,0.11255311271152824
1055,446,1501,0.11258819837441295
1064,444,1508,0.11260960401521217
1066,441,1507,0.11260667503704319
1068,443,1511,0.11259859233051828
1063,440,1503,0.11258607633106689
1061,443,1504,0.1125863711261721
1051,454,1505,0.11259273111901283
1047,465,1512,0.11262297185740529
1025,470,1495,0.1126619360785459
1027,468,1495,0.1127482997745433
1031,476,1507,0.11282294697063616
1036,476,1512,0.11288404667631857
1024,482,1506,0.11293020245657337
1021,477,1498,0.11300022328297041
1015,480,1495,0.113072400640397
1014,476,1490,0.11315449986042808
1004,480,1484,0.11323297474629695
1005,481,1486,0.11332702167224191
1011,483,1494,0.11341252977745028
1021,487,1508,0.11347812528907031
1011,494,1505,0.11351537215070852
1014,492,1506,0.11357310837098394
1010,491,1501,0.11361842303999797
1012,492,1504,0.11367162182918801
1014,494,1508,0.11371594438022176
1014,493,1507,0.11375255724326458
1027,488,1515,0.113785890933611
1023,484,1507,0.11378684316067332
1007,483,1490,0.11379592072203519
1010,493,1503,0.11384221736148463
1000,500,1500,0.11387795294374221
997,502,1499,0.113934158298003
1001,496,1497,0.11399302021556094
1001,495,1496,0.11403723998884858
1000,504,1504,0.11407926714632474
1006,506,1512,0.11412060605123336
1001,504,1505,0.11414519092874272
993,498,1491,0.11418125830488375
990,497,1487,0.11423224666802166
995,508,1503,0.11428731614187354
997,505,1502,0.11432487980779435
994,513,1507,0.11435542558522858
994,510,1504,0.11439110430172274
990,514,1504,0.11442449893786122
992,517,1509,0.11446563115943306
987,511,1498,0.11449873015330575
973,514,1487,0.1145407271464196
978,508,1486,0.1146135507689258
982,508,1490,0.11466961485177783
991,514,1505,0.11471213276306078
983,513,1496,0.1147318266807559
984,512,1496,0.11476782880268215
981,518,1499,0.1147993602555049
982,528,1510,0.1148346504070957
989,515,1504,0.1148638411685653
977,522,1499,0.11487442453772313
985,516,1501,0.11491173832521183
987,519,1506,0.11492865297872322
974,526,1500,0.11494033408779959
980,522,1502,0.11498156893114286
982,522,1504,0.11500542704153036
987,525,1512,0.11502432625154074
971,513,1484,0.11503076519818141
980,511,1491,0.11507504607642943
993,516,1509,0.1150929874002681
983,519,1502,0.1150783144453931
984,529,1513,0.11508886627740633
973,532,1505,0.1150951743546055
970,535,1505,0.1151273890442382
956,540,1496,0.11516488607111806
954,535,1489,0.115232908496107
958,536,1494,0.1153010021569294
964,537,1501,0.11535454754350706
960,539,1499,0.11538941937287442
968,534,1502,0.11543066124523939
965,544,1509,0.11544985079048231
973,535,1508,0.11547566904705572
975,538,1513,0.11547955120645284
962,537,1499,0.11547755038686588
967,546,1513,0.11550649800879163
961,544,1505,0.11552304647426945
965,544,1509,0.11555230227711658
951,552,1503,0.11557016021004768
953,549,1502,0.11562005560260635
946,558,1504,0.11566218081972984
944,544,1488,0.1157187128879568
943,550,1493,0.11577625366023478
941,545,1486,0.11583193852240051
933,552,1485,0.11588790283447217
933,563,1496,0.11595921622557981
936,562,1498,0.11602618393605316
933,564,1497,0.11608080009528145
932,566,1498,0.11613848323652831
923,568,1491,0.11619215446908886
925,568,1493,0.1162619241880937
931,566,1497,0.11632149408815742
930,571,1501,0.11636323191461057
930,567,1497,0.11640449339769937
929,569,1498,0.1164416071778933
932,578,1510,0.11647861903047652
938,563,1501,0.11650626369523792
928,568,1496,0.11651724968539566
936,569,1505,0.11655139276442475
936,575,1511,0.11656270667948633
944,580,1524,0.1165721665040338
938,573,1511,0.11656085925249723
935,577,1512,0.11656469341213083
945,576,1521,0.11657683814955852
940,571,1511,0.11656151634318757
946,572,1518,0.11656007828264013
939,573,1512,0.1165440637128961
932,563,1495,0.1165453476463787
935,567,1502,0.11656485248778303
937,559,1496,0.11657536510573148
933,565,1498,0.11657955099828612
927,568,1495,0.11659339692693887
922,563,1485,0.11662020239797542
920,570,1490,0.1166584896132456
925,575,1500,0.11669866307194111
928,582,1510,0.11672420099138606
922,585,1507,0.11674123732303153
922,588,1510,0.1167709568345658
924,591,1515,0.11679952093680597
919,590,1509,0.11682063937627828
915,594,1509,0.11685012800927515
921,591,1512,0.11688526350166231
920,602,1522,0.11690541671503808
926,591,1517,0.11692731709243413
918,588,1506,0.11693364599467262
912,591,1503,0.11695979620476038
920,587,1507,0.11699854536222067
921,589,1510,0.11701440589887885
920,598,1518,0.11702672665505495
926,603,1529,0.11704280275831952
911,604,1515,0.11704403906652824
898,609,1507,0.11708150262575404
891,610,1501,0.11714736623732186
896,601,1497,0.11722552246595061
889,603,1492,0.11728672118978598
888,613,1501,0.1173588658746398
885,621,1506,0.11742805037989808
884,620,1504,0.11749864466518105
875,621,1496,0.11756513743488639
881,615,1496,0.11764870316469356
883,619,1502,0.11771194899254564
876,616,1492,0.11776503546529582
862,623,1485,0.11783217714517083
866,623,1489,0.11792760024499546
874,613,1487,0.11800502259618088
878,620,1498,0.1180563595946763
869,622,1491,0.1180940578797232
860,614,1474,0.11815049116506954
867,626,1493,0.11822405636081333
877,624,1501,0.11827621986631119
876,620,1496,0.1183015099816717
865,629,1494,0.1183292882871239
870,634,1504,0.11838164582751272
872,630,1502,0.11841667225276893
870,626,1496,0.11844497031245378
877,620,1497,0.11847372793687469
880,623,1503,0.11848416844172334
879,625,1504,0.11848574805946058
870,625,1495,0.1184891747265761
866,625,1491,0.11851321646917765
860,620,1480,0.11854441299053686
860,621,1481,0.11858765984350753
870,625,1495,0.11862773783050383
883,635,1518,0.11864144077623939
877,645,1522,0.11862359903635528
864,636,1500,0.11862311558646539
866,646,1512,0.11865438361244372
868,649,1517,0.11867911714923843
865,640,1505,0.1186958989202827
862,625,1487,0.11872036637700205
866,636,1502,0.11875155968709343
860,639,1499,0.11877084153901117
856,640,1496,0.11880280946496224
852,639,1491,0.11884266848115445
848,647,1495,0.11888801547587302
852,660,1512,0.11893941914606204
857,664,1521,0.11897790493806042
858,654,1512,0.11899826139782256
856,656,1512,0.11901367920785623
862,660,1522,0.11903382778023013
863,658,1521,0.11903902821811246
867,657,1524,0.11904204408618586
863,664,1527,0.11903405776170514
851,667,1518,0.11903655396319125
848,665,1513,0.11906629473461759
851,667,1518,0.1191018597207246
848,673,1521,0.11912777685437483
849,675,1524,0.11915883065291787
839,676,1515,0.11918402948746915
844,671,1515,0.11923027268090702
834,678,1512,0.11926070677565745
823,677,1500,0.11931270320408345
828,671,1499,0.1193863195376758
839,676,1515,0.11944328560352283
839,660,1499,0.11947198942900229
839,662,1501,0.11949729854004616
838,666,1504,0.11952307908622081
824,665,1489,0.11955029558691171
834,677,1511,0.11960961899917591
829,683,1512,0.11963966902646543
833,677,1510,0.11968195389020703
839,677,1516,0.11971120630483685
840,674,1514,0.11972344786977919
842,670,1512,0.1197343375958427
839,669,1508,0.11973895793918231
831,674,1505,0.11975302955702664
832,670,1502,0.11978377433271563
840,674,1514,0.11980937466901138
837,673,1510,0.11981420512305942
835,672,1507,0.11982490848699978
829,683,1512,0.11983916585566573
835,680,1515,0.11986392383112342
834,680,1514,0.11987063944170316
833,688,1521,0.11988069215351847
828,686,1514,0.11989249475645662
836,686,1522,0.11991636648817612
834,689,1523,0.1199199307938219
824,691,1515,0.11992756665408401
821,694,1515,0.11995989543134022
813,698,1511,0.11999829074738207
807,696,1503,0.12005384895056828
803,692,1495,0.12012057671256851
803,699,1502,0.12019252300056657
798,700,1498,0.12025617115672407
791,695,1486,0.12032708109896252
797,702,1499,0.12040734299320935
798,705,1503,0.12046725377493153
794,693,1487,0.12052131816856797
798,700,1498,0.12058118535472769
788,698,1486,0.12062773084910543
781,712,1493,0.12069514608113958
789,710,1499,0.12077434646986074
795,722,1517,0.1208274206338962
787,717,1504,0.12086202701730593
788,716,1504,0.12091298388987658
791,722,1513,0.12095832982856666
783,722,1505,0.12099529435015793
766,722,1488,0.12105032734772113
770,734,1504,0.12114201395690487
775,742,1517,0.12121774357472492
776,739,1515,0.12127693953508717
772,745,1517,0.12132966316249583
773,740,1513,0.12138783748801416
760,741,1501,0.12144205543447345
757,733,1490,0.12152364891582695
768,733,1501,0.12160534267011097
771,737,1508,0.12165468875096774
775,744,1519,0.12169189014835684
768,742,1510,0.12171839913494675
770,734,1504,0.12176017803888435
771,723,1494,0.12179542745690103
776,734,1510,0.12182532579139807
772,740,1512,0.12184024467197908
766,736,1502,0.1218650992877075
754,739,1493,0.121903997117372
757,745,1502,0.12197238287421859
748,748,1496,0.12202819597939359
750,755,1505,0.12210285466241025
766,744,1510,0.12216820975565927
763,744,1507,0.12218986357663024
762,736,1498,0.12221594246803993
762,743,1505,0.12224123651666226
762,741,1503,0.12226528321372548
759,741,1500,0.12228869340175308
750,744,1494,0.12231679831284417
753,736,1489,0.12236477410973035
759,746,1505,0.12240435121454754
752,741,1493,0.12242671820946029
747,747,1494,0.12246462991658871
760,739,1499,0.12251183314947797
759,747,1506,0.12252209579959664
753,750,1503,0.12253382042685226
752,755,1507,0.12255903874831693
738,762,1500,0.12258529906493056
740,764,1504,0.1226455449814815
741,764,1505,0.1226955249673769
746,763,1509,0.12273767831332226
748,763,1511,0.12276496471208836
746,767,1513,0.12278562422593048
747,761,1508,0.12281105530627802
746,763,1509,0.12283365887661989
746,771,1517,0.12285699820209167
741,762,1503,0.12287949980318297
747,761,1508,0.12291142088914357
744,758,1502,0.12292615447864616
744,763,1507,0.12294673617121527
741,765,1506,0.12296575079034508
745,755,1500,0.12299088437451924
742,755,1497,0.12300408882843915
746,752,1498,0.1230227989883964
741,762,1503,0.12303001778914943
736,772,1508,0.12304826958119339
732,774,1506,0.12307914553603388
731,772,1503,0.12311974365621542
731,766,1497,0.12316188862461817
731,759,1490,0.12319945811725465
728,772,1500,0.12323574432470846
729,767,1496,0.12327747407464788
728,763,1491,0.12331479930546113
733,755,1488,0.12335184667489582
726,768,1494,0.1233750212379676
728,785,1513,0.12341357585409714
734,777,1511,0.12344780419545842
725,781,1506,0.12346489004046714
725,777,1502,0.12350381454116026
718,783,1501,0.12353973643063604
719,787,1506,0.12358975483957636
717,783,1500,0.12363258875084951
716,786,1502,0.12367820716283053
717,789,1506,0.12372180693736728
721,803,1524,0.12375781479516239
718,801,1519,0.12378197276831951
718,796,1514,0.12381231730996321
717,797,1514,0.12384114787733429
716,795,1511,0.12387084422915372
709,799,1508,0.12390132807772872
713,796,1509,0.12394696060474604
703,791,1494,0.12398104905624624
703,791,1494,0.12403705107269751
700,802,1502,0.1240883347959934
692,811,1503,0.12414289070803347
690,803,1493,0.12421698555010582
686,799,1485,0.12429016403487457
693,814,1507,0.12436617476673952
695,814,1509,0.12441933979112883
697,814,1511,0.12446376725143292
693,809,1502,0.12449952722619781
694,798,1492,0.12454345373652453
695,806,1501,0.12458192228354992
693,802,1495,0.12461459208131043
706,807,1513,0.12464727174065406
705,800,1505,0.1246462404811706
698,806,1504,0.12464939766863477
690,807,1497,0.1246715073989584
692,810,1502,0.12471236919546254
689,811,1500,0.12474569567234503
686,808,1494,0.12478533171787407
685,815,1500,0.12482980561548836
685,821,1506,0.12487465346247249
678,825,1503,0.12491603473515994
674,827,1501,0.12497030506990062
679,831,1510,0.1250311616077418
679,828,1507,0.1250764417601642
673,841,1514,0.12511938352096372
673,841,1514,0.12517518253605578
665,827,1492,0.1252282837156619
662,830,1492,0.12529663722845133
663,827,1490,0.1253668002699477
669,836,1505,0.12542946896172658
670,840,1510,0.12547290451451476
670,829,1499,0.12551071371218567
664,835,1499,0.12554703978135298
673,838,1511,0.12559587636627806
672,832,1504,0.12562038752956955
675,836,1511,0.1256461308037523
673,838,1511,0.1256629743592191
676,833,1509,0.1256835560709464
674,831,1505,0.1256963606317373
668,835,1503,0.12571380116816736
669,840,1509,0.12574480606543387
674,840,1514,0.12577211291091386
669,849,1518,0.1257859107665875
667,851,1518,0.12581031304773468
666,851,1517,0.12583923995881885
669,843,1512,0.12586912982858972
670,852,1522,0.12588852134054232
659,849,1508,0.12590152291923726
662,849,1511,0.12594338070995534
652,844,1496,0.1259768177604933
651,853,1504,0.12603231379304314
643,857,1500,0.12608540207717303
634,864,1498,0.12615848214866796
637,874,1511,0.12624793822094454
633,874,1507,0.12632348546120314
639,869,1508,0.12640293207631007
633,868,1501,0.1264619935178434
635,867,1502,0.12653447142433216
631,883,1514,0.12659696771549248
628,872,1500,0.12666645649839706
619,868,1487,0.12673851121406815
624,867,1491,0.12682723409251498
625,865,1490,0.12689562162597245
631,877,1508,0.1269577448174231
630,877,1507,0.12700269644709508
632,884,1516,0.1270474506170033
629,883,1512,0.1270820728834397
616,888,1504,0.12712300613431252
618,888,1506,0.12719238110527686
629,886,1515,0.1272519289188963
639,874,1513,0.1272802666137082
645,877,1522,0.12728089710621218
638,876,1514,0.12726791976950558
637,881,1518,0.12727418118165315
623,888,1511,0.12728445591353388
628,882,1510,0.12732987314616018
620,887,1507,0.12736063675817422
621,884,1505,0.12741051569330317
626,885,1511,0.12745473791648293
621,881,1502,0.1274825589643199
620,884,1504,0.12752055129282425
613,889,1502,0.1275583874073559
620,889,1509,0.127613086538154
611,892,1503,0.1276449541179062
595,905,1500,0.12769606362243976
599,916,1515,0.12778452599372195
603,912,1515,0.12785685295458726
601,904,1505,0.1279126512897467
607,904,1511,0.12796926325459065
608,908,1516,0.12800517858267682
606,914,1520,0.12803388298439294
602,917,1519,0.12806650959360677
610,905,1515,0.1281072281277617
610,909,1519,0.1281251570549115
605,909,1514,0.12814204146258412
598,899,1497,0.12817097331552132
595,908,1503,0.12821512680450314
589,901,1490,0.1282641995483131
591,907,1498,0.12832354357817718
589,916,1505,0.1283727959353302
588,906,1494,0.12842312761701177
589,909,1498,0.1284721118688262
578,909,1487,0.12851775144099634
579,914,1493,0.12858895688431507
575,925,1500,0.1286532198776398
582,926,1508,0.12872321398976042
588,921,1509,0.128770380128732
586,918,1504,0.1288009026374024
583,926,1509,0.1288354196913854
585,925,1510,0.12887521646739428
583,933,1516,0.12890760235705517
582,936,1518,0.12894347693586325
576,936,1512,0.12897949620116417
575,936,1511,0.12902750496187687
580,924,1504,0.12907451839960993
575,928,1503,0.1291054212192699
577,931,1508,0.12914725315974454
574,937,1511,0.12918173582866274
576,931,1507,0.1292211910853382
571,935,1506,0.12925333801120614
566,926,1492,0.12929811975999994
573,934,1507,0.129352987819955
569,923,1492,0.12938586255879683
569,923,1492,0.12942843553089753
566,934,1500,0.1294685736670065
569,944,1513,0.12951406474911603
569,944,1513,0.12954950791917916
561,935,1496,0.12958491351984022
556,947,1503,0.1296380219066135
551,940,1491,0.12970113969194838
545,942,1487,0.12977438572268238
544,955,1499,0.12985831659853342
547,959,1506,0.1299381459275145
539,960,1499,0.130004257049786
538,960,1498,0.13008571960975676
540,962,1502,0.13016292547046804
552,957,1509,0.13022958570610368
549,955,1504,0.130260260333529
549,958,1507,0.1302968212146611
542,956,1498,0.13033107864453214
545,960,1505,0.13038237537049763
541,962,1503,0.13041971280014567
542,976,1518,0.13046628459013707
545,978,1523,0.13050683616956163
546,971,1517,0.13053828854265956
542,977,1519,0.13056439020801672
533,970,1503,0.13060191889936432
537,970,1507,0.1306593898910415
538,972,1510,0.13070163669273085
538,975,1513,0.130738025314593
535,979,1514,0.13077230382823946
538,978,1516,0.13081062683545341
538,977,1515,0.13083915282518152
534,972,1506,0.13086763850648817
527,973,1500,0.13090427858255171
529,975,1504,0.13095546746297437
533,977,1510,0.1309961505115789
536,975,1511,0.13102497630169058
533,981,1514,0.131043632100491
531,978,1509,0.13106974281189332
528,974,1502,0.13109806768663484
518,968,1486,0.1311334543307815
515,960,1475,0.1311920958172189
510,972,1482,0.13125404429869345
525,976,1501,0.13132373980197573
518,980,1498,0.13135021210562922
517,981,1498,0.13139456893419812
519,990,1509,0.13143847512575657
511,985,1496,0.1314749055030463
511,975,1486,0.13152971500296873
515,990,1505,0.13158039437373914
519,990,1509,0.1316176444792191
524,990,1514,0.13164059682370058
523,984,1507,0.1316484673575361
522,988,1510,0.13165821630995642
513,993,1506,0.13167059536927997
511,993,1504,0.13170412818187407
515,1010,1525,0.13173933821499145
509,1008,1517,0.13176319860308222
494,1008,1502,0.13180120466882808
501,1006,1507,0.13187656339679552
501,995,1496,0.1319289785894617
498,1010,1508,0.13197873362577425
497,1011,1508,0.1320318892532092
500,1002,1502,0.1320851743424114
495,1005,1500,0.13212920984608656
497,1006,1503,0.13218227425672105
492,1009,1501,0.13222583811011368
499,1004,1503,0.13228145209544528
495,994,1489,0.1323160062852435
496,1006,1502,0.13235827131413183
499,1003,1502,0.13239509136693417
491,1001,1492,0.1324205568318704
491,1011,1502,0.13246559292232973
485,1015,1500,0.13250754350165683
482,1019,1501,0.13256446583344972
475,1018,1493,0.13262427059405157
482,1019,1501,0.13269518130352562
487,1020,1507,0.13274381860821471
485,1014,1499,0.13277756812426167
483,1020,1503,0.13281587971037914
480,1023,1503,0.1328573213678926
490,1035,1525,0.1329037739684767
490,1029,1519,0.13292230421607243
474,1027,1501,0.13294044413950704
476,1021,1497,0.13299801985747275
481,1025,1506,0.1330472648928839
486,1029,1515,0.1330789465800042
484,1031,1515,0.13309558966999877
483,1024,1507,0.13311764165033504
480,1025,1505,0.1331407948881501
477,1043,1520,0.13316993317110598
482,1050,1532,0.13320579671294283
481,1035,1516,0.13322695534823367
472,1030,1502,0.13324928649254145
468,1042,1510,0.133295752821689
461,1037,1498,0.13334921927074667
468,1037,1505,0.13341760525113058
465,1028,1493,0.1334636554461137
465,1043,1508,0.1335148133918504
464,1052,1516,0.13356365939382717
459,1053,1512,0.13361265063235764
455,1047,1502,0.1336699025151054
463,1057,1520,0.13373282975934486
468,1059,1527,0.1337713763387445
473,1058,1531,0.13379443617624293
465,1053,1518,0.1338018712003414
463,1046,1509,0.1338308372422615
459,1054,1513,0.133865044137904
464,1062,1526,0.13390602884791378
465,1039,1504,0.13393139122222952
464,1043,1507,0.133952658964346
460,1042,1502,0.13397733037363477
462,1052,1514,0.1340093063085535
458,1049,1507,0.13403307041793167
453,1052,1505,0.13406506807504484
456,1058,1514,0.13410867339755772
458,1065,1523,0.1341413223851556
459,1056,1515,0.13416731981733332
460,1057,1517,0.13418850692915543
459,1049,1508,0.1342053211024589
455,1040,1495,0.13422462571575752
461,1044,1505,0.13425191241142195
451,1055,1506,0.1342615300640859
446,1070,1516,0.13429563745314366
446,1065,1511,0.13434062363481278
444,1062,1506,0.1343820892613936
445,1048,1493,0.1344257154286589
454,1046,1500,0.13446314461185702
457,1049,1506,0.1344754705846496
469,1055,1524,0.1344777894601491
469,1061,1530,0.13444875582001373
466,1058,1524,0.1344230916352906
454,1056,1510,0.1344078779060935
453,1050,1503,0.13442327101102236
441,1047,1488,0.13443973210801896
439,1050,1489,0.13448516172741132
448,1053,1501,0.1345329277175755
458,1052,1510,0.13455224155006323
453,1054,1507,0.1345427809809225
453,1041,1494,0.1345473897266918
458,1049,1507,0.13455266391606496
451,1053,1504,0.13454433759127382
458,1049,1507,0.13455368400944795
454,1056,1510,0.1345443063772808
457,1059,1516,0.13454546320238428
459,1061,1520,0.13453991063165474
461,1059,1520,0.134529613547775
457,1056,1513,0.1345150842999152
453,1061,1514,0.1345130088507456
444,1054,1498,0.1345225465265177
442,1063,1505,0.13455453946748386
446,1075,1521,0.13459225397433738
445,1077,1522,0.13461586200587822
439,1089,1528,0.13464134139430634
440,1092,1532,0.13468129535376241
437,1090,1527,0.134717734624991
442,1092,1534,0.1347604007617546
435,1083,1518,0.13478775178335933
432,1095,1527,0.13483343220106664
431,1093,1524,0.1348834944045854
431,1094,1525,0.1349352269439505
435,1088,1523,0.1349816014705528
425,1088,1513,0.13501495568810137
417,1084,1501,0.13507279945513942
428,1087,1515,0.1351469101940684
430,1092,1522,0.13518621934070466
428,1100,1528,0.13521833376011805
431,1095,1526,0.13525460649040005
431,1101,1532,0.13528066699202998
421,1099,1520,0.13530277970228327
422,1104,1526,0.1353489931229284
423,1093,1516,0.13538926390125636
428,1095,1523,0.1354234772468866
420,1088,1508,0.1354427370863661
423,1086,1509,0.13548243055944797
422,1094,1516,0.1355135811805594
420,1096,1516,0.13554537975545444
418,1096,1514,0.1355796865390238
418,1094,1512,0.13561615046389927
418,1099,1517,0.13564930686834703
419,1099,1518,0.13568046166220393
421,1098,1519,0.13570669453787332
419,1088,1507,0.13572571633704705
422,1093,1515,0.13574788885680256
413,1096,1509,0.13575966812111734
417,1098,1515,0.13579338668768043
418,1097,1515,0.13581536578890907
419,1095,1514,0.13583387495527308
414,1086,1500,0.1358469242080588
415,1089,1504,0.1358706656486144
410,1101,1511,0.13589060126390964
417,1101,1518,0.13592125961307483
416,1097,1513,0.13593192893932604
423,1097,1520,0.13594569224396721
419,1093,1512,0.1359404598395575
419,1096,1515,0.135946001375871
416,1103,1519,0.13595067310175396
415,1103,1518,0.13596181116984685
405,1111,1516,0.13597576344179482
410,1104,1514,0.13601262578780637
409,1091,1500,0.13603327258298303
401,1093,1494,0.1360541805544646
410,1086,1496,0.13609298099551473
412,1081,1493,0.1361051373691606
415,1087,1502,0.13611219695178373
411,1095,1506,0.13611044760569269
412,1104,1516,0.13611775955207114
409,1109,1518,0.13612379409314987
408,1108,1516,0.13613970951877657
418,1105,1523,0.13615545658828895
415,1096,1511,0.1361421235598526
420,1090,1510,0.13613618594129273
418,1094,1512,0.13611883993727042
422,1102,1524,0.1361095799116348
428,1098,1526,0.13609020031543562
419,1097,1516,0.13605728264733544
424,1107,1531,0.13605034925869292
420,1099,1519,0.13602891831629862
413,1093,1506,0.13602144172602873
404,1087,1491,0.1360334440404242
409,1100,1509,0.13606762940724618
408,1091,1499,0.13608853426009063
412,1086,1498,0.1361114264364719
415,1091,1506,0.13612119935788053
411,1096,1507,0.1361220430293749
413,1107,1520,0.136134024687096
409,1102,1511,0.13613862686726086
409,1102,1511,0.1361543189352023
405,1102,1507,0.13617102635102707
411,1099,1510,0.13619672791996432
412,1094,1506,0.13620417790724137
410,1092,1502,0.13620846766873862
404,1093,1497,0.13621705097908016
396,1105,1501,0.13623997516795575
413,1108,1521,0.13628001386045915
413,1093,1506,0.13627433843007095
411,1099,1510,0.13626807657301948
410,1089,1499,0.13626672306549875
412,1081,1493,0.13626661879259966
412,1084,1496,0.13626093031845252
413,1089,1502,0.1362563605856808
414,1083,1497,0.13624930826793588
409,1089,1498,0.13624120228928924
416,1093,1509,0.13624717043949508
410,1098,1508,0.1362347411147387
408,1102,1510,0.13623910754034688
409,1098,1507,0.13624730496351967
408,1095,1503,0.1362528351073724
404,1114,1518,0.13625930330671746
394,1109,1503,0.13627538082497404
395,1097,1492,0.13631641945325013
403,1100,1503,0.13635045275122945
404,1103,1507,0.13636072275681912
413,1099,1512,0.13636815575453481
412,1089,1501,0.13635119492103262
410,1102,1512,0.13633840407346337
410,1101,1511,0.13633278062978707
406,1106,1512,0.1363296996152311
402,1098,1500,0.13633611004920676
400,1096,1496,0.13635183838814413
408,1100,1508,0.13637265681402938
403,1111,1514,0.13637095634707438
413,1110,1523,0.13638232691137592
410,1105,1515,0.13636633653159907
405,1097,1502,0.1363595629676813
407,1099,1506,0.13636630796224722
407,1116,1523,0.13636751714883003
411,1120,1531,0.13636713612065357
408,1111,1519,0.1363579125805236
409,1105,1514,0.13635897776282035
408,1105,1513,0.13635785576351434
405,1112,1517,0.13635935682475592
410,1110,1520,0.13636830342374254
409,1103,1512,0.13636444891551688
409,1105,1514,0.13636489189235257
413,1110,1523,0.13636517296487619
405,1116,1521,0.13635376665911855
405,1101,1506,0.13636471275001075
400,1106,1506,0.13637264200662685
401,1108,1509,0.1363924466955053
406,1108,1514,0.13640621632489225
403,1107,1510,0.1364055618901377
394,1103,1497,0.1364139629906258
394,1112,1506,0.13644467317937078
393,1106,1499,0.1364736333783169
391,1107,1498,0.13650331647036076
384,1103,1487,0.13653719671696496
388,1101,1489,0.13658606757198766
394,1104,1498,0.13662148849460048
398,1110,1508,0.13663898800908353
404,1114,1518,0.1366449673212024
394,1116,1510,0.13663490246573837
396,1123,1519,0.13665258672806804
402,1121,1523,0.13666453993609184
404,1126,1530,0.13666061633938512
399,1111,1510,0.13665306432620616
397,1127,1524,0.1366603375471629
392,1127,1519,0.13667251755110293
390,1110,1500,0.13669557014740502
395,1113,1508,0.1367240301009986
392,1108,1500,0.13673596220638007
394,1110,1504,0.13675433700429804
399,1120,1519,0.13676767816391036
401,1130,1531,0.13676827691413102
396,1119,1515,0.1367625720682055
395,1113,1508,0.1367695630355142
396,1115,1511,0.13677949969902958
402,1104,1506,0.1367846039761555
400,1113,1513,0.13677497447719789
403,1107,1510,0.13677030157367975
401,1097,1498,0.13676010830125304
402,1098,1500,0.13675785506496568
400,1110,1510,0.13675151764725943
400,1110,1510,0.13675019712958064
400,1107,1507,0.13674970921891763
403,1109,1512,0.13674971067282177
400,1112,1512,0.13674057042806598
398,1110,1508,0.13673892420779477
399,1115,1514,0.13674182713902272
408,1111,1519,0.1367410093814528
408,1104,1512,0.13671645822908501
411,1116,1527,0.13669320962471876
406,1110,1516,0.13666539941233577
407,1102,1509,0.13665306968037277
407,1107,1514,0.1366386394997093
402,1109,1511,0.13662303659529562
397,1115,1512,0.13662085560421552
401,1113,1514,0.13663252236320877
397,1112,1509,0.13663214974359447
393,1104,1497,0.1366434658189476
400,1103,1503,0.1366633670881015
404,1118,1522,0.13666504900610957
405,1123,1528,0.13665532375262143
401,1123,1524,0.13664384959494888
400,1104,1504,0.1366438378602309
392,1111,1503,0.13664638640685037
391,1114,1505,0.13667104581872278
390,1106,1496,0.1366963417572302
388,1126,1514,0.1367219903695066
388,1125,1513,0.13675289054371237
393,1125,1518,0.13678179355396164
399,1116,1515,0.1367952261508805
398,1122,1520,0.1367915032809816
397,1123,1520,0.1367908572573828
395,1121,1516,0.13679145304020562
396,1116,1512,0.13679811794745134
395,1118,1513,0.13680328600998642
394,1118,1512,0.13681021052120226
386,1105,1491,0.1368193546918959
393,1099,1492,0.13684911242632533
388,1107,1495,0.13686010015010536
392,1100,1492,0.1368828273432444
396,1096,1492,0.13689420159993942
398,1098,1496,0.13689349196212774
394,1114,1508,0.13688856303895297
387,1112,1499,0.13689686582201493
399,1108,1507,0.13692299314643952
400,1113,1513,0.13691400961035743
403,1114,1517,0.13690249623451808
397,1117,1514,0.13688302316108636
398,1119,1517,0.136881167038457
396,1121,1517,0.1368764355827924
396,1118,1514,0.13687782397053308
385,1112,1497,0.13687926032026623
384,1115,1499,0.13690727837668087
386,1116,1502,0.13693548005340314
393,1119,1512,0.13695755293386835
394,1125,1519,0.13696026607508227
398,1123,1521,0.13696012366703825
396,1125,1521,0.13695018151013572
398,1115,1513,0.13694541162448753
393,1133,1526,0.13693683386963545
394,1126,1520,0.13694045725676354
393,1132,1525,0.13694062010772926
388,1131,1519,0.13694350677413747
381,1129,1510,0.13695899054682809
378,1121,1499,0.1369935669264687
382,1124,1506,0.13703391792614295
387,1124,1511,0.13705994047461026
386,1121,1507,0.13707099762872693
393,1122,1515,0.13708570808895454
386,1119,1505,0.13707929305609062
384,1119,1503,0.1370912338817487
389,1127,1516,0.137107871912074
384,1137,1521,0.13711118323177943
378,1132,1510,0.13712745556560943
378,1132,1510,0.13715935897656797
380,1137,1517,0.13718861311073513
378,1141,1519,0.13721203126735707
368,1139,1507,0.1372370977295674
365,1139,1504,0.13728740456996424
372,1141,1513,0.13734163142500372
369,1149,1518,0.13737625129380462
370,1147,1517,0.13741726142676244
376,1147,1523,0.13745178344195316
368,1145,1513,0.1374688353867598
369,1140,1509,0.13750588775682662
371,1137,1508,0.13753850707736162
370,1138,1508,0.13756479613468767
366,1142,1508,0.1375914509748358
367,1147,1514,0.13762694497761216
367,1150,1517,0.1376568322832864
362,1146,1508,0.1376848627057319
362,1143,1505,0.13772584151112896
363,1151,1514,0.13776328777236452
359,1145,1504,0.1377962454666829
356,1153,1509,0.13783812410862892
350,1147,1497,0.137885727205412
345,1169,1514,0.1379470045844835
338,1165,1503,0.13801701338879202
345,1157,1502,0.13809993736359943
347,1165,1512,0.13815975947735162
352,1159,1511,0.1382114007792657
347,1155,1502,0.1382485966692364
344,1161,1505,0.13829516321583907
337,1161,1498,0.13834759895941148
342,1162,1504,0.13841460147293908
345,1163,1508,0.13846344519482245
350,1166,1516,0.1384994105046985
344,1170,1514,0.13852013586630085
342,1183,1525,0.13855557679920077
338,1184,1522,0.13859547524700594
340,1177,1517,0.13864260960804953
342,1181,1523,0.13868149857332543
342,1176,1518,0.13871437452690127
334,1181,1515,0.13874577762278512
334,1176,1510,0.13879757089209996
329,1169,1498,0.13884543006850197
325,1166,1491,0.13890427704291625
337,1165,1502,0.13896926086254965
336,1161,1497,0.1389966330803074
331,1174,1505,0.1390245587851352
329,1177,1506,0.1390649042884518
331,1182,1513,0.1391080772187836
328,1187,1515,0.1391428058938738
326,1182,1508,0.13918337282118187
320,1171,1491,0.1392275354098792
323,1168,1491,0.1392849114628409
320,1177,1497,0.13933218135985365
321,1186,1507,0.13938424884730355
323,1195,1518,0.1394315382494195
328,1187,1515,0.139469115134586
328,1193,1521,0.13949230921509972
325,1196,1521,0.1395130868776099
324,1192,1516,0.13954075747747946
330,1187,1517,0.1395702535528215
325,1186,1511,0.1395793395327977
324,1191,1515,0.13959963786430343
322,1192,1514,0.13961993971876852
319,1177,1496,0.13964371522390037
323,1180,1503,0.13967369199834068
317,1189,1506,0.13969262734828053
321,1174,1495,0.13972459238771134
326,1173,1499,0.1397443464383125
326,1180,1506,0.1397501395356936
322,1190,1512,0.13975464276071278
319,1191,1510,0.13976804526854472
319,1192,1511,0.13978993676134568
321,1199,1520,0.13981174684853417
318,1203,1521,0.13982652828441533
317,1208,1525,0.1398505750878751
321,1198,1519,0.1398761063343118
323,1192,1515,0.1398904331686127
318,1188,1506,0.13989804891755633
317,1184,1501,0.13991927034215496
313,1193,1506,0.13994261718399048
312,1203,1515,0.13997665840302656
310,1215,1525,0.1400093303991593
307,1211,1518,0.14004462012667296
302,1220,1522,0.14008615979103145
304,1223,1527,0.1401383686560461
303,1214,1517,0.14018216533973335
302,1215,1517,0.14022578276875539
298,1204,1502,0.14027066428175805
301,1200,1501,0.14032293931233186
305,1191,1496,0.14036201582262073
307,1200,1507,0.1403876619626524
306,1197,1503,0.14040632288518715
309,1198,1507,0.14042684180575413
311,1194,1505,0.1404394084020059
313,1203,1516,0.14044651124345373
310,1199,1509,0.1404477930303408
312,1199,1511,0.1404576825766689
312,1194,1506,0.14046201791377555
312,1180,1492,0.14046538066744219
311,1188,1499,0.140468356437795
309,1181,1490,0.14047316035579513
304,1191,1495,0.14048288142609572
305,1188,1493,0.1405052741457616
302,1183,1485,0.14052299460582474
306,1184,1490,0.1405476896912923
308,1195,1503,0.14056047221889623
308,1205,1513,0.14056772461004072
308,1208,1516,0.14057203611743488
303,1204,1507,0.14057524050279457
305,1195,1500,0.1405908469559371
299,1199,1498,0.1406004496586511
299,1209,1508,0.14062659621441087
305,1210,1515,0.14065082312692329
308,1195,1503,0.1406552708862676
307,1211,1518,0.14065103377941782
309,1217,1526,0.1406505834882602
307,1224,1531,0.14064456433796083
304,1214,1518,0.1406461200062193
303,1213,1516,0.14065469548828052
304,1218,1522,0.14066531377521374
294,1213,1507,0.14067241821965207
301,1227,1528,0.14070441719795151
298,1224,1522,0.14071666901156857
301,1218,1519,0.1407363706213996
300,1223,1523,0.14074736755795705
293,1219,1512,0.1407602451467026
291,1218,1509,0.14078944336805757
284,1220,1504,0.14082141807714338
286,1214,1500,0.14087144548585392
286,1222,1508,0.14091320549523353
289,1225,1514,0.14095189505842642
287,1230,1517,0.140980480526952
289,1216,1505,0.1410133799594534
294,1217,1511,0.14103926042079284
297,1216,1513,0.1410497552003084
296,1219,1515,0.14105435699801092
293,1229,1522,0.14106138483041636
292,1229,1521,0.14107596055793611
292,1238,1530,0.1410930030518553
294,1234,1528,0.14110847337923152
291,1218,1509,0.14111807193002426
290,1223,1513,0.14113579773403784
290,1228,1518,0.14115459620121476
287,1229,1516,0.14117318636748075
289,1223,1512,0.14119774239617502
290,1224,1514,0.14121703491442497
291,1220,1511,0.14123191350609499
296,1215,1511,0.14124319750916262
294,1207,1501,0.14124020369178847
290,1222,1512,0.14124246100962426
290,1222,1512,0.14125498396842182
288,1229,1517,0.14126726338054915
286,1230,1516,0.14128280148140565
283,1234,1517,0.1413045067615891
285,1237,1522,0.14133036657008463
279,1232,1511,0.14134905259550923
278,1230,1508,0.14138176880299602
283,1236,1519,0.14141481780916526
282,1241,1523,0.14143194753513438
287,1235,1522,0.1414489406046488
288,1237,1525,0.14145150413417332
284,1235,1519,0.14145128519767458
286,1227,1513,0.14146156355676465
280,1226,1506,0.14146586803460034
275,1224,1499,0.14148678856714067
277,1235,1512,0.1415215262914258
275,1244,1519,0.141548192830017
272,1239,1511,0.1415786031671004
268,1234,1502,0.14161343755225209
274,1231,1505,0.14165658472084938
274,1249,1523,0.14168183911071622
277,1245,1522,0.14170530509811863
279,1242,1521,0.14171839430888916
282,1222,1504,0.1417244724913026
279,1227,1506,0.14172220393482265
283,1235,1518,0.14172755631679834
287,1230,1517,0.1417232201977761
289,1233,1522,0.14170880734814556
286,1245,1531,0.14169013657912755
284,1237,1521,0.14168109311226884
278,1240,1518,0.14167723615227193
278,1229,1507,0.14169010217529104
279,1235,1514,0.14170310150291535
280,1230,1510,0.14171260938733238
285,1216,1501,0.14171898884269118
278,1222,1500,0.14171201943613762
280,1222,1502,0.1417231300929545
284,1225,1509,0.1417281404075027
283,1243,1526,0.14172323241156465
282,1242,1524,0.14172157633298582
276,1249,1525,0.14172374222299788
273,1240,1513,0.14174304504865085
269,1246,1515,0.14176859546676057
263,1235,1498,0.14180462653180131
261,1240,1501,0.1418538792327072
262,1243,1505,0.14190516517495735
260,1240,1500,0.14195117096880538
261,1237,1498,0.1419987976621117
259,1249,1508,0.14204105950402998
257,1257,1514,0.14208416977076502
255,1255,1510,0.1421302494548606
254,1258,1512,0.14217754019944498
257,1251,1508,0.1422243059404879
261,1241,1502,0.14225936292643154
263,1227,1490,0.14228121454950549
266,1227,1493,0.14229672654348705
272,1237,1509,0.14230251066673447
265,1242,1507,0.14229202221045958
271,1214,1485,0.1422985212673582
275,1224,1499,0.1422891650962795
272,1241,1513,0.14227004255129191
277,1244,1521,0.14225989342932086
274,1247,1521,0.14223763859844174
273,1245,1518,0.1422232273061744
276,1246,1522,0.14221236674630935
278,1248,1526,0.1421940235056395
280,1236,1516,0.14217212232612988
280,1237,1517,0.14214607490526396
283,1226,1509,0.14212208621965267
279,1238,1517,0.14209152037442915
277,1243,1520,0.14207521258853997
275,1229,1504,0.14206533866849563
274,1232,1506,0.14206092337041532
273,1237,1510,0.14205923896382996
272,1250,1522,0.1420604409009528
265,1252,1517,0.14206520696097896
257,1241,1498,0.1420899596388145
260,1256,1516,0.14213525686604342
261,1249,1510,0.14216799895233492
259,1251,1510,0.14219709690592872
259,1231,1490,0.14222874057819326
261,1255,1516,0.14225775208853458
261,1264,1525,0.14227844464803277
256,1257,1513,0.142297412647145
261,1252,1513,0.1423285160194646
258,1253,1511,0.1423449621361673
258,1263,1521,0.14236732460562382
253,1264,1517,0.1423873122975393
256,1258,1514,0.14241885572207422
258,1255,1513,0.14243986174191456
260,1269,1529,0.14245491690426668
257,1256,1513,0.14246355015626125
250,1248,1498,0.1424794044550435
250,1246,1496,0.14251272909611268
249,1254,1503,0.14254312834043414
249,1249,1498,0.14257515789386063
250,1257,1507,0.14260437953807467
250,1252,1502,0.14263115660559478
246,1261,1507,0.14265734315205558
244,1278,1522,0.1426932149040846
238,1271,1509,0.14273251428971465
240,1284,1524,0.1427849918002727
241,1274,1515,0.14282790615839983
242,1284,1526,0.14286549770775733
238,1272,1510,0.14289718291493095
239,1279,1518,0.14293762657734033
236,1280,1516,0.14297421183957554
232,1279,1511,0.14301713535684857
233,1278,1511,0.14306848148349674
233,1290,1523,0.14311440319819127
237,1276,1513,0.1431581741036507
230,1276,1506,0.14318908034419664
232,1277,1509,0.14323520676362134
233,1282,1515,0.1432717386275337
236,1277,1513,0.1433014539489176
235,1276,1511,0.1433222066310706
232,1279,1511,0.14334354556034787
236,1271,1507,0.1433716990232635
239,1274,1513,0.14338822136496548
234,1273,1507,0.1433963648093311
233,1283,1516,0.14341802355212496
232,1284,1516,0.14344082390094184
233,1284,1517,0.14346532767084255
228,1276,1504,0.14348586423446363
234,1285,1519,0.14352037395706865
239,1274,1513,0.14353602236636154
240,1280,1520,0.14353659023640075
235,1281,1516,0.14353502641020588
229,1282,1511,0.14354655771205788
232,1282,1514,0.14357435205900057
229,1277,1506,0.1435920670027975
231,1273,1504,0.14361643137918692
229,1278,1507,0.14363381103724396
231,1277,1508,0.14365492806119598
229,1280,1509,0.14367017571702972
229,1276,1505,0.1436898873956095
226,1278,1504,0.14370735936618662
227,1278,1505,0.14373110321744298
227,1286,1513,0.14374829720470791
232,1285,1517,0.14376600085225483
227,1288,1515,0.14376893354207695
229,1301,1530,0.14378668838159261
230,1302,1532,0.14379671230737376
230,1291,1521,0.14380385401909007
227,1289,1516,0.14381266493364137
227,1291,1518,0.14382993667138808
229,1295,1524,0.14384665218768894
230,1296,1526,0.14385664487422234
226,1298,1524,0.14386271206959836
227,1287,1514,0.1438796472305095
227,1295,1522,0.14389270358141626
225,1287,1512,0.14390545090426643
225,1293,1518,0.1439227513324077
227,1301,1528,0.14393808005991826
231,1294,1525,0.14394626018831186
230,1295,1525,0.14394417292359984
230,1281,1511,0.143946606590092
226,1287,1513,0.14394902690248093
233,1285,1518,0.1439625089222692
231,1294,1525,0.14395449342922492
232,1283,1515,0.1439523133227224
232,1286,1518,0.14394613319085947
232,1282,1514,0.1439407262064725
234,1281,1515,0.14393588021876882
230,1280,1510,0.14392595074805628
232,1285,1517,0.14392730709763785
229,1281,1510,0.14392348730667442
227,1271,1498,0.14392704000685094
228,1265,1493,0.14393327131801445
224,1272,1496,0.14393652109292374
228,1281,1509,0.1439500662377734
225,1285,1510,0.14395154461136858
223,1279,1502,0.1439597297915526
230,1280,1510,0.14397593802981004
231,1293,1524,0.1439729605496083
232,1274,1506,0.14396771390257102
231,1270,1501,0.14396010860529823
231,1261,1492,0.14395450759930092
230,1266,1496,0.1439501526063526
233,1267,1500,0.1439477371577149
230,1277,1507,0.14393712938333922
236,1277,1513,0.14393513646293388
235,1266,1501,0.14391785652221334
233,1266,1499,0.14390333673676212
236,1271,1507,0.14389467326786012
236,1279,1515,0.14387888293860032
238,1272,1510,0.143864461346218
240,1269,1509,0.14384516810541345
236,1268,1504,0.143822083808442
236,1278,1514,0.14381070924476452
238,1276,1514,0.1437999462342133
236,1279,1515,0.14378533005950486
239,1287,1526,0.14377679965663506
235,1280,1515,0.14376054203196317
234,1270,1504,0.14375706387451526
232,1295,1527,0.14375883241223456
230,1284,1514,0.14376530472667173
226,1288,1514,0.143776976746715
230,1298,1528,0.14379765294458008
228,1298,1526,0.1438058204541657
228,1301,1529,0.14381864816780338
226,1303,1529,0.14383172086151474
230,1300,1530,0.14384865123907414
228,1298,1526,0.14385599539122407
228,1287,1515,0.14386666420943256
226,1298,1524,0.14387578347367705
222,1297,1519,0.1438903246319758
225,1287,1512,0.14391590259716205
230,1283,1513,0.1439312527142204
227,1304,1531,0.14393220205009027
223,1301,1524,0.14394161991644783
222,1306,1528,0.14396124943879549
226,1285,1511,0.14398253763347674
228,1285,1513,0.14399237419109243
221,1292,1513,0.14399689962332102
224,1294,1518,0.14402132084660474
225,1293,1518,0.14403491621901668
225,1300,1525,0.14404399794824507
225,1311,1536,0.14405223761688365
226,1295,1521,0.14406000429784985
223,1307,1530,0.14406369114187242
225,1298,1523,0.1440752764213269
226,1295,1521,0.1440798421357043
224,1299,1523,0.1440812782324223
221,1290,1511,0.14408680445767716
218,1299,1517,0.1440987519086154
220,1295,1515,0.14411779464524635
222,1295,1517,0.14413110234481533
221,1292,1513,0.14413888555637322
226,1290,1516,0.14415005773899864
223,1291,1514,0.14414726826334776
222,1301,1523,0.1441542940936034
222,1289,1511,0.14416303560969015
223,1287,1510,0.14417021814619532
225,1306,1531,0.14417447510816836
227,1286,1513,0.14417403021990172
229,1290,1519,0.14416794525393578
225,1290,1515,0.1441563933535407
226,1297,1523,0.14415689430701303
231,1285,1516,0.14415518475204173
231,1284,1515,0.14414091069872487
234,1275,1509,0.1441283009025882
228,1262,1490,0.1441084873068188
229,1270,1499,0.14410537099342663
225,1282,1507,0.14410208580617037
221,1282,1503,0.14411048205020718
224,1294,1518,0.1441303674500917
224,1294,1518,0.1441395624888395
226,1309,1535,0.14414848737960195
225,1308,1533,0.14415178363472037
225,1293,1518,0.14415959586596208
221,1290,1511,0.144166940420057
222,1294,1516,0.1441828590542626
220,1289,1509,0.1441944625226677
220,1294,1514,0.1442094803760876
219,1292,1511,0.1442230873071719
218,1292,1510,0.14423929649984582
218,1295,1513,0.14425798755462907
213,1287,1500,0.1442740762166971
223,1292,1515,0.14430213211759352
221,1295,1516,0.144303223184793
222,1286,1508,0.14431010448356582
222,1284,1506,0.14431402530650098
220,1291,1511,0.14431688796972875
220,1299,1519,0.14432551537890118
218,1298,1516,0.14433407494319664
217,1304,1521,0.14434794569048948
219,1298,1517,0.14436375663346898
218,1289,1507,0.14437391793789042
222,1295,1517,0.14438657268765445
222,1293,1515,0.14438636672104624
218,1292,1510,0.14438720419110382
214,1286,1500,0.14439964707734107
217,1277,1494,0.14442206269209595
215,1292,1507,0.14443498239873762
209,1295,1504,0.14445272302303855
212,1306,1518,0.14448544852671633
210,1309,1519,0.1445081772677884
208,1317,1525,0.14453630402031245
207,1319,1526,0.14456730913097723
209,1327,1536,0.14459999267634374
204,1321,1525,0.14462481108078712
202,1319,1521,0.14466161873294825
202,1317,1519,0.14469982191852634
199,1309,1508,0.14473468731078978
201,1314,1515,0.14477508252785332
205,1300,1505,0.14480722149123687
209,1309,1518,0.14482692585423382
211,1312,1523,0.1448348757977505
207,1308,1515,0.14483653512442943
206,1308,1514,0.14484928908842457
210,1305,1515,0.14486391961983439
210,1303,1513,0.14486702247990443
207,1319,1526,0.14487084465432595
205,1318,1523,0.14488220789520076
207,1318,1525,0.1448980788495909
205,1314,1519,0.1449080423221527
202,1312,1514,0.14492355483797253
201,1319,1520,0.14494553410960787
202,1324,1526,0.14496925845615252
201,1322,1523,0.14498940582137418
204,1315,1519,0.14501129208309474
204,1307,1511,0.1450240345549092
199,1306,1505,0.1450358249552376
196,1318,1514,0.1450601478254751
198,1323,1521,0.14509081441871252
197,1331,1528,0.14511429099543094
197,1307,1504,0.1451389002088323
195,1316,1511,0.14516146234674135
191,1311,1502,0.14518813254755655
191,1314,1505,0.145224509424419
194,1313,1507,0.145257751934727
192,1323,1515,0.14528185349746617
191,1308,1499,0.14531028376357533
190,1328,1518,0.1453392785861762
184,1326,1510,0.14536944930686985
185,1332,1517,0.14541343129898837
187,1344,1531,0.1454516796059438
184,1341,1525,0.145481008183685
188,1340,1528,0.14551604604755905
182,1321,1503,0.14553885187375434
186,1320,1506,0.14557556234941757
182,1312,1494,0.14559806473155174
186,1325,1511,0.14562974943046736
182,1336,1518,0.14564994103463147
183,1329,1512,0.14567941104124021
185,1331,1516,0.14570380335247318
184,1329,1513,0.14572100184113151
181,1332,1513,0.14573963387603045
185,1323,1508,0.1457642812319494
184,1325,1509,0.1457770343584357
180,1320,1500,0.14579235248041664
179,1331,1510,0.14581782212671157
178,1332,1510,0.14584458212757556
173,1338,1511,0.1458716014576785
172,1343,1515,0.1459104617899184
175,1344,1519,0.14594915643400264
178,1335,1513,0.145978166368561
179,1337,1516,0.14599792125628436
178,1339,1517,0.14601408302129934
176,1346,1522,0.1460316023192678
177,1354,1531,0.14605277920680462
176,1346,1522,0.14606961037973
173,1333,1506,0.14608773907284753
173,1333,1506,0.14611320031883304
172,1329,1501,0.1461372337328726
176,1344,1520,0.14616236629676288
174,1340,1514,0.14617422883886771
178,1327,1505,0.14619099921822726
180,1322,1502,0.1461965909237229
179,1324,1503,0.14619697803945475
182,1332,1514,0.14620019259874673
178,1341,1519,0.1461957986236312
177,1347,1524,0.14620272044743982
176,1336,1512,0.14621143812521364
178,1341,1519,0.14622246772987169
178,1335,1513,0.1462274083462473
170,1346,1516,0.14623262250774516
167,1353,1520,0.14625953928478638
166,1350,1516,0.14629236933407402
165,1349,1514,0.14632542397969864
162,1333,1495,0.14635901482160457
166,1340,1506,0.1463968031844869
163,1349,1512,0.14642223968449475
171,1346,1517,0.14645372090615613
168,1342,1510,0.1464618814843392
170,1350,1520,0.14647767767615275
176,1350,1526,0.1464874613461754
169,1340,1509,0.14647939145321065
167,1333,1500,0.14648965553680346
168,1337,1505,0.14650479780318848
172,1334,1506,0.14651447818044464
174,1335,1509,0.14651243658814583
174,1323,1497,0.1465047339952004
171,1338,1509,0.14649760769123882
177,1328,1505,0.14649877937712197
174,1328,1502,0.14648340809097354
179,1334,1513,0.14647650238878784
179,1338,1517,0.14645696307709027
177,1346,1523,0.14643826142435573
182,1347,1529,0.14642713734147791
180,1340,1520,0.1464026218347309
178,1332,1510,0.1463847458530769
182,1344,1526,0.14637416135715775
177,1337,1514,0.14635459512288826
175,1338,1513,0.1463502696267377
179,1335,1514,0.14635181276693257
179,1326,1505,0.1463429161650888
179,1335,1514,0.146335232934969
178,1333,1511,0.14632750624588284
177,1345,1522,0.14632288463777407
174,1336,1510,0.14632128403470337
172,1343,1515,0.14632806194169284
172,1325,1497,0.14633821132731234
181,1329,1510,0.14634639577443687
183,1326,1509,0.1463304339048035
181,1324,1505,0.1463096217942498
178,1324,1502,0.14629725346345573
176,1332,1508,0.1462945674662642
177,1337,1514,0.14629705106677224
178,1331,1509,0.14629715204626648
176,1335,1511,0.14629678017162026
174,1341,1515,0.1463020333069242
178,1334,1512,0.14631277962270212
178,1335,1513,0.1463123378268453
179,1343,1522,0.14631227500057697
179,1340,1519,0.1463093508737681
175,1340,1515,0.14630610687190168
177,1333,1510,0.1463133033761565
179,1337,1516,0.14631425601554462
177,1344,1521,0.1463092006383316
180,1344,1524,0.146309243930067
182,1337,1519,0.14630172421280765
180,1319,1499,0.14628882604531557
181,1322,1503,0.14628165054310371
179,1336,1515,0.14627213331980873
182,1336,1518,0.1462683506018717
185,1335,1520,0.14625703961387482
184,1335,1519,0.14623905848516405
188,1335,1523,0.14622453301385538
185,1343,1528,0.1462008268536045
187,1339,1526,0.14618669060959874
183,1344,1527,0.14616858429690807
184,1343,1527,0.14616227427131182
183,1347,1530,0.14615428727653998
177,1329,1506,0.14614961115178507
174,1331,1505,0.14616118779189177
170,1343,1513,0.14617995920312638
177,1340,1517,0.1462081985367935
179,1344,1523,0.14621505751336758
178,1345,1523,0.1462171560911172
176,1343,1519,0.146221610521524
179,1353,1532,0.14623071666374124
174,1350,1524,0.14623147021010588
174,1357,1531,0.14624497897153554
175,1357,1532,0.1462586017477787
178,1345,1523,0.14626965903419012
174,1331,1505,0.14627125595453133
173,1316,1489,0.14628249186508818
173,1326,1499,0.14629536395650333
172,1330,1502,0.146307049452837
175,1325,1500,0.14631989047474664
168,1330,1498,0.14632425948061217
167,1347,1514,0.14634650857330103
164,1347,1511,0.1463695018355316
165,1355,1520,0.1463999503295467
165,1365,1530,0.14642640412894015
167,1359,1526,0.14645268500945882
171,1363,1534,0.14647173280214398
172,1352,1524,0.14647904869853876
176,1338,1514,0.14648359547375756
173,1339,1512,0.14647758237873046
171,1344,1515,0.1464795619912735
169,1343,1512,0.1464872890115345
170,1341,1511,0.14649928374002655
167,1349,1516,0.14650769805333103
160,1348,1508,0.1465229273001082
163,1343,1506,0.14655577108438497
162,1333,1495,0.14657665049350097
163,1330,1493,0.14659944745689824
159,1335,1494,0.14661783412990548
160,1341,1501,0.1466462480029097
162,1353,1515,0.14667072971310247
166,1346,1512,0.14668776563194977
168,1354,1522,0.14669293003126488
164,1342,1506,0.14669268763963828
162,1345,1507,0.14670319305257118
160,1345,1505,0.14671833551199004
161,1341,1502,0.14673807771415212
162,1344,1506,0.1467538858684591
160,1344,1504,0.1467656730903543
160,1341,1501,0.1467816715375916
162,1335,1497,0.1467961837577296
163,1338,1501,0.1468047312817445
161,1337,1498,0.14681043380730657
160,1332,1492,0.14682044547652282
164,1337,1501,0.14683188239941686
166,1360,1526,0.1468322692431897
165,1355,1520,0.1468272420432532
162,1354,1516,0.1468246953204929
163,1358,1521,0.14683032297675488
158,1353,1511,0.1468331792610319
155,1351,1506,0.14685035727539403
155,1353,1508,0.14687407781250061
157,1361,1518,0.14689557069773287
156,1367,1523,0.14691072363849234
155,1372,1527,0.14692715142583088
154,1364,1518,0.14694572501334718
150,1351,1501,0.14696598082206275
154,1362,1516,0.1469947932567369
154,1361,1515,0.1470103675991372
162,1336,1498,0.1470248609967751
162,1346,1508,0.14701678024137196
160,1349,1509,0.14700961276415478
160,1366,1526,0.14700830545164784
159,1356,1515,0.1470073109548651
157,1361,1518,0.14700943876825392
160,1348,1508,0.14701673207931565
161,1351,1512,0.14701565564220662
160,1364,1524,0.14701203800016668
159,1361,1520,0.147012048830733
154,1360,1514,0.14701488462726975
151,1360,1511,0.14703081043278135
152,1367,1519,0.14705323360817338
153,1375,1528,0.1470709852255852
157,1364,1521,0.1470842947409247
154,1365,1519,0.1470863848506016
151,1359,1510,0.1470971832341494
154,1374,1528,0.14711596396795326
152,1366,1518,0.1471255668512595
152,1358,1510,0.1471400780008873
150,1369,1519,0.14715391715346546
147,1368,1515,0.14717264156417184
150,1365,1515,0.14719769337089691
149,1364,1513,0.1472124978939447
152,1378,1530,0.14722827740830183
150,1375,1525,0.14723570748009687
151,1357,1508,0.14724772216308857
147,1361,1508,0.147255711656857
145,1355,1500,0.14727402566848943
147,1355,1502,0.14729652694468548
148,1359,1507,0.14731182087836991
146,1368,1514,0.14732278128336118
146,1365,1511,0.14733835649244692
150,1374,1524,0.14735264679214116
151,1370,1521,0.14735512947610455
145,1364,1509,0.1473553420222225
146,1359,1505,0.1473706453460917
146,1353,1499,0.14738189209536012
149,1353,1502,0.14739278098565847
150,1362,1512,0.147394777263711
151,1356,1507,0.14739317331710883
150,1371,1521,0.14739025685689
147,1363,1510,0.14738954812849053
150,1367,1517,0.14739743343875591
148,1353,1501,0.14739667090612046
148,1353,1501,0.1474017259857912
151,1367,1518,0.14740615056577852
149,1369,1518,0.14740276833630728
149,1369,1518,0.14740589860991096
146,1355,1501,0.14740837488443934
147,1358,1505,0.1474186102653336
142,1378,1520,0.14742613734452195
143,1382,1525,0.14744622238366317
140,1381,1521,0.14746236964855208
139,1369,1508,0.14748585667459913
139,1359,1498,0.14751072566634205
137,1370,1507,0.14753385115760628
139,1370,1509,0.14756064494948903
140,1375,1515,0.1475803587870807
143,1358,1501,0.1475960866597663
140,1355,1495,0.14760245298166624
143,1374,1517,0.14761730251059937
143,1370,1513,0.14762289558906702
138,1376,1514,0.14762836994739803
140,1370,1510,0.14764670875073485
142,1364,1506,0.14765941548375283
142,1371,1513,0.1476653135685615
142,1363,1505,0.1476703298728702
142,1369,1511,0.14767510420581723
139,1375,1514,0.14767890536965353
141,1372,1513,0.14769001927248168
145,1370,1515,0.14769458889701997
145,1368,1513,0.14768818469382478
150,1366,1516,0.1476818813186897
147,1362,1509,0.1476624717184037
145,1366,1511,0.14765250426336834
143,1368,1511,0.14764886314628986
140,1370,1510,0.14765114431216675
142,1366,1508,0.14766099865033636
141,1372,1513,0.14766401442633043
140,1362,1502,0.1476700329319085
142,1361,1503,0.14767773636281453
145,1370,1515,0.147679813989403
148,1369,1517,0.14767345974012358
147,1370,1517,0.1476601082798943
142,1363,1505,0.1476504776201688
146,1365,1511,0.14765414475038463
148,1373,1521,0.14764578664272762
149,1356,1505,0.14763192303329134
147,1355,1502,0.14761717744270417
147,1362,1509,0.1476080751709345
143,1359,1502,0.14759986112525258
145,1366,1511,0.14760236024172024
144,1366,1510,0.14759938532032513
149,1369,1518,0.14759886526174743
150,1376,1526,0.14758416364459243
149,1369,1518,0.14756803252696155
148,1365,1513,0.1475556962358797
145,1375,1520,0.14754748381385607
146,1371,1517,0.14754811007311897
146,1370,1516,0.14754563787548516
146,1370,1516,0.14754365591368798
145,1367,1512,0.14754201942255687
143,1363,1506,0.1475431658390973
144,1362,1506,0.14754982002272932
143,1370,1513,0.14755350187217103
143,1382,1525,0.14755956987813001
145,1376,1521,0.1475651540339682
146,1373,1519,0.1475652899279669
146,1367,1513,0.14756290937367703
142,1365,1507,0.14756006232586
142,1370,1512,0.14756878427255538
143,1367,1510,0.14757668762895326
141,1369,1510,0.147581156187277
143,1377,1520,0.14759137616609194
138,1388,1526,0.14759483864414574
141,1375,1516,0.14761237218543474
143,1389,1532,0.14761949540559918
143,1381,1524,0.1476201767146434
147,1375,1522,0.14762119710725322
144,1383,1527,0.14761071298792328
144,1377,1521,0.14760961197613578
142,1374,1516,0.14760820482300221
142,1386,1528,0.1476125648934354
142,1380,1522,0.14761701201076502
142,1394,1536,0.14762099873499684
140,1390,1530,0.14762477361001905
137,1393,1530,0.14763341162559165
136,1389,1525,0.14765005398490363
131,1381,1512,0.14766817619560407
134,1398,1532,0.14769855722637726
130,1393,1523,0.14771828845209578
130,1382,1512,0.14774784083469453
134,1374,1508,0.1477753823653931
135,1382,1517,0.14778977000482627
138,1389,1527,0.14780048332881074
140,1389,1529,0.14780185662582743
139,1392,1531,0.14779741466274882
139,1386,1525,0.1477969654227235
140,1382,1522,0.1477970524477986
134,1375,1509,0.1477946509978717
134,1380,1514,0.1478090332717045
132,1372,1504,0.14782027435891976
134,1376,1510,0.14783547642273376
136,1383,1519,0.14784430012780234
132,1374,1506,0.14784707935331245
135,1370,1505,0.14786075290404865
133,1366,1499,0.14786476838036908
134,1367,1501,0.14787461926122306
134,1369,1503,0.14788152262923557
138,1375,1513,0.1478875894118779
141,1376,1517,0.14788223081474589
137,1373,1510,0.14786936324114183
136,1371,1507,0.14786837932004712
140,1377,1517,0.14787000373029563
138,1370,1508,0.14786114161295788
138,1378,1516,0.14785838473895407
139,1380,1519,0.1478564483057575
134,1388,1522,0.1478515465711106
138,1391,1529,0.1478607564811014
140,1383,1523,0.1478585128018455
140,1396,1536,0.1478506926458823
137,1382,1519,0.1478438464042213
131,1378,1509,0.1478455992783468
133,1388,1521,0.14786345740171356
130,1387,1517,0.14787508810739589
131,1377,1508,0.14789443444997757
129,1371,1500,0.14790856258327534
129,1374,1503,0.1479268276794862
129,1377,1506,0.1479434819063488
130,1385,1515,0.1479586513943299
125,1381,1506,0.14796987641233927
125,1378,1503,0.14799317849917387
120,1383,1503,0.1480151430017368
125,1396,1521,0.14805008925714866
122,1400,1522,0.1480683287151523
122,1405,1527,0.1480945463620724
123,1397,1520,0.14811919407366703
124,1404,1528,0.14813922483324382
122,1390,1512,0.1481552405975679
122,1387,1509,0.14817609958927463
121,1391,1512,0.1481952695772981
120,1393,1513,0.14821594192783505
123,1391,1514,0.14823758036798865
124,1381,1505,0.14824942544044373
121,1385,1506,0.14825763857940152
126,1386,1512,0.14827411744781693
122,1388,1510,0.14827589793296814
118,1392,1510,0.14828900634710152
114,1394,1508,0.1483122018214048
113,1402,1515,0.14834556152228934
114,1400,1514,0.1483795225485958
113,1400,1513,0.1484091146068818
113,1391,1504,0.1484392469749438
113,1398,1511,0.14846733319830263
115,1402,1517,0.14849357983581318
115,1394,1509,0.14851286366754837
117,1409,1526,0.14853067216631627
113,1397,1510,0.14854150747644074
114,1382,1496,0.14856252169553646
115,1391,1506,0.1485792481089123
113,1395,1508,0.14859183987892202
113,1402,1515,0.14860933458537495
113,1396,1509,0.14862641752428798
117,1394,1511,0.14864236186949298
115,1398,1513,0.14864584704544626
115,1395,1510,0.1486550290377927
114,1405,1519,0.14866350730868635
113,1406,1519,0.14867404184477206
112,1401,1513,0.14868647258351358
107,1412,1519,0.14870129390304782
105,1398,1503,0.14872947390176802
107,1410,1517,0.14876135626989817
106,1410,1516,0.14878449769725113
105,1415,1520,0.14880849750223876
106,1423,1529,0.14883358081980586
106,1432,1538,0.14885460783833512
108,1421,1529,0.14887423632175964
110,1421,1531,0.1488868142860947
112,1419,1531,0.14889234453066866
113,1411,1524,0.14889163362549687
114,1405,1519,0.14888812163178586
112,1408,1520,0.14888168692270828
115,1409,1524,0.14888148751407704
114,1416,1530,0.1488722700310593
109,1413,1522,0.1488667134274011
106,1412,1518,0.1488753260717171
107,1394,1501,0.14889160437764423
105,1407,1512,0.14890427823956248
107,1403,1510,0.14892149109973926
111,1413,1524,0.1489314826158937
118,1409,1527,0.14893006600847655
114,1411,1525,0.14890831951783368
114,1413,1527,0.14889907054342844
115,1412,1527,0.14889092580550511
113,1392,1505,0.14888057286651235
115,1390,1505,0.14887688953371278
115,1414,1529,0.14886809957793673
114,1411,1525,0.14886037256775408
116,1409,1525,0.14885622618042543
115,1402,1517,0.14884739261436095
111,1398,1509,0.14884266606158716
111,1412,1523,0.14884979432969958
110,1406,1516,0.14885595106594107
113,1401,1514,0.14886466441508356
112,1397,1509,0.14886445265208526
108,1393,1501,0.14886703899361392
109,1403,1512,0.14888015446644765
107,1409,1516,0.1488893365697841
108,1412,1520,0.14890388561433543
107,1412,1519,0.14891454126923998
103,1412,1515,0.14892795547482557
105,1413,1518,0.14895141862976843
104,1404,1508,0.14896740319372462
100,1423,1523,0.1489856097182017
100,1428,1528,0.1490138139989491
98,1412,1510,0.14904002868588084
99,1421,1520,0.14907077308287087
98,1419,1517,0.14909660702156544
95,1421,1516,0.14912402826651552
96,1424,1520,0.1491583186803445
98,1416,1514,0.14918741894240284
99,1420,1519,0.14920963127354633
98,1418,1516,0.1492280863081147
99,1423,1522,0.1492484684276563
102,1429,1531,0.14926431173071225
103,1411,1514,0.14926993994736035
101,1412,1513,0.14927252518046974
102,1413,1515,0.14928069333706556
100,1432,1532,0.149285340043571
102,1422,1524,0.14929572200776586
102,1428,1530,0.14929977357589633
98,1425,1523,0.14930405446718195
99,1426,1525,0.14931989713325988
98,1417,1515,0.14933180942360347
102,1422,1524,0.1493456805392756
102,1413,1515,0.14934681781433198
99,1423,1522,0.14934820591699893
98,1432,1530,0.149357740556709
97,1427,1524,0.1493696677065096
96,1426,1522,0.14938365963258055
97,1423,1520,0.14939943756462276
100,1415,1515,0.14941138810111335
103,1423,1526,0.14941458577732736
106,1419,1525,0.149408492438846
103,1404,1507,0.14939394520340435
102,1416,1518,0.1493881779123765
101,1418,1519,0.14938575127815631
98,1428,1526,0.1493861349098834
97,1427,1524,0.1493949244729839
99,1414,1513,0.1494063592822533
98,1405,1503,0.14941145331287667
95,1402,1497,0.1494188972565154
94,1405,1499,0.1494340198078271
90,1404,1494,0.14945019677704974
93,1417,1510,0.14947658902128705
92,1414,1506,0.1494927599285064
92,1409,1501,0.14951101973023764
90,1410,1500,0.14952829968369494
91,1408,1499,0.1495501278256086
91,1418,1509,0.14956736650008523
91,1414,1505,0.14958379414720166
90,1419,1509,0.1495984515958194
92,1427,1519,0.14961513990293757
90,1416,1506,0.14962436055108752
94,1411,1505,0.14963834898561207
96,1404,1500,0.14963983814835205
95,1404,1499,0.1496357178963578
97,1413,1510,0.14963478550558512
97,1417,1514,0.14962787809200997
96,1429,1525,0.14962183117840022
96,1420,1516,0.14961871557469447
96,1417,1513,0.1496157597084682
98,1417,1515,0.1496126841036065
95,1433,1528,0.1496044053704921
98,1441,1539,0.149605219325572
96,1445,1541,0.14959726869591997
97,1438,1535,0.14959532578609447
99,1438,1537,0.1495904430815515
99,1430,1529,0.1495800987594375
99,1430,1529,0.14957040487092285
96,1437,1533,0.14956178154122043
96,1429,1525,0.1495622206595254
100,1433,1533,0.14956252876646356
101,1421,1522,0.14955113378216747
98,1414,1512,0.1495372790478708
98,1416,1514,0.1495337168602246
98,1418,1516,0.14953051220953506
94,1405,1499,0.14952729661456599
94,1401,1495,0.14953515147541055
94,1408,1502,0.14954241927610826
96,1411,1507,0.14954876670654343
97,1408,1505,0.1495491132504664
96,1402,1498,0.14954715028889423
99,1406,1505,0.14954782595754412
96,1395,1491,0.1495397887592604
95,1396,1491,0.14954119213615477
99,1401,1500,0.14954533388081576
98,1411,1509,0.14953808669504
99,1409,1508,0.14953419979280755
99,1406,1505,0.1495281140168449
100,1401,1501,0.14952289225215934
100,1410,1510,0.1495149550551498
100,1420,1520,0.14950763336756212
98,1429,1527,0.14950060893391792
98,1423,1521,0.14950011039240724
95,1427,1522,0.14949973586773488
96,1437,1533,0.1495081171357371
97,1430,1527,0.149512810798172
101,1415,1516,0.14951386591920668
99,1426,1525,0.1495030283355395
99,1425,1524,0.1494990318031845
96,1424,1520,0.14949542263157695
93,1424,1517,0.14950044306998844
93,1415,1508,0.1495138160897661
94,1417,1511,0.1495263312701397
91,1423,1514,0.1495353514730342
92,1432,1524,0.1495527843361031
92,1432,1524,0.14956602117866447
90,1434,1524,0.14957820746048817
92,1439,1531,0.14959538709442888
94,1436,1530,0.1496056156362403
96,1428,1524,0.14960921426080173
91,1444,1535,0.1496065565175101
93,1425,1518,0.14961854139708927
94,1418,1512,0.14962394936602572
96,1423,1519,0.14962604667975968
97,1438,1535,0.14962178652238087
98,1429,1527,0.14961470444288916
97,1426,1523,0.1496053477927632
96,1433,1529,0.1495994967326546
94,1435,1529,0.14959697072992076
91,1437,1528,0.1496003419557156
94,1435,1529,0.14961174951502412
92,1429,1521,0.1496138423621731
93,1435,1528,0.1496217930314676
92,1441,1533,0.14962595516642938
93,1448,1541,0.14963279416561742
89,1433,1522,0.14963649090676992
88,1435,1523,0.14965152034541795
88,1425,1513,0.1496683314066322
88,1419,1507,0.14968346552980882
88,1422,1510,0.14969774995948232
91,1421,1512,0.14971110691148767
93,1428,1521,0.149714795451718
91,1431,1522,0.14971243385482663
95,1428,1523,0.14971565293984257
94,1420,1514,0.14970731232123483
93,1412,1505,0.1497021958022939
92,1422,1514,0.14970024612321636
89,1426,1515,0.14970123266075594
87,1420,1507,0.14971054584654264
90,1406,1496,0.1497258019989463
93,1407,1500,0.1497315449692023
91,1419,1510,0.14972798823858507
89,1432,1521,0.1497304980181841
87,1425,1512,0.1497380054565088
85,1437,1522,0.1497505941433139
86,1435,1521,0.14976797202859055
80,1441,1521,0.149781226577742
79,1439,1518,0.14981094603251482
81,1435,1516,0.14984143683023643
81,1447,1528,0.14986398032936027
82,1447,1529,0.14988536022838703
84,1442,1526,0.14990261069889718
83,1437,1520,0.14991312861987868
78,1437,1515,0.14992590239424022
83,1435,1518,0.14995249268361477
86,1434,1520,0.149962365524114
89,1436,1525,0.14996307994569968
87,1439,1526,0.1499556035377472
85,1445,1530,0.14995466058636567
86,1426,1512,0.14995977674862487
86,1420,1506,0.14996159973712542
86,1420,1506,0.14996309491902157
87,1423,1510,0.1499645803690372
85,1426,1511,0.14996320966651408
90,1419,1509,0.14996767681270273
90,1426,1516,0.14995742374193705
90,1432,1522,0.14994766153897005
89,1432,1521,0.1499383225720999
89,1428,1517,0.14993249300431313
93,1430,1523,0.1499272744676584
93,1426,1519,0.14991022487681294
96,1418,1514,0.14989432976326098
95,1422,1517,0.1498707525006541
95,1425,1520,0.14985177550714185
92,1426,1518,0.14983407290715248
93,1434,1527,0.1498266736340959
86,1424,1510,0.14981696432550554
84,1419,1503,0.14982856864878483
81,1431,1512,0.14984546437237475
84,1435,1519,0.1498699811756425
79,1438,1517,0.14988414025290445
78,1426,1504,0.14991177110123266
77,1431,1508,0.14994015305312577
77,1438,1515,0.14996943281599934
74,1444,1518,0.14999663666760027
75,1434,1509,0.15003033473727811
79,1437,1516,0.15005891309667913
77,1435,1512,0.15007349070099754
80,1440,1520,0.1500931694190044
81,1433,1514,0.15010257527164242
77,1433,1510,0.15010868761006824
75,1425,1500,0.15012629465450625
76,1432,1508,0.1501484352626495
73,1434,1507,0.1501654852643457
73,1436,1509,0.150190196154668
68,1447,1515,0.15021334127400013
69,1444,1513,0.15024967808309245
69,1442,1511,0.15028038498343663
68,1437,1505,0.15030848231343014
67,1445,1512,0.15033767965005537
70,1442,1512,0.15036804362668416
68,1443,1511,0.15038753987066195
69,1434,1503,0.15041184426053564
71,1433,1504,0.1504313425916034
70,1445,1515,0.15044356200424136
69,1442,1511,0.15045797045148782
66,1445,1511,0.15047451780202842
67,1444,1511,0.1504990102359379
63,1438,1501,0.15051894219389195
64,1445,1509,0.15054967972435215
64,1447,1511,0.15057525093501936
63,1446,1509,0.15059938734580441
63,1452,1515,0.15062531017370728
61,1451,1512,0.15064968635605205
61,1448,1509,0.15067842353296854
64,1451,1515,0.15070498545553515
62,1449,1511,0.150720949414382
60,1460,1520,0.1507419119288374
60,1460,1520,0.15076759839390858
59,1462,1521,0.15079133436325745
58,1457,1515,0.15081643842769737
58,1457,1515,0.15084285749882398
61,1452,1513,0.15086730808709414
60,1438,1498,0.15088107728913877
60,1438,1498,0.1508967582854051
60,1440,1500,0.15091134927595948
61,1447,1508,0.15092492124552104
59,1459,1518,0.1509347232179178
60,1450,1510,0.15095002872967445
61,1456,1517,0.15096121149289013
60,1466,1526,0.15096857277420558
61,1455,1516,0.1509784717234567
62,1462,1524,0.15098463240989715
63,1455,1518,0.15098732121404787
63,1455,1518,0.1509868984701119
62,1460,1522,0.15098653859141287
62,1439,1501,0.15098914358547788
61,1443,1504,0.1509916665213088
60,1447,1507,0.15099713432473544
58,1452,1510,0.15100521846660794
60,1459,1519,0.15101888340878764
61,1451,1512,0.15102541701316466
63,1461,1524,0.15102828240074087
61,1451,1512,0.15102490640847377
62,1460,1522,0.15102781468864002
63,1450,1513,0.15102757733342773
64,1457,1521,0.15102441158254382
63,1443,1506,0.15101861196729743
63,1453,1516,0.15101636333715532
62,1448,1510,0.15101430927240286
60,1454,1514,0.1510154343284811
60,1436,1496,0.15102256949054194
59,1442,1501,0.15102919608606855
59,1446,1505,0.1510384644155056
58,1455,1513,0.15104689309054473
57,1457,1514,0.1510575970757184
56,1450,1506,0.15107051665217747
57,1454,1511,0.15108550204039634
56,1462,1518,0.15109646680085842
53,1463,1516,0.15110981086464392
55,1458,1513,0.15113136259871665
55,1458,1513,0.15114530300752202
56,1451,1507,0.1511583045430522
54,1460,1514,0.15116748674303065
54,1456,1510,0.15118234060724842
55,1459,1514,0.15119628150427658
53,1458,1511,0.1512062328054336
52,1459,1511,0.15122169981096362
52,1465,1517,0.15123897994255622
53,1466,1519,0.1512551736005773
55,1459,1514,0.15126733514927504
57,1463,1520,0.1512728151416903
57,1466,1523,0.15127200663674092
56,1477,1533,0.15127132045005076
56,1455,1511,0.15127383258434876
56,1450,1506,0.15127615988068477
56,1458,1514,0.15127839562750955
55,1469,1524,0.1512805250509952
55,1474,1529,0.15128567645158117
54,1466,1520,0.15129046882880828
54,1461,1515,0.15129812602412968
56,1464,1520,0.15130535672216477
56,1463,1519,0.15130604052324892
55,1467,1522,0.1513067366808101
55,1464,1519,0.15131037916542786
56,1462,1518,0.1513138466759356
52,1467,1519,0.15131389619256377
52,1457,1509,0.15132633885670718
52,1459,1511,0.15133775695994864
53,1460,1513,0.1513485156903649
54,1456,1510,0.1513554727657368
54,1463,1517,0.15135878986526227
53,1453,1506,0.151361825414376
54,1456,1510,0.15136759658483698
53,1459,1512,0.1513697816592912
54,1473,1527,0.1513750117210255
51,1463,1514,0.1513769439014406
52,1474,1526,0.1513879192372592
53,1476,1529,0.15139516217731017
53,1467,1520,0.1513989304239605
52,1473,1525,0.15140244442822715
55,1466,1521,0.15140887722253918
56,1454,1510,0.15140585276817656
54,1459,1513,0.15139998722503342
56,1464,1520,0.1514004912521678
56,1472,1528,0.1513947045853102
57,1482,1539,0.15138950390547543
56,1459,1515,0.1513816199660591
57,1453,1510,0.15137727367847986
53,1478,1531,0.15136993695059822
53,1463,1516,0.1513753047906844
53,1465,1518,0.15138008846074139
55,1447,1502,0.15138458691779472
57,1457,1514,0.1513828786741198
56,1453,1509,0.15137521645552
55,1451,1506,0.1513712943323597
55,1462,1517,0.15137075051022816
54,1460,1514,0.1513703265738477
55,1460,1515,0.15137314126801207
54,1462,1516,0.1513728501459269
51,1455,1506,0.1513756883402836
51,1460,1511,0.15138745176661442
52,1457,1509,0.15139836861196124
51,1472,1523,0.15140549475343315
51,1471,1522,0.15141531617659645
49,1463,1512,0.15142447774534806
47,1456,1503,0.15143919565579392
46,1456,1502,0.15145891228192374
46,1449,1495,0.1514803073975165
48,1455,1503,0.15150014559779665
47,1469,1516,0.15151253412683124
47,1460,1507,0.15152719843739815
47,1465,1512,0.15154088355563594
47,1477,1524,0.1515536093280672
45,1471,1516,0.1515657222197169
46,1466,1512,0.15158327472226987
47,1461,1508,0.1515966857638377
47,1450,1497,0.15160634617291519
45,1453,1498,0.15161547958474111
45,1467,1512,0.15163049579532198
44,1469,1513,0.1516446542392397
43,1474,1517,0.15166087251131594
44,1475,1519,0.15167908659229795
41,1470,1511,0.15169291670479482
43,1461,1504,0.15171510716043612
41,1465,1506,0.15172969620897742
40,1472,1512,0.15174960259654122
40,1475,1515,0.1517713356417296
38,1462,1500,0.1517915958896684
37,1467,1504,0.15181666959196405
35,1473,1508,0.15184335167753643
36,1479,1515,0.15187446164377294
36,1481,1517,0.1519004553882661
35,1477,1512,0.1519247847095271
37,1484,1521,0.15195069079344262
39,1487,1526,0.15196881369575493
38,1495,1533,0.15197961035415442
37,1494,1531,0.15199290055286357
36,1493,1529,0.1520083907577282
34,1493,1527,0.15202596889872702
36,1494,1530,0.15204870859949915
36,1494,1530,0.15206376925902887
34,1496,1530,0.15207801286887482
32,1480,1512,0.15209757307810196
31,1484,1515,0.152121933934233
31,1491,1522,0.15214764695818556
30,1488,1518,0.1521715655106158
32,1489,1521,0.1521970912906783
30,1495,1525,0.15221496786588415
31,1494,1525,0.1522379960128416
32,1486,1518,0.15225645125843346
31,1489,1520,0.1522705814720358
29,1491,1520,0.15228699817792002
30,1498,1528,0.15230843076572842
30,1474,1504,0.1523253714111412
28,1478,1506,0.15234123210347397
27,1483,1510,0.15236234153150596
29,1492,1521,0.1523852082390259
29,1491,1520,0.15240037038552712
29,1496,1525,0.15241456348421395
30,1499,1529,0.15242798637752025
32,1479,1511,0.1524374897999929
31,1485,1516,0.1524401371883977
27,1489,1516,0.15244578600881206
26,1484,1510,0.15246354387601746
26,1481,1507,0.15248322870739128
26,1487,1513,0.15250164915430175
29,1476,1505,0.1525189486129731
29,1472,1501,0.1525256506650218
30,1472,1502,0.15253192318582343
32,1474,1506,0.15253463045529117
32,1479,1511,0.15253097868029758
31,1476,1507,0.15252772700114547
32,1492,1524,0.1525278291416682
33,1483,1516,0.1525248067986702
33,1479,1512,0.1525188393624396
33,1471,1504,0.15251338052051533
32,1482,1514,0.15250832376096538
32,1472,1504,0.15250672810304822
31,1482,1513,0.15250523087273268
31,1490,1521,0.15250691534956815
33,1499,1532,0.15250845302156
33,1486,1519,0.15250367409495927
33,1491,1524,0.1524993452689244
33,1494,1527,0.15249545127465608
31,1485,1516,0.15249193119364243
32,1485,1517,0.1524948093911322
34,1467,1501,0.15249455427154127
34,1485,1519,0.1524879700760801
33,1491,1524,0.15248185652663954
32,1486,1518,0.15247919549378286
30,1481,1511,0.15247976216307774
31,1483,1514,0.1524864213081695
32,1489,1521,0.15248951552085604
32,1476,1508,0.15248924245857828
32,1478,1510,0.1524890521813436
32,1483,1515,0.15248893452801238
32,1475,1507,0.15248886169787382
33,1473,1506,0.1524886483364517
34,1473,1507,0.15248539036294959
34,1472,1506,0.15247917743451092
34,1468,1502,0.1524733884913156
33,1475,1508,0.15246797722713093
34,1479,1513,0.15246609869734912
34,1469,1503,0.1524610321959604
36,1470,1506,0.15245629754021006
37,1484,1521,0.15244543234635483
37,1500,1537,0.15243214603242913
35,1474,1509,0.1524198214520149
36,1484,1520,0.1524145769184566
36,1480,1516,0.152406330315214
38,1494,1532,0.15239865341710448
37,1497,1534,0.15238519501541453
36,1485,1521,0.15237585117990668
36,1475,1511,0.15237004094390985
37,1466,1503,0.15236459462193053
35,1470,1505,0.15235637143106426
36,1481,1517,0.15235497528863798
37,1473,1510,0.15235033605046475
36,1477,1513,0.1523429519644553
35,1476,1511,0.15233922032888159
36,1483,1519,0.15233888446506966
37,1472,1509,0.15233539596655687
36,1478,1514,0.15232906768284768
36,1489,1525,0.15232616404891516
35,1500,1535,0.15232323572029846
35,1494,1529,0.15232364251974534
36,1478,1514,0.15232386890456198
37,1484,1521,0.15232088983035777
37,1492,1529,0.1523150698466768
37,1492,1529,0.15230965071402217
37,1482,1519,0.15230460247171135
38,1489,1527,0.15229989290632442
37,1491,1528,0.1522924001849832
34,1490,1524,0.1522885498087345
34,1487,1521,0.152294244640537
33,1473,1506,0.1522995365737765
33,1466,1499,0.1523076993929372
33,1475,1508,0.15231533421473503
32,1498,1530,0.15232249713361617
31,1491,1522,0.15233225880629025
30,1499,1529,0.1523446701325691
30,1485,1515,0.15235938579721214
32,1488,1520,0.15237312305430062
34,1486,1520,0.1523795922202214
33,1486,1519,0.15237939408538503
32,1481,1513,0.15238253154358133
31,1494,1525,0.15238854056079962
29,1482,1511,0.15239729943390504
28,1482,1510,0.15241176720147542
29,1480,1509,0.1524284055475
31,1484,1515,0.15244073653459292
31,1491,1522,0.152446004651119
32,1473,1505,0.15245107258447008
31,1465,1496,0.15245277566368648
30,1475,1505,0.15245754129467673
30,1482,1512,0.1524650537038291
29,1483,1512,0.15247202551629815
29,1495,1524,0.15248170994075683
28,1505,1533,0.15249081215749447
27,1509,1536,0.15250245100133522
27,1509,1536,0.1525164254159112
26,1510,1536,0.15252952785717996
25,1503,1528,0.15254496457247144
24,1499,1523,0.15256250797239188
24,1487,1511,0.15258201489589246
25,1488,1513,0.15260026678543043
25,1490,1515,0.1526141880697368
26,1488,1514,0.15262718535759945
24,1483,1507,0.15263622240411834
24,1488,1512,0.15265106260444536
23,1489,1512,0.1526649711610929
24,1488,1512,0.15268104494343518
24,1491,1515,0.15269292083716826
23,1481,1504,0.1527040386979447
23,1486,1509,0.15271760783881227
22,1487,1509,0.15273033408712713
22,1475,1497,0.1527455035232853
21,1485,1506,0.15275978122768913
22,1487,1509,0.15277640327240039
22,1491,1513,0.15278880004134693
22,1488,1510,0.15280032842437602
20,1460,1480,0.1528112150973724
20,1484,1504,0.1528278687695065
19,1494,1513,0.1528433445939864
19,1481,1500,0.15286103371832088
18,1486,1504,0.15287760367742823
19,1499,1518,0.15289628056206517
18,1480,1498,0.15291069211227712
18,1487,1505,0.15292747746500468
19,1490,1509,0.15294324751829058
19,1488,1507,0.15295481429473692
19,1485,1504,0.15296576843287707
18,1486,1504,0.1529760864437234
21,1491,1512,0.15298890793789066
18,1484,1502,0.15299137152687642
17,1482,1499,0.15300333191624915
17,1485,1502,0.1530177864079366
17,1487,1504,0.15303133701141852
17,1493,1510,0.15304404149430745
17,1487,1504,0.1530559581998008
17,1495,1512,0.15306713937074737
16,1489,1505,0.15307763242532751
15,1493,1508,0.1530906935386323
15,1503,1518,0.1531061648886644
15,1509,1524,0.15312054073948797
16,1501,1517,0.15313397665558243
16,1500,1516,0.15314334476051572
16,1494,1510,0.1531522532325863
14,1504,1518,0.1531606636093181
14,1494,1508,0.15317501217499252
15,1498,1513,0.15318841983358142
15,1507,1522,0.15319767377333676
16,1504,1520,0.15320640294340074
16,1503,1519,0.15321140034406422
15,1494,1509,0.15321612938764317
16,1503,1519,0.1532237732139889
16,1510,1526,0.15322769882033557
16,1506,1522,0.15323146643237281
16,1498,1514,0.15323506927958036
16,1502,1518,0.15323839027016764
15,1514,1529,0.15324150322914465
16,1511,1527,0.15324763133376582
16,1514,1530,0.15325021614577472
16,1511,1527,0.1532526172439254
16,1503,1519,0.1532548740279114
14,1507,1521,0.1532569975378675
13,1510,1523,0.1532653339956793
14,1511,1525,0.15327640864392852
15,1500,1515,0.15328351515658756
16,1506,1522,0.1532869549095952
17,1500,1517,0.15328698848448621
16,1494,1510,0.15328382766959522
17,1505,1522,0.15328406708953907
17,1496,1513,0.15328113011614708
17,1493,1510,0.15327838497495466
17,1499,1516,0.15327582605281162
15,1488,1503,0.15327343945618985
15,1491,1506,0.15327764834595228
16,1498,1514,0.1532815321382959
17,1505,1522,0.15328187748820776
17,1496,1513,0.15327905410425183
17,1485,1502,0.1532764090145433
19,1489,1508,0.15327393672635747
18,1494,1512,0.15326517976446863
20,1505,1525,0.15326022755118665
19,1506,1525,0.15324910907733638
19,1510,1529,0.15324202801223233
20,1491,1511,0.1532353080394526
19,1486,1505,0.15322588536628357
19,1490,1509,0.15322026636893432
16,1483,1499,0.15321501705073642
17,1488,1505,0.15321970852355263
18,1498,1516,0.1532207847236521
15,1504,1519,0.15321851933465905
15,1507,1522,0.15322612002044475
14,1511,1525,0.15323319437174923
14,1523,1537,0.15324299624142873
14,1522,1536,0.1532521840884593
14,1515,1529,0.15326079346489435
13,1505,1518,0.15326886090521116
13,1521,1534,0.15327960619730321
14,1513,1527,0.15328969277795665
14,1502,1516,0.15329590799583698
15,1516,1531,0.153301760658392
14,1519,1533,0.15330403151652738
15,1527,1542,0.15330947443510884
15,1511,1526,0.15331125232925696
15,1513,1528,0.1533130302440436
16,1506,1522,0.15331473353532465
15,1505,1520,0.15331306554214458
14,1511,1525,0.1533147941988189
14,1504,1518,0.15331974153845163
13,1509,1522,0.1533243332192129
14,1512,1526,0.15333189075820258
14,1502,1516,0.1533356334953103
14,1512,1526,0.15333919406097807
14,1505,1519,0.15334254630098695
15,1504,1519,0.15334570065151498
14,1512,1526,0.15334551310642988
14,1506,1520,0.15334853728857264
14,1521,1535,0.15335137402961435
13,1512,1525,0.1533540334498613
13,1498,1511,0.15335980597777568
14,1503,1517,0.15336515172650525
15,1498,1513,0.1533668556565643
17,1506,1523,0.15336523316451386
15,1507,1522,0.15335717092854081
14,1505,1519,0.15335616740771807
14,1500,1514,0.15335850543645999
14,1504,1518,0.15336072119228863
14,1511,1525,0.1533628001461655
13,1513,1526,0.1533647499009549
12,1507,1519,0.15336984632542966
14,1497,1511,0.15337781858686544
13,1496,1509,0.15337873633116597
13,1500,1513,0.15338288265063935
12,1511,1523,0.15338677121586566
12,1503,1515,0.15339363794347094
12,1498,1510,0.15340005405552395
11,1494,1505,0.15340605407398436
12,1504,1516,0.1534149446061278
13,1494,1507,0.1534200668866328
13,1499,1512,0.1534216601561511
13,1494,1507,0.15342320283226546
13,1493,1506,0.15342468295256761
13,1487,1500,0.1534261642732502
13,1487,1500,0.15342749815463325
13,1493,1506,0.1534287490963199
13,1502,1515,0.15342992676948583
13,1489,1502,0.15343103625424756
13,1494,1507,0.15343205024655712
13,1492,1505,0.1534330092803665
12,1490,1502,0.15343391084680189
11,1504,1515,0.153438065155565
12,1500,1512,0.15344510005221138
11,1500,1511,0.15344852195901323
11,1495,1506,0.15345481171619826
12,1497,1509,0.1534607040832555
12,1498,1510,0.15346297650524587
13,1492,1505,0.15346519262251163
12,1480,1492,0.1534640002038732
13,1485,1498,0.15346624985777968
13,1491,1504,0.15346504659178842
13,1502,1515,0.15346393690487564
14,1503,1517,0.15346291360820763
14,1502,1516,0.15345861640439112
14,1490,1504,0.15345466407829472
14,1509,1523,0.15345097932189106
14,1517,1531,0.15344753467124145
14,1516,1530,0.1534443105141282
12,1506,1518,0.15344129645810245
12,1503,1515,0.15344489081866086
13,1500,1513,0.153448183698595
12,1496,1508,0.15344812097956503
11,1493,1504,0.1534512258966469
11,1505,1516,0.15345731033949203
12,1505,1517,0.15346300724791903
12,1505,1517,0.15346506805284005
12,1505,1517,0.15346701243015415
12,1510,1522,0.15346884673898234
13,1517,1530,0.153470572394509
13,1510,1523,0.1534689226290824
13,1501,1514,0.15346746116535268
12,1498,1510,0.15346611749658595
12,1509,1521,0.15346808124201503
10,1506,1516,0.15346990472077393
10,1503,1513,0.15347814714624847
9,1500,1509,0.15348582113211406
9,1498,1507,0.1534962667627051
9,1491,1500,0.15350598496278328
9,1497,1506,0.15351507607580062
9,1510,1519,0.1535235927457422
9,1505,1514,0.15353157704104495
9,1503,1512,0.1535390655289784
10,1501,1511,0.15354609108304093
9,1509,1518,0.15354945643951345
9,1509,1518,0.15355583812117096
8,1522,1530,0.1535618313719073
9,1514,1523,0.1535707598798132
9,1505,1514,0.15357584618611042
9,1485,1494,0.15358059436811586
9,1507,1516,0.15358503932207607
9,1516,1525,0.15358920664700387
9,1517,1526,0.15359311619122715
9,1524,1533,0.15359678516621625
9,1508,1517,0.15360022911912932
9,1506,1515,0.15360353052094675
9,1505,1514,0.15360661584162927
9,1506,1515,0.1536095058905173
9,1523,1532,0.153612219009199
9,1520,1529,0.15361476766098522
9,1507,1516,0.15361716232555098
9,1505,1514,0.15361941247914868
9,1504,1513,0.153621526903164
9,1508,1517,0.15362351380615352
9,1509,1518,0.15362538088633182
9,1504,1513,0.15362713537256367
9,1506,1515,0.15362878405644909
9,1519,1528,0.15363033332002285
9,1509,1518,0.15363178916082737
9,1521,1530,0.1536331572151067
8,1512,1520,0.15363444277947677
6,1502,1508,0.15363889102725792
5,1508,1513,0.15364957236868135
6,1504,1510,0.15366281329312106
7,1509,1516,0.15367196980606163
7,1522,1529,0.15367732501076867
8,1516,1524,0.15368235331632496
7,1515,1522,0.15368384464361876
7,1523,1530,0.15368849922182054
7,1517,1524,0.15369286059989412
7,1515,1522,0.15369694655511018
6,1515,1521,0.15370077902499624
6,1504,1510,0.1537076044102063
6,1509,1515,0.15371401704278764
6,1500,1506,0.15372002874509494
6,1500,1506,0.15372566720611153
6,1500,1506,0.1537309577586621
6,1501,1507,0.15373590238450086
6,1503,1509,0.15374054248832852
6,1505,1511,0.1537448933559385
6,1511,1517,0.15374897610947397
6,1506,1512,0.15375280869972976
6,1516,1522,0.15375640727070244
7,1504,1511,0.15375978662311113
7,1507,1514,0.15375968898201461
6,1510,1516,0.15375959717464519
5,1500,1505,0.15376275910925247
5,1488,1493,0.15376903713270887
5,1501,1506,0.1537749276808244
4,1502,1506,0.15378044943424243
4,1511,1515,0.15378887153935658
4,1513,1517,0.15379678790302928
4,1512,1516,0.15380422396682866
4,1502,1506,0.15381120702887974
4,1502,1506,0.15381776472949477
4,1504,1508,0.15382392334501602
4,1508,1512,0.1538297075352568
4,1503,1507,0.15383514038396628
3,1519,1522,0.15384024349589748
3,1502,1505,0.15384829970602493
3,1503,1506,0.15385588492550684
3,1503,1506,0.15386301142786882
3,1514,1517,0.15386970476357598
3,1509,1512,0.15387599139515362
3,1520,1523,0.15388189643775868
3,1524,1527,0.15388744341441968
3,1510,1513,0.1538926543212636
3,1510,1513,0.15389754973808256
3,1511,1514,0.15390214893553625
3,1514,1517,0.15390646997133967
3,1511,1514,0.15391052977596822
3,1509,1512,0.15391434422964376
3,1510,1513,0.15391792823217582
3,1506,1509,0.15392129576685687
2,1506,1508,0.153924459959295
2,1509,1511,0.1539307306058745
2,1502,1504,0.15393663759519588
2,1517,1519,0.15394218336984483
1,1519,1520,0.1539473905521457
2,1524,1526,0.15395555600041635
2,1533,1535,0.15395995422264355
2,1526,1528,0.1539640739774008
2,1518,1520,0.15396794713936812
3,1531,1534,0.15397158797711463
4,1519,1523,0.1539717367923684
4,1514,1518,0.15396863011019188
4,1509,1513,0.1539657242088475
4,1525,1529,0.15396300977449287
4,1510,1514,0.15396047241696023
4,1506,1510,0.15395809869117627
4,1508,1512,0.15395587666542693
4,1514,1518,0.15395379564618586
4,1513,1517,0.15395184594199235
4,1517,1521,0.15395001869799516
3,1517,1520,0.15394830577755794
3,1526,1529,0.1539499410834052
3,1515,1518,0.15395148088793842
3,1514,1517,0.15395291881350068
3,1508,1511,0.15395426394443373
3,1519,1522,0.15395552378747257
3,1505,1508,0.1539567046396938
3,1519,1522,0.15395781201139602
3,1517,1520,0.1539588508478913
3,1519,1522,0.15395982565284025
3,1518,1521,0.15396074056420056
3,1511,1514,0.15396159940554102
3,1521,1524,0.15396240572342926
3,1508,1511,0.15396316281632022
3,1515,1518,0.15396387375789605
3,1509,1512,0.1539645414165695
3,1518,1521,0.15396516847219918
3,1514,1517,0.1539657574306927
3,1511,1514,0.15396631063695063
4,1512,1516,0.15396683028646876
4,1503,1507,0.15396405848000078
4,1511,1515,0.1539614563244696
4,1495,1499,0.1539590225349566
4,1502,1506,0.15395674404102738
4,1507,1511,0.15395460945464173
4,1510,1514,0.15395260872599237
4,1508,1512,0.15395073279555238
4,1497,1501,0.15394897339437363
4,1508,1512,0.15394732291844188
4,1511,1515,0.15394577434132195
4,1500,1504,0.1539443211486644
4,1523,1527,0.15394295728637306
3,1523,1526,0.15394167711796036
3,1516,1519,0.15394371931821602
3,1523,1526,0.15394564192459095
3,1529,1532,0.15394743986956919
3,1516,1519,0.15394912295662544
3,1519,1522,0.15395069974955844
3,1518,1521,0.15395217774628442
3,1518,1521,0.15395356367018473
3,1508,1511,0.15395486363830466
3,1512,1515,0.15395608326490995
3,1506,1509,0.15395722773168885
3,1499,1502,0.15395830183922762
3,1509,1512,0.1539593100470321
4,1511,1515,0.1539602565060128
4,1503,1507,0.15395790937563228
4,1506,1510,0.15395570401773767
4,1505,1509,0.1539536322752003
4,1506,1510,0.15395168789939773
4,1524,1528,0.15394986341375477
4,1528,1532,0.15394815139721582
4,1525,1529,0.15394654479059516
4,1519,1523,0.1539450369605628
3,1507,1510,0.15394362169860457
3,1518,1521,0.15394551884639024
3,1516,1519,0.15394730644570032
3,1523,1526,0.15394898722000583
3,1532,1535,0.15395056529464415
3,1527,1530,0.15395204643304405
3,1531,1534,0.15395343653147428
3,1521,1524,0.1539547412531859
3,1531,1534,0.15395596594059646
3,1538,1541,0.1539571156031931
3,1519,1522,0.15395819492857496
3,1513,1516,0.15395920830058193
3,1513,1516,0.15396015981903152
3,1500,1503,0.1539610533190855
3,1510,1513,0.15396189238954783
3,1521,1524,0.1539626803898867
3,1526,1529,0.15396342046597386
3,1526,1529,0.15396411556460865
3,1510,1513,0.1539647684469207
3,1513,1516,0.15396538170074794
3,1509,1512,0.153965957752084
3,1491,1494,0.15396649887567876
3,1504,1507,0.1539670072048688
2,1504,1506,0.15396748474070512
2,1493,1495,0.15397119112510138
2,1503,1505,0.15397467960439556
2,1508,1510,0.15397794812146728
2,1507,1509,0.15398101263193117
2,1505,1507,0.15398388748632083
2,1506,1508,0.15398658541528565
2,1505,1507,0.15398911794390732
2,1512,1514,0.15399149564440276
2,1523,1525,0.1539937282901167
2,1514,1516,0.15399582495811004
2,1522,1524,0.15399779410373238
2,1509,1511,0.15399964361873647
3,1509,1512,0.15400138087894985
3,1499,1502,0.15399975707354666
3,1515,1518,0.1539982264104208
3,1514,1517,0.15399679319586596
3,1515,1518,0.15399544444118957
3,1502,1505,0.1539941771308033
3,1500,1503,0.15399298724041013
3,1504,1507,0.15399187035928813
3,1512,1515,0.1539908220942113
3,1517,1520,0.1539898382224725
3,1512,1515,0.15398891474468906
4,1515,1519,0.15398804789785775
4,1513,1517,0.15398398124013954
4,1517,1521,0.153980156991974
4,1515,1519,0.1539765648304697
5,1522,1527,0.15397319313295263
5,1521,1526,0.15396678417733559
5,1519,1524,0.15396076252638352
4,1528,1532,0.15395511436278375
5,1526,1531,0.15395304915034536
5,1516,1521,0.153947889517661
5,1509,1514,0.1539430450641651
5,1503,1508,0.15393849006579022
5,1486,1491,0.15393420982588255
6,1483,1489,0.1539301891476247
6,1504,1510,0.15392316075865875
7,1522,1529,0.15391656231905912
7,1528,1535,0.15390714154618515
7,1505,1512,0.1538982999691838
7,1520,1527,0.1538900106860321
7,1525,1532,0.15388223888431946
7,1531,1538,0.15387495057532177
7,1531,1538,0.1538681142201193
7,1518,1525,0.15386170065404695
7,1510,1517,0.15385568284423926
7,1506,1513,0.15385003566983804
7,1509,1516,0.15384473573991767
6,1508,1514,0.1538397612416334
6,1517,1523,0.15383830855638905
6,1511,1517,0.15383695566267197
5,1520,1525,0.1538356817711853
5,1520,1525,0.15383768437946763
4,1518,1522,0.1538395638232719
4,1506,1510,0.1538445413649199
4,1497,1501,0.15384922629004408
4,1520,1524,0.15385362953993367
4,1526,1530,0.1538577637699256
4,1513,1517,0.15386164406909736
4,1527,1531,0.1538652856885467
4,1528,1532,0.15386870332668803
4,1514,1518,0.15387191090970406
4,1524,1528,0.1538749215399883
4,1522,1526,0.15387774750704575
4,1511,1515,0.15388040032238437
4,1517,1521,0.15388289076299144
4,1511,1515,0.15388522891683779
3,1512,1515,0.1538874242275414
4,1509,1513,0.1538927076161573
4,1513,1517,0.15389445117499279
4,1512,1516,0.15389607986079767
4,1525,1529,0.15389760929712823
4,1504,1508,0.15389904671556912
4,1496,1500,0.15390039758927976
4,1506,1510,0.1539016670059746
5,1502,1507,0.15390285979469306
5,1514,1519,0.1539007400904524
5,1505,1510,0.1538987531173086
5,1499,1504,0.1538969003374045
4,1509,1513,0.15389516950091564
4,1514,1518,0.1538967815677871
4,1504,1508,0.15389830148642683
4,1509,1513,0.153899720899363
4,1495,1499,0.15390104866387075
4,1497,1501,0.1539022922675442
4,1495,1499,0.1539034579563171
4,1514,1518,0.15390455116521437
4,1509,1513,0.15390557675818795
4,1512,1516,0.15390653916087707
4,1504,1508,0.15390738619528746
4,1513,1517,0.153908214507952
4,1521,1525,0.15390900471805824
4,1516,1520,0.15390975148075245
4,1508,1512,0.1539104553175684
3,1517,1520,0.15391111799545498
3,1516,1519,0.15391497289297923
3,1525,1528,0.15391860505237553
2,1519,1521,0.15392201415833784
3,1534,1537,0.15392846627215115
3,1522,1525,0.15393127981127538
3,1523,1526,0.1539339080541086
2,1519,1521,0.1539363756926476
2,1510,1512,0.15394194629766042
2,1501,1503,0.153947193941005
2,1499,1501,0.1539521276601761
2,1499,1501,0.1539567625547826
3,1500,1503,0.15396111596478182
3,1492,1495,0.15396195049022918
2,1505,1507,0.15396273541410183
2,1515,1517,0.15396676140920101
2,1511,1513,0.1539705297515286
2,1514,1516,0.15397405907865175
2,1512,1514,0.15397736936578169
2,1507,1509,0.15398047610896
2,1518,1520,0.15398339278411743
2,1503,1505,0.15398613158426733
2,1506,1508,0.1539887037233108
2,1506,1508,0.15399111959644113
2,1508,1510,0.15399338888150624
2,1518,1520,0.1539955206116918
1,1521,1522,0.15399752323232596
1,1523,1524,0.1540026622124386
1,1512,1513,0.15400749901290162
1,1525,1526,0.1540120391183102
1,1526,1527,0.15401630120698356
1,1529,1530,0.15402030308080364
1,1513,1514,0.15402406122263199
1,1502,1503,0.15402759091424462
1,1515,1516,0.15403090636747435
1,1510,1511,0.15403402083167575
1,1500,1501,0.15403694668102627
1,1499,1500,0.15403969548730953
1,1503,1504,0.15404227808225104
1,1506,1507,0.15404470461209135
1,1513,1514,0.15404698458616706
1,1517,1518,0.154049126920699
1,1513,1514,0.154051139978625
1,1515,1516,0.1540530316060839
1,1508,1509,0.15405480916600392
1,1510,1511,0.15405647956914786
1,1519,1520,0.15405804930289232
1,1518,1519,0.15405952445797066
1,1514,1515,0.15406091075336867
1,1502,1503,0.1540622135595352
1,1509,1510,0.1540634379200475
1,1519,1520,0.15406458857185412
1,1526,1527,0.15406566996420334
1,1535,1536,0.15406668627635473
1,1524,1525,0.15406764143416107
1,1517,1518,0.1540685391255997
1,1508,1509,0.15406938281532598
1,1508,1509,0.15407017575831508
1,1506,1507,0.15407092101265238
1,1512,1513,0.15407162145152922
1,1502,1503,0.15407227977449528
1,1492,1493,0.15407289851801623
1,1496,1497,0.15407348006538046
1,1499,1500,0.1540740266559969
1,1499,1500,0.1540745403941224
1,1499,1500,0.15407502325705413
1,1498,1499,0.15407547710282116
1,1503,1504,0.15407590367740637
1,1511,1512,0.15407630462152716
1,1515,1516,0.1540766814770037
1,1522,1523,0.15407703569273873
1,1512,1513,0.1540773686303342
1,1521,1522,0.15407768156936638
1,1514,1515,0.15407797571234014
1,1523,1524,0.15407825218934343
1,1517,1518,0.15407851206241865
1,1518,1519,0.15407875632966928
0,1531,1531,0.15407898592911795
