1369,31,1400,0.13582174938402738
1399,30,1429,0.13297999726660617
1413,33,1446,0.1303043918967799
1430,33,1463,0.12782735970576017
1443,33,1476,0.1255241237451622
1446,33,1479,0.12339181106446183
1442,34,1476,0.1214421325647377
1453,37,1490,0.11967693026139241
1450,37,1487,0.11804175608155588
1449,38,1487,0.11656047200425698
1440,38,1478,0.11521427472884312
1452,38,1490,0.11401015241537578
1461,37,1498,0.1128847875700902
1467,36,1503,0.1118388853708046
1455,36,1491,0.11087267641215473
1430,37,1467,0.11002163292241836
1442,39,1481,0.10930457977250158
1432,37,1469,0.10862358041021687
1438,36,1474,0.10802638653878374
1447,37,1484,0.10746898583476863
1444,36,1480,0.10694099201003632
1457,37,1494,0.10646748327158997
1451,37,1488,0.10600648064774788
1462,37,1499,0.10560031202482073
1465,35,1500,0.10520566874893966
1466,39,1505,0.10483975056893577
1472,40,1512,0.10450464631519168
1476,41,1517,0.10418644513565417
1468,44,1512,0.10388839930675008
1456,45,1501,0.10363439585613325
1455,46,1501,0.10342960760141262
1449,44,1493,0.10324542740842939
1432,43,1475,0.10309087050476418
1440,43,1483,0.10298745412244038
1429,44,1473,0.10287566558217216
1438,47,1485,0.1027978823647739
1438,46,1484,0.10270751383862742
1449,44,1493,0.10262502777719743
1443,43,1486,0.10252597960017246
1451,43,1494,0.10244893828474229
1450,44,1494,0.10236119978278627
1434,42,1476,0.10228334037880871
1440,43,1483,0.10224676270982566
1436,42,1478,0.10220066514272265
1446,43,1489,0.10216718981199428
1446,48,1494,0.10211464316921842
1448,47,1495,0.10206725261997839
1449,43,1492,0.10201986091856764
1449,39,1488,0.10197475099852209
1455,38,1493,0.10193378773399239
1458,39,1497,0.10188352992045786
1461,39,1500,0.1018313920275072
1453,41,1494,0.10177756181836525
1466,43,1509,0.10174561935587434
1453,42,1495,0.10168879317780505
1449,45,1494,0.10166503762025111
1448,44,1492,0.10165194415631096
1464,44,1508,0.10164218827054018
1450,45,1495,0.10159914110436617
1465,45,1510,0.10158982888519574
1460,46,1506,0.10154948274100083
1454,45,1499,0.10152324561033996
1454,46,1500,0.10151241565227316
1463,44,1507,0.10150240310141634
1449,46,1495,0.10147389671938363
1448,45,1493,0.10147862686254956
1449,48,1497,0.10148478558301793
1454,49,1503,0.10148830118531031
1454,48,1502,0.10148084899515343
1468,48,1516,0.10147373694174215
1460,49,1509,0.10143725452171842
1454,48,1502,0.10142121708616628
1443,46,1489,0.10141960488759776
1447,48,1495,0.10144209376858733
1451,51,1502,0.10145386341065066
1437,53,1490,0.10145581772975429
1431,53,1484,0.10148754265954585
1437,50,1487,0.10152963429593777
1445,51,1496,0.10155506534062862
1442,52,1494,0.1015609496723082
1449,50,1499,0.10157263128967202
1449,49,1498,0.1015680238812943
1446,51,1497,0.10156394856011691
1439,52,1491,0.1015665120904724
1433,52,1485,0.10158406802884815
1437,51,1488,0.10161302590393984
1433,51,1484,0.1016309465119781
1427,51,1478,0.10165595355045273
1431,51,1482,0.10169145548700315
1430,53,1483,0.1017150547045739
1436,53,1489,0.10173870366599846
1442,53,1495,0.10174733138759395
1439,56,1495,0.10174235869356721
1432,58,1490,0.10174437142569065
1422,60,1482,0.10176121732356481
1431,60,1491,0.1017980249875453
1437,62,1499,0.10181198651279814
1430,63,1493,0.10181201745284138
1439,62,1501,0.10182717826544031
1437,62,1499,0.1018217634452704
1440,65,1505,0.10182137443993262
1445,66,1511,0.10181454975164567
1436,64,1500,0.10179778051579319
1431,65,1496,0.10180175732368861
1424,67,1491,0.1018162708113671
1421,71,1492,0.10184474847586365
1418,71,1489,0.10187731747564112
1424,71,1495,0.10191345631445944
1417,73,1490,0.10193365851746553
1426,72,1498,0.1019670996248857
1432,70,1502,0.10197798470539703
1434,66,1500,0.10197501873403461
1445,63,1508,0.10196797442149162
1442,63,1505,0.10193734485213625
1424,62,1486,0.10191645982724752
1436,61,1497,0.1019362359151004
1428,62,1490,0.10192822085325477
1421,62,1483,0.10193852029059687
1423,58,1481,0.10196282502899208
1425,55,1480,0.1019802047065302
1422,58,1480,0.10199219098604231
1425,59,1484,0.10200964055684086
1434,60,1494,0.10201874710064945
1440,59,1499,0.10200767962521802
1437,58,1495,0.1019846225680924
1435,61,1496,0.10196995350529253
1442,61,1503,0.101960857513921
1446,59,1505,0.10193763361951874
1446,57,1503,0.10190818426757742
1435,58,1493,0.10188086650813584
1424,62,1486,0.10187978360175304
1435,60,1495,0.1019024782483072
1432,57,1489,0.10189918133329398
1431,57,1488,0.10190284901831013
1429,57,1486,0.10190855961837723
1425,58,1483,0.10191806524829589
1419,59,1478,0.1019354361618239
1425,61,1486,0.10196436603385023
1430,61,1491,0.10197752771574338
1434,63,1497,0.10197874122419393
1424,64,1488,0.10197105212008353
1430,64,1494,0.10198595291447365
1437,68,1505,0.10198652454179964
1426,68,1494,0.10197173367103098
1430,69,1499,0.10198224400025754
1434,67,1501,0.10198302096564152
1432,69,1501,0.10197540752433365
1421,70,1491,0.101972588265401
1403,68,1471,0.10199339226710652
1408,71,1479,0.10205185868369067
1398,69,1467,0.10209460257419627
1420,69,1489,0.10215516151539901
1419,70,1489,0.1021627529028192
1418,72,1490,0.10217197249915795
1421,73,1494,0.10218295213000031
1421,71,1492,0.10218628009281705
1416,71,1487,0.10218883742186807
1422,72,1494,0.10220212247470827
1432,69,1501,0.10220116156117236
1434,70,1504,0.1021788968274284
1425,69,1494,0.10215445779969948
1415,70,1485,0.10215149222568598
1418,68,1486,0.10217061759503629
1416,69,1485,0.10218145423161286
1404,69,1473,0.10219581357864754
1422,70,1492,0.10223476463361397
1425,66,1491,0.10223114660056275
1430,68,1498,0.10222094895763569
1436,70,1506,0.10220098737656524
1442,71,1513,0.10216969221071807
1433,72,1505,0.10212839816812062
1435,70,1505,0.10211028562923932
1429,70,1499,0.10208953833044493
1415,72,1487,0.10208358396206464
1426,70,1496,0.10210827737001296
1430,69,1499,0.10210703786045357
1435,68,1503,0.10209708251765548
1430,68,1498,0.10207770943434503
1424,70,1494,0.10207069308871004
1418,72,1490,0.10207709800313484
1421,74,1495,0.10209572399763119
1416,76,1492,0.10210624563174178
1415,76,1491,0.1021267302299135
1415,81,1496,0.10214732465926055
1411,83,1494,0.10216631905657989
1407,84,1491,0.10219206104692415
1406,82,1488,0.1022241727627002
1408,82,1490,0.10225569723269295
1404,79,1483,0.10228047691520203
1413,81,1494,0.10231174920563679
1420,83,1503,0.102321254646338
1419,85,1504,0.10231486048713184
1423,90,1513,0.1023111279317893
1417,88,1505,0.1022996351977422
1411,90,1501,0.10230210634409496
1397,90,1487,0.1023171304597125
1411,91,1502,0.10236101171330138
1415,90,1505,0.10237045764986369
1402,91,1493,0.10237006440747454
1396,92,1488,0.10239804047622503
1382,90,1472,0.10243685017876604
1394,91,1485,0.10250272206244564
1404,90,1494,0.10253710572080382
1406,87,1493,0.10254693697084744
1407,89,1496,0.10255137927062308
1391,94,1485,0.10255330956909599
1411,98,1509,0.10258979290194314
1407,98,1505,0.10257955978726346
1406,99,1505,0.10257927361006029
1403,95,1498,0.10258104982464537
1402,92,1494,0.10258933920861482
1397,91,1488,0.10259935599892288
1390,94,1484,0.10261904059250344
1388,92,1480,0.10265209481324034
1389,92,1481,0.10268666861301266
1394,95,1489,0.1027161640268933
1392,94,1486,0.1027322475093549
1406,90,1496,0.10275144831860981
1412,94,1506,0.10273819703199819
1405,94,1499,0.10271358790083081
1393,94,1487,0.1027063738954808
1398,92,1490,0.10272614316226523
1401,96,1497,0.10273398093486462
1405,96,1501,0.10273429749922705
1389,95,1484,0.10272573124237695
1387,102,1489,0.10275252518803386
1392,105,1497,0.102781875071808
1396,105,1501,0.10279778911122303
1403,100,1503,0.10280331406418108
1393,98,1491,0.10279338096724974
1400,99,1499,0.10280624696078147
1394,100,1494,0.10280224449596989
1391,106,1497,0.10281167606762573
1396,108,1504,0.10282698305373345
1395,108,1503,0.10283014442484376
1397,108,1505,0.10283497585906076
1389,108,1497,0.10283530311113606
1372,107,1479,0.10285255865659179
1372,104,1476,0.10290543517804035
1384,105,1489,0.10295360297999594
1381,104,1485,0.10297147882468698
1369,102,1471,0.10299451389506606
1365,101,1466,0.10304186204469079
1379,105,1484,0.10309380436918221
1386,107,1493,0.10311110302503604
1401,106,1507,0.10311120908741842
1397,105,1502,0.10307859193043128
1402,106,1508,0.10305739780769184
1393,107,1500,0.10302711125503818
1393,106,1499,0.10301932805678259
1399,106,1505,0.10301208910198556
1389,106,1495,0.10299250959773545
1377,111,1488,0.10299633969037142
1368,110,1478,0.10302587905223237
1385,110,1495,0.10307211951666365
1383,111,1494,0.10307778579173632
1362,115,1477,0.1030871126599168
1370,112,1482,0.1031415759792653
1379,115,1494,0.10317445804113175
1383,114,1497,0.10318500003397617
1374,113,1487,0.10318498894907811
1370,112,1482,0.10320496712440713
1363,112,1475,0.10323145963201093
1369,114,1483,0.10327114484433134
1356,118,1474,0.10329480768819348
1362,123,1485,0.10334555260732933
1366,123,1489,0.10337847535492874
1372,123,1495,0.10340006707399432
1366,125,1491,0.10340684516902052
1357,128,1485,0.10342638580510119
1359,130,1489,0.10346413423729993
1358,130,1488,0.103494655163131
1352,126,1478,0.1035245783700924
1357,128,1485,0.1035648243680568
1358,130,1488,0.10359069847696882
1347,133,1480,0.10361198827124073
1353,136,1489,0.10365557275476815
1358,137,1495,0.10368233123899709
1364,138,1502,0.10369599651509061
1366,138,1504,0.10369559335972262
1376,135,1511,0.10369105490507251
1361,135,1496,0.10366478449565875
1348,134,1482,0.10367418744847122
1350,136,1486,0.10371153859443367
1349,136,1485,0.10374121789743046
1348,135,1483,0.10377044498665298
1344,139,1483,0.10379874049511478
1347,141,1488,0.10383316378779613
1349,145,1494,0.10385782203423234
1352,144,1496,0.10387640246751201
1342,148,1490,0.1038869626867691
1351,145,1496,0.10391881626494001
1354,145,1499,0.10392762990384675
1345,141,1486,0.10392889346740898
1349,146,1495,0.10394990200611487
1356,146,1502,0.10396037553500669
1352,144,1496,0.10395480508229717
1356,145,1501,0.10395894858701596
1367,148,1515,0.1039542367788581
1364,151,1515,0.10392628873504506
1366,150,1516,0.10390750656577769
1362,152,1514,0.10388698507550549
1361,149,1510,0.103877214190607
1343,151,1494,0.10387032487435963
1347,152,1499,0.10390296002415972
1346,152,1498,0.10392426336951836
1343,153,1496,0.10394599958336136
1347,155,1502,0.10397168995013528
1344,155,1499,0.10398637628649919
1348,158,1506,0.10400706725540924
1364,158,1522,0.10401681528522971
1354,159,1513,0.1039903022057494
1349,157,1506,0.10398780363226344
1337,153,1490,0.10399692276564373
1342,154,1496,0.10403168507189299
1351,154,1505,0.10405305271097362
1344,156,1500,0.1040524069120265
1350,160,1510,0.10406740928301722
1341,157,1498,0.10406770095147154
1345,154,1499,0.10408792131833032
1343,156,1499,0.10409782652093376
1335,156,1491,0.10411161209068279
1344,158,1502,0.10414238875957263
1349,162,1511,0.1041505867380828
1335,158,1493,0.10414720862296566
1332,161,1493,0.10417490510371302
1351,160,1511,0.10420637763906868
1344,160,1504,0.10419380897660722
1344,159,1503,0.10419704106328538
1348,161,1509,0.10419968566653935
1330,162,1492,0.10419398976299292
1321,166,1487,0.10422822254832187
1326,162,1488,0.10427912674636801
1333,161,1494,0.1043137440363916
1339,157,1496,0.10433053458862514
1347,155,1502,0.10433252569288215
1332,155,1487,0.10431668069958235
1329,153,1482,0.1043356626622003
1333,156,1489,0.1043597994181274
1335,155,1490,0.1043731913206204
1342,156,1498,0.10438092451770647
1336,159,1495,0.10437267261276223
1335,161,1496,0.10437846322504114
1336,163,1499,0.10438597073274414
1351,158,1509,0.10439055412362976
1344,158,1502,0.10436132774517916
1347,160,1507,0.10434989351409257
1351,161,1512,0.10433293899807289
1348,159,1507,0.10430934820680916
1351,155,1506,0.10429501122463548
1353,157,1510,0.10427486967185594
1345,158,1503,0.1042527135630089
1333,161,1494,0.1042506353772358
1343,160,1503,0.10427490659464872
1339,161,1500,0.10427445970193511
1336,161,1497,0.10428317035975908
1333,166,1499,0.10429811433624227
1325,162,1487,0.1043183188053835
1323,167,1490,0.10435427224679454
1333,168,1501,0.1043916004476034
1315,168,1483,0.10440462821924719
1325,170,1495,0.10445649841529192
1311,174,1485,0.104481334900073
1318,178,1496,0.10453535858241518
1327,179,1506,0.10456919464691779
1319,178,1497,0.10457985238484221
1319,183,1502,0.10460753022444612
1305,188,1493,0.10463368072505279
1309,191,1500,0.10468893638466227
1317,193,1510,0.10473123105837998
1310,188,1498,0.10475316440143416
1316,192,1508,0.10478873952888978
1307,192,1499,0.10480800875831653
1299,196,1495,0.10484531805912865
1312,196,1508,0.10489780346719714
1313,198,1511,0.10491716966236836
1305,200,1505,0.10493290752713685
1297,206,1503,0.10496422512954234
1292,205,1497,0.1050111320572794
1283,206,1489,0.10506499576454706
1288,209,1497,0.10513440227084399
1286,209,1495,0.1051867766499549
1283,210,1493,0.10523969916020583
1282,203,1485,0.10529499363808355
1282,207,1489,0.10534781531428114
1298,209,1507,0.10539589000076989
1294,209,1503,0.10540428906084312
1296,206,1502,0.10542102226117808
1282,206,1488,0.10543261463256534
1287,208,1495,0.10547457147728385
1288,210,1498,0.10550190615269399
1280,212,1492,0.10552527099406259
1284,211,1495,0.10556485933082016
1282,210,1492,0.1055922127413437
1278,213,1491,0.10562163621768328
1273,217,1490,0.10565748922059032
1274,218,1492,0.10570140104539086
1261,220,1481,0.10573986046590061
1267,222,1489,0.10580428685236645
1273,225,1498,0.10584938480734275
1262,225,1487,0.10587674078245193
1262,223,1485,0.10592696956781436
1255,220,1475,0.10597406935401402
1265,226,1491,0.10603278896856602
1269,223,1492,0.10606387625170165
1279,223,1502,0.1060833171636856
1277,231,1508,0.10608030675888838
1274,234,1508,0.10608206978578902
1272,235,1507,0.10609040491521916
1277,235,1512,0.10610288879181659
1270,233,1503,0.10610314353465983
1258,236,1494,0.10611928242609242
1262,236,1498,0.10615984463482504
1264,235,1499,0.1061888198111674
1269,234,1503,0.10621142516778632
1260,232,1492,0.10622101702780963
1266,236,1502,0.10625038506595424
1264,230,1494,0.10626333330026017
1265,234,1499,0.10628011891663286
1262,233,1495,0.10629460391790033
1274,233,1507,0.10631492203662712
1268,238,1506,0.106305677009443
1268,237,1505,0.10631045862540818
1269,239,1508,0.10631479825863391
1271,233,1504,0.10631649502326494
1262,232,1494,0.10631379665932478
1265,230,1495,0.10633160255195084
1254,236,1490,0.10634203118741173
1271,225,1496,0.10637620020177337
1260,224,1484,0.10636857056286278
1263,224,1487,0.10638525312672559
1261,230,1491,0.10639342608524913
1267,233,1500,0.10640545080607662
1266,233,1499,0.10640373169067477
1266,233,1499,0.10640397485866401
1264,230,1494,0.1064040981929183
1266,231,1497,0.10640869795184268
1268,237,1505,0.1064089605306696
1273,241,1514,0.1064048703373615
1268,238,1506,0.10639042652292353
1253,237,1490,0.10638854199574055
1252,242,1494,0.10642129354686272
1240,245,1485,0.10645249606030655
1237,241,1478,0.10650768957600203
1241,242,1483,0.10656484223827518
1241,241,1482,0.10660827503529963
1246,248,1494,0.1066482836401192
1252,248,1500,0.10667298008968158
1252,249,1501,0.1066832944669999
1264,250,1514,0.10669297116761518
1255,246,1501,0.10667440515475889
1258,247,1505,0.10667756322750727
1253,243,1496,0.10667326037622323
1256,246,1502,0.10668050233316403
1260,247,1507,0.10668081523488283
1257,242,1499,0.10667160170568092
1255,245,1500,0.10666972349677352
1263,245,1508,0.10667295382690288
1250,242,1492,0.10665810063325402
1242,248,1490,0.10667423369812296
1243,244,1487,0.106706179306113
1241,247,1488,0.10673300486865546
1244,248,1492,0.10676214795695045
1246,242,1488,0.10678170240569475
1257,239,1496,0.10679511279731589
1250,235,1485,0.10678167770390107
1238,238,1476,0.10678561206575346
1232,238,1470,0.10681656571347542
1247,243,1490,0.10685867151222161
1252,243,1495,0.10686478473601618
1242,241,1483,0.10685939831143258
1258,241,1499,0.1068770019813649
1265,240,1505,0.10685668620620487
1253,237,1490,0.10682215219570396
1269,242,1511,0.10681753974312944
1265,240,1505,0.1067769041065335
1259,242,1501,0.10674849053929723
1257,240,1497,0.10673610968197465
1255,242,1497,0.10672982349026412
1250,245,1495,0.10672826072126514
1267,248,1515,0.10673878417896812
1269,253,1522,0.10671085408336978
1262,256,1518,0.10668140488420327
1250,254,1504,0.10666964991787464
1251,252,1503,0.10668588814399746
1254,252,1506,0.10669869247967374
1260,256,1516,0.10670433386107607
1251,261,1512,0.10669665642508125
1241,261,1502,0.1067097987239196
1248,263,1511,0.10674490720580251
1252,268,1520,0.10676142293836613
1239,269,1508,0.10676726822218416
1233,270,1503,0.10680237767894446
1241,271,1512,0.10684743612129555
1230,274,1504,0.10687089638388837
1222,271,1493,0.10691782243210955
1233,268,1501,0.10697884614201542
1227,279,1506,0.10700988093767119
1225,277,1502,0.10705219021662411
1217,282,1499,0.10709603959423095
1217,286,1503,0.10715452286049656
1210,288,1498,0.10720796544887587
1201,287,1488,0.10727398589796545
1207,284,1491,0.10735509397030225
1216,287,1503,0.10741559557932877
1226,287,1513,0.10745094665165897
1220,281,1501,0.1074610992598144
1222,281,1503,0.10748467430140966
1235,282,1517,0.10750175544462014
1222,287,1509,0.1074886285382912
1227,291,1518,0.10750602794662159
1222,287,1509,0.10751120226525643
1211,288,1499,0.10752706396162344
1201,291,1492,0.10756627743349673
1200,291,1491,0.10762393384768576
1211,294,1505,0.10767946616599296
1203,296,1499,0.10770449402071072
1187,303,1490,0.10774547501427699
1192,305,1497,0.10781930671769971
1188,300,1488,0.10787568389904693
1189,296,1485,0.10793718802186383
1189,302,1491,0.10799149016091172
1187,306,1493,0.10804110398147738
1174,303,1477,0.10809128104798216
1172,309,1481,0.10816581622927748
1167,306,1473,0.10823888923322024
1171,311,1482,0.10831706445968915
1181,315,1496,0.10837986835747632
1181,321,1502,0.10841590706672223
1185,329,1514,0.10844899954943393
1188,328,1516,0.10847064381696246
1191,330,1521,0.1084847877932567
1185,327,1512,0.10849092827993384
1191,328,1519,0.10851084851181744
1194,327,1521,0.10851678554572505
1198,316,1514,0.10851586174423666
1183,314,1497,0.10850658685761956
1162,314,1476,0.10853264300697826
1166,319,1485,0.10860320964856658
1168,316,1484,0.10865835522215721
1160,315,1475,0.1087042725022351
1165,313,1478,0.10876490349473517
1164,313,1477,0.10880839701275921
1158,316,1474,0.10885097414517278
1158,315,1473,0.10890348761615924
1164,308,1472,0.10895119012084813
1172,310,1482,0.10898089779110823
1181,308,1489,0.1089895937761245
1189,310,1499,0.10897733868012262
1188,312,1500,0.1089477021836839
1198,313,1511,0.10892209867411747
1192,318,1510,0.10887598544807371
1182,314,1496,0.1088469631463283
1191,314,1505,0.10884232001407622
1196,311,1507,0.10881812051080171
1186,315,1501,0.10878532170336477
1179,326,1505,0.10877870937496265
1182,327,1509,0.10878810490681204
1175,324,1499,0.10879021732194935
1182,322,1504,0.10880890828375084
1178,323,1501,0.10880942882377045
1170,327,1497,0.10881847156448955
1165,325,1490,0.10884524533350504
1169,327,1496,0.10888022837868991
1161,326,1487,0.10890297760839669
1160,325,1485,0.10894252518282885
1169,323,1492,0.10898208360630326
1169,327,1496,0.108996717156733
1175,322,1497,0.10901060492377544
1163,326,1489,0.10900950766221369
1164,328,1492,0.1090359200643499
1174,330,1504,0.10905827617252933
1172,334,1506,0.10905516874789906
1163,332,1495,0.10905681520437352
1168,331,1499,0.10907862994147792
1167,330,1497,0.10908710934395607
1161,340,1501,0.10909692865137596
1154,346,1500,0.10911883321959479
1153,341,1494,0.10915436524203567
1157,344,1501,0.10919033986161968
1162,348,1510,0.10921381970717128
1156,341,1497,0.10922531149774653
1150,346,1496,0.1092490071217248
1147,353,1500,0.10928444134998758
1151,357,1508,0.10932432129371414
1162,356,1518,0.10935163368998879
1162,359,1521,0.10935088058726944
1147,357,1504,0.10935110542172598
1150,349,1499,0.1093852425169028
1149,345,1494,0.10940941108752586
1149,344,1493,0.10943335359401896
1151,343,1494,0.10945489928399688
1150,352,1502,0.10946993455882303
1142,351,1493,0.10948700336964912
1147,347,1494,0.1095207600588305
1146,343,1489,0.10954080949105702
1146,335,1481,0.1095617325443618
1158,335,1493,0.10958061264288851
1146,341,1487,0.10957054472586183
1144,344,1488,0.10958888663376787
1150,346,1496,0.10961043221819551
1160,348,1508,0.10961732294695009
1153,354,1507,0.10960053167003418
1151,355,1506,0.1096024528696606
1140,354,1494,0.10960896625699981
1140,357,1497,0.10963878388907382
1141,356,1497,0.10966600973451104
1141,359,1500,0.10968979076061078
1150,357,1507,0.10971103734652483
1154,357,1511,0.1097109460099628
1151,352,1503,0.10970106476363242
1150,350,1500,0.10969922867885515
1140,364,1504,0.10970103611777608
1130,369,1499,0.10972586699784365
1130,374,1504,0.10977203958223476
1139,378,1517,0.10981644433864945
1136,378,1514,0.10983678922153063
1131,380,1511,0.10986315673645773
1135,383,1518,0.10989808507953053
1131,385,1516,0.10992068305896804
1129,380,1509,0.10994987875236141
1134,376,1510,0.10998220668113183
1130,381,1511,0.11000058264262325
1125,373,1498,0.11002765832837269
1125,376,1501,0.11006312660378523
1119,378,1497,0.11009627190471315
1137,372,1509,0.11013941087287142
1136,372,1508,0.1101378341831031
1135,374,1509,0.1101376162038457
1135,377,1512,0.11013956356160046
1122,379,1501,0.11014181020146338
1133,375,1508,0.11017289375080208
1138,374,1512,0.1101763388942614
1131,378,1509,0.11016727542917022
1127,375,1502,0.11017595815105657
1127,374,1501,0.11019212946013474
1133,374,1507,0.11020632584600232
1114,377,1491,0.11020533420587957
1105,380,1485,0.1102497841689916
1115,372,1487,0.1103116342192699
1110,380,1490,0.11034607377506472
1094,388,1482,0.11038977628761866
1092,394,1486,0.1104680818856239
1084,395,1479,0.11054422630298673
1078,393,1471,0.11063328116263194
1081,401,1482,0.11072791352452169
1089,402,1491,0.11080671702270298
1074,402,1476,0.11086100777621181
1087,402,1489,0.11094528609051015
1090,406,1496,0.11099313712267848
1090,410,1500,0.11103025063091147
1089,404,1493,0.11106441906957819
1096,405,1501,0.11109762795127526
1083,410,1493,0.11111333226786128
1080,408,1488,0.11115896511698198
1082,411,1493,0.11120751693876738
1087,409,1496,0.11124558393305214
1083,414,1497,0.11127073783180515
1087,408,1495,0.11130350033450019
1087,414,1501,0.11132391517494775
1086,415,1501,0.11134280142938904
1092,413,1505,0.1113620353326235
1083,418,1501,0.11136448428265583
1080,420,1500,0.11138959678857856
1080,411,1491,0.11142093659910021
1068,412,1480,0.11144803823191561
1061,409,1470,0.1115006584756141
1069,412,1481,0.1115668545622974
1064,415,1479,0.11161039944516676
1071,424,1495,0.11166040178043536
1075,422,1497,0.11169035197426233
1070,429,1499,0.11170869049153381
1061,433,1494,0.11173747385445258
1060,432,1492,0.11178572483942346
1059,438,1497,0.1118327453381618
1062,435,1497,0.11187830992931365
1061,441,1502,0.11191250205313154
1056,441,1497,0.11194664787026241
1058,436,1494,0.11198999385625807
1051,433,1484,0.11202510445923364
1057,431,1488,0.11207256017377802
1058,442,1500,0.11210199499175642
1056,444,1500,0.11212748427074205
1057,441,1498,0.11215575085668043
1053,445,1498,0.11217951731808544
1048,443,1491,0.11221102465625853
1049,457,1506,0.1122516306993876
1048,456,1504,0.11228627072208894
1043,455,1498,0.11232024504455392
1031,451,1482,0.11236344774597974
1043,460,1503,0.11243176148795168
1055,462,1517,0.11246662255756176
1051,463,1514,0.11247253921580896
1049,465,1514,0.11248759967942037
1048,461,1509,0.1125066381072201
1051,465,1516,0.11252608763712764
1051,469,1520,0.11253676543626544
1033,469,1502,0.11254770483173387
1034,468,1502,0.11260110828731591
1036,469,1505,0.11264847182337581
1036,463,1499,0.11268729476403051
1036,464,1500,0.11272435887896527
1037,472,1509,0.11275849207532289
1027,467,1494,0.11278690450480111
1033,465,1498,0.11283741493841346
1027,462,1489,0.11287017534068675
1041,472,1513,0.11291491879306477
1029,479,1508,0.11292275204484939
1025,476,1501,0.11295876618687846
1027,476,1503,0.11300057415629564
1023,488,1511,0.11303512812864668
1027,483,1510,0.11307646290946893
1020,483,1503,0.11310494138661406
1014,481,1495,0.11314792794948485
1026,480,1506,0.11320183591277864
1032,480,1512,0.11322379544689276
1020,490,1510,0.11323254712462626
1031,487,1518,0.11327022005354681
1025,495,1520,0.11327939791944072
1020,494,1514,0.11330245612088456
1003,491,1494,0.11333463679981313
1001,497,1498,0.11340486683400476
1006,499,1505,0.11347526871678214
995,504,1499,0.11352846605598245
992,511,1503,0.11360244007958442
1011,508,1519,0.11367754377551406
998,505,1503,0.11370216367734497
1001,503,1504,0.11375616488517337
992,504,1496,0.11379820897536246
995,506,1501,0.1138586326051325
989,506,1495,0.11390792490196908
995,506,1501,0.11396800764895229
991,498,1489,0.11400904787880262
997,509,1506,0.11405626761549453
1000,508,1508,0.11408661989906532
994,514,1508,0.11410731243102376
987,520,1507,0.11414160972864629
988,524,1512,0.11418949272227401
984,521,1505,0.11423148373744951
995,521,1516,0.11428065485251059
977,519,1496,0.11429996781473424
974,514,1488,0.11436024192915037
993,511,1504,0.11442296621146618
987,512,1499,0.11443678326113911
985,512,1497,0.11446334704059076
995,512,1507,0.11449294695659422
983,518,1501,0.11449792439751626
983,510,1493,0.11453108081981428
983,513,1496,0.11455933511580431
995,523,1518,0.11458499446889597
987,525,1512,0.11458000561061243
979,531,1510,0.11459611753550142
979,534,1513,0.11463028593812874
984,529,1513,0.11466316809453686
986,529,1515,0.11468225778884374
988,527,1515,0.11469432739429639
985,529,1514,0.11470094476523933
980,530,1510,0.11471454693189118
973,529,1502,0.11473877023957309
958,537,1495,0.11477837726130266
962,541,1503,0.11485018604626568
968,537,1505,0.11490628906711044
967,533,1500,0.11494376136927519
977,539,1516,0.11498179759875814
969,542,1511,0.11499297073924054
960,538,1498,0.1150222391335652
949,543,1492,0.11506972822269748
963,538,1501,0.11514004917143299
961,535,1496,0.11517096159545254
963,542,1505,0.11520445765925015
972,543,1515,0.11523080983641087
970,549,1519,0.11523517242458939
959,546,1505,0.11524400240086344
953,538,1491,0.11527883109013218
957,542,1499,0.11532587040561836
956,550,1506,0.11536001123016253
944,545,1489,0.11539572444071095
953,554,1507,0.1154580646975358
952,560,1512,0.11549357985703239
947,560,1507,0.11552769129982793
952,561,1513,0.11557126806335077
955,564,1519,0.1155987765139319
951,563,1514,0.11561758149225501
939,563,1502,0.11564528895276269
946,563,1509,0.11569961519424134
938,563,1501,0.11573341564774647
941,563,1504,0.11578242165913424
946,565,1511,0.11581940102833502
951,564,1515,0.11584144826406258
931,560,1491,0.11585023811799056
936,567,1503,0.11590748562297795
933,564,1497,0.11594865313965778
921,558,1479,0.1159936710318372
928,553,1481,0.11606501669782154
936,553,1489,0.11611455659748607
938,557,1495,0.11614070136807624
940,565,1505,0.11616039345393522
939,568,1507,0.11617427987425909
939,570,1509,0.11619038654194448
923,575,1498,0.11620664515349075
915,579,1494,0.11626027048606044
908,591,1499,0.11632827489953082
921,591,1512,0.11640754537219522
924,597,1521,0.11645045243832762
914,592,1506,0.11648135279772857
914,586,1500,0.11653372021616339
917,586,1503,0.11658189566925166
924,580,1504,0.11662027698952103
912,588,1500,0.11663854011384771
912,586,1498,0.11668353201834612
910,591,1501,0.11672531706662453
909,591,1500,0.11676912023117574
902,600,1502,0.11681159006831948
906,594,1500,0.11686525802962079
899,597,1496,0.11690573906278334
896,603,1499,0.11695980187614564
900,605,1505,0.11701650019479598
896,598,1494,0.11705875444701391
896,606,1502,0.11710776567336507
889,603,1492,0.11715234101147931
892,601,1493,0.11721065218769561
896,607,1503,0.11725726575631637
885,610,1495,0.11729062901728483
883,603,1486,0.11734907012436563
890,613,1503,0.1174079225625211
886,615,1501,0.11744508742330187
895,605,1500,0.11748952307484015
888,603,1491,0.11750897869512965
887,605,1492,0.1175451064752384
890,600,1490,0.1175827558492503
890,596,1486,0.1176092181098468
898,602,1500,0.11763321336941056
894,612,1506,0.1176362263299815
895,608,1503,0.11764991408624902
898,603,1501,0.11766016855904791
892,604,1496,0.11766212478859205
890,609,1499,0.11767785676279917
897,605,1502,0.1176967083430908
892,617,1509,0.11769684898083703
884,617,1501,0.11771054325768414
888,607,1495,0.11774252913221525
891,599,1490,0.11776043885643205
895,609,1504,0.1177694336137564
889,613,1502,0.1177686931716341
907,604,1511,0.11778169039802833
907,601,1508,0.11775061651150243
902,599,1501,0.11772227017541347
894,595,1489,0.11770788946275931
888,601,1489,0.11771261027005166
890,597,1487,0.11773232027287982
895,609,1504,0.11774607435566704
896,606,1502,0.11774860516398941
892,603,1495,0.11774882198192456
892,606,1498,0.11775820260184436
889,599,1488,0.11776683448454023
883,606,1489,0.11778062823521865
884,606,1490,0.11780688101558305
886,597,1483,0.11782954621131371
884,606,1490,0.11784546531095248
887,623,1510,0.11786525134802232
891,617,1508,0.11787645904823682
884,620,1504,0.11787647936573752
883,622,1505,0.11789443656052782
878,624,1502,0.11791309894159874
883,617,1500,0.11794273970795206
875,628,1503,0.11795852552020289
866,623,1489,0.11799252206289058
872,623,1495,0.11804548993108482
860,624,1484,0.11807945923803292
861,625,1486,0.11813967133833919
864,635,1499,0.11819271750662655
864,628,1492,0.11823406447360724
871,624,1495,0.11827253644964603
867,618,1485,0.11829181537939959
870,623,1493,0.11832023380424232
875,633,1508,0.11833663878703145
876,630,1506,0.11833669211583903
871,631,1502,0.11833535517264611
871,624,1495,0.1183446139929763
881,627,1508,0.1183551639031165
873,630,1503,0.11834134202193221
874,629,1503,0.11834910363494416
873,620,1493,0.11835311840334206
858,619,1477,0.11835779561890225
877,626,1503,0.11839949022621951
875,631,1506,0.11839176066637541
868,639,1507,0.11838810270088893
860,635,1495,0.11840267809224678
856,635,1491,0.11843542526321492
869,636,1505,0.11847354513827221
870,640,1510,0.11847803500237154
875,645,1520,0.11848047601328177
876,643,1519,0.11846954586349046
870,647,1517,0.11845649199388766
866,644,1510,0.11845927558620704
858,640,1498,0.11847097437784777
866,633,1499,0.11850195075602077
864,633,1497,0.11851232158217305
862,643,1505,0.11852649306774918
850,645,1495,0.11854626542487502
856,652,1508,0.11859481271687695
851,653,1504,0.1186238238269517
843,644,1487,0.11866268568288657
851,655,1506,0.11871872355860581
841,652,1493,0.1187511296097397
842,650,1492,0.11880525230642043
846,650,1496,0.11885305058454222
839,653,1492,0.11888671540869762
847,657,1504,0.11893463905093454
852,653,1505,0.11895983481138062
840,655,1495,0.1189701767707639
839,660,1499,0.11901099238563585
843,663,1506,0.11905095858497396
845,665,1510,0.11907875934497379
844,667,1511,0.11910034696904975
837,673,1510,0.11912135511833678
833,668,1501,0.1191570716579018
832,672,1504,0.1192006041654184
824,679,1503,0.11924583288257719
827,676,1503,0.11930657759513873
826,674,1500,0.11935582286061941
836,666,1502,0.119403070507318
840,677,1517,0.11942333784537741
830,681,1511,0.11943149969967505
818,682,1500,0.11946454288690972
807,685,1492,0.11952503075460352
800,684,1484,0.11960690575561124
806,689,1495,0.11969929074916204
807,704,1511,0.11977068163525689
807,699,1506,0.1198343848224977
810,702,1512,0.11989238335311096
814,705,1519,0.11993893120451177
821,701,1522,0.11997206852507912
821,698,1519,0.11998542567601561
822,689,1511,0.11999815356594494
824,696,1520,0.12000836152599355
810,696,1506,0.12001339704079454
811,696,1507,0.12005325154608033
813,706,1519,0.12008923724084408
802,709,1511,0.12011861086639516
799,709,1508,0.12017293600102556
812,710,1522,0.12023048477147684
806,709,1515,0.12025301158272839
795,716,1511,0.12028890205916298
795,715,1510,0.12034876893552517
800,716,1516,0.12040398152085513
799,725,1524,0.12044344817830177
787,720,1507,0.12048311233843353
784,731,1515,0.1205477221749727
776,718,1494,0.12061566817671107
770,731,1501,0.12069831217118371
781,741,1522,0.120789444391841
783,742,1525,0.1208491723531049
776,734,1510,0.12089912206409135
780,733,1513,0.12096173566552718
777,734,1511,0.12101081339968169
777,732,1509,0.12106447272238771
778,720,1498,0.12111497668672459
770,736,1506,0.12116010986710414
768,731,1499,0.1212222649286566
769,737,1506,0.12128402244027044
764,738,1502,0.12133920337156961
761,735,1496,0.1214033499338195
751,753,1504,0.12146999537885758
750,748,1498,0.12155534971800655
762,756,1518,0.12163710835846384
768,748,1516,0.1216827962114736
767,744,1511,0.12171074276180734
766,750,1516,0.12173941659996373
759,754,1513,0.12177007911768783
758,754,1512,0.12181599349375848
760,753,1513,0.12186196716146601
756,754,1510,0.12190153627007591
744,764,1508,0.12194742254855935
736,770,1506,0.12201947903070248
743,776,1519,0.12210648426370938
736,780,1516,0.12217139120890252
733,779,1512,0.12225053616585305
720,774,1494,0.1223329498676812
722,779,1501,0.12244022056860135
714,779,1493,0.12253532037230633
714,784,1498,0.12264367955899946
723,781,1504,0.12274721967571288
718,788,1506,0.12282132773053395
718,787,1505,0.12290037437804908
719,782,1501,0.12297435281311253
714,787,1501,0.12304068996317052
712,783,1495,0.12311613737232556
713,795,1508,0.12318937273818463
722,793,1515,0.12325610102144248
715,801,1516,0.12329661691311095
712,798,1510,0.12335180308072888
702,796,1498,0.12341075393043414
707,798,1505,0.1234910565503472
708,796,1504,0.12355372777844627
697,799,1496,0.12361011314833475
695,795,1490,0.12368963508957051
692,809,1501,0.12376840165315141
696,819,1515,0.1238484961162553
690,824,1514,0.12391283516550683
695,817,1512,0.12398613372122924
695,812,1507,0.12404217082472858
677,820,1497,0.12409419048326178
679,831,1510,0.12418671661584742
689,831,1520,0.12426703364571681
682,832,1514,0.1243182085785401
678,822,1500,0.12438453645781483
681,824,1505,0.12445593975374215
679,820,1499,0.12451578874155661
677,828,1505,0.12457538003546054
676,825,1501,0.1246350611485093
683,825,1508,0.12469398093705562
684,830,1514,0.1247299639904946
680,825,1505,0.1247608953979077
685,829,1514,0.12480059272201088
691,826,1517,0.12482593185951021
681,833,1514,0.12483432843232632
673,826,1499,0.12486648916587723
670,838,1508,0.1249168192756683
675,834,1509,0.12497014345494632
680,842,1522,0.12500720151278394
672,837,1509,0.12503098058289341
677,844,1521,0.12507306201017904
671,850,1521,0.1251025187563601
666,858,1524,0.12514605932330708
654,840,1494,0.12519815453889452
663,839,1502,0.12527617854540046
666,850,1516,0.12532826436354544
662,857,1519,0.12537043401064488
661,861,1522,0.12542068711385948
653,855,1508,0.1254681150425042
653,862,1515,0.12553448700472317
649,859,1508,0.12559630171885908
641,867,1508,0.12566513925506073
649,864,1513,0.12574804974895015
646,859,1505,0.12580577222227907
643,864,1507,0.12586883231283988
643,863,1506,0.12593545575918016
637,859,1496,0.12599660245205724
643,858,1501,0.12606892383992574
649,858,1507,0.12611906392209324
645,862,1507,0.126151048641385
642,868,1510,0.12619133346589492
635,880,1515,0.12623522557245512
645,871,1516,0.12629317509687177
639,862,1501,0.12632032027056372
645,860,1505,0.1263605131240052
646,863,1509,0.12638157490281882
648,857,1505,0.12639694900304732
649,865,1514,0.12640645247984036
650,856,1506,0.12641326842695816
650,862,1512,0.12641658494971197
647,857,1504,0.1264218197742647
642,854,1496,0.12643300823353026
643,857,1500,0.1264573445575488
642,870,1512,0.12647834176442013
636,867,1503,0.12650196173056968
636,866,1502,0.1265397914518037
630,883,1513,0.12657484937920507
631,876,1507,0.12662464277388769
630,882,1512,0.12666909110515234
614,894,1508,0.12671318806886286
616,890,1506,0.12679401910570431
622,885,1507,0.1268647256369731
621,884,1505,0.1269174965258208
616,880,1496,0.12696935199992346
622,883,1505,0.12703065678297215
608,891,1499,0.127073361964477
614,903,1517,0.12714894018555098
616,894,1510,0.12720382109535439
615,881,1496,0.12724910769096323
615,891,1506,0.127294336340623
617,878,1495,0.1273359379025444
613,880,1493,0.1273695155034648
611,886,1497,0.1274105074684083
613,893,1506,0.12745441778899233
602,899,1501,0.1274882869694805
605,894,1499,0.12755000840499206
616,905,1521,0.1276000773009536
616,900,1516,0.12762024819355297
617,891,1508,0.12763906644660242
617,898,1515,0.1276545982912941
612,883,1495,0.12766854477619735
609,890,1499,0.12769469322689467
609,900,1509,0.12772644825937884
598,904,1502,0.12775728576383794
601,899,1500,0.12781484751194871
603,891,1494,0.12786104816897517
595,894,1489,0.12790029564044364
594,903,1497,0.12795835371966066
601,906,1507,0.12801450656091082
601,904,1505,0.12804911352429096
592,909,1501,0.12808238546315184
597,905,1502,0.128136580943701
597,901,1498,0.1281757891587613
596,908,1504,0.12821328067313179
596,909,1505,0.12825007661752408
600,915,1515,0.12828410773180424
598,921,1519,0.12830642862581595
589,923,1512,0.12833145280609393
593,923,1516,0.12837671473706316
595,921,1516,0.12840920457745034
595,921,1516,0.12843786284061445
601,919,1520,0.12846494085508467
590,926,1516,0.12847579565117875
582,933,1515,0.1285134232857296
582,930,1512,0.12856744866469225
581,931,1512,0.12861736980986094
575,933,1508,0.12866707011552236
566,930,1496,0.12872702501170222
571,927,1498,0.1288058017775482
564,924,1488,0.12886695165190531
572,932,1504,0.12894295421883387
568,947,1515,0.12899272100040604
567,943,1510,0.12904740520235813
566,944,1510,0.1291014213159204
568,938,1506,0.12915503566980083
566,928,1494,0.12920010530819762
561,933,1494,0.1292471769061768
553,930,1483,0.12930354420759155
556,949,1505,0.12937788562578267
554,946,1500,0.1294388025710437
559,962,1521,0.1295008949345853
550,960,1510,0.12954687280206645
553,959,1512,0.12961145630107807
557,968,1525,0.1296661903342642
550,958,1508,0.12970770773428292
553,953,1506,0.12976556275133586
542,945,1487,0.1298116543259235
546,974,1520,0.1298831437863675
538,973,1511,0.12994153357299898
529,971,1500,0.13001668797932328
534,974,1508,0.1301081301476124
537,973,1510,0.13018135705149014
530,969,1499,0.13024137038711772
530,987,1517,0.13031459479184523
529,987,1516,0.13038401594751386
530,977,1507,0.13045005149634004
522,988,1510,0.1305102307805629
522,981,1503,0.13058626448163566
516,979,1495,0.13065645651561641
523,978,1501,0.1307377006187452
512,981,1493,0.13079781891424616
515,991,1506,0.13088375145769207
506,986,1492,0.13095623165472067
515,987,1502,0.13104633360061968
520,1003,1523,0.13110733785545206
518,991,1509,0.131150966524895
519,984,1503,0.13119726775298557
520,984,1504,0.13123795293836113
522,981,1503,0.13127406925106513
526,986,1512,0.13130256641022628
528,997,1525,0.13131953810918037
523,994,1517,0.13132917516937698
519,984,1503,0.13135063494800547
525,975,1500,0.1313808036138374
521,978,1499,0.13139296025215533
520,992,1512,0.131413552888096
523,989,1512,0.1314340589682077
517,988,1505,0.13144577127445417
521,993,1514,0.13147245132799645
524,990,1514,0.13148780273790325
528,987,1515,0.13149391292017942
516,984,1500,0.13148941316448995
515,986,1501,0.13151757548046555
517,982,1499,0.13154467425855093
524,983,1507,0.13156270227960992
522,989,1511,0.131561610093714
516,987,1503,0.13156550351594962
518,987,1505,0.13158564231318923
520,986,1506,0.13159893533582753
516,999,1515,0.13160556607377738
511,995,1506,0.13162178880273223
515,981,1496,0.1316504319833024
507,990,1497,0.13166707165104238
511,973,1484,0.13170244225933964
508,983,1491,0.1317265823775562
505,987,1492,0.131754838054561
500,995,1495,0.1317899438506386
493,992,1485,0.13183723370916212
501,1004,1505,0.1319002628872145
501,1008,1509,0.13193919680427496
501,1016,1517,0.13197516805412984
495,1025,1520,0.13200945017686583
488,1010,1498,0.1320588508438906
495,1015,1510,0.1321214809286504
498,1025,1523,0.13216166059655732
495,1028,1523,0.13219269606927722
492,1027,1519,0.13222859151711389
497,1029,1526,0.13227170314582415
492,1024,1516,0.13230063317385155
491,1023,1514,0.13234180488636318
485,1030,1515,0.13238287925381764
489,1027,1516,0.13243826724351115
485,1037,1522,0.13248008502295786
486,1040,1526,0.13252899801114715
476,1037,1513,0.13257207299811888
478,1041,1519,0.13263715413739616
472,1038,1510,0.13269279683232507
478,1051,1529,0.1327594907621308
478,1048,1526,0.1328063076170818
475,1039,1514,0.1328505208652572
478,1041,1519,0.13289932638935026
484,1038,1522,0.13293728773019498
474,1033,1507,0.13295801136276972
468,1035,1503,0.1330023095087591
470,1034,1504,0.13305873570376994
467,1032,1499,0.13310684251710656
463,1037,1500,0.13315916456591992
468,1040,1508,0.1332177441766955
467,1033,1500,0.13325911781480276
466,1039,1505,0.13330218886374298
467,1039,1506,0.13334341086148255
466,1041,1507,0.13337895501410318
463,1035,1498,0.13341553867046563
456,1037,1493,0.13345931295962077
448,1031,1479,0.13351721319246346
446,1040,1486,0.1335922198655877
453,1034,1487,0.1336671630912012
450,1045,1495,0.13372008760339443
451,1048,1499,0.13377791299886593
457,1048,1505,0.13382872754973588
457,1051,1508,0.1338614222014552
461,1054,1515,0.13389266412242878
463,1045,1508,0.13390996615295045
465,1053,1518,0.1339210689010108
464,1056,1520,0.13392635920017248
462,1046,1508,0.13393396733899238
463,1050,1513,0.13394657907945917
464,1050,1514,0.13395720863951177
463,1047,1510,0.133963332789627
461,1050,1511,0.13397073398655576
461,1059,1520,0.13398130626533417
463,1056,1519,0.13399181302689317
458,1049,1507,0.13399842049566096
452,1057,1509,0.13401896279211303
455,1063,1518,0.13405418187468598
454,1055,1509,0.134078601877005
451,1066,1517,0.13410300282723525
448,1061,1509,0.13413350779252953
447,1047,1494,0.1341691514797083
441,1049,1490,0.1342044490264988
440,1065,1505,0.13425285964130235
440,1046,1486,0.134300405277008
440,1060,1500,0.13434471845246268
445,1055,1500,0.134387109994794
438,1057,1495,0.13441373026867243
442,1068,1510,0.1344573632566488
444,1074,1518,0.13448694754944227
438,1081,1519,0.13450924833959918
434,1079,1513,0.13454658993043445
433,1066,1499,0.13459288914250211
434,1063,1497,0.13463825987946865
430,1069,1499,0.1346769869155729
434,1073,1507,0.13472387330309465
439,1073,1512,0.13475622307746662
433,1085,1518,0.13477504632365542
431,1074,1505,0.13480927519444763
425,1082,1507,0.13484577337444453
427,1093,1520,0.13489601338270718
426,1088,1514,0.1349382778484527
420,1081,1501,0.13498104003214428
421,1084,1505,0.13503601008540722
423,1074,1497,0.13508518680859766
428,1093,1521,0.13512754365312774
425,1089,1514,0.13515511441946887
424,1080,1504,0.13518879211727597
424,1091,1515,0.13522102588611148
422,1090,1512,0.13525203021283805
418,1089,1507,0.13528592861926697
414,1081,1495,0.1353268655848711
420,1092,1512,0.13537518278131216
420,1086,1506,0.135405305769719
419,1086,1505,0.13543450665750925
413,1095,1508,0.13546469341079792
413,1098,1511,0.13550842410726577
413,1115,1528,0.13554906228770944
415,1111,1526,0.13558787565069494
420,1094,1514,0.13561785656004013
414,1088,1502,0.1356318902060298
417,1083,1500,0.13566031388530622
418,1088,1506,0.13567755801559714
416,1091,1507,0.1356865214883598
421,1094,1515,0.1357003782976243
420,1091,1511,0.1357022528588697
419,1079,1498,0.1357073481628775
411,1098,1509,0.13571772341835828
408,1099,1507,0.13574765083031123
413,1101,1514,0.13578216330155093
409,1095,1504,0.13580166705081356
404,1088,1492,0.13582946360816414
411,1084,1495,0.13586833760724448
406,1091,1497,0.13588604959288428
409,1089,1498,0.1359167325671449
418,1086,1504,0.13593776757323234
419,1094,1513,0.13593205100766922
420,1095,1515,0.1359244755826449
425,1097,1522,0.13591545093997848
424,1082,1506,0.13589280761944839
417,1073,1490,0.13587538199821175
416,1084,1500,0.13587692002586396
419,1081,1500,0.1358816320348061
416,1088,1504,0.1358789051635963
416,1094,1510,0.13588369560261776
413,1093,1506,0.13588877380797404
413,1095,1508,0.13590019989786722
412,1102,1514,0.1359105790621382
409,1112,1521,0.1359216880046874
414,1108,1522,0.13593976522190793
412,1108,1520,0.135943966422198
413,1096,1509,0.1359533848958704
410,1093,1503,0.13596145866110013
410,1098,1508,0.13597781507280607
411,1089,1500,0.1359942275523581
410,1096,1506,0.13600524095699826
416,1087,1503,0.13601905766561667
412,1091,1503,0.13601595857952353
406,1093,1499,0.1360236346895455
411,1097,1508,0.13604636940778939
406,1097,1503,0.13605482243019226
405,1082,1487,0.13607546228078482
407,1088,1495,0.13609611916579661
409,1088,1497,0.1361125839283028
413,1089,1502,0.1361234012623005
407,1087,1494,0.13612137166326252
400,1089,1489,0.13613559201636727
403,1108,1511,0.1361669400979145
406,1121,1527,0.13618893740700672
406,1130,1536,0.13620351547175097
404,1116,1520,0.13621740198108584
407,1099,1506,0.13623629309624005
405,1101,1506,0.13624569059313255
406,1098,1504,0.1362579766686312
407,1101,1508,0.13626785968621144
406,1106,1512,0.13627617572173756
405,1102,1507,0.136285341903912
406,1098,1504,0.1362974822699194
406,1101,1507,0.1363056539514925
409,1101,1510,0.13631223527981223
403,1104,1507,0.13630976053798957
397,1104,1501,0.13632213072114396
405,1100,1505,0.1363492727336852
413,1100,1513,0.13635640232115206
415,1094,1509,0.13634096538345472
412,1094,1506,0.13632253635023928
412,1088,1500,0.13631464682114924
405,1097,1502,0.13630797103254952
410,1107,1517,0.13631912696142534
405,1101,1506,0.13631778315882798
402,1110,1512,0.13633063290365716
399,1107,1506,0.13634768085518392
401,1112,1513,0.1363704703680247
399,1114,1513,0.13638758205124085
392,1106,1498,0.13640856056347192
398,1094,1492,0.13644568529596524
398,1093,1491,0.13646573800823372
400,1105,1505,0.1364835678688995
390,1109,1499,0.13649382077676608
394,1106,1500,0.13653182403137465
401,1121,1522,0.13655842722587086
404,1117,1521,0.13656458961990117
396,1111,1507,0.13656226901584798
398,1105,1503,0.13658093371037228
402,1113,1515,0.13659269071633648
401,1107,1508,0.13659336922023949
394,1109,1503,0.136595684576838
394,1111,1505,0.13661608034110045
394,1108,1502,0.1366343245176749
396,1110,1506,0.13665120191282804
401,1110,1511,0.13666245709604774
396,1109,1505,0.1366596238246135
401,1123,1524,0.1366715976953392
395,1123,1518,0.13666770030898387
403,1123,1526,0.1366797143257437
394,1129,1523,0.13667074318483663
401,1133,1534,0.1366862154271807
396,1126,1522,0.13668264292247514
396,1125,1521,0.13669450881947123
394,1106,1500,0.1367044796113928
388,1114,1502,0.1367192491282115
384,1111,1495,0.13674798009891148
384,1116,1500,0.13678562430431915
392,1118,1510,0.13682165943500194
382,1121,1503,0.13683402217308252
384,1120,1504,0.13687123042387997
386,1113,1499,0.1369006229124473
381,1121,1502,0.13692270239641588
375,1131,1506,0.13695800239130743
375,1137,1512,0.13700450904211123
382,1133,1515,0.13704825392238856
382,1136,1518,0.13706993233199039
380,1136,1516,0.13708912234419993
374,1137,1511,0.13711259015939783
379,1132,1511,0.13715104245023205
378,1129,1507,0.13717570973709825
385,1132,1517,0.13719941542761702
384,1123,1507,0.13720342310887518
377,1123,1500,0.13720911585222811
376,1123,1499,0.13723157510401723
380,1120,1500,0.1372538395364166
382,1115,1497,0.13726276731588538
384,1123,1507,0.13726701593973115
384,1129,1513,0.13726570851377112
386,1131,1517,0.13726493357096095
387,1127,1514,0.13725921709050753
387,1129,1516,0.13725149877894297
387,1125,1512,0.13724521008388693
384,1131,1515,0.13723910991716295
386,1131,1517,0.13723955544283423
387,1132,1519,0.13723635792259092
385,1135,1520,0.13723088351817553
379,1127,1506,0.1372306614124265
378,1137,1515,0.13724620054500017
373,1131,1504,0.13726260269679463
373,1127,1500,0.13728895808286443
371,1147,1518,0.13731524019995958
373,1149,1522,0.13734655931120854
371,1143,1514,0.13737107778449112
370,1141,1511,0.13739894437607703
372,1135,1507,0.13742806974386915
371,1136,1507,0.13744982920379606
368,1132,1500,0.13747300797234602
372,1145,1517,0.13750124578482015
370,1145,1515,0.13751822942711966
371,1142,1513,0.13753815929200905
369,1144,1513,0.13755554939108117
368,1155,1523,0.1375775719514608
363,1151,1514,0.13760122047209716
357,1155,1512,0.13763621893714809
360,1156,1516,0.13768332792181298
361,1150,1511,0.13771950351015477
362,1154,1516,0.1377521637624702
359,1160,1519,0.13778118814106968
358,1164,1522,0.1378162817690971
353,1150,1503,0.1378519274063092
356,1158,1514,0.13789845996788258
351,1166,1517,0.1379344462186118
349,1168,1517,0.13798048983249508
341,1165,1506,0.138028376082186
342,1170,1512,0.13809439720420255
349,1167,1516,0.1381529796143245
346,1169,1515,0.13818987137139854
347,1161,1508,0.13823234121749153
343,1160,1503,0.1382692211669551
337,1161,1498,0.1383154340996845
348,1163,1511,0.1383728495514114
348,1160,1508,0.1383989597089944
342,1168,1510,0.13842302039187424
341,1166,1507,0.13846223192393536
340,1166,1506,0.138502439285983
337,1160,1497,0.13854261242215318
340,1159,1499,0.13858992642453355
339,1161,1500,0.13862517547651435
336,1161,1497,0.1386591458560355
333,1161,1494,0.13869800236297028
338,1176,1514,0.13874137241184337
339,1170,1509,0.13876970807754996
338,1166,1504,0.13879366917672098
341,1163,1504,0.13881838337276167
340,1172,1512,0.13883248134848858
339,1177,1516,0.1388497419271679
338,1174,1512,0.13886936223856763
328,1172,1500,0.13889046339944588
336,1168,1504,0.13893693037838356
331,1177,1508,0.13895800595569674
335,1173,1508,0.1389887821668435
334,1173,1507,0.13900834537328205
327,1193,1520,0.13903020280489492
326,1192,1518,0.13907009809393447
327,1192,1519,0.13910863278907964
327,1188,1515,0.1391428092276381
328,1181,1509,0.1391738476279832
328,1186,1514,0.13919936867087052
325,1191,1516,0.1392233303813549
325,1188,1513,0.13925183909546626
328,1182,1510,0.13927772953749198
331,1183,1514,0.13929264496948573
329,1190,1519,0.13930025254628883
320,1180,1500,0.1393145735390344
318,1188,1506,0.13935216718909885
314,1179,1493,0.1393923495576628
309,1181,1490,0.1394406187361311
320,1183,1503,0.13949749859448993
330,1185,1515,0.1395214309325753
328,1192,1520,0.13951737878950646
325,1195,1520,0.1395193446701256
320,1185,1505,0.1395290092905652
317,1183,1500,0.13955244930399516
313,1177,1490,0.13957914691677936
316,1180,1496,0.139615689695413
307,1179,1486,0.13964312381738
307,1201,1508,0.1396937828242073
306,1209,1515,0.13974102603084085
305,1215,1520,0.13978868705097786
315,1209,1524,0.13983507248459048
311,1196,1507,0.13985146205490942
316,1186,1502,0.1398762138611815
317,1197,1514,0.13988549211724227
316,1199,1515,0.139892465095277
320,1186,1506,0.13990111872216912
316,1198,1514,0.13989945843442228
314,1207,1521,0.13990964847447115
313,1206,1519,0.1399251133447165
308,1202,1510,0.13994233337459897
308,1201,1509,0.1399718984251874
313,1198,1511,0.1399992942912899
313,1204,1517,0.14001136764102193
317,1196,1513,0.14002303411910963
315,1194,1509,0.14002243407532666
306,1196,1502,0.14002615744891864
308,1198,1506,0.1400545782683843
310,1195,1505,0.14007527878018813
316,1197,1513,0.14008919955478885
311,1207,1518,0.14008758987964273
313,1201,1514,0.14009968696723957
309,1197,1506,0.14010535432489088
310,1189,1499,0.1401210347313387
312,1198,1510,0.14013281671591074
307,1201,1508,0.14013913607056777
306,1210,1516,0.14015875955161858
301,1202,1503,0.1401802551071137
303,1202,1505,0.14021288420119243
305,1205,1510,0.14023838406645514
302,1201,1503,0.14025620624976018
306,1204,1510,0.14027974977571803
307,1193,1500,0.14029074735188424
309,1199,1508,0.14029864263987732
310,1199,1509,0.140301509650053
311,1203,1514,0.14030092158003452
307,1206,1513,0.1402984234962172
306,1217,1523,0.1403067014238584
303,1212,1515,0.14031886046329595
299,1211,1510,0.14033571597088537
295,1205,1500,0.1403622861334495
291,1213,1504,0.14039678286457935
294,1223,1517,0.14044166802847655
297,1217,1514,0.1404761088249131
295,1205,1500,0.14049967456782492
292,1200,1492,0.14052650353938628
305,1207,1512,0.14055880138905238
304,1213,1517,0.14055557255552908
302,1218,1520,0.140555422060654
298,1220,1518,0.1405596494649022
292,1236,1528,0.14057506027459007
284,1233,1517,0.14060425603971285
289,1226,1515,0.14065189282044002
292,1212,1504,0.14068329622742365
298,1219,1517,0.14070436114273352
297,1228,1525,0.14070815267232337
296,1218,1514,0.14071600025278352
299,1214,1513,0.1407265799852764
300,1218,1518,0.1407276014209243
294,1209,1503,0.14072485233080553
296,1220,1516,0.1407374399199698
290,1219,1509,0.14074650460979748
292,1219,1511,0.1407705936984029
296,1215,1511,0.14078904324805522
292,1214,1506,0.14079652499320172
295,1212,1507,0.14081434275038612
295,1222,1517,0.14082260029364255
297,1219,1516,0.14083010743537858
293,1232,1525,0.1408325346446216
282,1231,1513,0.1408458218572543
277,1237,1514,0.140888181025661
280,1231,1511,0.14094107846258988
278,1242,1520,0.1409829647244412
272,1236,1508,0.141028319524127
272,1238,1510,0.14108751903137595
275,1219,1494,0.1411421453931517
275,1213,1488,0.141184754556607
276,1224,1500,0.14122316537568616
271,1230,1501,0.14125635063533049
276,1246,1522,0.14130100514921612
282,1251,1533,0.1413290460445956
279,1240,1519,0.1413385506822119
285,1242,1527,0.14135524929574939
281,1242,1523,0.14135468830258655
274,1230,1504,0.14136595459115933
279,1228,1507,0.14139614966196784
276,1222,1498,0.1414100830710949
272,1232,1504,0.14143180915721237
273,1240,1513,0.14146247377073262
275,1231,1506,0.14148777562327333
275,1234,1509,0.1415048910047016
276,1230,1506,0.14152070504544106
273,1229,1502,0.1415330700356907
278,1224,1502,0.14155181218300783
277,1224,1501,0.1415568038160783
285,1231,1516,0.14156367551561963
288,1241,1529,0.1415491461312121
288,1239,1527,0.14152771207095247
288,1228,1516,0.14150689201307684
290,1237,1527,0.1414872495578056
291,1227,1518,0.14146341177999527
284,1229,1513,0.14143937386243213
287,1223,1510,0.14143728123894497
278,1219,1497,0.14142735550838506
276,1232,1508,0.14144234469755762
270,1223,1493,0.14146228234514502
272,1237,1509,0.14149728133089906
270,1252,1522,0.14152505671334836
270,1246,1516,0.14155640611028172
270,1249,1519,0.14158765445911375
274,1246,1520,0.14161687923360752
271,1242,1513,0.141631873164605
266,1234,1500,0.14165400547776566
269,1245,1514,0.1416872359039012
268,1253,1521,0.14170892949583663
268,1247,1515,0.1417331231015567
266,1253,1519,0.1417552794533026
268,1254,1522,0.14178119770029848
269,1250,1519,0.14179995820081964
273,1252,1525,0.14181530525784303
272,1251,1523,0.14181919563482512
273,1255,1528,0.14182566041288644
266,1251,1517,0.1418285566510826
263,1246,1509,0.1418497414969876
268,1233,1501,0.14187815051258199
273,1226,1499,0.14189183093373967
275,1229,1504,0.1418893187040522
275,1243,1518,0.14188104304595608
277,1238,1515,0.14187474468732794
275,1228,1503,0.14186383688225754
274,1236,1510,0.14185981619906393
273,1241,1514,0.14185804612726682
268,1247,1515,0.14185949266784278
267,1256,1523,0.1418730139685982
263,1240,1503,0.14188802079727608
261,1238,1499,0.14191314111764106
264,1239,1503,0.14194381694073838
266,1250,1516,0.14196508313044695
269,1251,1520,0.14198007112004124
266,1251,1517,0.14198725931181355
263,1245,1508,0.14200171648427065
265,1251,1516,0.14202107405795572
266,1251,1517,0.14203339828578088
267,1260,1527,0.1420414900068968
266,1251,1517,0.14204787943961306
271,1245,1516,0.14205498952204723
274,1246,1520,0.1420499809150301
272,1230,1502,0.14203609673774026
272,1238,1510,0.14202862260927465
263,1237,1500,0.14201999138873345
264,1241,1505,0.14203588679246415
264,1242,1506,0.14204915746585825
261,1254,1515,0.14206257835375344
264,1251,1515,0.1420838031676091
269,1247,1516,0.14209505751304186
272,1247,1519,0.1420929570874546
269,1245,1514,0.1420844499557628
264,1245,1509,0.1420823449945876
264,1243,1507,0.14209281014751432
267,1244,1511,0.14210319918880984
270,1238,1508,0.14210547769433707
273,1236,1509,0.14209912023168914
272,1248,1520,0.1420850449932622
269,1243,1512,0.14207482730216967
261,1257,1518,0.1420736568852639
260,1250,1510,0.14209305435742423
260,1247,1507,0.14211624682990723
262,1248,1510,0.14213866348404466
251,1240,1491,0.14215384275522677
256,1251,1507,0.1421959048360771
256,1246,1502,0.1422222652822298
263,1244,1507,0.1422490113603785
259,1242,1501,0.1422566682523295
256,1256,1512,0.14227316196160927
265,1254,1519,0.14229777652752226
266,1255,1521,0.142297703301105
264,1271,1535,0.14229502877718933
259,1262,1521,0.14229843078478738
258,1260,1518,0.14231521624996088
259,1251,1510,0.14233353480860175
256,1266,1522,0.14234908221976977
250,1271,1521,0.1423706984785904
247,1275,1522,0.14240809843015612
250,1277,1527,0.14245013172883345
247,1281,1528,0.14248161211135515
243,1268,1511,0.1425183615978029
241,1273,1514,0.14256325562194117
245,1262,1507,0.14261009285744325
248,1278,1526,0.14264204534458236
247,1270,1517,0.14266430722362544
253,1262,1515,0.14268821335999998
255,1266,1521,0.1426958353613529
253,1283,1536,0.1426964952131544
249,1277,1526,0.1427039131352868
251,1287,1538,0.14272227298304824
251,1288,1539,0.14273353923729895
247,1282,1529,0.14274416132791626
245,1274,1519,0.14276410920167948
241,1270,1511,0.14278797470177992
243,1267,1510,0.1428194019840973
245,1262,1507,0.14284452254345958
242,1264,1506,0.14286328885296012
243,1254,1497,0.1428907943532748
239,1264,1503,0.14291437963230869
235,1269,1504,0.14294774879442015
232,1272,1504,0.1429884479393927
236,1277,1513,0.1430350637892732
235,1272,1507,0.14306707521779033
229,1276,1505,0.14309951580231872
232,1273,1505,0.14314495650434295
232,1274,1506,0.14317939496291515
231,1273,1504,0.14321304371535046
233,1267,1500,0.1432465201428114
232,1280,1512,0.1432721614903178
231,1286,1517,0.14329943907080803
235,1294,1529,0.14332765942776532
233,1289,1522,0.14334315618286195
234,1282,1516,0.1433632559045847
236,1294,1530,0.14337830156621026
233,1286,1519,0.1433867152688811
232,1289,1521,0.14340307909978522
235,1281,1516,0.143419945019811
235,1273,1508,0.14342754172220532
233,1269,1502,0.14343551994991213
233,1274,1507,0.14344936960607899
238,1275,1513,0.1434623804134363
232,1275,1507,0.14346235349943343
224,1274,1498,0.14347883005745984
217,1285,1502,0.14351656065395849
217,1289,1506,0.14356968739245535
222,1294,1516,0.1436198365689092
217,1292,1509,0.14365499443391602
221,1296,1517,0.1437017095616257
219,1290,1509,0.14373470088267998
218,1284,1502,0.14377089475338237
220,1288,1508,0.1438063383544396
217,1304,1521,0.14383567430382163
214,1296,1510,0.14387030950258503
214,1299,1513,0.14391139656929564
212,1302,1514,0.14394986307140728
208,1296,1504,0.14399189035632265
209,1303,1512,0.14404176489800785
206,1300,1506,0.1440852592631123
206,1295,1501,0.14413324266058286
207,1299,1506,0.14417828687809586
207,1296,1503,0.14421801767023887
206,1294,1500,0.14425545990947128
210,1292,1502,0.1442937442167229
209,1283,1492,0.14431787199782067
211,1283,1494,0.14434249593428483
204,1295,1499,0.14436015006341926
209,1301,1510,0.14439569454354828
211,1301,1512,0.1444151230209618
207,1293,1500,0.14442799899393838
209,1295,1504,0.14445138673028354
209,1291,1500,0.1444685263309486
206,1308,1514,0.14448475833271812
207,1305,1512,0.14450872162052567
206,1295,1501,0.14452899872637623
205,1305,1510,0.14454910047374792
208,1293,1501,0.1445711984426207
206,1299,1505,0.14458478229054067
204,1302,1506,0.1446021521781771
208,1299,1507,0.14462373248312393
205,1288,1493,0.14463273618044822
201,1288,1489,0.14464960686871947
201,1296,1497,0.14467545489822853
207,1304,1511,0.14469944865543075
207,1303,1510,0.14470648805010894
204,1294,1498,0.14471390223742764
204,1302,1506,0.14472825183552293
206,1311,1517,0.14474274936374748
204,1313,1517,0.1447517478316722
204,1307,1511,0.14476592737618002
208,1315,1523,0.1447792766255316
203,1309,1512,0.14478061933263425
197,1312,1509,0.14479434360288473
198,1311,1509,0.14482270601089067
201,1316,1517,0.1448458686635559
200,1314,1514,0.14485940173674755
199,1321,1520,0.1448749850712714
200,1325,1525,0.1448912440686648
202,1333,1535,0.1449047897747907
203,1317,1520,0.1449121576547906
202,1314,1516,0.14491619035578385
202,1322,1524,0.14492178348478865
199,1325,1524,0.1449271828738739
203,1298,1501,0.14494071898698244
199,1300,1499,0.1449422868457677
195,1295,1490,0.14495310936113193
192,1304,1496,0.1449770368393292
192,1321,1513,0.14500717851813227
187,1330,1517,0.14503407730277584
183,1321,1504,0.14507215206818144
187,1332,1519,0.14511885223398313
186,1331,1517,0.14515032779937215
188,1322,1510,0.1451826497210442
190,1326,1516,0.14520700757606167
196,1321,1517,0.14522458600842825
196,1323,1519,0.14522533158679077
198,1318,1516,0.14522527387467682
198,1326,1524,0.1452205782097162
197,1330,1527,0.14521645147819762
196,1325,1521,0.14521628479032028
199,1327,1526,0.14521945313898332
197,1325,1522,0.14521445204999825
198,1330,1528,0.1452143220526904
195,1336,1531,0.14521099374233207
194,1336,1530,0.14521582457644594
191,1326,1517,0.14522360125741623
188,1336,1524,0.1452387934316518
190,1326,1516,0.14525979835472835
192,1330,1522,0.1452738121055831
193,1340,1533,0.14528114738953218
193,1327,1520,0.1452851875496966
194,1327,1521,0.14528834700258894
192,1338,1530,0.1452888588177864
195,1330,1525,0.14529538106609785
193,1332,1525,0.14529182474049204
193,1330,1523,0.14529392351757806
189,1332,1521,0.14529526341855997
188,1329,1517,0.14530759050893038
189,1328,1517,0.14532284740217316
187,1320,1507,0.14533373824445772
187,1334,1521,0.14534824719642786
187,1342,1529,0.14536187037014858
186,1336,1522,0.14537443397549069
187,1337,1524,0.14538865041681898
185,1340,1525,0.14539899021793126
183,1336,1519,0.145413124633941
180,1332,1512,0.1454322423978965
179,1332,1511,0.1454585800607252
182,1341,1523,0.14548602020146087
180,1342,1522,0.1455038240594264
189,1346,1535,0.1455245433760936
190,1329,1519,0.14551961274078834
190,1331,1521,0.14551253407939044
185,1340,1525,0.1455061574998929
186,1341,1527,0.14551346218368263
186,1349,1535,0.145517869914378
185,1344,1529,0.1455208079711192
184,1316,1500,0.14552765750008517
181,1321,1502,0.14553739068960753
183,1319,1502,0.14555541992591842
183,1318,1501,0.14556625751010532
186,1329,1515,0.14557565976060366
183,1343,1526,0.14557591641025264
183,1335,1518,0.1455848428384688
185,1322,1507,0.14559345426849582
180,1328,1508,0.14559673928118838
182,1328,1510,0.14561285832042223
182,1341,1523,0.14562317224194662
182,1336,1518,0.14563399001327032
183,1331,1514,0.14564351157505068
185,1323,1508,0.145649047553164
180,1327,1507,0.1456488593572301
182,1331,1513,0.14566244521434876
181,1337,1518,0.1456696708416799
177,1345,1522,0.1456790525278566
178,1342,1520,0.1456991021097776
172,1330,1502,0.14571508463449273
172,1321,1493,0.14574577528018234
178,1330,1508,0.14577472194022714
175,1342,1517,0.1457854482095599
175,1349,1524,0.14580422141082475
180,1340,1520,0.14582208598149538
180,1330,1510,0.1458242812561095
181,1327,1508,0.14582635817118714
181,1326,1507,0.14582575668075257
181,1332,1513,0.14582557642721242
182,1334,1516,0.14582750265121475
186,1337,1523,0.14582729974485317
180,1335,1515,0.14581564330549424
179,1330,1509,0.1458216115708898
180,1332,1512,0.1458303123222143
181,1330,1511,0.1458353303071782
180,1330,1510,0.14583674948989664
176,1321,1497,0.14584187566013035
177,1310,1487,0.1458583208916057
172,1338,1510,0.14587123063364532
173,1338,1511,0.14589700636956152
171,1346,1517,0.14591875536904092
168,1350,1518,0.14594342940422753
168,1345,1513,0.14597577860290345
170,1342,1512,0.14600669649499648
166,1329,1495,0.14603015663147312
168,1340,1508,0.14606412535143548
172,1335,1507,0.14609041899384084
172,1336,1508,0.14610439082432802
171,1355,1526,0.1461167971696191
170,1353,1523,0.14613157397375606
168,1348,1516,0.14614842814695872
167,1343,1510,0.14616967078691484
164,1345,1509,0.1461924338351862
165,1340,1505,0.1462209927493089
165,1337,1502,0.14624488334389432
163,1333,1496,0.14626626591000327
163,1330,1493,0.14629295048281216
164,1337,1501,0.1463178152998007
169,1345,1514,0.14633814986200913
168,1343,1511,0.14634424901659165
170,1330,1500,0.14635263871607262
164,1335,1499,0.14635495932214304
167,1342,1509,0.1463731409744214
168,1341,1509,0.14638238246818083
163,1343,1506,0.14638833252974515
166,1342,1508,0.14640697129328328
163,1351,1514,0.14641543961317421
162,1341,1503,0.14643147810167725
161,1349,1510,0.14644782543387586
160,1352,1512,0.1464652232303859
163,1351,1514,0.14648387433231616
166,1346,1512,0.1464926545246656
176,1339,1515,0.1464926478525227
174,1339,1513,0.146466465357508
175,1346,1521,0.1464477758410154
172,1339,1511,0.14642750035490987
175,1329,1504,0.14641559900317577
173,1324,1497,0.14639616987045478
176,1338,1514,0.14638388187324433
173,1342,1515,0.1463642592189543
175,1349,1524,0.14635414201598532
175,1343,1518,0.1463379346066079
173,1336,1509,0.14632227276212603
172,1343,1515,0.1463130806430463
169,1337,1506,0.14630675337510665
168,1343,1511,0.14630829151580504
175,1334,1509,0.1463110156944108
173,1331,1504,0.1462943204612017
177,1325,1502,0.14628507117209602
177,1324,1501,0.1462657100069567
179,1341,1520,0.14624770595597908
178,1350,1528,0.14622577346992227
182,1342,1524,0.14620889320008743
180,1341,1521,0.14618278248118435
183,1335,1518,0.14616426377597125
179,1339,1518,0.1461396421954253
182,1335,1517,0.146127018998355
181,1341,1522,0.14610717057602937
183,1345,1528,0.14609103286654837
181,1340,1521,0.14606961178448524
185,1335,1520,0.1460547840103617
181,1330,1511,0.14602926419423798
183,1325,1508,0.14601548519942842
184,1328,1512,0.14599693587037732
188,1334,1522,0.14597710217709955
184,1331,1515,0.14594808137408916
177,1328,1505,0.14593243495679253
180,1340,1520,0.14593649130062533
176,1336,1512,0.1459326577938618
178,1339,1517,0.14594019882728046
177,1333,1510,0.14594145398610636
179,1344,1523,0.14594561644873622
178,1337,1515,0.14594426004621408
173,1338,1511,0.1459460752781171
168,1350,1518,0.14596159324759012
166,1354,1520,0.14599044127194888
167,1361,1528,0.14602276263119193
166,1358,1524,0.1460503389843417
168,1359,1527,0.1460778938395518
169,1353,1522,0.146098279252038
169,1342,1511,0.14611376042297353
170,1344,1514,0.1461298496912038
167,1350,1517,0.1461421554236241
168,1351,1519,0.14616165952462926
169,1351,1520,0.1461780387484299
167,1341,1508,0.1461893382647391
160,1361,1521,0.1462055222280099
161,1344,1505,0.14623938888326962
166,1346,1512,0.1462684551815566
165,1352,1517,0.1462819454584987
161,1352,1513,0.14629764757927508
161,1366,1527,0.1463229062972577
165,1355,1520,0.14634678598670384
166,1359,1525,0.14635781983792664
167,1351,1518,0.14636554812231878
166,1361,1527,0.14636992305137891
166,1371,1537,0.14637730469856053
165,1359,1524,0.14638377435996533
164,1355,1519,0.14639251348680724
164,1345,1509,0.14640365965259922
163,1348,1511,0.14641568785085252
162,1346,1508,0.14642943006458353
160,1332,1492,0.14644484833027516
155,1338,1493,0.1464645458377905
155,1344,1499,0.14649629391069652
155,1357,1512,0.1465267238791728
158,1349,1507,0.14655488558689242
158,1343,1501,0.14657143312211482
160,1341,1501,0.14658636090096797
159,1353,1512,0.1465938671672378
151,1349,1500,0.14660378980626754
155,1352,1507,0.1466345582718864
158,1344,1502,0.1466515288262338
161,1351,1512,0.14665943348684027
160,1355,1515,0.14665896101004808
162,1365,1527,0.14666182186147772
154,1369,1523,0.1466589526208789
156,1364,1520,0.14667767399645254
157,1366,1523,0.14668834737742617
154,1362,1516,0.1466959338423625
157,1362,1519,0.14671239955822293
155,1373,1528,0.14672016287088244
152,1374,1526,0.14673247853788893
153,1382,1535,0.14675259598402446
151,1373,1524,0.14676858786274366
149,1375,1524,0.14678904953848668
150,1373,1523,0.14681221560891683
151,1383,1534,0.14683087874554399
150,1381,1531,0.14684538559980018
146,1362,1508,0.1468622864785438
148,1363,1511,0.14688840445310705
146,1369,1515,0.14690693471058483
150,1369,1519,0.14692963774956064
145,1370,1515,0.14694022941785173
143,1370,1513,0.1469642150855445
137,1366,1503,0.14699189644898042
139,1367,1506,0.14703392785580324
140,1378,1518,0.14706853636729503
141,1377,1518,0.1470989159665059
141,1380,1521,0.14712474658901928
143,1387,1530,0.14714911566528388
142,1384,1526,0.14716581375266544
137,1369,1506,0.14718383586239905
137,1375,1512,0.14721406341170287
137,1366,1503,0.14724268270009724
135,1371,1506,0.147269800261895
136,1376,1512,0.14730071368330092
140,1375,1515,0.1473268625841767
139,1370,1509,0.14733985577715938
141,1369,1510,0.14735443153425648
142,1383,1525,0.14736201944324914
143,1379,1522,0.14736663992747082
143,1375,1518,0.14736810214162646
140,1364,1504,0.14736969621814047
140,1378,1518,0.1473790618973208
140,1385,1525,0.14738865809492205
139,1381,1520,0.14739756452107552
141,1389,1530,0.14741002932498234
139,1392,1531,0.14741537515645217
141,1382,1523,0.14742700266347408
144,1374,1518,0.14743274819340965
142,1382,1524,0.1474301449936506
138,1376,1514,0.14743390800874917
139,1378,1517,0.14744770047021372
140,1378,1518,0.1474582719810586
141,1389,1530,0.14746494614132374
140,1395,1535,0.14746870753310148
137,1385,1522,0.14747542008169642
138,1384,1522,0.14749006817750548
135,1384,1519,0.14750146872482284
135,1377,1512,0.1475210756345447
137,1380,1517,0.1475388468174623
135,1370,1505,0.1475497146970941
134,1374,1508,0.14756535645677812
129,1372,1501,0.14758292657013508
128,1382,1510,0.14761326799212035
128,1384,1512,0.14764457617360408
130,1392,1522,0.14767405051113708
128,1387,1515,0.1476969043041265
126,1390,1516,0.14772447755136817
126,1387,1513,0.1477554341690041
127,1382,1509,0.14778472475742024
121,1383,1504,0.1478092246738344
124,1400,1524,0.14784773909207055
125,1394,1519,0.1478757212298802
121,1387,1508,0.14790016180320228
117,1387,1504,0.1479344682742807
116,1390,1506,0.14797787758665368
113,1405,1518,0.1480210170052115
113,1398,1511,0.1480696163737344
111,1403,1514,0.14811457411358353
110,1398,1508,0.14816302260226866
105,1407,1512,0.1482113667162453
109,1413,1522,0.14827011496712408
108,1424,1532,0.1483144087424644
111,1426,1537,0.14835842796303506
112,1421,1533,0.1483914878575762
107,1418,1525,0.14842028385681869
108,1408,1516,0.14846192175648498
103,1403,1506,0.14849843446391342
105,1406,1511,0.14854719058679788
105,1394,1499,0.14858690869691074
105,1405,1510,0.14862443285495677
105,1411,1516,0.14865888818933293
105,1408,1513,0.14869154582701755
109,1409,1518,0.14872270946890453
103,1404,1507,0.14874125189709755
94,1415,1509,0.14877469260786094
98,1426,1524,0.1488313215206495
99,1421,1520,0.1488728760808517
91,1414,1505,0.14890943046883387
90,1418,1508,0.14896591020335948
88,1410,1498,0.1490217288266359
91,1415,1506,0.14908031361088647
88,1414,1502,0.14912704921888867
89,1414,1503,0.1491791263145937
86,1424,1510,0.14922488281519222
82,1429,1511,0.1492760818882132
83,1420,1503,0.14933585515249775
82,1426,1508,0.14938888835658923
83,1434,1517,0.1494415740312266
84,1442,1526,0.14948807654885676
83,1442,1525,0.14952895223491963
85,1438,1523,0.14956996994590607
84,1444,1528,0.14960280636151954
84,1433,1517,0.14963754595743736
84,1436,1520,0.14967002052421632
81,1431,1512,0.14970065675657776
81,1426,1507,0.14973748751777724
80,1425,1505,0.1497717649684843
78,1438,1516,0.14980645423193864
81,1431,1512,0.14984504235536
88,1416,1504,0.14987223118671317
89,1420,1509,0.14987703402399125
86,1426,1512,0.14987903016245316
89,1428,1517,0.14988961484500773
88,1435,1523,0.1498906352667665
87,1423,1510,0.1498946387070355
90,1413,1503,0.1499013877808771
89,1426,1515,0.14989884840029735
89,1422,1511,0.14989939299879285
88,1420,1508,0.14990002729666835
85,1423,1508,0.14990320896240164
84,1422,1506,0.14991503519326874
82,1419,1501,0.14992864346875537
84,1411,1495,0.14994739407360305
82,1418,1500,0.14995912713484624
83,1418,1501,0.1499749955874236
82,1423,1505,0.14998668266824555
83,1421,1504,0.15000085147240225
85,1432,1517,0.15001129614265768
85,1433,1518,0.15001547994550812
85,1420,1505,0.15001961526939386
83,1413,1496,0.1500237671471611
85,1418,1503,0.15003348433031047
83,1410,1493,0.1500370650887982
81,1419,1500,0.1500457864913443
85,1432,1517,0.15005971169373367
86,1434,1520,0.1500616002175039
86,1437,1523,0.1500605054458679
86,1449,1535,0.15005967269240694
86,1432,1518,0.15005845419921549
87,1440,1527,0.15005672520463592
88,1449,1537,0.15005303118145688
88,1451,1539,0.1500469477478703
87,1445,1532,0.15004113947071726
88,1436,1524,0.15003893484620348
87,1427,1514,0.15003412539426872
88,1422,1510,0.15003234015350497
82,1425,1507,0.1500278666046662
84,1428,1512,0.15004047052193495
83,1431,1514,0.15004618532616307
86,1428,1514,0.15005434073278168
86,1425,1511,0.15005357587529322
85,1441,1526,0.15005354441916302
82,1429,1511,0.15005657234980507
81,1432,1513,0.15006811283378466
79,1429,1508,0.1500823785394689
76,1422,1498,0.15010118647049694
77,1436,1513,0.15012725298857185
76,1438,1514,0.15014887035409635
77,1437,1514,0.15017199454948724
75,1432,1507,0.15019038433726414
75,1432,1507,0.15021321991617534
77,1438,1515,0.1502346976643766
75,1448,1523,0.15024930964996444
74,1445,1519,0.15026849139072915
74,1445,1519,0.15028907525649118
76,1440,1516,0.1503090227013046
74,1448,1522,0.15032207898965083
73,1450,1523,0.15034007167958777
72,1447,1519,0.150359940462112
71,1450,1521,0.15038094689493928
70,1445,1515,0.1504037400015627
75,1436,1511,0.15042762190432651
73,1421,1494,0.15043629225621333
71,1427,1498,0.15044969346160356
71,1440,1511,0.15046817018295747
67,1449,1516,0.15048583692821116
69,1457,1526,0.15051327915562915
71,1443,1514,0.15053353675961623
70,1431,1501,0.15054607000517253
69,1445,1514,0.15056068274558965
67,1442,1509,0.15057738425476663
69,1455,1524,0.15059836001162336
67,1452,1519,0.15061202363816847
67,1452,1519,0.15063046161024046
66,1446,1512,0.15064740402179613
66,1447,1513,0.15066594892487362
71,1442,1513,0.15068327306587928
69,1443,1512,0.15068495068481824
70,1449,1519,0.15069199637290753
68,1448,1516,0.15069566137346121
65,1452,1517,0.1507050231928047
65,1459,1524,0.1507227305061843
65,1460,1525,0.15073920662294304
62,1447,1509,0.15075455365638557
61,1455,1516,0.1507774831259553
60,1454,1514,0.1508017594473936
59,1464,1523,0.150827492618939
57,1472,1529,0.1508543463889005
54,1465,1519,0.1508847305648899
55,1460,1515,0.15092212349658868
56,1461,1517,0.15095408304096783
57,1454,1511,0.15098099870749151
58,1457,1515,0.15100322054001475
55,1464,1519,0.1510215213834857
55,1466,1521,0.15104723102213685
52,1474,1526,0.15107164109754603
52,1459,1511,0.15110265764887995
55,1459,1514,0.15113185871423632
55,1451,1506,0.15115091542818856
57,1451,1508,0.15116886935355756
57,1454,1511,0.1511798656036118
57,1439,1496,0.1511899984462747
58,1463,1521,0.15119950242519076
56,1466,1522,0.151205359679884
57,1462,1519,0.15121679273770425
58,1450,1508,0.1512248189502556
60,1449,1509,0.15122893440645288
59,1456,1515,0.15122727042021444
58,1447,1505,0.15122884159914438
60,1459,1519,0.1512331768777528
60,1462,1522,0.1512315621595792
58,1474,1532,0.15123012788044402
58,1470,1528,0.15123438024556637
60,1477,1537,0.1512380142760258
59,1461,1520,0.15123585075190338
57,1457,1514,0.1512363119576911
57,1458,1515,0.1512424438203681
56,1442,1498,0.15124810944199168
57,1446,1503,0.15125590372797565
58,1442,1500,0.15125987647744227
56,1457,1513,0.15126059516118995
58,1467,1525,0.15126720890484927
63,1462,1525,0.15126755060224858
62,1459,1521,0.15125329967879333
62,1462,1524,0.15124317787458288
60,1467,1527,0.15123348635100065
60,1452,1512,0.15123044416658157
62,1446,1508,0.15122721956612076
62,1460,1522,0.15121820579162848
60,1465,1525,0.15120987672666464
58,1464,1522,0.15120781543113668
57,1469,1526,0.15121164216183317
59,1460,1519,0.1512181728433057
58,1467,1525,0.151218148424917
56,1451,1507,0.15122106565282592
58,1451,1509,0.15122956740422108
60,1459,1519,0.15123150587300432
60,1462,1522,0.15122747945819084
58,1454,1512,0.15122368604983527
58,1456,1514,0.15122552172852027
60,1448,1508,0.1512271800846726
62,1445,1507,0.15122289287406873
61,1448,1509,0.15121322987175925
61,1448,1509,0.15120769689583635
61,1443,1504,0.1512024861981405
62,1456,1518,0.15119770721313233
60,1456,1516,0.1511902691357676
60,1446,1506,0.15118905619682338
58,1459,1517,0.15118748981840135
58,1472,1530,0.15119224187819139
59,1472,1531,0.15119657094778724
62,1452,1514,0.15119757115888505
59,1455,1514,0.1511897785901508
58,1470,1528,0.15119178942435543
54,1461,1515,0.1511970922332917
53,1452,1505,0.1512136874203383
53,1459,1512,0.15123215712526933
52,1467,1519,0.15124943120407747
52,1459,1511,0.15126872171538622
52,1454,1506,0.1512868103080206
54,1453,1507,0.1513035404327132
55,1464,1519,0.15131356699736154
55,1457,1512,0.15132007624970525
55,1462,1517,0.1513263122079035
53,1462,1515,0.15133209962185673
52,1454,1506,0.15134375434644523
49,1462,1511,0.15135746571801373
48,1476,1524,0.15137911658561304
47,1470,1517,0.15140247067023985
49,1467,1516,0.151427396014392
46,1474,1520,0.1514450713056316
48,1472,1520,0.15147054712174682
46,1473,1519,0.1514883588030316
48,1480,1528,0.15151105346820923
48,1477,1525,0.15152630220300986
48,1475,1523,0.15154061189082582
49,1482,1531,0.1515539836976092
50,1475,1525,0.15156365448665599
51,1481,1532,0.15156988258827586
49,1476,1525,0.15157270254878086
48,1476,1524,0.15158138470001734
48,1486,1534,0.15159223536369104
49,1481,1530,0.1516024157349511
49,1477,1526,0.15160908434889697
49,1479,1528,0.1516153046278764
49,1472,1521,0.15162111217084412
48,1468,1516,0.15162683358478318
48,1466,1514,0.1516352159633968
49,1466,1515,0.15164310730954245
49,1466,1515,0.1516475688508002
48,1465,1513,0.15165182112753495
47,1468,1515,0.1516589195855245
47,1461,1508,0.15166822929378326
47,1471,1518,0.15167701977887424
48,1460,1508,0.15168541029222202
46,1459,1505,0.15169059854094488
44,1468,1512,0.15170164781956394
46,1468,1514,0.15171802739391738
46,1468,1514,0.1517276504663112
45,1490,1535,0.15173666523614748
47,1475,1522,0.15174810608995706
46,1477,1523,0.15175293739393672
46,1487,1533,0.15176067300944537
47,1489,1536,0.15176794996517323
44,1476,1520,0.15177164484636457
46,1480,1526,0.1517837300822953
45,1465,1510,0.15178955957465992
45,1464,1509,0.15179819459201785
45,1455,1500,0.15180633856404435
43,1472,1515,0.15181401765094266
43,1475,1518,0.15182691424890588
42,1456,1498,0.1518389425900656
42,1462,1504,0.1518532569312206
42,1469,1511,0.15186672673927165
43,1464,1507,0.15187936044158923
45,1469,1514,0.15188827131873286
45,1472,1517,0.15189060386633904
46,1473,1519,0.1518927005448865
45,1466,1511,0.15189150892251313
44,1471,1515,0.15189329364531295
44,1474,1518,0.1518977478628351
44,1468,1512,0.15190187422056092
44,1467,1511,0.151905430108453
41,1475,1516,0.1519088079215569
43,1477,1520,0.15192078220678273
44,1476,1520,0.15192620468701332
43,1472,1515,0.15192841939565085
45,1476,1521,0.1519329466289406
42,1473,1515,0.15193133464310177
43,1463,1506,0.151938944834381
42,1476,1518,0.1519430567938592
42,1468,1510,0.1519496668094407
45,1458,1503,0.15195567050791156
43,1459,1502,0.1519526678089893
42,1458,1500,0.1519554578395786
44,1451,1495,0.15196106442645962
42,1465,1507,0.1519604741802105
41,1462,1503,0.15196568100364347
43,1471,1514,0.15197328645290498
40,1470,1510,0.1519741872802115
39,1466,1505,0.15198391892531704
40,1480,1520,0.15199594058367405
39,1485,1524,0.1520039592007077
39,1478,1517,0.1520144550947845
39,1486,1525,0.15202435425674082
40,1488,1528,0.1520335659121889
40,1487,1527,0.15203923203070638
41,1478,1519,0.15204485965029257
39,1472,1511,0.15204699328168145
39,1487,1526,0.1520548484005679
40,1477,1517,0.15206219149321235
41,1484,1525,0.1520661492709049
42,1472,1514,0.152066902556351
44,1466,1510,0.15206468741790016
43,1463,1506,0.15205684736896014
43,1452,1495,0.15205255767151787
43,1475,1518,0.15204871043418958
43,1466,1509,0.15204526141503227
43,1483,1526,0.1520421223616057
40,1482,1522,0.1520391821491124
41,1493,1534,0.152045217228903
42,1481,1523,0.15204786275868432
43,1484,1527,0.1520474112111372
43,1473,1516,0.15204407690542374
40,1472,1512,0.15204101226744215
43,1467,1510,0.15204724157882488
42,1469,1511,0.1520439899007072
40,1461,1501,0.1520435593813213
37,1478,1515,0.15204905587996137
38,1479,1517,0.1520631989104426
35,1484,1519,0.15207356459551577
35,1484,1519,0.152092508401746
35,1476,1511,0.15211038540597188
33,1477,1510,0.15212722373740073
33,1482,1515,0.15214877432275553
32,1470,1502,0.1521689829122504
34,1471,1505,0.15219081078326271
34,1480,1514,0.15220542864454786
34,1470,1504,0.15221917549057756
34,1470,1504,0.15223195971519987
34,1470,1504,0.1522437789739555
35,1486,1521,0.15225482604103158
36,1484,1520,0.15226212942559098
35,1498,1533,0.1522659129645184
33,1483,1516,0.1522722851449541
32,1484,1516,0.15228408631899096
30,1473,1503,0.15229805053961232
30,1470,1500,0.15231711808203932
30,1483,1513,0.1523350897871098
29,1482,1511,0.15235192570729578
31,1485,1516,0.152370602585926
33,1481,1514,0.15238198949896462
33,1489,1522,0.15238665102342785
32,1486,1518,0.15239105598770689
34,1474,1508,0.15239820100451631
35,1486,1521,0.15239887384543452
35,1484,1519,0.15239637185041338
37,1480,1517,0.1523942547010653
37,1474,1511,0.1523862073173103
38,1478,1516,0.1523787297212223
38,1473,1511,0.1523688630477549
38,1469,1507,0.15235972957941096
38,1470,1508,0.15235124437764067
38,1462,1500,0.1523433554093922
39,1476,1515,0.15233601633507046
37,1476,1513,0.15232622523196618
37,1476,1513,0.15232319569362152
37,1486,1523,0.15232044412503953
38,1492,1530,0.1523178725324008
36,1484,1520,0.15231226122590097
35,1484,1519,0.15231302726389248
35,1485,1520,0.15231663260702552
38,1488,1526,0.1523199541450529
38,1470,1508,0.15231423132120134
37,1465,1502,0.15230913045199512
37,1477,1514,0.15230738892591
37,1480,1517,0.15230582376934826
38,1464,1502,0.15230448223872023
38,1474,1512,0.15230034930716196
39,1471,1510,0.15229682738950098
38,1473,1511,0.15229068756169223
37,1492,1529,0.15228825214617145
36,1487,1523,0.15228901327386957
32,1497,1529,0.15229292420381138
32,1489,1521,0.15230814351371127
34,1488,1522,0.15232273956183756
33,1493,1526,0.1523306007659066
34,1480,1514,0.15234114197888907
32,1479,1511,0.1523480740422661
31,1478,1509,0.15236043907461683
33,1487,1520,0.15237491608659082
34,1484,1518,0.15238290453613157
33,1482,1515,0.15238761201596648
33,1478,1511,0.15239512917520023
33,1475,1508,0.15240223242658066
34,1488,1522,0.15240877863639452
33,1484,1517,0.15241194703767172
33,1477,1510,0.15241799879384604
34,1481,1515,0.1524237074080526
34,1484,1518,0.15242606546258552
32,1481,1513,0.1524283195694534
32,1481,1513,0.15243673640167807
32,1478,1510,0.15244464884048367
33,1480,1513,0.15245206859006424
34,1489,1523,0.15245610396918868
33,1485,1518,0.1524569857854009
34,1479,1513,0.15246074849390898
33,1492,1525,0.15246144123704147
33,1494,1527,0.15246514615377507
34,1491,1525,0.15246844864409945
32,1498,1530,0.15246861827883587
30,1490,1520,0.1524745507889504
31,1484,1515,0.15248586773406247
30,1480,1510,0.15249350027525665
25,1475,1500,0.1525035428348686
27,1470,1497,0.15252761336527662
27,1475,1502,0.15254397248374846
30,1494,1524,0.15255928074477793
30,1496,1526,0.15256472705402885
30,1489,1519,0.1525700879664414
30,1491,1521,0.15257507309746915
31,1488,1519,0.15257981118171976
28,1474,1502,0.1525813952520427
29,1478,1507,0.1525918637012537
31,1487,1518,0.1525987326756679
30,1478,1508,0.1525991847281562
30,1475,1505,0.15260266292609442
28,1482,1510,0.15260591489405473
29,1496,1525,0.15261482483509084
30,1488,1518,0.15262013590512225
31,1498,1529,0.15262214110521272
30,1496,1526,0.15262106394030284
30,1492,1522,0.15262317945309442
27,1494,1521,0.1526251827295952
29,1501,1530,0.15263587073992657
29,1505,1534,0.15263984446412476
29,1499,1528,0.15264361221628114
30,1486,1516,0.15264717716261267
30,1470,1500,0.1526476757459031
31,1473,1504,0.15264794746820534
31,1476,1507,0.152645337557225
29,1477,1506,0.15264297401278912
29,1482,1511,0.15264657704554524
31,1488,1519,0.1526498774666372
31,1480,1511,0.15264708276718614
28,1480,1508,0.15264456347926456
30,1475,1505,0.15265101517319643
30,1470,1500,0.15265114779921732
31,1477,1508,0.15265125487833872
32,1483,1515,0.15264843634250227
32,1484,1516,0.15264283724989747
32,1470,1502,0.15263766949693808
29,1476,1505,0.15263288400567881
27,1481,1508,0.1526372714068131
27,1481,1508,0.1526471710852875
27,1477,1504,0.15265639853158727
27,1472,1499,0.15266498566617845
27,1483,1510,0.1526729843700156
24,1497,1521,0.15268027342365686
24,1494,1518,0.15269607209639843
26,1491,1517,0.15271076511152068
26,1476,1502,0.1527186248067288
25,1484,1509,0.1527260508792908
25,1502,1527,0.15273598391651969
25,1494,1519,0.15274525877684614
24,1482,1506,0.15275392358910156
22,1481,1503,0.1527649921895824
21,1478,1499,0.1527811771348123
20,1485,1505,0.1527994943355396
20,1474,1494,0.15281960566490468
21,1484,1505,0.1528383739508219
22,1488,1510,0.1528528697418068
21,1487,1508,0.15286355747343383
21,1497,1518,0.1528766434180392
21,1506,1527,0.15288891863184437
23,1502,1525,0.15290037792636002
23,1499,1522,0.15290492017331342
23,1503,1526,0.15290921125516094
23,1500,1523,0.15291328458267017
22,1495,1517,0.15291710319966603
22,1489,1511,0.15292375188107074
22,1484,1506,0.15293001241465917
21,1475,1496,0.1529359227703706
19,1475,1494,0.15294460316747657
21,1480,1501,0.15295884855794686
21,1494,1515,0.1529660385940336
21,1494,1515,0.15297280662744428
21,1497,1518,0.15297917381504697
23,1489,1512,0.15298515880250868
22,1496,1518,0.15298471662462051
21,1497,1518,0.1529874562453647
18,1488,1506,0.15299303459425795
18,1481,1499,0.15300720482158833
18,1496,1514,0.15302035913786033
18,1489,1507,0.15303261558912226
18,1484,1502,0.15304405981727656
16,1499,1515,0.1530547588239888
16,1510,1526,0.1530709410185225
14,1503,1517,0.15308607314616793
14,1500,1514,0.15310648891510317
13,1508,1521,0.1531255821880309
14,1514,1528,0.15314646856065547
13,1516,1529,0.15316294645892473
15,1505,1520,0.15318142380388708
16,1494,1510,0.1531926066387711
15,1487,1502,0.15320013153304265
15,1490,1505,0.15321030053494644
15,1501,1516,0.15321983916733037
15,1506,1521,0.1532287872366097
15,1514,1529,0.15323718448865253
15,1518,1533,0.15324506620424475
14,1520,1534,0.1532524647329753
13,1508,1521,0.15326245793015073
14,1510,1524,0.15327481725691308
15,1499,1514,0.15328330713292654
15,1517,1532,0.15328821657450858
16,1510,1526,0.15329289691283798
16,1513,1529,0.153294246954378
16,1508,1524,0.15329559455865335
16,1502,1518,0.1532968954831111
17,1505,1522,0.15329814223140015
17,1496,1513,0.15329625620332993
16,1485,1501,0.15329452107986088
16,1495,1511,0.15329593301311767
16,1497,1513,0.15329726997677667
16,1510,1526,0.1532985528749546
16,1519,1535,0.1532997776840439
15,1509,1524,0.1533009385241039
14,1497,1511,0.15330512893900658
15,1494,1509,0.1533120917691613
15,1491,1506,0.15331552621997102
15,1478,1493,0.1533187566799567
15,1496,1511,0.1533217895462796
16,1504,1520,0.15332463493766876
15,1504,1519,0.15332419965886274
15,1505,1520,0.15332688213072934
15,1500,1515,0.1533293966911733
15,1504,1519,0.15333175420969256
13,1496,1509,0.15333396542708677
15,1497,1512,0.15334213731785912
16,1486,1502,0.1533436112875782
17,1494,1511,0.15334197316952713
18,1506,1524,0.15333747261025138
18,1509,1527,0.15333028769016488
18,1515,1533,0.1533236399033818
17,1508,1525,0.15331746151790943
18,1500,1518,0.15331480151516344
19,1500,1519,0.15330921508995193
19,1510,1529,0.15330089716950077
18,1502,1520,0.15329316997580178
18,1499,1517,0.15328897744966116
18,1506,1524,0.1532850032450022
18,1501,1519,0.15328126207204015
18,1509,1527,0.15327774903579283
18,1505,1523,0.1532744534857815
18,1526,1544,0.15327136317657072
18,1516,1534,0.1532684657333826
18,1513,1531,0.15326574918446215
20,1518,1538,0.15326320215315659
21,1509,1530,0.1532546937045958
19,1493,1512,0.15324369288515213
19,1499,1518,0.15323951286881343
18,1493,1511,0.15323553852398109
18,1491,1509,0.1532348151217951
19,1495,1514,0.153234086814631
19,1502,1521,0.15323029909780417
19,1511,1530,0.15322679677072423
19,1505,1524,0.15322349778732963
19,1509,1528,0.1532204006265327
20,1499,1519,0.15321749315809505
19,1503,1522,0.15321167042439057
20,1495,1515,0.15320941982938582
19,1497,1516,0.15320430340448724
18,1489,1507,0.1532025605229002
18,1485,1503,0.15320405027763734
18,1482,1500,0.15320544030473213
19,1479,1498,0.15320674222165043
18,1475,1493,0.1532049488823529
18,1488,1506,0.15320636676859348
17,1494,1511,0.15320769401809164
16,1502,1518,0.15321192483367413
16,1502,1518,0.15321885849303357
16,1500,1516,0.15322528834420834
16,1492,1508,0.1532312918241579
18,1484,1502,0.1532369029765603
18,1494,1512,0.15323609030745597
19,1493,1512,0.15323538253910163
19,1485,1504,0.15323174951297003
18,1478,1496,0.15322844776707434
19,1490,1509,0.15322846418893693
20,1493,1513,0.1532253994036896
20,1495,1515,0.15321949779231492
20,1502,1522,0.1532140107727396
21,1495,1516,0.15320889286464187
21,1495,1516,0.1532011304236852
21,1496,1517,0.15319395788090123
20,1514,1534,0.1531872900311384
20,1502,1522,0.15318411400499776
20,1507,1527,0.15318113814811862
19,1505,1524,0.15317835445120187
20,1501,1521,0.15317870348986243
20,1508,1528,0.15317601607193343
20,1498,1518,0.15317352477956342
21,1506,1527,0.15317120498904374
19,1504,1523,0.15316597147183653
20,1505,1525,0.15316703281083258
20,1509,1529,0.15316499787688906
18,1489,1507,0.1531630985758789
19,1502,1521,0.15316735163675507
20,1499,1519,0.15316815506456954
20,1491,1511,0.1531658766415115
21,1496,1517,0.15316379608734426
20,1496,1516,0.15315878455708154
20,1501,1521,0.1531572007246657
19,1499,1518,0.15315571436966058
20,1494,1514,0.15315735390880236
18,1496,1514,0.15315579813439098
18,1494,1512,0.1531604294057645
18,1497,1515,0.15316473169148742
18,1505,1523,0.15316874017932075
17,1500,1517,0.1531724813400585
15,1495,1510,0.1531790135342977
15,1502,1517,0.1531911016725976
16,1506,1522,0.1532023081473923
17,1502,1519,0.15320972164568883
17,1487,1504,0.15321364060619616
17,1502,1519,0.1532173502343662
16,1509,1525,0.15322084825904755
16,1499,1515,0.1532272184457934
16,1492,1508,0.1532331824748792
16,1493,1509,0.15323876668316877
16,1485,1501,0.15324399755098064
16,1495,1511,0.15324889906162154
16,1490,1506,0.15325349307256794
16,1492,1508,0.15325779970301515
15,1489,1504,0.15326183758108075
15,1496,1511,0.15326868050451792
15,1507,1522,0.15327507580788224
15,1498,1513,0.1532810564360372
15,1507,1522,0.15328665475032044
15,1505,1520,0.15329189854841505
16,1503,1519,0.15329681237340673
16,1504,1520,0.15329829654594446
15,1519,1534,0.15329969833704798
16,1527,1543,0.15330411043020217
16,1516,1532,0.1533050926370633
16,1524,1540,0.15330601039289393
15,1498,1513,0.1533068737266233
16,1499,1515,0.15331075548616505
16,1496,1512,0.1533113046052483
16,1506,1522,0.15331182852541642
16,1489,1505,0.15331232979864498
16,1478,1494,0.1533128070414269
16,1497,1513,0.15331325971423362
15,1494,1509,0.15331368804113069
15,1499,1514,0.15331716069297727
16,1496,1512,0.1533203975492995
16,1496,1512,0.1533203404146208
17,1493,1510,0.15332030115478826
16,1491,1507,0.1533172141708226
15,1491,1506,0.15331741012037828
12,1505,1517,0.15332058859157896
13,1505,1518,0.15333276390066955
13,1505,1518,0.15334102819448123
13,1499,1512,0.15334887172579012
13,1499,1512,0.15335629116719696
12,1500,1512,0.1533632254794287
11,1496,1507,0.15337281181255322
11,1491,1502,0.15338484050948012
10,1498,1508,0.1533960886333917
10,1517,1527,0.1534096789022873
9,1515,1524,0.1534223566395391
10,1513,1523,0.15343734366011583
10,1505,1515,0.15344833079552955
11,1520,1531,0.15345866774240435
11,1516,1527,0.15346527098950102
11,1503,1514,0.15347149764411275
11,1510,1521,0.15347736199674755
10,1510,1520,0.1534828784753256
10,1518,1528,0.15349116562466203
10,1517,1527,0.15349892600696838
9,1522,1531,0.15350619580932456
9,1523,1532,0.15351609842325156
9,1521,1530,0.15352537383958045
9,1507,1516,0.1535340696593325
8,1499,1507,0.15354222180902866
8,1513,1521,0.15355303130298353
8,1511,1519,0.15356316934504602
9,1508,1517,0.15357267346472248
9,1507,1516,0.15357844274189442
10,1495,1505,0.15358388595266975
9,1511,1520,0.15358584375309114
10,1516,1526,0.15359080906195796
10,1517,1527,0.1535923179290013
10,1513,1523,0.15359379482275248
10,1498,1508,0.15359520639520405
10,1507,1517,0.15359654608699244
10,1515,1525,0.15359781366586295
10,1500,1510,0.15359901103325937
10,1491,1501,0.15360014091948024
10,1499,1509,0.15360120638342115
10,1490,1500,0.1536022105886062
9,1494,1503,0.15360315669172933
10,1493,1503,0.15360716098297242
10,1503,1513,0.15360778231145036
11,1503,1514,0.1536084050259214
13,1507,1520,0.15360588021899116
14,1506,1520,0.15359728729247307
13,1507,1520,0.15358618119357184
14,1498,1512,0.15357901218497566
13,1498,1511,0.1535691840578182
12,1505,1517,0.15356305942852902
11,1511,1522,0.15356041346013552
12,1499,1511,0.15356105488796934
12,1501,1513,0.15355856889130434
10,1492,1502,0.15355626574724823
10,1510,1520,0.15356025816046057
10,1508,1518,0.1535639496726296
10,1522,1532,0.1535673571785852
10,1522,1532,0.15357052898983295
11,1527,1538,0.15357348892953457
11,1517,1528,0.1535731479777221
10,1510,1520,0.15357288878852862
10,1518,1528,0.15357575328995496
11,1517,1528,0.15357838715896419
11,1514,1525,0.1535777413055333
11,1508,1519,0.15357719854594426
11,1505,1516,0.1535767119114024
11,1511,1522,0.15357626608092745
11,1507,1518,0.15357585385595798
10,1515,1525,0.1535754709333118
10,1513,1523,0.15357820493277197
10,1510,1520,0.15358073366432534
9,1502,1511,0.15358308412331328
9,1511,1520,0.15358838533671254
8,1504,1512,0.15359332827973063
8,1519,1527,0.1536010655088126
8,1518,1526,0.15360829539103193
8,1507,1515,0.15361505786711308
8,1523,1531,0.15362142480923133
7,1523,1530,0.15362731316601422
7,1517,1524,0.15363594384683993
7,1509,1516,0.15364400304025916
6,1500,1506,0.1536515466143611
6,1497,1503,0.15366177071243686
6,1517,1523,0.15367131576535226
5,1521,1526,0.15368025629490947
5,1517,1522,0.15369183103670706
5,1528,1533,0.15370265659788257
5,1520,1525,0.15371280926128794
3,1512,1515,0.15372233815998906
3,1510,1513,0.15373768939394672
3,1507,1510,0.15375204409723878
3,1504,1507,0.15376550346224893
3,1511,1514,0.1537781343853299
3,1512,1515,0.15378999370182095
3,1513,1516,0.1538011318868644
3,1509,1512,0.15381159481931855
2,1516,1518,0.1538214247422954
2,1509,1511,0.15383388258817132
2,1514,1516,0.15384558546743776
2,1513,1515,0.15385657592617843
2,1518,1520,0.1538669003661785
2,1527,1529,0.15387660118081695
2,1522,1524,0.15388571726031036
2,1513,1515,0.1538942846105846
2,1518,1520,0.15390233675929677
3,1506,1509,0.1539099050304146
4,1498,1502,0.15391375220504994
4,1508,1512,0.15391416453305942
4,1517,1521,0.15391462935348602
4,1513,1517,0.15391509589025096
4,1522,1526,0.15391554991369846
4,1528,1532,0.1539159862109346
4,1525,1529,0.15391640282043684
4,1515,1519,0.153916799170646
4,1513,1517,0.15391717535883695
4,1513,1517,0.15391753182945248
4,1516,1520,0.15391786921404635
4,1515,1519,0.153918188244612
4,1513,1517,0.1539184897035264
4,1501,1505,0.1539187743932336
4,1499,1503,0.1539190431172695
4,1504,1508,0.15391929666814805
4,1518,1522,0.15391953581957268
4,1523,1527,0.15391976132146679
4,1525,1529,0.15391997389688666
4,1519,1523,0.15392017424021953
3,1520,1523,0.15392036301627035
3,1511,1514,0.15392376464481047
3,1500,1503,0.15392691508771644
3,1514,1517,0.15392985989854754
3,1521,1524,0.153932620128773
3,1513,1516,0.1539352102422261
2,1513,1515,0.15393764204358903
2,1509,1511,0.15394315775747308
2,1519,1521,0.1539483325080275
1,1524,1525,0.153953186292419
1,1520,1521,0.15396100227870257
1,1524,1525,0.15396831177538423
1,1525,1526,0.1539751690165716
1,1529,1530,0.1539816083901318
1,1528,1529,0.15398765818483862
1,1519,1520,0.15399334336558135
1,1502,1503,0.15399868666692612
1,1510,1511,0.15400370909501337
1,1511,1512,0.15400843019888297
1,1517,1518,0.15401286824125188
1,1510,1511,0.15401704032028182
1,1508,1509,0.15402096246477717
1,1515,1516,0.1540246497134522
1,1522,1523,0.15402811618371776
1,1507,1508,0.15403137513298315
1,1515,1516,0.1540344390142376
1,1508,1509,0.15403731952701316
1,1504,1505,0.1540400276644624
1,1501,1502,0.15404257375706565
1,1492,1493,0.15404496751334648
1,1508,1509,0.1540472180578901
1,1515,1516,0.15404933396690101
1,1507,1508,0.15405132330149837
1,1511,1512,0.15405319363891853
1,1507,1508,0.15405495210177492
1,1511,1512,0.154056605385508
1,1512,1513,0.15405815978414691
1,1520,1521,0.15405962121449254
1,1516,1517,0.1540609952388238
1,1505,1506,0.15406228708622194
1,1510,1511,0.1540635016725979
1,1514,1515,0.15406464361950595
1,1505,1506,0.1540657172718174
1,1513,1514,0.15406672671432595
1,1523,1524,0.15406767578735
1,1527,1528,0.15406856810139347
1,1518,1519,0.1540694070509228
1,1519,1520,0.15407019582731452
1,1523,1524,0.15407093743102318
1,1517,1518,0.1540716346830178
1,1514,1515,0.15407229023553048
1,1507,1508,0.15407290658215983
1,1504,1505,0.1540734860673674
1,1501,1502,0.15407403089540417
1,1514,1515,0.1540745431387017
1,1516,1517,0.1540750247457597
1,1504,1505,0.15407547754856155
1,1511,1512,0.15407590326954415
1,1512,1513,0.15407630352815135
1,1514,1515,0.15407667984699422
1,1516,1517,0.15407703365764236
1,1513,1514,0.15407736630606886
1,1530,1531,0.15407767905776912
1,1516,1517,0.15407797310257304
1,1512,1513,0.15407824955916968
1,1511,1512,0.15407850947936105
1,1510,1511,0.1540787538520609
1,1513,1514,0.1540789836070554
1,1528,1529,0.15407919961853783
1,1521,1522,0.1540794027084322
1,1517,1518,0.15407959364951854
2,1511,1513,0.15407977316837068
2,1528,1530,0.15407664389681436
2,1530,1532,0.15407374896428824
2,1520,1522,0.154071043796643
2,1516,1518,0.15406850891744056
2,1507,1509,0.15406613061887808
2,1509,1511,0.15406389778336224
2,1519,1521,0.1540618007369601
2,1507,1509,0.1540598307667572
2,1516,1518,0.15405797988690112
2,1508,1510,0.15405624070887328
2,1518,1520,0.15405460636016882
2,1515,1517,0.154053070427678
2,1509,1511,0.154051626914825
2,1504,1506,0.15405027020702167
2,1524,1526,0.15404899504254185
2,1525,1527,0.15404779648717942
2,1507,1509,0.15404666991170948
2,1516,1518,0.1540456109715354
2,1526,1528,0.1540446155881135
2,1516,1518,0.15404367993187326
2,1517,1519,0.15404280040642912
2,1523,1525,0.15404197363393124
2,1519,1521,0.15404119644143532
2,1508,1510,0.15404046584819542
2,1511,1513,0.15403977905379904
2,1514,1516,0.15403913342707665
1,1506,1507,0.15403852649572497
1,1513,1514,0.1540412182452258
1,1513,1514,0.15404373200780444
1,1511,1512,0.15404608388197608
1,1526,1527,0.1540482891830705
1,1514,1515,0.1540503592720018
1,1520,1521,0.154052303530117
1,1510,1511,0.1540541301896099
1,1498,1499,0.15405584669959768
1,1507,1508,0.15405745990801964
1,1509,1510,0.154058976164155
1,1518,1519,0.15406040138365057
1,1523,1524,0.15406174109421625
1,1512,1513,0.15406300047048618
1,1519,1520,0.15406418436230576
1,1512,1513,0.15406529731872415
0,1525,1525,0.15406634360898327
