1368,29,1397,0.1358212650386724
1398,30,1428,0.1329829438187549
1421,31,1452,0.1303103076010138
1439,32,1471,0.12781139606921724
1441,31,1472,0.12548570169151463
1441,31,1472,0.12336233402473874
1448,31,1479,0.12142836717169522
1448,30,1478,0.11964899775086128
1447,30,1477,0.11802875145181056
1453,32,1485,0.1165566856352896
1453,32,1485,0.11520115452294506
1444,33,1477,0.11396687669237354
1440,34,1474,0.11286506945164948
1443,33,1476,0.11187061539408064
1447,33,1480,0.11095864749283661
1440,33,1473,0.11011840521175778
1437,34,1471,0.1093692632668775
1447,38,1485,0.10869368862822813
1451,38,1489,0.10805562175941633
1456,40,1496,0.10746549258092593
1459,39,1498,0.10691745512408524
1447,46,1493,0.10641146658792554
1442,49,1491,0.10597800140365435
1444,48,1492,0.10559468069170538
1442,51,1493,0.10524118831030428
1445,52,1497,0.10492362800158535
1430,54,1484,0.10462777842270862
1436,53,1489,0.1043919790515311
1435,53,1488,0.10416384056207577
1430,56,1486,0.10395866647100054
1435,55,1490,0.10378270005497425
1426,55,1481,0.1036117138359149
1422,53,1475,0.1034753658092215
1429,51,1480,0.10335984895835487
1424,50,1474,0.1032390245661369
1443,50,1493,0.10313973846199509
1431,48,1479,0.10300813650953727
1423,50,1473,0.10291429254636247
1435,50,1485,0.10284632547731276
1431,49,1480,0.10275807682809733
1445,50,1495,0.10268678639237093
1450,51,1501,0.10259154782317609
1450,52,1502,0.10249360778051905
1439,54,1493,0.10240439729347592
1428,51,1479,0.10234747835090918
1435,53,1488,0.10231938284062693
1434,53,1487,0.1022788413012166
1432,55,1487,0.10224368694986281
1423,55,1478,0.10221588612029735
1414,54,1468,0.10221032471432133
1419,55,1474,0.10222473365232247
1426,56,1482,0.10222696408308214
1431,59,1490,0.10221386402384997
1424,56,1480,0.10219098729209236
1427,56,1483,0.10218530986658492
1440,54,1494,0.10217358632363144
1434,56,1490,0.10213509333505218
1437,53,1490,0.10211272314220637
1431,57,1488,0.1020858376018407
1415,62,1477,0.10207463773615666
1417,60,1477,0.10209912014634676
1423,61,1484,0.10211664841165029
1427,62,1489,0.10211995356617003
1408,64,1472,0.10211490727125694
1410,64,1474,0.10215101891179547
1411,63,1474,0.10217975370744853
1415,66,1481,0.10220401749861646
1414,72,1486,0.10221783327280672
1436,73,1509,0.10223264484732056
1429,74,1503,0.10219861786493864
1433,76,1509,0.10218280157565526
1437,76,1513,0.10215974974918211
1415,76,1491,0.10212960462129757
1406,76,1482,0.10214975258770047
1402,75,1477,0.10218732356345878
1417,77,1494,0.1022307057117896
1424,76,1500,0.10223759829061749
1423,77,1500,0.10222869397888637
1419,77,1496,0.10222269214944232
1413,78,1491,0.10222612439083069
1419,79,1498,0.1022421312270799
1413,77,1490,0.10224387085107331
1417,76,1493,0.10225864040295882
1422,78,1500,0.1022633867182832
1419,76,1495,0.10225687482304668
1411,74,1485,0.10225717830421643
1399,75,1474,0.10227468283173817
1403,75,1478,0.10231644037486148
1420,72,1492,0.1023460708052104
1431,72,1503,0.10233633601923817
1427,71,1498,0.10230362760418205
1429,69,1498,0.10228245379753353
1428,72,1500,0.10225902115579996
1429,73,1502,0.1022396194484649
1431,72,1503,0.10221960966720985
1431,70,1501,0.10219706828937287
1437,70,1507,0.1021765540800962
1428,70,1498,0.10214540883935751
1427,69,1496,0.10213652568142287
1418,66,1484,0.10213014837696215
1409,65,1474,0.10214401813342697
1428,66,1494,0.10217637323976979
1426,66,1492,0.10216461562434313
1439,68,1507,0.10215826533320574
1437,67,1504,0.10212398325589386
1416,70,1486,0.10209693926046469
1412,72,1484,0.102117634255852
1405,73,1478,0.10214555817408477
1405,70,1475,0.10218657108035972
1401,72,1473,0.10222339332052144
1406,71,1477,0.10226582744015011
1396,74,1470,0.10229396203860702
1407,74,1481,0.10234165509848264
1417,75,1492,0.1023612778803293
1414,76,1490,0.10235740888876305
1415,76,1491,0.10236086358205956
1410,78,1488,0.1023618434842119
1405,80,1485,0.10237376923573152
1403,79,1482,0.10239494379625064
1392,78,1470,0.10241882273264208
1413,79,1492,0.10246455145037978
1408,81,1489,0.10246076362405208
1418,86,1504,0.10246825800869107
1418,86,1504,0.1024530587590811
1420,86,1506,0.1024393260962282
1412,86,1498,0.10242282757788836
1405,84,1489,0.10242544525476753
1414,84,1498,0.10244293899731677
1412,86,1498,0.10243958811906095
1424,87,1511,0.10244081938956015
1411,87,1498,0.1024155424900303
1414,88,1502,0.10242102864904287
1404,88,1492,0.10241967072488947
1390,89,1479,0.10244023172940925
1382,90,1472,0.10248918504049709
1378,89,1467,0.10255085486290964
1383,94,1477,0.10261601292367732
1375,102,1477,0.10266465612752661
1378,104,1482,0.10272625597130801
1387,104,1491,0.10277600322091045
1389,107,1496,0.1028019879475456
1372,104,1476,0.10282168017776382
1392,106,1498,0.10287679980456599
1384,108,1492,0.10288345391865107
1372,111,1483,0.10290699327662538
1367,111,1478,0.10295511492670908
1388,114,1502,0.10301032125026302
1404,114,1518,0.10301475986471374
1397,110,1507,0.10298412161119536
1402,114,1516,0.1029714748505112
1384,115,1499,0.10294887348132431
1379,114,1493,0.10296796059467812
1370,114,1484,0.10299660921873595
1362,111,1473,0.10304205000889835
1360,115,1475,0.10310070779135963
1364,113,1477,0.10315852196779503
1370,114,1484,0.10320309304324721
1370,111,1481,0.1032302534089542
1367,112,1479,0.10325511747123511
1360,116,1476,0.10328447326785523
1367,115,1482,0.10332667564554232
1376,119,1495,0.10335046113573404
1380,119,1499,0.10335231132840436
1377,120,1497,0.1033452152998379
1369,122,1491,0.10334523607782618
1389,122,1511,0.10336289043083285
1380,123,1503,0.10333600504531484
1366,123,1489,0.10333076360088164
1345,125,1470,0.10335694515574524
1351,129,1480,0.10342696097291146
1350,123,1473,0.10347783298182726
1351,124,1475,0.10352640304685956
1370,127,1497,0.10356859310169454
1364,123,1487,0.10356535571903233
1365,123,1488,0.1035751689946613
1355,122,1477,0.10358253858280218
1356,125,1481,0.1036109168339694
1371,125,1496,0.1036348632414996
1363,124,1487,0.10362424871162255
1365,125,1490,0.1036320338821494
1361,132,1493,0.10363494712194563
1369,137,1506,0.10364668640786669
1374,142,1516,0.10364016975135724
1365,141,1506,0.10362371309128057
1362,139,1501,0.10362853200570157
1364,145,1509,0.10363938273556801
1355,146,1501,0.10364496113923619
1360,145,1505,0.1036697096930241
1363,146,1509,0.10368078510843906
1359,147,1506,0.10368528310673414
1359,148,1507,0.10369784713517591
1360,150,1510,0.10370964066372775
1361,147,1508,0.10371818941671697
1357,145,1502,0.10372425921429972
1356,151,1507,0.10373875003087153
1345,152,1497,0.10375363766987021
1353,155,1508,0.10379184616804726
1347,160,1507,0.10380889596606241
1344,160,1504,0.10383791493721514
1339,162,1501,0.10387182674888472
1339,165,1504,0.1039136737585498
1336,166,1502,0.10395220096385684
1317,168,1485,0.10399391386455249
1320,171,1491,0.10407456925927798
1325,169,1494,0.10414139280599956
1320,169,1489,0.10419189005280201
1329,169,1498,0.10424894779086603
1331,171,1502,0.10428097646269242
1334,172,1506,0.10430584323352358
1328,170,1498,0.10432202167038454
1329,169,1498,0.104349928252065
1322,168,1490,0.10437403018828652
1320,175,1495,0.10441167256921528
1317,172,1489,0.10445097904163404
1319,175,1494,0.10449340804093772
1326,175,1501,0.10452804427313697
1321,175,1496,0.10454477593132527
1328,177,1505,0.10457155437226383
1324,174,1498,0.10458023855638954
1327,175,1502,0.10459674546138356
1330,173,1503,0.10460569208748752
1324,173,1497,0.10460625159991631
1321,170,1491,0.10462017658754963
1332,164,1496,0.10463923844540567
1337,164,1501,0.10463227870923192
1343,160,1503,0.10461503738303693
1342,157,1499,0.10458651514299412
1331,161,1492,0.10456270893035917
1322,163,1485,0.10456474926891542
1327,167,1494,0.10458699128921727
1328,167,1495,0.1045965485017366
1328,168,1496,0.10460310737741964
1336,160,1496,0.10460830958654138
1334,169,1503,0.10459552985642491
1334,167,1501,0.10458758240332797
1335,166,1501,0.10458011491570594
1313,166,1479,0.10457109236242633
1313,171,1484,0.10461106822751103
1320,169,1489,0.10464716851871281
1330,166,1496,0.1046648638013524
1326,166,1492,0.1046591063739538
1324,167,1491,0.10466306549628503
1327,168,1495,0.10467060646023875
1314,172,1486,0.1046710935542535
1306,172,1478,0.10470061745160088
1316,176,1492,0.10474560956909641
1325,175,1500,0.10476481427878218
1311,176,1487,0.10476312985034336
1309,184,1493,0.10479170105170749
1303,188,1491,0.10482297530856644
1314,187,1501,0.10486493491203099
1300,184,1484,0.10487876980291282
1292,192,1484,0.10492262391420695
1302,195,1497,0.1049807927527495
1307,199,1506,0.10501160521342812
1306,193,1499,0.1050283479712759
1304,192,1496,0.10504570171428933
1300,194,1494,0.10506698302859022
1296,199,1495,0.1050960237946089
1292,200,1492,0.10513106452006393
1293,204,1497,0.1051717409475331
1292,205,1497,0.10520707128639774
1278,215,1493,0.10524205521569843
1274,212,1486,0.10530481955217137
1285,217,1502,0.10537124774240766
1285,218,1503,0.105407893469744
1283,216,1499,0.10544140552591572
1273,218,1491,0.10547644602221393
1284,222,1506,0.10553120211085731
1282,217,1499,0.1055570774160767
1282,221,1503,0.1055859595109369
1275,224,1499,0.10561234330089121
1282,224,1506,0.10565212288537781
1283,219,1502,0.10567330296126656
1270,222,1492,0.10568981410194905
1275,220,1495,0.1057332219747368
1262,218,1480,0.10576169404954527
1266,225,1491,0.10581681974712584
1262,222,1484,0.10585880294729978
1263,222,1485,0.10590715074390271
1267,224,1491,0.10594894361809654
1282,230,1512,0.1059779971643227
1290,227,1517,0.10597101973503252
1286,230,1516,0.10594729486947235
1287,227,1514,0.10593412448910085
1279,230,1509,0.10592049606662726
1274,225,1499,0.10592606581239311
1284,226,1510,0.10594268733415513
1291,227,1518,0.10593602931500268
1277,226,1503,0.10591344933499137
1280,222,1502,0.10592528216439344
1276,226,1502,0.10592963922978232
1269,231,1500,0.10594281889835966
1268,228,1496,0.10597069313010249
1263,231,1494,0.10599847583464089
1259,235,1494,0.10603519696775075
1258,238,1496,0.10607800025762462
1244,240,1484,0.10611982595323952
1249,241,1490,0.10618871033714827
1245,233,1478,0.10623994684771727
1259,238,1497,0.106296585114203
1265,237,1502,0.106317197431344
1259,242,1501,0.10632299399062049
1261,242,1503,0.10634063410476316
1261,241,1502,0.10635296781462593
1251,238,1489,0.106364327090741
1250,235,1485,0.10639703273175365
1252,243,1495,0.10642974988418635
1248,249,1497,0.10645501282306581
1257,246,1503,0.1064864447823934
1256,245,1501,0.10649478490974229
1257,247,1504,0.10650522327983383
1256,243,1499,0.10651369254059967
1256,240,1496,0.10652376947865509
1260,248,1508,0.10653330037883162
1247,259,1506,0.10653403599274053
1231,259,1490,0.10656409106077654
1237,255,1492,0.1066276349847878
1258,256,1514,0.10667193582388095
1257,250,1507,0.10666546752561118
1245,250,1495,0.10666169498146695
1245,253,1498,0.10668529009711197
1245,254,1499,0.10670721393981278
1244,261,1505,0.10672724774193658
1230,260,1490,0.10674744824287899
1231,260,1491,0.10679840232514465
1229,265,1494,0.10684350012026382
1231,265,1496,0.10688761180923655
1222,265,1487,0.10692379534959066
1215,269,1484,0.10697667124647404
1219,270,1489,0.10704080010589308
1230,271,1501,0.10709182359307227
1215,276,1491,0.10711443800083932
1223,280,1503,0.10716904571497306
1221,280,1501,0.10720101496669493
1225,277,1502,0.10723484369569207
1221,279,1500,0.10725690456154367
1225,275,1500,0.10728633452798303
1222,274,1496,0.10730517852414502
1215,281,1496,0.10732936932087728
1209,281,1490,0.10736718511945904
1212,284,1496,0.1074159737163259
1213,279,1492,0.10745448458287235
1204,290,1494,0.10748810954145936
1207,291,1498,0.10754065813481355
1195,289,1484,0.10758254746295455
1193,293,1486,0.10764819168493357
1197,287,1484,0.10771308427146714
1189,285,1474,0.10776380322956242
1194,290,1484,0.10782894660021086
1206,292,1498,0.10787732059153843
1196,294,1490,0.10789495231212452
1197,294,1491,0.1079338412323446
1204,295,1499,0.10796646052392153
1196,295,1491,0.10798141317865152
1207,295,1502,0.10801280606949998
1214,293,1507,0.10801617684200232
1205,291,1496,0.10800340833715119
1197,292,1489,0.10801128364829549
1198,295,1493,0.10803589760305954
1203,298,1501,0.10805578910743187
1206,299,1505,0.10806160692741368
1206,300,1506,0.10806018018989694
1211,296,1507,0.10805867075781204
1220,290,1510,0.10804680892416706
1202,296,1498,0.10801690403310356
1196,293,1489,0.1080306417048165
1194,286,1480,0.10805706331421629
1203,288,1491,0.10808474929469365
1197,292,1489,0.10808824591950267
1204,297,1501,0.10810601786602199
1201,297,1498,0.10810623958515872
1201,298,1499,0.10811290602588443
1191,302,1493,0.10811929349251187
1188,301,1489,0.10814774849020521
1187,303,1490,0.10818020597882295
1196,300,1496,0.10821282755958368
1190,302,1492,0.10822143791350286
1187,301,1488,0.10824284161376091
1192,304,1496,0.10826906292411957
1196,298,1494,0.10828238192078113
1183,298,1481,0.10828573807779296
1188,301,1489,0.10831835392141627
1195,304,1499,0.10833708291708195
1187,308,1495,0.10834053496345784
1191,307,1498,0.10836168546972846
1189,307,1496,0.10837214962076586
1188,312,1500,0.10838692303388538
1185,309,1494,0.10840359273645149
1191,315,1506,0.1084251480906561
1185,317,1502,0.10843138197911753
1180,314,1494,0.10845061211244367
1174,319,1493,0.10848059221556244
1164,326,1490,0.10852144316800141
1161,336,1497,0.10858193677094466
1174,331,1505,0.10864318502262976
1168,334,1502,0.10867026105497846
1179,325,1504,0.10870891366059991
1187,321,1508,0.10871873145804307
1186,323,1509,0.10870972552826601
1185,315,1500,0.10870387939968343
1178,316,1494,0.10870079705707912
1181,314,1495,0.1087133835444805
1177,319,1496,0.1087179867767583
1165,324,1489,0.10873024328412757
1160,326,1486,0.10876839795721795
1166,324,1490,0.10881446010948723
1174,327,1501,0.1088434913753742
1164,330,1494,0.10885211741084647
1164,324,1488,0.10888205978052193
1175,329,1504,0.10890984329344444
1161,335,1496,0.10891030182294607
1157,331,1488,0.1089424991487433
1158,331,1489,0.10898042240887562
1151,328,1479,0.1090129738152301
1154,323,1477,0.10905911861147179
1170,329,1499,0.10909493753366128
1172,327,1499,0.10909228203171681
1177,329,1506,0.10908572295379612
1172,330,1502,0.10906828955735733
1166,329,1495,0.10906462272498633
1165,325,1490,0.10907469418418284
1162,324,1486,0.10908627699253398
1164,332,1496,0.1091027011337868
1164,319,1483,0.109114145931978
1156,328,1484,0.10912591734036227
1170,329,1499,0.10915485376345284
1165,330,1495,0.10914939435666865
1167,330,1497,0.1091556683009901
1162,329,1491,0.10915762870017318
1152,331,1483,0.1091708777901855
1146,335,1481,0.10920626683913433
1150,341,1491,0.10925269332058792
1139,345,1484,0.10928625413771569
1149,348,1497,0.10934228372621611
1144,351,1495,0.10937112139308379
1146,354,1500,0.10940955151517354
1147,352,1499,0.1094406709606444
1151,348,1499,0.10946662477468394
1149,350,1499,0.10948079629187477
1146,349,1495,0.10949777149957553
1152,353,1505,0.10952036209372057
1149,349,1498,0.10952789366463062
1145,352,1497,0.10954123772963545
1152,357,1509,0.10956319337231175
1158,353,1511,0.1095678797114935
1158,351,1509,0.10955990592211431
1144,356,1500,0.10955187571745456
1144,353,1497,0.1095777028313826
1143,354,1497,0.10960209428925503
1146,353,1499,0.10962687823237442
1158,351,1509,0.10964264567120892
1152,348,1500,0.10962930141418098
1150,357,1507,0.10963092217645551
1151,363,1514,0.10963739378816548
1145,362,1507,0.1096414817539868
1139,367,1506,0.10965938448099052
1140,367,1507,0.10968952933211769
1152,369,1521,0.1097153486482219
1140,363,1503,0.10971114270598192
1136,361,1497,0.10973474897140972
1137,353,1490,0.10976542938705915
1141,357,1498,0.10979169156226654
1130,362,1492,0.10980619355455155
1131,363,1494,0.10984569924474531
1117,368,1485,0.10987985703494135
1124,374,1498,0.10994415846354649
1138,373,1511,0.10998820875199496
1133,378,1511,0.1099966646477111
1130,373,1503,0.11001522298331425
1130,372,1502,0.1100391251299841
1139,374,1513,0.11006105586976499
1131,370,1501,0.1100600077281317
1130,370,1500,0.11007717335103
1130,374,1504,0.11009681197969164
1142,367,1509,0.11011374934085687
1141,366,1507,0.11010259290725098
1149,372,1521,0.11009333701163056
1135,375,1510,0.11006701774413902
1140,371,1511,0.11007534937549682
1146,370,1516,0.11007157819709443
1140,373,1513,0.11005381389381583
1137,368,1505,0.1100518613839039
1126,365,1491,0.11005691517321246
1128,361,1489,0.11008776025420965
1126,370,1496,0.11011069168234129
1131,369,1500,0.11013621465574396
1140,370,1510,0.11014890562448415
1144,373,1517,0.11014058440926057
1145,364,1509,0.11012521658800545
1146,368,1514,0.11010734709393732
1140,365,1505,0.11008867409293702
1142,362,1504,0.11008611729304633
1131,360,1491,0.11007921945394433
1139,363,1502,0.11009777118916529
1143,369,1512,0.11009657138084297
1133,371,1504,0.11008698644874627
1130,370,1500,0.11010110638583712
1120,371,1491,0.11012080149474515
1115,376,1491,0.11016159840940108
1117,378,1495,0.11021109038500862
1119,377,1496,0.11025129158781131
1124,375,1499,0.11028423541458907
1111,372,1483,0.11030171006082667
1114,376,1490,0.11034776134951783
1113,379,1492,0.11038393244352417
1117,388,1505,0.11042023656626312
1122,384,1506,0.11044373236708886
1112,378,1490,0.11045429535266597
1113,380,1493,0.11048761224723894
1118,381,1499,0.11051521892203323
1109,383,1492,0.11052859440155455
1105,385,1490,0.11056176280243105
1109,384,1493,0.11060111259302019
1110,382,1492,0.11062713613618129
1108,389,1497,0.11064854979215816
1111,387,1498,0.1106721986167176
1115,384,1499,0.11068693506816726
1125,384,1509,0.11069096052068407
1124,382,1506,0.11067156786777861
1121,380,1501,0.11065612959140697
1124,388,1512,0.11065063293399031
1118,393,1511,0.11063883769621917
1125,390,1515,0.11064216486813018
1129,390,1519,0.1106287687085263
1121,393,1514,0.11060746705999573
1118,396,1514,0.11060750167979151
1114,396,1510,0.1106143525572719
1113,397,1510,0.11063002816495823
1107,399,1506,0.11064708479492022
1109,400,1509,0.11067677184979875
1111,396,1507,0.11069930027927218
1108,402,1510,0.11071497962517535
1102,405,1507,0.11073701295706954
1102,409,1511,0.1107706299331188
1093,411,1504,0.11080131153726618
1084,411,1495,0.11085112465592328
1091,414,1505,0.11091888804924617
1086,415,1501,0.11096521717047253
1086,421,1507,0.11101893880335308
1087,420,1507,0.1110683203791541
1087,423,1510,0.11111234967180099
1090,423,1513,0.11115355034951857
1082,420,1502,0.11118413044942894
1075,424,1499,0.11123136908265462
1067,430,1497,0.11129163814751354
1074,428,1502,0.11136568375657793
1067,427,1494,0.11141699749322441
1072,420,1492,0.11148019674905658
1074,424,1498,0.11152666515081924
1062,426,1488,0.11156556751111324
1065,427,1492,0.11162860998554903
1074,427,1501,0.11168031230265679
1078,434,1512,0.11170737876546578
1069,429,1498,0.1117229770219988
1067,430,1497,0.11175876592951514
1066,429,1495,0.11179650820154045
1072,433,1505,0.11183395664375158
1069,432,1501,0.11185405600572308
1077,434,1511,0.11187836566700643
1081,435,1516,0.11188228796244772
1076,435,1511,0.11187599172800927
1071,426,1497,0.11188265906229261
1062,433,1495,0.11190159495255311
1077,436,1513,0.1119395487654581
1067,429,1496,0.11193997707599618
1067,433,1500,0.11196343263302268
1063,432,1495,0.11198387459517142
1073,433,1506,0.11201232704017342
1072,437,1509,0.11201604316257399
1058,437,1495,0.11202129750035641
1057,439,1496,0.11205846862751763
1056,445,1501,0.11209487831940156
1063,445,1508,0.11213123742993357
1060,447,1507,0.1121482804318796
1055,445,1500,0.11217072010575098
1046,442,1488,0.11220338902302358
1053,446,1499,0.11225493086306716
1057,448,1505,0.11228587135365743
1056,439,1495,0.11230443618946497
1063,448,1511,0.11232425058283468
1050,451,1501,0.11232694264636851
1046,459,1505,0.11235985042798587
1054,455,1509,0.11240010480446683
1053,460,1513,0.11241806811258723
1059,454,1513,0.11243696714402944
1066,457,1523,0.11243891312645518
1054,449,1503,0.11242395779072431
1062,445,1507,0.11243881213699311
1059,444,1503,0.11243242456955396
1059,444,1503,0.11243325203387335
1063,444,1507,0.11243483263305705
1064,449,1513,0.11242647086633725
1058,453,1511,0.11241770637567386
1050,447,1497,0.11242341984662786
1049,442,1491,0.11244765094996677
1053,451,1504,0.11247279936327001
1043,454,1497,0.11248600862818878
1046,465,1511,0.11252144137611537
1036,464,1500,0.11254858416894824
1029,467,1496,0.11259659787758021
1042,462,1504,0.11265752732532074
1031,457,1488,0.112683387232304
1043,457,1500,0.11273260038235346
1046,456,1502,0.11275118467002176
1048,455,1503,0.11276004816762045
1039,466,1505,0.11276336138423408
1028,470,1498,0.11278843234053638
1028,470,1498,0.11283887037255112
1024,471,1495,0.11288638316786286
1016,474,1490,0.1129386417512422
1016,469,1485,0.11300594748396403
1027,471,1498,0.11306755774105585
1020,475,1495,0.11309854382308325
1023,477,1500,0.1131454016186477
1026,476,1502,0.11318269082762665
1023,475,1498,0.11320932789824241
1024,476,1500,0.11324080677264839
1035,470,1505,0.11326833367586929
1033,474,1507,0.11326809538798148
1034,478,1512,0.11327126431856036
1024,486,1510,0.11327073926132383
1021,486,1507,0.11329339981391758
1006,494,1500,0.11332326867178746
1003,485,1488,0.11338710714382966
1011,485,1496,0.11345262048316401
1013,488,1501,0.11349439526242225
1000,497,1497,0.11352874136045354
983,508,1491,0.11359161154970372
986,505,1491,0.11369033383725138
995,508,1503,0.11377417450964962
998,512,1510,0.11383076787737106
999,512,1511,0.11387601682687601
994,511,1505,0.11391488623811707
997,524,1521,0.1139629033143517
1001,523,1524,0.1140012221230963
986,517,1503,0.11402751565441754
992,523,1515,0.11408805913369074
1001,522,1523,0.11413023978959473
997,523,1520,0.11414806286176082
992,519,1511,0.1141744817273991
989,523,1512,0.11421058047826232
989,526,1515,0.1142515346653963
976,526,1502,0.11428938669248961
981,524,1505,0.11435524486533417
991,524,1515,0.11440528597891687
986,523,1509,0.11442675386169857
994,521,1515,0.11445728777209792
981,533,1514,0.11446672466767882
979,526,1505,0.1145061704186109
989,530,1519,0.1145475301047167
994,526,1520,0.1145615908771193
988,535,1523,0.11456227011167595
996,535,1531,0.11457902320681378
981,532,1513,0.114575927038652
973,540,1513,0.11460977106244805
974,539,1513,0.11466042591647195
975,542,1517,0.11470397668097598
973,540,1513,0.11474086533722763
966,533,1499,0.11477931137290702
967,523,1490,0.11483107355027578
954,524,1478,0.11487705691587774
960,528,1488,0.11494882989255631
960,529,1489,0.11500112570392115
969,533,1502,0.11505006880303771
965,531,1496,0.11507368756120917
956,522,1478,0.11510590051486978
965,521,1486,0.1151569497804335
970,526,1496,0.11518232653972561
967,533,1500,0.11519410091054219
965,531,1496,0.11521292688587532
964,530,1494,0.11523489584053934
970,528,1498,0.1152573716473057
959,534,1493,0.115264389329795
971,534,1505,0.11529745309056122
981,542,1523,0.11530122561977425
987,544,1531,0.1152815432309784
978,545,1523,0.11525063972474694
970,544,1514,0.11524366583325082
979,543,1522,0.1152570151940738
975,544,1519,0.11524818249666816
964,542,1506,0.11525029470636303
965,549,1514,0.11527958415550074
974,548,1522,0.11530390226470312
966,549,1515,0.11530395591439074
966,551,1517,0.1153238665736367
967,545,1512,0.115342152014956
960,546,1506,0.11535732693069982
956,551,1507,0.11538749275670508
964,546,1510,0.1154254333927555
953,552,1505,0.11544106444218645
941,550,1491,0.11548224199513117
945,553,1498,0.11554841838405268
950,559,1509,0.11560000226174384
951,570,1521,0.11563571800806749
957,569,1526,0.11566645521074602
947,569,1516,0.11568078769853148
940,567,1507,0.11571834376049488
932,555,1487,0.11576960043294282
930,561,1491,0.11583588693984805
940,563,1503,0.11590175113699511
937,564,1501,0.11593726735625061
932,570,1502,0.1159776304485731
934,565,1499,0.11602798697490276
930,566,1496,0.11607119883416744
932,569,1501,0.1161202155744574
938,570,1508,0.11615982040646752
932,571,1503,0.11618215656568445
933,577,1510,0.11621828282614874
921,576,1497,0.11624862207201929
925,571,1496,0.11630559598804684
919,574,1493,0.116348689392084
921,577,1498,0.11640150213383692
919,578,1497,0.11644531324777972
919,577,1496,0.11649127866665154
914,571,1485,0.1165323220704282
917,579,1496,0.11658069489857638
905,585,1490,0.11661780780553681
894,576,1470,0.11668261235192556
901,577,1478,0.11676774496995712
908,580,1488,0.116829981144463
913,583,1496,0.11687082878759539
914,589,1503,0.11689843443600481
912,584,1496,0.11692233385997142
920,594,1514,0.11694997932152926
925,588,1513,0.11695643934536312
926,594,1520,0.11695037667509048
912,595,1507,0.11694322773670203
897,603,1500,0.11697102809109375
889,611,1500,0.11703360935586042
897,608,1505,0.11711201818638842
900,609,1509,0.11716539693821647
909,609,1518,0.11720785242718375
917,605,1522,0.11722539816857443
910,600,1510,0.11722194680253083
900,593,1493,0.11723534736390356
900,596,1496,0.11726966245967738
891,588,1479,0.11730333896494927
888,593,1481,0.11735608584047094
904,604,1508,0.11741215393510991
899,602,1501,0.11742579216928306
899,597,1496,0.11744971243997723
900,607,1507,0.11747183219086596
900,602,1502,0.11749031418921155
906,605,1511,0.1175068774421069
896,599,1495,0.11750791891419261
890,603,1493,0.11753354966329539
888,612,1500,0.11757209683180768
885,612,1497,0.11761259533704084
879,618,1497,0.11765707688791621
877,623,1500,0.11771383303356452
877,616,1493,0.11777216628412003
878,620,1498,0.11782718180640528
877,616,1493,0.11787721719104766
882,615,1497,0.11792578208052142
875,616,1491,0.11795963298107846
876,622,1498,0.11800901713519962
880,624,1504,0.11805097183250467
880,620,1500,0.11808048116546875
877,621,1498,0.11810728926832374
874,630,1504,0.11813896285238
871,629,1500,0.11817619047406965
869,624,1493,0.11821789173559694
873,631,1504,0.11826098503395023
869,643,1512,0.11829181072851522
870,640,1510,0.11833162426384107
858,637,1495,0.11836584774063962
868,638,1506,0.11842701191649731
850,634,1484,0.11845870360224929
858,634,1492,0.1185318028157962
849,648,1497,0.11857919084207305
842,652,1494,0.11864555630849488
834,653,1487,0.11872488235956968
832,647,1479,0.11881680510117619
838,657,1495,0.11890469484631919
826,659,1485,0.11897237324747717
822,663,1485,0.11906457165826129
814,667,1481,0.11915970470736241
815,683,1498,0.1192669115876532
814,679,1493,0.11936278765279137
826,678,1504,0.11945388648123288
823,681,1504,0.11950868126590676
820,686,1506,0.11956786014632854
825,682,1507,0.11963042663476368
821,691,1512,0.11967630082941533
823,684,1507,0.1197287283545641
819,687,1506,0.1197727482011516
816,687,1503,0.11982230647012901
816,684,1500,0.11987633912382144
808,694,1502,0.11992708575203323
813,697,1510,0.11999212619094539
803,699,1502,0.12004047188770621
821,694,1515,0.12010885335111002
816,695,1511,0.12012793744106581
819,701,1520,0.12016012158789746
815,690,1505,0.12018178346156085
819,687,1506,0.12021173107056406
822,683,1505,0.1202297233608185
820,678,1498,0.12023809002031065
822,680,1502,0.12025172243076039
812,689,1501,0.1202584835921472
815,685,1500,0.1202902199663929
815,688,1503,0.12031176215929477
815,679,1494,0.12033102432372633
806,687,1493,0.1203488611643078
818,684,1502,0.12038578567157308
812,687,1499,0.12039075938631222
812,685,1497,0.12040963280418421
807,684,1491,0.12042770123287845
815,683,1498,0.12045856034674042
809,685,1494,0.12046773596212804
811,694,1505,0.12049303414134448
811,691,1502,0.12051109970037435
813,693,1506,0.12052798482752233
808,693,1501,0.12053842270802731
811,698,1509,0.1205593349755954
800,706,1506,0.12057149364772116
808,709,1517,0.12061183203669205
796,718,1514,0.12063020163833726
800,712,1512,0.12067768962766637
802,707,1509,0.12071224180132997
803,699,1502,0.12073898114107681
797,706,1503,0.1207603747305787
798,708,1506,0.12079497007886492
798,703,1501,0.12082654882117509
787,710,1497,0.12085493414883132
787,712,1499,0.12090887499609031
785,711,1496,0.12095759162549861
794,724,1518,0.12100882281353276
801,715,1516,0.12103421265822434
803,710,1513,0.12103959119226111
802,709,1511,0.12103958507505089
797,711,1508,0.12104389347694276
801,696,1497,0.12105995611173981
799,701,1500,0.12106612617395175
792,701,1493,0.12107570879506384
787,698,1485,0.12110185676480267
801,699,1500,0.12113871877071794
794,704,1498,0.12113891077154486
793,707,1500,0.1211559910409727
795,714,1509,0.12117527429695783
796,709,1505,0.12118925833876382
783,698,1481,0.12120008226647105
791,701,1492,0.1212419275729533
785,715,1500,0.12126137481269428
782,713,1495,0.12129478428985482
795,712,1507,0.12133245005751164
787,708,1495,0.12133490994911778
785,707,1492,0.12135704812687367
781,705,1486,0.12138307109608594
779,712,1491,0.12141763197718997
786,711,1497,0.12145378804314427
792,700,1492,0.12146848693261131
788,707,1495,0.121467617198098
790,700,1490,0.12147697669308456
798,700,1498,0.12148214701822792
803,697,1500,0.1214679383222877
800,700,1500,0.12144228210835721
808,702,1510,0.12142500315980126
809,699,1508,0.12138877788773478
808,696,1504,0.12135458924999241
808,682,1490,0.12132756544006028
804,690,1494,0.12130193739460449
803,696,1499,0.12128793570597356
809,689,1498,0.12127642773926621
804,691,1495,0.12125118963179723
803,692,1495,0.12124185872093936
803,699,1502,0.12123596941813714
807,701,1508,0.12123113841547908
802,704,1506,0.12121632095455105
802,693,1495,0.121216150164656
807,708,1515,0.12121574127814196
813,700,1513,0.12120232041702263
804,707,1511,0.12117660156321844
801,707,1508,0.12117624433835371
799,706,1505,0.12118422204381041
794,715,1509,0.12119609890522867
793,712,1505,0.12121762474719117
782,707,1489,0.1212400497220073
785,706,1491,0.12128873745225849
784,712,1496,0.12132698516430444
788,710,1498,0.1213651501500599
781,713,1494,0.12139002866932451
784,729,1513,0.12143116899239463
784,729,1513,0.12146140117411292
789,723,1512,0.12149137832220071
787,728,1515,0.12150645920738949
787,729,1516,0.12152579632820786
788,722,1510,0.1215436480035013
792,723,1515,0.12155720761880227
792,732,1524,0.12156106244054453
776,726,1502,0.12156407668169997
773,730,1503,0.1216053382723085
780,718,1498,0.12164997814615494
777,713,1490,0.12167375739892344
774,710,1484,0.12170457540813148
779,707,1486,0.12173975319851234
779,715,1494,0.12176091470339231
775,724,1499,0.1217810616292902
773,723,1496,0.12181177476808315
771,728,1499,0.12184345994634746
767,734,1501,0.12187755812374404
768,737,1505,0.12191849890047735
767,729,1496,0.12195540860865306
767,721,1488,0.12199380139493844
773,723,1496,0.12202854294407625
774,733,1507,0.12204591782738174
767,725,1492,0.12206206975433977
770,730,1500,0.12209441522471437
757,730,1487,0.12211626100832848
756,722,1478,0.12216842203531413
757,721,1478,0.12221924595747816
756,735,1491,0.12226433881130554
762,737,1499,0.12230818068062174
760,734,1494,0.12233495829608598
753,743,1496,0.12236597221675957
756,749,1505,0.12241292486448224
760,752,1512,0.1224484060092027
769,750,1519,0.12247038200164508
754,748,1502,0.12246689482844392
754,746,1500,0.12250290344815504
753,763,1516,0.12253602009148164
755,767,1522,0.12256952981989404
745,757,1502,0.12259526696689672
749,762,1511,0.12264297027373182
737,761,1498,0.12267916696037481
742,768,1510,0.12274185891990182
735,770,1505,0.12278797461125436
729,762,1491,0.1228481099055071
730,771,1501,0.12291906606802368
728,758,1486,0.12298102097364608
728,753,1481,0.12304494209002324
723,759,1482,0.12310384897023521
726,766,1492,0.1231712233904532
718,765,1483,0.12322519769655951
723,780,1503,0.12329479872146144
729,772,1501,0.1233481914663199
734,773,1507,0.12338345141475208
725,769,1494,0.12340177740470669
733,778,1511,0.12344037444285372
730,783,1513,0.12345894673492279
725,774,1499,0.12348473953758564
728,774,1502,0.12352178695489488
729,781,1510,0.12354870416029566
727,773,1500,0.12357147752205502
730,777,1507,0.12359652031405143
732,773,1505,0.12361149750999217
734,786,1520,0.12362160003414185
733,782,1515,0.12362495726751135
736,779,1515,0.12362981470746223
731,778,1509,0.12362641577240834
719,778,1497,0.123636333925683
713,770,1483,0.1236752878367076
724,780,1504,0.12372638768447768
725,784,1509,0.12374616346028844
731,781,1512,0.12376144538157216
734,782,1516,0.1237605589901622
736,783,1519,0.12375350592119566
727,784,1511,0.12374073664646858
731,783,1514,0.12375262672147837
734,782,1516,0.12375511604438703
733,784,1517,0.12375059568972226
724,787,1511,0.12374913116314286
731,780,1511,0.1237675496300021
731,790,1521,0.12376701633591514
723,786,1509,0.12376678693557189
716,783,1499,0.1237858213451576
706,775,1481,0.12382066173134058
713,781,1494,0.12387779094631993
718,787,1505,0.12391247591303635
716,790,1506,0.12393400823913783
710,787,1497,0.12395898381307728
709,791,1500,0.12399862991697658
716,786,1502,0.12403771882825727
729,775,1504,0.12405672438730932
730,780,1510,0.12404202216987692
723,782,1505,0.12402690837459604
720,780,1500,0.12403051239739614
715,789,1504,0.12404323412961088
707,787,1494,0.12406711114996088
705,781,1486,0.12411016975492992
709,794,1503,0.12415570162384457
707,803,1510,0.1241867655644301
713,798,1511,0.12421921669304624
710,808,1518,0.12423477159116826
706,816,1522,0.12425813557979054
699,813,1512,0.12428833795472119
690,819,1509,0.12433424401394852
680,814,1494,0.12439846286031049
693,808,1501,0.12448338754231038
684,811,1495,0.1245301560240539
677,816,1493,0.12459614433081619
678,820,1498,0.1246731062760037
675,823,1498,0.12474179381710236
683,823,1506,0.12481239347253936
688,818,1506,0.12485710980587332
685,811,1496,0.12488567286302538
687,809,1496,0.12491982415129868
690,802,1492,0.12494455425266146
688,810,1498,0.12496208685934801
691,824,1515,0.12498417283936522
685,836,1521,0.12499813390969837
684,828,1512,0.1250270893361454
674,828,1502,0.12505761576735863
677,825,1502,0.12511135505046012
689,838,1527,0.1251546308160189
689,833,1522,0.12516399700821648
687,841,1528,0.12517273396195064
679,834,1513,0.125186907230061
680,832,1512,0.1252187463783877
678,838,1516,0.12524489795351026
678,832,1510,0.12527333061464843
678,841,1519,0.1252993129834504
676,838,1514,0.1253236403568163
675,836,1511,0.12535286928215186
678,837,1515,0.12538151095887234
676,844,1520,0.12540070652248445
675,851,1526,0.12542612753962082
677,844,1521,0.12545232595238573
679,844,1523,0.12547253271206318
672,840,1512,0.1254859785341293
668,837,1505,0.1255167662495933
667,840,1507,0.12555554687496567
674,841,1515,0.12559402595837843
666,838,1504,0.12561285118542934
669,837,1506,0.12565101415940755
675,841,1516,0.12567909307290054
673,835,1508,0.12569031287860677
675,838,1513,0.1257063081476443
679,836,1515,0.1257167338040241
666,833,1499,0.12571459184746536
667,833,1500,0.1257443306419458
666,830,1496,0.1257689512312906
664,832,1496,0.12579480944435872
662,830,1492,0.12582322671338367
656,828,1484,0.12585553182514547
658,830,1488,0.12589994257333495
665,828,1493,0.1259356130448469
672,834,1506,0.12595112052885468
663,821,1484,0.12594872289388653
660,828,1488,0.12596960340564908
667,834,1501,0.12599715406769424
664,840,1504,0.12600457065724577
662,846,1508,0.12601764033418658
669,837,1506,0.1260350340042894
669,839,1508,0.12603294803732384
658,842,1500,0.12603331337318324
666,842,1508,0.12606164614797105
678,837,1515,0.12606869748279817
678,830,1508,0.1260460637760912
673,816,1489,0.12602417654410586
671,839,1510,0.12601809678141848
673,840,1513,0.12601881128383233
678,852,1530,0.1260147559524687
667,855,1522,0.1259999398546115
654,848,1502,0.12601490170584165
664,855,1519,0.12605970455235377
664,853,1517,0.12607583765244315
657,852,1509,0.12609059848424092
656,849,1505,0.12612223265316153
660,854,1514,0.12615342184372447
659,850,1509,0.12617306724010582
658,853,1511,0.12619527594360447
650,852,1502,0.1262185823619797
654,851,1505,0.12626092614700807
654,840,1494,0.12628792786977933
656,840,1496,0.12631271057497404
658,849,1507,0.12633188471332882
660,843,1503,0.12634379147550248
654,855,1509,0.12634896471316936
648,854,1502,0.12636986372804565
652,854,1506,0.12640400131044655
652,850,1502,0.12642434192054963
653,847,1500,0.1264431555902612
657,846,1503,0.1264579082220813
660,852,1512,0.1264629460164895
658,849,1507,0.12646031537211125
654,853,1507,0.12646374623259996
651,856,1507,0.12647769631847045
647,855,1502,0.12649863526883925
652,852,1504,0.12652610370387657
654,843,1497,0.12653932537790832
651,849,1500,0.126544747924453
657,849,1506,0.12655715745723445
663,848,1511,0.12655367054619332
665,851,1516,0.12653454694097907
667,843,1510,0.12651278457991008
671,854,1525,0.12649013778761045
676,848,1524,0.12645909268096245
671,844,1515,0.12641847856177832
667,851,1518,0.1263946057713302
659,850,1509,0.12638082981458648
663,851,1514,0.12638807428501161
662,846,1508,0.12638343859430445
663,849,1512,0.12638168846462217
663,850,1513,0.12637832578928868
652,849,1501,0.12637469869996576
646,855,1501,0.12639971587108878
653,862,1515,0.12643932307203484
648,862,1510,0.12645916061991916
645,864,1509,0.1264911830786108
645,865,1510,0.12652808550663694
642,861,1503,0.12656200769870835
649,870,1519,0.12659995468886479
653,877,1530,0.12661823330471195
648,869,1517,0.12662546005091233
648,877,1525,0.12664469563419672
647,872,1519,0.12666212939546292
644,869,1513,0.12667972998227855
645,859,1504,0.12670244285576676
642,868,1510,0.1267219401039901
641,865,1506,0.12674749060575619
644,857,1501,0.12677299404757048
650,862,1512,0.1267883091881857
658,856,1514,0.1267875539657615
645,850,1495,0.126766503452834
643,862,1505,0.12677950381607517
656,858,1514,0.12679604488604387
654,860,1514,0.12677951306978996
651,853,1504,0.12676893200081193
661,851,1512,0.12676700038980546
661,851,1512,0.12673992651200486
659,847,1506,0.12671526244833523
654,863,1517,0.12669970759559152
648,862,1510,0.12669833630621752
651,859,1510,0.12671163657774417
643,861,1504,0.12671687088650746
648,856,1504,0.12674120408917386
647,846,1493,0.12675015441232618
638,862,1500,0.12675977054340748
649,860,1509,0.12679027274892885
647,858,1505,0.12679138275094026
643,854,1497,0.12679746991426918
647,849,1496,0.12681309747756958
642,848,1490,0.12681858875252036
640,852,1492,0.12683612400730027
635,855,1490,0.12685681204129534
634,862,1496,0.1268880300543026
634,865,1499,0.1269192644874004
628,865,1493,0.1269472317945587
639,859,1498,0.12698801897786027
657,856,1513,0.1269984401991216
658,857,1515,0.12696130891583052
658,863,1521,0.12692554922600707
658,855,1513,0.12689167285089428
662,856,1518,0.126860120768898
660,860,1520,0.12681954670164586
655,858,1513,0.12678743876591902
664,856,1520,0.12676985588836273
668,856,1524,0.12673167231356658
666,857,1523,0.12668478006964962
667,856,1523,0.12664623322524665
671,849,1520,0.12660897094738277
664,849,1513,0.12656494521615314
658,856,1514,0.1265426256927861
653,852,1505,0.1265369294900907
650,847,1497,0.1265442874617664
653,855,1508,0.12655614602342355
662,859,1521,0.12656086917378848
666,859,1525,0.12654417605968452
655,853,1508,0.12651923114302618
656,864,1520,0.126526204364944
661,858,1519,0.1265300094757719
656,845,1501,0.1265225530320069
653,848,1501,0.12652846076591795
656,841,1497,0.12653961795398694
646,840,1486,0.1265425405436745
646,842,1488,0.12656901804975224
638,846,1484,0.12659450148010645
638,861,1499,0.1266401223713455
640,859,1499,0.1266798453446207
649,858,1507,0.1267111865235596
650,856,1506,0.12671756406572096
653,860,1513,0.12671981596764026
650,864,1514,0.12671360332112466
653,859,1512,0.12671661687257296
645,854,1499,0.12671245537914957
643,850,1493,0.1267277392827891
638,857,1495,0.12674737760851515
631,864,1495,0.12677860910318328
630,859,1489,0.12682506513863756
633,854,1487,0.1268699875720304
628,850,1478,0.1269042033589923
629,850,1479,0.12694942640881135
634,862,1496,0.12698934259928532
636,874,1510,0.12701260896466202
633,872,1505,0.12702914378540262
627,883,1510,0.12705327913929773
627,884,1511,0.12709120514447744
627,885,1512,0.12712644890184027
621,878,1499,0.12716107236507784
626,878,1504,0.1272079296125965
620,883,1503,0.12723892329147884
621,885,1506,0.12728231200686824
615,887,1502,0.1273204281609072
614,885,1499,0.12737068430666756
612,893,1505,0.12741971687913436
619,888,1507,0.12747056225976544
622,880,1502,0.12750008417981487
627,885,1512,0.1275198817696622
620,886,1506,0.1275261165890169
615,888,1503,0.12755092650825456
616,892,1508,0.127587727707085
616,899,1515,0.12761940088896714
614,900,1514,0.12764820767199012
619,888,1507,0.127680558358445
613,885,1498,0.12769809622826578
618,889,1507,0.12772943217112112
618,895,1513,0.12774547588217522
622,906,1528,0.1277604619183886
622,901,1523,0.12776467838644492
620,889,1509,0.12776999612654266
616,886,1502,0.1277816225032624
613,892,1505,0.1278034449331429
605,900,1505,0.12783112828974447
598,909,1507,0.12787766566486414
591,902,1493,0.12793758594692614
592,910,1502,0.12801187754944407
590,915,1505,0.12807821171917821
595,911,1506,0.12814449541969278
593,906,1499,0.1281939383667613
588,915,1503,0.1282446756882294
591,920,1511,0.12830525608779855
591,915,1506,0.12835385353876505
589,919,1508,0.12839934243334705
589,924,1513,0.12844803847710642
591,934,1525,0.12849382951261248
591,932,1523,0.12853109938139026
580,943,1523,0.12856738779272142
578,938,1516,0.1286298216953114
582,935,1517,0.12869235780706792
582,925,1507,0.12874142878414585
576,931,1507,0.12878640827491314
581,931,1512,0.12884390115322034
571,947,1518,0.12888584204338285
561,938,1499,0.128950415294209
558,944,1502,0.12903582907321265
565,937,1502,0.12912134575356177
561,933,1494,0.12918321843167838
560,933,1493,0.12925084354822125
563,939,1502,0.1293161338269728
560,942,1502,0.12936972387937007
558,949,1507,0.12942643699841772
565,949,1514,0.12948665221485775
562,939,1501,0.1295254801242659
564,942,1506,0.12957048256176104
561,949,1510,0.12960743499657834
559,951,1510,0.1296502101605568
559,952,1511,0.12969424774498609
550,951,1501,0.12973502541916135
562,952,1514,0.12979546727752983
556,951,1507,0.12982074542428593
550,949,1499,0.12986011227531694
550,956,1506,0.12991137785519982
543,963,1506,0.12995985456203327
533,947,1480,0.13002318481906755
545,964,1509,0.13010741071608586
546,967,1513,0.13015531124930446
549,959,1508,0.13019633821553034
552,956,1508,0.130227374633288
545,954,1499,0.1302482208099091
553,943,1496,0.1302851300703372
554,944,1498,0.13029799505669706
546,943,1489,0.13030866522458062
548,947,1495,0.1303390588568607
554,961,1515,0.13036104138721533
554,953,1507,0.13036764672842568
557,941,1498,0.13037311772874674
560,946,1506,0.13037142111431815
562,941,1503,0.1303630239361618
558,959,1517,0.1303490041455491
561,961,1522,0.13034689671836586
553,962,1515,0.13033710808692273
551,964,1515,0.13034825619025864
550,968,1518,0.13036278834126197
545,969,1514,0.13037884864501761
551,970,1521,0.13040715160769545
544,967,1511,0.130418477438212
548,973,1521,0.13045032351145464
553,974,1527,0.13046787218469855
540,968,1508,0.1304716106089862
539,961,1500,0.13050953662203799
537,964,1501,0.1305463394150425
535,960,1495,0.13058341429274414
532,965,1497,0.1306215049081786
545,956,1501,0.1306649420948818
541,956,1497,0.13067163674416904
546,961,1507,0.13068863338920372
548,954,1502,0.13069241136133317
543,971,1514,0.13069166835277307
539,972,1511,0.1307057305617149
535,972,1507,0.1307289226551404
532,972,1504,0.13076136428665297
524,970,1494,0.13079917105773559
531,979,1510,0.13085252820207696
535,976,1511,0.13088354851432699
537,971,1508,0.13090179606865468
528,973,1501,0.13091419200838816
527,970,1497,0.1309490935217172
528,984,1512,0.13098426070765692
525,988,1513,0.13101367471972247
518,991,1509,0.13104953740867759
514,993,1507,0.1311000016300256
514,1000,1514,0.13115594354664908
504,997,1501,0.13120788424528157
506,1002,1508,0.13128204318583225
497,995,1492,0.13134784669323396
500,993,1493,0.13143227133317523
504,1004,1508,0.13150446768384333
508,1009,1517,0.13156246375368202
514,1012,1526,0.13160580383892378
510,1007,1517,0.13163024510886526
508,1010,1518,0.13166267620600533
502,1005,1507,0.13169769089543196
506,993,1499,0.1317465455278791
502,990,1492,0.13178202867732772
507,987,1494,0.1318242826863761
501,986,1487,0.1318499966940257
500,991,1491,0.13188970738981928
498,997,1495,0.1319273742657112
501,1002,1503,0.13196739904173324
506,1005,1511,0.1319965235602508
509,1005,1514,0.13201185899185103
511,1004,1515,0.13201879477772382
505,1004,1509,0.13201988355079014
502,1001,1503,0.13203694442559888
507,1005,1512,0.13206057954410208
501,1026,1527,0.13206901468434926
499,1009,1508,0.13209316932417015
503,1005,1508,0.13212241868419952
503,1011,1514,0.1321401168995507
497,1010,1507,0.13215762712634452
495,1015,1510,0.13218860354576292
498,1021,1519,0.1322234447566706
498,1020,1518,0.13224851441577987
507,1009,1516,0.13227157998105343
505,1013,1518,0.1322699549487816
501,1013,1514,0.13227465717999387
493,1015,1508,0.13228856303079584
501,1016,1517,0.13232252077788106
504,1012,1516,0.1323329225939781
501,1019,1520,0.13233405973784748
487,1019,1506,0.13234362085876317
492,1017,1509,0.13238815014031372
498,1017,1515,0.13241542673957238
496,1019,1515,0.13242660743627932
487,1015,1502,0.13244378987506675
488,1023,1511,0.13248227719886338
492,1031,1523,0.13251634105247
485,1026,1511,0.13253830897318475
483,1020,1503,0.1325761570350915
482,1006,1488,0.13261699127831686
486,1010,1496,0.13265789619744647
488,1012,1500,0.13268439901990584
495,1010,1505,0.1327036251980722
493,1030,1523,0.132703761828165
488,1018,1506,0.13270958276513597
484,1021,1505,0.1327286735048924
492,1021,1513,0.13275599970186203
492,1024,1516,0.13276126393099374
490,1023,1513,0.13276701936314503
485,1020,1505,0.13277767845414318
479,1014,1493,0.13280197489241594
477,1008,1485,0.13283999122864587
485,1016,1501,0.13287888434022616
481,1023,1504,0.1328951867735042
492,1022,1514,0.1329203934709403
490,1016,1506,0.1329146860367444
500,1004,1504,0.1329133656394195
504,997,1501,0.1328859723143599
494,1006,1500,0.1328499213789695
493,1017,1510,0.1328436491225723
497,1013,1510,0.13283986722066804
490,1006,1496,0.1328265158133445
492,1004,1496,0.13283255905310606
499,999,1498,0.1328320310237018
497,994,1491,0.1328136838834473
496,1000,1496,0.1328010271337827
510,1009,1519,0.13279185039655123
516,1001,1517,0.1327455170876703
509,1006,1515,0.13268694464395706
506,999,1505,0.13265147147720074
501,1009,1510,0.13262669948952654
504,1002,1506,0.13261476540270462
504,999,1503,0.13259494776786293
503,1000,1503,0.1325762459465356
505,994,1499,0.13256059352777996
507,1007,1514,0.1325404742415065
499,998,1497,0.13251710872224862
507,994,1501,0.13251431222544238
500,984,1484,0.13249255916964325
503,979,1482,0.13249013794985948
509,994,1503,0.13248026259481335
519,998,1517,0.13245425416561524
521,995,1516,0.1324043989454168
515,995,1510,0.13235275068571947
515,998,1513,0.1323203359312537
516,1004,1520,0.13228961811695295
524,988,1512,0.132257871902853
526,985,1511,0.13220792665339728
518,976,1494,0.13215472596917807
523,982,1505,0.13212585719215283
521,980,1501,0.13208734027386465
522,983,1505,0.13205673814243205
524,976,1500,0.13202668912405788
524,993,1517,0.13199581192521467
523,994,1517,0.1319679830123853
523,995,1518,0.13194345277656852
521,989,1510,0.13192068458517991
523,985,1508,0.13190486975999247
518,996,1514,0.13188509598584458
516,998,1514,0.1318796447362526
510,997,1507,0.13187939698561837
511,997,1508,0.13189438621013436
510,988,1498,0.1319065363892866
511,995,1506,0.1319193731950006
504,1002,1506,0.13192897060676229
499,1000,1499,0.13195616034105728
504,1003,1507,0.13199262847339996
499,992,1491,0.13201364952042588
498,999,1497,0.13204573717598966
499,995,1494,0.13207728973431473
500,997,1497,0.1321042595399998
504,1008,1512,0.13212776624298583
504,1003,1507,0.13213833570314398
504,995,1499,0.13215027579745997
502,995,1497,0.1321620552963389
496,1002,1498,0.13217826373392713
500,1003,1503,0.13221002534610446
503,1013,1516,0.13222925372647196
506,1016,1522,0.13224023779374428
501,1018,1519,0.13224393804594492
496,1025,1521,0.13225982809706127
503,1028,1531,0.1322884486983773
503,1028,1531,0.13229686426047582
501,1014,1515,0.1323054645858375
496,1022,1518,0.13231864288925405
493,1029,1522,0.13234546886480278
493,1020,1513,0.13237677822726304
499,1021,1520,0.13240586686290604
499,1015,1514,0.13241929981996825
499,1011,1510,0.1324324854043483
497,1007,1504,0.13244401981441314
490,1019,1509,0.13246070454830208
494,1025,1519,0.1324958693090018
497,1017,1514,0.1325186528077015
500,1016,1516,0.132533913792952
491,1012,1503,0.13254094058296828
488,1029,1517,0.13256913511957868
482,1022,1504,0.13260386699310356
480,1021,1501,0.13265212010520003
489,1021,1510,0.13270171565291466
489,1016,1505,0.13272448382724206
485,1023,1508,0.13274566084054984
489,1033,1522,0.13277656054871492
493,1048,1541,0.13279466229836503
485,1039,1524,0.13280159569295683
484,1026,1510,0.13282789494942282
478,1028,1506,0.13285535287300054
477,1025,1502,0.1328970057798152
466,1038,1504,0.13293809260799208
467,1039,1506,0.13300351139190308
461,1042,1503,0.1330614004350061
456,1046,1502,0.13313175976279454
461,1048,1509,0.13321006345488073
460,1047,1507,0.1332696157316262
460,1049,1509,0.13332713664958706
461,1046,1507,0.13338034224462572
461,1040,1501,0.13342803078373955
467,1045,1512,0.1334717858698866
468,1045,1513,0.1334977942558173
460,1037,1497,0.1335188030122937
454,1043,1497,0.13356056282333717
455,1051,1506,0.13361493607601727
450,1056,1506,0.13366257194042006
444,1054,1498,0.13372022352960158
445,1056,1501,0.13378911719849715
441,1061,1502,0.13385003623509242
446,1054,1500,0.13391697530320668
445,1054,1499,0.13396625619615332
443,1060,1503,0.13401524571181722
439,1060,1499,0.1340661525994145
440,1063,1503,0.1341237158290306
445,1058,1503,0.13417579454592193
438,1056,1494,0.13421086889365394
435,1052,1487,0.13426208398476555
445,1069,1514,0.13431779788603507
448,1067,1515,0.13434399826964383
447,1057,1504,0.13436039871976782
442,1050,1492,0.13437822442400174
438,1048,1486,0.1344078869454564
446,1055,1501,0.13444476010594095
452,1052,1504,0.13445760702103066
454,1057,1511,0.1344524080933037
450,1059,1509,0.1344424544753599
448,1051,1499,0.1344438228237449
454,1049,1503,0.13445127425029807
454,1040,1494,0.13444257635728785
458,1052,1510,0.13443318272133575
454,1048,1502,0.13441417076744655
458,1053,1511,0.13440741519612032
455,1050,1505,0.1343895515927458
455,1040,1495,0.13438123815619285
457,1054,1511,0.13437407522557124
456,1050,1506,0.13436191516799068
457,1055,1512,0.13435264907184816
461,1044,1505,0.1343402779809816
463,1045,1508,0.13431898266138376
459,1060,1519,0.13429481130027165
459,1062,1521,0.13428293316483722
454,1066,1520,0.1342726195865957
446,1066,1512,0.1342758661435006
445,1063,1508,0.13430033721426243
445,1074,1519,0.1343247726078592
445,1069,1514,0.13434712355629436
449,1074,1523,0.1343683143164564
445,1069,1514,0.13437748897515928
442,1074,1516,0.1343965556554131
435,1082,1517,0.13442171383041465
435,1084,1519,0.13446310756966734
436,1080,1516,0.13450112130832045
437,1073,1510,0.1345346364408949
416,1079,1495,0.13456345788520518
427,1080,1507,0.13464459969124123
424,1075,1499,0.13469131729905517
424,1075,1499,0.13474283165917222
422,1072,1494,0.1347911499020265
426,1071,1497,0.1348410854441446
430,1070,1500,0.13487709201994838
424,1081,1505,0.13489936762668933
423,1086,1509,0.1349362543198329
421,1080,1501,0.13497326730621664
414,1072,1486,0.13501206831154938
415,1083,1498,0.13506699440198355
418,1078,1496,0.1351157474136453
429,1089,1518,0.13515174223254164
432,1078,1510,0.135157290322019
429,1076,1505,0.13515493255549926
430,1079,1509,0.13516028066488137
422,1081,1503,0.13516233895496066
428,1085,1513,0.1351850550298711
426,1074,1500,0.13519008083742165
427,1073,1500,0.13520046392620602
424,1081,1505,0.13520733094589255
427,1081,1508,0.13522218109016057
432,1082,1514,0.13522734423759547
430,1086,1516,0.13521955163292318
430,1086,1516,0.13521839582721396
419,1082,1501,0.13521681580821135
424,1078,1502,0.13524353529922378
417,1080,1497,0.13525498097962785
421,1071,1492,0.1352845395936143
426,1062,1488,0.13530101246634396
427,1081,1508,0.13530453879936882
425,1082,1507,0.13530550009940195
420,1083,1503,0.1353117660986461
421,1078,1499,0.1353306140713233
422,1086,1508,0.13534619730396988
422,1079,1501,0.1353582098922861
417,1083,1500,0.13537045959327837
413,1079,1492,0.1353956089575304
410,1092,1502,0.13542852032696737
412,1080,1492,0.135468320262377
416,1083,1499,0.13550049317380564
414,1093,1507,0.13552017688652263
408,1090,1498,0.13554370688375453
418,1083,1501,0.1355802680098212
421,1089,1510,0.13558893481996548
417,1080,1497,0.13558932899119006
414,1073,1487,0.13560059373300246
410,1089,1499,0.1356186890966665
406,1090,1496,0.1356456221112652
409,1088,1497,0.1356811710830236
413,1086,1499,0.13570693955903512
410,1089,1499,0.13572030275863842
412,1094,1506,0.13574148896101546
405,1101,1506,0.13575702744156565
409,1098,1507,0.13578980120574738
406,1097,1503,0.1358095924045175
411,1099,1510,0.13583621410462945
409,1098,1507,0.13584828274369345
408,1095,1503,0.13586453385087666
405,1098,1503,0.13588245893297604
400,1101,1501,0.13590743122857524
401,1112,1513,0.13594322567018627
407,1103,1510,0.13597436058696677
409,1106,1515,0.13598836588178065
409,1105,1514,0.13599740636566962
408,1117,1525,0.1360048659610146
407,1104,1511,0.13601491976678312
408,1106,1514,0.1360274316967307
397,1103,1500,0.13603683138641698
398,1107,1505,0.1360747487494816
402,1113,1515,0.1361060871915885
403,1114,1517,0.13612504480942084
403,1116,1519,0.13613974103601198
397,1111,1508,0.13615482941831736
395,1114,1509,0.13618396732610727
402,1119,1521,0.13621619875066526
402,1119,1521,0.13622804516529732
397,1113,1510,0.1362394010052565
398,1102,1500,0.1362630846853648
396,1103,1499,0.1362818018995362
391,1104,1495,0.136304408179318
387,1112,1499,0.13633828410163792
388,1117,1505,0.1363798650017505
385,1122,1507,0.13641609192638898
388,1119,1507,0.13645694973612815
387,1112,1499,0.13648723049625652
380,1114,1494,0.13651785735442556
386,1115,1501,0.1365661404932993
387,1123,1510,0.13659386192460604
385,1134,1519,0.13661812109853982
376,1135,1511,0.1366461049552471
379,1123,1502,0.13669670984383941
379,1123,1502,0.1367357225714535
374,1124,1498,0.13677214963646847
370,1125,1495,0.13681901475632435
376,1133,1509,0.13687268243853734
374,1126,1500,0.13690636916913093
373,1126,1499,0.13694298568142624
366,1135,1501,0.13697906768372334
359,1143,1502,0.13703088266929542
364,1133,1497,0.13709723954460562
368,1141,1509,0.13714529419570057
361,1146,1507,0.1371800252815389
361,1150,1511,0.13723231806626454
361,1147,1508,0.1372825469823568
356,1147,1503,0.13732889428127582
358,1144,1502,0.13738483011739547
357,1152,1509,0.13743118146766067
354,1156,1510,0.1374765656689812
365,1157,1522,0.13752687296837568
358,1157,1515,0.13754473571944076
354,1161,1515,0.13758006247501584
354,1166,1520,0.13762449428409207
354,1157,1511,0.13766718724993612
354,1153,1507,0.13770619504868553
351,1160,1511,0.13774409397158277
353,1157,1510,0.1377863972699678
355,1164,1519,0.13782087989436737
352,1164,1516,0.13784765411317096
347,1159,1506,0.13787899327585051
345,1158,1503,0.13792279401622756
347,1158,1505,0.13796770297810376
354,1152,1506,0.138005116183826
349,1155,1504,0.1380209767985326
352,1158,1510,0.13804971463285082
352,1164,1516,0.13806810784642098
348,1164,1512,0.138085099564275
355,1157,1512,0.13811198471994549
361,1164,1525,0.13811788689957805
354,1162,1516,0.13810671525978244
349,1170,1519,0.1381154151635349
350,1171,1521,0.13813675689761137
347,1161,1508,0.1381537354943399
347,1170,1517,0.13817724593733666
348,1164,1512,0.13819990954994438
338,1164,1502,0.13821832990033558
333,1172,1505,0.13826256546184026
334,1181,1515,0.1383171116876696
332,1191,1523,0.13836636638195035
341,1177,1518,0.13841809490451737
343,1178,1521,0.13844130575552258
340,1177,1517,0.13845828361105153
334,1193,1527,0.1384831082525932
336,1185,1521,0.13852276982430964
330,1185,1515,0.13855383634128957
330,1173,1503,0.1385986995365969
333,1174,1507,0.13864053110380303
330,1180,1510,0.138671923513601
331,1189,1520,0.13870993336299464
328,1194,1522,0.13874293131729906
335,1178,1513,0.138781777900327
333,1171,1504,0.13879934363358062
330,1168,1498,0.1388219342129074
328,1192,1520,0.138850985007145
326,1190,1516,0.13888331702080875
328,1180,1508,0.13891871928364039
325,1176,1501,0.13894595134189003
323,1168,1491,0.1389792278311246
331,1191,1522,0.1390161738129788
325,1192,1517,0.13902904647114045
324,1178,1502,0.1390570474564819
328,1174,1502,0.13908501255975225
329,1169,1498,0.13910086907970665
327,1165,1492,0.13911250240387033
336,1175,1511,0.13912723690696108
334,1181,1515,0.1391172268132611
327,1174,1501,0.13911333274774465
328,1179,1507,0.1391286322991182
329,1179,1508,0.13914052293210483
339,1173,1512,0.13914788286172924
343,1179,1522,0.13912848693708071
342,1185,1527,0.13909995326117233
338,1181,1519,0.13907624179487604
342,1177,1519,0.13906503697745498
341,1171,1512,0.13904434115096986
344,1175,1519,0.13902765528067948
343,1177,1520,0.13900341531875682
341,1177,1518,0.13898313879135657
338,1171,1509,0.13897075900272562
335,1171,1506,0.13896620550124117
337,1169,1506,0.13897035753016695
336,1172,1508,0.13896902905777356
340,1175,1515,0.13897028545487936
340,1177,1517,0.13896116344789766
341,1177,1518,0.1389529252574676
339,1182,1521,0.13894319389640095
335,1175,1510,0.138939328524641
328,1173,1501,0.13894647492501255
328,1169,1497,0.13897136365338777
329,1166,1495,0.13899329968017068
330,1174,1504,0.139011769204632
326,1171,1497,0.1390261534612005
319,1176,1495,0.13904918223693363
322,1176,1498,0.13909043890526213
322,1168,1490,0.13912038525413276
317,1175,1492,0.1391489889372539
317,1183,1500,0.13918941853513192
326,1180,1506,0.13922712175129856
324,1183,1507,0.1392383048539049
324,1168,1492,0.13925461965063288
321,1186,1507,0.13927089352255412
318,1184,1502,0.13929429235422514
311,1171,1482,0.13932366798089496
315,1176,1491,0.13936980849003938
316,1170,1486,0.13940121875639735
314,1174,1488,0.13942796058379112
315,1188,1503,0.13945956400311424
315,1187,1502,0.1394848225163318
317,1205,1522,0.13950850810112772
323,1207,1530,0.13952515217089723
328,1211,1539,0.13952484387869396
325,1209,1534,0.13951250768700446
323,1205,1528,0.13950936462081118
322,1198,1520,0.13951260778045574
323,1196,1519,0.1395187332699861
324,1203,1527,0.13952177678902872
321,1205,1526,0.13952226434989276
319,1202,1521,0.13953154680000368
320,1203,1523,0.13954560143060837
317,1210,1527,0.1395564849022925
316,1205,1521,0.13957528421031806
310,1198,1508,0.13959537177166254
312,1208,1520,0.13963025869750056
306,1207,1513,0.1396578974395046
308,1218,1526,0.13969925583000495
302,1221,1523,0.1397327498145167
303,1222,1525,0.13977986763831057
299,1229,1528,0.13982164211302112
295,1232,1527,0.13987167153145855
301,1235,1536,0.13992922585320403
302,1215,1517,0.13996650816923403
297,1224,1521,0.13999927212134725
296,1227,1523,0.14004333453272022
299,1233,1532,0.14008796999675224
296,1226,1522,0.14012137350758652
292,1228,1520,0.14016063211246227
284,1221,1505,0.14020759943411584
282,1221,1503,0.140274124572585
282,1232,1514,0.14034173154372614
280,1234,1514,0.14040635370522309
278,1230,1508,0.14047278246056052
271,1227,1498,0.14054021338484982
275,1237,1512,0.1406213174498699
275,1243,1518,0.14068588675538743
275,1238,1513,0.14074532591477495
276,1242,1518,0.14080059137201356
278,1234,1512,0.140850035033482
277,1241,1518,0.14089092359395428
273,1228,1501,0.14093150883204367
269,1245,1514,0.14098108993026337
267,1250,1517,0.1410386522356513
264,1243,1507,0.1410978950698757
264,1248,1512,0.14116205697818818
263,1253,1516,0.14122168697300036
268,1246,1514,0.14127957247165734
268,1251,1519,0.14132017879585437
269,1251,1520,0.1413578024588301
265,1242,1507,0.14139128052438388
262,1252,1514,0.1414339311879865
259,1245,1504,0.14148041627056876
261,1248,1509,0.14153240518088395
261,1251,1512,0.14157457602992302
261,1261,1522,0.14161465193912412
264,1255,1519,0.1416515941124878
266,1261,1527,0.1416781900312403
262,1264,1526,0.1416979293217063
261,1260,1521,0.14172755592864597
261,1252,1513,0.14175766328902223
262,1254,1516,0.14178506992738554
262,1247,1509,0.14180836895341786
260,1253,1513,0.14183091001422013
258,1260,1518,0.14185788189201293
253,1264,1517,0.14188926928624518
259,1250,1509,0.1419326602907411
258,1262,1520,0.14195610318686525
261,1260,1521,0.1419803797017075
263,1259,1522,0.14199426749330274
256,1258,1514,0.14200135113022083
254,1247,1501,0.14202685306551432
252,1251,1503,0.1420555899500102
243,1262,1505,0.14208693927830054
252,1269,1521,0.1421407395001614
260,1266,1526,0.14216498334376934
257,1258,1515,0.14216570027336284
254,1260,1514,0.14217544464222903
254,1259,1513,0.1421929762129237
250,1255,1505,0.14220898487133493
250,1278,1528,0.1422351461342687
249,1268,1517,0.14226038308139544
249,1264,1513,0.1422865535207633
246,1261,1507,0.14231123008251143
246,1258,1504,0.14234250657449476
242,1262,1504,0.14237106187700596
245,1274,1519,0.14240879228387843
254,1267,1521,0.14243621574784707
253,1270,1523,0.1424377881947712
251,1266,1517,0.14244227278232768
250,1278,1528,0.14245255802009646
247,1272,1519,0.14246535833163645
249,1274,1523,0.1424857969457248
248,1262,1510,0.14249960834388006
240,1260,1500,0.14251592826203502
244,1264,1508,0.14255215983913602
243,1269,1512,0.142574857585362
243,1274,1517,0.14259951634508064
245,1277,1522,0.1426217514386073
235,1265,1500,0.14263678931789425
233,1271,1504,0.14267847152435562
231,1275,1506,0.14272195712601243
233,1264,1497,0.14276774869370473
234,1267,1501,0.14280443382877336
237,1268,1505,0.14283601895297707
239,1259,1498,0.14285731543834637
236,1266,1502,0.1428716658472597
234,1286,1520,0.14289291693535355
237,1283,1520,0.14291891501359838
235,1282,1517,0.14293496766882477
239,1266,1505,0.1429552960502142
245,1267,1512,0.14296292002888905
239,1272,1511,0.14295363355148896
234,1289,1523,0.1429616898103252
236,1286,1522,0.14298289544567633
235,1281,1516,0.14299739870492822
237,1274,1511,0.14301424869028986
237,1271,1508,0.14302440050929432
241,1259,1500,0.1430338101226291
237,1277,1514,0.1430307294966588
233,1281,1514,0.1430388573857643
234,1285,1519,0.14305686875944196
235,1272,1507,0.14307076795146614
241,1261,1502,0.14308068393499507
241,1268,1509,0.1430721502855362
235,1268,1503,0.14306361557590208
236,1267,1503,0.14307210541127657
235,1265,1500,0.14307741694468948
234,1274,1508,0.14308443849142902
234,1275,1509,0.14309304251957225
240,1274,1514,0.14310006589527188
237,1282,1519,0.14309047489332155
231,1276,1507,0.14309125472715242
228,1270,1498,0.1431080964515453
230,1275,1505,0.1431327011554246
223,1272,1495,0.14314946615629418
223,1277,1500,0.14318471582339057
225,1281,1506,0.1432168083594199
224,1282,1506,0.143242162797213
229,1289,1518,0.14326824554093698
229,1278,1507,0.1432781311313282
227,1272,1499,0.14328745172224905
227,1282,1509,0.14330273938882818
221,1280,1501,0.14331646260833097
221,1275,1496,0.1433464546617091
218,1273,1491,0.14337542942028908
215,1273,1488,0.1434102977111561
210,1274,1484,0.1434507296414701
211,1286,1497,0.1435021969565763
214,1302,1516,0.1435470542643687
214,1303,1517,0.14358072869405067
216,1308,1524,0.14361209641707348
214,1297,1511,0.14363504909942373
216,1307,1523,0.1436618412295333
217,1301,1518,0.14368067753906658
215,1318,1533,0.14369556881078335
214,1311,1525,0.14371493160795476
214,1308,1522,0.14373723045641978
214,1298,1512,0.14375781970042495
219,1298,1517,0.14377651658059143
215,1284,1499,0.1437799659564191
218,1287,1505,0.14379393069165983
216,1284,1500,0.14379850301246974
216,1296,1512,0.14380883199792344
216,1299,1515,0.1438179200955436
214,1307,1521,0.14382619961265525
214,1299,1513,0.14383969740589098
215,1303,1518,0.1438523375179114
215,1293,1508,0.14386187997180463
214,1301,1515,0.14387118253716133
213,1307,1520,0.14388278564935167
216,1314,1530,0.14389731211861811
213,1310,1523,0.14390239086841974
216,1311,1527,0.1439154280311737
217,1309,1526,0.14391882674486337
215,1308,1523,0.14391890560735343
215,1315,1530,0.14392464789563952
217,1307,1524,0.14392914585781155
216,1318,1534,0.1439276724196571
215,1306,1521,0.14392976899478227
217,1305,1522,0.14393327132887968
214,1307,1521,0.14393166149720396
217,1306,1523,0.14393762571810734
221,1300,1521,0.14393538770199243
218,1307,1525,0.14392277780315813
212,1309,1521,0.1439200660912107
209,1303,1512,0.1439345479999905
209,1295,1504,0.14395592459411746
207,1304,1511,0.14397615722096005
213,1301,1514,0.1440004179245325
218,1307,1525,0.144005877906776
217,1307,1524,0.14399654790449795
215,1308,1523,0.14399111402334164
216,1297,1513,0.14399188601775242
208,1295,1503,0.1439897769211615
213,1299,1512,0.14401011570624084
215,1305,1520,0.14401510338956533
207,1309,1516,0.1440138381151283
203,1302,1505,0.1440350895218486
209,1294,1503,0.14406676906065338
205,1295,1500,0.14407960238232398
205,1287,1492,0.14410273878801882
202,1297,1499,0.14412457752535107
200,1304,1504,0.1441534251149158
200,1316,1516,0.14418597501816294
200,1314,1514,0.1442166576051156
203,1317,1520,0.14424535037320338
203,1303,1506,0.14426376065807653
205,1306,1511,0.14428121107585426
198,1312,1510,0.14429220860677486
204,1322,1526,0.14432169148918117
203,1317,1520,0.14433252371912614
204,1313,1517,0.14434577502505774
202,1312,1514,0.14435550776307138
201,1315,1516,0.1443702965600492
199,1309,1508,0.14438726927322093
204,1309,1513,0.14440895576453008
207,1296,1503,0.1444145814104958
206,1302,1508,0.144411593661486
205,1298,1503,0.14441232173097218
202,1301,1503,0.1444155485013194
204,1304,1508,0.14442668485917168
202,1298,1500,0.14443098475733118
196,1307,1503,0.14444046388939422
199,1302,1501,0.1444655169688222
196,1313,1509,0.14448039457774126
198,1316,1514,0.14450198131434447
202,1313,1515,0.14451678532261691
200,1302,1502,0.1445192906921007
196,1303,1499,0.14452698158247923
203,1297,1500,0.1445457498723752
203,1309,1512,0.144543768897183
206,1314,1520,0.14454238141067624
205,1313,1518,0.14453271941839624
195,1324,1519,0.14452671661291316
193,1314,1507,0.14454953745245536
189,1324,1513,0.14457699441655872
190,1317,1507,0.14461458775238895
191,1322,1513,0.144646624839462
193,1320,1513,0.1446734177604152
191,1314,1505,0.14469246013272258
194,1309,1503,0.14471510225962483
191,1321,1512,0.14472777078920987
191,1316,1507,0.14474800133101728
190,1310,1500,0.14476667727784587
190,1321,1511,0.14478683972028025
191,1316,1507,0.14480538279872512
192,1316,1508,0.1448197702399381
189,1314,1503,0.1448308203701398
184,1326,1510,0.14485025521391762
185,1330,1515,0.1448832190458673
184,1323,1507,0.14491118578214365
178,1322,1500,0.14493962609353758
174,1313,1487,0.14498345045606711
176,1332,1508,0.1450353250006823
174,1336,1510,0.14507681852923085
173,1322,1495,0.14512186928079845
173,1313,1486,0.1451659368236079
172,1320,1492,0.14520743293139884
174,1328,1502,0.14524856551270296
173,1332,1505,0.14528108390542216
177,1337,1514,0.1453134837201148
178,1342,1520,0.14533242234513163
180,1339,1519,0.14534751080974548
185,1343,1528,0.14535647915663552
185,1349,1534,0.14535060741831043
183,1349,1532,0.14534574699943684
180,1354,1534,0.1453467355115837
176,1349,1525,0.14535633301456496
180,1345,1525,0.14537723286125118
178,1334,1512,0.14538524193103616
173,1326,1499,0.14539831370760153
173,1321,1494,0.14542483567576275
175,1317,1492,0.14544999294295494
177,1323,1500,0.14546819640260789
172,1336,1508,0.1454792765156285
175,1339,1514,0.14550357021167798
174,1332,1506,0.14551747765983444
174,1350,1524,0.14553348577925526
172,1352,1524,0.14554884841679855
174,1352,1526,0.14556875015532428
176,1330,1506,0.14558221579844388
172,1333,1505,0.14558854812443991
177,1332,1509,0.145605991056475
176,1329,1505,0.14560752313822284
175,1338,1513,0.14561190102326557
174,1341,1515,0.14561865412051955
174,1351,1525,0.14562755544672068
176,1345,1521,0.14563570788764957
178,1342,1520,0.14563772636555578
175,1353,1528,0.1456337969866334
172,1358,1530,0.14563855039748863
173,1363,1536,0.14565145009408237
172,1370,1542,0.14566079455350686
175,1364,1539,0.145672467362389
177,1363,1540,0.14567532607523248
175,1350,1525,0.14567205248373638
170,1350,1520,0.145674927007755
167,1357,1524,0.14569161548851578
160,1355,1515,0.14571635291767643
162,1356,1518,0.14575933319023712
163,1342,1505,0.14579368997326894
165,1355,1520,0.1458224138725297
162,1345,1507,0.1458437059501267
162,1349,1511,0.14587174991459617
162,1357,1519,0.14589820745916843
162,1355,1517,0.14592246928850727
163,1364,1527,0.14594477962735328
161,1357,1518,0.14596289734605095
166,1358,1524,0.14598571468843485
167,1348,1515,0.14599276902739405
167,1348,1515,0.14599620774907016
167,1352,1519,0.14599931002007296
166,1341,1507,0.14600263801788377
168,1335,1503,0.14600920774498474
169,1345,1514,0.1460094981888855
169,1343,1512,0.14600640560260886
170,1352,1522,0.14600367630318487
171,1345,1516,0.1459982417169475
173,1337,1510,0.1459904798332988
167,1351,1518,0.1459777748764633
166,1345,1511,0.1459833490976202
166,1348,1514,0.14599214970122193
168,1354,1522,0.1459998667983692
169,1347,1516,0.14600086703907497
167,1340,1507,0.14599871674646914
169,1336,1505,0.14600277474161366
168,1339,1507,0.14600079620843026
165,1341,1506,0.14600228650164773
168,1341,1509,0.14601259485784518
160,1342,1502,0.1460135752612334
160,1356,1516,0.14603719331404316
162,1366,1528,0.1460589493489484
160,1365,1525,0.14607314556060763
163,1372,1535,0.14609171682990282
161,1378,1539,0.1461002951372117
158,1358,1516,0.14611427303099858
158,1356,1514,0.1461363664441632
157,1362,1519,0.1461570726335404
155,1359,1514,0.1461795921469097
154,1360,1514,0.1462070355319443
156,1371,1527,0.14623557798064934
154,1363,1517,0.1462566004355277
150,1360,1510,0.14628240528432623
151,1369,1520,0.1463182897595218
147,1355,1502,0.1463494441514252
144,1373,1517,0.1463902173810892
145,1374,1519,0.14643590317602417
147,1360,1507,0.14647574098287375
142,1365,1507,0.14650795454373164
140,1369,1509,0.1465524385137989
144,1371,1515,0.14659942138060178
143,1370,1513,0.14663097500954017
146,1377,1523,0.1466632440152079
149,1374,1523,0.1466851740587823
149,1385,1534,0.14669692643552526
151,1368,1519,0.14670816987251312
143,1366,1509,0.14671305233708182
140,1372,1512,0.1467405797962948
139,1373,1512,0.14677450877746373
139,1368,1507,0.14681006198215105
139,1365,1504,0.14684282758923453
140,1368,1508,0.14687373322529557
139,1356,1495,0.14689958827089414
141,1355,1496,0.14692681823284318
139,1374,1513,0.14694700926075047
137,1368,1505,0.14697200303070196
137,1370,1507,0.14700131405799907
139,1360,1499,0.14702828314260968
141,1364,1505,0.14704803310127545
139,1376,1515,0.14706084911587272
140,1376,1516,0.14707898909842165
141,1375,1516,0.14709327720046697
139,1376,1515,0.14710378381407171
136,1376,1512,0.14711957736631556
137,1382,1519,0.14714266595541112
140,1380,1520,0.14716157707475153
138,1390,1528,0.14717028885214453
136,1388,1524,0.1471844823272142
135,1394,1529,0.14720373066193954
131,1385,1516,0.14722391918619895
135,1381,1516,0.14725477584863408
137,1380,1517,0.14727180456009134
135,1382,1517,0.14728203805684598
134,1380,1514,0.14729774657360892
135,1383,1518,0.14731530074769958
138,1384,1522,0.14732920160360294
133,1380,1513,0.14733353428160367
133,1381,1514,0.1473522548596998
130,1373,1503,0.14737058092867358
132,1371,1503,0.1473959001484426
132,1378,1510,0.14741392207631349
135,1377,1512,0.14743092187618081
136,1390,1526,0.14743845021432325
135,1383,1518,0.1474423320670833
131,1378,1509,0.14744875507255134
130,1376,1506,0.14746659672918
133,1384,1517,0.14748620877765706
132,1372,1504,0.14749613185284396
137,1371,1508,0.14750883522117564
138,1374,1512,0.14750621540209422
136,1390,1526,0.14750082705755382
134,1400,1534,0.14750174718845213
131,1389,1520,0.14750885430073588
130,1386,1516,0.1475240648508717
131,1382,1513,0.14754120582046934
132,1382,1514,0.14755435308924503
131,1383,1514,0.14756378246778645
126,1376,1502,0.1475762463370277
128,1378,1506,0.14760310285373757
133,1382,1515,0.14762250503599872
132,1377,1509,0.14762628685113724
128,1395,1523,0.1476329797380337
129,1392,1521,0.14765060318500775
127,1391,1518,0.14766417932047438
125,1405,1530,0.14768281211275627
122,1390,1512,0.1477059848786084
124,1400,1524,0.14773666282976328
121,1382,1503,0.14775947155978778
120,1387,1507,0.1477893660170883
117,1395,1512,0.1478200263585833
120,1402,1522,0.1478576856229599
118,1407,1525,0.1478841255067355
118,1409,1527,0.14791473435130686
121,1412,1533,0.14794327250116823
116,1408,1524,0.14796104004574426
117,1409,1526,0.1479917538878734
115,1411,1526,0.14801742946552993
114,1408,1522,0.14804705302636811
110,1411,1521,0.1480777509215937
110,1398,1508,0.14811790400794822
109,1395,1504,0.14815539641485823
110,1400,1510,0.14819365456892034
111,1398,1509,0.14822635403206522
112,1397,1509,0.14825408357142225
105,1394,1499,0.1482773517076543
105,1399,1504,0.1483198073414812
104,1404,1508,0.1483595806792669
105,1413,1518,0.14839979145053495
104,1409,1513,0.14843465353992294
107,1404,1511,0.14846973208302516
103,1398,1501,0.14849354507462326
101,1409,1510,0.1485275722989748
105,1422,1527,0.14856506372896086
107,1406,1513,0.14858856305153575
105,1397,1502,0.14860510331366325
108,1400,1508,0.1486267699339723
106,1410,1516,0.14863853916832345
107,1408,1515,0.1486551653065452
106,1408,1514,0.14866802924227054
107,1401,1508,0.14868352278050243
104,1405,1509,0.14869525153439878
102,1402,1504,0.14871540074344422
102,1415,1517,0.14873999798070447
99,1417,1516,0.14876330867491952
104,1416,1520,0.1487942392861691
102,1416,1518,0.148808353911266
102,1419,1521,0.14882754964384223
103,1437,1540,0.14884567428157577
101,1428,1529,0.14885966480667995
102,1423,1525,0.148878439170826
105,1404,1509,0.14889279063738586
101,1411,1512,0.1488976155920299
102,1405,1507,0.14891361325844138
104,1401,1505,0.14892573562132536
105,1411,1516,0.1489311114700297
106,1414,1520,0.14893339581612353
107,1404,1511,0.1489326433783732
109,1397,1506,0.14892917579684062
105,1410,1515,0.14892003597502193
105,1409,1514,0.1489230274227276
105,1410,1515,0.1489263896044561
105,1411,1516,0.14892946370309634
106,1407,1513,0.1489317538027801
105,1416,1521,0.14893105862480066
103,1407,1510,0.14893351714458306
102,1401,1503,0.14894170774285062
97,1415,1512,0.14895250824029196
98,1427,1525,0.14897738615666697
101,1420,1521,0.14899750277196347
100,1413,1513,0.14900754027900937
102,1418,1520,0.14902021449320255
101,1418,1519,0.14902657715895246
100,1431,1531,0.14903592084795533
97,1412,1509,0.14904770140870519
97,1422,1519,0.14906735614032152
97,1416,1513,0.14908575623789103
98,1400,1498,0.14910301224702743
99,1411,1510,0.14911640143839397
98,1414,1512,0.14912588546350183
95,1408,1503,0.14913774296562615
91,1406,1497,0.1491575653979883
94,1423,1517,0.14918791316744417
90,1431,1521,0.14920732932203376
89,1425,1514,0.14923753121225364
87,1428,1515,0.14926819333322186
85,1426,1511,0.14930308544733412
84,1418,1502,0.1493419842090022
82,1429,1511,0.14938143928386324
81,1422,1503,0.14942406054289348
82,1425,1507,0.1494667588634589
81,1421,1502,0.14950383457189567
83,1417,1500,0.1495411484377279
82,1444,1526,0.1495703586959048
81,1428,1509,0.14960044715495702
83,1421,1504,0.149631225185291
81,1432,1513,0.14965461167746688
82,1426,1508,0.14968204199902707
83,1420,1503,0.14970433288912635
84,1433,1517,0.14972249179936287
83,1434,1517,0.14973652130611892
81,1439,1520,0.14975305128038452
80,1440,1520,0.14977437769596375
79,1433,1512,0.14979661472273662
77,1431,1508,0.14982024547451941
76,1418,1494,0.14984833123624916
72,1416,1488,0.1498777699940959
75,1427,1502,0.1499169721768311
72,1429,1501,0.14994483010276508
76,1436,1512,0.14997961309800026
77,1443,1520,0.14999969902713206
73,1433,1506,0.1500158753404031
74,1437,1511,0.15004349881934878
76,1430,1506,0.15006629199103938
78,1443,1521,0.15008212556781267
77,1444,1521,0.15009128384508622
77,1445,1522,0.15010286765341224
77,1452,1529,0.15011373272525805
77,1454,1531,0.15012403885550046
77,1451,1528,0.15013362596029586
74,1437,1511,0.1501431720649213
78,1435,1513,0.1501606843138109
80,1419,1499,0.15016526911219
79,1422,1501,0.15016355609075827
79,1423,1502,0.1501649199032145
76,1431,1507,0.15016652269825634
75,1429,1504,0.1501772613426019
72,1433,1505,0.15019014974435058
72,1440,1512,0.15021129272901038
73,1440,1513,0.1502312736237743
69,1446,1515,0.1502469712883708
68,1450,1518,0.15027334890789168
66,1447,1513,0.15030059148057318
66,1456,1522,0.15033178147336063
67,1460,1527,0.15036107025970485
67,1452,1519,0.150385558551288
66,1450,1516,0.15040826779651043
65,1455,1520,0.15043281920164106
65,1454,1519,0.15045893030807
65,1457,1522,0.15048359636697226
65,1455,1520,0.15050687247003064
64,1454,1518,0.15052871657572836
64,1454,1518,0.15055256581723983
62,1456,1518,0.15057547258369275
58,1440,1498,0.15060330087010698
57,1455,1512,0.15064169308562758
55,1455,1510,0.1506807718792953
52,1466,1518,0.1507233904658928
51,1461,1512,0.15077213239074216
52,1462,1514,0.15082072485311113
53,1459,1512,0.15086333015293568
56,1463,1519,0.1509002580866185
54,1461,1515,0.1509262131080464
56,1449,1505,0.15095667966474402
57,1443,1500,0.15097920151619829
58,1458,1516,0.15099706398678617
57,1460,1517,0.15101095475610912
56,1455,1511,0.1510270713219883
56,1454,1510,0.1510451642908572
55,1451,1506,0.15106179374129985
55,1459,1514,0.1510804647808596
59,1453,1512,0.151097515608874
61,1459,1520,0.15110133890648625
61,1464,1525,0.15109908860171387
61,1458,1519,0.1510969047242317
61,1465,1526,0.15109493209446792
60,1455,1515,0.1510931878727301
60,1460,1520,0.15109493708566668
60,1480,1540,0.15109663784894922
61,1467,1528,0.1510982191481633
61,1460,1521,0.15109659611790524
60,1470,1530,0.15109508236848537
59,1474,1533,0.15109675795771704
60,1462,1522,0.15110116799845777
61,1460,1521,0.15110240414540718
60,1454,1514,0.15110057457709603
59,1461,1520,0.15110173928948753
54,1471,1525,0.151105993366952
54,1471,1525,0.15112494029641024
53,1465,1518,0.15114252880515824
54,1460,1514,0.15116181420520797
54,1457,1511,0.1511768613545079
52,1461,1513,0.1511909981542394
53,1473,1526,0.1512104715293817
53,1468,1521,0.15122570548425696
49,1470,1519,0.1512399264965067
45,1470,1515,0.15126520840333002
44,1478,1522,0.15130083807970465
44,1469,1513,0.15133718768376223
47,1463,1510,0.15137122535067116
45,1468,1513,0.15139388437405274
47,1475,1522,0.1514211110950401
46,1469,1515,0.15144079672248162
44,1458,1502,0.15146234155371455
41,1465,1506,0.1514884679530061
42,1457,1499,0.15152202348649063
43,1471,1514,0.15155053836704988
42,1467,1509,0.1515743213578514
41,1473,1514,0.15159967163022853
37,1466,1503,0.15162696028587003
37,1462,1499,0.1516646959373812
36,1467,1503,0.15170004695626166
37,1464,1501,0.15173621618463431
36,1472,1508,0.1517672062782668
35,1483,1518,0.15179929705599804
34,1471,1505,0.1518323964400044
35,1477,1512,0.15186654646677863
35,1478,1513,0.15189542499766187
36,1475,1511,0.1519224196661023
36,1469,1505,0.15194455845715363
35,1465,1500,0.15196533210147017
33,1466,1499,0.15198784504148077
32,1486,1518,0.1520151691693512
32,1494,1526,0.15204378275671948
31,1496,1527,0.1520707795857287
31,1499,1530,0.15209927045529972
31,1504,1535,0.15212597629919503
30,1510,1540,0.15215118004970588
30,1508,1538,0.15217793383574865
27,1501,1528,0.15220302666816027
28,1500,1528,0.15223568758811332
28,1499,1527,0.1522631672803076
28,1496,1524,0.15228904914060812
28,1492,1520,0.15231314583765745
26,1501,1527,0.15233574654500587
27,1505,1532,0.15236318896253118
27,1496,1523,0.15238588067966735
24,1496,1520,0.1524071708118684
24,1490,1514,0.15243655032815265
25,1478,1503,0.15246411629351503
24,1489,1513,0.15248681536044406
25,1495,1520,0.1525112044000731
25,1482,1507,0.152530938925313
25,1468,1493,0.15254946855949614
25,1478,1503,0.15256686206115444
26,1488,1514,0.15258318866203333
25,1494,1519,0.15259549063823186
26,1500,1526,0.15261011865448362
27,1497,1524,0.1526207027913327
27,1492,1519,0.1526275246961126
24,1487,1511,0.15263393142445555
23,1491,1514,0.1526490637202831
23,1493,1516,0.15266627650428405
25,1498,1523,0.15268256971406874
26,1498,1524,0.15269169177232286
25,1501,1526,0.15269713431864265
25,1494,1519,0.15270537548360455
27,1495,1522,0.15271306666998233
28,1498,1526,0.15271410538435867
28,1476,1504,0.15271198876922581
27,1475,1502,0.15271003196623678
26,1481,1507,0.15271131290739745
26,1478,1504,0.15271569257829096
26,1485,1511,0.15271981262697804
25,1477,1502,0.15272368886860654
26,1474,1500,0.15273035859244097
24,1485,1509,0.1527334642548416
25,1493,1518,0.15274243470246573
25,1494,1519,0.15274770480937938
26,1486,1512,0.15275268217857152
25,1495,1520,0.15275430379305172
26,1507,1533,0.15275902055161505
26,1505,1531,0.15276037435039505
26,1497,1523,0.15276158717089408
26,1486,1512,0.15276272466984087
26,1490,1516,0.15276378899392504
26,1480,1506,0.15276478683683384
25,1480,1505,0.15276572412345468
24,1477,1501,0.1527696211706097
26,1474,1500,0.1527764422092149
26,1484,1510,0.15277666284501226
24,1490,1514,0.1527769045845091
24,1493,1517,0.1527832770034698
24,1511,1535,0.15278923572955228
24,1503,1527,0.15279481357993296
24,1495,1519,0.1528000404968587
26,1496,1522,0.15280494179702253
26,1505,1531,0.15280330655079338
26,1500,1526,0.15280183895667782
27,1487,1514,0.15280050027150544
29,1504,1533,0.1527961420631256
30,1499,1529,0.1527858341335118
28,1493,1521,0.1527731298618328
29,1470,1499,0.1527675116571785
30,1468,1498,0.15275906865686717
29,1474,1503,0.1527479669977663
29,1478,1507,0.1527407393659271
28,1484,1512,0.15273400289536965
27,1500,1527,0.15273081762806814
25,1497,1522,0.15273094136764745
24,1484,1508,0.15273734852085077
24,1490,1514,0.1527462515247118
24,1486,1510,0.15275464509539083
25,1480,1505,0.1527625851982647
24,1483,1507,0.152766797894036
24,1482,1506,0.15277387456671665
25,1496,1521,0.15278049705938554
22,1498,1520,0.15278348217127555
23,1500,1523,0.1527957515559282
20,1496,1516,0.15280398102091677
20,1499,1519,0.15282112292036015
21,1491,1512,0.15283719486414882
20,1502,1522,0.15284909956452186
21,1492,1513,0.15286339503810964
21,1492,1513,0.15287364945832715
24,1500,1524,0.15288325806910902
24,1493,1517,0.1528828451165701
23,1512,1535,0.1528825523357277
20,1506,1526,0.15288544806798926
20,1498,1518,0.15289750888618286
20,1502,1522,0.1529088240981809
20,1502,1522,0.1529194399375213
20,1493,1513,0.15292940159917232
21,1486,1507,0.15293875105745294
21,1485,1506,0.15294442785046353
22,1494,1516,0.1529497704543672
22,1489,1511,0.15295164811079118
21,1485,1506,0.15295343406590045
22,1487,1509,0.1529582636443012
20,1492,1512,0.15295967490887222
20,1492,1512,0.1529672505385196
20,1491,1511,0.152974377559845
20,1504,1524,0.15298112384534612
20,1504,1524,0.15298746762586773
21,1495,1516,0.15299342881026118
21,1496,1517,0.1529958410300865
20,1510,1530,0.15299812150541853
19,1501,1520,0.1530034507052494
19,1493,1512,0.15301165633096242
18,1478,1496,0.1530192812879883
17,1489,1506,0.1530294994201709
18,1495,1513,0.1530422065559146
15,1491,1506,0.15305096241648788
15,1493,1508,0.15306861491870255
15,1510,1525,0.15308517670137023
16,1511,1527,0.15310071526971478
16,1506,1522,0.15311216994394738
15,1507,1522,0.15312290956975688
15,1506,1521,0.15313621878590503
15,1503,1518,0.153148635282623
14,1504,1518,0.15316026780448466
13,1504,1517,0.1531744515565068
12,1512,1524,0.15319084898564717
12,1514,1526,0.1532093830938898
12,1513,1525,0.1532267850448223
13,1507,1520,0.1532431189878182
14,1489,1503,0.15325532488999305
14,1488,1502,0.1532634930614259
16,1499,1515,0.15327124179175663
17,1519,1536,0.15327218134135542
17,1520,1537,0.1532699885536832
18,1512,1530,0.15326796288728933
17,1502,1519,0.15326295554193947
17,1504,1521,0.1532614619674236
17,1502,1519,0.15325997886750797
17,1512,1529,0.15325880046746185
16,1500,1516,0.15325765572306269
16,1499,1515,0.1532597406543248
16,1506,1522,0.15326168872710724
16,1506,1522,0.15326351720189904
17,1502,1519,0.15326523476708456
17,1522,1539,0.1532636935817032
16,1521,1537,0.15326225763491594
16,1507,1523,0.1532640193211149
15,1507,1522,0.15326565551645233
15,1498,1513,0.15327038839953308
13,1496,1509,0.15327482444511425
15,1500,1515,0.1532852192194136
16,1506,1522,0.15328868755633898
15,1502,1517,0.1532888202267522
15,1503,1518,0.15329215593325557
14,1492,1506,0.1532952939645921
15,1508,1523,0.1533013837614659
15,1499,1514,0.15330398648285365
15,1497,1512,0.15330644206468078
15,1490,1505,0.15330875475672415
15,1499,1514,0.15331093108652064
15,1502,1517,0.15331297845223765
15,1497,1512,0.15331490420522662
15,1491,1506,0.15331671539389272
15,1494,1509,0.15331841870733345
15,1500,1515,0.15332002047318177
14,1499,1513,0.1533215266687727
14,1499,1513,0.15332603938966954
14,1499,1513,0.15333031834965571
12,1500,1512,0.15333433033528754
12,1509,1521,0.1533444798488867
13,1490,1503,0.15335400107057645
13,1496,1509,0.15335975575469682
14,1502,1516,0.15336516803407066
13,1499,1512,0.15336710362216702
13,1504,1517,0.1533720484010142
13,1509,1522,0.1533767063842289
13,1523,1536,0.15338108445672208
14,1517,1531,0.15338519562750969
14,1509,1523,0.15338591805964938
14,1495,1509,0.153386592354833
15,1499,1514,0.15338722404326544
15,1490,1505,0.15338473238251152
17,1498,1515,0.15338241678055212
16,1487,1503,0.15337382149456757
16,1508,1524,0.15336889176302626
16,1510,1526,0.15336427278723885
18,1509,1527,0.1533599457865067
18,1508,1526,0.15334939491790264
18,1502,1520,0.15333957731908904
18,1486,1504,0.1533304123055055
18,1490,1508,0.15332183427915405
18,1493,1511,0.15331379676922777
19,1495,1514,0.1533061723222426
19,1496,1515,0.1532959079119517
21,1494,1515,0.15328629339220576
20,1507,1527,0.15327102422618147
19,1508,1527,0.1532598730085271
17,1500,1517,0.1532523835986136
18,1504,1522,0.15325166796040776
18,1499,1517,0.1532478297633093
17,1494,1511,0.15324427855913553
16,1491,1507,0.15324404765646016
16,1492,1508,0.15324694442311926
15,1502,1517,0.153249759094558
15,1516,1531,0.15325563143262325
15,1495,1510,0.15326113293088997
15,1517,1532,0.15326628558887928
15,1515,1530,0.15327109506137515
15,1526,1541,0.1532755992579737
15,1519,1534,0.15327982315301703
15,1506,1521,0.15328378602226436
15,1506,1521,0.15328750431028265
15,1504,1519,0.1532909931640757
15,1500,1515,0.15329426681164363
15,1499,1514,0.15329722241564753
15,1494,1509,0.15330000365487426
15,1503,1518,0.15330262281412044
15,1496,1511,0.15330508738605433
15,1507,1522,0.15330743865650384
13,1501,1514,0.1533096875075137
12,1503,1515,0.153318129482426
12,1495,1507,0.153329135085328
12,1495,1507,0.1533394654125141
13,1492,1505,0.1533491249544886
13,1500,1513,0.1533550874636227
14,1504,1518,0.15336072004740733
14,1511,1525,0.1533628019407938
13,1515,1528,0.15336477365612866
13,1516,1529,0.15336982778311964
14,1510,1524,0.15337455009159306
14,1507,1521,0.1533757615611268
14,1489,1503,0.15337692171597514
14,1502,1516,0.15337802696586145
13,1513,1526,0.1533790731750734
12,1501,1513,0.15338319185862687
10,1501,1511,0.1533901707151239
9,1508,1517,0.15340308664461577
9,1508,1517,0.1534183708115838
10,1520,1530,0.1534327100870911
10,1507,1517,0.1534429609901869
10,1502,1512,0.15345261888093786
10,1502,1512,0.15346171017310375
9,1493,1502,0.153470259713955
9,1497,1506,0.1534814995672934
9,1509,1518,0.15349202073042284
9,1501,1510,0.1535019145114871
10,1513,1523,0.15351120418522618
10,1517,1527,0.15351669337685825
10,1502,1512,0.1535218552894666
10,1509,1519,0.153526702009123
11,1508,1519,0.1535312517576445
11,1503,1514,0.15353230965448772
11,1503,1514,0.15353331417592248
11,1524,1535,0.15353425892397884
11,1528,1539,0.15353514612395552
12,1529,1541,0.15353597866790059
12,1516,1528,0.15353354240098424
11,1507,1518,0.1535312667656367
11,1511,1522,0.15353234260377457
10,1500,1510,0.15353334504545854
11,1510,1521,0.15353747796156408
11,1517,1528,0.15353812553808963
11,1515,1526,0.1535387387135796
11,1523,1534,0.15353931374167984
11,1519,1530,0.15353985201586606
10,1510,1520,0.1535403466978966
10,1492,1502,0.15354409030421323
10,1499,1509,0.15354753325669523
10,1515,1525,0.15355074585931872
10,1510,1520,0.15355375251295933
11,1517,1528,0.15355656974985266
11,1504,1515,0.15355591983284556
10,1496,1506,0.15355539077923244
11,1499,1510,0.15355814994777836
11,1511,1522,0.1535575767626098
11,1499,1510,0.15355705297340855
11,1508,1519,0.15355657226444927
11,1517,1528,0.15355612845321331
10,1516,1526,0.1535557167891972
10,1505,1515,0.15355860700242854
10,1503,1513,0.15356124740482696
11,1487,1498,0.15356373311057311
10,1493,1503,0.15356280331755917
10,1495,1505,0.15356521948711843
10,1499,1509,0.15356750696593105
10,1503,1513,0.15356966392551688
9,1496,1505,0.15357169351368447
9,1503,1512,0.15357674575266952
9,1518,1527,0.15358149188845552
9,1508,1517,0.15358594682088011
8,1507,1515,0.1535901291051137
9,1499,1508,0.15359727361248224
9,1505,1514,0.15360076236134662
9,1498,1507,0.15360404219534654
9,1513,1522,0.15360706240774594
9,1514,1523,0.15360995190612278
9,1509,1518,0.15361266834228496
8,1507,1515,0.15361519033363083
7,1509,1516,0.15362083636435264
7,1509,1516,0.1536293568955397
7,1505,1512,0.1536373615071915
6,1518,1524,0.1536449763170162
5,1521,1526,0.15365526261752388
6,1511,1517,0.1536681971124561
7,1503,1510,0.1536770738745832
7,1493,1500,0.15368208941885164
7,1500,1507,0.1536868734480165
7,1522,1529,0.15369138509897742
7,1527,1534,0.15369563095915
7,1521,1528,0.15369962347868482
7,1512,1519,0.15370337632731756
6,1510,1516,0.15370690314514335
6,1499,1505,0.153713423161205
7,1500,1507,0.15371953881182748
6,1508,1514,0.15372201634216745
7,1527,1534,0.15372763098363967
7,1520,1527,0.15372963762112563
7,1531,1538,0.15373154531200278
6,1511,1517,0.15373335541007863
7,1509,1516,0.15373826515838412
7,1506,1513,0.15373967434051902
7,1506,1513,0.15374101191834813
7,1510,1517,0.15374227412869843
7,1505,1512,0.1537434639236872
7,1507,1514,0.15374458480211345
7,1519,1526,0.15374564035573784
7,1515,1522,0.15374663412149986
7,1517,1524,0.15374756952221896
7,1501,1508,0.1537484498416322
7,1506,1513,0.15374927821407372
8,1504,1512,0.15375005762114802
8,1508,1516,0.15374755486552805
8,1509,1517,0.15374521059818344
8,1520,1528,0.15374302522727779
8,1514,1522,0.153740984172954
8,1511,1519,0.15373907525077224
8,1519,1527,0.15373728829104735
8,1506,1514,0.15373561447967193
8,1512,1520,0.15373404597140872
8,1519,1527,0.15373257566588022
9,1504,1513,0.15373119706913674
9,1502,1511,0.15372665560121104
9,1496,1505,0.15372242525654684
9,1495,1504,0.15371847812843226
8,1508,1516,0.15371478694963084
8,1508,1516,0.15371458743087119
9,1508,1517,0.1537143235400903
9,1516,1525,0.15371078495684518
8,1507,1515,0.1537075429895337
8,1493,1501,0.15370775699032552
8,1496,1504,0.15370794235701243
8,1513,1521,0.15370810120491712
8,1500,1508,0.15370824179274778
8,1514,1522,0.15370836850878358
8,1519,1527,0.15370848399513018
7,1514,1521,0.1537085900034247
9,1493,1502,0.1537119583130714
9,1491,1500,0.15370853989982725
11,1487,1498,0.15370539003280534
11,1488,1499,0.15369597981578983
11,1485,1496,0.15368719834333075
11,1490,1501,0.15367898324860896
11,1501,1512,0.15367128602425148
11,1511,1522,0.15366406838535376
11,1516,1527,0.15365729731491878
11,1516,1527,0.1536509432340193
11,1510,1521,0.1536449791576392
11,1519,1530,0.15363938022820206
11,1525,1536,0.1536341234183221
11,1520,1531,0.15362918731974792
11,1509,1520,0.15362455198144084
12,1502,1514,0.15362019877852653
11,1497,1508,0.15361293114592364
10,1500,1510,0.15360928556010126
10,1492,1502,0.1536091015707456
10,1488,1498,0.15360884198531896
10,1495,1505,0.1536085684832181
10,1499,1509,0.15360829533278775
10,1491,1501,0.153608028259953
9,1507,1516,0.153607769935869
9,1501,1510,0.15361068764034105
9,1507,1516,0.15361342843581824
9,1506,1515,0.15361599799943712
9,1492,1501,0.1536184403841219
10,1503,1513,0.15362071128416335
10,1508,1518,0.1536196533277638
10,1515,1525,0.15361867229328136
10,1508,1518,0.15361775446761558
10,1513,1523,0.1536168940600613
11,1515,1526,0.1536160866195115
11,1513,1524,0.1536120827871652
11,1504,1515,0.153608355104217
11,1497,1508,0.15360487700682357
9,1487,1496,0.15360162342725447
9,1505,1514,0.15360500373703034
12,1507,1519,0.15360813057593378
12,1506,1518,0.15360133013279292
13,1502,1515,0.15359503790495257
14,1512,1526,0.15358594399995834
14,1497,1511,0.15357428052677982
14,1494,1508,0.15356339389255674
14,1508,1522,0.15355322452977777
14,1498,1512,0.15354371372283654
13,1497,1510,0.15353481186977228
12,1510,1522,0.15352967058295663
12,1515,1527,0.15352802448936062
11,1510,1521,0.1535264806625594
11,1498,1509,0.15352818626729595
11,1507,1518,0.15352977374121213
11,1506,1517,0.15353124426529502
9,1498,1507,0.1535326122040685
8,1495,1503,0.1535403348637373
8,1508,1516,0.15355078106282669
8,1504,1512,0.15356050922330003
9,1510,1519,0.15356971119546534
7,1505,1512,0.15357516393992593
8,1509,1517,0.15358671364740709
8,1507,1515,0.15359424463509191
8,1519,1527,0.1536012844756253
8,1521,1529,0.15360787604185056
8,1510,1518,0.1536140540315894
8,1518,1526,0.15361984758644304
8,1520,1528,0.15362538073645593
8,1518,1526,0.1536305109021783
8,1508,1516,0.15363530816330212
8,1504,1512,0.15363980194663315
10,1504,1514,0.15364401464148286
9,1507,1516,0.1536415047925148
10,1509,1519,0.15364237871000774
10,1519,1529,0.15364007359269322
10,1504,1514,0.15363793308733278
9,1505,1514,0.153635934765818
9,1523,1532,0.1536372786108779
9,1515,1524,0.15363855433777465
8,1498,1506,0.15363975220040416
8,1495,1503,0.153644013967685
9,1504,1513,0.1536480080855439
9,1495,1504,0.15364860041209477
9,1502,1511,0.1536491658646953
9,1514,1523,0.1536497003300294
9,1511,1520,0.15365020330143453
8,1510,1518,0.15365067573993696
8,1508,1516,0.15365435244890807
8,1517,1525,0.1536578088542066
8,1497,1505,0.15366104443677225
8,1498,1506,0.15366407602002263
8,1505,1513,0.15366691826133688
8,1511,1519,0.15366958404610748
8,1507,1515,0.15367208499730625
8,1520,1528,0.15367438169549325
8,1509,1517,0.15367655050069143
8,1515,1523,0.1536785868376144
8,1520,1528,0.15368049836917563
7,1536,1543,0.15368229281789667
7,1529,1536,0.15368724510596468
7,1522,1529,0.15369187576475243
7,1518,1525,0.1536962082679715
7,1516,1523,0.1537002686472845
7,1511,1518,0.1537040770701233
8,1502,1510,0.15370777174600347
8,1502,1510,0.1537078459744375
8,1512,1520,0.15370797568748998
8,1506,1514,0.1537081107495948
9,1510,1519,0.15370824352146445
9,1505,1514,0.1537052234757454
8,1509,1517,0.15370240617289008
9,1512,1521,0.15370311132463557
9,1502,1511,0.1537003654087017
9,1516,1525,0.1536978459477123
9,1520,1529,0.15369549317132333
9,1515,1524,0.153693289720381
8,1499,1507,0.1536912236418417
8,1505,1513,0.15369244889485406
8,1495,1503,0.1536935819214144
8,1504,1512,0.1536946384031004
8,1517,1525,0.15369562611740464
8,1521,1529,0.15369655077829222
8,1518,1526,0.15369741711446025
8,1502,1510,0.15369822924958
8,1511,1519,0.15369899087740627
8,1505,1513,0.15369970535548902
8,1511,1519,0.15370037576232817
8,1514,1522,0.15370100493643857
8,1517,1525,0.15370159550539075
8,1509,1517,0.15370214990862624
7,1496,1503,0.1537026704160345
8,1507,1515,0.15370650017903956
5,1505,1510,0.15370680676119422
5,1496,1501,0.15371660852916982
5,1511,1516,0.15372578122502925
6,1505,1511,0.15373438289085103
6,1513,1519,0.1537392248576938
5,1511,1516,0.1537437769844161
5,1523,1528,0.15375142026397692
5,1528,1533,0.15375854046547857
5,1516,1521,0.153765192519992
5,1523,1528,0.1537714325138909
5,1509,1514,0.15377728958407227
5,1514,1519,0.15378278929826858
5,1511,1516,0.15378795454814867
5,1512,1517,0.15379280634970896
5,1516,1521,0.15379736417703468
5,1506,1511,0.15380164616041114
5,1507,1512,0.15380566922543817
5,1500,1505,0.15380944920058723
6,1513,1519,0.15381300090563405
6,1513,1519,0.15381315802285817
6,1513,1519,0.1538133247220415
6,1523,1529,0.15381348940482018
6,1518,1524,0.15381364928233926
6,1509,1515,0.15381380308842527
6,1516,1522,0.15381395022475572
6,1513,1519,0.15381409044253283
5,1502,1507,0.15381422369360764
5,1507,1512,0.15381751720942954
5,1511,1516,0.15382059973154552
5,1507,1512,0.15382349108062535
5,1510,1515,0.153826204739173
5,1518,1523,0.15382875248047914
5,1523,1528,0.1538311449691285
5,1527,1532,0.1538333920135799
5,1519,1524,0.15383550270440707
5,1516,1521,0.15383748550169152
5,1514,1519,0.15383934829765394
5,1509,1514,0.1538410984661833
5,1510,1515,0.15384274290450306
6,1502,1508,0.1538442880694432
6,1515,1521,0.15384251598215357
6,1500,1506,0.1538408213183471
7,1515,1522,0.1538392554521913
7,1505,1512,0.15383456637404452
8,1506,1514,0.15383014929014147
8,1507,1515,0.15382280387887423
9,1516,1525,0.15381592885067463
9,1522,1531,0.15380625743044576
9,1519,1528,0.15379719508247103
8,1513,1521,0.15378869493374736
8,1492,1500,0.15378390687323493
8,1495,1503,0.15377935294102346
8,1499,1507,0.15377508599428144
8,1503,1511,0.15377107577822816
9,1503,1512,0.15376730640620873
9,1508,1517,0.15376056940868987
10,1507,1517,0.15375425911864007
10,1502,1512,0.153745173993642
10,1518,1528,0.15373665344983303
10,1496,1506,0.15372866166313698
10,1506,1516,0.153721163417768
9,1506,1515,0.15371412633280024
9,1499,1508,0.15371066300476763
9,1494,1503,0.15370741312333872
9,1491,1500,0.15370435588670336
8,1494,1502,0.15370147981050117
8,1492,1500,0.1537019823757071
7,1495,1502,0.15370244330579838
7,1506,1513,0.15370604814916652
8,1511,1519,0.15370940581652764
8,1520,1528,0.1537093689426447
8,1521,1529,0.15370934750885035
8,1501,1509,0.1537093300389247
9,1498,1507,0.15370931419892994
9,1508,1517,0.1537060931964832
8,1511,1519,0.15370308316484232
9,1497,1506,0.15370346062077989
9,1503,1512,0.15370059918128892
10,1508,1518,0.15369792069704208
8,1508,1516,0.15369222775139232
8,1505,1513,0.15369329198966358
9,1502,1511,0.15369427725696547
9,1519,1528,0.15369200668391295
9,1504,1513,0.15368988946036655
8,1491,1499,0.15368790694868337
8,1499,1507,0.15368921682507972
8,1498,1506,0.15369043360828027
6,1498,1504,0.1536915704970166
6,1492,1498,0.15369902453185502
4,1503,1507,0.15370600555461633
4,1494,1498,0.15371892625717024
4,1516,1520,0.15373106553993568
4,1513,1517,0.15374246729041544
4,1513,1517,0.15375317775755604
4,1521,1525,0.1537632400753151
4,1518,1522,0.15377269439415964
4,1506,1510,0.1537815781501949
3,1500,1503,0.1537899263037881
3,1502,1505,0.1538009767169629
3,1498,1501,0.1538113611165664
3,1499,1502,0.1538211211158473
3,1500,1503,0.15383029429636483
2,1500,1502,0.15383891618394563
2,1503,1505,0.15385025315840697
2,1509,1511,0.1538609042638832
2,1513,1515,0.15387091537754638
1,1498,1499,0.15388032595433132
1,1510,1511,0.15389242585730767
1,1518,1519,0.15390379906287407
1,1516,1517,0.1539144909079816
1,1501,1502,0.15392454292330776
1,1491,1492,0.15393399361489596
1,1498,1499,0.153942879029204
1,1512,1513,0.15395123300524843
1,1530,1531,0.15395908733713115
1,1508,1509,0.15396647190653628
1,1521,1522,0.15397341480180496
0,1521,1521,0.15397994242814675
