1385,26,1411,0.1358212123410646
1410,27,1437,0.13293417095397736
1422,26,1448,0.13023197647263487
1440,28,1468,0.12773646646800738
1459,27,1486,0.12541422761453247
1453,28,1481,0.12324988922026012
1455,29,1484,0.12129482296536823
1459,30,1489,0.11950978197001944
1471,31,1502,0.11787485006870871
1469,32,1501,0.1163569577933697
1466,31,1497,0.11498051078969394
1465,32,1497,0.11373495612568643
1456,34,1490,0.11260322037406477
1458,34,1492,0.11159434927701967
1463,33,1496,0.11067127795885788
1444,33,1477,0.10981961804571108
1449,33,1482,0.10908826435874854
1453,33,1486,0.10841112365329117
1460,34,1494,0.10778562752080817
1446,34,1480,0.10719999922015053
1439,37,1476,0.10669850328027579
1442,38,1480,0.10625755115842146
1442,38,1480,0.10584963243501505
1434,41,1475,0.10547794574224607
1436,43,1479,0.10515760767288487
1445,44,1489,0.10486146446392236
1447,43,1490,0.10457210209354578
1451,43,1494,0.104303676093501
1447,43,1490,0.10404999941990431
1455,42,1497,0.1038277956839761
1454,41,1495,0.10360821079380168
1462,41,1503,0.10341063566010224
1456,40,1496,0.10321354363974468
1466,43,1509,0.10304722953030308
1463,43,1506,0.10287386992206066
1472,43,1515,0.10272284031564638
1466,43,1509,0.10256553793429461
1461,41,1502,0.10243542063464077
1460,40,1500,0.10232821791702876
1459,40,1499,0.10223253729956866
1459,40,1499,0.10214713625691019
1472,43,1515,0.10206947606878282
1469,41,1510,0.10197073081969467
1467,41,1508,0.10188770923772986
1470,41,1511,0.10181678009507258
1467,42,1509,0.10174529158328932
1459,42,1501,0.10168681547936348
1461,41,1502,0.1016506617950105
1452,41,1493,0.10161351013691616
1448,41,1489,0.10159909290435803
1444,39,1483,0.10159495900051567
1465,41,1506,0.10159952317755593
1461,40,1501,0.10155805348695517
1456,42,1498,0.10152898359294191
1439,41,1480,0.10151306945561352
1440,41,1481,0.10153526511705223
1453,40,1493,0.10155331486276495
1455,38,1493,0.101541868155404
1449,39,1488,0.10152737407950539
1466,37,1503,0.10152724312304223
1464,39,1503,0.10149035405666013
1458,38,1496,0.10146080374537386
1454,39,1493,0.10144684082089041
1467,39,1506,0.10144261370804329
1469,39,1508,0.10141080766207107
1466,38,1504,0.10137747185341338
1468,39,1507,0.10135350132298243
1464,38,1502,0.101327049725788
1457,38,1495,0.1013119187494188
1459,37,1496,0.10131238017870726
1467,35,1502,0.10130868641159126
1455,36,1491,0.10128819253352996
1481,35,1516,0.10129551337764027
1470,34,1504,0.10124628763643528
1471,34,1505,0.10122518132346531
1470,34,1504,0.10120408362121712
1459,33,1492,0.10118683915438219
1453,33,1486,0.10119469403077375
1462,36,1498,0.10121462138870582
1458,34,1492,0.10121377198338877
1457,34,1491,0.10122150973370746
1462,37,1499,0.10123094761244424
1462,35,1497,0.10122900278833717
1466,33,1499,0.10122716310361522
1457,34,1491,0.10121681614873453
1455,34,1489,0.10122642265237967
1451,35,1486,0.10123928955193694
1449,37,1486,0.1012593900138556
1440,36,1476,0.101282271741679
1446,40,1486,0.10132257628143088
1448,40,1488,0.10134640853504581
1449,41,1490,0.10136397424578864
1442,41,1483,0.1013777899657689
1460,41,1501,0.10140518573878919
1462,40,1502,0.10139136856085157
1459,39,1498,0.10137454522207497
1452,37,1489,0.1013659138305794
1455,36,1491,0.10137322176432206
1450,36,1486,0.1013736154377472
1440,36,1476,0.1013847883802211
1453,34,1487,0.10141622555783254
1460,36,1496,0.10141637106214371
1465,36,1501,0.10140156117396631
1458,35,1493,0.10137732007810345
1460,33,1493,0.10137038291670115
1450,34,1484,0.10136008963057361
1454,34,1488,0.10137214151697262
1435,35,1470,0.10137464881979945
1438,37,1475,0.10141741553571905
1453,37,1490,0.10145034325084072
1447,38,1485,0.1014481311444651
1438,37,1475,0.10145884266644142
1450,35,1485,0.10148802482535381
1438,36,1474,0.10148861319042879
1441,35,1476,0.10151514415482829
1452,33,1485,0.10153267683544553
1446,33,1479,0.1015251195956527
1453,31,1484,0.10153105732604083
1448,31,1479,0.1015215638449288
1449,34,1483,0.10152362158586638
1466,32,1498,0.10152348411593205
1470,31,1501,0.1014868253026048
1475,32,1507,0.10144434980105299
1469,32,1501,0.1013950139029839
1469,30,1499,0.10136317174560883
1458,29,1487,0.10133401424509927
1456,30,1486,0.10133099040364843
1463,30,1493,0.10133270811432492
1459,32,1491,0.10131931504649325
1468,35,1503,0.10131553319711745
1469,36,1505,0.10129299804766162
1472,36,1508,0.10127044255454162
1469,35,1504,0.10124307409206601
1481,34,1515,0.10122445006425164
1473,32,1505,0.10118202909340308
1471,30,1501,0.10116016505097811
1473,31,1504,0.10114496572935479
1468,34,1502,0.10112696935709772
1463,35,1498,0.10112136692434945
1465,34,1499,0.10112719214484372
1462,34,1496,0.10112834509561246
1460,35,1495,0.1011357221863324
1461,36,1497,0.10114702944734986
1462,36,1498,0.10115453725245832
1463,36,1499,0.10115921359773132
1462,35,1497,0.10116162366904867
1455,35,1490,0.1011657996411186
1464,34,1498,0.10118416252298722
1463,36,1499,0.10118169090399796
1459,35,1494,0.10118153314559172
1474,33,1507,0.10119016091140445
1467,32,1499,0.10116583365931527
1466,31,1497,0.10115887362911988
1469,31,1500,0.1011546853269121
1467,30,1497,0.10114431275357649
1468,31,1499,0.10113907136994726
1462,31,1493,0.10113229352469066
1471,31,1502,0.10113903313324257
1465,29,1494,0.10112559771841337
1473,28,1501,0.1011262335366229
1471,29,1500,0.10110997043359227
1468,29,1497,0.10109955300079765
1482,30,1512,0.10109612389166336
1470,31,1501,0.10106355064381098
1459,32,1491,0.1010591399282816
1453,30,1483,0.10107902789836913
1466,30,1496,0.10110955146755835
1464,30,1494,0.10110976923731954
1457,33,1490,0.10111425619072513
1455,33,1488,0.10113333641735406
1468,33,1501,0.10115490669373049
1469,34,1503,0.10114674121967894
1478,35,1513,0.1011373940971876
1484,35,1519,0.10110989481854453
1479,35,1514,0.10107197761613679
1462,36,1498,0.10104801972900036
1456,35,1491,0.10106254154484062
1455,32,1487,0.1010882831163731
1452,32,1484,0.1011136887911691
1448,35,1483,0.10114389641894445
1455,35,1490,0.10117974078916282
1453,35,1488,0.10119735438453556
1469,35,1504,0.10121779400972787
1457,38,1495,0.10120218117134282
1472,35,1507,0.10121346258944937
1472,35,1507,0.10119166826202905
1465,34,1499,0.10117163191220335
1453,35,1488,0.10116837524401308
1454,32,1486,0.10119089205143254
1448,33,1481,0.10120932484764562
1456,33,1489,0.10123920482668908
1463,31,1494,0.10124937530235974
1472,31,1503,0.10124344614664561
1469,31,1500,0.10121877210932162
1469,30,1499,0.10120265724809886
1456,30,1486,0.10118811157321553
1467,27,1494,0.10120288500532268
1476,28,1504,0.10119293892859954
1462,27,1489,0.10116438013647006
1458,26,1484,0.10116826815459394
1452,26,1478,0.10118014066368847
1474,27,1501,0.10120388236255984
1481,27,1508,0.10117875384245581
1482,27,1509,0.10114112500972511
1466,26,1492,0.10110486511437039
1480,28,1508,0.1011064181033456
1476,30,1506,0.10107739782299036
1472,29,1501,0.10105957855407624
1465,31,1496,0.10105213056078202
1455,32,1487,0.10106052987494998
1456,33,1489,0.10108929407686579
1449,34,1483,0.10111338198172325
1457,34,1491,0.10115060787172901
1454,38,1492,0.10116682293389437
1449,38,1487,0.10118822911232678
1457,40,1497,0.10121838129227272
1459,43,1502,0.10122896349837593
1463,44,1507,0.10123468387211691
1465,43,1508,0.10123153342818675
1464,45,1509,0.10122459283266855
1462,43,1505,0.10122016294289177
1460,43,1503,0.10122045908613582
1459,44,1503,0.10122494373785884
1453,43,1496,0.10123141431376333
1441,44,1485,0.10125053280458739
1457,44,1501,0.10129358465647303
1441,46,1487,0.10129856477376839
1457,46,1503,0.10133736412542874
1459,49,1508,0.1013384683874213
1448,48,1496,0.10133517142016711
1431,49,1480,0.10135565449885359
1430,54,1484,0.1014106430518266
1448,55,1503,0.10146299222374205
1447,52,1499,0.10147216593379489
1437,50,1487,0.1014824579520403
1444,53,1497,0.10151338712098505
1447,54,1501,0.10152706862554908
1444,56,1500,0.1015332737274026
1440,55,1495,0.10154550663022688
1439,54,1493,0.10156547187354262
1427,53,1480,0.10158556695828196
1427,58,1485,0.10162957393685908
1420,57,1477,0.10167021308770635
1429,59,1488,0.101722620117557
1432,58,1490,0.10175073790125617
1452,61,1513,0.10177017036614323
1438,61,1499,0.1017450484699475
1435,60,1495,0.10175223529985412
1445,59,1504,0.10176555822993753
1433,60,1493,0.10175598651150856
1437,59,1496,0.10177313990868071
1443,61,1504,0.10178006162405787
1442,60,1502,0.10177358703054029
1439,59,1498,0.10176990871502165
1413,57,1470,0.10177254491858395
1428,60,1488,0.10183114165157764
1428,63,1491,0.10185324643744441
1430,63,1493,0.10187344929793941
1441,63,1504,0.10188758856098357
1433,66,1499,0.10187674647761598
1427,65,1492,0.1018846619951718
1430,67,1497,0.10190483060214117
1429,67,1496,0.10191670747661621
1440,68,1508,0.10192965783069859
1439,70,1509,0.10191759819144383
1430,68,1498,0.10190931559098564
1437,70,1507,0.10192154228215483
1426,71,1497,0.1019183190918756
1418,73,1491,0.10193958761027964
1422,73,1495,0.10197589404048185
1413,74,1487,0.10200047586920316
1415,79,1494,0.10204216077428359
1409,80,1489,0.10207637556994839
1415,78,1493,0.10212069488889032
1406,80,1486,0.10214820147849818
1401,79,1480,0.1021932600556749
1405,82,1487,0.10224500785743952
1390,84,1474,0.10228336059643418
1388,86,1474,0.10235141222046786
1391,84,1475,0.10241752342972316
1397,83,1480,0.1024708773512179
1401,86,1487,0.10250642875429797
1401,87,1488,0.1025302032903918
1394,88,1482,0.10255216716525194
1400,86,1486,0.10258777781390709
1398,88,1486,0.10260694900779789
1401,90,1491,0.10262821121581993
1408,89,1497,0.10264079426234503
1421,90,1511,0.10263683360311165
1420,88,1508,0.10260482451168373
1403,87,1490,0.10257833214065723
1394,87,1481,0.10259103341267509
1398,83,1481,0.10262259501424127
1409,87,1496,0.10264254160931874
1401,87,1488,0.10263697865566854
1410,89,1499,0.10264934251887253
1415,88,1503,0.10264052667423876
1413,89,1502,0.10262149336395553
1402,92,1494,0.10260876815874433
1400,92,1492,0.1026212647820578
1404,88,1492,0.10263694255970222
1413,89,1502,0.10264263161033281
1429,89,1518,0.10262824354936884
1423,90,1513,0.10258025148109699
1416,88,1504,0.10254961717915861
1411,87,1498,0.10253669229426197
1410,87,1497,0.10253565407255319
1411,90,1501,0.10253704645715762
1422,88,1510,0.10253638196059617
1427,88,1515,0.1025119701790384
1419,86,1505,0.10247921073003816
1422,90,1512,0.10246686246273107
1405,88,1493,0.10244910361958308
1401,91,1492,0.10246954236361891
1396,91,1487,0.1024972355757048
1407,91,1498,0.10253322320266968
1401,92,1493,0.10254272861869879
1402,93,1495,0.1025641446888913
1384,96,1480,0.10258172073391769
1369,100,1469,0.102636519897241
1375,102,1477,0.10271944175996449
1384,97,1481,0.10278269861647674
1382,99,1481,0.10282065134272032
1388,100,1488,0.1028597959931653
1386,96,1482,0.10288289892545772
1390,94,1484,0.10290832721704668
1380,94,1474,0.1029223819677481
1397,98,1495,0.10295659628584306
1384,100,1484,0.10295117920932455
1375,97,1472,0.10297452105550331
1389,98,1487,0.1030156338890308
1390,95,1485,0.10302271133982155
1401,98,1499,0.10302763791935671
1402,100,1502,0.10300793444169681
1400,101,1501,0.10298798540003354
1394,97,1491,0.10297416838487675
1397,93,1490,0.10297453078608519
1400,97,1497,0.10296838641110635
1401,96,1497,0.10295663814172286
1411,99,1510,0.10294377687222081
1402,95,1497,0.10291026697100979
1388,96,1484,0.10289899305633776
1397,93,1490,0.10291855090343492
1391,94,1485,0.1029170703907549
1401,93,1494,0.10292892082026132
1401,93,1494,0.10291735999046002
1389,96,1485,0.1029074294290243
1390,98,1488,0.10292392673095535
1402,99,1501,0.10293711192754174
1391,100,1491,0.10292332812678172
1393,102,1495,0.10293440345352263
1392,101,1493,0.10293965714608977
1386,99,1485,0.1029463578508381
1387,101,1488,0.1029652579763198
1382,94,1476,0.10297968872742323
1387,94,1481,0.10300352448487456
1392,94,1486,0.10301528909712772
1391,93,1484,0.10301540807426367
1398,95,1493,0.10301747455829896
1398,93,1491,0.10300359775222362
1392,93,1485,0.10299026591415197
1397,93,1490,0.10299079242731675
1389,91,1480,0.10298082859141115
1391,98,1489,0.10298982067378937
1384,98,1482,0.10299377823250584
1394,99,1493,0.10301218863985667
1391,99,1490,0.10300694733331596
1385,105,1490,0.10300982736166571
1393,107,1500,0.10302554707821372
1387,106,1493,0.10302266167250497
1392,105,1497,0.10303392956386351
1403,107,1510,0.10303255754847761
1396,108,1504,0.10300677133115016
1404,107,1511,0.10299890651340536
1401,109,1510,0.1029743817127546
1411,111,1522,0.10295884936713424
1406,110,1516,0.10292344380538342
1398,107,1505,0.10290177944077868
1393,106,1499,0.1028998432660892
1391,106,1497,0.10290902345572121
1387,103,1490,0.10292146726221743
1384,108,1492,0.10294190780924596
1376,107,1483,0.10296744442996526
1369,104,1473,0.10300801126108673
1376,102,1478,0.10306019724956926
1375,102,1477,0.10309257343789581
1382,104,1486,0.10312487892734545
1390,103,1493,0.103139532976211
1385,101,1486,0.10313626312067538
1377,104,1481,0.10314392587379348
1385,106,1491,0.10316778257393489
1395,102,1497,0.10317121065302334
1394,96,1490,0.10315234508959335
1400,94,1494,0.10313785971129608
1402,93,1495,0.10311086311031571
1385,93,1478,0.10308120070411926
1384,96,1480,0.1030909443004597
1403,96,1499,0.10310258627163331
1396,98,1494,0.10307145701617705
1387,98,1485,0.10305790208627034
1388,97,1485,0.10306508173900583
1396,98,1494,0.10307011417739988
1399,97,1496,0.10305649337461975
1405,89,1494,0.10303699792898953
1411,86,1497,0.10300590891432054
1407,90,1497,0.1029644489960295
1413,88,1501,0.10293514317455013
1423,87,1510,0.10289592251368689
1410,85,1495,0.10283830326508031
1421,89,1510,0.10281405234705364
1421,84,1505,0.1027681465601694
1417,83,1500,0.1027261677944475
1406,91,1497,0.10269683724266819
1415,91,1506,0.1026952701381801
1410,88,1498,0.10267401566511947
1407,89,1496,0.10266516891727522
1430,89,1519,0.10266335367151218
1425,91,1516,0.10261106807929547
1415,95,1510,0.10257494122111285
1413,95,1508,0.10256359024768984
1405,95,1500,0.10255839857762641
1410,93,1503,0.10257185081999885
1406,94,1500,0.1025723968629256
1413,95,1508,0.10258278815757274
1396,100,1496,0.10257674986621151
1402,98,1500,0.10260828893283488
1408,101,1509,0.10262422122363236
1421,98,1519,0.10262528374306373
1406,105,1511,0.10259876858665272
1398,106,1504,0.10260710007723327
1401,107,1508,0.10263261781330403
1394,107,1501,0.10264919101315748
1405,108,1513,0.10267932097363701
1394,105,1499,0.10268375501547095
1393,108,1501,0.10271196637502705
1393,106,1499,0.10273955930212314
1381,104,1485,0.10276474522050666
1391,105,1496,0.10281364429550542
1400,105,1505,0.10283580369516805
1413,105,1518,0.10283628167823863
1403,103,1506,0.10280752891609458
1399,101,1500,0.10280265643210136
1394,102,1496,0.10280709957938904
1394,100,1494,0.10282195738140087
1395,99,1494,0.1028348000025348
1394,100,1494,0.10284411936066803
1402,99,1501,0.10285504231717706
1409,97,1506,0.10284806980315295
1419,99,1518,0.1028262000868256
1413,98,1511,0.10278502364851776
1412,97,1509,0.10276000114022413
1397,99,1496,0.10273967552183691
1394,98,1492,0.1027541623767374
1383,98,1481,0.10277440555488188
1386,101,1487,0.10281636606099116
1392,100,1492,0.102847899501519
1398,100,1498,0.10286389742709261
1400,99,1499,0.10286475771726053
1399,100,1499,0.10286134837558013
1395,100,1495,0.10286055205999733
1397,100,1497,0.10286809140866343
1398,98,1496,0.10287010039827547
1385,100,1485,0.1028701126631672
1383,99,1482,0.1028986954925429
1395,99,1494,0.10292860657871365
1395,100,1495,0.102929432342425
1389,100,1489,0.10293042379134977
1386,101,1487,0.10294454038689725
1381,97,1478,0.10296411207833227
1390,96,1486,0.10299207230063233
1399,94,1493,0.10299830673466576
1414,92,1506,0.1029842441046797
1411,92,1503,0.10293788194938375
1410,93,1503,0.10290157258922278
1394,93,1487,0.1028715349206557
1385,96,1481,0.10287942687750083
1381,96,1477,0.10290549117252379
1385,97,1482,0.10293744784654452
1399,94,1493,0.10295851503948843
1395,90,1485,0.1029473242002419
1398,92,1490,0.10294543730705147
1394,96,1490,0.10293752434073176
1391,95,1486,0.10293897276065696
1398,91,1489,0.10294619252133838
1397,97,1494,0.1029386662369017
1401,96,1497,0.10293387367705475
1406,93,1499,0.10292096198705374
1399,96,1495,0.1028977757853762
1396,97,1493,0.10289167462748779
1387,98,1485,0.1028926580521201
1388,97,1485,0.10291321942106232
1378,101,1479,0.10293004806494195
1390,97,1487,0.10296662908551521
1389,101,1490,0.10297439370852922
1395,101,1496,0.10298317561369766
1401,104,1505,0.10297890136516522
1392,103,1495,0.10296134069638285
1389,103,1492,0.10296500314107615
1389,105,1494,0.102974925469757
1397,106,1503,0.10298468978420519
1388,110,1498,0.102976702728122
1388,113,1501,0.102989615796795
1390,114,1504,0.10300212938533683
1397,119,1516,0.1030096474809098
1397,114,1511,0.10300170638956903
1400,115,1515,0.10299470250475419
1399,116,1515,0.10298158403164004
1397,116,1513,0.10297163195047368
1387,121,1508,0.10296650937360827
1381,123,1504,0.10298408268547053
1370,127,1497,0.10301264511421852
1363,125,1488,0.10306289619850213
1360,122,1482,0.10312427936464733
1371,122,1493,0.10318775214414817
1353,125,1478,0.10322107827219522
1367,121,1488,0.10329002727308462
1354,120,1474,0.10332204134339518
1374,121,1495,0.1033797666236649
1377,121,1498,0.10338912603220309
1367,122,1489,0.1033915839203462
1362,121,1483,0.10341526622960576
1376,121,1497,0.10344799033872569
1375,120,1495,0.10344651240328495
1369,120,1489,0.10344714564740716
1371,123,1494,0.10346131823721427
1367,119,1486,0.10347011609919018
1370,121,1491,0.10348709627070463
1362,122,1484,0.1034967026558032
1374,121,1495,0.10352294120741541
1373,121,1494,0.10352089364724701
1371,122,1493,0.10352130676315252
1371,123,1494,0.10352581561625147
1375,124,1499,0.1035299968234356
1384,120,1504,0.10352555400504546
1388,120,1508,0.10350159195366998
1384,119,1503,0.10347069377522003
1376,121,1497,0.10345126191049075
1379,121,1500,0.10345084151407719
1371,119,1490,0.10344389887000087
1370,120,1490,0.1034547011850125
1375,123,1498,0.10346619353734
1369,121,1490,0.1034658108592513
1364,120,1484,0.1034793571590085
1355,123,1478,0.10350198915558301
1365,125,1490,0.10354300679997902
1348,129,1477,0.10355879452001034
1375,129,1504,0.10361087106028563
1376,129,1505,0.10359931074293467
1380,133,1513,0.1035868374863551
1378,133,1511,0.10356659201181681
1376,135,1511,0.10355301481813065
1369,133,1502,0.10354541903742161
1372,131,1503,0.10355376510644848
1368,132,1500,0.10355510467438911
1380,132,1512,0.10356468998039454
1364,131,1495,0.1035474705219877
1371,133,1504,0.10356724026665791
1375,129,1504,0.10356964336176475
1364,128,1492,0.10356359898553491
1364,126,1490,0.10358219901322183
1358,129,1487,0.10359894842175564
1358,130,1488,0.10362774862990101
1366,127,1493,0.10365305144555481
1358,127,1485,0.10365937616176865
1366,126,1492,0.10368280608569164
1360,127,1487,0.10368645595712497
1341,127,1468,0.1037025002606267
1345,131,1476,0.10375926662086173
1343,130,1473,0.103802229626531
1352,132,1484,0.10384599972747419
1369,130,1499,0.10386657163544623
1364,127,1491,0.10384814196820426
1364,126,1490,0.10384237953440544
1378,123,1501,0.10383652430020149
1373,124,1497,0.10379865878927452
1357,123,1480,0.10377523755709879
1363,123,1486,0.10378846873537687
1370,124,1494,0.10378820542060727
1381,122,1503,0.10377334867189829
1379,123,1502,0.10373511286384439
1381,122,1503,0.10370404933335355
1380,124,1504,0.10367091612706378
1364,123,1487,0.10364305182676187
1378,128,1506,0.10365240265562228
1376,127,1503,0.10363051902290285
1369,128,1497,0.10361424810033247
1367,131,1498,0.10361457530295339
1367,128,1495,0.10362007102959453
1367,129,1496,0.1036247911280503
1371,127,1498,0.10362952533119058
1371,126,1497,0.10362513735965288
1360,128,1488,0.10361995245917982
1364,124,1488,0.10363985171704115
1373,123,1496,0.10364914110403876
1371,128,1499,0.10363795455352776
1374,125,1499,0.10363201272408919
1378,124,1502,0.10361983028397002
1364,130,1494,0.10359937890573213
1363,133,1496,0.10361082559525588
1366,133,1499,0.10362414498703071
1358,131,1489,0.10363014300393207
1350,132,1482,0.10365409599495007
1366,132,1498,0.10369304030960062
1374,132,1506,0.10369337266943081
1372,132,1504,0.10367638717926236
1369,131,1500,0.10366523756593449
1363,130,1493,0.10366277978285451
1349,131,1480,0.10367341101224195
1353,138,1491,0.10371397010081189
1352,140,1492,0.10374197386110823
1363,139,1502,0.10376891288295681
1368,141,1509,0.10376960792223734
1359,141,1500,0.10375993023594134
1353,141,1494,0.10377006770085533
1351,140,1491,0.10379230054321185
1346,139,1485,0.1038172936850875
1354,144,1498,0.10385182479110064
1361,143,1504,0.10386578715488785
1361,137,1498,0.10386187660974518
1364,141,1505,0.1038586364978206
1358,140,1498,0.10385083575512706
1356,140,1496,0.10385782100321923
1351,141,1492,0.10386913985923436
1344,148,1492,0.10389024200397917
1342,145,1487,0.1039250958700393
1355,144,1499,0.10396143287485385
1353,147,1500,0.10396661507544885
1342,146,1488,0.10397602785810178
1359,144,1503,0.10400854918625256
1357,143,1500,0.10400143663709845
1361,138,1499,0.1039992842681669
1358,141,1499,0.1039885827353973
1353,139,1492,0.10398430887793213
1341,143,1484,0.10399200054534574
1341,141,1482,0.10402476279042502
1336,141,1477,0.10405413652994967
1336,144,1480,0.10409299231362333
1336,144,1480,0.10412882939979479
1352,144,1496,0.10416105387546139
1350,144,1494,0.10415477783923613
1343,145,1488,0.10415361474146838
1338,151,1489,0.10416805908781218
1334,152,1486,0.10419246923605659
1327,148,1475,0.10422344894589482
1331,147,1478,0.1042667497755366
1338,144,1482,0.10429783179594587
1331,145,1476,0.10431002877364114
1336,146,1482,0.10433654735676366
1347,146,1493,0.10435011857946713
1343,144,1487,0.10433845487815262
1351,145,1496,0.10433626071354599
1357,146,1503,0.1043172005162074
1341,151,1492,0.10428649301654425
1342,151,1493,0.1042934626047483
1344,151,1495,0.10429753983119251
1355,149,1504,0.10429684755779604
1354,151,1505,0.10427255468979979
1342,151,1493,0.10425322812081045
1334,148,1482,0.10426249461515358
1351,144,1495,0.1042875297304371
1340,151,1491,0.10427264900338072
1341,153,1494,0.10428385019786834
1343,154,1497,0.10429182448398379
1343,156,1499,0.10429505071827333
1345,155,1500,0.1042970699803406
1342,150,1492,0.10429432944419782
1354,150,1504,0.1042986093061717
1345,153,1498,0.10427684229752382
1358,154,1512,0.10427678471203608
1353,154,1507,0.10424771060707258
1370,152,1522,0.10423193130373645
1368,154,1522,0.10418011943412438
1358,156,1514,0.1041375421665908
1342,155,1497,0.10412075925525086
1335,154,1489,0.10414018903618659
1341,152,1493,0.10417452513033566
1353,155,1508,0.10419301022776033
1340,156,1496,0.10418335512448561
1340,155,1495,0.10420305806767916
1335,153,1488,0.10422032490760817
1343,155,1498,0.10424712542331697
1337,156,1493,0.10425419313350344
1353,149,1502,0.10427392884563477
1354,146,1500,0.10425643216261396
1346,147,1493,0.1042383296321525
1346,145,1491,0.10423942168522206
1340,139,1479,0.1042400303926437
1349,142,1491,0.10425337473642639
1355,144,1499,0.10424554943464912
1359,150,1509,0.10422508425327952
1364,152,1516,0.10419778004719431
1353,153,1506,0.10416220265926933
1343,153,1496,0.10415358123870093
1334,153,1487,0.1041674674351223
1342,157,1499,0.10420031052956567
1338,160,1498,0.10421272611408128
1337,162,1499,0.10423292039987544
1332,155,1487,0.10425402595081217
1342,155,1497,0.1042836261736767
1353,153,1506,0.10428902113251173
1353,158,1511,0.10426990077485598
1344,163,1507,0.10425259074432013
1346,164,1510,0.10425716338469065
1347,164,1511,0.10425643295602956
1325,166,1491,0.10425371226404692
1326,162,1488,0.1042997725336253
1339,165,1504,0.10433975566143294
1342,168,1510,0.10434802430929299
1338,166,1504,0.10434954018235967
1347,165,1512,0.1043600705407078
1343,169,1512,0.10435016728919978
1330,171,1501,0.10435021365246676
1326,173,1499,0.10437894843178043
1352,172,1524,0.10441441063168996
1337,167,1504,0.1043901451797576
1323,163,1486,0.10440115331474303
1311,162,1473,0.10444128540800367
1314,161,1475,0.10450337694231925
1309,165,1474,0.10455377972686658
1319,162,1481,0.10461108295551233
1320,158,1478,0.10464125176823924
1330,158,1488,0.10466624672072872
1321,164,1485,0.10466682343309848
1325,165,1490,0.1046860460211858
1313,166,1479,0.10469669347318579
1336,166,1502,0.10473240319589137
1341,163,1504,0.10471456162907768
1340,162,1502,0.10468722389097607
1342,163,1505,0.10466510122695916
1328,164,1492,0.1046408875596719
1326,163,1489,0.10464988636870232
1324,160,1484,0.10466272160220366
1318,164,1482,0.10467990197239954
1324,169,1493,0.10470815679191553
1321,173,1494,0.10472151227745752
1312,174,1486,0.10474032740833986
1310,171,1481,0.10477678968723211
1312,171,1483,0.1048150984824417
1316,177,1493,0.10484603842010706
1314,174,1488,0.10486580961696623
1305,182,1487,0.10488784846745801
1317,177,1494,0.10492733755908859
1321,180,1501,0.10493748044667943
1327,178,1505,0.10493773695214306
1330,176,1506,0.10492517547886741
1328,179,1507,0.10490673549768786
1336,176,1512,0.10489424843959583
1330,179,1509,0.10486482811243089
1327,178,1505,0.1048507306449176
1321,175,1496,0.10484455773990858
1326,168,1494,0.10485230975881972
1331,169,1500,0.10484889731633089
1331,168,1499,0.10483412050370848
1345,164,1509,0.10481984060539179
1341,164,1505,0.10477471600588578
1337,166,1503,0.10474193893510252
1327,168,1495,0.10472003341534604
1335,169,1504,0.10472163909180945
1330,163,1493,0.10470583919341635
1339,162,1501,0.10470286430656973
1346,161,1507,0.10467998958025607
1347,158,1505,0.10464441424783931
1339,157,1496,0.1046099258386744
1332,162,1494,0.10459524523477275
1340,162,1502,0.10459811226636895
1343,167,1510,0.10458382175861008
1330,166,1496,0.10456413044166432
1332,166,1498,0.10457480800648025
1322,161,1483,0.10457987697333039
1339,160,1499,0.10460667945048882
1339,158,1497,0.10459443039392546
1336,160,1496,0.10458216124922984
1341,162,1503,0.10457763776067586
1322,166,1488,0.10456255628871038
1316,162,1478,0.10458977588775159
1324,165,1489,0.10462821211336153
1328,168,1496,0.10464534735658321
1342,171,1513,0.10465244406471025
1333,167,1500,0.10462898711356196
1324,169,1493,0.10462802288328564
1319,170,1489,0.10464727711880364
1327,173,1500,0.10467523283929818
1317,170,1487,0.10468239021082276
1337,167,1504,0.1047103324786994
1334,170,1504,0.10469188397742625
1327,171,1498,0.10468148048734303
1319,173,1492,0.10468837633809497
1320,173,1493,0.10471223958374107
1315,175,1490,0.10473256611588859
1307,179,1486,0.10476166417943988
1309,178,1487,0.10480652240560662
1303,180,1483,0.10484345875094032
1305,179,1484,0.1048899759569029
1302,182,1484,0.10492846840864717
1292,186,1478,0.10496955007852264
1304,188,1492,0.10503034837502266
1308,188,1496,0.10505976908997688
1304,188,1492,0.10507803847267903
1311,190,1501,0.10510471665519779
1316,189,1505,0.10511333085660184
1318,189,1507,0.10510920455905047
1301,184,1485,0.10510087745348119
1310,185,1495,0.10513149727063105
1306,188,1494,0.10513952778529716
1307,186,1493,0.10515559658979289
1308,184,1492,0.10516846986818777
1299,189,1488,0.10517901855343943
1303,189,1492,0.10520865744034097
1290,187,1477,0.10522652912027412
1287,193,1480,0.1052716553412818
1289,193,1482,0.10532066619572855
1288,199,1487,0.10536182151330413
1285,197,1482,0.10540207453174015
1280,198,1478,0.10544505687311727
1290,200,1490,0.1054949625861633
1288,199,1487,0.1055184077029994
1297,199,1496,0.10554305101136555
1301,197,1498,0.10554577135239207
1299,196,1495,0.10553923779187414
1287,204,1491,0.10553767602173668
1291,201,1492,0.10556415607594062
1284,201,1485,0.10557956156695404
1291,200,1491,0.1056103941041583
1294,202,1496,0.10562299797615106
1294,203,1497,0.10562775499003696
1299,203,1502,0.10563172662999275
1291,204,1495,0.10562466879589344
1284,204,1488,0.10563667948435576
1292,199,1491,0.10566298592687506
1294,199,1493,0.10566854121179697
1292,201,1493,0.10566883719137998
1284,203,1487,0.10567414177756071
1293,207,1500,0.105697084021446
1285,206,1491,0.10569780994459334
1286,203,1489,0.10571626374229312
1273,207,1480,0.10573056523996857
1274,209,1483,0.1057729897719084
1276,209,1485,0.10580942766176248
1289,209,1498,0.10583974913938415
1281,207,1488,0.10583791652843594
1281,204,1485,0.10585358848820643
1283,208,1491,0.10586757162556548
1287,207,1494,0.10587532476932053
1294,210,1504,0.10587295587822516
1293,218,1511,0.10585596270834202
1296,215,1511,0.10584312560539395
1278,219,1497,0.10582432188334077
1268,214,1482,0.1058480622892354
1272,222,1494,0.1058928834070549
1270,219,1489,0.10592547903132686
1251,222,1473,0.10595993463423406
1260,219,1479,0.10603454532773934
1273,226,1499,0.10608374694977499
1268,230,1498,0.10609900567043482
1254,228,1482,0.1061242875790213
1241,236,1477,0.1061792823611349
1240,239,1479,0.10625995866703299
1250,244,1494,0.10633767140513896
1261,251,1512,0.10638692732990847
1257,251,1508,0.10640802623266399
1259,251,1510,0.10643722042931177
1272,258,1530,0.10645971839128016
1267,257,1524,0.1064522305612698
1250,254,1504,0.10645651566964869
1244,252,1496,0.10649750264437798
1232,257,1489,0.10654988180973994
1246,259,1505,0.10662486397689812
1238,249,1487,0.10666210994552112
1240,249,1489,0.10671409199317754
1254,246,1500,0.1067561258394361
1245,244,1489,0.10676273904543514
1250,249,1499,0.10678993988561981
1250,246,1496,0.10680388775564692
1242,249,1491,0.10681723211622067
1238,250,1488,0.10684672709037343
1233,250,1483,0.10688517015929794
1234,248,1482,0.1069306087540197
1241,250,1491,0.10697001171978318
1245,252,1497,0.10699029968201654
1238,254,1492,0.10699990963981414
1242,250,1492,0.1070257387854587
1237,253,1490,0.1070409824020452
1252,257,1509,0.10706668624776464
1253,256,1509,0.10705671055062588
1258,250,1508,0.10704560761040913
1252,254,1506,0.1070234568279941
1244,258,1502,0.10701723338867371
1250,258,1508,0.10702895526504413
1247,254,1501,0.1070273924669122
1249,254,1503,0.10703291983687091
1242,259,1501,0.10703241293367169
1226,256,1482,0.10704836513393257
1228,255,1483,0.10709781596957595
1230,259,1489,0.10713875879142445
1231,255,1486,0.10717186114395226
1239,254,1493,0.10720060864362935
1232,261,1493,0.10721024170856885
1231,258,1489,0.10723422107059281
1218,253,1471,0.10725820587292124
1228,255,1483,0.10730816755694711
1237,257,1494,0.10733169661761092
1244,266,1510,0.10733261199807821
1225,269,1494,0.1073183100804233
1216,272,1488,0.10734817809238491
1227,272,1499,0.10739767657469203
1215,273,1488,0.10741739442100975
1216,271,1487,0.10746305247229503
1221,271,1492,0.10750349056401057
1219,269,1488,0.10753008104178295
1225,273,1498,0.1075586946765631
1222,272,1494,0.10757247084541374
1206,278,1484,0.10759171346665784
1212,269,1481,0.10764598745070911
1204,279,1483,0.10768187694028868
1213,283,1496,0.10773352057562174
1202,278,1480,0.10776086733353937
1200,279,1479,0.107809769112506
1204,273,1477,0.10785918436944207
1212,275,1487,0.10789613399311994
1205,280,1485,0.10791270381996398
1213,282,1495,0.1079446243247717
1209,290,1499,0.10795771263201981
1216,295,1511,0.10798019052639052
1216,295,1511,0.10798485176487117
1209,300,1509,0.10798853531811853
1208,298,1506,0.10800954770617814
1195,296,1491,0.10803081201041714
1201,301,1502,0.10807922068637688
1200,297,1497,0.10811156392924942
1189,294,1483,0.10814295434075348
1180,298,1478,0.10819579635906684
1199,303,1502,0.10826499533850349
1189,307,1496,0.10828655732786066
1185,300,1485,0.10832774520367888
1189,304,1493,0.10837562750399708
1186,311,1497,0.10841070680890492
1189,313,1502,0.1084506956877778
1193,302,1495,0.108480127964215
1187,313,1500,0.10849899041116913
1194,315,1509,0.1085305178057669
1188,311,1499,0.10854362300914332
1185,311,1496,0.10856979251965694
1184,309,1493,0.10860052795659315
1181,307,1488,0.10863043218803188
1178,319,1497,0.10866477280926766
1177,320,1497,0.10870314467296119
1180,324,1504,0.10874148738185926
1177,316,1493,0.10877106912053822
1177,320,1497,0.10880646416335256
1168,323,1491,0.10883941897671981
1170,331,1501,0.10888916212417986
1177,323,1500,0.10892921097758296
1173,316,1489,0.10895224204056138
1171,323,1494,0.10898356155889173
1173,318,1491,0.10901664852546768
1161,320,1481,0.10904398432512834
1174,317,1491,0.10909731166633704
1159,320,1479,0.10911967038005997
1154,329,1483,0.10917428386275035
1158,325,1483,0.10923473915804284
1176,327,1503,0.10928128592925145
1176,332,1508,0.10928313513389913
1176,333,1509,0.10928444668298382
1175,339,1514,0.10928671585748681
1173,342,1515,0.10929380617225036
1165,337,1502,0.1093058846536934
1149,331,1480,0.10933495380492296
1152,337,1489,0.10939699488086546
1150,338,1488,0.10944482032230367
1146,335,1481,0.10949494698464873
1135,335,1470,0.10955099905620096
1142,335,1477,0.10962634628304495
1149,338,1487,0.10968035120466936
1151,346,1497,0.10971538520033729
1156,354,1510,0.10974453085989175
1149,351,1500,0.10976060223295427
1154,346,1500,0.10979122670827017
1153,348,1501,0.10980821651105074
1149,347,1496,0.10982573360949964
1151,350,1501,0.10985111115123863
1154,351,1505,0.1098718237396736
1158,358,1516,0.10988341010079875
1159,359,1518,0.10988458153610693
1151,359,1510,0.1098830819696455
1144,357,1501,0.10990026621193476
1121,356,1477,0.10993134073557759
1116,356,1472,0.11001288900313949
1121,362,1483,0.1100987073457291
1127,360,1487,0.11016637405117219
1123,360,1483,0.11021539257322065
1128,359,1487,0.1102687176085233
1127,360,1487,0.11030519146713559
1130,361,1491,0.11034144731334702
1137,361,1498,0.11036925964971077
1131,359,1490,0.11037825691148882
1128,360,1488,0.11040048288174821
1145,352,1497,0.11042759875412926
1153,352,1505,0.11041344563267615
1152,357,1509,0.11038161329476641
1151,361,1512,0.11035550853830699
1153,359,1512,0.11033365467236429
1145,362,1507,0.11030921842757245
1156,361,1517,0.11030623138974992
1143,363,1506,0.11027979231609394
1147,363,1510,0.1102852081745694
1136,370,1506,0.11028103006313042
1136,372,1508,0.11030152953716929
1148,371,1519,0.1103197500501524
1138,369,1507,0.11030800519205833
1132,371,1503,0.11032050003390069
1131,371,1502,0.11034640247872098
1130,367,1497,0.11037191386282112
1115,368,1483,0.1103980358326926
1115,371,1486,0.11045663887673621
1131,367,1498,0.11050965282907768
1131,366,1497,0.11052182490075596
1121,361,1482,0.11053234814959495
1126,363,1489,0.11056396436869685
1126,367,1493,0.11058206796243876
1119,363,1482,0.11060033452405305
1115,362,1477,0.11063402934467412
1128,361,1489,0.11067452396958911
1122,358,1480,0.11068154213853904
1123,366,1489,0.1106994266271755
1132,367,1499,0.11071410637199004
1136,368,1504,0.11070538770178331
1133,371,1504,0.11068999005210343
1126,372,1498,0.11068248547914808
1128,377,1505,0.11069173049364057
1115,374,1489,0.11069625303698992
1121,373,1494,0.11072973936529461
1121,375,1496,0.11074646414196267
1132,368,1500,0.11076465607696231
1127,372,1499,0.11075586064177419
1121,376,1497,0.11075790811035822
1127,381,1508,0.11077535877500423
1125,382,1507,0.11077741014515832
1122,388,1510,0.11078303131625303
1102,382,1484,0.11079453356232641
1114,382,1496,0.11084912977773918
1108,384,1492,0.11087194225534205
1106,391,1497,0.11090718998963921
1118,388,1506,0.1109465262116584
1110,389,1499,0.11095572965845531
1111,392,1503,0.11098334057907412
1107,390,1497,0.11100742751283633
1102,392,1494,0.11103824526294012
1117,387,1504,0.11107742366425188
1109,392,1501,0.11107998449100481
1097,384,1481,0.11110107329269824
1090,396,1486,0.11114715095444826
1091,394,1485,0.11120628367609516
1097,402,1499,0.11125835037576462
1090,408,1498,0.11129511507755792
1086,398,1484,0.1113448222836512
1083,398,1481,0.11139942373153511
1095,406,1501,0.11145702225720783
1090,404,1494,0.11148370133331463
1087,411,1498,0.11151920280857923
1087,414,1501,0.11156087449542312
1086,419,1505,0.11159984220249818
1085,426,1511,0.11163705242337273
1078,426,1504,0.11167316043906322
1086,427,1513,0.11172177385566848
1085,424,1509,0.11174873228526991
1078,418,1496,0.11177467603527154
1079,410,1489,0.1118158670587103
1066,413,1479,0.11185253835851779
1073,420,1493,0.11191618982354154
1080,421,1501,0.11195971429080359
1069,425,1494,0.1119835786936108
1064,429,1493,0.11202952356350529
1072,442,1514,0.11208480174583833
1076,440,1516,0.11211715630783452
1065,433,1498,0.11213891438001962
1046,429,1475,0.11218352854352702
1049,436,1485,0.11226802269655735
1059,437,1496,0.11233890019136451
1062,442,1504,0.11238057216617314
1043,441,1484,0.11241189440250794
1048,441,1489,0.11248617534149542
1052,444,1496,0.11254336265259539
1038,448,1486,0.11258505691463924
1050,445,1495,0.11265546084223005
1048,443,1491,0.11269387191446381
1047,444,1491,0.11273347630853049
1043,449,1492,0.11277135965770901
1037,458,1495,0.11281584002166581
1043,459,1502,0.11286956377510694
1048,461,1509,0.1129064307239444
1046,459,1505,0.11292974753421593
1046,463,1509,0.11295626779305859
1036,471,1507,0.11298045276679107
1032,473,1505,0.1130273942402616
1038,474,1512,0.11308066565023807
1034,472,1506,0.11311542488738144
1038,469,1507,0.11315633956031125
1046,469,1515,0.11318532922673315
1046,463,1509,0.11319420958389458
1037,464,1501,0.11320179833187322
1039,466,1505,0.11323012762385058
1039,454,1493,0.11325090486683441
1033,455,1488,0.11326967540164955
1031,460,1491,0.11330045419090712
1022,466,1488,0.11333286027531674
1032,469,1501,0.11338481018941403
1035,478,1513,0.11340921747680376
1028,477,1505,0.11342331849124396
1032,472,1504,0.11345301079433018
1025,472,1497,0.113472858303433
1019,484,1503,0.11350748600601811
1024,481,1505,0.11355239417197616
1002,479,1481,0.11358366759462918
1004,479,1483,0.11366565184433369
1004,485,1489,0.11373819811618091
1006,491,1497,0.11380438936707435
1011,493,1504,0.11386068749501606
1000,492,1492,0.11390141768161134
996,497,1493,0.11396451066697992
997,502,1499,0.11403289419799019
992,508,1500,0.11409476189009485
999,506,1505,0.11416344722341151
1006,503,1509,0.11420998202254934
999,508,1507,0.11423772783337469
994,502,1496,0.11428144377282749
982,505,1487,0.11433364200384215
974,508,1482,0.11440994896714292
980,515,1495,0.11449897514623868
968,519,1487,0.1145695545226868
974,518,1492,0.11466236353743361
975,515,1490,0.114733775301439
971,512,1483,0.11479699452199733
972,514,1486,0.11486335608826191
981,515,1496,0.11492304010301739
987,517,1504,0.11495703707192238
983,520,1503,0.11497537508327403
983,519,1502,0.11500189645089527
978,526,1504,0.11502699014850627
981,531,1512,0.11506460247223511
982,527,1509,0.11509164855160348
977,532,1509,0.11511307017044584
980,531,1511,0.11514272950914373
981,532,1513,0.11516330388597282
974,524,1498,0.115179737305162
976,527,1503,0.11521181240991246
974,523,1497,0.11523662172586917
974,520,1494,0.11526446636029317
980,527,1507,0.11528924329484362
981,526,1507,0.11529862569985476
981,531,1512,0.11530650422243205
979,533,1512,0.11531371181111098
976,525,1501,0.11532546326593351
969,534,1503,0.1153418990435207
969,547,1516,0.11537448293125356
974,553,1527,0.1154049068143323
957,555,1512,0.11542192045270944
961,550,1511,0.11547681383283387
967,548,1515,0.11551899786587336
963,549,1512,0.11554191885399384
958,542,1500,0.11557254535517628
960,537,1497,0.11561075149153721
960,529,1489,0.11564054665182524
955,536,1491,0.11566993648657098
968,536,1504,0.11570954685138184
970,542,1512,0.11571591862242955
954,536,1490,0.1157178734138263
956,544,1500,0.11575793107965968
951,554,1505,0.11579095338749593
948,559,1507,0.11583540687697198
952,556,1508,0.11588249975581875
961,555,1516,0.11591712105106097
952,561,1513,0.11592793356936676
955,562,1517,0.11596104412422718
953,567,1520,0.11598486445045716
946,561,1507,0.11601341420049406
941,562,1503,0.1160566435467924
945,561,1506,0.11610783491908397
943,564,1507,0.11614490315289096
947,564,1511,0.11618414903105269
938,566,1504,0.11621150116640858
927,572,1499,0.11625764831439389
927,571,1498,0.11632594359987512
934,572,1506,0.11638980649021903
928,571,1499,0.11643136349843278
928,572,1500,0.11648410407380103
912,577,1489,0.11653279384651224
926,584,1510,0.11661720047737527
914,580,1494,0.1166638604333076
913,580,1493,0.11673482363476807
915,583,1498,0.11680335077496466
912,590,1502,0.11686087612024892
910,585,1495,0.11691965293217951
911,593,1504,0.11698110979079487
924,587,1511,0.11703548634913616
926,583,1509,0.11705295467481484
930,580,1510,0.11706474778356712
933,579,1512,0.11706551492531209
923,583,1506,0.11705869878446855
920,580,1500,0.11707635444755632
914,589,1503,0.11710091732758726
911,590,1501,0.1171383735329136
913,590,1503,0.11718063694111125
904,584,1488,0.11721379892523098
909,590,1499,0.1172667886106919
911,589,1500,0.11730307398661996
912,584,1496,0.11733120659642154
910,583,1493,0.11735476705849102
920,586,1506,0.11738161439096388
923,586,1509,0.11738355537453331
917,587,1504,0.11737876895383394
921,587,1508,0.11738813297953414
914,582,1496,0.11738665996358126
903,584,1487,0.1174018509920867
909,588,1497,0.11744198014444678
910,592,1502,0.11746405845348137
906,590,1496,0.11748299285680648
909,592,1501,0.11750837343537875
895,592,1487,0.11752446823146105
894,586,1480,0.11757173612319828
890,593,1483,0.1176180431780306
894,602,1496,0.11767152959111708
902,594,1496,0.11771132976210115
902,593,1495,0.11773032342991703
909,599,1508,0.11774757007652825
909,601,1510,0.11774790192005505
910,604,1514,0.11774816519710074
921,603,1524,0.11774617528426905
919,593,1512,0.11771858406499472
920,595,1515,0.11769600963968539
920,597,1517,0.11767217046689549
912,599,1511,0.11765232291435773
906,604,1510,0.11765441501051538
916,604,1520,0.11767109721855258
914,592,1506,0.11766277064378496
908,592,1500,0.1176591640965259
909,584,1493,0.11767089332423927
913,590,1503,0.11767999837061602
919,594,1513,0.11767834667805892
911,597,1508,0.11766346904948768
904,596,1500,0.11766720856207886
899,594,1493,0.1176869074704307
894,593,1487,0.11771824634630558
887,615,1502,0.11775894014351859
874,612,1486,0.11781261802713973
892,606,1498,0.11789382865132836
886,604,1490,0.11792589805768888
886,602,1488,0.11797073343926172
890,608,1498,0.11801320775130081
901,600,1501,0.11804269955281697
886,604,1490,0.11804427251677542
883,609,1492,0.11808261951623908
881,613,1494,0.11812616049094891
870,622,1492,0.1181718802006294
873,619,1492,0.1182402762705347
870,622,1492,0.11829575739133358
874,625,1499,0.11835505786167247
871,616,1487,0.11840106342210412
873,622,1495,0.11845105591985013
873,632,1505,0.11849198424067676
864,640,1504,0.11853064196398413
860,646,1506,0.11858778176554818
856,640,1496,0.11864960107309473
857,632,1489,0.11871707034712252
864,633,1497,0.11877648583469519
870,641,1511,0.11881681008198776
855,653,1508,0.11884127241914844
865,647,1512,0.11889937279335597
870,648,1518,0.1189286261335167
868,644,1512,0.11894479782775956
873,642,1515,0.11896629151828136
872,640,1512,0.11897320868444536
868,650,1518,0.11898080973837022
877,652,1529,0.1189986288405238
871,650,1521,0.11899432097146213
866,652,1518,0.11900449492376511
857,648,1505,0.11902721731302483
853,657,1510,0.11906860733829223
856,656,1512,0.11911693650737176
852,649,1501,0.11915664611637379
854,651,1505,0.11920257108146448
842,655,1497,0.11924104149334333
855,650,1505,0.11930361915878844
843,653,1496,0.1193299707920858
843,648,1491,0.11938443357609689
844,645,1489,0.1194345511926198
851,649,1500,0.11947895069077591
848,657,1505,0.11950233115245179
847,660,1507,0.11953177593614145
839,658,1497,0.11956212605312576
846,652,1498,0.11960853946515976
845,648,1493,0.11963453266274435
845,655,1500,0.11966137045199207
844,658,1502,0.11968565379506774
847,660,1507,0.11970947833710109
847,665,1512,0.11972392277211112
850,660,1510,0.11973598947809976
850,661,1511,0.11974078873970097
859,665,1524,0.11974291831841835
858,657,1515,0.11972417307345466
850,661,1511,0.11971034403559408
855,664,1519,0.11971525274282925
861,654,1515,0.11970879519855361
855,644,1499,0.11968633013048283
857,647,1504,0.11967750718348795
870,649,1519,0.11966483577015424
866,647,1513,0.1196226727809923
851,648,1499,0.1195936596153167
859,649,1508,0.11960403852920218
857,648,1505,0.11959475354804962
848,652,1500,0.11959351310418193
843,660,1503,0.11961538589056285
831,664,1495,0.11964722068476671
828,664,1492,0.11970457354219692
836,667,1503,0.11976439955125837
834,676,1510,0.11980278452143647
831,672,1503,0.11984481007173323
825,680,1505,0.11989184376316737
828,670,1498,0.11994955140606085
832,672,1504,0.11999666271241413
831,675,1506,0.1200313185394021
827,681,1508,0.12006786607920324
827,680,1507,0.12011291317405616
824,682,1506,0.12015496582315034
829,677,1506,0.12020085030856274
816,667,1483,0.12023103168487624
807,675,1482,0.12028955806779265
804,667,1471,0.12036432271000715
821,674,1495,0.12044203711664121
826,677,1503,0.12047389738563632
824,681,1505,0.12049282556608691
829,669,1498,0.12051746490253215
826,680,1506,0.120528403414485
830,683,1513,0.12054569111447451
836,678,1514,0.12055072089557829
831,681,1512,0.12054107591689447
824,671,1495,0.1205446868107141
823,669,1492,0.12056202984753572
824,669,1493,0.12058186569477547
821,683,1504,0.12059735748504764
825,685,1510,0.12061683860278585
823,679,1502,0.12062787492966129
828,676,1504,0.1206424114210904
818,685,1503,0.12064613674601514
809,678,1487,0.12067444861040329
813,676,1489,0.12072216753901166
807,684,1491,0.12075820931893368
803,688,1491,0.12080681563876969
814,690,1504,0.12086183309363258
814,695,1509,0.12088689876109454
815,703,1518,0.12090966399252977
815,703,1518,0.12093007939636864
813,699,1512,0.12095045526811128
807,697,1504,0.12097465915576784
814,694,1508,0.12101393146638136
809,690,1499,0.12103215678879248
805,693,1498,0.12105922974557724
807,693,1500,0.12109360191337368
811,690,1501,0.12112259654779084
807,703,1510,0.12113894516065933
805,693,1498,0.12116394628473148
797,699,1496,0.12119193787325591
795,700,1495,0.12123604475811764
800,704,1504,0.12128060799202939
797,702,1499,0.12130901018230532
794,706,1500,0.12134132039778088
794,707,1501,0.12137895759667167
796,709,1505,0.12141381796610923
802,704,1506,0.12144045029565209
805,701,1506,0.12145187827752459
811,707,1518,0.12145674556477168
812,705,1517,0.12144440530560718
814,709,1523,0.12142842732967914
820,716,1536,0.12140979666542051
812,707,1519,0.12137903689568232
802,697,1499,0.12137119331087437
802,696,1498,0.1213871521683947
806,696,1502,0.1214025632196556
804,700,1504,0.12140380773225604
799,708,1507,0.121411733918363
806,702,1508,0.12143010284928046
792,695,1487,0.1214290204932876
806,686,1492,0.1214634242851319
811,684,1495,0.12146272518688933
811,696,1507,0.12144880495868243
810,687,1497,0.12143373186200289
810,693,1503,0.12142059921159656
806,698,1504,0.12140945557397394
807,705,1512,0.12140904329165934
814,704,1518,0.12140585677313995
819,698,1517,0.12138562912328243
822,689,1511,0.12135386654075646
815,682,1497,0.12131625977094107
807,687,1494,0.12129804974482383
808,687,1495,0.12130065895461857
812,691,1503,0.12129988379965746
810,691,1501,0.1212888611783104
809,696,1505,0.1212831187660964
800,702,1502,0.12128256117545494
804,696,1500,0.12130189858696415
803,700,1503,0.12131205493194526
808,702,1510,0.12132441604483186
815,698,1513,0.12132308034251597
820,700,1520,0.12130548939108429
816,699,1515,0.12127789609219337
805,698,1503,0.12126509366024156
805,695,1500,0.12128082313413505
794,704,1498,0.12129245233853539
799,710,1509,0.12133195686893071
803,710,1513,0.1213575521484685
796,706,1502,0.12137237887917703
802,711,1513,0.12140338138127436
794,697,1491,0.12141737230842646
796,705,1501,0.12144942928335276
789,706,1495,0.121475607340607
796,701,1497,0.12151631554208592
794,697,1491,0.12153725258921007
798,700,1498,0.12156079784649496
793,704,1497,0.12157308720451666
802,707,1509,0.12159418482472457
809,705,1514,0.12159409133745384
804,705,1509,0.12157675070508805
800,697,1497,0.1215735099055328
807,709,1516,0.12158055817899818
800,701,1501,0.12157073038745805
800,707,1507,0.12157792268792875
797,715,1512,0.12158608848412211
801,710,1511,0.12160156126814332
798,715,1513,0.1216062340709833
781,714,1495,0.1216186420118484
768,729,1497,0.12167187894782767
764,737,1501,0.12175308946280607
763,747,1510,0.12183754825321146
769,745,1514,0.12191980516209686
758,742,1500,0.12198040444193772
760,741,1501,0.12206333321252089
759,751,1510,0.12213435176763827
740,758,1498,0.1222016041567213
746,753,1499,0.12231016090471648
752,754,1506,0.12239486524539651
746,756,1502,0.12245925983500378
756,757,1513,0.12253272036936266
757,752,1509,0.1225777922964111
753,751,1504,0.12261795060571909
748,747,1495,0.12266394799713316
737,745,1482,0.12271915629676998
746,744,1490,0.12279579459566647
755,748,1503,0.12284513210807713
756,749,1505,0.12286949708006611
759,753,1512,0.12289145252975946
755,750,1505,0.12290671904244785
754,752,1506,0.12293114059451782
752,766,1518,0.12295722385934518
736,763,1499,0.12298644968330237
742,760,1502,0.12305121187298795
736,762,1498,0.12309799459825349
742,761,1503,0.12315727135944478
746,758,1504,0.12319726512118347
749,760,1509,0.12322413622549842
741,761,1502,0.12324073321855007
740,762,1502,0.12327320515326211
743,760,1503,0.12330398863610509
736,766,1502,0.12332430316858332
750,772,1522,0.12336116419509498
742,769,1511,0.12336161406129588
744,751,1495,0.12338145293141674
741,755,1496,0.12339397622234999
743,750,1493,0.12341319308740743
749,750,1499,0.12342718538853267
742,757,1499,0.12342653626909779
749,765,1514,0.1234427248872612
746,759,1505,0.12344321897069094
750,762,1512,0.12345111119128903
746,760,1506,0.12345018033732305
748,761,1509,0.12345928320355315
749,764,1513,0.12346314342198259
751,765,1516,0.1234637277440579
749,766,1515,0.12346142431867253
744,773,1517,0.12346406686227357
739,775,1514,0.12347713308954254
740,775,1515,0.12350146273168258
742,764,1506,0.1235202602087255
731,770,1501,0.12353303124462903
740,776,1516,0.12357085929627826
736,780,1516,0.12358512585940402
736,779,1515,0.12360843069756047
737,774,1511,0.12363155270099678
737,776,1513,0.12365032466845806
722,780,1502,0.12366687537655191
722,787,1509,0.12371947584320665
719,791,1510,0.12376857367532329
716,792,1508,0.12382222031641721
715,794,1509,0.1238785799139957
715,798,1513,0.12393429774559848
718,794,1512,0.12398555872796624
723,794,1517,0.12402602364986245
717,793,1510,0.12405035300783492
713,795,1508,0.12408800400748418
703,804,1507,0.12413258663695298
700,811,1511,0.12419770610727393
699,806,1505,0.12426415601127694
714,792,1506,0.12432689454783155
710,800,1510,0.12434871619718436
709,807,1516,0.12437591528831106
712,806,1518,0.12440599802490894
712,792,1504,0.12442585068329894
712,788,1500,0.12444580487515587
713,798,1511,0.124465465276757
702,798,1500,0.12448079879792559
701,800,1501,0.12452061130603984
702,800,1502,0.12456090835289615
702,796,1498,0.12459471100146188
709,799,1508,0.12462658008838975
702,800,1502,0.12463918356497392
709,796,1505,0.12466721807330843
703,795,1498,0.12467915047525548
692,800,1492,0.12470298613504027
687,809,1496,0.12475216342392034
695,808,1503,0.12481111071150842
694,804,1498,0.12484722772537578
693,813,1506,0.12488474219673758
690,820,1510,0.12492039024041088
686,819,1505,0.12496013285059164
693,825,1518,0.1250060472315643
688,825,1513,0.1250315888787377
683,821,1504,0.12506583229028717
684,813,1497,0.12511346966367154
675,814,1489,0.12515421994985176
681,816,1497,0.12521479952935735
683,831,1514,0.12525644456031873
680,835,1515,0.12529089077415898
676,834,1510,0.12533200003612996
663,836,1499,0.12538000675240343
662,832,1494,0.1254568554247369
656,830,1486,0.1255305975266193
657,825,1482,0.12561589848246948
655,823,1478,0.12569057824561433
658,828,1486,0.12576604223549695
662,830,1492,0.12582960533628312
655,835,1490,0.1258785261382831
667,831,1498,0.12594360945056848
652,839,1491,0.1259724998808059
653,848,1501,0.12603511351992633
651,846,1497,0.12609088276354696
660,845,1505,0.1261480112794412
650,839,1489,0.12617899429041934
653,852,1505,0.12623213732512703
652,846,1498,0.12627540042043
654,842,1496,0.12631927396185066
645,858,1503,0.12635445264195563
647,852,1499,0.12641191900524987
646,854,1500,0.12645949688741603
655,852,1507,0.1265037124181738
662,848,1510,0.12652347400529532
656,842,1498,0.12652402932703297
652,846,1498,0.1265382071717627
662,844,1506,0.12656197418570733
664,843,1507,0.12656075743418652
666,837,1503,0.12655426644282244
668,834,1502,0.12654185324828
666,843,1509,0.12652672107740792
658,838,1496,0.12651779302403907
663,840,1503,0.1265287282499431
664,836,1500,0.1265266737086373
670,836,1506,0.12652263170442904
668,847,1515,0.12650217318063167
656,844,1500,0.1264878830002723
654,851,1505,0.12650537956868807
659,855,1514,0.12652741773216974
657,860,1517,0.12653530925692602
655,854,1509,0.1265501867817331
656,859,1515,0.1265678225701592
650,861,1511,0.1265817708720843
645,869,1514,0.1266102722505665
652,856,1508,0.12664926972044022
653,860,1513,0.1266659346642813
653,859,1512,0.1266791301598
652,855,1507,0.12669082478697782
647,855,1502,0.12670616834867354
648,852,1500,0.1267305940445728
647,852,1499,0.12675373780880012
637,872,1509,0.1267781514023828
640,870,1510,0.12682838371218783
635,862,1497,0.1268692231559216
632,871,1503,0.12691958563180805
621,869,1490,0.12697425360083894
628,856,1484,0.12705087667782525
621,853,1474,0.12710513869446496
618,858,1476,0.12717308794204737
624,867,1491,0.127244085119257
627,872,1499,0.12729479282794187
628,882,1510,0.12733391030157462
632,883,1515,0.12736938521503519
620,895,1515,0.12739381661997845
623,898,1521,0.1274458823950488
623,896,1519,0.12748583077805364
634,888,1522,0.12752275369589816
627,886,1513,0.12753223987139928
629,889,1518,0.1275567309697232
625,889,1514,0.12757503620532243
615,889,1504,0.12760383598648076
607,900,1507,0.12765509777659786
596,894,1490,0.12772289040225462
598,907,1505,0.12781375287914667
591,909,1500,0.12789434078463854
589,910,1499,0.1279855833085222
590,905,1495,0.12807564989876782
589,917,1506,0.12815599659326332
589,926,1515,0.12823407011822827
584,922,1506,0.12830669352818297
588,928,1516,0.12838546631268813
587,921,1508,0.12844883739222068
590,918,1508,0.12851055282956858
594,927,1521,0.12855897579380376
599,931,1530,0.1285942154977078
591,926,1517,0.12861543362245523
584,930,1514,0.12865671887480334
583,932,1515,0.12871123307660157
575,936,1511,0.1287633608902766
581,931,1512,0.12883149034920904
573,929,1502,0.1288790816619892
577,924,1501,0.12894345969864796
579,928,1507,0.12899352000976438
581,929,1510,0.12903539175289944
587,930,1517,0.12906851779850265
587,919,1506,0.12908548407630405
587,929,1516,0.12910098002321843
579,936,1515,0.12911474192161257
581,939,1520,0.12914770573856005
579,936,1515,0.1291731987238659
577,936,1513,0.129200839072059
572,938,1510,0.12923130073227884
584,939,1523,0.1292724898239053
584,931,1515,0.12928162045389194
585,931,1516,0.1292888123345361
579,930,1509,0.1292940077614221
577,926,1503,0.12931272324668303
582,922,1504,0.12933325264284104
575,926,1501,0.12933911240268195
571,941,1512,0.12936234848676448
573,943,1516,0.12939563215741348
569,947,1516,0.12942077002929367
565,951,1516,0.12945471239118667
562,943,1505,0.12949830357786207
554,949,1503,0.12954532092760446
561,948,1509,0.12960869883917903
562,947,1509,0.12964687030185001
561,948,1509,0.12967765412413773
567,947,1514,0.12970818780138132
563,948,1511,0.12971939119116713
559,949,1508,0.12973979871583388
551,953,1504,0.12976830488099864
548,947,1495,0.12981566148335527
551,957,1508,0.1298677367414878
554,952,1506,0.1299077818858879
554,952,1506,0.12993682660655229
554,948,1502,0.12996448423448256
554,946,1500,0.12998834973079382
564,959,1523,0.1300125008733482
566,955,1521,0.13000783569503505
557,958,1515,0.1299986911713278
550,955,1505,0.13001363786289932
552,959,1511,0.13004475941273572
558,955,1513,0.13006794625233156
547,956,1503,0.1300739742314121
538,957,1495,0.13010651985421562
527,970,1497,0.13015791067496757
525,977,1502,0.13023295383013372
525,981,1506,0.13031028533519173
521,979,1500,0.13038228567336932
523,990,1513,0.13045849853253316
524,992,1516,0.13052371298655271
531,984,1515,0.13058246001684476
535,975,1510,0.1306190187264272
526,992,1518,0.13064370177744336
526,996,1522,0.1306910127962758
523,996,1519,0.13073479003147648
523,990,1513,0.13078338727052669
518,987,1505,0.13082929436456925
516,982,1498,0.13088616288997823
510,987,1497,0.13094392471524088
512,991,1503,0.13101167487525803
512,982,1494,0.1310698965703055
510,999,1509,0.13112380405941454
514,992,1506,0.13118047315483866
525,988,1513,0.13122183536499435
520,999,1519,0.13123305455195441
509,1002,1511,0.13125736900756763
508,1008,1516,0.13130761056934648
505,1001,1506,0.13135715813939086
509,1003,1512,0.13140944903270488
512,1006,1518,0.13144800240352852
510,1009,1519,0.13147616990577088
512,1003,1515,0.13150879847996313
508,1012,1520,0.13153459412259555
496,1009,1505,0.13156837502799867
503,1010,1513,0.13162976545307362
498,1006,1504,0.1316679928760074
493,1011,1504,0.13171886808423816
495,1017,1512,0.13177831232586332
503,1015,1518,0.1318270314805638
495,1018,1513,0.1318522708605509
498,1018,1516,0.13189637783918737
489,1035,1524,0.1319301509748407
486,1042,1528,0.1319859940708552
482,1030,1512,0.1320454354402238
485,1038,1523,0.13211148877218226
493,1035,1528,0.132165485908036
487,1041,1528,0.13219656769767352
490,1041,1531,0.13224110310374831
489,1040,1529,0.13227676282541018
484,1039,1523,0.13231117151274746
476,1031,1507,0.13235569612884965
475,1037,1512,0.13241938840968576
472,1038,1510,0.1324799318208686
475,1038,1513,0.13254190952100975
479,1039,1518,0.13259226191788487
476,1037,1513,0.13262855317504577
465,1033,1498,0.13267033996318925
476,1026,1502,0.13273822291390253
475,1043,1518,0.13277039407287314
479,1036,1515,0.13280368579134913
479,1044,1523,0.13282585381323042
477,1041,1518,0.13284689783857712
467,1035,1502,0.13287114465232613
465,1042,1507,0.13291928880286302
474,1041,1515,0.13296831693819747
472,1040,1512,0.13299230149014254
475,1037,1512,0.13301971621070474
474,1040,1514,0.13303601602185472
474,1041,1515,0.1330532839872736
469,1049,1518,0.13306987606955237
467,1041,1508,0.13309862484692597
469,1051,1520,0.13313025961199335
466,1043,1509,0.1331542594300756
460,1040,1500,0.13318412661105122
459,1049,1508,0.1332282455577178
462,1064,1526,0.13327081727487297
460,1059,1519,0.1333027261928495
464,1063,1527,0.13333667083282624
467,1056,1523,0.13335771040565983
467,1060,1527,0.13337031201691507
468,1059,1527,0.13338415551178637
465,1062,1527,0.13339423278333765
460,1055,1515,0.13340985838738656
461,1052,1513,0.1334381285026379
455,1058,1513,0.13346217548143002
461,1051,1512,0.13350019279654649
451,1052,1503,0.13351892206786053
451,1054,1505,0.13356111220513156
454,1056,1510,0.13359937709255848
452,1053,1505,0.1336277167743252
452,1047,1499,0.13365893942423013
450,1055,1505,0.13368898092427128
451,1052,1503,0.13372233212781034
447,1054,1501,0.13374935469034327
446,1047,1493,0.13378356178284423
449,1049,1498,0.1338177998762748
448,1055,1503,0.13384130128742328
448,1054,1502,0.1338657655998742
446,1062,1508,0.13388793206967906
446,1051,1497,0.13391278813787497
450,1044,1494,0.13393510638775394
454,1044,1498,0.13394510021162975
452,1044,1496,0.13394430075248073
452,1053,1505,0.13394892385641413
455,1051,1506,0.13395283828852025
452,1047,1499,0.1339482367313001
445,1062,1507,0.13395160243499438
447,1063,1510,0.13397233533626707
439,1059,1498,0.13398563678334152
444,1065,1509,0.13402031461030753
437,1073,1510,0.13404011983804057
435,1070,1505,0.13407792199175092
434,1073,1507,0.13411919154635815
425,1074,1499,0.1341602255414159
423,1073,1496,0.1342217800496115
430,1075,1505,0.13428561765190253
429,1071,1500,0.134325268490985
427,1074,1501,0.1343652132347915
426,1068,1494,0.13440780839479471
420,1068,1488,0.1344505512286175
418,1085,1503,0.13450601095092704
416,1075,1491,0.13456269026717663
419,1076,1495,0.1346209079091363
415,1080,1495,0.13466737775134896
412,1094,1506,0.13472163628247608
417,1104,1521,0.13478056451904355
415,1097,1512,0.1348230669009902
419,1098,1517,0.1348673723265934
420,1088,1508,0.1348976770814081
417,1092,1509,0.1349239082419711
416,1092,1508,0.13495555422877836
422,1099,1521,0.1349869374198692
420,1091,1511,0.13500109343147002
421,1093,1514,0.13502073043724575
419,1088,1507,0.13503699660484877
421,1092,1513,0.13505880049455501
417,1089,1506,0.13507468025184954
415,1117,1532,0.13509987079509095
416,1102,1518,0.13512913176474511
410,1115,1525,0.1351545124764742
406,1115,1521,0.13519377674286778
405,1123,1528,0.13524146816761237
406,1112,1518,0.135288847363805
397,1110,1507,0.1353307496517593
395,1108,1503,0.1353944649810094
396,1114,1510,0.1354589940568352
392,1106,1498,0.13551589082914073
394,1121,1515,0.13557982221484313
392,1118,1510,0.13563383088253655
386,1115,1501,0.13568862763590392
387,1112,1499,0.1357559083042589
386,1119,1505,0.13581720983900009
385,1115,1500,0.13587613465971468
385,1122,1507,0.1359321568393197
383,1120,1503,0.13598457855444226
386,1123,1509,0.13603907880600552
387,1119,1506,0.1360816637411804
388,1124,1512,0.13611951730322752
383,1127,1510,0.13615380066269595
385,1132,1517,0.13619811677421065
386,1134,1520,0.13623427572342464
388,1127,1515,0.1362650217976115
393,1133,1526,0.13628883030795605
377,1116,1493,0.136298475662145
375,1114,1489,0.13634985697609797
369,1129,1498,0.13640375660665408
373,1129,1502,0.1364699085437935
373,1113,1486,0.13652248044009074
371,1130,1501,0.13656999973931533
372,1126,1498,0.13661939678887536
375,1133,1508,0.13666316246490562
379,1131,1510,0.13669566392395607
376,1144,1520,0.1367158995420504
380,1134,1514,0.13674260090556176
373,1135,1508,0.13675741673440014
376,1143,1519,0.13678960930757675
368,1149,1517,0.1368110794133321
367,1136,1503,0.13685300875181933
373,1144,1517,0.13689468913854172
377,1138,1515,0.13691756638119867
377,1133,1510,0.13692833775652183
379,1132,1511,0.136938185091518
378,1136,1514,0.13694215019438766
374,1147,1521,0.13694901176724944
372,1144,1516,0.13696670628765278
374,1137,1511,0.13698853503917824
378,1146,1524,0.13700293497899085
378,1143,1521,0.13700587745083537
382,1143,1525,0.13700889570724553
376,1138,1514,0.13700082469983713
381,1138,1519,0.13701004022435354
379,1133,1512,0.1370051258989494
377,1127,1504,0.13700692366845224
369,1137,1506,0.13701302718186925
363,1139,1502,0.13703993514373441
359,1150,1509,0.13708102516441678
353,1157,1510,0.13713073725564492
357,1151,1508,0.1371924812883065
360,1155,1515,0.1372393947357422
358,1158,1516,0.13727508341381178
363,1154,1517,0.13731388999631375
365,1145,1510,0.13733741888541778
366,1155,1521,0.1373543042227849
367,1160,1527,0.13736812145009406
360,1150,1510,0.13737900480712661
358,1156,1514,0.13740776591285417
359,1157,1516,0.13744055303594055
355,1157,1512,0.1374678040420743
353,1145,1498,0.13750426267722923
354,1162,1516,0.1375432524370059
353,1173,1526,0.13757747684521082
348,1165,1513,0.1376115651683173
342,1166,1508,0.1376572711230097
343,1174,1517,0.1377154659420122
343,1186,1529,0.13776722265910255
338,1179,1517,0.13781512402600204
333,1169,1502,0.13787329159656928
335,1168,1503,0.13794061801533508
339,1165,1504,0.13799775941704584
336,1166,1502,0.13803977882723562
334,1174,1508,0.13808656784226414
340,1176,1516,0.13813545713322958
343,1183,1526,0.13816480763238043
343,1185,1528,0.13818430773015533
344,1174,1518,0.13820233442849233
346,1174,1520,0.1382175270740384
336,1183,1519,0.13822762690654192
340,1171,1511,0.13826466818867084
340,1182,1522,0.13828721560721147
336,1175,1511,0.13830804778115688
339,1172,1511,0.13833867968376728
343,1173,1516,0.13835916086581673
345,1171,1516,0.13836702249016597
338,1182,1520,0.13836932485955813
335,1182,1517,0.13839102706866857
336,1180,1516,0.1384206838477139
331,1182,1513,0.13844630170262806
331,1184,1515,0.13848437916961093
336,1190,1526,0.13851954850746598
334,1190,1524,0.13854088058862113
333,1194,1527,0.13856579001476674
329,1184,1513,0.13859200154667034
325,1177,1502,0.13862699305984805
325,1176,1501,0.13867017198917275
322,1192,1514,0.13870989498206351
317,1186,1503,0.13875499566434027
323,1186,1509,0.13881111708776697
325,1190,1515,0.13884703563152168
327,1193,1520,0.13887504640793444
327,1193,1520,0.1388963497247193
324,1197,1521,0.1389168424971464
323,1193,1516,0.13894333019913607
320,1197,1517,0.13897131897311568
318,1200,1518,0.13900628559878217
310,1201,1511,0.1390443006756256
307,1203,1510,0.13910131703954257
302,1208,1510,0.13916260137854142
300,1211,1511,0.13923365861649806
302,1221,1523,0.139304937370464
299,1231,1530,0.13936576518421837
297,1213,1510,0.1394307418506293
298,1218,1516,0.13949754300327666
293,1217,1510,0.13955773232408944
292,1224,1516,0.13962765514781136
293,1214,1507,0.13969628562087252
291,1221,1512,0.13975766981236937
284,1220,1504,0.13981982742351376
277,1220,1497,0.13989702349605967
281,1229,1510,0.1399876999750713
287,1240,1527,0.14006089238002356
287,1242,1529,0.1401131199639911
280,1243,1523,0.14016176839105005
277,1247,1524,0.1402267432177876
283,1238,1521,0.1402952075956327
282,1229,1511,0.1403429486375853
280,1234,1514,0.14039023305477705
277,1249,1526,0.14044080450502153
278,1240,1518,0.14049647682243724
274,1230,1504,0.1405459471894833
270,1233,1503,0.14060307860040278
266,1233,1499,0.14066704090926485
268,1232,1500,0.14073720968993766
272,1237,1509,0.14079734548960396
263,1242,1505,0.14084261912842286
267,1237,1504,0.14090965976510592
267,1245,1512,0.14096150424190354
269,1241,1510,0.14100877676838086
264,1239,1503,0.14104687686474127
264,1254,1518,0.14109616001854688
265,1245,1510,0.14114196896881004
267,1249,1516,0.14118162825165928
262,1239,1501,0.14121261719391867
261,1239,1500,0.1412544780762521
264,1252,1516,0.14129588357177345
265,1242,1507,0.1413253281022222
261,1239,1500,0.1413504904838712
263,1245,1508,0.1413845339901765
262,1246,1508,0.1414098930450308
263,1245,1508,0.14143610850224572
266,1251,1517,0.14145840922145125
257,1259,1516,0.14147133634905754
260,1253,1513,0.14150837819316756
258,1251,1509,0.14153472034675826
258,1254,1512,0.1415636916079927
263,1254,1517,0.14159070026511197
261,1255,1516,0.1416017389008467
263,1260,1523,0.14161750675850043
257,1252,1509,0.14162655292936574
254,1245,1499,0.1416525962845042
253,1256,1509,0.1416851338217703
250,1271,1521,0.14171782101943603
252,1267,1519,0.14175679251163903
246,1268,1514,0.14178702774901783
249,1262,1511,0.14183159111400287
250,1256,1506,0.1418638639517888
251,1267,1518,0.14189200660873358
247,1268,1515,0.14191533387464503
251,1279,1530,0.14194860078075638
246,1275,1521,0.14196773202667443
243,1284,1527,0.14199956080803117
243,1282,1525,0.1420380797944555
242,1268,1510,0.14207358070826281
250,1276,1526,0.14210974539615717
250,1272,1522,0.14212079830584373
246,1282,1528,0.14213091004937373
243,1270,1513,0.14215100003206307
237,1278,1515,0.1421777904739151
245,1267,1512,0.1422195592199266
240,1262,1502,0.14223589023949842
246,1271,1517,0.14226625729809844
246,1275,1521,0.14227691101542614
243,1275,1518,0.14228635768964495
240,1275,1515,0.14230349437877862
244,1268,1512,0.1423275159848906
245,1274,1519,0.14233874116858788
247,1278,1525,0.14234657114080654
244,1275,1519,0.14234772199093498
241,1277,1518,0.14235688010735972
238,1271,1509,0.14237356034978024
239,1266,1505,0.14239721722950205
239,1255,1494,0.1424159599008221
236,1246,1482,0.14243299903536
237,1260,1497,0.1424576903052538
242,1266,1508,0.14247744325813158
240,1282,1522,0.14248212293762885
240,1281,1521,0.14249182734646
243,1284,1527,0.14250111750858802
236,1276,1512,0.14250063696556112
235,1280,1515,0.1425203869274675
239,1283,1522,0.14254178118547753
237,1283,1520,0.1425516543071177
231,1292,1523,0.14256713299777948
231,1288,1519,0.14259826646036022
226,1287,1513,0.1426269037678648
225,1275,1500,0.14266750797106498
223,1276,1499,0.142708067897855
224,1287,1511,0.14275091229116044
223,1285,1508,0.14278848644735276
229,1287,1516,0.14282603271869834
224,1295,1519,0.14284358649059986
221,1284,1505,0.14287483256772796
225,1283,1508,0.14291279346749924
222,1295,1517,0.1429367774531477
225,1291,1516,0.1429677087503474
231,1296,1527,0.14298760995024537
233,1285,1518,0.14298930755259473
236,1272,1508,0.142985598599706
236,1266,1502,0.14297279084586964
236,1284,1520,0.14296063346783616
237,1271,1508,0.14294943060283277
236,1276,1512,0.14293619744193303
226,1286,1512,0.14292723799883483
231,1284,1515,0.14294748547315853
232,1288,1520,0.14295277385036045
235,1301,1536,0.14295454848211325
235,1290,1525,0.14294820716882378
229,1288,1517,0.1429424051390669
224,1284,1508,0.14295415907425582
222,1290,1512,0.14297929114385682
222,1299,1521,0.14300912898578524
222,1291,1513,0.14303652666498265
225,1289,1514,0.14306271777021862
226,1293,1519,0.14307820478809813
226,1283,1509,0.143090023683764
228,1292,1520,0.14310126802701129
231,1292,1523,0.14310573808876095
222,1308,1530,0.1431012521903757
220,1294,1514,0.14312244848505848
214,1284,1498,0.14314869840949596
217,1287,1504,0.14319086629407313
217,1294,1511,0.14322128315870716
217,1309,1526,0.14324990084949601
218,1301,1519,0.14327643418905292
213,1299,1512,0.14329819203712466
208,1299,1507,0.14333249363884545
210,1307,1517,0.14337814837491497
210,1297,1507,0.1434149373715562
215,1292,1507,0.14344899243028958
214,1306,1520,0.14346663422333708
215,1297,1512,0.14348605881217136
207,1297,1504,0.1435007362310664
207,1304,1511,0.14353771010601463
204,1302,1506,0.1435722691266203
203,1302,1505,0.14361285720696598
203,1297,1500,0.1436536149618377
202,1301,1503,0.14369183366565041
200,1294,1494,0.14373039666321008
204,1295,1499,0.14377184925924824
203,1302,1505,0.14379928736021974
201,1299,1500,0.1438280379660797
199,1306,1505,0.1438609734681992
202,1318,1520,0.14389771481899533
199,1308,1507,0.1439233746979378
201,1305,1506,0.14395609734208825
198,1314,1512,0.14398036945002757
194,1313,1507,0.14401204013058194
194,1309,1503,0.14405282383944626
188,1292,1480,0.14409060050507705
188,1290,1478,0.14414356292677968
187,1292,1479,0.14419265445011337
191,1307,1498,0.14424045651842748
191,1317,1508,0.1442737457013956
191,1312,1503,0.1443049520257386
193,1318,1511,0.14433444042586874
191,1311,1502,0.14435594216829364
194,1309,1503,0.14438231533044063
191,1317,1508,0.14439783680695875
187,1330,1517,0.14442131457634821
184,1341,1525,0.14445486606698102
184,1331,1515,0.14449470500019979
181,1329,1510,0.144532238246946
182,1338,1520,0.14457611139879453
180,1338,1518,0.1446138214884423
183,1332,1515,0.14465418624395923
183,1320,1503,0.14468368664512826
181,1333,1514,0.1447113367514846
181,1340,1521,0.1447426208640075
179,1346,1525,0.1447715201744063
181,1346,1527,0.14480408741059272
178,1338,1516,0.1448284077222093
177,1339,1516,0.1448597538522148
174,1334,1508,0.1448919401276248
174,1331,1505,0.14493133793750154
173,1325,1498,0.1449677889736144
167,1339,1506,0.14500432777121067
161,1354,1515,0.14505592456236877
162,1353,1515,0.14512253829892618
167,1355,1522,0.14518193922980968
163,1353,1516,0.14522274860215417
159,1354,1513,0.14527266731860347
160,1359,1519,0.14533118210929863
158,1373,1531,0.1453825908231427
157,1368,1525,0.14543664094977185
157,1372,1529,0.14548992997899884
151,1366,1517,0.1455394438794758
149,1362,1511,0.1456034675626519
149,1368,1517,0.1456694384402452
152,1358,1510,0.1457307100370756
155,1360,1515,0.14577895660011106
152,1351,1503,0.14581578555352231
153,1366,1519,0.14585947902236557
151,1372,1523,0.14589722561017834
151,1377,1528,0.14593860239761733
146,1380,1526,0.1459776725225739
145,1378,1523,0.14602923733786524
144,1361,1505,0.1460797676263298
146,1371,1517,0.14613032762679684
141,1376,1517,0.14617180228695645
144,1362,1506,0.14622559707579696
147,1384,1531,0.14626709535270166
147,1379,1526,0.1462972855726636
145,1384,1529,0.14632549831951486
143,1386,1529,0.14635797668210984
139,1388,1527,0.14639444171099675
141,1391,1532,0.1464408243476822
137,1391,1528,0.14647808989083144
135,1396,1531,0.14652544490213387
137,1384,1521,0.14657561990253687
135,1394,1529,0.14661673160733504
136,1387,1523,0.14666122277227292
134,1385,1519,0.14669996322710357
133,1375,1508,0.14674203711443948
135,1379,1514,0.14678434368665216
136,1370,1506,0.14681796187260562
139,1366,1505,0.1468469133156442
136,1377,1513,0.14686505636121078
139,1378,1517,0.14689095788395423
135,1394,1529,0.14690638521998917
139,1382,1521,0.14693281379335935
138,1384,1522,0.14694548233517962
141,1367,1508,0.1469602957451164
144,1373,1517,0.14696519304994485
144,1369,1513,0.14696071680218745
145,1373,1518,0.14695659239467354
146,1363,1509,0.14694974726206517
142,1363,1505,0.14694056319097512
144,1359,1503,0.14694435180769752
146,1357,1503,0.14694156313062012
144,1353,1497,0.14693307767972846
153,1353,1506,0.14693145386366424
148,1359,1507,0.1469026881224218
151,1349,1500,0.14689075276973448
150,1353,1503,0.14687061411137883
149,1365,1514,0.14685470544432191
150,1367,1517,0.14684268814736076
146,1370,1516,0.14682876139828627
142,1368,1510,0.1468276030398394
143,1368,1511,0.14683858507192116
141,1375,1516,0.14684577642131452
141,1379,1520,0.14685847129250923
140,1376,1516,0.14686999688571636
140,1371,1511,0.14688392311773427
142,1372,1514,0.14689694400871411
144,1366,1510,0.1469030056235489
141,1362,1503,0.1469026416369508
137,1386,1523,0.1469112190343363
133,1361,1494,0.1469315932359666
131,1365,1496,0.1469626245396246
133,1361,1494,0.14699749383783112
133,1372,1505,0.1470242736289529
133,1380,1513,0.14704958324787662
137,1386,1523,0.14707300297698503
138,1398,1536,0.14708290424159606
138,1393,1531,0.14708936209926624
138,1384,1522,0.14709524036662358
139,1380,1519,0.1471009323152112
140,1387,1527,0.14710345671195335
142,1393,1535,0.14710308907269437
143,1377,1520,0.1470967921489723
142,1373,1515,0.14708807879115043
142,1382,1524,0.14708245218136654
139,1375,1514,0.1470772885959558
139,1376,1515,0.14708160709713183
141,1370,1511,0.14708558447370437
140,1369,1509,0.14708304654618698
141,1367,1508,0.14708382094066003
142,1375,1517,0.14708169114922712
144,1365,1509,0.1470766970162736
137,1359,1496,0.14706580694642582
131,1368,1499,0.14707633633817133
132,1363,1495,0.1471040437446935
132,1356,1488,0.14712693205925864
135,1372,1507,0.14714837036866432
129,1377,1506,0.14715931376016025
129,1375,1504,0.14718736050069356
128,1395,1523,0.1472136456479959
128,1398,1526,0.14724122787028096
129,1398,1527,0.1472669375306952
128,1369,1497,0.14728809442303176
128,1374,1502,0.14731090100940591
128,1368,1496,0.14733211446833244
129,1371,1500,0.14735188310553635
132,1382,1514,0.14736721826769503
129,1374,1503,0.14737252107286314
130,1388,1518,0.1473866604938306
123,1375,1498,0.14739673422981808
122,1368,1490,0.14742746915091215
126,1377,1503,0.14745945447554562
131,1386,1517,0.14747736556665383
129,1384,1513,0.1474791827473083
126,1388,1514,0.14748700844518706
121,1391,1512,0.14750364884509565
119,1399,1518,0.14753432969457958
122,1391,1513,0.1475687682388687
123,1410,1533,0.1475920484259477
123,1414,1537,0.14761093665773029
124,1411,1535,0.1476286752412496
123,1408,1531,0.14764212509199168
122,1402,1524,0.14765803845190364
121,1396,1517,0.14767594577738
123,1389,1512,0.14769575022738535
120,1401,1521,0.14770824905835128
115,1402,1517,0.14772904471258522
115,1390,1505,0.1477636913066502
114,1392,1506,0.14779609163057156
113,1401,1514,0.14782931738492353
112,1406,1518,0.147863342583149
110,1405,1515,0.14789818229761412
110,1421,1531,0.14793672159872165
110,1412,1522,0.14797296892098522
112,1419,1531,0.14800689535195058
115,1412,1527,0.14803290905835154
115,1413,1528,0.1480486287334504
114,1407,1521,0.1480636011912622
114,1409,1523,0.14808064103929522
110,1406,1516,0.14809660222051604
109,1404,1513,0.14812358058227873
111,1405,1516,0.14815174984332002
111,1423,1534,0.14817204751866003
112,1412,1524,0.14819107804125323
113,1399,1512,0.1482057132726924
115,1399,1514,0.1482164198210108
114,1403,1517,0.1482205727243818
111,1401,1512,0.14822741733534098
112,1399,1511,0.14824300045760033
113,1404,1517,0.14825448009822975
109,1407,1516,0.1482622809639028
107,1411,1518,0.14828185287856419
108,1414,1522,0.148306334900767
108,1418,1526,0.14832593596696445
106,1413,1519,0.14834436425073655
108,1419,1527,0.14836759025658933
109,1412,1521,0.14838321297368637
108,1413,1521,0.14839479526342853
107,1416,1523,0.1484086961244701
107,1412,1519,0.1484246268267743
105,1410,1515,0.14843965720406516
109,1403,1512,0.14845981655404525
109,1390,1499,0.1484665365863758
107,1396,1503,0.14847288830380048
107,1399,1506,0.14848501298863911
106,1396,1502,0.14849633197448844
104,1404,1508,0.14850994720298444
104,1403,1507,0.1485288044979307
106,1406,1512,0.1485463928961118
103,1425,1528,0.14855693149703708
104,1418,1522,0.1485758203627355
103,1425,1528,0.1485905353493942
104,1423,1527,0.14860724548934046
103,1424,1527,0.14861978919261065
99,1425,1524,0.14863481866729691
100,1409,1509,0.14866102570421857
99,1398,1497,0.1486823792079762
99,1409,1508,0.1487056565276117
101,1415,1516,0.14872771070934815
99,1414,1513,0.14874226166378476
103,1416,1519,0.14876219025398246
101,1417,1518,0.14876853608813304
102,1413,1515,0.14878059478555286
103,1403,1506,0.1487889566737588
103,1417,1520,0.14879386582946824
100,1418,1518,0.14879845409237036
99,1403,1502,0.14881189778381196
99,1410,1509,0.14882766901584638
94,1413,1507,0.14884247567219383
95,1419,1514,0.14887152047937374
91,1426,1517,0.14889567781067423
87,1430,1517,0.14893062236802435
85,1428,1513,0.148975358488507
83,1425,1508,0.14902332970544088
82,1433,1515,0.14907432854432962
84,1439,1523,0.14912505833039674
85,1448,1533,0.1491665180500318
84,1439,1523,0.14920216894637822
85,1429,1514,0.14923846771092372
82,1442,1524,0.1492691746234772
81,1425,1506,0.14930713805761708
82,1435,1517,0.1493459434612635
81,1442,1523,0.14937940259927338
79,1452,1531,0.14941393745144713
81,1438,1519,0.1494525188366648
79,1449,1528,0.14948248534970257
79,1429,1508,0.1495169423023685
82,1420,1502,0.14954924530678143
84,1427,1511,0.1495703289579447
78,1419,1497,0.1495840998461203
82,1426,1508,0.14961557237106793
82,1430,1512,0.1496326300315665
80,1426,1506,0.1496486005134573
77,1442,1519,0.14966993737582118
75,1443,1518,0.14969924480703597
77,1450,1527,0.14973275995451665
78,1448,1526,0.14975801857485596
78,1452,1530,0.14977881089565584
80,1431,1511,0.14979821068314073
80,1426,1506,0.1498103615767338
82,1435,1517,0.14982183265871551
82,1435,1517,0.1498264665364028
82,1437,1519,0.14983088710138312
80,1444,1524,0.14983515304792278
79,1452,1531,0.14984540106818947
79,1441,1520,0.14985811560056614
80,1450,1530,0.14986981800313198
81,1451,1532,0.1498777625415929
80,1441,1521,0.14988211529712347
82,1440,1522,0.14988936611330594
81,1435,1516,0.14989001413347872
80,1426,1506,0.14989357754640636
78,1431,1509,0.1499000134673107
78,1431,1509,0.1499124475549215
79,1425,1504,0.14992399554693137
75,1435,1510,0.14993181710700532
80,1422,1502,0.14995135348241456
83,1425,1508,0.1499544268288621
82,1432,1514,0.14994817117786696
82,1441,1523,0.1499454379604694
84,1433,1517,0.1499427287422202
85,1428,1513,0.14993407281289628
83,1431,1514,0.14992314861501832
84,1432,1516,0.14991936638146744
85,1435,1520,0.1499127745827504
84,1424,1508,0.14990358780107743
82,1432,1514,0.14989811279855836
82,1429,1511,0.1498991815873022
78,1423,1501,0.14990014927945874
78,1438,1516,0.14991313288895797
78,1436,1514,0.1499252359618012
76,1429,1505,0.14993690510141977
78,1433,1511,0.1499542023901603
77,1434,1511,0.14996396235348552
78,1425,1503,0.14997621462727173
79,1442,1521,0.14998477396261506
79,1440,1519,0.14998968566948206
81,1449,1530,0.14999436304518457
80,1450,1530,0.14999287954528698
79,1434,1513,0.14999448920707162
74,1447,1521,0.14999904118803797
76,1436,1512,0.15001882676555311
78,1435,1513,0.1500313364696139
72,1442,1514,0.15003675579598233
69,1431,1500,0.15006051407652826
68,1441,1509,0.15009200177789953
72,1445,1517,0.1501245828390375
74,1436,1510,0.15014280919822406
74,1443,1517,0.15015389144939742
74,1433,1507,0.15016427400796267
73,1442,1515,0.15017404513267116
70,1449,1519,0.15018634358696975
71,1437,1508,0.15020707420093685
71,1440,1511,0.15022351271336956
71,1432,1503,0.1502387801160193
69,1445,1514,0.15025304271115886
70,1440,1510,0.15027253335515273
72,1446,1518,0.15028740760910522
65,1443,1508,0.15029529457627114
63,1439,1502,0.1503243026017168
58,1444,1502,0.15035763036198083
61,1440,1501,0.15040430097176322
63,1450,1513,0.15043913275908039
62,1459,1521,0.15046551701530494
63,1466,1529,0.15049353970749127
62,1468,1530,0.15051685285913233
61,1466,1527,0.1505419442554138
63,1460,1523,0.15056832928389988
64,1457,1521,0.15058714065545445
65,1457,1522,0.1506016678037394
63,1455,1518,0.150612121896452
62,1458,1520,0.1506281743246116
63,1454,1517,0.15064615899158848
60,1463,1523,0.15066021913862554
57,1476,1533,0.15068251015415232
58,1465,1523,0.15071249184498636
52,1456,1508,0.15073769236027804
50,1452,1502,0.15077960251809258
51,1457,1508,0.15082545409707215
53,1459,1512,0.15086547485403787
50,1460,1510,0.15089679505786469
50,1462,1512,0.15093564989827138
49,1469,1518,0.15097211455612297
51,1476,1527,0.15100967823487774
52,1465,1517,0.15103834025763593
54,1466,1520,0.15106212173819022
54,1457,1511,0.15107819684485357
55,1443,1498,0.15109333729497615
51,1454,1505,0.15110454503218984
52,1460,1512,0.15112766154359586
55,1457,1512,0.1511465888632977
54,1456,1510,0.1511549759229746
55,1460,1515,0.15116598754441127
57,1457,1514,0.15117326779200854
58,1443,1501,0.15117412031319713
59,1448,1507,0.15117200079640475
58,1442,1500,0.15116695827411963
59,1450,1509,0.15116546993009453
59,1461,1520,0.1511609682169077
58,1469,1527,0.1511568167617748
58,1478,1536,0.15115575640149864
58,1476,1534,0.15115469495308673
56,1464,1520,0.1511543419748497
58,1473,1531,0.1511602209807828
56,1474,1530,0.15115978806201724
56,1446,1502,0.15116554855690004
54,1446,1500,0.15117102550132955
53,1463,1516,0.15118239686162646
52,1464,1516,0.15119612425957027
51,1453,1504,0.15121207361073513
51,1455,1506,0.15122986117991732
51,1450,1501,0.15124644151869507
52,1443,1495,0.1512619488595941
51,1462,1513,0.15127317001434348
53,1465,1518,0.1512868752622707
54,1465,1519,0.1512934988403697
52,1471,1523,0.15129674358751147
52,1474,1526,0.15130602118563072
50,1471,1521,0.15131465597948085
49,1471,1520,0.15132900533969212
48,1462,1510,0.15134548868677894
45,1466,1511,0.1513640034910381
46,1471,1517,0.151390773892966
46,1470,1516,0.15141275894723272
47,1461,1508,0.151433384243171
46,1474,1520,0.15144941629378594
46,1475,1521,0.15146734295878672
45,1481,1526,0.15148411348010116
45,1483,1528,0.15150310200513725
43,1482,1525,0.15152091601971343
43,1485,1528,0.15154397157608548
42,1486,1528,0.15156559497447625
42,1498,1540,0.15158888774171309
39,1490,1529,0.15161082241264462
40,1480,1520,0.15164066915874322
40,1485,1525,0.1516658464423553
41,1467,1508,0.15168946732778366
39,1464,1503,0.15170873058716597
38,1472,1510,0.1517331681080494
37,1482,1519,0.15175910834905104
41,1474,1515,0.15178673322083783
39,1474,1513,0.15180041835946692
39,1476,1515,0.15181921862656803
40,1468,1508,0.15183695364974237
37,1474,1511,0.1518505574083111
36,1483,1519,0.15187235645028824
37,1489,1526,0.15189573240326118
35,1492,1527,0.15191473214472803
34,1480,1514,0.15193860391788105
35,1485,1520,0.15196410955185233
34,1479,1513,0.15198503620732826
32,1469,1501,0.15200793650847427
33,1485,1518,0.15203546897465692
32,1484,1516,0.15205814830471578
33,1483,1516,0.1520823931172013
34,1482,1516,0.15210210324816228
33,1466,1499,0.15211762415578886
33,1486,1519,0.15213523606264867
34,1487,1521,0.15215177268677457
33,1482,1515,0.15216408522096048
32,1485,1517,0.15217874670321405
35,1495,1530,0.1521956605864794
37,1493,1530,0.1522023031896554
36,1484,1520,0.15220229952954784
36,1479,1515,0.15220546073678162
36,1458,1494,0.15220821801540754
35,1471,1506,0.1522108682212847
36,1472,1508,0.15221637751040798
35,1472,1507,0.15221849623148678
35,1465,1500,0.1522235303552787
32,1474,1506,0.15222841956908592
31,1472,1503,0.15224250410561727
31,1473,1504,0.15225890216214522
30,1472,1502,0.15227428920963615
29,1473,1502,0.1522919036705137
28,1493,1521,0.15231164825635443
29,1496,1525,0.15233322535418925
28,1491,1519,0.15235026609135058
28,1483,1511,0.15236946220270653
26,1474,1500,0.15238747722284718
26,1483,1509,0.15241033858466138
26,1479,1505,0.15243176317652132
27,1484,1511,0.15245186624907833
27,1483,1510,0.15246764296012086
30,1481,1511,0.1524824923189243
27,1487,1514,0.15248721159090617
25,1488,1513,0.1525011595502286
23,1487,1510,0.15252040629684158
26,1486,1512,0.15254468442699218
28,1468,1496,0.15255807798976076
30,1474,1504,0.15256466939076924
31,1491,1522,0.15256460386404458
29,1484,1513,0.15256161319323003
30,1494,1524,0.1525647530065198
31,1491,1522,0.15256450711017017
31,1483,1514,0.15256102288101406
32,1493,1525,0.15255780483611542
31,1496,1527,0.1525518272068782
30,1489,1519,0.15254927045819794
30,1493,1523,0.152549915381987
26,1497,1523,0.15255053462709753
28,1487,1515,0.1525638709670438
28,1484,1512,0.15257016677877272
28,1478,1506,0.15257604747832054
28,1487,1515,0.15258156344888513
28,1475,1503,0.15258674005832468
28,1489,1517,0.1525915991559552
29,1485,1514,0.1525961897814868
28,1480,1508,0.15259725966682647
29,1488,1517,0.1526011995542358
30,1480,1510,0.15260184519551234
32,1488,1520,0.1525994374819823
30,1489,1519,0.15259135153631131
30,1500,1530,0.1525902294749674
28,1497,1525,0.15258921952271376
30,1500,1530,0.15259427983164037
29,1485,1514,0.15259289732684944
29,1492,1521,0.1525949047641742
28,1496,1524,0.15259663620375255
29,1486,1515,0.15260142293042087
29,1495,1524,0.152603006245604
29,1495,1524,0.15260449692308675
31,1491,1522,0.15260591410185928
29,1505,1534,0.15260118542943138
29,1504,1533,0.15260308288713265
28,1493,1521,0.15260486280435395
29,1486,1515,0.15260978053371554
28,1484,1512,0.15261137532754965
27,1474,1501,0.15261615774601087
28,1478,1506,0.15262361549731593
28,1468,1496,0.1526276704668543
27,1469,1496,0.15263130835934746
27,1464,1491,0.15263780748312933
27,1479,1506,0.1526438924376045
26,1495,1521,0.15264959967763567
25,1498,1523,0.15265818907841425
26,1486,1512,0.15266939435228355
26,1478,1504,0.15267676047915388
25,1474,1499,0.15268337651503758
25,1486,1511,0.15269273013998086
27,1485,1512,0.15270149995218038
29,1482,1511,0.1527037617941763
30,1477,1507,0.15269952599579847
29,1491,1520,0.15269264245770478
29,1497,1526,0.15268927608305394
28,1505,1533,0.15268624150501342
26,1506,1532,0.15268665536571055
26,1499,1525,0.15269327119056042
28,1508,1536,0.15269945897697482
29,1496,1525,0.15269939265962687
29,1496,1525,0.15269617795740925
29,1512,1541,0.15269320873579584
28,1508,1536,0.1526904548574176
27,1494,1521,0.1526907868760909
29,1487,1516,0.15269429657549424
29,1482,1511,0.15269156943334708
27,1480,1507,0.15268903664579014
29,1485,1514,0.15269271917129718
29,1492,1521,0.152690245064871
28,1495,1523,0.15268780438715004
29,1495,1524,0.15268866754597352
29,1491,1520,0.15268660120824393
28,1482,1510,0.15268448317857178
28,1486,1514,0.15268542214123243
27,1485,1512,0.15268646972720407
29,1494,1523,0.1526904958701061
27,1497,1524,0.15268829962257974
27,1498,1525,0.15269245068533752
26,1491,1517,0.1526963508927758
25,1496,1521,0.1527030388091424
24,1499,1523,0.15271249215623642
25,1486,1511,0.15272433340944253
25,1484,1509,0.15273241554808997
26,1488,1514,0.1527400193138602
25,1492,1517,0.15274405429009402
24,1481,1505,0.15275078826624047
25,1495,1520,0.15276005859466013
25,1496,1521,0.15276571255078092
24,1499,1523,0.15277114131140865
23,1488,1511,0.1527792600137443
25,1494,1519,0.1527901207547988
23,1486,1509,0.15279389582340644
23,1487,1510,0.15280346831009745
25,1483,1508,0.15281240843427568
26,1497,1523,0.152814911859915
26,1500,1526,0.15281417001536993
26,1498,1524,0.1528135207034229
25,1505,1530,0.15281293733820794
25,1503,1528,0.15281562734687648
25,1493,1518,0.15281817087826496
25,1482,1507,0.1528205898359829
24,1497,1521,0.15282264952281183
23,1499,1522,0.15282755038398937
22,1490,1512,0.15283513055115303
24,1486,1510,0.15284532299282194
25,1476,1501,0.1528490290700155
25,1486,1511,0.15284943075856283
25,1494,1519,0.15284984694263046
23,1492,1515,0.15285025638409014
23,1486,1509,0.1528565163570955
26,1492,1518,0.15286234482079206
26,1494,1520,0.15285872223002492
25,1501,1526,0.15285521292473173
23,1503,1526,0.15285488899997385
25,1503,1528,0.15286038088133616
26,1491,1517,0.15285962371373196
27,1493,1520,0.15285596591500922
26,1501,1527,0.15284959976910018
24,1501,1525,0.15284683785373446
25,1484,1509,0.15285013468599476
24,1494,1518,0.15285010633311255
24,1491,1515,0.15285310229757662
24,1497,1521,0.1528558817643005
24,1507,1531,0.15285833650021632
24,1492,1516,0.1528607202320442
23,1474,1497,0.152862951544288
27,1483,1510,0.1528679685096297
27,1475,1502,0.15286050835253667
29,1479,1508,0.1528535659352837
31,1485,1516,0.1528408651950522
32,1467,1499,0.15282291822255212
32,1456,1488,0.1528032260227645
31,1485,1516,0.15278487052442208
33,1485,1518,0.15277068041955283
33,1473,1506,0.1527511737955711
35,1482,1517,0.15273295147712568
35,1462,1497,0.15270958118921485
34,1480,1514,0.15268773302511257
32,1475,1507,0.1526703624695596
32,1477,1509,0.15265984633932297
32,1487,1519,0.1526500196936611
33,1485,1518,0.1526408416452123
34,1483,1517,0.1526291409900178
33,1486,1519,0.15261509012524965
32,1481,1513,0.15260503470177184
33,1493,1526,0.15259878794434742
34,1489,1523,0.15258984347881074
34,1487,1521,0.1525783587967797
32,1484,1516,0.15256761579810843
33,1503,1536,0.15256342654978428
33,1505,1538,0.15255638715286282
35,1502,1537,0.15254974687147604
33,1508,1541,0.15253763802260825
32,1506,1538,0.15253239271372504
33,1509,1542,0.15253070345643713
33,1496,1529,0.1525258626216502
33,1490,1523,0.15252131891918227
33,1480,1513,0.15251727398461715
32,1488,1520,0.1525135351560905
34,1492,1526,0.15251312502839343
35,1497,1532,0.15250663305466536
35,1483,1518,0.1524973456143226
36,1491,1527,0.15248849897817265
36,1486,1522,0.15247696207012448
37,1485,1522,0.15246615538972025
36,1484,1520,0.1524529745326307
35,1485,1520,0.15244366020012837
37,1477,1514,0.15243790483791989
39,1467,1506,0.15242644895497823
40,1475,1515,0.1524095058297891
36,1480,1516,0.15239059217980627
38,1476,1514,0.15238477488842445
39,1489,1528,0.1523730125316699
38,1504,1542,0.1523589153889331
37,1505,1542,0.15234866318754237
38,1506,1544,0.15234219770630472
37,1505,1542,0.15233324711385743
38,1493,1531,0.15232805290692114
39,1499,1538,0.15232058695554732
40,1477,1517,0.15231077606637958
40,1476,1516,0.1522984244877535
39,1480,1519,0.15228728728136162
39,1469,1508,0.15228001086867785
40,1451,1491,0.15227330131861827
42,1468,1510,0.15226418245711304
41,1469,1510,0.15224985020513362
40,1465,1505,0.15223976363149638
41,1467,1508,0.1522333777608421
41,1463,1504,0.1522246417065074
40,1469,1509,0.15221651671175931
39,1474,1513,0.1522118931668529
40,1479,1519,0.15221065853572147
39,1482,1521,0.1522064888739511
41,1482,1523,0.15220561309972283
41,1483,1524,0.1521987995049324
42,1482,1524,0.15219247150396445
41,1476,1517,0.15218331215030248
42,1471,1513,0.15217755881752207
41,1472,1513,0.152169367594721
40,1462,1502,0.15216448151602616
40,1462,1502,0.15216270203969695
39,1457,1496,0.1521609705590674
39,1466,1505,0.15216213795444497
39,1461,1500,0.15216308388501215
40,1455,1495,0.1521641058611672
41,1477,1518,0.15216199450621912
39,1482,1521,0.15215687217889018
41,1471,1512,0.1521578312380359
41,1464,1505,0.15215267657587728
42,1480,1522,0.1521478655294463
41,1487,1528,0.1521404221963616
41,1479,1520,0.15213636441649891
43,1480,1523,0.15213254050936956
42,1483,1525,0.15212305032124696
41,1468,1509,0.1521171237424192
41,1463,1504,0.15211449473421568
40,1476,1516,0.15211205772909608
41,1477,1518,0.15211277813149024
39,1485,1524,0.1521104069337229
39,1482,1521,0.15211416477259232
40,1467,1507,0.15211765407139408
39,1468,1507,0.15211781259137078
39,1478,1517,0.1521208121628714
37,1475,1512,0.1521236283903329
35,1481,1516,0.1521322213895466
37,1488,1525,0.15214619856797548
37,1474,1511,0.1521531676794909
38,1471,1509,0.15215983514968495
38,1475,1513,0.1521631709518387
38,1471,1509,0.15216627505887464
38,1467,1505,0.15216918435863838
38,1481,1519,0.1521717738066357
37,1480,1517,0.15217421490470806
37,1479,1516,0.15217953176728813
38,1490,1528,0.15218453469505547
39,1485,1524,0.15218615161345123
39,1486,1525,0.1521847519835966
39,1490,1529,0.15218348559681233
39,1493,1532,0.15218231999035042
39,1487,1526,0.15218109899972157
37,1478,1515,0.15218015802968343
37,1470,1507,0.1521851827169033
36,1480,1516,0.1521899153271474
37,1481,1518,0.15219724090911005
37,1479,1516,0.15220107668678662
37,1485,1522,0.1522046775742352
38,1479,1517,0.15220804802716295
38,1465,1503,0.15220833539175838
38,1469,1507,0.15220858161367726
38,1473,1511,0.1522088611495268
36,1472,1508,0.1522091872239754
34,1464,1498,0.1522155184332511
35,1464,1499,0.1522273353473763
34,1472,1506,0.152235295782103
32,1491,1523,0.1522456850527884
33,1487,1520,0.15226116880801382
35,1485,1520,0.15227272317268573
34,1490,1524,0.15227766020747846
32,1486,1518,0.15228544809158853
31,1477,1508,0.15229881022081126
31,1472,1503,0.1523143194069296
30,1476,1506,0.15232881878390714
30,1476,1506,0.15234550129285812
29,1467,1496,0.15236112338670058
29,1469,1498,0.1523789780643679
29,1467,1496,0.15239554645346348
29,1469,1498,0.15241085938921758
30,1475,1505,0.1524252934414435
34,1470,1504,0.15243576659290675
31,1452,1483,0.15243392132661085
31,1462,1493,0.15244144733079612
31,1472,1503,0.15244851321254763
32,1468,1500,0.15245522863222827
31,1468,1499,0.15245846931766327
30,1492,1522,0.15246458075134398
31,1484,1515,0.15247357055519206
31,1479,1510,0.15247891087243898
31,1484,1515,0.15248394635029117
33,1487,1520,0.1524886823863342
32,1494,1526,0.15248687842650901
32,1491,1523,0.1524881998966356
31,1489,1520,0.15248942277508934
30,1482,1512,0.1524935244399366
30,1485,1515,0.15250050235276444
27,1493,1520,0.15250713423491585
26,1492,1518,0.15252264217628986
25,1495,1520,0.15254004952074648
25,1495,1520,0.15255937861813942
27,1486,1513,0.15257745757911415
26,1484,1510,0.1525883534750147
26,1479,1505,0.15260166462011093
27,1492,1519,0.15261414574912588
26,1491,1517,0.1526228000161989
25,1491,1516,0.15263408412068458
26,1504,1530,0.1526478095465153
25,1501,1526,0.15265755381586246
23,1503,1526,0.1526696412120104
25,1496,1521,0.15268695313572117
27,1497,1524,0.15269693769196302
27,1502,1529,0.15270025214572847
26,1503,1529,0.1527033716477594
26,1499,1525,0.152709378642659
25,1493,1518,0.15271500172365668
23,1500,1523,0.1527231384935065
24,1489,1513,0.15273671725978108
24,1501,1525,0.15274639611236282
23,1497,1520,0.1527555193863918
20,1506,1526,0.1527671440729107
20,1502,1522,0.1527871498271151
19,1510,1529,0.15280609522277888
18,1510,1528,0.15282699342473885
18,1512,1530,0.1528496982147747
17,1518,1535,0.1528709398453843
16,1518,1534,0.15289398638304463
15,1513,1528,0.15291856930370742
15,1507,1522,0.15294455913887103
14,1519,1533,0.15296897035116885
15,1522,1537,0.15299498915347626
15,1514,1529,0.15301636938533103
16,1507,1523,0.1530364445826155
16,1509,1525,0.1530521408870008
15,1503,1518,0.1530669167448118
16,1497,1513,0.15308381356224007
14,1516,1530,0.1530967155824468
14,1503,1517,0.15311508557141804
14,1500,1514,0.15313230288655547
13,1497,1510,0.15314846176728822
13,1494,1507,0.15316670162256782
16,1492,1508,0.15318380464873627
16,1506,1522,0.15319055355356592
14,1506,1520,0.1531969638994429
15,1499,1514,0.15320932027561388
15,1494,1509,0.15321778288619917
15,1490,1505,0.15322575624444482
15,1491,1506,0.1532332559487061
14,1503,1517,0.1532403077538102
14,1491,1505,0.15325000407526243
13,1496,1509,0.153259085712215
13,1501,1514,0.15327065533517328
13,1492,1505,0.1532816137098817
12,1510,1522,0.15329189875943317
11,1509,1520,0.15330468821373405
10,1506,1516,0.1533197548751775
10,1498,1508,0.15333702252976408
10,1508,1518,0.15335322394346673
10,1512,1522,0.15336843845113626
10,1519,1529,0.15338272833578565
10,1518,1528,0.15339615115551308
10,1520,1530,0.15340876058728325
9,1526,1535,0.15342060675793617
9,1526,1535,0.15343479171879995
8,1520,1528,0.15344815782767773
7,1520,1527,0.15346388918481643
6,1515,1521,0.1534818384748706
6,1513,1519,0.1535018694094002
6,1502,1508,0.15352067036756284
5,1499,1504,0.15353833020070246
6,1500,1506,0.153558131949374
6,1498,1504,0.1535735445107062
6,1509,1515,0.15358804968331913
6,1521,1527,0.15360168785228742
6,1505,1511,0.15361450880653876
6,1517,1523,0.15362656106116557
6,1520,1526,0.15363789058456273
6,1512,1518,0.1536485407006536
6,1500,1506,0.15365855217888627
8,1506,1514,0.1536679633607655
8,1511,1519,0.1536705230169913
9,1506,1515,0.15367293015920958
8,1501,1509,0.15367202594118698
9,1495,1504,0.15367441849476732
9,1493,1502,0.15367355197056276
8,1497,1505,0.15367275963618726
8,1507,1515,0.1536751256247254
7,1494,1501,0.1536773451545359
8,1499,1507,0.15368258901048928
8,1498,1506,0.153684392177488
7,1505,1512,0.15368609758555973
7,1505,1512,0.1536907430866018
7,1502,1509,0.15369512236652713
8,1511,1519,0.1536992400916188
8,1530,1538,0.15370006542506265
8,1519,1527,0.15370082666890744
8,1514,1522,0.15370154487094947
8,1502,1510,0.15370222269192113
8,1514,1522,0.1537028620258086
8,1504,1512,0.15370346470123414
8,1504,1512,0.15370403254225923
9,1510,1519,0.1537045673558713
9,1501,1510,0.15370194417046062
9,1501,1510,0.1536995136316501
9,1492,1501,0.15369723978905353
9,1497,1506,0.15369510909815914
8,1508,1516,0.15369311106087136
8,1507,1515,0.15369432092704635
8,1507,1515,0.15369544680089875
8,1505,1513,0.15369650234843227
8,1515,1523,0.15369749233978644
8,1526,1534,0.15369842123946026
6,1511,1517,0.15369929314133493
6,1511,1517,0.15370646360870896
6,1500,1506,0.15371316735046497
6,1505,1511,0.15371945810756515
6,1518,1524,0.15372536600487197
6,1526,1532,0.15373091603551411
6,1509,1515,0.1537361307388847
6,1504,1510,0.15374103090483449
6,1512,1518,0.15374563586392365
6,1521,1527,0.15374996365593402
6,1524,1530,0.15375403115070968
6,1503,1509,0.15375774934193656
6,1498,1504,0.15376129425011428
6,1504,1510,0.15376463102447435
7,1494,1501,0.15376789207686084
6,1513,1519,0.15376773209018782
6,1507,1513,0.15377070383057626
6,1505,1511,0.15377349051775638
6,1512,1518,0.15377611025368731
7,1519,1526,0.1537785726557331
7,1507,1514,0.1537777812747357
7,1501,1508,0.15377705566288652
7,1502,1509,0.15377637839795716
7,1510,1517,0.1537757451459194
7,1521,1528,0.15377515236978323
8,1517,1525,0.15377459701785626
7,1518,1525,0.1537709312888712
7,1511,1518,0.15377065815715282
7,1498,1505,0.1537703827535577
7,1503,1510,0.15377012161440753
7,1488,1495,0.15376987546163393
7,1496,1503,0.15376964379519467
7,1510,1517,0.15376942590937195
7,1506,1513,0.15376922106136662
6,1508,1514,0.15376902851578406
6,1515,1521,0.15377202250567773
5,1510,1515,0.15377481240009463
5,1520,1525,0.15378057343206653
5,1522,1527,0.15378591384486603
6,1523,1529,0.1537909417907588
6,1512,1518,0.15379255738432085
6,1517,1523,0.1537940901442794
6,1508,1514,0.15379553260693374
6,1510,1516,0.1537968895837091
6,1515,1521,0.1537981658790792
6,1521,1527,0.15379936611441855
6,1524,1530,0.15380049470149537
7,1519,1526,0.15380155583569902
7,1509,1516,0.15379939536170878
7,1515,1522,0.15379739339378848
6,1505,1511,0.15379551888969767
6,1508,1514,0.15379691091558356
6,1508,1514,0.15379819790924423
6,1498,1504,0.15379940371435796
4,1508,1512,0.15380053530485271
4,1516,1520,0.15380785716911788
4,1517,1521,0.15381471439129468
4,1497,1501,0.15382115887760553
4,1495,1499,0.15382721661348234
4,1504,1508,0.1538329111534423
4,1507,1511,0.1538382645011027
3,1511,1514,0.1538432972657628
3,1516,1519,0.15385111870582044
3,1512,1515,0.15385850934659925
3,1520,1523,0.15386546465002943
3,1516,1519,0.15387200705138948
3,1524,1527,0.15387816008679894
3,1521,1524,0.15388394652548573
3,1524,1527,0.15388938800262483
3,1526,1529,0.1538945049556036
3,1522,1525,0.15389931664793774
3,1521,1524,0.15390384122042583
4,1517,1521,0.15390809574962722
5,1518,1523,0.1539088982485057
5,1506,1511,0.15390645177468099
6,1505,1511,0.1539041807636265
7,1507,1514,0.15389881737437228
7,1497,1504,0.1538906260944083
6,1498,1504,0.15388296946651484
6,1502,1508,0.15387897664157496
6,1503,1509,0.1538752044540397
6,1502,1508,0.1538716553885353
6,1509,1515,0.15386831885047234
6,1508,1514,0.15386518267122895
6,1512,1518,0.15386223494878265
7,1499,1506,0.15385946437417575
7,1499,1506,0.15385373859417906
7,1498,1505,0.15384837295219608
6,1511,1517,0.153843333732419
6,1506,1512,0.1538417645930823
6,1509,1515,0.1538402703585109
5,1514,1519,0.15383886278170458
5,1507,1512,0.153840696781141
5,1511,1516,0.15384239925944598
5,1504,1509,0.15384399582497363
5,1506,1511,0.15384549485138416
5,1503,1508,0.1538469028669536
5,1497,1502,0.15384822569895068
5,1489,1494,0.15384946869066263
5,1505,1510,0.15385063678561384
5,1512,1517,0.15385173457955367
5,1507,1512,0.1538527663588942
3,1514,1517,0.1538537361308491
3,1517,1520,0.15386095912290038
3,1517,1520,0.15386777104640076
3,1513,1516,0.15387417595519393
3,1513,1516,0.15388019820064847
3,1514,1517,0.15388586079725766
3,1508,1511,0.1538911853086169
3,1503,1506,0.153896191968787
2,1511,1513,0.15390089977564306
2,1510,1512,0.15390849179407415
2,1513,1515,0.15391563434600797
2,1491,1493,0.15392235656968492
2,1502,1504,0.15392868102368965
2,1513,1515,0.15393463028683887
2,1515,1517,0.1539402261252042
2,1512,1514,0.15394548924487417
2,1511,1513,0.15395043923654275
3,1518,1521,0.15395509459013434
3,1519,1522,0.15395634099641498
3,1510,1513,0.15395748338148002
2,1512,1514,0.15395855269490646
2,1516,1518,0.1539626743704029
2,1522,1524,0.15396658777556374
2,1524,1526,0.15397027438957275
1,1514,1515,0.1539737437866265
1,1515,1516,0.15398022461727343
2,1509,1511,0.15398630954416193
2,1505,1507,0.153988893568914
3,1512,1515,0.15399129187580463
3,1505,1508,0.153990412030893
2,1497,1499,0.1539895554886047
4,1496,1500,0.15399185799686452
4,1502,1506,0.1539877161193019
4,1495,1499,0.15398382045834674
4,1506,1510,0.1539801583638657
4,1505,1509,0.1539767158599975
4,1492,1496,0.15397347973777856
4,1506,1510,0.15397043754493903
4,1503,1507,0.15396757757835222
4,1513,1517,0.1539648888542063
4,1524,1528,0.1539623610674217
4,1509,1513,0.153959984547987
3,1503,1506,0.15395775021844707
2,1519,1521,0.15395874688071853
2,1511,1513,0.15396287902298147
2,1506,1508,0.153966774066032
2,1496,1498,0.15397044506970134
2,1510,1512,0.15397390169524297
2,1507,1509,0.15397715504319462
2,1513,1515,0.1539802163500465
2,1518,1520,0.1539830965416522
2,1519,1521,0.15398580607210133
2,1521,1523,0.15398835487158422
2,1517,1519,0.15399075233924617
2,1509,1511,0.15399300735500399
1,1509,1510,0.1539951282992259
2,1524,1526,0.15400026101534076
2,1530,1532,0.15400193856509614
2,1528,1530,0.15400352411794574
1,1524,1525,0.1540050139832097
1,1528,1529,0.15400963548365973
1,1511,1512,0.15401397028866756
1,1517,1518,0.1540180491575523
2,1494,1496,0.1540218872865287
2,1498,1500,0.15402226789335355
2,1506,1508,0.15402264269049343
2,1510,1512,0.15402299493075067
2,1511,1513,0.15402332535522106
2,1514,1516,0.15402363541904948
2,1509,1511,0.15402392649070815
2,1507,1509,0.15402419980940787
2,1505,1507,0.15402445650667607
2,1495,1497,0.15402469762626392
1,1511,1512,0.1540249241374204
2,1511,1513,0.15402832940136385
2,1516,1518,0.154028337606443
2,1511,1513,0.15402834951228403
2,1507,1509,0.15402835824409786
2,1516,1518,0.154028365291569
2,1508,1510,0.1540283712795681
2,1519,1521,0.15402837651852241
2,1508,1510,0.1540283811834138
2,1516,1518,0.15402838538211283
2,1516,1518,0.1540283891863959
2,1509,1511,0.1540283926475361
2,1511,1513,0.15402839580457642
2,1511,1513,0.15402839868887028
1,1503,1504,0.15402840132664428
1,1514,1515,0.1540315973504652
1,1524,1525,0.15403460985201756
1,1521,1522,0.15403745026725696
1,1518,1519,0.15404012560634694
1,1520,1521,0.1540426441878553
2,1512,1514,0.15404501452490219
2,1513,1515,0.15404403819220255
2,1513,1515,0.15404311982839589
2,1521,1523,0.15404225153688808
2,1533,1535,0.15404143259422218
2,1517,1519,0.15404066105356423
2,1510,1512,0.15403993459175824
4,1503,1507,0.1540392508031767
4,1489,1493,0.154032273967672
6,1492,1498,0.1540256956816141
7,1502,1509,0.15401318093199592
7,1493,1500,0.1539982419477873
7,1502,1509,0.15398424559440457
7,1505,1512,0.15397110839647407
7,1507,1514,0.15395877266594316
8,1505,1513,0.15394718688930575
8,1515,1523,0.15393324241494102
8,1517,1525,0.15392013311336197
7,1518,1525,0.15390782313998674
7,1518,1525,0.15389929567430233
7,1520,1527,0.1538913028082131
7,1517,1524,0.1538837902931575
7,1508,1515,0.15387672851118064
8,1511,1519,0.15387009040557603
9,1511,1520,0.1538608094870262
9,1516,1525,0.15384899497915086
9,1511,1520,0.15383787948763764
9,1510,1519,0.1538274423731699
8,1506,1514,0.15381764165963813
8,1518,1526,0.15381146050061043
6,1515,1521,0.15380567271771728
7,1512,1519,0.1538063444978732
7,1510,1517,0.1538038372571284
8,1511,1519,0.1538014995515806
8,1529,1537,0.1537962041057847
9,1514,1523,0.15379124353379722
9,1500,1509,0.15378354813223438
9,1499,1508,0.1537763110453105
8,1499,1507,0.15376951906036013
7,1504,1511,0.15376621347945518
8,1523,1531,0.15376618440965234
8,1515,1523,0.1537629962085461
8,1515,1523,0.1537600485764488
8,1514,1522,0.15375728035364006
8,1513,1521,0.15375467891957192
8,1510,1518,0.15375223382296918
8,1508,1516,0.1537499355109344
8,1501,1509,0.15374777509332524
9,1495,1504,0.15374574425239987
10,1499,1509,0.1537407470333174
9,1493,1502,0.15373304853045575
9,1495,1504,0.15372886034227565
9,1499,1508,0.15372495934689845
9,1505,1514,0.15372129871864032
9,1510,1519,0.15371786104100046
10,1511,1521,0.1537146319212129
9,1510,1519,0.1537085523652174
9,1515,1524,0.15370582708609348
9,1518,1527,0.15370328346865356
9,1518,1527,0.15370089078830435
9,1526,1535,0.15369864031122252
8,1513,1521,0.1536965240321174
8,1508,1516,0.15369760409382527
8,1496,1504,0.15369860252187445
6,1504,1510,0.15369953481179166
7,1508,1515,0.1537065021102053
7,1508,1515,0.15371001282604613
7,1505,1512,0.15371332342333888
8,1493,1501,0.1537164333562495
8,1487,1495,0.15371629917031945
7,1484,1491,0.15371615431860228
9,1500,1509,0.1537191561655931
10,1485,1495,0.1537158843595058
11,1502,1513,0.15370965778082474
9,1503,1512,0.153700700140281
9,1504,1513,0.1536986259284675
10,1509,1519,0.15369664584437204
10,1493,1503,0.1536916504357445
11,1504,1515,0.15368695612844172
11,1490,1501,0.1536795069199355
11,1496,1507,0.15367249910561986
12,1507,1519,0.15366592634924522
12,1512,1524,0.1536567137449021
11,1514,1525,0.15364809803956514
12,1517,1529,0.15364303915619104
11,1523,1534,0.15363524210595966
10,1510,1520,0.15363100967608603
10,1500,1510,0.15363010311055783
11,1504,1515,0.1536292148713803
11,1506,1517,0.1536253393087817
11,1498,1509,0.15362167534244983
12,1498,1510,0.1536182332226816
12,1496,1508,0.15361192089122425
12,1498,1510,0.1536060340500733
13,1498,1511,0.15360051920615725
13,1495,1508,0.15359217644878684
13,1504,1517,0.15358437370557854
13,1506,1519,0.1535770627949849
13,1499,1512,0.15357020690767528
12,1496,1508,0.15356377470445157
13,1503,1516,0.15356075763691915
13,1502,1515,0.15355487713900565
13,1509,1522,0.1535493735361935
13,1512,1525,0.15354420999839952
13,1505,1518,0.15353936352161945
13,1500,1513,0.15353481346774547
13,1489,1502,0.1535305409398892
13,1492,1505,0.15352652847221993
13,1515,1528,0.15352275983894126
13,1506,1519,0.1535192199206343
12,1504,1516,0.1535158946014829
12,1512,1524,0.15351582482538872
12,1505,1517,0.15351572036608085
12,1498,1510,0.1535156076249537
12,1486,1498,0.1535154926547518
13,1507,1520,0.15351537827912773
13,1514,1527,0.15351209749839856
13,1513,1526,0.1535090375994542
13,1502,1515,0.15350617300943092
13,1513,1526,0.1535034873345925
12,1505,1517,0.15350096769353536
12,1504,1516,0.1535017142104958
13,1497,1510,0.15350238413465667
12,1502,1514,0.1534998829442263
12,1494,1506,0.1535005298244408
12,1486,1498,0.15350124180642014
12,1494,1506,0.1535018874446686
13,1494,1507,0.15350249364710872
13,1490,1503,0.1534999780398384
11,1492,1503,0.15349765055795903
12,1488,1500,0.15350165307304
12,1502,1514,0.1535022585082771
12,1506,1518,0.15350284079104762
10,1507,1517,0.15350339101458021
11,1506,1517,0.15351018457409113
11,1503,1514,0.15351339512347084
11,1500,1511,0.1535162682089466
11,1504,1515,0.15351901264553247
11,1480,1491,0.15352159308357205
12,1495,1507,0.15352393100100167
12,1499,1511,0.15352313143647692
13,1509,1522,0.15352237628340887
13,1505,1518,0.1535185190905075
14,1499,1513,0.15351493292515123
14,1497,1511,0.15350853448265322
14,1495,1509,0.15350256397767242
13,1490,1503,0.15349697767965031
12,1502,1514,0.15349470071894783
13,1507,1520,0.15349571838277876
12,1498,1510,0.15349368001804828
12,1499,1511,0.15349476225647365
14,1499,1513,0.15349575441453456
14,1493,1507,0.15349066532894945
15,1487,1502,0.15348590745992857
15,1494,1509,0.15347831656416278
14,1499,1513,0.15347123555784098
14,1499,1513,0.15346758505464705
14,1510,1524,0.1534641862092554
15,1505,1520,0.15346099518927975
13,1504,1517,0.15345486054119173
13,1505,1518,0.1534554033489964
13,1493,1506,0.1534558748300304
13,1500,1513,0.15345630039670222
13,1515,1528,0.15345669022677522
13,1525,1538,0.15345704969275764
13,1505,1518,0.15345738245480448
13,1504,1517,0.15345769131902937
12,1500,1512,0.1534579785690227
11,1491,1502,0.1534612732246431
11,1491,1502,0.15346745773686293
11,1502,1513,0.15347322757504794
11,1502,1513,0.1534786290397897
10,1509,1519,0.15348369158566721
10,1516,1526,0.15349151220384763
10,1512,1522,0.15349882153329683
10,1507,1517,0.15350567453985772
10,1511,1521,0.15351200590844158
10,1507,1517,0.1535179987689075
10,1506,1516,0.15352362923653998
10,1509,1519,0.15352891701438418
10,1500,1510,0.15353388307373073
10,1489,1499,0.15353854736959283
10,1496,1506,0.1535429286077672
10,1492,1502,0.15354704428055038
10,1508,1518,0.15355091074590366
9,1499,1508,0.1535545433089864
9,1502,1511,0.15356104168187804
9,1505,1514,0.15356713932680718
9,1506,1515,0.15357286543575047
10,1506,1516,0.15357824287352714
10,1506,1516,0.15358021878035946
9,1503,1512,0.15358209395504632
9,1508,1517,0.15358687660364376
8,1510,1518,0.15359139539285993
9,1530,1539,0.15359865895100985
9,1517,1526,0.15360247832933646
9,1514,1523,0.15360604723179727
8,1525,1533,0.15360940034148488
8,1532,1540,0.15361569756524873
8,1521,1529,0.15362158762684672
8,1504,1512,0.1536271447953044
8,1508,1516,0.15363237322351914
8,1496,1504,0.15363728397386833
8,1499,1507,0.1536418970006913
8,1494,1502,0.1536462309812002
8,1498,1506,0.1536503032145036
8,1512,1520,0.15365412980020599
8,1500,1508,0.15365772576768402
8,1500,1508,0.15366110517306558
8,1502,1510,0.15366428117819975
8,1500,1508,0.1536672661180959
8,1494,1502,0.15367007156007786
8,1502,1510,0.15367270835657873
8,1511,1519,0.15367518669285637
8,1518,1526,0.15367751613052832
8,1518,1526,0.15367970564758146
9,1517,1526,0.15368176367533878
9,1495,1504,0.1536805405947479
9,1496,1505,0.15367941713377095
9,1505,1514,0.15367836874958904
9,1516,1525,0.15367738825764976
9,1512,1521,0.1536764703025657
9,1501,1510,0.1536756102881382
9,1501,1510,0.15367480412972573
8,1509,1517,0.153674048141953
7,1503,1510,0.15367641077800764
7,1521,1528,0.15368176777791115
6,1518,1524,0.15368677234414396
6,1520,1526,0.15369459377659278
7,1511,1518,0.15370183039857097
7,1514,1521,0.1537055043763815
7,1512,1519,0.15370898590552987
7,1523,1530,0.15371226383319425
7,1501,1508,0.15371534627325814
7,1506,1513,0.1537182439116682
8,1503,1511,0.15372096752498127
9,1510,1519,0.15372047868113145
10,1517,1527,0.15371686315760033
10,1508,1518,0.15371040721792642
10,1522,1532,0.15370438144338697
11,1512,1523,0.1536987394526843
10,1492,1502,0.15369031311430661
10,1498,1508,0.15368552041207015
8,1505,1513,0.15368102018496402
8,1484,1492,0.1536830174323527
9,1489,1498,0.1536848776113388
9,1499,1508,0.15368353529007833
9,1510,1519,0.15368228387003344
9,1529,1538,0.1536811080789557
9,1526,1535,0.15368000340357177
9,1530,1539,0.1536789655118661
8,1528,1536,0.15367799031261772
8,1501,1509,0.15368021646591098
9,1496,1505,0.15368227861411277
9,1517,1526,0.15368105747921643
9,1502,1511,0.1536799383923325
9,1505,1514,0.1536788943579157
9,1502,1511,0.15367791660462743
8,1505,1513,0.15367699968861714
8,1502,1510,0.15367929179216377
8,1511,1519,0.1536814189476009
8,1517,1525,0.15368340891861146
9,1511,1520,0.15368527438145155
9,1501,1510,0.15368393375465841
9,1512,1521,0.15368269079032754
10,1509,1519,0.1536815278653767
10,1495,1505,0.15367741172642058
10,1508,1518,0.15367353953805907
10,1511,1521,0.15366991156453316
10,1512,1522,0.15366651058501354
10,1504,1514,0.1536632951390363
9,1503,1512,0.1536602764867344
8,1502,1510,0.15366050973549736
8,1505,1513,0.1536637723517145
8,1512,1520,0.15366676077182362
8,1515,1523,0.15366959684995798
8,1518,1526,0.153672393216135
8,1518,1526,0.15367497939271615
8,1497,1505,0.15367740143723543
8,1510,1518,0.15367967375409183
8,1515,1523,0.1536818068337288
8,1507,1515,0.15368380979865265
8,1519,1527,0.15368569094410148
9,1513,1522,0.15368745792534264
9,1510,1519,0.15368602142608176
10,1510,1520,0.15368468913820338
11,1509,1520,0.1536803357729301
12,1502,1514,0.15367311141221432
12,1497,1509,0.15366335306396825
12,1503,1515,0.15365420611528768
12,1494,1506,0.15364564009854043
11,1499,1510,0.1536376123611768
11,1516,1527,0.1536332408965804
11,1511,1522,0.15362911741535015
11,1502,1513,0.1536252394430023
11,1510,1521,0.15362159479032617
11,1510,1521,0.15361817007954126
11,1522,1533,0.1536149522579049
10,1521,1531,0.15361192889336237
10,1526,1536,0.15361221738800446
9,1514,1523,0.15361245770063725
10,1506,1516,0.15361570863051532
10,1514,1524,0.1536156906266104
10,1516,1526,0.15361568594890135
10,1517,1527,0.15361568159383016
10,1515,1525,0.15361567690537756
10,1513,1523,0.15361567177826765
10,1514,1524,0.15361566626229733
10,1518,1528,0.15361566044988562
10,1509,1519,0.15361565443680908
10,1506,1516,0.15361564830905233
11,1491,1502,0.15361564213947299
11,1502,1513,0.15361256776166518
11,1503,1514,0.15360970218033926
11,1501,1512,0.15360701953765524
11,1510,1521,0.15360450581890053
11,1499,1510,0.15360214886723736
11,1506,1517,0.1535999378953542
11,1498,1509,0.15359786316406474
10,1495,1505,0.15359591577825552
10,1493,1503,0.15359713261441843
10,1490,1500,0.15359825708558936
10,1504,1514,0.15359930594420104
10,1506,1516,0.1536002860352821
10,1514,1524,0.15360120303125646
10,1528,1538,0.15360206177610874
9,1511,1520,0.15360286651124622
10,1507,1517,0.15360662434103134
10,1498,1508,0.153607113891761
10,1501,1511,0.15360759094284807
10,1515,1525,0.15360804215479576
8,1512,1520,0.15360846762719224
9,1514,1523,0.15361496690193172
9,1523,1532,0.15361797634736638
9,1520,1529,0.15362081076025447
10,1508,1518,0.15362347140116864
10,1520,1530,0.15362287888694728
11,1518,1529,0.15362233771636497
12,1512,1524,0.15361878212085733
12,1497,1509,0.1536124150318388
12,1505,1517,0.15360642998338792
12,1506,1518,0.15360082381806828
11,1516,1527,0.15359557083896502
10,1507,1517,0.15359362566661003
10,1509,1519,0.15359489736946502
11,1510,1521,0.15359608216737505
11,1512,1523,0.15359424309746314
10,1512,1522,0.15359247483413827
9,1506,1515,0.15359382336906224
10,1504,1514,0.1535980847524092
10,1508,1518,0.1535991156453039
11,1510,1521,0.15360007041836082
10,1502,1512,0.15359782659360777
10,1497,1507,0.15359879402794951
9,1496,1505,0.1535996929411633
9,1496,1505,0.15360351994528754
10,1502,1512,0.1536071282310837
10,1516,1526,0.15360744867011034
10,1523,1533,0.15360776539322682
9,1514,1523,0.1536080663673862
10,1513,1523,0.15361139928224954
10,1511,1521,0.153611359639798
11,1501,1512,0.15361142832172836
12,1501,1513,0.1536085007974088
12,1494,1506,0.15360261499198782
12,1507,1519,0.1535971362867872
12,1503,1515,0.15359201351177795
12,1497,1509,0.15358721625406446
12,1501,1513,0.15358272014722016
12,1497,1509,0.15357850401759143
12,1503,1515,0.15357454889917763
12,1512,1524,0.1535708375442483
9,1500,1509,0.15356735412781508
9,1500,1509,0.15357327676759913
8,1508,1516,0.1535788057749907
10,1504,1514,0.15358707412287814
9,1512,1521,0.15358869154406746
9,1505,1514,0.15359324134932006
9,1503,1512,0.1535975454002182
9,1514,1523,0.1536015890227838
9,1509,1518,0.15360538611421193
9,1510,1519,0.15360895171932043
9,1506,1515,0.15361230023772227
9,1505,1514,0.1536154451860754
8,1508,1516,0.15361839920364903
7,1511,1518,0.1536242260874963
6,1500,1506,0.15363279826565532
5,1514,1519,0.15364398978736377
6,1504,1510,0.15365757837829863
6,1504,1510,0.15366724468484075
6,1500,1506,0.1536763373679324
6,1514,1520,0.15368488122038912
7,1507,1514,0.1536929099359719
7,1506,1513,0.15369728175433905
7,1503,1510,0.15370141084135486
7,1505,1512,0.1537052950886004
7,1512,1519,0.153708947782926
7,1509,1516,0.15371238233762202
7,1508,1515,0.15371561156324273
7,1506,1513,0.15371864759699908
7,1511,1518,0.1537215019083133
7,1494,1501,0.15372418531932364
7,1497,1504,0.15372670803028238
7,1505,1512,0.15372907964741722
7,1509,1516,0.15373130921206746
7,1513,1520,0.15373340523021956
7,1514,1521,0.15373537570178133
7,1513,1520,0.15373722814913227
6,1516,1522,0.15373896964465275
5,1519,1524,0.1537436642422303
5,1522,1527,0.1537511508231819
6,1515,1521,0.1537582193479513
7,1511,1518,0.1537617103629102
5,1512,1517,0.15376195857555658
5,1510,1515,0.1537684059199117
5,1512,1517,0.15377447688713708
5,1513,1518,0.15378018425175483
6,1517,1523,0.15378554920387347
6,1519,1525,0.15378752321715095
6,1510,1516,0.1537893605382991
7,1505,1512,0.15379108831257862
7,1510,1517,0.15378955755798288
7,1506,1513,0.15378815027866305
7,1517,1524,0.15378683641088992
7,1513,1520,0.15378560673467273
7,1516,1523,0.15378445460433196
7,1507,1514,0.15378337440642803
7,1505,1512,0.15378236117221966
7,1514,1521,0.15378141041301216
7,1502,1509,0.15378051802876266
6,1515,1521,0.15377968024865413
6,1520,1526,0.15378193286625877
6,1517,1523,0.1537840736425527
6,1515,1521,0.15378608546338643
6,1503,1509,0.15378797512487025
6,1513,1519,0.15378975012470067
7,1505,1512,0.1537914176094277
7,1510,1517,0.15378992870985544
7,1514,1521,0.15378851499593843
7,1508,1515,0.15378708080796832
7,1506,1513,0.1537856945502241
7,1499,1506,0.15378443436372208
7,1511,1518,0.15378325392470696
7,1512,1519,0.15378214595347992
5,1500,1505,0.15378110539408016
7,1497,1504,0.1537863374938465
7,1503,1510,0.1537850376930654
7,1514,1521,0.15378381646527972
7,1499,1506,0.15378267087388603
7,1502,1509,0.15378169142738402
7,1508,1515,0.1537807314884677
7,1513,1520,0.1537798264872583
7,1511,1518,0.15377897579048877
7,1523,1530,0.15377817653186995
7,1525,1532,0.15377742564508343
7,1509,1516,0.1537767201719866
8,1517,1525,0.15377605732283772
8,1506,1514,0.15377225721379031
8,1498,1506,0.15376871697862987
8,1503,1511,0.15376540031373612
6,1508,1514,0.15376228879606949
6,1509,1515,0.1537655739287203
6,1518,1524,0.1537686633624464
5,1517,1522,0.15377156063089883
5,1515,1520,0.15377739667261417
5,1510,1515,0.15378287621707257
5,1499,1504,0.1537880266637118
6,1502,1508,0.15379286727034175
6,1496,1502,0.15379428473512496
6,1510,1516,0.15379562648070821
6,1519,1525,0.15379688824885152
6,1521,1527,0.15379807499740783
6,1514,1520,0.15379919114049692
6,1512,1518,0.15380024079413654
5,1502,1507,0.15380122784333342
5,1514,1519,0.15380531111365614
5,1513,1518,0.15380912825664544
5,1511,1516,0.1538127132006899
5,1509,1514,0.1538160817404038
5,1505,1510,0.15381924744154069
4,1504,1508,0.1538222227820767
5,1512,1517,0.15382822940697638
5,1513,1518,0.15383065429737353
5,1519,1524,0.15383295353437812
5,1519,1524,0.15383511936096197
5,1528,1533,0.1538371570480863
5,1514,1519,0.1538390735142923
5,1511,1516,0.1538408757223953
5,1519,1524,0.15384257036592708
6,1505,1511,0.1538441637971354
6,1511,1517,0.15384258654741562
7,1507,1514,0.15384108689381606
7,1523,1530,0.15383658513169102
7,1526,1533,0.15383233535487367
6,1523,1529,0.15382834492561703
6,1517,1523,0.1538277891266601
6,1516,1522,0.15382724621194016
6,1519,1525,0.15382673003285394
5,1512,1517,0.1538262424559879
5,1506,1511,0.15382894204218073
4,1519,1523,0.15383145777876284
4,1499,1503,0.1538369511383622
4,1501,1505,0.1538421117757882
4,1500,1504,0.1538469643205158
4,1508,1512,0.15385152637181232
4,1504,1508,0.15385581515156097
4,1497,1501,0.15385984703295905
4,1490,1494,0.15386363745364764
4,1488,1492,0.1538672009286581
4,1505,1509,0.15387055109286915
4,1505,1509,0.1538737007518049
4,1506,1510,0.15387666193306004
4,1508,1512,0.15387944593547787
3,1522,1525,0.15388206337518076
3,1525,1528,0.1538876194205693
3,1525,1528,0.15389287943140956
3,1524,1527,0.153897830860047
3,1517,1520,0.15390248871155904
3,1511,1514,0.1539068694494701
3,1510,1513,0.15391098916329557
3,1503,1506,0.1539148632088353
3,1522,1525,0.15391850612839228
3,1511,1514,0.15392193164892082
3,1507,1510,0.15392515270672458
3,1497,1500,0.1539281814821569
3,1498,1501,0.15393102943790563
3,1495,1498,0.15393370735799347
3,1494,1497,0.15393622538610388
3,1494,1497,0.15393859306254437
3,1512,1515,0.15394081935952514
3,1507,1510,0.1539429127146268
3,1511,1514,0.15394488106243712
2,1516,1518,0.15394673186439603
2,1517,1519,0.1539515752981406
2,1520,1522,0.15395616639998896
2,1509,1511,0.15396049083891655
0,1506,1506,0.15396456062121952
