1374,29,1403,0.13582144493400883
1408,28,1436,0.13296596434020697
1426,28,1454,0.13026658912858535
1439,29,1468,0.12775698404390948
1457,30,1487,0.12543568624246004
1462,29,1491,0.12327436786865233
1472,28,1500,0.12129367004559402
1484,30,1514,0.11946537320711811
1471,29,1500,0.11777111069943118
1473,29,1502,0.11626175736147423
1471,28,1499,0.11488349305013791
1469,32,1501,0.1136338413901131
1472,32,1504,0.112501243488678
1477,31,1508,0.11146343350325756
1482,31,1513,0.11050693346948749
1464,31,1495,0.1096248756629751
1457,31,1488,0.10886410292494592
1453,30,1483,0.10818804525056262
1460,30,1490,0.1075817833750718
1456,31,1487,0.10701422337854258
1464,30,1494,0.10650641916250471
1460,32,1492,0.10602644990543711
1445,31,1476,0.10559815809022538
1456,31,1487,0.10524154463855762
1451,32,1483,0.10489258265792907
1466,32,1498,0.10458604354496613
1480,30,1510,0.10427354039814032
1480,29,1509,0.10395801521573177
1472,29,1501,0.1036711233521808
1461,29,1490,0.10342746235499081
1459,30,1489,0.10322994595828273
1463,29,1492,0.10305424432139536
1467,29,1496,0.10288575720484591
1475,29,1504,0.10272374099168484
1470,30,1500,0.102558836631324
1461,30,1491,0.1024195685502463
1459,29,1488,0.1023123839839899
1450,32,1482,0.10221942380323044
1453,32,1485,0.10215442278192302
1469,32,1501,0.10208850690170479
1454,33,1487,0.10199396316823826
1434,34,1468,0.1019401892337562
1433,35,1468,0.1019345787866427
1450,36,1486,0.101931807876962
1459,37,1496,0.10189282524462284
1457,37,1494,0.10183796319341365
1452,36,1488,0.10179205579092555
1450,37,1487,0.10176111464604361
1453,36,1489,0.1017368881477303
1460,35,1495,0.10170856373736782
1470,34,1504,0.10166793766685395
1472,34,1506,0.10160927818662682
1471,36,1507,0.10155170146407176
1471,37,1508,0.10150105505442504
1462,37,1499,0.1014552573809933
1457,39,1496,0.10143287514043539
1454,38,1492,0.10142321928605692
1458,36,1494,0.10142094945025264
1462,35,1497,0.10141035646262685
1467,34,1501,0.10139185310588154
1474,33,1507,0.10136421798401313
1463,32,1495,0.10132403506967073
1471,33,1504,0.10131116945538557
1469,33,1502,0.1012819709926001
1457,33,1490,0.10126000391188128
1461,35,1496,0.10126595165169433
1463,35,1498,0.10126283699030907
1464,36,1500,0.1012555374755346
1451,37,1488,0.10124679100720652
1459,38,1497,0.10126667522910303
1457,38,1495,0.10126766702634031
1453,38,1491,0.10127283490934591
1456,38,1494,0.10128620519906206
1448,37,1485,0.10129199184311773
1443,40,1483,0.10131458927326258
1452,44,1496,0.10134584539769274
1443,42,1485,0.1013548919599975
1442,41,1483,0.10138196824840268
1451,45,1496,0.10140903603940159
1444,45,1489,0.10141469211881254
1452,44,1496,0.10143462488604417
1458,44,1502,0.10143615756459956
1455,39,1494,0.10142468246783355
1459,39,1498,0.10142060988438456
1456,41,1497,0.10140806042977125
1461,38,1499,0.10140328089981895
1454,37,1491,0.10138828513977803
1453,37,1490,0.10138950432045857
1461,38,1499,0.1013928277603045
1445,38,1483,0.10137896325533266
1450,40,1490,0.10140114301892683
1445,40,1485,0.10140992452266379
1445,42,1487,0.1014286467615263
1443,41,1484,0.10144522324359845
1436,41,1477,0.10146490916894244
1434,44,1478,0.10149788326506182
1440,44,1484,0.10153213605989653
1439,38,1477,0.10155083430499029
1435,37,1472,0.10156983685875062
1436,37,1473,0.1015954752998044
1446,39,1485,0.10161673986934489
1443,41,1484,0.10161478342849498
1449,40,1489,0.1016194549887255
1452,40,1492,0.10161061768475811
1451,40,1491,0.10159586711291642
1446,39,1485,0.10158457799613103
1440,41,1481,0.10158525594366158
1441,42,1483,0.10159909339292822
1432,39,1471,0.1016090153487828
1440,40,1480,0.1016374236500711
1438,40,1478,0.10164615426632993
1448,41,1489,0.10165824051044133
1446,41,1487,0.10164771720284133
1467,40,1507,0.10164266471603085
1473,43,1516,0.1015931585925454
1457,44,1501,0.10153524164457409
1449,45,1494,0.1015168415740128
1445,45,1490,0.10151723381514305
1444,45,1489,0.1015262333071814
1437,42,1479,0.10153659029170851
1436,41,1477,0.1015608679341584
1450,40,1490,0.10158536493259497
1427,40,1467,0.10157716424809532
1441,39,1480,0.10161928920861567
1441,40,1481,0.101628077806059
1448,41,1489,0.1016362500019038
1458,42,1500,0.10162833290636279
1456,44,1500,0.1016000123761024
1447,45,1492,0.10157800332290928
1449,45,1494,0.10157774424970828
1440,42,1482,0.10157299554580192
1445,43,1488,0.10158766557358706
1451,43,1494,0.10159055166969744
1460,43,1503,0.10158044664602967
1470,44,1514,0.10155211387101094
1451,41,1492,0.10150453968790002
1454,38,1492,0.10150196564919874
1452,39,1491,0.10149325154953746
1454,39,1493,0.10148978450356796
1450,39,1489,0.10148232219390746
1464,36,1500,0.1014839259868333
1470,34,1504,0.10145534040593045
1469,33,1502,0.10141645071364515
1470,35,1505,0.10138297048127405
1461,37,1498,0.10135033844514763
1462,40,1502,0.10133985579569066
1446,41,1487,0.10132847823601854
1448,41,1489,0.10135248404156132
1459,41,1500,0.10137034682563939
1462,41,1503,0.10136287044670098
1452,40,1492,0.1013495893691882
1455,39,1494,0.10135863937357388
1446,37,1483,0.10136052171589259
1449,38,1487,0.1013814790015757
1457,38,1495,0.10139436234185763
1462,37,1499,0.10138868873578605
1461,38,1499,0.10137300555600191
1445,40,1485,0.10136126025686121
1434,42,1476,0.1013846448523044
1444,42,1486,0.10143004908436508
1451,43,1494,0.10144985965409851
1434,43,1477,0.10145255053856914
1431,41,1472,0.10149158011038663
1437,44,1481,0.1015339230762466
1455,43,1498,0.1015593867785265
1442,44,1486,0.10154376540718818
1443,44,1487,0.10155722633342748
1443,44,1487,0.10156723630680747
1431,45,1476,0.10157629704761785
1450,47,1497,0.10161036279030262
1458,48,1506,0.10160066804117408
1446,47,1493,0.10157437462146471
1458,45,1503,0.101576468714789
1463,46,1509,0.10155253821744914
1452,47,1499,0.10152014765048395
1442,48,1490,0.10151438340678456
1421,50,1471,0.10153062067488106
1432,50,1482,0.10159075493438528
1437,49,1486,0.10162224987984957
1453,46,1499,0.10163989343824553
1448,47,1495,0.10162146095257453
1444,51,1495,0.10161590530124723
1446,52,1498,0.10161924712678597
1443,54,1497,0.10161872116866505
1444,54,1498,0.10162450779180723
1440,56,1496,0.10162764355929146
1437,56,1493,0.10163879177227923
1432,53,1485,0.10165549783697272
1433,52,1485,0.10168168688437923
1431,54,1485,0.101703682222178
1423,53,1476,0.10172813095146253
1419,49,1468,0.10176760404669888
1422,48,1470,0.10181158659353624
1419,51,1470,0.10184518990833538
1425,52,1477,0.101882104580016
1422,54,1476,0.1019026310728145
1425,53,1478,0.10192815032359266
1434,53,1487,0.10194485999557329
1442,55,1497,0.10194066381725513
1432,52,1484,0.10192001307795338
1435,51,1486,0.10192249910081347
1426,52,1478,0.10191892561902804
1439,53,1492,0.10193480388358492
1437,57,1494,0.10192144061808074
1424,57,1481,0.10191339358143497
1429,58,1487,0.10193428470510689
1427,57,1484,0.10194224890687037
1422,56,1478,0.10195357483151515
1429,58,1487,0.10197490096257049
1430,56,1486,0.10197901356727974
1434,54,1488,0.10198091060562076
1430,55,1485,0.10197371926139442
1433,54,1487,0.10197588622040038
1429,56,1485,0.10197168739135783
1434,57,1491,0.10197638335094536
1420,56,1476,0.10196991119846993
1429,55,1484,0.10199389093877258
1426,56,1482,0.10199638236982836
1420,53,1473,0.10200523175499157
1431,52,1483,0.10202650512153585
1421,53,1474,0.10202197111777822
1438,52,1490,0.10203949352660371
1449,51,1500,0.10201895847276607
1458,50,1508,0.10197583524372572
1453,54,1507,0.10191751008362854
1441,55,1496,0.10187521335643175
1450,59,1509,0.10186256433743415
1449,59,1508,0.10183165618914368
1436,55,1491,0.10180577329612024
1435,53,1488,0.10181038846836193
1441,55,1496,0.10181672061724117
1455,55,1510,0.10180930843223819
1463,57,1520,0.10177278006352034
1450,56,1506,0.10172176825675418
1436,55,1491,0.10170348194478201
1447,56,1503,0.10171691026145727
1447,55,1502,0.10170565844413587
1430,57,1487,0.10169526778325831
1435,58,1493,0.10172268621102833
1427,59,1486,0.10173683445617222
1427,59,1486,0.10176732447495188
1426,59,1485,0.10179465537188272
1436,60,1496,0.10182217010761288
1440,62,1502,0.10182553518675441
1432,62,1494,0.10182023537458505
1422,61,1483,0.10183244464775079
1422,61,1483,0.10186490920246265
1415,60,1475,0.10189484838476887
1431,60,1491,0.10193715060683907
1443,62,1505,0.10194102150917811
1443,60,1503,0.10191856169359276
1429,61,1490,0.10189822848389717
1437,64,1501,0.10191001786401152
1431,62,1493,0.10190331621384811
1422,63,1485,0.10191027152487867
1440,62,1502,0.10193579541073408
1435,60,1495,0.10192007576643101
1432,60,1492,0.10191634150470576
1443,59,1502,0.10191937178761667
1429,59,1488,0.10189842523635687
1439,58,1497,0.10190962048228579
1441,57,1498,0.1018980287133673
1451,59,1510,0.10188316545783174
1451,59,1510,0.10184813938372042
1453,63,1516,0.1018162026596812
1453,63,1516,0.10178329129703624
1445,62,1507,0.10175360887815393
1432,62,1494,0.10174346288311126
1429,63,1492,0.10176255352272262
1425,62,1487,0.10178584624415757
1418,63,1481,0.10181580459836904
1430,60,1490,0.10185816485819413
1443,60,1503,0.10187104127946352
1445,59,1504,0.10185443624470086
1449,56,1505,0.1018348010245629
1455,60,1515,0.10180869080995766
1463,58,1521,0.10177185839141104
1448,61,1509,0.10172070606205148
1442,60,1502,0.10170649305323673
1443,61,1504,0.10170629040315206
1431,63,1494,0.10170469592995797
1426,66,1492,0.10172920708289059
1421,67,1488,0.1017623369674164
1427,68,1495,0.10180353230653044
1436,67,1503,0.1018282542826599
1429,66,1495,0.10183156569741403
1432,68,1500,0.10184966934897019
1444,69,1513,0.10185946210763429
1440,67,1507,0.10184275993081475
1431,68,1499,0.10183605839051321
1430,64,1494,0.1018485822668498
1438,69,1507,0.10186228154737685
1431,70,1501,0.10185805914542405
1428,71,1499,0.10186946246047571
1426,70,1496,0.10188612762201457
1422,73,1495,0.10190578492520061
1415,74,1489,0.10193231503236735
1418,72,1490,0.101971805917236
1422,74,1496,0.10200141358830397
1427,75,1502,0.10201987907223276
1435,76,1511,0.10202596879128588
1421,78,1499,0.1020142976805327
1418,76,1494,0.10203407514404159
1424,76,1500,0.10205880403668117
1408,78,1486,0.10206858293557566
1412,75,1487,0.10211206581431402
1411,77,1488,0.10214288268569899
1413,77,1490,0.1021731061603919
1425,78,1503,0.10219588394826826
1434,82,1516,0.10219113183977452
1425,82,1507,0.10216771773605114
1421,83,1504,0.10216589749215582
1427,84,1511,0.102173072567081
1438,84,1522,0.10216662461941416
1426,83,1509,0.10213677415641342
1415,85,1500,0.10213535412103898
1410,82,1492,0.10215821907203285
1397,82,1479,0.10218970104094552
1402,84,1486,0.10224694391453282
1400,89,1489,0.1022889365556096
1390,88,1478,0.10233189480353261
1398,88,1486,0.10239269519377675
1398,90,1488,0.10243097633767956
1393,92,1485,0.10246588730604406
1398,95,1493,0.10250867747685323
1395,93,1488,0.10253700621491708
1405,98,1503,0.10256985470835517
1409,95,1504,0.10257828070598421
1402,96,1498,0.10257724792443476
1401,99,1500,0.1025916585858545
1411,95,1506,0.10260645677607418
1414,93,1507,0.10259826133887415
1417,92,1509,0.10258455420242317
1422,86,1508,0.10256585052720357
1418,88,1506,0.1025379015225337
1402,93,1495,0.10252054385174741
1388,92,1480,0.10254010203676671
1395,93,1488,0.10258832327859842
1402,94,1496,0.10261749222995042
1403,96,1499,0.10262927734410114
1398,98,1496,0.10263770544760632
1401,95,1496,0.10265624808756718
1408,93,1501,0.10266632904953855
1406,91,1497,0.10266000190984538
1412,94,1506,0.10265893330727635
1410,93,1503,0.10264538748100453
1403,93,1496,0.10263696897225617
1405,92,1497,0.10264462700027584
1389,91,1480,0.10264704523911618
1390,91,1481,0.10268412008668541
1383,94,1477,0.10271638324851708
1381,94,1475,0.10276091802960644
1377,94,1471,0.10280583397492041
1378,97,1475,0.10285544602342579
1380,96,1476,0.1028991071047196
1396,96,1492,0.10293507596445646
1389,97,1486,0.10293309778560669
1390,95,1485,0.10294649932338296
1392,97,1489,0.10295590261196168
1383,98,1481,0.10295977655686443
1397,100,1497,0.1029827020776894
1393,97,1490,0.10297341107742103
1380,97,1477,0.10297341121696249
1396,93,1489,0.10300192858540363
1390,92,1482,0.10299286449108169
1388,90,1478,0.10299720165532376
1390,90,1480,0.10300540704570108
1401,88,1489,0.10300850339164958
1407,89,1496,0.1029866356844014
1405,93,1498,0.10295414768638274
1403,92,1495,0.10292875468801739
1399,91,1490,0.10291055974577341
1402,90,1492,0.10290233960375722
1391,89,1480,0.10288864127714692
1392,91,1483,0.10289969078177887
1404,90,1494,0.10290758947641188
1403,91,1494,0.10288906778623028
1394,95,1489,0.10287434070384702
1399,93,1492,0.102880253948049
1400,93,1493,0.10287443214177269
1401,95,1496,0.10286696046107402
1398,97,1495,0.10285734755231771
1400,95,1495,0.10285603808766758
1390,90,1480,0.10285028420784663
1389,89,1478,0.10286621601571913
1391,94,1485,0.10288261072171451
1384,92,1476,0.10289410185986751
1396,95,1491,0.10292034066315797
1392,93,1485,0.1029175163940127
1392,93,1485,0.10292429364993393
1406,94,1500,0.10292993133786457
1392,93,1485,0.10290430227149353
1382,97,1479,0.1029117594386806
1383,98,1481,0.10294095251368855
1397,97,1494,0.1029650412324197
1395,103,1498,0.10295679195247591
1389,101,1490,0.10295360674003294
1402,98,1500,0.1029632775926952
1401,100,1501,0.1029443363811884
1416,101,1517,0.1029293891692671
1404,97,1501,0.10288335235809608
1404,99,1503,0.10286737507055978
1393,99,1492,0.10285297664249837
1389,101,1490,0.10286354744965852
1397,101,1498,0.1028819556494798
1393,97,1490,0.10288206931521639
1389,99,1488,0.1028910078199478
1388,99,1487,0.10290778065997074
1398,99,1497,0.10292554278792687
1393,100,1493,0.10291989616663372
1393,103,1496,0.10292550299020709
1391,106,1497,0.10293065157962517
1403,106,1509,0.10294009828158529
1401,103,1504,0.10292300219571812
1391,104,1495,0.10291130713730152
1382,106,1488,0.10292279637112559
1384,102,1486,0.10295249084828058
1387,102,1489,0.10297559959592206
1394,100,1494,0.10298969661738216
1397,103,1500,0.10298715596438729
1383,101,1484,0.10297885318065768
1389,103,1492,0.1030020456051734
1392,103,1495,0.10300916383755862
1398,106,1504,0.10300936486990125
1393,109,1502,0.10299774792482143
1377,110,1487,0.10299813726501746
1380,115,1495,0.10303371435854931
1375,115,1490,0.10306044839039391
1390,116,1506,0.10309543551721685
1397,114,1511,0.10309496968956074
1393,115,1508,0.1030797785953068
1399,117,1516,0.1030744271752673
1378,117,1495,0.10305672108309788
1382,114,1496,0.10308610209614512
1385,110,1495,0.10310450982129225
1375,114,1489,0.10311450573832814
1369,118,1487,0.10314514001896832
1382,121,1503,0.10318635806039374
1372,120,1492,0.1031963083654706
1373,124,1497,0.10322764139358705
1380,126,1506,0.10325403042348257
1375,126,1501,0.10326233636423857
1382,129,1511,0.10328082631154512
1381,131,1512,0.10328246535200414
1367,131,1498,0.10328706555336584
1358,131,1489,0.10332150097997417
1351,134,1485,0.10337281327452218
1353,132,1485,0.10343486900918485
1352,130,1482,0.10348733330894755
1348,130,1478,0.10353779245312439
1329,132,1461,0.10359221404014506
1345,134,1479,0.10368305769689443
1354,134,1488,0.10373151814031122
1355,138,1493,0.10375530924350844
1365,135,1500,0.10377562248224344
1358,130,1488,0.10377252536032251
1358,129,1487,0.10378586395904875
1350,138,1488,0.1037979840928546
1354,134,1488,0.10382600026765512
1370,136,1506,0.10384340478810408
1361,138,1499,0.10382404863862714
1370,140,1510,0.10382646811903229
1362,145,1507,0.10380945627493735
1357,147,1504,0.10381153181692014
1362,145,1507,0.10382515736583885
1362,145,1507,0.10382653426187236
1355,148,1503,0.1038284908771439
1344,150,1494,0.10384575610309726
1339,154,1493,0.10388560683238911
1348,153,1501,0.10393317006116494
1346,147,1493,0.10395722180326841
1353,145,1498,0.10398367530705652
1355,150,1505,0.10399158170060768
1352,151,1503,0.10399461366127652
1353,154,1507,0.10400405571896643
1352,151,1503,0.10401098964659823
1347,150,1497,0.10401960147873521
1344,147,1491,0.10403833431865805
1354,148,1502,0.10406206965032024
1340,144,1484,0.10406161993656986
1339,147,1486,0.10409256500466477
1338,149,1487,0.10412254830608418
1343,144,1487,0.10415198446486693
1336,144,1480,0.10416795921717607
1334,147,1481,0.10419772146101301
1341,145,1486,0.10422926636373524
1343,146,1489,0.10424262996540623
1354,143,1497,0.10425077819709422
1352,141,1493,0.10423417801605783
1354,143,1497,0.10422290199145294
1348,144,1492,0.104208554199009
1342,150,1492,0.10420875823445368
1342,152,1494,0.1042217273709435
1337,152,1489,0.10423321707455312
1318,157,1475,0.10425521615678726
1328,159,1487,0.10431743476762798
1323,160,1483,0.10435246640777436
1330,162,1492,0.10439550046743219
1324,158,1482,0.10441924659671215
1331,161,1492,0.10445482595630168
1326,164,1490,0.10447179477077427
1329,161,1490,0.10449930785589151
1341,169,1510,0.10451911905291734
1347,168,1515,0.10451046339631974
1354,174,1528,0.10449014503305393
1339,178,1517,0.10445635876787036
1335,176,1511,0.10445838628040889
1336,175,1511,0.10446963793554716
1329,178,1507,0.10447816730986183
1325,180,1505,0.1045026864434916
1325,182,1507,0.10453322621517674
1326,184,1510,0.10456102157470169
1316,181,1497,0.10458363017397286
1326,185,1511,0.10462697942721899
1323,187,1510,0.1046449376349133
1320,182,1502,0.10466868995923223
1315,182,1497,0.10469647349486473
1313,184,1497,0.10473316637799586
1306,185,1491,0.10477114589246612
1308,185,1493,0.10482103995266825
1306,179,1485,0.10486230915146169
1304,187,1491,0.1049047675049823
1308,180,1488,0.10494764302453521
1304,181,1485,0.10497788193877923
1297,184,1481,0.10501436677658373
1294,188,1482,0.10506311159481427
1296,183,1479,0.1051143526301151
1301,187,1488,0.10515614321971889
1303,185,1488,0.10518344246557629
1309,191,1500,0.10520321790889971
1311,193,1504,0.10520833773811916
1313,187,1500,0.10520842842596133
1325,186,1511,0.10520441655174366
1327,182,1509,0.1051737595662565
1327,180,1507,0.10514230823764814
1316,178,1494,0.10511390164490131
1308,180,1488,0.1051117634670685
1310,181,1491,0.1051279885940658
1315,190,1505,0.10513883099055502
1302,189,1491,0.10513761439422571
1288,191,1479,0.10516524797733265
1291,192,1483,0.10522117989548482
1300,196,1496,0.10526698629027546
1296,195,1491,0.10528875104027462
1300,194,1494,0.10531852535967456
1317,195,1512,0.10533645910601351
1318,197,1515,0.1053154108149015
1309,199,1508,0.10529454263070027
1301,198,1499,0.10529548208992381
1302,200,1502,0.1053143219115313
1289,201,1490,0.1053295611588293
1296,206,1502,0.10537266826307973
1296,211,1507,0.1053978527983817
1290,209,1499,0.10542126300695771
1291,207,1498,0.10545693125013447
1276,216,1492,0.105486967915501
1262,221,1483,0.10554829858816327
1259,223,1482,0.1056356863493291
1254,221,1475,0.10572263164738331
1263,219,1482,0.10581388584972352
1263,219,1482,0.10587739616305963
1257,223,1480,0.10593580266141181
1276,219,1495,0.10600245583634468
1288,223,1511,0.10602040672718543
1284,223,1507,0.10600989979873837
1286,221,1507,0.10600914982534798
1279,224,1503,0.10600479608337281
1266,226,1492,0.10601655482338834
1269,221,1490,0.10605618963192515
1275,221,1496,0.10608681819586589
1271,221,1492,0.10610200212834389
1278,230,1508,0.10612483328893471
1291,228,1519,0.10613102073412897
1276,228,1504,0.10610790474353574
1261,230,1491,0.10611999961693977
1261,231,1492,0.10616534979410645
1251,230,1481,0.10620637326147221
1249,230,1479,0.10626557792514923
1255,232,1487,0.10632390933350928
1260,232,1492,0.10636485496026044
1242,236,1478,0.10639275730968624
1238,239,1477,0.10645773099168883
1231,243,1474,0.10652634016817389
1244,242,1486,0.10660574131141445
1242,247,1489,0.10664892783077175
1247,250,1497,0.10669323490636301
1244,250,1494,0.10672308726729195
1257,243,1500,0.10675809237068946
1249,249,1498,0.10676055798100309
1246,249,1495,0.10678034939276579
1252,250,1502,0.10680597414890419
1240,247,1487,0.10681556869860855
1240,252,1492,0.10685235307295018
1240,251,1491,0.1068859536443553
1247,251,1498,0.10691732433994022
1249,252,1501,0.10693115642667778
1246,253,1499,0.106939916371469
1242,252,1494,0.10695548417932685
1247,252,1499,0.10697835243066095
1241,250,1491,0.10698728406640218
1242,252,1494,0.10700885791342013
1243,256,1499,0.10702652402871411
1241,250,1491,0.1070408146092113
1232,253,1485,0.10705764686428926
1234,249,1483,0.10709396732571567
1231,249,1480,0.10712323391062924
1234,249,1483,0.1071552262185464
1246,249,1495,0.10717928818624965
1238,246,1484,0.10717455980702749
1245,252,1497,0.10718800833158525
1229,255,1484,0.10718522493752218
1235,256,1491,0.10721749802969816
1246,261,1507,0.10723616242804475
1233,261,1494,0.10722756984174321
1230,261,1491,0.10724940868436875
1229,263,1492,0.10727693020497997
1232,258,1490,0.10730503354565717
1233,260,1493,0.10732374184178266
1238,260,1498,0.10733790102475864
1253,259,1512,0.10734017909641064
1246,256,1502,0.10730841939394078
1253,251,1504,0.1072947710703923
1262,250,1512,0.10726725717666127
1255,255,1510,0.10722020225776095
1243,249,1492,0.10719277261433001
1227,254,1481,0.1071947551377132
1230,263,1493,0.10723240910692482
1225,259,1484,0.10726001862198946
1228,255,1483,0.10729604004158916
1218,258,1476,0.10732327098747732
1227,256,1483,0.10737019595835623
1226,256,1482,0.10739303087259933
1226,260,1486,0.10741581319646559
1220,259,1479,0.10743725451594437
1234,256,1490,0.1074695879013892
1240,262,1502,0.10746868468643993
1225,258,1483,0.10745547145073882
1217,259,1476,0.10747626379039449
1220,255,1475,0.10751324998504583
1225,264,1489,0.10754057829366985
1220,263,1483,0.1075551123174418
1213,259,1472,0.10757958692819213
1218,260,1478,0.10761752639645313
1220,262,1482,0.10764040743505174
1203,260,1463,0.10765582047928296
1207,263,1470,0.1077077482106681
1207,262,1469,0.10774626559189054
1201,264,1465,0.10778239836536947
1198,265,1463,0.10782996404667551
1203,258,1461,0.10788060094287256
1208,268,1476,0.10791635752368794
1221,267,1488,0.10793822707798231
1234,266,1500,0.10792926429246848
1242,263,1505,0.10789048700612472
1244,272,1516,0.1078367664572174
1236,276,1512,0.1077848997613229
1227,282,1509,0.10775753532571947
1220,285,1505,0.10775290995471914
1210,287,1497,0.10776561060422772
1218,279,1497,0.10779929555815546
1214,278,1492,0.10781094898953356
1215,280,1495,0.10783014756590348
1207,277,1484,0.10784516832992935
1214,276,1490,0.10787766597562926
1228,278,1506,0.107891343154112
1220,276,1496,0.10787156933061581
1220,276,1496,0.1078730461753413
1229,275,1504,0.10787511040609932
1209,276,1485,0.10785696459702426
1221,277,1498,0.10788478403085833
1217,289,1506,0.10788305052468374
1209,291,1500,0.10789045145840433
1215,289,1504,0.1079159388666611
1219,288,1507,0.1079261463498644
1210,289,1499,0.10792726684679577
1212,287,1499,0.10794934892386399
1199,289,1488,0.10796568236389183
1201,293,1494,0.10801022106226654
1203,295,1498,0.10804688822672816
1198,298,1496,0.10807616572486033
1201,297,1498,0.10811399612285416
1211,293,1504,0.10814162512977803
1206,291,1497,0.1081443543240291
1211,293,1504,0.10815730827107778
1222,293,1515,0.10815773875137745
1216,287,1503,0.10813313884435395
1197,281,1478,0.10812387695119093
1197,277,1474,0.1081571585509819
1191,278,1469,0.10818851180316137
1189,272,1461,0.10823063266602623
1191,281,1472,0.10827393202297987
1187,284,1471,0.10830882778669591
1188,294,1482,0.10835169313406398
1197,289,1486,0.10838803515823177
1189,287,1476,0.10840066476463583
1201,288,1489,0.10843118475789168
1202,295,1497,0.10843227634037877
1211,297,1508,0.10843175828117742
1201,297,1498,0.10841032433907394
1203,294,1497,0.10841434849177724
1199,302,1501,0.1084145574280463
1192,304,1496,0.10842331447453564
1195,302,1497,0.10844719304163593
1194,303,1497,0.10846276995932935
1201,305,1506,0.10848054858007158
1196,304,1500,0.10848257369488752
1195,303,1498,0.10849456351832572
1191,300,1491,0.10850705614963659
1192,297,1489,0.10852792584395488
1195,300,1495,0.10854507815234736
1193,302,1495,0.1085540196863613
1175,304,1479,0.1085676010283796
1181,305,1486,0.10862135533803832
1182,308,1490,0.10865660758819125
1192,306,1498,0.1086860846655649
1186,310,1496,0.10868987956039168
1203,301,1504,0.10870702717697558
1197,294,1491,0.10868333161272764
1196,292,1488,0.10867677167899402
1198,290,1488,0.10867182415460355
1183,292,1475,0.10866214638618985
1186,290,1476,0.10868633330498265
1187,291,1478,0.10870203759456622
1195,293,1488,0.1087140365812494
1195,294,1489,0.10870715112554215
1196,290,1486,0.1086999009556849
1199,289,1488,0.10869110379552514
1215,295,1510,0.10867597244282781
1203,301,1504,0.10862720998866017
1199,301,1500,0.10860903612620242
1189,307,1496,0.10860083918830313
1191,307,1498,0.10861687360453143
1180,299,1479,0.10862612548845245
1193,300,1493,0.10866016425787269
1182,303,1485,0.10866184441565833
1185,304,1489,0.10868798810129077
1192,301,1493,0.10870505524670007
1202,303,1505,0.1087043652773529
1200,309,1509,0.10868151896253776
1195,312,1507,0.10866514358744547
1193,305,1498,0.10866206480954606
1201,306,1507,0.10866311829856615
1196,306,1502,0.10864574323725389
1192,307,1499,0.10864207404184775
1201,301,1502,0.10864687204984272
1197,302,1499,0.1086307438347733
1212,302,1514,0.10862455291383444
1210,303,1513,0.10858554159137723
1208,300,1508,0.10855395884506969
1207,302,1509,0.10853141707848167
1197,305,1502,0.10851369524564383
1195,304,1499,0.10852076855402867
1188,303,1491,0.10853111584591581
1193,304,1497,0.10855651579676313
1193,297,1490,0.10856848287412374
1192,305,1497,0.10858032478513487
1201,306,1507,0.10859330893906251
1190,301,1491,0.1085842613492377
1184,297,1481,0.10860159444198672
1186,300,1486,0.10863047410561615
1191,305,1496,0.10865319985456665
1188,310,1498,0.10866091515140759
1182,300,1482,0.10867468339615356
1207,294,1501,0.10869892450606923
1199,298,1497,0.10866312771569206
1206,294,1500,0.10864864144007363
1208,301,1509,0.10862130500919147
1195,300,1495,0.10859087197810811
1201,303,1504,0.10859411255188714
1205,304,1509,0.10858349366603692
1211,300,1511,0.10856396661350293
1206,299,1505,0.10853253919494042
1213,302,1515,0.10851607417728829
1212,305,1517,0.10848352456970481
1212,309,1521,0.10845575649999686
1211,309,1520,0.10843248295477284
1207,307,1514,0.10841228043213165
1212,308,1520,0.10840225753495951
1203,310,1513,0.10838238943976297
1203,304,1507,0.10838547232237573
1201,307,1508,0.1083881603016815
1198,306,1504,0.10839566616370369
1190,301,1491,0.10840952224941688
1195,304,1499,0.10843921139944872
1203,306,1509,0.10845466284234419
1203,308,1511,0.10845062988236225
1190,311,1501,0.10844812295043674
1174,311,1485,0.10847517233018529
1173,313,1486,0.10853537275386377
1171,316,1487,0.108593961788575
1176,317,1493,0.1086521695301689
1177,319,1496,0.10869373913764767
1160,316,1476,0.10872990864962602
1162,320,1482,0.10880133383733433
1159,326,1485,0.10886160841471701
1148,315,1463,0.10892442795057726
1158,325,1483,0.10900669573799063
1165,325,1490,0.10906010742715264
1169,322,1491,0.10909398912682887
1173,318,1491,0.10911804641153075
1168,316,1484,0.10913117397834343
1185,320,1505,0.10915507782678713
1175,321,1496,0.10913888723126941
1168,321,1489,0.1091451826475264
1156,316,1472,0.10916782403536562
1158,324,1482,0.10921605032997199
1162,326,1488,0.10925721447312081
1159,328,1487,0.10928546303671392
1166,338,1504,0.10931957994226829
1162,332,1494,0.10933402584673586
1163,331,1494,0.10935649427949133
1172,333,1505,0.10937540934266543
1166,331,1497,0.10937184278478326
1166,330,1496,0.10938306031523443
1162,333,1495,0.10939225801183343
1164,337,1501,0.10941078121610306
1169,336,1505,0.10942344984484435
1179,334,1513,0.10942320277053458
1179,337,1516,0.10940005549221272
1170,338,1508,0.10937887143960978
1166,335,1501,0.10937976676973335
1168,330,1498,0.10938886264527657
1158,332,1490,0.10939420844401936
1158,339,1497,0.10942104161045868
1150,345,1495,0.10944668631662789
1145,348,1493,0.10948895353571358
1145,349,1494,0.10953764927596189
1156,349,1505,0.10958212340886404
1161,346,1507,0.10959889414550045
1151,352,1503,0.10960328538263216
1150,350,1500,0.10963031626406622
1156,351,1507,0.10965540391689416
1164,348,1512,0.10966631384774636
1167,348,1515,0.10965877757860124
1168,343,1511,0.10964477062992252
1158,336,1494,0.10962888355241451
1155,335,1490,0.10963691520162559
1156,337,1493,0.10965072936120962
1148,341,1489,0.10966190450128967
1152,343,1495,0.10969157732240768
1154,335,1489,0.1097091264189747
1159,347,1506,0.10972070951310903
1166,348,1514,0.10972053653626151
1160,346,1506,0.10970400773429563
1156,344,1500,0.10970276842625833
1148,350,1498,0.10971024752333591
1155,354,1509,0.10973502557601215
1148,345,1493,0.10974292232417925
1150,350,1500,0.10976512906444537
1161,355,1516,0.10978101520433951
1155,357,1512,0.10977008371461405
1160,344,1504,0.10977416710091202
1157,348,1505,0.10976742692930642
1155,350,1505,0.10976935794086899
1152,349,1501,0.10977471806632265
1153,353,1506,0.10978675630682755
1150,345,1495,0.10979546010131895
1141,346,1487,0.10981140336717879
1134,359,1493,0.10984613801660434
1147,364,1511,0.10989423130144743
1140,363,1503,0.10990986638978818
1132,364,1496,0.10993998639926889
1123,370,1493,0.10998565661934818
1123,377,1500,0.11004851770032693
1130,381,1511,0.11010583348248934
1122,386,1508,0.11014165567694188
1122,382,1504,0.11019470550473845
1118,375,1493,0.11024330692713928
1112,374,1486,0.11029696387733207
1126,375,1501,0.11036014376692012
1121,376,1497,0.11038747845252156
1119,380,1499,0.11042390428802625
1104,379,1483,0.11046338642951263
1102,377,1479,0.1105332946006495
1101,384,1485,0.11060286970137455
1105,379,1484,0.11066948547358305
1108,388,1496,0.11072006893285634
1102,388,1490,0.11075986084215948
1112,390,1502,0.1108111924315536
1120,386,1506,0.1108370994450978
1117,384,1501,0.11084365649093116
1108,386,1494,0.11085694702056031
1106,386,1492,0.11089145390372554
1109,393,1502,0.11092856463877286
1101,389,1490,0.11095647197036555
1104,386,1490,0.11099996226650964
1096,386,1482,0.11103222546824804
1104,395,1499,0.11108034261859569
1101,399,1500,0.1111054516070813
1093,401,1494,0.1111382343986006
1091,409,1500,0.11118635504759407
1096,412,1508,0.11123445688884286
1107,412,1519,0.11126797490294153
1107,402,1509,0.11127401037011943
1098,402,1500,0.11128003997761744
1088,400,1488,0.11130745110292165
1095,401,1496,0.11135588870089762
1092,398,1490,0.11138277787342489
1089,396,1485,0.1114145982722205
1085,399,1484,0.11145128826139893
1079,402,1481,0.11149406188157311
1079,407,1486,0.11154645618998567
1072,403,1475,0.11159468692286524
1074,405,1479,0.11165438347230587
1080,405,1485,0.11170360114638335
1076,404,1480,0.11173494833126366
1084,400,1484,0.11177181081575828
1098,395,1493,0.11178803986957592
1096,401,1497,0.11177282502735585
1091,396,1487,0.1117633004917193
1100,398,1498,0.11176584560744622
1102,407,1509,0.1117479790111646
1100,406,1506,0.11172668090661503
1106,403,1509,0.11171186304467856
1084,408,1492,0.11168678996755535
1072,412,1484,0.11171403256405807
1074,416,1490,0.11176544285701291
1084,419,1503,0.1118075334159634
1082,418,1500,0.11182340930326617
1071,424,1495,0.1118429291153987
1078,426,1504,0.11188780939535264
1068,431,1499,0.11191518181261645
1079,430,1509,0.11196430876070748
1066,428,1494,0.11198561813081241
1072,436,1508,0.11203442399064817
1067,436,1503,0.11206486769438648
1053,431,1484,0.11210239815858106
1062,435,1497,0.11217206472422622
1052,434,1486,0.11221630833745458
1050,424,1474,0.1122794643881729
1065,430,1495,0.11234001374004894
1076,433,1509,0.112363204462442
1075,437,1512,0.11235929308749425
1076,432,1508,0.11235769440139037
1075,435,1510,0.11235356111333125
1075,440,1515,0.11235229667618066
1077,435,1512,0.11235021820683261
1076,435,1511,0.11234493946686676
1076,433,1509,0.11234152032701501
1057,437,1494,0.11233861097039931
1066,437,1503,0.11238078362231779
1073,438,1511,0.11239827143929663
1074,437,1511,0.11239900730133048
1071,434,1505,0.1123978635104936
1068,436,1504,0.11240449272233326
1058,433,1491,0.11241702670944471
1054,438,1492,0.11245093495234615
1048,438,1486,0.11249235949077999
1045,452,1497,0.1125429006543731
1055,455,1510,0.11259696922686258
1054,456,1510,0.11262535084791474
1057,453,1510,0.11265329853996392
1046,455,1501,0.11267209674887525
1044,454,1498,0.11271440484748385
1041,453,1494,0.11275809328756069
1038,451,1489,0.11280617020711409
1036,460,1496,0.11285750628884106
1024,462,1486,0.11290853503521553
1008,467,1475,0.11298261785543992
1012,469,1481,0.11308825396323886
1020,459,1479,0.11317682414053003
1017,463,1480,0.11323961089580115
1007,466,1473,0.1133043676833271
1023,466,1489,0.11338786794122477
1014,471,1485,0.11342814911286243
1012,471,1483,0.1134869205997974
1022,479,1501,0.1135475918660513
1017,471,1488,0.11358092321743067
1012,485,1497,0.11362441345669229
1014,485,1499,0.11367763732518263
1000,491,1491,0.11372207605541221
1012,488,1500,0.11379605361528482
1022,490,1512,0.113837024017215
1015,487,1502,0.11385234815306504
1006,492,1498,0.11388214916149782
1003,492,1495,0.11393097874139467
1004,489,1493,0.1139831569838006
1015,478,1493,0.11402885488248943
1009,481,1490,0.11404614470950879
1022,490,1512,0.11407549252740756
1004,491,1495,0.11407087149522713
1000,490,1490,0.11410808251884066
1005,490,1495,0.11415129553649742
1013,494,1507,0.11417975467552925
1018,505,1523,0.1141885379623222
1010,503,1513,0.11418662245192586
999,500,1499,0.11420367636592019
997,503,1500,0.11424522549738386
1008,502,1510,0.11428919001633465
1009,504,1513,0.11430426786150616
1009,505,1514,0.11431849692053771
1004,504,1508,0.11433146111048707
998,507,1505,0.1143562435561931
990,514,1504,0.11439390660627524
997,515,1512,0.11444798521724625
996,516,1512,0.11448280594852793
984,523,1507,0.11451781361466828
991,524,1515,0.11457718519169825
989,516,1505,0.11461449215486522
980,523,1503,0.11465240197450961
975,512,1487,0.11470646287186184
989,502,1491,0.11477035042467981
981,511,1492,0.11479722073120449
995,506,1501,0.11484170972445107
989,509,1498,0.11484917291860246
982,519,1501,0.11487176193836923
981,522,1503,0.11490908657779807
981,522,1503,0.11494642421800033
964,524,1488,0.11498177126674626
969,526,1495,0.11505307912814935
976,528,1504,0.11511027666611941
972,532,1504,0.11514575977231373
960,532,1492,0.11518654055508122
960,534,1494,0.11525482569562366
960,526,1486,0.11531703927542818
963,534,1497,0.11537365538056914
953,531,1484,0.11541919936753796
953,530,1483,0.11548378427020879
944,540,1484,0.11554467671249583
958,541,1499,0.11562421539140899
951,546,1497,0.11566453984850351
946,547,1493,0.11571902951431526
953,546,1499,0.11578001900642373
954,544,1498,0.11581950660156988
965,540,1505,0.11585403266258944
960,542,1502,0.11585948077238203
955,532,1487,0.1158772080301621
951,534,1485,0.11590734959361018
955,534,1489,0.11594483872412006
953,541,1494,0.11597239457092502
956,543,1499,0.11600240372008677
967,541,1508,0.11602310235219578
964,539,1503,0.11601585369387254
965,548,1513,0.11601794629615457
958,551,1509,0.11601913314154765
953,554,1507,0.11603751734277189
943,559,1502,0.11606652509988105
930,558,1488,0.11611609924499486
942,557,1499,0.11619218866102056
947,558,1505,0.11623258245288205
943,556,1499,0.11625746554881712
936,557,1493,0.11629078513871814
935,554,1489,0.11633864683981886
931,551,1482,0.11638696698315851
922,560,1482,0.11644257502804889
938,560,1498,0.11651565901058322
934,560,1494,0.1165458574367684
925,573,1498,0.11658662531192165
915,581,1496,0.11664666010854674
912,580,1492,0.11672737220454088
912,589,1501,0.11680821613823782
908,588,1496,0.11688378503521825
915,584,1499,0.116965461320713
924,578,1502,0.11702510949198829
924,582,1506,0.11705927487822367
930,579,1509,0.1170907811763729
923,576,1499,0.11710647974507651
926,583,1509,0.11713916488175759
916,588,1504,0.11716227788956848
914,589,1503,0.11720887606868242
909,587,1496,0.11725524692979042
921,587,1508,0.11731183450680029
920,588,1508,0.11733468954865835
918,585,1503,0.11735945194468797
918,588,1506,0.11738593327729617
911,587,1498,0.11740914332712998
908,588,1496,0.11744391738652726
911,587,1498,0.11748372534795845
900,580,1480,0.11751446744071276
895,576,1471,0.11757186511284219
887,581,1468,0.1176377358599512
898,593,1491,0.11771759086354328
905,593,1498,0.11776475945225885
913,599,1512,0.11778957404681573
912,597,1509,0.11779467104104674
910,595,1505,0.11780143274130082
903,599,1502,0.11781229155732884
901,592,1493,0.11783967077409838
901,587,1488,0.11787066362889188
898,599,1497,0.11790003331511917
906,608,1514,0.11793486616226993
897,608,1505,0.11795035226221164
893,615,1508,0.11798740185959813
891,617,1508,0.11803060784429466
889,620,1509,0.1180759403976229
890,615,1505,0.11812367961886634
884,613,1497,0.11816591167841217
877,605,1482,0.11821864524123823
878,606,1484,0.11828242138815614
864,613,1477,0.11834249541844538
879,614,1493,0.1184297467292403
882,621,1503,0.11847503868625534
884,619,1503,0.1185099879544384
883,622,1505,0.11853806210114642
879,618,1497,0.11856592198208628
875,623,1498,0.11860127812826338
879,621,1500,0.1186438882819214
870,623,1493,0.11867311858261173
868,621,1489,0.11872194311628764
869,618,1487,0.11877281945126666
873,627,1500,0.11881913190400015
873,617,1490,0.11885373287467928
869,629,1498,0.11888569873055711
869,632,1501,0.11892411118074164
876,628,1504,0.1189584862485073
862,633,1495,0.11897469953315444
858,630,1488,0.11902508807691618
860,627,1487,0.11908090635519518
856,636,1492,0.11912764330258177
856,629,1485,0.1191826628930799
858,646,1504,0.11923545265931952
866,642,1508,0.11927955658218796
856,637,1493,0.11930389970109355
855,638,1493,0.11934983266215876
853,642,1495,0.1193926865285664
859,646,1505,0.11943789701642547
868,651,1519,0.11946739017871318
874,649,1523,0.11947553477466527
866,640,1506,0.11946973112303333
856,647,1503,0.11948455125917726
856,648,1504,0.11952383059557917
858,652,1510,0.11956041252875903
857,649,1506,0.11958842365675416
855,648,1503,0.11961788678112996
854,652,1506,0.11965070133348588
864,650,1514,0.119682534167637
865,649,1514,0.11968849366373764
852,656,1508,0.11969466672101746
850,654,1504,0.11972974426657419
839,646,1485,0.11976693547243272
829,651,1480,0.11982918588067239
833,652,1485,0.11991281198102748
836,651,1487,0.11997919268817153
837,659,1496,0.12003293995478946
836,660,1496,0.12007936334891045
839,667,1506,0.12012301163404189
836,665,1501,0.12015866889127193
838,660,1498,0.12019928370948861
836,659,1495,0.12023208146197403
826,676,1502,0.12026924866967502
826,683,1509,0.12032834476887888
833,689,1522,0.12038468381835639
827,679,1506,0.12042000651893367
822,674,1496,0.12046640707636593
832,672,1504,0.12052277768389583
838,674,1512,0.12055280541398168
831,678,1509,0.12056614272814038
826,673,1499,0.12059598153272137
831,678,1509,0.1206341034527457
835,675,1510,0.12065587317362145
828,678,1506,0.12066719674402751
828,673,1501,0.12069313698070229
836,675,1511,0.12071659211306887
837,678,1515,0.12071823507859739
830,680,1510,0.12071770829660786
830,683,1513,0.12073453265915432
830,676,1506,0.1207510111760427
835,668,1503,0.12076974568762198
835,669,1504,0.12077626655416744
837,673,1510,0.1207835994557022
831,676,1507,0.12078556693646827
817,671,1488,0.12080246405063313
819,680,1499,0.12085006698583207
813,686,1499,0.1208904022040021
817,684,1501,0.12094055427542663
815,687,1502,0.12097768783087919
812,683,1495,0.12101732447431866
807,693,1500,0.12106407071977515
810,684,1494,0.12111902124251596
803,687,1490,0.12116254699815318
814,698,1512,0.12121801288001753
807,698,1505,0.12124470024485991
807,697,1504,0.12128545578247833
805,689,1494,0.12132459042772141
802,695,1497,0.12136669827760943
804,701,1505,0.12141379965003979
801,702,1503,0.12145467984118762
798,706,1504,0.12150040011483686
794,709,1503,0.12154948738118565
790,716,1506,0.12160501073088653
798,713,1511,0.12166618301574346
794,716,1510,0.12170344580451686
792,711,1503,0.12174742416863196
795,712,1507,0.12179484446627069
793,707,1500,0.12183256436149538
800,712,1512,0.12187394854000154
798,707,1505,0.12189469899002098
795,708,1503,0.12191984727885277
796,721,1517,0.12194986170488174
800,713,1513,0.12197430944399545
801,716,1517,0.12198920214171637
802,721,1523,0.12200052301562044
797,719,1516,0.1220068908495449
792,724,1516,0.12202509318161703
789,718,1507,0.1220556181243301
795,712,1507,0.12209018678456668
797,706,1503,0.1221057136216109
802,704,1506,0.12211579924080974
801,706,1507,0.12211039844727162
799,694,1493,0.12211018010990507
798,701,1499,0.12211451870323968
802,708,1510,0.12212119434970077
801,702,1503,0.12211707587010315
795,700,1495,0.12211517681266951
799,708,1507,0.12212649641866573
796,714,1510,0.1221258886471361
788,706,1494,0.12213199609163194
785,719,1504,0.1221573808404256
784,713,1497,0.12218740912034594
799,713,1512,0.12221853199725582
796,712,1508,0.12221160107070032
803,710,1513,0.1222120444879281
799,709,1508,0.12219505296859744
788,706,1494,0.12219049981324266
785,708,1493,0.12221010412991379
790,707,1497,0.12223606646840199
794,718,1512,0.12224639337461998
789,721,1510,0.12224582460186575
785,721,1506,0.12225838164057802
788,714,1502,0.12227828036274672
787,710,1497,0.12228965824494471
793,708,1501,0.12230351515902708
783,716,1499,0.12230302490541352
777,712,1489,0.12232755669760216
780,716,1496,0.12236462927275853
780,727,1507,0.1223927292445537
769,724,1493,0.12242014411787121
778,725,1503,0.12247123852634648
785,733,1518,0.12249621978942525
776,720,1496,0.12250225894631224
777,722,1499,0.12252878812089404
774,720,1494,0.12255183913436322
781,727,1508,0.12258007582406277
777,736,1513,0.12259208751956986
789,737,1526,0.12261135462189446
792,736,1528,0.1226011203113886
790,739,1529,0.12258563865979688
784,735,1519,0.1225785955131264
779,732,1511,0.12258806546153916
789,731,1520,0.12260806079126947
783,731,1514,0.12260490867645771
775,728,1503,0.12261546447162701
781,717,1498,0.12264345540125701
775,707,1482,0.12265280849227078
773,715,1488,0.12267609784925672
768,725,1493,0.12270248443854652
767,730,1497,0.12274028571645655
772,732,1504,0.12277842335223194
779,735,1514,0.1228017930038024
774,728,1502,0.12280707433571618
772,731,1503,0.12282448967781065
773,736,1509,0.12284343275427528
772,732,1504,0.12285943328044514
769,744,1513,0.12287563174225673
765,743,1508,0.12289886076564194
769,734,1503,0.12293143831629078
761,737,1498,0.12295043998899624
758,732,1490,0.12298729843725158
763,738,1501,0.12302632548970145
755,742,1497,0.12305040224442367
757,739,1496,0.12309072993920328
754,747,1501,0.1231244706231089
766,750,1516,0.12316367115778405
773,740,1513,0.12317093413649989
771,738,1509,0.12316173639043036
765,744,1509,0.12315601074667465
766,739,1505,0.12316641665062583
763,745,1508,0.12317253449595268
758,748,1506,0.12318421740176162
756,741,1497,0.12320695665277266
760,739,1499,0.1232345499422365
755,737,1492,0.12325058722199572
768,749,1517,0.12327780924559546
765,746,1511,0.1232733391678321
765,746,1511,0.12327671146363876
766,748,1514,0.12328017742918031
770,749,1519,0.1232796265623973
763,747,1510,0.12327104258143752
770,748,1518,0.12328113959744606
764,748,1512,0.12327619694612077
757,741,1498,0.12328593153382993
762,735,1497,0.12331057894657665
758,732,1490,0.12332248187124847
751,742,1493,0.1233430869323083
751,752,1503,0.12337805448393997
753,759,1512,0.12341120693622315
751,759,1510,0.12343618119345712
754,756,1510,0.12346511309290055
756,746,1502,0.12348421424898788
754,752,1506,0.123495262704357
756,753,1509,0.12351091626065927
764,758,1522,0.12352166597408842
748,761,1509,0.12351147563522347
745,760,1505,0.12354384868196483
743,768,1511,0.12358044596062193
734,761,1495,0.12361866084013809
734,751,1485,0.1236732855470782
735,754,1489,0.12372302915353928
739,762,1501,0.123768826680861
748,756,1504,0.1238035559602341
746,751,1497,0.12381532885202196
742,753,1495,0.12383243872979137
744,761,1505,0.12385998635755226
757,762,1519,0.1238798008106977
750,767,1517,0.12386692889639195
746,768,1514,0.12387086931628843
745,774,1519,0.12388431014031123
744,767,1511,0.12389800223162886
739,774,1513,0.12391288161479849
735,775,1510,0.1239375398953288
732,771,1503,0.12396831675049719
736,770,1506,0.124005170862365
734,767,1501,0.12402977989479406
738,759,1497,0.12405672969704855
740,757,1497,0.12406996232434453
736,764,1500,0.12408065395214513
752,754,1506,0.12409960511812314
744,754,1498,0.12407597023407771
757,762,1519,0.12407537299081006
750,760,1510,0.12404049420918462
745,762,1507,0.12402696523544464
743,768,1511,0.12402768104206464
743,771,1514,0.12403389724738137
741,773,1514,0.12403845927648785
744,763,1507,0.1240473337740016
753,758,1511,0.12404794109017853
744,767,1511,0.1240283741375173
735,778,1513,0.12403285594069459
740,767,1507,0.1240591755128438
735,757,1492,0.12406974909968564
737,765,1502,0.12409279345099218
734,760,1494,0.12411101299993094
730,768,1498,0.1241353911947381
725,775,1500,0.12416835246272996
718,780,1498,0.12421093070366648
725,785,1510,0.12426644799468106
729,790,1519,0.12429955060085085
722,791,1513,0.1243229442572364
718,788,1506,0.12436396665481685
708,787,1495,0.12441053467293704
711,788,1499,0.12447791859241895
708,784,1492,0.12453245983843463
706,794,1500,0.1245885980941977
713,794,1507,0.1246434821336109
712,798,1510,0.12467608821419539
716,796,1512,0.12470835852025913
714,782,1496,0.12473172353293269
706,795,1501,0.12475806154867447
708,795,1503,0.12480477876657416
715,789,1504,0.12484397924827043
716,793,1509,0.12486421707025525
706,794,1500,0.12488066956273675
711,794,1505,0.12492036019424915
706,796,1502,0.12494538322649952
711,797,1508,0.12497802999531292
710,797,1507,0.12499631220956647
699,791,1490,0.12501510246701797
699,804,1503,0.12506167346907596
690,808,1498,0.12510464286730477
691,805,1496,0.12516651360417042
699,809,1508,0.1252228571936245
701,809,1510,0.1252570897068711
707,802,1509,0.12528691220198307
697,808,1505,0.1253002882953336
700,803,1503,0.12533798337901897
696,810,1506,0.12536516339424153
694,813,1507,0.12540107076580725
701,814,1515,0.12543726737737554
700,827,1527,0.12545164601705674
702,826,1528,0.12546619090882147
703,824,1527,0.12547471933503665
691,813,1504,0.12548096199179848
683,820,1503,0.1255169872810993
683,814,1497,0.1255710544751651
673,823,1496,0.12562247954814507
682,834,1516,0.1256941573468139
671,831,1502,0.12574183240884537
677,828,1505,0.12581068147660093
676,837,1513,0.1258599129925791
669,841,1510,0.12590928858259443
672,828,1500,0.12597191189625934
671,832,1503,0.1260226886420427
679,826,1505,0.1260722336835687
678,834,1512,0.12610020111447476
671,838,1509,0.1261297360662469
671,842,1513,0.12617494630421092
669,841,1510,0.12621936206648376
663,845,1508,0.12626523971941617
648,841,1489,0.12632185818643513
647,848,1495,0.126411862176686
646,846,1492,0.1264989411886965
648,853,1501,0.126582907904557
654,843,1497,0.1266558324508484
651,845,1496,0.1267090305646173
657,847,1504,0.1267672684432459
656,845,1501,0.12680827789291482
657,839,1496,0.1268489139857404
658,835,1493,0.12688570054808535
658,842,1500,0.12691822907235342
655,846,1501,0.12694879042929258
653,851,1504,0.12698231262937323
656,841,1497,0.12701909526564198
650,847,1497,0.1270467507139472
647,849,1496,0.12708860928513815
640,850,1490,0.1271331328687841
649,858,1507,0.1271897723411228
656,860,1516,0.12722168948911344
669,854,1523,0.12723463714751118
658,857,1515,0.12721444813647753
664,855,1519,0.1272219750131771
655,851,1506,0.12721436748970194
653,860,1513,0.12723062027873944
651,863,1514,0.12724989918537197
657,864,1521,0.12727367228394093
655,853,1508,0.12727932981123444
652,851,1503,0.12728864074325422
650,851,1501,0.12730554225767166
647,847,1494,0.1273250439143095
631,846,1477,0.12734690457361272
638,851,1489,0.12740511582409286
640,853,1493,0.1274430355126645
641,851,1492,0.12747500040678808
642,859,1501,0.1275020706106949
642,856,1498,0.12752409896154096
649,849,1498,0.12754380387938025
654,854,1508,0.12754764942416216
650,843,1493,0.1275408224537572
651,852,1503,0.1275447722648874
652,861,1513,0.12754712265049373
650,866,1516,0.1275438371428493
652,855,1507,0.1275476406296664
647,854,1501,0.1275458143206712
645,849,1494,0.12755459535375555
649,852,1501,0.12756652832140142
647,853,1500,0.12757031199768135
652,859,1511,0.1275803209080189
645,858,1503,0.1275773230608707
651,876,1527,0.1275913054036752
655,868,1523,0.12758962049262215
647,868,1515,0.127579475983841
642,867,1509,0.1275916298805726
642,875,1517,0.1276136265702316
637,880,1517,0.12763520153557337
637,881,1518,0.12766940081874548
629,879,1508,0.1277012599267201
620,876,1496,0.12774877318671887
619,867,1486,0.12781409932216076
628,876,1504,0.12787694067749109
629,876,1505,0.1279134542468745
626,871,1497,0.12794637479247306
628,877,1505,0.12798554204081902
627,880,1507,0.12801693548055976
623,884,1507,0.1280495854749103
621,874,1495,0.12809006334210707
619,872,1491,0.12813394948520657
624,872,1496,0.12817724552970045
625,882,1507,0.12820503343790468
621,881,1502,0.1282291917468998
628,879,1507,0.12825899157019677
635,880,1515,0.12826777672300416
634,879,1513,0.12825763728652595
621,875,1496,0.1282519390693146
624,874,1498,0.12827954139836778
627,867,1494,0.12829755989008718
634,875,1509,0.12830715002542342
636,877,1513,0.1282998479230595
640,872,1512,0.12828721442280355
636,879,1515,0.12826687235075818
634,878,1512,0.12825764300755638
624,869,1493,0.1282549502906687
632,871,1503,0.12827775927347085
636,882,1518,0.12828108526059057
632,876,1508,0.12827410035284523
626,871,1497,0.1282780325848093
630,878,1508,0.12829531680191683
627,873,1500,0.1282999440881699
628,867,1495,0.1283121227859925
626,869,1495,0.12831956867694522
622,866,1488,0.1283328595261982
629,868,1497,0.12835463016236004
630,874,1504,0.1283571309819611
620,892,1512,0.1283575953164874
617,891,1508,0.1283839984886489
623,890,1513,0.1284162015841007
623,894,1517,0.1284300711765319
616,899,1515,0.12844412200349786
616,890,1506,0.12847370345509485
614,899,1513,0.12850194049569388
613,901,1514,0.1285352039868183
612,903,1515,0.12856765230855285
606,899,1505,0.12860178063575625
613,906,1519,0.12864855365909342
605,912,1517,0.12867600238639645
602,901,1503,0.12872247033612955
592,905,1497,0.1287742339895146
604,916,1520,0.12884744660600564
601,913,1514,0.12888645555134792
601,919,1520,0.12892995868727974
600,926,1526,0.12897109452018818
600,906,1506,0.12901329299776912
604,906,1510,0.12905233287784912
593,912,1505,0.12907869038228412
594,916,1510,0.12913106593621657
583,923,1506,0.12917885273223526
590,911,1501,0.12925081406395553
591,908,1499,0.1293012734992562
595,904,1499,0.1293453390489546
596,917,1513,0.1293765154374575
592,917,1509,0.12940361180300453
594,920,1514,0.12944045223216322
593,923,1516,0.1294683798907402
589,924,1513,0.1294953100497173
586,921,1507,0.12952893770900642
589,929,1518,0.1295688185787345
593,924,1517,0.12959706766292187
582,917,1499,0.12961421678274654
586,920,1506,0.1296551806512354
587,918,1505,0.1296854743711551
594,918,1512,0.12971054226467563
591,923,1514,0.12971736664797376
581,925,1506,0.1297301397750205
579,927,1506,0.1297655381014441
581,931,1512,0.12980299855135902
578,919,1497,0.1298342838868145
575,917,1492,0.12987190270242915
569,917,1486,0.12991486390613619
577,923,1500,0.12997096284146406
581,925,1506,0.1300020170445857
574,936,1510,0.13002170677134128
577,932,1509,0.1300588629758253
569,925,1494,0.13008552447861066
572,916,1488,0.13012996101046426
577,915,1492,0.1301646658021561
578,932,1510,0.13018576224935016
567,939,1506,0.13020341541077138
572,946,1518,0.13025105911166146
567,946,1513,0.13028191968792746
560,936,1496,0.13032326302095437
561,936,1497,0.13038041086924482
559,929,1488,0.130430422899365
566,940,1506,0.13048004888538153
569,934,1503,0.13050722491186126
562,937,1499,0.1305253764640123
559,942,1501,0.1305619598469264
565,940,1505,0.13060154350439798
564,944,1508,0.1306241496720274
569,945,1514,0.13064757910534344
562,949,1511,0.13065639649679567
549,943,1492,0.13068574765953836
553,953,1506,0.1307443358866549
560,942,1502,0.13079234070027815
557,940,1497,0.13081954974635884
557,957,1514,0.13085369452468992
555,950,1505,0.13088699539457457
551,958,1509,0.13092369673281612
547,957,1504,0.1309676325897885
555,970,1525,0.13101672546500187
556,975,1531,0.13104421723015072
559,961,1520,0.13106733830400008
542,970,1512,0.13108400641585305
540,960,1500,0.13114001311128134
535,964,1499,0.13119777266930932
535,962,1497,0.13126357024916405
547,968,1515,0.13132520189778388
554,974,1528,0.1313554394878535
548,975,1523,0.13136647477526128
546,976,1522,0.13139187589345272
543,974,1517,0.13142044945092135
548,977,1525,0.1314541211446006
546,971,1517,0.13147395480792615
543,971,1514,0.1314972671548727
547,981,1528,0.13152752037042384
539,970,1509,0.13154639185324496
536,974,1510,0.13158307012099868
536,965,1501,0.1316253647664167
528,974,1502,0.13166344745946634
533,975,1508,0.1317187194291228
537,975,1512,0.13175999529983495
533,973,1506,0.13178921034152583
530,979,1509,0.131824617880543
528,976,1504,0.13186316747918903
526,968,1494,0.13190428965182618
535,958,1493,0.13194651984484654
531,966,1497,0.13196462082435265
536,972,1508,0.13199188013645816
534,975,1509,0.13200456989070586
540,973,1513,0.1320233201924554
539,978,1517,0.1320261244154925
535,978,1513,0.13203246355077136
533,979,1512,0.13204916126482538
537,977,1514,0.13207149069780827
537,978,1515,0.1320805884508531
527,989,1516,0.13208898257595378
530,979,1509,0.13212086176415327
531,992,1523,0.13214404549990835
527,985,1512,0.13216423206211544
525,981,1506,0.13219225127923573
517,977,1494,0.1322230290898779
522,970,1492,0.132270523905492
523,973,1496,0.13230210502016818
524,982,1506,0.13232861879102006
517,985,1502,0.13235127857585285
520,982,1502,0.13238996549144982
519,989,1508,0.13241949720326723
520,979,1499,0.1324487994645801
518,990,1508,0.1324773883926877
514,996,1510,0.1325074109556319
518,999,1517,0.13254648778155703
523,1000,1523,0.1325723222408798
519,997,1516,0.132584583482424
518,987,1505,0.13260573285166102
513,985,1498,0.1326275286974357
517,987,1504,0.13266034205244676
509,990,1499,0.13268328891912484
516,989,1505,0.13272260220935433
522,986,1508,0.13274180938172114
516,982,1498,0.1327450989196088
523,987,1510,0.13276185226016626
524,975,1499,0.13276277462279476
524,983,1507,0.13276027435048562
524,994,1518,0.13275994286878887
526,990,1516,0.13276002318862895
533,996,1529,0.13275621262537132
535,999,1534,0.13273678510450884
529,985,1514,0.1327140491894545
535,979,1514,0.13270577748405252
528,984,1512,0.13268345458815678
529,987,1516,0.13267947106588965
529,978,1507,0.1326726819929834
521,979,1500,0.13266645997104148
526,982,1508,0.13268169883120381
525,982,1507,0.1326823516425236
525,984,1509,0.13268536877651407
525,982,1507,0.13268667357954061
525,996,1521,0.13268704688500693
526,981,1507,0.1326884272906046
523,972,1495,0.13268771027051537
524,977,1501,0.13269466905780364
523,974,1497,0.13269715868217516
523,986,1509,0.13270150150204818
528,981,1509,0.13270620389963197
529,974,1503,0.1326963317791927
534,979,1513,0.1326849332375169
531,993,1524,0.13266270234498853
537,989,1526,0.13264995753104342
536,998,1534,0.13262447544727465
528,994,1522,0.1326041707528367
527,994,1521,0.13260441526394723
523,997,1520,0.1326060672037737
517,992,1509,0.13261979437406815
521,1001,1522,0.13264722717731772
520,994,1514,0.1326620465144233
517,994,1511,0.13268030347680715
511,990,1501,0.13270516885297018
511,989,1500,0.1327432302281748
507,985,1492,0.13277707524634919
511,994,1505,0.1328178309767042
508,1003,1511,0.13284650272772297
514,998,1512,0.13288096398800786
509,989,1498,0.13290101504379045
504,1002,1506,0.1329309672213412
508,1006,1514,0.1329716512957406
506,987,1493,0.13299925326120074
506,990,1496,0.13303063813192145
510,999,1509,0.13305958920192829
509,1006,1515,0.1330773995020327
503,996,1499,0.13309731507230424
499,1002,1501,0.13313094448569246
500,1005,1505,0.13317065550338225
491,1010,1501,0.13320560424258784
491,1021,1512,0.13326077812818635
493,1027,1520,0.1333115437483801
496,1033,1529,0.13335666642382452
492,1026,1518,0.13338997278322043
492,1016,1508,0.1334308250335873
490,1016,1506,0.13346885577762369
496,1016,1512,0.1335080440341682
497,1011,1508,0.13353035175810318
501,1019,1520,0.13354866410077
498,1014,1512,0.1335565327632539
495,1026,1521,0.13357268669052924
490,1028,1518,0.133596451576539
485,1028,1513,0.13363148513463238
482,1039,1521,0.13367565584443483
484,1031,1515,0.1337265077048067
483,1021,1504,0.13376774916135994
479,1023,1502,0.1338082469229965
472,1029,1501,0.13385340897966352
472,1032,1504,0.1339117005050935
466,1034,1500,0.13396639289484874
462,1027,1489,0.13403177173492808
467,1041,1508,0.13410335099055865
472,1042,1514,0.13415907167428368
469,1050,1519,0.13419907847507798
463,1048,1511,0.13424526458454422
465,1043,1508,0.13430014381623817
464,1022,1486,0.1343457929094464
464,1035,1499,0.13439068533552156
466,1034,1500,0.1344337013583856
468,1039,1507,0.13446784497236206
469,1038,1507,0.13449548824977572
463,1052,1515,0.13451929884272926
468,1053,1521,0.1345571826463045
462,1048,1510,0.1345808798609245
466,1062,1528,0.13461800611386404
468,1055,1523,0.13464161793060847
463,1054,1517,0.13465801397564645
463,1048,1511,0.13468727076108578
464,1050,1514,0.13471566946410207
465,1045,1510,0.13474021850262802
463,1049,1512,0.1347610240914393
472,1054,1526,0.13478556489208507
471,1055,1526,0.13478681310673946
463,1046,1509,0.1347907926779653
465,1048,1513,0.13481376782052035
458,1050,1508,0.13483062939560816
453,1048,1501,0.1348625965179319
461,1051,1512,0.1349032918158969
459,1053,1512,0.13492269254333775
461,1055,1516,0.13494749077269003
460,1061,1521,0.13496666860424844
462,1059,1521,0.13498653475920272
455,1061,1516,0.1349996124529865
449,1051,1500,0.13503021877720622
453,1055,1508,0.13507377804496135
460,1050,1510,0.13510578748414803
456,1052,1508,0.13511782747015125
455,1050,1505,0.13513902946757597
461,1044,1505,0.13516100172034257
454,1045,1499,0.13516782843756428
451,1040,1491,0.13519214592796322
453,1049,1502,0.13522094322666484
454,1053,1507,0.13524137941085532
454,1055,1509,0.13525763961426235
448,1058,1506,0.1352729304150632
448,1042,1490,0.1353026567820249
447,1055,1502,0.13532861814779282
451,1048,1499,0.13535570820859294
451,1061,1512,0.13537196612577213
450,1058,1508,0.13538681180108303
446,1059,1505,0.1354032677987804
452,1051,1503,0.1354289503089751
453,1056,1509,0.13543829350585748
454,1052,1506,0.13544437518452024
449,1059,1508,0.1354477821677573
449,1069,1518,0.13546330044081867
445,1066,1511,0.13547896616980754
443,1065,1508,0.1355049520713646
441,1059,1500,0.13553338581857532
443,1058,1501,0.13556449633560358
436,1051,1487,0.13558755762805622
430,1050,1480,0.13562683611599727
430,1066,1496,0.13567751243464055
425,1070,1495,0.13572519324471952
431,1072,1503,0.13578055921916415
424,1082,1506,0.13581845620275537
425,1097,1522,0.13587289073841657
423,1088,1511,0.13592139403939346
429,1082,1511,0.13597081281330894
432,1092,1524,0.1360014781342823
426,1085,1511,0.13602317112217005
425,1084,1509,0.13605756331209837
423,1082,1505,0.13609291552528474
434,1087,1521,0.1361275962012093
436,1086,1522,0.1361322056176209
438,1085,1523,0.1361319969548166
428,1083,1511,0.13612750405467047
431,1092,1523,0.13614688862527524
427,1100,1527,0.13615883061330605
424,1089,1513,0.13617754953013897
428,1091,1519,0.13620175141710442
425,1095,1520,0.13621613436985158
420,1083,1503,0.13623730751479562
412,1084,1496,0.13626912606534916
410,1084,1494,0.1363190995149586
413,1081,1494,0.13637118262864498
419,1079,1498,0.13641192812286648
419,1094,1513,0.13643467360818282
415,1088,1503,0.1364548800445771
422,1084,1506,0.1364834625464522
416,1075,1491,0.13649270101419106
418,1080,1498,0.13651667968016923
412,1080,1492,0.13653366951405244
415,1081,1496,0.13656364603938503
417,1073,1490,0.13658450229301838
427,1084,1511,0.13659934052827466
422,1080,1502,0.13658804365071708
420,1085,1505,0.13659039660660713
422,1092,1514,0.13659668786756754
426,1093,1519,0.1365969841227266
426,1093,1519,0.13658738775848783
425,1085,1510,0.136578176562676
427,1083,1510,0.13657280130925492
425,1088,1513,0.1365621941909409
432,1088,1520,0.13655737925291947
430,1083,1513,0.13653613449464275
431,1089,1520,0.13652211531592975
427,1104,1531,0.13650642697534046
428,1082,1510,0.13650147719068526
430,1092,1522,0.13649429208499037
428,1087,1515,0.13648250273912846
422,1079,1501,0.13647667949077102
422,1086,1508,0.136485412516264
422,1081,1503,0.13649649867812846
417,1104,1521,0.13650686402158618
416,1104,1520,0.13652826260660902
417,1095,1512,0.13655220754721145
419,1100,1519,0.1365722421305571
413,1102,1515,0.13658516844955326
406,1107,1513,0.13661063501931564
413,1106,1519,0.13665168916689943
407,1105,1512,0.13667345005142303
412,1106,1518,0.13670966600401735
413,1099,1512,0.1367315570606359
412,1095,1507,0.13674943728172348
418,1095,1513,0.13676800200696376
417,1098,1515,0.1367710121275301
420,1107,1527,0.13677766977541453
413,1110,1523,0.1367765849639045
413,1110,1523,0.13679514257415448
411,1107,1518,0.13681412786280323
414,1095,1509,0.13683623879063012
405,1098,1503,0.13685058706369205
407,1091,1498,0.13688553524315275
404,1091,1495,0.1369115163097148
403,1103,1506,0.13694306187529853
398,1096,1494,0.13697554932937908
403,1102,1505,0.13701572407014584
402,1091,1493,0.13704141689861515
404,1098,1502,0.1370674161746048
403,1106,1509,0.13708755118729166
404,1099,1503,0.13710888545492708
401,1103,1504,0.1371256686840815
402,1107,1509,0.13714850185075578
403,1109,1512,0.13716751925253942
401,1102,1503,0.13718134066264195
403,1113,1516,0.13719841965891658
399,1107,1506,0.13721011669376545
399,1117,1516,0.13722904114120685
401,1116,1517,0.13724607457092003
410,1112,1522,0.13725821712088648
406,1116,1522,0.13724870125656904
403,1118,1521,0.13724991044625967
405,1111,1516,0.13725789302718824
406,1111,1517,0.13725951709483034
412,1110,1522,0.13725864986906994
415,1099,1514,0.13724156138621432
414,1096,1510,0.13721759605918035
408,1093,1501,0.137198543377092
402,1098,1500,0.1371966085730346
405,1119,1524,0.13720951178199348
406,1112,1518,0.1372150764816328
410,1120,1530,0.13721642839194062
413,1124,1537,0.13720762856995872
413,1113,1526,0.13719358132375217
410,1114,1524,0.13718011006837613
404,1109,1513,0.13717522470738688
396,1113,1509,0.13718556597147621
389,1122,1511,0.13721323014218523
391,1119,1510,0.13725657587653636
388,1130,1518,0.13729267507975162
388,1136,1524,0.13733336431130444
390,1126,1516,0.13737302057214718
400,1123,1523,0.13740427402226088
399,1121,1520,0.137409471143853
405,1125,1530,0.13741508041989497
402,1124,1526,0.13740616971134098
402,1117,1519,0.13740494371829556
401,1105,1506,0.13740588046412122
406,1094,1500,0.13740924866132523
406,1099,1505,0.1373997512037688
406,1113,1519,0.13739043946396678
399,1120,1519,0.13738067968707676
396,1104,1500,0.1373895017339814
397,1106,1503,0.13740571583450664
395,1103,1498,0.13741814343497144
396,1103,1499,0.13743442044058146
395,1102,1497,0.13744606232574044
400,1095,1495,0.13745992030330403
397,1098,1495,0.13746045452975766
403,1116,1519,0.13747004016486586
397,1121,1518,0.13746507601128458
396,1132,1528,0.13747596108606247
389,1116,1505,0.1374893052297827
387,1124,1511,0.13751893916718516
385,1130,1515,0.13755122460947222
385,1130,1515,0.13758621349850308
380,1130,1510,0.13761817341595306
370,1134,1504,0.13765997767489252
367,1128,1495,0.13772305032643387
367,1122,1489,0.13778975102649574
374,1141,1515,0.13785262126309267
379,1137,1516,0.13789418374109455
385,1135,1520,0.13792128607341328
381,1136,1517,0.13793153674314942
373,1128,1501,0.13795309422377358
381,1141,1522,0.13799293088683548
377,1147,1524,0.1380104228548422
372,1138,1510,0.13803615791566956
372,1138,1510,0.1380728184845955
375,1135,1510,0.1381077414132116
373,1122,1495,0.13813069947588144
373,1123,1496,0.13815766803002835
371,1132,1503,0.13818338844568237
370,1134,1504,0.13821307098512747
370,1129,1499,0.13824337653625896
363,1121,1484,0.13827128084975493
368,1134,1502,0.13831381960437447
369,1132,1501,0.13834261419954474
365,1138,1503,0.13836676266617345
366,1135,1501,0.13839975076950467
363,1132,1495,0.1384287632557708
364,1139,1503,0.13846213996483958
367,1136,1503,0.13849268504201476
367,1138,1505,0.1385136180968846
365,1139,1504,0.13853398704894906
371,1138,1509,0.13855847248102834
369,1132,1501,0.1385667842880903
372,1134,1506,0.1385787943918294
365,1138,1503,0.13858401610964194
362,1131,1493,0.1386060428877775
369,1141,1510,0.13863456649253433
366,1147,1513,0.1386437901865769
371,1139,1510,0.13865968891924624
374,1139,1513,0.13866372767710097
371,1138,1509,0.13866175276719622
374,1146,1520,0.13866733767900713
375,1147,1522,0.13866538196410283
374,1146,1520,0.13866226643847468
371,1145,1516,0.13866168926219996
369,1150,1519,0.1386685318502906
374,1139,1513,0.13868019598482514
375,1149,1524,0.13867835310068036
376,1143,1519,0.13867295442707
379,1136,1515,0.13866690600625922
379,1143,1522,0.13865302839762053
381,1142,1523,0.13864147019803572
374,1131,1505,0.13862705183964225
374,1120,1494,0.13863075801695715
370,1127,1497,0.1386347569958145
371,1139,1510,0.1386490245790251
373,1130,1503,0.13865892193480017
369,1142,1511,0.1386645355949648
365,1145,1510,0.13868007372653282
361,1148,1509,0.13870646165115616
362,1146,1508,0.13874126271371875
359,1151,1510,0.13876933727991056
360,1149,1509,0.13880490008170862
358,1159,1517,0.1388361874603753
353,1160,1513,0.1388701661933625
348,1159,1507,0.13891423860955057
355,1160,1515,0.13896705388915534
353,1166,1519,0.1389988236720184
351,1168,1519,0.13903245729694613
354,1161,1515,0.1390687736198315
351,1168,1519,0.1390929364080695
347,1154,1501,0.13912286358245507
347,1159,1506,0.13915962503909543
347,1156,1503,0.13919452601615054
348,1153,1501,0.13922607537375975
347,1159,1506,0.13925493500940228
350,1153,1503,0.13928401103711974
361,1166,1527,0.13930239855915535
360,1150,1510,0.13929240972007245
359,1151,1510,0.13928569090529158
359,1156,1515,0.13928125362992325
359,1148,1507,0.13927668742194918
348,1145,1493,0.13927326763486436
354,1146,1500,0.13929658483766583
362,1141,1503,0.13930433008223733
361,1150,1511,0.1392920776948316
356,1148,1504,0.13928329724950939
358,1147,1505,0.13928648177224898
358,1154,1512,0.1392849968741188
359,1149,1508,0.1392812084539255
359,1150,1509,0.13927509793939233
358,1147,1505,0.13926939294221335
354,1144,1498,0.13926582174653418
357,1145,1502,0.13927115502013
356,1149,1505,0.13926772852304772
355,1152,1507,0.1392667811853717
351,1156,1507,0.13926801503210068
350,1144,1494,0.13928022256276004
341,1146,1487,0.13929484014318563
344,1146,1490,0.13933142956535927
351,1161,1512,0.13935719181869713
354,1151,1505,0.1393633905745157
354,1158,1512,0.13936172999965812
353,1163,1516,0.13935934655982155
348,1154,1502,0.13935824715229347
354,1164,1518,0.139368953821428
352,1162,1514,0.13936544754615146
353,1159,1512,0.13936669278708444
354,1148,1502,0.13936496450734656
358,1161,1519,0.1393610621039344
364,1150,1514,0.1393472212234819
362,1154,1516,0.13932042626660876
360,1153,1513,0.1393013712533961
356,1157,1513,0.1392891312603805
354,1172,1526,0.13928757927868646
351,1173,1524,0.13929104517605148
350,1161,1511,0.13930266840375777
359,1157,1516,0.13931614944683188
350,1151,1501,0.1393073027086068
346,1151,1497,0.13932223017443784
357,1155,1512,0.13934507280393027
358,1147,1505,0.1393396995272897
349,1141,1490,0.1393313755616064
355,1148,1503,0.1393448983119737
360,1155,1515,0.13934311217479706
359,1157,1516,0.13932945567027072
353,1155,1508,0.1393192309167558
352,1149,1501,0.13932435427174694
346,1144,1490,0.13933302787105606
354,1161,1515,0.13935582403151095
354,1164,1518,0.1393580691392866
348,1156,1504,0.13936030331521843
341,1153,1494,0.13937598627973088
344,1153,1497,0.13940841726637784
342,1161,1503,0.1394324200494151
340,1175,1515,0.13945963089099028
349,1173,1522,0.13948931167173353
350,1160,1510,0.1394940558409498
343,1158,1501,0.13949612329482555
332,1162,1494,0.13951572837568676
334,1152,1486,0.139561531972248
339,1155,1494,0.13959810622061058
342,1163,1505,0.13961974766062127
337,1174,1511,0.1396324149146384
336,1178,1514,0.13965680477959988
334,1173,1507,0.13968250084631836
333,1176,1509,0.13970997108328678
323,1173,1496,0.13973727249361179
322,1172,1494,0.13978752228030816
331,1172,1503,0.1398364337316933
330,1167,1497,0.13985814870503369
335,1167,1502,0.13988107009917677
344,1168,1512,0.13989116784756989
342,1175,1517,0.13987708622242068
345,1182,1527,0.13986948053320936
350,1176,1526,0.13985629585553158
352,1186,1538,0.1398317653160827
350,1190,1540,0.1398039531179076
353,1185,1538,0.13978310558465223
342,1166,1508,0.13975653262762822
339,1180,1519,0.1397605035384905
338,1182,1520,0.13977044661825752
341,1173,1514,0.13978297633868766
334,1166,1500,0.1397873041250068
336,1187,1523,0.1398091703670871
341,1163,1504,0.13982462555480393
336,1165,1501,0.1398249908108284
335,1173,1508,0.13983620806620684
340,1173,1513,0.13984984084626997
339,1152,1491,0.13985082449671613
338,1162,1500,0.13985598801533217
337,1174,1511,0.13986337124560483
334,1171,1505,0.13987201625889745
330,1171,1501,0.13988782462684907
328,1178,1506,0.13991261236373057
329,1186,1515,0.13994021348454283
329,1185,1514,0.13996281570360097
327,1197,1524,0.13998428937701093
332,1194,1526,0.1400097389491199
334,1197,1531,0.14002118909177075
327,1196,1523,0.1400274547255335
332,1188,1520,0.14005084912394372
327,1170,1497,0.14006082112781237
327,1172,1499,0.14008296127200734
334,1172,1506,0.14010350521749135
328,1170,1498,0.14010671269145733
334,1176,1510,0.14012454706700425
329,1168,1497,0.1401259094550307
326,1168,1494,0.14014089642917224
331,1179,1510,0.1401631228948
327,1181,1508,0.14017156057219896
328,1190,1518,0.14018931566383938
327,1195,1522,0.1402041748866738
330,1185,1515,0.14022056911764028
330,1181,1511,0.14022767112316945
326,1167,1493,0.14023338474929647
330,1176,1506,0.1402494804859962
330,1178,1508,0.14025428238816426
330,1182,1512,0.14025820707109043
331,1177,1508,0.14026234317556188
331,1183,1514,0.14026243837891417
329,1196,1525,0.14026310659944247
322,1200,1522,0.1402688068172532
320,1201,1521,0.1402920124693831
320,1195,1515,0.14031868565801142
325,1201,1526,0.14034559256873347
325,1206,1531,0.1403589963649692
317,1205,1522,0.1403725381357165
308,1195,1503,0.14040474830221597
307,1206,1513,0.14045629333296478
311,1192,1503,0.1405066130148586
315,1194,1509,0.14054434272500052
308,1192,1500,0.14056906455058324
305,1197,1502,0.14060999845388447
306,1198,1504,0.1406567688154427
299,1203,1502,0.14069660899672568
299,1221,1520,0.1407510909952947
300,1220,1520,0.1408025974184157
299,1218,1517,0.14084790803521252
302,1223,1525,0.14089363387782983
300,1221,1521,0.14092865747301916
296,1222,1518,0.14096600759798963
298,1215,1513,0.1410118455483016
296,1216,1512,0.14105022768208542
293,1220,1513,0.14109062640959416
296,1219,1515,0.141135101819951
298,1220,1518,0.14116838093783116
294,1214,1508,0.14119373293313814
289,1211,1500,0.14122804887084237
287,1218,1505,0.14127303393315732
288,1217,1505,0.1413195917428738
291,1220,1511,0.1413606031337033
291,1229,1520,0.14139138870876727
289,1218,1507,0.14141988402595257
295,1222,1517,0.1414528444198047
293,1223,1516,0.1414679822757078
292,1219,1511,0.1414873858066315
292,1230,1522,0.14150918935553214
293,1227,1520,0.14153044326260567
292,1235,1527,0.14154693931739948
288,1224,1512,0.14156611733928615
294,1227,1521,0.14159390924625823
293,1229,1522,0.14160542098764486
286,1220,1506,0.14161960190968068
289,1221,1510,0.14165143280568038
285,1234,1519,0.1416734104053413
286,1240,1526,0.1417042274129517
283,1236,1519,0.14173110826116775
278,1240,1518,0.14176404556905225
271,1233,1504,0.14180761018928006
273,1229,1502,0.1418650695759522
272,1233,1505,0.14191247483052644
272,1226,1498,0.1419584636457777
281,1231,1512,0.14200152877233896
287,1225,1512,0.14201895909089043
283,1219,1502,0.14201809656186548
278,1212,1490,0.14202705529049328
281,1227,1508,0.14204725349373346
280,1228,1508,0.14205794318159679
284,1233,1517,0.1420706715557223
288,1228,1516,0.14207293701376109
282,1233,1515,0.14206534919099068
275,1241,1516,0.14207431209538268
278,1233,1511,0.1421007686731645
279,1241,1520,0.1421172449901622
277,1239,1516,0.14213010500302586
275,1239,1514,0.14214643059477577
276,1237,1513,0.14216590039030744
273,1240,1513,0.1421816037009415
272,1247,1519,0.14220498717196028
269,1238,1507,0.1422286346913758
269,1231,1500,0.14225851832150052
268,1228,1496,0.14228575883031927
266,1230,1496,0.1423133413129662
263,1235,1498,0.1423442690074871
267,1241,1508,0.14238013456397333
269,1237,1506,0.1424035609037132
275,1223,1498,0.14242014905599623
271,1234,1505,0.14242078788428178
277,1231,1508,0.14243026523906116
271,1247,1518,0.14242438998043952
276,1248,1524,0.14243360307734804
273,1230,1503,0.1424293636538653
276,1237,1513,0.14243391004602507
270,1228,1498,0.14242934048732928
276,1221,1497,0.14243928852060656
281,1233,1514,0.1424334532871956
288,1227,1515,0.1424142568011061
289,1217,1506,0.14237832955823027
288,1229,1517,0.1423424044934312
284,1229,1513,0.1423120167593989
275,1230,1505,0.14229408296367424
271,1226,1497,0.1423005423566082
267,1242,1509,0.14231680589260792
269,1239,1508,0.1423415701938761
271,1246,1517,0.14235940080859952
273,1239,1512,0.1423708819017735
274,1235,1509,0.14237557503862042
274,1234,1508,0.1423778200817692
274,1237,1511,0.1423807365314911
274,1242,1516,0.14238383341025962
280,1231,1511,0.1423865280211399
281,1220,1501,0.14237388081658556
283,1225,1508,0.14236042949682376
276,1229,1505,0.14234361175258065
275,1221,1496,0.14234705866267988
279,1221,1500,0.14235265521885743
276,1223,1499,0.1423472847892862
284,1213,1497,0.14234945555806505
282,1221,1503,0.1423308769012615
287,1229,1516,0.14231895561743638
281,1239,1520,0.14229485625361593
279,1249,1528,0.14228794830138802
277,1265,1542,0.14228708829816583
271,1252,1523,0.14229192919606107
273,1234,1507,0.14231176541170312
275,1229,1504,0.14232568301508988
273,1231,1504,0.1423335701653775
265,1231,1496,0.14234638959370527
266,1224,1490,0.14237819866377657
263,1236,1499,0.14240559960195234
264,1239,1503,0.1424393064678426
270,1245,1515,0.14246751094036836
272,1256,1528,0.14247814679061965
268,1246,1514,0.1424846653525048
261,1237,1498,0.1425007490235436
259,1234,1493,0.1425344280793326
260,1251,1511,0.14256845945596788
266,1247,1513,0.14259692890908912
269,1244,1513,0.1426102357491052
266,1237,1503,0.14261570066552423
265,1251,1516,0.14262846229683535
263,1254,1517,0.1426427427505605
267,1262,1529,0.14266056459644724
266,1260,1526,0.14266762909820402
269,1258,1527,0.14267627535553074
266,1258,1524,0.14267780518709652
260,1260,1520,0.14268658065441217
264,1241,1505,0.1427097216079065
264,1250,1514,0.14272116962928805
272,1240,1512,0.142732282434822
273,1248,1521,0.14272222259786113
271,1238,1509,0.14271026277174437
270,1241,1511,0.14270463038006878
262,1246,1508,0.1427029168278189
265,1235,1500,0.14272216601602167
271,1238,1509,0.1427335625691406
267,1238,1505,0.14272894646543083
267,1235,1502,0.14273385508834632
264,1245,1509,0.14273930172347282
261,1243,1504,0.14275236850215953
269,1244,1513,0.14277333407837173
268,1253,1521,0.14277324563135502
265,1248,1513,0.14277559496392211
266,1261,1527,0.14278674358548704
258,1246,1504,0.1427944787959212
259,1257,1516,0.14282088903630755
253,1250,1503,0.14284368657901453
258,1242,1500,0.1428799160214037
260,1246,1506,0.14290091944830735
259,1261,1520,0.14291450499382985
259,1256,1515,0.14292960033896518
265,1258,1523,0.14294405445327177
259,1253,1512,0.14294193788511605
256,1251,1507,0.14295534976059582
254,1241,1495,0.14297345845665788
257,1253,1510,0.1429954912690338
255,1244,1499,0.14300912447231698
252,1248,1500,0.14302699588043194
253,1248,1501,0.14305089823703313
254,1255,1509,0.14307000791819313
263,1251,1514,0.143084470945502
264,1261,1525,0.14307555830086138
265,1253,1518,0.1430640715323724
267,1258,1525,0.14305122833683337
264,1238,1502,0.14303465145675467
260,1241,1501,0.14302629677503642
259,1247,1506,0.1430287360964456
262,1251,1513,0.14303341827784682
264,1246,1510,0.14303085552836423
260,1249,1509,0.14302291426062544
262,1241,1503,0.14302429436873568
266,1237,1503,0.1430200987722593
266,1239,1505,0.14300672710291706
268,1244,1512,0.1429950642042911
270,1241,1511,0.1429795697022256
273,1246,1519,0.1429599388391037
269,1252,1521,0.14293397549828268
269,1243,1512,0.1429206135926412
266,1250,1516,0.14290866370177327
267,1251,1518,0.1429058816412586
266,1255,1521,0.14289986461753285
267,1241,1508,0.14289704496801695
267,1245,1512,0.14289251815513349
263,1249,1512,0.14288790160681375
256,1240,1496,0.14289357561344562
259,1242,1501,0.14291745169466502
263,1254,1517,0.14293064115462417
265,1250,1515,0.14293266465962393
262,1262,1524,0.14292972429228037
258,1255,1513,0.14293495543772827
258,1246,1504,0.14295092761771333
263,1260,1523,0.1429659432489802
263,1255,1518,0.14296693358014756
257,1240,1497,0.14296800409083482
260,1242,1502,0.14298525552139904
259,1244,1503,0.142993042314454
259,1257,1516,0.14300290650695352
255,1272,1527,0.14301247978255563
254,1264,1518,0.14303146095557426
252,1263,1515,0.1430524156312934
254,1255,1509,0.14307674756516942
261,1256,1517,0.14309394938871225
262,1249,1511,0.14309254779303107
257,1256,1513,0.14308878354131657
255,1245,1500,0.14309719843673524
260,1241,1501,0.1431095216905539
255,1245,1500,0.14310933231844947
257,1252,1509,0.14312149677737446
260,1255,1515,0.1431280825184043
260,1260,1520,0.14312618559986456
257,1268,1525,0.14312569073087197
255,1261,1516,0.1431329135969518
262,1267,1529,0.1431443418814978
257,1278,1535,0.1431380928110917
258,1269,1527,0.14314538139471109
256,1272,1528,0.14314966567972046
252,1267,1519,0.14315930418527906
251,1272,1523,0.14317813808658783
248,1270,1518,0.14319821801519692
254,1266,1520,0.14322510247123213
255,1269,1524,0.14323432147705772
254,1274,1528,0.14323998263875812
249,1269,1518,0.14324782340821807
248,1266,1514,0.14326807899172217
251,1265,1516,0.14328906297318617
247,1269,1516,0.14330091433110262
249,1277,1526,0.1433225603705698
252,1278,1530,0.14333760707036947
253,1282,1535,0.14334332394438495
248,1273,1521,0.1433467194047191
240,1282,1522,0.14336316130224314
240,1276,1516,0.14339886158621276
239,1266,1505,0.1434331893372862
240,1269,1509,0.14346785566571046
236,1277,1513,0.1434959921698349
237,1276,1513,0.1435323657970148
235,1275,1510,0.14356393018618924
240,1274,1514,0.14359751285188055
244,1274,1518,0.14361617400893695
242,1275,1517,0.14362330088711517
236,1273,1509,0.1436353085158977
236,1263,1499,0.14366232151775374
235,1275,1510,0.14368678354807074
232,1282,1514,0.14371150122167725
231,1278,1509,0.14374164346115076
229,1276,1505,0.14377200396417936
230,1278,1508,0.14380443731606982
224,1268,1492,0.14383273614810835
224,1283,1507,0.14387415428795033
230,1268,1498,0.14391217509946092
227,1272,1499,0.1439318936921328
229,1270,1499,0.1439585144889468
231,1270,1501,0.14397815222251278
234,1277,1511,0.143992556575214
236,1278,1514,0.14399770421483116
228,1290,1518,0.14399885333022883
231,1282,1513,0.14402061792502827
234,1286,1520,0.14403349309706148
231,1286,1517,0.14403842485213558
234,1294,1528,0.14405049079182827
240,1280,1520,0.14405434716305984
244,1281,1525,0.14404319967012605
241,1284,1525,0.14402241538406865
241,1280,1521,0.14401112770053054
243,1281,1524,0.1440009170961284
239,1282,1521,0.14398622176713866
238,1278,1516,0.14398369052717447
236,1277,1513,0.14398414641129226
233,1279,1512,0.14399047842656676
227,1288,1515,0.14400400398865038
229,1289,1518,0.1440306000486373
230,1274,1504,0.14404972505581032
230,1277,1507,0.14406622548011844
232,1272,1504,0.14408119396151672
225,1274,1499,0.14409064189157342
226,1276,1502,0.14411839405916418
223,1278,1501,0.14414130500435934
216,1289,1505,0.14416969420233364
219,1288,1507,0.14421498310475747
217,1296,1513,0.14424959741476903
219,1299,1518,0.14428626077144965
216,1298,1514,0.14431507871381333
219,1297,1516,0.14434935783535102
224,1292,1516,0.1443735479839166
220,1295,1515,0.14438385516506994
220,1292,1512,0.1444038204011765
217,1293,1510,0.14442280661912935
224,1304,1528,0.14444836088627883
217,1302,1519,0.14445418133956203
219,1300,1519,0.1444770222207985
220,1300,1520,0.1444934756290364
219,1295,1514,0.14450722238219044
220,1304,1524,0.1445228065973607
219,1299,1518,0.14453413832178194
216,1305,1521,0.1445469503521167
218,1316,1534,0.14456628744320413
222,1312,1534,0.14457936295229562
220,1301,1521,0.1445805984702374
211,1299,1510,0.14458727181949346
212,1293,1505,0.1446165828670546
209,1283,1492,0.14464127467514626
211,1290,1501,0.14467069389095585
211,1288,1499,0.1446934494398804
215,1295,1510,0.14471408976319136
210,1299,1509,0.14472332821450462
214,1299,1513,0.14474493883491413
213,1304,1517,0.14475408864746878
211,1303,1514,0.14476538999546484
213,1304,1517,0.14478108745888643
216,1298,1514,0.1447899188157014
216,1299,1515,0.14479076995151602
216,1300,1516,0.14479150185861644
213,1303,1516,0.1447928968396367
209,1296,1505,0.14480232800873524
208,1307,1515,0.14482169156266353
213,1295,1508,0.1448430314966598
218,1297,1515,0.14484906787921262
218,1286,1504,0.14484142811241557
215,1293,1508,0.14483373725138626
215,1285,1500,0.1448336314385137
221,1282,1503,0.1448342088504752
217,1283,1500,0.14482108395609467
216,1281,1497,0.1448197358463192
213,1284,1497,0.14482057226428954
214,1291,1505,0.14482889027060494
216,1293,1509,0.14483385889206565
218,1298,1516,0.1448338534296184
220,1309,1529,0.14482907112283266
217,1306,1523,0.1448192984976812
211,1294,1505,0.14481816340857334
209,1305,1514,0.1448334526911173
206,1312,1518,0.14485363662026762
208,1312,1520,0.14487939859427207
204,1328,1532,0.1448979542900714
205,1316,1521,0.14492539176531793
207,1320,1527,0.14494696096350893
208,1323,1531,0.14496271120813475
216,1309,1525,0.14497481824799316
219,1301,1520,0.14496543126934822
217,1311,1528,0.144949401598496
219,1303,1522,0.14493953226897655
214,1306,1520,0.14492561541365767
212,1298,1510,0.14492536409560025
214,1307,1521,0.1449301686077583
213,1302,1515,0.14492973006744117
212,1304,1516,0.14493223171815756
207,1313,1520,0.14493767543096447
202,1317,1519,0.14495609365730192
204,1315,1519,0.1449857348740202
204,1318,1522,0.14500833730008478
200,1310,1510,0.14502962405452086
195,1315,1510,0.1450605139927323
197,1319,1516,0.14510151277531455
196,1321,1517,0.1451342748524593
191,1322,1513,0.14516706742300944
193,1325,1518,0.14521007570521122
195,1323,1518,0.14524494442325428
199,1326,1525,0.14527262382706632
200,1326,1526,0.14528842955735663
198,1322,1520,0.1453002239788212
198,1323,1521,0.14531646735465537
195,1315,1510,0.1453318823655287
199,1319,1518,0.1453544937205358
197,1331,1528,0.14536524960326372
196,1330,1526,0.1453809542046144
198,1339,1537,0.14539878609506585
201,1336,1537,0.14540940205367567
200,1323,1523,0.14541155042246903
194,1315,1509,0.1454157133791312
194,1312,1506,0.14543482231177016
196,1311,1507,0.1454529484496712
200,1311,1511,0.14546534159175853
198,1308,1506,0.1454670947568268
196,1306,1502,0.1454742732983395
195,1312,1507,0.14548624378417263
197,1309,1506,0.14549983002036512
196,1311,1507,0.14550661139316756
196,1316,1512,0.14551523538746597
202,1308,1510,0.14552356606323136
200,1311,1511,0.14551497647411596
197,1314,1511,0.14551214857144248
202,1308,1510,0.1455165478950879
198,1297,1495,0.14550775276704722
195,1289,1484,0.1455099502360309
198,1309,1507,0.14551980867477854
197,1306,1503,0.14552084734850101
198,1311,1509,0.14552422804776108
198,1320,1518,0.1455241101798829
195,1303,1498,0.1455237722833683
195,1300,1495,0.1455303719969806
197,1297,1494,0.14553632822641144
202,1299,1501,0.1455357387778191
198,1300,1498,0.1455222698518896
195,1310,1505,0.14552040100710717
197,1312,1509,0.14552675837197512
196,1303,1499,0.14552691903862627
199,1304,1503,0.14553032590054496
198,1313,1511,0.14552675707465662
187,1314,1501,0.14552599971707095
193,1318,1511,0.14555320925227336
190,1327,1517,0.14556354890300352
199,1321,1520,0.14558083452643625
195,1316,1511,0.14557290814073004
193,1322,1515,0.14557656935034277
188,1313,1501,0.14558578343662554
191,1326,1517,0.14560741666252963
187,1330,1517,0.14562014718112892
182,1336,1518,0.14564173383223486
182,1331,1513,0.14567396436377758
181,1328,1509,0.1457045282972442
178,1322,1500,0.14573489147365154
184,1323,1507,0.14577097814173723
186,1334,1520,0.14578838911635406
184,1331,1515,0.14579938032658035
185,1323,1508,0.14581422730714533
185,1314,1499,0.14582511766640327
189,1313,1502,0.14583600318861273
190,1301,1491,0.14583592811021973
194,1302,1496,0.14583224011115953
190,1315,1505,0.14581809075152108
193,1325,1518,0.14581501749568165
194,1325,1519,0.14580405498235754
193,1325,1518,0.14579127576892703
190,1333,1523,0.14578268973012862
192,1325,1517,0.14578247836807734
193,1314,1507,0.14577704716720688
194,1314,1508,0.1457692442546985
191,1313,1504,0.14575926099887862
191,1311,1502,0.1457582868341414
189,1316,1505,0.14575810219480137
185,1327,1512,0.1457631596386965
181,1330,1511,0.14577883573822445
183,1322,1505,0.1458038789978926
189,1327,1516,0.1458216382925439
188,1323,1511,0.14582245479249148
193,1331,1524,0.14582626673145285
193,1332,1525,0.14581707868845004
193,1332,1525,0.14580876789293387
190,1333,1523,0.14580103047742188
190,1335,1525,0.14580178148928763
191,1329,1520,0.14580293130630598
193,1337,1530,0.1458004958655344
192,1341,1533,0.14579380235396783
191,1333,1524,0.1457909508397894
192,1322,1514,0.14579134645902053
186,1325,1511,0.14578891046804313
183,1324,1507,0.1458026981006572
185,1312,1497,0.14582328309640377
189,1311,1500,0.14583701704980606
186,1317,1503,0.14583906605624658
191,1314,1505,0.14584901145780418
190,1319,1509,0.14584542081902307
192,1321,1513,0.14584424748568434
191,1323,1514,0.14583798184657565
188,1328,1516,0.14583464151655673
189,1336,1525,0.14583908097487852
191,1329,1520,0.14584079730300153
186,1327,1513,0.1458372166564932
193,1334,1527,0.1458471027025486
191,1338,1529,0.14583806987049802
191,1336,1527,0.1458349480160066
188,1333,1521,0.14583243221399475
185,1334,1519,0.14583799638956152
188,1332,1520,0.14585077506871863
187,1328,1515,0.14585449016611807
188,1322,1510,0.14585994211140807
189,1318,1507,0.1458616871393726
190,1310,1500,0.145861083223161
192,1315,1507,0.14585697595408909
192,1330,1522,0.14584865388960125
191,1331,1522,0.14584119448325247
194,1341,1535,0.1458369429098571
194,1335,1529,0.14582530102887378
189,1329,1518,0.14581432357644286
196,1325,1521,0.14581725999922202
192,1332,1524,0.14580202004880674
192,1337,1529,0.14579853223824768
191,1341,1532,0.14579512005473472
187,1344,1531,0.14579365263686866
188,1338,1526,0.1458022081652806
188,1331,1519,0.1458071795843988
190,1330,1520,0.14581206218025852
190,1329,1519,0.14581135532370282
193,1327,1520,0.14581081076994504
190,1330,1520,0.14580217728514203
191,1327,1518,0.14580216377677016
194,1333,1527,0.1457992889805959
190,1338,1528,0.1457886611056298
188,1339,1527,0.14578966961615408
189,1336,1525,0.14579610485872338
195,1317,1512,0.14579930975874011
193,1325,1518,0.14578720678533014
191,1326,1517,0.14578062469693392
192,1336,1528,0.14577962381881593
194,1337,1531,0.1457762403675937
194,1332,1526,0.14576800843630017
195,1330,1525,0.1457602376489723
194,1328,1522,0.14575052516057718
192,1321,1513,0.14574409794457324
194,1333,1527,0.14574321603586904
195,1327,1522,0.14573717915917161
192,1323,1515,0.14572914318511485
190,1339,1529,0.14572983943410678
189,1342,1531,0.14573571172591024
185,1335,1520,0.14574379752912514
184,1331,1515,0.14576267379206795
188,1324,1512,0.14578149160980597
192,1320,1512,0.14578843266036845
193,1322,1515,0.1457842889865547
192,1317,1509,0.14577779034778685
191,1316,1507,0.14577521117776285
189,1326,1515,0.1457760108543325
192,1323,1515,0.14578112685494862
192,1329,1521,0.14577730555967808
190,1325,1515,0.1457734103443484
188,1329,1517,0.14577455821880123
188,1328,1516,0.14578061811275708
186,1321,1507,0.1457858025318735
184,1320,1504,0.14579618266803962
182,1332,1514,0.14581077485510147
186,1318,1504,0.1458299145236701
188,1329,1517,0.14583804622372434
182,1333,1515,0.14583981913169303
185,1334,1519,0.14585661057516275
187,1323,1510,0.14586437226792767
189,1335,1524,0.14586589060094038
188,1330,1518,0.14586210909169
190,1324,1514,0.14586165681496085
189,1325,1514,0.14585650286506083
191,1323,1514,0.1458543030905975
183,1321,1504,0.1458465776051001
187,1326,1513,0.145859511637518
189,1322,1511,0.1458608184045424
191,1320,1511,0.14585724217751417
192,1314,1506,0.14584932957573593
190,1319,1509,0.145839490408209
188,1328,1516,0.145835256209581
192,1335,1527,0.14583675669370524
191,1340,1531,0.14582805140242486
188,1343,1531,0.14582368575080276
182,1340,1522,0.14582710221498452
183,1324,1507,0.14584615953277097
185,1316,1501,0.14586069145861452
188,1327,1515,0.14586868231030817
189,1323,1512,0.14586672302493908
187,1332,1519,0.14586253688954742
190,1335,1525,0.14586406599971555
187,1332,1519,0.14585742096386364
187,1343,1530,0.14585850163625394
188,1340,1528,0.14585993136009953
189,1330,1519,0.1458588363957477
193,1336,1529,0.14585518949007864
193,1323,1516,0.145841188673543
189,1328,1517,0.1458285778811616
189,1320,1509,0.1458271392893513
190,1327,1517,0.14582669400590176
188,1327,1515,0.1458226654992942
184,1319,1503,0.1458235915727446
183,1319,1502,0.14583484279254474
179,1321,1500,0.1458476678191296
180,1319,1499,0.1458696036913458
177,1330,1507,0.14588803640192802
176,1330,1506,0.14591325292972046
174,1333,1507,0.1459392145937021
171,1333,1504,0.1459682158927356
173,1334,1507,0.14600351843389578
174,1342,1516,0.14603037855581869
175,1338,1513,0.14605283805799052
174,1336,1510,0.1460707644167769
174,1349,1523,0.1460900926194703
171,1351,1522,0.14610948398424806
170,1356,1526,0.14613655549278204
171,1362,1533,0.14616390568512477
170,1357,1527,0.14618714162689997
169,1356,1525,0.14621139481692608
169,1353,1522,0.14623687602594082
167,1354,1521,0.14626024225456058
164,1351,1515,0.1462873257362769
161,1346,1507,0.14631982551205827
160,1344,1504,0.14635890342907248
168,1366,1534,0.14639796477271447
167,1373,1540,0.14641272117287804
167,1353,1520,0.14642894570036943
166,1342,1508,0.1464437108862836
165,1343,1508,0.14646048430363215
166,1346,1512,0.1464784136413324
168,1340,1508,0.1464920996320049
174,1357,1531,0.14649922959471706
175,1352,1527,0.14648918166626423
174,1354,1528,0.14647636421053234
172,1350,1522,0.1464675122315028
170,1354,1524,0.14646511815634358
168,1362,1530,0.14646842689064565
164,1361,1525,0.14647673514231432
165,1359,1524,0.14649443852430377
165,1358,1523,0.1465089858259023
163,1361,1524,0.14652227170036192
163,1358,1521,0.14653984266695372
166,1357,1523,0.14655591908793178
164,1356,1520,0.14656223770633559
163,1363,1526,0.14657327599423325
159,1354,1513,0.14658575454841977
159,1360,1519,0.14660773061788293
160,1363,1523,0.14662789351683211
160,1370,1530,0.14664378889223786
161,1367,1528,0.14665877997930804
157,1352,1509,0.1466698210896843
158,1369,1527,0.14669078989114656
155,1360,1515,0.14670812695499325
153,1355,1508,0.14673159891429766
156,1347,1503,0.14675824474778876
158,1357,1515,0.14677503089496
161,1359,1520,0.146785071725889
161,1357,1518,0.1467854322328478
156,1350,1506,0.14678585097442576
159,1341,1500,0.14680030817800507
159,1358,1517,0.14680567858441973
160,1356,1516,0.14681069540455127
163,1352,1515,0.14681253214873138
165,1357,1522,0.14680654261927273
164,1349,1513,0.14679607055979474
162,1354,1516,0.14678948577516568
160,1351,1511,0.14678949975076666
157,1348,1505,0.1467954880600916
154,1350,1504,0.14680992360168957
157,1339,1496,0.14683100011495295
157,1340,1497,0.14684287014434652
154,1351,1505,0.14685406021980074
154,1352,1506,0.14687425786653382
153,1350,1503,0.14689282341061183
155,1350,1505,0.1469131502225877
157,1355,1512,0.1469267659674961
157,1352,1509,0.1469344771375417
156,1364,1520,0.14694176875049036
156,1359,1515,0.14695166837892798
157,1366,1523,0.14696110539913293
153,1360,1513,0.14696770588007024
156,1371,1527,0.14698487010294442
153,1367,1520,0.146992609336721
150,1351,1501,0.14700832718566026
146,1358,1504,0.14703027520363032
145,1359,1504,0.14706168775548534
144,1361,1505,0.14709315554084232
145,1374,1519,0.1471251233071155
144,1374,1518,0.1471523099169772
149,1369,1518,0.14718007597016156
147,1365,1512,0.14719300076817904
147,1359,1506,0.14721101502764572
144,1351,1495,0.14722743848570496
144,1347,1491,0.1472514768515029
144,1361,1505,0.147274170042057
142,1363,1505,0.14729542862742964
143,1363,1506,0.1473206920594082
144,1365,1509,0.14734188564961198
143,1356,1499,0.14735892027931544
141,1361,1502,0.14737810134398094
144,1368,1512,0.147401553413163
148,1361,1509,0.1474151227594997
148,1362,1510,0.14741687855656288
150,1358,1508,0.14741840074611948
149,1371,1520,0.14741463460553164
147,1378,1525,0.1474137793985827
148,1379,1527,0.1474189798404977
142,1372,1514,0.14742076305732785
144,1356,1500,0.14743900188511333
143,1356,1499,0.14744961438490733
144,1363,1507,0.14746141922557537
147,1354,1501,0.14746936917141726
147,1362,1509,0.14746838160083475
145,1364,1509,0.1474673333270284
147,1358,1505,0.14747176023156638
147,1354,1501,0.14747017724974795
148,1364,1512,0.14746866601236924
144,1353,1497,0.14746429704860725
146,1359,1505,0.14747062550897552
149,1348,1497,0.14747109092309849
149,1343,1492,0.1474628297765018
150,1352,1502,0.14745560102064922
148,1360,1508,0.14744596723181533
153,1361,1514,0.14744298236433245
152,1361,1513,0.1474272121672192
151,1373,1524,0.14741579706987
151,1377,1528,0.147407821056054
147,1382,1529,0.14740033377292291
150,1367,1517,0.14740449800429523
149,1369,1518,0.14740040053953918
147,1367,1514,0.14739916549137805
148,1361,1509,0.14740344583729217
151,1362,1513,0.14740419433239407
150,1354,1504,0.14739726300873887
153,1358,1511,0.1473938292098186
150,1361,1511,0.1473823276222733
148,1383,1531,0.14737979020254519
149,1368,1517,0.14738270912746393
149,1379,1528,0.14738323174423557
145,1363,1508,0.1473836597674617
141,1366,1507,0.14739630363811998
140,1376,1516,0.14741891464969947
141,1387,1528,0.14744222306608157
139,1387,1526,0.14746137169846846
142,1390,1532,0.14748530344170238
137,1385,1522,0.14749906920869388
140,1384,1524,0.14752616771028368
143,1388,1531,0.14754290863056102
145,1385,1530,0.14755004360665167
144,1386,1530,0.14755094724817097
141,1370,1511,0.1475544688991709
140,1362,1502,0.14756548419368204
141,1365,1506,0.1475783699003691
141,1373,1514,0.14758715891327737
144,1370,1514,0.14759547020789326
147,1378,1525,0.14759554045923906
148,1374,1522,0.14758665510373356
149,1360,1509,0.14757595349292962
150,1354,1504,0.1475621995432207
148,1354,1502,0.14754680785992716
149,1366,1515,0.1475379459355584
144,1376,1520,0.1475267440402584
145,1358,1503,0.1475302602056269
146,1366,1512,0.14752994354924032
142,1378,1520,0.14752617836598086
146,1384,1530,0.14753302033702384
146,1386,1532,0.1475285614818474
145,1367,1512,0.1475245954026635
147,1362,1509,0.1475231929733028
142,1367,1509,0.14751620156039416
142,1367,1509,0.14752306181767497
143,1373,1516,0.14752988037534975
144,1376,1520,0.14753334437694837
145,1361,1506,0.14753413894036446
144,1358,1502,0.14753186112492908
147,1368,1515,0.14753291006933061
146,1366,1512,0.1475269363019735
141,1370,1511,0.14752438229885492
142,1364,1506,0.1475356178521587
144,1369,1513,0.14754360915599427
143,1372,1515,0.14754528772425768
144,1375,1519,0.14754906390225192
146,1374,1520,0.1475499024442772
142,1370,1512,0.14754546482709555
144,1363,1507,0.1475533550440256
142,1370,1512,0.1475563772925654
145,1366,1511,0.1475651245795627
142,1372,1514,0.14756507970427335
141,1381,1522,0.14757307293371466
138,1373,1511,0.14758321532578417
139,1367,1506,0.14760204512958705
140,1388,1528,0.1476174064876128
138,1381,1519,0.1476296843720244
135,1384,1519,0.14764616135754616
134,1367,1501,0.14766911767438817
135,1368,1503,0.14769321815898004
134,1366,1500,0.14771383131628177
134,1379,1513,0.14773687937021132
135,1379,1514,0.14775815682365065
134,1392,1526,0.14777516860286866
135,1384,1519,0.14779399167060792
137,1378,1515,0.14780904987722596
138,1380,1518,0.14781856941164423
140,1385,1525,0.1478249314826139
136,1386,1522,0.14782591988614285
132,1397,1529,0.14783813997710915
135,1378,1513,0.14785981598396186
138,1373,1511,0.14787254295358074
140,1362,1502,0.14787651442645897
136,1358,1494,0.14787539113469259
133,1368,1501,0.147885147162935
135,1371,1506,0.1479022202388709
133,1378,1511,0.14791293635377825
132,1394,1526,0.1479285297565763
128,1384,1512,0.14794563759011478
129,1382,1511,0.14797366874432427
131,1381,1512,0.1479965691779487
132,1371,1503,0.1480121622485773
128,1386,1514,0.14802447794211127
126,1385,1511,0.14804682395982766
130,1385,1515,0.14807344276042073
129,1379,1508,0.14808670369064522
131,1383,1514,0.14810139568551034
129,1391,1520,0.14810972388856386
132,1393,1525,0.14812234958828585
132,1403,1535,0.1481257410718716
131,1392,1523,0.14812904338379757
129,1391,1520,0.14813454851103267
134,1394,1528,0.14814464557379817
129,1383,1512,0.14814051995166
130,1376,1506,0.14814996325954258
128,1375,1503,0.14815599686602052
134,1365,1499,0.1481666978227557
133,1376,1509,0.1481604596263324
132,1373,1505,0.1481582259709657
134,1378,1512,0.1481591563312907
136,1385,1521,0.14815454929016386
137,1393,1530,0.14814459876598376
138,1386,1524,0.14813290996763706
141,1378,1519,0.14811957301345569
143,1389,1532,0.14809843503659623
140,1381,1521,0.1480733259922539
139,1373,1512,0.1480581666010956
138,1372,1510,0.14804703023691976
138,1375,1513,0.14803936116280283
132,1378,1510,0.1480317542537585
130,1382,1512,0.14804127051909044
134,1380,1514,0.1480548846938497
138,1376,1514,0.1480566995962323
137,1377,1514,0.14804764211961344
137,1381,1518,0.1480431264140202
134,1385,1519,0.14803941418248348
133,1378,1511,0.14804460617910084
134,1376,1510,0.148052255184132
133,1390,1523,0.14805663461575644
135,1387,1522,0.1480629376635439
134,1384,1518,0.14806297803717441
134,1387,1521,0.1480660423825503
132,1388,1520,0.14806922749633414
128,1389,1517,0.14807746568541783
128,1381,1509,0.14809607642549083
126,1384,1510,0.1481134325012218
125,1386,1511,0.1481350092905277
126,1399,1525,0.1481577128165019
124,1397,1521,0.1481762266751501
125,1402,1527,0.14819870510429012
124,1392,1516,0.1482174237136009
124,1385,1509,0.1482371624281367
122,1381,1503,0.14825593349370805
125,1375,1500,0.1482782259687535
124,1382,1506,0.1482906391875595
124,1385,1509,0.14830477519955337
126,1390,1516,0.14831785829368777
124,1394,1518,0.14832458445434338
125,1388,1513,0.1483363221205169
128,1389,1517,0.14834458286711413
128,1383,1511,0.14834465167693164
127,1392,1519,0.14834463840209947
125,1387,1512,0.14834701960726665
125,1393,1518,0.1483545298350605
127,1400,1527,0.14836208415958363
126,1397,1523,0.1483642317908075
124,1392,1516,0.1483687551624243
126,1389,1515,0.14837883080879144
125,1369,1494,0.1483830297195819
124,1373,1497,0.14838982387497326
126,1381,1507,0.14839859157155605
127,1380,1507,0.14840120486685332
130,1385,1515,0.14840095654502033
131,1383,1514,0.14839292832169643
126,1396,1522,0.14838280056494843
126,1405,1531,0.14838713266939574
125,1405,1530,0.14839105963152524
124,1402,1526,0.14839725838555265
124,1404,1528,0.1484058897106152
122,1399,1521,0.14841403533458566
120,1383,1503,0.14842681197642332
119,1392,1511,0.14844457222876176
122,1400,1522,0.14846407170395
121,1399,1520,0.1484742904904883
122,1395,1517,0.14848662507900307
119,1398,1517,0.14849503613144502
122,1400,1522,0.14851122733095395
120,1399,1519,0.1485183275033436
122,1391,1513,0.14853068148742501
123,1384,1507,0.14853664981017464
122,1385,1507,0.14853894803347698
118,1380,1498,0.14854357463297035
117,1392,1509,0.1485584861006106
120,1405,1525,0.1485752873932249
122,1390,1512,0.14858292146478522
122,1387,1509,0.14858530524334196
122,1394,1516,0.1485878860532981
123,1385,1508,0.14859044682967906
121,1386,1507,0.14858995644812192
121,1389,1510,0.1485948202388356
124,1394,1518,0.14859923178781712
122,1400,1522,0.14859537169440132
125,1395,1520,0.14859742944974305
123,1400,1523,0.14859165841907634
123,1384,1507,0.14859140241114496
124,1391,1515,0.14859061808394425
120,1396,1516,0.14858756472494739
116,1384,1500,0.14859564899093292
117,1398,1515,0.14861338322425122
119,1403,1522,0.14862753600444611
119,1395,1514,0.14863569170936772
123,1372,1495,0.14864383828851035
122,1369,1491,0.14864002463980663
122,1376,1498,0.1486391309687697
124,1376,1500,0.14863850621313537
124,1391,1515,0.14863222765332412
122,1389,1511,0.14862641953299185
123,1396,1519,0.14862688493422077
118,1389,1507,0.14862447838574627
117,1390,1507,0.14863589812480493
121,1389,1510,0.14864953583050042
118,1388,1506,0.1486517179833331
120,1388,1508,0.14866244099250703
116,1388,1504,0.14866668033533403
114,1400,1514,0.14868166235825914
110,1398,1508,0.14870143822269014
112,1413,1525,0.14873042126684838
111,1417,1528,0.14875214026060216
110,1401,1511,0.14877432318400674
112,1397,1509,0.14879773794091547
113,1409,1522,0.14881424215204184
112,1406,1518,0.1488276491688057
111,1400,1511,0.1488433065532278
113,1396,1509,0.14886089735405147
109,1404,1513,0.1488722017916826
111,1416,1527,0.14889363474996725
112,1427,1539,0.14890806436688975
107,1414,1521,0.14891910045403026
111,1409,1520,0.14894297171688634
113,1405,1518,0.14895474251474083
110,1412,1522,0.14896024452866988
108,1408,1516,0.14897333561006676
108,1408,1516,0.14899088464642432
108,1402,1510,0.14900717963774932
105,1405,1510,0.1490221767750505
104,1412,1516,0.14904419392672733
109,1405,1514,0.14906712554585175
109,1411,1520,0.14907564412519528
104,1412,1516,0.1490840296386188
105,1419,1524,0.14910545013361048
104,1412,1516,0.14912232940788278
106,1417,1523,0.14914118039552599
104,1425,1529,0.1491534120225256
102,1408,1510,0.14916944403441224
99,1412,1511,0.149189814947221
103,1422,1525,0.14921656830612873
105,1408,1513,0.1492303467351422
103,1406,1509,0.14923797050243218
99,1409,1508,0.14925114409395845
100,1420,1520,0.14927384695193127
99,1417,1516,0.14929204061772963
106,1415,1521,0.14931115967619618
105,1426,1531,0.1493101954277923
105,1417,1522,0.1493121971584846
107,1420,1527,0.1493141849632479
107,1414,1521,0.1493107303072061
104,1408,1512,0.14930768098793007
102,1403,1505,0.14931322392349725
107,1394,1501,0.14932410557763748
106,1400,1506,0.14932082512321113
106,1405,1511,0.1493208294480764
108,1401,1509,0.1493207910769379
110,1404,1514,0.14931522791824953
108,1408,1516,0.1493046844825447
109,1420,1529,0.14930054596576864
107,1415,1522,0.14929382717671058
106,1409,1515,0.1492932843041536
102,1411,1513,0.14929618497492086
103,1404,1507,0.14930960877649826
102,1406,1508,0.1493194608892127
103,1416,1519,0.14933180529226292
99,1409,1508,0.14934079773344464
100,1411,1511,0.1493603599405082
99,1419,1518,0.1493763023299822
98,1424,1522,0.14939338961640883
98,1418,1516,0.14941211029853382
98,1415,1513,0.14942960409726655
99,1416,1515,0.14944580895851517
100,1417,1517,0.1494577867173399
103,1412,1515,0.1494661415832904
99,1414,1513,0.14946543048752606
98,1417,1515,0.1494757719642292
101,1416,1517,0.1494879281309677
100,1414,1514,0.14949095554241637
103,1420,1523,0.14949656976283626
103,1412,1515,0.149493663821189
107,1416,1523,0.14949094194877227
104,1424,1528,0.14947709350940477
104,1402,1506,0.14947288500173683
103,1404,1507,0.14946928418379518
103,1404,1507,0.14946893908719458
103,1403,1506,0.14946858290198267
105,1400,1505,0.149467964249271
104,1402,1506,0.14946133996846855
103,1415,1518,0.14945768854712313
102,1418,1520,0.14945696515122506
103,1415,1518,0.149458714830239
103,1412,1515,0.14945763224370356
104,1398,1502,0.14945658252873806
103,1410,1513,0.14945308380546365
103,1405,1508,0.14945239541135322
104,1408,1512,0.14945199163784928
103,1407,1510,0.14944849895158152
105,1409,1514,0.1494480297916599
104,1411,1515,0.14944282862429134
104,1407,1511,0.14944065280502275
103,1410,1513,0.14943826961975204
103,1415,1518,0.14943938235238938
104,1418,1522,0.1494405021745635
104,1410,1514,0.1494385560423433
104,1409,1513,0.14943699557691054
100,1412,1512,0.14943549666943373
101,1406,1507,0.1494450898484455
102,1414,1516,0.14945190417470017
100,1421,1521,0.14945531185751798
101,1430,1531,0.14946388636602997
102,1427,1529,0.1494695381995173
102,1428,1530,0.14947179839372302
103,1439,1542,0.1494739927851664
101,1416,1517,0.1494737016132959
103,1402,1505,0.14947892502201754
102,1421,1523,0.14947840215214594
101,1417,1518,0.14948051698743048
101,1418,1519,0.1494848800000939
102,1420,1522,0.14948886491460656
102,1410,1512,0.14948989872069038
100,1407,1507,0.1494910172954871
99,1409,1508,0.14949729146637264
102,1411,1513,0.14950461584463873
104,1407,1511,0.14950303260460637
104,1406,1510,0.1494964914066761
106,1399,1505,0.14949058956773073
104,1411,1515,0.14947979476329742
103,1421,1524,0.14947523095706627
101,1417,1518,0.14947380889968712
104,1427,1531,0.14947783642684326
104,1429,1533,0.14947308412545465
104,1421,1525,0.14946868868478194
103,1405,1508,0.14946450622219787
102,1394,1496,0.14946325035579983
100,1405,1505,0.14946470074588855
100,1411,1511,0.14947146180036033
98,1411,1509,0.14947685415693646
102,1419,1521,0.14948673268501136
102,1405,1507,0.14948538151939417
101,1407,1508,0.14948398840957292
103,1416,1519,0.149485552588822
109,1407,1516,0.14948199028893294
110,1409,1519,0.14946214597448812
109,1415,1524,0.14944134974155293
110,1430,1540,0.14942501203352632
106,1423,1529,0.14940725227684148
104,1414,1518,0.14940166677093242
105,1414,1519,0.14940274632670394
104,1399,1503,0.14940097179486234
100,1403,1503,0.14940226997561507
99,1420,1519,0.14941397220327546
98,1418,1516,0.14942696271864048
99,1420,1519,0.14944152323175708
99,1415,1514,0.1494524659658548
96,1417,1513,0.14946270011224974
94,1433,1527,0.14948013531975715
96,1439,1535,0.14950167969263403
98,1434,1532,0.1495166946499941
98,1430,1528,0.149525569602821
99,1421,1520,0.14953408189183304
98,1415,1513,0.14953938498452718
95,1413,1508,0.14954709214897183
101,1399,1500,0.1495619529022644
99,1413,1512,0.14955996834590202
101,1411,1512,0.14956355656555545
99,1407,1506,0.14956227393568633
98,1409,1507,0.1495666782685926
95,1418,1513,0.1495731588125225
94,1414,1508,0.14958751185075578
96,1417,1513,0.14960395256424946
96,1419,1515,0.14961375322053766
94,1417,1511,0.1496227414053137
96,1422,1518,0.1496362897343284
99,1420,1519,0.149643299240801
101,1422,1523,0.14964148326901464
98,1420,1518,0.14963464146771457
96,1411,1507,0.14963655936081793
94,1415,1509,0.14964405742377648
97,1421,1518,0.1496564647902709
95,1411,1506,0.1496599492665314
97,1410,1507,0.14966869626643808
100,1414,1514,0.14967121489148622
98,1415,1513,0.1496655626160401
99,1417,1516,0.14966626978716246
98,1414,1512,0.14966455110513882
96,1426,1522,0.1496655261635623
98,1424,1522,0.14967228597073542
93,1440,1533,0.14967285640887176
98,1433,1531,0.14968695740417476
97,1426,1523,0.14968602396286423
95,1420,1515,0.1496878137821376
96,1426,1522,0.14969473481020582
95,1420,1515,0.14969876730428666
90,1427,1517,0.14970565000276376
90,1421,1511,0.1497264322466018
92,1431,1523,0.1497456353107206
87,1431,1518,0.14975830769142312
87,1433,1520,0.1497841569489771
87,1432,1519,0.14980861705345355
84,1428,1512,0.1498314581450351
82,1434,1516,0.14986069908687785
81,1427,1508,0.1498934011772859
81,1430,1511,0.14992604737186252
78,1424,1502,0.14995676048180928
80,1438,1518,0.14999365827313924
81,1435,1516,0.15002247103735256
80,1433,1513,0.15004675379388566
80,1428,1508,0.15007241678270322
81,1431,1512,0.15009662254018977
79,1450,1529,0.1501166821645285
79,1455,1534,0.15014109193438022
80,1442,1522,0.15016367063322075
80,1445,1525,0.1501820746672284
80,1445,1525,0.15019924945151863
79,1448,1527,0.15021530258574908
79,1422,1501,0.15023295589697752
80,1434,1514,0.15024945803034048
77,1442,1519,0.15026223291333912
80,1449,1529,0.15028269944479447
79,1455,1534,0.15029321281557434
77,1449,1526,0.1503060393553812
78,1440,1518,0.15032370710007154
78,1432,1510,0.1503375572262538
77,1438,1515,0.1503505508802957
76,1442,1518,0.15036573802190667
74,1441,1515,0.1503826432022394
72,1444,1516,0.15040363530931838
71,1438,1509,0.15042824232532206
74,1437,1511,0.15045386662258767
74,1439,1513,0.1504694335859922
75,1450,1525,0.15048408860350854
77,1456,1533,0.15049514110117465
78,1457,1535,0.15049972792803998
75,1454,1529,0.1505012553181374
73,1455,1528,0.1505108807489108
73,1441,1514,0.15052589693063623
77,1448,1525,0.15054016570871734
75,1439,1514,0.1505417838021444
75,1447,1522,0.1505486592862817
76,1445,1521,0.15055465398659976
74,1443,1517,0.15055745527057657
74,1437,1511,0.15056585803025205
75,1447,1522,0.15057373847032607
76,1455,1531,0.15057840161591082
78,1458,1536,0.15058000687709233
77,1445,1522,0.15057555781119691
77,1445,1522,0.15057433228932074
76,1442,1518,0.15057294520400483
74,1451,1525,0.15057479889810382
74,1434,1508,0.15058191132817705
75,1452,1527,0.15058843337227645
76,1452,1528,0.1505915474235241
74,1449,1523,0.15059167989292946
73,1441,1514,0.15059686859409688
77,1445,1522,0.15060468004120361
78,1434,1512,0.15060078025934812
80,1439,1519,0.15059487619873202
77,1438,1515,0.15058384091400306
72,1449,1521,0.15058227736312377
72,1446,1518,0.1505943096885788
75,1448,1523,0.15060572047065016
75,1439,1514,0.15060864531643073
75,1427,1502,0.15061172181299387
77,1443,1520,0.1506149885242143
77,1442,1519,0.15061213233840282
77,1443,1520,0.15060933492410755
76,1431,1507,0.1506072193476111
76,1432,1508,0.15060801355681744
77,1423,1500,0.15060776041006366
80,1429,1509,0.1506051844089589
79,1422,1501,0.15059485140334095
80,1431,1511,0.15058792371578922
80,1433,1513,0.15057879088760448
82,1440,1522,0.15057022411964374
79,1441,1520,0.15055706502173002
74,1433,1507,0.1505534527608244
74,1442,1516,0.1505636063921038
76,1442,1518,0.1505730541308099
76,1440,1516,0.15057648328584727
77,1426,1503,0.15057969974567137
78,1424,1502,0.15057993247589682
81,1425,1506,0.15057712487712255
83,1433,1516,0.15056620501646645
84,1445,1529,0.15055086343564572
84,1429,1513,0.15053403477423877
83,1447,1530,0.15051856506827055
82,1445,1527,0.15050747470280088
82,1451,1533,0.15049983225803235
82,1444,1526,0.15049244585319024
83,1443,1526,0.15048535774405056
83,1448,1531,0.15047632342124362
80,1446,1526,0.15046804361196836
80,1452,1532,0.15046791111660685
82,1456,1538,0.15046768611726644
81,1443,1524,0.15046223581028445
80,1433,1513,0.15045973581524855
80,1430,1510,0.15046024139465175
82,1428,1510,0.15046118213048232
81,1427,1508,0.1504566209723132
79,1425,1504,0.1504550741827266
79,1424,1503,0.150458667152134
77,1438,1515,0.1504621472741295
76,1439,1515,0.15047088802140238
75,1431,1506,0.15048184737174894
77,1432,1509,0.15049477475472636
79,1425,1504,0.1505012029006787
79,1431,1510,0.15050185482238376
77,1430,1507,0.15050275515576733
74,1425,1499,0.15050916765467023
73,1423,1496,0.15052359757193748
72,1444,1516,0.15053981753553192
70,1447,1517,0.15055781811434907
71,1441,1512,0.15058017075948663
69,1442,1511,0.15059793821604103
69,1434,1503,0.15061969855547455
67,1422,1489,0.15063970911375882
67,1443,1510,0.150663786038749
66,1453,1519,0.15068629577725087
65,1453,1518,0.15070981147243867
68,1448,1516,0.15073451794717996
67,1440,1507,0.15074913172124016
66,1450,1516,0.15076600018157588
64,1447,1511,0.15078380369092628
69,1445,1514,0.15080602401438523
69,1428,1497,0.15081301328772953
71,1453,1524,0.15081958464524725
72,1450,1522,0.1508203928125525
71,1442,1513,0.15081866870323732
71,1427,1498,0.15081992823830453
69,1447,1516,0.15082137425110334
67,1445,1512,0.15082858229503363
67,1448,1515,0.15084054598386248
66,1442,1508,0.15085209219194992
66,1445,1511,0.1508654703809373
66,1454,1520,0.15087794411337738
67,1460,1527,0.15088931168292954
67,1457,1524,0.15089720926194136
67,1469,1536,0.15090432551662888
67,1464,1531,0.15091114332525335
63,1451,1514,0.15091750392505887
66,1458,1524,0.1509342572188921
67,1464,1531,0.15094164519343617
69,1458,1527,0.15094537833123436
70,1452,1522,0.15094326552333082
70,1463,1533,0.1509387536631505
70,1452,1522,0.1509343632421345
70,1456,1526,0.15093014610219696
66,1465,1531,0.1509259533257647
65,1468,1533,0.150933307152292
67,1460,1527,0.15094262437150338
71,1457,1528,0.1509457772181926
68,1450,1518,0.1509377129101256
70,1452,1522,0.15093833510092383
66,1458,1524,0.15093329107809897
65,1458,1523,0.1509396579970545
62,1451,1513,0.15094810350827473
65,1450,1515,0.15096430775149786
64,1440,1504,0.15097072370874487
66,1436,1502,0.15097919187191394
64,1447,1511,0.15098168812705
62,1438,1500,0.15098916472634405
62,1427,1489,0.1510017279569026
63,1433,1496,0.1510133279826407
65,1436,1501,0.15102118429845438
65,1449,1514,0.15102292664293612
64,1449,1513,0.1510247696402568
67,1455,1522,0.15102931158599253
66,1466,1532,0.15102488668405106
62,1458,1520,0.15102340107998224
57,1465,1522,0.15103329491721118
59,1471,1530,0.15105676422363284
59,1459,1518,0.1510730243795394
59,1454,1513,0.15108827131772704
58,1457,1515,0.15110258691910883
58,1444,1502,0.15111928117388806
59,1449,1508,0.15113474955672068
58,1458,1516,0.15114634561525228
60,1460,1520,0.15116007002154777
62,1465,1527,0.1511671263355083
62,1460,1522,0.15116779144298756
62,1457,1519,0.15116849105270513
62,1462,1524,0.15116904660552227
64,1453,1517,0.15116954384336037
63,1464,1527,0.15116406064218046
61,1460,1521,0.15116176888001667
62,1466,1528,0.15116554897228215
62,1458,1520,0.15116592581283353
66,1454,1520,0.15116624682008692
65,1442,1507,0.1511552792435234
64,1450,1514,0.15114799032561602
63,1458,1521,0.15114432027126423
61,1453,1514,0.15114392464093765
61,1455,1516,0.15114950867652557
60,1455,1515,0.15115474569661888
62,1452,1514,0.15116214677137718
63,1453,1516,0.15116331759682475
61,1453,1514,0.15116210215935053
59,1448,1507,0.1511666088483559
60,1452,1512,0.15117645652896658
61,1449,1510,0.1511827443050951
61,1456,1517,0.15118572495115792
61,1453,1514,0.15118837817082617
61,1460,1521,0.15119078095390756
62,1458,1520,0.15119295485441206
61,1448,1509,0.15119194807068684
61,1450,1511,0.15119368953901355
62,1453,1515,0.15119460573586152
60,1454,1514,0.15119235750514004
61,1460,1521,0.15119653273952363
62,1463,1525,0.15119769225500035
63,1454,1517,0.15119614807933723
61,1454,1515,0.15119201220557316
60,1463,1523,0.15119414534434625
61,1461,1522,0.1511988933655756
60,1475,1535,0.15120046537545184
61,1461,1522,0.15120531114840574
60,1462,1522,0.15120707458186244
61,1467,1528,0.1512117593529208
58,1455,1513,0.15121334816126794
58,1453,1511,0.15122353184028053
53,1448,1501,0.151232994907299
52,1461,1513,0.1512559642509355
49,1471,1520,0.1512800747263952
47,1459,1506,0.1513117690013587
48,1457,1505,0.15134675935779973
49,1453,1502,0.15137657986937447
49,1471,1520,0.1514012771081828
50,1463,1513,0.1514243425518712
49,1464,1513,0.15144305911877415
49,1460,1509,0.1514632730310937
49,1472,1521,0.15148212748461273
48,1470,1518,0.15149935016469507
48,1472,1520,0.15151830540669264
50,1461,1511,0.15153598415990852
49,1470,1519,0.15154645959594976
50,1466,1516,0.1515590937947722
48,1465,1513,0.15156796813875853
47,1464,1511,0.15158216425929147
49,1461,1510,0.15159838213787316
49,1460,1509,0.1516074352896713
48,1458,1506,0.15161587973439997
49,1463,1512,0.15162657561471757
46,1455,1501,0.15163365079069183
45,1473,1518,0.1516489290704926
47,1462,1509,0.15166609313943413
48,1465,1513,0.15167627608969514
49,1469,1518,0.15168245861432503
49,1477,1526,0.15168538603258142
50,1468,1518,0.15168837059266035
52,1478,1530,0.1516882417647929
55,1476,1531,0.15168249809930193
53,1463,1516,0.15166890131066152
54,1465,1519,0.151662312955235
54,1478,1532,0.15165357540756905
51,1467,1518,0.15164555512879893
52,1455,1507,0.15164721962383315
51,1452,1503,0.15164595964898023
50,1473,1523,0.15164785532627803
53,1446,1499,0.15165261565659152
53,1447,1500,0.151647719310707
52,1455,1507,0.15164321377225318
53,1454,1507,0.15164202468124055
53,1468,1521,0.15163789118450846
53,1464,1517,0.15163351883043127
52,1464,1516,0.1516292915561286
55,1473,1528,0.15162825223079626
54,1464,1518,0.15161888879256152
55,1464,1519,0.1516128299399903
55,1463,1518,0.15160418015553404
55,1454,1509,0.151596058722835
55,1467,1522,0.15158835576008334
54,1460,1514,0.1515811252490157
55,1449,1504,0.15157725612862955
56,1460,1516,0.1515704990748864
57,1453,1510,0.1515613414163212
56,1443,1499,0.15154988442803513
56,1452,1508,0.15154220624263318
56,1470,1526,0.1515347732806516
54,1466,1520,0.1515279879720218
50,1472,1522,0.15152766490884026
50,1457,1507,0.15153967645291602
48,1460,1508,0.1515507385067581
46,1456,1502,0.15156642405796864
47,1460,1507,0.15158686643012248
47,1457,1504,0.15160292919512908
47,1460,1507,0.15161782754693498
47,1462,1509,0.15163157540657704
50,1458,1508,0.15164426220098542
51,1453,1504,0.1516475610355953
48,1469,1517,0.15164768896885517
48,1464,1512,0.15165680764036815
49,1462,1511,0.15166518619785418
51,1467,1518,0.15167019807180454
53,1461,1514,0.15166884420330465
53,1460,1513,0.15166200363496635
49,1465,1514,0.1516556903411998
52,1465,1517,0.15166139197087386
50,1465,1515,0.15165810970512875
52,1462,1514,0.15166086888492253
53,1464,1517,0.15165742158204826
53,1456,1509,0.15165133619824736
53,1455,1508,0.15164536660406314
53,1459,1512,0.15163979722592416
54,1458,1512,0.15163476097379483
56,1458,1514,0.15162730624905577
57,1460,1517,0.15161432694588559
56,1446,1502,0.15159942503641802
55,1450,1505,0.15158854672377933
54,1456,1510,0.15158137239409927
54,1454,1508,0.1515776138227489
55,1453,1508,0.151574025589068
56,1448,1504,0.15156756210950714
56,1448,1504,0.15155868436546927
54,1447,1501,0.15155041477902118
55,1458,1513,0.15154831735249613
53,1453,1506,0.1515431694080758
51,1452,1503,0.15154427555646657
52,1447,1499,0.15155108679496984
52,1457,1509,0.15155452996405153
54,1451,1505,0.15155757567312678
55,1456,1511,0.1515541310178306
54,1463,1517,0.15154797291584732
54,1458,1512,0.15154524217985788
53,1468,1521,0.15154250493516103
52,1460,1512,0.15154269387098587
53,1459,1512,0.15154554298277673
53,1474,1527,0.15154526056475665
52,1469,1521,0.1515449126489854
52,1478,1530,0.15154726354988163
50,1458,1508,0.15154940373177525
50,1451,1501,0.15155697604638443
50,1454,1504,0.15156411633491557
50,1468,1518,0.15157075130161307
48,1457,1505,0.15157669756927608
47,1464,1511,0.15158828002421854
47,1471,1518,0.15160228330003328
48,1467,1515,0.15161532815279763
48,1457,1505,0.15162447817889724
49,1459,1508,0.15163286561902686
48,1461,1509,0.1516377230655827
48,1467,1515,0.15164515147615318
50,1459,1509,0.1516520215455591
51,1456,1507,0.1516526445758233
51,1460,1511,0.15165035830995863
50,1460,1510,0.15164790898333494
50,1467,1517,0.15164852582971755
49,1460,1509,0.15164906897848116
51,1460,1511,0.15165252565351836
52,1475,1527,0.15164994594012435
51,1468,1519,0.15164454987671339
51,1469,1520,0.15164237759885923
54,1471,1525,0.1516403136200372
53,1462,1515,0.1516295885750471
53,1450,1503,0.15162246511820016
52,1455,1507,0.15161581282333067
52,1456,1508,0.1516126092336156
54,1456,1510,0.15160960633673487
54,1465,1519,0.1516008320609738
56,1452,1508,0.1515924945700853
55,1457,1512,0.15157890373647603
53,1464,1517,0.15156923744769615
53,1444,1497,0.15156590024480138
52,1442,1494,0.15156260950307612
54,1455,1509,0.15156252836085352
53,1459,1512,0.15155663793456667
53,1459,1512,0.15155412458135586
52,1455,1507,0.15155177093690222
51,1461,1512,0.15155251541859324
50,1458,1508,0.15155644391451378
50,1466,1516,0.15156309280819044
47,1460,1507,0.15156928473492542
47,1470,1517,0.15158388167629286
48,1462,1510,0.15159747943076332
49,1466,1515,0.15160716773178692
49,1476,1525,0.15161331739922168
47,1475,1522,0.15161894819421054
49,1473,1522,0.15163020384310902
48,1468,1516,0.15163494380685041
51,1469,1520,0.15164241483912488
50,1462,1512,0.15164042262444372
48,1472,1520,0.1516415282605424
47,1463,1510,0.15164842185758198
48,1460,1508,0.1516578679867463
48,1466,1514,0.15166368258486862
46,1473,1519,0.15166910007136072
47,1472,1519,0.15168018304464745
48,1479,1527,0.15168769251224598
48,1480,1528,0.1516916327599797
46,1476,1522,0.15169534092722753
45,1473,1518,0.15170469802482012
47,1453,1500,0.15171645647240412
45,1458,1503,0.1517216043563728
47,1460,1507,0.15173236254899977
46,1461,1507,0.1517364762744821
46,1461,1507,0.15174300418086267
44,1465,1509,0.1517494651074027
41,1481,1522,0.1517612441974747
43,1471,1514,0.15178081748012268
44,1480,1524,0.1517933703045291
43,1479,1522,0.15180228692594622
41,1477,1518,0.15181371494738183
40,1470,1510,0.1518301877416169
41,1467,1508,0.15184851791736007
43,1469,1512,0.15186278898946737
43,1470,1513,0.15187008603612026
43,1474,1517,0.15187696227498548
42,1474,1516,0.15188354603996548
41,1466,1507,0.15189300958051244
41,1466,1507,0.15190487253650684
41,1457,1498,0.15191607327071782
41,1466,1507,0.15192655174959627
42,1469,1511,0.15193652572104357
42,1468,1510,0.15194282428708714
43,1463,1506,0.15194875044403167
42,1474,1516,0.15195148942043255
41,1469,1510,0.15195715948098104
41,1472,1513,0.151965439781073
38,1476,1514,0.15197319728441921
39,1482,1521,0.151989663984188
37,1466,1503,0.15200202661164094
35,1471,1506,0.15201958784234018
36,1481,1517,0.15204191015549598
38,1485,1523,0.15205953753293017
36,1475,1511,0.15207012697338487
38,1472,1510,0.1520860442015134
37,1476,1513,0.15209515066350904
37,1471,1508,0.15210668489178017
36,1489,1525,0.15211749485954984
36,1498,1534,0.15213058047669306
37,1492,1529,0.15214282588187467
35,1483,1518,0.15215117728135483
33,1469,1502,0.1521649331851973
34,1460,1494,0.15218358556015107
33,1471,1504,0.15219791095545557
35,1480,1515,0.15221443233332807
36,1484,1520,0.15222377502246287
34,1474,1508,0.15222974734441386
34,1483,1517,0.15224159222058165
34,1470,1504,0.15225272059252656
36,1485,1521,0.15226315892952946
34,1478,1512,0.15226676940419379
35,1484,1519,0.15227610474360728
33,1477,1510,0.152281781133156
32,1488,1520,0.15229324593287236
33,1487,1520,0.15230697159176937
31,1477,1508,0.15231694097539097
30,1473,1503,0.15233239992047978
29,1481,1510,0.15234978369841465
30,1489,1519,0.15236905444244278
31,1474,1505,0.15238411830023096
31,1488,1519,0.15239529413628303
31,1476,1507,0.15240581951454682
30,1483,1513,0.15241570032870874
31,1481,1512,0.15242786107570214
32,1485,1517,0.1524362716662938
31,1486,1517,0.15244118584931873
30,1491,1521,0.15244895250634338
32,1480,1512,0.1524591006091188
32,1479,1511,0.15246234122716817
32,1475,1507,0.15246529559192798
33,1480,1513,0.1524679445378319
34,1475,1509,0.15246732574163452
34,1481,1515,0.1524638599917852
34,1489,1523,0.15246053144221203
34,1469,1503,0.15245742613137508
32,1472,1504,0.15245446709302696
32,1473,1505,0.1524577581385492
32,1475,1507,0.1524610046122599
28,1465,1493,0.15246405617820868
30,1465,1495,0.15247921254734803
29,1481,1510,0.15248746967437019
29,1492,1521,0.1524984529891804
28,1473,1501,0.15250878264004641
28,1477,1505,0.15252149830085193
27,1478,1505,0.15253342148666196
25,1503,1528,0.1525475173184577
24,1501,1525,0.1525668315349969
25,1503,1528,0.1525878134568564
26,1497,1523,0.15260425634751504
26,1488,1514,0.1526166835750235
24,1493,1517,0.15262853872084814
24,1490,1514,0.1526457052313894
23,1491,1514,0.15266168271306912
24,1495,1519,0.15267964059810882
24,1491,1515,0.15269357588239843
24,1495,1519,0.15270667421088194
24,1500,1524,0.15271895945750785
24,1501,1525,0.15273047856759364
23,1503,1526,0.1527412791461968
22,1496,1518,0.15275452182190422
21,1489,1510,0.1527698995360914
20,1488,1508,0.15278733402464106
19,1488,1507,0.15280666553672673
19,1498,1517,0.15282771206654186
20,1498,1518,0.15284739334440123
18,1499,1517,0.15286285505848698
18,1489,1507,0.1528834776744447
20,1491,1511,0.15290281978959144
20,1501,1521,0.15291489862937246
19,1491,1510,0.1529262574497347
19,1494,1513,0.15293987632909956
19,1494,1513,0.15295263690624558
19,1496,1515,0.1529645944217085
18,1511,1529,0.15297580322564194
18,1515,1533,0.15298937629619586
17,1516,1533,0.15300209061557302
17,1509,1526,0.15301718122998897
17,1498,1515,0.15303133506716918
18,1488,1506,0.1530446133140212
16,1487,1503,0.15305399133836575
16,1490,1506,0.15306891737273332
17,1486,1503,0.1530829090222788
16,1495,1511,0.15309272340175462
15,1501,1516,0.15310498289688332
15,1500,1515,0.15311968266345238
15,1500,1515,0.15313348535154891
14,1510,1524,0.15314642698907913
14,1497,1511,0.15316166834649023
11,1492,1503,0.1531760408299555
11,1499,1510,0.15319897829311704
11,1506,1517,0.15322054940465413
11,1517,1528,0.1532408032200539
11,1503,1514,0.1532598139822766
11,1507,1518,0.153277658849909
11,1502,1513,0.15329441057012208
11,1512,1523,0.15331013696262036
11,1510,1521,0.15332490137183347
11,1507,1518,0.1533387630884238
11,1522,1533,0.15335177767449465
11,1524,1535,0.1533639972281401
10,1516,1526,0.15337547061288878
10,1513,1523,0.15338945558730022
10,1521,1531,0.15340258781674782
10,1502,1512,0.15341491923117087
10,1509,1519,0.15342649942422004
9,1482,1491,0.1534373747676316
9,1497,1506,0.15345071160942328
9,1500,1509,0.15346322596726744
9,1506,1515,0.15347497580507136
9,1524,1533,0.15348600994653616
9,1521,1530,0.15349637261111213
8,1519,1527,0.15350610487179697
7,1509,1516,0.15351838638968618
7,1512,1519,0.1535330516793454
7,1498,1505,0.1535468213269111
7,1513,1520,0.15355975601491223
8,1506,1514,0.15357190612224222
8,1503,1511,0.15358016559810012
8,1495,1503,0.15358792776870195
7,1490,1497,0.15359521996275594
8,1506,1514,0.15360525162148828
8,1529,1537,0.15361147981987383
8,1509,1517,0.15361733904130515
8,1511,1519,0.1536228421771001
8,1513,1521,0.15362801070895807
8,1524,1532,0.15363286541960303
8,1512,1520,0.1536374256654373
9,1502,1511,0.15364170949969602
9,1508,1517,0.15364258097897132
11,1506,1517,0.15364341825564445
11,1502,1513,0.1536378809318068
11,1494,1505,0.15363273158205762
11,1500,1511,0.15362791779273943
10,1498,1508,0.1536234106588893
8,1513,1521,0.15362230667872015
8,1524,1532,0.1536275735111507
8,1518,1526,0.15363249639348614
8,1518,1526,0.15363711572362113
8,1516,1524,0.15364145354089961
7,1503,1510,0.1536455271625346
8,1503,1511,0.15365248368331585
8,1502,1510,0.15365587599748445
9,1503,1512,0.15365906638444168
9,1507,1516,0.15365883796478752
9,1509,1518,0.15365863115927464
9,1505,1514,0.15365843770347
9,1500,1509,0.15365825529873345
9,1503,1512,0.15365808310363502
8,1517,1525,0.15365792067090936
7,1513,1520,0.15366098674956363
7,1516,1523,0.15366709413429117
7,1523,1530,0.15367281003028332
7,1521,1528,0.15367818283102022
6,1511,1517,0.15368323118035346
6,1515,1521,0.15369121436791555
6,1522,1528,0.15369873233725442
5,1514,1519,0.15370579465794332
5,1516,1521,0.1537156111346967
5,1520,1525,0.15372482081097633
5,1524,1529,0.153733469176833
5,1522,1527,0.15374159239306923
5,1505,1510,0.1537492227346175
5,1509,1514,0.1537563901607749
5,1495,1500,0.15376312277538623
5,1514,1519,0.15376944699576087
5,1512,1517,0.15377538765447757
5,1499,1504,0.15378096808654568
5,1522,1527,0.15378621021279193
5,1524,1529,0.15379113462087685
4,1517,1521,0.15379576064351363
4,1519,1523,0.1538033594973836
4,1501,1505,0.15381050144517908
4,1514,1518,0.15381721509853485
4,1519,1523,0.15382352587968431
4,1517,1521,0.1538294572238973
4,1511,1515,0.15383503137771046
4,1515,1519,0.15384026949849072
4,1530,1534,0.1538451916386511
4,1511,1515,0.15384981674557308
4,1516,1520,0.15385416268568633
4,1521,1525,0.1538582462839568
4,1513,1517,0.15386208337129237
4,1527,1531,0.1538656888352105
4,1523,1527,0.15386907667109784
4,1500,1504,0.15387226003258225
4,1499,1503,0.1538752512802186
4,1512,1516,0.1538780620280795
4,1505,1509,0.1538807031880652
5,1508,1513,0.15388318501187753
5,1506,1511,0.15388228257258393
5,1499,1504,0.15388144630384026
5,1505,1510,0.15388066350136326
5,1503,1508,0.15387992876788667
5,1510,1515,0.1538792389017484
6,1482,1488,0.1538785912497147
7,1481,1488,0.15387476047119858
7,1500,1507,0.15386794634368633
7,1513,1520,0.15386154871910607
7,1509,1516,0.1538555438341886
6,1505,1511,0.15384991072539195
5,1526,1531,0.15384782214518683
5,1529,1534,0.15384907676240572
5,1519,1524,0.15385025399253624
5,1508,1513,0.15385136215919096
5,1504,1509,0.1538524058691494
5,1504,1509,0.15385338838405843
5,1506,1511,0.15385431278764844
5,1508,1513,0.15385518215499577
5,1505,1510,0.1538559995221741
4,1509,1513,0.15385676784215666
4,1511,1515,0.15386070253583287
3,1520,1523,0.15386439929168919
3,1521,1524,0.15387104167840285
3,1516,1519,0.15387729012579907
3,1508,1511,0.1538831632070805
3,1511,1514,0.15388868281057932
3,1531,1534,0.153893869360624
3,1522,1525,0.153898742385082
3,1526,1529,0.15390332052849273
3,1524,1527,0.15390762149057075
3,1528,1531,0.1539116620020672
3,1512,1515,0.15391545783512392
3,1506,1509,0.15391902383387063
3,1508,1511,0.15392237395526123
3,1517,1520,0.15392552131432233
3,1511,1514,0.15392847823058495
3,1508,1511,0.1539312562739475
3,1509,1512,0.1539338663090399
3,1514,1517,0.1539363185376247
3,1515,1518,0.15393862253882787
3,1512,1515,0.15394078730714308
3,1516,1519,0.1539428212882334
4,1520,1524,0.15394473241260023
4,1499,1503,0.15394328464653748
4,1512,1516,0.15394192255334344
4,1509,1513,0.15394064209471833
4,1516,1520,0.15393944092747666
4,1522,1526,0.15393831479516012
4,1514,1518,0.15393725910590553
4,1511,1515,0.153936269381399
4,1513,1517,0.15393534138175544
4,1510,1514,0.15393447113403658
4,1503,1507,0.15393365492934835
4,1498,1502,0.153932889309457
5,1506,1511,0.1539321710503395
5,1508,1513,0.15392827094719888
6,1510,1516,0.15392459999277433
6,1496,1502,0.15391791946854383
5,1491,1496,0.15391166143155138
6,1497,1503,0.15390899968264704
6,1486,1492,0.153903314201404
6,1494,1500,0.1538979645256112
6,1498,1504,0.15389294204671244
6,1500,1506,0.1538882293965555
6,1515,1521,0.15388380756860923
6,1518,1524,0.15387965828113137
5,1514,1519,0.15387576435542982
5,1525,1530,0.15387532869025136
6,1514,1520,0.15387492765293026
7,1506,1513,0.15387136463875806
7,1504,1511,0.1538648108223599
7,1509,1516,0.15385865598934775
7,1509,1516,0.1538528841807295
7,1503,1510,0.1538474795166847
7,1505,1512,0.1538424134864842
7,1511,1518,0.1538376634433028
7,1511,1518,0.15383320829659558
8,1516,1524,0.15382902840302587
8,1516,1524,0.1538219573113487
8,1514,1522,0.15381532519428076
8,1513,1521,0.15380910350962546
8,1520,1528,0.15380326730625804
8,1515,1523,0.15379779267596272
8,1498,1506,0.15379265685328847
8,1500,1508,0.15378783841534518
8,1499,1507,0.15378331730297062
8,1516,1524,0.15377907476637115
8,1524,1532,0.15377509328675887
8,1518,1526,0.15377135649358953
8,1507,1515,0.153767849084473
8,1516,1524,0.15376455675009779
9,1516,1525,0.1537614661047119
10,1515,1525,0.1537554728545441
10,1525,1535,0.15374665972891438
8,1512,1520,0.15373840451184453
8,1494,1502,0.15373691146593993
8,1495,1503,0.15373550801180152
8,1501,1509,0.1537341845595276
8,1504,1512,0.15373293594492907
8,1508,1516,0.15373175820597174
8,1494,1502,0.15373064767108643
7,1497,1504,0.1537296008415277
6,1513,1519,0.15373181300618918
6,1496,1502,0.15373706780256888
6,1500,1506,0.15374200301307975
5,1507,1512,0.1537466384502173
4,1523,1527,0.15375410381477045
4,1516,1520,0.15376426227021178
4,1514,1518,0.15377381585038077
5,1501,1506,0.1537827926406942
5,1511,1516,0.15378808287208262
5,1510,1515,0.1537930476192634
5,1511,1516,0.15379770802991163
3,1515,1518,0.1538020851788881
2,1523,1525,0.15381253255950728
2,1511,1513,0.1538255398338878
2,1517,1519,0.1538377966872905
2,1516,1518,0.15384931807866006
2,1521,1523,0.15386014154001926
2,1523,1525,0.153870307953992
2,1503,1505,0.15387985708440544
2,1518,1520,0.1538888266357976
2,1521,1523,0.15389725209288163
2,1526,1528,0.15390516676758081
2,1530,1532,0.15391260190587513
2,1533,1535,0.15391958680957568
2,1521,1523,0.15392614895800907
2,1528,1530,0.15393231412444736
2,1534,1536,0.1539381064856633
2,1537,1539,0.15394354872433047
2,1531,1533,0.15394866212449546
2,1532,1534,0.15395346666053583
2,1530,1532,0.15395798108006167
2,1521,1523,0.1539622229812151
2,1517,1519,0.15396620888479362
2,1519,1521,0.1539699543015903
2,1513,1515,0.15397347379530793
2,1509,1511,0.15397678104137513
2,1496,1498,0.15397988888195868
2,1496,1498,0.15398280937744513
2,1502,1504,0.15398555385463691
2,1521,1523,0.15398813295189082
2,1519,1521,0.15399055666140543
1,1516,1517,0.15399283436885047
1,1513,1514,0.15399823059798837
1,1518,1519,0.15400330023658587
1,1513,1514,0.15400806738993336
1,1523,1524,0.15401255070473585
1,1505,1506,0.15401676660371025
1,1501,1502,0.1540207305114086
1,1512,1513,0.15402445709729023
1,1520,1521,0.15402796030218943
0,1511,1511,0.15403125333818202
