1396,31,1427,0.13582150789339056
1426,29,1455,0.1329033504691471
1437,27,1464,0.1301593052106468
1442,26,1468,0.12762929376208745
1448,26,1474,0.12531138061083985
1456,26,1482,0.12318529800439162
1458,30,1488,0.12122840596946059
1467,27,1494,0.1194416811932453
1459,29,1488,0.11779267788916062
1449,29,1478,0.11631143545965753
1446,29,1475,0.11498756936060144
1445,28,1473,0.11378933138072413
1451,31,1482,0.11270039018899138
1458,31,1489,0.1116949267028307
1465,33,1498,0.11076252485961055
1476,31,1507,0.10989759857160415
1477,31,1508,0.10908473427442691
1466,31,1497,0.10834278106660963
1472,31,1503,0.10769293759913456
1462,31,1493,0.10708790592281957
1455,36,1491,0.10655983404790761
1444,38,1482,0.10609521022598659
1458,38,1496,0.10569690392692176
1468,37,1505,0.10530270277004654
1467,38,1505,0.10492154335379739
1465,41,1506,0.10457658263886425
1466,41,1507,0.1042670172300096
1468,42,1510,0.10398330540297226
1457,42,1499,0.10372089569411902
1454,42,1496,0.10350598980214867
1444,42,1486,0.10331692850151039
1429,44,1473,0.10316679503324419
1428,42,1470,0.10306306835949922
1425,43,1468,0.10297081072669925
1436,44,1480,0.10289357717507404
1443,46,1489,0.10279897004006443
1453,45,1498,0.1026974237547406
1455,46,1501,0.10258345575598722
1455,48,1503,0.10247523799928569
1445,47,1492,0.10237712492787267
1455,46,1501,0.10230963224976783
1465,46,1511,0.10222653806515215
1451,48,1499,0.10212926822117119
1438,53,1491,0.10207099488568018
1429,55,1484,0.10204629456014808
1418,55,1473,0.10204273496772735
1416,55,1471,0.10206354912859075
1426,55,1481,0.10208649430474445
1432,57,1489,0.10208564100827726
1441,59,1500,0.10207233519933169
1427,58,1485,0.10204024162077506
1434,59,1493,0.10204181080548987
1442,63,1505,0.1020279997926157
1424,63,1487,0.10199821455332096
1420,63,1483,0.10201009363412945
1417,62,1479,0.10202938923131905
1426,62,1488,0.10205362132081432
1432,60,1492,0.10205609942322823
1429,61,1490,0.10204536504463306
1426,62,1488,0.10204196586540243
1442,60,1502,0.10204528841570233
1442,58,1500,0.10201389408218925
1448,57,1505,0.10198557328883176
1443,58,1501,0.10194671045590326
1435,61,1496,0.10192221619783676
1441,63,1504,0.10191720354149844
1452,66,1518,0.10189973239405326
1433,64,1497,0.10185991099582781
1435,64,1499,0.10186475143797157
1423,65,1488,0.10186498462042608
1429,65,1494,0.1018912036932813
1437,66,1503,0.10190221489486596
1427,64,1491,0.10189511908633157
1436,66,1502,0.10191034620864382
1433,65,1498,0.10190465677615719
1439,63,1502,0.10190569126867274
1447,62,1509,0.1018936788179326
1451,61,1512,0.10186554276272618
1454,61,1515,0.10183130513093523
1450,61,1511,0.1017939068187411
1432,59,1491,0.10176817156321682
1449,63,1512,0.10178357207862927
1440,63,1503,0.10176071780961145
1428,63,1491,0.10175911899899695
1434,64,1498,0.10178374038339648
1429,64,1493,0.10179326630567889
1433,66,1499,0.10181292675758716
1431,64,1495,0.10182281147276143
1423,62,1485,0.10183598278059822
1424,65,1489,0.10186560521589152
1434,63,1497,0.10189082141271591
1430,63,1493,0.10189181233898097
1426,64,1490,0.10190121873776123
1416,66,1482,0.10191862192030399
1420,63,1483,0.10195569871159979
1429,62,1491,0.10198065042089517
1419,65,1484,0.10198412801585338
1418,68,1486,0.10200881231398132
1433,72,1505,0.10203388466245998
1426,72,1498,0.10202461849173732
1419,71,1490,0.10203150415233062
1432,70,1502,0.10205275682871463
1434,68,1502,0.10204391608455726
1419,69,1488,0.10203208183684911
1415,72,1487,0.10205330355056759
1418,72,1490,0.10208114538881585
1408,73,1481,0.10209974783440165
1421,73,1494,0.10213818913526193
1419,75,1494,0.10214537360300074
1415,72,1487,0.1021559840313481
1417,79,1496,0.10217447640058824
1419,80,1499,0.10218741236075157
1407,83,1490,0.10219500579959398
1402,85,1487,0.10222819054224053
1405,86,1491,0.10226901593244367
1400,87,1487,0.10229940665834913
1387,87,1474,0.1023381741704025
1400,85,1485,0.1024020207792293
1406,86,1492,0.10243185301646897
1409,86,1495,0.10244618233139365
1417,83,1500,0.10245264044268311
1433,82,1515,0.10244138436149158
1431,80,1511,0.10239583918704208
1426,80,1506,0.10235875889779353
1425,80,1505,0.10233605184358742
1415,84,1499,0.1023180056152051
1412,82,1494,0.10232319507698467
1397,81,1478,0.10233472784082051
1383,85,1468,0.10237775011444167
1388,86,1474,0.1024473596841299
1398,88,1486,0.10250046433936606
1382,87,1469,0.10252652619880856
1372,88,1460,0.10258482018105561
1391,89,1480,0.10265972696769897
1391,87,1478,0.1026871207697008
1391,88,1479,0.10271169055710608
1404,90,1494,0.10273417643328081
1397,93,1490,0.10272659346515009
1399,92,1491,0.10273521414017076
1399,95,1494,0.10273895469806017
1387,97,1484,0.10274202458536359
1382,97,1479,0.10277060178543725
1396,98,1494,0.10280755855263882
1393,99,1492,0.1028106469885768
1390,97,1487,0.10282025469809122
1393,99,1492,0.10283573667767726
1391,98,1489,0.10284381332125488
1375,101,1476,0.10285587297822708
1379,99,1478,0.102901690924107
1378,96,1474,0.10293440319220222
1380,98,1478,0.10296616483932258
1390,100,1490,0.1029905943253815
1382,102,1484,0.10299074339654307
1387,105,1492,0.10300856254663868
1383,104,1487,0.10301416456228014
1386,105,1491,0.1030282442296762
1396,104,1500,0.10303460542510173
1394,107,1501,0.10301850863362953
1379,108,1487,0.10300866229791296
1402,110,1512,0.10303225798306227
1392,113,1505,0.10300394323968554
1391,109,1500,0.10299991043091836
1391,109,1500,0.1029985930226533
1381,110,1491,0.10299753704683379
1388,108,1496,0.10301808293424099
1379,112,1491,0.10302149896973294
1382,118,1500,0.10304425144102612
1385,116,1501,0.10305904598664878
1381,116,1497,0.10306632151996499
1372,116,1488,0.10308154838340347
1379,116,1495,0.1031155273476083
1376,116,1492,0.10313155104093626
1373,118,1491,0.10315241414516951
1358,115,1473,0.1031779302916064
1359,114,1473,0.10323332930639541
1381,110,1491,0.10328209360836052
1390,108,1498,0.10327864653007104
1389,112,1501,0.10325592492663901
1374,113,1487,0.10323723513134307
1370,115,1485,0.10325341421813256
1385,114,1499,0.10327666548385572
1376,118,1494,0.10326523702788455
1364,117,1481,0.10327463893845917
1362,120,1482,0.1033096536442104
1353,124,1477,0.10334621439480295
1357,129,1486,0.10339901246999578
1373,131,1504,0.10343863991155064
1355,133,1488,0.10343951774319045
1349,131,1480,0.10347987692118567
1373,130,1503,0.10352979987252453
1361,133,1494,0.1035226907230272
1369,132,1501,0.10354299982075965
1376,136,1512,0.10354447990011419
1376,133,1509,0.1035309912278244
1361,134,1495,0.10351841138751539
1361,138,1499,0.10354018976277579
1358,137,1495,0.10356070490137022
1357,139,1496,0.103586129233674
1350,141,1491,0.10361181115336641
1356,141,1497,0.10365144211441328
1360,143,1503,0.10367458000889515
1351,151,1502,0.10368692143129196
1351,151,1502,0.10371753302661063
1350,155,1505,0.10374544023251843
1346,159,1505,0.10377338277404557
1337,162,1499,0.10380797592132879
1330,164,1494,0.10385899781252839
1330,157,1487,0.10392136597535886
1337,155,1492,0.10397777225113883
1342,151,1493,0.10401346061630694
1341,149,1490,0.1040347919646851
1356,145,1501,0.10405675155927292
1346,144,1490,0.10404406176973058
1346,149,1495,0.10405438821977206
1350,150,1500,0.10406348133224838
1351,148,1499,0.10406300870534135
1354,153,1507,0.10406097075580256
1341,154,1495,0.10405211704420393
1352,153,1505,0.1040723837958978
1347,155,1502,0.10406699236600776
1349,157,1506,0.10407357086012813
1355,156,1511,0.10407463731653838
1350,159,1509,0.10406294256354155
1355,162,1517,0.1040633185646946
1344,166,1510,0.10405287800880356
1329,162,1491,0.1040673710570871
1326,163,1489,0.10411356849408918
1326,162,1488,0.10416243721090651
1326,164,1490,0.1042069835178102
1327,162,1489,0.10424803146042308
1331,169,1500,0.10428315660488448
1321,171,1492,0.10430648607642508
1317,168,1485,0.10435040681848719
1311,168,1479,0.10439941851962438
1310,176,1486,0.10445828728982307
1312,177,1489,0.10451482252728614
1317,182,1499,0.10456225669915252
1309,184,1493,0.10459478715596879
1312,184,1496,0.10464193287137384
1308,184,1492,0.10467850542047383
1318,192,1510,0.10472080266063882
1313,190,1503,0.10473739422374802
1319,190,1509,0.10476335482971384
1313,190,1503,0.1047739428997366
1326,186,1512,0.10479715429021441
1316,189,1505,0.1047895797800835
1306,186,1492,0.10480504772983416
1323,185,1508,0.10484122988918289
1320,186,1506,0.1048369144033707
1310,184,1494,0.10483967597313505
1304,182,1486,0.10486446236010866
1300,182,1482,0.10490054530018217
1307,185,1492,0.10494172807416341
1308,180,1488,0.10496469073671057
1311,182,1493,0.10498365472624109
1317,184,1501,0.10499458710137467
1311,183,1494,0.10499076627314227
1321,185,1506,0.10500036536088869
1311,183,1494,0.10498700162379908
1298,183,1481,0.10499693158193207
1305,185,1490,0.10503479913666446
1305,186,1491,0.10505409884901674
1304,187,1491,0.10507071716002322
1321,188,1509,0.1050884132177367
1323,186,1509,0.10506693935201449
1327,184,1511,0.10504299158191795
1322,185,1507,0.10501283383598156
1317,187,1504,0.10499647331705435
1321,186,1507,0.10499213073512859
1320,186,1506,0.10497826394046486
1314,186,1500,0.10496779878484219
1319,185,1504,0.1049713090569062
1312,188,1500,0.10496421602428942
1303,190,1493,0.10497378638256022
1308,201,1509,0.10500278367675113
1307,201,1508,0.10501838218869182
1301,202,1503,0.1050348596713106
1298,194,1492,0.10506240148047079
1294,196,1490,0.10509393453001853
1294,194,1488,0.10513202420072218
1288,193,1481,0.10516726451557404
1299,192,1491,0.10521312031186936
1311,197,1508,0.10523069815841075
1296,205,1501,0.10522062360252087
1283,202,1485,0.10524512430146679
1287,202,1489,0.10529738664642992
1291,208,1499,0.10533639437441183
1279,207,1486,0.10536299966845374
1273,209,1482,0.10541414346226807
1284,214,1498,0.10547394751718096
1291,211,1502,0.1055043698032418
1288,212,1500,0.10551698047899884
1289,209,1498,0.10553544238723407
1283,210,1493,0.10555043638413895
1293,212,1505,0.10557713254153395
1289,209,1498,0.10557995699129713
1282,213,1495,0.10559153738102948
1291,214,1505,0.10561718355056662
1301,216,1517,0.10562116323173397
1298,211,1509,0.10560246471871096
1295,212,1507,0.10559172036995024
1280,210,1490,0.10558850853683395
1283,210,1493,0.10562011357076145
1279,211,1490,0.1056423221186368
1278,212,1490,0.10567134424816381
1286,211,1497,0.10569937268824937
1281,217,1498,0.10570793848712752
1284,213,1497,0.10572682772545697
1298,210,1508,0.10573699149970363
1290,211,1501,0.10571583148062144
1282,212,1494,0.10571441454210578
1285,209,1494,0.10573004915685846
1289,211,1500,0.10573726867853757
1292,210,1502,0.1057351180247345
1289,210,1499,0.10572626695706781
1285,211,1496,0.10572504468218714
1289,209,1498,0.10573300922643383
1284,208,1492,0.10573159462570711
1278,206,1484,0.1057409109818496
1276,205,1481,0.10576285906850064
1259,210,1469,0.10578712763735398
1262,210,1472,0.1058471869461354
1262,203,1465,0.10589528196127826
1271,212,1483,0.10593910774180496
1271,208,1479,0.10595932130549368
1268,207,1475,0.10597815155047309
1262,202,1464,0.10600189553821884
1269,201,1470,0.10603738669508588
1274,200,1474,0.10605406968499502
1270,200,1470,0.10605785631500081
1275,206,1481,0.10607054122178272
1293,203,1496,0.10607109831959485
1293,211,1504,0.10603165871840864
1284,210,1494,0.10599552794729437
1286,213,1499,0.10598290851812074
1275,214,1489,0.10596729724284507
1277,211,1488,0.1059775975883788
1276,218,1494,0.10598263184076967
1281,220,1501,0.10598919713845588
1293,216,1509,0.10598434113264528
1279,219,1498,0.10595370643166602
1278,215,1493,0.10595669012551635
1282,223,1505,0.10596210191985184
1295,225,1520,0.10595774661038454
1296,228,1524,0.1059249140709845
1294,229,1523,0.10589278732487509
1300,230,1530,0.10586898753440785
1291,224,1515,0.10583441832832349
1282,223,1505,0.10582332461765659
1286,230,1516,0.10583296429964135
1281,229,1510,0.10583229714958517
1278,234,1512,0.10584296312312434
1276,235,1511,0.10585953418835019
1262,240,1502,0.10587945748618631
1258,237,1495,0.10592879240301148
1253,237,1490,0.10598260691469844
1262,242,1504,0.10604273744274208
1269,244,1513,0.10607902151318933
1276,247,1523,0.10609617510837718
1274,245,1519,0.1060966867435833
1267,246,1513,0.1061020261537826
1271,254,1525,0.10612282381112177
1258,251,1509,0.10613274028118103
1247,242,1489,0.10617047718158122
1254,245,1499,0.10622985053925621
1242,250,1492,0.10626877904055021
1255,250,1505,0.10633182259692492
1260,249,1509,0.10636145005916493
1257,252,1509,0.10637672254358307
1263,242,1505,0.10639747983712855
1258,243,1501,0.1064034730317105
1263,250,1513,0.10641980594582505
1247,244,1491,0.10642320068658562
1262,249,1511,0.10646196305719645
1263,251,1514,0.1064648129297495
1257,254,1511,0.1064657098020036
1250,257,1507,0.1064800671838125
1248,253,1501,0.10650881733628108
1257,253,1510,0.1065395085435157
1248,253,1501,0.1065471969872655
1246,255,1501,0.10657498638824596
1260,252,1512,0.10660505556431885
1258,251,1509,0.10660160339821982
1246,248,1494,0.10660238969617535
1246,243,1489,0.10662976516158654
1246,251,1497,0.1066557093814485
1244,256,1500,0.10667948331264512
1234,257,1491,0.1067060615613122
1246,257,1503,0.10675317161559253
1237,256,1493,0.1067693678208932
1243,259,1502,0.1068055061169052
1236,261,1497,0.10682520223200816
1240,259,1499,0.10685898492690285
1228,262,1490,0.10688085920745266
1229,265,1494,0.10692853453393336
1212,265,1477,0.10696907742757354
1217,276,1493,0.10704489932704193
1213,277,1490,0.1071028192366452
1218,279,1497,0.10716514525514712
1223,282,1505,0.1072111309543059
1225,280,1505,0.10724175771562987
1220,275,1495,0.10726498523488961
1219,277,1496,0.10729767306776919
1226,275,1501,0.10733024612931924
1227,278,1505,0.10734432986421392
1219,272,1491,0.10735460535865966
1215,275,1490,0.10738224496715244
1207,269,1476,0.10741682899193095
1219,272,1491,0.10746641994732847
1220,271,1491,0.10748489985439147
1237,267,1504,0.10749995835228031
1232,271,1503,0.1074750305627568
1226,270,1496,0.10746297809109201
1224,272,1496,0.10746538245622862
1223,269,1492,0.10747205170308076
1232,272,1504,0.10748061911295119
1243,278,1521,0.10746976836619453
1236,280,1516,0.10743543312451695
1221,284,1505,0.10742021009036902
1222,286,1508,0.10744093144626747
1210,288,1498,0.10745759061914534
1202,285,1487,0.10749963039104675
1203,287,1490,0.1075569989590574
1210,285,1495,0.1076066164077843
1213,287,1500,0.10763684407592736
1214,284,1498,0.10765769033323695
1222,283,1505,0.10767486478797396
1222,286,1508,0.10767278640211984
1216,287,1503,0.1076710881511024
1212,289,1501,0.10768320454677129
1218,286,1504,0.10770292750288213
1218,294,1512,0.10770811043654689
1205,297,1502,0.1077132752370206
1189,298,1487,0.1077483596974041
1199,298,1497,0.10781677044316211
1196,295,1491,0.10785680335966046
1194,294,1488,0.10790077637711613
1190,294,1484,0.10794607109588344
1191,297,1488,0.10799653094785314
1199,292,1491,0.10803980819921331
1201,292,1493,0.10806070828405794
1203,298,1501,0.10807463989894503
1196,298,1494,0.10808230608009349
1198,290,1488,0.1081056927734853
1195,288,1483,0.10812314029558463
1198,291,1489,0.10814624952304641
1192,294,1486,0.10815950820383008
1191,291,1482,0.10818534929035195
1197,290,1487,0.10821151050012529
1198,289,1487,0.10822166813650703
1205,284,1489,0.10822904028887936
1201,283,1484,0.10822004416194635
1198,291,1489,0.1082207449497097
1201,296,1497,0.10822745067472678
1199,297,1496,0.10822692569629318
1192,297,1489,0.1082303213210897
1208,298,1506,0.10824968021742602
1221,303,1524,0.10823149619136316
1211,304,1515,0.10818610218648173
1191,309,1500,0.10816764355603027
1196,312,1508,0.1081957948266693
1192,303,1495,0.10821111661815085
1188,314,1502,0.10823413121515753
1188,310,1498,0.10826499660663653
1183,308,1491,0.10829294152778411
1176,311,1487,0.10833070251245523
1183,314,1497,0.10838100487366925
1202,316,1518,0.10841108645211534
1185,317,1502,0.10839653904586585
1180,316,1496,0.10842193273532262
1185,321,1506,0.10845612465299116
1172,321,1493,0.1084767961528516
1162,330,1492,0.10852574301849885
1157,329,1486,0.10859361114187
1167,324,1491,0.10866654626981948
1166,322,1488,0.10871142490895021
1165,326,1491,0.10875457906904712
1169,331,1500,0.10879556676692992
1165,332,1497,0.10882319878027928
1162,331,1493,0.10885820426746147
1164,327,1491,0.10889731090764272
1160,329,1489,0.10892886278847104
1162,330,1492,0.1089675889909094
1169,325,1494,0.10899822390515375
1188,324,1512,0.10900987073340845
1178,322,1500,0.10897745854128175
1175,324,1499,0.10897024713648698
1177,323,1500,0.1089709300320721
1171,331,1502,0.10896663420484805
1165,332,1497,0.10897633940476407
1180,332,1512,0.1089992104694463
1183,332,1515,0.10898613241933507
1190,335,1525,0.10896809391506761
1183,337,1520,0.10893584728162445
1188,337,1525,0.10892300563471694
1173,336,1509,0.10890034269578179
1155,338,1493,0.10891377872845397
1150,343,1493,0.1089682015934993
1145,342,1487,0.10902943796802393
1158,340,1498,0.10909679239936032
1156,345,1501,0.1091286961639462
1150,349,1499,0.10916368466568414
1163,344,1507,0.10920860766055222
1166,343,1509,0.10921963921659639
1160,345,1505,0.10922215288486672
1162,342,1504,0.10923899234584727
1156,335,1491,0.10925002027544244
1163,343,1506,0.10927363103738606
1148,345,1493,0.10927949476571797
1161,335,1496,0.10931929187902767
1167,338,1505,0.10932704551607149
1166,339,1505,0.10931984437733736
1165,338,1503,0.10931590975154146
1159,342,1501,0.10931364338151175
1163,343,1506,0.10932569175159124
1158,340,1498,0.1093263840261519
1151,342,1493,0.10933973653770675
1147,341,1488,0.10936821518295795
1158,338,1496,0.1094025624059584
1162,338,1500,0.10940935831493835
1147,337,1484,0.1094055245295224
1155,339,1494,0.10943784196971759
1153,338,1491,0.10944808773236908
1150,341,1491,0.10946237117791283
1139,344,1483,0.10948165851479359
1147,344,1491,0.10952397313546416
1147,342,1489,0.10954429837078213
1148,344,1492,0.10956219196781623
1149,340,1489,0.10957663370999324
1157,337,1494,0.10958721295678707
1158,342,1500,0.10957887259963642
1158,348,1506,0.10956963336876978
1147,351,1498,0.10956163761888252
1145,353,1498,0.10957952756478566
1143,354,1497,0.10960130092760473
1144,346,1490,0.10962568654597293
1145,353,1498,0.10964626207003442
1141,348,1489,0.10966230133758553
1156,349,1505,0.10968619177361841
1155,352,1507,0.10967376748615816
1160,355,1515,0.1096642182928385
1150,354,1504,0.10964509863301472
1139,360,1499,0.1096511106690927
1153,365,1518,0.10968076122135134
1144,353,1497,0.10967663036399757
1139,359,1498,0.10969406374941172
1136,365,1501,0.10972093114168163
1131,372,1503,0.1097524672710275
1125,374,1499,0.10979238793473843
1130,372,1502,0.10984281247943226
1130,372,1502,0.10987754384800469
1122,374,1496,0.10991061385324645
1126,373,1499,0.10995957067024924
1129,381,1510,0.10999489620854844
1125,380,1505,0.11001995835029506
1131,384,1515,0.11005195109373918
1123,378,1501,0.11006811251011793
1124,381,1505,0.11010244969036552
1111,383,1494,0.11013274742577489
1114,384,1498,0.11018971102762666
1129,386,1515,0.11023498928612774
1130,392,1522,0.11024242844543153
1129,389,1518,0.11024648190993322
1127,390,1517,0.11025312311072868
1115,395,1510,0.1102638992931975
1107,395,1502,0.11030078659179549
1103,402,1505,0.1103539550355752
1106,409,1515,0.11041227785066754
1112,407,1519,0.11045816166414227
1105,399,1504,0.11048600045342256
1091,396,1487,0.11052822454866053
1097,403,1500,0.11060011625180949
1088,408,1496,0.11065110808315673
1093,413,1506,0.11071953735103052
1083,410,1493,0.11077132875578899
1090,411,1501,0.11084216656768264
1080,406,1486,0.11089106473271247
1086,411,1497,0.11095810964570299
1097,411,1508,0.11100664368797569
1094,413,1507,0.11102559325254159
1098,408,1506,0.11105063744154496
1076,408,1484,0.11106449574419276
1072,410,1482,0.1111286112804103
1083,406,1489,0.11119692744296739
1088,408,1496,0.11123338624438615
1093,409,1502,0.11125458951794404
1089,406,1495,0.1112624433354432
1091,415,1506,0.11127880002554334
1089,413,1502,0.11128818555897776
1080,418,1498,0.11130132310215878
1072,419,1491,0.11133412986449169
1073,417,1490,0.1113824869153437
1080,417,1497,0.11142429264254237
1082,421,1503,0.1114462612968554
1077,427,1504,0.11146132742067691
1078,424,1502,0.11148811649437439
1072,430,1502,0.11151066398517795
1061,433,1494,0.11154567834558542
1075,438,1513,0.11160374514370754
1070,442,1512,0.1116248306318128
1069,445,1514,0.11165556197198173
1064,441,1505,0.1116863068871199
1051,441,1492,0.11172588504440148
1036,436,1472,0.11179299093647099
1039,438,1477,0.11189074685519232
1037,445,1482,0.11197486071247464
1046,449,1495,0.11205727288674719
1037,455,1492,0.11211150856257056
1031,461,1492,0.1121821280188459
1028,464,1492,0.11226099495997595
1032,462,1494,0.11234077201926787
1027,462,1489,0.11240467124075156
1027,458,1485,0.11247644736723729
1022,460,1482,0.11254294471417445
1029,468,1497,0.1126167196582962
1029,469,1498,0.11266781993455975
1029,468,1497,0.11271389909268048
1031,461,1492,0.1127565430395215
1038,470,1508,0.11279089584119341
1037,467,1504,0.11280721249426316
1022,474,1496,0.11282460255777871
1027,473,1500,0.11287498796804865
1035,476,1511,0.11290954965747767
1029,474,1503,0.11292342716217163
1024,471,1495,0.11295055112134043
1021,479,1500,0.11298783751900199
1027,479,1506,0.11302901733652859
1020,489,1509,0.11305375179026082
1029,493,1522,0.11309294633911611
1027,481,1508,0.11310786176987161
1031,483,1514,0.11312636050091564
1024,487,1511,0.11313474532120182
1014,488,1502,0.11315909736181394
1003,484,1487,0.11320514263621939
1009,483,1492,0.11327395063201777
1013,492,1505,0.11332415283123598
1003,498,1501,0.1133601416278068
1004,502,1506,0.11341707541431408
1000,505,1505,0.1134677059464548
1006,502,1508,0.11352372124380918
1011,499,1510,0.11356183581026173
1014,501,1515,0.11358609888213732
1016,503,1519,0.11360111327291782
1016,506,1522,0.11361150837786553
1007,505,1512,0.11362174205728749
1005,505,1510,0.11365260892210939
1006,496,1502,0.11368616567906992
1013,495,1508,0.11371465582167835
1004,497,1501,0.11372347361929398
1013,500,1513,0.11375149012650883
1003,512,1515,0.11375698990719335
1010,509,1519,0.11378681114635966
1007,500,1507,0.11379806825214413
995,497,1492,0.11381477845396511
998,500,1498,0.11385948389194653
992,510,1502,0.11389282671660805
982,505,1487,0.11393847140252805
993,507,1500,0.1140052876228113
990,510,1500,0.11404051513724038
988,515,1503,0.11408004436191486
995,518,1513,0.11412155412254163
985,517,1502,0.11414380965366888
991,516,1507,0.11418671892819585
983,521,1504,0.11421257294267206
994,521,1515,0.1142553629558616
984,520,1504,0.11426866340626765
982,527,1509,0.11430497779112102
984,523,1507,0.11434325639448613
980,524,1504,0.11437263500992788
979,520,1499,0.11441014295812892
981,524,1505,0.11444674393323527
970,529,1499,0.11447606699890855
969,536,1505,0.11452966050370644
972,533,1505,0.11458096348284162
972,532,1504,0.11462018643152358
974,527,1501,0.1146556176229354
970,526,1496,0.11468336411743349
966,529,1495,0.114718706925317
957,535,1492,0.11476316507771678
962,523,1485,0.11482636179342404
964,523,1487,0.11487265937924807
963,524,1487,0.11491069103836933
958,532,1490,0.1149490653962287
961,532,1493,0.11499607249606583
961,538,1499,0.11503158809532085
963,537,1500,0.11506559376622796
956,537,1493,0.11509302299243342
953,538,1491,0.11513456506734598
946,541,1487,0.11518064246847466
938,545,1483,0.11523966685282183
939,552,1491,0.1153122127828186
954,550,1504,0.11537595350032824
945,555,1500,0.11539889107916004
943,559,1502,0.11544171708231044
936,561,1497,0.11548661903550887
944,569,1513,0.11554482152761071
941,565,1506,0.11558046748668885
940,563,1503,0.11562011987121057
938,573,1511,0.11565953720614801
929,571,1500,0.11570057398830277
940,564,1504,0.11576011137890883
930,567,1497,0.11578883170335633
941,568,1509,0.11583942195371172
940,567,1507,0.11586030229435665
941,565,1506,0.11588084496968429
938,561,1499,0.1158988272382555
942,560,1502,0.11592159425731799
944,553,1497,0.11593410970924807
952,553,1505,0.11594129467988372
943,552,1495,0.11592812090687174
944,546,1490,0.11593667734263835
937,543,1480,0.11594276290899248
936,546,1482,0.1159646449005194
948,548,1496,0.11598636632658577
951,540,1491,0.1159771760964069
945,543,1488,0.11596037695942062
948,560,1508,0.11596043944610963
952,557,1509,0.11595416078264963
947,552,1499,0.11594007037029064
957,555,1512,0.11593919524487262
948,544,1492,0.11591518802724085
958,545,1503,0.11591456856718517
957,537,1494,0.11588973119766793
953,543,1496,0.11586770813888733
939,552,1491,0.11585753516970136
947,559,1506,0.11588177664859839
941,558,1499,0.1158841414152836
949,562,1511,0.11590177603974627
933,566,1499,0.1158989436049777
924,574,1498,0.11593631026311442
927,570,1497,0.11599363021210536
943,568,1511,0.11603831890128732
939,570,1509,0.11603927920171289
936,562,1498,0.11605051736165045
939,561,1500,0.1160688896926456
932,564,1496,0.11607907935902344
932,566,1498,0.1161065226435478
931,572,1503,0.11613140940300763
927,572,1499,0.11615666609743855
942,571,1513,0.11619019301365277
943,581,1524,0.11618611318202898
940,580,1520,0.11617980631403438
925,587,1512,0.116180973339142
919,580,1499,0.11621841209442901
927,582,1509,0.1162675568555349
920,578,1498,0.11629459374869178
919,572,1491,0.1163367713965145
919,578,1497,0.11637906165858748
916,588,1504,0.11641883533179662
909,584,1493,0.11646250068075745
905,587,1492,0.11652017259040431
908,596,1504,0.11658247716376316
904,598,1502,0.11663487800806728
910,600,1510,0.11669212179219983
913,602,1515,0.11673052962861895
916,597,1513,0.11675885928154944
903,608,1511,0.11677769873383644
907,606,1513,0.11682753341119559
911,608,1519,0.11686478916784232
900,603,1503,0.11688995438688743
891,600,1491,0.1169400281325703
890,612,1502,0.11700815256171226
896,599,1495,0.11707200129041948
892,603,1495,0.11711860505442928
892,604,1496,0.11717202375516944
896,599,1495,0.11722116815511818
886,606,1492,0.11725543309542298
888,602,1490,0.11731064800277018
894,605,1499,0.11735651917916094
899,605,1504,0.11738453187946575
896,608,1504,0.11739785084861358
884,608,1492,0.11741684370409466
901,604,1505,0.11746308970455115
910,607,1517,0.11746447070058692
903,601,1504,0.11744469987610284
903,602,1505,0.1174430482262164
909,608,1517,0.11744322684781038
885,616,1501,0.11742892641786469
890,610,1500,0.11747377620319385
889,608,1497,0.11750366953937245
896,607,1503,0.11753327924037499
901,618,1519,0.11754264547923626
897,615,1512,0.11753985765264456
891,610,1501,0.11754823655396841
896,607,1503,0.11757051694490189
893,623,1516,0.11757811409170543
893,624,1517,0.11759415034590387
885,628,1513,0.11760888689821072
868,641,1509,0.11764279400465587
859,635,1494,0.11771563803476344
857,640,1497,0.11780557782994126
868,630,1498,0.11789276679951435
853,638,1491,0.11794701918100102
859,625,1484,0.11803289347710283
853,643,1496,0.11809706352073897
854,637,1491,0.11817017433016609
855,636,1491,0.11823494588666054
867,646,1513,0.11829315197507274
873,641,1514,0.11831627303627774
869,642,1511,0.11832428274805043
859,644,1503,0.11834239062102977
848,644,1492,0.11838176919951877
855,647,1502,0.11844509294549002
854,651,1505,0.11848703722635573
858,647,1505,0.1185283510231395
856,649,1505,0.11855575037493507
843,649,1492,0.1185859195496651
850,654,1504,0.1186467307696768
859,658,1517,0.11868664348848808
857,661,1518,0.1187027734915782
860,660,1520,0.11872350161875209
851,662,1513,0.11873548125143926
847,659,1506,0.11876844021996603
850,661,1511,0.1188087324656763
856,660,1516,0.11883852208463161
844,660,1504,0.11885245770257753
843,655,1498,0.11889525415822227
844,664,1508,0.118937351865961
835,664,1499,0.11897456508827689
824,666,1490,0.1190311083312107
829,664,1493,0.11911053540844035
830,659,1489,0.11917161201509557
817,665,1482,0.11922693359376947
814,671,1485,0.11931040755962873
810,670,1480,0.11939295613105184
821,666,1487,0.1194788020428981
820,678,1498,0.11952939221810494
831,683,1514,0.11957676885431537
823,678,1501,0.11959386899113295
825,669,1494,0.11962795847838774
836,681,1517,0.1196555885730826
836,681,1517,0.11965562429684189
844,676,1520,0.11965712090398099
837,680,1517,0.11963961171048242
837,685,1522,0.11964052107532025
837,683,1520,0.11964212792683156
829,682,1511,0.11964429938085307
824,689,1513,0.11966600288413982
822,682,1504,0.11969872381354792
822,692,1514,0.11973455997835913
819,690,1509,0.1197665592025946
819,686,1505,0.11980410259446306
820,676,1496,0.11983908335818207
815,683,1498,0.11986906826286439
813,692,1505,0.11990691363744455
807,696,1503,0.11994820855387435
810,684,1494,0.11999939408185732
805,691,1496,0.12003947526061719
807,695,1502,0.12009032138051041
803,690,1493,0.12013198573163501
818,694,1512,0.12017981105843034
817,700,1517,0.12018669453637919
808,695,1503,0.12019603694681369
815,691,1506,0.12022656594452887
812,693,1505,0.12023687800576517
807,689,1496,0.12025496711655954
805,687,1492,0.12028292116070428
808,691,1499,0.12031370670670817
811,692,1503,0.12033486255012475
813,690,1503,0.12034705100567891
816,691,1507,0.1203522525443827
808,685,1493,0.12034981099939987
810,691,1501,0.12036692121486993
810,693,1503,0.120376890153901
807,688,1495,0.120387285835376
819,687,1506,0.12040486088481556
804,692,1496,0.12039278268139024
797,714,1511,0.12041878251798582
801,707,1508,0.12045973281071852
801,714,1515,0.12048689993816034
795,711,1506,0.12051201615877324
795,706,1501,0.12054908946491057
785,709,1494,0.12058345885562112
784,710,1494,0.12064027343599079
783,706,1489,0.12069511605248628
781,704,1485,0.12074881193989538
785,704,1489,0.1208023815794139
787,717,1504,0.12084399644315301
788,724,1512,0.12087772721766997
779,730,1509,0.12090652445547963
786,727,1513,0.12095445509191836
784,726,1510,0.12098071085133473
774,719,1493,0.12101133566700102
774,715,1489,0.12106435326786037
777,715,1492,0.12111433201128254
781,718,1499,0.12115283155469282
778,719,1497,0.12117867556990176
775,730,1505,0.12121016784398647
777,745,1522,0.12124661410533698
780,742,1522,0.12127541822429272
769,736,1505,0.12129526836232177
774,736,1510,0.12134126250089258
781,727,1508,0.12137236620798765
777,724,1501,0.12138419824627292
783,726,1509,0.12140505986395903
783,717,1500,0.1214093307267467
786,711,1497,0.12141392056264082
790,711,1501,0.1214111030711934
786,721,1507,0.1213988388204135
784,718,1502,0.12139750066103588
783,718,1501,0.12139981641867152
787,712,1499,0.12140441764848804
771,736,1507,0.1213981181952374
765,737,1502,0.12143367990873025
773,734,1507,0.1214816623227924
775,744,1519,0.1215060566380572
785,736,1521,0.12152323471371687
776,739,1515,0.12151536796922485
776,734,1510,0.12153047310185368
781,732,1513,0.12154322574705828
779,743,1522,0.12154270218265538
784,744,1528,0.121547460259119
773,746,1519,0.12154077744243295
778,737,1515,0.12156229404353656
783,730,1513,0.12156776979919699
783,730,1513,0.12155907486170218
768,735,1503,0.12155140543717097
763,738,1501,0.1215817018880836
762,747,1509,0.12162283023726857
760,744,1504,0.12166380554039073
756,742,1498,0.12170794293644843
752,760,1512,0.12176002652477166
750,751,1501,0.12181712817695685
743,749,1492,0.12187598831681878
746,756,1502,0.12194729998251855
750,756,1506,0.12200735242076778
750,755,1505,0.12205167121947863
741,755,1496,0.12209228492372536
744,754,1498,0.12215307852438993
739,761,1500,0.12220150846736022
742,760,1502,0.12225919484988403
740,765,1505,0.12230507557578094
734,776,1510,0.12235147428889821
743,767,1510,0.12240956946341221
741,765,1506,0.12244348014258069
737,769,1506,0.12247979548902971
735,762,1497,0.12252289399019142
736,747,1483,0.12256763818839948
729,754,1483,0.1226059719047976
731,745,1476,0.12265805720358021
725,752,1477,0.12270145055793812
730,756,1486,0.12275639069546943
721,769,1490,0.12279459397736656
720,770,1490,0.12285321257410725
723,769,1492,0.1229099202922298
728,760,1488,0.12295375089086576
725,766,1491,0.12298145160371554
722,771,1493,0.12301401975961052
729,776,1505,0.1230532460330863
718,775,1493,0.12307238645146025
711,782,1493,0.1231169524808486
717,779,1496,0.1231774641497403
715,783,1498,0.12321685553831058
716,789,1505,0.12325710972140641
709,791,1500,0.12329255453688048
708,786,1494,0.12334424721182966
707,790,1497,0.12339435872945949
712,784,1496,0.12344537434766596
711,785,1496,0.12348010112327074
712,785,1497,0.1235151326541865
720,791,1511,0.1235443262014444
723,794,1517,0.12355364965479765
728,790,1518,0.12355515545370171
722,800,1522,0.12354515704312385
723,804,1527,0.12355166207556302
728,808,1536,0.12355574097590229
726,804,1530,0.12354708482827338
720,794,1514,0.12354620614465826
716,798,1514,0.12356119753480563
714,804,1518,0.12358546659291594
698,808,1506,0.12361359172450825
694,817,1511,0.12368038783558845
698,815,1513,0.12375262087998466
695,817,1512,0.12381105960133067
690,799,1489,0.12387324510327367
692,811,1503,0.12394292689193893
693,814,1507,0.12400136799938284
692,808,1500,0.12405237645184589
690,812,1502,0.12410290126225472
680,809,1489,0.12415485464888984
693,808,1501,0.12422811280146931
697,809,1506,0.12426323977727889
705,804,1509,0.1242867182733984
705,802,1507,0.1242879102707942
703,812,1515,0.12428947487687736
693,809,1502,0.12429563834650517
707,799,1506,0.12432602033470669
700,794,1494,0.12431875732685149
697,803,1500,0.12433116219134652
699,802,1501,0.12434854086857097
704,802,1506,0.12436117975947131
710,799,1509,0.12435937966818872
718,795,1513,0.12434321266683934
729,791,1520,0.12430725624714338
734,782,1516,0.12424647777600001
727,797,1524,0.12417779383725289
729,798,1527,0.12413294412338781
728,797,1525,0.1240870720578755
728,793,1521,0.1240478008398745
725,788,1513,0.12400992598194094
716,790,1506,0.1239818205551947
718,795,1513,0.12397722624236074
719,798,1517,0.12396939665751773
716,799,1515,0.12395968813521042
713,800,1513,0.1239586000317684
713,809,1522,0.1239640704102419
721,809,1530,0.12396996074072306
715,802,1517,0.1239564450231763
717,793,1510,0.12395814965479961
717,793,1510,0.1239544089351586
702,805,1507,0.12395135264868644
712,810,1522,0.12398522947550748
710,812,1522,0.12399225610702146
710,807,1517,0.12400365761946965
714,814,1528,0.12401422814293311
702,815,1517,0.1240154436714078
693,822,1515,0.12404722791092672
690,824,1514,0.12409982078947905
683,817,1500,0.12415571300472013
685,819,1504,0.12422530567406025
684,828,1512,0.12428293881504075
688,832,1520,0.1243394909483698
687,830,1517,0.12438149523612767
681,827,1508,0.12442309530553626
682,827,1509,0.12447655584741224
679,824,1503,0.1245232480090684
675,829,1504,0.12457424323115031
669,816,1485,0.12463304933162245
672,821,1493,0.12470261047570315
675,830,1505,0.12475911713921693
684,825,1509,0.12480209974436426
678,822,1500,0.1248188003027105
673,830,1503,0.12485206768385833
674,823,1497,0.12489198993074263
671,817,1488,0.1249283092022754
674,825,1499,0.12496952972248099
680,843,1523,0.12499935008116562
683,839,1522,0.12501300799116588
679,842,1521,0.12502014814582002
677,846,1523,0.1250373356684641
666,843,1509,0.12505807742526875
670,840,1510,0.12510678371594092
676,839,1515,0.12514145922084727
678,836,1514,0.12515859502460955
673,844,1517,0.12516909851317706
667,848,1515,0.12519159999803364
659,853,1512,0.1252291821628915
658,858,1516,0.1252855685218239
653,863,1516,0.12534100466552553
653,857,1510,0.1254047609193508
643,862,1505,0.1254646811494449
642,867,1509,0.1255455164170006
635,863,1498,0.125624237082361
637,870,1507,0.12571568078744988
627,874,1501,0.1257955330497743
631,877,1508,0.1258956464959415
625,879,1504,0.12597770911522602
624,882,1506,0.12606972781987275
617,885,1502,0.12615745691750088
615,894,1509,0.12625643930786368
607,904,1511,0.12635339086205952
599,905,1504,0.12646527952110953
596,909,1505,0.12658879477410306
594,907,1501,0.12671129217477822
585,913,1498,0.12683090109569306
589,908,1497,0.12696470160744763
599,916,1515,0.12707858581318202
597,917,1514,0.12715919862117034
597,923,1520,0.1272387622919828
592,913,1505,0.1273134535811919
589,911,1500,0.1273963173001507
589,925,1514,0.12748194399772644
583,929,1512,0.12756167180215003
572,929,1501,0.12765109569767472
562,928,1490,0.12776257038551359
563,939,1502,0.12789128082685655
564,946,1510,0.12800827851749827
550,945,1495,0.12811510458727743
552,946,1498,0.1282493998001661
552,949,1501,0.12836990616849595
551,947,1498,0.12848314808214625
550,954,1504,0.12859058601224616
554,949,1503,0.12869483562466835
566,950,1516,0.12878238233183795
570,947,1517,0.12883172562561662
575,951,1526,0.12886754562894714
568,959,1527,0.1288869793627973
562,957,1519,0.12892245068419125
548,952,1500,0.12897196919219683
551,957,1508,0.12905459782979714
550,960,1510,0.12912440944409803
540,968,1508,0.12919319773949728
539,974,1513,0.12928203449522735
535,964,1499,0.12936653939100107
543,956,1499,0.12945691599560494
539,957,1496,0.12951993080470106
542,969,1511,0.12958965318535817
546,956,1502,0.12964634197016556
541,953,1494,0.12969079483836396
546,968,1514,0.12974440117662012
544,974,1518,0.12978075088586302
537,979,1516,0.12982038525233439
543,980,1523,0.12987738349816733
547,978,1525,0.12991469518942358
535,973,1508,0.1299390205274185
539,961,1500,0.1299911005290398
532,964,1496,0.13002746670684887
529,970,1499,0.130080953124734
535,984,1519,0.13013946821952954
540,979,1519,0.13017733703272782
538,972,1510,0.13019958629409176
528,967,1495,0.13022668041646643
523,965,1488,0.13027687868382623
512,981,1493,0.13033679880074656
510,986,1496,0.1304222013456934
508,992,1500,0.13050808616563692
523,986,1509,0.13059303069870543
513,986,1499,0.1306331743839684
514,1003,1517,0.13069607801323838
521,999,1520,0.1307518506170367
520,1003,1523,0.13078684459699091
522,999,1521,0.1308236128573414
519,993,1512,0.13085246846574028
519,999,1518,0.13088764386419044
517,1010,1527,0.1309212744604744
514,1000,1514,0.13095636062510382
512,1012,1524,0.1309983157900572
506,1017,1523,0.13104187224516164
502,1013,1515,0.13109766195292616
499,1008,1507,0.13115977383234173
499,1013,1512,0.1312265353981366
490,1021,1511,0.13128911362138534
489,1028,1517,0.13137103127053612
485,1022,1507,0.1314497571012711
481,1022,1503,0.13153389485012212
490,1012,1502,0.131621861674705
480,1013,1493,0.1316807888247148
486,1018,1504,0.13176159885467104
486,1020,1506,0.13182135213049823
491,1016,1507,0.1318767219248995
488,1015,1503,0.13191495854117397
483,1024,1507,0.13195807356277484
491,1025,1516,0.1320115618920779
484,1027,1511,0.1320390753792501
483,1026,1509,0.13208420419238384
476,1033,1509,0.13212809233071376
476,1028,1504,0.13218691105271801
481,1035,1516,0.13224122405233005
485,1030,1515,0.13227839305072214
485,1033,1518,0.1323022671098775
484,1031,1515,0.132324838024424
481,1034,1515,0.13234737677170394
478,1037,1515,0.13237648963991294
473,1034,1507,0.1324107456980718
467,1032,1499,0.132455048641034
463,1039,1502,0.13251242672406455
461,1040,1501,0.13257496891084652
464,1040,1504,0.13263970878904346
458,1036,1494,0.13269115101161397
466,1047,1513,0.13275571296812794
467,1033,1500,0.13279490506462793
472,1025,1497,0.13282982100622331
472,1038,1510,0.13284715204324601
470,1041,1511,0.1328637215515835
470,1048,1518,0.13288499748050842
479,1052,1531,0.13290472683493093
479,1054,1533,0.132898926480244
476,1042,1518,0.13289454603929374
474,1041,1515,0.13289825613101938
473,1045,1518,0.13290710645023968
471,1037,1508,0.13291797288865323
475,1045,1520,0.13293432325842516
463,1049,1512,0.13293911868533898
473,1046,1519,0.13297422882884746
474,1035,1509,0.13298035653910906
472,1043,1515,0.13298452288567159
478,1051,1529,0.13299397181371073
477,1047,1524,0.13298548170589428
471,1050,1521,0.1329795347577203
471,1060,1531,0.13299112423238849
474,1063,1537,0.13300298210253328
463,1059,1522,0.13300695546261526
462,1065,1527,0.1330406455590911
463,1066,1529,0.1330751307560858
457,1055,1512,0.1331035594342052
459,1049,1508,0.13314801867491766
468,1041,1509,0.13318412108925742
468,1054,1522,0.13319327038293272
468,1062,1530,0.1332018948866284
461,1064,1525,0.13320963132616062
457,1059,1516,0.13323529566795891
444,1062,1506,0.13326974658200896
445,1072,1517,0.13333688930861715
444,1079,1523,0.1333965298537244
446,1079,1525,0.13345473129688679
444,1073,1517,0.13350440266851596
443,1060,1503,0.13355448774382858
446,1068,1514,0.13360474824824609
448,1053,1501,0.13364513264836872
449,1049,1498,0.1336777099328254
444,1046,1490,0.13370460066050227
439,1062,1501,0.13374265278297198
433,1061,1494,0.13379178721177445
436,1051,1487,0.1338524832156031
438,1045,1483,0.13390102437219348
443,1048,1491,0.13394153936814276
434,1064,1498,0.13396532458845617
435,1053,1488,0.13401050853855434
439,1054,1493,0.13404925783379049
434,1061,1495,0.13407630137962742
435,1070,1505,0.1341146674919772
438,1071,1509,0.134147914022515
437,1063,1500,0.1341712521519518
433,1065,1498,0.134195195826936
430,1066,1496,0.13422775712733817
436,1082,1518,0.13426755080816516
436,1090,1526,0.13428863700042107
427,1080,1507,0.1343093384568754
419,1088,1507,0.1343522724340188
420,1096,1516,0.13441362106225677
417,1097,1514,0.13446912784310588
412,1099,1511,0.13452935071385244
417,1096,1513,0.1345987075647082
417,1086,1503,0.13464904716599885
420,1082,1502,0.13469673915183622
417,1092,1509,0.13473417015561406
411,1090,1501,0.1347775513493709
411,1090,1501,0.13483308904131025
411,1097,1508,0.1348857932489854
410,1095,1505,0.1349353468800916
415,1095,1510,0.1349836668375447
423,1092,1515,0.13501522031835134
431,1094,1525,0.13502279925288804
429,1095,1524,0.13500860029246298
433,1083,1516,0.13500019239489117
432,1085,1517,0.13498238851195218
427,1079,1506,0.1349678719524757
425,1075,1500,0.13496825056447836
426,1070,1496,0.13497467252698875
437,1074,1511,0.13497737038202315
438,1076,1514,0.13494950125070848
438,1079,1517,0.13492117296735362
433,1083,1516,0.13489527476215712
430,1078,1508,0.13488344452681048
422,1080,1502,0.1348820214539056
427,1082,1509,0.13490162574100606
432,1081,1513,0.13490722564962984
430,1082,1512,0.13489913823920396
427,1095,1522,0.13489856044710108
429,1084,1513,0.1349071573886167
431,1078,1509,0.13490871261904167
431,1092,1523,0.13490556397314854
425,1093,1518,0.1349015199794019
425,1095,1520,0.13491434307077868
418,1092,1510,0.13492612767483408
416,1095,1511,0.13495657216875617
412,1082,1494,0.13498999495307779
408,1088,1496,0.13503066122459764
417,1092,1509,0.13508020366362283
414,1095,1509,0.13510290817044696
414,1100,1514,0.13513303490652834
413,1099,1512,0.1351613164034884
420,1096,1516,0.13518983330741183
421,1098,1519,0.13519761913223965
421,1110,1531,0.13520270501069057
423,1100,1523,0.13520736229246477
417,1091,1508,0.13520695287184634
414,1095,1509,0.13522345022706267
408,1101,1509,0.13524696651509222
412,1113,1525,0.13528522631304093
406,1109,1515,0.13531099963496518
409,1108,1517,0.1353507403494062
408,1095,1503,0.1353798728835285
408,1114,1522,0.1354097396106851
404,1113,1517,0.13543709360138517
402,1125,1527,0.1354741053319784
398,1129,1527,0.13551363829414823
394,1138,1532,0.13556203216233098
397,1134,1531,0.13561698632755362
394,1123,1517,0.13566015020232589
391,1125,1516,0.13570864237779662
387,1123,1510,0.13576185702131716
379,1128,1507,0.1358215521402572
376,1132,1508,0.13589895113016381
373,1124,1497,0.13597864869934742
370,1134,1504,0.13605932890813657
379,1132,1511,0.13614176160039804
378,1131,1509,0.13619513190195662
378,1134,1512,0.1362476763258946
376,1116,1492,0.13629714295445397
381,1129,1510,0.13634852151114474
379,1139,1518,0.1363828839715555
378,1139,1517,0.13642062336021113
375,1135,1510,0.13645809066307532
369,1130,1499,0.1365013941879107
369,1123,1492,0.13655820556611636
369,1127,1496,0.13661077663795354
372,1138,1510,0.136659436523763
373,1141,1514,0.13669657384030642
378,1133,1511,0.13672902408357282
377,1127,1504,0.1367465198370928
375,1137,1512,0.1367660915412014
373,1148,1521,0.13679062383390925
366,1154,1520,0.13681862902310363
369,1150,1519,0.13686391186703772
369,1142,1511,0.1368976388864361
365,1135,1500,0.13692913140918467
366,1129,1495,0.13696886809223907
362,1136,1498,0.13700230306922828
363,1147,1510,0.13704495413158785
362,1142,1504,0.13708245279803266
358,1144,1502,0.13711927620091208
359,1143,1502,0.13716551266718582
361,1151,1512,0.13720543029455745
368,1150,1518,0.13723800261801666
366,1161,1527,0.1372493876135119
366,1144,1510,0.13726564113405357
355,1141,1496,0.13728087759705165
361,1143,1504,0.1373240492878188
366,1133,1499,0.1373491956298336
368,1146,1514,0.1373581777018002
368,1138,1506,0.13736177121582618
363,1143,1506,0.13736460718844212
366,1144,1510,0.13738163061227796
360,1150,1510,0.1373882022922589
369,1150,1519,0.13741166988624523
369,1140,1509,0.13740879750516893
366,1132,1498,0.13740666450356398
363,1148,1511,0.13741262354234365
361,1149,1510,0.13742637074440103
358,1155,1513,0.13744541351119857
357,1162,1519,0.13747135804304678
356,1158,1514,0.13749768677098206
356,1158,1514,0.13752565587518906
363,1163,1526,0.13755189683519992
367,1164,1531,0.13755665486790306
362,1174,1536,0.13755131107904867
359,1170,1529,0.13756114893946475
361,1159,1520,0.1375793512128866
358,1154,1512,0.13759098191688066
359,1158,1517,0.13760978064906731
357,1159,1516,0.1376255483358789
355,1165,1520,0.13764509189209223
357,1171,1528,0.1376689626655259
358,1167,1525,0.13768695427598776
358,1167,1525,0.13770197441703222
355,1169,1524,0.13771629098446334
357,1156,1513,0.1377378972563056
358,1153,1511,0.13775225774734629
354,1156,1510,0.1377629383918763
355,1163,1518,0.1377840150003415
350,1159,1509,0.13780092404412014
357,1137,1494,0.1378293163521211
353,1146,1499,0.13783665697474365
353,1162,1515,0.1378543734659423
355,1162,1517,0.13787137987898718
355,1164,1519,0.1378815343915237
350,1157,1507,0.13789059167827758
354,1158,1512,0.13791361258095314
361,1173,1534,0.13792485370457602
356,1176,1532,0.13791658531717055
348,1171,1519,0.13792290674047167
349,1176,1525,0.13795132640001978
343,1183,1526,0.13797557084430093
342,1180,1522,0.1380139902612497
339,1178,1517,0.13805282809002192
339,1172,1511,0.1380969914119757
336,1177,1513,0.13813818795898744
331,1174,1505,0.13818488643456242
334,1182,1516,0.13824245522471493
332,1191,1523,0.13828738648448155
328,1185,1513,0.1383345813615249
329,1194,1523,0.13839014970234836
330,1182,1512,0.13843910608270446
329,1190,1519,0.13848199149678264
332,1185,1517,0.1385244050240424
324,1186,1510,0.13855529619301665
320,1187,1507,0.13860434146150008
316,1197,1513,0.13866131388069128
315,1209,1524,0.1387241160301538
322,1190,1512,0.13878496685636368
320,1192,1512,0.13882297229860605
318,1197,1515,0.13886324694751692
320,1204,1524,0.13890567511710178
318,1192,1510,0.1389398610405082
313,1192,1505,0.138977690981328
319,1183,1502,0.13902645931008936
321,1179,1500,0.13905571057663085
318,1189,1507,0.1390770315982289
313,1197,1510,0.13910582475140693
315,1205,1520,0.1391458279735524
318,1208,1526,0.13917919054107497
320,1203,1523,0.13920258483136053
322,1192,1514,0.13921958702546383
316,1182,1498,0.1392289844416382
316,1185,1501,0.13925500714005737
314,1207,1521,0.13927960447639587
316,1198,1514,0.13930895573845714
313,1207,1520,0.13933105198048104
311,1210,1521,0.13935858331729833
315,1206,1521,0.1393903724280257
314,1216,1530,0.13940993961248477
309,1221,1530,0.13943153453310717
314,1217,1531,0.13946535763557744
313,1226,1539,0.13948246412694135
312,1226,1538,0.1395013000159832
309,1219,1528,0.13952146803712615
305,1209,1514,0.13954891550916482
304,1221,1525,0.13958522281021238
304,1224,1528,0.13962192716265737
299,1206,1505,0.13965611600457747
304,1211,1515,0.13970225347050166
297,1216,1513,0.13973101989612133
305,1213,1518,0.13977743447653218
300,1214,1514,0.13979978655043004
299,1219,1518,0.13983491357341152
297,1211,1508,0.13986988493086402
294,1215,1509,0.13990818536476807
295,1212,1507,0.13995083488272556
293,1209,1502,0.13998728616492723
298,1216,1514,0.14002677348825007
299,1212,1511,0.14005036490476805
304,1216,1520,0.14006900355278584
300,1207,1507,0.14007219316948066
295,1197,1492,0.14008499195747004
291,1208,1499,0.14011229168272116
292,1205,1497,0.1401489080477494
296,1209,1505,0.1401799327381002
291,1204,1495,0.14019660116360178
286,1207,1493,0.14022590877540217
278,1216,1494,0.1402670179863843
286,1219,1505,0.14032667554671177
289,1230,1519,0.14036053447658908
288,1217,1505,0.14038442308389146
288,1225,1513,0.14040899265733844
290,1229,1519,0.14043167543143453
297,1223,1520,0.14044772224950855
298,1221,1519,0.14044352795463405
295,1222,1517,0.1404369992272482
299,1224,1523,0.14043889864927006
292,1214,1506,0.14043105935502975
298,1210,1508,0.14044233745913268
295,1211,1506,0.14043693856381456
293,1214,1507,0.14043994435025048
285,1207,1492,0.14044767977700523
289,1215,1504,0.14047649727643052
292,1228,1520,0.14049201599454567
293,1230,1523,0.14049829660991922
290,1214,1504,0.14050202927751118
291,1218,1509,0.14051394143559642
296,1219,1515,0.14052146309467953
291,1216,1507,0.1405151181894831
295,1223,1518,0.14052415900562554
292,1231,1523,0.1405208989831757
284,1232,1516,0.14052670266480508
281,1226,1507,0.14055350714712866
281,1227,1508,0.14058676234834125
280,1226,1506,0.14061835722992033
279,1239,1518,0.1406508105408192
281,1243,1524,0.14068388133603044
281,1247,1528,0.14070951800499498
278,1234,1512,0.14073411013076112
276,1238,1514,0.14076566863422316
273,1246,1519,0.14080078762860648
268,1247,1515,0.14084264912903804
267,1250,1517,0.14089543322983658
273,1250,1523,0.14094792770700507
271,1252,1523,0.14098065303780913
269,1258,1527,0.1410174371953292
265,1256,1521,0.14105673472640767
268,1252,1520,0.14110431467576023
265,1258,1523,0.14114044889190036
271,1259,1530,0.1411823473582564
269,1251,1520,0.141204448053276
268,1254,1522,0.1412308979310289
261,1252,1513,0.14125887202929127
261,1251,1512,0.1413041326231684
260,1256,1516,0.14134597089590056
261,1242,1503,0.14138772766822771
258,1254,1512,0.14142389954462647
265,1264,1529,0.14146665997606048
264,1270,1534,0.14148714655822417
258,1262,1520,0.14150977630986752
257,1264,1521,0.14154595359858171
257,1267,1524,0.1415820847429236
248,1267,1515,0.14161614888814472
252,1266,1518,0.14167285373065028
246,1271,1517,0.1417147723964048
247,1262,1509,0.14177048304421355
249,1261,1510,0.1418195873031196
251,1266,1517,0.14185990548759272
252,1252,1504,0.1418911786044486
248,1260,1508,0.14191736659328902
248,1267,1515,0.14195255166418688
246,1261,1507,0.14198505232586223
244,1258,1502,0.14202042843871937
243,1273,1516,0.14205704536498523
235,1287,1522,0.142093749086479
235,1281,1516,0.14214984342347542
235,1268,1503,0.14220258304981118
228,1263,1491,0.14225172022160235
229,1273,1502,0.14231716599169997
227,1283,1510,0.1423762536064783
229,1288,1517,0.14243687946172157
227,1293,1520,0.14248783740850646
228,1286,1514,0.14254163365083566
225,1290,1515,0.14258899323407312
220,1285,1505,0.14264156206319348
221,1288,1509,0.1427039068146677
221,1283,1504,0.14275863394484598
215,1294,1509,0.1428094155045046
212,1305,1517,0.14287373795090386
213,1301,1514,0.14294102829266034
214,1304,1518,0.14300107621540062
208,1303,1511,0.14305415230472027
210,1310,1520,0.14312049982984032
211,1303,1514,0.1431768286873344
214,1302,1516,0.14322700618434855
215,1309,1524,0.14326608567911098
211,1304,1515,0.14329870733037783
211,1302,1513,0.14334059785267572
211,1302,1513,0.14337970726162427
216,1305,1521,0.14341570709015652
218,1311,1529,0.14343511024841984
221,1294,1515,0.14344713617633165
218,1291,1509,0.14345039528812248
221,1292,1513,0.14346209310170546
221,1284,1505,0.1434641991971045
218,1293,1511,0.14346680651903104
213,1304,1517,0.14347733683214867
213,1287,1500,0.14350138249583022
214,1280,1494,0.1435238757361265
209,1294,1503,0.14354212954930193
204,1316,1520,0.1435747646541779
205,1309,1514,0.14361954460929913
204,1310,1514,0.14365817665452119
204,1321,1525,0.14369741764042446
199,1327,1526,0.14373462663755932
196,1322,1518,0.14378342862629284
194,1317,1511,0.14383770115133074
193,1320,1513,0.14389408228943412
192,1328,1520,0.14394910661414886
190,1320,1510,0.1440031921814079
197,1330,1527,0.14406013648958146
198,1317,1515,0.14409356218474328
197,1329,1526,0.14412209861457004
193,1320,1513,0.14415213201626476
190,1322,1512,0.14419200622974887
191,1325,1516,0.14423761570841737
195,1330,1525,0.14427789870728033
190,1335,1525,0.14430331079315406
192,1329,1521,0.14434170886291242
192,1329,1521,0.14437259272080408
190,1323,1513,0.14440126394735678
188,1329,1517,0.14443382197179758
187,1332,1519,0.14446944774780818
190,1321,1511,0.14450659272553207
189,1318,1507,0.14453315140688475
187,1326,1513,0.14456093900931935
188,1328,1516,0.14459297038399752
190,1328,1518,0.14462028096645654
189,1323,1512,0.14464035642589612
187,1329,1516,0.14466165308421927
187,1327,1514,0.14468773988278755
185,1326,1511,0.1447119739210572
190,1330,1520,0.14474084060419062
190,1334,1524,0.14475287790872216
189,1333,1522,0.14476507898420812
189,1333,1522,0.14477883353456197
190,1329,1519,0.14479205724452282
190,1332,1522,0.14480229707651088
191,1345,1536,0.14481196456576628
188,1338,1526,0.14481769916896048
190,1331,1521,0.14483229708750184
184,1334,1518,0.1448405536461578
181,1339,1520,0.14486638660767182
183,1335,1518,0.14489937706963188
184,1329,1513,0.14492534315847216
186,1328,1514,0.14494686760327177
190,1336,1526,0.1449606035513011
187,1338,1525,0.1449623379947152
186,1347,1533,0.14497303424281274
180,1354,1534,0.14498647113513705
178,1337,1515,0.14501607316715062
175,1346,1521,0.14504865440256856
179,1351,1530,0.14508844526819328
180,1346,1526,0.14511414076315066
182,1333,1515,0.14513513014386248
179,1332,1511,0.14514928343168043
173,1341,1514,0.1451711125626802
172,1343,1515,0.1452088015354522
173,1334,1507,0.14524734050769392
174,1336,1510,0.14528051014406557
175,1335,1510,0.14530812303126667
171,1337,1508,0.14533099555128096
171,1346,1517,0.1453637524754644
173,1346,1519,0.14539452900948138
170,1348,1518,0.14541654322481012
168,1337,1505,0.14544594006659792
171,1339,1510,0.14547861821112157
172,1348,1520,0.14550013686666743
171,1356,1527,0.14551755854456436
171,1346,1517,0.1455376948359824
171,1340,1511,0.14555660826480782
167,1332,1499,0.1455745161216054
170,1322,1492,0.14560251009603156
165,1322,1487,0.145619653534934
160,1326,1486,0.14564970114021483
164,1343,1507,0.1456922467696818
170,1341,1511,0.14572071571683703
173,1340,1513,0.14573052762343472
171,1327,1498,0.14573132790701437
171,1333,1504,0.14573850588398823
167,1335,1502,0.14574534398979322
168,1341,1509,0.14576301422047291
167,1344,1511,0.1457766722514863
169,1337,1506,0.14579161783979516
169,1340,1509,0.14579963389557488
171,1354,1525,0.1458076104870365
169,1340,1509,0.1458094294504534
170,1343,1513,0.14581651779103538
170,1342,1512,0.14581988759176287
171,1339,1510,0.1458229246434677
165,1343,1508,0.14582297089299331
165,1346,1511,0.1458400387924136
163,1338,1501,0.14585620351089676
158,1352,1510,0.14587745284777248
159,1359,1518,0.14591111910715043
155,1386,1541,0.1459394840677739
155,1381,1536,0.14597826929800337
153,1379,1532,0.14601425300859605
154,1355,1509,0.14605418046714333
152,1363,1515,0.14608836713375606
152,1378,1530,0.1461262500297851
148,1373,1521,0.14616147145347286
145,1371,1516,0.14620614933276602
142,1368,1510,0.14625612537892768
141,1370,1511,0.14631129282939592
138,1372,1510,0.14636538942886257
145,1358,1503,0.14642460376749752
144,1371,1515,0.14645939464612268
143,1364,1507,0.14649535937548283
145,1370,1515,0.14653200741604522
147,1374,1521,0.14656008761023864
147,1380,1527,0.14658074498722518
146,1373,1519,0.1465997617024045
148,1382,1530,0.14662019104053706
146,1379,1525,0.1466335391655636
147,1380,1527,0.1466517656844548
148,1388,1536,0.14666589676396702
146,1372,1518,0.1466759932340674
150,1370,1520,0.14669118821008012
149,1369,1518,0.14669383076022122
148,1365,1513,0.1466993120149058
144,1366,1510,0.1467072945118326
141,1369,1510,0.14672624575179147
144,1375,1519,0.1467528721767222
142,1389,1531,0.14676837214839786
146,1375,1521,0.14678911313372286
145,1372,1517,0.14679642075162877
142,1373,1515,0.14680664746063932
141,1374,1515,0.14682549425553856
136,1384,1520,0.14684650685972211
137,1385,1522,0.14688115736641275
137,1384,1521,0.14691052721522646
140,1385,1525,0.14693744274667034
139,1379,1518,0.1469538165849381
141,1367,1508,0.14697187080808127
141,1358,1499,0.14698224527635032
144,1373,1517,0.1469918385138093
140,1371,1511,0.14699165508612275
142,1371,1513,0.1470041223572876
142,1361,1503,0.14700928252611872
142,1371,1513,0.1470138149296618
141,1373,1514,0.1470182415491011
139,1377,1516,0.14702518520607155
139,1370,1509,0.14703772388821446
139,1377,1516,0.14704886487906743
140,1379,1519,0.14705865602090148
140,1368,1508,0.14706532948654072
143,1379,1522,0.1470719592025883
140,1377,1517,0.14706961659840373
140,1378,1518,0.14707704894399784
136,1384,1520,0.1470837859853259
139,1389,1528,0.147101827128864
134,1379,1513,0.14710991124396292
135,1376,1511,0.14713221071116334
138,1379,1517,0.1471498304361411
133,1384,1517,0.14715768511578267
135,1375,1510,0.14717935686126146
137,1387,1524,0.14719387405240003
135,1391,1526,0.14720142743637424
132,1388,1520,0.14721434271319173
130,1390,1520,0.14723494739127901
128,1396,1524,0.14726031239611184
127,1393,1520,0.14729014343305913
127,1390,1517,0.1473211921481894
126,1382,1508,0.1473504008798343
122,1392,1514,0.14738118575707435
124,1388,1512,0.14742209244957397
121,1397,1518,0.14745435682300514
118,1392,1510,0.14749329565527863
119,1383,1502,0.14753843943145098
126,1367,1493,0.1475776687461655
124,1384,1508,0.14759380232262295
122,1391,1513,0.147615038184368
120,1392,1512,0.1476410700980272
120,1396,1516,0.14767131551149779
119,1397,1516,0.1476993166253303
123,1393,1516,0.1477289163324429
123,1395,1518,0.1477450004074208
122,1401,1523,0.1477605874758121
121,1400,1521,0.1477779662505374
122,1394,1516,0.14779704164312638
120,1400,1520,0.14781156505962945
123,1407,1530,0.14783144123283803
120,1402,1522,0.14784123254391646
121,1395,1516,0.14785935801235128
119,1397,1516,0.147873512212093
117,1389,1506,0.14789307325371648
114,1383,1497,0.14791773316534193
113,1403,1516,0.1479497759529591
115,1397,1512,0.14798298658586295
119,1397,1516,0.14800797759122714
116,1402,1518,0.14801977180666004
117,1402,1519,0.14803987188408796
113,1405,1518,0.14805603033272044
109,1410,1519,0.14808340862853592
105,1407,1512,0.1481211856803297
106,1412,1518,0.14816861778104687
106,1417,1523,0.14821015536036394
102,1411,1513,0.1482490670246511
98,1418,1516,0.1482972295210042
97,1415,1512,0.14835407374171988
98,1422,1520,0.14841034478813872
98,1423,1521,0.14846016694883557
98,1426,1524,0.14850669547353135
98,1434,1532,0.1485502619624993
93,1431,1524,0.1485909595762163
91,1441,1532,0.14864432488072435
94,1428,1522,0.148700365234334
92,1424,1516,0.1487442683316365
89,1428,1517,0.1487915162032186
93,1422,1515,0.1488446566064762
92,1424,1516,0.1488825443099334
89,1429,1518,0.14892094797433061
89,1433,1522,0.1489665761944477
91,1429,1520,0.14900916909660947
88,1420,1508,0.14904313493104204
87,1424,1511,0.14908414974420478
89,1434,1523,0.14912571207675193
91,1441,1532,0.1491586222183584
91,1431,1522,0.14918358522239822
91,1424,1515,0.14920669038522372
87,1429,1516,0.1492284438268131
88,1414,1502,0.14926110812061313
86,1419,1505,0.14928889362409412
87,1429,1516,0.1493204712681013
84,1440,1524,0.14934658023547395
84,1440,1524,0.14938034776935216
84,1423,1507,0.14941173297134047
85,1420,1505,0.1494410898926515
84,1427,1511,0.14946610961123707
81,1425,1506,0.1494930846403374
80,1438,1518,0.14952811302377056
83,1426,1509,0.14956380211902182
81,1409,1490,0.1495882602560884
85,1422,1507,0.1496170161327125
83,1428,1511,0.14963221339864652
82,1424,1506,0.14965241832683582
80,1426,1506,0.14967480033074534
80,1429,1509,0.1497018742254529
79,1431,1510,0.1497273311617648
78,1425,1503,0.14975434935427895
77,1420,1497,0.1497825572249587
78,1439,1517,0.14981192179179792
80,1436,1516,0.14983607234671045
82,1442,1524,0.14985295157544457
79,1436,1515,0.1498628743443757
80,1434,1514,0.1498815518624326
79,1435,1514,0.1498960743547073
79,1435,1514,0.14991273052280124
76,1437,1513,0.14992827199781583
75,1446,1521,0.14995199045693602
77,1433,1510,0.14997764634767688
77,1448,1525,0.14999567774338662
77,1450,1527,0.1500126335194279
76,1446,1522,0.15002850624673203
76,1452,1528,0.15004680845070728
75,1463,1538,0.15006404277945568
72,1451,1523,0.15008318009919075
75,1443,1518,0.15010959902742385
77,1440,1517,0.15012534263686686
78,1438,1516,0.15013391531073034
75,1435,1510,0.15013907402930804
74,1426,1500,0.1501530388597827
78,1437,1515,0.1501694405943363
82,1425,1507,0.15017237818305926
83,1421,1504,0.1501630537161439
84,1436,1520,0.15015154097978176
87,1432,1519,0.15013742966536492
85,1439,1524,0.15011542696361463
85,1442,1527,0.15010076258650573
84,1424,1508,0.1500872165205266
86,1425,1511,0.15007737753984352
85,1437,1522,0.15006207497340113
87,1434,1521,0.15005093377105094
86,1434,1520,0.15003468656287114
87,1424,1511,0.15002244354531272
85,1422,1507,0.15000822186959759
82,1433,1515,0.15000107970595145
83,1432,1515,0.15000363028906347
85,1426,1511,0.15000271264298054
83,1424,1507,0.1499959611482417
81,1432,1513,0.1499953893591064
82,1417,1499,0.15000066220685349
84,1428,1512,0.15000270818852476
84,1433,1517,0.14999883077078538
83,1435,1518,0.14999531514692066
84,1435,1519,0.14999489193548293
85,1436,1521,0.14999116804853624
83,1433,1516,0.14998468654643893
83,1426,1509,0.14998462844182817
81,1433,1514,0.1499843960093726
80,1438,1518,0.14998979609571225
78,1435,1513,0.14999795944432118
78,1452,1530,0.15001194166616855
81,1440,1521,0.15002489162888716
81,1429,1510,0.15002826463238705
81,1423,1504,0.15003145833530845
80,1421,1501,0.1500344333452586
78,1426,1504,0.15003960714946404
79,1423,1502,0.15005044473580062
81,1420,1501,0.1500575236028903
82,1435,1517,0.1500581051665439
81,1438,1519,0.15005571287326963
82,1429,1511,0.15005650168474072
82,1435,1517,0.15005418705002638
78,1440,1518,0.15005196341881777
80,1448,1528,0.15006207705055
82,1441,1523,0.1500657560658523
84,1436,1520,0.15006237022500873
82,1434,1516,0.150052892002548
83,1432,1515,0.15004990241747915
83,1430,1513,0.1500443561545376
86,1436,1522,0.15003916683585466
84,1437,1521,0.1500250081032125
83,1439,1522,0.15001794983792713
82,1436,1518,0.1500146051296657
81,1431,1512,0.15001424420325146
80,1433,1513,0.15001656037767067
79,1428,1507,0.1500216510049498
77,1429,1506,0.15002924842514231
79,1421,1500,0.15004254089690863
77,1434,1511,0.15004874636747145
79,1440,1519,0.15006080419419524
79,1441,1520,0.15006605775430054
73,1440,1513,0.15007077095181098
74,1437,1511,0.15009347592707745
73,1446,1519,0.15011159939799357
72,1460,1532,0.15013137897472714
71,1451,1522,0.1501528263114267
72,1448,1520,0.15017562984865832
74,1447,1521,0.15019374267560587
75,1456,1531,0.15020451856422565
71,1452,1523,0.15021144046771617
69,1448,1517,0.15023010928663477
70,1456,1526,0.15025363875626596
70,1457,1527,0.15027249157628675
69,1451,1520,0.1502901134552142
71,1450,1521,0.1503097773863193
69,1461,1530,0.1503219330349239
66,1465,1531,0.1503394590235095
66,1459,1525,0.15036486862472134
64,1456,1520,0.15038856898355882
63,1452,1515,0.1504169429458951
63,1458,1521,0.1504464318598942
63,1465,1528,0.15047400631169366
67,1464,1531,0.15049911318062364
68,1461,1529,0.150510145703119
67,1465,1532,0.15051745408350928
67,1458,1525,0.15052739599491682
67,1457,1524,0.15053675946323
64,1456,1520,0.1505457133960652
64,1457,1521,0.15056314949381738
65,1447,1512,0.15057933938434961
66,1449,1515,0.1505915098377849
66,1453,1519,0.15059997718152845
68,1444,1512,0.15060805631928345
66,1450,1516,0.1506095378419724
66,1444,1510,0.1506171562576917
70,1442,1512,0.15062430246474787
69,1434,1503,0.1506184497598
70,1434,1504,0.15061602099893975
70,1433,1503,0.15061067237089906
69,1427,1496,0.1506056418279941
69,1438,1507,0.15060375148825714
70,1440,1510,0.15060203753803914
72,1452,1524,0.15059736701259369
73,1438,1511,0.15058675803847332
69,1422,1491,0.15057409708542635
68,1425,1493,0.15057457381021427
67,1430,1497,0.15057812288051944
66,1442,1508,0.15058463380820789
66,1451,1517,0.1505937826129506
69,1449,1518,0.15060235273336217
69,1448,1517,0.15060110318713613
68,1445,1513,0.1505999314289539
69,1441,1510,0.1506019780462532
70,1443,1513,0.15060086116237767
70,1447,1517,0.15059650621875234
70,1432,1502,0.15059218315204498
70,1439,1509,0.1505880788826981
72,1443,1515,0.1505839799068523
74,1444,1518,0.15057431823057216
75,1447,1522,0.15055921888911425
74,1432,1506,0.15054210920174899
73,1429,1502,0.15052909897608005
73,1443,1516,0.15052007431944983
72,1441,1513,0.15051170478765732
72,1441,1513,0.150506968717411
75,1441,1516,0.15050239089769335
77,1433,1510,0.15048912205220785
73,1439,1512,0.15047067280085488
72,1437,1509,0.15046583276980585
71,1433,1504,0.1504644154593714
74,1438,1512,0.15046619677890016
74,1453,1527,0.15045880540027098
76,1443,1519,0.15045205722737692
78,1438,1516,0.15043963006185468
79,1432,1511,0.1504219383168422
78,1430,1508,0.1504023321900809
77,1436,1513,0.15038681546159233
78,1422,1500,0.15037524249517195
78,1416,1494,0.15036147123609322
75,1413,1488,0.15034846082160302
79,1426,1505,0.15034545295932045
81,1432,1513,0.15033047266513702
83,1427,1510,0.15031057662156996
82,1434,1516,0.15028551475939467
84,1443,1527,0.150265428311808
84,1446,1530,0.1502403836683763
79,1447,1526,0.15021691458936612
79,1438,1517,0.15020994431938578
80,1442,1522,0.15020346660243325
79,1451,1530,0.1501943775130304
78,1448,1526,0.1501890184651049
77,1424,1501,0.1501869537282596
74,1437,1511,0.15018811423898384
75,1439,1514,0.1501984151837426
76,1444,1520,0.15020480605420683
76,1444,1520,0.15020775463473768
75,1447,1522,0.1502106302414143
75,1459,1534,0.15021643275516688
75,1455,1530,0.15022169963509255
75,1438,1513,0.15022684742186201
74,1435,1509,0.15023114252894504
73,1447,1520,0.15023817733550193
70,1450,1520,0.15024781368641482
72,1446,1518,0.1502659919195029
71,1440,1511,0.15027687211608173
70,1451,1521,0.1502902590676023
67,1457,1524,0.15030593836496295
67,1461,1528,0.1503297316312606
69,1453,1522,0.15035236092847426
70,1458,1528,0.15036699801022324
71,1445,1516,0.1503777662678073
73,1451,1524,0.15038478487215773
72,1450,1522,0.15038526254414195
71,1444,1515,0.15038901207922675
71,1443,1514,0.15039556456281444
70,1440,1510,0.15040166475114033
71,1427,1498,0.15041052617287215
68,1431,1499,0.15041594978197192
68,1446,1514,0.15042995906774168
64,1447,1511,0.1504432544400979
62,1450,1512,0.15046812133518916
59,1451,1510,0.15049746911242143
60,1457,1517,0.15053411946977477
59,1455,1514,0.1505653793728549
60,1459,1519,0.1505977413238998
61,1455,1516,0.15062492163662913
61,1461,1522,0.15064756771532242
62,1467,1529,0.15066887106857663
61,1463,1524,0.15068586223335206
60,1471,1531,0.15070482420282838
59,1471,1530,0.15072557583307827
58,1465,1523,0.15074810799563645
56,1470,1526,0.15077224758646787
54,1457,1511,0.15080085048715908
53,1452,1505,0.1508337945274674
53,1455,1508,0.15086780911894734
53,1461,1514,0.1508998867262898
56,1465,1521,0.1509301803929682
55,1475,1530,0.15094923238523847
54,1483,1537,0.150970242233618
51,1473,1524,0.1509931266236626
49,1472,1521,0.15102393077478046
51,1467,1518,0.1510591069835684
50,1458,1508,0.15108570380148845
51,1465,1516,0.15111384325862434
50,1474,1524,0.151137226322686
50,1462,1512,0.15116229471053647
48,1451,1499,0.15118576452611418
47,1456,1503,0.15121397431468123
49,1452,1501,0.1512434881631499
48,1458,1506,0.15126502318238422
46,1448,1494,0.15128830512154487
47,1474,1521,0.15131639214573453
46,1481,1527,0.15133966364195042
46,1467,1513,0.15136445051932848
48,1466,1514,0.1513877450713953
49,1473,1522,0.15140340649298956
51,1455,1506,0.15141490957179587
51,1465,1516,0.15141971836046372
52,1456,1508,0.15142411992472168
49,1462,1511,0.1514254861742057
50,1471,1521,0.15143626768025112
51,1470,1521,0.15144326833225727
54,1477,1531,0.15144686313832045
56,1470,1526,0.1514411245691279
58,1456,1514,0.1514296237478079
58,1451,1509,0.15141279672073074
55,1454,1509,0.15139722779487588
54,1456,1510,0.15139193425715702
54,1463,1517,0.1513901724757168
53,1468,1521,0.15138859654203352
54,1458,1512,0.15139026972273764
53,1463,1516,0.1513889268943753
53,1464,1517,0.1513904907644367
51,1452,1503,0.15139201896936666
54,1452,1506,0.15139965867933308
52,1469,1521,0.1513975750213977
51,1473,1524,0.15140188380287253
50,1469,1519,0.1514089825502582
49,1477,1526,0.1514186076845739
50,1468,1518,0.15143081329033423
50,1459,1509,0.15143904750824255
50,1468,1518,0.15144696997638074
51,1469,1520,0.15145430281092817
49,1478,1527,0.15145823756854795
47,1482,1529,0.15146804378384843
48,1451,1499,0.15148349504216577
48,1467,1515,0.15149489535637067
49,1482,1531,0.15150556964880996
46,1461,1507,0.15151244785117834
48,1463,1511,0.15152802754819242
46,1471,1517,0.15153660151621298
47,1465,1512,0.15155094356501375
48,1472,1520,0.1515613479635473
47,1473,1520,0.15156819872811522
48,1464,1512,0.15157772556194252
48,1457,1505,0.1515832825953217
47,1466,1513,0.1515884920200027
43,1472,1515,0.15159633477772633
45,1475,1520,0.15161592107280125
43,1473,1516,0.15162818025803101
42,1490,1532,0.15164597097371818
43,1489,1532,0.15166559339978003
41,1477,1518,0.1516810905085447
42,1485,1527,0.15170175872800112
39,1474,1513,0.15171810646585052
36,1481,1517,0.15174291820198282
35,1490,1525,0.15177550906453166
35,1492,1527,0.15180915278983606
33,1491,1524,0.15184061001364887
32,1492,1524,0.15187641190850867
31,1481,1512,0.1519129191270083
29,1491,1520,0.1519502460830309
30,1497,1527,0.15199129525110996
29,1500,1529,0.15202676424466524
30,1492,1522,0.1520630254213459
28,1487,1515,0.15209395900731512
29,1481,1510,0.1521293022099971
30,1487,1517,0.15215924000803777
31,1493,1524,0.15218434251817992
32,1503,1535,0.15220470538708317
31,1492,1523,0.15222058813971157
32,1490,1522,0.15223847722770653
32,1486,1518,0.15225238068497451
31,1480,1511,0.15226546455480186
32,1487,1519,0.15228076586116257
31,1469,1500,0.15229210545970695
26,1476,1502,0.15230581597963083
26,1478,1504,0.15233399207245046
27,1495,1522,0.15236039591644862
26,1476,1502,0.15238184052086645
29,1463,1492,0.15240501082115832
29,1470,1499,0.15241724219617978
30,1480,1510,0.15242866804491928
30,1475,1505,0.15243647741414723
30,1473,1503,0.15244380099564325
30,1490,1520,0.15245068477849025
31,1487,1518,0.15245723080167065
29,1494,1523,0.15246019114289067
29,1482,1511,0.15246940618692442
28,1484,1512,0.15247787167062682
28,1479,1507,0.15248893868967486
29,1472,1501,0.1524992975021887
27,1482,1509,0.15250583285009425
29,1493,1522,0.15251813752886192
30,1487,1517,0.15252349888172642
29,1490,1519,0.15252537582265555
29,1508,1537,0.1525301929900865
29,1497,1526,0.15253477429251036
28,1483,1511,0.15253909614005493
27,1495,1522,0.15254634940675862
27,1493,1520,0.15255634011986316
26,1489,1515,0.1525657142298338
26,1484,1510,0.15257765485657235
27,1487,1514,0.15258888247745708
26,1493,1519,0.15259609697640633
24,1496,1520,0.15260610785728068
26,1497,1523,0.15262177661921375
28,1497,1525,0.152630126642891
28,1491,1519,0.1526317616862177
28,1487,1515,0.15263332827860865
29,1483,1512,0.1526348320659149
29,1486,1515,0.1526330874054346
29,1484,1513,0.1526314555677495
29,1480,1509,0.15263002911642073
29,1485,1514,0.15262871254602658
27,1492,1519,0.15262751144115183
26,1489,1515,0.15263282316032753
26,1495,1521,0.15264086261355342
28,1493,1521,0.15264839002360195
26,1499,1525,0.15264920573530913
28,1503,1531,0.15265626859030298
28,1503,1531,0.1526566331528032
29,1506,1535,0.1526570299422387
28,1497,1525,0.15265436035775443
27,1487,1514,0.1526550198485676
27,1481,1508,0.15265886315451238
27,1471,1498,0.15266247050057175
25,1475,1500,0.15266586348282182
25,1485,1510,0.15267525397045456
27,1498,1525,0.15268409477926725
27,1494,1521,0.15268605162339177
27,1494,1521,0.1526879269931363
27,1495,1522,0.1526897050387914
27,1493,1520,0.15269138535969692
26,1496,1522,0.1526929715275752
25,1484,1509,0.15269750106850252
26,1493,1519,0.15270490259928413
24,1503,1527,0.15270865705785164
23,1505,1528,0.15271835164048878
22,1506,1528,0.15273058448375718
22,1510,1532,0.15274528040941207
21,1501,1522,0.15275908230279808
22,1500,1522,0.15277523380693464
20,1498,1518,0.1527873082145716
21,1499,1520,0.15280498764338177
22,1497,1519,0.15281833097199596
22,1508,1530,0.1528276548242858
21,1497,1518,0.15283636315027865
21,1503,1524,0.15284758665703418
21,1495,1516,0.15285816896877757
22,1493,1515,0.15286821103106174
21,1502,1523,0.15287445814444045
20,1492,1512,0.15288346956403898
21,1494,1515,0.1528950804973827
21,1509,1530,0.15290280369216455
20,1510,1530,0.15291006670496243
20,1514,1534,0.15292006309317402
20,1509,1529,0.15292944003268955
18,1504,1522,0.1529382407057193
18,1508,1526,0.15295277640530386
18,1518,1536,0.15296645846491436
17,1501,1518,0.15297932459436653
17,1494,1511,0.15299446060355584
17,1514,1531,0.1530086971188258
16,1509,1525,0.15302206526912968
17,1504,1521,0.15303781566698663
17,1500,1517,0.15304950003230097
17,1510,1527,0.1530604419856127
18,1500,1518,0.1530707115887801
18,1484,1502,0.15307716948699973
17,1502,1519,0.15308323849222702
17,1500,1517,0.15309212592388957
17,1508,1525,0.15310046404590094
17,1518,1535,0.15310829271168516
17,1511,1528,0.15311564537945319
15,1502,1517,0.15312255142409728
15,1510,1525,0.15313529048860486
15,1496,1511,0.15314728153041046
15,1491,1506,0.1531585371051439
15,1506,1521,0.15316910752433524
17,1504,1521,0.15317902751179877
17,1507,1524,0.15318192810468723
16,1500,1516,0.15318465957709104
16,1513,1529,0.1531904329891629
15,1510,1525,0.15319585102892186
14,1503,1517,0.15320404320259637
13,1520,1533,0.15321494880279946
14,1507,1521,0.15322840388058734
15,1500,1515,0.15323784038450478
15,1504,1519,0.15324359429583848
15,1500,1515,0.1532489731270066
14,1504,1518,0.15325402231228946
13,1524,1537,0.1532619658618739
12,1519,1531,0.15327261476140458
12,1516,1528,0.15328585691481814
11,1515,1526,0.15329826646492936
10,1517,1527,0.15331318187555573
11,1514,1525,0.15333037782678155
11,1516,1527,0.15334332349412816
11,1523,1534,0.1533554935689055
11,1513,1524,0.15336692477394964
11,1507,1518,0.15337765989882654
11,1502,1513,0.15338774134509064
11,1500,1511,0.15339720932435502
11,1497,1508,0.15340610157687531
11,1484,1495,0.1534144534582572
10,1479,1489,0.1534222980917918
9,1495,1504,0.15343287685438786
8,1501,1509,0.15344600985837492
8,1523,1531,0.15346148111044355
8,1513,1521,0.15347606672750477
8,1509,1517,0.15348978493028212
8,1514,1522,0.1535026815607836
9,1522,1531,0.15351480362734993
9,1516,1525,0.1535229557263522
9,1514,1523,0.1535306251638623
9,1518,1527,0.15353783501482302
9,1509,1518,0.15354461113682855
9,1498,1507,0.15355097921952282
9,1487,1496,0.15355696384631018
9,1493,1502,0.15356258820158722
9,1489,1498,0.15356787406085176
8,1508,1516,0.15357284186070153
8,1512,1520,0.15358074183845505
9,1502,1511,0.15358815818306884
9,1507,1516,0.1535918937650826
9,1510,1519,0.1535953021627719
9,1501,1510,0.15359854951578447
10,1498,1508,0.15360161001850162
9,1510,1519,0.1536012742230179
9,1507,1516,0.1536042114120273
7,1512,1519,0.15360695381046352
6,1519,1525,0.15361590873369024
6,1529,1535,0.1536276041016158
6,1512,1518,0.15363861108981017
6,1504,1510,0.15364896731540534
6,1499,1505,0.1536587094816317
7,1512,1519,0.15366787218888
9,1502,1511,0.15367325438892362
10,1513,1523,0.15367187138999355
10,1509,1519,0.15366738841551456
11,1506,1517,0.15366320776507605
11,1511,1522,0.15365606209649788
11,1497,1508,0.15364937246385493
12,1498,1510,0.15364310388489374
12,1507,1519,0.1536340340219226
10,1506,1516,0.15362554668607728
10,1509,1519,0.15362402137302247
10,1518,1528,0.15362258392243205
10,1519,1529,0.1536212351882693
10,1505,1515,0.1536199719887773
10,1497,1507,0.15361878905733234
10,1505,1515,0.15361768097899303
10,1512,1522,0.15361663616755603
9,1505,1514,0.15361565742359534
9,1505,1514,0.1536179422226657
10,1504,1514,0.1536200855962862
11,1515,1526,0.15361889536169177
10,1492,1502,0.15361458758250254
10,1504,1514,0.15361376940360943
11,1502,1513,0.15361299798883243
11,1513,1524,0.15360908205993953
11,1499,1510,0.15360542558652565
10,1505,1515,0.15360200104301097
10,1512,1522,0.15360197962089678
11,1500,1511,0.15360195432359985
11,1501,1512,0.15359873887194667
11,1502,1513,0.15359573767213816
11,1499,1510,0.1535929258721808
11,1506,1517,0.15359028760216706
11,1511,1522,0.1535878107706292
11,1502,1513,0.15358548500833188
11,1499,1510,0.15358330090457287
11,1512,1523,0.1535812497353394
11,1499,1510,0.1535793233511789
11,1507,1518,0.15357751411791606
11,1503,1514,0.15357581487633168
12,1495,1507,0.15357421890961973
12,1489,1501,0.15356951247902695
12,1498,1510,0.15356509742844732
12,1500,1512,0.1535609518200939
12,1503,1515,0.15355706100251726
12,1500,1512,0.15355340980704946
12,1498,1510,0.1535499834071193
11,1510,1521,0.153546767731006
11,1515,1526,0.15354695408039518
11,1499,1510,0.15354712251783922
12,1498,1510,0.15354727734975765
10,1494,1504,0.15354425652590964
10,1501,1511,0.15354780497584802
9,1518,1527,0.15355112846058044
9,1517,1526,0.15355742570060385
9,1517,1526,0.15356332455106
9,1502,1511,0.15356885733795275
8,1490,1498,0.15357404983187564
9,1499,1508,0.1535821080270453
7,1502,1509,0.15358645687675
7,1496,1503,0.15359695713344906
8,1491,1499,0.15360681713131913
9,1494,1503,0.15361287649608177
10,1505,1515,0.1536153887136893
10,1499,1509,0.15361455487876166
10,1502,1512,0.1536137928298847
10,1495,1505,0.15361308546555713
11,1505,1516,0.15361242499578395
11,1507,1518,0.15360861151860292
13,1505,1518,0.15360505005921218
14,1511,1525,0.15359532223016384
13,1498,1511,0.1535830465746319
12,1495,1507,0.153574768522096
12,1495,1507,0.1535701933773247
11,1504,1515,0.153565890019701
12,1505,1517,0.15356500222086733
12,1517,1529,0.15356099203012769
12,1512,1524,0.1535572430783821
12,1507,1519,0.15355372762582709
13,1516,1529,0.15355042779482792
15,1526,1541,0.15354413140119705
15,1511,1526,0.15353189228989053
15,1510,1525,0.15352046096491484
15,1502,1517,0.1535097550771431
15,1492,1507,0.15349971689919115
15,1501,1516,0.15349026094415127
16,1500,1516,0.15348138245019702
16,1500,1516,0.1534698898006906
16,1513,1529,0.15345906740319226
16,1496,1512,0.1534489074186332
18,1502,1520,0.15343936913257158
19,1500,1519,0.15342411193103492
19,1516,1535,0.15340668361418225
19,1512,1531,0.15339037880798817
19,1507,1526,0.15337510286931472
18,1504,1522,0.1533607800937108
17,1491,1508,0.1533504829154838
16,1496,1512,0.15334396348389728
16,1497,1513,0.15334097732789728
16,1505,1521,0.15333814977519616
16,1508,1524,0.15333548166085503
16,1501,1517,0.1533329679441687
15,1499,1514,0.1533306012472981
15,1501,1516,0.15333155097171866
14,1505,1519,0.15333242738995473
13,1500,1513,0.15333639918104713
13,1493,1506,0.15334325439850593
13,1504,1517,0.15334965918317484
13,1505,1518,0.15335562966926375
13,1498,1511,0.15336120157399294
12,1489,1501,0.15336642338791903
11,1484,1495,0.15337448013895716
10,1484,1494,0.1533851918351822
10,1493,1503,0.15339840449148062
11,1497,1508,0.15341079221160142
11,1495,1506,0.15341925881391663
12,1491,1503,0.1534272319718142
10,1501,1511,0.153431563296345
9,1495,1504,0.15344195317467146
9,1498,1507,0.15345484418081287
9,1503,1512,0.15346694887576098
7,1504,1511,0.15347831788060842
6,1492,1498,0.15349540326902467
6,1501,1507,0.15351463407746285
6,1500,1506,0.15353268903562722
6,1510,1516,0.15354964711660082
6,1504,1510,0.15356557791449352
6,1501,1507,0.15358054508410263
6,1497,1503,0.1535946076253692
6,1510,1516,0.153607820601198
7,1504,1511,0.15362023557484678
6,1498,1504,0.15362867764534385
6,1500,1506,0.1536398200750341
6,1500,1506,0.153650282662356
6,1499,1505,0.15366011223876164
6,1505,1511,0.15366934857145256
6,1526,1532,0.1536780276382719
6,1507,1513,0.1536861829703489
7,1512,1519,0.15369384609359663
6,1525,1531,0.15369783640685353
6,1510,1516,0.15370480993571398
5,1524,1529,0.15371135468514882
6,1513,1519,0.15372071130192888
6,1508,1514,0.15372627514371515
6,1504,1510,0.15373151283358674
6,1506,1512,0.15373643769407708
6,1503,1509,0.15374106684204955
7,1509,1516,0.1537454174484453
6,1508,1514,0.15374628494480758
6,1518,1524,0.1537503357470856
6,1521,1527,0.15375413798278068
6,1516,1522,0.1537577086568367
6,1508,1514,0.15376106321738997
6,1512,1518,0.15376421536618706
6,1510,1516,0.15376717756742614
6,1516,1522,0.15376996137040236
6,1507,1513,0.15377257756523316
6,1497,1503,0.15377503626640177
6,1508,1514,0.15377734696809134
6,1515,1521,0.15377951858758102
6,1520,1526,0.15378155950265132
6,1508,1514,0.15378347758531358
6,1519,1525,0.15378528023286644
6,1512,1518,0.15378697439677655
5,1502,1507,0.15378856660966866
5,1502,1507,0.15379327277727703
5,1506,1511,0.15379768345902364
6,1509,1515,0.15380182414080878
6,1510,1516,0.15380249669013785
6,1527,1533,0.15380314478750315
6,1516,1522,0.15380375910583116
6,1496,1502,0.1538043384482098
7,1499,1506,0.15380488371645595
7,1487,1494,0.1538021846390896
7,1493,1500,0.1537996669650642
8,1499,1507,0.15379730736824984
8,1504,1512,0.15379187356965762
8,1499,1507,0.15378678668666743
7,1494,1501,0.15378201470231823
6,1503,1509,0.153780726645763
6,1514,1520,0.15378273228100886
6,1514,1520,0.15378460685527248
7,1511,1518,0.15378636332810816
7,1504,1511,0.15378481113464215
7,1498,1505,0.15378337118262414
7,1513,1520,0.15378202366708468
6,1509,1515,0.1537807596337955
6,1514,1520,0.15378277320597766
6,1522,1528,0.1537846514818202
6,1512,1518,0.15378641155578657
5,1515,1520,0.15378806379177332
6,1514,1520,0.15379282101827993
6,1516,1522,0.15379405655214376
6,1511,1517,0.15379522631328657
5,1505,1510,0.15379632718404002
5,1512,1517,0.15380056777745327
5,1505,1510,0.1538045404356508
5,1509,1514,0.15380827010980394
6,1499,1505,0.15381177425989861
6,1515,1521,0.15381185335064568
6,1507,1513,0.15381194474658527
6,1495,1501,0.1538120355171925
6,1499,1505,0.15381212241324882
6,1515,1521,0.15381220473233656
5,1518,1523,0.15381228251745757
5,1513,1518,0.15381557320052508
6,1522,1528,0.15381865504874273
6,1509,1515,0.1538183178330023
5,1511,1516,0.15381801247000582
5,1509,1514,0.1538209520780427
5,1508,1513,0.15382369572694576
5,1501,1506,0.1538262728505616
5,1502,1507,0.15382869535226562
5,1509,1514,0.15383097277802837
5,1523,1528,0.15383311334671418
5,1515,1520,0.1538351249440842
5,1501,1506,0.15383701516562132
5,1488,1493,0.1538387912566203
4,1505,1509,0.15384046008055932
4,1517,1521,0.1538452579142845
4,1511,1515,0.1538497592842454
4,1512,1516,0.153853986702346
4,1521,1525,0.15385795877372652
6,1515,1521,0.15386169160214447
6,1525,1531,0.1538587141226466
6,1523,1529,0.15385593705593806
7,1528,1535,0.15385333262687123
7,1511,1518,0.1538476705931681
7,1512,1519,0.15384237024752362
7,1514,1521,0.15383739713453345
6,1517,1523,0.15383272781023963
6,1515,1521,0.1538315664039103
6,1495,1501,0.15383046744428042
7,1497,1504,0.1538294320729188
7,1483,1490,0.15382521723703327
9,1485,1494,0.15382126745047572
9,1481,1490,0.15381110907726472
9,1482,1491,0.15380159628260856
9,1480,1489,0.15379267040440625
9,1497,1506,0.15378429023399673
9,1491,1500,0.15377642070021003
9,1497,1506,0.15376903003195236
9,1478,1487,0.15376208875902428
9,1479,1488,0.1537555693334358
10,1484,1494,0.15374944594092532
10,1504,1514,0.153740462230131
10,1512,1522,0.15373203518934697
9,1512,1521,0.153724124453406
8,1503,1511,0.15371990968942886
7,1504,1511,0.15371916652658393
6,1503,1509,0.15372165131476379
6,1514,1520,0.15372720667108478
6,1503,1509,0.15373241991782227
7,1516,1523,0.15373731575572133
8,1512,1520,0.15373869001874385
8,1510,1518,0.15373678021884046
8,1508,1516,0.15373500871524498
8,1523,1531,0.15373335325527393
6,1522,1528,0.15373180162173544
7,1527,1534,0.15373674644560925
7,1517,1524,0.15373816667049797
6,1524,1530,0.1537395079799454
6,1525,1531,0.1537439887197125
6,1522,1528,0.15374819054850966
6,1526,1532,0.1537521343159659
5,1533,1538,0.15375583816787
5,1523,1528,0.1537625277938608
5,1526,1531,0.15376880335247844
5,1535,1540,0.15377469718024414
4,1530,1534,0.15378023480441574
4,1538,1542,0.1537886776557782
4,1533,1537,0.15379660896383276
4,1527,1531,0.1538040614361157
4,1525,1529,0.1538110651226965
5,1527,1532,0.15381764717957835
5,1512,1517,0.1538206030407843
5,1518,1523,0.15382339321837685
6,1530,1536,0.15382601737337473
5,1526,1531,0.1538252446771338
5,1509,1514,0.1538277419684512
5,1519,1524,0.15383007999955714
5,1517,1522,0.15383227533182545
4,1518,1522,0.15383433827659632
5,1518,1523,0.15383951305788657
5,1523,1528,0.15384112869685887
5,1517,1522,0.1538426531068745
5,1515,1520,0.15384408560297735
5,1499,1504,0.1538454314964997
5,1494,1499,0.15384669643654558
5,1510,1515,0.15384788555941514
5,1509,1514,0.15384900353795955
5,1499,1504,0.15385005468010146
5,1499,1504,0.15385104299405492
5,1506,1511,0.15385197222919175
5,1516,1521,0.1538528459032359
4,1510,1514,0.15385366732193842
4,1508,1512,0.15385767336760725
4,1518,1522,0.15386143443114889
4,1508,1512,0.15386496996917984
4,1508,1512,0.1538682936315361
4,1515,1519,0.1538714174684862
4,1525,1529,0.1538743530476375
4,1517,1521,0.15387711147810101
4,1514,1518,0.15387970334137932
3,1516,1519,0.1538821386566283
3,1508,1511,0.15388765966307516
3,1500,1503,0.15389284199111108
3,1493,1496,0.15389771191063262
3,1506,1509,0.15390228946135973
2,1491,1493,0.15390659202361057
2,1484,1486,0.15391388919905544
2,1484,1486,0.15392074802446568
2,1503,1505,0.1539271972727808
2,1516,1518,0.1539332607530727
2,1520,1522,0.15393896051476377
2,1525,1527,0.15394431770755182
2,1517,1519,0.15394935254387407
2,1515,1517,0.15395408422122053
2,1519,1521,0.1539585308956628
2,1510,1512,0.15396270969322465
2,1520,1522,0.15396663674249964
2,1508,1510,0.15397032721798862
2,1506,1508,0.1539737953881182
3,1519,1522,0.1539770546645653
3,1525,1528,0.15397685485246965
3,1531,1534,0.15397667218770938
3,1528,1531,0.15397649883485237
3,1516,1519,0.15397633440887032
3,1524,1527,0.1539761792452846
3,1527,1530,0.15397603334884974
3,1528,1531,0.15397589645117746
3,1524,1527,0.15397576814088826
3,1527,1530,0.1539756479464306
3,1528,1531,0.15397553538110695
3,1524,1527,0.15397542996630229
3,1505,1508,0.15397533124291993
3,1517,1520,0.15397523877651284
3,1525,1528,0.1539751521590531
3,1534,1537,0.15397507100892674
3,1508,1511,0.15397499497001899
3,1497,1500,0.15397492371036664
3,1490,1493,0.1539748569206379
3,1507,1510,0.15397479431258235
3,1511,1514,0.15397473561752514
3,1522,1525,0.15397468058494213
3,1514,1517,0.15397462898113137
3,1522,1525,0.15397458058798408
3,1524,1527,0.1539745352018533
3,1516,1519,0.15397449263251384
3,1518,1521,0.15397445270220653
3,1487,1490,0.1539744152447604
3,1502,1505,0.15397438010478492
2,1505,1507,0.15397434713692615
2,1503,1505,0.1539775670202349
2,1493,1495,0.15398059044542323
2,1493,1495,0.1539834331130554
2,1499,1501,0.1539861065090662
2,1506,1508,0.1539886202932282
2,1517,1519,0.15399098353686264
2,1518,1520,0.15399320493951016
2,1511,1513,0.1539952928205706
2,1512,1514,0.15399725509256265
2,1501,1503,0.1539990992491069
2,1489,1491,0.15400083236681433
2,1509,1511,0.1540024611161156
2,1512,1514,0.15400399177711713
1,1517,1518,0.1540054302579644
1,1507,1508,0.15401004864989815
1,1495,1496,0.1540143916844469
1,1510,1511,0.1540184776414264
1,1503,1504,0.15402232077283148
1,1513,1514,0.15402593434333467
1,1518,1519,0.1540293313416196
1,1505,1506,0.15403252434908246
1,1516,1517,0.15403552540421736
1,1522,1523,0.15403834593830004
1,1528,1529,0.15404099675828406
1,1533,1534,0.1540434880550376
1,1534,1535,0.1540458294242646
1,1516,1517,0.15404802989335256
1,1520,1521,0.15405009795058494
1,1518,1519,0.15405204157483268
1,1515,1516,0.15405386826473141
1,1502,1503,0.15405558506682834
1,1515,1516,0.15405719860244876
1,1514,1515,0.1540587150931777
1,1517,1518,0.15406014038493374
1,1507,1508,0.1540614799706597
1,1517,1518,0.15406273901167647
1,1526,1527,0.15406392235776165
1,1518,1519,0.15406503456601792
1,1519,1520,0.1540660799185981
1,1518,1519,0.15406706243935425
1,1513,1514,0.1540679859094731
1,1515,1516,0.15406885388216068
1,1502,1503,0.15406966969643254
1,1508,1509,0.15407043649006513
1,1510,1511,0.1540711572117599
2,1518,1520,0.15407183463256752
2,1519,1521,0.15406920021031176
2,1511,1513,0.15406673024025283
2,1520,1522,0.15406440807415422
2,1512,1514,0.1540622239968673
2,1504,1506,0.1540601701657142
3,1504,1507,0.15405823925973594
2,1511,1513,0.15405316070619918
2,1514,1516,0.15405165493205827
2,1512,1514,0.15405023574578344
1,1511,1512,0.15404890053642867
1,1509,1510,0.15405090566601154
1,1513,1514,0.1540527897180553
1,1516,1517,0.15405456336984297
1,1526,1527,0.1540562334143634
1,1530,1531,0.1540578052380892
1,1531,1532,0.15405928398243227
1,1529,1530,0.15406067471491464
1,1519,1520,0.15406198238635013
0,1522,1522,0.15406321177587312
