1362,28,1390,0.13582078724178806
1398,28,1426,0.13299925441950794
1425,29,1454,0.13032457135466483
1435,29,1464,0.1278125849748202
1447,33,1480,0.12549708037977322
1453,34,1487,0.12335695112387185
1446,34,1480,0.12139254899752604
1446,34,1480,0.11962193241481357
1456,33,1489,0.11800960954124254
1458,33,1491,0.11651653657827211
1465,33,1498,0.11515219031558804
1451,33,1484,0.11389311647251871
1451,33,1484,0.11278083680581732
1457,34,1491,0.11176831172362572
1450,33,1483,0.1108324391981439
1441,34,1475,0.10999679012311571
1446,34,1480,0.10925645413505208
1444,33,1477,0.10857120042250619
1457,33,1490,0.10795198307824735
1455,34,1489,0.10735816761414238
1444,36,1480,0.10682205536872891
1444,37,1481,0.10635863678778708
1452,38,1490,0.1059362271794504
1457,37,1494,0.1055336717064626
1462,38,1500,0.10515612964415828
1457,38,1495,0.1048014864565487
1458,36,1494,0.10448967543676141
1453,38,1491,0.1042035104678482
1459,38,1497,0.10395421646616473
1460,37,1497,0.1037136973497908
1451,37,1488,0.1034928483221542
1448,39,1487,0.10331153171434178
1453,36,1489,0.10315289544242008
1445,38,1483,0.10299772685665058
1445,37,1482,0.10287392293652813
1451,34,1485,0.10276103121528152
1458,34,1492,0.10264581495852733
1465,36,1501,0.10252538481708727
1454,36,1490,0.10240038045840116
1446,39,1485,0.10231029912402974
1445,40,1485,0.10224587189117347
1449,42,1491,0.1021893729705744
1448,43,1491,0.10212940436072244
1452,44,1496,0.10207736169760727
1455,47,1502,0.10202113683874067
1440,49,1489,0.10196361454923206
1452,52,1504,0.10194363640889031
1446,52,1498,0.10189979982900922
1452,52,1504,0.10187298190421007
1448,49,1497,0.10183553484432561
1456,48,1504,0.10181015628291407
1449,46,1495,0.10176939363571456
1442,51,1493,0.10174788695676305
1448,50,1498,0.1017427995477739
1454,50,1504,0.1017254322736969
1466,49,1515,0.10169647745279795
1463,50,1513,0.10164397072146338
1466,51,1517,0.10160279770609579
1456,51,1507,0.10155885810169574
1454,51,1505,0.10154026998438793
1460,51,1511,0.10152763836071951
1456,50,1506,0.1015032713727569
1433,51,1484,0.10149002978860203
1451,49,1500,0.10152759346049833
1450,48,1498,0.10152326911278621
1440,49,1489,0.10152169969871137
1453,46,1499,0.10154128881458861
1444,47,1491,0.10153109284675597
1454,44,1498,0.10154079747916481
1458,46,1504,0.10152856028352562
1457,47,1504,0.10150919050633331
1453,48,1501,0.10149410538023712
1456,48,1504,0.1014880302151549
1445,51,1496,0.10147641453342399
1452,51,1503,0.10148948400413513
1443,50,1493,0.10148595594037295
1442,51,1493,0.1015025612973498
1440,49,1489,0.10152011692413328
1435,50,1485,0.10154020142226068
1435,49,1484,0.10156936337898717
1449,49,1498,0.10159639948198534
1437,50,1487,0.10159027990325997
1436,52,1488,0.1016102619758903
1444,52,1496,0.10163046604594615
1449,53,1502,0.1016315292920986
1446,52,1498,0.10162182685408096
1457,53,1510,0.1016196825418591
1452,58,1510,0.10159418394957737
1447,57,1504,0.10158203372189359
1436,56,1492,0.10158154214247613
1428,56,1484,0.10160435696057679
1432,58,1490,0.10164254348215661
1419,61,1480,0.10166888232989653
1434,62,1496,0.10172070926403336
1432,62,1494,0.10173607102999715
1436,62,1498,0.10175429988709926
1442,57,1499,0.10176228326735547
1424,62,1486,0.10175619348626164
1435,63,1498,0.10178983759477242
1420,64,1484,0.10179681659206566
1422,64,1486,0.1018357706900717
1414,65,1479,0.10186739186463861
1409,67,1476,0.10191337298720786
1414,65,1479,0.10196588914054532
1414,66,1480,0.10200281029087685
1429,63,1492,0.10203659022079423
1429,60,1489,0.10203485863082673
1428,62,1490,0.10203313342128001
1440,62,1502,0.10203371713307594
1443,62,1505,0.10200853968775186
1434,59,1493,0.10197920199819784
1431,59,1490,0.10197172918305325
1445,59,1504,0.10197137735580501
1439,58,1497,0.10194015429948941
1432,60,1492,0.10192444128131685
1429,59,1488,0.10192588286204138
1429,55,1484,0.10193392306530072
1428,53,1481,0.10194093652883521
1424,51,1475,0.1019497819871954
1426,53,1479,0.10196606740080398
1416,57,1473,0.10197678157201509
1421,58,1479,0.1020080590490453
1433,61,1494,0.10202577208218179
1422,63,1485,0.1020159111361009
1427,63,1490,0.10203078043374358
1429,63,1492,0.10203363650544275
1426,62,1488,0.10203216372654829
1426,62,1488,0.10203744177344472
1420,63,1483,0.10204232331921016
1418,65,1483,0.10205967276502374
1403,64,1467,0.10208007885164626
1410,63,1473,0.10213086844502825
1410,63,1473,0.10216176336484485
1431,67,1498,0.10219059857951121
1429,67,1496,0.10217172183244899
1427,73,1500,0.10215905114702528
1417,72,1489,0.1021518557292251
1420,73,1493,0.10216729175582455
1423,71,1494,0.1021745337926519
1421,75,1496,0.10217487778319144
1413,72,1485,0.10217962196623091
1427,71,1498,0.10220140302307062
1417,68,1485,0.10219143481798763
1408,65,1473,0.10220357015071527
1411,68,1479,0.10223445590882183
1410,70,1480,0.10225581061830759
1420,72,1492,0.1022772714809607
1404,75,1479,0.10227584124428908
1397,76,1473,0.10230884044380384
1402,79,1481,0.10235410202531078
1405,79,1484,0.10238411564269999
1408,76,1484,0.10240486895371916
1409,76,1485,0.10241713709004413
1405,76,1481,0.10242599716005127
1390,75,1465,0.10244301536069944
1393,76,1469,0.10249120584760375
1410,75,1485,0.10252860033596155
1401,73,1474,0.10252626091395328
1411,74,1485,0.10254385106497522
1418,78,1496,0.10253777500959142
1410,75,1485,0.10251716484077054
1417,77,1494,0.1025154004055674
1418,81,1499,0.10249878220556097
1409,83,1492,0.10248136475079296
1402,87,1489,0.10248530524482673
1399,85,1484,0.10250454172175033
1401,88,1489,0.10252840165827053
1396,86,1482,0.10254536300813279
1407,86,1493,0.10257184866112459
1389,86,1475,0.10257194450110899
1386,88,1474,0.10261111089195772
1375,90,1465,0.1026539656783011
1378,89,1467,0.10271649968726677
1388,92,1480,0.10276736832502585
1400,92,1492,0.10279164845236494
1397,90,1487,0.10278764539054489
1399,90,1489,0.10279004726114778
1404,89,1493,0.10278802932883785
1406,90,1496,0.1027755234828317
1396,89,1485,0.10275921978445482
1414,91,1505,0.10276636697975708
1428,89,1517,0.10273424180195205
1416,88,1504,0.1026746913435747
1419,88,1507,0.10264669708926828
1415,87,1502,0.10261445661387636
1413,89,1502,0.1025938303118885
1429,88,1517,0.10257901900044913
1420,87,1507,0.10253075292050877
1417,85,1502,0.10250623641202139
1404,87,1491,0.10249078867010869
1401,88,1489,0.10250466210750535
1408,90,1498,0.10252462508064003
1408,86,1494,0.10252757479805201
1411,92,1503,0.10253038838942224
1427,90,1517,0.102526197285598
1429,89,1518,0.10248755670648858
1420,93,1513,0.10244848649182436
1420,95,1515,0.10243322907567254
1403,98,1501,0.10241979469016255
1404,100,1504,0.10244393694672221
1405,105,1510,0.10246380625178957
1395,106,1501,0.10247962663704277
1398,107,1505,0.10251550809648421
1386,106,1492,0.1025418817622229
1380,107,1487,0.10259268891095251
1364,111,1475,0.10265196954472129
1365,115,1480,0.10274087759980201
1371,117,1488,0.10281963289670372
1384,114,1498,0.10287891230036589
1384,116,1500,0.10290538410834965
1382,117,1499,0.10292963268772912
1385,118,1503,0.10295620729626968
1381,122,1503,0.10297433350100374
1386,120,1506,0.10299975534558001
1363,115,1478,0.10301177078019
1359,118,1477,0.10307295320477947
1369,118,1487,0.1031378583825469
1386,116,1502,0.1031750700659387
1386,116,1502,0.10317205337307105
1384,118,1502,0.10316865217359564
1385,121,1506,0.10317065077431163
1369,126,1495,0.10317075361538984
1372,125,1497,0.1032057597735794
1371,126,1497,0.10323154707617097
1370,125,1495,0.10325680209902473
1365,124,1489,0.10328243976988086
1347,125,1472,0.10331699499940328
1351,129,1480,0.10338818341709516
1364,132,1496,0.1034446871455473
1368,130,1498,0.10346844884924154
1361,136,1497,0.10348094403812849
1368,135,1503,0.10350764835586773
1370,127,1497,0.10351649927498041
1366,127,1493,0.10352036917163802
1356,130,1486,0.10353264900251358
1372,130,1502,0.10356631782356145
1365,132,1497,0.1035615694783938
1357,137,1494,0.10357286149486207
1343,135,1478,0.10360025770146276
1357,128,1485,0.10365564713417957
1366,129,1495,0.10367498959057261
1368,133,1501,0.10367280262872072
1363,131,1494,0.10366659361164235
1366,130,1496,0.10367241421687254
1357,132,1489,0.10367047095312276
1355,130,1485,0.10368775254250004
1351,132,1483,0.10370891486720783
1354,130,1484,0.10373728698357851
1355,133,1488,0.10375628290933203
1371,131,1502,0.10377154050390708
1365,137,1502,0.10374942318796024
1361,139,1500,0.1037425403512241
1361,140,1501,0.10374528889339558
1348,141,1489,0.10374770205979597
1348,141,1489,0.10377857509732007
1354,138,1492,0.10380715658315368
1359,142,1501,0.1038197950228998
1361,141,1502,0.10382033301365592
1377,143,1520,0.10381611746133265
1372,143,1515,0.10377802080196172
1374,145,1519,0.10375430038071481
1370,144,1514,0.10372797087789792
1362,144,1506,0.10371304550835092
1358,147,1505,0.10371742745643214
1355,151,1506,0.10373019160001913
1362,151,1513,0.10374794998982206
1347,154,1501,0.10374954457755528
1336,151,1487,0.1037837575868118
1335,153,1488,0.10383892867068405
1339,152,1491,0.10389131277281738
1340,148,1488,0.10393066176648819
1338,151,1489,0.1039644974934538
1334,155,1489,0.10400030416379537
1341,150,1491,0.10404190981650985
1336,147,1483,0.10406491860079042
1344,148,1492,0.10409678243148565
1335,154,1489,0.10410864563596217
1340,154,1494,0.10413953752047167
1342,154,1496,0.10415698753669947
1338,152,1490,0.10416810325561436
1339,154,1493,0.10418643027355888
1354,158,1512,0.1042018965735225
1337,154,1491,0.10418339672236612
1324,163,1487,0.10420386505641373
1326,162,1488,0.10425142013712697
1328,163,1491,0.10429058822444663
1324,163,1487,0.10432207125672142
1333,163,1496,0.10436009227098549
1337,164,1501,0.10437474812759795
1329,166,1495,0.10437905356645832
1322,167,1489,0.1044013061337672
1324,167,1491,0.10443692467111916
1321,173,1494,0.10446481843134485
1322,176,1498,0.10449715689014216
1320,172,1492,0.10452421138593845
1315,179,1494,0.10455393211569236
1325,177,1502,0.10459251375519232
1320,174,1494,0.10460604059403845
1319,172,1491,0.10462983178496003
1308,175,1483,0.10465355970988906
1309,176,1485,0.10469939004908457
1308,176,1484,0.10473862129981303
1313,182,1495,0.10477727908034087
1316,177,1493,0.10480098865838733
1319,182,1501,0.10481597204937752
1328,182,1510,0.10482368969747785
1328,183,1511,0.10481124800793509
1325,186,1511,0.10479991893347496
1326,187,1513,0.10479709306411687
1309,183,1492,0.10479240577455791
1310,186,1496,0.10482550484807363
1300,183,1483,0.1048536704199779
1311,180,1491,0.10490225793634128
1305,178,1483,0.10492154821615098
1322,177,1499,0.10495251659279818
1317,177,1494,0.10494320841618075
1321,177,1498,0.10494491856232317
1321,176,1497,0.10493736479469246
1324,175,1499,0.10493029934656867
1320,171,1491,0.10491772305409137
1321,174,1495,0.10491466096401653
1318,177,1495,0.10491047708917328
1327,177,1504,0.10491340907779549
1330,177,1507,0.10489586610438742
1321,179,1500,0.10487353618869118
1325,180,1505,0.10487319584340817
1303,181,1484,0.10486373134478344
1298,177,1475,0.10490384832857934
1305,175,1480,0.10495151775574481
1307,178,1485,0.10497924634459967
1311,174,1485,0.10500091638666831
1313,178,1491,0.1050114735440721
1323,176,1499,0.10501693161378761
1328,174,1502,0.10499888767885246
1338,175,1513,0.10497201450770677
1323,174,1497,0.10492525263266841
1317,180,1497,0.10491636028882433
1325,179,1504,0.10492120102947482
1320,183,1503,0.10490876708903368
1315,183,1498,0.10490889516922597
1317,183,1500,0.10491992614315543
1316,179,1495,0.10492524509917141
1319,180,1499,0.10493233194387046
1310,181,1491,0.1049321796018591
1306,183,1489,0.10495227155145852
1311,185,1496,0.10497933172508464
1317,183,1500,0.10499268483546015
1313,185,1498,0.10499183811888341
1303,183,1486,0.10500035220316285
1296,188,1484,0.1050297696750345
1295,188,1483,0.10507254925929821
1295,189,1484,0.10511309193530191
1292,187,1479,0.10515002389777156
1303,188,1491,0.10519066092883855
1306,188,1494,0.10520299904967154
1313,185,1498,0.10520755003794789
1313,191,1504,0.10519674534094445
1301,189,1490,0.10518628092797952
1315,194,1509,0.10520385568454055
1313,196,1509,0.10518871819269911
1308,195,1503,0.10518049427136768
1305,197,1502,0.10518422709811347
1297,200,1497,0.10519366400908173
1311,200,1511,0.10522026477959026
1318,204,1522,0.10521341268735743
1310,202,1512,0.10519109704045114
1307,202,1509,0.10518896156496854
1302,207,1509,0.10519429816446443
1288,204,1492,0.10521072677853528
1288,212,1500,0.1052565699609066
1295,211,1506,0.10529875345484303
1291,212,1503,0.10532149617837176
1301,214,1515,0.10535128210883096
1290,214,1504,0.10535689751929446
1280,209,1489,0.10538594858418054
1287,219,1506,0.10543514766633955
1279,225,1504,0.10546503412498823
1274,222,1496,0.10551096102830908
1268,226,1494,0.10556477520352178
1272,229,1501,0.10562800156279031
1272,234,1506,0.10567716247410625
1266,231,1497,0.10572249977168018
1268,233,1501,0.10577778630715912
1285,235,1520,0.10582364605941212
1285,232,1517,0.10582803770435416
1277,230,1507,0.1058316598245942
1277,231,1508,0.10585327961141931
1270,235,1505,0.10587389286075422
1267,237,1504,0.10590846648565722
1256,236,1492,0.10594687350898574
1248,243,1491,0.10600769204662422
1246,246,1492,0.10608124865459395
1229,246,1475,0.10615316148826272
1233,246,1479,0.10625739593640753
1241,250,1491,0.10634363922917268
1239,257,1496,0.10640514043671949
1250,256,1506,0.1064662792579638
1247,265,1512,0.10649724940067096
1226,267,1493,0.10653257741486492
1240,266,1506,0.10661231138367411
1247,262,1509,0.106654838650957
1235,260,1495,0.10667832556544847
1240,260,1500,0.10672632319391644
1241,259,1500,0.10676003020374367
1255,267,1522,0.10678887661743924
1252,274,1526,0.1067851649506181
1251,275,1526,0.10678814394374823
1244,276,1520,0.10679367935289143
1234,277,1511,0.10681560270756027
1233,281,1514,0.10685797688593836
1226,286,1512,0.10689886488590958
1225,280,1505,0.10695308750112403
1236,280,1516,0.107005217133282
1228,286,1514,0.1070282129485685
1224,280,1504,0.10706727064642692
1243,281,1524,0.10711201573256418
1234,274,1508,0.10711177967508345
1230,275,1505,0.10713331953352931
1227,274,1501,0.10716119391888292
1212,276,1488,0.10719275092128726
1213,282,1495,0.10725561470746368
1223,290,1513,0.10731025992206833
1213,288,1501,0.10733889444488386
1223,281,1504,0.10738787900558418
1226,278,1504,0.10740944016329959
1227,281,1508,0.10742235959746001
1228,282,1510,0.10743138651021432
1218,282,1500,0.10743762489057515
1213,281,1494,0.10746582703797039
1207,283,1490,0.1075033462485291
1205,284,1489,0.10755098577483406
1197,286,1483,0.10759888432826223
1199,283,1482,0.10766098131412687
1199,279,1478,0.10771329245690367
1214,283,1497,0.10776163772190019
1216,280,1496,0.10777156586725203
1227,280,1507,0.10777534709348811
1234,278,1512,0.10775365646909701
1233,275,1508,0.10771708960016985
1216,269,1485,0.10768616527302992
1217,273,1490,0.10769758000705096
1218,276,1494,0.10770652242382692
1232,282,1514,0.10771241877922144
1232,285,1517,0.10768593817692187
1217,282,1499,0.10766128963279592
1203,290,1493,0.10767276273193413
1189,293,1482,0.10771599310045081
1177,293,1470,0.10778865027700946
1186,289,1475,0.10788330618966899
1195,300,1495,0.10795013522346716
1195,298,1493,0.10799255803386064
1198,294,1492,0.10803125920650977
1197,291,1488,0.10805854141317468
1192,289,1481,0.10808617248762636
1200,291,1491,0.10812192937072945
1203,294,1497,0.10813709179956295
1208,290,1498,0.10814565787995711
1194,294,1488,0.10814205614381912
1181,294,1475,0.10817001847946325
1188,293,1481,0.10822582284255144
1200,288,1488,0.10826107461811413
1209,286,1495,0.10826718020849736
1208,291,1499,0.10825271798319237
1205,294,1499,0.10824198165407645
1203,297,1500,0.10823817724164578
1205,300,1505,0.10823959591534843
1199,295,1494,0.10823579542570146
1208,292,1500,0.1082477367821128
1210,298,1508,0.10823832303345204
1199,295,1494,0.1082254842584041
1185,302,1487,0.10823838223852274
1182,301,1483,0.10828297174781337
1188,300,1488,0.1083313840240561
1183,307,1490,0.1083619854776629
1184,307,1491,0.1084007164574858
1172,308,1480,0.10843346736824089
1164,309,1473,0.10849157216312688
1165,311,1476,0.10856231257455608
1166,316,1482,0.10862435107782656
1171,317,1488,0.10867899885683756
1173,322,1495,0.10871864205307108
1174,325,1499,0.10875040764531452
1174,328,1502,0.10877678339772519
1178,327,1505,0.10880199087849349
1170,328,1498,0.10881622157172148
1164,331,1495,0.10884862755999297
1168,332,1500,0.10889199265243761
1174,333,1507,0.10892347227848803
1168,330,1498,0.10893926271934015
1179,329,1508,0.10896755697372348
1186,326,1512,0.1089676839626328
1181,324,1505,0.10895175873176573
1181,314,1495,0.10894885862418265
1180,311,1491,0.10894615048437561
1178,313,1491,0.1089455606583641
1199,317,1516,0.10894956111666028
1203,315,1518,0.10890590985136055
1196,321,1517,0.10885705752202074
1188,324,1512,0.1088279002275883
1193,320,1513,0.10881940571788001
1190,323,1513,0.10879964465312597
1185,318,1503,0.10878802691793785
1184,313,1497,0.10878814863434094
1181,312,1493,0.10879062775988269
1182,317,1499,0.10879900642589513
1185,310,1495,0.10880447364807978
1185,309,1494,0.1088005614033714
1164,311,1475,0.10879711363836783
1166,314,1480,0.1088418000370996
1168,317,1485,0.1088781829625077
1177,313,1490,0.10890725357689945
1177,311,1488,0.10891227765804981
1171,309,1480,0.10891749978315496
1185,313,1498,0.10893532927246129
1186,314,1500,0.10891810848142434
1184,311,1495,0.10890059641099263
1180,309,1489,0.10888939876101177
1181,312,1493,0.10889015564042424
1185,311,1496,0.10888812758657414
1168,319,1487,0.10887864791065358
1180,315,1495,0.10890914751469999
1172,316,1488,0.1089081340208456
1174,318,1492,0.10892536848511879
1177,326,1503,0.10893762654066937
1182,324,1506,0.10894235570425835
1187,323,1510,0.10893560105516333
1184,316,1500,0.10891731420813583
1171,326,1497,0.10890840661704047
1185,326,1511,0.10892897383733408
1182,334,1516,0.10891533945666396
1179,335,1514,0.10891094256128275
1169,335,1504,0.10891427290525829
1162,337,1499,0.10894056944536913
1158,342,1500,0.10898175541595975
1151,347,1498,0.10902772854888874
1153,344,1497,0.10908652606406122
1147,352,1499,0.10913644260007588
1143,362,1505,0.10919643124284367
1144,360,1504,0.10926067801708506
1132,357,1489,0.10931804882035177
1134,358,1492,0.10939795877005803
1135,354,1489,0.10946567787308314
1139,359,1498,0.1095257123340679
1127,362,1489,0.1095710190149533
1128,359,1487,0.10964092257948264
1130,363,1493,0.10970442186962981
1122,364,1486,0.10975805533523415
1125,370,1495,0.10982545420914996
1137,366,1503,0.10988140062057647
1135,369,1504,0.10990615716814375
1120,365,1485,0.10993327173612076
1125,364,1489,0.10999137676648185
1124,364,1488,0.11003405211613945
1137,368,1505,0.11007567704215852
1135,372,1507,0.11008472434702032
1124,374,1498,0.11009833536944766
1114,373,1487,0.11013568709861378
1107,385,1492,0.11019399789445167
1103,390,1493,0.11026488645165813
1112,385,1497,0.11033919999171977
1121,384,1505,0.11038565641572966
1124,378,1502,0.11040760446939951
1122,374,1496,0.11042126049452734
1116,377,1493,0.11043983954922869
1096,379,1475,0.11047050738299183
1103,383,1486,0.11054402390881006
1107,384,1491,0.11059531638567041
1109,381,1490,0.11063350523518364
1111,379,1490,0.11066282998185928
1112,382,1494,0.1106851780568849
1118,381,1499,0.11070485806692788
1115,383,1498,0.11070932590251222
1101,388,1489,0.11072170576325108
1108,386,1494,0.11076620061705306
1105,392,1497,0.11079039260539764
1120,394,1514,0.11081992718714613
1126,396,1522,0.11081323143373062
1125,389,1514,0.11079209205206865
1109,399,1508,0.11077579861408765
1102,397,1499,0.11079767831786562
1096,387,1483,0.11083353480915704
1092,389,1481,0.11087917954575847
1092,386,1478,0.11093140493525556
1093,399,1492,0.11097838491716804
1096,392,1488,0.11101945569428723
1107,398,1505,0.1110515339267916
1098,395,1493,0.11105545639005708
1089,399,1488,0.11107965897926199
1080,400,1480,0.1111231454791782
1081,407,1488,0.11118326252248757
1096,408,1504,0.1112367699298569
1101,406,1507,0.11125147941247818
1104,408,1512,0.11125290366146247
1098,413,1511,0.11124756785375883
1081,414,1495,0.11125645531890367
1084,417,1501,0.1113050643978398
1071,417,1488,0.1113441995116268
1070,421,1491,0.11141093401164731
1070,425,1495,0.11147438024354236
1069,425,1494,0.11153244252145417
1083,425,1508,0.11158957296539526
1080,421,1501,0.11160919039663493
1087,421,1508,0.11163413487429405
1076,428,1504,0.11164170159462566
1082,426,1508,0.11167396262523939
1069,422,1491,0.11169159250761661
1074,409,1483,0.11173806790291418
1067,412,1479,0.11176896807866125
1062,424,1486,0.11181402511376128
1067,421,1488,0.11186779040995998
1074,421,1495,0.11190547899681945
1073,419,1492,0.11192399212315828
1070,421,1491,0.11194278687830347
1080,427,1507,0.11196722354784747
1072,431,1503,0.11196663991542011
1079,431,1510,0.11198476876334293
1078,431,1509,0.11198451958548651
1083,425,1508,0.1119860452267322
1071,418,1489,0.1119758380849916
1081,421,1502,0.11199454987996155
1077,428,1505,0.11198771052705908
1074,430,1504,0.11199097594080618
1080,434,1514,0.11200096757510167
1075,437,1512,0.1119967062859531
1082,431,1513,0.11200506027781319
1067,439,1506,0.11199657402054937
1058,442,1500,0.11202347190821751
1047,445,1492,0.11207064809194041
1052,452,1504,0.11213971093499704
1059,457,1516,0.11219170490650658
1068,457,1525,0.11222325247335557
1069,456,1525,0.11223187439981704
1067,450,1517,0.11223809844441188
1060,450,1510,0.11224748620102279
1062,454,1516,0.11227322091052878
1057,454,1511,0.11229332246196243
1057,451,1508,0.11232323673334474
1061,455,1516,0.11235031778859149
1062,455,1517,0.11236484528866938
1050,458,1508,0.11237643382230228
1056,456,1512,0.11241534676413392
1053,458,1511,0.11243643279500219
1059,458,1517,0.11246372528664743
1056,456,1512,0.11247447385271894
1044,457,1501,0.11249280678224702
1052,456,1508,0.11253666326788637
1044,458,1502,0.11255879623252418
1042,452,1494,0.112598071467247
1041,452,1493,0.11263823553915042
1052,452,1504,0.11267938008040482
1057,455,1512,0.11269138185747254
1049,457,1506,0.11269161530458102
1047,455,1502,0.11271040546271995
1036,459,1495,0.11273190689190254
1039,456,1495,0.1127769952425749
1035,464,1499,0.11281197653832307
1041,463,1504,0.11285408918235271
1044,470,1514,0.11287843149246068
1037,472,1509,0.11289393457860669
1034,469,1503,0.11292525427973768
1028,464,1492,0.1129612370043407
1035,466,1501,0.11300730456746094
1038,462,1500,0.11303309847920218
1035,462,1497,0.11305003943429164
1035,454,1489,0.11307206682743141
1034,461,1495,0.11309251988148855
1042,457,1499,0.1131133875568431
1042,444,1486,0.11311428012841912
1032,447,1479,0.11311437706873292
1033,446,1479,0.1131379399603703
1039,445,1484,0.11315712233745198
1044,442,1486,0.11316018341688082
1039,447,1486,0.11315181368456127
1034,448,1482,0.11315536801057405
1030,458,1488,0.11317197116645779
1040,462,1502,0.11319767285385922
1033,463,1496,0.11319723000856209
1035,464,1499,0.113213157392937
1043,458,1501,0.11322279290736796
1037,464,1501,0.11321112011292084
1040,474,1514,0.1132144170859336
1040,476,1516,0.11321061763014878
1040,477,1517,0.11320760248160892
1044,473,1517,0.11320524681209793
1040,473,1513,0.11319346511337333
1029,467,1496,0.11319183980732497
1027,469,1496,0.11321656752101852
1015,469,1484,0.11324395999662105
1025,471,1496,0.11329726485529595
1033,470,1503,0.11332342600437904
1031,473,1504,0.11332907729817819
1039,478,1517,0.1133396766314785
1037,483,1520,0.11333233452265976
1026,480,1506,0.11333056088209048
1024,479,1503,0.11335386189823576
1027,482,1509,0.1133800084053405
1033,486,1519,0.11339685839217241
1044,486,1530,0.11339949485012997
1041,479,1520,0.11337486981021297
1049,472,1521,0.11336032203011179
1033,476,1509,0.11332708697448673
1028,477,1505,0.11333489368748763
1027,468,1495,0.11335418253201639
1019,477,1496,0.11337392272924723
1028,485,1513,0.11341162829604884
1028,488,1516,0.11342578293760061
1033,486,1519,0.11343840959972155
1016,484,1500,0.11343910204420889
1011,489,1500,0.11347810542367373
1015,496,1511,0.11352668723751513
1006,495,1501,0.11356297113772569
1016,489,1505,0.11361746344377525
1010,483,1493,0.11364329804723323
1018,491,1509,0.11368171186825354
1013,494,1507,0.1136989380304647
1011,489,1500,0.11372708464341102
1011,491,1502,0.1137580722146184
1000,493,1493,0.11378697504223459
1006,505,1511,0.11384027740999716
1007,495,1502,0.11387527939632971
1002,494,1496,0.11390687015757216
1012,494,1506,0.1139476600679992
1011,497,1508,0.11396165371979038
1008,492,1500,0.11397677854298785
1014,491,1505,0.11399950081135017
1010,488,1498,0.11400592700170559
1000,488,1488,0.11402130785473012
985,492,1477,0.11405834233870568
995,494,1489,0.11412710721649084
991,482,1473,0.11416629389650694
993,486,1479,0.11421323547094009
1001,496,1497,0.11425018283408937
1000,491,1491,0.11426656760814513
1004,490,1494,0.11428525164572421
998,487,1485,0.11429301803132094
995,495,1490,0.11431511186706861
992,503,1495,0.11434133360861783
1011,510,1521,0.11437267518999429
1004,506,1510,0.11435500276648736
1007,512,1519,0.11435599195853235
1002,510,1512,0.11434943643338101
991,506,1497,0.11435571963322978
991,516,1507,0.11438752910545866
993,517,1510,0.11441677798223455
991,513,1504,0.11444019955705892
979,521,1500,0.11446835909794711
983,530,1513,0.11452443046630972
992,527,1519,0.1145662983648652
982,533,1515,0.1145827667344535
971,534,1505,0.114622251477632
973,544,1517,0.11468578592840323
971,546,1517,0.11473985380780778
970,544,1514,0.11479563712623433
970,546,1516,0.1148501855191943
967,541,1508,0.11489906394854817
962,552,1514,0.11495145918483164
982,544,1526,0.11501263092374493
981,549,1530,0.1150229556613699
969,543,1512,0.1150364020347507
976,549,1525,0.11507671485259154
967,553,1520,0.11509709086163006
964,552,1516,0.11513677938056709
962,549,1511,0.11518041054912219
956,554,1510,0.11522518984664867
951,555,1506,0.11528178750578527
949,552,1501,0.11534594051286544
949,551,1500,0.11541074816879923
938,547,1485,0.11546995178464714
949,546,1495,0.11555074709855383
953,559,1512,0.11559952468188638
932,566,1498,0.1156368688126451
938,564,1502,0.11572042768632688
943,560,1503,0.11578262034945848
944,555,1499,0.11582803756883585
945,562,1507,0.1158686529764748
934,568,1502,0.11590450014595106
927,565,1492,0.11596361014383726
936,572,1508,0.11603639083621221
933,564,1497,0.11608124347658698
939,564,1503,0.11613091059407578
938,574,1512,0.11616397868465618
938,570,1508,0.11619831175510158
936,573,1509,0.11623110149249255
934,583,1517,0.1162667877900669
917,578,1495,0.11630533560612073
912,571,1483,0.11637998299420303
921,569,1490,0.11645863930726204
920,576,1496,0.11650926389312914
927,576,1503,0.11655780904740272
933,572,1505,0.11658529507022926
933,580,1513,0.11659754848855926
935,578,1513,0.11660952403903473
934,574,1508,0.11661748825719892
929,586,1515,0.11662795952820612
923,591,1514,0.11664885094256328
916,598,1514,0.11668321287047256
907,595,1502,0.11673249323715548
904,597,1501,0.11680041456150039
908,600,1508,0.11686975899062249
912,597,1509,0.11692558320576968
916,591,1507,0.11696647565002034
914,593,1507,0.11699507892624808
907,590,1497,0.11702602997103512
913,589,1502,0.11707150222567243
906,598,1504,0.11709962867253687
905,607,1512,0.11714246970639661
908,602,1510,0.11718398435767093
913,604,1517,0.11721371240884292
915,601,1516,0.11723032896864448
905,606,1511,0.11724042158142911
888,607,1495,0.11727401090032952
890,607,1497,0.11734597871809456
892,615,1507,0.11740836573711982
886,619,1505,0.11746254809471551
898,614,1512,0.11752505892352019
893,623,1516,0.11755425130721404
895,618,1513,0.1175944693367477
902,608,1510,0.11762654926174183
890,609,1499,0.11763891403048998
889,607,1496,0.1176811966859539
883,613,1496,0.11772212755696895
890,616,1506,0.11777400389630867
871,615,1486,0.11780507059306633
872,626,1498,0.11787775111148853
880,627,1507,0.11794383082968633
872,626,1498,0.11798697475802576
876,630,1506,0.11804562107416454
870,634,1504,0.11809107218603433
872,635,1507,0.11814738327983865
872,629,1501,0.11819478285384064
869,629,1498,0.11823927939053497
875,629,1504,0.11828914643027634
878,635,1513,0.11832051439662232
878,627,1505,0.11834172592539925
866,632,1498,0.11836186010637846
874,631,1505,0.11840834731386743
861,634,1495,0.11843394770005769
863,635,1498,0.1184885215330726
868,646,1514,0.11853287068878934
877,644,1521,0.11856021593103097
880,637,1517,0.11856342079938756
872,639,1511,0.11855904833483087
870,640,1510,0.11857596324046206
868,637,1505,0.1185969575954686
863,635,1498,0.11862129580708139
854,630,1484,0.1186544753310314
851,631,1482,0.11870677656549425
864,638,1502,0.11876265076342234
861,633,1494,0.11878421106101228
854,632,1486,0.11881063837727336
859,639,1498,0.11885362008634698
870,638,1508,0.11888228967255751
868,636,1504,0.11888479863662316
869,635,1504,0.1188914014882192
870,641,1511,0.11889416444414697
868,647,1515,0.11889415678168631
862,641,1503,0.11889925783688454
866,648,1514,0.11891864380354257
861,649,1510,0.1189269554065411
867,635,1502,0.11894727819729838
862,622,1484,0.1189515588527047
863,625,1488,0.1189682663571529
859,628,1487,0.1189822000862808
849,631,1480,0.11900567992538079
844,643,1487,0.1190522696499022
845,652,1497,0.11910826922806123
843,655,1498,0.11915804733706498
850,656,1506,0.11920977837938002
855,665,1520,0.1192415934156723
852,658,1510,0.1192586419568939
856,658,1514,0.11928218256047486
855,662,1517,0.11929372537100008
853,654,1507,0.11930719027539627
853,656,1509,0.11932549528171563
849,660,1509,0.11934426804179944
852,659,1511,0.11937234213108766
840,661,1501,0.11939163892608598
836,677,1513,0.11943793718509248
834,679,1513,0.11949057686847048
815,676,1491,0.11954429846571933
811,679,1490,0.11964049020027347
814,685,1499,0.11973750467372231
810,694,1504,0.1198214581129464
813,699,1512,0.11990921464297663
804,700,1504,0.11998432433724045
818,704,1522,0.12007566475134165
812,701,1513,0.12012715382089013
810,701,1511,0.12018948789610323
809,701,1510,0.12025164991584222
812,686,1498,0.12031221573539724
810,684,1494,0.12036083941040804
820,690,1510,0.1204104992180039
821,695,1516,0.12043305067946253
817,696,1513,0.12045137938960679
807,699,1506,0.12047794274388876
806,704,1510,0.12052483359057754
812,700,1512,0.12057154747222859
803,695,1498,0.12060231440308186
803,691,1494,0.12065089716018079
809,698,1507,0.1206953436348816
810,700,1510,0.12072268090815509
812,690,1502,0.12074683452300128
813,693,1506,0.1207644003433834
818,704,1522,0.12077880597249799
812,697,1509,0.12078043938587232
808,703,1511,0.12079821485398562
805,703,1508,0.12082592460364648
801,710,1511,0.12085794809703579
791,708,1499,0.12089892523616913
795,708,1503,0.12095827799117512
792,707,1499,0.12100500090334222
796,712,1508,0.12105738651779584
798,706,1504,0.12109640710333763
797,701,1498,0.12112839043177935
789,709,1498,0.1211596900707021
782,711,1493,0.12120851079944903
768,712,1480,0.1212717294753327
775,721,1496,0.12136445848197117
778,726,1504,0.12143206470507596
769,725,1494,0.1214902172394747
771,735,1506,0.1215665515943472
780,738,1518,0.1216319239400185
782,729,1511,0.1216698192174594
777,731,1508,0.12169918080988656
775,733,1508,0.1217420058382741
777,731,1508,0.12178623772753645
774,736,1510,0.1218222710610658
772,740,1512,0.12186196082820532
768,739,1507,0.12190354173776725
763,736,1499,0.12195293579419321
764,735,1499,0.12201163121749041
760,737,1497,0.12206466874655227
755,749,1504,0.1221264048042739
758,745,1503,0.1221949784509707
762,745,1507,0.12224994868027103
761,746,1507,0.12229116221488827
751,753,1504,0.12233179850357537
747,761,1508,0.12239471203208317
744,757,1501,0.12246206044711379
739,760,1499,0.1225335060951866
741,765,1506,0.12261216974984
744,773,1517,0.12267997588691319
748,767,1515,0.12273560970258489
745,769,1514,0.12277695492362518
736,770,1506,0.12282464511956884
742,770,1512,0.12289076015200091
729,770,1499,0.12293869920295823
728,774,1502,0.12301386539932778
719,773,1492,0.12308554162595697
720,775,1495,0.12317464617422764
730,777,1507,0.12325298646994312
735,775,1510,0.12330094589360624
725,778,1503,0.12333352411598981
719,778,1497,0.12338923221843848
721,779,1500,0.12345561205495695
730,780,1510,0.1235135913354434
736,782,1518,0.12354438556392547
735,778,1513,0.12355810804824544
729,775,1504,0.12357389018961606
724,780,1504,0.12360279723262994
725,779,1504,0.12364123815078693
733,779,1512,0.12367382422732856
738,778,1516,0.12368419540721569
743,780,1523,0.12368306444333925
741,772,1513,0.123669349494889
737,772,1509,0.12366215801428539
733,770,1503,0.12366317330228128
739,771,1510,0.12367199223462802
734,771,1505,0.12366755845170378
740,767,1507,0.12367450216481934
726,754,1480,0.12366572084595859
716,763,1479,0.12369130090543319
731,764,1495,0.1237400723042498
729,772,1501,0.12374574274803685
721,772,1493,0.12375847223689754
725,771,1496,0.12379043209774004
729,773,1502,0.12380918969573308
731,784,1515,0.12381734832279523
739,782,1521,0.1238192573577868
730,781,1511,0.12379915364648837
725,774,1499,0.12380247287800224
720,771,1491,0.12381639691019428
726,778,1504,0.1238413633411983
724,776,1500,0.12385214561352764
726,768,1494,0.12386538718760862
723,775,1498,0.12387154863835022
723,774,1497,0.12388565245782647
726,784,1510,0.12389736922388331
737,781,1518,0.12390249078436931
735,768,1503,0.12387969941414032
740,775,1515,0.12386246272420781
743,770,1513,0.12383419208924884
752,764,1516,0.12380124111735455
743,774,1517,0.12374804082776343
738,768,1506,0.12372328645884977
751,772,1523,0.12371276203555047
740,774,1514,0.12367013422751313
740,781,1521,0.1236576467144316
734,766,1500,0.1236445227006789
732,762,1494,0.12364671334049529
737,778,1515,0.12365416107693328
734,775,1509,0.123649324884378
734,773,1507,0.12365192249821721
742,775,1517,0.12365351262363816
734,777,1511,0.12363545687787571
739,768,1507,0.12363812143287514
749,767,1516,0.1236286178025663
751,763,1514,0.123596069041423
746,747,1493,0.12356049269020683
748,748,1496,0.12353998476090639
750,749,1499,0.12351487068347917
744,754,1498,0.12348559281034271
737,750,1487,0.12347326868919593
740,753,1493,0.12348045981483484
740,766,1506,0.12347936858295308
737,770,1507,0.12347766650445574
726,782,1508,0.12348462667728714
720,778,1498,0.12351910390747793
720,767,1487,0.12356654688321438
726,767,1493,0.12361172132694204
730,766,1496,0.12363825487552785
723,777,1500,0.12365243577431842
727,771,1498,0.12368286949943276
734,771,1505,0.12370140502696034
736,768,1504,0.12370085224930544
740,777,1517,0.1236936910609609
734,782,1516,0.12367753011348587
734,774,1508,0.12367827462737647
729,777,1506,0.12367895020481817
726,786,1512,0.12369248722239443
726,780,1506,0.12371283750248466
730,792,1522,0.12373465528676351
725,790,1515,0.12374315267188592
721,785,1506,0.12376291930708945
727,793,1520,0.12379111017576712
720,790,1510,0.12380167737782814
722,783,1505,0.12382812839614575
716,795,1511,0.12384558997189227
718,786,1504,0.12387830935585682
710,790,1500,0.12390335255432439
710,784,1494,0.12394551871795594
712,784,1496,0.12398395100718233
714,787,1501,0.12401631923461892
712,785,1497,0.1240422862129424
717,803,1520,0.12407112009166671
714,803,1517,0.12408712362126613
716,796,1512,0.1241088535314818
715,797,1512,0.12412500730621978
718,796,1514,0.12414275131543931
719,801,1520,0.12415231344086287
717,802,1519,0.12415988735345362
716,794,1510,0.12417293265993383
716,794,1510,0.12418807750961616
708,794,1502,0.12420081941438416
704,804,1508,0.12423306398641287
702,798,1500,0.12427372519942988
699,807,1506,0.12431542100538642
698,803,1501,0.12436245796846215
703,807,1510,0.12440787836700132
699,815,1514,0.12443728475801417
691,815,1506,0.1244741366238079
691,812,1503,0.12452722997749255
690,823,1513,0.12457751153608429
687,830,1517,0.12462653543459613
689,829,1518,0.12467727279739604
688,823,1511,0.12471888007025242
689,815,1504,0.12476101123900843
695,817,1512,0.12479757541100113
698,805,1503,0.12481658676633091
682,809,1491,0.12482586414463903
680,812,1492,0.12487330345841893
677,804,1481,0.12492197972591404
680,802,1482,0.12497422450205767
685,806,1491,0.1250167120858513
687,813,1500,0.12504453444772856
684,814,1498,0.1250654303398778
697,808,1505,0.12509173728296152
699,814,1513,0.12508213200718785
694,815,1509,0.1250668596283528
690,815,1505,0.12506546293545262
689,818,1507,0.1250735189773791
688,811,1499,0.12508370007227254
695,805,1500,0.12509541083338507
697,808,1505,0.1250890419711705
695,804,1499,0.12508011874602062
690,814,1504,0.12507451824922677
687,815,1502,0.12508258877415038
687,815,1502,0.12509758375228267
690,817,1507,0.12511129342551378
684,828,1512,0.1251167324583549
685,827,1512,0.12513876104433883
681,842,1523,0.1251554457764003
670,842,1512,0.1251819754885689
671,842,1513,0.12523559759979908
668,852,1520,0.12528501149417712
674,844,1518,0.12533786142551462
659,839,1498,0.1253720751396901
648,846,1494,0.12544155197543413
652,853,1505,0.1255324140877393
657,860,1517,0.12560839433928048
667,866,1533,0.12566727106731812
662,859,1521,0.12569704613849134
663,854,1517,0.12573676799920194
655,849,1504,0.12576994687150575
652,847,1499,0.12581956835430955
657,847,1504,0.12587316833262793
651,848,1499,0.1259118447548556
649,864,1513,0.1259637419457248
646,861,1507,0.1260181353412548
646,862,1508,0.1260770758354595
636,869,1505,0.1261310681120852
633,873,1506,0.12620479226961553
634,856,1490,0.12628116444991608
643,850,1493,0.12634935772536615
644,863,1507,0.1263889970824864
645,864,1509,0.12642356048019046
645,863,1508,0.12645307852188103
641,871,1512,0.12648193781317593
631,871,1502,0.12651832399131496
631,865,1496,0.12657948938283697
629,867,1496,0.1266356122413629
635,878,1513,0.12669442850688156
631,870,1501,0.12673602704318884
626,865,1491,0.12678466026512436
621,871,1492,0.12684484034040672
614,891,1505,0.12691516904270655
613,888,1501,0.12700076657471798
604,894,1498,0.12708292172169455
608,901,1509,0.12718216958383252
603,911,1514,0.12726362489049456
608,905,1513,0.1273519213509858
605,909,1514,0.12742184876593413
601,900,1501,0.1274937891610219
597,903,1500,0.12757148597264442
602,890,1492,0.12765292081860544
599,892,1491,0.12771456486535387
592,912,1504,0.12778007648931247
596,907,1503,0.1278585009174811
596,906,1502,0.12791997488612286
601,905,1506,0.12797857216756467
604,919,1523,0.12802065502027837
607,914,1521,0.1280515207880571
596,904,1500,0.12807369132064492
593,906,1499,0.12812306030204149
589,908,1497,0.12817671169911848
585,905,1490,0.1282353582880519
583,911,1494,0.12829947520657398
589,909,1498,0.12836493853622197
591,913,1504,0.12840964107140182
584,910,1494,0.12844622352825869
576,920,1496,0.12850056521128836
579,918,1497,0.12857151356918364
580,921,1501,0.12862968972492997
584,931,1515,0.1286811815231247
582,933,1515,0.12871872247889726
581,928,1509,0.12875891979285778
578,927,1505,0.12879790305472677
575,926,1501,0.1288421956182112
574,922,1496,0.1288900428414755
577,926,1503,0.12893766323399544
587,923,1510,0.128974934458695
587,928,1515,0.12898499672172858
583,929,1512,0.12899516767292277
579,926,1505,0.12901577115502275
589,931,1520,0.12904554568421958
584,932,1516,0.12904763520289325
583,940,1523,0.1290630421173233
586,943,1529,0.12908095815447307
575,942,1517,0.1290897605324315
580,938,1518,0.1291261480256253
567,934,1501,0.12914735992609358
573,936,1509,0.1292011997308061
568,929,1497,0.12923419967622327
567,936,1503,0.12927816491704183
563,930,1493,0.12932216229264826
566,936,1502,0.12937206605564244
558,944,1502,0.12941056318651398
555,946,1501,0.12946620702368047
567,948,1515,0.129524654878166
564,950,1514,0.12954871305437443
559,944,1503,0.1295788296631002
557,951,1508,0.12961801050787577
565,951,1516,0.12966041580677842
569,948,1517,0.12967989217917222
560,949,1509,0.1296886477706726
551,954,1505,0.1297210324813777
547,954,1501,0.12977131737255598
539,963,1502,0.12982867500649586
541,969,1510,0.12990166604722714
544,972,1516,0.1299635326777713
541,980,1521,0.13001411925816123
537,980,1517,0.13007060213847882
545,969,1514,0.13013295688135199
548,968,1516,0.13017137624220385
545,974,1519,0.1301993165555195
539,976,1515,0.13023250022545388
537,983,1520,0.1302789396559149
529,973,1502,0.13032844521658382
537,970,1507,0.13039522476415868
536,970,1506,0.13043682161216785
541,978,1519,0.130477277958303
531,976,1507,0.13050268016307126
525,982,1507,0.13055304741590237
524,981,1505,0.1306148688986671
517,985,1502,0.1306757505639758
521,981,1502,0.13074897335330568
519,980,1499,0.13080698980307276
519,985,1504,0.1308639357188062
516,985,1501,0.13091687948834008
519,986,1505,0.13097267270986254
518,982,1500,0.13101955747189145
527,979,1506,0.13106624025596106
526,977,1503,0.1310868197458741
524,980,1504,0.1311088872312049
526,989,1515,0.13113372767775033
525,993,1518,0.13115115166315944
518,998,1516,0.13117112399253397
508,1000,1508,0.13120898890554714
510,994,1504,0.1312692771655391
513,1000,1513,0.13132045364713854
507,1002,1509,0.13135918428598484
512,1012,1524,0.131410788251274
510,1011,1521,0.13144618926999876
507,1010,1517,0.13148486826032726
507,1006,1513,0.13153004883127548
498,1014,1512,0.13157280935369622
502,1019,1521,0.13163489256964273
504,1017,1521,0.1316809714149699
506,1006,1512,0.13171825946794302
505,1021,1526,0.13174945957501105
506,1010,1516,0.13178219845624575
508,1007,1515,0.13180919721517273
508,1015,1523,0.1318307605057541
498,1021,1519,0.13185074135832464
494,1022,1516,0.13189550645510853
492,1020,1512,0.13194743593298786
484,1028,1512,0.1320016021664765
485,1029,1514,0.13207238762517443
485,1029,1514,0.1321350035534121
490,1018,1508,0.13219347492167202
495,1020,1515,0.1322344991016201
486,1018,1504,0.13225985269218427
488,1022,1510,0.13230850594091115
486,1019,1505,0.13234803629955988
489,1025,1514,0.1323896553953908
487,1013,1500,0.13242072640164043
488,1014,1502,0.13245451108883022
488,1006,1494,0.13248487291111366
486,1018,1504,0.13251163197471139
491,1028,1519,0.13254130422748495
483,1014,1497,0.13255525709948074
480,1015,1495,0.13258917062665002
475,1026,1501,0.13263003537116919
467,1030,1497,0.1326835088279942
477,1030,1507,0.1327541264984146
472,1035,1507,0.1327926524823442
470,1030,1500,0.13284129617811863
466,1030,1496,0.13289172189802617
462,1039,1501,0.13294893388054782
470,1036,1506,0.13301267835707878
474,1040,1514,0.13305168449477583
472,1052,1524,0.13307697896689816
468,1050,1518,0.13310686330450577
467,1046,1513,0.13314493498003757
471,1039,1510,0.13318310507941905
458,1045,1503,0.13320744655996639
457,1039,1496,0.13326396413265093
459,1034,1493,0.13331920896973234
468,1040,1508,0.1333662640713824
465,1045,1510,0.13338635115421205
468,1054,1522,0.1334127464404413
472,1046,1518,0.1334292615272568
466,1040,1506,0.13343395087068277
458,1050,1508,0.13345383324057683
461,1055,1516,0.133492044423684
459,1046,1505,0.1335195013800845
459,1046,1505,0.1335508840937648
460,1035,1495,0.13357920880016338
468,1032,1500,0.13360243614575656
469,1031,1500,0.13360431621221694
461,1029,1490,0.13360400183810633
462,1034,1496,0.13362530078232043
460,1050,1510,0.1336424574950658
460,1046,1506,0.13366230980070412
458,1049,1507,0.1336806719154774
460,1054,1514,0.13370145234762176
458,1064,1522,0.1337155151731373
461,1054,1515,0.1337331011836339
465,1060,1525,0.13374386218383424
469,1055,1524,0.1337441669374633
463,1054,1517,0.13373390340471322
459,1055,1514,0.1337401257723833
466,1050,1516,0.1337564516191608
463,1042,1505,0.13375343885224916
456,1048,1504,0.13375831506986416
454,1054,1508,0.13378126847633204
447,1057,1504,0.13380868073635116
446,1063,1509,0.13385228494899107
452,1054,1506,0.13389573296937346
445,1057,1502,0.13392024807296135
448,1064,1512,0.13396323584658756
442,1062,1504,0.13399438470639521
448,1071,1519,0.13403918624949387
451,1064,1515,0.13406481832401196
449,1070,1519,0.13408018521754855
453,1085,1538,0.1340996457798678
446,1093,1539,0.13410606165086786
442,1085,1527,0.13413049902416332
437,1086,1523,0.1341636907656805
429,1087,1516,0.13420790274771544
437,1091,1528,0.13426975498432547
431,1086,1517,0.1343068126327598
426,1091,1517,0.13435599601876327
432,1089,1521,0.13441314531458703
429,1079,1508,0.13445071578302012
428,1070,1498,0.13449264569083522
424,1078,1502,0.13453352651292316
421,1083,1504,0.13458220873568183
414,1078,1492,0.13463614646799724
424,1076,1500,0.13470473558903087
419,1081,1500,0.13474323768505772
418,1078,1496,0.13479260840496704
417,1089,1506,0.13484144360703113
414,1101,1515,0.1348895651449019
409,1106,1515,0.134943674821537
410,1118,1528,0.1350077172708699
407,1116,1523,0.13506664267325372
410,1112,1522,0.1351289541042672
400,1117,1517,0.1351801226362015
401,1107,1508,0.13525479859092043
400,1114,1514,0.13532274508108558
399,1118,1517,0.13538863320891786
394,1111,1505,0.1354519964534414
390,1116,1506,0.1355241182299865
392,1114,1506,0.1356013255594318
389,1113,1502,0.1356673200726752
392,1093,1485,0.13573719650147864
400,1108,1508,0.1357923282583469
399,1128,1527,0.1358215644368136
394,1115,1509,0.13585116477319947
396,1116,1512,0.13589129652383553
394,1128,1522,0.135923747994117
389,1131,1520,0.1359587187024921
394,1128,1522,0.13600424868844221
395,1118,1513,0.13603340070055725
393,1108,1501,0.13605919593818866
398,1111,1509,0.13608824558019383
396,1116,1512,0.13610213503155605
402,1115,1517,0.13611900988848766
401,1122,1523,0.13611823938328682
401,1119,1520,0.13612263285000112
395,1109,1504,0.13612588581680973
394,1108,1502,0.1361424843874436
393,1101,1494,0.13616057653995203
395,1094,1489,0.13617937105940311
393,1106,1499,0.13619005597628436
397,1116,1513,0.13620495255371512
398,1109,1507,0.13620815658140942
404,1107,1511,0.1362086040587616
401,1101,1502,0.13619338343861373
399,1113,1512,0.13618735899233597
401,1113,1514,0.13618804754526592
409,1109,1518,0.136182267330422
414,1107,1521,0.13615493604016657
409,1105,1514,0.13611745229555247
407,1101,1508,0.13609599004225664
406,1108,1514,0.1360820805425562
405,1102,1507,0.13607030034831408
408,1103,1511,0.13606063681612712
417,1091,1508,0.13604333762927137
410,1099,1509,0.13600256910612013
407,1101,1508,0.13598500587935952
406,1105,1511,0.135975923620399
405,1109,1514,0.13597145129923846
400,1111,1511,0.13596955816345396
392,1112,1504,0.1359819940599853
387,1121,1508,0.13601431026999772
384,1128,1512,0.13605763787835967
390,1127,1517,0.13610602750592896
391,1125,1516,0.13613441830323228
394,1135,1529,0.13615868837739734
388,1138,1526,0.13617209732964766
384,1129,1513,0.13620160026136052
384,1129,1513,0.13624061200654378
378,1130,1508,0.13627759526323635
379,1130,1509,0.13632878237889198
383,1142,1525,0.13637382484385244
378,1144,1522,0.13640605409940354
368,1140,1508,0.13645065387364583
364,1148,1512,0.13651981445688954
365,1152,1517,0.1365936939906986
365,1149,1514,0.13665929895390266
366,1145,1511,0.13671898045309364
364,1150,1514,0.13677213485995254
373,1155,1528,0.13682616273817325
366,1147,1513,0.13685330606602444
371,1134,1505,0.13689726905058003
360,1142,1502,0.13692442866431923
362,1147,1509,0.13697932784309677
359,1151,1510,0.13702613449373538
354,1138,1492,0.1370789150353914
352,1135,1487,0.13714116925831718
360,1133,1493,0.13720431494459714
358,1140,1498,0.13724133107182573
353,1144,1497,0.13728130220163695
363,1141,1504,0.13733272982418296
358,1139,1497,0.13735315501707096
359,1148,1507,0.13738510074020757
357,1155,1512,0.1374130659782109
357,1157,1514,0.13744558965966244
357,1160,1517,0.13747676228589653
354,1155,1509,0.13750611466158863
356,1148,1504,0.13754132090706286
356,1148,1504,0.13756758288461093
352,1150,1502,0.13759308989383098
351,1154,1505,0.13762788435455445
346,1164,1510,0.13766225695961234
349,1164,1513,0.13770866583650954
346,1169,1515,0.13774451675030483
345,1166,1511,0.13778630969454342
347,1158,1505,0.13782841439248666
339,1170,1509,0.13786260852800275
338,1174,1512,0.1379160891836022
336,1181,1517,0.13796921041370339
340,1180,1520,0.138024651597946
344,1178,1522,0.1380662729419836
342,1172,1514,0.13809339155838013
343,1179,1522,0.1381244933549552
345,1185,1530,0.13815047851159112
338,1179,1517,0.13817035664907387
337,1177,1514,0.1382076421185006
336,1182,1518,0.13824471041795042
337,1178,1515,0.13828171024640443
334,1182,1516,0.13831446508319714
331,1191,1522,0.13835248467905545
333,1179,1512,0.13839514723446825
335,1180,1515,0.1384294672008275
338,1185,1523,0.13845554425384596
336,1180,1516,0.13847202387013824
339,1179,1518,0.13849215952816668
333,1180,1513,0.1385025150645125
332,1175,1507,0.138527835130675
324,1176,1500,0.1385529211196682
325,1174,1499,0.13859893528030873
328,1184,1512,0.13863898805774055
329,1192,1521,0.13866790896491932
335,1190,1525,0.13869178362902607
331,1193,1524,0.1386976558415035
331,1192,1523,0.13871393705114607
332,1190,1522,0.13872946937139596
325,1191,1516,0.13874174702544326
323,1189,1512,0.13877214421419837
313,1195,1508,0.13880654172151333
316,1196,1512,0.13886616687463701
316,1183,1499,0.138914222079074
319,1199,1518,0.13895945637020074
310,1198,1508,0.13899398799823215
312,1201,1513,0.13904996927000363
309,1191,1500,0.13909680980871236
312,1191,1503,0.13914935584660568
315,1198,1513,0.13918801325008484
311,1204,1515,0.13921601750047302
302,1187,1489,0.13925378606780353
304,1180,1484,0.139313698266354
306,1196,1502,0.13936327092758863
309,1187,1496,0.13940309521791444
309,1202,1511,0.13943072763772985
316,1212,1528,0.13945696511014005
314,1206,1520,0.13946316799343028
309,1210,1519,0.1394748814890135
311,1211,1522,0.13949925001686536
305,1198,1503,0.13951718212333664
305,1192,1497,0.13955158843221155
304,1201,1505,0.13958394176729322
311,1190,1501,0.13961727243240366
312,1187,1499,0.13962897979313543
314,1194,1508,0.13963718903511116
315,1194,1509,0.13963921756528982
306,1195,1501,0.13963948271836457
302,1206,1508,0.13966439203162562
308,1200,1508,0.13969714383954193
305,1178,1483,0.13971167411288077
303,1196,1499,0.13973427159876117
305,1207,1512,0.13976029149020233
302,1209,1511,0.13977952143036915
300,1201,1501,0.1398063401226078
301,1205,1506,0.13983739860323718
294,1203,1497,0.13986354961825456
300,1218,1518,0.13990832445376447
296,1215,1511,0.1399337318024474
295,1229,1524,0.1399690524389279
290,1220,1510,0.14000611105629127
287,1216,1503,0.14005377485101517
285,1212,1497,0.1401074072137943
292,1217,1509,0.14016321220436442
294,1226,1520,0.14019668575209784
287,1210,1497,0.14022277915057862
293,1216,1509,0.14026649583156575
289,1227,1516,0.14029029158536335
286,1213,1499,0.14032346624838796
289,1220,1509,0.14036262309989603
286,1220,1506,0.1403909430356159
286,1226,1512,0.14042560475454063
287,1220,1507,0.14045835010804655
291,1213,1504,0.14048576326440226
284,1218,1502,0.14050101618479563
279,1230,1509,0.1405346201861717
281,1232,1513,0.14057957153771253
272,1237,1509,0.1406154087472477
266,1249,1515,0.1406744749665502
279,1247,1526,0.14074536728917078
278,1241,1519,0.14077560075875772
280,1233,1513,0.1408062805765704
283,1234,1517,0.14082940806472125
283,1234,1517,0.1408430496133083
290,1233,1523,0.14085576160777358
287,1232,1519,0.1408475297222635
289,1235,1524,0.14084723560128143
283,1237,1520,0.14084149175935878
282,1241,1523,0.14085244867691846
280,1245,1525,0.1408644036502869
279,1245,1524,0.14088170349823786
277,1250,1527,0.1408996907541546
278,1247,1525,0.14092260508665394
275,1255,1530,0.14094120831876317
279,1231,1510,0.14096787840989713
277,1233,1510,0.1409825034242334
276,1224,1500,0.14100045857514876
274,1222,1496,0.14101968468488624
272,1234,1506,0.14104345368788096
274,1239,1513,0.14107173874094805
268,1241,1509,0.14109194805163192
272,1238,1510,0.1411270372189224
269,1238,1507,0.14114851772206477
274,1231,1505,0.14117547146512144
275,1228,1503,0.14118592990897372
269,1231,1500,0.1411932464270195
272,1228,1500,0.14121540901470958
273,1229,1502,0.1412284847422488
272,1230,1502,0.1412380321879216
276,1236,1512,0.14124964419173788
276,1228,1504,0.1412506448513861
277,1221,1498,0.1412518087205022
275,1233,1508,0.1412505821661255
280,1239,1519,0.14125565869318532
280,1241,1521,0.14124684184657568
282,1234,1516,0.14123870402769323
280,1233,1513,0.14122626260628798
283,1231,1514,0.141220248739576
276,1224,1500,0.14120655919158437
274,1221,1495,0.14121378245612234
275,1222,1497,0.1412250324669192
281,1218,1499,0.14123305955973156
284,1235,1519,0.14122460329514389
280,1249,1529,0.14120846377598212
273,1256,1529,0.14120491007841063
278,1241,1519,0.14122125638125915
278,1223,1501,0.14122285050579952
275,1229,1504,0.14122432925511247
273,1225,1498,0.1412344723961478
273,1233,1506,0.14124924762558702
278,1248,1526,0.14126286965359258
279,1248,1527,0.14126165481441255
280,1253,1533,0.14125876666285964
280,1248,1528,0.141253242386579
279,1253,1532,0.14124755733571095
277,1255,1532,0.14124436215788005
277,1244,1521,0.14124708306998238
274,1237,1511,0.14124965278808205
274,1236,1510,0.14125986688035932
270,1237,1507,0.14126950939044433
275,1235,1510,0.14128890792319834
271,1238,1509,0.14129288702660556
275,1245,1520,0.14130751185237378
274,1252,1526,0.14130983908403677
281,1245,1526,0.14131473252983617
282,1238,1520,0.14129944673660388
280,1248,1528,0.14128258468972776
271,1237,1508,0.14127266177789743
266,1244,1510,0.14128693861065447
269,1250,1519,0.14131346541189438
275,1245,1520,0.14133035278168105
278,1241,1519,0.14132850812234843
280,1235,1515,0.1413180780784925
280,1226,1506,0.14130363978763266
274,1241,1515,0.14128996893150333
273,1237,1510,0.1412940286926387
278,1244,1522,0.1413001711491696
274,1246,1520,0.14129173863390432
273,1240,1513,0.1412943758389125
273,1248,1521,0.1412997743264045
267,1246,1513,0.14130538844590065
267,1256,1523,0.1413279799127501
267,1250,1517,0.14134937897243122
272,1249,1521,0.14136916268938113
273,1246,1519,0.14137297615008187
272,1235,1507,0.14137362513039434
276,1221,1497,0.14137747187165697
270,1227,1497,0.14137013759695105
274,1228,1502,0.14137993386536274
271,1221,1492,0.1413782359132554
268,1235,1503,0.14138437751139868
268,1251,1519,0.14139899691055796
269,1244,1513,0.14141304598882318
278,1242,1520,0.1414231660220753
280,1235,1515,0.14140700836420225
280,1235,1515,0.14138636649198935
274,1241,1515,0.14136737091464172
272,1248,1520,0.14136747767613658
266,1250,1516,0.14137378113655535
271,1251,1522,0.1413956856894045
268,1248,1516,0.1414023124860679
272,1254,1526,0.1414174491296143
270,1243,1513,0.14141974693739942
268,1251,1519,0.1414277783262165
267,1226,1493,0.141440141909907
266,1238,1504,0.14145410695431723
270,1253,1523,0.14146991513220558
273,1248,1521,0.14147371576059226
267,1250,1517,0.14146940974224528
270,1235,1505,0.14148238156829016
278,1242,1520,0.14148518029916443
271,1231,1502,0.14146504130287726
269,1226,1495,0.14146593303341198
266,1227,1493,0.14147288012891474
271,1236,1507,0.14148821954690638
276,1238,1514,0.1414877026802344
280,1234,1514,0.1414718793068893
279,1224,1503,0.14144561685408621
280,1222,1502,0.14142276542562424
277,1221,1498,0.14139853988200823
276,1221,1497,0.14138566360273605
274,1226,1500,0.1413774693411
279,1246,1525,0.14137582847743269
284,1243,1527,0.1413597387847771
281,1248,1529,0.1413314027223459
276,1250,1526,0.141314030626858
280,1236,1516,0.14131251335165113
277,1228,1505,0.1412987382491378
276,1235,1511,0.14129433925158966
270,1242,1512,0.14129263547927995
273,1257,1530,0.14130829126262115
271,1247,1518,0.1413147360441196
270,1238,1508,0.1413258188248474
268,1231,1499,0.1413387003147468
270,1233,1503,0.14135706404311965
268,1231,1499,0.141368300534509
272,1225,1497,0.14138346435909094
270,1238,1508,0.14138588546182737
276,1236,1512,0.14139346758400217
271,1241,1512,0.14138415338088234
270,1240,1510,0.14138904604222946
275,1237,1512,0.14139617857050713
278,1229,1507,0.14138866664984553
278,1228,1506,0.1413725653688536
275,1224,1499,0.14135818379978946
278,1227,1505,0.1413534023658394
273,1222,1495,0.14134045007991555
275,1235,1510,0.14134258212929598
271,1236,1507,0.14133855007893817
266,1233,1499,0.14134533646368738
260,1241,1501,0.1413649736136528
266,1259,1525,0.14140025229505074
265,1253,1518,0.14141599568723978
264,1249,1513,0.14143338380739248
266,1251,1517,0.14145158202033042
268,1248,1516,0.1414643855702101
270,1248,1518,0.14147125411832726
274,1246,1520,0.1414726007596587
268,1241,1509,0.14146232272523743
270,1244,1514,0.14146996509869392
269,1244,1513,0.1414699836831953
269,1238,1507,0.14147259144389782
268,1236,1504,0.14147525596332947
273,1242,1515,0.14147974134289526
267,1248,1515,0.1414700427140385
269,1245,1514,0.1414777666640493
270,1252,1522,0.141480109513769
269,1241,1510,0.1414790685808414
271,1243,1514,0.1414803178935875
271,1236,1507,0.14147578028111932
269,1244,1513,0.14147258498437001
272,1247,1519,0.14147530955155063
267,1236,1503,0.14146972790176096
262,1238,1500,0.14147955843726762
262,1241,1503,0.14150248293862414
261,1254,1515,0.1415239592818647
261,1252,1513,0.14154637189990604
263,1242,1505,0.14156750725977751
256,1252,1508,0.1415814812984258
259,1248,1507,0.1416141935611145
257,1249,1506,0.14163636814833122
254,1244,1498,0.14166274333900997
250,1250,1500,0.141696057208498
252,1270,1522,0.14173935605261087
256,1274,1530,0.1417730273119241
255,1272,1527,0.14179269062534558
264,1265,1529,0.1418135137398912
263,1254,1517,0.14180710639808253
263,1250,1513,0.14180457673670774
259,1237,1496,0.14180107153486543
252,1258,1510,0.1418093612108342
245,1265,1510,0.14183718975245532
246,1260,1506,0.1418824611201599
242,1249,1491,0.14192199568152516
242,1256,1498,0.14196926711050914
245,1263,1508,0.14201291301626617
242,1266,1508,0.1420451251883381
246,1261,1507,0.1420835734174891
246,1255,1501,0.14210838754808514
243,1266,1509,0.1421316677348127
235,1270,1505,0.14216172613181424
245,1270,1515,0.14221263394195083
243,1275,1518,0.14223203652243868
236,1271,1507,0.14225492676199336
240,1285,1525,0.1422961395934672
238,1279,1517,0.14232286698132385
240,1275,1515,0.14235321364808004
243,1271,1514,0.14237591896738247
241,1269,1510,0.1423897312007848
238,1276,1514,0.1424082625450615
230,1266,1496,0.14243367964412687
232,1260,1492,0.14248024456544583
231,1273,1504,0.14251751832880594
237,1275,1512,0.14255515968319282
235,1275,1510,0.14257351332179818
235,1299,1534,0.14259630488554725
240,1280,1520,0.14261776648476449
237,1271,1508,0.14262230320401792
238,1282,1520,0.14263543705046447
236,1282,1518,0.14264500726614923
232,1291,1523,0.14265988301274818
230,1286,1516,0.14268520822948416
228,1276,1504,0.14271435290654333
233,1276,1509,0.1427476415426322
230,1278,1508,0.14276505245941964
232,1286,1518,0.14279022880064096
227,1290,1517,0.14280806676230587
229,1299,1528,0.14283922574691846
232,1300,1532,0.14286178906866298
232,1298,1530,0.14287503407530047
232,1286,1518,0.142887830168235
232,1282,1514,0.14290024745761362
234,1290,1524,0.14291113295254035
237,1276,1513,0.1429157584208321
233,1274,1507,0.14291155297406796
234,1269,1503,0.14291747970775298
228,1276,1504,0.14291934609634713
235,1276,1511,0.1429373959619684
239,1264,1503,0.1429350757846094
244,1269,1513,0.14292174545884262
245,1276,1521,0.1428946596785506
247,1268,1515,0.14286613432552017
243,1261,1504,0.1428337625729275
236,1271,1507,0.1428155232950437
235,1275,1510,0.1428192998854448
232,1286,1518,0.1428261110797504
233,1281,1514,0.14284054493369344
233,1294,1527,0.14285202148848278
231,1287,1518,0.1428626279261886
232,1285,1517,0.14287812411752582
233,1287,1520,0.142889550734003
230,1286,1516,0.1428979140916173
231,1285,1516,0.14291367932283136
225,1284,1509,0.14292578322777302
227,1279,1506,0.142953194109071
228,1274,1502,0.14297324557952604
229,1275,1504,0.14298885855214483
225,1269,1494,0.14300024352569976
225,1283,1508,0.14302245819004863
221,1288,1509,0.14304381275330524
221,1288,1509,0.14307392726177104
220,1288,1508,0.14310245553673753
219,1289,1508,0.14313238234371842
222,1287,1509,0.1431638298185794
226,1287,1513,0.14318480503144118
228,1298,1526,0.14319350223125923
227,1288,1515,0.14319631854618015
226,1282,1508,0.14320173024121796
222,1288,1510,0.14320936485316818
224,1286,1510,0.14322780772970803
230,1273,1503,0.14323981928685833
227,1266,1493,0.14323385290871798
223,1259,1482,0.14323644479998662
228,1269,1497,0.1432501196591064
225,1295,1520,0.14324844182517502
223,1297,1520,0.1432561555718803
221,1286,1507,0.14326920375269897
219,1301,1520,0.14328753858341897
214,1292,1506,0.14330968048215564
215,1302,1517,0.14334392548961614
215,1304,1519,0.14337236802512418
218,1312,1530,0.14339863062265823
216,1313,1529,0.1434143813126387
211,1311,1522,0.14343480833936673
212,1300,1512,0.1434690003245132
218,1296,1514,0.14349774271715987
213,1299,1512,0.1435071791171667
210,1302,1512,0.14353078616508594
207,1306,1513,0.14356187165494902
209,1290,1499,0.1436000425648486
214,1304,1518,0.143628806599732
217,1310,1527,0.14364118565487163
217,1306,1523,0.14364382516679336
214,1307,1521,0.14364595909910421
205,1303,1508,0.14365642771761875
208,1301,1509,0.14369216431347487
212,1294,1506,0.14371566854163068
208,1295,1503,0.1437259563699247
209,1297,1506,0.14374708346720977
203,1310,1513,0.14376396315532702
203,1319,1522,0.14379699731839413
203,1321,1524,0.1438276852947772
204,1322,1526,0.14385663295890896
205,1322,1527,0.1438805347877426
207,1323,1530,0.14390038761960852
202,1312,1514,0.14391329167029515
202,1314,1516,0.1439392860173739
200,1321,1521,0.1439638131215988
204,1314,1518,0.14399265874312378
199,1302,1501,0.14400801076413786
194,1298,1492,0.14403773629381836
200,1313,1513,0.14407931956905595
196,1313,1509,0.14410082665141544
199,1325,1524,0.1441325075651958
200,1318,1518,0.14415298209121358
203,1308,1511,0.14416900653730924
203,1315,1518,0.14417520513891258
200,1329,1529,0.14418104266899565
202,1326,1528,0.1441952189962556
193,1319,1512,0.1442026030781539
191,1323,1514,0.14423571007058272
190,1322,1512,0.14427252641313873
191,1320,1511,0.1443089054351419
193,1331,1524,0.14433932736638855
191,1326,1517,0.14436213110596718
193,1326,1519,0.14438929215432894
188,1327,1515,0.14440844635193925
181,1324,1505,0.14444156310830053
177,1325,1502,0.14449345269150696
179,1329,1508,0.14455400161039555
177,1320,1497,0.14460379591262026
181,1331,1512,0.14465617470576206
177,1343,1520,0.1446927830125541
180,1336,1516,0.14473874126347175
181,1343,1524,0.14477289353381834
179,1333,1512,0.14480159823623684
178,1330,1508,0.1448339545750475
181,1334,1515,0.14486796953419848
175,1339,1514,0.1448914097415438
171,1338,1509,0.14493121198293635
174,1339,1513,0.14498017088788898
175,1342,1517,0.14501733519154153
174,1344,1518,0.1450491316324041
171,1343,1514,0.14508199775228212
167,1335,1502,0.14512138639291494
173,1342,1515,0.1451698007725529
166,1353,1519,0.14519803610564952
165,1347,1512,0.14524494101669247
167,1341,1508,0.14529246904577525
164,1342,1506,0.14533131353077233
168,1339,1507,0.14537638887950957
165,1341,1506,0.14540685783578394
162,1348,1510,0.14544434831235564
157,1353,1510,0.14548827324815913
154,1355,1509,0.14554407071140552
157,1357,1514,0.14560527345043042
158,1366,1524,0.1456538203729958
159,1361,1520,0.14569692801087242
158,1369,1527,0.1457341183387907
158,1373,1531,0.14577179050775352
158,1371,1529,0.14580658193117643
155,1361,1516,0.1458389560447943
154,1348,1502,0.14587708241037856
154,1351,1505,0.14591521643616231
155,1348,1503,0.14595104331834755
157,1347,1504,0.1459815513939764
156,1354,1510,0.1460044854291242
153,1362,1515,0.1460288526083075
149,1370,1519,0.14606107475808938
153,1371,1524,0.14610296082689392
152,1369,1521,0.14612978848698244
150,1346,1496,0.14615786127521485
150,1356,1506,0.1461904319114891
149,1378,1527,0.14622094643885614
147,1370,1517,0.14625225409573964
143,1362,1505,0.14628747790331048
144,1368,1512,0.14633272766645075
150,1361,1511,0.1463720242223098
147,1378,1525,0.14639116976942357
147,1382,1529,0.14641814439871112
147,1384,1531,0.14644295744023966
142,1373,1515,0.14646630393764862
143,1373,1516,0.1465029015552148
147,1375,1522,0.1465334514263479
143,1369,1512,0.14655027067456547
141,1371,1512,0.146577595823292
145,1366,1511,0.1466090033177998
148,1363,1511,0.14662637937286793
148,1368,1516,0.1466340119198115
146,1363,1509,0.14664155780807894
147,1366,1513,0.1466545771888124
145,1377,1522,0.1466640807819603
146,1370,1516,0.1466791319365074
143,1372,1515,0.14669002360599215
145,1360,1505,0.14670911937748055
147,1357,1504,0.1467212441392548
148,1358,1506,0.1467263396582382
146,1368,1514,0.1467281282818833
145,1370,1515,0.14673602660904186
139,1368,1507,0.1467462250016915
141,1370,1511,0.14677397661723945
137,1379,1516,0.14679374315375054
143,1366,1509,0.14682423733686473
144,1366,1510,0.1468349009913301
143,1368,1511,0.1468420329583988
146,1374,1520,0.14685166419792786
144,1385,1529,0.14685213669283825
140,1381,1521,0.1468580745360831
139,1374,1513,0.14687548903655118
144,1369,1513,0.14689443483648681
144,1359,1503,0.1468972394177973
143,1360,1503,0.14689975105067432
141,1351,1492,0.14690487509665487
139,1364,1503,0.14691538644221694
138,1368,1506,0.1469311551919204
135,1370,1505,0.14694860872042534
139,1371,1510,0.14697414558261834
134,1369,1503,0.14698559091764785
134,1366,1500,0.14701104000331194
134,1366,1500,0.14703493616804925
135,1365,1500,0.14705752512208725
137,1367,1504,0.14707593576828082
138,1372,1510,0.1470869529175501
134,1370,1504,0.14709469347292625
136,1368,1504,0.14711378336249933
135,1365,1500,0.14712549234607353
140,1370,1510,0.14713961175000448
140,1367,1507,0.14713785517594336
137,1372,1509,0.14713634969556247
135,1382,1517,0.1471440364105088
137,1387,1524,0.1471574647675325
134,1385,1519,0.14716456685425655
139,1378,1517,0.147179793819622
135,1367,1502,0.1471794971088006
137,1368,1505,0.14719141411674283
137,1368,1505,0.1471964423120822
139,1379,1518,0.14720162117435864
132,1370,1502,0.147200148645054
134,1381,1515,0.14721960283502766
133,1391,1524,0.1472315076209586
132,1386,1518,0.1472449550791133
130,1381,1511,0.1472611924482005
129,1387,1516,0.14728273157434668
129,1383,1512,0.14730581146989205
132,1380,1512,0.14732713104909814
131,1381,1512,0.14733782908567594
133,1380,1513,0.14735105594206874
130,1392,1522,0.14735761451912818
133,1388,1521,0.14737269935664185
133,1392,1525,0.14737794994897327
132,1393,1525,0.1473826485348383
131,1383,1514,0.14739014659887487
127,1373,1500,0.14739999080897165
123,1381,1504,0.14742093293081818
124,1371,1495,0.1474521689696652
123,1381,1504,0.14747844433468038
123,1384,1507,0.14750586605352897
128,1382,1510,0.14753173440139727
125,1385,1510,0.14754029084387027
123,1387,1510,0.14755754380630426
122,1394,1516,0.14757992311759005
125,1391,1516,0.14760407459879102
125,1387,1512,0.14761769757412319
119,1388,1507,0.14763058426214684
119,1405,1524,0.1476604857117072
116,1390,1506,0.14768809407494177
114,1394,1508,0.14772259179550648
115,1393,1508,0.14776122077152587
116,1390,1506,0.14779415103114446
118,1385,1503,0.14782200332331544
118,1383,1501,0.1478422681703334
117,1379,1496,0.14786076120632155
115,1386,1501,0.1478812219407256
111,1399,1510,0.14790670048246568
107,1399,1506,0.14794303507624829
107,1406,1513,0.14798934523057444
105,1409,1514,0.14803248824934265
100,1396,1496,0.14807908189252011
101,1395,1496,0.14813817883791525
102,1404,1506,0.1481904941826522
102,1397,1499,0.14823665073506143
102,1405,1507,0.14827991557740747
99,1391,1490,0.14832055395407323
95,1402,1497,0.1483678906634169
96,1405,1501,0.14842443383436296
97,1395,1492,0.14847457255502516
97,1396,1493,0.14851826759408293
94,1392,1486,0.14855943154513526
96,1406,1502,0.14860699632220328
96,1403,1499,0.14864547364894798
95,1408,1503,0.14868100009636387
95,1412,1507,0.1487181050107222
92,1411,1503,0.14875293301385498
93,1411,1504,0.148794961803147
95,1412,1507,0.14883116593960818
95,1414,1509,0.14885888373292755
93,1423,1516,0.14888492833123812
91,1424,1515,0.1489154141553283
89,1432,1521,0.1489503053416508
88,1430,1518,0.14898906600742315
86,1431,1517,0.14902803698363243
86,1431,1517,0.14907088395475784
84,1434,1518,0.1491110119512617
86,1442,1528,0.14915468269093932
88,1440,1528,0.14918927960557776
87,1441,1528,0.14921538969789513
87,1427,1514,0.14924322983220364
85,1429,1514,0.14926934337643258
87,1427,1514,0.1492999374051395
87,1433,1520,0.14932285741176993
83,1434,1517,0.1493445711681044
87,1422,1509,0.14937715609835195
88,1430,1518,0.14939594196685363
87,1445,1532,0.14941011734572393
87,1458,1545,0.14942631053452252
86,1444,1530,0.14944153797396864
82,1445,1527,0.14945886406385886
81,1446,1527,0.14948738383012095
79,1447,1526,0.14951709438708435
79,1448,1527,0.14955082045802737
78,1444,1522,0.14958248994935971
74,1450,1524,0.14961542511382328
75,1432,1507,0.14965855922208465
75,1441,1516,0.14969577711539447
77,1445,1522,0.14973064037341463
79,1437,1516,0.14975745916667096
78,1420,1498,0.14977628157599748
79,1431,1510,0.14979711951901453
73,1432,1505,0.14981357327667458
73,1436,1509,0.1498476621881954
72,1445,1517,0.14987971016297189
72,1438,1510,0.14991278843013306
74,1454,1528,0.14994345703683318
76,1440,1516,0.14996615270602381
74,1451,1525,0.14998134919488634
74,1442,1516,0.15000168988923174
75,1438,1513,0.15002084777967092
72,1437,1509,0.15003555295426085
73,1443,1516,0.15005856944755575
72,1432,1504,0.1500770191430941
70,1432,1502,0.1500972387042977
66,1433,1499,0.1501222661716885
65,1441,1506,0.1501580650895072
64,1454,1518,0.15019472454485955
66,1447,1513,0.15023218317437673
65,1455,1520,0.15026100439485313
64,1449,1513,0.15029115334205156
64,1439,1503,0.1503226025462689
64,1443,1507,0.15035203871129585
65,1451,1516,0.15037963897769513
66,1451,1517,0.15040236408106872
66,1441,1507,0.1504205285976744
66,1456,1522,0.15043744931694014
67,1460,1527,0.15045318517653516
68,1471,1539,0.15046498030873662
68,1456,1524,0.15047293514128224
65,1448,1513,0.15048041636675752
64,1448,1512,0.15049691020174422
64,1447,1511,0.15051553554756514
64,1444,1508,0.1505330067995775
66,1444,1510,0.15054940009311185
65,1438,1503,0.15055871499563706
69,1440,1509,0.1505706445247693
70,1436,1506,0.15056941335898508
71,1442,1513,0.1505650415456733
70,1439,1509,0.15055796323714876
69,1448,1517,0.15055452206711528
68,1455,1523,0.15055443151267675
69,1457,1526,0.15055741092448793
71,1471,1542,0.1505570836753748
70,1474,1544,0.1505506834762812
68,1458,1526,0.1505480029122341
68,1441,1509,0.15055167217355855
63,1443,1506,0.15055506846552383
65,1452,1517,0.15057365257661057
65,1454,1519,0.15058502936229393
65,1450,1515,0.15059580758760213
67,1442,1509,0.150605853116274
67,1456,1523,0.1506090049993519
67,1455,1522,0.15061183776941167
69,1455,1524,0.15061458475760467
67,1449,1516,0.15061098461459474
67,1459,1526,0.150613825356011
67,1457,1524,0.15061641235539114
69,1445,1514,0.15061886193192278
69,1441,1510,0.15061492259134174
70,1445,1515,0.1506114171456958
72,1447,1519,0.15060511441495847
76,1441,1517,0.15059301753184828
69,1432,1501,0.1505692613239861
72,1437,1509,0.15056893858088674
72,1443,1515,0.15055939904222795
76,1441,1517,0.15055027613698135
75,1443,1518,0.1505296036736978
77,1452,1529,0.15051369293767927
78,1444,1522,0.15049276040975634
76,1444,1520,0.15047015028707306
77,1438,1515,0.15045509809412877
78,1444,1522,0.15043781759764155
75,1443,1518,0.15041840079087218
78,1442,1520,0.15040949920789246
76,1455,1531,0.15039195552750514
74,1455,1529,0.15038171535883962
74,1433,1507,0.1503781687557548
76,1444,1520,0.15037480059503597
75,1456,1531,0.1503655966792275
72,1455,1527,0.15036004936636987
69,1445,1514,0.15036399214027749
69,1447,1516,0.15037703095052646
68,1444,1512,0.1503893241958293
68,1453,1521,0.15040400833329548
65,1452,1517,0.15041762061246394
64,1460,1524,0.15043984853155568
61,1454,1515,0.150463756064978
62,1446,1508,0.15049531799804472
61,1445,1506,0.1505219039649379
60,1454,1514,0.15054997076737706
59,1449,1508,0.1505793147107492
57,1442,1499,0.1506097739663687
60,1461,1521,0.15064444337900362
60,1445,1505,0.15066756837149986
60,1445,1505,0.1506890741325687
60,1453,1513,0.1507091759039717
62,1449,1511,0.15072811727111304
61,1447,1508,0.1507395476918349
59,1446,1505,0.15075365324844603
57,1449,1506,0.15077303783572746
56,1446,1502,0.15079738093618716
57,1450,1507,0.15082342698258688
61,1449,1510,0.1508447122213909
59,1456,1515,0.15085253575233648
58,1451,1509,0.15086615982703444
60,1448,1508,0.15088188768502772
62,1454,1516,0.15089044418417877
62,1452,1514,0.15089253167099403
64,1467,1531,0.15089463918697996
63,1457,1520,0.1508905174307233
66,1456,1522,0.15088978545219914
66,1449,1515,0.1508798488366152
65,1447,1512,0.15087081393127327
66,1453,1519,0.1508654816505396
66,1456,1522,0.1508573028616974
65,1453,1518,0.15084963816332428
66,1448,1514,0.15084557931050382
65,1452,1517,0.15083874723892607
65,1451,1516,0.15083553676804656
67,1459,1526,0.15083242691148235
68,1458,1526,0.15082342411415353
68,1454,1522,0.15081194283160784
68,1466,1534,0.1508010367907727
65,1459,1524,0.1507907169975369
62,1448,1510,0.15079040351735698
63,1439,1502,0.15079942305995167
58,1449,1507,0.1508049197622878
59,1464,1523,0.1508252884550211
64,1460,1524,0.15084122522625548
61,1452,1513,0.1508406123078054
61,1456,1517,0.15084946622901202
63,1452,1515,0.15085776289102573
63,1453,1516,0.15085941348914084
63,1453,1516,0.1508611643824778
64,1453,1517,0.1508630658000197
63,1451,1514,0.1508618614141017
61,1460,1521,0.15086382528167172
63,1456,1519,0.15087185408591183
58,1451,1509,0.15087342679128252
58,1450,1508,0.1508903937057556
58,1459,1517,0.15090598048590273
62,1462,1524,0.15092078029939604
64,1454,1518,0.15092258927198737
63,1458,1521,0.15091845907512588
60,1449,1509,0.15091780529706142
59,1443,1502,0.15092656893643686
59,1452,1511,0.1509379415758443
57,1449,1506,0.15094821474812728
56,1462,1518,0.1509640415982292
58,1462,1520,0.1509818530012093
59,1451,1510,0.1509927284932876
61,1439,1500,0.15099977661117892
59,1448,1507,0.15100026566620298
58,1461,1519,0.1510070109543079
58,1463,1521,0.15101621403115345
59,1474,1533,0.15102484822177475
58,1452,1510,0.15103006636526428
60,1445,1505,0.15103792829032892
61,1452,1513,0.15103883248766437
61,1456,1517,0.15103665218385998
60,1450,1510,0.15103464875514655
61,1450,1511,0.1510358805502441
59,1465,1524,0.15103392364388932
62,1463,1525,0.15103844169494565
60,1463,1523,0.15103346429248607
61,1466,1527,0.15103481066078106
61,1471,1532,0.15103297620546935
61,1455,1516,0.15103134210969926
60,1448,1508,0.15102983437264916
62,1459,1521,0.15103172179082056
61,1449,1510,0.15102739377569693
61,1458,1519,0.15102622083987768
59,1455,1514,0.15102509016136706
61,1448,1509,0.15102978623950625
60,1448,1508,0.15102781627987244
58,1462,1520,0.15102899695923758
54,1464,1518,0.15103640572499544
56,1460,1516,0.15105536661660962
56,1449,1505,0.1510669831589001
57,1463,1520,0.15107786277819002
57,1478,1535,0.1510849644508251
53,1467,1520,0.15109179332656428
51,1465,1516,0.15111059080887038
53,1462,1515,0.15113443473568622
56,1454,1510,0.15115030958360173
55,1454,1509,0.1511560551505311
57,1455,1512,0.15116461574616044
58,1462,1520,0.15116639907754895
58,1477,1535,0.15116478567502856
58,1468,1526,0.15116327099498528
58,1460,1518,0.1511618420517483
58,1457,1515,0.1511605117175399
55,1464,1519,0.1511592358584735
55,1461,1516,0.15116725958629515
56,1468,1524,0.15117475212657666
56,1478,1534,0.15117860222050092
55,1468,1523,0.1511821096346271
54,1465,1519,0.1511884061768945
54,1458,1512,0.15119744554828946
54,1455,1509,0.15120589903446133
53,1468,1521,0.15121367528980023
56,1474,1530,0.1512240289652123
54,1482,1536,0.15122471166320664
54,1476,1530,0.15123147876904888
52,1474,1526,0.1512379496983061
51,1467,1518,0.15125016044335182
52,1464,1516,0.15126456811356384
55,1457,1512,0.15127509422099877
55,1468,1523,0.15127555840386153
54,1453,1507,0.15127595763057053
53,1445,1498,0.15127940020682554
52,1446,1498,0.1512857315632423
52,1448,1500,0.1512947260368967
52,1455,1507,0.1513030926628825
52,1452,1504,0.15131098695692993
49,1468,1517,0.15131839282344622
47,1466,1513,0.15133471568957232
47,1468,1515,0.15135612979868018
43,1474,1517,0.151376222239929
44,1468,1512,0.15140720095075202
44,1477,1521,0.15143295944129034
44,1460,1504,0.1514572012526346
42,1467,1509,0.15148014845675273
44,1480,1524,0.15150806054675434
42,1473,1515,0.15152821607454728
39,1464,1503,0.1515534233726281
38,1459,1497,0.1515865601459615
39,1482,1521,0.15162079778350124
39,1484,1523,0.15164977749797423
39,1483,1522,0.1516769929393091
39,1482,1521,0.15170255733813598
39,1470,1509,0.1517265628902778
38,1461,1499,0.15174932165358343
37,1460,1497,0.15177377733185032
37,1472,1509,0.15179993746625844
37,1478,1515,0.15182450871405326
36,1483,1519,0.1518474825744031
34,1470,1504,0.1518721201289306
35,1482,1517,0.15190152747464022
35,1492,1527,0.15192590686723584
35,1501,1536,0.15194867119484098
36,1490,1526,0.15197003534854556
37,1470,1507,0.15198687319381313
38,1483,1521,0.15199963345803003
39,1485,1524,0.1520085246733639
38,1485,1523,0.15201368572340512
38,1467,1505,0.15202175379108784
40,1480,1520,0.152029335476564
38,1486,1524,0.15203024242561114
39,1481,1520,0.15203737386485452
39,1498,1537,0.15204099411484673
37,1490,1527,0.15204442291365397
34,1490,1524,0.15205390869301563
34,1486,1520,0.152072121995051
34,1481,1515,0.15208914812882213
37,1483,1520,0.15210498407483525
37,1473,1510,0.15211047555355514
37,1467,1504,0.15211577348953884
37,1476,1513,0.15212079968117642
37,1489,1526,0.15212555155805021
35,1501,1536,0.15213018041201035
34,1501,1535,0.1521409087841154
32,1500,1532,0.1521540984831718
32,1501,1533,0.15217284351717122
31,1477,1508,0.15219043143806255
32,1488,1520,0.1522099630532909
36,1485,1521,0.15222509557704783
35,1472,1507,0.1522269136832621
36,1466,1502,0.15223193548828742
34,1477,1511,0.15223367641182628
35,1479,1514,0.15224140499192124
35,1490,1525,0.15224550023868721
35,1492,1527,0.1522494018445636
36,1496,1532,0.15225307462784732
34,1490,1524,0.15225347762260533
35,1494,1529,0.15226028636813316
34,1478,1512,0.1522634613696109
33,1473,1506,0.15226940977425119
30,1480,1510,0.1522779598744426
31,1467,1498,0.15229513330134872
31,1460,1491,0.15230796634514057
30,1472,1502,0.1523199806186677
25,1463,1488,0.15233425336154935
25,1465,1490,0.15236330327931247
26,1481,1507,0.15239048720627565
25,1480,1505,0.15241289168379277
25,1481,1506,0.15243714410346534
25,1487,1512,0.15245989464358214
24,1490,1514,0.1524812454981667
22,1489,1511,0.15250435817048938
22,1493,1515,0.15253221955319357
20,1488,1508,0.15255845677801239
21,1493,1514,0.1525896067244531
22,1495,1517,0.15261566644002328
22,1499,1521,0.15263692786694752
22,1494,1516,0.15265690586236663
22,1495,1517,0.1526757131293413
22,1475,1497,0.15269341515223092
21,1475,1496,0.15271005297931542
21,1468,1489,0.15272892719642545
22,1480,1502,0.1527466630617414
22,1477,1499,0.15276019819428766
22,1483,1505,0.15277298351097954
22,1489,1511,0.1527850299850768
21,1487,1508,0.15279637044358907
22,1486,1508,0.15281027151441037
20,1496,1516,0.15282021079602384
20,1490,1510,0.15283604271666965
20,1498,1518,0.152850946452807
20,1490,1510,0.15286498169732454
20,1489,1509,0.15287819461582497
21,1509,1530,0.15289063021692173
21,1511,1532,0.15289920460356746
21,1508,1529,0.15290739046170235
21,1513,1534,0.15291514218370136
21,1491,1512,0.15292239689963394
22,1490,1512,0.15292922637474873
23,1483,1506,0.1529324633712001
23,1488,1511,0.1529324658578077
24,1482,1506,0.15293251205877387
24,1484,1508,0.15292945947745362
24,1478,1502,0.15292664835161923
23,1486,1509,0.15292404583474864
22,1501,1523,0.15292486519623702
22,1486,1508,0.15292871783182135
22,1492,1514,0.152932296101202
21,1486,1507,0.15293564265707352
20,1492,1512,0.15294195472475247
20,1496,1516,0.15295075840502265
19,1494,1513,0.15295898984520173
18,1500,1518,0.1529699332833807
17,1499,1516,0.15298341242482272
17,1494,1511,0.15299913410760943
16,1493,1509,0.15301386918374715
16,1490,1506,0.1530307739880014
17,1481,1498,0.1530466196254937
16,1487,1503,0.15305826184523624
16,1495,1511,0.15307231160164428
17,1504,1521,0.15308547686967183
16,1511,1527,0.15309461609078168
15,1510,1525,0.15310640419433758
20,1501,1521,0.15312057242770258
20,1503,1523,0.15311791464056995
21,1500,1521,0.15311548120189536
21,1498,1519,0.1531100283781405
21,1502,1523,0.15310493380310825
23,1497,1520,0.1531001541057727
23,1497,1520,0.15308936689701777
22,1507,1529,0.15307931601072802
23,1504,1527,0.1530731278572851
22,1515,1537,0.15306410642483456
22,1501,1523,0.1530588775269925
22,1513,1535,0.15305399379391949
22,1517,1539,0.1530494218297963
22,1514,1536,0.15304513894452068
24,1500,1524,0.1530412402862492
22,1505,1527,0.1530313172088151
21,1501,1522,0.1530283321256925
18,1492,1510,0.1530285823196882
19,1490,1509,0.15303818867653557
20,1489,1509,0.15304408344196493
20,1490,1510,0.15304641812646622
20,1484,1504,0.15304861798272407
19,1494,1513,0.15305070206782667
18,1492,1510,0.1530557657971327
18,1488,1506,0.1530636076211236
20,1499,1519,0.1530709185083628
20,1497,1517,0.15307154910556522
20,1493,1513,0.15307217314089702
20,1497,1517,0.15307284603980884
20,1512,1532,0.15307349993626757
20,1495,1515,0.1530741216444304
21,1482,1503,0.1530747123365951
21,1499,1520,0.15307223720152568
21,1492,1513,0.15306992961062577
21,1492,1513,0.15306780431963338
19,1497,1516,0.15306583857496775
19,1503,1522,0.15307036231826243
19,1518,1537,0.15307459343721824
19,1515,1534,0.1530785605385854
19,1502,1521,0.15308228664114062
17,1502,1519,0.15308586213911315
16,1494,1510,0.15309544568174718
15,1496,1511,0.15310760021257636
15,1500,1515,0.15312203700347637
15,1499,1514,0.15313559917205036
15,1495,1510,0.1531483368513941
16,1503,1519,0.15316029827654312
16,1502,1518,0.1531683514566008
16,1517,1533,0.15317592978864258
16,1511,1527,0.1531830455222587
14,1503,1517,0.15318972636855843
14,1512,1526,0.15320237827555513
16,1514,1530,0.15321423763706782
15,1529,1544,0.1532192581916387
14,1525,1539,0.15322711128645594
13,1522,1535,0.15323756283625253
14,1512,1526,0.15325039272740337
16,1507,1523,0.15325930944515812
16,1510,1526,0.15326144094603958
16,1509,1525,0.15326348117110633
14,1508,1522,0.15326541220592063
15,1508,1523,0.15327363962326906
16,1495,1511,0.15327836763862224
16,1500,1516,0.1532796477208847
16,1504,1520,0.15328092590970033
16,1503,1519,0.15328217067664776
16,1507,1523,0.15328337354829377
15,1501,1516,0.15328453083292243
15,1492,1507,0.15328861184230055
15,1499,1514,0.15329248851887556
15,1504,1519,0.15329614395608862
16,1502,1518,0.15329958604440716
16,1503,1519,0.1532997437839992
14,1491,1505,0.15329996377848523
15,1503,1518,0.15330634974822405
14,1515,1529,0.15330920396392006
13,1508,1521,0.15331510654391145
13,1503,1516,0.15332368050211106
14,1493,1507,0.15333174292954566
14,1499,1513,0.15333629012069397
14,1503,1517,0.1533405724307417
13,1517,1530,0.1533446005331493
14,1505,1519,0.15335162779621997
13,1501,1514,0.15335521509356423
13,1492,1505,0.15336185606439412
13,1501,1514,0.15336811197481595
12,1495,1507,0.1533740091773992
11,1495,1506,0.15338263083210132
9,1510,1519,0.15339365725565235
8,1509,1517,0.15341024036684497
7,1500,1507,0.15342877033316796
7,1498,1505,0.15344925519187808
8,1490,1498,0.15346845827359992
7,1502,1509,0.15348342292212241
9,1500,1509,0.15350054770464022
9,1517,1526,0.15351040041403582
9,1523,1532,0.15351968871444766
9,1509,1518,0.15352841772280298
9,1490,1499,0.15353661962767678
9,1493,1502,0.15354432618808014
8,1505,1513,0.1535515673916668
8,1520,1528,0.15356148236676165
9,1531,1540,0.15357077730145213
9,1537,1546,0.15357638260742545
8,1521,1529,0.153581668050798
7,1533,1540,0.15358983702693849
7,1513,1520,0.15360064164341083
6,1510,1516,0.1536107707324944
6,1509,1515,0.1536234032439486
6,1510,1516,0.15363524770158601
6,1517,1523,0.153646363836541
6,1507,1513,0.15365678083820114
7,1513,1520,0.153666566922907
7,1504,1511,0.15367266821519843
7,1501,1508,0.153678398493899
7,1497,1504,0.15368377949510129
7,1508,1515,0.15368883486774834
7,1513,1520,0.1536935850689943
7,1512,1519,0.15369804882544716
7,1514,1521,0.15370224355645445
7,1520,1527,0.15370618555721427
7,1501,1508,0.15370989010680622
7,1500,1507,0.15371337154654358
6,1503,1509,0.1537166433442042
6,1510,1516,0.15372283153934008
6,1501,1507,0.1537286284429946
5,1498,1503,0.15373407281818602
4,1500,1504,0.15374232860484535
4,1506,1510,0.15375317123524904
4,1523,1527,0.15376336673335142
6,1503,1509,0.15377295059614052
6,1510,1516,0.15377569193921686
6,1495,1501,0.15377828645764718
5,1497,1502,0.1537807246680084
5,1504,1509,0.15378617289797655
5,1508,1513,0.15379128133724848
5,1518,1523,0.15379607773291012
5,1512,1517,0.15380058218630938
6,1513,1519,0.15380481299983725
6,1506,1512,0.15380573143944443
6,1500,1506,0.15380656926712874
6,1495,1501,0.15380735419798777
6,1486,1492,0.15380809264823633
7,1482,1489,0.1538087296937553
7,1495,1502,0.1538062532108162
9,1491,1500,0.15380394223019253
9,1494,1503,0.1537956248706844
8,1503,1511,0.15378781646344789
7,1489,1496,0.15378363453498836
7,1500,1507,0.15378270976466552
7,1514,1521,0.1537818777724825
8,1518,1526,0.1537811023504922
9,1522,1531,0.15377736225521993
9,1513,1522,0.15377071326215222
10,1514,1524,0.15376449724702998
9,1506,1515,0.15375564389173033
9,1501,1510,0.153750429189114
9,1502,1511,0.15374554235913043
9,1515,1524,0.15374096221084513
10,1523,1533,0.1537366682659565
9,1527,1536,0.15372965806584676
9,1520,1529,0.15372604369165022
8,1516,1524,0.1537226839903899
8,1514,1522,0.1537226473193192
7,1515,1522,0.15372259371175334
7,1517,1524,0.15372551576375604
7,1508,1515,0.15372827734653685
6,1495,1501,0.15373086511006734
6,1500,1506,0.15373629266114994
6,1504,1510,0.15374141870450886
6,1500,1506,0.15374622685348402
6,1497,1503,0.1537507352537519
6,1503,1509,0.15375496316609447
5,1509,1514,0.15375892884386658
5,1516,1521,0.15376577653601095
5,1533,1538,0.15377219280421206
5,1519,1524,0.1537782170107481
5,1507,1512,0.15378387328458878
5,1515,1520,0.15378918429354516
5,1525,1530,0.1537941714209698
4,1530,1534,0.15379885474517635
3,1525,1528,0.15380635830546788
3,1531,1534,0.15381653259533182
3,1532,1535,0.153826105559591
3,1536,1539,0.153835119033887
3,1519,1522,0.1538435924112866
3,1513,1516,0.1538515561867586
3,1514,1517,0.15385904080295637
2,1518,1520,0.1538660749098418
2,1516,1518,0.15387576956196247
2,1509,1511,0.15388492890356206
2,1508,1510,0.15389354745143335
2,1518,1520,0.15390165180006124
2,1525,1527,0.15390927112636388
2,1518,1520,0.15391643392181872
2,1522,1524,0.1539231673343548
2,1512,1514,0.153929497030091
2,1507,1509,0.15393544719899122
2,1509,1511,0.15394104060779568
3,1510,1513,0.15394629866902046
3,1496,1499,0.15394811525146385
3,1499,1502,0.15394978755836206
3,1504,1507,0.153951350752436
3,1511,1514,0.15395281650148393
3,1507,1510,0.1539541926643041
3,1521,1524,0.15395548552471477
3,1522,1525,0.15395670052861882
3,1516,1519,0.15395784257944223
3,1517,1520,0.1539589161769941
3,1521,1524,0.15395992549245346
3,1527,1530,0.15396087441411355
3,1517,1520,0.15396176657841135
3,1523,1526,0.15396260539292914
1,1519,1520,0.1539633940546823
1,1528,1529,0.15397041688342952
1,1523,1524,0.15397708078635922
1,1524,1525,0.1539833668716396
1,1518,1519,0.15398928644188042
1,1521,1522,0.15399485704848898
1,1516,1517,0.1540000975169361
1,1505,1506,0.15400502650721623
1,1517,1518,0.15400966202045374
1,1511,1512,0.1540140212217516
1,1507,1508,0.15401812038598944
1,1505,1506,0.15402197489654185
1,1502,1503,0.15402559926816092
1,1513,1514,0.1540290071810439
1,1520,1521,0.15403221151978966
1,1519,1520,0.15403522441402642
1,1516,1517,0.1540380572790105
1,1526,1527,0.15404072085528345
1,1513,1514,0.1540432252469057
1,1522,1523,0.15404557995802387
2,1523,1525,0.15404779392766865
2,1501,1503,0.15404672512986273
2,1518,1520,0.15404568253920772
3,1519,1522,0.15404469199999538
3,1514,1517,0.1540405709778364
2,1516,1518,0.15403669695428238
3,1495,1498,0.15403622621283536
3,1504,1507,0.15403260636142652
4,1506,1510,0.15402920572649395
4,1504,1508,0.1540228305351971
4,1496,1500,0.15401684312132624
4,1506,1510,0.15401121267377568
4,1522,1526,0.15400591969138183
4,1512,1516,0.15400094490686556
4,1509,1513,0.15399626965491753
4,1503,1507,0.15399187611595877
4,1516,1520,0.15398774740418064
4,1516,1520,0.15398386758015775
4,1511,1515,0.15398022162935232
5,1508,1513,0.1539767954253464
5,1513,1518,0.15397048693243595
4,1517,1521,0.15396453745126684
4,1527,1531,0.15396201854012662
4,1517,1521,0.15395968004876717
4,1515,1519,0.15395748704064405
5,1507,1512,0.15395542808318757
5,1502,1507,0.1539503105136349
3,1505,1508,0.15394551862300138
3,1502,1505,0.15394722575021272
4,1507,1511,0.15394887251096714
4,1523,1527,0.15394728561648446
4,1505,1509,0.15394580157365084
4,1512,1516,0.15394440458020656
4,1506,1510,0.15394309074433007
4,1499,1503,0.1539418556118764
4,1516,1520,0.15394069465130442
4,1519,1523,0.1539396034744472
4,1516,1520,0.15393857790666232
4,1521,1525,0.1539376140042531
5,1510,1515,0.15393670805301568
5,1522,1527,0.15393269008906446
5,1505,1510,0.1539289171749394
4,1518,1522,0.15392536836170403
5,1508,1513,0.15392520955922118
5,1503,1508,0.1539218662224133
5,1502,1507,0.15391873817781956
4,1497,1501,0.15391579812335984
4,1498,1502,0.153916167719801
4,1501,1505,0.1539165152423475
5,1500,1505,0.15391684618327653
6,1501,1507,0.15391405077064138
7,1503,1510,0.15390824956547866
6,1512,1518,0.15389961904837257
7,1519,1526,0.15389471072048796
7,1510,1517,0.1538869072608764
7,1495,1502,0.15387959931654
6,1513,1519,0.15387273904454962
5,1529,1534,0.15386942940181803
5,1509,1514,0.15386943413899729
5,1498,1503,0.1538694443858839
4,1500,1504,0.15386945953266434
4,1513,1517,0.1538726035694489
4,1510,1514,0.15387556220621998
4,1506,1510,0.15387834823560795
4,1496,1500,0.1538809685478526
5,1499,1504,0.15388343163020995
5,1501,1506,0.1538826027350804
4,1502,1506,0.1538818258777288
5,1511,1516,0.15388426874348543
5,1528,1533,0.15388341215232818
4,1518,1522,0.1538826070085627
4,1520,1524,0.15388503391352704
4,1517,1521,0.15388730136559506
4,1528,1532,0.15388943372907452
4,1515,1519,0.1538914394806884
4,1516,1520,0.1538933257536926
4,1512,1516,0.15389509933737947
4,1522,1526,0.15389676674423278
3,1524,1527,0.15389833418969864
3,1515,1518,0.15390294927568957
3,1527,1530,0.1539072910463776
3,1531,1534,0.15391137835599575
2,1519,1521,0.15391522307886002
2,1520,1522,0.1539220081689862
2,1508,1510,0.15392839677788608
2,1510,1512,0.15393441215876427
2,1507,1509,0.1539400723641338
2,1510,1512,0.1539453964644241
2,1508,1510,0.15395040341412894
2,1514,1516,0.1539551115457759
2,1514,1516,0.153959538366317
2,1511,1513,0.15396370048693034
2,1519,1521,0.15396761361348235
2,1526,1528,0.15397129256556233
2,1517,1519,0.15397475130909963
2,1516,1518,0.15397800299516176
2,1513,1515,0.153981060001113
2,1512,1514,0.15398393397209706
2,1520,1522,0.1539866358617448
2,1518,1520,0.15398917597151743
2,1516,1518,0.15399156398838199
2,1522,1524,0.15399380902068185
2,1525,1527,0.15399591963215933
2,1526,1528,0.15399790387414522
2,1527,1529,0.15399976931596016
2,1524,1526,0.15400152307359388
2,1521,1523,0.15400317183673454
2,1510,1512,0.1540047218942281
2,1505,1507,0.1540061791580466
2,1505,1507,0.15400754918584453
2,1493,1495,0.15400883720218078
2,1477,1479,0.15401004811847968
2,1490,1492,0.15401118655180426
2,1512,1514,0.1540122568425082
2,1512,1514,0.15401326307083324
2,1510,1512,0.1540142090725125
2,1508,1510,0.15401509845343878
2,1513,1515,0.15401593460345336
2,1516,1518,0.15401672070930691
2,1509,1511,0.15401745976684236
2,1509,1511,0.1540181545924464
2,1513,1515,0.15401880783381217
2,1518,1520,0.15401942198005653
2,1525,1527,0.15401999937122862
2,1524,1526,0.1540205422072475
2,1529,1531,0.15402105255630286
2,1524,1526,0.15402153236275098
2,1521,1523,0.1540219834545368
2,1531,1533,0.1540224075501699
2,1517,1519,0.1540228062652819
2,1513,1515,0.1540231811187901
2,1505,1507,0.15402353353869144
2,1518,1520,0.15402386486750852
2,1517,1519,0.15402417636740887
2,1522,1524,0.15402446922501753
2,1515,1517,0.15402474455594045
1,1512,1513,0.15402500340901734
1,1512,1513,0.15402842995974772
1,1509,1510,0.15403166342725705
1,1507,1508,0.15403471264063728
0,1523,1523,0.15403758369917292
