1376,31,1407,0.13582170248580852
1404,33,1437,0.13296051594296515
1426,33,1459,0.13027325221324712
1432,31,1463,0.12776353273328758
1439,33,1472,0.12546053773944701
1450,33,1483,0.12334454225893957
1450,33,1483,0.12138912155521318
1461,33,1494,0.11960883813068042
1469,32,1501,0.11795957931620993
1463,31,1494,0.11643804519278048
1458,34,1492,0.11506830906775964
1453,36,1489,0.1138337629722756
1449,37,1486,0.11272212123164238
1450,36,1486,0.11171949910245652
1447,34,1481,0.11080446829873969
1442,35,1477,0.10997843453181444
1456,33,1489,0.10923770232287497
1471,34,1505,0.10853083036124903
1468,35,1503,0.10785267296361814
1478,36,1514,0.10724248682937962
1470,38,1508,0.10666457574225763
1477,40,1517,0.1061559214482455
1467,38,1505,0.10567742241963053
1468,37,1505,0.10526446866159088
1460,34,1494,0.10488663314688215
1452,34,1486,0.10456015167173678
1463,36,1499,0.10428108154305508
1447,39,1486,0.10400275683782358
1441,41,1482,0.10378464899530375
1445,40,1485,0.10359898361756315
1460,40,1500,0.10342115962728256
1442,40,1482,0.10322626293681775
1446,39,1485,0.10308795255097795
1450,41,1491,0.10295360429486668
1443,42,1485,0.10282265514293826
1445,43,1488,0.10271893803579699
1465,41,1506,0.10262013846313371
1459,42,1501,0.10248680557032637
1461,40,1501,0.1023785524161344
1444,39,1483,0.10227531347173326
1450,41,1491,0.1022183700485779
1448,42,1490,0.10215370978082365
1441,41,1482,0.10209904669123931
1444,42,1486,0.10206397401019597
1443,41,1484,0.10202572477107517
1445,43,1488,0.10199280936997271
1436,41,1477,0.10195855732496348
1445,40,1485,0.101946995904106
1443,41,1484,0.10191714955769364
1449,40,1489,0.10189420441391465
1452,40,1492,0.10186050163107786
1449,40,1489,0.10182293287355922
1460,38,1498,0.10179506661802167
1459,40,1499,0.10174625911607932
1460,42,1502,0.10170382793454183
1446,42,1488,0.10166363116218392
1461,42,1503,0.10165716449941241
1447,43,1490,0.10161895682819849
1454,42,1496,0.10161412913041307
1438,41,1479,0.10159446310186007
1441,41,1482,0.10161093227980496
1438,43,1481,0.10161945353081732
1456,43,1499,0.1016338467354931
1447,43,1490,0.10160793403071298
1445,44,1489,0.10160407046486793
1440,43,1483,0.10160481344490986
1460,48,1508,0.10161652295811865
1445,47,1492,0.10158409570366929
1446,49,1495,0.10158714682438966
1435,48,1483,0.10158767997501976
1443,49,1492,0.10161195094874138
1452,47,1499,0.10161686694006067
1447,48,1495,0.10160174206762679
1450,49,1499,0.10159900657406414
1432,48,1480,0.1015899640649808
1438,49,1487,0.10162061320766842
1435,50,1485,0.10163542949696573
1431,50,1481,0.10165512210007738
1422,52,1474,0.10168169513596748
1420,53,1473,0.10172548043775449
1423,53,1476,0.10176980538207978
1417,54,1471,0.101803985298771
1428,59,1487,0.1018480541297745
1436,60,1496,0.10186451683491114
1426,58,1484,0.10186265315825778
1427,59,1486,0.10188252223236847
1425,59,1484,0.10189849570788628
1418,60,1478,0.10191707916008493
1437,60,1497,0.10194968674975291
1439,60,1499,0.10193777672465262
1439,59,1498,0.10192237269204131
1448,58,1506,0.10190851753139267
1456,58,1514,0.10187677891413717
1444,56,1500,0.10183069510467782
1438,55,1493,0.10181451159731278
1436,55,1491,0.10181289808920414
1438,57,1495,0.101815889530579
1437,56,1493,0.10181396919998612
1426,55,1481,0.1018141840006426
1425,56,1481,0.10183767616197191
1436,54,1490,0.10186150786915729
1439,54,1493,0.1018596205686644
1430,53,1483,0.10185163552916877
1414,55,1469,0.10186348552357191
1419,59,1478,0.10190878447420997
1420,60,1480,0.10193956040803237
1428,60,1488,0.10196541750329413
1431,58,1489,0.10197195638928389
1443,61,1504,0.1019717827409426
1432,59,1491,0.10194572577771538
1432,59,1491,0.10194530887865536
1438,59,1497,0.1019452999252885
1446,58,1504,0.10193250634105042
1449,57,1506,0.10190332336176901
1445,56,1501,0.10187013265786224
1450,58,1508,0.10184857133830456
1449,59,1508,0.10181832514466756
1455,59,1514,0.10179310033442679
1445,59,1504,0.10175696636287558
1438,60,1498,0.10174568841799057
1438,60,1498,0.10175042118648381
1439,61,1500,0.10175505187459517
1444,64,1508,0.10175641806090692
1441,64,1505,0.101747220295668
1435,67,1502,0.10174517836586179
1438,66,1504,0.10175659442948237
1434,64,1498,0.10176043541134115
1425,65,1490,0.10177252381870218
1417,66,1483,0.10180292027244552
1421,67,1488,0.10184806036696666
1424,68,1492,0.10188067102251015
1416,65,1481,0.10190390570622977
1421,63,1484,0.10194213723336508
1419,64,1483,0.10196628640454505
1422,68,1490,0.10199233777590688
1413,66,1479,0.1020093772203576
1413,65,1478,0.10204410990798934
1405,67,1472,0.10207582881211824
1415,65,1480,0.10212238417614979
1431,66,1497,0.10214337313263946
1428,71,1499,0.10212785320444859
1420,70,1490,0.10212034301171137
1427,70,1497,0.10213053997590085
1433,69,1502,0.10212501829982354
1436,69,1505,0.10210701798233462
1426,71,1497,0.10208393532868143
1426,71,1497,0.10208459718410247
1431,73,1504,0.10208491149220306
1412,73,1485,0.10207497172613746
1415,74,1489,0.10210727303307043
1430,75,1505,0.10212993421067411
1438,72,1510,0.10211852733481556
1435,71,1506,0.1020909419923087
1438,75,1513,0.10207227066067752
1442,74,1516,0.1020487104308753
1419,72,1491,0.10201864991578663
1418,69,1487,0.10204124800148008
1426,69,1495,0.10206372830357474
1424,66,1490,0.102066760947455
1430,66,1496,0.10207385163375009
1427,67,1494,0.10206730203029547
1436,66,1502,0.10206765162799858
1441,69,1510,0.10204835363108235
1421,66,1487,0.10201998902925585
1429,63,1492,0.10203744236289132
1434,63,1497,0.10203584975529142
1418,64,1482,0.10202355515617567
1420,66,1486,0.10204694702188555
1414,69,1483,0.10206411652646619
1426,71,1497,0.10209281041621303
1424,71,1495,0.10209320755949033
1405,73,1478,0.102097829104035
1420,74,1494,0.1021435735726185
1427,74,1501,0.10215271662167924
1415,71,1486,0.10214589088842357
1410,70,1480,0.102165330201309
1429,69,1498,0.10219393113578132
1423,72,1495,0.10217920840528098
1417,73,1490,0.1021787657518156
1426,74,1500,0.10219166290473858
1423,72,1495,0.10218335529027543
1421,73,1494,0.10218161398430872
1423,76,1499,0.1021842075598136
1419,79,1498,0.10218200868230978
1414,75,1489,0.10218917924461068
1412,74,1486,0.10220680205056971
1411,71,1482,0.1022274579754979
1419,70,1489,0.10224857266505087
1406,72,1478,0.10225079633660857
1408,67,1475,0.10228074446448698
1402,65,1467,0.10230397330432138
1409,65,1474,0.10233813535484064
1405,67,1472,0.10235409781154532
1400,67,1467,0.10237717379286064
1399,67,1466,0.10240909170561129
1406,68,1474,0.10244007676392546
1414,72,1486,0.10245313622826192
1428,74,1502,0.1024477872677252
1410,72,1482,0.10241257781800207
1418,73,1491,0.10241935332047195
1415,74,1489,0.10240821384972167
1423,74,1497,0.10240357795309617
1420,75,1495,0.10238226570178613
1415,78,1493,0.1023694363987931
1424,81,1505,0.10236851995451726
1420,78,1498,0.10234879386312884
1421,78,1499,0.10233958598433666
1437,75,1512,0.10232919996966203
1430,75,1505,0.10228508289436997
1429,75,1504,0.10225955024279369
1431,75,1506,0.10223828806191161
1418,75,1493,0.10221465175009918
1412,80,1492,0.1022212288020609
1411,85,1496,0.10224031013797648
1409,86,1495,0.10225976343664132
1409,88,1497,0.10228221606664362
1403,90,1493,0.10230244842271902
1396,95,1491,0.10233421680672335
1400,95,1495,0.10237825172742684
1403,93,1496,0.10241013221492418
1401,94,1495,0.10243277338733421
1399,92,1491,0.10245767191240912
1404,92,1496,0.10248506668861346
1393,87,1480,0.1024995101031234
1396,85,1481,0.10253670003636806
1398,82,1480,0.10256350951838712
1400,82,1482,0.10258361885382525
1397,80,1477,0.10259764763448728
1397,81,1478,0.10261747008664715
1395,81,1476,0.1026344323187601
1395,80,1475,0.10265431040128296
1399,80,1479,0.10267247334306001
1398,80,1478,0.10268036367022837
1408,79,1487,0.10268967206672507
1415,80,1495,0.10267579973676373
1415,82,1497,0.10264821897305325
1418,81,1499,0.10262374781938165
1422,81,1503,0.10259498800727912
1428,79,1507,0.10255928392317658
1426,78,1504,0.10251407404018727
1430,76,1506,0.10247724870171637
1423,76,1499,0.10243517060598015
1413,79,1492,0.10241194516121281
1413,84,1497,0.10241218777812022
1411,85,1496,0.10241280181772082
1403,85,1488,0.10241748865090379
1418,86,1504,0.10243935586081453
1417,86,1503,0.10242681819080851
1419,85,1504,0.10241737056981245
1419,85,1504,0.10240465860403418
1405,86,1491,0.10239305647515161
1412,82,1494,0.10241266909773959
1410,83,1493,0.10241539348795453
1415,83,1498,0.10242250234888563
1423,81,1504,0.10241790028043873
1416,83,1499,0.10239628350451788
1418,84,1502,0.10239168317181559
1418,82,1500,0.10238279086278265
1409,86,1495,0.10237471141694059
1392,84,1476,0.1023874567112471
1406,86,1492,0.10243611991611341
1418,83,1501,0.10244988759504686
1421,82,1503,0.10243677711558118
1421,79,1500,0.10241757374962092
1416,79,1495,0.10240063946616111
1425,82,1507,0.10239614472076716
1428,83,1511,0.10237263431462958
1396,86,1482,0.10234419575025389
1411,86,1497,0.10238775284287925
1420,84,1504,0.10239542418888334
1414,82,1496,0.10238264127447862
1425,81,1506,0.10238406243434543
1426,82,1508,0.1023613367621974
1406,79,1485,0.10233858505409973
1410,80,1490,0.10236065956861876
1427,78,1505,0.10237200395255183
1428,76,1504,0.10234579045549375
1413,76,1489,0.10231978201996485
1410,80,1490,0.1023282330453251
1413,81,1494,0.10234242664148235
1406,84,1490,0.10234866633655366
1421,84,1505,0.10236944824232251
1425,83,1508,0.10235643521438754
1421,79,1500,0.10233563907293107
1423,81,1504,0.10232608278619644
1423,81,1504,0.10231292213940246
1420,81,1501,0.10230086001817586
1415,80,1495,0.10229639657362409
1417,81,1498,0.10230356140305208
1406,79,1485,0.10230597665706707
1401,82,1483,0.1023322253213399
1400,81,1481,0.10236690433991459
1405,85,1490,0.10240044789458995
1397,85,1482,0.10241959205019156
1403,87,1490,0.10245437522701652
1385,91,1476,0.10247342588151838
1373,90,1463,0.10252970947962332
1377,92,1469,0.10260741926663222
1407,92,1499,0.10266993328572127
1382,92,1474,0.10266143103594937
1379,92,1471,0.10270806574029277
1375,95,1470,0.10275706019131245
1390,93,1483,0.10281005201261052
1409,92,1501,0.1028263706087407
1395,91,1486,0.10279981623825808
1401,94,1495,0.10280636707932299
1398,93,1491,0.10279921216384952
1404,93,1497,0.10279887765536388
1394,93,1487,0.10278569016382527
1395,97,1492,0.1027958226233083
1393,98,1491,0.10280325444088963
1406,100,1506,0.10281409043314836
1394,102,1496,0.10279554590379908
1387,102,1489,0.10280519906008166
1373,102,1475,0.10282929264513534
1380,106,1486,0.10288190229417114
1355,106,1461,0.10291503879799821
1367,106,1473,0.10299937549901778
1358,108,1466,0.10305024370838428
1361,108,1469,0.10311611492755862
1373,110,1483,0.10316934295792439
1378,108,1486,0.10319201010896142
1378,108,1486,0.10320242339414804
1368,110,1478,0.10321178935880748
1372,111,1483,0.10324172855778276
1366,113,1479,0.10326073992439146
1375,115,1490,0.10329085083736946
1377,113,1490,0.10329821302362995
1379,111,1490,0.1033006938476079
1377,106,1483,0.10329834338959244
1384,105,1489,0.1033005625165738
1394,105,1499,0.10328758266878603
1382,105,1487,0.10325373712822866
1390,107,1497,0.10324908751208717
1403,103,1506,0.10322738528777328
1412,103,1515,0.10317955835276559
1405,107,1512,0.10311682201763162
1401,110,1511,0.10307541426743141
1398,111,1509,0.10304653663092637
1396,114,1510,0.10302667875506077
1400,113,1513,0.10301288404693193
1389,114,1503,0.10299188248336179
1384,115,1499,0.10299705582160384
1377,117,1494,0.10301260009170442
1375,115,1490,0.1030421797848798
1388,117,1505,0.10307372867666885
1387,118,1505,0.103073892176308
1391,120,1511,0.10307711402340063
1390,122,1512,0.10307157262685901
1382,125,1507,0.10306873201330094
1378,125,1503,0.10308427638803412
1381,125,1506,0.10310705491557162
1391,126,1517,0.10312061280445052
1389,125,1514,0.10311086209639486
1386,123,1509,0.10310634662281766
1386,123,1509,0.1031088714405179
1378,120,1498,0.10311135089032714
1369,124,1493,0.10313138112413611
1373,123,1496,0.1031693741876671
1358,128,1486,0.10319542514675956
1370,125,1495,0.1032515410242158
1362,123,1485,0.10327693570693032
1381,127,1508,0.1033176979605221
1375,128,1503,0.10331310987043281
1375,129,1504,0.10332252085039237
1366,128,1494,0.1033309049630544
1363,122,1485,0.10335840040531967
1377,123,1500,0.10339036397203541
1369,125,1494,0.10338910168217655
1374,122,1496,0.10340549527149627
1384,122,1506,0.10340966320513058
1371,125,1496,0.10339217480576711
1375,121,1496,0.10340447434130795
1365,120,1485,0.1034069878819473
1370,121,1491,0.10343129116857948
1369,122,1491,0.1034417013160131
1369,123,1492,0.1034535974233657
1391,122,1513,0.10346470474124708
1366,124,1490,0.10342709961831353
1369,123,1492,0.10344697621907774
1382,124,1506,0.10345873809582162
1380,125,1505,0.10344140134013795
1378,127,1505,0.10343013835694871
1363,129,1492,0.10342417189159717
1369,126,1495,0.10345135546558705
1370,129,1499,0.10346336882896531
1384,127,1511,0.10347237562484388
1368,128,1496,0.10344964691177794
1364,129,1493,0.10346405254518753
1371,131,1502,0.10348567836661285
1376,135,1511,0.10348997728890151
1378,136,1514,0.10348314368934652
1368,134,1502,0.10347236587973384
1367,134,1501,0.10348459913179507
1353,132,1485,0.1034981606076499
1365,136,1501,0.10354094856720858
1346,138,1484,0.10355394752559746
1351,145,1496,0.1036080037619675
1353,147,1500,0.10364603564882241
1351,151,1502,0.10367636943469856
1362,146,1508,0.10370889888029235
1364,145,1509,0.10371433822672885
1376,144,1520,0.1037144749022876
1363,143,1506,0.1036890972018557
1358,144,1502,0.10369348910012827
1362,147,1509,0.10370832200144071
1364,147,1511,0.10371344096851332
1351,147,1498,0.10371391681936505
1332,153,1485,0.1037426149493835
1335,150,1485,0.10381051015936359
1342,151,1493,0.10386616823011817
1328,152,1480,0.1039019644390324
1335,154,1489,0.1039658229516393
1329,159,1488,0.10400886875863372
1341,156,1497,0.10406217333004993
1339,164,1503,0.10408403948916092
1339,164,1503,0.10410822926021818
1337,169,1506,0.10413095954652783
1346,169,1515,0.10415586702237487
1331,167,1498,0.1041594224576863
1322,163,1485,0.10419586859122333
1310,165,1475,0.10424924554450062
1328,172,1500,0.10432403126676121
1337,172,1509,0.10435274505753357
1341,172,1513,0.10435937218014747
1326,171,1497,0.10435667350810646
1320,168,1488,0.10438690524644349
1330,173,1503,0.10442765197653327
1331,177,1508,0.10444382629773347
1338,177,1515,0.10445615394817186
1330,179,1509,0.10445255346298594
1328,181,1509,0.10446680332894445
1325,178,1503,0.10448436615433028
1323,182,1505,0.1045068392305341
1317,181,1498,0.10453224171128916
1316,182,1498,0.10456879111532766
1312,183,1495,0.1046040528346799
1304,186,1490,0.10464540326842771
1300,184,1484,0.10470053779332854
1304,185,1489,0.10476004740427576
1300,185,1485,0.10480534456013374
1299,190,1489,0.10485502909998018
1295,190,1485,0.1049028094347661
1304,189,1493,0.10495590242046898
1309,191,1500,0.10498402019946472
1304,189,1493,0.10499828107819954
1311,189,1500,0.10502194229392395
1314,188,1502,0.10502867887240612
1310,183,1493,0.10502813059391436
1312,185,1497,0.10503661668607643
1317,187,1504,0.10504051901799764
1309,195,1504,0.1050327485379777
1310,193,1503,0.10504354324527743
1315,191,1506,0.10505166192116151
1294,196,1490,0.1050480442097097
1302,199,1501,0.10509131546295038
1296,195,1491,0.10511419793917368
1299,198,1497,0.10514822271079347
1303,202,1505,0.10517251400691378
1321,199,1520,0.10518554307391029
1306,197,1503,0.1051577091954096
1296,206,1502,0.10516658273720317
1301,200,1501,0.1051972565190989
1298,195,1493,0.10521447934021821
1293,194,1487,0.10523641015069383
1286,198,1484,0.10526754521932766
1286,197,1483,0.10531111870692854
1303,201,1504,0.10535094485996722
1299,201,1500,0.10534987940463351
1294,203,1497,0.10535913478536624
1294,204,1498,0.10537778741067243
1308,201,1509,0.10539525951969615
1311,206,1517,0.10538059914687072
1302,205,1507,0.10536067697485482
1298,206,1504,0.10536297978264232
1285,209,1494,0.10537483452754223
1280,210,1490,0.10541493644204798
1288,209,1497,0.10546273477372474
1289,209,1498,0.10548841957706166
1281,215,1496,0.10550989304722179
1279,216,1495,0.10554737910736542
1274,217,1491,0.10558666538841564
1285,213,1498,0.10563281260985122
1281,214,1495,0.10565101308273324
1287,216,1503,0.10567634532253
1277,216,1493,0.10568577505247706
1265,219,1484,0.10571726021797563
1263,219,1482,0.10577222425820747
1260,221,1481,0.10582756720821142
1254,227,1481,0.10588406654198902
1249,225,1474,0.10594922386467133
1253,226,1479,0.10602081418676562
1257,222,1479,0.10607732160466225
1264,227,1491,0.10612085881133736
1268,234,1502,0.10614521920787805
1264,227,1491,0.1061575699616173
1270,221,1491,0.10617800459106867
1266,221,1487,0.10618341298365923
1276,221,1497,0.1061975717903737
1277,222,1499,0.10618798200632878
1274,218,1492,0.10617731424716917
1264,222,1486,0.10617400457956609
1266,226,1492,0.10619311917499111
1268,231,1499,0.10620697961937121
1278,223,1501,0.10621477639500783
1279,224,1503,0.10620016368717171
1285,230,1515,0.1061836303783789
1266,225,1491,0.10615504222886843
1255,226,1481,0.10617128906909269
1252,231,1483,0.10621208051764458
1246,238,1484,0.1062558505358729
1243,231,1474,0.10630909959036966
1236,239,1475,0.10636441519152343
1222,237,1459,0.10643102448221022
1231,241,1472,0.10652352408315252
1244,242,1486,0.10658848963875643
1238,240,1478,0.10661874521342693
1240,238,1478,0.10666048303203471
1250,242,1492,0.10669449880340422
1264,239,1503,0.1067028853678422
1260,243,1503,0.10667950741691597
1255,251,1506,0.10666811689290444
1253,252,1505,0.10666921016364508
1246,249,1495,0.10667578826528043
1256,249,1505,0.10669697527180375
1253,252,1505,0.1066938725739669
1254,250,1504,0.10669786756400385
1244,253,1497,0.1066996344462381
1231,253,1484,0.10672353375553488
1224,252,1476,0.10677443489480548
1239,245,1484,0.10683771789528056
1241,251,1492,0.10686123755152593
1243,254,1497,0.10687737401811742
1240,251,1491,0.10688700984393808
1250,253,1503,0.10690299508313221
1239,255,1494,0.10689424499583336
1237,263,1500,0.1069106122763047
1235,262,1497,0.10693071127061927
1230,265,1495,0.10695426695035774
1236,265,1501,0.10698628638686167
1240,266,1506,0.10700219199139102
1234,264,1498,0.10700707827187995
1232,266,1498,0.10702580265736003
1234,268,1502,0.10704763179031106
1228,273,1501,0.10706177550187768
1239,275,1514,0.10708941300021088
1243,270,1513,0.10709027552908754
1246,264,1510,0.1070816996810952
1230,268,1498,0.10706746944707415
1226,268,1494,0.10709043760768924
1226,270,1496,0.10712075440223907
1217,272,1489,0.10714894056488788
1222,271,1493,0.1071941279639654
1217,271,1488,0.10722539682223572
1224,277,1501,0.10726606454430651
1219,270,1489,0.10728615670154759
1217,273,1490,0.10731569800103954
1215,275,1490,0.10734712573423114
1210,275,1485,0.10738039870053676
1215,273,1488,0.10742449209432253
1218,269,1487,0.10745364260401892
1223,269,1492,0.10747296576108345
1216,274,1490,0.10747915117083867
1225,277,1502,0.10750184804816978
1214,272,1486,0.10750225978097952
1215,277,1492,0.10752729947564937
1207,276,1483,0.1075478907911354
1214,279,1493,0.10758425127803925
1215,284,1499,0.10760302002240454
1208,288,1496,0.10761836846601003
1213,289,1502,0.10764893636924917
1220,291,1511,0.10766564845207043
1205,284,1489,0.10766544626137602
1194,290,1484,0.1076990284591405
1190,292,1482,0.10775449558235288
1202,289,1491,0.10781425086759139
1207,295,1502,0.1078428849985141
1212,292,1504,0.10785733434945265
1210,295,1505,0.10786011333743283
1214,295,1509,0.10786663002282365
1216,295,1511,0.10786335919594876
1205,292,1497,0.10785667050895384
1195,299,1494,0.10787725980182267
1190,303,1493,0.10791784782121101
1191,303,1494,0.10796738751127652
1196,309,1505,0.1080096703253925
1190,300,1490,0.10803668095153221
1200,303,1503,0.10807592485998088
1191,312,1503,0.10808920679110984
1190,309,1499,0.10812329707457578
1186,314,1500,0.10815698456440417
1179,317,1496,0.10819720382797043
1175,320,1495,0.10825054922026783
1167,318,1485,0.10830847476130177
1180,318,1498,0.1083796162787457
1175,323,1498,0.10841558212598709
1157,330,1487,0.10846024379359033
1170,333,1503,0.10854129274141877
1168,332,1500,0.10858549743153585
1162,333,1495,0.108632156369214
1162,336,1498,0.10868916493258621
1164,329,1493,0.10874135926135427
1181,332,1513,0.10878369335310012
1169,333,1502,0.10878508478957798
1164,328,1492,0.10881291914018344
1163,329,1492,0.10885129785889332
1165,340,1505,0.10888791692488052
1161,334,1495,0.10891698668353625
1154,340,1494,0.10895281309676401
1156,348,1504,0.10900105155602297
1156,345,1501,0.10904205221137524
1148,346,1494,0.1090799360245109
1136,341,1477,0.10913304094204801
1141,348,1489,0.10921050181103141
1145,353,1498,0.10927117462291999
1149,354,1503,0.1093187776341275
1151,357,1508,0.10935312040154326
1141,365,1506,0.10938113248248342
1141,360,1501,0.10942984861484312
1148,357,1505,0.10947410427062501
1151,360,1511,0.10949989611580362
1146,365,1511,0.10951752996992038
1143,357,1500,0.10954574225622336
1130,359,1489,0.10957841136865984
1135,366,1501,0.10963815245285097
1137,365,1502,0.10968214534665055
1135,368,1503,0.1097191495664177
1133,368,1501,0.10975711340046569
1128,374,1502,0.10979778900618896
1112,374,1486,0.10984615278087602
1125,378,1503,0.10992828414961106
1123,380,1503,0.10997404015738876
1137,383,1520,0.11002114544048272
1117,387,1504,0.11003382032770427
1112,387,1499,0.11009309837027978
1102,391,1493,0.11015827171706138
1104,397,1501,0.11024185406842035
1099,403,1502,0.11031303667755868
1096,402,1498,0.11038979789834447
1086,405,1491,0.1104680414284011
1083,405,1488,0.11056243890071414
1087,413,1500,0.11065725490868866
1083,414,1497,0.11073610154666276
1075,404,1479,0.11081787106227647
1083,401,1484,0.11091266507379453
1075,402,1477,0.1109804341181384
1076,396,1472,0.11106059712631673
1089,400,1489,0.11113247296149834
1092,402,1494,0.11116853992825682
1091,402,1493,0.11119448051103469
1092,400,1492,0.11121991102362695
1094,403,1497,0.11124124377429354
1097,396,1493,0.11125574968234211
1093,394,1487,0.11126280154814522
1102,399,1501,0.11127873161063767
1104,395,1499,0.11127235032010113
1098,400,1498,0.11126140894886567
1098,395,1493,0.11126551481879038
1100,392,1492,0.11126941232511152
1090,400,1490,0.11126779582298475
1094,398,1492,0.11128857339359817
1100,400,1500,0.11129784085876974
1096,398,1494,0.11129237124705423
1096,396,1492,0.11129472089763023
1098,398,1496,0.11129580136743521
1106,392,1498,0.11129094015020949
1107,390,1497,0.11126807608343536
1104,394,1498,0.11124515891940323
1095,396,1491,0.11123137866331215
1100,399,1499,0.11123949321609768
1099,414,1513,0.11123504790069035
1089,412,1501,0.11123467007021944
1087,407,1494,0.11125879078860107
1078,410,1488,0.11128593036195392
1080,406,1486,0.11133006585728847
1078,411,1489,0.11136500246540397
1073,415,1488,0.11140117349057263
1075,410,1485,0.11144615149867258
1079,412,1491,0.11148241841476933
1082,423,1505,0.1115071465846897
1080,415,1495,0.11152365944878123
1082,411,1493,0.11154381249464539
1083,414,1497,0.11155628562091813
1086,423,1509,0.11156598266670346
1071,421,1492,0.11156803539026038
1073,422,1495,0.11160501337626147
1075,424,1499,0.11163346313764741
1065,432,1497,0.11165648056592208
1064,435,1499,0.11170212815992121
1062,445,1507,0.1117480447142498
1066,446,1512,0.11179429996102509
1071,446,1517,0.1118295194257952
1081,449,1530,0.11184954491362513
1084,445,1529,0.1118455860326154
1066,442,1508,0.11183431975139722
1057,448,1505,0.11186590634647672
1054,453,1507,0.11191598479300907
1043,448,1491,0.11196904093201553
1041,443,1484,0.11204322559952011
1035,451,1486,0.1121155314648969
1058,447,1505,0.11219697056698644
1059,449,1508,0.11221937227401996
1062,445,1507,0.11223741627469305
1061,443,1504,0.11224623115476237
1067,442,1509,0.11225694404440065
1079,440,1519,0.11225274827482565
1069,444,1513,0.11222110009683313
1057,439,1496,0.11221573565277698
1063,432,1495,0.11223894362897884
1056,436,1492,0.11224727528865319
1058,444,1502,0.11227153606474305
1065,447,1512,0.11228908240068712
1070,444,1514,0.11228869440434747
1073,443,1516,0.11227563692521728
1083,443,1526,0.11225735983482878
1082,443,1525,0.1122167717375612
1082,445,1527,0.11218173988658997
1079,448,1527,0.11215095956872266
1070,450,1520,0.11212902756427923
1053,448,1501,0.11213006720376892
1050,447,1497,0.11216923331373276
1050,446,1496,0.11221368835102502
1049,445,1494,0.11225501333286995
1057,456,1513,0.11229501464249964
1061,451,1512,0.1123142607011712
1061,457,1518,0.1123232531885046
1057,447,1504,0.11233123825498811
1051,451,1502,0.11234853988748018
1041,448,1489,0.11237754728254881
1045,451,1496,0.11242699279940684
1041,455,1496,0.11246323024873484
1046,455,1501,0.1125064737171551
1044,456,1500,0.11253381068472415
1040,459,1499,0.11256301042663594
1034,468,1502,0.11259908485544665
1037,464,1501,0.11264577239010352
1029,466,1495,0.11268204381365976
1029,467,1496,0.11273375456949541
1029,462,1491,0.11278199798270414
1025,477,1502,0.11282598242082492
1040,479,1519,0.11287691093075904
1027,474,1501,0.11288956231023814
1034,474,1508,0.11293201431737816
1040,472,1512,0.11295563194506791
1026,477,1503,0.11296277715303152
1039,479,1518,0.11300214684021567
1043,475,1518,0.11300764068739029
1033,484,1517,0.1130023181131404
1023,480,1503,0.11302235350100683
1028,483,1511,0.11306491869925778
1029,483,1512,0.11309357030545801
1031,487,1518,0.11311667284246792
1025,490,1515,0.11313361513660833
1018,487,1505,0.11316306236831739
1014,492,1506,0.11320736600042
1007,492,1499,0.11325752282597389
1002,493,1495,0.11331980016954088
1002,497,1499,0.11338969395568736
1012,501,1513,0.11345576753927634
1009,499,1508,0.11349368885015
1010,503,1513,0.11353574679929947
1003,492,1495,0.11357013128637707
995,498,1493,0.1136191888297715
1008,498,1506,0.1136827294859539
1013,502,1515,0.11371102664292473
1013,503,1516,0.11372453212482997
1015,498,1513,0.113737833379732
1015,494,1509,0.11374585440465575
1017,495,1512,0.11375279699872641
1004,499,1503,0.11375565248539264
998,499,1497,0.11378831097919542
1005,505,1510,0.11383368908304856
1002,516,1518,0.11385936814439136
989,516,1505,0.11389123639969972
987,516,1503,0.11394965290680688
988,513,1501,0.11400811419849947
984,515,1499,0.1140594125428324
978,526,1504,0.11411556880879344
972,526,1498,0.11418144547752591
983,519,1502,0.11425558604098436
983,530,1513,0.11429819336784966
970,526,1496,0.11433938699707018
980,541,1521,0.11440820997702111
978,537,1515,0.11444757723579567
967,528,1495,0.114487308100923
974,533,1507,0.11454923025032623
982,518,1500,0.11459207996133404
978,515,1493,0.1146089211051216
974,515,1489,0.11463487336631119
973,524,1497,0.11466884392530413
964,522,1486,0.11470409183051376
960,522,1482,0.11475773123847854
967,525,1492,0.11481683290461038
955,523,1478,0.1148553397682843
964,522,1486,0.11491885458751888
966,524,1490,0.1149561506869724
969,526,1495,0.11498556626379174
968,531,1499,0.11500752865149196
977,529,1506,0.115031198362584
973,524,1497,0.11502987400932362
966,530,1496,0.11503850579498702
966,531,1497,0.11506355744963245
973,533,1506,0.11508505238526931
980,526,1506,0.11508902421646638
961,525,1486,0.1150764263015347
972,530,1502,0.11511002748104161
966,531,1497,0.11511429079644313
956,543,1499,0.11513443463136067
963,537,1500,0.11517535706093611
966,541,1507,0.11519811735323099
954,546,1500,0.11521135443844405
961,545,1506,0.11525257453335765
967,548,1515,0.11527340056445723
968,543,1511,0.11527925994147502
972,546,1518,0.11528176649687814
976,549,1525,0.11527479569956263
979,545,1524,0.11525904269725579
969,535,1504,0.11523687515573604
964,533,1497,0.11524042690417334
951,538,1489,0.11525407343834694
963,532,1495,0.115296889284429
958,537,1495,0.11530898603281868
948,538,1486,0.1153322079739614
960,540,1500,0.1153784190378947
964,533,1497,0.11539169785752765
970,539,1509,0.11539467440315279
976,545,1521,0.11538427874546046
971,546,1517,0.11536059661151177
962,550,1512,0.11535172597712075
965,547,1512,0.11536676433447565
967,548,1515,0.11537377675080919
975,552,1527,0.11537583545275613
964,549,1513,0.1153565867226644
965,550,1515,0.11536441855970268
966,552,1518,0.11537173044385622
961,553,1514,0.1153756003641987
958,560,1518,0.11539209549565205
954,562,1516,0.11541569564133869
955,565,1520,0.11544703575554487
948,570,1518,0.11547409076439308
955,558,1513,0.11551599222804242
955,561,1516,0.11553882811024133
950,561,1511,0.11556034524483262
938,561,1499,0.11559395805436022
940,568,1508,0.11565347388712151
941,568,1509,0.11570491494509622
942,574,1516,0.11575026270981922
944,572,1516,0.11579103294074086
942,569,1511,0.11582464985559023
930,564,1494,0.11586143078174381
930,557,1487,0.11592316785896443
930,563,1493,0.11598028818915716
932,565,1497,0.11603215976312367
919,563,1482,0.11607597025930413
919,573,1492,0.11614698498504433
909,571,1480,0.1162116946309389
925,564,1489,0.11629474653478489
918,568,1486,0.11633238041336184
929,562,1491,0.1163838410783017
935,567,1502,0.1164046479843433
935,574,1509,0.11641177678733555
933,573,1506,0.11641980224158029
924,584,1508,0.11643264990899116
924,586,1510,0.11646621109107957
923,579,1502,0.1164984627240118
919,580,1499,0.11653037540446314
919,584,1503,0.11656757255845485
917,587,1504,0.11660247216216643
924,595,1519,0.11663990733686556
925,589,1514,0.11665666436477727
915,586,1501,0.11666840711927541
914,584,1498,0.11670280978070995
901,581,1482,0.11673677448105461
908,575,1483,0.11679980497871956
911,571,1482,0.11684358997138994
924,575,1499,0.11687510416893516
922,590,1512,0.1168737375870659
932,594,1526,0.11687661449081137
933,587,1520,0.1168545965666894
927,586,1513,0.11683315611507161
924,593,1517,0.11683010149094133
909,594,1503,0.1168342912228351
909,596,1505,0.11687671296345649
900,597,1497,0.11691452165507268
897,596,1493,0.11696867017824668
907,591,1498,0.11702653779029908
917,587,1504,0.11705655703784971
917,593,1510,0.11706197289232836
909,596,1505,0.1170648248902857
902,593,1495,0.11708685056380448
911,595,1506,0.11712328373686208
911,594,1505,0.1171356064326797
900,594,1494,0.11714521409413621
900,603,1503,0.11718099187689258
890,607,1497,0.11721628270268038
890,604,1494,0.11727326226053028
887,612,1499,0.11732428942958836
891,613,1504,0.11738046983988049
890,622,1512,0.11742317333117366
896,619,1515,0.11746475242324812
891,616,1507,0.117489561663686
881,610,1491,0.11752489693010691
883,613,1496,0.11758280500043862
888,618,1506,0.11763241524443332
881,626,1507,0.1176681515692566
877,625,1502,0.11771712786109731
890,621,1511,0.11777151423330601
887,618,1505,0.11778952621271468
885,617,1502,0.11781302521543109
883,618,1501,0.11784022953707289
879,622,1501,0.11787188335016958
874,624,1498,0.11791110499532252
862,637,1499,0.11795971057502908
882,634,1516,0.1180341579051911
873,630,1503,0.11805538716530357
878,640,1518,0.11809430922127533
880,642,1522,0.11811958635012751
877,631,1508,0.11813744963020557
878,632,1510,0.11816354201156447
865,636,1501,0.11818599958476766
851,645,1496,0.11823787129949553
842,645,1487,0.11832095097243485
836,637,1473,0.11841889372874106
834,642,1476,0.11852533756004556
828,652,1480,0.11862899097637541
836,654,1490,0.11874044535874692
833,658,1491,0.1188230412042882
836,657,1493,0.11890717581713561
834,670,1504,0.11897906116774128
827,667,1494,0.1190522900350103
835,673,1508,0.11913829287956325
826,668,1494,0.11919940522829384
824,676,1500,0.11927742022072366
823,676,1499,0.11935684071763468
825,681,1506,0.1194329782625329
820,678,1498,0.11949789704558128
827,680,1507,0.11956969384522241
821,675,1496,0.11962027865035357
819,680,1499,0.11968060364168125
817,673,1490,0.11974116834131956
816,677,1493,0.11980301427403164
813,682,1495,0.11986494357747578
816,683,1499,0.11993069020997627
815,687,1502,0.11998499575847514
813,692,1505,0.12003688001089398
808,695,1503,0.12009010904938354
799,703,1502,0.1201515313754042
799,710,1509,0.12022967748815379
804,703,1507,0.1203020749973717
806,705,1511,0.120356557582261
800,711,1511,0.12040200666414545
793,713,1506,0.12045833762993301
794,698,1492,0.12052643813945192
794,695,1489,0.12058718410870138
797,701,1498,0.12064266787935544
793,700,1493,0.12068708288304585
788,709,1497,0.12073842291499659
795,708,1503,0.12079788434524052
791,706,1497,0.12083577965592529
788,707,1495,0.12088065299627697
785,707,1492,0.12092903236797405
786,707,1493,0.1209811724345665
795,715,1510,0.12102660166337742
801,711,1512,0.12104298057857447
802,706,1508,0.12104372397922333
807,707,1514,0.1210406208579057
815,711,1526,0.12102750639283866
813,706,1519,0.12099539087152379
808,717,1525,0.1209709145186843
806,713,1519,0.1209599839937636
807,709,1516,0.1209548862193497
799,716,1515,0.12094653383180003
800,720,1520,0.12095796371449788
801,721,1522,0.12096624994244501
802,720,1522,0.12097076517245922
798,717,1515,0.12097420761857461
798,720,1518,0.12098811269067435
800,726,1526,0.1210010002752592
790,720,1510,0.12100872493589161
777,728,1505,0.12103868350367755
782,717,1499,0.12109784335685717
783,722,1505,0.12114174023924974
783,727,1510,0.12117912939737233
787,725,1512,0.12121487875263462
790,718,1508,0.12123836988735587
795,712,1507,0.12125436369181697
790,719,1509,0.12125688716633459
784,725,1509,0.12127122970821169
783,726,1509,0.12130184920590771
779,724,1503,0.12133258972266962
784,730,1514,0.12137038559744902
766,715,1481,0.12139337003857527
773,719,1492,0.1214575733762074
772,732,1504,0.12150132111643604
771,740,1511,0.12154364914909795
769,739,1508,0.12158638472800665
760,744,1504,0.1216302824879449
767,736,1503,0.12169394487579406
764,742,1506,0.12173457023051522
760,744,1504,0.12177767586849277
763,735,1498,0.12182781161519259
754,739,1493,0.12186712484241091
753,744,1497,0.1219267088313179
758,752,1510,0.12198407164583358
760,742,1502,0.12202567117934994
754,752,1506,0.12206116766336858
752,758,1510,0.12210887610888488
752,755,1507,0.12215683965025825
748,759,1507,0.12220170836966524
750,760,1510,0.12225327344752515
747,755,1502,0.12229663373672794
749,760,1509,0.12234569125215657
743,758,1501,0.12238687619921614
736,764,1500,0.12243927441089192
738,765,1503,0.12250379732364448
727,772,1499,0.12255885187500155
725,767,1492,0.12263743909069437
720,771,1491,0.12271537130654529
728,778,1506,0.12279941586036112
736,778,1514,0.12285879475374915
733,775,1508,0.12289574669896176
725,770,1495,0.12293701355281446
724,775,1499,0.12299692762416466
730,777,1507,0.12305697261598819
731,777,1508,0.12309680841647921
730,768,1498,0.12312889930878262
733,769,1502,0.12316125512971299
735,763,1498,0.12318442166281869
729,774,1503,0.12320157213276868
726,791,1517,0.12323368444492189
715,793,1508,0.12327180167221073
716,781,1497,0.12333720214022462
718,784,1502,0.12339388209628752
710,795,1505,0.1234394760488616
704,798,1502,0.12350205297122091
706,795,1501,0.12357840023164784
704,802,1506,0.12364513227483119
705,811,1516,0.12371125403442146
705,810,1515,0.12377007313643247
700,813,1513,0.12382551971796882
700,814,1514,0.12388883743208864
691,819,1510,0.12394913376415484
692,816,1508,0.12402819881616459
694,822,1516,0.12410004716527051
689,812,1501,0.124162296861597
676,808,1484,0.12423213399840773
680,809,1489,0.12432944303315971
671,817,1488,0.1244092089360537
665,815,1480,0.1245055036839191
672,829,1501,0.1246109434932035
672,829,1501,0.12469083491888977
667,829,1496,0.12476392823321097
674,823,1497,0.12484534418794369
673,820,1493,0.12490254820030938
676,833,1509,0.12496036452589805
674,833,1507,0.12500693321360726
673,835,1508,0.12505488538744383
676,826,1502,0.12510303189498637
668,836,1504,0.1251421478082392
667,844,1511,0.12520010604888654
665,841,1506,0.1252575191271444
661,852,1513,0.1253172974293371
658,861,1519,0.12538317717622424
654,862,1516,0.1254526470711129
658,864,1522,0.12552782055307815
658,852,1510,0.12558821924760902
652,852,1504,0.12564369452002574
656,855,1511,0.1257099109854229
649,855,1504,0.1257614142332965
646,861,1507,0.12583053380351114
645,872,1517,0.12590101789663535
652,851,1503,0.1259703834832673
660,861,1521,0.12601808739852907
662,859,1521,0.12604145162050456
653,863,1516,0.1260580504339852
652,850,1502,0.1260970688042562
655,862,1517,0.12613610546736648
656,859,1515,0.12616360002499044
657,859,1516,0.12618620433880315
654,861,1515,0.12620490514639357
639,865,1504,0.1262289698202709
642,864,1506,0.12628999853880482
648,867,1515,0.12634030420547757
649,861,1510,0.12637405180943165
649,869,1518,0.12640356840257402
645,868,1513,0.12643054523831235
645,866,1511,0.12646660031577667
648,869,1517,0.1264996990894751
647,870,1517,0.12652263198534539
640,866,1506,0.12654956006049495
642,881,1523,0.1265916577614764
634,878,1512,0.12662758223079787
634,879,1513,0.12668065874084905
625,869,1494,0.1267285722982838
632,868,1500,0.12679532983208486
634,868,1502,0.12683917479258103
640,869,1509,0.12687536642537364
646,876,1522,0.12689647423787256
650,870,1520,0.12689888875005853
651,859,1510,0.1268919316289337
646,853,1499,0.12688373193184913
642,862,1504,0.1268879415642871
641,866,1507,0.12690030408646374
640,861,1501,0.1269150552916244
641,851,1492,0.12693022710939147
640,863,1503,0.12694244239709576
643,848,1491,0.12695557247857503
643,869,1512,0.12696036151564513
635,862,1497,0.12696636321304244
627,869,1496,0.1269934600873732
624,875,1499,0.12703856760710203
626,872,1498,0.1270875994954589
621,872,1493,0.1271266172054375
625,869,1494,0.12717488791656692
620,871,1491,0.12720832889990766
623,866,1489,0.12724996475836994
611,866,1477,0.12728142634802983
610,869,1479,0.12734181507207432
607,884,1491,0.12739897858613247
608,902,1510,0.12745876224623745
601,901,1502,0.12751395904119028
599,901,1500,0.1275838246506833
603,901,1504,0.12765480183561298
607,898,1505,0.12771193731647743
606,907,1513,0.12775572697914195
611,902,1513,0.12780004572132433
603,909,1512,0.12782739134956342
606,899,1505,0.12787086364198555
608,903,1511,0.12790330413206405
606,898,1504,0.127930910623104
609,901,1510,0.12796247231547855
611,899,1510,0.1279835595702141
611,892,1503,0.12799792019184525
614,894,1508,0.12801075462873548
613,894,1507,0.1280166702487276
611,906,1517,0.12802590631813077
602,907,1509,0.12804071560156827
597,911,1508,0.1280765559654861
597,910,1507,0.1281245265579183
591,915,1506,0.12816811855228202
596,906,1502,0.12822544681448478
595,908,1503,0.12826399164412655
596,922,1518,0.1283024100974076
588,933,1521,0.12833374029532965
587,938,1525,0.12838415874694276
585,940,1525,0.12843313165387696
586,942,1528,0.1284840101162362
576,931,1507,0.12852779068602033
569,921,1490,0.12859234866125896
576,913,1489,0.1286700433692952
581,909,1490,0.1287233081238045
582,911,1493,0.1287598860297505
577,908,1485,0.12879172899313837
579,909,1488,0.12883422839999956
589,920,1509,0.12886785604947776
582,922,1504,0.1288748377663672
582,924,1506,0.12890095861695028
581,932,1513,0.12892462050477418
584,935,1519,0.1289487855615724
573,940,1513,0.12896553077786574
564,946,1510,0.12901127213710362
563,946,1509,0.1290747558254601
561,952,1513,0.1291359566744784
556,945,1501,0.12919808187167475
560,943,1503,0.1292685378345639
563,946,1509,0.12932387988172386
559,943,1502,0.12936940732477467
560,940,1500,0.12942201416295276
553,947,1500,0.12946822067779898
550,953,1503,0.12953134990170212
550,966,1516,0.1295982639498677
553,963,1516,0.1296620759758026
550,961,1511,0.12971555839840454
550,971,1521,0.1297709838287776
548,964,1512,0.12982324712612753
549,965,1514,0.12987781524462647
544,962,1506,0.12992608639011283
547,958,1505,0.12998631671178246
536,965,1501,0.1300344023086783
542,968,1510,0.13010633203728109
541,971,1512,0.13015869346957165
525,972,1497,0.1302103675495
517,977,1494,0.1302996770283763
514,979,1493,0.13040247666229324
525,989,1514,0.1305062419430933
529,987,1516,0.1305742663423805
520,984,1504,0.130626879635946
526,983,1509,0.13069972032874688
529,980,1509,0.13075151411808722
528,985,1513,0.1307930643816657
529,992,1521,0.13083506927672897
529,990,1519,0.13087072395158508
529,989,1518,0.13090274576244124
528,987,1515,0.1309329371788506
529,984,1513,0.1309645817097331
525,992,1517,0.13099214939035875
524,990,1514,0.13102878320557257
524,986,1510,0.1310654891698491
521,977,1498,0.13110126869790317
520,984,1504,0.13114294850951086
525,992,1517,0.13118491461101736
517,992,1509,0.13121019994202393
515,982,1497,0.13125577754606227
508,990,1498,0.13130283465363982
505,997,1502,0.1313652287990226
517,997,1514,0.13143037314663822
519,987,1506,0.13145861724777494
521,989,1510,0.13147985874819315
525,991,1516,0.13149498154603317
514,998,1512,0.13149698697913167
513,992,1505,0.1315280252856062
516,994,1510,0.131559189655297
511,982,1493,0.1315813813144199
510,983,1493,0.13161787922651835
516,989,1505,0.1316552972397095
511,991,1502,0.13167264058659492
503,989,1492,0.1317015281687745
496,998,1494,0.13174828438069208
505,993,1498,0.13180775009160375
512,997,1509,0.13183760206186515
505,1002,1507,0.1318481827096242
506,1015,1521,0.13187559683247874
508,996,1504,0.13189932444865804
502,999,1501,0.1319160050862903
508,997,1505,0.1319469731460637
503,989,1492,0.13195944402541251
493,997,1490,0.13198510752731227
499,1009,1508,0.1320371887720392
496,1010,1506,0.13207207297024354
502,1008,1510,0.13211393270867075
494,995,1489,0.1321380747367613
495,1005,1500,0.1321805847453513
494,1015,1509,0.1322182970341275
495,1006,1501,0.13225734329979352
493,1006,1499,0.1322907379427215
489,1008,1497,0.13232712867653923
490,1007,1497,0.1323703499330244
496,1018,1514,0.13240770883298536
501,1013,1514,0.13242563778129995
501,1014,1515,0.13243102203907756
501,1015,1516,0.13243658711295436
501,1019,1520,0.1324427429518636
505,1010,1515,0.1324486531378896
502,1011,1513,0.1324438679572475
504,1016,1520,0.13244588651116046
495,1025,1520,0.13244284745462062
492,1027,1519,0.13246475506177646
488,1025,1513,0.13249277856016398
490,1026,1516,0.13253094614220098
488,1025,1513,0.13256251590105086
483,1025,1508,0.13259715371436276
480,1013,1493,0.1326433196490365
481,1030,1511,0.1326931062410333
479,1033,1512,0.1327375966530887
486,1014,1500,0.13278153024003797
481,1022,1503,0.1328061102062937
484,1026,1510,0.1328430686400449
486,1028,1514,0.13287172995430577
491,1034,1525,0.1328925806227206
496,1028,1524,0.13290072089163008
491,1018,1509,0.13289436859552886
482,1024,1506,0.132901388740503
482,1028,1510,0.13293026783628753
474,1033,1507,0.13295944339717955
468,1047,1515,0.13300705767316862
471,1039,1510,0.13306600849972466
466,1042,1508,0.1331115661669542
468,1036,1504,0.13316630786993233
467,1035,1502,0.13321080390878112
471,1042,1513,0.1332563473687384
472,1033,1505,0.13328977251705706
470,1039,1509,0.13331781297911185
469,1039,1508,0.13334968163077357
464,1049,1513,0.13338247488302782
457,1051,1508,0.13342641482458656
458,1053,1511,0.13348561104516019
459,1065,1524,0.13353832177513084
461,1066,1527,0.1335840993325271
460,1065,1525,0.1336227865490792
445,1058,1503,0.13366227474304176
448,1057,1505,0.13373771339414683
444,1067,1511,0.13379812158920099
444,1065,1509,0.13386415363560458
443,1064,1507,0.1339254983031847
447,1057,1504,0.13398543106276112
446,1066,1512,0.13402956869784893
446,1066,1512,0.13407436348065188
437,1071,1508,0.1341154352424339
436,1068,1504,0.13417667079678802
435,1084,1519,0.13423577126606412
434,1087,1521,0.1342916774355295
432,1082,1514,0.1343480030623235
433,1085,1518,0.13440671296915155
437,1076,1513,0.13445736188990232
436,1080,1516,0.13449426765105307
426,1086,1512,0.13453051144650305
424,1085,1509,0.13459179016424108
429,1092,1521,0.13465586196664414
428,1095,1523,0.13470292519089339
420,1096,1516,0.13474931092221762
417,1096,1513,0.134810533741994
419,1092,1511,0.13487520289875612
416,1091,1507,0.1349289846394001
416,1095,1511,0.13498686085147826
414,1101,1515,0.1350397812361179
415,1108,1523,0.1350966804048412
408,1119,1527,0.1351481557166092
407,1123,1530,0.13521350718624103
400,1112,1512,0.13527657422645462
400,1112,1512,0.13535262634925344
389,1113,1502,0.13542252453595538
392,1127,1519,0.13551700228369523
394,1116,1510,0.13559761938356543
393,1115,1508,0.13566643117732355
392,1113,1505,0.13573453229355134
392,1119,1511,0.1358019010484631
387,1125,1512,0.1358637978643083
384,1137,1521,0.13593442488085822
381,1133,1514,0.1360089844935407
378,1135,1513,0.13608487876902195
376,1130,1506,0.13616320069781274
384,1119,1503,0.13624216088162208
386,1135,1521,0.13629448092509083
377,1131,1508,0.1363369150303766
376,1122,1498,0.13640080524645573
380,1133,1513,0.13646333463269525
381,1142,1523,0.13651011127927806
378,1136,1514,0.13655072540010185
380,1142,1522,0.1365954344707528
374,1136,1510,0.13663171759572226
371,1146,1517,0.13668185774420344
371,1148,1519,0.1367376702894488
370,1149,1519,0.13678987904614245
368,1144,1512,0.13684209219587704
369,1162,1531,0.13689550566666628
362,1149,1511,0.1369420951661384
358,1146,1504,0.13700319414509798
356,1152,1508,0.13706847405264558
363,1146,1509,0.13713317256136956
361,1137,1498,0.13717481010809643
358,1142,1500,0.13721941529435866
361,1152,1513,0.13726831180887994
361,1154,1515,0.13730428933061656
357,1155,1512,0.13733820578784534
358,1148,1506,0.13737879955627386
359,1152,1511,0.1374150146767365
360,1147,1507,0.1374478930675097
361,1148,1509,0.13747620064582397
366,1147,1513,0.1375003262642703
365,1144,1509,0.13750812454997718
370,1136,1506,0.1375178561789317
367,1142,1509,0.1375130413418294
367,1144,1511,0.1375173373796794
369,1146,1515,0.13752335763272483
371,1149,1520,0.1375242192953025
371,1150,1521,0.13752029868761173
373,1145,1518,0.13751611372601658
377,1131,1508,0.13750736537102115
383,1133,1516,0.13748853668294064
384,1130,1514,0.13745436850964354
382,1129,1511,0.13741936336271693
382,1124,1506,0.13739086954520963
380,1121,1501,0.13736431948504277
383,1124,1507,0.13734530847577825
385,1126,1511,0.13732058862566626
388,1123,1511,0.13729320090160002
375,1136,1511,0.13725862284915533
374,1135,1509,0.13726076909797422
374,1124,1498,0.13726570906599517
373,1122,1495,0.13726991726921892
366,1134,1500,0.13727652834295503
363,1136,1499,0.13730205271434523
355,1140,1495,0.13733324247082776
355,1148,1503,0.13738352444356686
353,1158,1511,0.13742845221973404
358,1152,1510,0.137476931421965
355,1150,1505,0.13751039304494175
361,1164,1525,0.13754915045250166
362,1167,1529,0.13756922919047024
369,1175,1544,0.1375848659831073
363,1162,1525,0.13758166456564513
356,1156,1512,0.13759458790342535
356,1150,1506,0.13762643275171335
350,1156,1506,0.1376555762921621
356,1167,1523,0.13769992192739447
352,1159,1511,0.13772598126733013
346,1177,1523,0.1377606698812729
343,1180,1523,0.13780862303196104
339,1182,1521,0.137860868926829
343,1183,1526,0.13792001211225052
342,1177,1519,0.1379649892914413
341,1183,1524,0.13801111676812053
342,1193,1535,0.13805752244420208
342,1184,1526,0.13809717329117963
342,1173,1515,0.1381339355683705
341,1165,1506,0.13816970358831981
343,1167,1510,0.13820619087414485
345,1158,1503,0.1382344057931875
349,1160,1509,0.1382564909341929
351,1155,1506,0.13826596007074926
347,1153,1500,0.13827112920129256
346,1137,1483,0.13828680236773963
342,1141,1483,0.1383044467963221
349,1144,1493,0.13833025297428203
349,1164,1513,0.13833612235659687
347,1171,1518,0.13834334548383637
348,1169,1517,0.13835699828740156
349,1179,1528,0.13836559173030347
351,1168,1519,0.138370681895699
347,1175,1522,0.13837160716083635
344,1164,1508,0.13838277325946208
346,1176,1522,0.13840049550989125
339,1176,1515,0.13841090508180048
343,1185,1528,0.13844053369437417
346,1187,1533,0.1384585219823442
344,1186,1530,0.1384676213089907
338,1178,1516,0.1384825935278708
342,1184,1526,0.1385129108846408
342,1181,1523,0.13853046039438247
340,1186,1526,0.1385458760501973
337,1179,1516,0.1385667573214003
322,1180,1502,0.1385947546298115
316,1180,1496,0.13866054494799684
321,1185,1506,0.13873812443398262
311,1191,1502,0.13879749605188554
310,1197,1507,0.13888064124828195
304,1204,1508,0.13896251687411715
305,1206,1511,0.1390545914037746
305,1212,1517,0.13913684293232445
304,1202,1506,0.1392130447423855
301,1207,1508,0.1392846046779093
301,1210,1511,0.13935776639999845
300,1211,1511,0.13942687323988323
296,1206,1502,0.13949473020608333
296,1199,1495,0.13956954780809558
297,1197,1494,0.13963990787858802
296,1202,1498,0.13970437170408753
286,1193,1479,0.13976802136734465
289,1199,1488,0.13985290957027743
293,1218,1511,0.13992440133371079
296,1226,1522,0.13998066881793358
297,1228,1525,0.14002422175167653
292,1227,1519,0.14006094946309727
299,1222,1521,0.14010941297601842
295,1217,1512,0.14013604435657936
292,1215,1507,0.1401714378987629
293,1217,1510,0.14021270152454007
286,1216,1502,0.14024959855322383
279,1219,1498,0.14030354937999623
278,1224,1502,0.14037308169127738
283,1230,1513,0.1404410469479305
278,1230,1508,0.1404907390565163
279,1227,1506,0.14055107950511123
276,1235,1511,0.14060367527101353
277,1230,1507,0.14066142826419342
273,1230,1503,0.14071394784824373
278,1233,1511,0.14077365326849217
272,1242,1514,0.14081635088479044
267,1245,1512,0.14087185729236093
269,1247,1516,0.14093632426130084
271,1238,1509,0.14099187006965697
270,1240,1510,0.1410375158641771
273,1244,1517,0.14108297387787838
274,1253,1527,0.14111689314210152
281,1240,1521,0.1411459112413493
280,1247,1527,0.1411531002616646
270,1246,1516,0.14116193999506702
265,1247,1512,0.141198624093611
263,1239,1502,0.14124558456387507
267,1231,1498,0.1412960754455094
266,1241,1507,0.14133312000025286
265,1235,1500,0.14137007996687626
259,1238,1497,0.14140789848267787
255,1238,1493,0.1414597331846057
261,1241,1502,0.14151904968638893
261,1249,1510,0.14155784056287105
261,1245,1506,0.14159556912402216
257,1251,1508,0.14163091902133126
256,1259,1515,0.14167521662828217
259,1254,1513,0.14171941736929042
260,1251,1511,0.14175292634235298
264,1257,1521,0.14178107045306587
260,1254,1514,0.14179677433629717
256,1267,1523,0.14182377317723277
257,1260,1517,0.14186005425288137
257,1256,1513,0.1418902349134129
254,1250,1504,0.1419177259369062
252,1245,1497,0.14195071602914844
252,1254,1506,0.14198657816757534
250,1264,1514,0.14201996820558363
253,1261,1514,0.14205708106804096
253,1254,1507,0.14208288653182105
244,1258,1502,0.14210876848800658
243,1257,1500,0.14215819613263897
245,1260,1505,0.1422080889685738
238,1269,1507,0.14224965567194534
235,1261,1496,0.14230771094341008
241,1260,1501,0.14236913508353918
244,1273,1517,0.14240961964465115
247,1262,1509,0.14243936447746386
243,1271,1514,0.14245902651824463
238,1279,1517,0.14248829516264594
238,1285,1523,0.1425298266144455
236,1283,1519,0.14256926740470918
235,1290,1525,0.1426111915010229
237,1292,1529,0.1426521115588446
236,1286,1522,0.14268542771570356
233,1288,1521,0.14271969775306573
229,1298,1527,0.14276134306762503
228,1296,1524,0.14281227259013599
227,1298,1525,0.14286279063798735
227,1306,1533,0.14291207080824603
223,1308,1531,0.14295849244632972
218,1301,1519,0.14301256862375616
219,1311,1530,0.1430769066547311
221,1301,1522,0.1431348287456319
220,1293,1513,0.14318320945428797
223,1286,1509,0.1432306193705825
222,1286,1508,0.14326722905110428
225,1298,1523,0.14330447320461803
224,1305,1529,0.14333021994661854
223,1303,1526,0.14335732159333245
224,1304,1528,0.14338704516888826
226,1284,1510,0.14341201404004728
226,1289,1515,0.14342918921475145
222,1295,1517,0.1434455154264242
220,1307,1527,0.14347098526950844
218,1290,1508,0.1435006667501617
218,1281,1499,0.1435333824559458
215,1292,1507,0.1435639474642098
220,1295,1515,0.14360041920422176
220,1292,1512,0.14362098427308834
220,1286,1506,0.14363984490723644
214,1289,1503,0.14365776407501088
214,1300,1514,0.14369131170416213
214,1301,1515,0.14372281699370296
214,1285,1499,0.14375272966801758
212,1297,1509,0.1437800618994839
212,1305,1517,0.1438106797795372
213,1304,1517,0.14383981017390032
215,1310,1525,0.14386484785707684
217,1303,1520,0.1438834209147341
218,1298,1516,0.1438942716623163
217,1293,1510,0.14390215160383124
218,1286,1504,0.1439125708926259
211,1282,1493,0.14391959459878287
217,1277,1494,0.14394598711576562
214,1298,1512,0.14395389647137852
209,1289,1498,0.143968749720541
208,1307,1515,0.14399673010946323
210,1297,1507,0.1440250926489707
214,1299,1513,0.1440456465162311
214,1288,1502,0.1440543711517644
215,1291,1506,0.14406187084649155
212,1296,1508,0.14406646843271417
211,1289,1500,0.14407943667370188
207,1296,1503,0.14409476125926485
206,1308,1514,0.1441201970177314
209,1315,1524,0.14414705935280822
210,1310,1520,0.14416373871173327
210,1299,1509,0.14417630668572023
209,1301,1510,0.14418835017517606
212,1294,1506,0.14420139689731015
213,1308,1521,0.14420400371113803
210,1297,1507,0.14420469581006817
204,1299,1503,0.14421312084575783
204,1289,1493,0.14423666054687065
203,1311,1514,0.14425936210569637
206,1304,1510,0.14428313663783096
206,1300,1506,0.14429725834565627
205,1303,1508,0.1443099124589437
204,1304,1508,0.14432448416857555
200,1302,1502,0.14434275468597932
191,1308,1499,0.14437143340465938
186,1307,1493,0.14442339960718126
184,1308,1492,0.14448559847114342
184,1310,1494,0.1445484769588708
191,1320,1511,0.14460588840027544
194,1326,1520,0.14464011725328363
191,1321,1512,0.1446641100282879
188,1328,1516,0.14469391064953116
189,1314,1503,0.144730087494724
189,1319,1508,0.14476099480437782
192,1324,1516,0.1447900789388067
196,1319,1515,0.14480863851135775
200,1318,1518,0.14481445922221176
201,1314,1515,0.14480919464804504
201,1320,1521,0.14480098667732583
203,1302,1505,0.1447937283158242
200,1314,1514,0.14478176471102341
199,1319,1518,0.14477910172880518
199,1324,1523,0.14477902327367456
200,1317,1517,0.1447787297203246
194,1327,1521,0.14477614440742687
193,1329,1522,0.14479116915021809
195,1319,1514,0.14480775897767487
195,1314,1509,0.14481729968823884
193,1312,1505,0.14482622082995086
194,1305,1499,0.14484064756660167
183,1318,1501,0.14485109677261995
191,1322,1513,0.14489309578864087
190,1331,1521,0.14491010986233302
190,1328,1518,0.14492880317763804
189,1339,1528,0.14494586796075093
189,1338,1527,0.1449645909551506
187,1343,1530,0.14498211267466243
183,1345,1528,0.14500411601137914
180,1344,1524,0.14503645805586263
180,1342,1522,0.145075092861623
180,1354,1534,0.14511116318021547
180,1342,1522,0.1451445522043185
180,1344,1524,0.14517562766859496
183,1339,1522,0.1452044114046359
187,1342,1529,0.1452224991436995
189,1348,1537,0.14522726973301187
187,1327,1514,0.1452256213592489
188,1329,1517,0.14522884263464825
193,1329,1522,0.14522999058819813
189,1326,1515,0.1452173373452437
187,1323,1510,0.14521660461087418
188,1321,1509,0.14522125098965014
184,1329,1513,0.14522258420516604
181,1325,1506,0.1452346367276014
175,1313,1488,0.14525473025258845
178,1332,1510,0.14529049095575486
180,1333,1513,0.14531548705716393
181,1330,1511,0.14533275174814747
186,1339,1525,0.14534566707896063
186,1344,1530,0.1453438687951263
184,1332,1516,0.14534245701732945
191,1321,1512,0.14534753580910237
188,1326,1514,0.14533178491643647
184,1332,1516,0.14532508767634153
180,1328,1508,0.14532947982483016
180,1315,1495,0.1453464760233144
182,1327,1509,0.14536324389979577
179,1337,1516,0.1453726725536499
175,1336,1511,0.14539052889016255
176,1326,1502,0.14541817885278077
175,1343,1518,0.14544133719059604
173,1344,1517,0.1454662919679797
166,1358,1524,0.14549616374822238
166,1355,1521,0.14554322177600262
168,1350,1518,0.14558794644872303
169,1347,1516,0.14562396648970868
164,1349,1513,0.14565381556920148
160,1347,1507,0.14569623154469452
159,1348,1507,0.14574675682952173
155,1336,1491,0.14579782938415525
155,1344,1499,0.14585696637810408
158,1345,1503,0.14591223836824252
153,1346,1499,0.14595577872617124
154,1334,1488,0.14601040699969942
154,1354,1508,0.14605897087860073
152,1362,1514,0.14610430306566802
150,1353,1503,0.14615216213282742
150,1357,1507,0.1462014165939677
149,1367,1516,0.14624806967169193
145,1365,1510,0.14629368974180146
144,1362,1506,0.14634727373192402
147,1355,1502,0.1463998708622743
149,1365,1514,0.14644008738037514
149,1364,1513,0.14647172460019448
153,1354,1507,0.14650077345677662
150,1361,1511,0.14651599423034928
153,1363,1516,0.14653843240034328
151,1374,1525,0.1465510289881291
150,1372,1522,0.14656843453412807
148,1380,1528,0.14658748434337796
150,1380,1530,0.14661121994245135
150,1372,1522,0.14662707520274856
150,1362,1512,0.1466419838088648
150,1362,1512,0.1466558616690005
148,1368,1516,0.14666931553509144
144,1364,1508,0.14668824058735164
149,1363,1512,0.14671780311575178
151,1352,1503,0.1467309402960044
150,1373,1523,0.14673800457063224
148,1361,1509,0.14674795825066986
152,1349,1501,0.14676365420899265
151,1341,1492,0.14676636529395806
155,1342,1497,0.14677039902189495
154,1326,1480,0.14676361066237895
158,1331,1489,0.14676011672586248
156,1358,1514,0.14674507346022853
155,1366,1521,0.14673702904146388
156,1362,1518,0.1467323335815271
155,1363,1518,0.14672534376382523
156,1375,1531,0.14672226090138174
152,1374,1526,0.14671603585616425
152,1377,1529,0.1467220128219187
158,1372,1530,0.14672820612339893
154,1363,1517,0.14671644554954252
157,1353,1510,0.14671657818604478
150,1356,1506,0.14670723798484442
152,1357,1509,0.14671846560032198
157,1355,1512,0.1467236294552959
156,1356,1512,0.14671339846436768
154,1360,1514,0.14670685639454295
150,1360,1510,0.1467066453283203
150,1373,1523,0.1467177605998941
152,1369,1521,0.14672788930971245
148,1375,1523,0.14673053143699225
147,1370,1517,0.14674427428760972
147,1365,1512,0.14675983361636624
146,1360,1506,0.1467744118694607
147,1369,1516,0.14679053299643796
148,1378,1526,0.14680309009431203
144,1378,1522,0.1468120976456791
140,1391,1531,0.1468328060060893
136,1386,1522,0.14686360368268006
138,1383,1521,0.14690412889331447
140,1385,1525,0.14693554946126286
139,1378,1517,0.14695892325155063
136,1387,1523,0.146983638279168
137,1374,1511,0.14701487428610038
134,1390,1524,0.14704119057921508
137,1388,1525,0.14707454157695776
134,1390,1524,0.14709761014944114
134,1378,1512,0.14712842549317962
136,1382,1518,0.14715613163097108
139,1385,1524,0.14717671378138586
139,1393,1532,0.14718733359467057
138,1387,1525,0.14719739337665252
139,1377,1516,0.14721078697522924
131,1387,1518,0.14722070783796115
130,1398,1528,0.14725353226770943
129,1395,1524,0.1472881110718739
131,1400,1531,0.14732313427107985
133,1387,1520,0.14734972256569395
133,1384,1517,0.14736875737898775
136,1375,1511,0.14738617649063726
137,1364,1501,0.14739326015194745
138,1360,1498,0.14739677737034523
139,1366,1505,0.14739726725920355
143,1378,1521,0.14739516707380773
140,1380,1520,0.1473811726940297
141,1376,1517,0.14737733457668578
140,1366,1506,0.14737066941264296
139,1373,1512,0.14736772769777995
138,1384,1522,0.1473675907444857
136,1380,1516,0.14737000878870365
131,1397,1528,0.14737867064809096
132,1399,1531,0.14740162515901203
129,1400,1529,0.14741980464890003
131,1385,1516,0.1474452802349815
131,1381,1512,0.14746362660449963
129,1379,1508,0.14748064809973072
129,1380,1509,0.1475022910609411
133,1378,1511,0.1475227793022421
136,1384,1520,0.14753021313895207
135,1388,1523,0.1475278095074329
136,1396,1532,0.14752900052760748
131,1393,1524,0.14752715750796155
130,1389,1519,0.14754017011664253
127,1401,1528,0.14755511557471668
127,1389,1516,0.1475774418401506
125,1373,1498,0.14759819135927138
125,1372,1497,0.1476224387583834
124,1381,1505,0.1476446412492976
121,1382,1503,0.14766809580427656
117,1375,1492,0.14769917129800728
117,1386,1503,0.14773971929611568
117,1384,1501,0.14777762372851797
117,1385,1502,0.1478129696019282
120,1397,1517,0.14784636206929758
119,1403,1522,0.14786960145073774
119,1394,1513,0.14789424617463318
116,1395,1511,0.1479176132019476
115,1408,1523,0.14794847062844443
115,1398,1513,0.14797999788933702
114,1394,1508,0.1480089972449188
113,1401,1514,0.14803896762251656
116,1400,1516,0.1480693416557009
114,1407,1521,0.14808931646051648
112,1408,1520,0.1481145406833814
112,1402,1514,0.14814369263390514
112,1398,1510,0.14817082211764934
112,1404,1516,0.14819627521354875
110,1418,1528,0.14821978744314251
111,1415,1526,0.148247644603787
110,1425,1535,0.14827097024222996
107,1412,1519,0.1482956293706286
106,1406,1512,0.1483276534420946
107,1413,1520,0.14836058500978772
105,1407,1512,0.14838842354063295
107,1406,1513,0.14842005566853897
108,1411,1519,0.14844421529524635
106,1403,1509,0.1484638865484058
107,1403,1510,0.14848815293300496
112,1400,1512,0.1485077867157252
110,1402,1512,0.14851107532158314
112,1395,1507,0.14852012485107927
112,1403,1515,0.14852248220852668
113,1414,1527,0.1485246705725838
115,1424,1539,0.14852374409986535
113,1417,1530,0.14851691989322569
112,1415,1527,0.14851651044344952
108,1411,1519,0.1485191370158125
110,1403,1513,0.14853354089408544
108,1413,1521,0.14854028908384168
105,1406,1511,0.14855287808947337
105,1407,1512,0.14857365672722916
104,1409,1513,0.14859276140456892
102,1416,1518,0.148613685571603
104,1420,1524,0.148639047697182
102,1419,1521,0.1486567326269088
106,1414,1520,0.14867981923429105
105,1411,1516,0.14868935412989873
104,1400,1504,0.14870098966406606
107,1393,1500,0.1487147399240542
105,1394,1499,0.14871906415518688
103,1403,1506,0.14872946248958888
104,1400,1504,0.14874457708536745
106,1401,1507,0.1487559138083972
106,1399,1505,0.14876072891938452
105,1393,1498,0.14876492031152827
107,1392,1499,0.14877188526479568
105,1400,1505,0.14877187591644758
106,1397,1503,0.14877765467830684
103,1406,1509,0.1487801993270839
96,1406,1502,0.14879100178003835
97,1408,1505,0.14882254282112126
94,1413,1507,0.14884891436458728
95,1421,1516,0.14888278341044095
96,1426,1522,0.14891147203020597
98,1426,1524,0.14893524224960603
97,1418,1515,0.14895187906855084
96,1417,1513,0.14897036381757814
94,1407,1501,0.14899077454536955
99,1400,1499,0.1490155787612245
100,1383,1483,0.1490236322893831
102,1391,1493,0.14902866267472392
106,1400,1506,0.14902764158139153
104,1408,1512,0.1490151076288611
104,1414,1518,0.14900980487494705
105,1419,1524,0.14900520390167246
102,1421,1523,0.148998014532007
103,1413,1516,0.14899978103521413
104,1422,1526,0.1489988734481556
102,1420,1522,0.14899522711829927
101,1409,1510,0.14899815640275327
100,1405,1505,0.1490041148375961
99,1404,1503,0.14901240570698832
102,1409,1511,0.1490229613235644
98,1416,1514,0.14902443113676014
101,1405,1506,0.1490380652579043
100,1410,1510,0.14904194089888548
97,1431,1528,0.14904835003718392
98,1429,1527,0.14906334270583982
98,1425,1523,0.1490745226325224
100,1428,1528,0.14908504247609022
97,1413,1510,0.1490891387141542
95,1417,1512,0.14910200106000968
93,1403,1496,0.1491203853013042
93,1417,1510,0.14914341610781073
94,1433,1527,0.14916468525490462
95,1422,1517,0.14918174923420152
93,1424,1517,0.14919510478586784
91,1428,1519,0.14921400913593527
88,1425,1513,0.1492378082497159
87,1427,1514,0.14926892302552605
89,1417,1506,0.14930123489114844
89,1434,1523,0.1493256797523008
88,1418,1506,0.14934885860572028
86,1424,1510,0.1493736574713878
86,1429,1515,0.14940287468475774
81,1424,1505,0.1494305397181388
82,1451,1533,0.14947096004658258
77,1446,1523,0.14950576819018183
76,1451,1527,0.14955301204148067
79,1442,1521,0.14960023097237204
77,1433,1510,0.14963560990411967
80,1434,1514,0.14967492667493806
84,1430,1514,0.14970266422658618
83,1439,1522,0.14971707474446935
82,1438,1520,0.14973379409282875
85,1431,1516,0.14975256383396868
83,1436,1519,0.14976147406799958
80,1431,1511,0.14977590784747533
80,1439,1519,0.14979805935618246
78,1431,1509,0.14981861390602677
81,1430,1511,0.1498436343464257
80,1436,1516,0.1498581963883091
79,1427,1506,0.14987476846670927
80,1418,1498,0.14989320351857818
78,1416,1494,0.14990749397097455
78,1432,1510,0.1499270604378324
76,1445,1521,0.14994537672161456
74,1457,1531,0.1499686131731159
73,1446,1519,0.14999616074381575
73,1453,1526,0.15002490313499078
73,1445,1518,0.1500517838420806
77,1440,1517,0.15007695059229548
79,1447,1526,0.1500883880196975
81,1437,1518,0.15009312175937084
82,1436,1518,0.15009129248970854
80,1439,1519,0.15008667756439423
80,1437,1517,0.15008841060645434
79,1431,1510,0.15008977830259018
75,1436,1511,0.15009406404970624
74,1438,1512,0.1501099889423756
73,1443,1516,0.15012782639764613
75,1449,1524,0.15014733053624474
72,1446,1518,0.15015993165384503
68,1461,1529,0.15018096209963988
66,1453,1519,0.1502123319110284
67,1458,1525,0.15024807929751172
63,1456,1519,0.15027872931704447
62,1450,1512,0.1503195929661615
61,1458,1519,0.15036076973163393
61,1457,1518,0.15040229688354792
61,1440,1501,0.1504411318881364
60,1459,1519,0.15047756306059273
59,1460,1519,0.1505147269924662
60,1452,1512,0.1505526440553326
62,1462,1524,0.15058517131586122
61,1443,1504,0.1506098938529936
63,1446,1509,0.15063600281028433
61,1451,1512,0.15065448171651036
60,1450,1510,0.15067782333195084
62,1451,1513,0.1507026080985166
63,1456,1519,0.15071988938852993
64,1459,1523,0.15073337747586923
64,1446,1510,0.15074309159785862
63,1442,1505,0.15075210101523845
65,1449,1514,0.15076332742684825
65,1439,1504,0.15076782424222748
63,1443,1506,0.15077206128358056
63,1448,1511,0.15078213456642112
63,1460,1523,0.15079130318414347
63,1461,1524,0.15079985090535947
58,1468,1526,0.15080787190196385
58,1465,1523,0.15083054572775573
57,1472,1529,0.15085172877972686
56,1474,1530,0.1508745491005459
57,1456,1513,0.15089881156928692
58,1454,1512,0.15091848294881238
62,1451,1513,0.15093393764973495
65,1447,1512,0.15093640318616963
66,1447,1513,0.15092978120751005
66,1455,1521,0.15092073187576208
67,1457,1524,0.15091232940951818
64,1457,1521,0.15090151235993918
63,1467,1530,0.15090063027741663
62,1449,1511,0.15090235367746296
62,1444,1506,0.15090728281539964
59,1446,1505,0.1509117736484954
61,1448,1509,0.1509249512727261
60,1454,1514,0.15093141512945774
61,1446,1507,0.15094043837699503
64,1456,1520,0.15094609979397527
63,1456,1519,0.150942354753433
64,1465,1529,0.15094211168911698
65,1466,1531,0.15093879975383143
65,1465,1530,0.15093284363653928
60,1454,1514,0.15092733737379324
63,1448,1511,0.15093716607390154
64,1446,1510,0.15093739462840222
65,1442,1507,0.15093468560016823
64,1454,1518,0.15092921778932325
64,1463,1527,0.15092736087153732
63,1463,1526,0.1509256534868223
58,1463,1521,0.1509270775446203
60,1463,1523,0.1509431773207549
58,1464,1522,0.15095228033906566
57,1463,1520,0.15096670354263964
54,1468,1522,0.15098315009203286
56,1465,1521,0.1510073892712769
56,1457,1513,0.15102420251214813
54,1447,1501,0.15103985591670546
54,1459,1513,0.15106070528555954
53,1457,1510,0.15108033037542573
53,1460,1513,0.15110189990130504
50,1461,1511,0.15112212858280208
50,1457,1507,0.15115003768461735
50,1467,1517,0.15117623980427028
50,1468,1518,0.15120065752454778
47,1470,1517,0.15122358764344665
48,1451,1499,0.15125408809465488
47,1458,1505,0.1512796895403769
46,1466,1512,0.15130680321188728
44,1473,1517,0.15133540070095677
44,1473,1517,0.15136828659273602
45,1480,1525,0.15139894650909513
48,1466,1514,0.1514246386605217
46,1470,1516,0.1514397365085646
44,1482,1526,0.1514600174760882
43,1473,1516,0.15148527072686138
44,1469,1513,0.1515119220832098
44,1477,1521,0.15153389308745846
44,1484,1528,0.15155470977711633
43,1481,1524,0.15157427834811313
41,1485,1526,0.15159566944698852
39,1477,1516,0.15162190983404045
39,1483,1522,0.15165253735936374
40,1483,1523,0.15168129591254925
39,1478,1517,0.1517052629731464
38,1472,1510,0.1517309484293275
37,1489,1526,0.15175814833636586
39,1484,1523,0.15178684479371055
40,1478,1518,0.15180766177663085
40,1487,1527,0.15182412712037474
41,1477,1518,0.15183936511190757
41,1478,1519,0.15185053160205828
40,1475,1515,0.1518608778956116
41,1474,1515,0.1518736547345042
41,1482,1523,0.15188268133882488
42,1472,1514,0.15189119317021432
41,1481,1522,0.15189600732999461
41,1470,1511,0.15190366296995553
40,1460,1500,0.15191091582616928
39,1466,1505,0.1519208255533577
41,1471,1512,0.15193317169762238
40,1457,1497,0.1519385422408714
39,1475,1514,0.1519465792521275
43,1467,1510,0.1519572087380216
44,1471,1515,0.15195498349657974
44,1475,1519,0.15195017533085514
42,1473,1515,0.15194580946567388
42,1478,1520,0.1519480170655694
42,1497,1539,0.1519498099923278
42,1488,1530,0.15195148181955498
41,1488,1529,0.15195298765258186
40,1479,1519,0.1519575255873141
40,1473,1513,0.1519648143738295
40,1475,1515,0.15197177003916937
38,1478,1516,0.15197827494209787
40,1487,1527,0.15199064355893385
40,1487,1527,0.15199611306038707
40,1486,1526,0.15200128273588048
38,1478,1516,0.15200615771970782
38,1481,1519,0.15201679923315364
38,1475,1513,0.15202686341368207
37,1478,1515,0.1520363055232323
36,1478,1514,0.15204805721554743
36,1480,1516,0.15206196862208127
37,1484,1521,0.15207509119553073
37,1465,1502,0.15208441805412062
34,1463,1497,0.15209318948877928
35,1471,1506,0.15211061881856974
34,1483,1517,0.152123751943646
34,1479,1513,0.15213901049551792
35,1490,1525,0.15215329806916944
33,1486,1519,0.1521636481943972
32,1496,1528,0.15217955592737428
31,1498,1529,0.15219752526912347
32,1490,1522,0.15221751918223958
31,1477,1508,0.15223303820842582
31,1479,1510,0.15225072952374952
30,1493,1523,0.15226722745426413
29,1497,1526,0.1522858110777274
28,1505,1533,0.15230632181382936
27,1500,1527,0.15232862777850426
26,1504,1530,0.1523527253053331
26,1493,1519,0.15237840070714984
27,1488,1515,0.1524025533349183
24,1488,1512,0.1524221583078168
24,1494,1518,0.15245000310396065
23,1500,1523,0.15247614064801285
23,1507,1530,0.1525037901042221
23,1495,1518,0.1525297350201921
22,1496,1518,0.15255407972947935
23,1495,1518,0.15258001849209246
23,1490,1513,0.15260123016775698
23,1488,1511,0.1526211580520404
24,1493,1517,0.15263987040553165
25,1491,1516,0.15265438035811582
23,1481,1504,0.1526648887110979
23,1492,1515,0.15268094182914216
23,1478,1501,0.15269599105027382
23,1481,1504,0.1527101110113433
23,1487,1510,0.152723362516106
23,1493,1516,0.1527358356707158
23,1495,1518,0.1527475634247977
24,1496,1520,0.1527585833930419
24,1486,1510,0.152765782630024
24,1498,1522,0.15277256788265456
24,1494,1518,0.1527789792203124
23,1488,1511,0.1527850205982746
23,1488,1511,0.15279384269995552
21,1490,1511,0.15280212149185798
22,1499,1521,0.15281610239907448
22,1491,1513,0.1528260855560345
22,1481,1503,0.15283546788463329
21,1496,1517,0.1528442763303801
20,1499,1519,0.1528557228556442
20,1497,1517,0.15286962863301234
20,1491,1511,0.15288268017808967
22,1494,1516,0.15289494173203433
21,1498,1519,0.15290017298376404
23,1501,1524,0.15290818206640316
22,1491,1513,0.15290939753439275
26,1486,1512,0.15291368710885717
27,1488,1515,0.15290529798457228
26,1483,1509,0.15289441465101228
27,1473,1500,0.15288741229298852
26,1468,1494,0.15287783699564766
26,1468,1494,0.15287201911309087
26,1482,1508,0.15286659056931284
25,1494,1519,0.1528614623302609
24,1489,1513,0.15285973433152678
24,1490,1514,0.15286118413796068
23,1493,1516,0.15286251673723444
22,1482,1504,0.15286686454289727
22,1487,1509,0.15287403241610126
22,1501,1523,0.15288072933993185
22,1496,1518,0.15288698868883
21,1497,1518,0.15289285442490905
21,1491,1512,0.15290138123830577
22,1487,1509,0.1529093667407594
22,1489,1511,0.15291374307114902
22,1482,1504,0.15291786086795361
22,1480,1502,0.15292172632315598
23,1498,1521,0.15292535370005755
21,1491,1512,0.15292563138524462
22,1488,1510,0.15293209225873916
22,1479,1501,0.15293508869818595
22,1493,1515,0.15293790375454575
24,1501,1525,0.15294054730048584
24,1478,1502,0.15293683518970302
22,1493,1515,0.15293339377509824
22,1491,1513,0.1529364423928647
21,1485,1506,0.15293928777058338
19,1502,1521,0.1529451136866041
19,1511,1530,0.15295674352010744
19,1502,1521,0.15296764736503207
16,1504,1520,0.15297793576048965
16,1499,1515,0.15299680727843085
15,1496,1511,0.15301450081316173
16,1500,1516,0.15303419930113246
16,1485,1501,0.15304955994313765
16,1501,1517,0.15306398272655275
16,1508,1524,0.15307751977999118
17,1516,1533,0.15309022632135044
17,1518,1535,0.1530990023874815
18,1507,1525,0.15310726814747003
18,1517,1535,0.1531119001120693
18,1514,1532,0.15311627587229942
16,1515,1531,0.15312039656807705
17,1512,1529,0.15313055426795927
17,1506,1523,0.15313692518770247
13,1500,1513,0.15314291512156064
13,1501,1514,0.15316113252584682
12,1506,1518,0.15317819928023696
11,1514,1525,0.153197409457324
11,1502,1513,0.1532186097866707
11,1490,1501,0.15323851134687524
10,1494,1504,0.15325720101486412
11,1516,1527,0.1532778817692877
11,1526,1537,0.15329421694127604
9,1527,1536,0.15330959398646768
9,1517,1526,0.15333044949382482
9,1509,1518,0.15335006068117177
10,1506,1516,0.15336850257571627
10,1507,1517,0.15338261406946047
10,1504,1514,0.15339588786736835
10,1499,1509,0.15340836638397407
10,1496,1506,0.15342009545067906
7,1506,1513,0.15343111970131096
8,1498,1506,0.15345092743683175
7,1511,1518,0.1534662968567096
7,1507,1514,0.1534838914491624
7,1505,1512,0.15350043422368997
7,1501,1508,0.15351598073341233
7,1505,1512,0.15353059058338264
6,1493,1499,0.1535443205018402
6,1496,1502,0.15356043897773344
6,1520,1526,0.15357558104715527
7,1511,1518,0.15358981020711482
8,1508,1516,0.15359996018104585
9,1508,1517,0.15360632237750246
9,1516,1525,0.15360908301052387
9,1516,1525,0.153611693382417
9,1517,1526,0.15361415346643706
9,1516,1525,0.15361646952877794
9,1510,1519,0.15361864925587285
9,1532,1541,0.1536207004514709
9,1510,1519,0.15362263061683634
10,1516,1526,0.1536244468536676
11,1517,1528,0.1536229481620545
11,1509,1520,0.15361834296615126
10,1508,1518,0.15361404017263133
10,1507,1517,0.15361319376908253
10,1507,1517,0.1536124000997084
11,1507,1518,0.15361165781982045
10,1477,1487,0.15360774235054625
9,1481,1490,0.15360726821923693
9,1495,1504,0.15361003177510796
9,1501,1510,0.15361262551461474
9,1498,1507,0.15361506419445534
9,1500,1509,0.15361735731649515
9,1489,1498,0.15361951351677638
9,1492,1501,0.15362154093747143
9,1512,1521,0.15362344923654916
9,1511,1520,0.15362525084052236
9,1512,1521,0.1536269487614664
9,1498,1507,0.153628547238923
9,1501,1510,0.1536300511981984
9,1496,1505,0.15363146576627235
9,1495,1504,0.15363279600108196
10,1500,1510,0.15363404678005324
9,1498,1507,0.15363202894089859
9,1508,1517,0.1536333548264113
9,1500,1509,0.1536345963198692
9,1516,1525,0.15363576053982578
9,1521,1530,0.15363685388136206
11,1518,1529,0.15363788135378056
11,1512,1523,0.15363244990212446
12,1507,1519,0.15362738622761068
11,1494,1505,0.1536194318665462
12,1498,1510,0.15361518887735406
12,1507,1519,0.1536080389231554
13,1495,1508,0.15360135139797707
12,1493,1505,0.15359189676940815
11,1487,1498,0.15358621025617514
10,1490,1500,0.15358406474867578
10,1496,1506,0.1535852227403408
10,1510,1520,0.15358629524139805
10,1519,1529,0.1535872970869859
10,1522,1532,0.1535882365926558
10,1514,1524,0.15358911905906092
10,1507,1517,0.1535899484736677
10,1496,1506,0.1535907282121762
10,1503,1513,0.15359146130662807
10,1511,1521,0.1535921505532731
10,1508,1518,0.1535927985612416
10,1509,1519,0.15359340777799968
10,1504,1514,0.1535939805049553
10,1503,1513,0.15359451890852288
10,1506,1516,0.15359502502890654
10,1493,1503,0.1535955007876294
10,1503,1513,0.1535959479943007
10,1508,1518,0.15359636835286722
9,1516,1525,0.15359676346747742
9,1518,1527,0.15360030419131385
9,1503,1512,0.15360361293338587
8,1496,1504,0.15360671371892876
8,1501,1509,0.15361280771630592
8,1508,1516,0.1536185176760101
8,1521,1529,0.15362387432960684
9,1497,1506,0.1536289031515069
10,1494,1504,0.15363043562958195
10,1497,1507,0.15362870491844485
9,1494,1503,0.15362710638045832
8,1497,1505,0.15362881120124008
9,1502,1511,0.153633574915795
8,1514,1522,0.15363484106056943
8,1510,1518,0.15363924611821328
7,1516,1523,0.1536433777756541
8,1511,1519,0.15365048011919
8,1512,1520,0.15365394425264325
7,1507,1514,0.15365720789355347
6,1506,1512,0.15366346089735383
6,1505,1511,0.15367252724274175
6,1506,1512,0.15368103432810748
6,1502,1508,0.1536890251480554
4,1506,1510,0.15369653368170558
4,1515,1519,0.15371002191928265
4,1522,1526,0.15372268706494224
5,1514,1519,0.153734587564863
5,1516,1521,0.15374254843986707
5,1508,1513,0.15375004221726946
5,1511,1516,0.1537570883942114
5,1515,1520,0.15376371063784816
5,1510,1515,0.15376993323035648
5,1507,1512,0.15377577986238972
4,1513,1517,0.1537812731262543
4,1508,1512,0.15378966198905974
5,1514,1519,0.15379753870919788
4,1521,1525,0.15380171341311516
4,1504,1508,0.15380888151481728
4,1501,1505,0.15381561617242318
4,1508,1512,0.1538219448807067
4,1517,1521,0.15382789248558218
5,1515,1520,0.15383348175068082
5,1508,1513,0.15383549289281911
5,1505,1510,0.15383739165973775
5,1500,1505,0.15383917749564102
4,1496,1500,0.15384085556192625
5,1487,1492,0.15384565469683412
5,1492,1497,0.1538469209153948
5,1505,1510,0.15384811939458193
5,1513,1518,0.15384924709742168
5,1519,1524,0.1538503067802052
5,1502,1507,0.15385130251037535
5,1511,1516,0.1538522383194724
5,1519,1524,0.15385311795864504
5,1512,1517,0.1538539448951247
5,1513,1518,0.1538547223449807
6,1506,1512,0.1538554533038772
6,1511,1517,0.15385291379393337
6,1507,1513,0.15385054256439085
6,1513,1519,0.1538483198973999
6,1505,1511,0.1538462336122709
6,1497,1503,0.1538442743889744
6,1495,1501,0.15384243421418065
6,1501,1507,0.15384070578707326
7,1516,1523,0.15383908231306692
7,1525,1532,0.1538343181771016
7,1537,1544,0.15382985304323074
8,1532,1540,0.15382566197555814
9,1519,1528,0.15381849950436796
9,1518,1527,0.1538085569484411
9,1515,1524,0.1537992360692046
9,1523,1532,0.1537904857751738
9,1522,1531,0.1537822687404734
9,1520,1529,0.15377455209439284
9,1521,1530,0.15376730533046065
9,1523,1532,0.15376049982904244
10,1515,1525,0.1537541086917229
9,1517,1526,0.1537449142770311
9,1509,1518,0.1537395073355755
9,1509,1518,0.15373442452202504
9,1500,1509,0.15372964705031666
11,1496,1507,0.15372515841493545
10,1505,1515,0.15371455230493744
9,1503,1512,0.15370783685537673
8,1501,1509,0.1537047278959008
9,1513,1522,0.15370498052262774
9,1515,1524,0.1537020192011153
8,1509,1517,0.1536992519394115
7,1510,1517,0.15369983270453427
8,1503,1511,0.15370355044210593
8,1506,1514,0.1537038166142754
8,1512,1520,0.15370407015871768
8,1512,1520,0.15370430711049043
8,1504,1512,0.15370452878113214
9,1517,1526,0.15370473659629444
10,1509,1519,0.15370173441216944
10,1504,1514,0.15369571019909198
10,1505,1515,0.15369007114914207
9,1500,1509,0.1536847814797357
10,1507,1517,0.15368301222283054
10,1498,1508,0.15367812903187475
13,1505,1518,0.1536735534980878
12,1500,1512,0.15365967222951468
12,1502,1514,0.15364988276217362
11,1507,1518,0.15364069301438324
11,1514,1525,0.15363524548907911
9,1497,1506,0.15363011547748867
10,1508,1518,0.15363165407207674
10,1507,1517,0.15362989233342247
11,1509,1520,0.15362824343424944
11,1501,1512,0.15362349243710874
11,1501,1512,0.15361904439677623
12,1520,1532,0.15361487025581172
12,1511,1523,0.15360775838921076
12,1525,1537,0.15360109847853534
12,1498,1510,0.15359485351030336
12,1506,1518,0.15358898773749857
12,1505,1517,0.15358348380460624
11,1504,1515,0.1535783184163778
11,1509,1520,0.15357665578405136
11,1503,1514,0.1535750845930904
13,1509,1522,0.1535736056821901
13,1517,1530,0.1535658780135753
14,1521,1535,0.15355867035656015
14,1523,1537,0.1535487271789642
14,1512,1526,0.15353941799719983
15,1494,1509,0.15353069001155806
15,1490,1505,0.15351924890349233
14,1494,1508,0.1535085184117248
14,1496,1510,0.1535016358146386
14,1493,1507,0.1534951629312786
14,1505,1519,0.15348903736050695
14,1511,1525,0.1534832782669403
14,1502,1516,0.15347784718686264
14,1493,1507,0.15347274744481598
14,1497,1511,0.15346795626634144
14,1505,1519,0.15346345490515492
13,1504,1517,0.15345922589177594
13,1508,1521,0.15345842453379507
14,1512,1526,0.1534576580327994
14,1510,1524,0.153453767516059
13,1498,1511,0.15345013057624857
13,1487,1500,0.15344988838186352
13,1493,1506,0.15344964815344134
13,1495,1508,0.1534494171519175
13,1496,1509,0.15344919784828007
13,1497,1510,0.1534489904848049
14,1498,1512,0.1534487946214079
13,1497,1510,0.15344542186255297
14,1492,1506,0.15344544764430285
14,1493,1507,0.15344228488653563
14,1505,1519,0.15343932785130632
15,1500,1515,0.15343655639864975
15,1515,1530,0.15343078340975008
15,1507,1522,0.15342538083499777
15,1516,1531,0.15342031511471765
15,1517,1532,0.15341556260462197
14,1511,1525,0.15341110301432162
14,1510,1524,0.15341011956674894
14,1505,1519,0.15340919456669405
14,1509,1523,0.15340832646837663
14,1510,1524,0.15340751164137018
15,1510,1525,0.1534067462929324
15,1512,1527,0.1534028873791843
14,1509,1523,0.15339929125796437
13,1503,1516,0.15339905483637178
13,1503,1516,0.15340195494052253
14,1498,1512,0.15340465088063104
14,1520,1534,0.1534040251950441
14,1509,1523,0.15340345652686482
14,1519,1533,0.15340292941168873
14,1512,1526,0.15340243704608567
12,1498,1510,0.1534020020363197
12,1500,1512,0.15340789869730823
11,1502,1513,0.15341340443307805
11,1501,1512,0.15342176226989196
10,1502,1512,0.15342960092414346
10,1498,1508,0.15344011110476458
10,1517,1527,0.15344996269637684
9,1514,1523,0.1534591953751484
8,1506,1514,0.15347105362822697
8,1507,1515,0.1534853497110116
8,1501,1509,0.15349876079351876
8,1505,1513,0.15351135155229584
8,1510,1518,0.15352317650551206
8,1507,1515,0.15353428373418443
8,1508,1516,0.1535447172970907
9,1517,1526,0.15355451822737087
9,1512,1521,0.15356053692278912
9,1503,1512,0.1535662075782878
8,1495,1503,0.15357153976062451
8,1499,1507,0.15357974126169413
8,1505,1513,0.15358743457137167
8,1502,1510,0.15359465662567434
8,1507,1515,0.1536014393901706
8,1514,1522,0.15360781089089048
8,1528,1536,0.15361379657097285
8,1520,1528,0.15361941999111395
8,1522,1530,0.1536247031577973
7,1515,1522,0.15362965053516972
7,1508,1515,0.15363753103618152
7,1509,1516,0.15364493011636945
9,1502,1511,0.15365187927166912
10,1502,1512,0.1536519995813862
11,1502,1513,0.15364895621165944
10,1503,1513,0.15364294381831706
10,1506,1516,0.15364054723938847
10,1501,1511,0.15363830309313328
10,1499,1509,0.15363620002061296
9,1505,1514,0.15363422891819625
9,1504,1513,0.15363556601752829
9,1514,1523,0.1536368102752927
9,1508,1517,0.15363797514924082
9,1523,1532,0.15363906896264923
8,1529,1537,0.15364009709132215
9,1520,1529,0.15364422869133698
9,1511,1520,0.15364489805001819
9,1513,1522,0.15364553753515747
9,1512,1521,0.15364614144151484
8,1535,1543,0.1536467099694914
8,1519,1527,0.15365042154799202
8,1513,1521,0.15365389307250435
8,1523,1531,0.15365714944578557
9,1525,1534,0.15366020683278495
9,1515,1524,0.1536598485583566
9,1507,1516,0.1536595209064526
9,1498,1507,0.1536592169493747
7,1507,1514,0.15365893322548208
5,1500,1505,0.15366506383479653
5,1502,1507,0.15367721934371914
6,1498,1504,0.15368862719667575
6,1492,1498,0.153696123023596
6,1494,1500,0.1537031675993403
6,1506,1512,0.15370978961671802
6,1492,1498,0.15371601132761178
6,1497,1503,0.1537218562554217
6,1505,1511,0.15372734706398286
6,1499,1505,0.15373250520528842
6,1500,1506,0.15373735087355123
6,1510,1516,0.15374190304706079
6,1506,1512,0.15374617955200617
6,1503,1509,0.15375019712970764
5,1511,1516,0.1537539715019581
5,1506,1511,0.1537607474709759
5,1502,1507,0.15376710943174413
5,1502,1507,0.15377308504602702
4,1514,1518,0.15377869925344226
4,1504,1508,0.15378720540561217
4,1503,1507,0.15379519610161857
4,1517,1521,0.15380270609468052
4,1522,1526,0.15380976432771792
4,1523,1527,0.15381639742711742
4,1523,1527,0.15382263064266044
5,1529,1534,0.15382848789564094
5,1527,1532,0.15383076333166998
6,1521,1527,0.15383291350868994
6,1521,1527,0.1538316807478799
6,1515,1521,0.15383052972901584
6,1522,1528,0.15382945049112387
5,1524,1529,0.15382843747478198
5,1525,1530,0.15383071663835196
5,1527,1532,0.15383285175317055
5,1526,1531,0.15383485516567297
5,1513,1518,0.15383673680520946
5,1516,1521,0.15383850464823046
5,1504,1509,0.1538401657099229
5,1505,1510,0.1538417264543137
5,1500,1505,0.1538431929303433
5,1506,1511,0.15384457082272399
4,1499,1503,0.15384586547836357
4,1505,1509,0.1538503133870212
4,1513,1517,0.15385448738003948
4,1522,1526,0.1538584091610045
3,1518,1521,0.15386209530747022
3,1517,1520,0.15386880689367602
3,1505,1508,0.15387511268080217
4,1501,1505,0.15388103823660879
4,1511,1515,0.15388335195030375
4,1510,1514,0.1538855334194661
4,1520,1524,0.15388758586961426
3,1519,1522,0.15388951562082456
3,1514,1517,0.1538945766996118
3,1508,1511,0.15389933081520826
3,1517,1520,0.15390379912481592
3,1508,1511,0.15390799947665898
3,1512,1515,0.15391194772995923
3,1517,1520,0.15391565872817778
3,1511,1514,0.15391914652063546
3,1512,1515,0.15392242440109594
3,1524,1527,0.15392550492417334
3,1521,1524,0.15392839992714655
3,1521,1524,0.1539311205582528
3,1518,1521,0.1539336773088317
3,1510,1513,0.15393608004707487
3,1509,1512,0.15393833805193996
3,1507,1510,0.1539404600463766
3,1514,1517,0.15394245422939468
3,1520,1523,0.1539443283067298
3,1524,1527,0.15394608951999902
3,1523,1526,0.15394774467431613
3,1512,1515,0.15394930016438413
3,1509,1512,0.15395076199910743
3,1508,1511,0.1539521358247816
2,1509,1511,0.153953426946925
2,1518,1520,0.15395789545115643
2,1508,1510,0.15396209323018656
2,1517,1519,0.15396603807336753
2,1509,1511,0.1539697487683862
2,1504,1506,0.1539732454794582
2,1525,1527,0.15397653754545967
2,1520,1522,0.15397963502861456
2,1510,1512,0.15398254789201324
2,1520,1522,0.15398528629650518
2,1517,1519,0.1539878602676142
2,1511,1513,0.1539902794704395
2,1492,1494,0.15399255310949575
2,1497,1499,0.15399468989616222
1,1496,1497,0.15399669804834512
1,1497,1498,0.1540018443293179
1,1509,1510,0.15400667916787372
1,1514,1515,0.15401122291868558
0,1525,1525,0.15401549380725263
