1350,26,1376,0.1358211762767721
1395,28,1423,0.13303402928156138
1419,27,1446,0.13036537522131914
1436,30,1466,0.12786710533049647
1442,29,1471,0.12554440860821384
1460,30,1490,0.12341317039099393
1462,30,1492,0.12142538851408319
1464,31,1495,0.11961074788223484
1463,31,1494,0.11795398704676475
1460,31,1491,0.1164481142520382
1473,33,1506,0.11508514130920154
1475,33,1508,0.11381308127401299
1465,33,1498,0.11265044963404737
1447,33,1480,0.11161617893938697
1458,30,1488,0.11071685107560349
1463,29,1492,0.10987247677810207
1464,29,1493,0.10909196783571183
1471,30,1501,0.10837910187932635
1470,31,1501,0.1077141157672187
1461,32,1493,0.10711153568574489
1467,33,1500,0.10658360038691111
1452,33,1485,0.10608948730991806
1436,31,1467,0.10567332622261479
1429,29,1458,0.1053303920672019
1433,29,1462,0.10503360613339668
1444,27,1471,0.10475456444908601
1440,27,1467,0.10447563742756906
1457,26,1483,0.10423065572710911
1462,26,1488,0.10397017587031804
1474,25,1499,0.10372211161790972
1473,25,1498,0.10346986020014425
1464,25,1489,0.10324247411615897
1479,25,1504,0.10305505930448713
1468,23,1491,0.10285187316134134
1464,22,1486,0.10269072048329725
1457,22,1479,0.10255269714705703
1462,23,1485,0.10244267744663822
1455,23,1478,0.10233162963508519
1462,21,1483,0.1022456220293104
1459,21,1480,0.1021520611219902
1470,21,1491,0.10207312549071272
1472,21,1493,0.10197774144623534
1480,21,1501,0.10188655527227568
1466,19,1485,0.10178620246739832
1462,19,1481,0.1017251527569837
1468,19,1487,0.10167828933576555
1476,19,1495,0.10162257961136482
1476,19,1495,0.10155466234509128
1492,19,1511,0.10149258168883907
1485,19,1504,0.10140171216087145
1479,19,1498,0.10133406212382588
1472,18,1490,0.10128543655003153
1481,18,1499,0.10125604741429477
1485,17,1502,0.1012097976896068
1491,17,1508,0.10115927501975167
1473,15,1488,0.10110050842600932
1482,16,1498,0.1010855273537658
1480,16,1496,0.10105277380035385
1468,18,1486,0.1010274453483532
1463,20,1483,0.10103022261392539
1478,21,1499,0.10104348082089681
1488,20,1508,0.10102358498359006
1472,21,1493,0.10098394069652866
1479,21,1500,0.10098200642517977
1479,20,1499,0.10096521394842195
1469,20,1489,0.10094993770055222
1474,19,1493,0.10095782943981427
1481,19,1500,0.10095449220315299
1478,21,1499,0.10093613348957628
1484,20,1504,0.10092596073735445
1470,19,1489,0.10090385250895849
1465,19,1484,0.10091382645134474
1470,18,1488,0.10093343232129712
1455,17,1472,0.10094042794771302
1460,17,1477,0.10097884587081371
1469,18,1487,0.10100319958636017
1483,18,1501,0.1010058310261438
1476,19,1495,0.10097805623237577
1482,19,1501,0.10096802545871825
1485,19,1504,0.10094632218001115
1492,19,1511,0.1009197173610936
1482,20,1502,0.10088040854719357
1471,21,1492,0.10086590403619432
1466,22,1488,0.10087664515786673
1443,22,1465,0.10089708064037727
1440,23,1463,0.10096502834145722
1456,24,1480,0.10103330501418974
1459,23,1482,0.10106122083552921
1458,24,1482,0.10108033262129049
1454,25,1479,0.10110007260779157
1449,25,1474,0.10112660567186996
1448,23,1471,0.10116166974823276
1457,22,1479,0.10119587489247323
1467,22,1489,0.10120747776172777
1478,22,1500,0.10119663806869532
1461,23,1484,0.10116329837904717
1466,24,1490,0.10116901127522898
1465,23,1488,0.10116349971666257
1459,22,1481,0.10116042316918503
1440,24,1464,0.1011705077698996
1444,24,1468,0.1012202645347399
1461,26,1487,0.10125723309348836
1463,27,1490,0.1012544586084206
1452,27,1479,0.10124754471566194
1458,28,1486,0.10126473181780106
1450,28,1478,0.10126734338094227
1447,27,1474,0.10128696222937983
1465,27,1492,0.10131139804804606
1466,27,1493,0.10129525873682202
1473,28,1501,0.10127852776122573
1467,28,1495,0.10124819404784319
1448,30,1478,0.10123367692171882
1455,28,1483,0.10126119379285382
1463,28,1491,0.10127113289957128
1449,27,1476,0.10126281918183977
1455,29,1484,0.10128540468089493
1452,29,1481,0.10129321375011532
1464,29,1493,0.1013069011222757
1468,30,1498,0.10129365444423315
1469,30,1499,0.1012727394384331
1477,28,1505,0.10125162938088607
1472,27,1499,0.1012156707558205
1466,27,1493,0.10119346375109711
1459,27,1486,0.10118608422459151
1451,29,1480,0.10119407054196078
1469,30,1499,0.10121850892975676
1470,33,1503,0.101202253009937
1459,32,1491,0.10118557155023407
1465,33,1498,0.10119420690934884
1452,33,1485,0.10118911929540512
1457,33,1490,0.10121239213988652
1468,32,1500,0.10122272887790595
1449,31,1480,0.10120866529725206
1456,32,1488,0.10123678130605132
1456,33,1489,0.10124708795769452
1452,33,1485,0.10125685050936856
1471,32,1503,0.10127434812935736
1476,31,1507,0.10124949115505412
1469,31,1500,0.10121583153326405
1464,31,1495,0.10120024912667792
1467,32,1499,0.10119654709109639
1475,33,1508,0.10118715009615975
1471,34,1505,0.10116164101511017
1467,35,1502,0.10114687508307223
1450,35,1485,0.10114198248939105
1449,36,1485,0.10117381989210925
1454,37,1491,0.1012051515770886
1455,37,1492,0.10122287786936195
1444,40,1484,0.10123733603296324
1444,39,1483,0.10127432516692476
1445,42,1487,0.1013081237259249
1450,44,1494,0.10133655769709154
1443,44,1487,0.10135182933197061
1442,42,1484,0.10138088025774905
1445,44,1489,0.10140950812892253
1445,43,1488,0.10142949955366401
1436,45,1481,0.10144741441879944
1442,44,1486,0.1014829587877951
1442,43,1485,0.10150230572988848
1446,43,1489,0.10152015930324393
1447,44,1491,0.10152793888530162
1445,44,1489,0.10153307007130487
1467,45,1512,0.10154208662027411
1456,45,1501,0.1015031691302102
1451,44,1495,0.101491212265757
1452,43,1495,0.10149103015909894
1462,45,1507,0.10148851985707566
1454,46,1500,0.10146479206400211
1461,46,1507,0.10146086572006148
1450,50,1500,0.10144234552716483
1456,49,1505,0.10144954180616286
1447,50,1497,0.10144313918934364
1447,51,1498,0.10145683574193606
1443,49,1492,0.10146898504124469
1446,49,1495,0.10148854073959578
1451,53,1504,0.10150043902221327
1458,51,1509,0.10150019982881218
1455,51,1506,0.10148485913429856
1450,51,1501,0.10147747422235963
1447,53,1500,0.1014816589909029
1458,52,1510,0.10149196735266393
1441,52,1493,0.10147723190855724
1439,51,1490,0.10150051301547398
1437,49,1486,0.10152613187404523
1437,49,1486,0.10155348450486634
1436,47,1483,0.10157864400871114
1428,47,1475,0.1016034111585185
1420,50,1470,0.10164333030900095
1422,52,1474,0.10169688613251332
1430,52,1482,0.10174126730945422
1433,51,1484,0.10176449831826202
1445,54,1499,0.10177942957693734
1443,59,1502,0.10176768337328784
1438,59,1497,0.10176136036244042
1434,60,1494,0.1017661175350942
1436,59,1495,0.10177931434579783
1431,60,1491,0.1017872167575949
1432,61,1493,0.10180503866500917
1440,60,1500,0.10181919796087684
1433,59,1492,0.1018149944392193
1423,59,1482,0.10182619805118687
1428,61,1489,0.10185805026456933
1425,62,1487,0.10187639461127475
1425,61,1486,0.10189942640063292
1441,60,1501,0.10192015968836582
1441,59,1500,0.10190427802400634
1447,62,1509,0.10189044452666479
1453,61,1514,0.10186553072990918
1440,61,1501,0.10182981828783513
1440,57,1497,0.10182515341401156
1421,61,1482,0.10182129860644995
1434,61,1495,0.10185899886131708
1427,60,1487,0.10186533111320507
1431,62,1493,0.10188613378047875
1424,61,1485,0.10189630033473834
1437,61,1498,0.10192004472926182
1437,58,1495,0.10191413014055906
1428,58,1486,0.10190795139825759
1441,59,1500,0.10192101777781698
1437,60,1497,0.10190504823624905
1436,59,1495,0.10189890923321165
1450,56,1506,0.10189617938013067
1448,55,1503,0.10186372086618078
1442,55,1497,0.10183824215406272
1436,56,1492,0.10182815148080988
1431,57,1488,0.10183160712051272
1440,57,1497,0.10184600142059548
1444,54,1498,0.10183991838758306
1443,54,1497,0.10182580117965623
1437,55,1492,0.10181449153750757
1448,54,1502,0.10181723875630447
1445,56,1501,0.10179614785435968
1448,57,1505,0.1017836270937816
1454,55,1509,0.10176582163306977
1443,56,1499,0.10173663528033743
1447,53,1500,0.10173401123874971
1445,53,1498,0.10172320839829599
1439,52,1491,0.10171791934618665
1444,52,1496,0.10172565261485815
1444,50,1494,0.10172223111915163
1446,51,1497,0.10171929831124761
1446,52,1498,0.10171160009183819
1450,52,1502,0.10170460470601693
1437,51,1488,0.1016899433959065
1435,52,1487,0.10170477575044956
1443,53,1496,0.1017225583337613
1445,53,1498,0.10172143435599416
1451,54,1505,0.10171665715072764
1455,56,1511,0.10169961146370604
1438,57,1495,0.10167489316738772
1434,54,1488,0.10168929058118761
1448,56,1504,0.10171077381392209
1441,57,1498,0.10170008545681693
1448,55,1503,0.10170555081532205
1456,57,1513,0.10169536901131755
1442,57,1499,0.10166896031493752
1434,57,1491,0.10167487153334745
1436,58,1494,0.10169743346323706
1434,57,1491,0.10171374800493155
1443,58,1501,0.10173305405791826
1439,56,1495,0.1017318506318253
1441,55,1496,0.10173903114771832
1436,55,1491,0.10174105248195955
1431,51,1482,0.10175384517349985
1436,51,1487,0.10177640623553945
1413,52,1465,0.10178625373101453
1418,51,1469,0.1018451334177692
1423,52,1475,0.10188789223711367
1424,55,1479,0.10191598952983162
1421,52,1473,0.10193913235820708
1429,52,1481,0.10196638034692182
1434,55,1489,0.10197448248043095
1438,54,1492,0.10197060826806545
1434,53,1487,0.1019578811535058
1419,58,1477,0.1019546298812656
1417,56,1473,0.10198399886279523
1428,55,1483,0.10201520397779162
1434,56,1490,0.10202000817784718
1442,54,1496,0.10201120099580623
1451,57,1508,0.10198594889468851
1441,59,1500,0.10194412884472281
1445,59,1504,0.10192774047844289
1429,59,1488,0.10190414347524339
1440,58,1498,0.10191746934491147
1442,57,1499,0.1019058293903426
1437,59,1496,0.10189117586661968
1439,57,1496,0.10188854247714962
1436,58,1494,0.10188195764556764
1444,59,1503,0.10188200289372311
1449,59,1508,0.10186495906418001
1453,58,1511,0.10183872563596616
1442,61,1503,0.10180588286381834
1441,60,1501,0.10180034542858138
1445,62,1507,0.10179740724064444
1449,60,1509,0.10178616072763544
1438,59,1497,0.10176736851432189
1434,59,1493,0.10177417463664451
1441,58,1499,0.10178855684726329
1439,57,1496,0.10178674763259188
1438,60,1498,0.1017890059783386
1442,61,1503,0.10179353160844969
1447,61,1508,0.10178871938295309
1448,61,1509,0.10177342563361251
1451,60,1511,0.1017576106342628
1449,60,1509,0.10173650895295289
1438,59,1497,0.10172142260535383
1437,57,1494,0.1017312792091477
1442,57,1499,0.10174228721285485
1435,60,1495,0.10174168763820346
1441,61,1502,0.10175660125620585
1444,63,1507,0.10175781986879492
1441,63,1504,0.10175231883520951
1437,64,1501,0.1017539469095731
1448,62,1510,0.10176406083647198
1455,63,1518,0.10174957590958834
1453,65,1518,0.10172109018847779
1450,64,1514,0.10169940049899323
1444,68,1512,0.10168633617330318
1432,68,1500,0.10168705749472981
1431,68,1499,0.10171350752443331
1431,67,1498,0.10174008832102384
1424,67,1491,0.10176453066660204
1415,67,1482,0.10180179864329775
1428,68,1496,0.10185535784691417
1423,69,1492,0.1018764462836566
1426,67,1493,0.10190665312865638
1433,68,1501,0.10192791871578429
1439,70,1509,0.10193182772911545
1436,69,1505,0.10192250300205821
1436,70,1506,0.1019199799133871
1436,69,1505,0.10191799955852959
1428,68,1496,0.10191652899102556
1433,70,1503,0.10193254387708162
1439,69,1508,0.10193649501863465
1441,67,1508,0.10192721439675706
1451,67,1518,0.10191454245454346
1442,68,1510,0.10188158468853795
1431,68,1499,0.1018712269275872
1433,72,1505,0.10188541095830772
1422,73,1495,0.1018938457429007
1416,72,1488,0.10192488495321253
1412,73,1485,0.10196595350976798
1422,75,1497,0.1020123467900003
1420,76,1496,0.10203294354897693
1414,77,1491,0.10205591803780834
1419,75,1494,0.1020904286353341
1426,74,1500,0.10211086803231069
1430,74,1504,0.1021137697305588
1429,75,1504,0.10210805542354992
1409,78,1487,0.10210546715643302
1417,77,1494,0.10214621736477668
1419,76,1495,0.10216626910721584
1413,77,1490,0.1021806035370155
1423,78,1501,0.10220700357297666
1422,78,1500,0.10220996890065877
1434,79,1513,0.10221483631082208
1438,79,1517,0.10219310189065282
1423,77,1500,0.10216465991175112
1420,76,1496,0.1021707920690353
1417,79,1496,0.1021831612405894
1399,79,1478,0.10220102071517491
1412,77,1489,0.10225608830193302
1410,76,1486,0.10227862562326774
1402,76,1478,0.10230279265261072
1400,73,1473,0.1023421814517527
1413,74,1487,0.102382124689962
1432,72,1504,0.10239037140865967
1420,72,1492,0.1023569143186837
1414,73,1487,0.10235229852453784
1429,72,1501,0.10236138006171949
1426,73,1499,0.1023369536863195
1420,70,1490,0.10232104989556298
1428,72,1500,0.10231931026787464
1423,73,1496,0.10230113987606891
1421,72,1493,0.10229529622629215
1426,73,1499,0.1022941899606635
1432,74,1506,0.10228248613863551
1436,76,1512,0.10225895268189183
1425,74,1499,0.102228904567021
1425,75,1500,0.10222545866483436
1415,75,1490,0.10222237929837671
1414,75,1489,0.10224165712284801
1410,77,1487,0.10226181585624959
1408,78,1486,0.10228877059544114
1419,78,1497,0.10231812505134226
1426,76,1502,0.10232099595604133
1425,73,1498,0.10230839050500991
1437,70,1507,0.10229958420988199
1436,70,1506,0.1022652702681198
1438,65,1503,0.1022355505872789
1435,68,1503,0.10220416063838726
1431,71,1502,0.10218173185892233
1431,72,1503,0.10216964293437765
1428,73,1501,0.10215901638410224
1428,72,1500,0.1021553066245638
1427,70,1497,0.10215173069475146
1417,72,1489,0.10215097504583377
1426,72,1498,0.10217160083623249
1422,71,1493,0.10217068030210466
1422,72,1494,0.1021785546344714
1423,72,1495,0.10218615128955666
1424,68,1492,0.10219071630415956
1436,71,1507,0.10219258119369695
1431,70,1501,0.10216835581591788
1424,71,1495,0.10215678246455852
1411,70,1481,0.1021613032679506
1401,70,1471,0.10219398510493992
1401,70,1471,0.10224528628134118
1408,69,1477,0.10229175319662584
1405,70,1475,0.10231898409638411
1406,75,1481,0.10235023840514407
1411,76,1487,0.10237678144599459
1419,76,1495,0.10239058544085228
1415,76,1491,0.10238621564992079
1406,77,1483,0.1023909625195095
1420,79,1499,0.10241519600491018
1414,80,1494,0.10240684249997706
1409,82,1491,0.10241187979237827
1407,82,1489,0.10242744284951427
1390,82,1472,0.10244567310130552
1405,78,1483,0.10249908248856685
1401,79,1480,0.10251537444417819
1409,79,1488,0.10253864879072255
1407,80,1487,0.1025426584355337
1407,80,1487,0.10255068683765634
1420,79,1499,0.10255775994929643
1423,81,1504,0.10253655485327026
1410,76,1486,0.10251100422366505
1412,77,1489,0.10251589494446087
1401,77,1478,0.10251619540283365
1391,77,1468,0.10254003556802627
1410,75,1485,0.1025835688687524
1405,72,1477,0.10258184676378228
1404,75,1479,0.10259127340110984
1415,74,1489,0.10260239198664077
1411,77,1488,0.10258845502901007
1409,80,1489,0.10258468560020556
1423,78,1501,0.10258544075049976
1418,77,1495,0.10255575910991477
1405,81,1486,0.10253926487473562
1387,83,1470,0.10255284362746007
1379,82,1461,0.10260455401806633
1391,81,1472,0.10266958817760909
1410,81,1491,0.10270243112042313
1405,80,1485,0.10269157125935639
1411,81,1492,0.10269302073641434
1417,84,1501,0.10268131277648761
1404,86,1490,0.10265756005278429
1412,86,1498,0.10266370478030293
1400,87,1487,0.10265148326948827
1402,88,1490,0.10266596435817908
1396,88,1484,0.10267470411087537
1405,84,1489,0.10269524879643095
1408,84,1492,0.10269489560901189
1410,84,1494,0.10268832887385852
1405,86,1491,0.10267807836772463
1399,87,1486,0.10267974214861265
1407,85,1492,0.10269415330893264
1402,87,1489,0.1026902600183881
1402,87,1489,0.10269733019249937
1403,84,1487,0.102703928298308
1398,86,1484,0.1027079122522136
1393,87,1480,0.10272207640064185
1384,86,1470,0.10274647218616517
1389,84,1473,0.10278725047096192
1397,85,1482,0.1028140873277978
1397,87,1484,0.10282144353753837
1405,88,1493,0.10282731877577601
1418,89,1507,0.10281611546894716
1400,89,1489,0.10277729428057457
1401,89,1490,0.10278121234542827
1400,91,1491,0.10278282594912742
1418,90,1508,0.10278727842774832
1409,87,1496,0.10275272402460449
1398,88,1486,0.10274065572894915
1397,89,1486,0.10275336375240894
1397,90,1487,0.10276731493033722
1392,90,1482,0.10278018915434814
1400,92,1492,0.10280298212460699
1406,90,1496,0.10280607433270582
1398,93,1491,0.10279576170616313
1394,90,1484,0.1028035525419773
1390,90,1480,0.10282032987206223
1395,89,1484,0.10284429489410762
1384,89,1473,0.1028553436752408
1388,92,1480,0.10288947526254053
1393,92,1485,0.10291227024085994
1390,92,1482,0.10292195359726032
1384,93,1477,0.1029368252614066
1391,94,1485,0.10296328161471197
1401,94,1495,0.10297186594368334
1393,95,1488,0.1029585319033815
1395,93,1488,0.10296409751835317
1387,95,1482,0.10296451995872738
1383,94,1477,0.10298235214540423
1381,97,1478,0.10300716032527671
1387,93,1480,0.1030345398044759
1396,95,1491,0.10304730193154367
1390,93,1483,0.1030395316411266
1388,95,1483,0.1030453618800254
1391,93,1484,0.10305516184480316
1390,93,1483,0.10305830121443726
1382,92,1474,0.1030626898050145
1383,93,1476,0.1030843091197577
1373,94,1467,0.10310178204513885
1376,97,1473,0.10314023838757304
1384,97,1481,0.10316900342812836
1384,97,1481,0.10317786363194628
1389,97,1486,0.10318672697012352
1391,96,1487,0.10318392836811129
1387,92,1479,0.10317725398141388
1386,96,1482,0.10317956144843186
1382,95,1477,0.10318361905595658
1401,96,1497,0.10319679221676825
1398,95,1493,0.10316705968173688
1399,94,1493,0.10314604244452039
1384,91,1475,0.10312467156555921
1393,95,1488,0.10313814830027149
1395,95,1490,0.10313061136676112
1390,99,1489,0.10311938757754344
1387,100,1487,0.10311990370885402
1397,103,1500,0.1031265970844231
1385,102,1487,0.1031111022347373
1380,101,1481,0.10312327228837642
1380,100,1480,0.1031451982866129
1384,101,1485,0.1031651641929304
1392,100,1492,0.10317499753863224
1392,100,1492,0.10316658030973462
1401,102,1503,0.10315903052048657
1391,103,1494,0.10313209876798102
1397,102,1499,0.10312976869983395
1386,102,1488,0.10311533044510139
1383,102,1485,0.10312664007375454
1386,103,1489,0.10314390271150514
1381,102,1483,0.10315317766178485
1384,105,1489,0.10317171347102402
1391,105,1496,0.10318182826868555
1392,107,1499,0.10317641634638981
1396,109,1505,0.10316899757969747
1383,111,1494,0.10315323238705819
1394,111,1505,0.10316694237867317
1403,111,1514,0.10315531148274734
1398,108,1506,0.10312558286696451
1380,107,1487,0.10310911880310521
1377,100,1477,0.10313340606953107
1385,105,1490,0.10316232799020192
1399,103,1502,0.10317048539350593
1393,107,1500,0.10314762271417394
1387,107,1494,0.10314035077577133
1385,109,1494,0.10314620186933893
1395,107,1502,0.10315624949793746
1387,112,1499,0.10314310199770707
1383,114,1497,0.10314908031293399
1373,111,1484,0.10316308987480455
1375,114,1489,0.10319784990183468
1387,113,1500,0.10322598926121891
1378,113,1491,0.10322624195029581
1376,117,1493,0.10324513584450123
1371,118,1489,0.10326696796497015
1358,118,1476,0.10329674168016183
1361,119,1480,0.10335253713791268
1363,116,1479,0.10339674541176314
1368,112,1480,0.10343307451558216
1365,111,1476,0.10345481936695734
1355,111,1466,0.10348140568256442
1347,112,1459,0.10352873461685771
1353,113,1466,0.10358931247354089
1350,118,1468,0.10363144363260596
1363,117,1480,0.10367650183788339
1353,120,1473,0.10368897698794505
1368,120,1488,0.10372300341197059
1371,124,1495,0.10372172317676842
1360,129,1489,0.1037137273912373
1372,124,1496,0.10373097842819617
1360,127,1487,0.10372085635470979
1352,127,1479,0.10373775177710216
1346,131,1477,0.10377123319647445
1356,134,1490,0.10381487744350412
1364,135,1499,0.10383357573231486
1358,132,1490,0.10383438303934224
1359,127,1486,0.1038480925373037
1363,124,1487,0.10385761582687181
1358,129,1487,0.1038582234170829
1364,131,1495,0.10387002803094365
1369,132,1501,0.1038679226746508
1354,127,1481,0.10385490719808688
1369,129,1498,0.10387613526119925
1368,130,1498,0.10386325052588073
1364,133,1497,0.10385384557928201
1373,132,1505,0.10385498615231147
1360,138,1498,0.10383645343606535
1351,135,1486,0.10384785393272505
1349,135,1484,0.10387702901579207
1351,139,1490,0.10390860001357657
1356,136,1492,0.10393314101662593
1348,139,1487,0.10394552354730671
1340,139,1479,0.1039750282250802
1344,143,1487,0.10401976930744582
1341,142,1483,0.10405225161034216
1351,142,1493,0.10408742541222782
1367,142,1509,0.10409802847913859
1365,150,1515,0.10407380869359016
1352,147,1499,0.10405549241806675
1352,143,1495,0.10406687209807036
1355,141,1496,0.10407741775810689
1364,140,1504,0.10408097117663734
1355,146,1501,0.1040654656698966
1355,150,1505,0.10407178052750492
1346,148,1494,0.10407725263561524
1348,148,1496,0.10410170224692644
1351,150,1501,0.10411955064632318
1341,149,1490,0.10412991460634764
1331,149,1480,0.1041603578957222
1341,143,1484,0.10421032746519521
1334,145,1479,0.10423326615667566
1330,145,1475,0.104269979772216
1340,144,1484,0.1043123996555725
1342,144,1486,0.10432967075214467
1335,144,1479,0.10434226184360439
1332,143,1475,0.10436946481155279
1328,145,1473,0.10440138365476867
1336,147,1483,0.10443846371264992
1329,149,1478,0.10445516725209426
1337,150,1487,0.10448530410649605
1338,152,1490,0.1044947660767091
1337,153,1490,0.10450157988367469
1337,157,1494,0.10450989779939006
1349,156,1505,0.10451752490154796
1350,159,1509,0.10449922357205593
1353,158,1511,0.10448104462297117
1343,156,1499,0.1044585059108169
1338,159,1497,0.10445908528898448
1345,156,1501,0.1044717023840871
1341,156,1497,0.10446843695364066
1334,158,1492,0.1044735317682647
1340,158,1498,0.10449426557232347
1337,160,1497,0.10449874030220291
1325,159,1484,0.10451012745079191
1325,160,1485,0.1045475468919345
1326,159,1485,0.10458145548555368
1323,163,1486,0.1046096102338429
1345,159,1504,0.1046421367481955
1337,161,1498,0.10462322723534376
1334,158,1492,0.10462365826814227
1332,161,1493,0.10463040236693982
1317,166,1483,0.10464193973243681
1331,167,1498,0.1046857199253338
1338,170,1508,0.10469429999750034
1342,166,1508,0.10468804323421171
1342,161,1503,0.10467417985399857
1322,164,1486,0.10466175060934699
1314,166,1480,0.10469377765495323
1319,165,1484,0.10473971579687635
1321,165,1486,0.10477026211341206
1318,166,1484,0.10479440197197747
1319,167,1486,0.10482355266421198
1326,169,1495,0.10484671748470813
1335,168,1503,0.10485172682707967
1340,166,1506,0.10483650436598392
1324,165,1489,0.10481195758838269
1324,167,1491,0.10482582400101893
1321,169,1490,0.10483988350828209
1327,170,1497,0.1048592002416407
1327,172,1499,0.1048635187428616
1339,173,1512,0.1048674215578259
1335,169,1504,0.10484504328596589
1327,174,1501,0.1048339872321017
1331,174,1505,0.10484193679745234
1329,178,1507,0.10483922781919439
1324,184,1508,0.10484201056491298
1317,190,1507,0.10485642052028915
1305,190,1495,0.10488542158178062
1303,186,1489,0.10493715858867138
1296,184,1480,0.10498871326385911
1297,187,1484,0.10505241409474203
1303,185,1488,0.10510946267868501
1302,194,1496,0.10514880374181987
1294,194,1488,0.10518718946004806
1300,194,1494,0.10524008616605122
1288,192,1480,0.10527582623935394
1295,190,1485,0.10533583631419054
1290,185,1475,0.10537532435064063
1296,185,1481,0.10542342974097345
1287,189,1476,0.10545294835143366
1297,185,1482,0.10550025041425115
1309,188,1497,0.10552124942619866
1297,191,1488,0.10551351796201999
1296,187,1483,0.10553265784963684
1306,191,1497,0.10555237995418698
1303,191,1494,0.10554929541503281
1321,185,1506,0.10555241520596972
1323,182,1505,0.10551526739651688
1308,179,1487,0.10547650454754925
1319,184,1503,0.10547437574620361
1303,186,1489,0.1054480948168073
1300,189,1489,0.10546028189880002
1302,191,1493,0.10547872726703193
1314,194,1508,0.10549148550559988
1319,186,1505,0.10547635031468831
1314,185,1499,0.10545178358466088
1318,184,1502,0.10544080324765177
1326,177,1503,0.10542148418553143
1327,177,1504,0.10538569858881282
1313,177,1490,0.10535076622845622
1305,181,1486,0.10535039477382341
1307,186,1493,0.10536792904837103
1308,187,1495,0.10537879402484197
1305,188,1493,0.10538808987821181
1310,188,1498,0.1054025706725141
1313,188,1501,0.1054058472105784
1308,188,1496,0.10540145964226527
1307,189,1496,0.10540829894458888
1308,188,1496,0.10541697978057961
1297,188,1485,0.10542445724269149
1299,189,1488,0.10545553501997441
1294,192,1486,0.1054793493948389
1297,194,1491,0.1055115533880029
1299,195,1494,0.10553420816842855
1303,194,1497,0.1055505386280993
1287,198,1485,0.10555759876909232
1295,199,1494,0.10559987549385302
1304,196,1500,0.10562039846222984
1310,199,1509,0.10561976374083507
1314,200,1514,0.10560609554842681
1309,197,1506,0.1055847784191604
1304,195,1499,0.10557587016935022
1306,195,1501,0.10557855792198641
1290,200,1490,0.10557770217106292
1284,202,1486,0.10561206779636047
1291,203,1494,0.1056568324276245
1295,197,1492,0.10568221983718949
1291,199,1490,0.10569660176207982
1292,204,1496,0.1057189255366033
1298,206,1504,0.10573700521480339
1298,209,1507,0.10574057910588235
1283,208,1491,0.10574524870378915
1285,207,1492,0.10578327661692655
1277,208,1485,0.1058127045142022
1292,210,1502,0.10585819285634372
1280,214,1494,0.1058664214606338
1276,211,1487,0.10590128327149272
1278,217,1495,0.10594384907651667
1264,216,1480,0.10597937109920377
1258,217,1475,0.10604284617503072
1257,213,1470,0.10611350334245528
1254,214,1468,0.10618191940997743
1260,212,1472,0.10625057471411127
1273,216,1489,0.10629986096820648
1286,209,1495,0.10631602745834189
1287,211,1498,0.1063026950764516
1276,215,1491,0.10628782480590696
1292,211,1503,0.10629842496842563
1290,210,1500,0.10627304930470136
1284,209,1493,0.10625415572097201
1275,210,1485,0.10625012912245536
1271,215,1486,0.10626677150039525
1284,212,1496,0.10628956160176543
1294,213,1507,0.10628092629432218
1295,209,1504,0.10625113842858998
1287,209,1496,0.10622281080183832
1296,213,1509,0.1062149001111284
1294,218,1512,0.10618820709009746
1294,218,1512,0.10616905587201284
1293,218,1511,0.10615286756681741
1285,218,1503,0.10613944270596515
1287,216,1503,0.10614546734539941
1296,220,1516,0.1061474240588144
1299,214,1513,0.1061298607081282
1300,210,1510,0.10610719942287762
1299,208,1507,0.10608370854950643
1299,212,1511,0.10606344574078584
1278,216,1494,0.10604507412558578
1267,212,1479,0.10607484586151238
1262,210,1472,0.10612663638250901
1274,211,1485,0.10618563903031551
1281,216,1497,0.10621131477345386
1275,216,1491,0.10621897978269912
1263,219,1482,0.10624021982223156
1266,218,1484,0.10628461054543309
1267,222,1489,0.10631832341225003
1275,217,1492,0.10634715932257503
1257,216,1473,0.1063560959358383
1263,220,1483,0.1064038274367892
1259,220,1479,0.10643526692967008
1270,217,1487,0.10647297182734997
1278,222,1500,0.10648289140869803
1282,220,1502,0.10647429756380256
1281,219,1500,0.10645845739893608
1274,222,1496,0.1064457946511293
1274,224,1498,0.10645059322655513
1282,225,1507,0.10645497587964375
1280,225,1505,0.1064411530608616
1282,221,1503,0.1064330953884211
1276,219,1495,0.10642202678018294
1288,225,1513,0.10642485129052905
1277,226,1503,0.10640069613325523
1273,223,1496,0.1064048788759671
1273,225,1498,0.10641816027283353
1265,228,1493,0.10643056419042693
1267,229,1496,0.10646115426560897
1279,228,1507,0.10648487779699725
1273,228,1501,0.10648024818670382
1265,223,1488,0.10648924057960343
1265,225,1490,0.10651718715272879
1259,232,1491,0.10654454145474897
1255,232,1487,0.10658236160430024
1260,229,1489,0.10662650798129769
1265,235,1500,0.10665608267084446
1274,228,1502,0.10667208793120989
1275,231,1506,0.1066659422319271
1277,235,1512,0.10665855270669182
1275,232,1507,0.10664774407219216
1274,236,1510,0.10664254249768534
1257,231,1488,0.10663975898159608
1254,234,1488,0.10667529829881633
1263,232,1495,0.10671415596001595
1267,234,1501,0.10673018166394506
1266,230,1496,0.10673603831289213
1267,234,1501,0.10674419282091119
1260,233,1493,0.1067492818547711
1257,240,1497,0.10677065749784653
1256,242,1498,0.1067959684950428
1263,241,1504,0.10682111778494015
1258,241,1499,0.10682947021199209
1257,241,1498,0.10684751840198542
1256,245,1501,0.10686555547128047
1248,246,1494,0.10688443336503603
1251,243,1494,0.10692024904633135
1250,244,1494,0.10694589152491045
1257,249,1506,0.10697233852857245
1240,247,1487,0.1069796032995227
1240,249,1489,0.10702467572495614
1246,249,1495,0.10706643915113695
1243,250,1493,0.10709165356127336
1236,251,1487,0.10712175632799047
1238,253,1491,0.10716651371280907
1245,254,1499,0.1072014461763711
1250,252,1502,0.10721768312856003
1247,254,1501,0.10722228464977764
1242,254,1496,0.10723371897015195
1246,249,1495,0.10725499784032971
1257,248,1505,0.10726646951334487
1255,250,1505,0.10725110966647006
1265,253,1518,0.10724187065230932
1261,250,1511,0.1072113851228274
1252,250,1502,0.10719264462487922
1260,254,1514,0.10719567819809868
1229,249,1478,0.10718211207946517
1236,247,1483,0.10723786398244602
1241,248,1489,0.10727399875007095
1245,253,1498,0.10729673574896992
1251,253,1504,0.10730867832110952
1255,260,1515,0.10730590733734513
1238,260,1498,0.10729512955540273
1246,263,1509,0.10732478653943633
1242,262,1504,0.1073334177178332
1242,265,1507,0.10735042427148034
1238,266,1504,0.10736478189967384
1229,268,1497,0.10738767330109089
1237,266,1503,0.10742930836532995
1232,261,1493,0.10744975320419053
1221,266,1487,0.10747856078171222
1213,269,1482,0.10753171330905399
1222,266,1488,0.10759697259013137
1221,265,1486,0.10763736929471929
1211,276,1487,0.10767834364571574
1219,286,1505,0.10773842590008068
1223,278,1501,0.10777748816779872
1215,281,1496,0.10780433720766172
1209,278,1487,0.10784564647374133
1205,280,1485,0.10789678037844358
1213,274,1487,0.10795284324186129
1212,277,1489,0.10798711043841273
1200,276,1476,0.10802239637861405
1207,281,1488,0.10808149384361411
1215,289,1504,0.10811998381431896
1216,290,1506,0.10813810719295464
1216,287,1503,0.10815314218286386
1215,285,1500,0.10816691151124892
1220,285,1505,0.1081810882789452
1217,288,1505,0.10818272086906502
1210,291,1501,0.10819085045059466
1205,293,1498,0.10821388029822344
1199,289,1488,0.10824593742311799
1199,292,1491,0.10828943267659444
1203,291,1494,0.10833057957897577
1207,295,1502,0.1083589131150891
1196,299,1495,0.10837574498939886
1182,298,1480,0.10841628047414777
1196,294,1490,0.10848319605314001
1197,289,1486,0.10851348322982624
1200,292,1492,0.10854031864751307
1197,294,1491,0.10855739402557728
1204,295,1499,0.108581081275786
1205,300,1505,0.10858772589260252
1198,303,1501,0.10859208803534898
1196,304,1500,0.10861207130935441
1195,301,1496,0.1086365156786421
1188,299,1487,0.10866098149601688
1180,298,1478,0.10870071011267436
1185,293,1478,0.10875562453701818
1182,296,1478,0.10879380027580005
1192,302,1494,0.10883615976076498
1195,302,1497,0.10885172043614982
1194,301,1495,0.10885915981595871
1180,301,1481,0.10886800355770011
1176,306,1482,0.10890784749087784
1180,304,1484,0.10895231761915483
1191,305,1496,0.10898555059052224
1208,306,1514,0.10899047931212143
1204,305,1509,0.108957006158561
1200,301,1501,0.10893607089956191
1197,299,1496,0.10892657003492978
1196,297,1493,0.10892497507864352
1210,299,1509,0.10892412827617218
1211,294,1505,0.10889318184517069
1195,297,1492,0.10886101047321645
1197,297,1494,0.10886828873756826
1193,293,1486,0.10887014105049726
1203,294,1497,0.10888074890392616
1193,294,1487,0.1088688994462958
1183,294,1477,0.10887941411113503
1202,302,1504,0.10891256157734067
1201,307,1508,0.10890031529340241
1198,300,1498,0.10889164772845465
1202,302,1504,0.10889025487611452
1193,299,1492,0.10888058582081067
1199,301,1500,0.10889110220531303
1190,298,1488,0.10888662710154755
1185,301,1486,0.10890408625630715
1194,302,1496,0.10893129630096449
1205,302,1507,0.10893591310281682
1201,300,1501,0.10891407170001872
1198,302,1500,0.10890254737667543
1203,298,1501,0.10889979643726329
1204,298,1502,0.10888599196682079
1207,304,1511,0.1088714537752233
1207,303,1510,0.10885079798603271
1203,303,1506,0.1088332375484749
1203,305,1508,0.10882688488274907
1186,303,1489,0.10882023552718817
1196,304,1500,0.10885320276457305
1205,303,1508,0.10886052349181514
1202,306,1508,0.10884819191879674
1199,306,1505,0.10884416718235826
1186,310,1496,0.10884607545810361
1176,315,1491,0.10887904717982753
1183,315,1498,0.10893058300910194
1178,310,1488,0.10896319056661925
1191,316,1507,0.10900419406044069
1192,313,1505,0.1090125980834214
1178,313,1491,0.10901881605194957
1181,321,1502,0.10905708141242453
1165,319,1484,0.10908349386230999
1177,319,1496,0.10914471221823291
1169,322,1491,0.10917549957575906
1175,321,1496,0.10922394505675477
1172,333,1505,0.10925452668694287
1166,333,1499,0.10929026300996363
1165,337,1502,0.10933686617858322
1165,328,1493,0.10938107440093812
1162,340,1502,0.10942193521853703
1159,339,1498,0.10946558000952741
1163,337,1500,0.10951236438746235
1155,335,1490,0.10954685626058158
1146,336,1482,0.10959587002451865
1154,336,1490,0.10966095521608633
1141,341,1482,0.10970307516624077
1145,343,1488,0.10977100505552886
1138,339,1477,0.10982323283307689
1148,334,1482,0.10988648289392118
1148,339,1487,0.10992164503223383
1154,340,1494,0.1099545487364321
1155,339,1494,0.1099704874508393
1142,341,1483,0.10998543495910319
1158,348,1506,0.11002874927537867
1161,345,1506,0.11003148314245711
1166,347,1513,0.11002785817333509
1175,350,1525,0.11001355194879128
1170,343,1513,0.1099792872130085
1177,337,1514,0.10995958279644333
1160,343,1503,0.10992662056650829
1161,345,1506,0.10993269409798984
1168,341,1509,0.10993679990469726
1162,344,1506,0.10992594644687445
1158,340,1498,0.1099292935556197
1160,340,1500,0.10994132387862467
1158,345,1503,0.10994764396603518
1151,343,1494,0.1099587443170051
1151,346,1497,0.10998503236067059
1155,340,1495,0.11000751692096623
1150,343,1493,0.11002147947389976
1152,342,1494,0.11004559909099021
1146,353,1499,0.11006288055507901
1142,353,1495,0.11009250734867931
1138,350,1488,0.11012903758428991
1141,348,1489,0.11017230583744678
1133,354,1487,0.11020428023939996
1121,355,1476,0.11025209646199788
1118,359,1477,0.11032340642970731
1116,366,1482,0.11039627824289656
1107,366,1473,0.11046805743652686
1108,371,1479,0.1105543384381516
1110,371,1481,0.11063209760819522
1111,374,1485,0.11069914984370165
1121,381,1502,0.11075798368199781
1124,375,1499,0.11079079100998417
1122,378,1500,0.11081631336495215
1136,378,1514,0.11084437709027055
1130,372,1502,0.11083911818298929
1116,373,1489,0.11084737442255496
1113,373,1486,0.11088827335327844
1107,383,1490,0.1109337498324929
1103,386,1489,0.11098924872126488
1112,379,1491,0.1110492721304968
1116,384,1500,0.11108433348244674
1103,391,1494,0.11110630608014761
1100,390,1490,0.11115744982542938
1099,393,1492,0.11121133953736564
1101,389,1490,0.11126273536281651
1116,388,1504,0.11130755194626034
1124,395,1519,0.11131306935618285
1122,395,1517,0.11130084226700702
1123,392,1515,0.11129455310320978
1117,395,1512,0.11128732379687012
1126,388,1514,0.11129444029340299
1119,396,1515,0.11128074766754065
1125,399,1524,0.11128601403188565
1118,395,1513,0.11127735108039317
1117,395,1512,0.11128578204076575
1118,394,1512,0.1112975491561476
1111,387,1498,0.11130688882149674
1109,388,1497,0.11133073449545186
1110,393,1503,0.11135638177482957
1105,392,1497,0.11137875672488154
1094,389,1483,0.1114107597728712
1085,393,1478,0.11146417279663258
1087,393,1480,0.11153467347133632
1095,394,1489,0.11159295276766126
1096,400,1496,0.11162885230809012
1099,409,1508,0.11165959124752294
1099,403,1502,0.1116838753362735
1080,400,1480,0.11170744361012823
1073,397,1470,0.11177216318294227
1080,398,1478,0.11184960217110568
1086,399,1485,0.11190434412081415
1082,397,1479,0.11194065739371524
1086,399,1485,0.11198430311373386
1097,405,1502,0.11201599235094443
1111,405,1516,0.11202039703798784
1102,402,1504,0.1119928701127374
1098,397,1495,0.11198822983558337
1099,398,1497,0.11199452836444099
1100,397,1497,0.11199627324052223
1105,407,1512,0.11199676862236316
1100,398,1498,0.11198737121351054
1089,405,1494,0.11199063953163649
1090,408,1498,0.11201918127198363
1086,410,1496,0.11204223502357438
1075,407,1482,0.1120730989589471
1090,415,1505,0.1121243104938671
1082,414,1496,0.11213787858566303
1080,421,1501,0.11216955927878285
1087,414,1501,0.11220215228860234
1076,412,1488,0.11221670945030071
1072,412,1484,0.1122531900237496
1088,417,1505,0.11229686243406771
1095,420,1515,0.11230057891050467
1095,418,1513,0.11228800774798514
1086,418,1504,0.11227909836499149
1086,415,1501,0.11229119559117923
1078,427,1505,0.11230423358217745
1063,419,1482,0.11233455796381907
1073,423,1496,0.11239510974233002
1071,429,1500,0.11242884613372846
1064,425,1489,0.11246470223332902
1073,420,1493,0.11251339403887582
1071,414,1485,0.11253751653226703
1074,414,1488,0.11256190424237099
1064,407,1471,0.11257616876323409
1065,417,1482,0.1126128150957647
1059,421,1480,0.1126452517648039
1074,415,1489,0.11268803250670822
1068,421,1489,0.11269472686493064
1062,420,1482,0.11271536934836003
1077,417,1494,0.11274844279686715
1085,427,1512,0.11274546637954654
1088,427,1515,0.11272456463749142
1073,421,1494,0.11269967668855382
1064,418,1482,0.11271111692418581
1067,409,1476,0.11274354904706602
1071,411,1482,0.11276696022808914
1065,422,1487,0.11277878065106091
1060,427,1487,0.11280434792050514
1055,432,1487,0.11283992382700918
1046,434,1480,0.11288607485592912
1048,437,1485,0.11295122243649353
1057,444,1501,0.11300676497050331
1051,444,1495,0.11303647457978633
1061,444,1505,0.11307652335787186
1062,444,1506,0.1130918904238296
1056,440,1496,0.11310371913117749
1055,443,1498,0.11312944587500035
1059,444,1503,0.11315633063675481
1053,446,1499,0.11316920980258052
1068,449,1517,0.11319597270530672
1067,442,1509,0.11318701923270204
1056,446,1502,0.11318210681626706
1056,450,1506,0.11320231483553111
1049,442,1491,0.11322033703307544
1053,435,1488,0.1132518800364063
1051,434,1485,0.11327251005395653
1050,433,1483,0.11329768306221805
1053,438,1491,0.11332419836582666
1059,434,1493,0.11334160221559142
1057,435,1492,0.11334444867057257
1067,435,1502,0.11334998305077786
1056,439,1495,0.11333273725873848
1056,438,1494,0.11334307679271358
1055,444,1499,0.11335201159653867
1056,451,1507,0.1133641846278627
1064,442,1506,0.11337308426335772
1064,441,1505,0.11336179340019373
1068,436,1504,0.11335350062882003
1066,434,1500,0.11333601287358615
1072,432,1504,0.113324926139636
1058,444,1502,0.11329923112402791
1058,443,1501,0.11330922951125029
1053,437,1490,0.11331799485224696
1052,440,1492,0.1133369165910593
1041,436,1477,0.11335842430643166
1036,438,1474,0.11340200357809813
1035,443,1478,0.11345369945409711
1047,445,1492,0.11350438611537751
1038,444,1482,0.11352427265351789
1048,444,1492,0.11356397561226622
1048,444,1492,0.11357762762952593
1049,446,1495,0.11358822801631228
1047,444,1491,0.11359470620214963
1051,453,1504,0.11360683317349374
1052,451,1503,0.11360820408078608
1064,454,1518,0.11360748200656473
1057,452,1509,0.11358089984393965
1051,452,1503,0.11357266832135253
1053,458,1511,0.11357939529025057
1048,454,1502,0.11358169815570383
1062,454,1516,0.11359258521902164
1056,452,1508,0.11357043753713203
1052,447,1499,0.1135649764362626
1057,452,1509,0.11356873300009143
1051,449,1500,0.11356074948844441
1047,443,1490,0.1135674663032331
1038,448,1486,0.113581770759742
1047,451,1498,0.11361651183485934
1053,448,1501,0.11362599880181279
1051,441,1492,0.11361972627748157
1055,438,1493,0.11361870660032639
1068,445,1513,0.1136084238934039
1061,446,1507,0.1135697659675409
1053,442,1495,0.11354965023039734
1060,430,1490,0.11354798720364125
1060,432,1492,0.11353122072753034
1055,436,1491,0.11351488603602997
1057,442,1499,0.11351117920027579
1060,448,1508,0.1135031996650832
1061,443,1504,0.11349004156940373
1060,444,1504,0.11347594122636444
1067,444,1511,0.11346513597989998
1053,445,1498,0.11344128818258582
1051,449,1500,0.11345209447671988
1057,443,1500,0.11346821748408054
1057,443,1500,0.11346879120694126
1050,453,1503,0.11346917496832168
1056,465,1521,0.11348470035776569
1046,466,1512,0.11348604553727462
1032,463,1495,0.11351096077916673
1042,470,1512,0.11356586103343844
1036,461,1497,0.11359379676257714
1040,456,1496,0.11363398917810738
1038,462,1500,0.11366254828955252
1039,461,1500,0.11369316776887843
1046,462,1508,0.11371873044023532
1052,460,1512,0.11372707057507575
1048,455,1503,0.11371967503156251
1052,454,1506,0.11372249681033061
1048,454,1502,0.11371546166022817
1052,450,1502,0.11371874168539428
1056,458,1514,0.11371200721754253
1058,460,1518,0.11369702093597917
1059,455,1514,0.11367676331734561
1060,452,1512,0.11365735683764822
1050,452,1502,0.11363733468733461
1048,448,1496,0.11364158469708513
1048,446,1494,0.11364930902337568
1044,448,1492,0.11365372692824019
1044,458,1502,0.11366764785528825
1026,461,1487,0.1136805731374189
1027,462,1489,0.1137327172502285
1014,460,1474,0.11377929867436164
1019,463,1482,0.11385339275981295
1035,464,1499,0.11391240091932264
1045,469,1514,0.11392918791112056
1042,469,1511,0.11392275718129367
1042,466,1508,0.11392446823759066
1035,461,1496,0.11392528294130946
1038,461,1499,0.11394400926230511
1035,466,1501,0.1139532578912005
1041,464,1505,0.1139677081809298
1031,461,1492,0.11396717487593051
1032,454,1486,0.1139915210200683
1031,461,1492,0.11401126448603364
1032,460,1492,0.11403181295028339
1030,464,1494,0.11404843509110466
1019,466,1485,0.11406888609748521
1021,463,1484,0.1141109946260713
1016,469,1485,0.11414700980875074
1024,469,1493,0.11419173336675581
1028,459,1487,0.1142166698144769
1036,464,1500,0.11422933219509573
1037,466,1503,0.11422241800731267
1038,464,1502,0.11421281314069649
1037,465,1502,0.11420260974066723
1039,466,1505,0.1141970296306053
1038,458,1496,0.11418863037646275
1036,468,1504,0.11418311036317746
1032,464,1496,0.11418188085846706
1022,463,1485,0.11418893215914543
1020,458,1478,0.11421799546916872
1034,454,1488,0.11424976854530992
1022,458,1480,0.11424732823142471
1028,461,1489,0.11427114895292605
1025,462,1487,0.11427826732207094
1017,456,1473,0.1142925100362047
1013,467,1480,0.11432559705031725
995,459,1454,0.11436595958393514
999,466,1465,0.11444407449670864
1009,474,1483,0.11450788340113291
1021,472,1493,0.11454194187668289
1025,467,1492,0.1145472405205453
1032,465,1497,0.11454372502010023
1018,467,1485,0.11452514576509469
1025,462,1487,0.11453907469577004
1009,472,1481,0.11453438496464736
1014,477,1491,0.11456636534035941
1022,484,1506,0.11458525839931767
1042,481,1523,0.11458499583587439
1032,482,1514,0.11453985429424911
1017,483,1500,0.11452262765702531
1006,481,1487,0.11454194585348726
999,481,1480,0.1145868031907122
1001,475,1476,0.11464479208416414
1013,476,1489,0.11469229961001023
1018,483,1501,0.11470849112174086
1016,488,1504,0.11471182507279191
1008,494,1502,0.11472168934798671
1005,496,1501,0.11475013475112213
1008,492,1500,0.11478381209883799
1003,493,1496,0.11480752768381251
1005,491,1496,0.11484143758376515
998,496,1494,0.1148672519016084
1002,492,1494,0.11490649668423507
993,483,1476,0.11493340408018636
1000,487,1487,0.11497677601927567
1000,489,1489,0.11500204921588253
1013,491,1504,0.11502325920409202
1012,495,1507,0.11501289292547553
1005,494,1499,0.11500700861718194
1008,499,1507,0.11501696303994038
1009,498,1507,0.11502034067866757
1008,496,1504,0.11502348120000196
1006,488,1494,0.11502896483056421
996,489,1485,0.11503852221416261
998,491,1489,0.11506711945480483
996,492,1488,0.11508921344429886
1002,489,1491,0.1151155369444487
999,493,1492,0.11512867005488285
998,494,1492,0.11514908061868756
1004,493,1497,0.11517062292325665
1009,496,1505,0.1151787935160647
1021,497,1518,0.11517576703480974
1026,496,1522,0.11514519911203648
1004,499,1503,0.11510712511798865
1019,497,1516,0.11512400903090622
1020,495,1515,0.11510453255724151
1014,495,1509,0.11508472564002917
1012,490,1502,0.11508177046121143
1007,489,1496,0.11508151070963528
1008,490,1498,0.11509145663869125
1011,489,1500,0.11509946850999611
1010,485,1495,0.11509840114079158
1006,488,1494,0.11510069222515718
1004,481,1485,0.11511352353209499
998,484,1482,0.11513035333717819
1003,482,1485,0.11515740993466282
1003,487,1490,0.11517135238250617
1003,482,1485,0.11518302930246273
1016,491,1507,0.11519399942907274
1012,492,1504,0.11517458180578784
1020,490,1510,0.1151670883778547
1024,492,1516,0.11514250615656735
1008,491,1499,0.11510957231485985
1011,482,1493,0.1151159173277934
1005,493,1498,0.11511476637581276
1009,503,1512,0.11512745694131078
998,497,1495,0.11513064757338076
993,497,1490,0.11515998076012149
992,499,1491,0.11519800255012312
993,500,1493,0.11523683022702581
1001,506,1507,0.11526817181767549
998,502,1500,0.11527989812469076
999,506,1505,0.11529682975307826
991,501,1492,0.11530900209909557
1000,505,1505,0.11533807541960886
994,502,1496,0.11534429744772638
994,513,1507,0.11536366807272719
993,513,1506,0.11538237510366312
990,512,1502,0.11540233570358652
994,515,1509,0.11542754922341103
983,515,1498,0.11544258110819429
987,508,1495,0.11548171006425242
983,505,1488,0.11550951015943216
984,509,1493,0.11554387396172544
985,505,1490,0.11557364312796453
985,499,1484,0.11559903190063242
972,504,1476,0.11562374505906638
986,499,1485,0.11567502544374414
984,503,1487,0.11568986300961452
989,500,1489,0.11570870194094289
981,505,1486,0.11571506436089937
990,504,1494,0.11573982419701168
991,503,1494,0.1157408911014526
984,507,1491,0.11573880743322298
987,509,1496,0.11575242345651926
987,513,1500,0.11575622768687566
988,508,1496,0.11576140019700251
972,521,1493,0.11576637565712539
970,520,1490,0.11580919185151325
966,524,1490,0.11585319050324408
963,524,1487,0.1159035690790038
964,523,1487,0.11595947721001611
971,527,1498,0.11600959759310178
968,523,1491,0.11603969595573624
977,519,1496,0.11607359950862346
973,529,1502,0.11608512214363645
975,526,1501,0.1161049867068403
977,533,1510,0.11611836358581197
974,528,1502,0.11612689537941895
959,527,1486,0.11614108234529198
961,535,1496,0.11618719017708505
964,533,1497,0.1162235948418967
973,529,1502,0.11625081310291335
964,533,1497,0.1162543482287525
961,533,1494,0.11627897884899568
955,528,1483,0.1163097395916775
952,530,1482,0.11635285386804767
954,538,1492,0.1164001055929169
961,541,1502,0.11643890986927213
965,539,1504,0.11645784436629154
970,544,1514,0.11646738690605812
971,538,1509,0.11646388575068631
967,540,1507,0.11645759685068124
967,535,1502,0.11646109375787876
960,545,1505,0.11646542100690431
958,536,1494,0.11648599737354023
951,531,1482,0.1165130791073517
949,531,1480,0.11655531592973292
956,535,1491,0.11659865143037598
966,539,1505,0.11662146983151331
966,548,1514,0.1166204158697478
974,548,1522,0.11662001935951395
969,549,1518,0.11660134537321096
979,552,1531,0.11659776418610662
968,550,1518,0.11657335240623684
964,542,1506,0.11657526457447083
963,550,1513,0.1165867075712351
961,557,1518,0.11660018049097118
951,555,1506,0.1166194461835268
948,556,1504,0.11666089844874296
937,559,1496,0.11670672713084912
935,566,1501,0.11677575741788665
942,562,1504,0.11684471748430827
948,552,1500,0.11689097536763729
947,556,1503,0.11692061291862255
947,557,1504,0.1169495662345415
936,561,1497,0.11697614335876452
936,557,1493,0.11702806413382566
928,565,1493,0.117075761884159
943,567,1510,0.11713853620453683
944,570,1514,0.11716208006287769
935,572,1507,0.11718115873269185
940,567,1507,0.11721809496710929
927,568,1495,0.11724119253312099
926,564,1490,0.11729353016003831
933,564,1497,0.11734354902984659
933,566,1499,0.11737262721692378
938,566,1504,0.11740208016571145
935,572,1507,0.11741887777329835
937,571,1508,0.1174430983335647
937,576,1513,0.1174595846003912
937,575,1512,0.11747504661821637
930,576,1506,0.11748919911204016
927,580,1507,0.11752045751704404
929,577,1506,0.11755572553708082
932,580,1512,0.11758355887402214
920,583,1503,0.11760222763569861
920,586,1506,0.11764750577133817
929,582,1511,0.11769175707803271
924,584,1508,0.11771196690484466
918,591,1509,0.11774475129278439
920,581,1501,0.1177897421237705
923,572,1495,0.11782570979026477
914,575,1489,0.117851347870013
909,572,1481,0.11789634185959524
912,571,1483,0.11794907237935336
921,574,1495,0.11798963461715334
929,573,1502,0.11800526651366748
926,578,1504,0.11800147505074526
927,577,1504,0.11800333717960448
925,579,1504,0.11800244924593976
924,578,1502,0.11800732111019069
934,579,1513,0.11801445787784295
915,588,1503,0.11799924254741438
920,578,1498,0.11803003908743592
909,583,1492,0.11804717298930875
911,590,1501,0.11809042768402069
909,592,1501,0.1181258223820692
912,592,1504,0.11816501590124961
921,592,1513,0.1181930124546671
915,599,1514,0.11819852635100879
917,591,1508,0.11821667076924083
921,588,1509,0.11822925941559578
915,592,1507,0.11823280651064763
921,596,1517,0.11825087425949668
907,596,1503,0.11825280873156828
911,588,1499,0.11828763098564718
897,590,1487,0.11831195098245878
909,586,1495,0.11837010001348838
906,592,1498,0.11839541332009963
900,598,1498,0.11842592705048621
901,609,1510,0.11846802966820075
896,615,1511,0.11850528230133925
893,611,1504,0.11855072494592958
893,604,1497,0.1186018609277276
887,606,1493,0.1186517658524213
900,603,1503,0.11871006877729191
900,603,1503,0.1187318435321324
907,607,1514,0.11875142813683467
908,607,1515,0.11875571394425212
908,604,1512,0.11876036825167971
903,611,1514,0.11876450746570746
894,615,1509,0.11878069964886373
902,604,1506,0.11881525065408828
885,603,1488,0.11883065612568462
896,600,1496,0.1188831871801861
904,612,1516,0.11890703622094914
910,612,1522,0.11891119297400962
899,604,1503,0.11890165016968375
893,607,1500,0.11891743540044467
904,615,1519,0.11894589124480028
886,612,1498,0.11894703837424064
895,615,1510,0.1189918547799699
894,611,1505,0.11901275899895632
884,607,1491,0.11903403780500295
873,600,1473,0.11907637974212694
873,608,1481,0.11914196899856919
879,609,1488,0.11920259578520981
889,603,1492,0.11924519521901741
897,605,1502,0.11926277761920097
893,609,1502,0.11926079561972007
897,610,1507,0.11926911330441899
894,604,1498,0.11926894815556782
890,608,1498,0.11927554676615088
894,604,1498,0.11929331995409714
895,602,1497,0.11929996147792428
895,604,1499,0.11930166833632255
894,602,1496,0.11930324148692784
888,595,1483,0.11930749927345292
873,604,1477,0.11932508608687485
872,604,1476,0.11937546687139243
881,606,1487,0.11942340786088973
883,606,1489,0.11944818932374623
891,610,1501,0.11946600650180422
882,611,1493,0.11946575055443429
889,618,1507,0.1194880450499673
893,616,1509,0.11949218266312941
887,606,1493,0.11948910875510844
891,604,1495,0.11949946090563049
896,618,1514,0.11949874728730389
893,617,1510,0.11948750277045839
896,619,1515,0.11948442872926193
883,612,1495,0.11947436677733152
873,616,1489,0.11949658215200143
864,618,1482,0.11953841578661738
877,615,1492,0.11959658018942551
891,613,1504,0.11962029050007997
887,606,1493,0.11960972950117643
880,610,1490,0.11961041355139923
874,608,1482,0.11962551310280727
887,614,1501,0.11965562274236806
890,623,1513,0.11965395153202828
875,615,1490,0.11964584718545344
878,612,1490,0.11967381939178864
881,615,1496,0.1196932140780099
888,613,1501,0.11970265282719854
892,611,1503,0.1196969114176704
882,618,1500,0.11968217259707355
891,616,1507,0.11969245136439981
891,625,1516,0.11968262688484531
892,619,1511,0.11967286582398894
886,628,1514,0.11966330049347892
877,626,1503,0.11967101923589517
878,628,1506,0.11969866876840163
870,638,1508,0.11972171466408739
867,625,1492,0.11976134394563397
872,625,1497,0.11980510709663524
863,624,1487,0.11983389091092611
863,628,1491,0.11988177175870719
865,627,1492,0.11992465632738693
855,621,1476,0.1199603354034479
855,630,1485,0.12001709670251941
855,631,1486,0.1200688625035285
856,644,1500,0.12011842020436639
849,653,1502,0.1201635067670977
858,642,1500,0.12022111473741168
865,643,1508,0.12025398434094788
867,640,1507,0.12026875670694587
870,635,1505,0.12027601919407908
869,631,1500,0.12027605940638515
865,636,1501,0.12027582418060469
870,627,1497,0.12028618765678085
868,633,1501,0.12028733156157644
856,634,1490,0.12029370027358846
860,634,1494,0.12032696934166878
851,635,1486,0.12034912440810372
851,640,1491,0.12038932668458202
845,637,1482,0.12042625607703736
850,631,1481,0.12047336485339027
849,639,1488,0.12050586926472918
849,636,1485,0.12053805357818302
864,637,1501,0.12056817509125467
866,641,1507,0.12055939779145187
861,639,1500,0.12054797953508153
858,635,1493,0.12055035335301699
863,630,1493,0.12055947932253396
859,628,1487,0.12055694215160428
858,636,1494,0.1205624424952943
858,636,1494,0.12057093242347111
869,631,1500,0.12058032612744553
864,643,1507,0.12056491787005097
870,647,1517,0.12055928770736368
875,647,1522,0.1205406117536706
872,649,1521,0.12051285887353619
860,645,1505,0.12049537330681868
854,650,1504,0.12050673971424403
848,649,1497,0.12053013114887592
847,654,1501,0.12056788500117306
848,659,1507,0.1206070745048942
836,655,1491,0.12064098529537916
843,664,1507,0.12070117364136664
844,662,1506,0.12074014738968049
844,661,1505,0.12077523045027413
845,663,1508,0.12080649671172798
850,652,1502,0.12083405974775585
856,657,1513,0.12084964153463108
853,657,1510,0.12084990412435925
847,656,1503,0.12085821436551594
852,656,1508,0.12087772720751445
849,654,1503,0.12088454245479173
844,654,1498,0.1208984341666306
835,656,1491,0.12092340405402624
835,664,1499,0.12096792673941675
841,655,1496,0.12101057386786022
845,658,1503,0.12103542414978737
840,655,1495,0.12104976671204785
840,659,1499,0.1210739816090423
833,659,1492,0.12109525390232108
847,662,1509,0.12112938543425435
847,662,1509,0.12112919302605968
841,667,1508,0.1211305320473236
848,668,1516,0.12114707873546732
842,667,1509,0.12114429541302256
843,659,1502,0.12115363065855864
840,652,1492,0.1211590073936122
848,654,1502,0.12117295186910146
850,653,1503,0.12116414771443373
854,653,1507,0.12115284526733873
869,662,1531,0.12113140202349594
855,659,1514,0.12107717594808945
850,650,1500,0.12106055290301866
840,655,1495,0.12105821423780588
839,660,1499,0.12108037527107683
835,662,1497,0.1211011171588703
843,656,1499,0.1211307113650547
852,656,1508,0.12113784456839508
862,666,1528,0.12112257569436113
854,666,1520,0.12108623585325677
857,655,1512,0.12106918193635764
858,650,1508,0.12104661764427967
840,646,1486,0.12102354231128881
843,648,1491,0.12104504370850845
845,653,1498,0.12105745488053782
847,661,1508,0.12106416935633652
844,653,1497,0.12106627351204478
842,661,1503,0.12107706112172054
845,671,1516,0.12109071878755916
848,675,1523,0.12109595015731944
839,670,1509,0.12109498386538903
836,662,1498,0.12111521189344876
836,664,1500,0.12114115603177282
835,661,1496,0.1211630166405811
830,653,1483,0.12118659159403534
822,661,1483,0.12122090334166209
830,673,1503,0.12127117251267419
824,667,1491,0.1212994708112944
826,670,1496,0.12133849113389095
821,667,1488,0.12137024675042983
822,668,1490,0.1214107840443666
823,661,1484,0.12144388876866415
828,674,1502,0.12147293168612842
826,669,1495,0.12148835828802124
837,673,1510,0.1215093596041229
828,669,1497,0.12150404480205176
828,669,1497,0.12151851640606387
824,672,1496,0.12153185932558896
841,667,1508,0.12155440053584496
846,674,1520,0.12153581456215988
850,668,1518,0.12150798646389326
847,667,1514,0.1214711833521088
841,666,1507,0.12144294599072956
833,664,1497,0.12143024291942037
830,672,1502,0.12143744796606412
830,668,1498,0.12145174041663605
830,673,1503,0.12146618315277688
831,671,1502,0.12147970059023601
834,673,1507,0.1214904370945403
829,666,1495,0.12149410408894809
819,664,1483,0.12150840084317113
828,668,1496,0.12154418753500469
824,669,1493,0.12155635600020859
818,668,1486,0.12157707962606241
815,670,1485,0.12161179620991376
809,676,1485,0.12165312559380728
808,673,1481,0.12170274292498838
813,669,1482,0.12174963565213964
820,677,1497,0.12178022678443699
811,684,1495,0.12179103407085949
808,679,1487,0.12182343319261381
816,685,1501,0.12186023236987921
817,685,1502,0.12187681432006947
808,685,1493,0.12189039820546083
811,691,1502,0.1219239692203163
806,691,1497,0.12194935463401499
817,689,1506,0.12198351234445091
816,687,1503,0.1219917118954645
809,690,1499,0.12200024706407613
815,691,1506,0.12202735819264018
822,697,1519,0.12203935218398473
811,690,1501,0.12203469058936924
809,692,1501,0.12205622275726499
797,690,1487,0.12208252075385335
809,688,1497,0.12213463093751656
813,693,1506,0.12215460395622038
817,700,1517,0.12216363008481229
805,700,1505,0.12216148718548231
807,696,1503,0.12218834693141753
808,697,1505,0.12221035297459591
814,696,1510,0.12222871544057437
813,694,1507,0.12223118460603591
811,692,1503,0.12223531316461049
803,689,1492,0.12224443517824454
799,689,1488,0.12227073592682061
805,707,1512,0.12230533756800342
816,698,1514,0.12232456687362689
815,687,1502,0.12231707393405539
810,685,1495,0.12230993518180241
809,698,1507,0.12231506193683897
811,703,1514,0.12232137632832901
809,704,1513,0.12232380612193282
810,699,1509,0.12233004405229382
804,707,1511,0.1223349531249224
809,701,1510,0.1223542125339719
814,696,1510,0.12236000630741657
810,693,1503,0.1223537311712443
810,698,1508,0.1223579532204566
808,695,1503,0.12235994737852302
807,703,1510,0.12236722313576301
810,704,1514,0.12237555529664608
801,704,1505,0.1223759738944124
801,703,1504,0.1223965856591448
795,704,1499,0.12241483353779409
802,700,1502,0.12244526613088157
806,712,1518,0.12245741851871518
812,707,1519,0.12246121052943158
807,704,1511,0.1224505600331331
812,701,1513,0.12245161771468176
813,699,1512,0.12244143476166901
811,705,1516,0.12243040702890257
819,704,1523,0.12242526250232107
810,698,1508,0.12240203870795824
805,697,1502,0.12240315965896625
807,702,1509,0.12241708406172275
807,710,1517,0.12242731531184109
803,711,1514,0.12243765562187163
806,701,1507,0.12245681724996876
809,704,1513,0.12246650446480546
803,704,1507,0.1224699937177759
787,706,1493,0.1224861363452353
786,708,1494,0.12253783428604231
792,711,1503,0.12258622450269029
793,703,1496,0.12261925538026798
804,703,1507,0.12264694915154216
803,707,1510,0.12264735972503107
808,708,1516,0.1226500721182495
803,715,1518,0.12264037698297331
795,716,1511,0.12264523816020369
789,699,1488,0.12266822185945153
797,708,1505,0.12270496183157366
794,715,1509,0.12272006699678556
796,713,1509,0.12273971697944404
796,721,1517,0.12275423502399999
788,719,1507,0.12276779304831274
781,716,1497,0.12279815190714938
779,719,1498,0.12284230815413999
780,715,1495,0.12288615575750632
781,721,1502,0.12292228212536564
787,712,1499,0.122952090343444
788,710,1498,0.12296581655081408
798,702,1500,0.1229788447960946
792,714,1506,0.12296808834689366
789,721,1510,0.12297241037753599
782,725,1507,0.1229809614340127
788,723,1511,0.12300547665261145
789,721,1510,0.12301604467818965
783,722,1505,0.12302245019732354
779,722,1501,0.12304276822483196
791,717,1508,0.12307057954281078
782,712,1494,0.12307049203973541
785,726,1511,0.12309164425033964
779,727,1506,0.12310265272649348
780,718,1498,0.12312661313476847
786,722,1508,0.12314678918095222
794,717,1511,0.12314931498810726
797,718,1515,0.12313325463637373
793,717,1510,0.12311025474470673
796,720,1516,0.12309974769326694
795,717,1512,0.12308391934032609
787,717,1504,0.12307225732047587
788,717,1505,0.12308033988643555
792,698,1490,0.12308363406142618
788,704,1492,0.12307604837138282
784,706,1490,0.12308120673050403
781,704,1485,0.12309659464682678
785,719,1504,0.12311730125143956
787,725,1512,0.12312548192926588
790,718,1508,0.12312887449188559
792,716,1508,0.12312610306884895
793,717,1510,0.12311620409157903
787,718,1505,0.1231043322119959
780,708,1488,0.12310738865262241
783,722,1505,0.12312730861443921
785,718,1503,0.12313742935341394
791,716,1507,0.12314194206531398
787,710,1497,0.12313151933163446
787,717,1504,0.12313179065797947
781,729,1510,0.12313200733540777
789,725,1514,0.12314604159717607
782,727,1509,0.12314194520756022
792,723,1515,0.12315556263655987
790,714,1504,0.12314429602235762
789,716,1505,0.12313900235110026
787,709,1496,0.12313402285618419
795,708,1503,0.12313756057056295
801,717,1518,0.123120837133878
803,723,1526,0.12309091150022919
799,716,1515,0.1230568021175838
795,723,1518,0.12303488173572717
798,706,1504,0.12302469839313261
805,712,1517,0.12300854006871889
796,710,1506,0.12297904056662233
789,715,1504,0.12297116211105567
785,708,1493,0.12298087688058314
789,715,1504,0.12299976428859974
793,707,1500,0.12300728928770926
778,716,1494,0.12300414467362447
776,707,1483,0.12303709708166163
785,717,1502,0.12307193817158164
778,713,1491,0.12308353650826696
774,714,1488,0.12311229554270292
777,713,1490,0.12314820191093975
780,716,1496,0.12317687621311058
772,724,1496,0.12319656035372184
775,725,1500,0.12323409006048536
785,721,1506,0.12326078814168336
780,722,1502,0.12326182686209063
778,714,1492,0.12327353990463104
783,707,1490,0.12328838787178857
780,705,1485,0.12329135388464475
782,712,1494,0.12330166559737772
785,707,1492,0.12330565603536506
796,718,1514,0.12330325048892998
784,719,1503,0.12327367662594334
779,726,1505,0.12327514339396047
782,726,1508,0.12328772872990798
774,718,1492,0.12329076843474628
779,726,1505,0.12331312846408954
775,722,1497,0.1233209824911679
765,720,1485,0.12333894017775421
771,732,1503,0.12337872721651447
775,739,1514,0.12340080536793999
775,735,1510,0.12341237072263583
776,724,1500,0.1234227999506653
777,723,1500,0.12343071780563626
776,728,1504,0.12343668438110714
774,723,1497,0.12344486473018737
778,724,1502,0.12345736529870598
782,725,1507,0.12345966739842928
781,730,1511,0.12345206907277356
776,734,1510,0.12344811475025598
776,735,1511,0.12345665986239387
782,738,1520,0.1234652662623329
777,742,1519,0.12346077433312477
773,734,1507,0.12346916344119747
765,732,1497,0.12348563874221348
773,738,1511,0.12351915030146861
784,739,1523,0.12353147469299053
772,744,1516,0.12351874340382202
771,738,1509,0.12353443440153125
771,737,1508,0.12355216525305064
781,730,1511,0.12356720566094762
769,730,1499,0.12355630428401142
770,732,1502,0.12357527924616406
776,730,1506,0.12359116282564309
764,742,1506,0.12359355176737527
765,737,1502,0.12362198307895621
775,736,1511,0.12364447372913752
768,733,1501,0.12364159084033005
774,741,1515,0.12365551338027256
772,730,1502,0.12365341841621898
770,732,1502,0.12365527529387946
767,722,1489,0.12366336872208163
772,729,1501,0.12367812862022401
781,726,1507,0.1236791134927385
772,733,1505,0.12366092045409666
775,726,1501,0.12366618022228688
775,730,1505,0.12366263420494143
769,729,1498,0.12365838064594285
772,732,1504,0.12366812535515694
774,739,1513,0.12367204660628722
766,737,1503,0.12367108516706118
768,738,1506,0.12368858946025625
772,744,1516,0.12369947524794098
765,743,1508,0.1236996558603313
755,736,1491,0.12371812102021512
766,731,1497,0.12375609804090885
770,734,1504,0.1237649455410995
763,737,1500,0.12376553050561007
770,749,1519,0.12378196622480711
769,750,1519,0.12378173214518927
756,745,1501,0.12378312477312324
751,744,1495,0.12381602772979791
752,734,1486,0.12385806657272522
758,743,1501,0.12389358299075941
763,750,1513,0.12391393988495525
773,749,1522,0.1239230105559233
770,745,1515,0.12390653400917566
768,733,1501,0.12389869770107363
759,743,1502,0.12389527684782148
749,739,1488,0.12391557837744106
743,740,1483,0.12395517913235114
748,750,1498,0.12400646729181712
740,746,1486,0.12404169415221475
748,744,1492,0.12409522241042371
752,747,1499,0.12412650178583821
756,753,1509,0.12414684548096101
750,752,1502,0.12415710242280849
759,748,1507,0.12418164158665494
761,745,1506,0.12418442613248992
758,749,1507,0.12418293919078761
755,740,1495,0.12418857045361772
752,736,1488,0.12419976867074381
753,739,1492,0.12421843811612832
757,747,1504,0.12423253290108217
756,752,1508,0.12423806308506634
753,756,1509,0.12424636482385265
755,747,1502,0.12426212345004183
753,737,1490,0.12427419360470417
753,745,1498,0.1242919211884469
750,756,1506,0.12430752993168628
748,749,1497,0.12432856977281233
755,754,1509,0.12435214770150353
750,759,1509,0.12435783264311494
747,767,1514,0.12437792376785665
749,761,1510,0.1244025324272686
739,760,1499,0.12442217627061708
734,764,1498,0.12446360988874786
741,759,1500,0.12451442553603144
742,764,1506,0.12454443854825976
743,765,1508,0.12456941513541069
749,769,1518,0.12459014166549036
741,769,1510,0.12459512640984709
742,769,1511,0.12461903586897705
741,774,1515,0.12463882171748175
741,773,1514,0.12465846866602302
735,774,1509,0.12467711143091188
735,773,1508,0.12470680919658882
736,773,1509,0.12473497355574173
734,771,1505,0.12475730453409412
739,763,1502,0.12478325050304949
740,754,1494,0.12479690182130437
733,757,1490,0.12480762996955906
730,762,1492,0.12483210149921764
734,765,1499,0.12486123479524265
739,757,1496,0.12488023297261495
733,765,1498,0.1248867528640368
727,767,1494,0.12490838643130839
728,767,1495,0.12494106242069268
733,760,1493,0.12496896957248545
731,760,1491,0.1249825372467759
731,765,1496,0.12499885915140922
730,769,1499,0.12501426301600457
721,770,1491,0.12503178932578554
722,769,1491,0.1250683241248215
723,777,1500,0.12509836385842632
732,772,1504,0.12512389028568438
735,772,1507,0.12512624308670148
735,781,1516,0.12512118131342992
734,782,1516,0.1251166383080418
730,785,1515,0.12511541251976557
730,785,1515,0.12512272768775914
728,781,1509,0.1251300023049099
729,776,1505,0.12513952756000876
734,780,1514,0.12514601894217356
737,770,1507,0.12513892720185993
733,776,1509,0.12512665856404237
738,776,1514,0.1251239285946003
732,767,1499,0.12511176833815557
728,776,1504,0.12511576575063899
719,776,1495,0.12512792864895306
714,778,1492,0.12516155316040195
722,776,1498,0.12520299491845135
720,773,1493,0.1252211950641979
721,784,1505,0.1252425528591434
710,787,1497,0.12526129474951977
719,795,1514,0.12530579142909654
724,789,1513,0.12532463187658568
720,794,1514,0.12533138477928585
718,790,1508,0.12534823458157743
710,791,1501,0.12536962105311378
714,792,1506,0.1254085553545149
710,788,1498,0.1254354883299805
711,790,1501,0.1254694297911276
705,786,1491,0.12550011418925128
712,797,1509,0.1255440016510992
715,797,1512,0.12556801682832597
715,787,1502,0.12558409896062614
712,789,1501,0.1255980290537297
710,801,1511,0.1256217954232202
700,798,1498,0.12564976229896835
699,801,1500,0.1257006959905966
698,795,1493,0.12575161636829182
705,799,1504,0.12580022457501852
704,801,1505,0.12582976142084998
711,806,1517,0.12585932677683662
703,804,1507,0.12586832032825196
700,808,1508,0.12589550246069003
693,793,1486,0.12592741974317764
686,799,1485,0.1259752812912648
688,799,1487,0.1260365822135004
690,806,1496,0.12609065311269918
697,814,1511,0.12613467462770622
706,803,1509,0.12615648739995902
705,807,1512,0.1261570016225871
706,806,1512,0.12616114189154334
707,810,1517,0.12616164317988549
695,813,1508,0.1261605535664079
695,819,1514,0.12618771482068997
701,811,1512,0.12621172907891767
689,803,1492,0.12622177795209358
693,802,1495,0.12625838473459447
693,803,1496,0.12628287324858897
696,809,1505,0.12630529533837181
691,807,1498,0.1263168902209379
699,813,1512,0.12634092989172785
709,808,1517,0.12634377064009772
702,799,1501,0.12632426951610046
702,805,1507,0.1263244415946808
687,800,1487,0.1263245966820255
691,806,1497,0.12636022345695003
698,812,1510,0.12638382058543954
697,809,1506,0.12638819994490816
691,812,1503,0.1263943511345625
688,812,1500,0.1264113458113042
686,814,1500,0.12643429491741065
690,809,1499,0.12646007480191868
696,819,1515,0.12647725852251054
692,813,1505,0.12647907121587462
687,818,1505,0.1264928898904754
677,822,1499,0.12651841596289184
678,818,1496,0.1265671556987975
680,822,1502,0.12660965048889403
669,819,1488,0.1266450049253707
669,822,1491,0.12670279404789475
675,825,1500,0.12675623365906966
676,828,1504,0.12679128108859403
678,831,1509,0.1268217943124663
680,824,1504,0.12684599083311898
675,833,1508,0.12686511811942797
673,833,1506,0.1268957024357258
681,837,1518,0.12692851790571658
672,831,1503,0.12694193414188126
680,831,1511,0.12697678840685211
683,832,1515,0.12699221868277577
677,844,1521,0.12699987890306508
675,854,1529,0.12702281700446622
672,846,1518,0.12704799250041157
663,848,1511,0.127078215235654
655,852,1507,0.1271280674831262
653,844,1497,0.12719245049519373
651,847,1498,0.12725908023825094
650,849,1499,0.12732474744509545
648,843,1491,0.1273896499721548
653,843,1496,0.1274539846437379
667,851,1518,0.12750092275591968
661,854,1515,0.12751167487980497
657,858,1515,0.12753663258741463
666,847,1513,0.1275693257644011
662,848,1510,0.12757652123251684
663,854,1517,0.12759226807001667
658,845,1503,0.12760505199528382
656,841,1497,0.12762860473452936
651,844,1495,0.127655661246293
658,855,1513,0.12769219409051533
660,853,1513,0.12770949455701236
659,851,1510,0.12771983171760176
649,857,1506,0.12773262435663194
656,853,1509,0.12776898704845346
654,852,1506,0.12778720639998586
656,856,1512,0.1278093102693482
657,848,1505,0.1278252183794018
655,848,1503,0.12783899823773384
644,855,1499,0.12785488368930853
646,859,1505,0.12789707299148223
649,853,1502,0.12793136051565188
654,849,1503,0.1279563761300462
652,843,1495,0.1279690705670326
644,853,1497,0.12798834197384606
640,848,1488,0.12802698379587402
633,856,1489,0.1280738430130916
638,868,1506,0.12813334827145442
646,869,1515,0.1281771208020622
642,867,1509,0.12819693621210188
638,868,1506,0.12822479085897265
639,871,1510,0.12825990767847092
641,874,1515,0.1282900274430941
647,861,1508,0.1283154056535379
648,875,1523,0.1283249781432842
639,876,1515,0.12833305498821915
641,873,1514,0.128363410499634
635,876,1511,0.12838714008007618
633,865,1498,0.1284212644891391
634,867,1501,0.1284591817548304
635,865,1500,0.12849316429210272
630,864,1494,0.1285224876474401
631,869,1500,0.12856264959850974
628,865,1493,0.12859573109666955
631,863,1494,0.1286345386650886
631,865,1496,0.12866250685426928
628,873,1501,0.12868821913218453
625,881,1506,0.12872053086121069
624,886,1510,0.12875785577096338
632,880,1512,0.12879657367932307
634,887,1521,0.1288135611136605
631,881,1512,0.12882316273057537
627,885,1512,0.12884038653798371
629,888,1517,0.12886333357085572
635,877,1512,0.1288802245509475
643,871,1514,0.12888277866396095
641,868,1509,0.12886710849784433
633,883,1516,0.12885646745922733
633,877,1510,0.12886642505211546
625,881,1506,0.1288754412486637
623,877,1500,0.12890302097454343
627,883,1510,0.12893410474466765
619,883,1502,0.12895463078015376
614,878,1492,0.1289921733997043
624,877,1501,0.1290405530522124
631,894,1525,0.12906196537523262
638,888,1526,0.12906421920824127
635,887,1522,0.12904945644319
621,886,1507,0.12904267761952423
627,887,1514,0.1290699138898533
629,889,1518,0.12907958611614323
625,886,1511,0.12908456127788948
630,883,1513,0.12909738844383079
627,880,1507,0.1290991136687778
626,872,1498,0.12910676524282613
622,880,1502,0.12911636762961076
620,882,1502,0.12913419539462645
621,875,1496,0.12915469661991547
620,878,1498,0.12917084519770136
620,880,1500,0.12918743717726275
622,876,1498,0.12920282340397451
623,876,1499,0.1292113358284368
637,875,1512,0.1292152222766227
634,888,1522,0.12918502953796307
627,884,1511,0.12916450782589547
625,881,1506,0.12916154999668256
624,874,1498,0.12916266648732672
630,871,1501,0.1291654501583204
635,883,1518,0.129154200128867
638,873,1511,0.1291336479686613
635,884,1519,0.1291067336294927
634,869,1503,0.129089264423797
635,871,1506,0.12907648292253598
637,866,1503,0.12906245071678504
626,857,1483,0.12904533625252226
620,858,1478,0.12905649156030627
631,868,1499,0.12907958366621214
616,874,1490,0.12907375096883886
619,873,1492,0.12910327169882785
625,871,1496,0.12912328255607153
616,871,1487,0.12912754567556223
609,869,1478,0.12915200787077125
614,864,1478,0.12919127505821912
619,866,1485,0.1292167864244272
611,866,1477,0.1292291669195206
617,869,1486,0.1292592868765072
621,870,1491,0.12927234816719346
622,868,1490,0.1292769333899279
636,873,1509,0.1292796888130442
633,879,1512,0.12924832145503656
622,878,1500,0.1292272803802693
621,884,1505,0.1292350788584224
631,894,1525,0.12924460667581197
630,893,1523,0.12923033688863392
629,892,1521,0.12922117881997555
633,887,1520,0.12921449575472796
625,878,1503,0.12919870984069232
626,883,1509,0.12920324808374675
612,883,1495,0.12920508797922728
619,903,1522,0.12924163419418452
623,895,1518,0.1292593552801537
620,890,1510,0.12926636773258773
618,893,1511,0.1292790365279495
622,892,1514,0.12929547286299964
617,881,1498,0.12930371267046945
604,879,1483,0.12932440565519843
604,877,1481,0.12937459077105834
609,878,1487,0.12942068993034042
617,891,1508,0.12945349206670678
620,882,1502,0.1294645510216941
615,877,1492,0.1294685580495258
619,880,1499,0.12948325811228897
619,887,1506,0.129487340388072
625,892,1517,0.12948885043260694
611,889,1500,0.12947707811364073
610,894,1504,0.12949866936442855
617,891,1508,0.12952103702649623
622,889,1511,0.12952693898007323
621,893,1514,0.1295212727278458
631,877,1508,0.1295191241997384
625,871,1496,0.1294912888167984
612,865,1477,0.12947958755014713
606,870,1476,0.12950011833753
615,875,1490,0.12953108787671608
619,872,1491,0.12953689338407437
620,882,1502,0.1295311799378166
620,881,1501,0.12952217938541896
628,880,1508,0.12951573272962597
627,880,1507,0.12949037569878333
630,891,1521,0.1294696591127785
620,889,1509,0.12944392526954446
622,883,1505,0.12944408010198694
613,895,1508,0.12943987012432884
615,890,1505,0.12945811048455985
601,899,1500,0.12947281000879374
610,899,1509,0.12952067264291708
614,902,1516,0.12954348225242504
606,901,1507,0.1295544965188249
594,907,1501,0.12958559301837647
603,905,1508,0.1296424256697433
596,904,1500,0.12967349329671915
597,910,1507,0.12972082945949837
595,910,1505,0.12976325657131557
599,910,1509,0.129808148547339
604,914,1518,0.12983941558991105
603,907,1510,0.12985723113781641
603,905,1508,0.12987601428553963
596,906,1502,0.12989473117767672
603,914,1517,0.1299269764487313
600,908,1508,0.12994216717989315
597,902,1499,0.12996379655342966
587,897,1484,0.1299913408920858
584,908,1492,0.1300390670984165
586,915,1501,0.13009113491543478
594,910,1504,0.13013392657762707
590,906,1496,0.1301523978061065
597,901,1498,0.13017966924116184
593,907,1500,0.13018934366589227
592,914,1506,0.1302056956916135
586,905,1491,0.13022399140113383
594,903,1497,0.1302568594128747
591,910,1501,0.13026796015297085
583,912,1495,0.13028560612670717
582,918,1500,0.13032126588055384
585,920,1505,0.13035583485185495
597,922,1519,0.1303800303251719
590,923,1513,0.13037375068947532
598,927,1525,0.13038520627190725
595,931,1526,0.13037636205455036
591,927,1518,0.1303765898894877
598,915,1513,0.13038648177170284
594,910,1504,0.13037846793842722
594,902,1496,0.1303796795185392
590,905,1495,0.13038231538919248
587,906,1493,0.130393897515367
588,924,1512,0.13041289630448513
589,930,1519,0.1304288784789625
595,932,1527,0.13044183845029014
581,931,1512,0.1304401253694536
585,935,1520,0.13047338379435883
583,938,1521,0.1304965081819058
581,934,1515,0.13052326346843596
582,930,1512,0.13055322646144724
581,930,1511,0.13057590298360536
580,927,1507,0.13060032357097526
581,920,1501,0.13062409599644745
580,925,1505,0.13064424218556067
583,919,1502,0.13066474403124573
579,914,1493,0.13067660417288676
571,921,1492,0.1306948951142562
573,922,1495,0.13073133869618908
576,919,1495,0.13076012298291192
570,933,1503,0.1307796230595122
583,937,1520,0.1308135068355982
592,936,1528,0.13081377360286867
587,926,1513,0.13079426166396668
585,918,1503,0.1307884286644907
585,926,1511,0.130788248482196
575,938,1513,0.13079065140819984
568,939,1507,0.13081647075357292
568,935,1503,0.13085569620958531
569,937,1506,0.13089128619160462
575,928,1503,0.13092289139871896
574,933,1507,0.13093725391867453
575,929,1504,0.13095227202156656
581,934,1515,0.13096249539729346
577,924,1501,0.13095677462549798
574,939,1513,0.13096182599634626
571,933,1504,0.1309747330682946
569,944,1513,0.13099375218938128
570,941,1511,0.1310150098989824
570,938,1508,0.13103417163043848
568,936,1504,0.1310516189947565
561,950,1511,0.1310726399232197
566,940,1506,0.13110794177583326
554,939,1493,0.13112866320665204
551,937,1488,0.13117599486532935
557,933,1490,0.13122695072518142
565,937,1502,0.13125996586917832
569,932,1501,0.13127196194696603
573,934,1507,0.13127381307835861
572,937,1509,0.1312650559917546
565,931,1496,0.13126067113142856
572,929,1501,0.1312740958735694
576,937,1513,0.13126950937190318
577,934,1511,0.13125486564472866
574,937,1511,0.131238657865489
564,942,1506,0.1312330613700259
561,947,1508,0.13125207412290485
563,949,1512,0.1312771503721721
560,946,1506,0.13129418887544464
563,952,1515,0.1313169009986967
563,953,1516,0.1313320126400662
563,948,1511,0.13134700130178845
564,949,1513,0.13136255401634767
565,961,1526,0.131374862897509
559,956,1515,0.13138461623360012
562,960,1522,0.13140755974505577
560,948,1508,0.13142202074672316
558,937,1495,0.13144088953773692
559,947,1506,0.13146315168428038
547,947,1494,0.13148100431438914
543,957,1500,0.131526146541967
558,957,1515,0.1315789113039359
559,955,1514,0.13159293505017594
557,949,1506,0.13160408541821186
553,944,1497,0.13162001787737884
561,936,1497,0.13164276887833995
563,949,1512,0.13164389775390956
565,951,1516,0.13164003412279943
554,943,1497,0.1316317067137987
554,950,1504,0.13164897008840842
548,955,1503,0.13166395542540182
547,956,1503,0.13169239062842966
540,961,1501,0.13172080186303795
551,952,1503,0.1317642472963479
565,957,1522,0.13177860376597772
555,964,1519,0.13175983020748225
553,957,1510,0.13176622478634564
552,952,1504,0.13177635053092274
550,961,1511,0.1317899341919911
547,955,1502,0.13180709295461746
543,954,1497,0.13182993298966103
542,965,1507,0.1318599477645098
545,970,1515,0.1318906223064661
540,976,1516,0.13191325826264574
539,976,1515,0.13194759166982148
543,972,1515,0.13198195558916137
543,963,1506,0.13200151947465577
544,965,1509,0.13202057303501172
539,961,1500,0.13203595041797098
547,965,1512,0.13206249165497094
544,967,1511,0.13206806843165247
547,971,1518,0.13208157635415702
551,973,1524,0.1320863648985401
545,965,1510,0.13208118763082796
546,964,1510,0.13209174822442216
543,959,1502,0.13209947609749928
539,969,1508,0.13211264771547956
541,967,1508,0.132134663730816
546,960,1506,0.13214982701834058
550,953,1503,0.13215021639968463
552,956,1508,0.13214071547322978
551,954,1505,0.13212611356598664
553,951,1504,0.13211568461462955
550,947,1497,0.13210116070549932
543,957,1500,0.13209508148803903
542,964,1506,0.13210715410961654
540,965,1505,0.13212183164202698
540,958,1498,0.13213893415713535
537,955,1492,0.13215510816186632
538,958,1496,0.1321741682759967
538,958,1496,0.13218827189733492
541,959,1500,0.13220078170456528
548,959,1507,0.1322039226491945
542,960,1502,0.13218926715770773
548,962,1510,0.13219014847633798
554,965,1519,0.13217556351224302
544,965,1509,0.1321488580696591
549,963,1512,0.13214680243986632
555,968,1523,0.13213255937515847
552,969,1521,0.13210517805058555
559,949,1508,0.13208806482378782
549,956,1505,0.13205522121920585
553,958,1511,0.1320494206917041
551,957,1508,0.13203470078333163
548,959,1507,0.13202587593433632
551,967,1518,0.13202459470265984
544,964,1508,0.13201577870342446
549,949,1498,0.13202638873396919
550,958,1508,0.13202341741329476
553,972,1525,0.13201814318219973
550,967,1517,0.13200541857931816
544,957,1501,0.13200062756827832
544,955,1499,0.13201025859019694
547,956,1503,0.13202118747341818
540,964,1504,0.13202347716231444
540,964,1504,0.13204302188234926
537,971,1508,0.13206023670979236
537,964,1501,0.13208361309190184
537,972,1509,0.1321065056832359
532,966,1498,0.1321273474563229
526,962,1488,0.13215990282371576
531,976,1507,0.13220337804782467
539,973,1512,0.13222948819472052
540,972,1512,0.13223533350295658
531,977,1508,0.13223757718165843
532,979,1511,0.1322614120492128
537,985,1522,0.13228106438688114
535,970,1505,0.13228633835019582
531,979,1510,0.13229604688216556
534,968,1502,0.13231340325752636
537,969,1506,0.13232297019443234
530,969,1499,0.13232513103040383
529,978,1507,0.13234283177304418
538,976,1514,0.13236228625984675
534,978,1512,0.13235876384212325
538,981,1519,0.1323653562495192
536,990,1526,0.1323633478360476
531,989,1520,0.1323668992901655
531,986,1517,0.1323829483779603
528,988,1516,0.13239905948890984
532,989,1521,0.13242085732902095
531,982,1513,0.13243227218197032
521,983,1504,0.13244664061117212
525,994,1519,0.1324850278879327
531,993,1524,0.13251053487589737
522,995,1517,0.13252065434824548
521,986,1507,0.13255146453080355
524,984,1508,0.13258283210060234
522,985,1507,0.13260452305572973
526,982,1508,0.13263040252375963
528,982,1510,0.13264550590036112
521,980,1501,0.13265410292046945
520,982,1502,0.13267980551770037
522,989,1511,0.13270739741628212
516,985,1501,0.13272836178440184
510,987,1497,0.13276322430111256
508,986,1494,0.13280964849486537
502,993,1495,0.13285684118925878
507,1001,1508,0.1329154708405415
502,998,1500,0.13295827607098187
507,996,1503,0.13301117973980797
496,993,1489,0.13304864204480477
495,1000,1495,0.13310910813357335
495,1008,1503,0.13316799430259438
509,1016,1525,0.13322387655068227
501,1001,1502,0.13324304011050497
506,1000,1506,0.1332812095055339
497,1004,1501,0.13330567764596982
495,997,1492,0.1333498670673884
488,996,1484,0.13339483968754048
490,998,1488,0.13345339443700804
497,999,1496,0.13350234626781274
492,1006,1498,0.13352998510359826
489,1014,1503,0.13356784269880292
505,1009,1514,0.13360959381289358
506,1001,1507,0.1336111351300312
512,1002,1514,0.13361008711930883
510,996,1506,0.1335939244599071
513,1003,1516,0.1335853822915223
509,995,1504,0.1335712468677197
504,994,1498,0.1335694962941287
501,993,1494,0.13358068125520817
504,996,1500,0.1335978427942564
502,1005,1507,0.13360617979649622
496,1003,1499,0.1336179805670736
489,1005,1494,0.13364384517879163
489,1012,1501,0.13368364308297387
493,1011,1504,0.13372110495896816
493,1013,1506,0.13374490387471394
493,1003,1496,0.133767879853962
495,1018,1513,0.13378995861720402
498,1014,1512,0.1338058585814795
496,1013,1509,0.1338138658078189
497,1017,1514,0.1338279332024685
498,1016,1514,0.13383976430675776
496,1017,1513,0.13384874305294386
500,1018,1518,0.13386188148942293
508,1024,1532,0.13386511706009044
506,1025,1531,0.1338501957743641
497,1030,1527,0.13384042217529976
501,1025,1526,0.13385348033797245
500,1027,1527,0.1338563171544779
499,1024,1523,0.13386108054698734
497,1008,1505,0.1338687057631619
493,1022,1515,0.13388114464722625
496,1019,1515,0.13390178756094026
493,1025,1518,0.13391385537529288
494,1013,1507,0.13393124663981568
487,1020,1507,0.1339453130505886
485,1028,1513,0.1339748355402116
484,1036,1520,0.1340067346020825
488,1032,1520,0.13403918375906973
485,1029,1514,0.13405945279815654
480,1016,1496,0.13408548711403742
473,1020,1493,0.1341212953074421
475,1024,1499,0.1341700302597364
480,1025,1505,0.13420915695888655
481,1025,1506,0.13423255262645348
483,1034,1517,0.1342528464373271
484,1039,1523,0.13426843396873686
487,1033,1520,0.13428216891422914
490,1032,1522,0.13428774574334748
475,1024,1499,0.13428583655336448
467,1032,1499,0.1343198908760943
466,1029,1495,0.13437198195762
465,1033,1498,0.1344218268376511
472,1033,1505,0.13446935238898183
475,1029,1504,0.13449589152210858
464,1029,1493,0.1345150209296984
469,1026,1495,0.13455924959889842
470,1035,1505,0.13458859002477377
474,1044,1518,0.1346120325774756
476,1037,1513,0.13462480664678864
483,1039,1522,0.13463318817678058
482,1034,1516,0.13462459677486613
482,1032,1514,0.1346186363022546
475,1035,1510,0.13461311914543142
472,1048,1520,0.13462523965278086
472,1047,1519,0.13464403941197406
470,1052,1522,0.13466311782895843
474,1045,1519,0.1346861314540796
469,1051,1520,0.13469751040363653
461,1058,1519,0.13471929422914658
461,1058,1519,0.13475852906431438
467,1044,1511,0.13479512974170033
474,1048,1522,0.13481538510397326
469,1038,1507,0.13481793422689184
461,1045,1506,0.1348336326130841
460,1041,1501,0.13486577751659895
465,1039,1504,0.13489587102407746
463,1029,1492,0.13491225441603938
455,1026,1481,0.1349322652312188
456,1028,1484,0.1349694368791469
464,1032,1496,0.13500186324792637
459,1032,1491,0.1350113546767773
462,1030,1492,0.13503313116041446
464,1035,1499,0.13504619286007113
461,1034,1495,0.13505439059693633
457,1039,1496,0.13507018516697722
461,1047,1508,0.1350960971541534
454,1060,1514,0.13511027464099792
454,1041,1495,0.13514014876393302
449,1042,1491,0.13516754244908782
448,1050,1498,0.13520538347084243
454,1057,1511,0.13524315746814614
449,1060,1509,0.13526312952001862
445,1072,1517,0.1352936123031741
448,1066,1514,0.13533015132195958
448,1066,1514,0.1353557740275731
455,1060,1515,0.13537999256822034
459,1055,1514,0.13538624782854
459,1045,1504,0.13538154222450038
450,1045,1495,0.1353769023959711
456,1046,1502,0.13539467653070186
460,1053,1513,0.13539575026170733
461,1054,1515,0.1353865246711553
458,1048,1506,0.13537666727871658
460,1050,1510,0.13537499049657176
456,1051,1507,0.1353685820946155
457,1053,1510,0.13537333666966186
462,1047,1509,0.1353744433272029
461,1047,1508,0.13536294163343804
464,1047,1511,0.13535501017695956
456,1061,1517,0.13534005599192322
452,1054,1506,0.13534590549854839
449,1046,1495,0.1353602257590357
446,1038,1484,0.13537951714365895
451,1050,1501,0.13540404873432052
465,1050,1515,0.13541391540400605
467,1050,1517,0.1353881090875067
461,1044,1505,0.13535901833017244
460,1048,1508,0.13534856157044067
461,1044,1505,0.13534093940147865
456,1042,1498,0.1353307940639224
455,1047,1502,0.13533345465586388
455,1045,1500,0.1353383704042434
453,1047,1500,0.13534317061564158
445,1038,1483,0.13535112173903824
450,1042,1492,0.13537809807898643
438,1054,1492,0.13539148846141372
441,1059,1500,0.1354327539140331
451,1057,1508,0.13546212381355513
450,1046,1496,0.13546527912596523
453,1046,1499,0.13547047296151166
449,1056,1505,0.13546805169782442
444,1057,1501,0.1354771225280932
452,1058,1510,0.13549798889127027
449,1061,1510,0.1354970034717634
451,1055,1506,0.13550444638113798
446,1061,1507,0.13550683507324401
446,1061,1507,0.13552218796477353
453,1045,1498,0.13553645854322777
452,1044,1496,0.13553289886596878
454,1049,1503,0.13553279231985998
453,1056,1509,0.13552869981368787
458,1062,1520,0.1355278438680302
458,1060,1518,0.13551394436451364
459,1062,1521,0.13550248435198622
448,1068,1516,0.13548942565646127
442,1069,1511,0.13550458785457184
441,1064,1505,0.13553235392899957
448,1066,1514,0.1355601726875389
448,1072,1520,0.13556736095220587
447,1060,1507,0.13557369060072744
450,1077,1527,0.1355816028686519
450,1074,1524,0.1355816866588649
450,1068,1518,0.13558141436607277
449,1068,1517,0.13558041563427708
446,1064,1510,0.13558227697655897
444,1073,1517,0.13559191400330547
439,1072,1511,0.13560622419615678
438,1059,1497,0.13563155797197157
440,1072,1512,0.13565746482996352
445,1058,1503,0.1356753420735673
436,1061,1497,0.13568058777931188
435,1064,1499,0.13570755195812062
444,1066,1510,0.13573564957085993
449,1069,1518,0.13573945739065768
444,1071,1515,0.13573103411212903
444,1074,1518,0.13573715082907145
445,1073,1518,0.13574240123976092
442,1076,1518,0.13574462347945537
441,1073,1514,0.13575341327642113
431,1069,1500,0.13576356123017547
437,1062,1499,0.1357984005348855
449,1069,1518,0.13581469569145296
454,1075,1529,0.13579965998504112
449,1070,1519,0.1357736004434972
444,1061,1505,0.13576158566115085
443,1059,1502,0.13576338429720963
449,1051,1500,0.13576727948771886
449,1056,1505,0.13575540702277042
443,1077,1520,0.1357449680999125
447,1084,1531,0.1357492010058655
446,1083,1529,0.13574351080243693
451,1082,1533,0.13573950420129266
439,1074,1513,0.1357228490576453
441,1065,1506,0.13573880021209977
442,1063,1505,0.1357490959771936
443,1060,1503,0.13575673601245827
440,1063,1503,0.13576146399111128
438,1068,1506,0.1357718996969328
431,1073,1504,0.13578610081578452
433,1081,1514,0.1358173781550327
431,1083,1514,0.13584113654230032
431,1083,1514,0.13586900143420227
436,1085,1521,0.1358942368092139
440,1079,1519,0.13590431096651057
431,1088,1519,0.13590503809829235
433,1096,1529,0.13592952537792694
428,1090,1518,0.13594764934367595
435,1086,1521,0.13597692751441337
435,1085,1520,0.13598650670693924
430,1087,1517,0.13599568049023403
426,1083,1509,0.13601776551783756
420,1100,1520,0.13605140146442696
423,1086,1509,0.136098508093362
418,1084,1502,0.13613400421313807
416,1089,1505,0.13617940482145546
423,1091,1514,0.1362266261030805
421,1096,1517,0.1362529595233032
419,1095,1514,0.13628353597715695
419,1093,1512,0.13631797027452394
418,1104,1522,0.13635062956079888
414,1107,1521,0.1363821907603372
415,1102,1517,0.13642109306618966
410,1093,1503,0.13645581884914773
414,1087,1501,0.13650021456217776
419,1073,1492,0.136531815302936
415,1087,1502,0.13654875085698528
413,1094,1507,0.136573930512394
411,1094,1505,0.13660310818604343
410,1090,1500,0.1366363193797125
408,1097,1505,0.13667055231893824
414,1091,1505,0.13670736602972636
402,1099,1501,0.13672734139892168
407,1100,1507,0.1367747579724591
412,1098,1510,0.13680723153708235
417,1104,1521,0.136824656597096
413,1113,1526,0.1368277204240931
412,1110,1522,0.13684051700195682
413,1106,1519,0.13685427657841495
421,1107,1528,0.13686467181664327
417,1108,1525,0.13685527689535923
405,1096,1501,0.1368563175438969
409,1097,1506,0.13688800376512714
412,1090,1502,0.1369076639330369
407,1095,1502,0.13691738941837292
405,1093,1498,0.13693815344028176
410,1091,1501,0.1369623135336317
413,1102,1515,0.13697181128355582
414,1095,1509,0.13697289299612728
416,1098,1514,0.1369703241152928
415,1100,1515,0.1369612943488157
416,1084,1500,0.1369553632210389
419,1096,1515,0.13694762986537456
416,1098,1514,0.13693233078530975
420,1092,1512,0.13692611094983456
421,1080,1501,0.1369108065020062
424,1103,1527,0.13689524809978562
411,1097,1508,0.1368729769519307
416,1087,1503,0.13688385102413214
414,1097,1511,0.13688132142070905
409,1104,1513,0.13688383608739407
414,1100,1514,0.1368987232244935
411,1106,1517,0.13690027067118657
407,1098,1505,0.13690940107138042
398,1100,1498,0.13692823456540554
402,1103,1505,0.1369666667088853
408,1105,1513,0.13699176341584796
406,1103,1509,0.13700109125696433
406,1109,1515,0.137015859624249
410,1102,1512,0.13702989580215455
408,1104,1512,0.13703124487743243
402,1111,1513,0.13703734561660816
401,1113,1514,0.13705657459664336
400,1106,1506,0.13707771382524792
403,1107,1510,0.13709966218945543
403,1108,1511,0.13711220492380435
400,1099,1499,0.13712315690721893
401,1091,1492,0.137140683354639
400,1101,1501,0.13715320549409138
401,1105,1506,0.13716826974333513
401,1104,1505,0.13717939230082318
397,1110,1507,0.13719031866939246
403,1113,1516,0.137210233327658
399,1106,1505,0.1372128637342111
404,1101,1505,0.13722570115854132
399,1096,1495,0.1372237382945007
404,1101,1505,0.13723471578199356
399,1087,1486,0.13723255084346772
402,1101,1503,0.13724367519586295
399,1095,1494,0.1372456437684609
400,1099,1499,0.13725376546897952
399,1104,1503,0.1372586128869182
397,1102,1499,0.137264470078951
393,1096,1489,0.13727600087475417
394,1097,1491,0.13729620072942406
399,1091,1490,0.13731234723187571
397,1090,1487,0.13731539387234187
397,1115,1512,0.1373232656615927
392,1104,1496,0.1373305215118185
394,1109,1503,0.1373503182931895
394,1112,1506,0.13736302164629424
387,1110,1497,0.13737491155219997
387,1114,1501,0.1374038150150102
386,1120,1506,0.13743221553772905
391,1126,1517,0.13746122758519483
391,1132,1523,0.13747524421203128
389,1134,1523,0.1374888999241434
394,1125,1519,0.13750682039261863
397,1129,1526,0.1375109751562743
398,1132,1530,0.13750767594831753
395,1132,1527,0.13750165368794653
396,1123,1519,0.1375045117416584
398,1120,1518,0.1375048204279685
394,1108,1502,0.13750033889748337
392,1112,1504,0.13750491563562672
393,1110,1503,0.137514113441461
397,1108,1505,0.13751999758723282
397,1099,1496,0.13751562179968965
398,1101,1499,0.13751293857064412
405,1099,1504,0.1375089150406792
393,1118,1511,0.1374876143832388
394,1111,1505,0.1374974802749157
387,1118,1505,0.13750478508908567
385,1123,1508,0.13753029798790659
393,1116,1509,0.1375608566148592
391,1124,1515,0.13756953019715798
392,1132,1524,0.13758262406746238
387,1133,1520,0.13759374557783488
390,1139,1529,0.13761710409185957
388,1132,1520,0.13763137006226078
383,1137,1520,0.13764877716763807
380,1140,1520,0.13767815429606023
375,1140,1515,0.13771208978418448
377,1147,1524,0.13775698116720128
372,1138,1510,0.13779273871108264
374,1137,1511,0.13783859022391354
368,1128,1496,0.13787561800343204
375,1121,1496,0.1379244261747097
380,1118,1498,0.13795148533269064
378,1133,1511,0.1379635578433318
370,1140,1510,0.13797901345886696
375,1136,1511,0.13801352927007676
380,1132,1512,0.13803373629480678
381,1129,1510,0.13804033458580486
373,1125,1498,0.13804411543786763
365,1129,1494,0.13806857084279728
366,1139,1505,0.13811237462427683
374,1133,1507,0.1381498328144635
371,1134,1505,0.13816416766640624
372,1135,1507,0.13818548009214066
373,1136,1509,0.13820211502105384
366,1143,1509,0.1382155793566554
370,1137,1507,0.13824611718278057
357,1138,1495,0.13826303422187025
355,1136,1491,0.13831096281566266
357,1147,1504,0.13835916032160303
363,1146,1509,0.13839927980850153
362,1142,1504,0.1384214086427698
367,1153,1520,0.138443935623719
366,1148,1514,0.13845255475548104
365,1152,1517,0.13846290246729298
368,1143,1511,0.13847415135738803
360,1149,1509,0.13847648896632087
359,1137,1496,0.13849836396854273
361,1149,1510,0.13852071794314935
362,1147,1509,0.13853576596199715
358,1151,1509,0.13854854756159557
361,1149,1510,0.13857029334861534
361,1153,1514,0.1385825801730366
366,1148,1514,0.1385939009276871
366,1152,1518,0.13859152649077683
365,1158,1523,0.1385894870702079
360,1146,1506,0.13858989785744658
355,1129,1484,0.13860228898523874
362,1127,1489,0.1386247130866568
364,1136,1500,0.13862775317319584
363,1147,1510,0.13862571055051467
368,1156,1524,0.1386258398216807
365,1157,1522,0.13861256022550275
367,1141,1508,0.13860744708223396
370,1143,1513,0.1385971070850847
372,1135,1507,0.13857974822439684
375,1129,1504,0.138558612495334
372,1137,1509,0.1385310650617469
368,1144,1512,0.1385131673007643
366,1151,1517,0.13850667779455064
367,1163,1530,0.1385059153593924
361,1159,1520,0.13850356576844555
359,1141,1500,0.1385180572526506
358,1148,1506,0.13853601335322482
359,1144,1503,0.1385552193949754
356,1141,1497,0.13857132670891958
357,1136,1493,0.13859493839835754
357,1142,1499,0.13861483935347663
352,1148,1500,0.1386328545641209
352,1151,1503,0.1386646958505639
349,1161,1510,0.13869427644644527
356,1160,1516,0.1387297564283209
354,1152,1506,0.13874374748486656
352,1153,1505,0.13876131685923113
358,1163,1521,0.13878329780357512
352,1164,1516,0.1387900145956865
355,1161,1516,0.13881174962150766
358,1156,1514,0.13882461583469138
360,1156,1516,0.13882880558037392
356,1160,1516,0.1388281900354649
351,1160,1511,0.13883784855300133
350,1158,1508,0.13886068955443334
351,1166,1517,0.1388847279798873
344,1174,1518,0.1389054230654213
344,1166,1510,0.13894397655962412
343,1176,1519,0.13897888493206742
338,1163,1501,0.13901460791122972
338,1160,1498,0.13906072653982415
344,1170,1514,0.13910340284498648
346,1169,1515,0.1391259326114713
342,1167,1509,0.1391419927275072
340,1177,1517,0.13916780366139872
345,1181,1526,0.139196013440367
342,1178,1520,0.13921031646386972
343,1183,1526,0.13923249158389792
341,1179,1520,0.1392503873449557
343,1186,1529,0.1392729392305418
343,1178,1521,0.1392902621927392
342,1173,1515,0.13930615564943086
336,1174,1510,0.13932298060529674
337,1175,1512,0.1393528936155878
333,1178,1511,0.139377846145268
335,1173,1508,0.1394121349881545
337,1180,1517,0.13943851033154192
335,1175,1510,0.13945782735501464
336,1183,1519,0.13948083572171405
339,1185,1524,0.13949891426091435
338,1181,1519,0.13950736830879265
335,1176,1511,0.13951893659940592
334,1170,1504,0.1395383427823662
338,1170,1508,0.1395582223006898
338,1175,1513,0.13956676513298055
336,1189,1525,0.13957322415817722
337,1187,1524,0.13958515698883184
336,1182,1518,0.13959484581188328
335,1175,1510,0.13960634838352642
335,1179,1514,0.1396186610133519
334,1177,1511,0.1396288270172935
336,1186,1522,0.139641418623881
335,1186,1521,0.13964821256848042
342,1191,1533,0.13965639979870817
339,1184,1523,0.13964726842344394
331,1179,1510,0.1396463476384677
340,1178,1518,0.1396665675517805
336,1173,1509,0.13966176205535266
340,1175,1515,0.13966727404204438
334,1175,1509,0.1396630064100412
331,1180,1511,0.13967574928972698
332,1167,1499,0.1396970556530427
333,1169,1502,0.13971283543319854
332,1182,1514,0.13972517291630926
327,1185,1512,0.1397383436396983
329,1180,1509,0.1397633513731463
325,1181,1506,0.1397809198526032
330,1181,1511,0.1398079761784512
334,1181,1515,0.13981959280577402
329,1175,1504,0.13981938953115636
331,1191,1522,0.1398316324800774
332,1182,1514,0.1398388159042548
327,1192,1519,0.1398439015072927
326,1166,1492,0.1398621481854159
326,1177,1503,0.13988168286196392
326,1183,1509,0.13989904003403647
324,1180,1504,0.13991515944719501
323,1184,1507,0.13993506293039512
317,1190,1507,0.1399560808981574
312,1191,1503,0.13999048092216135
316,1190,1506,0.1400346731242662
318,1188,1506,0.1400645280478707
324,1174,1498,0.14008767585337206
319,1177,1496,0.14009384000701006
317,1194,1511,0.14011212323006825
307,1192,1499,0.14013447356954056
303,1188,1491,0.14018153106558207
309,1189,1498,0.14023425304807247
304,1191,1495,0.1402670901338141
308,1204,1512,0.14031174376844513
309,1207,1516,0.14034385078659636
303,1202,1505,0.14037167612386917
308,1204,1512,0.14041225302806387
310,1207,1517,0.1404364126476764
311,1209,1520,0.14045442025008315
304,1213,1517,0.14046702950297885
306,1211,1517,0.14049787799913233
302,1214,1516,0.1405206407642533
303,1210,1513,0.14055214778537586
302,1209,1511,0.14057938464524086
307,1227,1534,0.14060767736021468
305,1216,1521,0.14062144292472006
300,1218,1518,0.14063988293135565
302,1223,1525,0.14067066834196884
299,1220,1519,0.14069454549413588
302,1221,1523,0.1407246319199639
299,1222,1521,0.14074587883725653
299,1229,1528,0.14077416027397732
296,1221,1517,0.14080133032356598
297,1223,1520,0.1408337663234364
294,1220,1514,0.14086194951596384
289,1225,1514,0.14089617194441167
285,1218,1503,0.14094128022028513
286,1215,1501,0.14099353094392789
290,1231,1521,0.14103991411274586
290,1234,1524,0.14107146383039565
293,1239,1532,0.14110157948918067
291,1243,1534,0.14112240066440818
289,1236,1525,0.141147300002331
285,1221,1506,0.14117455545009158
294,1218,1512,0.1412095257704076
299,1221,1520,0.1412193343816159
298,1208,1506,0.14121556409643382
294,1218,1512,0.14121494752323044
289,1218,1507,0.14122574797615303
292,1214,1506,0.1412486231415395
293,1214,1507,0.14126261178543942
295,1219,1514,0.14127373503139729
288,1223,1511,0.1412783254792261
289,1233,1522,0.141300939653303
287,1232,1519,0.14131823185699022
291,1216,1507,0.14133974379590633
290,1217,1507,0.14134868918447668
287,1212,1499,0.14135949218740823
284,1221,1505,0.14137928785126813
285,1222,1507,0.14140641201155496
285,1218,1503,0.14142867956819383
289,1213,1502,0.14144860927145272
292,1223,1515,0.14145630424725142
288,1221,1509,0.14145669471104588
289,1218,1507,0.14146715508753935
295,1229,1524,0.14147453414263955
297,1229,1526,0.14146641650117384
293,1235,1528,0.14145398986133206
293,1238,1531,0.1414528015635788
292,1225,1517,0.1414518615096858
291,1228,1519,0.1414540314852724
294,1215,1509,0.14145855078991912
291,1213,1504,0.14145457813242868
293,1221,1514,0.14145874677449052
288,1223,1511,0.1414573213687264
287,1223,1510,0.14146901832161743
290,1223,1513,0.14148290600318808
290,1231,1521,0.14148806997861962
286,1238,1524,0.14149285499948452
286,1241,1527,0.1415085437017856
284,1244,1528,0.14152395448208172
277,1249,1526,0.14154380893388802
278,1249,1527,0.14158047915691277
279,1250,1529,0.14161248527929957
280,1253,1533,0.14163969267176724
281,1241,1522,0.14166228392306518
281,1252,1533,0.14168116005037132
280,1241,1521,0.14169889533971922
278,1239,1517,0.1417183166484912
276,1243,1519,0.1417418533110758
265,1237,1502,0.14176868987351643
265,1234,1499,0.14182234438898095
271,1229,1500,0.14187189025710917
272,1235,1507,0.14190238730164811
275,1241,1516,0.1419281503684435
267,1254,1521,0.1419446287745774
268,1247,1515,0.14198127223433651
272,1245,1517,0.142011455650694
271,1250,1521,0.142029267711831
268,1253,1521,0.14204872996476284
263,1267,1530,0.1420748226041642
264,1259,1523,0.14211177822155568
271,1248,1519,0.1421430148256832
271,1243,1514,0.14215407132689076
267,1249,1516,0.14216455484754933
264,1246,1510,0.14218403471531635
267,1247,1514,0.1422101208907779
267,1240,1507,0.14222649362073175
268,1239,1507,0.14224210017647823
269,1234,1503,0.14225343219762293
269,1246,1515,0.14226226339885933
265,1242,1507,0.14227091952743504
268,1244,1512,0.14228893777863935
268,1236,1504,0.1422977237902917
269,1241,1510,0.142306028535575
269,1235,1504,0.14231097710710913
270,1244,1514,0.1423150461368303
276,1249,1525,0.142315873685962
276,1245,1521,0.14230134676793962
269,1245,1514,0.14228828301791283
269,1236,1505,0.14229474203076323
268,1233,1501,0.14230102569669412
272,1239,1511,0.14230934865423545
275,1241,1516,0.1423070993548907
272,1243,1515,0.14229753486392815
275,1249,1524,0.14229666006008254
277,1244,1521,0.14228741936393416
274,1253,1527,0.14227414792937623
277,1248,1525,0.14226938612572115
282,1230,1512,0.14225705958868914
283,1225,1508,0.1422319486092824
284,1234,1518,0.1422057936818911
278,1225,1503,0.14217960557682333
282,1223,1505,0.14216986849139113
287,1229,1516,0.14214996592891999
285,1241,1526,0.14211807980831087
283,1231,1514,0.14209371196705672
286,1223,1509,0.14207667231476287
286,1222,1508,0.14205313057905372
282,1219,1501,0.14203057046669432
278,1229,1507,0.14201870980033257
282,1230,1512,0.14201908073461747
276,1222,1498,0.14201078568387884
274,1227,1501,0.14201919702124763
279,1232,1511,0.14203260402691398
283,1232,1515,0.14203213947406174
280,1231,1511,0.14202172067485708
277,1220,1497,0.14202009437003862
276,1225,1501,0.1420264876065705
276,1236,1512,0.14203478869784864
276,1239,1515,0.1420429633046424
278,1233,1511,0.14205041466062526
281,1232,1513,0.14205211005757978
277,1230,1507,0.14204607247520895
275,1238,1513,0.14205048157503644
275,1237,1512,0.14205926742833097
274,1232,1506,0.14206761706557486
271,1242,1513,0.14207854358232325
277,1236,1513,0.142096259516208
278,1236,1514,0.14209647015446783
273,1232,1505,0.1420941833580692
276,1221,1497,0.14210573676488752
280,1227,1507,0.14210846514893846
279,1229,1508,0.1420995504152823
276,1234,1510,0.14209384584835955
275,1234,1509,0.14209622440397565
272,1239,1511,0.14210106557682306
267,1253,1520,0.1421144108760594
268,1233,1501,0.1421405680217924
266,1235,1501,0.1421626066351051
267,1248,1515,0.14218784733346013
267,1251,1518,0.14220796121994161
273,1253,1526,0.14222616966103468
278,1248,1526,0.1422270338325098
273,1253,1526,0.14221508590745965
274,1251,1525,0.1422169573455105
271,1258,1529,0.14221587256607324
271,1245,1516,0.1422240074596259
267,1250,1517,0.14223187253094993
271,1250,1521,0.14224924813663928
274,1254,1528,0.14225467870506064
274,1249,1523,0.14225223879416637
277,1252,1529,0.14225017884790545
273,1243,1516,0.14224076925307336
271,1249,1520,0.14224309620550232
270,1241,1511,0.1422493471142998
267,1237,1504,0.14225769797768703
262,1238,1500,0.1422743575233954
265,1242,1507,0.14230333005858575
266,1239,1505,0.14232276277465356
267,1251,1518,0.1423379771406172
264,1239,1503,0.14234947592173952
262,1238,1500,0.14236909193168604
262,1249,1511,0.14239215284619322
266,1255,1521,0.1424131342934445
266,1248,1514,0.14242235098623596
266,1261,1527,0.14243145203082988
265,1277,1542,0.14244028945109594
263,1266,1529,0.14245214809796283
268,1258,1526,0.14246893165244867
267,1257,1524,0.14247193989376875
266,1261,1527,0.14247690449596465
265,1256,1521,0.1424852811016994
260,1259,1519,0.14249388495472856
261,1266,1527,0.14251630498224646
252,1254,1506,0.14253464326578807
251,1265,1516,0.14257522968025554
254,1254,1508,0.1426165912229889
256,1273,1529,0.1426469763553981
250,1281,1531,0.14266988790324625
256,1270,1526,0.14270699518984167
255,1278,1533,0.14272496541517835
247,1262,1509,0.1427446785093883
249,1265,1514,0.1427843377497296
248,1263,1511,0.1428154714769368
245,1250,1495,0.14284628027799692
240,1265,1505,0.14288308546685027
239,1268,1507,0.1429301200269537
239,1275,1514,0.1429762049194674
242,1262,1504,0.1430192336966051
246,1265,1511,0.14305106911019203
243,1271,1514,0.14307079395632918
240,1271,1511,0.14309757354260344
238,1266,1504,0.14313010156050734
237,1268,1505,0.14316486561876618
234,1277,1511,0.1432002627162722
239,1263,1502,0.1432409472534402
241,1272,1513,0.1432666281507583
235,1258,1493,0.14328514358038755
236,1274,1510,0.14331880753828188
235,1277,1512,0.1433472679263902
233,1276,1509,0.14337606584215437
234,1284,1518,0.143407871805111
230,1286,1516,0.14343518943561917
234,1284,1518,0.14347103161008712
234,1286,1520,0.14349330007466296
228,1288,1516,0.1435139360221992
228,1279,1507,0.14354888241672126
232,1275,1507,0.14358204528537521
230,1278,1508,0.1436020758706866
228,1270,1498,0.14362602864882149
229,1282,1511,0.14365408034232705
232,1279,1511,0.14367668902629754
232,1273,1505,0.14368977458456045
232,1286,1518,0.14370231507145007
224,1277,1501,0.14371431983282282
226,1286,1512,0.14374601877263643
231,1291,1522,0.14377001810305917
228,1282,1510,0.1437800854631688
228,1288,1516,0.14379637336425685
227,1290,1517,0.14381149865039025
227,1286,1513,0.14382839091001945
220,1280,1500,0.14384422182040926
222,1277,1499,0.1438771033396174
224,1272,1496,0.14390251782298744
224,1287,1511,0.1439211815996782
227,1297,1524,0.14393872216052248
225,1291,1516,0.14394713186544567
225,1294,1519,0.14395964798241473
226,1285,1511,0.14397178240666517
223,1273,1496,0.14398043964786336
220,1278,1498,0.143996366646361
218,1287,1505,0.14401941192754023
219,1282,1501,0.14404674495635145
220,1281,1501,0.14406976734837648
220,1285,1505,0.14408889328584748
221,1294,1515,0.1441064045098609
219,1299,1518,0.14412009379567972
222,1298,1520,0.14413862762558538
224,1304,1528,0.1441484135704375
220,1290,1510,0.1441522379002413
217,1285,1502,0.14416676151403446
217,1282,1499,0.1441879852089752
215,1291,1506,0.14420761093484435
217,1295,1512,0.14423132483431345
212,1292,1504,0.14424708407023823
209,1302,1511,0.14427503458674318
212,1313,1525,0.14430890118968404
214,1305,1519,0.14433222786037045
211,1298,1509,0.14434785076653645
207,1304,1511,0.14437006218910933
205,1301,1506,0.144401094789049
206,1302,1508,0.14443571037005787
207,1317,1524,0.14446517421422608
205,1311,1516,0.1444902410343921
203,1313,1516,0.14451850904841934
200,1317,1517,0.14454996327345293
201,1328,1529,0.14458736255038057
199,1338,1537,0.144620322611361
197,1330,1527,0.14465646163395485
201,1323,1524,0.14469496344964383
204,1318,1522,0.144720466379243
207,1318,1525,0.14473639395775767
206,1319,1525,0.14474289151599112
205,1321,1526,0.14475148678079125
206,1321,1527,0.14476236521947794
206,1312,1518,0.1447701177451303
204,1306,1510,0.14477832100489
203,1300,1503,0.14479087351912182
206,1313,1519,0.14480540387123825
209,1312,1521,0.14481151103409443
205,1312,1517,0.1448090758769448
205,1306,1511,0.14481670154966791
209,1312,1521,0.14482355801237806
210,1317,1527,0.14481951148305644
210,1311,1521,0.1448136884068518
207,1315,1522,0.14480922615766048
207,1323,1530,0.14481288386100638
204,1318,1522,0.14481666332266122
205,1321,1526,0.14482781115023116
204,1317,1521,0.14483545165501743
201,1316,1517,0.14484543370829564
197,1315,1512,0.14486271471635867
200,1304,1504,0.1448903332805514
204,1305,1509,0.14490812769096767
200,1304,1504,0.14491364016311498
203,1310,1513,0.1449296006299434
201,1305,1506,0.14493538678693813
198,1321,1519,0.1449456978718629
196,1317,1513,0.1449640434030825
198,1328,1526,0.1449863408469711
195,1326,1521,0.14500176391705297
191,1313,1504,0.1450250453261663
187,1311,1498,0.1450579305773468
191,1313,1504,0.14509961843835176
192,1327,1519,0.14512719932567364
191,1313,1504,0.14514972321911052
189,1322,1511,0.14517302771396712
189,1331,1520,0.1451995843754241
188,1334,1522,0.1452241938132002
187,1336,1523,0.14524976998441194
186,1337,1523,0.14527602946685783
182,1337,1519,0.1453027965263357
179,1328,1507,0.1453384986539588
183,1332,1515,0.14537992483825765
188,1324,1512,0.14540727700483752
191,1330,1521,0.14541905062368088
192,1331,1523,0.1454221746828345
190,1332,1522,0.14542356071935864
193,1339,1532,0.1454302926174489
194,1328,1522,0.1454287916917227
193,1332,1525,0.14542465352916378
191,1332,1523,0.14542356395311976
185,1329,1514,0.14542795196983951
183,1328,1511,0.145449136881156
185,1332,1517,0.14547348709527577
186,1332,1518,0.14548993499579377
185,1327,1512,0.14550229347293261
188,1320,1508,0.14551722257264899
187,1325,1512,0.14552285610237892
180,1328,1508,0.14553068624298565
179,1327,1506,0.145556458735707
182,1321,1503,0.14558352075766856
184,1331,1515,0.14560020770756998
184,1323,1507,0.145609792681627
182,1322,1504,0.14561906659670135
183,1326,1509,0.14563290750326396
183,1334,1517,0.14564293675679757
188,1329,1517,0.1456526804100114
187,1321,1508,0.1456471453685297
191,1321,1512,0.145645117805349
188,1332,1520,0.14563288181180836
185,1324,1509,0.14563051038443592
188,1326,1514,0.14563641337874664
185,1322,1507,0.14563347861854695
190,1321,1511,0.1456387185407251
189,1321,1510,0.1456300806594815
191,1324,1515,0.14562535752784847
189,1340,1529,0.1456152639660858
189,1333,1522,0.1456109159018512
191,1347,1538,0.14560680250919758
188,1345,1533,0.14559801762890603
187,1320,1507,0.14559840860711226
192,1320,1512,0.14560135112277853
189,1311,1500,0.14559039339178648
188,1315,1503,0.14558898091323275
182,1329,1511,0.14559079664772198
184,1328,1512,0.14560783508867367
182,1331,1513,0.14561828664543808
179,1331,1510,0.14563398728410606
177,1319,1496,0.14565660280682635
178,1329,1507,0.14568348976158008
174,1330,1504,0.14570600688423763
172,1340,1512,0.14573723299749106
174,1339,1513,0.1457716396739367
172,1345,1517,0.14579770218934546
173,1346,1519,0.14582788608111255
170,1354,1524,0.1458538040325618
174,1355,1529,0.14588601237580295
171,1351,1522,0.14590525317333164
167,1349,1516,0.14593180202698888
166,1351,1517,0.14596793837750266
165,1360,1525,0.14600355150797403
164,1347,1511,0.14603936694632666
166,1341,1507,0.14607514498192778
162,1355,1517,0.14610274216744032
164,1359,1523,0.1461388443992445
165,1354,1519,0.14616715694728455
168,1345,1513,0.14619061372418207
167,1341,1508,0.1462046904525426
168,1334,1502,0.14622086936097212
169,1348,1517,0.14623244131533666
165,1346,1511,0.14624118416417592
166,1347,1513,0.14626063188236255
167,1338,1505,0.14627553878609817
169,1338,1507,0.1462861581960913
165,1339,1504,0.14629024776767927
169,1346,1515,0.14630402761488542
166,1354,1520,0.14630620980760503
167,1348,1515,0.14631687168902016
165,1350,1515,0.1463237262467018
167,1350,1517,0.1463364268967807
170,1359,1529,0.14634311147633774
170,1352,1522,0.14634082884254623
163,1359,1522,0.1463389830395064
164,1351,1515,0.14635636513942227
163,1356,1519,0.14636930291656058
161,1353,1514,0.1463839952624868
158,1342,1500,0.14640332867939332
160,1354,1514,0.1464291793683841
160,1365,1525,0.1464474962733591
159,1364,1523,0.1464648804482181
160,1352,1512,0.14648367805963666
163,1353,1516,0.14649796135671356
164,1352,1516,0.1465036446569745
163,1348,1511,0.1465066493080304
162,1349,1511,0.14651202710179986
160,1347,1507,0.14652014663304963
163,1359,1522,0.14653349404222396
159,1354,1513,0.14653790481642315
158,1340,1498,0.14655210803988944
161,1347,1508,0.14656862053147188
164,1347,1511,0.14657567077961747
165,1357,1522,0.14657356997227275
167,1363,1530,0.1465686037508451
165,1362,1527,0.14655877437162407
164,1345,1509,0.14655435851733897
167,1356,1523,0.14655263260279902
165,1355,1520,0.14654240042821798
163,1358,1521,0.14653909802962634
156,1349,1505,0.1465414327915326
153,1336,1489,0.14656276686131242
153,1353,1506,0.1465906572652802
155,1354,1509,0.1466174743455597
150,1356,1506,0.14663670930611375
146,1356,1502,0.1466679827038603
148,1360,1508,0.14670827321375643
153,1355,1508,0.1467396234670507
146,1353,1499,0.1467548074416814
145,1362,1507,0.14678855922311435
147,1366,1513,0.14682269092022357
147,1357,1504,0.1468484629098482
151,1353,1504,0.1468727289342935
149,1353,1502,0.1468844780369967
147,1362,1509,0.14690110130427622
144,1365,1509,0.14692190822715603
149,1366,1515,0.14694988616453095
141,1367,1508,0.14696188657472142
143,1362,1505,0.14699594962466955
144,1369,1513,0.14702203833969393
140,1367,1507,0.14704346204420665
137,1370,1507,0.14707424811125855
136,1376,1512,0.1471114483476245
137,1384,1521,0.14714876507541097
135,1366,1501,0.1471807972376576
136,1368,1504,0.14721605892389839
141,1378,1519,0.14724638010646696
144,1367,1511,0.14726056945225163
146,1370,1516,0.1472649568684347
145,1374,1519,0.1472637427790259
142,1368,1510,0.14726535208328248
143,1379,1522,0.14727499000405606
141,1378,1519,0.14728143551824807
142,1371,1513,0.1472932308929667
140,1376,1516,0.14730137128179335
136,1367,1503,0.1473148569779595
137,1382,1519,0.14733904775947726
136,1396,1532,0.14735839002204595
137,1384,1521,0.14737940017226556
136,1385,1521,0.14739645717961503
136,1382,1518,0.14741527671777244
133,1383,1516,0.14743297066517808
135,1382,1517,0.1474579130776333
133,1381,1514,0.14747543860225273
135,1390,1525,0.14749757439042024
133,1380,1513,0.1475126950948464
128,1379,1507,0.14753248326238452
126,1382,1508,0.14756569280638882
124,1390,1514,0.14760164478232216
127,1405,1532,0.14764047048980292
132,1396,1528,0.14766774225392415
130,1383,1513,0.1476790993948466
129,1390,1519,0.1476952497329251
130,1380,1510,0.14771354145160728
130,1386,1516,0.14772717876185923
129,1376,1505,0.14774015331056345
124,1381,1505,0.14775509458025696
129,1398,1527,0.1477832090805201
131,1392,1523,0.1477951886628585
132,1396,1528,0.14780080983716715
126,1386,1512,0.14780349120505973
130,1387,1517,0.14782382820002657
128,1397,1525,0.14783101348710306
128,1395,1523,0.1478434752154326
126,1402,1528,0.14785507473995577
121,1404,1525,0.14787149871711758
117,1397,1514,0.14790141192605616
121,1390,1511,0.14794122558016404
117,1392,1509,0.14796678150166517
120,1388,1508,0.14800227232145002
122,1391,1513,0.14802678071844716
119,1398,1517,0.14804421830720238
117,1407,1524,0.14806934256328227
115,1401,1516,0.14809901691301688
118,1393,1511,0.14813227058272524
119,1387,1506,0.1481548503301962
119,1397,1516,0.14817312312688316
117,1389,1506,0.14819035559800614
116,1389,1505,0.14821223290069718
115,1396,1511,0.14823568011107047
116,1407,1523,0.14826074551216487
116,1393,1509,0.14828107187521605
113,1400,1513,0.14829985359568817
113,1387,1500,0.14832591270486584
112,1401,1513,0.14835013359406574
114,1398,1512,0.14837517897407826
114,1405,1519,0.14839349122122156
114,1394,1508,0.14841064671180948
114,1407,1521,0.14842661189767664
119,1403,1522,0.14844180256289774
116,1404,1520,0.14844080833930942
119,1407,1526,0.1484494500400711
116,1405,1521,0.14844872776424048
117,1405,1522,0.1484571236897664
115,1404,1519,0.14846236597962162
116,1410,1526,0.14847276563226322
114,1407,1521,0.1484797902305445
114,1405,1519,0.14849207769634307
111,1396,1507,0.14850348187968557
107,1393,1500,0.14852269287256947
107,1400,1507,0.14855209547173234
107,1416,1523,0.14857967417770798
107,1402,1509,0.14860533710782542
112,1413,1525,0.14862925215917427
111,1416,1527,0.14863716709575175
112,1402,1514,0.1486475328313014
113,1385,1498,0.14865461050461737
112,1403,1515,0.14865832441952634
115,1404,1519,0.14866438399228496
116,1395,1511,0.14866135184171056
117,1400,1517,0.14865527880703275
119,1400,1519,0.1486466824488463
117,1403,1520,0.14863222597725753
119,1404,1523,0.1486247115996195
118,1406,1524,0.14861231975190647
117,1403,1520,0.14860458941206478
112,1404,1516,0.14859998648035108
111,1406,1517,0.1486100997728478
110,1394,1504,0.1486221163415541
111,1392,1503,0.14863576389872682
112,1396,1508,0.14864573856669497
111,1398,1509,0.1486522151406205
111,1396,1507,0.14866102928530198
110,1398,1508,0.1486687784929551
112,1385,1497,0.14867886580919967
113,1393,1506,0.14868281592419905
117,1386,1503,0.1486833462095449
114,1395,1509,0.1486725622800224
118,1402,1520,0.14867145925726402
118,1396,1514,0.14865871636125463
116,1403,1519,0.14864692029335305
116,1398,1514,0.14864202506870738
113,1414,1527,0.14863749727409734
116,1413,1529,0.14864187917815466
112,1410,1522,0.14863753979416383
115,1399,1514,0.148644310650714
113,1405,1518,0.14864175329003784
117,1406,1523,0.14864519905045737
120,1403,1523,0.14863717474300245
122,1405,1527,0.14862100598981506
120,1394,1514,0.14859999297780283
120,1390,1510,0.14858586882167352
125,1387,1512,0.14857246205676838
125,1381,1506,0.14854532980416682
123,1388,1511,0.14852020209058442
117,1390,1507,0.14850249231946622
122,1394,1516,0.14850341402677916
119,1381,1500,0.1484897727228918
119,1384,1503,0.14848557038493648
118,1400,1518,0.1484810804327589
120,1393,1513,0.148479601687696
123,1389,1512,0.1484721095518952
126,1383,1509,0.14845701255537147
124,1394,1518,0.14843427642816295
122,1388,1510,0.14841951478154963
122,1385,1507,0.14841152419117662
123,1394,1517,0.14840366153933204
122,1399,1521,0.148393603090819
126,1405,1531,0.14838658695235335
123,1407,1530,0.1483681518806239
123,1406,1529,0.14835967872774386
124,1408,1532,0.1483514510114328
122,1405,1527,0.14834096673769337
120,1401,1521,0.14833664152149506
116,1407,1523,0.14833855071211274
115,1395,1510,0.14835222689123792
110,1401,1511,0.14836769550971873
113,1404,1517,0.1483962376501899
114,1405,1519,0.1484138083597552
113,1406,1519,0.148426961152448
114,1399,1513,0.14844171513456758
116,1395,1511,0.14845237092830438
115,1400,1515,0.14845635244333694
113,1401,1514,0.14846338860283895
115,1402,1517,0.1484754172624262
115,1403,1518,0.1484801426446209
113,1389,1502,0.14848411502820066
113,1392,1505,0.14849313678532983
115,1383,1498,0.14850157654618118
119,1392,1511,0.14850370063880583
116,1390,1506,0.1484933907861874
117,1406,1523,0.14849263179924352
117,1409,1526,0.1484888111198634
111,1387,1498,0.14848514355274414
113,1390,1503,0.148499639051898
110,1397,1507,0.1485070263735237
110,1404,1514,0.14852269596676929
110,1399,1509,0.14853714390435008
111,1391,1502,0.14855044201232773
111,1395,1506,0.14856021062493635
111,1393,1504,0.1485699520964032
110,1401,1511,0.14857939823909638
109,1415,1524,0.14859155609739802
107,1422,1529,0.14860575089301048
109,1418,1527,0.14862474537862091
111,1400,1511,0.14863669050102982
112,1411,1523,0.1486421567501049
111,1406,1517,0.14864481252316153
110,1408,1518,0.14865062593002243
107,1412,1519,0.14865923919849736
108,1404,1512,0.14867622878649
105,1416,1521,0.14868915367945892
104,1417,1521,0.14871032889112068
104,1409,1513,0.1487326077171817
102,1412,1514,0.14875331680090653
107,1405,1512,0.14877894665967112
102,1400,1502,0.14878769363050495
101,1409,1510,0.1488108186590622
102,1408,1510,0.14883530123252092
97,1411,1508,0.14885500221198875
96,1415,1511,0.1488876978553278
96,1405,1501,0.1489210283317974
95,1399,1494,0.14895239028981547
95,1416,1511,0.1489848276167856
93,1420,1513,0.14901546889186723
90,1410,1500,0.14905000613048758
91,1415,1506,0.14909117626350135
94,1421,1515,0.14912673692634903
91,1433,1524,0.14915113107264885
90,1428,1518,0.14918297546107495
88,1421,1509,0.1492157181156157
93,1420,1513,0.1492520648757435
91,1423,1514,0.14927090221946926
88,1428,1516,0.14929439308495904
87,1421,1508,0.14932547428317725
89,1438,1527,0.14935745420394853
88,1433,1521,0.14938150056474328
87,1436,1523,0.14940711839039272
83,1427,1510,0.14943416544408397
86,1429,1515,0.149471254557253
84,1432,1516,0.14949699704049674
82,1434,1516,0.14952731357945503
83,1428,1511,0.14956188932315798
82,1440,1522,0.14959149983257572
81,1451,1532,0.14962202306715036
83,1457,1540,0.14965367227073134
81,1454,1535,0.14967732627533128
80,1461,1541,0.14970528399351912
82,1450,1532,0.149734485065243
82,1453,1535,0.14975611202090738
80,1447,1527,0.1497763849088769
80,1444,1524,0.14980116448319197
83,1432,1515,0.1498244310639341
80,1425,1505,0.1498373299018291
84,1419,1503,0.14985831044196957
84,1416,1500,0.1498659602743219
84,1416,1500,0.14987291520925258
85,1423,1508,0.14987945909637498
86,1421,1507,0.14988278013910158
85,1429,1514,0.14988296281015892
85,1428,1513,0.14988620471167166
83,1442,1525,0.14988943274640104
85,1453,1538,0.1498983128793854
85,1436,1521,0.14990077199665983
86,1444,1530,0.1499030541114626
88,1440,1528,0.14990236236268029
87,1443,1530,0.1498960252768953
85,1430,1515,0.14989345271744603
86,1443,1529,0.14989708808504618
81,1436,1517,0.14989760121408716
80,1439,1519,0.14991317548760605
80,1436,1516,0.14993124414151116
77,1443,1520,0.14994812577944944
77,1440,1517,0.14997294905646974
78,1444,1522,0.1499961902324203
74,1427,1501,0.15001509425825596
72,1429,1501,0.15004481535895506
70,1428,1498,0.15007809589336182
74,1427,1501,0.1501148206522223
75,1423,1498,0.15013746235114842
74,1434,1508,0.1501558551776062
76,1443,1519,0.15017615294416464
73,1445,1518,0.15018947920243408
77,1436,1513,0.15021093102555036
81,1430,1511,0.15021879087890716
76,1424,1500,0.15021425819673198
77,1435,1512,0.1502254318394833
76,1450,1526,0.1502327924626906
77,1455,1532,0.15024269489432374
77,1451,1528,0.1502489491094195
77,1448,1525,0.15025447351148472
79,1446,1525,0.15025939626525808
79,1447,1526,0.15025823780484468
78,1453,1531,0.1502575607771403
76,1444,1520,0.15025969355362515
76,1434,1510,0.1502674983634319
74,1444,1518,0.15027487912935036
75,1449,1524,0.15028757624192893
76,1444,1520,0.15029645266137492
78,1445,1523,0.15030155221241842
81,1441,1522,0.15030070721816333
81,1432,1513,0.15029097706783318
79,1445,1524,0.1502822414349233
80,1443,1523,0.15028005933686817
78,1452,1530,0.1502748271709998
78,1449,1527,0.1502759741483899
79,1432,1511,0.15027703432023243
79,1441,1520,0.15027503442279877
79,1444,1523,0.1502733892028428
81,1440,1521,0.1502719811554152
77,1441,1518,0.15026501781981774
76,1441,1517,0.15027052822130366
69,1444,1513,0.15027866832894732
69,1452,1521,0.1503068728604763
69,1443,1512,0.15033335371276738
67,1444,1511,0.1503579307475078
67,1449,1516,0.1503866042028217
67,1434,1501,0.1504131154071814
71,1444,1515,0.15043771882535034
70,1437,1507,0.15044839307351357
67,1435,1502,0.15046149578583934
65,1433,1498,0.15048279986029164
64,1428,1492,0.15050858431645528
62,1432,1494,0.15053553484517193
63,1441,1504,0.15056674597322567
60,1450,1510,0.1505928054042511
58,1465,1523,0.15062636538521057
60,1453,1513,0.15066386787224426
62,1455,1517,0.15069286568766305
63,1465,1528,0.15071406901184337
61,1455,1516,0.15073103722158743
61,1460,1521,0.15075315026028835
58,1461,1519,0.15077381629982944
59,1469,1528,0.15080190552319578
60,1465,1525,0.15082509791621068
61,1459,1520,0.15084387420041087
61,1447,1508,0.15085848808998786
58,1445,1503,0.15087228552309187
58,1442,1500,0.15089449890659679
57,1446,1503,0.1509153763614495
60,1448,1508,0.15093796103509557
60,1449,1509,0.15094994589803265
60,1467,1527,0.15096124633335106
59,1463,1522,0.15097191178581248
57,1471,1528,0.15098500224439493
57,1466,1523,0.15100332102342004
54,1469,1523,0.1510203730139357
55,1457,1512,0.1510454579764471
55,1457,1512,0.15106566800125504
55,1462,1517,0.1510845740890842
56,1448,1504,0.15110247671021654
55,1452,1507,0.15111615763878028
56,1470,1526,0.15113207816287397
54,1465,1519,0.15114400646870035
53,1470,1523,0.1511611341485508
54,1461,1515,0.15118023693351643
52,1474,1526,0.15119498250898578
53,1445,1498,0.1512145588499063
53,1456,1509,0.15122978505222887
53,1464,1517,0.15124396858254763
52,1457,1509,0.15125748979279238
51,1467,1518,0.15127361088676794
50,1475,1525,0.1512918755985334
50,1475,1525,0.1513120372489161
49,1471,1520,0.15133109262920397
49,1471,1520,0.15135187073669368
50,1473,1523,0.15137131906470014
49,1475,1524,0.15138647090050233
50,1463,1513,0.15140357153153583
49,1461,1510,0.15141654715275255
48,1467,1515,0.15143170743583256
52,1455,1507,0.1514486683854174
54,1448,1502,0.15145245992956582
54,1449,1503,0.1514501988482112
54,1459,1513,0.15144837882023576
54,1444,1498,0.15144685051165307
54,1454,1508,0.15144553656587642
55,1463,1518,0.1514444985629512
54,1465,1519,0.15144066296222444
52,1463,1515,0.15144041757134158
52,1463,1515,0.15144612123976192
53,1471,1524,0.15145139066564858
55,1474,1529,0.15145330811664232
53,1472,1525,0.15144913098690663
54,1460,1514,0.1514514560481624
54,1473,1527,0.151450654785814
53,1468,1521,0.1514499956848379
52,1464,1516,0.15145235184448225
51,1458,1509,0.15145745016974232
48,1459,1507,0.15146518692803343
49,1477,1526,0.15148141220650824
49,1468,1517,0.1514935517053072
51,1468,1519,0.15150476216435163
52,1460,1512,0.15150897760027018
53,1460,1513,0.15150976622407053
53,1457,1510,0.15150721550572083
53,1462,1515,0.15150492524363712
54,1451,1505,0.15150277824536254
52,1455,1507,0.1514978557573616
52,1446,1498,0.15149940657055427
52,1462,1514,0.15150084670041586
53,1469,1522,0.15150203139569177
54,1469,1523,0.15149986019031833
55,1468,1523,0.15149480694006637
55,1476,1531,0.1514872114361888
54,1460,1514,0.15148017283134482
54,1462,1516,0.1514767285368218
53,1451,1504,0.15147339904114482
52,1451,1503,0.15147347368294284
50,1458,1508,0.15147653449734835
50,1456,1506,0.15148522960450841
51,1466,1517,0.15149316534877946
51,1469,1520,0.15149757226871483
50,1469,1519,0.15150189347995358
49,1462,1511,0.15150886449447235
49,1459,1508,0.15151833032376086
50,1460,1510,0.15152703992282693
48,1463,1511,0.15153190116067672
51,1453,1504,0.1515426694057993
50,1469,1519,0.15154365116350577
50,1467,1517,0.15154776743927548
50,1481,1531,0.15155170240552704
50,1478,1528,0.15155519037408552
48,1471,1519,0.1515584090358766
50,1462,1512,0.15156738968448125
50,1466,1516,0.15156961895486354
49,1461,1510,0.15157175644806128
51,1469,1520,0.151576908649525
52,1472,1524,0.15157564079264121
52,1459,1511,0.1515715427631368
50,1463,1513,0.151567833091258
52,1465,1517,0.1515707414308186
52,1470,1522,0.15156743200313091
52,1463,1515,0.15156447135951864
52,1460,1512,0.15156184249576404
52,1458,1510,0.15155934177775854
50,1465,1515,0.15155710119413304
48,1462,1510,0.15156089053859595
48,1453,1501,0.151570575715498
48,1449,1497,0.15157944396162962
48,1459,1507,0.15158772802394985
49,1482,1531,0.15159551954941508
47,1463,1510,0.15159980954258398
49,1467,1516,0.15161010655951873
50,1475,1525,0.15161339528178983
51,1471,1522,0.15161354519431375
50,1477,1527,0.1516105769801093
47,1480,1527,0.15161086773739277
47,1475,1522,0.15162056141758437
48,1468,1516,0.1516297389069821
49,1463,1512,0.15163509838448014
49,1474,1523,0.15163706362891027
47,1477,1524,0.15163902477433366
46,1472,1518,0.1516469608233309
45,1476,1521,0.15165724281604998
45,1475,1520,0.15166970888550688
47,1486,1533,0.151681516410998
46,1483,1529,0.15168663530831875
47,1483,1530,0.1516944855513942
46,1484,1530,0.15169866799242468
46,1474,1520,0.15170565039317357
47,1470,1517,0.15171219983509496
44,1466,1510,0.151715185105791
44,1464,1508,0.15172704842722287
42,1473,1515,0.15173802447182905
40,1475,1515,0.15175431240689208
39,1481,1520,0.15177554169163443
39,1485,1524,0.15179852917313494
38,1483,1521,0.15182011395150463
37,1486,1523,0.15184333579152243
38,1476,1514,0.15186806349977533
36,1478,1514,0.1518879620140465
36,1474,1510,0.15191272099156383
38,1477,1515,0.1519359056802939
38,1485,1523,0.15195146449690475
39,1485,1524,0.15196604292077903
39,1467,1506,0.1519767587738002
41,1478,1519,0.15198691441650916
40,1463,1503,0.15199037578344085
41,1467,1508,0.15199672266806893
40,1480,1520,0.1519996811006606
37,1476,1513,0.15200548599386315
38,1482,1520,0.15202052302499167
38,1477,1515,0.15203146011966978
36,1486,1522,0.1520417978333379
36,1492,1528,0.15205776380788782
35,1492,1527,0.15207273053677475
34,1489,1523,0.152089772505437
35,1488,1523,0.15210851606659037
38,1480,1518,0.15212299365192566
37,1482,1519,0.15212734397114752
36,1487,1523,0.15213472720412455
41,1487,1528,0.1521444901099069
38,1505,1543,0.15213785761653606
36,1497,1533,0.15214109270464124
37,1495,1532,0.15215039672960118
37,1479,1516,0.15215595546681665
36,1484,1520,0.15216139870622566
37,1485,1522,0.1521696698788142
38,1484,1522,0.15217429543081573
37,1493,1530,0.1521754519568005
36,1487,1523,0.15217969323344216
37,1501,1538,0.1521867246764534
36,1480,1516,0.1521902208455014
35,1481,1516,0.15219655312688132
34,1487,1521,0.1522055014791163
34,1491,1525,0.15221689939481353
35,1476,1511,0.15222745904852927
35,1484,1519,0.15223418084840828
36,1475,1511,0.15224050782675885
37,1481,1518,0.15224334814663507
38,1482,1520,0.15224288148368106
37,1473,1510,0.15223943707939294
37,1468,1505,0.15223944168643516
37,1477,1514,0.15223965564765152
38,1481,1519,0.15223990187199696
39,1479,1518,0.15223693414654133
38,1494,1532,0.152231145250806
38,1488,1526,0.15222888480782917
38,1484,1522,0.15222680150851228
37,1474,1511,0.15222487174346744
37,1484,1521,0.15222611638932604
37,1489,1526,0.1522272880366087
36,1474,1510,0.15222838014230392
35,1488,1523,0.15223255650493975
33,1478,1511,0.15223961390088256
35,1475,1510,0.15225240933319725
35,1466,1501,0.1522579778925796
34,1464,1498,0.15226322387415225
34,1463,1497,0.1522711881079287
34,1457,1491,0.15227844616037314
33,1462,1495,0.15228521497978906
34,1460,1494,0.15229461148878454
34,1482,1516,0.1523003618722314
34,1480,1514,0.1523058338566234
35,1488,1523,0.15231097466272378
36,1494,1530,0.15231272976255586
36,1493,1529,0.15231122932990318
34,1506,1540,0.15230986314095987
35,1492,1527,0.1523149382447423
34,1492,1526,0.1523165006824648
34,1491,1525,0.15232107064931819
34,1477,1511,0.15232536721183013
32,1481,1513,0.15232938927151324
31,1482,1513,0.1523395310963529
31,1480,1511,0.15235208284990198
31,1480,1511,0.15236382583158709
31,1473,1504,0.15237480507306952
34,1481,1515,0.1523850787670239
33,1474,1507,0.152385350569875
32,1475,1507,0.15238893479287577
31,1472,1503,0.15239542685539875
30,1476,1506,0.1524045004466306
28,1475,1503,0.1524159956160968
27,1476,1503,0.1524329400770165
27,1481,1508,0.1524517577611183
28,1475,1503,0.15246929369261686
28,1481,1509,0.1524825172700625
28,1480,1508,0.1524948872435328
29,1487,1516,0.1525064613698809
31,1491,1522,0.1525141008374668
30,1487,1517,0.1525151594459865
29,1491,1520,0.15251931797010074
28,1491,1519,0.15252635441703838
27,1491,1518,0.1525361063910548
25,1483,1508,0.1525484746721574
25,1490,1515,0.15256631426213701
26,1487,1513,0.152582897477771
26,1487,1513,0.15259533210990472
25,1506,1531,0.15260692426579864
25,1497,1522,0.15262085645610166
26,1497,1523,0.15263381851991278
25,1491,1516,0.15264287621632666
26,1497,1523,0.1526545495924293
27,1481,1508,0.1526622714647755
26,1487,1513,0.15266649565234466
26,1490,1516,0.15267371636555394
25,1501,1526,0.15268050761072097
24,1501,1525,0.15269003355136498
22,1502,1524,0.15270211486847857
23,1507,1530,0.15271957524376206
25,1508,1533,0.15273274755956412
24,1503,1527,0.15273872837229482
25,1498,1523,0.15274759257973136
25,1493,1518,0.15275274781860246
26,1499,1525,0.15275768480160096
25,1484,1509,0.15275923537471947
25,1479,1504,0.15276388903534346
25,1482,1507,0.15276826202912208
25,1485,1510,0.152772456954017
26,1494,1520,0.15277644857313966
25,1491,1516,0.15277696340555696
24,1498,1522,0.15278057478956544
25,1486,1511,0.15278716832815245
24,1500,1524,0.15279014773097782
23,1496,1519,0.15279607011744736
24,1491,1515,0.15280470259621784
24,1490,1514,0.15280959207366457
24,1490,1514,0.15281423890045218
22,1495,1517,0.15281862642846453
21,1499,1520,0.15282905778787576
21,1498,1519,0.15284205188845346
20,1499,1519,0.15285418696369582
19,1502,1521,0.15286885556634444
19,1495,1514,0.15288575075007788
18,1498,1516,0.1529015668363887
18,1499,1517,0.15291956260286224
17,1501,1518,0.15293635331861108
18,1502,1520,0.15295529336403849
19,1497,1516,0.152969791508315
18,1483,1501,0.15298017778173187
19,1495,1514,0.1529932231518355
19,1498,1517,0.15300226184787108
19,1505,1524,0.15301076356004228
19,1507,1526,0.15301875391708886
19,1506,1525,0.153026217040208
19,1518,1537,0.15303314889360886
19,1502,1521,0.15303962798271786
19,1501,1520,0.1530456936872059
20,1491,1511,0.15305137112812348
21,1495,1516,0.15305349209131178
21,1508,1529,0.15305222750160566
21,1508,1529,0.15305106201301444
21,1489,1510,0.15304988022111954
22,1495,1517,0.15304872205677175
22,1502,1524,0.15304439396496272
22,1495,1517,0.15304032542815416
22,1494,1516,0.15303649943524897
22,1490,1512,0.15303290318290333
24,1488,1512,0.15302952372297812
24,1494,1518,0.15301999371278302
23,1503,1526,0.1530110616614526
22,1494,1516,0.15300584493371677
23,1492,1515,0.1530040965877617
24,1479,1503,0.15299925592962912
24,1479,1503,0.15299154710868393
24,1479,1503,0.1529843025819156
24,1480,1504,0.15297750865080634
24,1471,1495,0.1529711186256869
23,1480,1503,0.15296512010050384
24,1478,1502,0.15296268687989856
25,1477,1502,0.15295715468807564
25,1476,1501,0.1529487619382957
25,1479,1504,0.1529409053210539
24,1488,1512,0.15293354205932144
24,1483,1507,0.1529298533179951
23,1487,1510,0.15292631626576247
21,1490,1511,0.15292612228566502
20,1470,1490,0.15293230772025151
22,1466,1488,0.15294136690550608
22,1478,1500,0.15294343941452795
23,1476,1499,0.15294545967861695
21,1498,1519,0.15294413560411996
19,1504,1523,0.15294932337988562
19,1506,1525,0.1529604645866108
19,1489,1508,0.1529708953878179
18,1481,1499,0.15298062907208776
18,1486,1504,0.1529929223345423
17,1488,1505,0.15300441141814367
17,1494,1511,0.15301835112083478
17,1507,1524,0.15303141482538066
17,1507,1524,0.15304360832456504
19,1508,1527,0.15305499889191615
18,1509,1527,0.15305933212045286
18,1491,1509,0.1530666243309078
20,1502,1522,0.15307346212219675
19,1499,1518,0.15307347094384682
19,1491,1510,0.15307676873351816
18,1485,1503,0.15307987437109827
17,1498,1515,0.15308594126718364
19,1494,1513,0.15309486647249773
19,1493,1512,0.15309686697649552
21,1503,1524,0.15309878454462097
21,1504,1525,0.1530940867355392
21,1503,1524,0.15308977426241024
21,1511,1532,0.15308570971046329
21,1514,1535,0.1530819111729999
23,1501,1524,0.1530783638746816
23,1506,1529,0.15306872679856987
22,1503,1525,0.15305972925189054
20,1502,1522,0.153054448636709
20,1507,1527,0.15305576480416822
21,1510,1531,0.15305696601701377
22,1504,1526,0.15305474022005103
22,1506,1528,0.15304948505369737
22,1501,1523,0.153044566489314
22,1500,1522,0.1530399693777437
22,1502,1524,0.15303566789226605
22,1504,1526,0.15303163966629893
22,1504,1526,0.15302786509945196
23,1488,1511,0.15302432665748603
21,1486,1507,0.15301780992494524
22,1508,1530,0.1530181692667013
23,1499,1522,0.15301526832820206
22,1496,1518,0.15300935281618908
22,1504,1526,0.15300697386278736
23,1508,1531,0.1530047045403676
23,1501,1524,0.1529992667874456
25,1505,1530,0.15299423704115078
23,1505,1528,0.15298302916009654
25,1505,1530,0.15297897875523958
26,1494,1520,0.15296882134046033
25,1490,1515,0.15295616998511175
26,1493,1519,0.15294751828597733
26,1507,1533,0.15293626404635027
26,1494,1520,0.15292574944962564
26,1491,1517,0.15291591735707757
24,1484,1508,0.1529067153457767
22,1492,1514,0.15290439175552237
23,1486,1509,0.15290852784138642
26,1484,1510,0.15290921080983919
26,1493,1519,0.15290026941238014
26,1482,1508,0.15289186320030898
27,1495,1522,0.15288396071215568
26,1498,1524,0.15287334923065732
26,1503,1529,0.1528665264314781
27,1500,1527,0.15286014662030034
28,1498,1526,0.15285094703488067
30,1487,1517,0.15283920281910357
31,1492,1523,0.15282188769625626
31,1499,1530,0.1528025049206385
32,1496,1528,0.1527843901696586
32,1503,1535,0.15276423797503633
32,1494,1526,0.15274536794115443
33,1491,1524,0.1527276865663023
31,1485,1516,0.1527079461408851
30,1495,1525,0.1526958323295949
29,1496,1525,0.15268753082041864
29,1490,1519,0.15268287233574526
29,1488,1517,0.152678475971996
29,1487,1516,0.15267433418110066
29,1489,1518,0.15267043515410753
29,1492,1521,0.15266676642260013
28,1486,1514,0.152663283869584
28,1505,1533,0.1526631981677741
28,1492,1520,0.15266310847845785
28,1493,1521,0.1526630171478107
26,1497,1523,0.15266292548008034
26,1501,1527,0.15266911865049
26,1493,1519,0.15267489240113347
26,1484,1510,0.15268027936230052
25,1476,1501,0.15268531358966325
23,1481,1504,0.15269327991962256
21,1472,1493,0.15270706401220316
20,1488,1508,0.15272627915501927
19,1494,1513,0.15274743813907393
21,1493,1514,0.15277041471961333
20,1497,1517,0.15278556120870362
20,1508,1528,0.15280296499935933
19,1502,1521,0.15281932720145097
20,1499,1519,0.15283788888448033
20,1500,1520,0.1528521245229607
21,1491,1512,0.15286553755874077
21,1495,1516,0.1528749659342924
20,1495,1515,0.15288384650201553
19,1504,1523,0.15289538904927788
19,1496,1515,0.15290940893917038
21,1500,1521,0.15292255320939013
22,1492,1514,0.1529283870850019
22,1489,1511,0.15293074730855355
22,1496,1518,0.15293300739666033
23,1495,1518,0.15293515799688048
23,1501,1524,0.15293402987155338
24,1502,1526,0.15293299274810895
24,1492,1516,0.15292887785532686
23,1491,1514,0.15292510622079314
21,1497,1518,0.1529247578155881
20,1495,1515,0.1529308293612177
20,1481,1501,0.1529396700426627
21,1489,1510,0.15294795084607685
20,1495,1515,0.1529524834412711
19,1488,1507,0.15295979657627767
19,1504,1523,0.15296990473448152
19,1496,1515,0.15297939728258814
19,1486,1505,0.15298830564168497
19,1487,1506,0.15299666268198303
19,1490,1509,0.1530045023265073
19,1482,1501,0.1530118572790748
18,1494,1512,0.15301875832194992
17,1503,1520,0.15302841709498355
19,1501,1520,0.15304073924967093
17,1488,1505,0.15304589164000149
12,1494,1506,0.15305714224649616
12,1492,1504,0.1530837556253497
13,1486,1499,0.15310869132810775
14,1488,1502,0.15312886649594631
14,1499,1513,0.15314450666484944
14,1493,1507,0.15315925369721645
14,1503,1517,0.15317311650475382
14,1509,1523,0.15318614261989585
14,1502,1516,0.15319838077784848
14,1500,1514,0.15320987792073254
15,1517,1532,0.15322067860227429
15,1509,1524,0.15322762349099975
14,1505,1519,0.15323415157577636
14,1506,1520,0.1532434784213862
14,1513,1527,0.1532522423725099
14,1518,1532,0.15326048050138844
14,1501,1515,0.15326822795908315
14,1505,1519,0.15327550357600522
14,1509,1523,0.15328233700333996
14,1495,1509,0.1532887558218034
14,1504,1518,0.15329478551940434
13,1501,1514,0.15330044984068036
12,1514,1526,0.15330909532217318
13,1510,1523,0.15332040314657058
14,1505,1519,0.15332778687405596
13,1504,1517,0.1533315529137261
12,1486,1498,0.1533384152002333
12,1500,1512,0.15334805996474135
11,1506,1517,0.15335703473395562
12,1495,1507,0.15336863266762088
13,1493,1506,0.1533763255790153
13,1486,1499,0.15338028464552672
13,1493,1506,0.15338408231919928
13,1485,1498,0.15338767399652625
12,1495,1507,0.15339106206521438
11,1496,1507,0.15339742761726222
10,1499,1509,0.1534066654392713
10,1492,1502,0.1534185327382441
12,1493,1505,0.15342967795589416
12,1492,1504,0.15343369510365615
12,1501,1513,0.15343746532819313
11,1493,1504,0.15344101580354683
12,1506,1518,0.15344748886067225
13,1502,1515,0.15345033297469662
11,1504,1515,0.15344979648148288
11,1495,1506,0.15345585393747327
10,1493,1503,0.15346146955955686
10,1485,1495,0.15347000171513123
10,1510,1520,0.15347797833014273
10,1513,1523,0.15348545662408153
10,1515,1525,0.15349247359354984
9,1520,1529,0.15349906049526355
8,1512,1520,0.15350853779048662
8,1510,1518,0.15352060482725555
8,1517,1525,0.1535318980289594
7,1513,1520,0.15354247535051002
7,1517,1524,0.1535557066805961
7,1511,1518,0.15356806110342908
7,1520,1527,0.15357963900401586
7,1515,1522,0.1535904979201348
7,1517,1524,0.1536006866618659
7,1525,1532,0.15361024911276913
7,1520,1527,0.15361922548181423
7,1502,1509,0.15362765292479347
7,1496,1503,0.1536355659348821
8,1494,1502,0.15364299662507855
8,1494,1502,0.15364664829531097
9,1506,1515,0.15365015591726539
8,1503,1511,0.1536502563757309
8,1501,1509,0.15365360073581327
9,1513,1522,0.1536567461636665
9,1494,1503,0.15365650327937888
8,1505,1513,0.15365628339109436
8,1516,1524,0.1536593923936651
7,1514,1521,0.15366225068041947
7,1510,1517,0.15366824689317798
6,1518,1524,0.15367381010188919
6,1521,1527,0.15368221396123097
7,1500,1507,0.15369009908038325
7,1506,1513,0.15369424302720616
7,1509,1516,0.15369812999274834
7,1506,1513,0.15370177699934662
7,1509,1516,0.15370519970475077
7,1518,1525,0.15370841228700236
7,1522,1529,0.1537114279057462
7,1509,1516,0.15371425884953507
7,1511,1518,0.1537169166180974
5,1503,1508,0.1537194119789369
5,1513,1518,0.15372824827501494
4,1514,1518,0.1537365585730624
4,1519,1523,0.1537476009403973
4,1513,1517,0.1537579839902929
4,1505,1509,0.15376774027377504
4,1504,1508,0.1537769049137631
4,1499,1503,0.15378551368977322
4,1506,1510,0.1537936007383032
4,1503,1507,0.15380119812419235
4,1512,1516,0.15380833586538234
4,1513,1517,0.15381504205811655
4,1511,1515,0.15382134301500858
4,1506,1510,0.15382726339453245
5,1522,1527,0.15383282631811657
5,1522,1527,0.15383477503107337
4,1524,1528,0.1538366083112815
4,1513,1517,0.1538416003727523
4,1502,1506,0.15384629865964844
4,1500,1504,0.1538507147203577
4,1512,1516,0.15385486448940994
4,1514,1518,0.15385876390408545
5,1506,1511,0.15386242812203804
5,1510,1515,0.1538626213862399
5,1506,1511,0.15386279747651158
5,1510,1515,0.1538629679944662
6,1496,1502,0.15386313430752796
6,1495,1501,0.1538600230827167
6,1500,1506,0.1538571037114408
6,1500,1506,0.15385436569531222
5,1520,1525,0.15385179751713654
5,1516,1521,0.15385262649244902
6,1510,1516,0.1538534114523613
7,1500,1507,0.15385089125887302
7,1493,1500,0.15384528469447314
8,1499,1507,0.15384002804382665
8,1505,1513,0.1538318455338289
8,1501,1509,0.15382417214125788
8,1495,1503,0.1538169693630568
8,1501,1509,0.15381021720746724
8,1497,1505,0.15380389155054255
8,1493,1501,0.15379796196312592
7,1495,1502,0.15379240111116996
7,1490,1497,0.1537904006640495
7,1493,1500,0.15378853028537431
7,1499,1506,0.15378677608234217
7,1507,1514,0.15378512762752378
7,1509,1516,0.15378357776996052
7,1518,1525,0.15378212050495782
7,1516,1523,0.15378075036610783
7,1506,1513,0.15377946224120242
7,1513,1520,0.15377825130981826
7,1507,1514,0.15377711301791008
7,1511,1518,0.15377604306365084
8,1509,1517,0.15377503738636608
8,1516,1524,0.15377083262057864
8,1499,1507,0.15376688043550182
8,1504,1512,0.15376316790290007
7,1501,1508,0.15375969339643944
7,1483,1490,0.15375969857469696
7,1508,1515,0.1537597137209832
7,1513,1520,0.1537597396403444
7,1491,1498,0.1537597634787182
7,1504,1511,0.1537597862107496
7,1516,1523,0.15375980846711598
7,1513,1520,0.15375983047927366
7,1515,1522,0.1537598523120501
7,1520,1527,0.15375987396126395
6,1512,1518,0.15375989539334653
6,1518,1524,0.1537631241613437
6,1520,1526,0.1537661640578417
6,1521,1527,0.15376901503414642
6,1516,1522,0.15377168770571487
5,1508,1513,0.15377419388562205
5,1510,1515,0.15377977107867533
5,1512,1517,0.15378501897162572
5,1506,1511,0.15378994365483575
5,1512,1517,0.15379456366144428
5,1513,1518,0.15379889856156176
5,1517,1522,0.15380296681557193
5,1507,1512,0.15380678555104807
5,1507,1512,0.15381037064040956
5,1512,1517,0.15381373681915872
5,1515,1520,0.15381689779600474
5,1511,1516,0.15381986634770217
5,1516,1521,0.15382265439998102
5,1507,1512,0.15382527309722785
5,1493,1498,0.15382773286327667
5,1501,1506,0.15383004345513301
5,1504,1509,0.153832214010987
5,1496,1501,0.15383425309352308
5,1495,1500,0.15383616872927916
5,1507,1512,0.1538379684446306
5,1501,1506,0.15383965929884463
5,1497,1502,0.15384124791455966
5,1514,1519,0.1538427405059755
5,1512,1517,0.1538441429049914
5,1505,1510,0.15384546058548987
5,1518,1523,0.15384669868593487
5,1508,1513,0.15384786203043047
5,1506,1511,0.15384895514836694
5,1497,1502,0.15384998229276692
5,1503,1508,0.1538509474574309
5,1516,1521,0.15385185439297155
6,1511,1517,0.1538527066218184
6,1516,1522,0.15385022093978956
6,1514,1520,0.1538479109164929
7,1498,1505,0.15384576125087984
7,1500,1507,0.15384045389757378
6,1503,1509,0.15383549946800326
5,1497,1502,0.15383411014422002
5,1495,1500,0.15383607574357705
5,1479,1484,0.15383792863198575
5,1485,1490,0.15383965816019912
5,1499,1504,0.15384127436740325
5,1510,1515,0.15384278649070346
5,1514,1519,0.15384420248924616
5,1517,1522,0.15384552934151674
5,1515,1520,0.15384677327400684
5,1510,1515,0.1538479399138493
5,1511,1516,0.1538490343932255
5,1509,1514,0.153850061423873
5,1512,1517,0.15385102535249934
4,1505,1509,0.1538519302035632
4,1502,1506,0.1538560849682805
4,1501,1505,0.15385997747967678
4,1508,1512,0.15386362039085152
4,1507,1511,0.15386703415407804
4,1519,1523,0.15387023541582173
4,1515,1519,0.15387323870505198
4,1512,1516,0.15387605710801805
4,1528,1532,0.15387870259272343
4,1520,1524,0.15388118619519514
4,1516,1520,0.15388351814233603
4,1516,1520,0.1538857079415396
5,1513,1518,0.15388776445080482
5,1530,1535,0.15388640135340326
5,1534,1539,0.15388514433647227
5,1531,1536,0.1538839822839407
5,1526,1531,0.15388290203670185
6,1528,1534,0.15388189487814635
6,1521,1527,0.15387770233772585
6,1520,1526,0.1538737610979992
6,1508,1514,0.15387006754661292
6,1505,1511,0.15386660683594314
6,1510,1516,0.1538633631279266
6,1522,1528,0.1538603216809813
7,1523,1530,0.15385746899132188
6,1503,1509,0.15385155928075395
6,1494,1500,0.15384923484384816
6,1493,1499,0.15384705996882198
6,1486,1492,0.15384502140591763
6,1489,1495,0.1538431077704728
6,1496,1502,0.15384131062389828
6,1507,1513,0.1538396226487744
5,1513,1518,0.15383803714141614
5,1519,1524,0.15383982266195995
5,1501,1506,0.15384148279022813
6,1507,1513,0.1538430253358802
7,1512,1519,0.15384119022472087
7,1518,1525,0.15383617195801003
8,1507,1515,0.15383147672419445
8,1496,1504,0.15382384233764335
8,1491,1499,0.15381668133141804
9,1500,1509,0.1538099597188309
7,1505,1512,0.1538003865604296
7,1516,1523,0.15379792740215506
7,1508,1515,0.15379560598097697
7,1514,1521,0.15379340961601426
7,1513,1520,0.1537913362465386
7,1508,1515,0.15378938153335908
7,1515,1522,0.15378754020950347
7,1514,1521,0.15378580666902553
7,1509,1516,0.1537841752448593
7,1509,1516,0.15378264035615988
7,1506,1513,0.15378122171213002
6,1511,1517,0.1537798757681097
6,1510,1516,0.15378185538806274
6,1503,1509,0.15378371737789748
6,1511,1517,0.15378545289793538
6,1510,1516,0.15378707243432377
6,1514,1520,0.15378858560976233
6,1516,1522,0.15379000076487118
6,1518,1524,0.15379132522590183
6,1507,1513,0.15379256552252812
6,1503,1509,0.15379372754050502
6,1518,1524,0.15379481662998082
6,1510,1516,0.15379583768499266
6,1515,1521,0.15379679520388817
6,1521,1527,0.15379769333671997
6,1515,1521,0.15379853592344842
6,1501,1507,0.1537993265254536
7,1512,1519,0.15380006845203625
7,1520,1527,0.15379751914895068
7,1528,1535,0.15379512870759182
7,1532,1539,0.15379288676917563
8,1531,1539,0.15379078359904333
8,1525,1533,0.15378557219869365
8,1517,1525,0.15378067597810616
8,1528,1536,0.15377607713364685
7,1515,1522,0.15377175986584193
7,1510,1517,0.15377094141741365
7,1510,1517,0.15377017479981916
7,1520,1527,0.15376945371116293
7,1528,1535,0.15376877522462393
7,1537,1544,0.15376813703004696
7,1533,1540,0.15376753694343254
7,1525,1532,0.15376697285223453
6,1515,1521,0.15376644271460277
6,1502,1508,0.15376917705555737
6,1502,1508,0.15377174845012148
6,1505,1511,0.15377416736410068
6,1511,1517,0.15377644014453662
7,1523,1530,0.15377857463073494
6,1525,1531,0.15377733293258136
7,1521,1528,0.1537794102633472
6,1526,1532,0.15377810928616933
6,1522,1528,0.15378011510011447
6,1524,1530,0.1537820063507299
8,1505,1513,0.15378378536382836
8,1511,1519,0.1537789509877636
9,1508,1517,0.153774418400772
10,1520,1530,0.15376690499471338
11,1522,1533,0.1537565923439354
12,1514,1526,0.15374367749093323
12,1503,1515,0.1537283252192369
12,1511,1523,0.1537139273135329
12,1508,1520,0.1537004196014879
12,1507,1519,0.153687744803495
13,1510,1523,0.15367584938664222
13,1505,1518,0.15366143239943195
13,1502,1515,0.15364789830893041
13,1511,1524,0.15363520404998993
13,1509,1522,0.1536232943745317
13,1501,1514,0.15361211807623065
12,1495,1507,0.1536016280092306
12,1497,1509,0.15359500939163773
11,1502,1513,0.15358879448891563
12,1497,1509,0.1535861569216054
10,1509,1519,0.15358047359070995
10,1515,1525,0.15358154947054412
11,1513,1524,0.15358256434446305
12,1503,1515,0.15358030075038953
12,1497,1509,0.15357494955660922
11,1509,1520,0.15356991872413597
11,1493,1504,0.15356841787607015
10,1493,1503,0.15356700882032004
10,1494,1504,0.15356889977179897
10,1502,1512,0.15357070511233573
10,1514,1524,0.15357239648453969
11,1504,1515,0.15357398833917058
12,1501,1513,0.1535722584882414
13,1491,1504,0.1535674199330482
13,1497,1510,0.1535596737569958
12,1503,1515,0.15355241576779352
13,1503,1516,0.15354881969164041
13,1507,1520,0.15354225346624722
14,1500,1514,0.15353609148577071
14,1492,1506,0.15352708189527747
14,1500,1514,0.15351863532214063
13,1491,1504,0.1535107129310282
13,1489,1502,0.15350647752082838
14,1485,1499,0.15350250972690657
14,1493,1507,0.15349556041941428
13,1503,1516,0.15348904071954309
13,1486,1499,0.15348610896199688
13,1496,1509,0.15348335919325062
13,1497,1510,0.153480770091033
14,1505,1519,0.15347833146379802
13,1504,1517,0.15347280259786703
13,1507,1520,0.153470807306881
13,1511,1524,0.1534689272748038
14,1494,1508,0.1534671557125832
14,1500,1514,0.153462270371404
14,1492,1506,0.15345768849414654
15,1488,1503,0.15345338569088374
15,1493,1508,0.153446136304005
16,1482,1498,0.15343933230290255
17,1489,1506,0.1534297330444979
18,1491,1509,0.153417505281238
19,1503,1522,0.1534028000251338
19,1501,1520,0.15338578916632864
19,1495,1514,0.1533698404962945
19,1503,1522,0.15335487773873122
19,1505,1524,0.1533408366266958
20,1489,1509,0.1533276585008942
20,1489,1509,0.15331212298138855
21,1492,1513,0.15329755853773505
21,1506,1527,0.1532807148941699
22,1507,1529,0.15326492414285509
22,1513,1535,0.15324692084351108
22,1506,1528,0.1532300329320539
20,1508,1528,0.15321422345429148
21,1504,1525,0.1532057057137716
22,1486,1508,0.15319448443432426
22,1491,1513,0.15318078306388438
23,1490,1513,0.1531679408288225
21,1482,1503,0.1531527249673375
20,1487,1507,0.15314480793305985
20,1495,1515,0.15314055739000626
20,1495,1515,0.15313654800210633
22,1497,1519,0.15313277195629607
24,1499,1523,0.1531227846623449
23,1506,1529,0.15310709251919835
24,1502,1526,0.153095634376513
25,1501,1526,0.1530816984985874
22,1503,1525,0.15306549871638417
22,1505,1527,0.15305985258258098
23,1491,1514,0.15305457500540065
23,1491,1514,0.15304646331110658
23,1489,1512,0.15303886706557726
23,1496,1519,0.15303174697848326
21,1493,1514,0.1530250710756429
21,1497,1518,0.1530251372142031
21,1498,1519,0.15302519900555528
24,1495,1519,0.15302525497927755
24,1490,1514,0.15301582241360626
22,1481,1503,0.15300701605255057
21,1486,1507,0.15300508638335433
20,1488,1508,0.1530064147677814
22,1490,1512,0.1530107998258276
22,1488,1510,0.15300857693100336
22,1485,1507,0.15300648867404207
22,1479,1501,0.15300454429574795
21,1479,1500,0.15300272152506167
22,1488,1510,0.1530042050249216
22,1495,1517,0.15300245246178215
22,1486,1508,0.15300081381873626
21,1494,1515,0.15299928023959916
20,1494,1514,0.15300097247725147
19,1497,1516,0.1530057198586734
18,1507,1525,0.1530133247943882
18,1502,1520,0.15302360252261546
17,1504,1521,0.1530332285219621
17,1501,1518,0.1530453839800555
18,1497,1515,0.15305677320008132
19,1494,1513,0.15306430172542373
18,1497,1515,0.15306812384699134
17,1480,1497,0.15307497919555277
17,1508,1525,0.15308460123116607
17,1498,1515,0.1530936329752355
17,1508,1525,0.15310213609168064
17,1508,1525,0.15311012297271628
17,1502,1519,0.15311762224241715
16,1493,1509,0.15312466288505802
16,1495,1511,0.15313446446950266
15,1498,1513,0.15314366429453802
14,1498,1512,0.1531554412868412
13,1499,1512,0.15316971174604338
13,1495,1508,0.15318631563261426
13,1511,1524,0.1532019012546341
15,1512,1527,0.15321652750185272
14,1495,1509,0.1532238944095275
14,1500,1514,0.15323403053349957
12,1495,1507,0.15324356400148362
12,1498,1510,0.15325900679448193
12,1503,1515,0.15327350512958654
12,1503,1515,0.15328710036783813
11,1503,1514,0.1532998555234426
11,1500,1511,0.15331499914947327
11,1504,1515,0.1533291956180318
11,1511,1522,0.15334251048888417
11,1509,1520,0.15335500427669774
11,1510,1521,0.15336673102633472
11,1518,1529,0.1533777400632513
11,1517,1528,0.15338807687424028
11,1508,1519,0.15339778364080112
11,1501,1512,0.15340689961230708
11,1508,1519,0.15341546139281834
9,1519,1528,0.153423503174347
9,1508,1517,0.15343741077866646
8,1509,1517,0.15345046460324316
8,1520,1528,0.1534659631677627
9,1514,1523,0.15348052787993724
10,1505,1515,0.15349084955356262
10,1512,1522,0.15349742274852754
9,1506,1515,0.15350362349012892
9,1503,1512,0.15351271727615884
9,1511,1520,0.15352128340053137
9,1510,1519,0.15352934032939305
9,1510,1519,0.1535369131976746
9,1512,1521,0.1535440296156917
9,1514,1523,0.15355071664654696
9,1508,1517,0.1535570000714657
9,1504,1513,0.15356290423706967
9,1504,1513,0.1535684520633478
8,1512,1520,0.15357366510011225
8,1509,1517,0.1535819024829192
9,1505,1514,0.15358957537977053
9,1501,1510,0.15359355437582958
9,1499,1508,0.153597291988627
9,1512,1521,0.15360080331067466
9,1505,1514,0.1536041035353898
9,1511,1520,0.1536072058698272
10,1511,1521,0.15361012233209656
9,1510,1519,0.15360965147586356
10,1518,1528,0.15361243858324902
9,1515,1524,0.153611683526698
8,1521,1529,0.15361424547687502
8,1517,1525,0.15361988168959545
7,1495,1502,0.1536251663250271
7,1485,1492,0.15363347697527682
5,1487,1492,0.15364121252337395
5,1496,1501,0.1536549698826774
5,1499,1504,0.15366786981949943
5,1504,1509,0.1536799656627127
5,1509,1514,0.15369131451214443
5,1508,1513,0.1537019666464763
5,1518,1523,0.15371196752242045
5,1518,1523,0.153721358787584
5,1516,1521,0.15373017889005186
5,1496,1501,0.15373846349678166
4,1493,1497,0.15374624580446308
4,1501,1505,0.15375677957034248
4,1508,1512,0.15376667602049218
4,1515,1519,0.1537759729762924
4,1513,1517,0.153784706539143
4,1514,1518,0.15379291121915883
4,1513,1517,0.15380061949504065
4,1514,1518,0.153807861795996
4,1507,1511,0.1538146666039604
4,1511,1515,0.15382106058616712
4,1513,1517,0.15382706872689494
4,1514,1518,0.15383271444874347
4,1514,1518,0.1538380197219542
4,1512,1516,0.1538430051629135
4,1514,1518,0.15384769012348692
4,1510,1514,0.15385209277267
4,1511,1515,0.1538562301717312
4,1516,1520,0.1538601183437444
4,1515,1519,0.15386377233819232
3,1519,1522,0.15386720629116735
3,1519,1522,0.1538736590632423
3,1522,1525,0.15387972192800312
3,1520,1523,0.15388541630892613
3,1524,1527,0.15389076477630798
3,1512,1515,0.15389578885308336
3,1519,1522,0.15390050866231222
3,1506,1509,0.15390494298532892
2,1510,1512,0.15390910936166094
2,1523,1525,0.15391627210964112
2,1524,1526,0.15392300615747645
2,1527,1529,0.153929334719536
2,1521,1523,0.15393528131751139
1,1514,1515,0.1539408689699415
1,1511,1512,0.1539493838256203
1,1524,1525,0.15395739006237108
0,1523,1523,0.15396491184596175
