1373,27,1400,0.13582127063519306
1402,29,1431,0.1329686468765917
1421,31,1452,0.1302864580210411
1438,31,1469,0.12778953677382407
1433,30,1463,0.12546883568269807
1443,30,1473,0.12336832603349501
1464,31,1495,0.12142896142000179
1462,31,1493,0.11960887866953045
1461,32,1493,0.11795735332699017
1451,34,1485,0.1164565831665913
1448,33,1481,0.11511468406610544
1438,34,1472,0.11390062082818286
1454,32,1486,0.11281871177373176
1445,31,1476,0.11179504805110277
1459,29,1488,0.11088446351464207
1461,28,1489,0.1100226723965471
1464,29,1493,0.1092335398621635
1476,31,1507,0.10850798060068712
1449,33,1482,0.10782015184908118
1449,36,1485,0.107255598162803
1445,36,1481,0.10674185828234214
1454,37,1491,0.10628302914812825
1461,36,1497,0.10584469732010891
1456,36,1492,0.10543021650198903
1455,36,1491,0.10506431473602465
1458,36,1494,0.10473329872540411
1447,34,1481,0.10442551167059708
1452,35,1487,0.10416989299139352
1446,35,1481,0.10392597223075892
1447,35,1482,0.10371672801529734
1448,38,1486,0.10352425991006023
1448,39,1487,0.10334647006828483
1441,44,1485,0.10318510404680957
1447,43,1490,0.10305361860004604
1447,44,1491,0.1029207425333584
1446,45,1491,0.10279955512711648
1442,46,1488,0.1026911742311491
1450,47,1497,0.10260129561978522
1452,47,1499,0.10250239922663855
1459,48,1507,0.10240813085962717
1456,50,1506,0.10230684093415039
1457,52,1509,0.10222102037027221
1452,51,1503,0.1021407138265654
1453,51,1504,0.10207820592915262
1443,50,1493,0.10201953050256059
1450,52,1502,0.10198773549929432
1449,49,1498,0.10194358428159273
1457,50,1507,0.10190564398434819
1467,51,1518,0.1018538714620197
1450,51,1501,0.10178473921553266
1442,53,1495,0.10175857095103805
1444,52,1496,0.10175195249963202
1443,49,1492,0.1017418463977334
1451,53,1504,0.10173478300023636
1441,52,1493,0.10171134149650345
1436,52,1488,0.10171132444564161
1452,53,1505,0.10172209144470269
1445,52,1497,0.10169789687462767
1441,54,1495,0.10169068911983067
1443,53,1496,0.10169267355624051
1446,54,1500,0.10169046103070307
1446,54,1500,0.10168221960126378
1454,53,1507,0.10167425820603909
1455,56,1511,0.10164984479374406
1446,53,1499,0.1016253765353726
1451,51,1502,0.10162242024761098
1431,51,1482,0.10160927867812233
1451,53,1504,0.10164007466515096
1448,53,1501,0.10162558337698206
1440,53,1493,0.10161875107436824
1433,56,1489,0.10162953622807432
1430,58,1488,0.10165493952615423
1422,59,1481,0.10168450526423817
1417,60,1477,0.10172848916036319
1427,61,1488,0.10177984230677907
1427,62,1489,0.10180511409588494
1434,62,1496,0.10182803334666758
1429,63,1492,0.10183366020299217
1418,61,1479,0.10184977617501549
1420,64,1484,0.1018881330770829
1422,66,1488,0.10191886624800799
1403,64,1467,0.10194236327160981
1408,64,1472,0.10200496710991727
1413,63,1476,0.10205149050951967
1413,63,1476,0.10208295090915151
1425,66,1491,0.10211185651024798
1423,67,1490,0.10211207777201818
1420,66,1486,0.10211669012337957
1434,67,1501,0.10212663945128161
1425,67,1492,0.1021055709891299
1432,69,1501,0.10210583592885308
1433,71,1504,0.10209098311549063
1442,72,1514,0.10207540713989662
1433,72,1505,0.10204169242525818
1430,71,1501,0.10203020229861154
1434,72,1506,0.10202642103125471
1423,70,1493,0.10201432281559975
1421,71,1492,0.10202723922626779
1419,69,1488,0.10204325544517162
1428,70,1498,0.10206213259731756
1425,72,1497,0.1020596525314719
1422,71,1493,0.10206399558275749
1431,70,1501,0.10207472471856689
1433,68,1501,0.10206498742917894
1436,70,1506,0.10205166736605353
1438,68,1506,0.10203325732208997
1430,67,1497,0.10201217768794102
1430,70,1500,0.10201040555235917
1414,72,1486,0.10200887004868221
1426,73,1499,0.1020421286460957
1428,72,1500,0.10204689705197513
1424,72,1496,0.10204652471584144
1427,73,1500,0.1020549012225289
1405,74,1479,0.10205601496491935
1412,75,1487,0.10210466106017424
1412,78,1490,0.10213389806571088
1425,75,1500,0.10216055003783307
1432,76,1508,0.10215657342618051
1437,76,1513,0.10213782737507544
1414,78,1492,0.1021097575932982
1417,77,1494,0.10213428712368808
1409,75,1484,0.10215018769436959
1413,77,1490,0.10218170458913299
1411,81,1492,0.10220243377884632
1410,84,1494,0.10222541951386059
1415,85,1500,0.10224878139406546
1403,85,1488,0.10225852442263238
1418,86,1504,0.10229349402011856
1434,86,1520,0.10229343491206551
1425,84,1509,0.10225915383324898
1427,84,1511,0.1022472573904685
1422,83,1505,0.1022321757708233
1419,85,1504,0.10222913043229603
1417,85,1502,0.10223319575348512
1412,85,1497,0.10224182093871238
1410,85,1495,0.1022603288154131
1419,87,1506,0.10228162755242305
1414,87,1501,0.10228158070534006
1402,88,1490,0.10229232443939186
1402,87,1489,0.10232773281813622
1391,87,1478,0.10236046765387993
1407,87,1494,0.10241413952679394
1393,91,1484,0.10242778723395371
1392,93,1485,0.10247050376846435
1396,96,1492,0.1025116362392839
1402,98,1500,0.10254041770166626
1410,99,1509,0.10255399967424664
1411,96,1507,0.10254907771003019
1393,93,1486,0.10254214627526306
1399,97,1496,0.1025747954855682
1409,97,1506,0.10259188862592648
1404,100,1504,0.10258580220537049
1401,99,1500,0.10259180851426901
1391,102,1493,0.10260396327908111
1388,104,1492,0.10263667557158071
1375,102,1477,0.10267349571112247
1372,101,1473,0.10273479398950844
1371,106,1477,0.10279714015561257
1377,110,1487,0.10285636563098549
1378,113,1491,0.10289796851913584
1386,110,1496,0.10293328506716358
1387,110,1497,0.1029481267736593
1378,107,1485,0.10295929268531814
1391,108,1499,0.10298943489144087
1373,109,1482,0.10298871597791912
1372,114,1486,0.10302684179533421
1380,116,1496,0.10306424063064251
1378,120,1498,0.10308121655722094
1369,119,1488,0.10310108819103768
1371,121,1492,0.10313899030535971
1361,121,1482,0.10316884575472177
1366,123,1489,0.10321778746310357
1357,128,1485,0.10325144580639385
1354,128,1482,0.10330176974363954
1359,130,1489,0.10335459289787029
1358,131,1489,0.10339151355187047
1362,133,1495,0.10342815775292545
1361,131,1492,0.10345295338951033
1347,135,1482,0.10347841949739728
1339,138,1477,0.10353273167385729
1341,137,1478,0.10359994674439456
1343,136,1479,0.10365651457722905
1346,139,1485,0.10370413826385753
1342,143,1485,0.1037408662204167
1339,147,1486,0.10378283722810146
1357,148,1505,0.10382838389969579
1363,149,1512,0.10383042558375025
1356,145,1501,0.10381970179222452
1356,142,1498,0.10382483429920196
1355,141,1496,0.1038296490463461
1359,141,1500,0.10383665155189094
1361,142,1503,0.10383405021480197
1342,142,1484,0.10382701695729288
1343,144,1487,0.10386211037303746
1347,146,1493,0.10389238442131257
1342,147,1489,0.10391118320619176
1345,148,1493,0.10393860983463096
1329,143,1472,0.10395729011736471
1328,141,1469,0.10401037394954318
1342,139,1481,0.10406102276344026
1343,140,1483,0.10407610598886691
1340,140,1480,0.10408771788616779
1334,140,1474,0.10410448320385203
1334,145,1479,0.10413314131127133
1337,144,1481,0.10415953737493468
1350,145,1495,0.1041772475258436
1350,145,1495,0.10416447703001737
1348,142,1490,0.10415267185807324
1346,144,1490,0.10414632999690472
1347,148,1495,0.10414549618264747
1343,147,1490,0.10414260394060214
1336,144,1480,0.10414858898442483
1339,146,1485,0.10416986245158913
1335,149,1484,0.10418274835223677
1338,150,1488,0.10420335200061331
1344,151,1495,0.10421561962998162
1344,156,1500,0.10421315673439356
1332,158,1490,0.10421112428243061
1323,156,1479,0.10423605249309321
1331,164,1495,0.10427878524368811
1341,165,1506,0.10430018678363882
1331,159,1490,0.1042977444654727
1331,159,1490,0.10431729893125638
1342,156,1498,0.10433449034419726
1356,159,1515,0.10432701225853287
1363,162,1525,0.10428919629397218
1345,160,1505,0.10423958734575216
1333,160,1493,0.10423425659315058
1343,166,1509,0.10425601814916881
1336,161,1497,0.1042534941977301
1333,166,1499,0.10426648957474687
1329,166,1495,0.10428529106298708
1327,167,1494,0.10431131022909333
1338,161,1499,0.10433931254453163
1329,165,1494,0.10434102996183076
1330,166,1496,0.10436281783155639
1331,163,1494,0.10438010548070803
1332,163,1495,0.1043935875014152
1319,159,1478,0.10440305715089754
1332,163,1495,0.10444044634214343
1332,157,1489,0.10444638463201522
1338,156,1494,0.104452164737169
1340,158,1498,0.1044438914409874
1332,157,1489,0.10443250819206157
1328,155,1483,0.10444033617061332
1332,157,1489,0.10445582647106878
1346,154,1500,0.1044613180296713
1334,149,1483,0.10443542995741321
1343,151,1494,0.10443844239763493
1338,153,1491,0.10442148476679297
1339,155,1494,0.10441711804369982
1337,154,1491,0.10441085690607854
1349,159,1508,0.10440953345964889
1347,162,1509,0.10438129881726389
1342,164,1506,0.1043600771203429
1342,162,1504,0.1043522076374195
1330,168,1498,0.10434492729333109
1340,170,1510,0.10436488755876665
1322,172,1494,0.10436102016262133
1316,168,1484,0.10439718611527272
1323,168,1491,0.10444324255177921
1321,165,1486,0.10446998496566064
1329,166,1495,0.10449878191973724
1320,170,1490,0.1045074204766477
1306,174,1480,0.10453437074741748
1311,172,1483,0.10459012656310587
1318,175,1493,0.1046307531209525
1320,174,1494,0.10465217915949113
1314,175,1489,0.10466735858979584
1314,179,1493,0.10469484364372096
1325,185,1510,0.10472076562226246
1318,186,1504,0.10472025809168059
1319,181,1500,0.10473564621307732
1302,186,1488,0.10474753186866188
1292,186,1478,0.10479603231871568
1294,181,1475,0.10486302017771346
1298,186,1484,0.10491935435703302
1288,188,1476,0.10496202178532052
1294,188,1482,0.10502370777234372
1289,193,1482,0.10506714351848508
1272,197,1469,0.10511784948851759
1290,194,1484,0.10520192862247756
1292,195,1487,0.10523848828574041
1295,201,1496,0.1052674118815996
1301,204,1505,0.10528810318207141
1301,208,1509,0.10529420664022668
1290,204,1494,0.10529986740082752
1284,204,1488,0.1053302669096273
1279,213,1492,0.1053717200675171
1260,215,1475,0.10542127314678165
1266,216,1482,0.10550885467620134
1287,213,1500,0.10557556691462935
1289,216,1505,0.10559029512175819
1286,215,1501,0.10559931252944138
1283,214,1497,0.10561432591213143
1282,219,1501,0.10563510781869809
1284,213,1497,0.10565646062711317
1288,214,1502,0.10567213496983685
1309,212,1521,0.10567755350321281
1305,210,1515,0.10563521004342466
1296,213,1509,0.10560574571350496
1290,213,1503,0.10559895731929439
1294,210,1504,0.10560569180957419
1307,211,1518,0.10560272671188761
1290,213,1503,0.10557102757332239
1289,216,1505,0.10558071321332264
1281,220,1501,0.10559128547337866
1289,220,1509,0.1056187298378909
1296,218,1514,0.1056258153183704
1304,221,1525,0.10561635761306007
1299,219,1518,0.10559038310586857
1277,210,1487,0.10557762823556818
1276,207,1483,0.10561412111332985
1278,214,1492,0.10564980354010542
1282,212,1494,0.10567810142554807
1279,212,1491,0.10569496344566666
1295,207,1502,0.10571609747603486
1304,206,1510,0.10569956312356198
1300,201,1501,0.10566391818790401
1300,205,1505,0.10564034505669034
1294,203,1497,0.10561842082286428
1284,209,1493,0.10561193157616247
1284,208,1492,0.10562827582173688
1286,208,1494,0.10564378200125557
1296,210,1506,0.10565303555179245
1294,205,1499,0.10563944355305262
1287,204,1491,0.10563128891511198
1287,207,1494,0.10563994213801661
1288,205,1493,0.10564828870889827
1281,204,1485,0.10565377992915216
1278,209,1487,0.10567340039263222
1289,213,1502,0.1056977126633603
1276,216,1492,0.10569505360094306
1283,217,1500,0.10572190622586743
1297,218,1515,0.10573090060586149
1293,220,1513,0.10570890757306643
1282,219,1501,0.10569756354483488
1282,222,1504,0.10571164186417718
1280,222,1502,0.10572467686328675
1284,221,1505,0.10574149315393519
1278,222,1500,0.10574822294457169
1289,226,1515,0.10576785826234264
1292,227,1519,0.10576207775660652
1288,224,1512,0.10575015252006999
1282,223,1505,0.10574781348324466
1294,222,1516,0.10575900121845078
1286,222,1508,0.10574257475604268
1288,217,1505,0.10574553389355526
1292,223,1515,0.10574346709382222
1283,220,1503,0.10573318012748027
1273,221,1494,0.10574336161439758
1268,222,1490,0.10577555401629624
1264,229,1493,0.10581634799831256
1272,231,1503,0.10586246291473618
1273,229,1502,0.10588735234748899
1288,229,1517,0.10590872096364208
1287,231,1518,0.10589476422694911
1264,228,1492,0.1058842576764449
1263,230,1493,0.10592636345042024
1254,233,1487,0.10596812301150577
1256,232,1488,0.10602620789040293
1254,232,1486,0.10607429819820828
1259,232,1491,0.10612329433862738
1260,232,1492,0.10615720232115504
1266,232,1498,0.10618535537849237
1275,237,1512,0.10619807998217595
1278,235,1513,0.1061903901494305
1277,236,1513,0.10617682579927984
1273,246,1519,0.10616751219546713
1261,245,1506,0.10616943160822125
1254,243,1497,0.10619803978322027
1255,247,1502,0.10624045650438443
1257,246,1503,0.10627680508370739
1260,247,1507,0.10630537501706254
1260,246,1506,0.10632498989109118
1255,246,1501,0.10634281251333373
1260,249,1509,0.10637130897365349
1257,251,1508,0.10638643115525037
1265,245,1510,0.10640729289934478
1270,247,1517,0.10640840230485551
1259,238,1497,0.10639824090851022
1253,238,1491,0.10641269941766744
1250,239,1489,0.10643919574895716
1244,241,1485,0.10646989653558257
1240,243,1483,0.10651273344595627
1262,241,1503,0.10656070049877865
1257,241,1498,0.10655569135855203
1248,242,1490,0.10656184516471505
1252,251,1503,0.10658775577408978
1233,251,1484,0.1066027665704901
1234,253,1487,0.10665913774199598
1259,253,1512,0.10670915067780261
1253,247,1500,0.10669902805666938
1256,247,1503,0.10670256631923312
1273,245,1518,0.10669915904662833
1256,241,1497,0.10665834017024632
1256,248,1504,0.10665908632529718
1243,248,1491,0.10665989296954681
1238,255,1493,0.10668949552400625
1245,253,1498,0.10672756295799139
1241,257,1498,0.10674665464479023
1245,256,1501,0.10677334165344028
1232,260,1492,0.10678848893753151
1240,259,1499,0.10683227050730755
1236,257,1493,0.10685436342231668
1240,262,1502,0.10688326979326795
1221,265,1486,0.10690063969049934
1232,265,1497,0.10695984859214075
1229,266,1495,0.10698939230280137
1227,270,1497,0.10702312361779555
1234,271,1505,0.10705846891323235
1233,272,1505,0.10707478656846194
1235,265,1500,0.10709210035752292
1240,266,1506,0.10710332811170278
1243,267,1510,0.10710207371428188
1241,268,1509,0.10709383047339163
1235,263,1498,0.10709124568466585
1246,266,1512,0.10710266038133032
1238,262,1500,0.10708877587926921
1238,264,1502,0.10709445662805644
1246,269,1515,0.10710029275328878
1241,263,1504,0.10708738108841333
1227,266,1493,0.10708699720604542
1230,272,1502,0.10711781206393493
1224,273,1497,0.10714025388911086
1220,273,1493,0.10717452855617093
1233,280,1513,0.10721526093980796
1229,281,1510,0.10722392917282839
1206,277,1483,0.10724139542931908
1211,280,1491,0.10730880624730947
1212,283,1495,0.10735965508379504
1212,280,1492,0.10740328863010419
1204,280,1484,0.10744324896299809
1201,286,1487,0.10749758803795796
1201,286,1487,0.10755531490201456
1208,285,1493,0.10760919786375045
1217,285,1502,0.10764227840734755
1226,289,1515,0.10765236517774442
1216,282,1498,0.10764076353302734
1211,287,1498,0.10765329736289438
1209,291,1500,0.10767563067971792
1212,294,1506,0.10770022061783995
1206,288,1494,0.10771610231900197
1202,285,1487,0.10774447998505605
1192,289,1481,0.1077786763513809
1202,292,1494,0.10783244324738035
1202,291,1493,0.107858953395576
1192,289,1481,0.10788256694209132
1183,289,1472,0.1079269362355259
1189,296,1485,0.10798805324582571
1195,300,1495,0.10803015742888812
1197,296,1493,0.10805576817301535
1190,295,1485,0.1080754171569145
1202,287,1489,0.10810922662270968
1199,288,1487,0.10811320599169302
1215,292,1507,0.10812373345140566
1210,298,1508,0.10809692787545729
1216,296,1512,0.10808378597880369
1211,297,1508,0.10805769735839163
1206,300,1506,0.10804554862512368
1208,300,1508,0.10804545596144897
1211,295,1506,0.10804131634369671
1212,295,1507,0.10803050738867583
1208,299,1507,0.10801847492291654
1201,296,1497,0.10801620777145292
1213,300,1513,0.1080300105998581
1204,298,1502,0.10801554772353775
1212,295,1507,0.10802213079028061
1202,296,1498,0.10801064215338087
1202,303,1505,0.10802181023390109
1186,303,1489,0.10803225374386954
1183,306,1489,0.10807932452227767
1180,306,1486,0.10812915921583062
1196,310,1506,0.10818198978353069
1196,313,1509,0.10819478454711527
1180,313,1493,0.10820602430450002
1189,312,1501,0.10825268685803507
1185,315,1500,0.1082761593838903
1176,315,1491,0.10830728289570532
1180,318,1498,0.10835724882713399
1171,321,1492,0.10839487484114396
1171,318,1489,0.10844947487406681
1182,316,1498,0.10849971713669544
1170,323,1493,0.10852071441590905
1169,322,1491,0.10856789614824819
1171,325,1496,0.10861303683842567
1154,321,1475,0.10864996486638458
1166,321,1487,0.10872416391236943
1168,318,1486,0.10876509772445414
1168,321,1489,0.10879848421465993
1154,322,1476,0.10882839369665716
1169,318,1487,0.10888751875057742
1165,321,1486,0.10890754924885337
1156,319,1475,0.10893520488049582
1150,323,1473,0.10898188963997946
1158,325,1483,0.10903872501395742
1155,318,1473,0.10907234675158321
1157,323,1480,0.10911023260293763
1163,327,1490,0.10914144269086222
1163,325,1488,0.10915582087463882
1168,330,1498,0.10916939893253548
1168,334,1502,0.10917198088978602
1174,333,1507,0.10917404387484624
1166,339,1505,0.10916362443917034
1154,340,1494,0.10917211903366196
1159,343,1502,0.10920673465001464
1153,348,1501,0.10922739766069452
1149,339,1488,0.10926025009365006
1148,342,1490,0.10929949134255955
1148,345,1493,0.10933739296427061
1135,347,1482,0.10937228944982731
1126,351,1477,0.109433876796313
1124,348,1472,0.10951067641655643
1130,351,1481,0.10958592094440413
1144,352,1496,0.10964174003928089
1130,354,1484,0.10966075183247488
1136,359,1495,0.1097113620840699
1138,359,1497,0.1097451576187931
1136,359,1495,0.10977172236344707
1125,362,1487,0.10980103832124267
1121,364,1485,0.10985141317674327
1131,358,1489,0.10990674981456572
1139,361,1500,0.10993502933036142
1132,360,1492,0.10994223432195699
1143,367,1510,0.10996482130619051
1144,365,1509,0.10996115426785319
1139,368,1507,0.10995616302451537
1136,362,1498,0.10996286218855827
1123,367,1490,0.10997572245018755
1121,371,1492,0.11001700133981462
1116,372,1488,0.11005941061879333
1129,367,1496,0.110109501405855
1139,362,1501,0.11012585477975335
1132,359,1491,0.11011665831729654
1131,355,1486,0.11012402977825973
1141,355,1496,0.11013137434689174
1141,353,1494,0.1101153487033435
1138,360,1498,0.11010194739169461
1135,368,1503,0.11009559914256106
1117,366,1483,0.11009648361543978
1125,371,1496,0.11013862747015954
1131,374,1505,0.11016052145251518
1128,377,1505,0.1101663498344905
1114,376,1490,0.11017768744490106
1117,382,1499,0.11022070789226895
1109,378,1487,0.11025250089822083
1104,381,1485,0.11030076402434943
1088,386,1474,0.11035717128735907
1100,386,1486,0.11044628823380176
1088,399,1487,0.11050095539785715
1085,401,1486,0.11057996932349451
1084,411,1495,0.11065979629215733
1083,410,1493,0.110735419832655
1090,416,1506,0.11080791647832396
1084,417,1501,0.11085846695816821
1086,409,1495,0.11091940419523852
1085,406,1491,0.11097213692327798
1083,413,1496,0.11102145590745692
1080,410,1490,0.11107058080828187
1077,412,1489,0.11112315274436892
1064,413,1477,0.11117729421036286
1074,408,1482,0.11125729322149336
1078,411,1489,0.11130610648293013
1078,419,1497,0.11134267106466657
1073,418,1491,0.11137631882304017
1082,422,1504,0.11141933817654923
1076,421,1497,0.11143843376607418
1058,433,1491,0.1114704304264354
1058,438,1496,0.1115429213653047
1059,434,1493,0.1116099119309257
1058,442,1500,0.11167049995946489
1064,443,1507,0.11172807755440547
1063,441,1504,0.11176757165362596
1058,442,1500,0.11180683396595036
1058,446,1504,0.11185380629350375
1050,440,1490,0.11189777906062603
1061,438,1499,0.11195688958386374
1050,439,1489,0.11198368157190237
1052,438,1490,0.11203433749340058
1054,430,1484,0.11207638714107088
1054,435,1489,0.1121100425600223
1045,440,1485,0.1121405689024016
1048,443,1491,0.1121896616605719
1050,443,1493,0.11222817150818881
1036,442,1478,0.11225822597356018
1044,443,1487,0.11231735464457142
1041,446,1487,0.112353936562119
1038,444,1482,0.11239591299109924
1043,432,1475,0.1124418302686664
1034,439,1473,0.11247297161802926
1050,447,1497,0.11252283523383567
1057,449,1506,0.1125317151673617
1053,445,1498,0.11252427076881948
1042,443,1485,0.11252652225032633
1049,442,1491,0.11255462206101621
1054,446,1500,0.11256347711310456
1044,448,1492,0.11256054978023211
1045,450,1495,0.11258108913240238
1042,451,1493,0.11259793079970411
1050,450,1500,0.11261922237843464
1048,450,1498,0.11261907213611107
1040,458,1498,0.11262352263970687
1046,464,1510,0.11264549313872083
1050,463,1513,0.11265159127461263
1044,455,1499,0.11264791203327924
1058,457,1515,0.11265905837313184
1053,456,1509,0.11263684998266088
1066,459,1525,0.112627783710199
1057,456,1513,0.11258964501087852
1053,456,1509,0.11257598499431593
1048,464,1512,0.1125734491846264
1043,466,1509,0.1125825916109056
1037,471,1508,0.11260364104211401
1033,464,1497,0.11263670865498128
1030,464,1494,0.11267479326882732
1032,469,1501,0.11271833267898906
1022,469,1491,0.11275307782231742
1025,469,1494,0.11280887455430602
1027,467,1494,0.1128533018326349
1033,476,1509,0.11288968545664091
1028,480,1508,0.11290974813749469
1017,481,1498,0.11294108307979833
1031,481,1512,0.11299657246412467
1027,477,1504,0.11301368277753136
1018,483,1501,0.1130386032880143
1017,487,1504,0.11308388965792503
1015,485,1500,0.11312940696251529
1020,490,1510,0.11317545756500508
1016,486,1502,0.11320651876856923
1020,491,1511,0.11324474328070376
1023,489,1512,0.11326911466666566
1021,494,1515,0.11328534961643573
1015,498,1513,0.11330559761530715
1014,501,1515,0.1133394927295814
1009,493,1502,0.11337315982472099
996,491,1487,0.11341570379813806
1008,494,1502,0.1134848465158544
1006,496,1502,0.11351970797100443
1014,495,1509,0.11355602492148367
1009,495,1504,0.11356919622716063
1015,488,1503,0.113592962167763
1014,491,1505,0.1136003778100893
1008,498,1506,0.11361062448425638
1006,504,1510,0.11363429600170509
1003,511,1514,0.11366218825963387
992,513,1505,0.11369458129493436
974,517,1491,0.11375061064360864
988,520,1508,0.11384513724296483
984,522,1506,0.1138995224007418
987,515,1502,0.11395959120325998
988,512,1500,0.11400850552827262
992,516,1508,0.11405073347251012
982,511,1493,0.11408187036886597
970,526,1496,0.11413553972279715
963,530,1493,0.11421366621837961
969,527,1496,0.11430283240275091
961,529,1490,0.1143712003990782
966,527,1493,0.11445273727157627
977,526,1503,0.11451644202924147
975,525,1500,0.11454928620537665
972,520,1492,0.1145849332477755
976,526,1502,0.1146243045548691
971,539,1510,0.11465095738958299
970,545,1515,0.1146869405154656
973,541,1514,0.1147231762665703
971,537,1508,0.11474960766687392
971,540,1511,0.1147808361242986
976,544,1520,0.11480926029890702
968,555,1523,0.11482424815683519
968,548,1516,0.1148581204245637
972,546,1518,0.11489001911495811
970,547,1517,0.11491067730760524
958,562,1520,0.11493430882676853
949,570,1519,0.1149848799670395
950,567,1517,0.11505204806617166
940,568,1508,0.11511346177499016
930,562,1492,0.11519422134835602
931,563,1494,0.1152924709188743
929,573,1502,0.11538165971020126
931,569,1500,0.11546861513913907
933,562,1495,0.11554276477406454
939,559,1498,0.1156060245072234
947,560,1507,0.11564973920844991
933,554,1487,0.11567108278694388
942,554,1496,0.1157244107214035
938,564,1502,0.1157529439554733
934,563,1497,0.11578882209796788
938,564,1502,0.11583282961548218
942,564,1506,0.11586410239188279
940,563,1503,0.11588356107467387
939,578,1517,0.11590779031494254
927,572,1499,0.11593255777033015
935,583,1518,0.11598508772208067
928,576,1504,0.11601395314972233
931,580,1511,0.11605839475518671
930,577,1507,0.11609092402201034
932,581,1513,0.11612381230703743
931,577,1508,0.11614899008176004
932,569,1501,0.11617426716200356
938,578,1516,0.11619585793159296
934,571,1505,0.11620080342826287
922,576,1498,0.11621496858739686
918,579,1497,0.11625601692494633
923,578,1501,0.1163028165966134
929,572,1501,0.11633360534597575
932,576,1508,0.11634778328046039
919,579,1498,0.11635335302984011
914,584,1498,0.11639053107726756
918,575,1493,0.11643688187602144
918,581,1499,0.11647073580131444
921,585,1506,0.11650011733503873
930,593,1523,0.11652079573591106
931,590,1521,0.11651856889386793
928,586,1514,0.11651563674091157
925,585,1510,0.1165214058462178
921,580,1501,0.1165332547079931
915,580,1495,0.11655390208835775
915,577,1492,0.11658865727776412
925,577,1502,0.11662047391197568
918,575,1493,0.11662517459329944
907,577,1484,0.11664749905439332
909,586,1495,0.11669344845099708
913,587,1500,0.11673145598047675
907,582,1489,0.11675673729270784
909,588,1497,0.11679499637777656
898,588,1486,0.11682605180523478
898,598,1496,0.11688138248310015
902,603,1505,0.11693271263508567
891,604,1495,0.11697048196301839
878,610,1488,0.11703302639580368
889,617,1506,0.11712247754362473
899,623,1522,0.11717751633920814
891,624,1515,0.11720347724852437
884,618,1502,0.11724664411514701
885,624,1509,0.11730442358316073
891,622,1513,0.11735567091390835
885,624,1509,0.1173884306122433
887,628,1515,0.11743291729150993
889,626,1515,0.11747059153160834
873,626,1499,0.11750042830131484
866,627,1493,0.11756667186606361
873,631,1504,0.1176457811413648
880,626,1506,0.11770177959398193
885,618,1503,0.11773934190933649
878,618,1496,0.11776232722047024
867,622,1489,0.11779987866798408
865,618,1483,0.1178612796397151
865,628,1493,0.11792496524107964
858,629,1487,0.1179852060696171
857,626,1483,0.11805658187648004
859,626,1485,0.11812558323939168
871,631,1502,0.11818405406646298
860,632,1492,0.11821038240876193
864,635,1499,0.11826260430290496
865,634,1499,0.11830178639251583
850,639,1489,0.11833607820504949
845,635,1480,0.11840362577475055
859,637,1496,0.11847861964439335
859,628,1487,0.1185149772075662
860,637,1497,0.11854870118743133
859,648,1507,0.11857704208780298
856,646,1502,0.11860614659811838
850,648,1498,0.11864047973521824
836,656,1492,0.11868823501091903
829,654,1483,0.11876860832413733
828,656,1484,0.11885861107079795
838,656,1494,0.11894554167609968
829,655,1484,0.11900213106312069
827,647,1474,0.11907623630181587
832,656,1488,0.11914919438041739
828,669,1497,0.11920449304235868
830,669,1499,0.1192655084860554
818,676,1494,0.11931715079957826
825,671,1496,0.11939466800959238
828,674,1502,0.1194511458228668
827,675,1502,0.1194952805309141
823,676,1499,0.11953674977796559
828,675,1503,0.11958539185530274
831,674,1505,0.11961915986303684
838,669,1507,0.11964297654379007
827,670,1497,0.11964849207222106
831,666,1497,0.11968056926027815
839,668,1507,0.11969850493734674
836,668,1504,0.11969557651390648
845,668,1513,0.11970261382254761
838,660,1498,0.11968563970206503
842,651,1493,0.11968703741127687
840,651,1491,0.11967950742372775
849,662,1511,0.11967867070351126
842,662,1504,0.11965544118226605
829,658,1487,0.11965047292171686
845,647,1492,0.11967675482164339
841,668,1509,0.11966138443595507
834,669,1503,0.11965778707478159
833,665,1498,0.11967244747227436
834,667,1501,0.11968976201240399
846,674,1520,0.11970445155841553
841,671,1512,0.11969106897331336
833,677,1510,0.11969117665083136
829,685,1514,0.11971247468294904
830,684,1514,0.11974326946222755
828,683,1511,0.11976893489208942
823,690,1513,0.11979705474770537
820,689,1509,0.11983519141248636
823,695,1518,0.11987875245352253
821,690,1511,0.11991134853165761
812,686,1498,0.1199470325255798
807,686,1493,0.12000180568169078
810,680,1490,0.12006351862103058
809,691,1500,0.1201134088614063
813,687,1500,0.12016172307290045
815,688,1503,0.1201956960089455
812,690,1502,0.12022089431252947
808,685,1493,0.12025123343167463
805,691,1496,0.12028920126061667
811,704,1515,0.12033238821213729
808,715,1523,0.12035552096803631
794,712,1506,0.12038547528017299
796,708,1504,0.12044607121912816
793,715,1508,0.12049720817094539
792,712,1504,0.12055194209877584
784,709,1493,0.12060602021528866
794,713,1507,0.12067646532325856
790,714,1504,0.1207196129414183
789,717,1506,0.12077026351188874
789,719,1508,0.1208174463840588
780,719,1499,0.12086239445028352
783,722,1505,0.12092562885782114
789,727,1516,0.12097527039539135
786,733,1519,0.12100623069037283
775,727,1502,0.12104186634889448
761,734,1495,0.12110337472991237
759,731,1490,0.12119343685445394
754,733,1487,0.12128260633419853
763,743,1506,0.12137821845413739
766,742,1508,0.12144440291608845
766,734,1500,0.1215001615179888
770,724,1494,0.12155359585733294
774,728,1502,0.1215916201424779
770,740,1510,0.12161785895354466
775,745,1520,0.12165204650336095
775,741,1516,0.12167148330815314
766,734,1500,0.12168947207977482
763,735,1498,0.12172777810286572
759,737,1496,0.1217709530645457
747,741,1488,0.1218219435946774
748,733,1481,0.12189750809421288
748,738,1486,0.12196531266786692
752,749,1501,0.12202709332330308
747,769,1516,0.12207442219450662
737,765,1502,0.12213197500790944
753,751,1504,0.12220912978904706
747,744,1491,0.12224231300510285
743,748,1491,0.1222887656190533
742,749,1491,0.12234257656420894
751,746,1497,0.12239330388614299
753,743,1496,0.12241939885846287
753,749,1502,0.12243854747288622
756,751,1507,0.12245621426271641
765,749,1514,0.12246532330421271
772,749,1521,0.1224511288989447
778,748,1526,0.12242118541837829
761,753,1514,0.12237854299931752
755,751,1506,0.12238212067579948
756,755,1511,0.12239891945735497
748,755,1503,0.12241207521156636
747,747,1494,0.12244333744750843
750,754,1504,0.12247405462286647
756,757,1513,0.12249487734162656
758,750,1508,0.12250070006292565
754,753,1507,0.12250259526169867
744,755,1499,0.12251472531186751
752,761,1513,0.12255110542373707
755,762,1517,0.12256628563266647
751,769,1520,0.12257320441417256
751,759,1510,0.12258937062324239
738,762,1500,0.12260344040270241
738,754,1492,0.12264916256052995
738,760,1498,0.12269136703060063
736,762,1498,0.12273043832775088
737,774,1511,0.12277056563685275
735,768,1503,0.1228062197596832
725,775,1500,0.12284410200785156
730,775,1505,0.12290449835272632
721,770,1491,0.1229466157029133
729,775,1504,0.12300739150807852
726,774,1500,0.12304523090127444
726,780,1506,0.12308909379158801
717,785,1502,0.12313040382176
712,773,1485,0.12319076375882872
717,771,1488,0.12325972194461263
717,773,1490,0.12331097332233526
724,778,1502,0.12335861547203067
725,774,1499,0.12338506917470576
730,771,1501,0.12340799014790015
723,778,1501,0.1234180936584648
722,770,1492,0.12344345553612956
719,771,1490,0.12347097208503044
720,776,1496,0.12350296989016071
717,775,1492,0.12352995334109763
706,777,1483,0.12356171245277256
719,769,1488,0.12361874572922446
726,763,1489,0.12363878450437353
728,784,1512,0.12363888721553447
729,782,1511,0.12363430965802864
730,779,1509,0.1236278718815511
724,783,1507,0.12362055193905194
713,781,1494,0.12362902418852809
717,771,1488,0.12366511620532979
709,780,1489,0.12368740641843275
713,784,1497,0.1237289170752848
728,780,1508,0.12375597799619513
721,785,1506,0.1237430711832015
721,785,1506,0.12374870157239759
721,780,1501,0.12375474499924076
733,779,1512,0.12376076740262952
722,775,1497,0.12373542993928226
725,780,1505,0.12373883602987235
726,778,1504,0.12373577707074165
727,789,1516,0.12372959357539048
718,792,1510,0.12372125836541507
709,794,1503,0.12373473608281475
719,799,1518,0.1237709771300436
716,799,1515,0.12377989875437677
710,792,1502,0.12379681584003574
707,800,1507,0.12382744379831728
706,798,1504,0.1238646659039237
705,798,1503,0.12390171145139002
703,813,1516,0.12393936201789585
697,802,1499,0.12397963001337356
699,804,1503,0.12403260798628538
688,798,1486,0.12407672112178561
687,796,1483,0.12414462357488393
692,801,1493,0.12420790968073182
693,803,1496,0.1242547362577263
696,807,1503,0.12429617541724397
686,813,1499,0.12432747899362816
694,807,1501,0.12438103523739467
703,812,1515,0.12440940912203362
709,810,1519,0.12441492900113654
714,823,1537,0.12440595702878393
711,822,1533,0.12438622549742974
701,812,1513,0.12437543257438691
699,817,1516,0.1243908252038096
706,815,1521,0.12440991754345031
706,804,1510,0.12441145053419063
700,815,1515,0.12441390819692394
695,814,1509,0.12443152751280834
692,822,1514,0.12446033722615966
696,825,1521,0.12449443478305161
691,821,1512,0.12451618701350123
688,818,1506,0.1245485811403525
681,822,1503,0.12458700920891416
677,827,1504,0.12464082765087468
676,828,1504,0.12470076564951223
686,836,1522,0.12475885565272136
678,827,1505,0.12478769027054692
675,829,1504,0.12483617581532026
679,827,1506,0.12488946059461942
671,835,1506,0.12493015202759111
669,840,1509,0.12498812895452918
654,830,1484,0.1250485519077345
646,830,1476,0.12514115589116998
651,837,1488,0.12524582057545025
650,836,1486,0.12533199223559602
659,843,1502,0.12541538225531698
659,849,1508,0.12546775505076804
658,848,1506,0.12551745466022446
656,846,1502,0.12556614598010118
665,838,1503,0.12561599254679176
664,843,1507,0.1256410975204866
660,854,1514,0.12566812463187654
661,852,1513,0.12570336987712627
655,858,1513,0.12573466463527383
651,860,1511,0.12577850508737443
646,867,1513,0.12582969260298196
641,860,1501,0.12589141528953637
647,867,1514,0.1259623577949298
638,870,1508,0.1260137210506867
638,868,1506,0.12608532190471244
641,864,1505,0.12615217291685604
647,853,1500,0.12620708078562057
649,859,1508,0.12624231161282246
643,858,1501,0.1262697803561502
644,866,1510,0.12631034667559082
643,856,1499,0.12634518872519293
643,871,1514,0.12638229544015478
657,867,1524,0.1264152776814192
658,876,1534,0.12641051276882245
649,871,1520,0.1264045902439088
649,868,1517,0.1264233701484259
642,866,1508,0.1264398579720284
648,853,1501,0.1264719508301986
650,856,1506,0.12648577733611918
647,858,1505,0.12649511239873518
643,872,1515,0.1265128324350886
634,872,1506,0.1265386441471437
626,875,1501,0.1265857647977144
621,880,1501,0.12664991482511795
621,878,1499,0.12672258567780748
627,879,1506,0.12678959401787232
621,888,1509,0.1268364373387086
616,890,1506,0.12689464823259988
621,888,1509,0.12695950106448933
626,890,1516,0.1270076520049772
620,892,1512,0.12704002037900947
617,905,1522,0.12708610384652552
617,896,1513,0.12713674304734096
612,890,1502,0.12718327301500565
623,900,1523,0.12724005269768082
623,898,1521,0.12726531033957486
612,894,1506,0.1272883819537095
619,909,1528,0.12733777002738245
622,904,1526,0.12736671192541826
627,902,1529,0.12738555189698708
626,900,1526,0.12739078387573335
611,898,1509,0.127398966599107
611,908,1519,0.1274450981620589
614,911,1525,0.12748759790150707
610,909,1519,0.12752060579126653
606,912,1518,0.12756187278298906
602,911,1513,0.12761163486442
597,911,1508,0.12766806030528843
590,904,1494,0.12773299583282277
594,909,1503,0.12781085064003458
591,914,1505,0.12787229192687746
598,915,1513,0.1279373245682966
607,907,1514,0.12797923494784758
608,920,1528,0.12799551141184068
607,918,1525,0.12800818864475189
607,918,1525,0.12802200988672102
601,913,1514,0.12803615691599915
611,907,1518,0.12806482096836436
607,907,1514,0.128065640272549
605,912,1517,0.12807710345545945
613,909,1522,0.12809392777527998
603,912,1515,0.1280901295077334
602,910,1512,0.12811161804922272
607,905,1512,0.12813336757751453
615,918,1533,0.12813988300823104
619,908,1527,0.1281253914736243
619,913,1532,0.1281007490001348
610,914,1524,0.12807817944718072
610,915,1525,0.12808188613904314
607,905,1512,0.12808545188702739
610,904,1514,0.12809521475924776
603,907,1510,0.1280973014027597
603,913,1516,0.12811755847609724
596,920,1516,0.12813465732850562
584,924,1508,0.12816763520352029
586,916,1502,0.12822848044792676
589,916,1505,0.12827997432567778
590,923,1513,0.12832062208378217
583,920,1503,0.12835614053464503
576,924,1500,0.1284070361466491
578,921,1499,0.12847132769590938
574,920,1494,0.1285263588387412
571,915,1486,0.12858741781057206
573,923,1496,0.12865309651731313
570,926,1496,0.1287078935883399
571,931,1502,0.1287657585837373
564,927,1491,0.12881650551556997
560,930,1490,0.12888051229404826
559,945,1504,0.12895166409818853
558,935,1493,0.1290211629225208
559,933,1492,0.12908554804735467
557,946,1503,0.1291427595498249
553,956,1509,0.12920023948491596
558,950,1508,0.1292657712141115
551,956,1507,0.12931295427112247
558,944,1502,0.12937464579697747
563,943,1506,0.1294129932745009
559,950,1509,0.12943583877460835
560,950,1510,0.1294686203256054
563,960,1523,0.1294958437214704
565,962,1527,0.12951382727339794
563,950,1513,0.1295251779676723
560,953,1513,0.12954081355437413
557,943,1500,0.12956261466884564
555,955,1510,0.12958971186510224
563,959,1522,0.1296204344124362
556,947,1503,0.12962880397232868
556,946,1502,0.12965357398406954
556,961,1517,0.12967784536908106
556,959,1515,0.12970067439272756
560,964,1524,0.12972277297258714
548,956,1504,0.12973313605637954
549,956,1505,0.1297736297263776
547,956,1503,0.12980643159531785
547,952,1499,0.12984417538986354
546,959,1505,0.12987924392138345
549,948,1497,0.12991430747237256
558,950,1508,0.12993874892196333
556,948,1504,0.12993820978346265
556,953,1509,0.12994477250556866
556,963,1519,0.12995268347795233
548,961,1509,0.12995963842448305
550,967,1517,0.12998782920714855
553,965,1518,0.1300096164243134
545,969,1514,0.13002195932167715
545,982,1527,0.1300544295600642
535,983,1518,0.13008391809681982
539,974,1513,0.13013758778082005
544,976,1520,0.1301776572446686
541,977,1518,0.13020086612486012
532,989,1521,0.13023004712544828
529,973,1502,0.13028023121246493
531,965,1496,0.13033447472805043
522,962,1484,0.13037993988360316
528,971,1499,0.13044413741255892
535,969,1504,0.13048860849121113
538,965,1503,0.13051241205817182
537,972,1509,0.13052676635249014
532,974,1506,0.13054402581530192
530,968,1498,0.13057348758157694
526,963,1489,0.13060664795648538
525,971,1496,0.13064728493659902
526,978,1504,0.13068859401291924
533,974,1507,0.13072467826062908
540,974,1514,0.1307405523248601
529,984,1513,0.13073683006125766
527,987,1514,0.1307611614633101
524,976,1500,0.13078856276203474
518,970,1488,0.1308229755928872
520,974,1494,0.13087027202465445
526,972,1498,0.1309102753655278
531,971,1502,0.1309327409156455
525,986,1511,0.1309410617101555
524,988,1512,0.13096474833835506
522,986,1508,0.1309896524892078
531,983,1514,0.13101818985272337
530,979,1509,0.1310217584077671
532,980,1512,0.1310285023656955
527,989,1516,0.13103029772491784
525,986,1511,0.13104642532101407
525,977,1502,0.13106646571146674
532,990,1522,0.1310881326401051
525,987,1512,0.131091254562481
531,994,1525,0.13111249733536343
530,978,1508,0.1311176576894567
518,975,1493,0.1311256565899712
514,985,1499,0.13116348743000378
515,990,1505,0.1312091443590375
518,997,1515,0.13125015017093034
515,993,1508,0.13127924794459792
513,996,1509,0.13131357928817855
510,991,1501,0.1313515789272267
513,988,1501,0.13139371691506116
514,994,1508,0.13142548008791383
506,986,1492,0.13145202085381638
501,984,1485,0.13149763712266033
509,987,1496,0.13155348569020753
512,982,1494,0.13158410864966194
511,982,1493,0.13160532127322744
514,990,1504,0.13162926474022094
508,1006,1514,0.13164463504705082
513,1002,1515,0.13167327667787856
504,1005,1509,0.13168637153312557
496,1013,1509,0.13172207740282535
498,1010,1508,0.13177583942907953
499,1007,1506,0.13182143846943767
488,1008,1496,0.1318613677294649
491,1016,1507,0.13192886161928827
487,1013,1500,0.13198324047807788
492,1015,1507,0.13204334637156656
491,1010,1501,0.13208515211417388
493,997,1490,0.13212720484116272
492,1009,1501,0.13216083605118645
487,1021,1508,0.13219536411829302
492,1008,1500,0.1322399296336078
496,1010,1506,0.13226887063745846
494,1012,1506,0.13228646350169207
493,1009,1502,0.132308576410021
496,1021,1517,0.13233165002302363
494,1021,1515,0.13234571276975482
498,1023,1521,0.13236313255415394
488,1016,1504,0.13236859904897197
484,1022,1506,0.13239943656258701
482,1019,1501,0.13243877428318107
488,1023,1511,0.1324801442128385
482,1017,1499,0.1325028737155982
481,1021,1502,0.13253980105464083
483,1020,1503,0.13257721227389535
485,1016,1501,0.1326064590839688
482,1027,1509,0.1326299100327112
475,1038,1513,0.13265999353615787
476,1036,1512,0.13270463554002887
470,1032,1502,0.13274377042856814
464,1051,1515,0.13279643154107845
467,1045,1512,0.132859810607783
466,1025,1491,0.1329111171929083
467,1032,1499,0.1329611276695056
475,1034,1509,0.13300417612523835
478,1037,1515,0.13302440539503876
471,1044,1515,0.133035978597974
458,1047,1505,0.13306646215520207
462,1056,1518,0.133127947966818
467,1060,1527,0.13317729794020655
468,1048,1516,0.13321174500105468
460,1041,1501,0.13324061857538663
460,1053,1513,0.13328975483968486
461,1058,1519,0.1333359605314957
461,1063,1524,0.13337694013533288
457,1069,1526,0.1334161148051291
454,1070,1524,0.13346368897403552
456,1053,1509,0.13351451399562062
451,1068,1519,0.13355780244191018
465,1061,1526,0.13361192536211142
464,1068,1532,0.13362482768808503
463,1068,1531,0.13364034998224272
455,1064,1519,0.13365726249385648
457,1064,1521,0.13369425265494392
458,1061,1519,0.1337248672766963
462,1056,1518,0.13375133785524324
465,1054,1519,0.13376457807959766
454,1059,1513,0.13376969433480684
460,1062,1522,0.13380361766835663
458,1063,1521,0.13381948767867008
452,1070,1522,0.13383840031206184
461,1072,1533,0.13387167064880381
451,1065,1516,0.13387991609292324
446,1067,1513,0.1339139669245888
446,1068,1514,0.13395813954022479
438,1078,1516,0.13400025135069207
427,1087,1514,0.13406049357990013
430,1082,1512,0.13414486420654603
425,1074,1499,0.13421627850055853
417,1073,1490,0.1342965227761209
421,1077,1498,0.13439200493052625
422,1071,1493,0.13446982432747692
420,1061,1481,0.13454122656668116
420,1072,1492,0.1346121415370395
418,1074,1492,0.13467846284986815
422,1076,1498,0.13474450072498637
428,1081,1509,0.13479536572562312
431,1076,1507,0.13482741322940636
432,1080,1512,0.13484951639890366
427,1079,1506,0.13486769450723676
430,1076,1506,0.13489737209214947
432,1079,1511,0.13491551381737646
433,1081,1514,0.1349262817889664
429,1082,1511,0.13493452445898946
433,1078,1511,0.13495234435509978
431,1087,1518,0.13495801237585145
431,1084,1515,0.13496660375691133
429,1093,1522,0.13497549493752603
432,1086,1518,0.13498824755705635
432,1090,1522,0.13499243049093554
430,1099,1529,0.13499713392925813
427,1090,1517,0.13500676224592678
433,1095,1528,0.13502236222548414
429,1102,1531,0.13502272801509285
416,1082,1498,0.13503287770466102
423,1077,1500,0.13507585941571498
420,1082,1502,0.13509856334773712
425,1088,1513,0.1351285471209411
424,1082,1506,0.13514363590575482
419,1092,1511,0.13516161433243337
414,1092,1506,0.13519261911282013
409,1092,1501,0.13523424614483648
410,1093,1503,0.13528644667463216
407,1099,1506,0.1353320370053743
403,1093,1496,0.13538214087510955
400,1103,1503,0.13544092982385833
393,1101,1494,0.1355010987721591
398,1111,1509,0.1355760550021914
398,1116,1514,0.13563113503330043
389,1111,1500,0.13568262178950585
387,1122,1509,0.13575523118591776
390,1122,1512,0.1358282322467264
386,1117,1503,0.13588990321459582
379,1122,1501,0.1359587215364794
387,1130,1517,0.1360419700043507
384,1130,1514,0.13609850596012987
389,1125,1514,0.1361595685123776
390,1120,1510,0.13620263402074806
394,1124,1518,0.136241070281775
390,1117,1507,0.13626638645881206
391,1119,1510,0.1363009595311021
394,1122,1516,0.13633050640504002
391,1140,1531,0.13635153630995714
391,1132,1523,0.13637932006717626
388,1122,1510,0.13640447678521941
393,1122,1515,0.13643766120027162
389,1129,1518,0.136455288177512
382,1126,1508,0.13648274172622718
386,1135,1521,0.13652640977665617
388,1135,1523,0.13655605235440232
393,1133,1526,0.1365793580818943
385,1124,1509,0.1365873948174391
381,1122,1503,0.1366156976101131
383,1129,1512,0.13665168373701636
381,1128,1509,0.13667972649080837
386,1122,1508,0.1367115669422454
388,1116,1504,0.1367271062605272
390,1123,1513,0.13673584307674988
392,1122,1514,0.13673822380839337
390,1127,1517,0.13673501867226986
400,1130,1530,0.13673705395084088
390,1130,1520,0.13671257658100625
390,1121,1511,0.13671529703431162
382,1120,1502,0.13671964649889495
384,1112,1496,0.1367437316476052
386,1123,1509,0.1367629705100363
376,1120,1496,0.1367755745679335
382,1126,1508,0.13681495711426034
384,1128,1512,0.136834056340386
386,1129,1515,0.1368474801825109
380,1126,1506,0.13685582076256164
380,1134,1514,0.13687852664207537
373,1135,1508,0.1369004243381881
376,1134,1510,0.13693944461966737
372,1138,1510,0.13696978387302042
369,1141,1510,0.13700817295629608
366,1141,1507,0.13705148666840664
364,1134,1498,0.13710013076910763
370,1130,1500,0.13715018550178598
374,1126,1500,0.13718053319982987
370,1130,1500,0.13719771959735552
369,1139,1508,0.1372224996960806
369,1138,1507,0.13724649735052563
367,1140,1507,0.13726836644077142
374,1131,1505,0.13729461998844378
369,1128,1497,0.13730127265199168
359,1133,1492,0.13731971136831864
361,1131,1492,0.13736314381286718
364,1138,1502,0.13739752232701757
364,1145,1509,0.13742398595716446
362,1139,1501,0.13744742487079342
369,1142,1511,0.13747473495958104
364,1152,1516,0.1374809708600985
359,1152,1511,0.13750195462466805
357,1154,1511,0.13753499774179065
356,1160,1516,0.13757061780658492
357,1157,1514,0.13760768927534894
356,1153,1509,0.1376399739019774
357,1147,1504,0.13767326695337945
356,1148,1504,0.13770118001110276
354,1143,1497,0.137730854278726
353,1142,1495,0.13776448286829343
355,1141,1496,0.13779851346619038
347,1149,1496,0.13782610997253228
345,1149,1494,0.13787168574176775
352,1146,1498,0.1379184926555433
359,1158,1517,0.13794488629346865
354,1149,1503,0.13794939914712082
360,1154,1514,0.13796824839006877
354,1169,1523,0.13797057534907833
351,1163,1514,0.13798894764358474
346,1161,1507,0.13801500744804504
344,1152,1496,0.13805318345010809
351,1152,1503,0.13809379368086908
351,1156,1507,0.13811367475420142
350,1163,1513,0.1381322520416376
349,1170,1519,0.13815206278177236
356,1169,1525,0.1381725875042046
356,1172,1528,0.1381741578052225
355,1174,1529,0.138174057456743
347,1184,1531,0.13817698833826392
347,1179,1526,0.13820157279303227
345,1176,1521,0.138224809838498
343,1176,1519,0.13825122011536675
341,1174,1515,0.1382809840764369
341,1161,1502,0.13831474734155175
342,1158,1500,0.13834537367124575
337,1161,1498,0.13837299180270413
339,1168,1507,0.1384110376618055
340,1170,1510,0.13844153501710887
339,1163,1502,0.13846735571334903
342,1161,1503,0.13849376579593303
338,1147,1485,0.13851119705503948
331,1157,1488,0.13853816379404088
330,1165,1495,0.13858247571942567
337,1172,1509,0.13862694606924955
337,1172,1509,0.13864845221937408
341,1171,1512,0.13866951812200332
337,1165,1502,0.13867971242466307
338,1172,1510,0.13869920361043792
341,1165,1506,0.1387167866855485
336,1167,1503,0.13872628025219913
339,1166,1505,0.1387490646068928
337,1170,1507,0.13876315963176522
338,1171,1509,0.13878162263990668
333,1175,1508,0.1387945630751273
337,1181,1518,0.1388200624079117
334,1184,1518,0.13883307530464978
333,1181,1514,0.13885396377435824
331,1185,1516,0.1388752998912533
336,1189,1525,0.1389014424856117
332,1190,1522,0.13891224895647175
327,1195,1522,0.13893508341569372
324,1197,1521,0.13896922770066505
321,1192,1513,0.1390100991290605
320,1180,1500,0.13905655682240337
320,1178,1498,0.13910168374644002
316,1182,1498,0.13914212056305097
325,1196,1521,0.13919056718824188
325,1193,1518,0.13921152775583706
325,1182,1507,0.13923069895511195
328,1180,1508,0.13924937928049363
329,1175,1504,0.13925859041448801
325,1194,1519,0.1392643813993449
326,1199,1525,0.13928118220343297
321,1197,1518,0.13929537522708205
315,1208,1523,0.1393233802849455
315,1208,1523,0.1393669704706105
313,1208,1521,0.13940769189417432
310,1209,1519,0.13945102757225503
307,1202,1509,0.13949980357481492
307,1184,1491,0.1395547321419119
302,1186,1488,0.13960547971444678
305,1182,1487,0.13966773928529677
308,1196,1504,0.13971721764187528
306,1200,1506,0.13975487304945042
306,1197,1503,0.1397964267079472
310,1187,1497,0.13983379811967533
304,1183,1487,0.13985828412688725
308,1178,1486,0.1398968105929881
312,1185,1497,0.1399215574978233
310,1179,1489,0.13993422552428603
306,1196,1502,0.13995067098404784
310,1195,1505,0.13997718632387796
312,1202,1514,0.13999004728647121
307,1213,1520,0.1399966378847573
307,1196,1503,0.14001534615576827
308,1197,1505,0.14003216570448018
309,1199,1508,0.1400465109972094
305,1203,1508,0.1400572034247761
306,1208,1514,0.14007554504515418
303,1202,1505,0.14009070104254398
300,1207,1507,0.14011343392028716
294,1220,1514,0.14014285717109895
294,1219,1513,0.14018577476505847
290,1224,1514,0.14022662989272758
289,1233,1522,0.14027546076560207
287,1232,1519,0.14032270620959805
288,1233,1521,0.14037157218212903
287,1234,1521,0.14041460206934692
286,1222,1508,0.1404557701614603
290,1223,1513,0.14049754529132363
288,1222,1510,0.14052607879306767
292,1228,1520,0.1405580022855034
295,1234,1529,0.14057747933137146
291,1233,1524,0.1405853566941546
290,1238,1528,0.14060370849235607
292,1241,1533,0.14062256878752755
287,1232,1519,0.1406346793916014
285,1231,1516,0.14065837324429087
283,1231,1514,0.14068698564594986
275,1227,1502,0.14071901088496966
278,1224,1502,0.1407708776086222
284,1222,1506,0.14080970819204075
284,1219,1503,0.14082944891938742
289,1220,1509,0.14084903702936347
284,1225,1509,0.14085329874005714
284,1223,1507,0.14087071644525415
287,1226,1513,0.14088723485037288
288,1219,1507,0.14089477386668367
289,1226,1515,0.1408993190399802
281,1222,1503,0.14089955929285544
283,1228,1511,0.1409239802689382
285,1223,1508,0.14094003782269807
280,1221,1501,0.14095042502856692
285,1228,1513,0.1409730189919613
283,1234,1517,0.14098106607722674
276,1238,1514,0.14099449256184665
275,1236,1511,0.1410264547374898
284,1233,1517,0.14105946753343943
287,1249,1536,0.14106632041168582
284,1243,1527,0.1410654050591616
285,1244,1529,0.1410723869300208
280,1244,1524,0.14107577180769088
283,1234,1517,0.14109335676502976
283,1244,1527,0.14110129491042211
284,1247,1531,0.14110861064496558
277,1248,1525,0.14111313295525915
278,1250,1528,0.14113501055678623
267,1255,1522,0.14115296688592302
267,1257,1524,0.14120161981679646
267,1254,1521,0.14124752729994855
263,1256,1519,0.14128958030126681
266,1259,1525,0.14133904459318575
265,1258,1523,0.14137743872387376
266,1264,1530,0.14141612578863938
262,1254,1516,0.14144991954000846
262,1244,1506,0.14149266483821912
262,1253,1515,0.14152991722074287
260,1256,1516,0.14156590175048078
260,1257,1517,0.14160347757708572
262,1260,1522,0.14163852014679543
265,1256,1521,0.14166703134667408
263,1252,1515,0.14168633780364626
263,1253,1516,0.14170964779569256
267,1253,1520,0.14173127771832292
264,1248,1512,0.141739647357122
262,1253,1515,0.1417561438429659
259,1252,1511,0.14177745538583383
262,1264,1526,0.14180633618765787
264,1259,1523,0.14182481424768373
265,1263,1528,0.14183475952519817
266,1255,1521,0.14184124561568004
265,1256,1521,0.14184407725260995
260,1250,1510,0.1418512185538623
260,1248,1508,0.1418719285118712
260,1249,1509,0.14188885640257964
259,1243,1502,0.14190461245156552
260,1243,1503,0.14192297635311898
263,1252,1515,0.1419384754076157
265,1255,1520,0.14194423596795527
265,1251,1516,0.1419437398867721
266,1247,1513,0.14194259036709372
269,1247,1516,0.14193892800491173
265,1246,1511,0.14192776959549647
268,1242,1510,0.14192824517204375
262,1235,1497,0.14192086625726108
264,1234,1498,0.14193085623661048
270,1248,1518,0.14193515274504612
272,1255,1527,0.14192344294531126
268,1256,1524,0.14190743958270802
264,1254,1518,0.1419025463399819
265,1255,1520,0.14190895001619017
261,1250,1511,0.14191328187099916
259,1257,1516,0.1419272683611582
262,1259,1521,0.14194544833899214
265,1259,1524,0.1419541516226856
266,1259,1525,0.14195394212581655
271,1264,1535,0.14195088460372965
270,1262,1532,0.14193417164295852
265,1266,1531,0.14192199336269504
266,1247,1513,0.14192414831662867
265,1249,1514,0.1419233987577425
262,1245,1507,0.14192583955616547
268,1247,1515,0.14193653872805911
268,1253,1521,0.14193148997849067
261,1258,1519,0.14192551905761674
260,1262,1522,0.14193921449186994
254,1265,1519,0.1419548524836285
253,1255,1508,0.14198487027124224
254,1262,1516,0.14201532997677402
256,1264,1520,0.1420413140402711
247,1267,1514,0.14206150477186294
249,1264,1513,0.1421065851054598
242,1263,1505,0.14214241582183573
249,1260,1509,0.14219507803427722
248,1259,1507,0.1422258175208992
251,1261,1512,0.1422564632160235
251,1273,1524,0.14227628721615326
249,1266,1515,0.14229540294855134
253,1280,1533,0.14231910629719646
253,1277,1530,0.14232863577205143
253,1279,1532,0.1423369236043995
244,1270,1514,0.1423445562413007
244,1267,1511,0.1423760898642037
242,1275,1517,0.14240596908091477
246,1277,1523,0.14243914574769745
247,1266,1513,0.14245940004820412
237,1272,1509,0.1424759624530873
239,1270,1509,0.14251839007388337
236,1270,1506,0.14255110868376547
239,1267,1506,0.14259034981383992
243,1275,1518,0.14261962935870343
245,1271,1516,0.14263571715295115
245,1282,1527,0.1426446748727879
242,1287,1529,0.14265344393156823
239,1279,1518,0.142670324301991
241,1287,1528,0.14269483213485004
236,1291,1527,0.14271233946259998
236,1291,1527,0.14274262080365205
236,1291,1527,0.1427708511555344
240,1290,1530,0.14279720861016856
237,1282,1519,0.14281010975619432
232,1279,1511,0.14283153920163144
227,1284,1511,0.1428649389742887
235,1282,1517,0.1429091669285646
231,1275,1506,0.1429276524497293
235,1283,1518,0.14295518376285055
238,1280,1518,0.14297025291335738
232,1287,1519,0.14297631002283928
228,1292,1520,0.1429987617127326
227,1285,1512,0.1430303214938781
225,1284,1509,0.14306227548107064
222,1283,1505,0.14309726312036375
224,1288,1512,0.1431373894248652
222,1293,1515,0.14316899667750133
217,1304,1521,0.14320440572183052
228,1295,1523,0.14325204417035478
230,1296,1526,0.1432647689625788
230,1297,1527,0.14327131098870433
228,1294,1522,0.1432779503731619
227,1286,1513,0.1432899344271254
227,1283,1510,0.1433038233399706
228,1286,1514,0.14331681223599332
223,1275,1498,0.14332482544337094
221,1266,1487,0.14334633750714432
219,1283,1502,0.14337080796060844
216,1288,1504,0.14339830038563625
213,1297,1510,0.14343311588584784
216,1284,1500,0.1434737590608894
213,1286,1499,0.1435032576650985
214,1290,1504,0.14353912986436754
215,1302,1517,0.14356963434030307
209,1314,1523,0.14359536483856764
204,1305,1509,0.14363675554351435
201,1307,1508,0.14368889590065093
201,1309,1510,0.14374695672781754
203,1308,1511,0.14380024302878394
202,1305,1507,0.14384431394297137
189,1311,1500,0.14388865609563173
193,1303,1496,0.14396728273903223
193,1312,1505,0.14402921781881406
199,1316,1515,0.14408698831754216
206,1301,1507,0.14412463061429612
199,1305,1504,0.14414079888030404
198,1309,1507,0.1441761147871994
200,1317,1517,0.1442128990920168
204,1315,1519,0.14424137200538908
203,1316,1519,0.144255347048729
204,1307,1511,0.1442708270034
200,1298,1498,0.14428165862070272
203,1304,1507,0.1443030012526952
204,1316,1520,0.14431490593653643
204,1320,1524,0.14432346522029915
196,1325,1521,0.14433092658979893
200,1321,1521,0.14436095369567503
198,1322,1520,0.1443774351439373
199,1320,1519,0.14439820995406782
194,1322,1516,0.14441465719584742
191,1323,1514,0.1444443335582627
193,1333,1526,0.14448063634024744
195,1335,1530,0.1445088931023955
189,1333,1522,0.14452978081108317
188,1334,1522,0.14456521424530483
187,1331,1518,0.14460156611834177
190,1322,1512,0.14463825722255588
197,1325,1522,0.14466287906103537
195,1331,1526,0.14466558655455294
195,1333,1528,0.14467425343901436
189,1327,1516,0.14468269817834958
188,1326,1514,0.14470729349569844
192,1319,1511,0.14473370598783428
187,1316,1503,0.14474732215502312
188,1314,1502,0.1447755251273478
185,1314,1499,0.1447984958226853
188,1314,1502,0.1448280665948535
187,1315,1502,0.14484718261723134
183,1320,1503,0.14486832672922964
187,1322,1509,0.14489999581011972
181,1320,1501,0.14491883174195752
184,1316,1500,0.1449527865365206
181,1314,1495,0.14497590656310758
183,1328,1511,0.14500601646051964
185,1332,1517,0.14502847996715307
186,1331,1517,0.14504353608356355
180,1340,1520,0.14505458842239968
182,1349,1531,0.14508217445362978
182,1350,1532,0.145101369169896
181,1344,1525,0.1451192952838534
180,1330,1510,0.14513814089502441
180,1346,1526,0.1451589054404395
181,1344,1525,0.14517782182329295
183,1355,1538,0.1451926456950425
179,1344,1523,0.1452007668248175
174,1330,1504,0.1452195228965
173,1344,1517,0.145251414722246
172,1354,1526,0.14528400811590736
174,1343,1517,0.14531721383262497
175,1348,1523,0.14534251948905014
176,1349,1525,0.14536368727398788
174,1350,1524,0.1453806422285022
172,1345,1517,0.14540249827563806
175,1337,1512,0.14542856524370812
175,1341,1516,0.14544393358931948
173,1351,1524,0.14545813468066707
173,1348,1521,0.14547811309428815
171,1340,1511,0.14549806134263804
169,1332,1501,0.14552275303438897
170,1334,1504,0.1455509510142302
170,1334,1504,0.14557368528949843
173,1335,1508,0.14559504293205136
170,1340,1510,0.14560616375513025
170,1339,1509,0.14562471273681063
173,1347,1520,0.14564189107989137
171,1344,1515,0.14564932334563316
173,1337,1510,0.14566224026967756
172,1348,1520,0.14566899733009794
169,1340,1509,0.14567842504380873
170,1338,1508,0.14569654539212118
171,1357,1528,0.14571095330516962
169,1363,1532,0.14572160115746194
167,1361,1528,0.14573675737199396
165,1357,1522,0.145756304882077
162,1369,1531,0.14578129416809907
162,1363,1525,0.14581274838656957
157,1357,1514,0.14584296217442505
160,1345,1505,0.14588600204115987
159,1349,1508,0.14591705334064126
164,1354,1518,0.14594841987191137
160,1352,1512,0.1459636598898793
161,1348,1509,0.14598856930485762
163,1336,1499,0.14600919914505575
164,1340,1504,0.14602133834245545
162,1355,1517,0.14602986464059775
162,1357,1519,0.14604369399335046
159,1358,1517,0.14605689835605762
154,1362,1516,0.14607740558095156
152,1355,1507,0.146111428410474
155,1357,1512,0.14614853949105175
153,1355,1508,0.14617457593605995
153,1361,1514,0.14620458717062143
156,1367,1523,0.14623293272220847
154,1357,1511,0.14625114805709744
156,1349,1505,0.14627410942813218
157,1364,1521,0.14628946192291323
152,1371,1523,0.14630233419957342
149,1371,1520,0.14632904049835718
151,1363,1514,0.1463628334926739
149,1371,1520,0.14638816229715493
148,1378,1526,0.14641821341643316
145,1360,1505,0.14644994907289532
146,1373,1519,0.14648902249072837
148,1371,1519,0.14652242840956856
147,1365,1512,0.1465480214730771
151,1361,1512,0.14657483930431067
146,1359,1505,0.14658896420612874
146,1366,1512,0.146616315905762
147,1363,1510,0.1466410655418417
141,1365,1506,0.14666149402473355
140,1369,1509,0.1466980601135564
138,1361,1499,0.14673529998498094
145,1357,1502,0.1467750552918493
143,1361,1504,0.14679186333192232
149,1375,1524,0.14681339938346707
150,1358,1508,0.1468162934328218
148,1367,1515,0.14681648529452976
148,1363,1511,0.14682295535244178
145,1365,1510,0.14682869056702735
149,1359,1508,0.14684220208131116
152,1355,1507,0.14684304710517448
154,1350,1504,0.14683413976773774
155,1357,1512,0.1468205882914363
153,1353,1506,0.14680487931743008
151,1357,1508,0.14679610135953486
146,1355,1501,0.14679356566028232
147,1368,1515,0.14680628350614155
145,1353,1498,0.1468153219195495
146,1351,1497,0.14682989485451736
142,1361,1503,0.14684079393991584
140,1369,1509,0.14686226321671625
140,1363,1503,0.1468887585994514
139,1363,1502,0.14691342127981585
138,1367,1505,0.1469392948121035
137,1361,1498,0.14696634167253503
142,1360,1502,0.14699464650587116
140,1375,1515,0.14700681499934293
142,1364,1506,0.1470238145480331
143,1378,1521,0.1470334588169927
144,1376,1520,0.14703952263278486
144,1366,1510,0.14704236656126882
146,1371,1517,0.14704523410149345
144,1364,1508,0.14704195141054346
142,1377,1519,0.14704522563792183
140,1373,1513,0.14705419513720966
141,1369,1510,0.14706898975518298
138,1371,1509,0.14707991764049613
139,1374,1513,0.14709875254801974
138,1380,1518,0.14711286356280223
134,1381,1515,0.14712913158838353
130,1383,1513,0.14715589004074986
129,1376,1505,0.1471925840436001
129,1378,1507,0.14722914048227348
129,1376,1505,0.1472631743097912
128,1378,1506,0.14729546084813344
129,1385,1514,0.1473285148536621
133,1374,1507,0.14735646528397928
136,1372,1508,0.14737080728847998
136,1375,1511,0.1473752407669584
134,1374,1508,0.14737981013426782
136,1377,1513,0.1473897870631596
133,1377,1510,0.1473931610489438
131,1372,1503,0.14740570080866022
129,1373,1502,0.14742357831761654
126,1392,1518,0.14744641705542544
123,1390,1513,0.1474768959768161
120,1399,1519,0.14751430946929192
117,1406,1523,0.14755824553605332
115,1398,1513,0.14760752408477115
115,1403,1518,0.14765904041079397
110,1412,1522,0.14770716722980934
108,1416,1524,0.14776728331417976
108,1415,1523,0.1478296349161311
110,1404,1514,0.1478882074244461
110,1401,1511,0.14793708675960565
112,1403,1515,0.14798259211285378
111,1412,1523,0.148019960214884
112,1409,1521,0.1480579365505661
111,1416,1527,0.14809036010928214
112,1418,1530,0.14812400138633675
113,1412,1525,0.1481527446106236
111,1408,1519,0.14817710171729384
113,1405,1518,0.1482055881625948
112,1410,1522,0.1482266633721292
112,1411,1523,0.148249078400706
113,1400,1513,0.14827016682046484
108,1400,1508,0.14828731836697615
106,1401,1507,0.14831801825830795
109,1396,1505,0.1483526886108797
110,1395,1505,0.1483761015805261
108,1391,1499,0.14839520814625862
105,1412,1517,0.14841906982596975
109,1402,1511,0.1484506104565586
107,1414,1521,0.14846828210492913
106,1401,1507,0.1484909718538052
103,1411,1514,0.1485149348960068
103,1417,1520,0.1485457800965965
101,1410,1511,0.1485741919816281
96,1419,1515,0.14860669823853212
98,1413,1511,0.14865207932187663
98,1408,1506,0.14868851574559655
97,1408,1505,0.14872268100495004
93,1421,1514,0.14875753116423296
93,1419,1512,0.14880219027495184
93,1422,1515,0.1488437430152242
92,1422,1514,0.14888306207274582
94,1427,1521,0.1489227428326464
95,1431,1526,0.1489540906359808
96,1435,1531,0.14898034644268993
93,1414,1507,0.14900181358103642
92,1418,1510,0.14903063475683584
93,1420,1513,0.14906084070511288
92,1416,1508,0.14908613142126045
96,1413,1509,0.1491130127111658
97,1405,1502,0.14912700518590585
98,1423,1521,0.14913726813454375
103,1424,1527,0.1491442632040539
102,1426,1528,0.14913604054050203
101,1426,1527,0.14913204205658123
95,1430,1525,0.14913205600996973
90,1424,1514,0.1491498811248337
88,1423,1511,0.14918081354802457
84,1423,1507,0.14921550728095984
84,1419,1503,0.14925934677353464
88,1447,1535,0.14930035006106793
86,1437,1523,0.14932658701326304
86,1432,1518,0.14935700645721764
88,1432,1520,0.14938536657591187
90,1426,1516,0.1494058464171879
90,1430,1520,0.14941867814922782
88,1432,1520,0.1494310599610049
86,1421,1507,0.149448410015666
84,1424,1508,0.14947051760289273
83,1410,1493,0.14949733601729698
86,1422,1508,0.1495255065560071
85,1442,1527,0.14954262115742153
83,1429,1512,0.1495613534891042
89,1418,1507,0.1495845122817183
89,1419,1508,0.14958821897807714
84,1428,1512,0.1495920279909887
84,1426,1510,0.1496102708436774
83,1428,1511,0.149627400022257
82,1424,1506,0.14964640383046793
80,1436,1516,0.149667170302875
82,1435,1517,0.14969270486370764
83,1431,1514,0.14971044754468926
84,1437,1521,0.14972399418583243
83,1435,1518,0.1497333580679068
80,1434,1514,0.1497450589064436
82,1431,1513,0.14976514194854812
84,1436,1520,0.14977778738671393
86,1435,1521,0.1497836097177139
88,1437,1525,0.14978337303004577
86,1429,1515,0.1497772850042054
85,1432,1517,0.1497777508743053
84,1423,1507,0.14978180338192254
83,1429,1512,0.14978849473646655
80,1438,1518,0.14979736623435724
83,1441,1524,0.14981498021117376
80,1428,1508,0.1498224656725138
78,1434,1512,0.14983844896296566
78,1432,1510,0.14985968968229554
75,1440,1515,0.14987970528058586
74,1432,1506,0.14990753202285695
71,1425,1496,0.14993622030119616
70,1431,1501,0.14997191823525524
69,1429,1498,0.15000834207182925
70,1423,1493,0.15004584111816172
68,1427,1495,0.15007812337446616
67,1439,1506,0.15011441800306585
70,1440,1510,0.1501515255798601
68,1443,1511,0.150177113249386
71,1448,1519,0.15020708891670936
73,1451,1524,0.15022582424944197
71,1452,1523,0.15023748546506524
74,1453,1527,0.15025443328470212
74,1451,1525,0.15026145015732695
77,1454,1531,0.1502680967260356
78,1443,1521,0.15026522291877834
77,1442,1519,0.15025973302421483
81,1441,1522,0.15025765286976572
79,1450,1529,0.1502433250283751
79,1440,1519,0.15023636295859638
76,1438,1514,0.15022937837581862
76,1429,1505,0.1502317802503449
73,1421,1494,0.15023448997176453
71,1425,1496,0.1502459207386983
69,1441,1510,0.15026261160231652
72,1435,1507,0.15028418266981902
70,1439,1509,0.150295103709501
67,1445,1512,0.1503113840601208
69,1440,1509,0.1503354126169409
66,1438,1504,0.15035184030686038
66,1443,1509,0.15037633352465488
68,1446,1514,0.15039923430407964
68,1435,1503,0.1504146106818738
68,1433,1501,0.15042919455911638
68,1437,1505,0.15044306721251435
67,1448,1515,0.15045610901057077
71,1435,1506,0.15047120968807465
72,1427,1499,0.15047315359680435
74,1430,1504,0.15047196982746552
75,1429,1504,0.15046466597569327
74,1425,1499,0.1504550766405715
72,1425,1497,0.15044944450244066
71,1433,1504,0.15045031429199446
71,1438,1509,0.15045428064028243
72,1430,1502,0.15045760448605908
70,1431,1501,0.15045763045734703
68,1438,1506,0.1504637589800597
65,1442,1507,0.1504754076466493
66,1453,1519,0.15049561736778075
67,1453,1520,0.15051135501324617
70,1444,1514,0.1505231017479591
70,1444,1514,0.15052533313365468
69,1446,1515,0.15052767389305666
68,1463,1531,0.1505330167527373
67,1463,1530,0.1505411223932848
68,1461,1529,0.15055165467204032
68,1461,1529,0.150558564152392
66,1456,1522,0.15056506558512722
64,1456,1520,0.15057732828433867
65,1451,1516,0.15059495807744872
64,1441,1505,0.15060841320877927
62,1446,1508,0.15062384186620664
64,1464,1528,0.15064430085744504
63,1466,1529,0.15065733361964895
63,1464,1527,0.15067254495500973
62,1461,1523,0.15068686334008063
62,1458,1520,0.15070321986653398
62,1456,1518,0.1507186187706971
59,1451,1510,0.1507330246868888
59,1457,1516,0.15075596489010162
61,1460,1521,0.15077769153675427
58,1456,1514,0.150791924675414
59,1456,1515,0.15081477154473077
56,1454,1510,0.15083303929239325
58,1458,1516,0.1508593452039277
58,1456,1514,0.15087792081707663
59,1455,1514,0.15089539824279033
59,1465,1524,0.15090862228508162
62,1453,1515,0.15092106487618043
62,1459,1521,0.15092351631820608
63,1463,1526,0.15092584779215415
62,1459,1521,0.15092499153662647
60,1457,1517,0.15092724880521527
61,1448,1509,0.1509353239513932
63,1446,1509,0.1509399751279399
62,1457,1519,0.15093827374146168
61,1461,1522,0.1509398527198861
60,1465,1525,0.1509442450886815
58,1465,1523,0.1509514708579055
57,1452,1509,0.15096434569734896
56,1454,1510,0.15097969796148186
54,1459,1513,0.15099724216769286
54,1462,1516,0.15101933838388198
54,1477,1531,0.15103976907941002
51,1477,1528,0.15105895782863718
50,1470,1520,0.1510861434196718
51,1461,1512,0.15111492571606058
49,1476,1525,0.1511390127671673
50,1476,1526,0.15116776918112546
53,1460,1513,0.15119176324002626
52,1461,1513,0.1512052412062337
52,1466,1518,0.151220660630783
54,1468,1522,0.15123513738908886
53,1457,1510,0.15124287786233373
54,1456,1510,0.15125313016930061
51,1461,1512,0.15125959010936024
51,1459,1510,0.15127475446617705
51,1458,1509,0.15128879494142694
51,1468,1519,0.15130201351647188
51,1472,1523,0.15131446243340366
50,1464,1514,0.15132617287015881
50,1467,1517,0.15134025144433752
52,1471,1523,0.15135326318768347
51,1464,1515,0.15135925340612777
49,1457,1506,0.15136814561843825
48,1477,1525,0.15138254297368767
47,1478,1525,0.15139920345232732
47,1481,1528,0.15141781617026712
46,1464,1510,0.15143523520245747
46,1463,1509,0.15145479762260927
46,1475,1521,0.15147314571626602
49,1470,1519,0.15149046776876507
49,1465,1514,0.15149765954287972
53,1455,1508,0.15150452446208593
56,1473,1529,0.15149850521874653
56,1469,1525,0.15148373680999558
57,1474,1531,0.15147000382331668
55,1469,1524,0.15145406688673682
55,1470,1525,0.15144538643324026
53,1467,1520,0.15143738826864456
54,1473,1527,0.15143619529905744
54,1459,1513,0.15143211443434243
53,1451,1504,0.15142835032386623
53,1454,1507,0.15142794420364475
54,1464,1518,0.1514280853579958
55,1454,1509,0.15142533441754732
55,1467,1522,0.15141982451704356
57,1464,1521,0.15141488071003387
58,1469,1527,0.15140443157575945
57,1465,1522,0.15139179987119547
57,1471,1528,0.15138308267542488
58,1466,1524,0.15137494301959
55,1477,1532,0.1513642522243083
54,1475,1529,0.15136332589320858
55,1471,1526,0.15136536562682396
55,1473,1528,0.15136425439228593
55,1461,1516,0.15136300572557815
58,1452,1510,0.1513619321184996
58,1457,1515,0.15135200655351597
56,1460,1516,0.15134278643011087
54,1462,1516,0.1513401285389163
51,1463,1514,0.15134378515994534
53,1469,1522,0.15135632088789902
47,1474,1521,0.15136213260191217
48,1473,1521,0.15138547950840384
50,1456,1506,0.15140428155333094
49,1449,1498,0.15141575960114143
49,1467,1516,0.15142941357326267
48,1480,1528,0.15144213877497154
49,1481,1530,0.1514571661326176
48,1454,1502,0.15146813337009743
48,1462,1510,0.1514814716043179
48,1460,1508,0.1514940132296598
46,1467,1513,0.15150577546574553
43,1474,1517,0.1515229640201041
43,1467,1510,0.15154846637984798
44,1464,1508,0.15157231219754178
45,1453,1498,0.15159158293283032
44,1462,1506,0.15160658747141897
44,1463,1507,0.15162377720701048
44,1473,1517,0.1516399171884356
43,1474,1517,0.15165496674213788
41,1474,1515,0.15167197115143013
41,1461,1502,0.15169395964973012
39,1460,1499,0.15171450030155367
41,1474,1515,0.1517397603406911
42,1487,1529,0.1517574477821836
45,1481,1526,0.15177107121467265
44,1474,1518,0.15177476954554595
45,1473,1518,0.15178129515543964
47,1476,1523,0.1517843558130078
47,1485,1532,0.15178121363580147
47,1473,1520,0.1517783815884236
45,1465,1510,0.1517758511103553
47,1453,1500,0.15177994580054877
46,1457,1503,0.15177778176530485
46,1457,1503,0.15177880402544633
45,1473,1518,0.1517798148486008
44,1470,1514,0.15178397866478868
42,1468,1510,0.15179087785257753
42,1475,1517,0.1518034164697428
41,1482,1523,0.15181515670147955
41,1479,1520,0.15182909429322242
41,1477,1518,0.1518421553621812
41,1481,1522,0.15185437296613336
41,1476,1517,0.15186581085228468
41,1484,1525,0.15187664599722936
40,1475,1515,0.15188682404304749
41,1483,1524,0.15189931602427
42,1486,1528,0.15190777390689433
41,1474,1515,0.15191258516964157
41,1474,1515,0.15192000464983793
41,1468,1509,0.1519269432844011
41,1462,1503,0.15193338627752584
41,1476,1517,0.15193953133898325
41,1476,1517,0.1519452319849795
41,1482,1523,0.15195057669526707
41,1487,1528,0.1519556960455377
42,1465,1507,0.1519605225535687
42,1473,1515,0.15196204167553365
41,1469,1510,0.15196324773413855
40,1465,1505,0.1519674098087793
40,1461,1501,0.15197444414845265
43,1472,1515,0.1519810140866063
43,1466,1509,0.1519780386251928
44,1478,1522,0.15197533893279103
42,1478,1520,0.1519695761464238
40,1483,1523,0.15197026648388093
38,1475,1513,0.15197706020526203
37,1478,1515,0.15198957954262535
40,1486,1526,0.15200421313654927
39,1482,1521,0.15200862072523894
39,1479,1518,0.15201587604080719
40,1480,1520,0.1520225036387627
41,1464,1505,0.15202558557024617
42,1467,1509,0.15202543409781522
41,1469,1510,0.1520222672888224
38,1472,1510,0.15202216265535515
37,1486,1523,0.1520312516670424
38,1485,1523,0.15204277908892969
35,1474,1509,0.15205045835433514
35,1483,1518,0.15206693308077449
34,1487,1521,0.15208231417547094
34,1476,1510,0.15209978428813878
34,1481,1515,0.1521161313259599
34,1478,1512,0.1521314358420085
35,1480,1515,0.15214576997698398
36,1476,1512,0.15215614616361628
35,1475,1510,0.15216291408333707
35,1480,1515,0.15217235455534178
34,1482,1516,0.1521812192475671
34,1471,1505,0.15219257850730777
35,1487,1522,0.15220327432466343
33,1495,1528,0.1522102206632008
33,1480,1513,0.15222293812945525
32,1483,1515,0.1522350008848664
32,1482,1514,0.15224949753599087
34,1490,1524,0.15226319505312386
36,1480,1516,0.15227004320907464
36,1493,1529,0.15227020839178387
34,1490,1524,0.15227045903503814
34,1485,1519,0.15227698029641323
35,1488,1523,0.1522831040143062
34,1482,1516,0.15228587619141012
33,1476,1509,0.1522916999168505
34,1474,1508,0.15230025517438942
35,1488,1523,0.15230524518746186
36,1490,1526,0.15230693805604212
35,1494,1529,0.1523055127273514
35,1484,1519,0.15230730176097937
34,1482,1516,0.15230900135056025
32,1480,1512,0.15231368973079373
32,1473,1505,0.1523242036800666
29,1478,1507,0.15233409736272735
29,1478,1507,0.1523525216465712
30,1473,1503,0.15236975442575795
29,1480,1509,0.15238284090636636
29,1479,1508,0.15239816796371006
30,1496,1526,0.1524125254836049
28,1489,1517,0.15242283338326681
30,1494,1524,0.15243869908855
31,1490,1521,0.15244753729529845
30,1491,1521,0.15245283631851234
30,1483,1513,0.15246096234859774
31,1482,1513,0.15246862784208073
34,1487,1521,0.1524727038658256
34,1480,1514,0.15246731377322853
33,1487,1520,0.15246230220096954
33,1499,1532,0.15246074273690527
31,1499,1530,0.152459304154611
30,1491,1521,0.15246408196792716
31,1500,1531,0.15247162085370958
32,1488,1520,0.15247549749786343
33,1484,1517,0.15247604601765619
33,1477,1510,0.15247353139859382
32,1484,1516,0.15247121521103285
33,1485,1518,0.1524721306264608
32,1488,1520,0.15246995185232715
32,1463,1495,0.15247098098402886
31,1461,1492,0.1524717979987762
31,1462,1493,0.15247572716988755
30,1474,1504,0.15247937798877095
30,1480,1510,0.15248599479973277
28,1478,1506,0.1524922019010058
29,1484,1513,0.15250421258783897
30,1476,1506,0.15251234651508616
30,1496,1526,0.15251689732815538
31,1490,1521,0.15252132761017015
32,1495,1527,0.1525224886442941
30,1489,1519,0.15252059579380145
30,1489,1519,0.15252511516720568
29,1489,1518,0.15252943807622288
30,1492,1522,0.1525366751395233
31,1478,1509,0.15254034611120892
31,1487,1518,0.15254072482529413
30,1475,1505,0.15254113163062252
30,1503,1533,0.15254463431639273
30,1482,1512,0.1525479280427757
28,1495,1523,0.15255102730298875
29,1492,1521,0.1525600367761467
31,1501,1532,0.1525654570872315
32,1486,1518,0.15256458141160953
32,1481,1513,0.15256072756572736
32,1490,1522,0.15255719122067987
31,1480,1511,0.15255392151584185
31,1476,1507,0.15255390907756305
32,1484,1516,0.15255390459265097
33,1479,1512,0.15255082981316032
33,1485,1518,0.15254510273000743
34,1498,1532,0.15253982376830472
33,1500,1533,0.15253191490685633
33,1508,1541,0.15252749949213074
32,1501,1533,0.15252333703165497
32,1500,1532,0.1525225103973998
33,1505,1538,0.1525216418218527
34,1506,1540,0.15251778296115479
34,1496,1530,0.15251128618339416
33,1492,1525,0.15250526465713762
33,1478,1511,0.1525026727976235
33,1466,1499,0.15250025175822304
34,1472,1506,0.15249796846575103
34,1476,1510,0.15249284549775421
32,1475,1507,0.15248807484717716
30,1468,1498,0.15248980234876355
32,1467,1499,0.15249754788303027
31,1467,1498,0.152498849640043
31,1480,1511,0.15250309864735773
32,1485,1517,0.15250713515185538
32,1488,1520,0.152507939704918
33,1481,1514,0.1525087253719801
34,1480,1514,0.15250642154201488
31,1480,1511,0.15250132402791647
33,1480,1513,0.15250564981681897
33,1475,1508,0.15250372796021977
33,1483,1516,0.15250189945828166
33,1490,1523,0.1525002179458206
30,1486,1516,0.1524987092552153
30,1487,1517,0.15250622990332818
30,1497,1527,0.15251321136123672
30,1497,1527,0.15251987491640398
30,1494,1524,0.15252614848966656
31,1493,1524,0.15253205237781542
30,1494,1524,0.15253460285370538
29,1480,1509,0.15254006813132973
31,1473,1504,0.15254810869887167
30,1474,1504,0.15254965077151944
28,1494,1522,0.152554042366253
28,1473,1501,0.1525640384449137
29,1481,1510,0.15257334663763986
29,1487,1516,0.15257902789077094
27,1466,1493,0.1525843187613522
28,1456,1484,0.1525952022132614
30,1467,1497,0.1526023168752884
30,1484,1514,0.152602921390761
30,1466,1496,0.15260355028840672
29,1460,1489,0.1526040809340791
30,1467,1497,0.1526075152667115
31,1481,1512,0.15260767325225816
31,1472,1503,0.15260488653822982
28,1479,1507,0.15260231601614266
28,1485,1513,0.1526089389174347
28,1492,1520,0.15261512711206343
28,1493,1521,0.15262095758882135
29,1498,1527,0.1526264784300035
30,1494,1524,0.1526286449911346
29,1479,1508,0.15262775768218564
28,1481,1509,0.15262992254897675
29,1480,1509,0.15263506466355534
28,1467,1495,0.15263681231651702
28,1485,1513,0.15264151166516868
28,1479,1507,0.15264591449906406
28,1487,1515,0.1526500409498572
28,1484,1512,0.15265390816785335
28,1484,1512,0.1526573418664777
29,1492,1521,0.15266054346867455
30,1490,1520,0.15266055731540878
29,1477,1506,0.15265757981984376
31,1469,1500,0.152657821814964
29,1480,1509,0.1526520582521747
31,1486,1517,0.1526527866273387
32,1489,1521,0.15264744621441578
31,1479,1510,0.15263939128758205
30,1476,1506,0.15263483281974635
27,1478,1505,0.15263353694321433
28,1481,1509,0.15264124129973194
28,1484,1512,0.15264538995115234
28,1488,1516,0.15264923406505074
31,1492,1523,0.15265280500063164
29,1496,1525,0.15264707083906895
29,1497,1526,0.1526478020575595
29,1489,1518,0.15264848919713248
29,1489,1518,0.15264910271625404
30,1475,1505,0.15264967601261087
28,1484,1512,0.15264710954175523
26,1496,1522,0.15265067931413254
29,1482,1511,0.15266003419744434
30,1476,1506,0.15265971996796524
29,1474,1503,0.1526564003000425
31,1480,1511,0.1526563539078474
30,1483,1513,0.1526500919462764
29,1486,1515,0.15264716803355946
29,1472,1501,0.15264750902424035
31,1480,1511,0.1526478021767207
31,1492,1523,0.15264197718534314
30,1489,1519,0.15263654862602205
29,1494,1523,0.1526347217110872
28,1481,1509,0.15263614482296536
28,1475,1503,0.15264059637427768
28,1478,1506,0.15264476666631885
28,1486,1514,0.15264867348724975
28,1489,1517,0.15265233341378054
29,1483,1512,0.15265576251278393
28,1490,1518,0.15265593431946972
28,1477,1505,0.15265911165339413
29,1485,1514,0.15266209120395471
30,1477,1507,0.15266187994963162
29,1490,1519,0.152658699007639
28,1500,1528,0.1526587997555857
27,1484,1511,0.15266200265215216
25,1474,1499,0.15266796495730411
25,1483,1508,0.1526796665780668
25,1481,1506,0.15269057302648154
24,1475,1499,0.15270076507181785
23,1478,1501,0.15271328265410034
23,1482,1505,0.15272806298866595
22,1486,1508,0.1527418789378534
21,1480,1501,0.15275791155231316
20,1482,1502,0.15277591760954326
20,1489,1509,0.1527958202567171
19,1500,1519,0.1528144427733867
19,1495,1514,0.15283491874799612
20,1491,1511,0.15285419434891773
20,1483,1503,0.15286917607889566
20,1480,1500,0.1528832444632584
22,1478,1500,0.15289640069580182
21,1483,1504,0.15290269646069002
19,1500,1519,0.15291180038079716
17,1483,1500,0.15292655102949915
20,1487,1507,0.1529465959032881
21,1481,1502,0.15295614563292323
19,1492,1511,0.15296192315276597
20,1498,1518,0.15297347322330296
19,1489,1508,0.15298127621549373
18,1489,1507,0.1529915940337273
19,1496,1515,0.15300435441876864
19,1500,1519,0.1530132493299125
20,1499,1519,0.15302161547030807
20,1506,1526,0.15302648864414298
19,1500,1519,0.15303110954394214
20,1493,1513,0.15303859974531495
21,1494,1515,0.15304247894160586
20,1495,1515,0.15304314779509645
20,1506,1526,0.1530468397862732
22,1501,1523,0.1530503579382729
20,1503,1523,0.1530474475160208
19,1500,1519,0.15305095987073966
19,1505,1524,0.15305727599199886
18,1501,1519,0.15306317137543343
17,1500,1517,0.15307176811754136
18,1507,1525,0.1530827825286942
18,1504,1522,0.15309007955509943
19,1504,1523,0.15309692700762922
19,1491,1510,0.153100196008349
19,1494,1513,0.15310327079128375
18,1495,1513,0.15310615892939863
18,1499,1517,0.15311192752488392
18,1508,1526,0.15311731205704093
18,1495,1513,0.15312234878495942
17,1486,1503,0.15312706462409717
17,1491,1508,0.15313463921105666
17,1507,1524,0.1531417963197295
17,1493,1510,0.15314852931964196
16,1500,1516,0.1531548535189559
16,1487,1503,0.1531639571189533
16,1488,1504,0.15317250261399437
15,1492,1507,0.15318052564221094
15,1489,1504,0.15319112761481024
14,1485,1499,0.1532010526000314
14,1488,1502,0.15321340319369223
13,1497,1510,0.1532249755070082
13,1506,1519,0.15323890448721456
12,1502,1514,0.15325195342767475
13,1509,1522,0.15326724539488634
13,1504,1517,0.15327841838029962
12,1508,1520,0.1532889069150409
12,1502,1514,0.15330189949542072
12,1510,1522,0.15331408239646505
12,1509,1521,0.15332548549414166
12,1522,1534,0.15333618408795918
11,1520,1531,0.15334622488413877
11,1516,1527,0.1533587536904655
9,1518,1527,0.15337053107151236
10,1519,1529,0.15338794986972779
10,1516,1526,0.1534011442447009
10,1505,1515,0.15341355471386037
13,1505,1518,0.153425220494099
14,1507,1521,0.1534267601486098
13,1501,1514,0.15342508897087423
13,1508,1521,0.1534266714939119
12,1501,1513,0.15342827750623225
13,1498,1511,0.15343290649835964
13,1505,1518,0.1534342006752128
13,1503,1516,0.15343545333574618
12,1508,1520,0.15343665850769972
12,1514,1526,0.153440899735989
12,1498,1510,0.15344489066557404
12,1493,1505,0.15344863900272956
13,1491,1504,0.15345216048529456
15,1483,1498,0.15345234574167893
15,1480,1495,0.15344628301041024
15,1491,1506,0.15344066813783475
15,1490,1505,0.1534355280897282
15,1500,1515,0.15343074616222718
15,1504,1519,0.15342628906136077
14,1504,1518,0.15342212777294006
14,1490,1504,0.15342135803318005
13,1498,1511,0.1534206273609771
13,1501,1514,0.15342296053745716
13,1493,1506,0.15342512589163676
13,1480,1493,0.1534271399862445
13,1499,1512,0.15342901887539828
14,1505,1519,0.15343067789776074
13,1496,1509,0.15342911655661282
13,1488,1501,0.15343075854616348
13,1503,1516,0.1534322918179668
13,1503,1516,0.15343372700850816
13,1493,1506,0.15343507155198904
13,1501,1514,0.15343633203350088
13,1510,1523,0.15343751429292204
15,1489,1504,0.15343862357400143
15,1497,1512,0.1534334414660595
14,1492,1506,0.15342863108714366
12,1505,1517,0.15342728619049514
13,1509,1522,0.15343220500220778
13,1523,1536,0.15343363518779796
14,1507,1521,0.15343497282430849
14,1518,1532,0.15343307823332897
16,1506,1522,0.15343130911662736
15,1508,1523,0.1534232977154785
18,1506,1524,0.15341896053843174
18,1496,1514,0.1534054073561083
18,1490,1508,0.15339281235193047
19,1484,1503,0.15338104904437824
19,1484,1503,0.1533669145500018
20,1491,1511,0.15335370296535675
20,1490,1510,0.15333820527962014
21,1485,1506,0.1533237408083569
22,1483,1505,0.15330716465555003
22,1488,1510,0.1532886259566705
23,1497,1520,0.1532713219878173
23,1502,1525,0.15325197843480487
23,1512,1535,0.15323376896849583
24,1504,1528,0.1532166987948628
22,1504,1526,0.15319756205144766
22,1504,1526,0.1531858351025479
22,1511,1533,0.15317470847994652
23,1503,1526,0.15316424336525997
21,1500,1521,0.15315132758432395
22,1500,1522,0.15314540791884515
22,1492,1514,0.15313671186936242
24,1503,1527,0.153128549626528
24,1500,1524,0.1531146532780024
23,1500,1523,0.1531016542706916
21,1492,1513,0.1530926063441146
22,1498,1520,0.15309032703391603
23,1506,1529,0.15308515279146478
24,1503,1527,0.15307733619096478
24,1498,1522,0.15306690371288756
23,1490,1513,0.15305715981882828
22,1498,1520,0.1530510057636759
21,1493,1514,0.1530484842084229
21,1493,1514,0.153049164265605
21,1497,1518,0.15304978193297739
20,1482,1502,0.15305034422534827
20,1503,1523,0.1530538854265959
21,1499,1520,0.15305703831844047
21,1496,1517,0.15305694046472926
21,1491,1512,0.1530568499559968
23,1493,1516,0.15305676141725066
23,1509,1532,0.15305064895377224
23,1508,1531,0.15304498711001271
23,1498,1521,0.15303972185643866
23,1498,1521,0.1530348133438029
25,1501,1526,0.15303023012137895
24,1499,1523,0.1530196386769562
24,1496,1520,0.1530128845147836
24,1475,1499,0.153006561788358
23,1482,1505,0.15300064071798936
22,1485,1507,0.1529982425405618
23,1488,1511,0.15299909136452705
24,1480,1504,0.1529967641783689
25,1477,1502,0.1529915000769087
26,1486,1512,0.15298347180549918
25,1475,1500,0.15297294211852158
23,1485,1508,0.15296606395895648
23,1500,1523,0.15296577256259525
23,1504,1527,0.1529654622020321
23,1515,1538,0.15296514588419208
22,1500,1522,0.15296483053551604
20,1499,1519,0.1529675926899877
20,1497,1517,0.15297618534838528
18,1496,1514,0.1529842011828197
20,1500,1520,0.15299782916897306
20,1499,1519,0.15300452186643
20,1501,1521,0.15301081014378204
21,1497,1518,0.1530167117386364
19,1491,1510,0.15301914056493837
18,1491,1509,0.15302754495111734
20,1484,1504,0.15303838602878397
20,1499,1519,0.1530424580040582
18,1498,1516,0.1530463021839542
18,1499,1517,0.153056035623271
18,1509,1527,0.15306514100802407
19,1511,1530,0.1530736639384878
19,1514,1533,0.15307864515840658
19,1513,1532,0.15308333982654365
19,1497,1516,0.15308775901556773
18,1509,1527,0.15309187431774535
17,1507,1524,0.1530988797871289
17,1502,1519,0.15310843055161275
18,1495,1513,0.15311727646176407
17,1512,1529,0.15312255447831383
17,1518,1535,0.15313055373258003
17,1509,1526,0.1531380403872955
17,1495,1512,0.15314505274388837
17,1493,1510,0.15315162440731575
18,1493,1511,0.15315778567243588
19,1509,1528,0.153160512829106
19,1505,1524,0.15316000861336412
17,1493,1510,0.1531595844708899
17,1492,1509,0.15316530733888858
16,1502,1518,0.15317064348898726
15,1517,1532,0.1531787625069213
15,1507,1522,0.15318947811712977
15,1512,1527,0.153199522519962
15,1508,1523,0.1532089389020394
15,1505,1520,0.15321776777488816
16,1504,1520,0.15322604743180332
16,1507,1523,0.15323073758094097
15,1521,1536,0.15323516360748493
14,1505,1519,0.15324242223284232
14,1506,1520,0.15325231326530278
14,1506,1520,0.15326157822168757
15,1495,1510,0.15327026293002402
15,1487,1502,0.15327530676487025
15,1492,1507,0.15328006544602985
16,1499,1515,0.15328454302518332
16,1497,1513,0.15328566610740585
15,1508,1523,0.15328675192594068
15,1508,1523,0.1532909607096071
13,1496,1509,0.15329491925619948
13,1495,1508,0.15330488984145685
12,1502,1514,0.15331421777476448
12,1506,1518,0.1533260606678555
12,1509,1521,0.1533371563167806
12,1505,1517,0.15334755825025403
13,1506,1519,0.15335731362224325
12,1509,1521,0.15336335150542607
13,1500,1513,0.1533721541790384
12,1501,1513,0.1533772893657176
12,1503,1515,0.15338520494717714
12,1494,1506,0.15339263774370518
10,1513,1523,0.1533996112436272
11,1518,1529,0.1534124000950747
11,1514,1525,0.1534212413726579
13,1510,1523,0.15342954767330075
13,1513,1526,0.1534310662990341
12,1511,1523,0.15343251652444118
13,1507,1520,0.1534370078849018
12,1513,1525,0.15343812107931648
10,1512,1522,0.1534422961771351
9,1512,1521,0.15345244751643874
9,1506,1515,0.1534650940435918
9,1501,1510,0.15347693771629867
9,1508,1517,0.15348804163075247
9,1507,1516,0.15349845756897204
9,1501,1510,0.15350823149924372
9,1506,1515,0.1535174052680222
9,1500,1509,0.15352601738428923
9,1507,1516,0.15353410349185023
9,1512,1521,0.15354169669724388
9,1515,1524,0.15354882782093676
9,1517,1526,0.1535555256025041
9,1504,1513,0.15356181687490597
9,1506,1515,0.15356768785930047
9,1495,1504,0.15357320518438822
9,1511,1520,0.15357838778624444
8,1512,1520,0.15358325630840494
8,1515,1523,0.15359099131266477
8,1512,1520,0.15359824158826235
8,1520,1528,0.1536050455413117
8,1520,1528,0.15361143331467733
8,1516,1524,0.1536174317309965
8,1525,1533,0.15362306538389178
8,1520,1528,0.1536283570515555
8,1517,1525,0.1536333279316597
8,1516,1524,0.153637997803256
8,1505,1513,0.153642385151993
7,1502,1509,0.15364650727400953
7,1501,1508,0.1536535742510805
7,1514,1521,0.1536601936277774
8,1502,1510,0.15366640468571247
8,1513,1521,0.15366902891135967
8,1494,1502,0.1536715051883501
8,1500,1508,0.15367383666930137
8,1504,1512,0.15367603034663652
8,1505,1513,0.1536780937171276
8,1514,1522,0.153680034180746
8,1515,1523,0.15368185885954563
9,1510,1519,0.15368357453502227
9,1504,1513,0.15368202648153428
9,1505,1514,0.15368059776363174
7,1513,1520,0.15367926765288695
7,1504,1511,0.15368433770131928
7,1500,1507,0.15368908645528456
7,1519,1526,0.1536935390750792
7,1512,1519,0.15369771592873996
7,1514,1521,0.15370163557655073
8,1510,1518,0.1537053148994027
8,1513,1521,0.15370557014426495
8,1517,1525,0.15370582586703035
8,1520,1528,0.15370607276351606
8,1525,1533,0.1537063087057999
8,1525,1533,0.15370653318039632
8,1531,1539,0.15370674621581018
7,1525,1532,0.1537069864153389
7,1514,1521,0.15371040539151884
7,1512,1519,0.1537136072406981
7,1522,1529,0.15371661098403117
6,1521,1527,0.1537194304462426
6,1498,1504,0.15372523302791558
6,1503,1509,0.15373067225562181
6,1510,1516,0.15373577596022459
5,1504,1509,0.15374056656042484
4,1505,1509,0.1537482486057373
4,1510,1514,0.15375867464227674
4,1510,1514,0.15376846237229885
5,1511,1516,0.1537776541766264
5,1508,1513,0.1537830848812893
5,1509,1514,0.15378819921115575
5,1510,1515,0.15379300765824017
5,1518,1523,0.15379752755701456
4,1505,1509,0.15380177592102087
4,1504,1508,0.15380896450795556
4,1491,1495,0.15381570925785454
4,1500,1504,0.15382204457300502
4,1511,1515,0.15382799660275087
4,1511,1515,0.15383358915078535
4,1508,1512,0.15383884430989944
4,1501,1505,0.15384378270596819
4,1501,1505,0.15384842364508405
4,1510,1514,0.15385278521942816
4,1505,1509,0.1538568843930942
4,1502,1506,0.15386073707723455
4,1509,1513,0.15386435819855662
4,1498,1502,0.15386776176281663
5,1510,1515,0.1538709609139912
4,1514,1518,0.15387074013490726
4,1512,1516,0.1538737362264749
4,1512,1516,0.15387655984716733
4,1516,1520,0.15387921422591314
4,1527,1531,0.1538817089102521
4,1536,1540,0.1538840534341883
3,1514,1517,0.15388625686987367
4,1517,1521,0.15389153287878338
4,1525,1529,0.1538932757462428
4,1520,1524,0.15389492091395432
4,1513,1517,0.1538964684586055
5,1511,1516,0.15389792378913325
5,1497,1502,0.15389605761008393
4,1514,1518,0.15389431161152045
4,1528,1532,0.1538958989345626
4,1517,1521,0.15389739022041748
4,1524,1528,0.15389879280449253
4,1520,1524,0.1539001114811861
4,1515,1519,0.15390135107869274
4,1522,1526,0.15390251629824486
4,1525,1529,0.15390361162014146
4,1524,1528,0.15390464126688677
4,1521,1525,0.1539056092006656
4,1515,1519,0.15390651913579476
4,1516,1520,0.15390737455551837
4,1515,1519,0.1539081787287182
3,1515,1518,0.15390893472515618
3,1514,1517,0.15391285875551763
3,1512,1515,0.15391652174184045
3,1505,1508,0.1539199741511246
3,1503,1506,0.15392322158329438
5,1507,1512,0.1539262745084561
5,1514,1519,0.15392268541226206
5,1513,1518,0.15391934464639745
5,1513,1518,0.15391621511876125
5,1515,1520,0.15391328004733976
5,1518,1523,0.15391052593158236
5,1520,1525,0.15390794082468295
5,1522,1527,0.15390551384355725
5,1529,1534,0.15390323494753397
5,1528,1533,0.15390109481663306
5,1512,1517,0.15389908477343428
5,1507,1512,0.15389719672508936
5,1499,1504,0.1538954231155451
5,1494,1499,0.15389375688388504
5,1494,1499,0.1538921914270779
5,1501,1506,0.1538907205663235
5,1503,1508,0.15388933851651124
4,1514,1518,0.15388803985842409
3,1513,1516,0.15389002255274548
2,1522,1524,0.15389509459845668
2,1511,1513,0.15390307873822948
2,1507,1509,0.15391058269669483
2,1518,1520,0.15391763647933143
2,1515,1517,0.1539242667066302
2,1515,1517,0.15393049876407466
2,1516,1518,0.15393635664594665
2,1520,1522,0.15394186294532153
2,1522,1524,0.15394703889410036
1,1521,1522,0.15395190442698212
1,1506,1507,0.15395972357271628
1,1515,1516,0.15396706905631516
1,1516,1517,0.15397397385925898
1,1510,1511,0.1539804652428339
1,1503,1504,0.15398656816789627
1,1500,1501,0.1539923059454827
1,1504,1505,0.15399770045008065
0,1502,1502,0.1540027722385039
