1382,26,1408,0.13582078348026613
1408,30,1438,0.13294242187604166
1428,31,1459,0.130245386253247
1440,34,1474,0.12773315847105013
1439,35,1474,0.12541265324342327
1447,34,1481,0.12330180715128378
1464,31,1495,0.12135843009441057
1464,31,1495,0.11954550440134155
1470,33,1503,0.11789468223103822
1457,32,1489,0.11637712738789287
1468,30,1498,0.11502816228223821
1468,30,1498,0.11377327791480012
1467,33,1500,0.11263116254227862
1455,34,1489,0.11159407163485983
1453,35,1488,0.1106787045233615
1458,33,1491,0.10984986172681328
1462,32,1494,0.10908388711892393
1463,31,1494,0.1083771661826389
1457,33,1490,0.10773177788544412
1453,29,1482,0.1071574879029632
1448,29,1477,0.10664356195904984
1451,25,1476,0.1061870934889762
1461,26,1487,0.10576485235220627
1470,26,1496,0.10535810498213839
1476,27,1503,0.10496745357857354
1468,28,1496,0.10459851535523854
1474,28,1502,0.1042806579311771
1450,28,1478,0.10397814683914909
1465,30,1495,0.10375594197250582
1457,32,1489,0.10352072948954132
1457,35,1492,0.10332456342431062
1455,33,1488,0.10314600137097163
1466,33,1499,0.10298739438346391
1474,32,1506,0.10281870903453204
1461,33,1494,0.10264802211834492
1454,32,1486,0.10252080947109428
1461,33,1494,0.1024198991572684
1452,34,1486,0.10231251088056098
1464,34,1498,0.10223456046559115
1455,34,1489,0.10213774145180661
1451,31,1482,0.10206878739241616
1468,31,1499,0.10201453207183583
1472,34,1506,0.10192880131948162
1469,33,1502,0.10184257377035558
1470,34,1504,0.10177023184201314
1460,34,1494,0.10170235341332147
1440,34,1474,0.10166177198281051
1453,34,1487,0.1016680678116699
1455,32,1487,0.10164595991055758
1451,35,1486,0.10162138708952045
1447,35,1482,0.10160770736173319
1442,35,1477,0.10160399837313956
1446,33,1479,0.10161145050891146
1439,36,1475,0.10160958618085282
1450,39,1489,0.10162270694878903
1438,40,1478,0.1016112411838289
1442,41,1483,0.10162631957048823
1450,42,1492,0.10163181591384203
1467,43,1510,0.10162001150398182
1462,40,1502,0.10157280199419395
1461,41,1502,0.10154088006856023
1461,40,1501,0.10151411606286011
1464,37,1501,0.10148953836793004
1453,41,1494,0.10146060096716324
1448,41,1489,0.10145739272544357
1447,40,1487,0.1014652706574431
1446,40,1486,0.10147459334687646
1444,41,1485,0.10148524886525218
1429,39,1468,0.10149961472812014
1444,39,1483,0.10154465218464079
1447,42,1489,0.10155355016024373
1446,42,1488,0.10155578967726185
1456,44,1500,0.10155942372919416
1439,45,1484,0.1015411368457684
1441,44,1485,0.10156069210146514
1436,43,1479,0.10157440342455243
1447,42,1489,0.10159749521605158
1443,41,1484,0.10159511795607436
1462,42,1504,0.10160168333635491
1475,44,1519,0.10156676636763402
1465,43,1508,0.1015067809465359
1470,43,1513,0.10147436883237461
1465,45,1510,0.10143373521960591
1470,44,1514,0.10140739194453545
1473,44,1517,0.10137265446035322
1464,45,1509,0.10133465163987712
1464,44,1508,0.10131949975096599
1467,43,1510,0.1013056744954427
1470,41,1511,0.10128608740042795
1464,42,1506,0.10126205245194249
1445,42,1487,0.10125289624126499
1437,43,1480,0.10128515312464645
1430,44,1474,0.10133185431493452
1434,41,1475,0.10138982613696071
1446,41,1487,0.10143384362415792
1449,43,1492,0.1014485876084159
1450,44,1494,0.10145508201000929
1448,44,1492,0.1014589069307256
1453,46,1499,0.1014665891688652
1454,48,1502,0.10146318120975346
1455,49,1504,0.10145797980950072
1452,50,1502,0.10145120455086384
1447,50,1497,0.10145136314593006
1444,53,1497,0.1014622791164581
1453,49,1502,0.10147855852157918
1456,49,1505,0.10147408145814123
1450,49,1499,0.10146379641624591
1457,49,1506,0.10146724652314656
1443,48,1491,0.1014554545657737
1449,47,1496,0.10147438325230178
1458,49,1507,0.10147867696495039
1458,48,1506,0.10146313451501461
1442,46,1488,0.1014492852599568
1433,45,1478,0.10147146622435833
1445,51,1496,0.1015104988302232
1452,52,1504,0.10152027853454403
1444,52,1496,0.10151425982723129
1440,52,1492,0.10152613980126719
1449,50,1499,0.10154550403996045
1444,50,1494,0.1015438245851762
1443,55,1498,0.10155338626100278
1433,56,1489,0.1015645833045025
1432,54,1486,0.10159595382311029
1437,54,1491,0.10162669719270066
1440,58,1498,0.1016438386533471
1435,58,1493,0.10165336796664332
1430,55,1485,0.10167217276871582
1424,55,1479,0.1017003785804476
1427,59,1486,0.10173880227394108
1415,59,1474,0.10176758012805172
1418,61,1479,0.10181967125231789
1426,63,1489,0.1018611955157927
1437,63,1500,0.10188201180714274
1423,62,1485,0.10187707453081284
1417,61,1478,0.10190272009079937
1428,63,1491,0.10193901191043558
1425,66,1491,0.10194821104884166
1422,64,1486,0.10196328332667744
1420,63,1483,0.10198385538737156
1426,64,1490,0.10200666625939597
1443,66,1509,0.1020146825267499
1438,66,1504,0.10198509278521038
1441,63,1504,0.10196887947921623
1425,64,1489,0.10194767046520863
1416,65,1481,0.10196261363542984
1436,65,1501,0.1019957167196695
1446,66,1512,0.10198296394061447
1447,64,1511,0.10194954037307269
1438,66,1504,0.10191719461167463
1444,67,1511,0.10190726517716615
1429,71,1500,0.10188537940295259
1439,69,1508,0.10189778807685655
1446,70,1516,0.1018874547350007
1434,72,1506,0.10186273625985443
1422,72,1494,0.1018663553295785
1425,73,1498,0.10189617709978621
1418,69,1487,0.10191637672681406
1415,69,1484,0.10195013712399746
1415,66,1481,0.10198720587110305
1409,66,1475,0.10202099462617804
1410,66,1476,0.10206469413420761
1424,67,1491,0.10210244337315404
1437,70,1507,0.10210663298613994
1428,72,1500,0.10208233212070932
1431,73,1504,0.10207992551718842
1430,73,1503,0.10207152377046326
1433,75,1508,0.1020658051591316
1436,75,1511,0.10205407192438583
1414,75,1489,0.10203631624019607
1414,77,1491,0.10206743996194487
1416,78,1494,0.10209612507146876
1413,80,1493,0.10211801601503691
1431,79,1510,0.10214444798339879
1430,76,1506,0.10213000054593699
1425,76,1501,0.10211897957490812
1427,76,1503,0.10211975089383031
1423,75,1498,0.10211645720751501
1415,76,1491,0.10212195806706946
1414,76,1490,0.10214389332696296
1413,74,1487,0.10216620015711925
1423,72,1495,0.10218861359773028
1424,70,1494,0.10218706411618683
1428,70,1498,0.10218410039843785
1422,72,1494,0.10217265635810731
1406,73,1479,0.10217565344457803
1413,74,1487,0.10221331160152808
1427,74,1501,0.10223250091426798
1416,74,1490,0.10221946811716531
1420,75,1495,0.10223181778825868
1416,73,1489,0.1022341739519842
1412,74,1486,0.10224465453030249
1414,74,1488,0.10226287563938839
1423,75,1498,0.10227539574866729
1418,73,1491,0.10226733183711882
1414,75,1489,0.10227086130672067
1417,77,1494,0.10228285457172227
1426,77,1503,0.10228768302829205
1430,78,1508,0.10227294369808305
1422,82,1504,0.10225020444643451
1419,82,1501,0.10224698337640406
1423,79,1502,0.10225066705078936
1415,85,1500,0.10224536607752752
1404,86,1490,0.10225806082576426
1406,90,1496,0.1022931824895328
1406,89,1495,0.10232059230161221
1387,85,1472,0.10234516687695881
1409,85,1494,0.10240880222151917
1411,88,1499,0.10241909399259437
1418,86,1504,0.10242430534694093
1417,88,1505,0.10241366144965246
1420,87,1507,0.10240578214085361
1411,88,1499,0.10239236858800048
1410,86,1496,0.10240005404658373
1412,85,1497,0.10240904296426677
1408,87,1495,0.10241264373429228
1407,84,1491,0.10242510528626698
1412,83,1495,0.10243828391889703
1410,84,1494,0.10243929765326514
1410,88,1498,0.10244464648276379
1410,90,1500,0.10244967672385424
1419,89,1508,0.10245424620094998
1421,92,1513,0.10243927795380849
1422,93,1515,0.10242173910131819
1411,92,1503,0.10240346410554986
1407,97,1504,0.1024111239827689
1410,98,1508,0.1024277609104828
1398,103,1501,0.10243651942082925
1389,98,1487,0.10247022606846805
1399,100,1499,0.10252046965925019
1411,103,1514,0.10254467846829311
1408,100,1508,0.10254080925410997
1410,99,1509,0.10254400025920926
1417,99,1516,0.10254274030571199
1411,100,1511,0.10252617343297132
1392,100,1492,0.10252359580448783
1404,99,1503,0.10256249638080966
1399,101,1500,0.1025722018823954
1402,99,1501,0.10259183987099572
1393,100,1493,0.1026034283669174
1398,101,1499,0.10263318052990852
1391,99,1490,0.10264954488816252
1388,104,1492,0.10267900521421902
1398,101,1499,0.10271234347967667
1401,103,1504,0.10272141529905442
1399,100,1499,0.10272381473818343
1404,97,1501,0.10272986271097484
1405,102,1507,0.10272464376431013
1399,98,1497,0.10271779848501307
1402,96,1498,0.10272462007166044
1410,98,1508,0.10272428456599204
1408,99,1507,0.10270664983599943
1411,99,1510,0.10269481345425585
1391,103,1494,0.10267806114695432
1391,103,1494,0.10270654057910467
1390,105,1495,0.10273245684740993
1387,109,1496,0.10275883859255132
1409,112,1521,0.10278922168966352
1394,114,1508,0.10276856109699059
1401,114,1515,0.10278204393086
1399,112,1511,0.10277881806842011
1379,112,1491,0.10278032260395198
1379,111,1490,0.10282518321028906
1389,113,1502,0.10286630455131959
1383,110,1493,0.10288169562099084
1372,110,1482,0.10290906549408983
1383,113,1496,0.10295807849772688
1383,112,1495,0.10297928230810709
1372,112,1484,0.10299893474175663
1375,118,1493,0.10304121090559676
1371,117,1488,0.10307301211146164
1378,119,1497,0.10311043040526094
1386,120,1506,0.10313048357492832
1379,115,1494,0.1031317253846352
1386,114,1500,0.10314731681214219
1386,115,1501,0.10314650517207412
1374,112,1486,0.1031462052879012
1383,118,1501,0.10317177393948301
1382,122,1504,0.10317585907958587
1380,121,1501,0.10318105926851792
1379,121,1500,0.10319087056017227
1373,117,1490,0.10320151341722981
1381,113,1494,0.1032238493446612
1379,118,1497,0.1032273314052847
1387,119,1506,0.10323493902901909
1382,117,1499,0.10322400310294835
1388,117,1505,0.10322471530030669
1372,117,1489,0.10321229505346009
1374,114,1488,0.10323560383493767
1370,115,1485,0.10325221153142693
1370,112,1482,0.10327615276406966
1378,107,1485,0.10329754640304806
1380,110,1490,0.10329954362490935
1384,110,1494,0.10329703480640223
1397,111,1508,0.10328571030375647
1391,112,1503,0.10324721249149187
1382,110,1492,0.10322540531663887
1384,115,1499,0.10322543368841533
1385,115,1500,0.10322089506293688
1384,117,1501,0.10321471315912945
1377,121,1498,0.1032116579520981
1376,120,1496,0.10322414347483702
1381,122,1503,0.10323746676609417
1392,123,1515,0.10323908683556678
1403,121,1524,0.1032169043868567
1404,119,1523,0.10317292009602987
1412,122,1534,0.10313045076989584
1387,117,1504,0.10307426575900397
1377,118,1495,0.10307726286120308
1378,115,1493,0.10310143995776183
1381,116,1497,0.10312084086019166
1396,112,1508,0.10313206524526147
1379,113,1492,0.1031096503742214
1384,116,1500,0.10312611754196496
1380,120,1500,0.10313029465005384
1376,118,1494,0.10314243994475092
1391,120,1511,0.10316268693288279
1382,120,1502,0.10314880974091153
1377,121,1498,0.1031556696709444
1378,120,1498,0.10317253420843646
1368,118,1486,0.10318540766108475
1381,117,1498,0.10321940313555199
1374,119,1493,0.10322241761732771
1374,120,1494,0.10324055171738053
1369,119,1488,0.10325727501797193
1377,118,1495,0.10328410422041592
1378,117,1495,0.10329096197795494
1380,123,1503,0.10329486027820999
1378,122,1500,0.10329374657778123
1381,120,1501,0.10329686939228061
1378,119,1497,0.1032931757215966
1369,118,1487,0.10329688466799332
1374,117,1491,0.10331991935209948
1372,119,1491,0.1033306520933446
1362,123,1485,0.10334441302736036
1361,125,1486,0.10337927036603324
1362,127,1489,0.10341254586097938
1361,127,1488,0.1034406843143725
1362,125,1487,0.10346859178203133
1356,127,1483,0.10349144056928349
1358,126,1484,0.10352580196938513
1364,128,1492,0.10355349219557905
1363,129,1492,0.10356574133709624
1365,125,1490,0.10357855844144687
1373,126,1499,0.10358557137706434
1373,124,1497,0.10357407711057821
1368,123,1491,0.1035633020980175
1371,126,1497,0.1035642265706137
1370,125,1495,0.10355865529084364
1378,121,1499,0.10355578569043379
1378,121,1499,0.10353557719885746
1379,120,1499,0.10351729648285488
1379,118,1497,0.10349817275472084
1380,117,1497,0.10348109601943727
1377,116,1493,0.10346310996681116
1367,116,1483,0.10345414970988222
1356,117,1473,0.10346764670368287
1369,119,1488,0.1035040174115894
1370,119,1489,0.10350874398086937
1364,126,1490,0.10351057268609487
1369,127,1496,0.10352545053666386
1373,128,1501,0.10352834352954857
1360,121,1481,0.10352211300350397
1359,118,1477,0.10354509253245867
1378,123,1501,0.10356848355780418
1376,125,1501,0.10354833795196494
1386,125,1511,0.1035345673912973
1387,124,1511,0.10349942153628212
1386,126,1512,0.1034653552992684
1383,125,1508,0.10343674749695761
1372,127,1499,0.10341783295713565
1372,124,1496,0.10342510009773077
1382,121,1503,0.10343079148110162
1375,122,1497,0.10341370422597866
1370,125,1495,0.10341297224044603
1364,125,1489,0.10342371817238379
1381,124,1505,0.10344696717308195
1376,126,1502,0.1034310146216227
1383,124,1507,0.1034278264208136
1379,126,1505,0.10340938393729582
1381,127,1508,0.10340106863199498
1373,133,1506,0.10338893419638102
1358,131,1489,0.10339566732141531
1356,129,1485,0.10343477801370887
1352,134,1486,0.10347461759228618
1351,132,1483,0.10352015035087525
1353,131,1484,0.10356337666657382
1357,132,1489,0.10359837817584784
1357,134,1491,0.10362155079636871
1364,136,1500,0.10364267984641246
1366,133,1499,0.10364659464829988
1373,134,1507,0.10364661555631884
1367,138,1505,0.10363115056441181
1356,139,1495,0.10363047181540846
1347,144,1491,0.10365423588764329
1349,142,1491,0.10369568198840166
1344,142,1486,0.10372942690168456
1336,146,1482,0.10377167055346867
1335,149,1484,0.10382787441821151
1330,149,1479,0.10388184300232578
1331,148,1479,0.10394212391381054
1343,150,1493,0.10399511761455633
1348,153,1501,0.10401668753054759
1339,158,1497,0.1040253457744695
1343,159,1502,0.10405360405029385
1337,156,1493,0.10407093293657202
1342,159,1501,0.10410055923723238
1338,158,1496,0.10411660160402349
1331,158,1489,0.10414017979273048
1331,160,1491,0.10417698806782642
1312,163,1475,0.10421100259613962
1302,164,1466,0.10428392878132925
1311,166,1477,0.10437232590927455
1326,166,1492,0.10443344327062551
1325,163,1488,0.10445535412763349
1323,162,1485,0.10447779201190763
1326,167,1493,0.10450287263157286
1326,168,1494,0.10451967781765571
1314,167,1481,0.10453448977976133
1323,165,1488,0.10457428372337702
1313,170,1483,0.10459085282936083
1333,173,1506,0.10462807761905929
1329,169,1498,0.10461809387017705
1329,170,1499,0.10461856322918131
1327,173,1500,0.10461885678039973
1324,176,1500,0.10462354442514715
1313,173,1486,0.10463414020823507
1321,169,1490,0.10466796665676735
1327,167,1494,0.10468174064111035
1319,167,1486,0.1046806821195877
1325,165,1490,0.10469698158535742
1322,163,1485,0.10469846207140167
1328,162,1490,0.10470689567201333
1333,164,1497,0.10470090402504376
1339,167,1506,0.10468506642807147
1334,166,1500,0.10465653361423284
1329,172,1501,0.10464136414115782
1322,173,1495,0.10463816104880377
1324,171,1495,0.10465119561894771
1328,170,1498,0.10465898256180232
1321,175,1496,0.10465726397333781
1322,175,1497,0.10467149346947878
1311,176,1487,0.10468176470303306
1318,182,1500,0.10471532877066998
1318,180,1498,0.10473106268438609
1321,177,1498,0.10474563048194906
1313,172,1485,0.10475289010150302
1309,168,1477,0.10477708340516255
1315,168,1483,0.10480728570767603
1329,171,1500,0.10482161779399235
1334,170,1504,0.10480368757223626
1332,173,1505,0.10477607556176056
1337,177,1514,0.10475569071245633
1344,174,1518,0.10472594821889133
1342,168,1510,0.10468311735901334
1338,171,1509,0.10464842618169364
1335,175,1510,0.10462526212831218
1324,171,1495,0.10461101494342813
1337,167,1504,0.10462138600198832
1328,166,1494,0.1046024736195081
1324,167,1491,0.10460582457581885
1338,164,1502,0.10461775047415191
1334,162,1496,0.10459758959861652
1315,169,1484,0.1045881652694809
1325,171,1496,0.10462185632251131
1300,163,1463,0.1046304567538992
1308,163,1471,0.10469346216141404
1321,166,1487,0.10473414153113751
1333,164,1497,0.10474284412841986
1326,165,1491,0.10472382591052139
1326,161,1487,0.10472157047227222
1326,158,1484,0.10471987194496013
1340,159,1499,0.10471777550665823
1332,164,1496,0.1046859005657371
1330,167,1497,0.10467347177226677
1331,167,1498,0.10466651140253568
1323,169,1492,0.10465778138781859
1327,166,1493,0.10466741150590593
1316,170,1486,0.10466786238911868
1321,168,1489,0.10469249703341889
1326,164,1490,0.10470427884699013
1339,165,1504,0.10470365855738839
1322,168,1490,0.10467512284807842
1311,170,1481,0.10468600735784321
1325,173,1498,0.10472050539985105
1324,173,1497,0.10472086223000861
1323,171,1494,0.10472409646297481
1328,172,1500,0.1047297218945731
1326,168,1494,0.10472411939501573
1316,166,1482,0.10472352589313967
1322,160,1482,0.10474516828247708
1327,162,1489,0.10475232242246035
1346,164,1510,0.10474743437015853
1351,160,1511,0.10470101090356518
1336,161,1497,0.10464728237288932
1328,161,1489,0.10463150254502232
1336,167,1503,0.10463431629926723
1334,164,1498,0.10461921065318856
1321,163,1484,0.10460991753856248
1325,158,1483,0.10462999198246296
1317,164,1481,0.10464006175540139
1318,168,1486,0.10466625458485578
1317,169,1486,0.10468836961058553
1326,172,1498,0.10471152356702024
1320,177,1497,0.10471257430591169
1318,176,1494,0.10472686505777357
1317,177,1494,0.1047442598892614
1316,170,1486,0.10476274952264576
1333,171,1504,0.1047824634857953
1324,172,1496,0.10476272989261089
1320,175,1495,0.10476508021070177
1328,176,1504,0.10477606405973112
1324,178,1502,0.10476817017387935
1330,175,1505,0.1047701578440737
1318,176,1494,0.10475802869078066
1315,175,1490,0.10477424019172527
1308,175,1483,0.10479604211214708
1313,173,1486,0.10483176747351335
1314,174,1488,0.10485379384912835
1324,178,1502,0.10487195979613467
1321,179,1500,0.1048670196040748
1327,176,1503,0.10486960139437411
1327,178,1505,0.10485801854127601
1332,179,1511,0.10484734321594946
1334,180,1514,0.10482632926315018
1325,180,1505,0.1048035613781299
1319,183,1502,0.1048022873520349
1311,177,1488,0.10481503889451156
1321,175,1496,0.10484508245832277
1322,177,1499,0.1048504977604272
1325,180,1505,0.10485379043571723
1318,178,1496,0.10484966336797787
1311,179,1490,0.10486054014116196
1302,174,1476,0.10488637565400477
1307,181,1488,0.10492929500007615
1313,178,1491,0.10495694033476194
1322,177,1499,0.10496900870227403
1301,180,1481,0.10496018968522003
1303,179,1482,0.10499815961745212
1299,180,1479,0.10502878061353264
1314,181,1495,0.105065507048132
1321,183,1504,0.10506527463249281
1321,184,1505,0.10505012145315948
1324,182,1506,0.10503632265116324
1321,185,1506,0.10501735084152579
1319,184,1503,0.10500625829486683
1322,179,1501,0.10500127929142139
1317,185,1502,0.10498943799692668
1307,182,1489,0.10499013293041141
1306,183,1489,0.10501372912923213
1298,186,1484,0.1050376334057929
1292,193,1485,0.10507638647668878
1300,194,1494,0.10512476975564519
1308,194,1502,0.10515130952457334
1314,191,1505,0.10515823665695816
1310,190,1500,0.10515148977308929
1310,189,1499,0.10515443507385534
1316,195,1511,0.10515743790236882
1303,195,1498,0.10514649991665008
1305,194,1499,0.10516488575872242
1299,195,1494,0.10517737827729846
1292,190,1482,0.10520223630194606
1292,191,1483,0.10524140668248058
1290,189,1479,0.10527702145718393
1299,190,1489,0.10531482249208636
1295,190,1485,0.10532941991329677
1293,198,1491,0.10535183643865594
1290,200,1490,0.1053773475397489
1288,203,1491,0.10540741663606246
1294,203,1497,0.10543892835337157
1293,206,1499,0.10545466129630222
1287,206,1493,0.10547056109180486
1287,203,1490,0.10549854450354218
1287,204,1491,0.10552441791567385
1281,204,1485,0.10554783378968459
1288,208,1496,0.10558317744863886
1284,211,1495,0.10560035453926027
1284,213,1497,0.1056250964524349
1288,211,1499,0.10564792031092494
1296,214,1510,0.10565930209695601
1307,218,1525,0.10565181722255311
1294,211,1505,0.10562044934000829
1288,211,1499,0.10562058524965329
1288,213,1501,0.1056344946133429
1288,212,1500,0.1056479748194054
1293,211,1504,0.10566117168122996
1286,213,1499,0.10566179093270738
1282,214,1496,0.1056781603324648
1280,221,1501,0.10570151305114345
1288,217,1505,0.10572732781326004
1285,214,1499,0.10573283210283503
1281,214,1495,0.10574465630532867
1269,216,1485,0.10576423649012302
1283,216,1499,0.10580893823632455
1291,216,1507,0.10581920472639648
1291,220,1511,0.10581129148622832
1283,214,1497,0.1058043068558084
1264,209,1473,0.10581617138868353
1264,219,1483,0.10587016409956337
1266,216,1482,0.10591964858848645
1264,214,1478,0.10595942375706553
1267,212,1479,0.10600030187766687
1267,220,1487,0.10603158406830833
1266,228,1494,0.10606104281470852
1270,221,1491,0.10608985720349276
1262,226,1488,0.10610723012883269
1263,222,1485,0.10614051330772568
1263,224,1487,0.10616895247051218
1272,226,1498,0.10619428565688956
1263,230,1493,0.10619730667163108
1254,237,1491,0.10622082352222169
1256,236,1492,0.10626316468883874
1256,238,1494,0.10629687875686705
1258,238,1496,0.10632757885682147
1258,239,1497,0.10635132900503028
1263,239,1502,0.10637340832564393
1254,243,1497,0.10638214590125522
1250,243,1493,0.10641016407463763
1255,239,1494,0.10644375608152262
1253,242,1495,0.10646423350088785
1246,242,1488,0.10648680132519452
1246,242,1488,0.10652313995431334
1245,242,1487,0.10655736443955793
1252,240,1492,0.10659080584376181
1261,238,1499,0.10660578204960892
1259,239,1498,0.1065996481417761
1252,241,1493,0.10659852153147664
1247,249,1496,0.10661279270333157
1248,247,1495,0.10663657194743284
1246,249,1495,0.10665648489466839
1240,251,1491,0.10667874486558532
1233,256,1489,0.10671158939508973
1241,256,1497,0.10675826368502475
1240,256,1496,0.10678285503093543
1237,260,1497,0.10680806795104146
1220,261,1481,0.10683794324811025
1230,268,1498,0.10690325671215245
1233,265,1498,0.10694010453015938
1239,262,1501,0.1069677367061821
1228,263,1491,0.10698003342744754
1228,263,1491,0.10701622692592005
1241,266,1507,0.10704953523892448
1227,270,1497,0.10705132509114787
1227,268,1495,0.10708405145127539
1227,270,1497,0.10711427788270761
1221,267,1488,0.10714223593404673
1216,269,1485,0.10718112640668949
1216,277,1493,0.10722886846798257
1220,279,1499,0.1072726561681032
1223,281,1504,0.10730448869301633
1215,281,1496,0.10732748493656658
1210,276,1486,0.107366032669804
1196,270,1466,0.1074135384537788
1205,281,1486,0.10748863911973937
1208,286,1494,0.10753669984137205
1198,282,1480,0.10757450608654626
1205,285,1490,0.1076317780851533
1211,290,1501,0.107668731434061
1199,291,1490,0.1076897284485915
1204,297,1501,0.10773614197785829
1195,292,1487,0.10776776572745934
1206,295,1501,0.10781782042712618
1191,301,1492,0.10783821491330974
1188,298,1486,0.10789125810154632
1188,299,1487,0.10794677881463403
1177,298,1475,0.10799789969502947
1172,296,1468,0.10806966981034066
1182,297,1479,0.10814713385514742
1192,306,1498,0.10819513010389169
1188,306,1494,0.10821713344976938
1183,304,1487,0.10824621778379771
1185,311,1496,0.10828535096875125
1182,307,1489,0.10831696084418332
1172,310,1482,0.1083525723663542
1180,314,1494,0.10840885331454843
1179,314,1493,0.10844225397465218
1178,316,1494,0.10847571736051101
1174,320,1494,0.10850889911803392
1177,323,1500,0.10854854239872512
1164,321,1485,0.10857894256135178
1167,321,1488,0.10863728099640575
1183,318,1501,0.1086832217389699
1197,319,1516,0.10868873975314092
1167,326,1493,0.10866246963815102
1174,326,1500,0.10870691237391966
1169,325,1494,0.10873187058991193
1159,329,1488,0.10876584942000339
1175,327,1502,0.10882010680230517
1179,327,1506,0.10883438666914294
1184,323,1507,0.10883895505812385
1180,324,1504,0.10883115112815579
1176,330,1506,0.10883230825642158
1174,323,1497,0.10884292842699235
1176,326,1502,0.10885708186994368
1161,334,1495,0.10886621878568015
1146,338,1484,0.10890923094648677
1152,344,1496,0.10898356275650142
1165,345,1510,0.10903745293419552
1165,343,1508,0.10905759743437454
1163,346,1509,0.10907704187770664
1165,344,1509,0.10909892858285694
1157,346,1503,0.10911343940622534
1155,346,1501,0.10914531320118627
1152,337,1489,0.10917965537237556
1160,338,1498,0.10921817566841861
1170,346,1516,0.10923638967763633
1170,346,1516,0.10923023795140359
1166,347,1513,0.1092250195897853
1152,350,1502,0.10922950236653783
1146,349,1495,0.10926633224418722
1144,358,1502,0.10931419539774147
1151,352,1503,0.10936212520034896
1156,356,1512,0.10939078302943511
1158,364,1522,0.10940542597416066
1136,363,1499,0.10941439153381896
1132,358,1490,0.10947270916895657
1138,359,1497,0.10953519360617385
1138,363,1501,0.10957943907709293
1118,364,1482,0.10961983118068787
1118,365,1483,0.1097023064946986
1146,366,1512,0.10977850780341175
1139,360,1499,0.10978473555496887
1130,359,1489,0.10980671689802896
1125,364,1489,0.10984713828780616
1134,368,1502,0.10989697275015974
1140,369,1509,0.10992135306695784
1137,369,1506,0.10993014526541871
1137,365,1502,0.10994549205814379
1142,358,1500,0.10995942826057493
1137,356,1493,0.10995995375693318
1135,358,1493,0.10997145985418869
1121,359,1480,0.10998718120372585
1126,358,1484,0.1100342091090212
1123,352,1475,0.11006534316396319
1116,357,1473,0.11009995659787719
1124,359,1483,0.11014893758500756
1139,355,1494,0.11017571485493907
1141,357,1498,0.11016603641657369
1141,357,1498,0.11015321420349218
1152,353,1505,0.11014087094069723
1141,355,1496,0.11010409393555079
1143,353,1496,0.1100960280775634
1135,362,1497,0.110084578456118
1127,363,1490,0.11009288499774705
1131,369,1500,0.110118358033405
1131,374,1505,0.11013255661223852
1135,372,1507,0.11014523640745796
1136,373,1509,0.11014822021744575
1140,370,1510,0.11014909246966856
1128,377,1505,0.11014154426097315
1131,374,1505,0.11016138871529883
1129,374,1503,0.11017355723251583
1113,370,1483,0.11018961694039209
1126,377,1503,0.1102406238900882
1121,374,1495,0.11025705719641371
1124,376,1500,0.11028375151302533
1118,371,1489,0.11030197473660992
1124,371,1495,0.11033307384031818
1124,378,1502,0.11034813829773558
1117,379,1496,0.1103624546272024
1129,378,1507,0.11039120951448515
1134,379,1513,0.110389584302169
1129,383,1512,0.11037698541458159
1131,383,1514,0.11037606127241553
1114,375,1489,0.11037108785016546
1113,375,1488,0.11040548235828736
1119,379,1498,0.11044138252380148
1114,385,1499,0.11045914797903393
1119,384,1503,0.11048680899072302
1114,392,1506,0.11050071003011055
1108,393,1501,0.11052511919222141
1106,389,1495,0.11056153106634709
1099,389,1488,0.11059939515035755
1112,389,1501,0.11065115651603272
1106,389,1495,0.11066871615016691
1099,392,1491,0.11069794933628595
1112,393,1505,0.11074191680418241
1124,397,1521,0.11075234400435302
1117,393,1510,0.11073449724408108
1109,385,1494,0.11073478005736273
1101,389,1490,0.1107542334443285
1095,388,1483,0.11079044597335327
1092,396,1488,0.11083674503699356
1104,399,1503,0.11088763033846796
1112,399,1511,0.11090824381666183
1105,403,1508,0.11090866975361954
1103,405,1508,0.11092498247640153
1096,395,1491,0.11094524450678925
1095,407,1502,0.1109796772090952
1082,413,1495,0.1110138884676285
1095,414,1509,0.11107526015424316
1087,407,1494,0.11110123368179547
1089,409,1498,0.11114472123313351
1085,414,1499,0.11118088566232373
1076,413,1489,0.11122374234291818
1073,419,1492,0.11128483203803122
1068,426,1494,0.1113471018413247
1074,423,1497,0.11141620806806793
1071,428,1499,0.11146573295667615
1074,433,1507,0.11151900149274972
1075,431,1506,0.11156047268781417
1072,429,1501,0.1115958553460833
1071,429,1500,0.11163540984216891
1068,427,1495,0.11167452681376017
1060,435,1495,0.11171675406319599
1065,435,1500,0.11177321154998122
1074,438,1512,0.11181436791735248
1058,441,1499,0.11183169438346864
1048,446,1494,0.11188578388621756
1048,445,1493,0.11195766464505884
1056,447,1503,0.11202421579674823
1050,440,1490,0.11206643996462734
1055,441,1496,0.1121199593334601
1062,442,1504,0.11215779217812216
1049,446,1495,0.11217709057326136
1051,447,1498,0.11222643458368012
1045,444,1489,0.11226758630992992
1047,446,1493,0.11231831348656068
1042,446,1488,0.11236028481812581
1045,442,1487,0.11241115075770267
1045,445,1490,0.11245085933405419
1056,446,1502,0.11248765271092306
1052,456,1508,0.1124967111549989
1052,452,1504,0.11251561514665535
1055,446,1501,0.11253352073041067
1055,450,1505,0.11254374099280356
1050,451,1501,0.11255185762808387
1047,454,1501,0.11257084776696451
1043,452,1495,0.1125954499695319
1049,461,1510,0.11262791101771366
1050,460,1510,0.11264318597944747
1034,460,1494,0.1126558147592818
1032,463,1495,0.11270470962913408
1031,459,1490,0.11275301211546637
1023,454,1477,0.1127999785551808
1039,460,1499,0.11286245641875096
1045,461,1506,0.1128829695022371
1053,469,1522,0.11288791330552456
1048,471,1519,0.11287433606953975
1033,470,1503,0.11287355355129872
1024,477,1501,0.11290657032836832
1031,470,1501,0.1129585758901566
1037,472,1509,0.11299033364299815
1033,464,1497,0.11300559210500193
1036,456,1492,0.11302960428866726
1028,457,1485,0.11304378906557293
1028,459,1487,0.11307594520326347
1020,462,1482,0.11310276698583233
1025,462,1487,0.11314671960350968
1023,460,1483,0.11317420624275776
1024,466,1490,0.11320435300711243
1031,465,1496,0.11323098206842491
1033,469,1502,0.11324058368040642
1034,471,1505,0.11324415289822375
1031,476,1507,0.11324452060299968
1024,476,1500,0.11325249515970637
1025,474,1499,0.11327739026705082
1025,477,1502,0.11329862241389971
1029,481,1510,0.11331886356553976
1033,483,1516,0.11332735184891497
1039,485,1524,0.11332514630644568
1036,478,1514,0.11330958839205264
1028,483,1511,0.11330138829896871
1020,487,1507,0.11331366936030285
1009,495,1504,0.11334406536210555
1018,491,1509,0.11339849488716609
1018,482,1500,0.11342757010561455
1030,474,1504,0.11345416980119385
1020,483,1503,0.11345072308321907
1021,483,1504,0.11347162733214128
1006,480,1486,0.11348947881674525
1024,479,1503,0.11354062099329304
1029,487,1516,0.11354603852558977
1012,489,1501,0.1135405000878285
1007,491,1498,0.11357424594696398
1004,494,1498,0.11361701280003687
1009,488,1497,0.11366537817712928
1003,493,1496,0.11369716568909864
998,501,1499,0.11374143306964923
994,500,1494,0.11379445242962266
1000,491,1491,0.11385337397021457
999,501,1500,0.11389253768968573
997,500,1497,0.11393084472929256
997,490,1487,0.11397168711313131
997,502,1499,0.11400975927176038
997,502,1499,0.11404434376025584
995,498,1493,0.11407738171678304
986,508,1494,0.11411226055554867
989,509,1498,0.11416456807373247
984,505,1489,0.11420552268353681
987,505,1492,0.1142557676362824
995,505,1500,0.1142953346456748
999,506,1505,0.11431427281796015
989,504,1493,0.11432208503143766
985,499,1484,0.11435285015181806
992,502,1494,0.11439008956956148
984,502,1486,0.11440887311470548
998,502,1500,0.11444635240651707
993,500,1493,0.11444817121025061
988,506,1494,0.11446263057134408
984,505,1489,0.1144875982540356
989,506,1495,0.11451960988721957
990,507,1497,0.11453919985733378
992,503,1495,0.11455477187279026
988,510,1498,0.1145647732227285
1000,510,1510,0.11458422621015028
996,511,1507,0.114574009041383
987,507,1494,0.11457428172279524
999,515,1514,0.11459542516769915
993,514,1507,0.1145872464597745
999,513,1512,0.11459277339603459
991,514,1505,0.11458296969226893
985,517,1502,0.11459339586779063
987,516,1503,0.11461654014768488
987,509,1496,0.11463201189214814
988,515,1503,0.11464730507391425
989,510,1499,0.11465712798167946
992,510,1502,0.11466451775208723
986,504,1490,0.11466404353002745
981,500,1481,0.11467661450970493
992,505,1497,0.11470126772512818
990,504,1494,0.11469902923989381
996,509,1505,0.11470234386212966
979,511,1490,0.11469094982661873
977,515,1492,0.11472115396154192
975,504,1479,0.11475280125810379
986,501,1487,0.11478463271574171
994,501,1495,0.11478878073072035
990,515,1505,0.11477352697232736
984,511,1495,0.11477028680252095
994,512,1506,0.11478127116149908
999,513,1512,0.11476775802831543
1000,518,1518,0.1147443277738852
1000,516,1516,0.11471982560140521
997,525,1522,0.11469759538573382
993,522,1515,0.11468517526912368
990,525,1515,0.11468338223393496
980,519,1499,0.114688974948672
980,519,1499,0.11471767030535375
973,519,1492,0.11474506429679679
963,514,1477,0.11478744705580649
971,533,1504,0.11485027170692583
964,536,1500,0.11488773255686091
953,531,1484,0.11493921915559677
965,534,1499,0.11501511800389089
959,540,1499,0.11505697583454884
956,538,1494,0.11511164608561274
962,538,1500,0.11516930540402061
961,537,1498,0.11520804651175713
963,547,1510,0.11524681492137695
956,547,1503,0.11527880361479355
960,544,1504,0.11532612763641246
964,550,1514,0.11536023082528732
961,548,1509,0.11538302026552738
962,543,1505,0.11541135670316485
959,536,1495,0.11543400068946255
963,542,1505,0.11546267295662631
960,542,1502,0.11547897327785327
962,549,1511,0.11550244438627814
955,543,1498,0.11551981520843826
960,549,1509,0.11555355487171479
966,547,1513,0.11557289309510078
956,551,1507,0.11557517326972028
956,555,1511,0.11560250983235537
967,553,1520,0.1156271856950489
958,557,1515,0.1156239275865957
958,556,1514,0.1156414168969686
960,553,1513,0.11565818597226084
954,553,1507,0.11566941773808699
950,555,1505,0.11569366649972952
951,563,1514,0.11572488799832131
948,563,1511,0.11574941344374
953,561,1514,0.11577872295425266
945,555,1500,0.11579531296449272
936,552,1488,0.11582992622145341
953,557,1510,0.11588255642908116
948,559,1507,0.11589097384409637
940,557,1497,0.11591099754929253
944,555,1499,0.1159482379086303
948,557,1505,0.11597292847343166
944,566,1510,0.11598624878974775
947,564,1511,0.11600866311109886
942,556,1498,0.11602076333321337
942,554,1496,0.11604350775888082
947,554,1501,0.11606362381798829
946,555,1501,0.11607065288459793
946,550,1496,0.11607954651416548
949,556,1505,0.1160865124789094
951,561,1512,0.116085328377627
957,559,1516,0.11608024121325354
955,562,1517,0.1160630650574601
943,558,1501,0.11605257778792334
940,563,1503,0.11607079958891955
947,561,1508,0.11609431469179246
946,567,1513,0.11610012203342045
939,566,1505,0.1161089554596804
939,573,1512,0.1161337966594585
945,569,1514,0.11615796295359111
935,573,1508,0.1161658858401422
930,572,1502,0.11619772820503674
937,570,1507,0.11623761738021632
938,571,1509,0.11625816510989698
934,569,1503,0.11627475841984249
934,564,1498,0.11630035181619731
931,561,1492,0.11632452853492627
933,567,1500,0.11635489147576154
938,573,1511,0.11637807777647327
933,573,1506,0.1163874165295541
947,579,1526,0.1164070761291083
951,579,1530,0.1163915645130053
942,581,1523,0.11636927016863396
929,584,1513,0.11636904885630305
921,590,1511,0.11640093965517118
917,589,1506,0.11644937379356088
920,582,1502,0.11650199449352325
918,579,1497,0.1165445858722683
908,580,1488,0.11658836019566338
913,584,1497,0.11665273208756283
907,585,1492,0.1167003240108393
907,592,1499,0.11675913494935652
907,588,1495,0.11681413959111941
881,590,1471,0.11686503202572084
887,591,1478,0.11697508976994107
885,590,1475,0.1170618657161601
893,599,1492,0.11714691906874539
893,606,1499,0.1172069690747671
898,603,1501,0.11726291568317784
896,598,1494,0.11730221956538958
899,603,1502,0.11734518342291271
905,613,1518,0.11737887613643556
911,606,1517,0.11739592414315032
909,606,1515,0.11739888083131789
902,609,1511,0.11740821466653013
906,614,1520,0.11743312888538834
896,608,1504,0.11744775699284243
889,613,1502,0.11748635766297827
891,625,1516,0.1175389958240539
887,626,1513,0.117582663942134
885,627,1512,0.11763358839076311
888,630,1518,0.11768651096831025
893,635,1528,0.11772923650899504
891,626,1517,0.1177575797881774
885,628,1513,0.11778808679916576
882,631,1513,0.1178299886691826
869,631,1500,0.11787644166467436
869,630,1499,0.11794997164218135
857,639,1496,0.11801787889485112
852,647,1499,0.11811050136629593
852,649,1501,0.11820798619032413
855,651,1506,0.11829855222701426
862,648,1510,0.11837391129186706
864,639,1503,0.1184266201738188
874,643,1517,0.11847134847101802
873,635,1508,0.11848683509270351
868,629,1497,0.11850409003721303
874,637,1511,0.11853114378938834
866,637,1503,0.11854264735758287
867,635,1502,0.11857187881264838
874,630,1504,0.11859703472651692
867,627,1494,0.11860277596224546
876,631,1507,0.11862384618970247
874,638,1512,0.11862421053329342
876,635,1511,0.11862969562952567
863,648,1511,0.11863113820178235
866,640,1506,0.11866308594278313
866,641,1507,0.11868587249572146
863,641,1504,0.11870722418110692
870,647,1517,0.11873586149228509
867,660,1527,0.11874574217012475
836,659,1495,0.11876280651620695
844,663,1507,0.11885265354015687
846,663,1509,0.11891611414578288
843,672,1515,0.11897051042458244
839,681,1520,0.11902919670256808
836,678,1514,0.11909362054452043
826,670,1496,0.11916270009778994
829,676,1505,0.11924969065175775
832,672,1504,0.11932362798819181
819,669,1488,0.11938608809347578
824,673,1497,0.11947302348545277
817,684,1501,0.11954051226293022
825,683,1508,0.11962012882153437
816,676,1492,0.11967419124604001
810,681,1491,0.11974576077247874
816,677,1493,0.1198272074062647
815,685,1500,0.11988811765103041
811,686,1497,0.11994725600763705
810,688,1498,0.12001230435989353
811,694,1505,0.12007718832659844
816,690,1506,0.12013429049172884
823,687,1510,0.12017376948534267
819,688,1507,0.12019496206809484
823,694,1517,0.12022356546675543
816,701,1517,0.12024223661649769
808,700,1508,0.1202768150370056
805,686,1491,0.12032870211719256
799,693,1492,0.12038450968564625
807,694,1501,0.12045103063774559
804,700,1504,0.12049239775037346
806,709,1515,0.1205381195262785
809,702,1511,0.12057596543367709
812,705,1517,0.12060354259293443
807,703,1510,0.12062095250509298
807,704,1511,0.12064963189295838
801,711,1512,0.12067755621046086
789,707,1496,0.12071865812600546
780,706,1486,0.12078561946749385
788,710,1498,0.12086924936408736
794,710,1504,0.12092676335718462
782,713,1495,0.1209651349674075
790,709,1499,0.12103050358661055
797,718,1515,0.1210717036722079
801,712,1513,0.1210914451458864
795,707,1502,0.12110000617909894
796,709,1505,0.12112089660758524
798,709,1507,0.12113916067683114
804,711,1515,0.12115141738914606
805,717,1522,0.12114923205618373
793,718,1511,0.12114549832986622
789,713,1502,0.12117240435815411
786,703,1489,0.12120667926893997
787,712,1499,0.12124341494421456
788,706,1494,0.12127497921629903
788,708,1496,0.12130215184077502
794,708,1502,0.12132592668486446
790,710,1500,0.12133322282868612
788,720,1508,0.12134977220607869
782,708,1490,0.12137102664039918
778,712,1490,0.12140447740984522
784,709,1493,0.12144422820705984
776,720,1496,0.12146803478901039
781,719,1500,0.12151183997225402
781,725,1506,0.12153992384795544
787,724,1511,0.12156590951807361
785,726,1511,0.12157557644690639
786,735,1521,0.12159083492471433
788,734,1522,0.1216028417303039
782,730,1512,0.12160790432387941
775,719,1494,0.12162716317322189
773,724,1497,0.12166191494608268
782,730,1512,0.12169814809189593
778,732,1510,0.12171125343222908
770,734,1504,0.12173286500996262
768,733,1501,0.12177204987481406
761,747,1508,0.12181542226665722
756,744,1500,0.12187135606277444
754,756,1510,0.12193518730180156
747,763,1510,0.12199872288247227
738,756,1494,0.12207543055058605
749,761,1510,0.12216881931341823
740,749,1489,0.12222959406794352
742,762,1504,0.12230955767190413
737,751,1488,0.12237690211208946
747,755,1502,0.12245208459914013
748,761,1509,0.12249804316346426
755,768,1523,0.12253704983397082
757,753,1510,0.12255737421712774
753,751,1504,0.12257122681064789
749,756,1505,0.12259336194019703
748,756,1504,0.12262410008013946
746,762,1508,0.12265497372245264
741,764,1505,0.12268924081851751
737,767,1504,0.1227347042177116
739,767,1506,0.12278493828324556
740,766,1506,0.1228245293025492
738,765,1503,0.12285810520067673
739,763,1502,0.1228946876384305
747,772,1519,0.12292671272425768
735,778,1513,0.12293645111949729
748,782,1530,0.12297606212542787
737,782,1519,0.12298017981852205
733,779,1512,0.12300988589659885
728,784,1512,0.12304742266851065
733,786,1519,0.12309635961214443
729,775,1504,0.12312892741384347
720,770,1490,0.12316776333102669
726,780,1506,0.12322551879429533
727,786,1513,0.12326333895360016
723,780,1503,0.12329599791859704
725,779,1504,0.12333682681146609
722,781,1503,0.12337044024999827
728,791,1519,0.12341023574311738
719,792,1511,0.12343119117229867
716,792,1508,0.12347418569204915
723,795,1518,0.12352193123504812
710,795,1505,0.1235490400246919
713,792,1505,0.1236062958040122
711,797,1508,0.12365173753721347
704,799,1503,0.12370183075466326
699,794,1493,0.12376464277123468
699,801,1500,0.12383611305108282
706,804,1510,0.12390076749904931
711,806,1517,0.12394318249656734
716,813,1529,0.12397086644470699
713,813,1526,0.12398434933192409
709,813,1522,0.12400509334138929
707,808,1515,0.1240338998605324
719,813,1532,0.12406653831910709
715,819,1534,0.12406815760789332
710,814,1524,0.1240806635893794
695,820,1515,0.12410482591595484
693,815,1508,0.12416775210910487
695,818,1513,0.12422837829392598
690,821,1511,0.12427934199014193
691,829,1520,0.1243392755291995
690,836,1526,0.12439385120812187
685,829,1514,0.1244477438899594
689,829,1518,0.12451023881438207
693,828,1521,0.12455929213222339
694,825,1519,0.12459550608065907
696,820,1516,0.12462696364026614
693,820,1513,0.12465172001902353
691,823,1514,0.12467922622508282
683,818,1501,0.12470769602371679
678,814,1492,0.12475618604000167
683,816,1499,0.12481327917887092
680,823,1503,0.12485431789137319
682,830,1512,0.12489898756985532
688,819,1507,0.12493379416488025
685,820,1505,0.12495009743860701
692,817,1509,0.12497263752814447
691,823,1514,0.12497620369759568
690,823,1513,0.12498339637923282
684,824,1508,0.12499446416523152
692,824,1516,0.12502016757077108
679,828,1507,0.1250234964387675
677,823,1500,0.1250586589840124
674,822,1496,0.1250937473724939
677,816,1493,0.12513359283693015
683,825,1508,0.12516157712943543
691,825,1516,0.12517093991350958
695,825,1520,0.12516167483315613
687,829,1516,0.1251457932481985
684,823,1507,0.12515129801284142
680,824,1504,0.12516401568636185
676,826,1502,0.12518638007955774
678,833,1511,0.12521722749067557
674,830,1504,0.12523886505294088
665,834,1499,0.12527019040288978
665,829,1494,0.1253234749204006
662,841,1503,0.12537374779971358
662,854,1516,0.12542909953465148
667,850,1517,0.12548052164855006
663,850,1513,0.12551436782584668
662,855,1517,0.12555471708988605
656,850,1506,0.1255950516155159
663,855,1518,0.12564618442697384
653,851,1504,0.12567512029704025
651,847,1498,0.12572787524849766
645,853,1498,0.12578307093121854
638,862,1500,0.12585081543746968
648,866,1514,0.12593068174019495
650,858,1508,0.12597847499718362
648,855,1503,0.12601843655114667
651,856,1507,0.1260624058000758
647,853,1500,0.1260955850572344
645,860,1505,0.12613609601305936
648,869,1517,0.12617979792197212
650,861,1511,0.12621304892713536
649,865,1514,0.12623998659996058
647,867,1514,0.1262677221811808
639,878,1517,0.12629809967820707
639,883,1522,0.12634813918758658
631,892,1523,0.12639576693702012
621,889,1510,0.1264603552347291
625,877,1502,0.12654476613540544
631,870,1501,0.12661417077833265
628,867,1495,0.12666387502447946
636,868,1504,0.12671800758397356
637,871,1508,0.12674365866465326
644,861,1505,0.12676536792071694
631,861,1492,0.1267689422214729
627,867,1494,0.1268073344838547
618,866,1484,0.12685502510395508
618,869,1487,0.1269206134969458
630,870,1500,0.12698162971197338
632,874,1506,0.1270055516368473
634,878,1512,0.12702346297916176
634,878,1512,0.12703545848954337
636,866,1502,0.12704809855143762
626,868,1494,0.1270552734246859
617,880,1497,0.12708697314186804
618,883,1501,0.12713766301465687
616,879,1495,0.12718260013691687
615,883,1498,0.1272295316879218
623,891,1514,0.12727534072405622
625,886,1511,0.1272964025104101
632,877,1509,0.1273126660484946
625,878,1503,0.1273105439184428
623,878,1501,0.1273266447208217
622,881,1503,0.12734760963814304
624,892,1516,0.1273696559743756
619,888,1507,0.12738526423480995
617,886,1503,0.12741425418593685
612,897,1509,0.12744758516198013
610,884,1494,0.12749002204927254
615,898,1513,0.12753604282015304
612,895,1507,0.12756505025237008
603,900,1503,0.12760177697945005
603,908,1511,0.1276582705029388
602,918,1520,0.12771048958101827
601,921,1522,0.1277614686699031
602,917,1519,0.127811552096001
599,920,1519,0.12785670141303104
597,913,1510,0.12790768319196108
594,918,1512,0.12795917714087968
594,919,1513,0.12801881433067508
595,924,1519,0.12807620326282756
594,918,1512,0.1281264575827801
592,909,1501,0.12817529219926105
589,903,1492,0.128226596432581
590,905,1495,0.12827983079795185
586,909,1495,0.12832807021963774
581,915,1496,0.12838207428611573
584,922,1506,0.12844429462813467
577,921,1498,0.12849523065505428
579,922,1501,0.1285613005673173
578,918,1496,0.12861848036963675
580,920,1500,0.12867526703660376
582,920,1502,0.12872184802974776
576,912,1488,0.1287585429920644
580,913,1493,0.12880766829193174
587,931,1518,0.1288420847782591
582,932,1514,0.12885576216438185
583,925,1508,0.1288817118332766
585,923,1508,0.1289037429066536
578,926,1504,0.12891763168012185
578,926,1504,0.12894942260886377
580,914,1494,0.12898142861058967
575,926,1501,0.12900596844095216
569,924,1493,0.12904383761660582
576,934,1510,0.129095370755477
572,929,1501,0.12912271616326507
570,934,1504,0.12915862601989364
563,938,1501,0.12919526355493505
559,934,1493,0.1292480042205146
556,943,1499,0.12930682267761923
561,948,1509,0.12936827724983138
556,953,1509,0.1294141451219464
561,944,1505,0.12947103006877955
565,938,1503,0.12951236877245553
560,948,1508,0.12954158269587918
547,949,1496,0.1295815948276793
546,947,1493,0.12965218837918385
544,960,1504,0.12972087772922208
546,958,1504,0.12978957324516038
545,956,1501,0.12984681679738028
541,964,1505,0.1299038298181397
541,962,1503,0.1299667044265815
552,970,1522,0.130024543638025
554,956,1510,0.1300504492388569
550,957,1507,0.13006954372852422
549,953,1502,0.13009654942059862
546,961,1507,0.13012257959280904
546,957,1503,0.13015468891208895
544,953,1497,0.13018508691830494
540,953,1493,0.13021972878920782
547,962,1509,0.13026209388386017
550,965,1515,0.13028529475934633
549,978,1527,0.13030070977897423
546,960,1506,0.13031755210000145
545,952,1497,0.13034025440420666
547,966,1513,0.13036496638761338
539,963,1502,0.1303832062591769
535,971,1506,0.13042120482855143
527,966,1493,0.13046807367008006
539,955,1494,0.13053326283004363
537,956,1493,0.13056119070702307
540,965,1505,0.13059152691293602
532,975,1507,0.13061175231642316
529,983,1512,0.13065340250003882
526,985,1511,0.13070041302992094
525,993,1518,0.1307504322143413
512,991,1503,0.13079946565148048
515,977,1492,0.13087735513993992
511,985,1496,0.13094238702760438
514,993,1507,0.1310163678523716
520,996,1516,0.13107885508563152
518,996,1514,0.13112272411769355
514,1003,1517,0.13116831737322474
515,1001,1516,0.1312210543119338
513,1001,1514,0.13126761656982952
516,995,1511,0.13131439468073663
523,1003,1526,0.131350043400823
524,1003,1527,0.1313656971430107
517,1000,1517,0.13137751638152953
505,1001,1506,0.13140607502413734
505,1003,1508,0.1314655998273799
504,1007,1511,0.1315210499023497
501,1014,1515,0.13157567527410147
503,1013,1516,0.1316338697657916
500,1011,1511,0.13168277167706052
498,1010,1508,0.131737141903594
503,1000,1503,0.1317917513191659
498,1011,1509,0.13182939953710504
499,997,1496,0.13187875166434082
504,998,1502,0.1319217242476281
494,1004,1498,0.13194837586657948
502,997,1499,0.13199893696984574
506,987,1493,0.1320249742265307
504,990,1494,0.13203860327040892
508,991,1499,0.1320561106153174
507,1005,1512,0.13206403760489366
511,995,1506,0.1320713496167701
510,1004,1514,0.13206848795616818
507,1008,1515,0.13206970026346831
497,1009,1506,0.13207718033135077
503,1013,1516,0.1321097403023084
512,1010,1522,0.1321242928248953
515,1004,1519,0.1321140868628793
507,1014,1521,0.13209861109128196
503,1011,1514,0.13210570480343609
505,1014,1519,0.13212164337405663
500,1001,1501,0.13213158555641327
494,1001,1495,0.13215348249370773
498,1003,1501,0.13219004100021534
501,1015,1516,0.13221434886926736
500,1015,1515,0.13222942474284277
495,1011,1506,0.13224507968348653
491,1016,1507,0.132272423044338
491,1025,1516,0.13230841294303247
499,1023,1522,0.13234284628547527
502,1023,1525,0.13235534514379177
499,1021,1520,0.13235874846852597
495,1017,1512,0.13237168812651046
494,1011,1505,0.13239350869461822
501,1013,1514,0.1324167938910531
504,1020,1524,0.13242165533770975
489,1028,1517,0.13241872597527155
489,1016,1505,0.13245499451451237
482,1025,1507,0.1324883025261986
494,1035,1529,0.132537024855802
490,1033,1523,0.13255273823606256
492,1022,1514,0.13257769268762945
494,1026,1520,0.1325933279939575
501,1013,1514,0.1326024746208865
496,1008,1504,0.13259384489786544
480,1015,1495,0.13259871098768666
481,1031,1512,0.13264483219644102
473,1028,1501,0.13268670745273803
470,1039,1509,0.1327458910164514
466,1030,1496,0.13280884719540115
463,1027,1490,0.13287753147342038
463,1024,1487,0.13294926853572633
474,1014,1488,0.13301850260792566
480,1028,1508,0.13305466387165776
476,1024,1500,0.13307133392781922
486,1032,1518,0.1330976195229118
482,1026,1508,0.1330966367127278
487,1026,1513,0.13310581968988905
488,1026,1514,0.1331020945060565
482,1027,1509,0.13309716583325346
478,1040,1518,0.1331083706259173
476,1038,1514,0.13312952672643547
477,1038,1515,0.13315598087264896
473,1038,1511,0.13317840446562684
473,1052,1525,0.1332099488090882
479,1051,1530,0.13323887577990695
477,1040,1517,0.13325104527929224
473,1040,1513,0.1332683266308609
477,1042,1519,0.13329473616757198
471,1040,1511,0.13330825812475988
458,1045,1503,0.13333681760560606
459,1052,1511,0.13339795597740728
455,1051,1506,0.13345280403430515
460,1047,1507,0.13351528718226638
448,1050,1498,0.1335591352239215
449,1055,1504,0.13362937489776683
451,1063,1514,0.13369284935606307
463,1063,1526,0.13374581512348546
463,1063,1526,0.13376505125466986
452,1063,1515,0.13378174080335925
460,1061,1521,0.13382847041555132
458,1058,1516,0.13385184577176648
464,1059,1523,0.13387931279357998
464,1064,1528,0.13388872870745774
458,1069,1527,0.13389899361283394
453,1075,1528,0.13392278846189393
461,1065,1526,0.13395752078593315
457,1070,1527,0.1339700000277924
446,1066,1512,0.1339938004319231
447,1062,1509,0.13404370967868476
444,1072,1516,0.13408913989249213
441,1072,1513,0.13413947871993323
444,1071,1515,0.13419266891171736
435,1067,1502,0.13423482745465887
425,1071,1496,0.1342991699810402
421,1075,1496,0.13438592979804692
422,1086,1508,0.13447768383191006
421,1085,1506,0.1345610286614851
425,1092,1517,0.13464168982178001
420,1090,1510,0.13470406738404794
425,1085,1510,0.13477411630671907
428,1083,1511,0.13482670900104898
429,1101,1530,0.13486785424713882
425,1099,1524,0.13490467445167062
411,1109,1520,0.13494925504954391
413,1095,1508,0.13502818603991765
411,1091,1502,0.13509757998337157
408,1100,1508,0.13516916874885648
396,1100,1496,0.13524451829298728
391,1114,1505,0.1353452365433032
389,1113,1502,0.1354514198087812
391,1119,1510,0.1355558900024973
391,1121,1512,0.13564816269307423
401,1113,1514,0.13573437323734716
396,1119,1515,0.13578877997056094
394,1108,1502,0.1358545060578936
397,1118,1515,0.1359204216717275
395,1121,1516,0.13597432015629848
385,1123,1508,0.13603076961013044
387,1127,1514,0.136108963281781
399,1131,1530,0.13617844740687055
404,1126,1530,0.1362124249221384
397,1119,1516,0.13623130924850022
402,1112,1514,0.13626806094827734
404,1101,1505,0.13628772918198082
405,1108,1513,0.1363010279846905
410,1107,1517,0.13631085425240969
407,1114,1521,0.13630794908468938
408,1113,1521,0.1363125158996478
403,1124,1527,0.13631491107774224
400,1126,1526,0.1363311008187623
398,1115,1513,0.1363532244052089
395,1124,1519,0.13637835968747314
396,1118,1514,0.13641004410968238
402,1110,1512,0.136436429731233
404,1113,1517,0.1364428429185697
405,1114,1519,0.1364436079267569
401,1116,1517,0.13644106477737056
396,1118,1514,0.13644899653906278
396,1111,1507,0.13646842484319496
400,1115,1515,0.1364870044682153
404,1110,1514,0.13649426599466555
404,1108,1512,0.1364896368867873
399,1111,1510,0.13648517764417026
404,1108,1512,0.13649457019234285
399,1108,1507,0.1364894099258872
390,1110,1500,0.13649791354342664
387,1114,1501,0.13652892937245525
388,1111,1499,0.13656650865351255
391,1120,1511,0.1365987739026542
395,1127,1522,0.13662245107922083
397,1121,1518,0.1366340863865033
395,1124,1519,0.13663912195007202
389,1112,1501,0.136648013429952
393,1102,1495,0.13667246373851075
396,1110,1506,0.13668531648706203
405,1118,1523,0.13668936944091623
406,1125,1531,0.13666943155085087
401,1115,1516,0.13664864363558377
398,1122,1520,0.13664254754607127
398,1111,1509,0.13664469211203015
393,1118,1511,0.13664637906627353
398,1122,1520,0.13666151706239663
394,1130,1524,0.1366627978320213
402,1127,1529,0.13667540193859598
404,1122,1526,0.1366664671775219
403,1127,1530,0.13665298626366895
403,1132,1535,0.1366454286505051
393,1128,1521,0.13663788078789224
395,1134,1529,0.13665709126928213
392,1128,1520,0.13666986656005617
384,1137,1521,0.1366896303166017
383,1129,1512,0.13672776249530405
386,1126,1512,0.13676599462811478
380,1117,1497,0.13679530626297257
380,1125,1505,0.13683865965155512
386,1117,1503,0.13687876788824385
382,1117,1499,0.13690167880763748
381,1122,1503,0.13693426453118956
384,1134,1518,0.1369686891538161
380,1148,1528,0.13699443147458562
380,1137,1517,0.1370291174077799
384,1129,1513,0.13706124224715346
385,1126,1511,0.1370818396599966
378,1131,1509,0.13709927464797084
383,1137,1520,0.13713414595373874
376,1143,1519,0.1371525631422584
378,1136,1514,0.1371878485719381
372,1135,1507,0.13721648790700883
371,1135,1506,0.1372587316167965
375,1138,1513,0.13730050002941116
381,1143,1524,0.13732825361975828
385,1147,1532,0.13733989807720792
382,1142,1524,0.13734044874428838
371,1138,1509,0.13734804031524617
368,1139,1507,0.1373845771017955
374,1140,1514,0.13742431908399275
378,1137,1515,0.13744770502194978
376,1133,1509,0.13745954553128914
372,1144,1516,0.13747700770909937
364,1141,1505,0.1375034361519582
373,1127,1500,0.13754873024219877
367,1115,1482,0.13756763908234304
356,1121,1477,0.13760261788340608
360,1127,1487,0.13766395322438094
361,1132,1493,0.1377119121521612
360,1150,1510,0.1377554608619757
362,1155,1517,0.13779899152515793
361,1157,1518,0.13783533848493007
365,1161,1526,0.13787249839173005
365,1156,1521,0.13789522599190376
361,1159,1520,0.1379165719284979
357,1149,1506,0.13794787298799738
355,1152,1507,0.137985869973282
356,1155,1511,0.13802785186805494
357,1152,1509,0.13806365155265593
349,1144,1493,0.13809344834056037
350,1154,1504,0.13814231498645668
358,1142,1500,0.13818578966354197
356,1135,1491,0.1382029456795049
355,1148,1503,0.13822338280525656
353,1156,1509,0.13824699484501898
359,1145,1504,0.13827599458803735
352,1150,1502,0.13828736057833316
350,1156,1506,0.13831563810304226
354,1162,1516,0.13834708341128907
356,1165,1521,0.13836596642143514
343,1164,1507,0.1383777369986516
340,1174,1514,0.13842294375036268
344,1163,1507,0.13847323419631918
339,1158,1497,0.13850906219480938
335,1159,1494,0.13855527484824445
336,1168,1504,0.13860811193258996
336,1172,1508,0.13865485110201642
336,1161,1497,0.138700875757766
340,1167,1507,0.13874484755140146
341,1161,1502,0.13877551786383654
336,1165,1501,0.1388009673597771
331,1176,1507,0.13883740373508918
334,1173,1507,0.1388821664365247
336,1174,1510,0.13891614528251495
335,1182,1517,0.1389424360570085
334,1184,1518,0.13896948372818252
335,1180,1515,0.13899822027765124
337,1165,1502,0.13902221663617334
329,1172,1501,0.13903855191642858
336,1177,1513,0.139073162828646
340,1166,1506,0.1390875524062649
338,1166,1504,0.13909012864756817
340,1173,1513,0.13909824445891922
338,1175,1513,0.13910221550008087
340,1177,1517,0.13911180600156958
340,1183,1523,0.1391144425289339
337,1180,1517,0.13911605149737166
331,1180,1511,0.13912650725180573
319,1182,1501,0.1391514064841204
321,1180,1501,0.13920664610323485
327,1182,1509,0.1392531732046541
330,1188,1518,0.13928016855046757
324,1188,1512,0.13929816037452855
323,1183,1506,0.1393315834440503
331,1187,1518,0.13936555800691697
329,1193,1522,0.13937544602746094
334,1196,1530,0.1393912850401696
332,1175,1507,0.13939275460070102
326,1175,1501,0.13939730321162597
322,1170,1492,0.13941525670471752
319,1174,1493,0.13944337056211556
321,1177,1498,0.13947728837275658
322,1176,1498,0.13950430916173415
325,1179,1504,0.13952729180633588
327,1182,1509,0.13954139489143372
329,1185,1514,0.139549849738933
329,1180,1509,0.13955264292311206
329,1192,1521,0.13955441233551152
327,1189,1516,0.13955640070297184
322,1194,1516,0.13956457549783496
315,1197,1512,0.13958648579971936
315,1200,1515,0.13962593906056964
317,1189,1506,0.13966236231856066
316,1194,1510,0.13969188179804123
322,1196,1518,0.13972228870886044
318,1187,1505,0.13973592024694437
321,1195,1516,0.13976005616542975
322,1185,1507,0.13977462823069275
316,1195,1511,0.1397859113882271
321,1189,1510,0.13981103007250958
317,1196,1513,0.13982107244857922
311,1205,1516,0.13984278462501126
302,1203,1505,0.13987914905810356
310,1199,1509,0.139936877200117
314,1195,1509,0.1399696214970531
312,1195,1507,0.1399902214029419
310,1212,1522,0.14001459058837207
311,1222,1533,0.14004193174109272
307,1216,1523,0.14006488953138985
302,1216,1518,0.14009730157139264
302,1210,1512,0.14014093383095128
307,1204,1511,0.14018227276549125
309,1201,1510,0.14020756258302455
309,1201,1510,0.14022533975157495
311,1214,1525,0.14024141668459275
314,1204,1518,0.14025020059602636
308,1202,1510,0.14024853203109458
311,1211,1522,0.14026234554548314
316,1211,1527,0.140267206149037
307,1208,1515,0.14025892592443676
306,1199,1505,0.14027579301451365
309,1199,1508,0.140293507880126
309,1197,1506,0.14030208429104973
308,1197,1505,0.14031083447728743
309,1197,1506,0.14032164406979594
307,1197,1504,0.1403290751901107
307,1211,1518,0.14034275077747338
299,1221,1520,0.14035548360099262
298,1220,1518,0.14038811142452517
299,1214,1513,0.14042199542876965
301,1216,1517,0.1404515926703257
301,1209,1510,0.1404734351919049
303,1223,1526,0.14049310366045029
303,1217,1520,0.14050639486480418
300,1209,1509,0.14051923284594203
298,1204,1502,0.1405390500501044
300,1197,1497,0.14056288241451875
299,1204,1503,0.14057901970512657
299,1221,1520,0.14059646903780765
296,1215,1511,0.14061308209294207
298,1214,1512,0.1406366776232473
291,1219,1510,0.14065196568070104
290,1230,1520,0.14068456924463932
292,1225,1517,0.14071754513732
291,1229,1520,0.1407432466335642
289,1218,1507,0.1407696273363596
289,1222,1511,0.14080055412778558
279,1226,1505,0.14083052959408385
280,1223,1503,0.1408850474818567
283,1216,1499,0.14093249957601026
285,1230,1515,0.14096813911290437
285,1230,1515,0.14099652623966002
288,1229,1517,0.1410221909634164
291,1216,1507,0.14103796135448088
288,1210,1498,0.1410460832971265
279,1222,1501,0.1410626696775262
273,1221,1494,0.14110132007689064
268,1231,1499,0.141153875770521
264,1235,1499,0.14121612519453047
257,1236,1493,0.14128514068628706
262,1239,1501,0.14136769918617045
257,1247,1504,0.14143118928774442
260,1245,1505,0.1415037049876374
264,1250,1514,0.1415631310688903
268,1254,1522,0.14160854687441993
265,1244,1509,0.14164128698026335
265,1247,1512,0.1416799635452659
256,1267,1523,0.14171519442982006
259,1250,1509,0.14177378732103638
256,1251,1507,0.14182049069313923
253,1266,1519,0.1418718024051508
250,1261,1511,0.14192799441522336
253,1257,1510,0.141989089150271
250,1261,1511,0.14203844506566166
246,1265,1511,0.1420922904295295
240,1266,1506,0.14215225468172163
238,1266,1504,0.1422242468424823
245,1272,1517,0.14229691120406113
244,1272,1516,0.1423442842121391
246,1273,1519,0.14239176063266487
244,1279,1523,0.14243006406343345
239,1283,1522,0.1424710886958193
242,1283,1525,0.14252317824109256
235,1283,1518,0.1425626316528433
233,1272,1505,0.14261966943760762
234,1261,1495,0.14267884205118544
233,1274,1507,0.14273152186823176
226,1285,1511,0.14278314767097933
221,1280,1501,0.14284957697766695
219,1290,1509,0.1429242673787187
220,1286,1506,0.14299925423099555
221,1289,1510,0.14306613344086835
218,1299,1517,0.14312604746054824
223,1304,1527,0.14319112397702494
220,1292,1512,0.1432385383482789
221,1288,1509,0.14329230335909166
222,1285,1507,0.1433394339445041
227,1282,1509,0.14338021861326855
230,1295,1525,0.14340470032031466
227,1283,1510,0.1434191705927478
225,1278,1503,0.1434410936980382
232,1276,1508,0.1434662428451107
230,1273,1503,0.1434707254196588
229,1285,1514,0.14348005831763339
226,1290,1516,0.14349223221443846
226,1287,1513,0.1435127363965431
227,1295,1522,0.14353182445043744
231,1282,1513,0.1435477075646022
222,1280,1502,0.14355204785479037
225,1296,1521,0.14358038578606078
222,1303,1525,0.1435983888897912
219,1305,1524,0.14362425915967114
214,1304,1518,0.1436565281488302
214,1306,1520,0.14370075481757003
219,1311,1530,0.14374163784429783
222,1306,1528,0.14376594931270095
220,1291,1511,0.143780824110132
218,1299,1517,0.14379985745893825
214,1309,1523,0.14382354572115738
210,1313,1523,0.1438563152474606
209,1316,1525,0.14389863120244498
209,1320,1529,0.14394054380613214
215,1313,1528,0.14397876267830867
208,1318,1526,0.143997724601471
208,1318,1526,0.14403499054712746
206,1315,1521,0.14407029451390332
207,1310,1517,0.14410921690881992
205,1313,1518,0.14414238950471897
206,1307,1513,0.14417827273592598
206,1317,1523,0.14420928001408295
210,1308,1518,0.1442380570471414
214,1304,1518,0.144254443968331
209,1302,1511,0.14425932838607708
208,1302,1510,0.14427740586412918
211,1301,1512,0.1442966461135029
208,1306,1514,0.14430712133581722
207,1311,1518,0.14432453885238508
203,1302,1505,0.14434323506300964
203,1309,1512,0.14437151919346594
209,1299,1508,0.14439812590613157
208,1304,1512,0.14440756029688898
206,1300,1506,0.14442037135709535
204,1309,1513,0.14443812097946854
206,1313,1519,0.14446046167162593
207,1308,1515,0.1444746115333215
206,1304,1510,0.14448547398280043
200,1312,1512,0.14449940781889992
201,1314,1515,0.14452918226501535
202,1301,1503,0.14455384972060525
207,1297,1504,0.14457396631013128
199,1302,1501,0.14457900679338043
201,1308,1509,0.14460567505705854
197,1316,1513,0.14462480819049628
196,1317,1513,0.1446541263171011
198,1315,1513,0.14468382211327635
199,1312,1511,0.14470455065320958
196,1309,1505,0.1447215713432669
194,1301,1495,0.14474571383689436
199,1299,1498,0.1447741934115257
199,1312,1511,0.14478718001935667
196,1309,1505,0.14479922678116935
196,1306,1502,0.14481866956004746
198,1306,1504,0.1448366391940376
200,1316,1516,0.14484880745856665
196,1318,1514,0.14485543342123497
192,1318,1510,0.14487113966474585
187,1324,1511,0.14489731463129005
185,1322,1507,0.1449355202974537
190,1309,1499,0.14497792389241984
179,1324,1503,0.1450032902126
176,1323,1499,0.1450571953518059
177,1335,1512,0.14511539920391173
175,1343,1518,0.14516637862073636
181,1341,1522,0.14521838346677834
187,1329,1516,0.14525090599946877
185,1328,1513,0.14526489988053426
189,1342,1531,0.14528339692826422
189,1343,1532,0.1452894863976948
187,1334,1521,0.14529555267361235
190,1329,1519,0.14530671582703936
185,1342,1527,0.14530858321887194
184,1352,1536,0.1453246220203198
185,1353,1538,0.1453420330177196
183,1347,1530,0.14535643184834238
180,1356,1536,0.14537563985645188
180,1342,1522,0.14540179027333863
174,1347,1521,0.1454252053983672
173,1351,1524,0.14546340957262852
174,1334,1508,0.14550106383859784
175,1333,1508,0.14553262170657447
168,1349,1517,0.14555920089827204
168,1349,1517,0.14560323715630055
161,1343,1504,0.14564494800229805
158,1345,1503,0.14570357431237088
160,1358,1518,0.1457665905169171
154,1348,1502,0.14582025996607742
153,1345,1498,0.14588747805434238
155,1352,1507,0.14595284832004085
160,1358,1518,0.14600805089467922
160,1360,1520,0.14604543350519827
158,1361,1519,0.1460807217478878
162,1369,1531,0.1461187841340186
164,1360,1524,0.14614332167394614
166,1359,1525,0.14616085617152
166,1351,1517,0.14617150025735132
167,1356,1523,0.1461822539357508
165,1352,1517,0.1461893847666609
165,1338,1503,0.14620232763585453
166,1351,1517,0.14621524576796593
162,1347,1509,0.14622469683011874
166,1353,1519,0.14624404181388073
163,1343,1506,0.1462508086029107
164,1354,1518,0.1462648885248565
163,1351,1514,0.14627437745284838
161,1355,1516,0.14628617641070427
155,1352,1507,0.14630370564631906
156,1357,1513,0.1463371349187157
159,1354,1513,0.1463652277412592
159,1352,1511,0.14638338816915542
157,1350,1507,0.14639979693574226
153,1348,1501,0.14642090548445472
153,1359,1512,0.14645211870065394
149,1356,1505,0.1464813238547135
146,1365,1511,0.14651942017858166
147,1358,1505,0.14656319691539577
145,1359,1504,0.14660151648531175
148,1369,1517,0.14664228269021673
152,1359,1511,0.14667227479546285
148,1366,1514,0.1466891628143021
147,1359,1506,0.14671577705905917
150,1366,1516,0.14674351496014038
150,1374,1524,0.1467609377880612
150,1370,1520,0.1467770422676533
152,1374,1526,0.14679129966281815
152,1375,1527,0.14679924904785657
153,1368,1521,0.14680668874229436
148,1376,1524,0.14681017289373344
146,1366,1512,0.14682720290811394
149,1362,1511,0.14684855264719146
150,1379,1529,0.146860430748463
150,1370,1520,0.1468687313285318
155,1367,1522,0.1468765366176974
155,1361,1516,0.1468696201106342
155,1358,1513,0.14686338555142034
155,1357,1512,0.14685806992230446
159,1351,1510,0.14685310306855448
152,1358,1510,0.14683756303445783
152,1349,1501,0.14684323641299094
148,1368,1516,0.1468489448653427
145,1357,1502,0.14686552137609632
147,1356,1503,0.14688961704657935
147,1358,1505,0.14690589914555052
149,1360,1509,0.14692093507767415
155,1367,1522,0.1469301093758059
152,1371,1523,0.1469220319930847
150,1364,1514,0.14692398587537464
146,1369,1515,0.1469309278933972
144,1366,1510,0.14694874101778324
144,1363,1507,0.14697086095520057
146,1356,1502,0.14699137126217104
141,1352,1493,0.1470059540924706
139,1360,1499,0.14703336508601075
141,1365,1506,0.14706477717788222
139,1372,1511,0.14708784239000672
140,1375,1515,0.14711514918118707
141,1383,1524,0.14713767437822084
138,1376,1514,0.14715612968117228
137,1393,1530,0.14718217811989667
133,1375,1508,0.14720956758238862
132,1378,1510,0.14724618874879966
130,1389,1519,0.1472830602347407
129,1379,1508,0.14732285940828682
134,1389,1523,0.14736246331581182
136,1392,1528,0.1473853283093565
133,1394,1527,0.1474013308739334
131,1375,1506,0.14742453152413026
133,1376,1509,0.14745245218968678
132,1380,1512,0.1474728078471316
132,1380,1512,0.14749467544518302
134,1377,1511,0.1475153517753167
131,1389,1520,0.14752880713121036
135,1380,1515,0.14754999332230426
134,1392,1526,0.14755867889312937
132,1379,1511,0.1475697620093095
135,1379,1514,0.14758594059014687
132,1380,1512,0.14759219230897574
130,1374,1504,0.14760760344896778
131,1378,1509,0.14762713953677312
132,1403,1535,0.14764188897628636
129,1414,1543,0.14765287735429777
127,1409,1536,0.1476720087696715
126,1400,1526,0.1476963412454593
124,1401,1525,0.14772185061621587
116,1404,1520,0.1477519052946046
115,1396,1511,0.14780237683683045
120,1412,1532,0.147852841816414
119,1416,1535,0.14788548245594027
118,1396,1514,0.1479188534979001
118,1390,1508,0.14795251810268512
117,1399,1516,0.147983910056023
114,1398,1512,0.1480158970584176
115,1387,1502,0.1480541956726614
112,1406,1518,0.148086985120981
110,1404,1514,0.1481267973283159
111,1407,1518,0.14816999161098784
110,1406,1516,0.14820742032720144
113,1404,1517,0.14824501793085965
114,1405,1519,0.14827166201560996
115,1401,1516,0.1482936011310614
114,1422,1536,0.14831106649590922
112,1412,1524,0.14833021470252158
109,1398,1507,0.14835450803632225
112,1406,1518,0.14838629626898434
111,1406,1517,0.14840703323588755
113,1401,1514,0.1484293978356073
114,1405,1519,0.1484443442132586
112,1409,1521,0.14845585666561337
115,1407,1522,0.14847238064639118
112,1403,1515,0.1484788506429317
114,1394,1508,0.1484942866265885
112,1404,1516,0.14850297333714924
113,1405,1518,0.14851703527075477
110,1410,1520,0.1485273207717039
110,1407,1517,0.14854597694820232
112,1409,1521,0.14856313944820138
112,1404,1516,0.1485736670027758
114,1398,1512,0.14858342016959408
117,1402,1519,0.14858672346397056
117,1402,1519,0.14858055511524293
120,1391,1511,0.14857485353084157
117,1389,1506,0.1485607203891395
114,1390,1504,0.1485559484579376
112,1399,1511,0.1485599060869627
112,1410,1522,0.14856879618894442
110,1397,1507,0.14857690830098613
107,1401,1508,0.1485902631303251
104,1406,1510,0.1486113375744935
105,1422,1527,0.14863943951208547
105,1413,1518,0.14866265899619854
107,1413,1520,0.1486845004882162
105,1421,1526,0.1486986278560586
102,1423,1525,0.148717877090924
104,1415,1519,0.148744715292599
103,1401,1504,0.14876403470516428
105,1407,1512,0.14878509347367652
104,1414,1518,0.1487987934585633
106,1401,1507,0.14881439891868836
101,1395,1496,0.1488229378598523
100,1388,1488,0.1488455840209549
106,1393,1499,0.14886946246981841
109,1408,1517,0.14887426134456228
111,1411,1522,0.14886980178943288
107,1404,1511,0.1488600458917744
107,1396,1503,0.14886260801684006
109,1401,1510,0.148864447522742
108,1418,1526,0.14886030104707448
109,1414,1523,0.14885933725475176
108,1417,1525,0.148855175084741
109,1421,1530,0.14885377611633227
109,1429,1538,0.14884921957814676
106,1420,1526,0.1488451843073688
107,1410,1517,0.1488503379120495
109,1415,1524,0.14885237800534273
109,1407,1516,0.14884869024554073
105,1406,1511,0.14884548092992475
105,1409,1514,0.14885380723405373
102,1400,1502,0.14886112537810342
104,1402,1506,0.14887652087170014
103,1419,1522,0.14888480847828003
105,1425,1530,0.14889568522512311
102,1417,1519,0.14889988460639436
103,1408,1511,0.148912800228905
104,1402,1506,0.14892182000970083
104,1401,1505,0.14892748312329776
102,1410,1512,0.1489322633659106
102,1414,1516,0.14894243677643276
100,1407,1507,0.1489520161007377
98,1405,1503,0.14896685592932346
96,1400,1496,0.1489870822445397
100,1420,1520,0.14901162270235574
100,1434,1534,0.14902254386401345
99,1421,1520,0.14903286622698175
94,1421,1515,0.1490456571273043
97,1419,1516,0.14907255061527766
96,1416,1512,0.1490891532327647
96,1420,1516,0.14910768047871556
97,1424,1521,0.1491248990170744
100,1419,1519,0.1491385686700772
98,1414,1512,0.14914241469990522
98,1417,1515,0.14915219425497386
99,1417,1516,0.14916125545953116
98,1418,1516,0.1491667438493494
98,1418,1516,0.1491745870915109
98,1417,1515,0.14918199755965897
101,1406,1507,0.14918888593123494
101,1425,1526,0.14918689884152242
100,1424,1524,0.14918491457401045
99,1428,1527,0.14918613004153225
99,1433,1532,0.1491901302141438
95,1424,1519,0.14919387367292247
95,1427,1522,0.1492092010647084
93,1418,1511,0.1492236753081443
94,1416,1510,0.14924305391278475
95,1417,1512,0.14925796401456348
98,1428,1526,0.14926881302971107
99,1421,1520,0.14926994082229503
96,1420,1516,0.14926809977523148
98,1410,1508,0.14927519521803428
99,1421,1520,0.14927600943427805
99,1422,1521,0.14927401070073867
101,1417,1518,0.14927214993974672
101,1417,1518,0.14926453743491272
101,1413,1514,0.14925739317921954
99,1421,1520,0.14925052836426378
100,1424,1524,0.14924975612584568
103,1426,1529,0.14924592202211806
106,1426,1532,0.14923370737007588
105,1421,1526,0.14921367627875226
102,1418,1520,0.1491981487498914
99,1419,1518,0.14919267300189396
100,1419,1519,0.14919639813256413
98,1418,1516,0.14919660776849497
98,1422,1520,0.1492023598505855
97,1425,1522,0.14920804965144208
97,1424,1521,0.14921676059172753
97,1427,1524,0.1492249432682783
96,1420,1516,0.14923263892085004
94,1411,1505,0.14924271252319352
94,1416,1510,0.1492581327979581
93,1422,1515,0.14927232100159482
93,1415,1508,0.14928867543892171
95,1416,1511,0.14930355947918092
92,1417,1509,0.14931136296502154
93,1421,1514,0.14932757183351827
92,1433,1525,0.14933954736709765
92,1430,1522,0.14935349301505516
91,1432,1523,0.14936651583146932
90,1439,1529,0.14938116791966127
90,1435,1525,0.14939757721724484
88,1437,1525,0.14941303778644266
84,1423,1507,0.14943350190435822
83,1411,1494,0.14946413155860142
81,1431,1512,0.14949628051500638
78,1422,1500,0.149532529822389
74,1432,1506,0.14957589483550723
74,1437,1511,0.14962840933222407
76,1430,1506,0.14967749873973818
74,1437,1511,0.1497175656983562
74,1435,1509,0.14976100330866887
74,1446,1520,0.14980174346315628
74,1442,1516,0.149840163966919
73,1438,1511,0.14987633406327272
72,1437,1509,0.14991318060174105
72,1441,1513,0.1499504643421982
73,1440,1513,0.14998537828456165
72,1446,1518,0.150015169565749
74,1438,1512,0.1500459784056235
72,1435,1507,0.15006899089778983
68,1445,1513,0.150096547982997
69,1445,1514,0.1501342769603206
68,1443,1511,0.15016668693595528
67,1447,1514,0.15020016213886767
65,1444,1509,0.15023420535331172
68,1444,1512,0.15027181117224975
71,1449,1520,0.1502982055932733
72,1447,1519,0.15031412144861858
71,1454,1525,0.15032620568684124
71,1456,1527,0.15034072623828365
71,1471,1542,0.1503542507176767
70,1471,1541,0.1503664898808219
68,1454,1522,0.15038090910882942
66,1460,1526,0.1504004624595114
66,1442,1508,0.15042489142053214
66,1461,1527,0.15044755989057873
69,1458,1527,0.1504688554915244
68,1455,1523,0.15047961877526767
70,1467,1537,0.15049269131531898
70,1462,1532,0.1504990949105382
68,1463,1531,0.15050517395101592
68,1453,1521,0.15051694175876557
68,1441,1509,0.15052794828558677
65,1443,1508,0.15053819059078224
60,1444,1504,0.15055713732467477
63,1451,1514,0.15058990439022632
65,1449,1514,0.15061155608901752
64,1448,1512,0.15062590510891385
65,1452,1517,0.15064246927898814
63,1451,1514,0.15065500895016048
65,1453,1518,0.1506728190085381
66,1456,1522,0.15068317077914972
67,1458,1525,0.15068990850683903
67,1452,1519,0.15069331505220243
67,1461,1528,0.1506965324638214
62,1466,1528,0.15069942051600713
65,1452,1517,0.1507174400297317
63,1451,1514,0.15072504380871812
60,1451,1511,0.1507383800645337
62,1448,1510,0.1507596817652882
60,1437,1497,0.15077343895827125
58,1448,1506,0.15079241983837366
60,1451,1511,0.15081615036155438
60,1456,1516,0.15083223636417284
60,1458,1518,0.15084750388617457
57,1464,1521,0.15086192438634274
59,1463,1522,0.15088490867812365
56,1452,1508,0.1509004147707854
57,1441,1498,0.1509239192835268
53,1452,1505,0.15094289220891244
54,1467,1521,0.1509728971041863
54,1461,1515,0.15099789620189166
54,1455,1509,0.151021382740368
54,1463,1517,0.15104341425890022
56,1473,1529,0.15106400402334116
56,1473,1529,0.15107727850324776
55,1467,1522,0.15108980841586014
57,1468,1525,0.15110498241759607
57,1470,1527,0.1511132110820314
56,1459,1515,0.15112096999355923
57,1459,1516,0.1511312135133369
59,1447,1506,0.15113781937720985
59,1448,1507,0.15113787591016062
56,1453,1509,0.15113789172161826
59,1461,1520,0.1511470842031609
61,1473,1534,0.1511466919316667
60,1470,1530,0.1511405232080749
61,1467,1528,0.1511378038730345
62,1476,1538,0.15113233035666063
63,1473,1536,0.15112433439780834
61,1463,1524,0.15111390436621647
62,1450,1512,0.15111019665553857
64,1451,1515,0.1511037313233175
62,1455,1517,0.15109156506961713
62,1445,1507,0.1510863298101213
63,1463,1526,0.15108143227047907
67,1454,1521,0.15107370714578702
65,1452,1517,0.1510542488294618
65,1458,1523,0.151041982343976
65,1448,1513,0.15103072807935314
64,1453,1517,0.15102011833146364
64,1447,1511,0.1510132145581018
62,1466,1528,0.15100671876993282
63,1472,1535,0.1510066333373858
65,1472,1537,0.15100320583959972
66,1471,1537,0.15099411880166635
64,1470,1534,0.1509827168603473
66,1457,1523,0.15097808359252657
66,1443,1509,0.15096750536007225
65,1453,1518,0.1509576057761576
64,1459,1523,0.15095127094276348
65,1459,1524,0.15094841304074705
64,1451,1515,0.15094262037721937
67,1461,1528,0.1509399526054016
63,1468,1531,0.1509285948696646
61,1465,1526,0.1509301359943608
64,1467,1531,0.1509377659806291
62,1465,1527,0.15093563749200914
60,1465,1525,0.15093975773442525
58,1457,1515,0.1509497875123554
58,1459,1517,0.15096512109794652
56,1451,1507,0.15097943893537016
56,1459,1515,0.1509990264028678
56,1463,1519,0.15101721047087557
56,1464,1520,0.1510340480802147
59,1463,1522,0.1510497320476658
58,1473,1531,0.15105564240797484
58,1472,1530,0.15106444830302126
58,1466,1524,0.1510727672167264
57,1470,1527,0.1510807906742572
56,1471,1527,0.15109146922223146
57,1462,1519,0.1511044592552817
56,1458,1514,0.15111360409569374
56,1460,1516,0.15112530958964987
55,1458,1513,0.15113605286087187
56,1459,1515,0.15114912354454726
55,1464,1519,0.15115819564796712
56,1472,1528,0.15116963919366502
55,1455,1510,0.15117740882623507
59,1461,1520,0.1511880128110387
57,1461,1518,0.1511862423846613
57,1461,1518,0.1511910037559864
56,1467,1523,0.15119564812400602
57,1465,1522,0.1512032092355334
57,1475,1532,0.15120731493629416
57,1462,1519,0.15121123945445564
57,1466,1523,0.15121474586195366
59,1451,1510,0.15121801373910299
57,1453,1510,0.1512146900726065
57,1438,1495,0.15121789536490468
55,1441,1496,0.1512209326959011
56,1441,1497,0.15123005289033856
55,1439,1494,0.15123505078514693
59,1437,1496,0.1512423445616077
59,1448,1507,0.15123660781996498
58,1451,1509,0.15123119089935108
57,1453,1510,0.151229208400459
58,1459,1517,0.1512304896084787
57,1466,1523,0.15122855010325342
56,1458,1514,0.15122978167307508
54,1452,1506,0.1512338059715512
54,1468,1522,0.1512436387279977
55,1467,1522,0.1512526605107132
56,1471,1527,0.15125787471595395
54,1458,1512,0.15125982026869014
53,1461,1514,0.15126789354328535
55,1460,1515,0.15127841121232255
54,1477,1531,0.15128198308796664
54,1474,1528,0.15128815339067228
52,1468,1520,0.1512940658084908
53,1466,1519,0.15130582892141667
50,1474,1524,0.1513142140641507
50,1468,1518,0.151331257795585
54,1450,1504,0.1513472144372351
54,1461,1515,0.1513502259154237
50,1471,1521,0.15135339374572948
49,1458,1507,0.15136852773282128
45,1465,1510,0.15138556858910301
43,1469,1512,0.15141384337553668
44,1473,1517,0.151446259002773
44,1480,1524,0.15147384542097694
44,1474,1518,0.15149968226503369
46,1454,1500,0.15152373654315646
48,1455,1503,0.15154010496735792
49,1472,1521,0.15154980026312137
48,1473,1521,0.15155590096373683
47,1472,1519,0.15156516559706407
47,1471,1518,0.15157656153850269
47,1464,1511,0.1515872334996633
53,1445,1498,0.15159745737465793
53,1451,1504,0.1515887558456258
52,1467,1519,0.15158080917382277
52,1470,1522,0.1515765186170427
52,1469,1521,0.15157243536466844
52,1470,1522,0.1515683878048011
50,1473,1523,0.15156477588724582
49,1478,1527,0.15156736322979467
50,1484,1534,0.1515729476424218
51,1477,1528,0.15157509611589964
51,1475,1526,0.15157465139310525
51,1470,1521,0.1515743478447032
49,1453,1502,0.1515741477288705
49,1460,1509,0.1515800904312701
48,1478,1526,0.15158561259357073
46,1471,1517,0.15159369981648005
45,1468,1513,0.15160697191593606
44,1460,1504,0.1516221594448105
43,1475,1518,0.15163915484160134
43,1489,1532,0.15165807531969736
46,1485,1531,0.1516757153627079
48,1501,1549,0.15168317747055998
48,1476,1524,0.1516842222863852
49,1462,1511,0.15168504811030656
48,1460,1508,0.15168287985055443
48,1460,1508,0.15168396604148435
48,1459,1507,0.15168500315332956
49,1459,1508,0.1516856094327129
49,1471,1520,0.1516830183105944
51,1471,1522,0.15168050060818586
50,1480,1530,0.1516720747066953
49,1471,1520,0.1516674669427994
51,1459,1510,0.1516663567798334
53,1465,1518,0.1516590926914916
53,1459,1512,0.15164609706677468
51,1474,1525,0.15163409550068807
51,1465,1516,0.15162891635691225
52,1474,1526,0.15162398951745096
52,1469,1521,0.1516162407488401
51,1457,1508,0.15160893087425534
50,1463,1513,0.15160523723335206
50,1464,1514,0.15160488133661357
50,1463,1513,0.1516045262851497
50,1467,1517,0.15160418025064895
47,1476,1523,0.15160397660425212
48,1481,1529,0.15161296366904203
50,1471,1521,0.1516181773778023
49,1472,1521,0.15161701424169202
49,1460,1509,0.1516189530871995
49,1476,1525,0.15162075782565812
48,1472,1520,0.15162243587008192
48,1467,1515,0.15162670592945907
51,1476,1527,0.15163075597159445
53,1474,1527,0.1516252747717818
52,1471,1523,0.15161401819002077
51,1476,1527,0.15160652449233905
49,1474,1523,0.15160264718165364
48,1475,1523,0.15160523723628538
50,1462,1512,0.1516105249568922
50,1480,1530,0.15160927235994154
49,1472,1521,0.15160826803624092
50,1462,1512,0.15161045207752846
51,1476,1527,0.1516094664991198
51,1480,1531,0.15160559924899208
54,1475,1529,0.1516019104324482
53,1472,1525,0.15158900916148496
49,1483,1532,0.15157975732579537
49,1484,1533,0.1515833865404588
49,1474,1523,0.15158672962377703
52,1473,1525,0.1515897049435775
52,1479,1531,0.15158326413102216
52,1469,1521,0.15157727265433796
51,1456,1507,0.1515714817134819
51,1466,1517,0.15156913150909168
50,1467,1517,0.15156693598483625
50,1467,1517,0.15156773380849484
50,1461,1511,0.15156871450147602
52,1456,1508,0.15156950784420997
50,1467,1517,0.15156434674229716
49,1462,1511,0.15156582358262707
47,1460,1507,0.15157042920957395
48,1465,1513,0.1515806690946765
47,1485,1532,0.15158739346357217
45,1487,1532,0.15159687819708922
44,1478,1522,0.15161186194185722
43,1472,1515,0.15162899309458794
45,1465,1510,0.15164802651549342
47,1470,1517,0.151659948510753
50,1470,1520,0.15166492817679583
50,1470,1520,0.1516603774746983
48,1473,1521,0.15165616285719175
50,1470,1520,0.15165836344458994
50,1460,1510,0.15165450359599394
49,1461,1510,0.1516505348852272
47,1462,1509,0.15164999528267054
49,1470,1519,0.15165554041857215
49,1479,1528,0.1516546923747292
48,1482,1530,0.15165372608091018
51,1488,1539,0.1516560408242861
51,1468,1519,0.1516490081197273
50,1470,1520,0.15164224179420036
49,1476,1525,0.15163911208538713
49,1477,1526,0.15163925587055016
50,1476,1526,0.15163937811034991
49,1469,1518,0.15163632977172348
48,1473,1521,0.15163645071163734
46,1480,1526,0.15163953535339206
45,1476,1521,0.15164842671579554
44,1477,1521,0.1516597170528873
44,1470,1514,0.1516733520958693
45,1474,1519,0.15168592078231488
43,1469,1512,0.15169449197090099
47,1475,1522,0.15170884887734423
43,1479,1522,0.1517096747729336
45,1482,1527,0.15172302184434425
44,1468,1512,0.15172911097404307
43,1471,1514,0.15173786392526648
43,1470,1513,0.15174905772480451
39,1479,1518,0.1517595878345672
38,1481,1519,0.15178151666886117
36,1484,1520,0.15180511804816874
33,1489,1522,0.15183342400573133
33,1487,1520,0.1518692565695063
32,1481,1513,0.15190262206492589
32,1466,1498,0.1519369365207237
32,1465,1497,0.15196912805064466
32,1473,1505,0.15199928954976674
32,1474,1506,0.15202756529016842
34,1476,1510,0.1520540819198901
33,1488,1521,0.1520727682667733
31,1497,1528,0.15209347889609118
30,1500,1530,0.15211922112680734
31,1493,1524,0.15214654495857166
31,1483,1514,0.1521689757615189
29,1461,1490,0.15219002729306186
28,1473,1501,0.15221609531233582
28,1471,1499,0.15224373053093498
28,1480,1508,0.152269567448805
29,1488,1517,0.15229379547324848
27,1491,1518,0.15231338205376516
29,1482,1511,0.1523380014184717
28,1492,1520,0.1523547960449374
29,1490,1519,0.15237372396832913
27,1484,1511,0.15238824153245134
27,1490,1517,0.1524082633209032
25,1483,1508,0.15242693873638438
27,1494,1521,0.152450900145034
25,1496,1521,0.15246704994632615
27,1500,1527,0.15248852913622676
26,1508,1534,0.15250234278013317
27,1495,1522,0.15251854079974134
28,1493,1521,0.15253056885944957
26,1495,1521,0.15253875947452086
26,1485,1511,0.15255286124324927
26,1492,1518,0.15256612081884327
27,1489,1516,0.15257858398812993
27,1487,1514,0.15258713754862427
27,1500,1527,0.15259518986503243
27,1485,1512,0.15260276406306697
27,1486,1513,0.15260988664594735
26,1498,1524,0.15261654463919144
27,1485,1512,0.15262596180553376
26,1490,1516,0.15263161170124898
26,1495,1521,0.1526400306695108
27,1499,1526,0.152647877154377
28,1501,1529,0.1526520528411428
30,1493,1523,0.1526528496548466
31,1502,1533,0.15264729731854657
29,1496,1525,0.15263895906976882
25,1502,1527,0.1526375642824404
27,1494,1521,0.15264890163368602
25,1494,1519,0.15265306878376392
26,1497,1523,0.152663281428833
24,1503,1527,0.1526696324069843
23,1508,1531,0.1526818111741154
25,1500,1525,0.15269633947918668
25,1491,1516,0.15270370095217764
24,1500,1524,0.15271065323563396
25,1502,1527,0.15272023303337487
23,1501,1524,0.1527261600636619
24,1496,1520,0.15273804108276415
23,1490,1513,0.1527459540045966
23,1506,1529,0.15275669104634182
25,1502,1527,0.15276657450248707
24,1501,1525,0.15276964162386775
23,1507,1530,0.1527757769808673
22,1519,1541,0.15278482429740453
20,1510,1530,0.15279641889219656
21,1513,1534,0.1528136482496312
20,1503,1523,0.15282658269236943
20,1502,1522,0.15284193285024222
20,1499,1519,0.15285641595545918
20,1502,1522,0.15287007732624866
19,1491,1510,0.1528829284895572
19,1480,1499,0.15289804895251197
19,1487,1506,0.15291223625107345
19,1493,1512,0.15292555515956374
19,1489,1508,0.15293783909035785
18,1498,1516,0.15294936856985367
17,1494,1511,0.1529632864021913
17,1495,1512,0.15297963455215222
16,1496,1512,0.1529950071298896
17,1495,1512,0.15301267374523844
17,1495,1512,0.15302605351933005
18,1493,1511,0.15303862317764808
18,1503,1521,0.15304728840837753
18,1503,1521,0.153055467017299
16,1501,1517,0.15306333463506885
14,1500,1514,0.15307711303284283
15,1500,1515,0.15309643763846414
15,1504,1519,0.1531115478962791
14,1509,1523,0.15312575982816018
14,1509,1523,0.1531422730809816
12,1499,1511,0.15315776847664864
12,1516,1528,0.15317849613620818
12,1511,1523,0.15319786764381532
9,1511,1520,0.1532160285851477
9,1516,1525,0.1532424991433768
9,1515,1524,0.15326745929543836
9,1505,1514,0.1532909037810867
10,1495,1505,0.15331313298262497
10,1501,1511,0.15333082041200835
11,1497,1508,0.15334749116881397
10,1493,1503,0.15335992852827843
9,1500,1509,0.1533746870945394
9,1499,1508,0.15339159092213348
8,1499,1507,0.1534075022075969
8,1508,1516,0.15342555757104004
8,1513,1521,0.15344251521618632
8,1519,1527,0.15345844349118917
8,1519,1527,0.15347340529490572
8,1518,1526,0.15348745983798268
8,1512,1520,0.15350058831190055
7,1510,1517,0.15351289004424015
8,1495,1503,0.15352768180815385
9,1510,1519,0.15353825821041953
10,1509,1519,0.1535449505638271
10,1513,1523,0.15354790470696955
8,1508,1516,0.15355077459563415
10,1508,1518,0.15356007877036007
10,1501,1511,0.15356227137338066
10,1506,1516,0.15356440640683458
10,1508,1518,0.15356643603090794
10,1509,1519,0.15356835860561077
10,1514,1524,0.15357017643685014
9,1524,1533,0.15357189322458564
8,1523,1531,0.15357678140050968
8,1517,1525,0.15358458392913085
7,1516,1523,0.15359190099112566
7,1513,1520,0.15360204613961265
7,1508,1515,0.15361151129602593
9,1505,1514,0.1536203862498691
8,1495,1503,0.15362222988564544
7,1508,1515,0.1536272539124216
8,1520,1528,0.15363528363754494
7,1518,1525,0.1536396264096785
7,1516,1523,0.1536468288193224
8,1515,1523,0.1536535787244677
8,1508,1516,0.1536565687867704
8,1517,1525,0.1536594492935213
6,1515,1521,0.15366217060209325
6,1511,1517,0.15367114527148976
6,1492,1498,0.15367960113745685
6,1512,1518,0.15368754753223016
6,1505,1511,0.15369501496395144
6,1507,1513,0.15370203286032344
6,1521,1527,0.15370862879243877
6,1520,1526,0.15371482850080237
5,1530,1535,0.15372065604093096
5,1520,1525,0.15372939974505198
5,1493,1498,0.15373760922673502
5,1509,1514,0.15374531444341305
5,1510,1515,0.1537525497150869
5,1501,1506,0.1537593455209751
5,1506,1511,0.15376572964110294
5,1499,1504,0.1537717277174811
5,1509,1514,0.15377736357397023
5,1508,1513,0.15378265942705927
5,1508,1513,0.15378763604081197
5,1520,1525,0.1537923128498736
5,1518,1523,0.1537967080623597
5,1501,1506,0.15380083874898484
4,1502,1506,0.1538047209221101
2,1508,1510,0.15381161916664887
2,1497,1499,0.15382460769838238
2,1508,1510,0.15383681925090806
2,1509,1511,0.15384830147414952
2,1503,1505,0.15385909820944105
3,1509,1512,0.15386925005293467
3,1510,1513,0.1538755557130694
3,1508,1511,0.1538815234963363
3,1501,1504,0.15388714130625117
4,1495,1499,0.15389242680693752
5,1504,1509,0.15389425153495315
5,1501,1506,0.1538928087672079
4,1518,1522,0.15389150369396287
4,1523,1527,0.15389346360422412
4,1528,1532,0.15389527463544936
4,1527,1531,0.15389697445498116
4,1522,1526,0.15389857247558364
5,1511,1516,0.15390007546591888
5,1502,1507,0.1538983288056426
5,1506,1511,0.15389674519155525
5,1509,1514,0.15389527514597495
4,1512,1516,0.15389390479007256
5,1506,1511,0.15389581732859497
5,1495,1500,0.15389436803500836
5,1510,1515,0.15389305269875386
5,1507,1512,0.15389182798446246
5,1521,1526,0.1538906831650103
5,1531,1536,0.15388961141886193
5,1526,1531,0.15388860724723938
4,1535,1539,0.15388766587491687
5,1534,1539,0.15388996716097972
4,1526,1530,0.15388899633981418
4,1524,1528,0.15389140108300509
4,1518,1522,0.15389359477536652
4,1520,1524,0.15389564336704292
4,1513,1517,0.15389756310913272
4,1508,1512,0.1538993643133871
4,1507,1511,0.15390105529898768
4,1489,1493,0.15390264334190035
4,1503,1507,0.153904135021155
4,1507,1511,0.15390553638052998
4,1510,1514,0.15390685301872145
5,1516,1521,0.15390809014701293
5,1521,1526,0.15390616516301964
3,1522,1525,0.15390432410685836
2,1521,1523,0.1539087743872715
2,1517,1519,0.15391604413739177
2,1507,1509,0.15392292176344263
3,1512,1515,0.15392938948526957
3,1504,1507,0.15393230168122385
3,1503,1506,0.15393508177135135
3,1507,1510,0.15393770247059263
3,1502,1505,0.1539401688416868
2,1503,1505,0.15394248852447517
2,1508,1510,0.1539478240196543
2,1506,1508,0.1539528025215435
2,1519,1521,0.15395747450596556
2,1513,1515,0.15396186202649637
2,1508,1510,0.15396598363472422
1,1509,1510,0.15396985609442967
1,1512,1513,0.15397662618736216
1,1519,1520,0.15398299274491983
1,1513,1514,0.15398897766068104
1,1491,1492,0.15399460379688867
1,1491,1492,0.1539998927524461
1,1511,1512,0.1540048648193018
1,1520,1521,0.1540095390512889
1,1521,1522,0.15401393334191535
1,1526,1527,0.15401806449837716
1,1518,1519,0.15402194831026905
1,1517,1518,0.15402559961325857
1,1518,1519,0.15402903234823018
1,1514,1515,0.15403225961636624
1,1529,1530,0.15403529373055325
1,1529,1530,0.15403814626343582
1,1529,1530,0.15404082809239172
1,1523,1524,0.15404334944166226
1,1520,1521,0.15404571992184596
1,1512,1513,0.1540479485669416
1,1518,1519,0.15405004386910728
1,1521,1522,0.15405201381128925
1,1520,1521,0.15405386589785944
1,1525,1526,0.15405560718339037
1,1523,1524,0.15405724429968504
1,1521,1522,0.1540587834811725
1,1511,1512,0.15406023058876897
1,1519,1520,0.15406159113230022
0,1515,1515,0.154062870291573
