1361,28,1389,0.1358210233237121
1393,30,1423,0.13300243223127134
1429,29,1458,0.13034182846350306
1439,31,1470,0.12781774878031807
1465,30,1495,0.12549158235941213
1469,30,1499,0.12330403189074328
1470,31,1501,0.12130282917549047
1460,31,1491,0.11947939660247492
1462,30,1492,0.1178448206729208
1466,31,1497,0.11635201055819656
1461,30,1491,0.11498298137376177
1452,31,1483,0.11374919748117641
1455,30,1485,0.11264761122896
1453,29,1482,0.11163744541772874
1455,28,1483,0.11072239681641452
1466,29,1495,0.10988519727039332
1458,30,1488,0.10909732768502498
1458,30,1488,0.10839835063143792
1463,29,1492,0.10776170124281702
1463,31,1494,0.10717078042336425
1466,34,1500,0.10663281062437498
1476,34,1510,0.10613640301138315
1476,33,1509,0.10566272918286991
1472,33,1505,0.1052313144619388
1456,33,1489,0.1048479752378275
1453,33,1486,0.1045345714445499
1461,34,1495,0.10425587520989735
1461,35,1496,0.10398414978211365
1470,35,1505,0.103737077868021
1463,35,1498,0.10349264348191708
1459,35,1494,0.10328553033583113
1456,37,1493,0.10310598954336855
1462,36,1498,0.1029491116323999
1449,37,1486,0.10279312899353052
1455,37,1492,0.10267940736343062
1464,39,1503,0.10256301542296711
1465,39,1504,0.10243749549364384
1466,36,1502,0.10232103875473147
1460,35,1495,0.10221256963536565
1466,34,1500,0.10212708817174375
1450,35,1485,0.10203613320021546
1457,38,1495,0.10198809562913504
1447,40,1487,0.10192924982125043
1437,40,1477,0.1018972577554856
1427,38,1465,0.1018896688719692
1433,37,1470,0.10190455423170226
1438,39,1477,0.1019051464092528
1440,39,1479,0.10189461262300525
1435,41,1476,0.10188027943733059
1436,41,1477,0.10187846606262844
1442,41,1483,0.10187458304921598
1438,42,1480,0.1018583468871462
1455,41,1496,0.10185187905371858
1462,41,1503,0.10180936449923247
1458,41,1499,0.1017552490080097
1448,42,1490,0.10171443384891489
1448,42,1490,0.1016985476609245
1462,42,1504,0.1016844762779974
1446,42,1488,0.10164167998194483
1451,41,1492,0.10163748108309868
1453,41,1494,0.10162286747363238
1457,41,1498,0.10160517326048513
1457,43,1500,0.10158056461818564
1444,44,1488,0.10155829357059805
1440,45,1485,0.10156598954026337
1433,45,1478,0.1015814965704552
1437,44,1481,0.10161101073777509
1450,45,1495,0.10162948385874096
1439,44,1483,0.10161830448902127
1430,46,1476,0.10163177259243829
1434,49,1483,0.10166317273963447
1426,48,1474,0.10168306700499956
1426,48,1474,0.10171878470889205
1441,47,1488,0.10175152179456554
1441,50,1491,0.10174867427138266
1443,51,1494,0.1017459015676051
1432,53,1485,0.10173874810536229
1441,52,1493,0.1017564133265342
1449,54,1503,0.1017530559582983
1434,56,1490,0.1017327596386276
1441,56,1497,0.10174642907545045
1428,58,1486,0.10174403119952612
1428,57,1485,0.10177002255559481
1419,57,1476,0.10179416553006573
1425,59,1484,0.10183530498429799
1424,58,1482,0.10185965055071428
1416,60,1476,0.1018842983324564
1406,59,1465,0.10192410598322757
1425,58,1483,0.10198162959358044
1428,60,1488,0.10199362366403154
1417,63,1480,0.10199785742100798
1421,64,1485,0.10202552319760418
1414,66,1480,0.10204205754327343
1421,66,1487,0.102072588252951
1424,65,1489,0.10208533038955502
1416,65,1481,0.10209017412820096
1409,64,1473,0.10211277114215239
1412,64,1476,0.1021480442883721
1401,61,1462,0.10217320987015935
1398,62,1460,0.10222019347820083
1403,63,1466,0.10226949346061748
1425,63,1488,0.10230392575079787
1423,69,1492,0.10228838483272916
1410,71,1481,0.10227780588072168
1403,70,1473,0.10229654200459408
1409,70,1479,0.10232878633691285
1421,71,1492,0.10234556342453657
1418,72,1490,0.10233454586398448
1415,71,1486,0.10233119431836857
1401,71,1472,0.10233479235518378
1404,74,1478,0.10236899301407605
1416,73,1489,0.10239381321640643
1418,71,1489,0.10239082809051915
1414,71,1485,0.10238443117173829
1417,71,1488,0.10238655434955599
1407,76,1483,0.10238197192479383
1415,75,1490,0.10240009227380494
1417,74,1491,0.10239896449811915
1415,70,1485,0.10239387871391155
1408,76,1484,0.10239340683233003
1408,76,1484,0.10240780174232088
1407,78,1485,0.10242088901150768
1411,82,1493,0.10243443655765333
1403,82,1485,0.10243784137042809
1397,86,1483,0.1024582392454155
1396,85,1481,0.10248972082246048
1401,86,1487,0.1025211145492181
1392,85,1477,0.10253896045556139
1409,86,1495,0.10257426237892268
1419,85,1504,0.10256984853375876
1418,81,1499,0.10254411534719474
1409,81,1490,0.10252365098491695
1400,82,1482,0.10252464252969279
1400,86,1486,0.10254501536222073
1401,83,1484,0.1025636756076906
1401,85,1486,0.10257851033319738
1389,86,1475,0.10259098971144923
1410,86,1496,0.10262905106298569
1407,89,1496,0.10261800034245848
1403,88,1491,0.10261464617317212
1404,88,1492,0.10261993607118772
1405,87,1492,0.10262254132226872
1420,87,1507,0.10262310916458446
1413,89,1502,0.10259122116365887
1400,89,1489,0.10257716555387245
1403,87,1490,0.10259247293804932
1387,88,1475,0.10260023174181133
1392,87,1479,0.10264212689402434
1407,84,1491,0.10266920646257699
1406,87,1493,0.102661317550297
1403,87,1490,0.10265589402151284
1403,85,1488,0.102656960520237
1403,84,1487,0.10265794584664985
1403,84,1487,0.10265904068772375
1408,81,1489,0.10266005363149809
1409,85,1494,0.1026505525140988
1427,85,1512,0.10264002549058639
1409,85,1494,0.10259175644279792
1403,88,1491,0.10258658311780841
1419,87,1506,0.1025950628426822
1413,85,1498,0.10256762081669674
1414,87,1501,0.10255557640899708
1409,92,1501,0.10254347915610477
1407,95,1502,0.10254364720428001
1401,99,1500,0.10254809263811264
1421,94,1515,0.10256528697916789
1421,96,1517,0.10253804878590181
1412,94,1506,0.10251269746520122
1418,92,1510,0.10250886179043636
1403,92,1495,0.1024921877209464
1403,95,1498,0.10250878819305399
1404,95,1499,0.10252434205348766
1418,95,1513,0.10253621846944874
1407,97,1504,0.10251709966876393
1405,98,1503,0.10252363661710164
1387,98,1485,0.10253407411403458
1390,100,1490,0.10258263232492414
1393,99,1492,0.10262086165874887
1397,102,1499,0.10264944692312201
1391,99,1490,0.10266685858967951
1404,101,1505,0.1026954559116201
1398,102,1500,0.10269370549403184
1391,106,1497,0.10270506134785042
1378,106,1484,0.10273100112999951
1378,107,1485,0.10278260346746425
1381,107,1488,0.10283021213449026
1383,105,1488,0.10286699395836131
1387,105,1492,0.10289613757361088
1387,108,1495,0.1029139621985207
1392,110,1502,0.10293038615588808
1372,109,1481,0.10293445954264208
1383,112,1495,0.10298203204182954
1383,114,1497,0.10300175972166327
1394,116,1510,0.10301976986456132
1378,115,1493,0.1030123744782692
1369,119,1488,0.1030408850288029
1372,118,1490,0.10308686640928676
1370,121,1491,0.10312267366356231
1362,122,1484,0.10316001348419679
1366,125,1491,0.10321096149388674
1365,125,1490,0.10324874443115575
1355,128,1483,0.10328558456448417
1356,126,1482,0.10334148360115748
1363,123,1486,0.10339063201518334
1368,128,1496,0.10342054291682548
1375,125,1500,0.10343699858443327
1363,122,1485,0.10343697224848976
1352,124,1476,0.10346306663535255
1368,123,1491,0.1035111359395001
1367,122,1489,0.10352000505607842
1361,128,1489,0.1035302797905133
1353,125,1478,0.10355253947274065
1351,128,1479,0.10359086554544654
1354,131,1485,0.10363031479790089
1354,131,1485,0.10365968027635397
1360,134,1494,0.10368655517188799
1351,134,1485,0.103697383869631
1347,136,1483,0.10372731958994148
1342,139,1481,0.1037637026073027
1355,140,1495,0.10380833229244053
1340,140,1480,0.1038208248149259
1344,142,1486,0.10386512692554505
1352,139,1491,0.10389687488299472
1353,142,1495,0.10390857057740618
1330,140,1470,0.10391699742189185
1337,144,1481,0.10397551989524015
1334,145,1479,0.10401420289472682
1337,147,1484,0.10405559206947247
1349,146,1495,0.1040870047629199
1355,145,1500,0.10408933434111982
1346,147,1493,0.10407832174458086
1353,145,1498,0.10408770568581599
1353,147,1500,0.10408145892690746
1351,148,1499,0.10407633250310344
1373,147,1520,0.10407587361255136
1372,150,1522,0.1040269508078746
1358,148,1506,0.10398414959251708
1357,149,1506,0.10397657045108048
1338,152,1490,0.10397168726635497
1340,150,1490,0.10400934216948354
1344,154,1498,0.1040395809344084
1361,150,1511,0.10405906304710516
1368,150,1518,0.10403977055657063
1365,148,1513,0.1040069949146012
1362,146,1508,0.10398382953497037
1358,150,1508,0.10396917405999292
1350,150,1500,0.10396425178464447
1356,152,1508,0.10397753542725957
1349,152,1501,0.10397700229886031
1331,156,1487,0.10399171562229345
1340,158,1498,0.10404471700601498
1334,153,1487,0.10407422770340936
1341,156,1497,0.10411426279502244
1336,156,1492,0.1041359339844945
1339,153,1492,0.1041679131350082
1342,153,1495,0.10419110582883356
1346,153,1499,0.10420552807669597
1339,156,1495,0.10420971923269873
1344,156,1500,0.10422782491149016
1336,157,1493,0.10423327638525196
1334,155,1489,0.10425624171066591
1336,157,1493,0.10428155703027016
1334,158,1492,0.10429965989905014
1331,158,1489,0.10432034636504678
1329,161,1490,0.10434595822497579
1321,158,1479,0.10437476617587205
1331,158,1489,0.10441822958841941
1340,160,1500,0.10443685685510343
1337,161,1498,0.10443360969724211
1334,161,1495,0.10443733625391634
1327,164,1491,0.10444776995232509
1330,167,1497,0.10447274897659853
1321,168,1489,0.10448911466156709
1319,170,1489,0.10452368742189957
1324,165,1489,0.10455998526509055
1331,169,1500,0.10458269226261957
1329,168,1497,0.10458810793598777
1334,165,1499,0.10459692634120606
1337,161,1498,0.10459409072861804
1321,165,1486,0.10458526862113189
1318,165,1483,0.10461282002704789
1321,164,1485,0.10464492559538931
1331,165,1496,0.10466780361248101
1327,165,1492,0.10466685000284638
1322,163,1485,0.10467510741990851
1310,162,1472,0.10469277787546279
1312,162,1474,0.10473616825131309
1308,168,1476,0.10477155723761726
1321,175,1496,0.10481332762471583
1319,175,1494,0.10482341701384358
1317,175,1492,0.10483751439440908
1315,176,1491,0.10485462975108688
1311,178,1489,0.1048747240278551
1323,175,1498,0.10490168047809206
1306,175,1481,0.10490044687045633
1300,178,1478,0.10493751672486912
1300,178,1478,0.10498455939657823
1305,181,1486,0.10502675871935484
1321,182,1503,0.10505417892291238
1322,184,1506,0.10504327899284412
1320,184,1504,0.10503125514468618
1315,184,1499,0.10502476419584245
1329,185,1514,0.10502998741562265
1319,181,1500,0.10500437774030744
1322,178,1500,0.10500329464733102
1317,174,1491,0.10499610412736271
1313,178,1491,0.10500015114403333
1321,178,1499,0.10501403881901465
1319,178,1497,0.10500867921832581
1329,179,1508,0.10500866729034054
1317,178,1495,0.10498677953472002
1309,178,1487,0.10499221565577166
1312,179,1491,0.10501596414614799
1309,178,1487,0.10503085822075764
1306,178,1484,0.1050507781995254
1304,183,1487,0.10507672704313531
1321,184,1505,0.10510429482874085
1313,190,1503,0.10509162206567592
1317,185,1502,0.10509838333152181
1304,186,1490,0.10509577874857425
1317,185,1502,0.10512265016380086
1312,186,1498,0.10511816837202438
1316,185,1501,0.10512447339407487
1308,185,1493,0.10512174282565921
1316,186,1502,0.10513782166581055
1318,182,1500,0.10513483323103737
1317,182,1499,0.10512721644732485
1313,183,1496,0.10512222787872254
1309,180,1489,0.10512641841930832
1302,176,1478,0.10513919460195799
1301,173,1474,0.10516624078678177
1317,179,1496,0.10519313540266834
1305,181,1486,0.10518194968071874
1295,184,1479,0.10519979777086505
1284,187,1471,0.10523801362608642
1295,196,1491,0.10529712287534465
1309,194,1503,0.10532718952436021
1302,197,1499,0.10532387894585944
1311,196,1507,0.10533658243505829
1308,196,1504,0.10532691277697832
1309,192,1501,0.1053235294308638
1311,192,1503,0.10531879125934587
1312,196,1508,0.10531084171761332
1322,194,1516,0.10530052505087444
1323,189,1512,0.10526923303556295
1322,195,1517,0.1052379746901628
1312,194,1506,0.10521223432061676
1330,192,1522,0.1052110320289167
1319,196,1515,0.10517009875324389
1315,198,1513,0.10515706986300287
1319,198,1517,0.10515406610519942
1309,196,1505,0.10514207804954862
1319,199,1518,0.10515395922169712
1303,199,1502,0.10514266636302841
1313,198,1511,0.10516826928402606
1318,200,1518,0.10516998347831828
1313,202,1515,0.10516077304561065
1304,201,1505,0.10516463079507626
1295,205,1500,0.10518810712454668
1301,209,1510,0.10522910615076847
1299,204,1503,0.10525376277977312
1287,203,1490,0.10528007718593259
1294,202,1496,0.1053307258446408
1289,201,1490,0.10536161825735396
1299,201,1500,0.10540108816158408
1300,196,1496,0.10541469582123245
1305,199,1504,0.10542528890289382
1303,196,1499,0.10542389091167932
1300,197,1497,0.10542646041244343
1304,199,1503,0.1054351246706379
1298,202,1500,0.10543375219167495
1298,200,1498,0.10544653065870445
1318,206,1524,0.10545954452294279
1306,206,1512,0.10542742059935879
1294,203,1497,0.10542465297066751
1286,216,1502,0.10544901753123004
1286,216,1502,0.10548900619672644
1288,213,1501,0.1055249772562005
1280,213,1493,0.10555395200203542
1275,216,1491,0.10559866077324961
1277,214,1491,0.10565069497359428
1274,211,1485,0.10569432281549371
1260,213,1473,0.10574071187413436
1255,207,1462,0.10581439814611311
1275,209,1484,0.10589288258279922
1267,208,1475,0.10591929295489073
1279,210,1489,0.10596144742043301
1278,211,1489,0.10597383642904273
1294,207,1501,0.10598734070834627
1281,210,1491,0.10596395749253347
1272,208,1480,0.10597213201929385
1282,207,1489,0.10599949472947129
1285,204,1489,0.10600166690659496
1282,208,1490,0.10599660435146077
1284,211,1495,0.1059997260270488
1281,207,1488,0.1059987682282646
1266,209,1475,0.10600424885721642
1276,211,1487,0.10604273418785168
1267,210,1477,0.10605622310992074
1257,205,1462,0.10608876959762874
1260,207,1467,0.10614061379834032
1270,216,1486,0.1061831789637038
1262,221,1483,0.10620132775033206
1267,228,1495,0.10623606316833442
1260,232,1492,0.1062569709426683
1273,232,1505,0.10629274075320344
1268,231,1499,0.10629559430479268
1271,230,1501,0.1063094639762206
1261,232,1493,0.10631647390625851
1259,224,1483,0.1063459344841252
1275,224,1499,0.10637715391696434
1279,224,1503,0.10637109493262617
1272,225,1497,0.10635712403273984
1268,229,1497,0.10636034149119299
1274,238,1512,0.10637196876098265
1272,240,1512,0.10636889957314669
1271,238,1509,0.1063706053442873
1260,240,1500,0.10637568095729666
1249,247,1496,0.10640565905529993
1250,248,1498,0.10645812882683442
1252,251,1503,0.10650274018379008
1253,253,1506,0.10653959172451716
1257,251,1508,0.1065715114994628
1264,246,1510,0.10659178036275041
1272,250,1522,0.10659656071048566
1261,250,1511,0.10658258116867625
1270,251,1521,0.10659445533086721
1249,251,1500,0.1065858461999272
1241,252,1493,0.10662548682944646
1240,259,1499,0.10667937248239148
1235,257,1492,0.10673121110827723
1237,261,1498,0.10678970417854822
1232,261,1493,0.10683933203053879
1230,266,1496,0.10689682663019731
1233,272,1505,0.10695424079502686
1234,271,1505,0.1069999976801253
1231,268,1499,0.1070408777415649
1226,264,1490,0.10708445536786174
1225,269,1494,0.10713573799406433
1221,271,1492,0.10718538394535713
1224,266,1490,0.10723947794272114
1231,269,1500,0.10728227040723387
1235,265,1500,0.1073058771038528
1226,274,1500,0.10731826860167867
1230,271,1501,0.1073493609497988
1226,270,1496,0.10736868927922932
1224,271,1495,0.10739480940750848
1221,274,1495,0.10742365373403509
1210,272,1482,0.10745722341287016
1209,272,1481,0.10751145200766331
1226,275,1501,0.10756352430691031
1228,280,1508,0.10757395580297147
1214,272,1486,0.10757996089016875
1217,277,1494,0.10761593320350542
1209,276,1485,0.1076422223826194
1208,277,1485,0.1076840093320304
1209,276,1485,0.10772412134514205
1199,282,1481,0.10775819205363181
1206,281,1487,0.10781227465148328
1206,285,1491,0.1078473076627029
1202,283,1485,0.10787941942397662
1211,283,1494,0.1079186721640478
1219,284,1503,0.1079349141785681
1217,286,1503,0.10793092786535632
1207,288,1495,0.10793168864640101
1211,292,1503,0.10795556132930367
1206,290,1496,0.10796787097151153
1207,286,1493,0.10799070679460143
1209,284,1493,0.1080094618093161
1207,287,1494,0.10802320500888378
1200,284,1484,0.10804034807011799
1199,290,1489,0.1080730710602148
1194,297,1491,0.10810435229762289
1197,294,1491,0.1081434804543736
1194,294,1488,0.10817260831627433
1202,293,1495,0.10820588013806574
1211,297,1508,0.10821779279011576
1208,298,1506,0.10820772938045994
1214,288,1502,0.10820631068781943
1204,290,1494,0.10819074747337151
1213,291,1504,0.10819968340476059
1209,285,1494,0.10818794211438303
1206,291,1497,0.10818739989583662
1206,294,1500,0.10819331256152864
1218,294,1512,0.10819893992977804
1214,299,1513,0.10817786658235842
1216,294,1510,0.10816846494184547
1203,293,1496,0.10815577048739705
1210,299,1509,0.10817561902066747
1205,297,1502,0.10817737056787202
1202,302,1504,0.10819080380063553
1204,299,1503,0.10820988771126759
1207,301,1508,0.1082218335007666
1220,302,1522,0.10822722817764036
1199,297,1496,0.10820343126656642
1200,297,1497,0.10822853539640657
1206,299,1505,0.10824909145915221
1199,300,1499,0.10825378710678218
1198,300,1498,0.10827521999240236
1200,306,1506,0.10829782477830975
1195,309,1504,0.10831374871641536
1195,302,1497,0.10833962844136157
1187,306,1493,0.10836378856749619
1187,306,1493,0.10840355064053014
1192,300,1492,0.10844002841345925
1186,301,1487,0.10846218100458929
1191,307,1498,0.10849664254375327
1195,313,1508,0.10851565621042422
1181,314,1495,0.10852447274523858
1175,305,1480,0.10856414154596869
1172,311,1483,0.10861346114483038
1172,308,1480,0.10866469699728597
1190,307,1497,0.10871231534422016
1190,305,1495,0.10871551268950208
1181,314,1495,0.10871872232130694
1171,318,1489,0.10874346606239259
1175,320,1495,0.10878999834192647
1166,328,1494,0.10882405747889864
1158,323,1481,0.10887698897952611
1157,326,1483,0.10894434171754139
1161,331,1492,0.10900866058528952
1168,331,1499,0.10905907875395919
1162,334,1496,0.10909023085468476
1166,329,1495,0.10913299855670507
1173,335,1508,0.10916368682578578
1171,328,1499,0.10917678020561744
1177,322,1499,0.10919357198030241
1177,327,1504,0.10919439266725668
1164,329,1493,0.1091958597445694
1164,332,1496,0.10922574207428463
1143,335,1478,0.10925318326770445
1148,338,1486,0.10932562576824985
1142,340,1482,0.10938118482649178
1150,339,1489,0.10944527230633636
1151,339,1490,0.10948652526391234
1162,335,1497,0.10952128485053741
1153,335,1488,0.1095279804999521
1167,334,1501,0.10955409858180948
1178,332,1510,0.10954694057583116
1180,333,1513,0.10951627314554983
1182,328,1510,0.10948359654005749
1175,332,1507,0.10944799937584979
1167,331,1498,0.10943149240453055
1170,337,1507,0.10943470031276031
1160,334,1494,0.10943115194980906
1160,333,1493,0.10945122771384433
1157,341,1498,0.1094690347448283
1147,349,1496,0.10949345484393554
1141,347,1488,0.10953843311503984
1143,350,1493,0.10959404007281044
1147,344,1491,0.10964069201834255
1153,342,1495,0.10967427435768648
1163,344,1507,0.1096906054330681
1158,347,1505,0.10968395779585735
1162,346,1508,0.10968987609111527
1156,347,1503,0.10968522945934173
1160,346,1506,0.10969457315705805
1171,349,1520,0.10969441939830236
1165,342,1507,0.10966850762476969
1168,337,1505,0.10965831052266763
1167,344,1511,0.10964270676325855
1158,349,1507,0.1096297741007502
1159,353,1512,0.10963833090930429
1143,352,1495,0.10964498287406499
1148,351,1499,0.1096866725913762
1149,350,1499,0.10971408287609613
1157,344,1501,0.10973736586133125
1156,344,1500,0.10974014310195652
1158,347,1505,0.10974459144824442
1149,358,1507,0.10974551333379154
1144,351,1495,0.10976657862932715
1141,349,1490,0.10979710873827805
1134,353,1487,0.10983202592914176
1129,349,1478,0.10988035000015074
1119,359,1478,0.10993526452138169
1120,365,1485,0.11000772798348663
1126,365,1491,0.1100721600665631
1139,366,1505,0.11011804272174536
1134,369,1503,0.11013159666724792
1137,365,1502,0.11015536018416153
1134,370,1504,0.11017007179856994
1133,373,1506,0.11019099282430915
1139,372,1511,0.11021430657339774
1121,379,1500,0.11022306346949985
1113,379,1492,0.11027378775436614
1111,382,1493,0.11033996816194419
1102,383,1485,0.11040562476115098
1096,386,1482,0.11048631496833655
1096,391,1487,0.11057301735166242
1093,389,1482,0.11065364907393277
1101,385,1486,0.11073550288812722
1096,387,1483,0.11079216642860919
1100,387,1487,0.11085513719596239
1109,390,1499,0.11090326063818721
1114,398,1512,0.110926899158939
1099,395,1494,0.11093734630418414
1089,389,1478,0.11098212626849381
1093,390,1483,0.1110463339311998
1100,396,1496,0.11109499003168556
1094,398,1492,0.11112299232701969
1100,402,1502,0.11116411906741452
1102,405,1507,0.11118892530034725
1093,405,1498,0.11120593106234958
1097,403,1500,0.11124247587621121
1096,398,1494,0.11126764794504877
1098,395,1493,0.11129389438916007
1105,395,1500,0.11131186834525453
1102,398,1500,0.1113136658702109
1095,405,1500,0.1113225783029295
1103,404,1507,0.11134626589752936
1094,403,1497,0.11135085924616032
1098,408,1506,0.11137733636796217
1108,402,1510,0.11139307247722824
1082,403,1485,0.11138501872236456
1087,410,1497,0.11143637744510336
1095,411,1506,0.11147218679853411
1096,414,1510,0.11148675052721896
1098,410,1508,0.1114976566729577
1099,411,1510,0.11150313801848863
1095,417,1512,0.11150630202291399
1112,413,1525,0.11151760684809389
1115,411,1526,0.11149031499900368
1097,410,1507,0.1114584656986651
1088,412,1500,0.11147172573252223
1086,415,1501,0.11150459572703947
1098,415,1513,0.11153954561887394
1086,411,1497,0.11154490654507775
1081,407,1488,0.11157659263681868
1084,410,1494,0.11161651936970717
1090,409,1499,0.1116464888381181
1078,406,1484,0.11166013870278334
1079,416,1495,0.11170169508002604
1086,424,1510,0.11173802856087126
1091,424,1515,0.1117555771899373
1091,422,1513,0.11176067598068498
1086,420,1506,0.11176618650784467
1082,426,1508,0.11178279392784064
1088,423,1511,0.11180714605039598
1075,423,1498,0.1118154461457678
1081,422,1503,0.11185294536687933
1082,419,1501,0.11187446083425816
1081,422,1503,0.11189257893992906
1074,423,1497,0.11191189072702894
1066,420,1486,0.11194596254678235
1071,429,1500,0.11199510459687473
1065,432,1497,0.11202994310598857
1062,434,1496,0.11207426882178961
1066,426,1492,0.11212245109483845
1074,424,1498,0.11215836732929621
1068,422,1490,0.11217327136422955
1068,421,1489,0.1122012193771986
1078,431,1509,0.11222882264545454
1079,431,1510,0.1122319829859861
1083,432,1515,0.11223225377085029
1075,433,1508,0.11222531763995136
1071,435,1506,0.11223540019455164
1053,431,1484,0.112253809642473
1058,436,1494,0.11231253090208494
1058,439,1497,0.11235505552048092
1053,442,1495,0.1123947047068116
1043,442,1485,0.11244179239643341
1053,444,1497,0.11250846342046136
1057,431,1488,0.11254714045370907
1056,440,1496,0.11257315788852734
1058,448,1506,0.11259928558099035
1058,445,1503,0.1126188942190587
1050,449,1499,0.11263750292078516
1047,451,1498,0.11267200412791929
1048,458,1506,0.11271098637303227
1052,458,1510,0.11274470026714348
1051,453,1504,0.11276772827645366
1052,453,1505,0.11279105189509642
1052,453,1505,0.11281058256809995
1049,448,1497,0.11282828407730763
1045,455,1500,0.11285047027579587
1048,458,1506,0.1128807323484898
1049,460,1509,0.11290219107644575
1056,466,1522,0.11291945759806833
1052,464,1516,0.11291923421594909
1045,465,1510,0.11292940029093902
1053,469,1522,0.11295494381184955
1043,471,1514,0.11296054191377738
1041,474,1515,0.11298917338813935
1054,463,1517,0.11302034008112596
1057,461,1518,0.11301795781442812
1048,468,1516,0.11300992302246451
1036,472,1508,0.11302395606382426
1033,475,1508,0.1130646083079999
1032,473,1505,0.11310975163883061
1028,474,1502,0.11315261184426145
1027,468,1495,0.1132012240855777
1024,476,1500,0.11324763071914605
1021,467,1488,0.11329783546782027
1018,478,1496,0.11335224204691037
1021,472,1493,0.11340967299763763
1031,472,1503,0.11345500414238507
1027,471,1498,0.11347362039806072
1009,479,1488,0.11350099201405672
1009,482,1491,0.11356775902533141
1017,483,1500,0.11362876424550855
1019,488,1507,0.1136678522241735
1007,494,1501,0.11369929464847031
1000,487,1487,0.113756541655333
1003,495,1498,0.11382634822889276
1009,497,1506,0.11388345918243434
1008,495,1503,0.11392213702205192
1014,500,1514,0.11396024581454867
1015,498,1513,0.11398051663472916
1016,497,1513,0.11399663398554562
1009,493,1502,0.11400979819566913
1012,485,1497,0.11403756703711654
1007,486,1493,0.1140557913204282
1013,485,1498,0.1140835122073208
1022,485,1507,0.11409620673936463
1017,483,1500,0.11408696489777888
1024,483,1507,0.114090873980028
1016,488,1504,0.11407874220271422
1004,486,1490,0.11408712258737022
1005,488,1493,0.11412380208457627
1012,492,1504,0.11415437847375548
1011,493,1504,0.1141660588900114
1013,493,1506,0.11417981966454577
1006,500,1506,0.11418753962807258
1003,497,1500,0.11421039451176343
995,502,1497,0.11423824826170292
995,505,1500,0.1142821638459715
993,502,1495,0.11432329157918449
1006,502,1508,0.11436670796239781
1001,506,1507,0.1143750755500783
991,507,1498,0.1143948968919844
1008,508,1516,0.11443856742047956
994,506,1500,0.11443769938932796
994,509,1503,0.1144703313166842
995,513,1508,0.11450078852530397
990,515,1505,0.11452743320153756
991,513,1504,0.11456340460099938
1001,507,1508,0.1145937180828256
998,505,1503,0.11459766251199124
1010,503,1513,0.1146078959896872
1005,500,1505,0.11458945960067528
1014,499,1513,0.11458412093181629
1006,503,1509,0.11455893656891572
999,499,1498,0.1145546185154822
1008,496,1504,0.11456623380702453
1008,492,1500,0.11455595373695987
1014,490,1504,0.11454670549214178
1007,491,1498,0.1145233026039551
993,495,1488,0.11451780825770441
988,491,1479,0.1145462751151728
998,500,1498,0.11458240294963006
1001,505,1506,0.11459156406183052
994,512,1506,0.11459402193962173
994,511,1505,0.1146125616729876
993,503,1496,0.11462983897328968
999,513,1512,0.11464663351561381
994,509,1503,0.11464742678697554
982,516,1498,0.11466107670218431
974,511,1485,0.11470193054636542
979,515,1494,0.11475900997903271
988,518,1506,0.11480104161175576
984,526,1510,0.11481761990998698
977,534,1511,0.11484255627841942
974,529,1503,0.11488192477186746
966,537,1503,0.11492423617240848
980,541,1521,0.11498217888496835
972,537,1509,0.11500257139508711
972,522,1494,0.11503998868681997
964,526,1490,0.11507521622340346
970,524,1494,0.11512451945451273
968,523,1491,0.11515514596289433
967,532,1499,0.1151885148136811
974,532,1506,0.11522158015179777
973,533,1506,0.11523629004401023
965,534,1499,0.1152524486887295
957,537,1494,0.11528569909855003
962,528,1490,0.11533340087354524
961,535,1496,0.11536514922687424
961,539,1500,0.11539855997206708
964,535,1499,0.11542951084084485
957,535,1492,0.11545019612883028
953,529,1482,0.11548666127418111
948,534,1482,0.11552940593569044
946,544,1490,0.11557993502384263
961,544,1505,0.11563069315277033
956,545,1501,0.11564310331872832
962,543,1505,0.11566690915248846
965,541,1506,0.11567450961240228
962,538,1500,0.11567428569289348
957,540,1497,0.11568100583136377
961,537,1498,0.11569868558005751
955,541,1496,0.11570427601733575
961,542,1503,0.11572391874961997
968,537,1505,0.11572874976302051
968,548,1516,0.1157173091555417
958,557,1515,0.11570769185144758
942,550,1492,0.1157234710817177
944,561,1505,0.11577596749648937
942,557,1499,0.11581859969166056
921,559,1480,0.1158629657186029
919,561,1480,0.11595368673211986
915,558,1473,0.11604251498383357
923,558,1481,0.11613268234276941
933,561,1494,0.11619551719313534
939,554,1493,0.11623043870744791
937,565,1502,0.11624887142528854
928,568,1496,0.11627147444796158
924,563,1487,0.1163124169356524
916,566,1482,0.11636085586667906
922,561,1483,0.11642447855976135
931,559,1490,0.1164695334273997
935,561,1496,0.11648875749102705
931,567,1498,0.11649812077588935
936,560,1496,0.11651580711178613
931,557,1488,0.11651962443926792
929,572,1501,0.11653622726713066
910,576,1486,0.11655657336588388
909,578,1487,0.11661872968485654
912,574,1486,0.11667862310876068
918,570,1488,0.11672608784299765
923,570,1493,0.11675539532472284
920,567,1487,0.11677148748227312
921,570,1491,0.1167954516985432
926,572,1498,0.1168151202173259
930,572,1502,0.11682103376036417
935,562,1497,0.11681686746767259
941,564,1505,0.1168012721656441
944,564,1508,0.11677326911226885
951,564,1515,0.1167401979636225
950,563,1513,0.11669239006819715
938,561,1499,0.11665261429238445
929,558,1487,0.11664308771026236
929,568,1497,0.11665592458414235
933,566,1499,0.11666763823717555
941,570,1511,0.11666736393674579
938,567,1505,0.116646829839116
932,568,1500,0.1166360537207365
937,572,1509,0.11664076534154023
933,569,1502,0.11663325034526068
937,574,1511,0.1166377199848517
930,572,1502,0.116632739773505
924,574,1498,0.1166435819470912
916,575,1491,0.11666701761799465
918,573,1491,0.1167081336107117
926,577,1503,0.11674105213908337
917,583,1500,0.11675205858793865
917,590,1507,0.11678340321520146
922,592,1514,0.11681334691241915
921,597,1518,0.11682999330276633
915,596,1511,0.11684786514271814
904,590,1494,0.11687914623518321
888,589,1477,0.11693395734368846
897,590,1487,0.11702272543866839
904,590,1494,0.11708370137395503
899,592,1491,0.11712318707488628
893,595,1488,0.11717106915227075
902,606,1508,0.11723103698253372
897,618,1515,0.11726488847647981
899,619,1518,0.11730695011143558
902,612,1514,0.1173409237490386
905,613,1518,0.11736663601587796
905,602,1507,0.11738446723753054
903,598,1501,0.11740034553098536
902,602,1504,0.11741945878534953
901,599,1500,0.11743854237153453
897,601,1498,0.1174593567059259
894,600,1494,0.11748783033322237
895,599,1494,0.11752197040204802
900,608,1508,0.11755220802641382
892,612,1504,0.1175696302153595
889,618,1507,0.11760593654015587
891,613,1504,0.11764725831757722
896,613,1509,0.11767987719600093
896,617,1513,0.1176984345636285
887,616,1503,0.11771605134256663
883,620,1503,0.11775413070226698
880,618,1498,0.11779982088067303
881,618,1499,0.1178506487238689
883,623,1506,0.11789565835090979
879,621,1500,0.11793210990200198
876,620,1496,0.11797531390561812
870,615,1485,0.11802302750616707
876,621,1497,0.11808215847849932
881,618,1499,0.11812174628052047
876,616,1492,0.11814762624241927
885,615,1500,0.11818297731994427
883,628,1511,0.11819473095953453
884,622,1506,0.11821095618946056
883,623,1506,0.11822282100668413
876,620,1496,0.11823833266941836
886,624,1510,0.11826929171146551
881,621,1502,0.11827392084967858
877,625,1502,0.11829153826329947
873,623,1496,0.11831570701237606
873,632,1505,0.11834825756027126
878,630,1508,0.1183777988470667
872,632,1504,0.11839318551079149
865,632,1497,0.11842221898527601
873,643,1516,0.11846578912007848
861,634,1495,0.11848561439185708
856,635,1491,0.11853194966034085
858,639,1497,0.11858619882615531
852,644,1496,0.11863116752215067
855,644,1499,0.1186876883555362
859,643,1502,0.11873229798878797
862,644,1506,0.11876435325608511
860,642,1502,0.11878702795450813
854,640,1494,0.11881300119229021
852,646,1498,0.11885160722212838
857,654,1511,0.11889279832261902
859,656,1515,0.11892062094153942
862,656,1518,0.11894129255620811
873,646,1519,0.11895398306837826
861,649,1510,0.11894080466805258
857,652,1509,0.1189584982290006
862,654,1516,0.1189840871233243
866,661,1527,0.11899572657192785
870,661,1531,0.11899737532843549
865,662,1527,0.11898907901226133
869,658,1527,0.11899442107427674
860,660,1520,0.11898941471913783
855,656,1511,0.11900577304026942
843,652,1495,0.11903402177334704
848,662,1510,0.11909045395837169
840,658,1498,0.1191307992519616
848,651,1499,0.11918683218758222
854,650,1504,0.11921848275905096
840,656,1496,0.11923271323684614
845,663,1508,0.11927922753371746
843,658,1501,0.11931024528758179
846,659,1505,0.11934305321201215
853,660,1513,0.1193668061321732
845,658,1503,0.11937162798996258
839,656,1495,0.11939683973373671
846,644,1490,0.11943312049787808
848,650,1498,0.1194495011125421
844,659,1503,0.11945898551019912
832,668,1500,0.1194783145590532
826,670,1496,0.11952393367576636
839,676,1515,0.11958013659518638
834,681,1515,0.11960289733293669
844,682,1526,0.11963646062967033
835,676,1511,0.11964351031549342
839,675,1514,0.11967356825539037
843,670,1513,0.11969109364859239
828,672,1500,0.11969737909598013
828,665,1493,0.11973801920994971
824,658,1482,0.11977502689970716
829,660,1489,0.11981979111009763
841,659,1500,0.11984864813616991
842,664,1506,0.11984480564198988
842,661,1503,0.11983933381021393
831,676,1507,0.11983401601512528
823,678,1501,0.11985649344387078
825,671,1496,0.11989520512573115
832,663,1495,0.11992526818499288
835,662,1497,0.1199351223938864
829,668,1497,0.11993553054440259
828,669,1497,0.11995177788235882
827,673,1500,0.11997069297211008
823,680,1503,0.11999148541540873
827,682,1509,0.12001938367815419
827,673,1500,0.12003571384110749
838,678,1516,0.12005278258706195
837,679,1516,0.12004093985914265
838,674,1512,0.12003397391659529
842,671,1513,0.12002605977309608
829,674,1503,0.12000770485611303
831,674,1505,0.12002251197126251
828,681,1509,0.12003100948219464
832,689,1521,0.12004533579531838
824,686,1510,0.120049059937397
830,687,1517,0.12007277883427613
831,684,1515,0.12007939727867041
830,682,1512,0.12008296353933731
837,685,1522,0.12008692967447093
829,686,1515,0.12007346004459027
830,687,1517,0.12007999383105257
818,690,1508,0.12008438741815813
819,685,1504,0.12011821037829953
818,692,1510,0.12014735550436635
811,684,1495,0.12017733458670339
809,679,1488,0.12022062339868628
815,686,1501,0.12026436981462003
814,692,1506,0.12028878560844286
814,682,1496,0.12031365645633346
817,691,1508,0.12033753865180977
811,691,1502,0.12035284556992243
819,695,1514,0.12038294926966742
817,700,1517,0.1203907728391273
817,698,1515,0.12040367550455269
809,693,1502,0.12041595454505583
811,685,1496,0.12044437373019981
809,681,1490,0.12046718770966092
812,691,1503,0.12049538586864074
799,706,1505,0.12051550766494813
800,691,1491,0.120566399635003
802,684,1486,0.12061059535644045
801,695,1496,0.12064560595375276
797,695,1492,0.12067992175915948
801,705,1506,0.12072102534652758
812,706,1518,0.12074819389887854
806,703,1509,0.12074590475605593
805,702,1507,0.12075925014545687
804,710,1514,0.1207729977589926
805,716,1521,0.12079081631070561
795,718,1513,0.1208049191163993
795,719,1514,0.12084329204986373
790,717,1507,0.12087970039804999
790,716,1506,0.12092528304725224
782,720,1502,0.12096740432579578
787,719,1506,0.12102505198519058
795,717,1512,0.12106636956033713
792,710,1502,0.12108363322410685
796,717,1513,0.12110678734509829
794,714,1508,0.12111805437083786
789,709,1498,0.12113270745148354
790,714,1504,0.12115936828242158
788,715,1503,0.12118050876029386
778,715,1493,0.1212050838789479
768,731,1499,0.12125277788573713
763,731,1494,0.12132013690464945
773,732,1505,0.12139445990823898
772,736,1508,0.12143889470631003
776,728,1504,0.12148318278633585
789,731,1520,0.12151364970026858
792,730,1522,0.12151069868537213
788,730,1518,0.12150007829260386
792,727,1519,0.12149998891143529
787,729,1516,0.12148989594551535
790,722,1512,0.12149415078598366
791,721,1512,0.12148977011483135
784,718,1502,0.12148364577021178
773,716,1489,0.12149729250671648
776,728,1504,0.12153750223907203
772,727,1499,0.12156520436719989
788,720,1508,0.12160030678966427
774,729,1503,0.12159227513434263
763,734,1497,0.121619995910709
773,740,1513,0.12167226194835169
765,744,1509,0.1216951434626565
768,739,1507,0.12173483147903137
771,737,1508,0.12176413232500498
768,734,1502,0.12178620843764755
769,744,1513,0.12181469550222009
758,736,1494,0.12183959468176209
757,739,1496,0.1218906273275574
760,752,1512,0.12194071664196603
765,757,1522,0.12198119223568898
762,751,1513,0.12200558283740091
768,758,1526,0.12203538438024118
749,760,1509,0.12204842793666558
752,757,1509,0.12210795961385909
757,758,1515,0.12215566410804875
763,753,1516,0.12218818034471302
761,749,1510,0.12220266421339114
752,751,1503,0.12222030938780445
750,749,1499,0.12225943597120086
754,749,1503,0.12229931100785928
749,746,1495,0.12232667932484156
753,758,1511,0.12236491674924711
761,754,1515,0.12239050786265797
759,754,1513,0.12239352576799652
754,755,1509,0.1224020446042842
754,751,1505,0.12242382882201232
760,742,1502,0.12244383506453647
751,747,1498,0.12244696785587887
748,754,1502,0.12247169929390633
746,774,1520,0.12250318006523374
746,759,1505,0.12253616849095948
746,758,1504,0.12256707906174494
745,752,1497,0.12259562152915439
747,746,1493,0.122623947328166
738,749,1487,0.1226446010537519
739,742,1481,0.12268595021484753
729,742,1471,0.12272261904408385
735,752,1487,0.122782472691519
736,756,1492,0.12282302973619892
736,758,1494,0.12285894090945369
746,761,1507,0.12289335813479674
741,756,1497,0.12289934292357732
741,756,1497,0.12291694165814249
753,756,1509,0.12293235906307282
745,758,1503,0.12291787667503552
743,750,1493,0.12292581571641645
738,743,1481,0.12293707145775659
736,747,1483,0.12296054803006098
746,760,1506,0.12298748813747797
744,766,1510,0.1229877479897445
750,755,1505,0.12299314444824397
745,757,1502,0.12298325974287297
745,764,1509,0.1229873812477451
750,756,1506,0.12299369744701043
747,755,1502,0.12298699545691835
745,764,1509,0.12298834439100002
742,772,1514,0.12299334214620519
745,776,1521,0.12300524425060132
737,773,1510,0.12300954153053466
736,769,1505,0.12303283224603928
743,777,1520,0.12305802544027346
742,780,1522,0.12306414817915812
744,774,1518,0.12307393563009728
736,773,1509,0.12307672032869497
728,785,1513,0.12309878236835586
731,773,1504,0.12313886291591995
734,780,1514,0.12316949823609967
727,773,1500,0.12319114890887285
719,774,1493,0.12322794347853354
714,782,1496,0.12328286401947057
715,788,1503,0.12334831329812847
718,785,1503,0.12340620091798257
717,787,1504,0.12345296000907258
725,785,1510,0.12349780965612116
734,784,1518,0.12351832298692637
723,774,1497,0.12351392067380938
725,782,1507,0.1235355045848511
724,774,1498,0.12355221464891933
726,787,1513,0.12357033440955434
715,785,1500,0.12358234021878971
727,781,1508,0.12362030218814389
725,786,1511,0.12362614993875319
720,777,1497,0.12363619119412488
712,779,1491,0.12365690810425826
710,783,1493,0.12369522597529733
711,779,1490,0.12373473707211413
718,772,1490,0.12376880679519227
720,782,1502,0.12378198062181314
722,784,1506,0.12378978778067698
727,780,1507,0.12379250139348612
727,780,1507,0.12378274889527141
724,792,1516,0.12377473549712971
725,791,1516,0.1237724382388482
725,782,1507,0.12376814742099701
729,778,1507,0.12376471250527515
733,779,1512,0.12375225289763694
730,780,1510,0.12373252372457219
725,788,1513,0.12372273140647445
726,793,1519,0.12372677525040983
718,790,1508,0.12372851893921766
713,799,1512,0.12375033795244336
711,811,1522,0.12378335615194569
700,808,1508,0.12381839443309271
698,811,1509,0.12387924723375537
699,811,1510,0.12394106156482279
704,814,1518,0.12399563137324038
697,817,1514,0.12403343069489664
685,809,1494,0.12408634865264823
685,816,1501,0.12416490991739908
686,799,1485,0.12423685757638957
698,805,1503,0.12430159468231387
691,806,1497,0.12433024262796426
681,817,1498,0.12437572389474603
672,815,1487,0.1244435905561029
671,825,1496,0.1245292038896734
672,843,1515,0.12461247466402871
674,850,1524,0.12468661512825129
682,843,1525,0.12475052304098105
678,841,1519,0.12479130103952596
679,844,1523,0.12484012852485767
662,842,1504,0.12488374798541668
662,838,1500,0.12496621167860779
660,848,1508,0.1250401696114751
659,844,1503,0.12511355068606003
660,831,1491,0.12518453266159085
652,839,1491,0.125247767694811
644,843,1487,0.12532630908904335
649,850,1499,0.12541853033159783
648,849,1497,0.12549147279472378
645,854,1499,0.1255624374945603
650,856,1506,0.12563538743799152
661,853,1514,0.12568993400731976
653,847,1500,0.12571289012969333
653,847,1500,0.12575475144430245
651,844,1495,0.1257928301741848
648,842,1490,0.12583306100577418
652,843,1495,0.1258785363503164
653,826,1479,0.12591068358946256
656,833,1489,0.12593729369428155
657,840,1497,0.1259541287766157
660,847,1507,0.12596689365245098
652,848,1500,0.12597094256612723
654,840,1494,0.1259947479504405
655,831,1486,0.12601042944177976
660,840,1500,0.12602198444504029
664,842,1506,0.12602142863808644
670,846,1516,0.12601104374152222
667,842,1509,0.12598697979084772
667,852,1519,0.12597275192690102
659,850,1509,0.12595977917163187
647,855,1502,0.12596538137589072
657,853,1510,0.12600118965991775
659,848,1507,0.12600871255471868
667,841,1508,0.12601021890446717
665,844,1509,0.12599208397967676
668,841,1509,0.1259805822873531
666,844,1510,0.12596189926871287
663,849,1512,0.12595045754702677
661,845,1506,0.12594659012497036
657,851,1508,0.1259475565414087
656,846,1502,0.12595925709647277
650,849,1499,0.1259730025455012
642,846,1488,0.12600208192461243
646,849,1495,0.12604910600840744
647,851,1498,0.12608289644385898
646,861,1507,0.12611102972633983
645,856,1501,0.1261397786769753
647,849,1496,0.12616897465024232
651,851,1502,0.12619211965854465
658,852,1510,0.1262033610518927
653,849,1502,0.12619537879884368
653,850,1503,0.12620120349277172
650,849,1499,0.12620669527587278
652,846,1498,0.12621820549516546
652,844,1496,0.12622449071290423
659,851,1510,0.12622933406980963
666,845,1511,0.1262158672569614
671,848,1519,0.12618604699799638
669,848,1517,0.12614380332284506
671,847,1518,0.12611016564505928
665,849,1514,0.1260750812110903
664,844,1508,0.12605781748588454
659,842,1501,0.12604345912887763
654,850,1504,0.12604321325016332
646,859,1505,0.12605603189758827
641,863,1504,0.1260890993872782
646,860,1506,0.12613199714350837
644,855,1499,0.1261582339075579
645,861,1506,0.1261875404952216
647,865,1512,0.12621133514928348
650,856,1506,0.12622840883717665
643,857,1500,0.12623564608776888
646,858,1504,0.12626071157138277
650,866,1516,0.12627613126708023
645,860,1505,0.12628011709391104
642,869,1511,0.12629723765195744
646,872,1518,0.12632007143611695
640,871,1511,0.12633155678307528
647,870,1517,0.12635656752259494
642,868,1510,0.12636446491277042
633,865,1498,0.12638412256008824
621,865,1486,0.12642384202015028
631,871,1502,0.12649142426889692
638,867,1505,0.12652784351184493
639,864,1503,0.12654328944324714
642,875,1517,0.12655706227134544
644,879,1523,0.12656158728252187
642,879,1521,0.12656047215296534
640,878,1518,0.12656469722494207
638,882,1520,0.12657403934837894
622,887,1509,0.12658681107350106
606,883,1489,0.12663931515472357
608,877,1485,0.12672696762884886
626,872,1498,0.12680224308979626
628,872,1500,0.12682695930743018
621,872,1493,0.12684501764198308
624,878,1502,0.12687992743453666
615,875,1490,0.12690601696539863
619,880,1499,0.12695280242906404
622,880,1502,0.12698715127771115
615,883,1498,0.12701097516545
613,887,1500,0.12705057984628143
609,896,1505,0.12709239758355004
602,904,1506,0.12714135538130691
605,897,1502,0.12720558236720106
606,897,1503,0.12725852414655656
602,899,1501,0.12730653017968724
607,905,1512,0.12736164629332705
599,903,1502,0.12739914753847567
594,897,1491,0.12745418287682309
599,895,1494,0.12751867975061287
595,895,1490,0.1275655455771491
604,896,1500,0.12761952413128883
600,899,1499,0.12764643880495602
602,901,1503,0.12768224248765622
598,893,1491,0.12771008674044745
599,908,1507,0.12774629151346117
609,899,1508,0.12777727360400246
608,891,1499,0.1277804632307903
599,892,1491,0.12778632398853493
598,900,1498,0.12781580549991237
594,902,1496,0.12784523851903867
600,906,1506,0.12788324519775537
597,907,1504,0.12790250585135862
595,906,1501,0.12792737618582
598,905,1503,0.12795523227562172
602,908,1510,0.12797350750768263
594,908,1502,0.1279788797818428
593,922,1515,0.12800600844296178
590,919,1509,0.12803249058547497
597,922,1519,0.1280663803802534
594,913,1507,0.12807991367166863
598,913,1511,0.1281011006237654
585,926,1511,0.12811081478871117
587,927,1514,0.1281538061462991
582,920,1502,0.12818751076708917
582,925,1507,0.12823078965050969
582,917,1499,0.12827095708014968
584,926,1510,0.12830653954940757
585,927,1512,0.12833432073463638
581,925,1506,0.12835652437337114
584,920,1504,0.1283867087117166
586,922,1508,0.12840626000964084
588,927,1515,0.12841959662650976
585,915,1500,0.12842791692407218
587,913,1500,0.12844299470579615
578,921,1499,0.12845227841661952
574,926,1500,0.1284839523676711
572,942,1514,0.12852589929413694
571,935,1506,0.1285701918525245
570,932,1502,0.1286159676086638
570,940,1510,0.12866138692069728
564,940,1504,0.12870249600676
569,956,1525,0.1287561486587429
563,953,1516,0.12879283407071795
565,947,1512,0.1288427663982694
570,942,1512,0.12888377803905587
563,945,1508,0.1289085216538509
557,939,1496,0.12894888344240704
554,946,1500,0.12900090734392214
552,949,1501,0.12905786051141582
551,956,1507,0.12911740960506526
546,962,1508,0.1291759774481456
540,971,1511,0.12924293556340163
540,970,1510,0.12932151405664286
544,966,1510,0.12939366903829216
530,975,1505,0.12945081314054846
536,967,1503,0.12954188904747144
532,963,1495,0.12961134128860777
529,968,1497,0.12968450212886748
538,959,1497,0.12975991046889365
534,961,1495,0.12980695887486082
534,969,1503,0.12986189611075527
530,969,1499,0.12991260630353474
529,970,1499,0.12996945142883864
525,966,1491,0.13002478597412104
530,969,1499,0.1300869628486445
527,982,1509,0.13013167245689744
527,977,1504,0.13018085558778503
532,981,1513,0.13022683570745322
531,984,1515,0.1302572081090309
537,978,1515,0.1302881794152864
541,986,1527,0.13030088602741371
532,988,1520,0.13030291943100403
538,983,1521,0.1303286542667751
527,987,1514,0.1303363360325494
528,988,1516,0.13037272622336263
539,982,1521,0.13040434482043237
527,987,1514,0.1304053215522874
527,988,1515,0.13043882652981514
526,976,1502,0.13046916662108457
514,988,1502,0.13049905272746698
515,974,1489,0.13055863475047977
516,976,1492,0.13061127931516933
508,969,1477,0.1306585097918261
509,983,1492,0.13072366730969795
507,993,1500,0.1307818409557892
514,1001,1515,0.13084139293232652
509,1000,1509,0.13087826674634365
502,997,1499,0.13092697067065642
503,1013,1516,0.13099189436450456
498,1004,1502,0.13104934248821334
500,1000,1500,0.13111750413004214
497,989,1486,0.13117567270412916
493,1002,1495,0.1312373547572193
497,1010,1507,0.13130515564769485
486,1011,1497,0.13135832154103044
482,1014,1496,0.1314379092464512
498,1022,1520,0.13152446087460634
491,1028,1519,0.13156403804132796
499,1025,1524,0.1316209496003557
499,1025,1524,0.13165276155680125
480,1023,1503,0.13168008017409358
484,1028,1512,0.1317564378307507
486,1016,1502,0.13181784901716015
484,1023,1507,0.13187117341918284
482,1011,1493,0.1319261156672081
484,1009,1493,0.13198366485529078
486,1001,1487,0.13203096354212832
484,1004,1488,0.1320673038353274
486,1021,1507,0.13210605335251668
486,1035,1521,0.13213903036191407
477,1036,1513,0.13217058119666528
471,1036,1507,0.13222395422316666
470,1031,1501,0.13228875072545448
467,1036,1503,0.1323513825797695
472,1028,1500,0.13241678276769062
470,1037,1507,0.13246498720492156
466,1029,1495,0.13251516409639763
460,1031,1491,0.13257195635182117
461,1040,1501,0.13264062821229786
464,1037,1501,0.1327020136215474
461,1033,1494,0.1327513110267346
465,1033,1498,0.13280471389560403
461,1035,1496,0.13284374789007075
467,1040,1507,0.13289175675289813
464,1048,1512,0.13292044571102432
469,1057,1526,0.1329546220967318
467,1051,1518,0.13297416675336854
468,1052,1520,0.13299750568523538
468,1061,1529,0.13301632963316698
468,1049,1517,0.13303459743435223
464,1053,1517,0.13305223411080572
463,1054,1517,0.1330792898210661
458,1062,1520,0.13310709436353801
460,1049,1509,0.1331471683596607
465,1045,1510,0.13317884161077317
462,1045,1507,0.1331949343847429
469,1053,1522,0.13321753480030118
464,1044,1508,0.13321938543250497
458,1051,1509,0.13323442206921052
460,1051,1511,0.1332654231865832
464,1044,1508,0.1332893747647631
459,1034,1493,0.13330045976861854
460,1042,1502,0.13332473074402962
467,1024,1491,0.1333431143885379
475,1030,1505,0.13334170431145284
473,1037,1510,0.13331822088921588
466,1038,1504,0.1333015584097545
464,1036,1500,0.1333066747115345
459,1032,1491,0.1333156973761132
451,1045,1496,0.1333370373990191
456,1047,1503,0.1333781727122538
460,1040,1500,0.13340343562035872
454,1045,1499,0.13341661548208072
453,1047,1500,0.13344447675799745
460,1050,1510,0.1334731900182048
456,1047,1503,0.1334819172394831
460,1047,1507,0.13350064099441017
455,1062,1517,0.13350835786148152
446,1069,1515,0.13352967091116913
446,1066,1512,0.13357367366405815
441,1073,1514,0.13361462248942746
444,1069,1513,0.13366605720241848
441,1073,1514,0.13370475511470092
439,1082,1521,0.13374913611370057
436,1079,1515,0.1337958542441743
434,1070,1504,0.1338471127809266
429,1072,1501,0.1339005830389176
433,1075,1508,0.13396371090318712
438,1081,1519,0.13401261511241358
435,1087,1522,0.13404420926791327
435,1080,1515,0.13408088715201052
431,1082,1513,0.13411508934631278
437,1093,1530,0.13415740307195909
432,1081,1513,0.1341805550145926
430,1078,1508,0.13421545312965302
423,1088,1511,0.13425295585129463
428,1098,1526,0.134307118803874
421,1095,1516,0.13434435568481912
428,1095,1523,0.13439756978355522
429,1088,1517,0.13442880530267085
425,1086,1511,0.13445489711339298
433,1082,1515,0.13448981942441868
440,1088,1528,0.13450125252290923
436,1088,1524,0.13449302652007977
424,1090,1514,0.1344971958338536
427,1093,1520,0.13453457250541442
426,1089,1515,0.13456159965467535
421,1097,1518,0.13458960930634928
416,1102,1518,0.13462919508787935
415,1111,1526,0.1346790727257219
404,1096,1500,0.1347284561360059
398,1106,1504,0.13480318652329115
392,1107,1499,0.13488889803221044
393,1110,1503,0.13498524120791283
399,1111,1510,0.13507149995666284
394,1112,1506,0.13513602594780955
393,1117,1510,0.13520927484191891
383,1129,1512,0.135280288423415
383,1124,1507,0.13537286883105495
381,1127,1508,0.13545988032348086
384,1122,1506,0.1355470636956927
384,1131,1515,0.13562122997109782
381,1130,1511,0.1356905201211833
377,1136,1513,0.13576372948209073
369,1143,1512,0.13584271013686702
373,1129,1502,0.13593807130983238
375,1136,1511,0.136016752515306
373,1140,1513,0.13608514344591638
375,1137,1512,0.13615386273924038
371,1138,1509,0.1362134664041074
374,1133,1507,0.1362799221065611
368,1140,1508,0.136334176065004
361,1147,1508,0.13640168501873598
359,1148,1507,0.13648428136140228
367,1153,1520,0.13656621200267505
365,1151,1516,0.13662097393798123
365,1165,1530,0.13667718852294494
357,1168,1525,0.13673023986105387
350,1169,1519,0.1368010979866607
355,1177,1532,0.13688798017698234
352,1167,1519,0.13695531680024878
353,1167,1520,0.13702628999333796
348,1170,1518,0.13708933447358507
346,1164,1510,0.1371618589294854
343,1165,1508,0.13723411131541707
338,1178,1516,0.13730995343964403
332,1175,1507,0.13739413280253823
339,1183,1522,0.1374883370537004
342,1190,1532,0.13755667759039794
344,1193,1537,0.13761311915945737
341,1189,1530,0.1376611496675928
341,1180,1521,0.13771327807397152
332,1182,1514,0.1377621612553405
328,1178,1506,0.13783218009454995
327,1184,1511,0.13790865210298706
327,1181,1508,0.13798297689697023
322,1196,1518,0.1380535274286998
323,1195,1518,0.13813269305553522
321,1195,1516,0.13820448389061732
322,1210,1532,0.1382761776205122
325,1206,1531,0.1383414081424119
317,1201,1518,0.13839399584960613
315,1212,1527,0.13846539223825188
311,1218,1529,0.1385382125383688
309,1229,1538,0.13861664520681063
306,1218,1524,0.13869412285200378
297,1215,1512,0.13877377037105887
302,1207,1509,0.13887278491629998
303,1206,1509,0.13895259031316246
301,1213,1514,0.13902501921173566
299,1210,1509,0.13909875343125452
296,1194,1490,0.13917310622683832
294,1213,1507,0.13925030451405448
296,1225,1521,0.13932738277696471
300,1216,1516,0.13939355213920993
297,1207,1504,0.13944421525248865
295,1207,1502,0.13949967613373243
295,1209,1504,0.1395561308648254
292,1209,1501,0.1396075423948088
290,1211,1501,0.1396636479839059
288,1207,1495,0.13972172181396836
286,1211,1497,0.13978237140375926
287,1227,1514,0.139844334785142
283,1222,1505,0.13989945320781588
286,1232,1518,0.13996216990452903
280,1229,1509,0.14001226404266146
274,1221,1495,0.14007514545596983
267,1221,1488,0.140150231777728
272,1225,1497,0.1402396228429997
269,1235,1504,0.14030968183362252
267,1234,1501,0.14038391515604687
262,1226,1488,0.1404584587539009
253,1232,1485,0.14054250009239222
254,1253,1507,0.14064665162809653
253,1248,1501,0.14073997458841267
251,1252,1503,0.14083087920828355
247,1258,1505,0.14092146656975102
248,1258,1506,0.14101736741320547
251,1251,1502,0.14110429502850663
253,1265,1518,0.14117707429118068
253,1269,1522,0.14123952052663755
252,1274,1526,0.14129769797440794
247,1266,1513,0.1413550721834029
249,1273,1522,0.14142319188720884
251,1275,1526,0.14148082146359606
245,1274,1519,0.14152835000927297
238,1291,1529,0.14158994534929717
236,1292,1528,0.14166758452083728
234,1288,1522,0.1417455840410311
231,1272,1503,0.14182431073403565
232,1283,1515,0.14190624211580397
226,1288,1514,0.14197972592777106
229,1287,1516,0.14206525558468966
221,1295,1516,0.14213659440967927
223,1292,1515,0.14222584549608958
220,1301,1521,0.14230478825006063
220,1293,1513,0.14238746870306726
219,1295,1514,0.14246465131623035
222,1298,1520,0.1425398913911571
223,1301,1524,0.14260236646965116
220,1297,1517,0.14265759894840857
221,1288,1509,0.14271754636231684
224,1279,1503,0.14277045578698858
222,1276,1498,0.14281179845708697
227,1289,1516,0.14285561143378112
228,1299,1527,0.14288256224797433
227,1300,1527,0.14290500809756954
229,1294,1523,0.14292892037352922
227,1296,1523,0.14294491794575062
232,1288,1520,0.14296420109894373
230,1281,1511,0.14296727874216017
231,1277,1508,0.14297702625879255
229,1283,1512,0.14298269220962503
227,1279,1506,0.14299371671469152
227,1273,1500,0.14301140247809396
229,1273,1502,0.14302802536314496
224,1286,1510,0.1430375590616427
222,1289,1511,0.14306030192940983
223,1292,1515,0.14308651512270323
226,1297,1523,0.14310718498393424
227,1294,1521,0.14311763164292512
227,1293,1520,0.14312467737983414
219,1282,1501,0.1431305537243212
219,1292,1511,0.1431590880388115
220,1283,1503,0.1431858922426569
219,1285,1504,0.14320808495626397
224,1299,1523,0.14323167261095773
224,1295,1519,0.1432393065096083
225,1287,1512,0.14324624134879171
217,1293,1510,0.14324966429965028
211,1304,1515,0.14327548823485464
207,1297,1504,0.1433155659439571
211,1290,1501,0.14336487038205867
206,1307,1513,0.1433995760284291
210,1305,1515,0.14344752170497616
211,1307,1518,0.14347955371780596
208,1310,1518,0.14350635152673918
202,1302,1504,0.1435399898810244
201,1314,1515,0.14358828340561736
201,1314,1515,0.14363593296565763
200,1305,1505,0.14368043655748095
194,1321,1515,0.1437237000475081
192,1316,1508,0.14378092701469242
195,1308,1503,0.14384051411970844
197,1311,1508,0.14388762467209482
195,1316,1511,0.14392649624678022
191,1310,1501,0.14396774171258184
188,1303,1491,0.14401794448903266
185,1314,1499,0.14407313645896905
190,1320,1510,0.1441335521216969
189,1315,1504,0.14417482610947438
190,1316,1506,0.14421685730822034
188,1325,1513,0.14425346292389268
190,1324,1514,0.14429361855683967
189,1328,1517,0.14432527084086988
187,1317,1504,0.1443581066610034
192,1316,1508,0.14439436143214265
188,1314,1502,0.14441389689629397
187,1308,1495,0.1444439146455236
182,1332,1514,0.1444749332765129
178,1337,1515,0.1445191483416185
179,1330,1509,0.14457193025171594
180,1338,1518,0.14461821512560763
180,1338,1518,0.14465850661417848
182,1335,1517,0.14469595576961397
182,1345,1527,0.1447248467466567
181,1346,1527,0.1447517037361475
181,1342,1523,0.14477962043254777
179,1329,1508,0.14480558181020237
177,1322,1499,0.14483569768182658
183,1316,1499,0.14487012929554993
185,1319,1504,0.14488379494989323
185,1339,1524,0.14489059660751644
181,1346,1527,0.14489658222339402
182,1343,1525,0.1449135373512685
183,1337,1520,0.14492603708845256
183,1339,1522,0.14493503168335375
184,1335,1519,0.14494364930799886
186,1344,1530,0.14494862385337978
185,1346,1531,0.14494761357110725
181,1336,1517,0.1449494940415036
179,1326,1505,0.1449628675295075
177,1324,1501,0.14498083445539858
179,1339,1518,0.14500381555506855
176,1337,1513,0.14501946821866776
171,1340,1511,0.1450432644585974
168,1343,1511,0.14508037205386817
169,1345,1514,0.14512366521024933
166,1356,1522,0.1451611893671056
163,1359,1522,0.1452051749280302
163,1358,1521,0.1452554594338679
163,1344,1507,0.14530227326806155
168,1349,1517,0.14534626892943997
165,1345,1510,0.14537241521708513
164,1348,1512,0.14540596568805264
166,1345,1511,0.1454404516671025
161,1341,1502,0.14546705558069006
165,1347,1512,0.14550670835855156
166,1351,1517,0.14553192436284082
161,1361,1522,0.14555251808034694
164,1351,1515,0.14558646731238867
162,1343,1505,0.14560893549859294
163,1343,1506,0.1456361248686144
168,1347,1515,0.14565896969759273
165,1356,1521,0.14566538832657563
163,1358,1521,0.14568023320793533
166,1347,1513,0.14569996861842427
169,1331,1500,0.1457096557944989
163,1339,1502,0.14571004944926513
163,1334,1497,0.14572891283599007
163,1344,1507,0.14574603458160168
164,1347,1511,0.1457616472243456
164,1359,1523,0.14577284474069807
164,1361,1525,0.14578316908656944
168,1348,1516,0.14579267777308114
170,1354,1524,0.14579034337957647
171,1342,1513,0.14578222444768268
170,1350,1520,0.1457719079149686
169,1346,1515,0.14576522760026012
164,1343,1507,0.14576233884148107
161,1343,1504,0.14577484704699095
158,1343,1501,0.14579557613737912
163,1353,1516,0.14582437142061588
161,1356,1517,0.14583625942396247
158,1349,1507,0.1458532208772943
157,1356,1513,0.14587822197522013
159,1354,1513,0.14590497069222036
157,1351,1508,0.14592424803083456
159,1351,1510,0.14594866889779834
159,1345,1504,0.1459658442605729
163,1343,1506,0.14598191087843818
165,1343,1508,0.14598514926210465
165,1340,1505,0.1459822530582393
167,1345,1512,0.1459796462432418
170,1341,1511,0.1459717543596583
166,1343,1509,0.1459550108979521
170,1342,1512,0.14595149625692297
169,1343,1512,0.14593632678478483
169,1344,1513,0.14592470257606183
165,1339,1504,0.145913902222394
163,1341,1504,0.14591627505643456
163,1353,1516,0.1459245384740276
163,1359,1522,0.145932281555399
163,1349,1512,0.14593906585023372
164,1332,1496,0.14594558004993738
163,1356,1519,0.14594922712389388
166,1362,1528,0.1459556051498104
166,1366,1532,0.14595268508730044
169,1362,1531,0.145950203331076
167,1366,1533,0.14593851535166336
162,1361,1523,0.1459336037544906
162,1364,1526,0.14594385186178463
161,1351,1512,0.14595342224401825
157,1358,1515,0.1459649933650303
155,1356,1511,0.14598759541565998
154,1362,1516,0.1460147853648604
160,1359,1519,0.14604301508624545
157,1356,1513,0.14605169712485508
163,1342,1505,0.14606890614917326
160,1347,1507,0.14606704287810923
162,1353,1515,0.14607433211372128
159,1368,1527,0.14607506401411754
157,1376,1533,0.14608469641882124
161,1370,1531,0.1460999123815422
161,1365,1526,0.1461028094728043
163,1357,1520,0.1461055618875079
161,1349,1510,0.1461025216418209
166,1351,1517,0.14610536919524114
163,1361,1524,0.14609318492921022
160,1357,1517,0.1460905742602357
160,1354,1514,0.14609688864247147
159,1355,1514,0.14610342617227368
162,1366,1528,0.14611316545690528
165,1358,1523,0.14611330005180762
163,1355,1518,0.146104681415459
162,1352,1514,0.1461025989054351
159,1356,1515,0.1461035404568094
159,1367,1526,0.1461131494517756
161,1376,1537,0.14612228790611742
163,1368,1531,0.1461252117240766
162,1349,1511,0.14612237184524957
154,1337,1491,0.14612250737917523
160,1339,1499,0.1461456468167751
161,1336,1497,0.14614887211872685
163,1328,1491,0.14614841203870133
160,1331,1491,0.14614232099014085
161,1321,1482,0.14614591988313602
160,1336,1496,0.1461470510398791
160,1350,1510,0.14615068909555576
159,1353,1512,0.14615436058049178
160,1341,1501,0.14616033053331376
155,1337,1492,0.14616385981790472
158,1344,1502,0.14618160460221333
159,1340,1499,0.1461899015002853
159,1340,1499,0.14619493258373567
153,1352,1505,0.1461999998882174
150,1356,1506,0.14622306353256614
150,1364,1514,0.1462538979294525
154,1372,1526,0.14628299676007497
153,1381,1534,0.14629856891463627
151,1369,1520,0.1463167503017589
149,1365,1514,0.14633998930856978
150,1355,1505,0.14636758943553552
145,1352,1497,0.14639017614398944
145,1362,1507,0.14642577741564616
144,1367,1511,0.14645891640283545
145,1359,1504,0.14649289348117864
144,1367,1511,0.14652199757836437
143,1362,1505,0.14655235474836348
141,1375,1516,0.14658368273536054
137,1382,1519,0.14661865405044103
141,1374,1515,0.14666277044226844
141,1377,1518,0.14669226008610312
141,1369,1510,0.14671981514528912
141,1379,1520,0.1467453662377548
138,1382,1520,0.14676965079633575
139,1380,1519,0.14680096221849656
140,1371,1511,0.14682677853646406
145,1366,1511,0.14684799220636563
140,1365,1505,0.14685285068282056
144,1364,1508,0.14687252846924193
146,1373,1519,0.146878713753006
147,1368,1515,0.14687832454238653
143,1366,1509,0.14687563745904672
140,1380,1520,0.1468847899890402
142,1378,1520,0.1469021760578773
138,1376,1514,0.14691265696657974
135,1398,1533,0.146933627739941
136,1394,1530,0.14696160980492137
139,1386,1525,0.14698549656917204
138,1391,1529,0.14699872912305945
132,1390,1522,0.14701392716750683
133,1386,1519,0.14704627911530568
132,1379,1511,0.14707308738459965
136,1387,1523,0.14710103043860154
136,1389,1525,0.14711536309996456
134,1392,1526,0.14712828144320017
134,1383,1517,0.14714658667285072
132,1379,1511,0.1471634323242491
132,1378,1510,0.14718546369510868
132,1366,1498,0.14720595770436057
131,1366,1497,0.14722526774578173
127,1364,1491,0.14724610144336342
129,1375,1504,0.14727785129248702
127,1386,1513,0.14730143610332969
126,1389,1515,0.1473303573869388
125,1381,1506,0.14735960436882237
125,1391,1516,0.14739004413278411
125,1395,1520,0.14741866450568836
125,1393,1518,0.1474456444158723
121,1401,1522,0.14747098261150324
124,1405,1529,0.14750718745704094
123,1392,1515,0.1475319061033197
122,1385,1507,0.14755810873503253
123,1387,1510,0.14758545230520806
126,1393,1519,0.1476080063578737
122,1393,1515,0.14761995864003474
125,1389,1514,0.1476436130467568
126,1403,1529,0.1476573035890051
122,1397,1519,0.14766749232919044
117,1401,1518,0.1476890880963914
123,1389,1512,0.14772448901617463
123,1386,1509,0.1477394502339324
125,1387,1512,0.1477536069166568
123,1374,1497,0.14776158126331038
125,1375,1500,0.14777512941225462
124,1381,1505,0.14778155942780236
119,1385,1504,0.14779015782588584
119,1387,1506,0.1478133053123147
114,1389,1503,0.14783584535203736
119,1393,1512,0.14787126850923488
119,1408,1527,0.14788971625811173
119,1397,1516,0.1479071233007455
121,1412,1533,0.14792363681876536
123,1409,1532,0.14793300378480725
125,1406,1531,0.14793598125486085
128,1399,1527,0.14793281121151894
128,1396,1524,0.14792080589962786
127,1392,1519,0.14790975144115767
124,1383,1507,0.14790239495512483
121,1399,1520,0.14790460573842737
121,1387,1508,0.14791519734726577
123,1379,1502,0.14792507199905355
126,1378,1504,0.14792815042238772
131,1383,1514,0.14792164983311124
128,1380,1508,0.14790082034353308
126,1376,1502,0.14789036742990797
127,1365,1492,0.14788626038691516
128,1366,1494,0.14787908816050044
129,1369,1498,0.14786932536337605
130,1373,1503,0.1478566840159176
130,1385,1515,0.14784194298794268
131,1378,1509,0.1478275999334522
130,1373,1503,0.1478112334458456
128,1375,1503,0.14779914873465727
125,1393,1518,0.14779438192457328
126,1384,1510,0.14779863007577299
124,1375,1499,0.14779962595563303
122,1392,1514,0.1478070101046968
118,1399,1517,0.1478202990865438
120,1398,1518,0.14784457044664942
119,1398,1517,0.14786134881676058
118,1401,1519,0.1478803300595476
119,1391,1510,0.14790108227623372
119,1385,1504,0.14791754282969233
120,1397,1517,0.14793288107438682
117,1397,1514,0.14794455676246504
121,1398,1519,0.14796477562552987
119,1398,1517,0.14797171544974713
118,1414,1532,0.14798421627953684
123,1402,1525,0.1479990030131828
120,1391,1511,0.1479982858716445
121,1401,1522,0.14800697716327196
118,1396,1514,0.14801188661555675
116,1394,1510,0.14802568245123673
112,1399,1511,0.1480448441407149
112,1406,1518,0.14807528277024434
114,1409,1523,0.1481037246225278
110,1407,1517,0.1481239921198634
106,1414,1520,0.1481545299740324
105,1406,1511,0.1481950747614674
102,1418,1520,0.14823605869876297
103,1411,1514,0.14828370148456613
104,1395,1499,0.14832500788634106
103,1404,1507,0.14836070970894405
100,1403,1503,0.1483971358112167
102,1396,1498,0.14844025029659932
104,1412,1516,0.14847447480343587
106,1405,1511,0.14850050812027807
105,1412,1517,0.14851863563377757
103,1414,1517,0.14853843091126548
102,1402,1504,0.14856337007634898
99,1406,1505,0.1485892743923507
95,1418,1513,0.14862272801957035
96,1414,1510,0.14866590382638303
93,1418,1511,0.14870300268994555
92,1409,1501,0.1487467797849967
94,1415,1509,0.1487909048381283
96,1421,1517,0.1488258587665141
95,1422,1517,0.1488525856367159
95,1413,1508,0.1488808613528806
94,1418,1512,0.1489073979903462
94,1419,1513,0.14893500658805642
97,1415,1512,0.14896084575696975
95,1426,1521,0.14897575846503772
95,1428,1523,0.14899557876957203
96,1429,1525,0.14901441050678685
93,1431,1524,0.14902908848699328
92,1417,1509,0.14905215304237138
92,1426,1518,0.14907678234459218
91,1420,1511,0.14909954386614965
94,1427,1521,0.1491236341262401
93,1419,1512,0.14913728518760755
95,1428,1523,0.14915318363398697
98,1427,1525,0.14916198197837466
95,1439,1534,0.14916187661288
97,1420,1517,0.14917113021117445
95,1432,1527,0.14917360540005722
98,1430,1528,0.14918203778288003
93,1421,1514,0.1491809566990289
97,1416,1513,0.14919508692538969
92,1413,1505,0.1491959236861594
95,1414,1509,0.14921176189507246
97,1416,1513,0.149217587038986
98,1418,1516,0.14921715424980905
99,1426,1525,0.14921368971530646
99,1430,1529,0.14920752892148323
99,1425,1524,0.1492018629088726
97,1415,1512,0.1491966322874031
96,1412,1508,0.14919814499026382
93,1421,1514,0.14920270778683714
92,1431,1523,0.1492160538870909
88,1434,1522,0.14923122424616198
91,1451,1542,0.14925759141697337
91,1445,1536,0.1492732097298029
92,1437,1529,0.14928818030886815
87,1431,1518,0.14929917073761395
86,1431,1517,0.14932471829678926
84,1431,1515,0.14935170380731694
85,1446,1531,0.14938299695397095
86,1441,1527,0.14940927262753356
87,1438,1525,0.14943068255079792
87,1424,1511,0.14944774348353704
87,1440,1527,0.14946355573107226
86,1433,1519,0.14947825426732667
87,1443,1530,0.14949511342743813
84,1439,1523,0.14950773260200137
84,1431,1515,0.14952838123272888
82,1441,1523,0.1495476576885581
78,1444,1522,0.1495719951849005
76,1439,1515,0.14960701448588304
79,1441,1520,0.14964571696701667
82,1435,1517,0.1496726646953798
81,1436,1517,0.14968882991460292
81,1443,1524,0.14970697190068885
83,1437,1520,0.1497236586869026
84,1438,1522,0.14973318832995955
85,1430,1515,0.14973872162340007
85,1440,1525,0.14974120019698595
86,1446,1532,0.14974350216544535
88,1452,1540,0.1497426613869242
87,1438,1525,0.1497356326692609
86,1423,1509,0.14973228376444894
84,1419,1503,0.14973210764597325
86,1426,1512,0.14973821996198075
91,1422,1513,0.1497381960263084
91,1419,1510,0.14972276757283554
93,1425,1518,0.14970847702830256
92,1421,1513,0.14968928983581034
92,1415,1507,0.14967447335292827
93,1436,1529,0.14966070630185047
88,1434,1522,0.14964469098802113
83,1421,1504,0.14964530121478814
86,1426,1512,0.14966121481430347
86,1429,1515,0.14966692703342652
88,1432,1520,0.1496720336381091
85,1445,1530,0.14967104901577077
83,1440,1523,0.14967942376982918
85,1426,1511,0.1496932354561982
86,1419,1505,0.14970012135166955
78,1421,1499,0.14970368253902905
79,1420,1499,0.14973179920361931
79,1434,1513,0.14975517179192527
76,1432,1508,0.149777203815827
72,1437,1509,0.14980719570232062
71,1414,1485,0.14984709292743603
71,1423,1494,0.14988740892462105
72,1427,1499,0.14992526641386575
71,1433,1504,0.14995799838356372
73,1435,1508,0.1499918313142098
74,1431,1505,0.15001739545619225
74,1444,1518,0.1500383126299326
71,1458,1529,0.15005828590022333
71,1447,1518,0.15008605892465163
70,1452,1522,0.15011213011888103
69,1454,1523,0.1501397306896944
67,1464,1531,0.15016855188799633
67,1459,1526,0.15020159404270028
65,1454,1519,0.15023236546735894
63,1460,1523,0.15026730759365414
62,1461,1523,0.15030606216871314
62,1460,1522,0.15034536391523584
61,1467,1528,0.15038191138705378
65,1458,1523,0.15041932704720742
63,1460,1523,0.15044211249005307
61,1455,1516,0.15046940780947105
62,1447,1509,0.15050129335143017
60,1457,1517,0.15052815639180753
59,1453,1512,0.15055954080491332
63,1462,1525,0.15059200394394756
63,1455,1518,0.1506102447885737
61,1461,1522,0.1506275334957665
59,1468,1527,0.15065005212019986
60,1467,1527,0.15067722776795756
61,1466,1527,0.150699592854245
62,1450,1512,0.1507175396860757
65,1441,1506,0.1507316123639606
65,1431,1496,0.15073556370627775
60,1449,1509,0.15073942636056634
62,1449,1511,0.15075847525570268
60,1442,1502,0.15077008715397489
62,1438,1500,0.15078709570712445
66,1447,1513,0.1507970836384893
66,1440,1506,0.15079406697109515
66,1446,1512,0.15079154021967753
65,1459,1524,0.1507894058425625
63,1455,1518,0.15079005222429973
63,1464,1527,0.15079702822546326
64,1465,1529,0.15080354170673058
64,1468,1532,0.1508066518986086
66,1468,1534,0.15080962884258553
68,1473,1541,0.1508061708563416
69,1463,1532,0.15079698378461814
69,1476,1545,0.1507852862045583
68,1482,1550,0.15077447857760737
69,1464,1533,0.15076747161276866
71,1458,1529,0.15075780692115454
71,1442,1513,0.1507424048725914
70,1449,1519,0.15072787849807173
70,1448,1518,0.15071725005281464
70,1435,1505,0.1507074169313135
70,1447,1517,0.15069816432536712
69,1449,1518,0.15068959221247868
69,1458,1527,0.15068451997648064
69,1451,1520,0.1506797725351447
67,1454,1521,0.1506753212997811
65,1453,1518,0.15067748674421189
65,1458,1523,0.1506856844564053
62,1443,1505,0.15069341124386987
62,1445,1507,0.1507095019204103
64,1446,1510,0.1507242474507753
65,1437,1502,0.15073215224027267
64,1448,1512,0.15073657667196685
68,1459,1527,0.1507437823904379
65,1440,1505,0.15073819167230038
67,1436,1503,0.15074191370420553
67,1434,1501,0.15073913546485385
63,1435,1498,0.15073643602233056
64,1446,1510,0.15074597243820645
64,1431,1495,0.15075168713816467
63,1437,1500,0.15075712410650197
63,1447,1510,0.1507654302291882
64,1457,1521,0.15077330721250903
66,1460,1526,0.1507775452052259
65,1463,1528,0.1507750679477679
67,1468,1535,0.1507760680228368
67,1461,1528,0.15077097121554317
70,1467,1537,0.15076628202788975
70,1462,1532,0.15075248893575524
70,1470,1540,0.15073939327234032
69,1448,1517,0.15072689058815833
70,1450,1520,0.15071841106060924
68,1442,1510,0.15070726244044605
67,1445,1512,0.15070282549952063
67,1446,1513,0.150701884549683
68,1451,1519,0.15070097984078704
72,1450,1522,0.1506968720784052
72,1452,1524,0.15068022706883138
70,1455,1525,0.1506646887130395
68,1455,1523,0.15065632881663799
68,1447,1515,0.15065509418635295
69,1451,1520,0.1506538091072927
68,1447,1515,0.15064957030449222
68,1451,1519,0.1506487848847575
66,1452,1518,0.15064804390587827
65,1452,1517,0.15065362266902624
64,1460,1524,0.1506618568234194
64,1451,1515,0.1506727319928086
64,1427,1491,0.1506830612716555
67,1437,1504,0.1506926412126183
68,1437,1505,0.1506923548184248
65,1427,1492,0.15068853201638274
67,1430,1497,0.1506945610184722
68,1424,1492,0.15069390513390302
68,1423,1491,0.15069029751184945
68,1435,1503,0.15068707245234067
66,1449,1515,0.15068392114989604
69,1458,1527,0.15068713117779595
65,1447,1512,0.15068098716003084
65,1458,1523,0.1506877888300896
66,1463,1529,0.15069402038933055
66,1458,1524,0.15069685304641284
68,1454,1522,0.15069945667223314
71,1449,1520,0.15069586931966428
70,1449,1519,0.1506832435098181
66,1452,1518,0.15067458989371274
66,1448,1514,0.15067912138271872
61,1459,1520,0.15068336089175402
62,1458,1520,0.15070259479151446
61,1466,1527,0.1507174720214529
61,1458,1519,0.15073440623797546
60,1449,1509,0.15075031899411162
59,1454,1513,0.1507682752834014
60,1445,1505,0.15078816338979614
56,1446,1502,0.15080366930253805
58,1446,1504,0.15083044807903292
59,1467,1526,0.15084922356810423
58,1447,1505,0.15086389387524396
58,1443,1501,0.1508808151256188
57,1449,1506,0.15089677249228287
57,1441,1498,0.15091471555376446
56,1445,1501,0.15093179162377354
54,1457,1511,0.15095086331723226
53,1454,1507,0.15097483784249568
54,1458,1512,0.15100033170628394
54,1457,1511,0.15102111336291515
55,1466,1521,0.15104071909996455
57,1477,1534,0.15105627021973336
58,1470,1528,0.15106460074903802
58,1464,1522,0.15106951373749206
59,1449,1508,0.15107418785252702
59,1451,1510,0.15107555908169057
57,1461,1518,0.15107689054865603
54,1452,1506,0.1510842936194784
53,1462,1515,0.15110058843991026
53,1460,1513,0.15111895254234
50,1459,1509,0.15113566826497066
51,1459,1510,0.15116064623136832
51,1458,1509,0.15118074842889304
52,1477,1529,0.15119963936361244
49,1476,1525,0.1512142455184394
49,1467,1516,0.15123714782131156
46,1462,1508,0.15125859019511348
47,1451,1498,0.15128799810835714
49,1473,1522,0.15131235269891932
48,1478,1526,0.15132887279171658
47,1470,1517,0.1513474642331943
46,1471,1517,0.15136797491944226
49,1472,1521,0.15139029483830005
48,1476,1524,0.15140183294764362
47,1474,1521,0.15141583320622853
47,1473,1520,0.15143205196064893
46,1475,1521,0.151447047846089
46,1471,1517,0.15146425050244638
46,1467,1513,0.15148038288259844
45,1461,1506,0.1514955020998158
44,1459,1503,0.15151268280805388
44,1459,1503,0.15153198164208942
43,1476,1519,0.15155028876857454
43,1476,1519,0.1515707064276375
44,1474,1518,0.15158989133100395
44,1478,1522,0.151604946374068
42,1480,1522,0.15161903981286223
43,1480,1523,0.15163844983482735
42,1481,1523,0.1516535029726488
39,1479,1518,0.15167054865435683
37,1477,1514,0.1516957081161467
36,1467,1503,0.15172537610405684
35,1483,1518,0.15175629199170895
34,1477,1511,0.15178861848564204
33,1464,1497,0.1518219899891917
34,1473,1507,0.15185648961795173
34,1482,1516,0.15188565726727193
36,1482,1518,0.15191303205862877
36,1483,1519,0.15193263752609162
36,1472,1508,0.15195100644629408
36,1476,1512,0.15196839197401754
35,1484,1519,0.1519847599803371
35,1477,1512,0.15200324061145742
36,1465,1501,0.15202078166165445
34,1457,1491,0.15203412013216158
33,1458,1491,0.1520526068536329
33,1466,1499,0.15207294773942848
33,1469,1502,0.15209202119246287
32,1483,1515,0.1521099049153616
33,1465,1498,0.15212986767289433
33,1469,1502,0.15214540890647002
32,1475,1507,0.15215996966147272
33,1479,1512,0.15217684094568593
30,1482,1512,0.15218940959865268
32,1479,1511,0.15221076619711352
30,1496,1526,0.1522245192799641
29,1487,1516,0.15224384719186343
28,1482,1510,0.1522652604963925
28,1484,1512,0.15228862639422305
27,1489,1516,0.1523105813663303
27,1491,1518,0.15233441828936037
28,1491,1519,0.1523568111323163
29,1489,1518,0.15237469839090703
27,1485,1512,0.15238831966224178
28,1483,1511,0.15240726010758057
26,1490,1516,0.15242184815139326
27,1492,1519,0.1524417561117464
28,1487,1515,0.1524571919963505
26,1488,1514,0.15246859398884527
27,1491,1518,0.15248563624356273
27,1489,1516,0.15249846623665753
28,1488,1516,0.15251050539271538
27,1478,1505,0.15251878525259024
27,1475,1502,0.15252979590463547
28,1480,1508,0.15254004721985204
28,1476,1504,0.15254642470197224
29,1472,1501,0.1525524128358211
29,1466,1495,0.15255483104216203
29,1465,1494,0.15255709439372772
30,1468,1498,0.15255922011653708
30,1487,1517,0.15255798096763024
29,1482,1511,0.15255682976346352
28,1485,1513,0.1525589547730317
29,1496,1525,0.15256405388713903
29,1487,1516,0.15256556777500424
29,1494,1523,0.15256700789610528
28,1495,1523,0.15256836676923072
27,1487,1514,0.15257288644024658
28,1492,1520,0.15258036062149996
29,1492,1521,0.15258420567247977
28,1482,1510,0.1525846053817717
27,1493,1520,0.15258816890286891
27,1494,1521,0.15259471090745383
29,1500,1529,0.1526008401147983
30,1489,1519,0.1526002809057202
30,1488,1518,0.1525965554543547
30,1488,1518,0.15259302292209043
29,1497,1526,0.15258980478389386
28,1507,1535,0.1525899154995269
26,1495,1521,0.1525931639274199
26,1484,1510,0.15260259718415262
28,1480,1508,0.15261140474486193
27,1484,1511,0.1526133214749269
28,1482,1510,0.1526182740289164
31,1486,1517,0.15261969745172238
34,1491,1525,0.15261153649552311
37,1485,1522,0.15259442513244037
36,1491,1527,0.15256891787758284
35,1490,1525,0.15254820417263254
36,1488,1524,0.1525318949319621
37,1488,1525,0.15251341410384753
38,1477,1515,0.1524930150908284
36,1479,1515,0.15247068301745834
38,1459,1497,0.15245615744984228
37,1469,1506,0.15243624063872865
37,1475,1512,0.1524207399541205
39,1468,1507,0.15240620282294962
40,1464,1504,0.1523861815201891
40,1465,1505,0.15236426350306323
39,1473,1512,0.15234372110588046
39,1475,1514,0.15232760540367155
39,1474,1513,0.15231253789174468
39,1475,1514,0.15229843381240982
39,1472,1511,0.15228498827543255
39,1489,1528,0.15227248061193235
39,1486,1525,0.15226082932545812
37,1484,1521,0.152249932665857
37,1490,1527,0.15224612365935167
37,1489,1526,0.15224231171343544
37,1478,1515,0.15223879290373646
36,1479,1515,0.1522354841718573
37,1463,1500,0.15223545420029544
34,1467,1501,0.15223204558833886
34,1472,1506,0.15223836752791506
35,1467,1502,0.15224426885417958
34,1468,1502,0.1522467204108195
34,1478,1512,0.1522523170398477
34,1471,1505,0.1522576284704795
32,1488,1520,0.1522626625926566
31,1486,1517,0.15227385630646342
34,1482,1516,0.1522874961728315
34,1478,1512,0.15229079246850627
36,1478,1514,0.1522939399230006
36,1491,1527,0.1522906026908058
37,1480,1517,0.15228756252341602
38,1484,1522,0.15228162351858887
38,1480,1518,0.15227291389805037
36,1485,1521,0.1522647702729743
39,1493,1532,0.15226358228907624
40,1490,1530,0.15225278200191866
40,1480,1520,0.15223945588321494
39,1478,1517,0.15222704261093867
37,1477,1514,0.15221864104481583
38,1485,1523,0.15221710441999176
38,1472,1510,0.1522124620634157
38,1474,1512,0.15220812348771723
38,1470,1508,0.15220406176871268
38,1458,1496,0.15220025769100254
40,1459,1499,0.15219671189795778
40,1459,1499,0.15218712835115203
41,1477,1518,0.15217832375543913
39,1480,1519,0.15216700809224315
40,1489,1529,0.1521627639098392
38,1484,1522,0.15215570131256903
36,1486,1522,0.15215535985185735
36,1489,1525,0.1521613285333012
35,1495,1530,0.15216693645275842
39,1493,1532,0.15217532793467672
38,1485,1523,0.1521706117440006
37,1485,1522,0.15216934398196919
37,1482,1519,0.15217125954482214
35,1483,1518,0.15217306042009196
39,1485,1524,0.15218101183284244
39,1488,1527,0.15217578410787203
41,1479,1520,0.15217086811444858
40,1471,1511,0.15216002568737388
40,1469,1509,0.15215310282416436
40,1477,1517,0.15214680843460168
40,1467,1507,0.15214096083841255
39,1477,1516,0.1521354018345838
41,1483,1524,0.15213341240829917
40,1466,1506,0.15212527789175304
41,1459,1500,0.15212079885976867
39,1466,1505,0.1521133532632318
42,1481,1523,0.15211265159523366
42,1479,1521,0.15210268849784725
41,1464,1505,0.15209338475289522
41,1460,1501,0.15208785501960176
41,1467,1508,0.15208278701229272
41,1481,1522,0.15207809636624892
41,1490,1531,0.15207373191915038
41,1466,1507,0.1520696727056037
40,1472,1512,0.15206589639121554
36,1477,1513,0.15206546540374874
36,1484,1520,0.1520776265673764
36,1495,1531,0.15208898117095074
34,1505,1539,0.15209960093025887
33,1501,1534,0.1521158112046253
31,1493,1524,0.15213405845182815
30,1488,1518,0.15215719332322197
32,1483,1515,0.1521819659475676
33,1488,1521,0.15219919268762597
33,1485,1518,0.15221229604012018
34,1479,1513,0.15222449277969577
30,1491,1521,0.1522328625821386
29,1494,1523,0.15225313281896824
28,1484,1512,0.152275319689835
29,1473,1502,0.1522992575194555
27,1485,1512,0.15231863667475282
28,1505,1533,0.15234284378229557
28,1494,1522,0.15236254701103683
26,1506,1532,0.15238111479421465
27,1499,1526,0.15240462563727153
28,1503,1531,0.15242346868214596
28,1498,1526,0.1524381034456338
28,1495,1523,0.15245179245988327
30,1498,1528,0.15246463102598515
31,1494,1525,0.15247063906345704
29,1488,1517,0.1524731535918472
30,1489,1519,0.15248195671081802
31,1485,1516,0.1524868897582307
28,1481,1509,0.15248824879257145
27,1470,1497,0.15249899070585943
28,1488,1516,0.15251214756809553
26,1488,1514,0.15252141217767895
27,1482,1509,0.1525363812914975
27,1477,1504,0.15254733519697616
26,1476,1502,0.15255771396892867
25,1497,1522,0.15257052357804865
26,1506,1532,0.15258564014438997
26,1491,1517,0.15259662396809198
25,1506,1531,0.15260691438590604
26,1493,1519,0.15261971064797433
28,1488,1516,0.15262862642952166
30,1482,1512,0.15263062682503933
29,1483,1512,0.1526263496746595
30,1495,1525,0.152625602006176
30,1485,1515,0.15262178633690582
31,1481,1512,0.15261823238629116
31,1478,1509,0.1526119044325932
29,1482,1511,0.15260619110934184
29,1488,1517,0.1526069105095589
30,1495,1525,0.15260767317922982
31,1488,1519,0.1526051939996595
30,1476,1506,0.1525996585478621
32,1495,1527,0.15259746417942702
34,1492,1526,0.15258922785648793
33,1482,1515,0.15257521592040987
30,1481,1511,0.15256507183178197
27,1477,1504,0.1525650129952745
28,1477,1505,0.15257443593319808
30,1486,1516,0.15257999646277692
30,1501,1531,0.1525788613758575
31,1492,1523,0.15257783271778347
30,1491,1521,0.15257382890882887
28,1478,1506,0.15257306941502768
29,1490,1519,0.15257865489482783
30,1497,1527,0.15258074775856367
30,1483,1513,0.1525793072637551
30,1481,1511,0.15257796439320284
31,1486,1517,0.1525768690043548
30,1481,1511,0.15257272006612374
30,1500,1530,0.15257200495160464
30,1495,1525,0.15257134381362117
30,1497,1527,0.15257072391273335
30,1506,1536,0.15257014175822003
30,1501,1531,0.15256959472543058
29,1489,1518,0.1525690805028238
29,1487,1516,0.1525716340478989
29,1480,1509,0.15257421819828898
30,1480,1510,0.15257664720429573
29,1479,1508,0.1525759554507908
28,1487,1515,0.15257842850749717
26,1481,1507,0.15258385943901248
28,1483,1511,0.15259532295935152
27,1476,1503,0.15259986494843777
27,1478,1505,0.1526072155676224
28,1483,1511,0.1526141002340638
30,1495,1525,0.1526173818666443
29,1498,1527,0.1526140232882215
30,1492,1522,0.15261402932099974
30,1484,1514,0.15261080486204512
30,1503,1533,0.15260778059606775
30,1510,1540,0.1526049463319725
31,1504,1535,0.152602347383473
33,1509,1542,0.15259675458936844
32,1504,1536,0.15258547440267095
34,1498,1532,0.15257812203826523
33,1505,1538,0.15256492257272933
32,1485,1517,0.1525555684893607
33,1479,1512,0.15255000041277542
33,1483,1516,0.15254172480196504
33,1490,1523,0.15253400700876005
34,1492,1526,0.1525267113340723
32,1482,1514,0.15251673064070428
35,1484,1519,0.15251361098683383
34,1483,1517,0.15250123338796764
33,1478,1511,0.15249256604206562
33,1479,1512,0.1524876232273115
34,1478,1512,0.1524830179101127
35,1487,1522,0.15247560684131448
35,1478,1513,0.15246555741120185
35,1468,1503,0.15245615453648656
33,1489,1522,0.15244745432690507
31,1485,1516,0.15244547606250186
32,1479,1511,0.1524498145415301
31,1488,1519,0.1524506767062097
31,1483,1514,0.15245468214318453
30,1487,1517,0.15245843793284602
31,1489,1520,0.15246507787170405
30,1485,1515,0.15246824600257936
30,1479,1509,0.1524744218795126
29,1479,1508,0.1524800910760386
28,1481,1509,0.15248855381729431
28,1474,1502,0.15249946410066026
29,1486,1515,0.15250968702119866
29,1487,1516,0.15251612985359614
27,1497,1524,0.1525221666245193
25,1495,1520,0.15253406482647497
25,1494,1519,0.15255147205201225
25,1496,1521,0.15256777395338136
24,1489,1513,0.1525830646981107
22,1501,1523,0.15260052000702123
23,1494,1517,0.15262323060108485
23,1499,1522,0.15264132993466195
22,1507,1529,0.15265831415247655
22,1507,1529,0.15267739787130033
22,1499,1521,0.15269526640951828
20,1506,1526,0.15271201308172372
19,1506,1525,0.15273409962583417
17,1498,1515,0.1527579383474219
17,1498,1515,0.1527866719320155
17,1499,1516,0.15281364788440166
18,1502,1520,0.15283897926843987
18,1491,1509,0.15285958117718315
18,1499,1517,0.15287895273189725
19,1494,1513,0.1528971525398263
19,1497,1516,0.1529111324825241
18,1508,1526,0.15292426200677822
18,1503,1521,0.15293974788749792
16,1512,1528,0.1529542731692824
16,1515,1531,0.15297424586583022
16,1505,1521,0.15299293670962164
17,1505,1522,0.15301049251267818
16,1505,1521,0.15302381303380877
16,1501,1517,0.15303947256049885
17,1494,1511,0.15305424566311163
17,1500,1517,0.15306493231668622
17,1515,1532,0.15307497612657298
17,1511,1528,0.1530844022235009
16,1503,1519,0.1530932882644622
17,1506,1523,0.15310484121222218
17,1506,1523,0.1531125142319547
17,1495,1512,0.1531196929641321
16,1492,1508,0.15312644572084544
16,1485,1501,0.1531359534899499
15,1488,1503,0.15314488555484268
15,1492,1507,0.1531564534544607
13,1498,1511,0.15316731079563634
13,1489,1502,0.1531838663265983
13,1504,1517,0.1531994109510762
13,1511,1524,0.15321401969413037
13,1512,1525,0.1532277468125549
13,1508,1521,0.15324064400989632
13,1496,1509,0.15325276075882371
13,1497,1510,0.153264144014403
13,1512,1525,0.1532748381215204
13,1500,1513,0.15328488484890238
13,1504,1517,0.1532943234826294
13,1514,1527,0.15330319094475275
13,1509,1522,0.15331151534565923
13,1511,1524,0.15331933110193788
13,1509,1522,0.15332668066151697
13,1498,1511,0.1533335909097785
14,1496,1510,0.15334008682527414
14,1495,1509,0.15334300649077612
14,1499,1513,0.15334575745167317
14,1503,1517,0.153348345165914
15,1515,1530,0.15335078096050744
14,1511,1525,0.15334987990989
13,1505,1518,0.1533522334625873
15,1502,1517,0.153357627923809
15,1507,1522,0.1533563780439065
15,1514,1529,0.15335522565749066
15,1514,1529,0.15335415079040962
17,1520,1537,0.15335320323064192
16,1521,1537,0.1533459546659497
16,1519,1535,0.15334231933819212
15,1509,1524,0.15333891751054704
16,1504,1520,0.15333891577317366
14,1499,1513,0.15333574956285642
15,1513,1528,0.1533391092042478
15,1502,1517,0.15333913723383574
15,1506,1521,0.15333917631739222
16,1496,1512,0.15333914530002243
18,1503,1521,0.15333597578509894
18,1499,1517,0.15332657664333932
19,1505,1524,0.1533177736142522
20,1506,1526,0.15330632392146018
21,1502,1523,0.1532923357360729
21,1501,1522,0.15327606104425345
20,1502,1522,0.15326081197311295
19,1495,1514,0.15324973172438391
19,1494,1513,0.15324254593526312
19,1494,1513,0.1532358166168252
19,1493,1512,0.1532295201027213
17,1492,1509,0.15322362625124059
17,1495,1512,0.15322439962557155
18,1495,1513,0.15322512506531016
19,1495,1514,0.15322266709466098
19,1486,1505,0.15321718939507162
18,1503,1521,0.15321210083822118
18,1513,1531,0.15321060269052797
17,1499,1516,0.153209224321987
17,1497,1514,0.15321107808554774
17,1506,1523,0.1532128293249069
17,1494,1511,0.15321447191126694
17,1506,1523,0.15321601414779573
17,1512,1529,0.15321746322351754
16,1504,1520,0.15321893658703126
16,1504,1520,0.153223476110023
16,1499,1515,0.15322775003566563
15,1502,1517,0.1532317561197566
16,1498,1514,0.1532386268282736
16,1492,1508,0.15324188937323552
16,1479,1495,0.1532449864170939
17,1489,1506,0.1532478201406653
18,1482,1500,0.15324743652285433
18,1482,1500,0.15324390675047192
18,1496,1514,0.15324062551527276
18,1500,1518,0.15323756882311507
18,1509,1527,0.1532347072479495
18,1498,1516,0.15323193725498616
18,1505,1523,0.15322936230009007
18,1496,1514,0.15322696751030118
18,1488,1506,0.15322473353682697
17,1486,1503,0.1532226922988113
18,1491,1509,0.15322392870122825
19,1492,1511,0.15322194516480386
19,1498,1517,0.15321695870060414
20,1500,1520,0.15321227346032007
20,1504,1524,0.15320462293037468
20,1497,1517,0.15319745589524453
19,1493,1512,0.15319073673125186
20,1505,1525,0.15318752247717757
20,1505,1525,0.15318129709604084
22,1515,1537,0.15317554481264917
21,1518,1539,0.15316392968363846
21,1509,1530,0.15315618683408375
20,1505,1525,0.15314894012019947
20,1513,1533,0.15314525517816102
20,1520,1540,0.15314180358608184
20,1502,1522,0.1531385829503386
20,1509,1529,0.15313558519087944
18,1510,1528,0.1531327700924567
18,1495,1513,0.1531365669246852
17,1494,1511,0.15313996758723689
17,1498,1515,0.15314637408965873
17,1485,1502,0.15315238471353151
18,1492,1510,0.15315802266659792
17,1491,1508,0.15316018547334667
17,1493,1510,0.1531653689530654
16,1496,1512,0.1531702425036202
15,1487,1502,0.15317796049479346
15,1489,1504,0.15318831996073398
15,1493,1508,0.1531980537998308
15,1501,1516,0.15320719478158715
15,1506,1521,0.15321576226674574
15,1510,1525,0.1532238017560118
15,1498,1513,0.15323134695303708
16,1496,1512,0.1532384277184929
16,1492,1508,0.15324192648736173
17,1497,1514,0.1532452010504201
18,1489,1507,0.15324512195791587
18,1486,1504,0.153241933322663
17,1497,1514,0.15323901040700386
17,1498,1515,0.15323948850151026
16,1492,1508,0.15323988887629147
16,1506,1522,0.1532433842385976
16,1508,1524,0.1532466680506771
18,1501,1519,0.15324971157028888
18,1500,1518,0.15324626388296417
18,1495,1513,0.15324311899476006
18,1496,1514,0.15324021046434488
17,1500,1517,0.1532375088963619
19,1501,1520,0.1532382454396869
19,1502,1521,0.1532327181292052
19,1486,1505,0.15322757138511542
19,1494,1513,0.15322280440658081
20,1500,1520,0.15321838351286257
18,1501,1519,0.15321114103835215
16,1490,1506,0.1532108916094126
16,1492,1508,0.1532169493744763
15,1486,1501,0.15322264547268044
14,1483,1497,0.1532310892670579
14,1483,1497,0.15324208294963998
16,1482,1498,0.15325237992950078
17,1470,1487,0.1532558280161835
17,1480,1497,0.1532559402916684
18,1486,1504,0.1532561690386198
18,1490,1508,0.15325334476802224
17,1504,1521,0.15325065941059732
16,1508,1524,0.1532513252425886
17,1518,1535,0.15325500194321307
17,1511,1528,0.15325535647684096
17,1505,1522,0.15325569936547215
17,1500,1517,0.15325602293391452
16,1501,1517,0.15325628810628986
16,1501,1517,0.15325965476676753
15,1504,1519,0.1532627156376212
15,1515,1530,0.15326862391137383
15,1504,1519,0.15327414103481288
15,1504,1519,0.1532792890548305
16,1508,1524,0.15328408391216464
15,1501,1516,0.1532854575941081
13,1504,1517,0.15328989155673828
13,1488,1501,0.15330027402611449
12,1490,1502,0.15331000431895128
13,1504,1517,0.15332222761124525
12,1504,1516,0.15333049588205094
11,1501,1512,0.15334142928929106
10,1510,1520,0.1533548363309087
10,1506,1516,0.15337056901968413
11,1503,1514,0.1533853090089651
12,1504,1516,0.15339594778543592
12,1510,1522,0.15340276363191577
13,1499,1512,0.15340915653407905
13,1499,1512,0.15341201813477479
13,1513,1526,0.153414751855511
13,1517,1530,0.15341735256390446
13,1514,1527,0.15341981686407233
13,1515,1528,0.1534221468477977
13,1507,1520,0.15342434681764636
12,1509,1521,0.1534264220627654
11,1503,1514,0.15343155881651988
11,1497,1508,0.15343948068720686
11,1492,1503,0.15344687938282778
10,1503,1513,0.15345379030888612
9,1503,1512,0.15346344784081803
9,1506,1515,0.1534756429635907
10,1502,1512,0.1534870373954597
10,1501,1511,0.15349449797876574
11,1500,1511,0.15350147607356643
10,1517,1527,0.15350478373412002
10,1522,1532,0.1535110869040268
8,1508,1516,0.15351701329364423
8,1516,1524,0.15352897376831479
8,1521,1529,0.15354013218832244
8,1519,1527,0.15355058388050108
8,1517,1525,0.15356037805504397
8,1523,1531,0.15356955845253886
9,1518,1527,0.15357816539595345
9,1511,1520,0.15358302365423426
9,1508,1517,0.1535875687019587
9,1505,1514,0.1535918415879776
10,1503,1513,0.15359585865417252
9,1512,1521,0.1535964180245761
9,1520,1529,0.1536001524403681
9,1513,1522,0.15360367594669305
8,1514,1522,0.15360700076202513
7,1513,1520,0.15361341006394907
8,1504,1512,0.15362254153168492
9,1521,1530,0.15362793331981764
9,1516,1525,0.15362979969367932
9,1504,1513,0.15363154157443476
10,1515,1525,0.15363318425457417
10,1514,1524,0.15363152847342826
9,1507,1516,0.15362998075998277
10,1503,1513,0.15363171730999803
10,1492,1502,0.15363014124041885
10,1493,1503,0.15362864850684407
8,1516,1524,0.15362725387985596
8,1510,1518,0.15363231784540418
8,1491,1499,0.15363709395848762
7,1507,1514,0.1536415825657654
7,1498,1505,0.15364898147253936
6,1497,1503,0.1536559424917427
5,1499,1504,0.15366575619087647
4,1519,1523,0.15367815370881677
4,1516,1520,0.15369300001592362
4,1506,1510,0.15370693353947434
4,1518,1522,0.15371999857437213
4,1525,1529,0.1537322528015883
4,1516,1520,0.15374374921090606
4,1512,1516,0.15375453652988325
4,1511,1515,0.15376465987420962
4,1515,1519,0.15377416118335088
4,1525,1529,0.1537830795361163
4,1511,1515,0.15379145140079908
4,1519,1523,0.1537993108453896
4,1528,1532,0.15380668972049294
4,1522,1526,0.15381361782186836
5,1523,1528,0.1538201230367819
5,1520,1525,0.15382300463726728
5,1521,1526,0.15382570463137632
5,1525,1530,0.1538282357595816
5,1528,1533,0.15383061262379127
5,1527,1532,0.15383284617428322
5,1518,1523,0.1538349456231299
5,1514,1519,0.15383691922076276
5,1529,1534,0.15383877456139278
5,1521,1526,0.15384051872068474
5,1505,1510,0.15384215832815248
5,1504,1509,0.15384369961164943
6,1500,1506,0.1538451484288701
7,1510,1517,0.15384327847640514
6,1510,1516,0.15383823960176535
7,1512,1519,0.15383675880356004
7,1502,1509,0.15383219002584458
7,1502,1509,0.1538279097362506
7,1506,1513,0.15382391047091726
7,1508,1515,0.1538201729202988
7,1502,1509,0.15381667800740023
6,1516,1522,0.15381340828804016
6,1520,1526,0.15381356407284122
6,1518,1524,0.15381372419038378
6,1524,1530,0.15381388502835835
6,1509,1515,0.15381404197329063
6,1491,1497,0.15381419277958247
6,1502,1508,0.15381433651526508
6,1511,1517,0.15381447288675934
6,1509,1515,0.1538146019178859
6,1506,1512,0.15381472379400957
7,1510,1517,0.15381483878240831
7,1513,1520,0.15381165427365695
7,1509,1516,0.1538087414732345
7,1516,1523,0.15380603680887645
7,1509,1516,0.15380351702551473
7,1507,1514,0.15380116528427143
6,1497,1503,0.1537989678296526
4,1504,1508,0.15380010987656945
4,1508,1512,0.15380761000465226
4,1506,1510,0.1538146746752111
4,1500,1504,0.15382130251282855
4,1499,1503,0.1538275148991021
4,1510,1514,0.15383333757183928
4,1515,1519,0.15383879584086604
4,1517,1521,0.15384391354249385
4,1520,1524,0.15384871287297028
4,1520,1524,0.15385321444786798
4,1514,1518,0.15385743741664443
4,1514,1518,0.15386139958338163
4,1526,1530,0.15386511751968546
4,1523,1527,0.15386860666655586
4,1527,1531,0.15387188142542102
4,1515,1519,0.1538749552394826
4,1507,1511,0.15387784066665397
4,1497,1501,0.15388054944526197
3,1515,1518,0.15388309255350963
3,1510,1513,0.15388872651279917
3,1511,1514,0.15389403087041073
3,1513,1516,0.15389902155753313
3,1510,1513,0.153903712112477
3,1512,1515,0.1539081183878534
3,1509,1512,0.15391225672241357
2,1515,1517,0.15391614306879242
2,1512,1514,0.15392303967425744
2,1509,1511,0.15392952852999867
2,1506,1508,0.15393561214561732
2,1515,1517,0.15394131724157945
2,1517,1519,0.15394666916386476
2,1518,1520,0.15395169111025175
2,1522,1524,0.15395640439054567
2,1508,1510,0.15396082868655817
2,1517,1519,0.1539649822517301
2,1517,1519,0.15396888206460854
2,1516,1518,0.15397254395103058
2,1513,1515,0.15397598268489865
2,1526,1528,0.15397921207377507
2,1516,1518,0.15398224503325972
2,1511,1513,0.15398509365274815
2,1508,1510,0.15398776925432908
2,1514,1516,0.15399028244605584
2,1517,1519,0.15399264317048705
2,1520,1522,0.15399486074916752
2,1530,1532,0.1539969439235686
2,1521,1523,0.1539989008928976
2,1524,1526,0.15400073934911213
2,1523,1525,0.15400246650941526
2,1520,1522,0.15400408914646696
2,1511,1513,0.1540056136165128
2,1517,1519,0.15400704588560385
2,1510,1512,0.15400839155406343
2,1507,1509,0.15400965587933552
2,1520,1522,0.15401084379733837
2,1522,1524,0.15401195994243166
2,1510,1512,0.15401300866609868
2,1513,1515,0.15401399405443258
2,1515,1517,0.15401491994451022
2,1517,1519,0.15401578993972978
2,1520,1522,0.15401660742418122
2,1520,1522,0.1540173755761146
2,1516,1518,0.15401809738056532
2,1520,1522,0.15401877564119185
2,1509,1511,0.15401941299137686
2,1503,1505,0.15402001190463896
2,1515,1517,0.15402057470439942
2,1525,1527,0.15402110357314514
2,1525,1527,0.154021600561026
2,1524,1526,0.15402206759392223
2,1528,1530,0.1540225064810153
2,1526,1528,0.15402291892189343
2,1516,1518,0.15402330651322096
1,1508,1509,0.15402367075499857
1,1495,1496,0.15402731392835317
1,1508,1509,0.1540307272485447
1,1511,1512,0.1540339182839677
0,1523,1523,0.15403690612481502
