1386,30,1416,0.13582123132899462
1416,31,1447,0.13293156687520175
1434,32,1466,0.13021325152135946
1440,32,1472,0.12768698258865674
1442,33,1475,0.12537037121372507
1439,32,1471,0.1232555981837199
1442,33,1475,0.12133766224375832
1431,33,1464,0.11958321814002482
1447,33,1480,0.11801275674226387
1450,33,1483,0.11654243576594442
1458,32,1490,0.1151962422452038
1441,32,1473,0.11395122255184593
1445,31,1476,0.11285804224339895
1446,33,1479,0.11185309712993206
1454,32,1486,0.11093527272608761
1457,34,1491,0.11008102114886853
1441,36,1477,0.10929631287545835
1444,38,1482,0.10861863100412926
1436,37,1473,0.10799502986461754
1441,37,1478,0.10744521257840901
1450,37,1487,0.10693335844941909
1457,38,1495,0.10644705010226524
1468,41,1509,0.10598834639800905
1455,44,1499,0.10554599070181575
1459,41,1500,0.10517242604860515
1465,40,1505,0.10482330233916133
1463,41,1504,0.1044923801618409
1453,41,1494,0.10419548080500522
1442,42,1484,0.10394719064841844
1448,43,1491,0.10374578545087934
1446,42,1488,0.10354932377687646
1441,46,1487,0.10337429845861898
1445,45,1490,0.10322618985849
1452,47,1499,0.10308239327720355
1446,44,1490,0.10293627188160888
1438,46,1484,0.10281623998456599
1442,45,1487,0.10272432772887463
1438,45,1483,0.10263176404137177
1441,44,1485,0.10255590033191755
1440,44,1484,0.10248034669016742
1439,45,1484,0.10241322128895824
1449,42,1491,0.10235460679870378
1443,45,1488,0.10227964239973474
1438,42,1480,0.10222448884658444
1455,43,1498,0.10218531741592794
1459,42,1501,0.10211287746301694
1465,44,1509,0.10203859149792888
1468,44,1512,0.10195773482029963
1461,46,1507,0.10187785710685127
1453,44,1497,0.1018201004167555
1449,44,1493,0.10178472482476192
1452,44,1496,0.1017610802763662
1450,44,1494,0.10173324730955778
1456,46,1502,0.10171231869048562
1463,47,1510,0.10168070522152256
1467,45,1512,0.10163651017169661
1461,44,1505,0.10158775545508948
1445,46,1491,0.10155626906595312
1432,46,1478,0.10156192790390026
1434,45,1479,0.10159502849319015
1434,47,1481,0.10162067158277241
1424,48,1472,0.10164432284777697
1426,48,1474,0.10168720705983236
1434,49,1483,0.10172227406432627
1427,50,1477,0.10173695987199022
1425,49,1474,0.10176568920584955
1427,48,1475,0.10179602405061772
1441,46,1487,0.10181948560816557
1436,44,1480,0.1018101871977133
1444,43,1487,0.1018125722413496
1455,44,1499,0.10179773585029948
1466,43,1509,0.10176030879489929
1464,42,1506,0.10170244670101812
1474,38,1512,0.10165368379062235
1456,37,1493,0.10158786256134768
1461,37,1498,0.10156644140845192
1464,38,1502,0.10153654020112679
1456,34,1490,0.1015025553114015
1443,35,1478,0.1014889134112747
1425,36,1461,0.10150454194467176
1432,36,1468,0.10155726336170252
1445,36,1481,0.10158996702196404
1452,35,1487,0.10159211153526009
1451,39,1490,0.10157849861036577
1457,38,1495,0.10156862355348269
1457,39,1496,0.10154700847604081
1436,40,1476,0.10152757057660562
1440,43,1483,0.10155525238210787
1437,43,1480,0.10157197313669179
1445,42,1487,0.10159347689470351
1437,44,1481,0.10159554782626003
1449,43,1492,0.10161475386180169
1444,42,1486,0.10160655048927109
1440,42,1482,0.10160974140915474
1446,40,1486,0.10162148381273123
1443,41,1484,0.10161922748248524
1444,43,1487,0.10162388448997818
1446,45,1491,0.10162574583010738
1451,45,1496,0.10162305296495719
1443,45,1488,0.10160957718781825
1456,42,1498,0.10161497316102969
1433,42,1475,0.10159180909921649
1453,40,1493,0.1016201084900927
1455,36,1491,0.1016030023471415
1446,36,1482,0.10158303232669157
1455,35,1490,0.10158417062709364
1453,34,1487,0.1015658725877756
1448,34,1482,0.10155343490362113
1456,37,1493,0.10155273638825982
1455,36,1491,0.10153478431234135
1457,35,1492,0.1015208226125952
1448,35,1483,0.101503912339555
1463,35,1498,0.10150819113941643
1465,36,1501,0.10147961931516405
1454,38,1492,0.10144936520196285
1441,40,1481,0.10144549462965298
1446,40,1486,0.10146994727969284
1443,38,1481,0.10148126149842483
1448,38,1486,0.10149815443491825
1457,39,1496,0.10150299690843567
1463,37,1500,0.10148792256166103
1463,37,1500,0.10146133277224098
1474,36,1510,0.10143697579524452
1465,36,1501,0.10139104411131251
1458,37,1495,0.10136847891605359
1466,37,1503,0.10136316627996816
1472,35,1507,0.1013412696089172
1475,38,1513,0.10130837294853891
1460,38,1498,0.10127241328241446
1450,38,1488,0.1012719060759935
1447,36,1483,0.10129264860926647
1447,37,1484,0.10131812296405952
1460,38,1498,0.10134092654999936
1471,39,1510,0.1013338930535685
1458,37,1495,0.10130371759015126
1451,34,1485,0.10130414777451816
1431,35,1466,0.10131966054177992
1442,35,1477,0.10137681188149696
1441,37,1478,0.10140545911639964
1453,38,1491,0.10143344713338959
1447,39,1486,0.10143379566338989
1462,42,1504,0.10144682718734653
1447,42,1489,0.10142618417968832
1454,42,1496,0.10143956852343684
1453,43,1496,0.10143668294751222
1457,43,1500,0.1014362574657283
1469,40,1509,0.1014276067802776
1462,41,1503,0.10139387425433011
1453,44,1497,0.10137777915896376
1458,44,1502,0.10138249503780214
1453,42,1495,0.1013762427956026
1439,42,1481,0.10138122280141096
1444,43,1487,0.10141569502683385
1449,42,1491,0.10143629218861243
1453,41,1494,0.10144402259857703
1448,41,1489,0.10144228488517854
1462,42,1504,0.10145212319100509
1459,43,1502,0.10143109733729454
1459,44,1503,0.10141819281886798
1449,45,1494,0.10140654725261838
1444,44,1488,0.10141724941698232
1436,44,1480,0.1014380420768272
1455,43,1498,0.10147416643874564
1450,41,1491,0.10146634388179697
1449,43,1492,0.10146944433614603
1455,44,1499,0.10147462961477804
1442,45,1487,0.10146665911199639
1448,45,1493,0.10148730179408304
1451,45,1496,0.10149364911699024
1445,43,1488,0.10149267398180349
1453,42,1495,0.10150494853315349
1448,40,1488,0.1014993666876881
1458,40,1498,0.1015047426791547
1457,37,1494,0.10148797856408485
1451,36,1487,0.10147472573124869
1457,37,1494,0.10147610506985828
1457,37,1494,0.10146480631412708
1447,36,1483,0.10145402604181833
1453,39,1492,0.10146608806158607
1447,38,1485,0.10146350500562715
1441,38,1479,0.10147358146092303
1454,36,1490,0.10149548957339057
1463,35,1498,0.10148750244743213
1450,33,1483,0.10146091769302355
1464,34,1498,0.10146511380457676
1455,34,1489,0.10143913045975275
1468,34,1502,0.1014346000261111
1458,36,1494,0.10140226773968815
1451,36,1487,0.10139439137850768
1453,36,1489,0.10140282284078894
1455,37,1492,0.10140601231286012
1458,38,1496,0.10140512599413225
1464,40,1504,0.10139810038698437
1454,39,1493,0.101378265688516
1461,36,1497,0.10138191290505287
1458,36,1494,0.10137007363870609
1443,36,1479,0.10136582709125566
1433,36,1469,0.10139413941476372
1434,39,1473,0.10144116082706024
1440,38,1478,0.10148222180818042
1455,38,1493,0.10150645980376771
1454,38,1492,0.10149658308735807
1451,39,1490,0.10148960819447123
1450,39,1489,0.10148974446028522
1439,39,1478,0.10149215115502869
1450,42,1492,0.1015178538749295
1460,44,1504,0.10151774482440926
1443,44,1487,0.10149662029233245
1434,43,1477,0.10151366399191435
1449,42,1491,0.10154788735987619
1436,41,1477,0.10154669546316626
1453,42,1495,0.10157397715270462
1437,39,1476,0.1015621937908589
1448,42,1490,0.10158594981854328
1461,43,1504,0.10158373680210181
1450,43,1493,0.10155390749341088
1452,44,1496,0.1015508360623404
1437,45,1482,0.10154357527687752
1435,47,1482,0.10156967395554033
1430,47,1477,0.10159832562584141
1438,51,1489,0.10163528970980164
1440,53,1493,0.10165098537472435
1443,52,1495,0.10166129055877571
1436,52,1488,0.10166440114416134
1434,55,1489,0.10168290508820771
1432,56,1488,0.10170439684850228
1423,59,1482,0.10172826109788456
1428,59,1487,0.10176960235094601
1429,60,1489,0.10179666971206941
1426,64,1490,0.10181912012593225
1435,63,1498,0.10184634993306417
1438,64,1502,0.1018518372372676
1437,66,1503,0.10185062232543152
1429,67,1496,0.10185153472747505
1432,67,1499,0.10186960908844302
1434,67,1501,0.10187955085566176
1436,71,1507,0.10188470778202982
1424,72,1496,0.10188568313276025
1430,73,1503,0.10191222757616313
1425,70,1495,0.10192350536612352
1433,72,1505,0.10194441169963384
1422,71,1493,0.10194682983125304
1420,72,1492,0.10197296076778066
1398,74,1472,0.10200117463381804
1413,76,1489,0.10207474118457288
1416,76,1492,0.10210964664032428
1409,75,1484,0.10213458102191565
1404,74,1478,0.1021730661362464
1409,73,1482,0.10221899371224719
1405,73,1478,0.1022496245083199
1417,73,1490,0.10228657542468493
1410,73,1483,0.10229473666135196
1414,80,1494,0.1023173403875559
1400,81,1481,0.10232956612477911
1402,81,1483,0.10237148197833427
1408,83,1491,0.10240556198096343
1407,82,1489,0.10242362115820286
1403,83,1486,0.10244275847060859
1402,85,1487,0.10246797057920755
1388,84,1472,0.10249347756477623
1398,86,1484,0.10254742231039071
1394,85,1479,0.10257503739076071
1395,85,1480,0.1026088696719503
1393,88,1481,0.10263799831374666
1387,89,1476,0.10266929208813266
1397,90,1487,0.10271152666589624
1391,91,1482,0.10272867338954547
1379,93,1472,0.10275770675717649
1394,92,1486,0.10281064018370938
1392,91,1483,0.10282618787640711
1392,95,1487,0.1028449579066856
1389,96,1485,0.10286232159971405
1393,96,1489,0.1028855556319154
1385,94,1479,0.10289864329238346
1392,101,1493,0.10292827539685565
1390,102,1492,0.10294003629071558
1394,108,1502,0.10295541861078959
1399,108,1507,0.10296099403970159
1397,109,1506,0.10295538130204164
1387,105,1492,0.10295426007135468
1379,103,1482,0.10297512664327098
1376,103,1479,0.10301221454594746
1377,102,1479,0.10305227177997071
1372,105,1477,0.10308676096452701
1352,107,1459,0.10312894262044732
1364,105,1469,0.10321093673765941
1377,109,1486,0.10325985027581513
1383,112,1495,0.10327640039740256
1389,112,1501,0.10327869533785274
1392,112,1504,0.10326791603165439
1385,111,1496,0.10325244390791098
1383,113,1496,0.1032542458328764
1381,117,1498,0.10326043716719668
1376,119,1495,0.1032707815370237
1379,115,1494,0.10329171975322055
1375,114,1489,0.10330448413909248
1374,114,1488,0.10332486669074814
1361,118,1479,0.10334549676144755
1367,119,1486,0.10339198662027091
1367,117,1484,0.1034220046976657
1370,123,1493,0.10345015053252637
1383,124,1507,0.10346964793443492
1377,123,1500,0.10345854305533095
1372,128,1500,0.10346138144913318
1369,121,1490,0.10347526313715794
1367,120,1487,0.1034951086347702
1370,122,1492,0.10351774739439895
1361,118,1479,0.10353184271118597
1374,122,1496,0.10356443194113148
1370,126,1496,0.10356526802060202
1372,124,1496,0.103575021503874
1377,129,1506,0.1035799828580628
1368,131,1499,0.10357409682914907
1375,129,1504,0.10358859428105487
1375,127,1502,0.10358528012387673
1360,130,1490,0.10358256184123794
1351,130,1481,0.10361278607096903
1359,126,1485,0.10365968814035241
1350,132,1482,0.103684858598601
1351,129,1480,0.1037293101657811
1355,133,1488,0.10376767688256265
1357,138,1495,0.10379341987984268
1355,138,1493,0.1038125490091269
1363,139,1502,0.10383469179623653
1358,140,1498,0.10383766319635995
1352,143,1495,0.1038516851937278
1347,145,1492,0.10387786315957427
1360,143,1503,0.10391283606502878
1355,146,1501,0.10391649676556985
1361,150,1511,0.10393121571177005
1356,150,1506,0.10393185407666752
1352,149,1501,0.10394311342763636
1352,148,1500,0.10396315227967348
1350,150,1500,0.10398092306938567
1358,151,1509,0.10400194133123473
1361,149,1510,0.10400556228513042
1350,149,1499,0.10400254965251209
1348,157,1505,0.1040244740288909
1348,158,1506,0.10404887016710013
1349,155,1504,0.1040720205703029
1340,157,1497,0.10409057233384104
1337,155,1492,0.10412713382889308
1339,153,1492,0.10416648574089743
1358,152,1510,0.104198492319816
1349,152,1501,0.10418728286927713
1347,156,1503,0.10419682411729739
1341,159,1500,0.10420988844543079
1332,160,1492,0.10423596139933973
1333,160,1493,0.10427891257176579
1335,158,1493,0.1043158780161391
1330,157,1487,0.10434475398656161
1333,153,1486,0.10438185351907801
1337,151,1488,0.1044097578598815
1334,155,1489,0.10442572294094385
1344,153,1497,0.10444724649350678
1348,155,1503,0.10444645334874307
1352,158,1510,0.10443665850511362
1335,160,1495,0.10441942640196615
1334,162,1496,0.104441606944144
1341,162,1503,0.10446312948284127
1341,166,1507,0.10446822156827913
1336,167,1503,0.10447242358180014
1337,165,1502,0.10448694328446573
1345,164,1509,0.1044982231165552
1336,162,1498,0.10449078780378912
1330,161,1491,0.10450375410452654
1328,163,1491,0.10452893353270419
1333,160,1493,0.10455640808149819
1327,162,1489,0.10457006670725971
1328,162,1490,0.10459563281045081
1328,167,1495,0.1046172082449262
1315,167,1482,0.10463756026109759
1316,169,1485,0.10468581646347111
1320,176,1496,0.10472784444021661
1323,181,1504,0.10475710482018964
1317,180,1497,0.10477795076950908
1325,178,1503,0.10480990835925741
1324,176,1500,0.10482157692382564
1317,179,1496,0.10483520309069216
1315,176,1491,0.10486336972306382
1297,178,1475,0.10489443211799664
1298,179,1477,0.10496250717919485
1300,183,1483,0.10502236749346182
1309,185,1494,0.10507375458205306
1304,185,1489,0.10510069994985403
1303,179,1482,0.10513703029109914
1322,182,1504,0.10517296065217238
1308,188,1496,0.10516423705194705
1307,190,1497,0.10518845846836207
1312,191,1503,0.1052138027332154
1294,185,1479,0.10522630832053158
1305,190,1495,0.10527810862038807
1299,194,1493,0.10530114240541813
1310,191,1501,0.10533642892168033
1314,184,1498,0.10534454096237908
1313,186,1499,0.10534311224297306
1309,185,1494,0.10534470429834773
1317,184,1501,0.10535412466493155
1319,184,1503,0.10534574269355554
1303,182,1485,0.10533307169958189
1309,181,1490,0.10535792902255647
1298,189,1487,0.10536751844494358
1307,193,1500,0.10540040170250618
1297,190,1487,0.10541022306848344
1289,191,1480,0.10544141912696736
1302,194,1496,0.1054881578664887
1299,192,1491,0.10550238831457985
1311,194,1505,0.1055225311190748
1301,189,1490,0.10551292951607544
1301,188,1489,0.10552631403255953
1288,193,1481,0.10553901525502632
1297,195,1492,0.10557966001896918
1307,195,1502,0.10559855387267404
1313,201,1514,0.10559326353760684
1302,200,1502,0.10557611072856744
1302,197,1499,0.1055840813114958
1299,197,1496,0.10559100002448289
1294,192,1486,0.10560437099778913
1293,198,1491,0.10562735313205696
1295,198,1493,0.10565106292769233
1298,204,1502,0.10566813749415474
1289,208,1497,0.10567770429395035
1292,211,1503,0.10570694140041609
1298,204,1502,0.10572797841661234
1297,203,1500,0.1057335077167639
1294,202,1496,0.10574222718276383
1286,203,1489,0.10575641026329033
1293,208,1501,0.1057881176119033
1288,213,1501,0.10580143078182737
1282,212,1494,0.10582370837631949
1293,210,1503,0.10585744592599575
1293,208,1501,0.10586462612405657
1299,211,1510,0.10587195271554979
1290,209,1499,0.1058649229204762
1273,213,1486,0.10587833042506264
1278,217,1495,0.10592876016942349
1270,219,1489,0.1059650100013532
1277,220,1497,0.10601450834631464
1270,214,1484,0.10604430377340193
1275,213,1488,0.10608780294894876
1278,219,1497,0.10611691496653072
1279,220,1499,0.10613594995076156
1283,224,1507,0.10615189340451547
1275,225,1500,0.10615793720219628
1271,228,1499,0.10618129481586536
1268,230,1498,0.1062108960649023
1261,226,1487,0.10624601609997977
1268,228,1496,0.1062944584187553
1264,226,1490,0.10632323171114144
1270,226,1496,0.10635774143556002
1278,229,1507,0.10637738621576343
1262,223,1485,0.10637701912705096
1258,224,1482,0.10641253082599057
1253,221,1474,0.1064543814898592
1256,216,1472,0.10650227884864905
1265,219,1484,0.1065405687447461
1248,227,1475,0.10655598149821607
1250,228,1478,0.10660669149421924
1261,226,1487,0.10664974099867891
1258,220,1478,0.10666380917468253
1265,220,1485,0.1066828435212339
1269,226,1495,0.10668498069205762
1270,224,1494,0.10667846734358345
1271,220,1491,0.1066716101275348
1267,227,1494,0.10666288415540447
1275,232,1507,0.10666467598585917
1272,233,1505,0.10664800804634372
1280,233,1513,0.10663926737596002
1259,230,1489,0.10661506523987468
1264,234,1498,0.10663938956250131
1254,235,1489,0.10665185853650928
1252,237,1489,0.10668726253746322
1250,241,1491,0.10672292123413034
1249,243,1492,0.10675977524249586
1237,247,1484,0.10679665751584956
1239,242,1481,0.10685741812779828
1251,242,1493,0.10690800615776791
1253,242,1495,0.10692770941131617
1253,242,1495,0.1069412553069625
1256,243,1499,0.10695429151898793
1260,241,1501,0.10695929812741961
1268,236,1504,0.10695455412627577
1256,231,1487,0.10693434304090939
1260,234,1494,0.10694194084544893
1254,239,1493,0.10694033183063312
1251,239,1490,0.10695263114720338
1241,241,1482,0.10697001005200228
1248,245,1493,0.10700785993635467
1245,245,1490,0.10702700380502041
1250,243,1493,0.1070524008265517
1238,249,1487,0.10706497685680123
1243,244,1487,0.10710306332173708
1242,250,1492,0.10712657417278056
1250,249,1499,0.10715093163002953
1243,246,1489,0.10715599410581436
1240,253,1493,0.10717617443319778
1243,258,1501,0.10720127037464643
1236,259,1495,0.10721788874965073
1231,264,1495,0.10724903271882706
1225,266,1491,0.10728915617060551
1239,267,1506,0.10733887831553378
1235,272,1507,0.10735395569012107
1239,269,1508,0.10737693867394103
1242,262,1504,0.10738987459300946
1235,264,1499,0.10739497078674226
1218,268,1486,0.10741634585731039
1223,271,1494,0.10747296979000609
1226,273,1499,0.10751515762105551
1222,273,1495,0.10754733029360146
1226,278,1504,0.10758634439700764
1225,274,1499,0.10761406666817568
1218,275,1493,0.10764142841391461
1221,273,1494,0.1076817760043094
1203,271,1474,0.10771217891584994
1218,273,1491,0.10778102623103077
1219,274,1493,0.10781063083012807
1234,270,1504,0.10783594887320185
1241,274,1515,0.10782558306658632
1231,268,1499,0.10780010721001049
1227,269,1496,0.10779957430469608
1224,270,1494,0.10780901817862577
1216,275,1491,0.10782398813694914
1217,282,1499,0.10785693176341841
1215,281,1496,0.10788377979921078
1222,282,1504,0.10791301096472308
1208,281,1489,0.10792408658641353
1202,284,1486,0.1079654744991834
1215,285,1500,0.10801603550148879
1221,285,1506,0.10803356629877278
1206,286,1492,0.10803636135874381
1215,287,1502,0.10807295312867085
1208,285,1493,0.10808722194371516
1200,285,1485,0.10811570587451197
1201,285,1486,0.10815998223859229
1212,289,1501,0.1081976726538814
1219,291,1510,0.10820805148587478
1220,296,1516,0.1082023802487307
1217,298,1515,0.1081949372449489
1220,299,1519,0.10819435065295549
1215,298,1513,0.10818742253202773
1207,299,1506,0.10819243065719483
1216,299,1515,0.10821586013148284
1199,296,1495,0.10821752782649974
1200,286,1486,0.10825650007818516
1197,287,1484,0.10829015950332835
1200,292,1492,0.10832750041254274
1206,299,1505,0.10835583820443588
1217,302,1519,0.10836791770814429
1216,296,1512,0.10835509608411543
1207,296,1503,0.10834435813823594
1190,295,1485,0.10835542546711245
1189,291,1480,0.10840493584337269
1205,299,1504,0.10845114635831153
1204,304,1508,0.10845802487081936
1208,309,1517,0.10846749628425784
1193,312,1505,0.10846680507674858
1181,313,1494,0.10849919429196138
1194,304,1498,0.10855740831344718
1194,307,1501,0.10858060008456327
1186,304,1490,0.10860198367396649
1184,307,1491,0.10864068561952088
1185,316,1501,0.10867929941152632
1191,315,1506,0.1087132374297984
1185,314,1499,0.10873238017738907
1192,317,1509,0.10876387394755238
1196,320,1516,0.10877648694868128
1188,322,1510,0.10877941585685746
1180,318,1498,0.10880109575489628
1181,315,1496,0.1088389118432965
1180,315,1495,0.10887257243257377
1170,319,1489,0.10890556578718331
1170,320,1490,0.10895992120545385
1171,322,1493,0.10900981238326278
1179,329,1508,0.10905486837181229
1175,326,1501,0.1090780570941593
1173,327,1500,0.10910929621330467
1179,326,1505,0.10914182064309574
1177,328,1505,0.10915818860949474
1186,323,1509,0.10917712593202662
1179,322,1501,0.10917439645609747
1179,321,1500,0.1091892005772921
1170,319,1489,0.10920529580994064
1172,323,1495,0.10924054553163291
1169,331,1500,0.1092682293951686
1183,330,1513,0.10930196278104554
1173,327,1500,0.10930050283444649
1170,331,1501,0.10932274859549826
1160,327,1487,0.10935073686589643
1166,329,1495,0.10940007306490358
1169,328,1497,0.10943068034777478
1171,340,1511,0.10945263444968177
1167,337,1504,0.10946579475732843
1169,336,1505,0.1094888015021041
1162,331,1493,0.1095044316966457
1172,335,1507,0.10953490373008186
1169,336,1505,0.10953898238100666
1174,332,1506,0.1095482786425686
1176,331,1507,0.10954518299638234
1175,328,1503,0.10953640226854197
1179,320,1499,0.10953196735419093
1178,328,1506,0.10951878785834436
1179,328,1507,0.10950778290871295
1179,330,1509,0.10949547943408175
1175,328,1503,0.10948413642242583
1166,333,1499,0.10948314705540188
1170,327,1497,0.10950258279175902
1163,326,1489,0.10951032772547982
1165,323,1488,0.10953445033396929
1158,328,1486,0.10955193745492327
1154,329,1483,0.10958332465176904
1156,333,1489,0.10961976956925629
1167,332,1499,0.10965060476362509
1164,329,1493,0.10965479313028567
1177,331,1508,0.10966423453677614
1172,329,1501,0.10964391881778435
1170,333,1503,0.10963707690971347
1174,329,1503,0.10963570579159682
1159,322,1481,0.10962618556069913
1162,325,1487,0.10965120516903128
1164,336,1500,0.10966801035602686
1155,337,1492,0.10967998109237541
1164,333,1497,0.10971192503365057
1161,334,1495,0.1097220018009844
1154,334,1488,0.10973821058448746
1150,333,1483,0.10976770106617885
1147,327,1474,0.1098035876887086
1151,332,1483,0.10984318461472435
1152,330,1482,0.1098713497944752
1153,334,1487,0.10989507944202874
1146,336,1482,0.10991437380547257
1154,339,1493,0.10994974604293986
1163,342,1505,0.10996346312221153
1151,331,1482,0.10995519314099333
1166,336,1502,0.10997564047604509
1159,335,1494,0.10995892480180852
1161,341,1502,0.10996111503643345
1150,337,1487,0.10995915484614642
1146,341,1487,0.10998162618241814
1142,338,1480,0.11001148475510238
1133,335,1468,0.11004846746424707
1134,341,1475,0.11010385133981736
1135,338,1473,0.11015369710948496
1147,339,1486,0.11019705293763948
1148,344,1492,0.11020828141843583
1156,337,1493,0.11021668955718447
1161,331,1492,0.1102051856241356
1158,329,1487,0.11018250897864075
1155,330,1485,0.11016842671930442
1161,337,1498,0.11016104389094991
1155,334,1489,0.11014155358212659
1164,332,1496,0.11013789040319857
1155,337,1492,0.11011375262013985
1166,333,1499,0.11011420796095997
1164,335,1499,0.11009081284138807
1161,332,1493,0.11007499656684526
1165,328,1493,0.11006688479740948
1164,335,1499,0.11005041260232545
1169,343,1512,0.11003989608061505
1163,342,1505,0.11001827202542568
1149,343,1492,0.11001087607917899
1144,341,1485,0.11003396879647606
1148,336,1484,0.11006660153288761
1156,332,1488,0.11008847408009376
1155,334,1489,0.11009043826382453
1157,336,1493,0.11009171796816541
1153,335,1488,0.11008657912570217
1151,338,1489,0.11009174922117364
1157,336,1493,0.11009956245085921
1159,337,1496,0.1100927806995831
1153,342,1495,0.11008216878296154
1152,344,1496,0.11008498340204625
1155,338,1493,0.11008931828791116
1153,342,1495,0.1100865129790599
1143,337,1480,0.11008875922503826
1150,336,1486,0.11011307257425906
1162,332,1494,0.11011782502351149
1153,333,1486,0.11009602152401615
1161,339,1500,0.11009533832866271
1153,342,1495,0.11007761527441928
1158,347,1505,0.11007802387775575
1154,344,1498,0.11006838991540452
1162,348,1510,0.1100690553369865
1158,349,1507,0.11005135827599627
1165,346,1511,0.11004360758145182
1164,344,1508,0.11002137359196557
1158,352,1510,0.11000542062141865
1146,355,1501,0.11000423696495172
1144,356,1500,0.11002976460276132
1138,353,1491,0.11005774328729735
1135,354,1489,0.11009560002238755
1139,353,1492,0.11013821535881327
1143,345,1488,0.11016900432161378
1146,342,1488,0.11018876882643713
1147,347,1494,0.11019988053517173
1152,346,1498,0.11020991487986408
1149,345,1494,0.11020759903721807
1143,340,1483,0.11021284693817705
1145,350,1495,0.11023112120964619
1154,349,1503,0.11024217707611932
1169,347,1516,0.11023177099370994
1170,352,1522,0.11018877531728563
1169,349,1518,0.11014886860576717
1171,347,1518,0.11011417350405825
1167,351,1518,0.11007784536210576
1165,344,1509,0.11005275268655243
1164,344,1508,0.11003546377086608
1155,344,1499,0.1100201590956397
1156,348,1504,0.11002476009447641
1156,352,1508,0.11002881884528641
1158,345,1503,0.11003379504208347
1161,348,1509,0.11003295759831325
1169,353,1522,0.11002453941502707
1162,342,1504,0.1099978990769192
1170,342,1512,0.1099888685963095
1171,334,1505,0.1099623716044034
1166,333,1499,0.10993471884598219
1158,327,1485,0.10992053856772699
1163,337,1500,0.10992850094556221
1170,341,1511,0.10992438775358172
1151,347,1498,0.10990467925523471
1153,345,1498,0.10993014789668126
1164,349,1513,0.1099492650429847
1156,353,1509,0.10994272793875921
1150,356,1506,0.1099570504904347
1148,355,1503,0.10998442091835062
1150,361,1511,0.11001462886298669
1142,360,1502,0.11003582329104156
1145,359,1504,0.11007316223756983
1150,358,1508,0.11010160600025416
1151,367,1518,0.11011795113889886
1151,363,1514,0.11013090634144358
1156,361,1517,0.11014403156099878
1154,360,1514,0.11014471348283214
1146,363,1509,0.11015042495785526
1151,377,1528,0.11017303993004703
1136,383,1519,0.11018268377771127
1133,379,1512,0.11022550609258402
1140,372,1512,0.11027272431790014
1128,376,1504,0.11030204305410257
1138,375,1513,0.11035506771756275
1134,378,1512,0.11038238768554975
1134,375,1509,0.11041662458299135
1137,370,1507,0.11044698573051516
1127,369,1496,0.11046884801988366
1125,372,1497,0.11051011980357192
1117,369,1486,0.11055359810156794
1129,374,1503,0.11061119521819268
1138,373,1511,0.1106370358396839
1135,364,1499,0.11064065484593857
1141,367,1508,0.11064964712047079
1134,366,1500,0.11064365521994958
1129,371,1500,0.11065322115727312
1135,378,1513,0.11067441844686249
1133,382,1515,0.11068060732157316
1120,379,1499,0.11069113333373518
1135,378,1513,0.11073015173481875
1126,375,1501,0.11073106149054539
1122,379,1501,0.11075337368833008
1126,378,1504,0.1107838924186165
1127,379,1506,0.11080295018610191
1119,380,1499,0.11081908782983367
1112,381,1493,0.11085098461239584
1120,376,1496,0.11089735954698796
1125,374,1499,0.11092177121289457
1128,373,1501,0.11093444186059553
1133,380,1513,0.110937300574356
1119,383,1502,0.11093133222539318
1123,386,1509,0.11095786672956912
1118,385,1503,0.11097376035638642
1111,386,1497,0.1110000272701675
1115,390,1505,0.1110399318124951
1125,390,1515,0.11106745484285138
1118,393,1511,0.11107086064033606
1112,387,1499,0.11108909515346019
1112,385,1497,0.11111816294685455
1105,386,1491,0.11114408164694975
1108,387,1495,0.11118337807423191
1117,386,1503,0.11121140054037276
1100,385,1485,0.11121667900561193
1107,383,1490,0.11126146732554971
1107,388,1495,0.11128628194399041
1101,386,1487,0.11130833261245207
1095,392,1487,0.11134428883082097
1096,392,1488,0.11138981866364311
1098,387,1485,0.1114284460109634
1089,393,1482,0.11145843474294108
1095,392,1487,0.11150549282771358
1103,388,1491,0.11153568415386796
1099,393,1492,0.11154467741626284
1105,393,1498,0.11156347662177715
1108,396,1504,0.11156792469198765
1107,396,1503,0.11156298218031385
1102,391,1493,0.11156089007303194
1095,391,1486,0.11157138390260168
1090,402,1492,0.1115962711865362
1092,405,1497,0.11163100865238455
1101,404,1505,0.11165803056810301
1096,405,1501,0.11166308084055125
1091,404,1495,0.11168004061173743
1085,410,1495,0.11170797363729744
1086,410,1496,0.11174821711565773
1080,406,1486,0.11178245699383915
1076,410,1486,0.11182805349272082
1075,411,1486,0.11187699148758844
1082,415,1497,0.11192529850200307
1082,415,1497,0.11195191858137626
1083,419,1502,0.11197712412443579
1090,423,1513,0.1119981447658163
1083,423,1506,0.11200144608187998
1084,425,1509,0.11201991123331824
1087,418,1505,0.1120340702564153
1085,418,1503,0.1120419004494456
1087,417,1504,0.11205331354163359
1093,413,1506,0.11205970319891076
1100,407,1507,0.11205148031459287
1089,409,1498,0.11202869240591046
1088,406,1494,0.11203105258104559
1091,408,1499,0.11203614359339774
1102,409,1511,0.11203323659217018
1094,412,1506,0.11200457756937604
1098,408,1506,0.1119966823170084
1099,413,1512,0.11198103515830247
1084,413,1497,0.1119630586282937
1085,426,1511,0.11198428549526554
1072,431,1503,0.11200102717611432
1081,429,1510,0.11204635758548473
1080,426,1506,0.1120654869974545
1074,425,1499,0.11208750464151454
1086,429,1515,0.11212184284925485
1084,437,1521,0.11212435224960492
1077,434,1511,0.11213161224345619
1075,433,1508,0.11215429738341674
1071,437,1508,0.11217941243368934
1067,431,1498,0.11221114546770164
1064,431,1495,0.11224942128760666
1068,430,1498,0.11229107849308577
1063,434,1497,0.11232065711398187
1054,434,1488,0.11235697190914397
1044,442,1486,0.11241139211296151
1047,439,1486,0.1124841097033471
1051,444,1495,0.11254325405586627
1055,444,1499,0.11258873707389623
1056,436,1492,0.11262174566271728
1067,447,1514,0.11265070676939822
1063,450,1513,0.11265147703623796
1061,448,1509,0.11266221295594633
1044,448,1492,0.11267718301208475
1046,441,1487,0.11273100929338879
1043,442,1485,0.1127766486719785
1050,436,1486,0.11282348747550194
1069,431,1500,0.11284877476345499
1062,440,1502,0.11282964440434227
1059,436,1495,0.1128292145129993
1060,436,1496,0.11283595464157425
1054,434,1488,0.11283955741865541
1049,431,1480,0.11285790413331696
1044,434,1478,0.11288738864913217
1046,442,1488,0.11292523225041552
1057,440,1497,0.11295621981046466
1064,446,1510,0.11295928869290656
1065,438,1503,0.11294664647830968
1075,443,1518,0.11293189306347559
1063,446,1509,0.1128958642313609
1065,449,1514,0.11289122142971209
1047,450,1497,0.11288250471114435
1042,450,1492,0.11291647591042063
1045,455,1500,0.11295943432064962
1041,456,1497,0.11299316752682419
1041,452,1493,0.11303319458981793
1037,462,1499,0.11306992649542771
1030,464,1494,0.11311246280078156
1024,470,1494,0.11316639333926386
1022,468,1490,0.11323224028063965
1021,476,1497,0.11329734812567478
1026,473,1499,0.11336036472406877
1027,470,1497,0.11340793209055444
1025,470,1495,0.11344905221718779
1024,472,1496,0.11349197987072046
1015,474,1489,0.1135332427401821
1020,477,1497,0.11359177161094192
1011,479,1490,0.11363486884477374
1010,481,1491,0.11369637551913392
1020,484,1504,0.11375423564946047
1024,482,1506,0.1137826284865297
1014,481,1495,0.11379962880908039
1016,483,1499,0.1138391075329233
1008,483,1491,0.11387040404401078
1016,485,1501,0.11391745714642333
1020,479,1499,0.11394140390547448
1006,487,1493,0.1139557055886939
1003,485,1488,0.11400178161846983
1009,491,1500,0.11405061315729931
1010,488,1498,0.11408067727873376
1021,485,1506,0.1141073306974425
1021,489,1510,0.11410533984538535
1021,490,1511,0.11410333044107761
1017,490,1507,0.11410164246099537
1008,493,1501,0.1141102827139012
1009,498,1507,0.11413834357092531
1013,495,1508,0.11416193872187674
1008,496,1504,0.11417488773719561
1009,498,1507,0.1141991326792779
1011,493,1504,0.11421929303360717
1010,498,1508,0.11423495749103729
1010,495,1505,0.11425321789577662
1013,495,1508,0.11426881823717348
1004,497,1501,0.1142764325484234
991,503,1494,0.11430552464009694
988,504,1492,0.11436359643159623
989,510,1499,0.11442648218211782
990,518,1508,0.11448297015837192
977,517,1494,0.1145334410601739
996,513,1509,0.11460969680491825
987,519,1506,0.11463683754975634
985,531,1516,0.11468323599850183
993,532,1525,0.11473129102477791
993,527,1520,0.11475813015240785
978,526,1504,0.11478233145146509
979,529,1508,0.11484132619869492
968,536,1504,0.11489302385365416
965,530,1495,0.11496727790223585
968,533,1501,0.11504201266040955
968,536,1504,0.11510518118113158
952,542,1494,0.1151632510613123
944,543,1487,0.11525556801943139
958,540,1498,0.11535808340720259
951,543,1494,0.11542020225830324
965,539,1504,0.11549410216684552
956,539,1495,0.11552970318671756
953,537,1490,0.1155853071881798
950,537,1487,0.11564454807137882
955,540,1495,0.11570703640958752
951,545,1496,0.11575104516715122
953,551,1504,0.11580313701650422
958,542,1500,0.11584742336777484
946,551,1497,0.11587799241065859
948,550,1498,0.1159336100749328
946,554,1500,0.1159803913463702
945,566,1511,0.11602853219349578
940,557,1497,0.1160745600987076
935,556,1491,0.11612947643550932
930,555,1485,0.11619105112675793
927,567,1494,0.11625900255485622
926,569,1495,0.11633047172431216
927,566,1493,0.11639908468506992
931,570,1501,0.11645976237408288
931,563,1494,0.11650730954400494
923,555,1478,0.1165507597005132
922,556,1478,0.11660857611824632
932,566,1498,0.11666427142877044
931,561,1492,0.11669066786505215
927,565,1492,0.11671763776302921
930,573,1503,0.11675285675264621
929,568,1497,0.11678023730480483
927,584,1511,0.11680732446837772
926,588,1514,0.11683728849995793
924,594,1518,0.11686933323263765
928,583,1511,0.11690362114479233
930,585,1515,0.11692565422125739
933,585,1518,0.11694245589786931
937,584,1521,0.11695148513264111
936,580,1516,0.11695158248699197
933,579,1512,0.11695300367451526
935,582,1517,0.11696128174701784
927,574,1501,0.11696349630537459
928,576,1504,0.11698465407409309
929,575,1504,0.11700242356094126
933,581,1514,0.11701787445820716
944,578,1522,0.11702282420716882
927,572,1499,0.11700150635871814
921,576,1497,0.11702112339308052
921,585,1506,0.1170528012223448
922,587,1509,0.1170828879753148
921,589,1510,0.11710764360725352
920,580,1500,0.1171325593957725
918,579,1497,0.11715933362756478
913,577,1490,0.11718804917249241
917,583,1500,0.11722673219306319
917,581,1498,0.11725209848007508
921,585,1506,0.11727701449994729
921,582,1503,0.11728911200511291
906,586,1492,0.11730004563870572
911,580,1491,0.11734513167682678
915,581,1496,0.11737482203514987
911,591,1502,0.11739334525978926
909,594,1503,0.1174203200675259
912,594,1506,0.11745369262155556
910,596,1506,0.11747910014347465
897,591,1488,0.11750791051928694
898,587,1485,0.11756541009391544
911,593,1504,0.11761723885834444
903,603,1506,0.11763349261727153
899,602,1501,0.11766929527091272
900,597,1497,0.11770986790642053
911,592,1503,0.11774552839144585
909,593,1502,0.11775213379496971
909,597,1506,0.11776395530697924
899,595,1494,0.11777287884926774
905,592,1497,0.11780608229651318
896,593,1489,0.11782448009615606
890,594,1484,0.1178629713695776
894,603,1497,0.11791406345622991
895,603,1498,0.11795008949937959
898,606,1504,0.11798138057772956
891,604,1495,0.11800330247495562
896,609,1505,0.11803922543482326
891,610,1501,0.1180619834389373
891,605,1496,0.11809542941222145
884,608,1492,0.11812691691154278
890,609,1499,0.11817247343368045
881,615,1496,0.11820120365686723
881,625,1506,0.11824911508641107
876,615,1491,0.1182953827050177
877,615,1492,0.11834851115337479
874,615,1489,0.11839381743662662
881,619,1500,0.11844233260098623
882,636,1518,0.1184718333696437
870,634,1504,0.11849768876185067
872,628,1500,0.1185510566581171
878,640,1518,0.11859752917381812
873,635,1508,0.11862437919952228
880,640,1520,0.11866208915660327
876,637,1513,0.11868177499920815
878,646,1524,0.11870962783080305
874,648,1522,0.11872879880179234
868,647,1515,0.11875615936280763
870,643,1513,0.11879563184832033
876,629,1505,0.11883003103899888
873,639,1512,0.11884627406692612
864,643,1507,0.11886722857817332
867,647,1514,0.11890743332955889
870,646,1516,0.11893876505881738
863,643,1506,0.11895897972509605
860,635,1495,0.118993232425254
869,629,1498,0.11903465797021096
873,624,1497,0.11905064406306856
877,631,1508,0.1190539768249056
878,636,1514,0.11904661320636244
866,635,1501,0.11903958308665359
870,622,1492,0.11905993485958236
866,629,1495,0.1190697481081688
872,634,1506,0.11908690480910675
879,643,1522,0.11909001986950915
879,641,1520,0.11907707340971269
874,635,1509,0.11906562995316701
870,637,1507,0.11906771543743087
873,636,1509,0.11907993287485699
867,633,1500,0.1190824186565533
861,628,1489,0.11909724114946157
865,630,1495,0.11912453923724226
856,636,1492,0.11914183147495193
860,627,1487,0.11917912310113926
852,630,1482,0.11920342505843415
851,634,1485,0.119243811115889
854,634,1488,0.11928603213082961
859,639,1498,0.1193187122988175
847,641,1488,0.11933531188919452
847,637,1484,0.11937965515604762
847,645,1492,0.11942083196734025
851,646,1497,0.11945927920107255
848,650,1498,0.11948683856811419
841,658,1499,0.11951934503507426
842,652,1494,0.11956638630960083
850,651,1501,0.1196082456310694
842,648,1490,0.11962801324748522
847,646,1493,0.119666285160041
842,646,1488,0.11968921888662354
839,647,1486,0.11972312286202133
835,654,1489,0.11976335904370622
837,657,1494,0.11980999716119585
837,666,1503,0.11984708385716818
829,662,1491,0.11988189685924491
832,664,1496,0.11993479269220829
839,657,1496,0.11997563021308615
834,658,1492,0.11999636871846774
826,670,1496,0.12002715981603775
834,659,1493,0.12007519619010161
830,658,1488,0.1201025950777887
827,662,1489,0.1201386156929955
835,667,1502,0.1201783877221824
830,663,1493,0.12019362734964695
833,671,1504,0.12021920558363146
824,671,1495,0.12023647731922353
820,667,1487,0.12027444114272033
826,668,1494,0.12031756270917235
829,667,1496,0.12034443170836129
825,677,1502,0.12036316547681622
823,681,1504,0.12039109296545926
816,683,1499,0.12042246047962842
812,677,1489,0.12046845190299178
829,681,1510,0.1205207803363267
829,676,1505,0.12052788486826296
832,683,1515,0.1205333813780938
828,692,1520,0.12053127505278008
824,690,1514,0.12053981865066618
830,685,1515,0.12055769713629275
826,691,1517,0.12055886008819688
808,687,1495,0.12056936519017902
811,688,1499,0.1206213775888359
814,700,1514,0.12066371765849804
813,696,1509,0.12069666151851649
815,701,1516,0.12073061638988779
813,689,1502,0.12075667924442236
812,686,1498,0.12078473238384259
812,693,1505,0.12081353756987046
815,695,1510,0.12084009902795177
802,685,1487,0.12085887818578893
789,694,1483,0.12090733376414384
790,702,1492,0.12098305441285152
794,708,1502,0.12105164197135242
801,706,1507,0.12110562765758753
795,704,1499,0.12113878327387571
787,708,1495,0.12118516179933927
779,713,1492,0.1212485910121811
780,711,1491,0.12132574745857266
783,714,1497,0.12139536797502856
787,708,1495,0.12145162903359111
785,707,1492,0.12149466331156666
781,711,1492,0.12154089978222454
788,720,1508,0.12159340850915669
781,716,1497,0.12162404867065149
781,709,1490,0.12166975815597325
783,709,1492,0.12171336767270911
788,715,1503,0.12174861424227978
789,713,1502,0.12177047156359816
788,712,1500,0.12178819207519592
776,724,1500,0.12180737405700935
780,722,1502,0.12185404536741487
787,712,1499,0.1218878071950699
784,721,1505,0.12190100511352536
792,725,1517,0.12192030640048784
776,714,1490,0.12191956901316664
786,727,1513,0.12195887314760658
782,724,1506,0.12197029642755794
775,724,1499,0.12199322194463015
777,724,1501,0.12203073712053655
778,729,1507,0.12206041374319102
775,733,1508,0.12208528759917049
781,738,1519,0.12211749966977901
773,721,1494,0.12213235138093179
772,728,1500,0.12216680321709056
767,722,1489,0.12220029577660395
767,738,1505,0.12224385869880067
762,728,1490,0.12228453330656658
758,731,1489,0.12233398150503785
752,733,1485,0.12238862241651396
759,739,1498,0.12245183586715148
751,733,1484,0.12249323329844844
755,740,1495,0.12254968281500211
761,736,1497,0.1225920721840945
760,735,1495,0.1226144670423524
762,732,1494,0.1226386862474497
766,736,1502,0.12265671225463574
763,743,1506,0.12266550816326031
758,740,1498,0.12268235711393896
760,745,1505,0.12270804742617672
767,741,1508,0.12272876352696635
764,732,1496,0.12273256213384588
769,739,1508,0.12274344035675533
760,742,1502,0.12274251585188062
756,747,1503,0.12276241627985182
754,743,1497,0.12279315465318648
752,740,1492,0.12282830860943993
762,746,1508,0.12286553941046209
756,745,1501,0.12287418961316961
757,752,1509,0.12289759543473121
757,742,1499,0.1229179782087996
761,743,1504,0.12293609193660907
759,756,1515,0.12294691313062543
765,757,1522,0.12296067704101525
752,766,1518,0.12295786416571937
752,773,1525,0.1229862211028205
748,767,1515,0.12301170181099447
754,762,1516,0.12304581441426507
754,762,1516,0.12306080074676792
750,765,1515,0.12307596192606023
754,751,1505,0.12309954757348056
754,746,1500,0.12311057320133038
757,742,1499,0.12312106193033114
756,742,1498,0.12312254649230708
758,742,1500,0.12312749690913709
756,747,1503,0.12312543706710943
758,746,1504,0.1231287034328154
756,748,1504,0.12312660068110418
741,752,1493,0.12313116911588168
753,753,1506,0.12317144468328539
752,747,1499,0.12318143890141059
750,751,1501,0.12319507897893639
744,760,1504,0.12321529047930489
742,767,1509,0.12324843371673679
739,771,1510,0.12328374112806449
740,775,1515,0.12332317054052096
744,772,1516,0.12335776413568635
744,777,1521,0.12338053088772011
745,777,1522,0.12340203746896208
739,788,1527,0.12341975817240282
736,772,1508,0.12345138960345366
733,774,1507,0.1234888617687147
721,773,1494,0.12353072416073943
722,779,1501,0.12359686477698986
729,771,1500,0.12365649204659351
729,771,1500,0.12369499437349266
724,776,1500,0.12373110877989507
734,775,1509,0.12377697335250198
735,768,1503,0.12379539816641455
731,773,1504,0.12381034747261319
725,770,1495,0.12383373421986736
721,779,1500,0.1238702288314025
723,776,1499,0.12391586159348605
727,778,1505,0.12395292337241542
729,782,1511,0.12397727839422366
729,786,1515,0.12399400622703367
720,783,1503,0.1240118137348838
725,794,1519,0.12405064324450336
727,789,1516,0.12407426532159331
732,788,1520,0.12409198019587823
725,790,1515,0.12409720244666865
716,787,1503,0.12411897187779349
710,788,1498,0.1241602295967511
706,784,1490,0.12421351568628186
716,788,1504,0.12427318039843911
722,777,1499,0.12430179127708187
723,789,1512,0.12431368871023551
722,791,1513,0.12432290026634851
717,792,1509,0.1243335516555997
718,801,1519,0.12435863634316548
712,782,1494,0.12437806198838107
707,786,1493,0.12441139263256065
713,788,1501,0.12445603752089843
709,790,1499,0.12448368546172332
712,794,1506,0.12452040895051045
704,802,1506,0.12454470948311519
702,800,1502,0.12458438692706335
696,808,1504,0.12462681918608061
701,803,1504,0.12468119706498289
702,805,1507,0.12471801067694009
703,801,1504,0.12474930528379394
697,799,1496,0.12477434317233309
698,802,1500,0.12481208715395009
694,807,1501,0.12484381113638175
704,808,1512,0.12488202444606468
698,812,1510,0.12489402708041815
700,804,1504,0.12491941642973181
700,793,1493,0.1249386112787575
703,795,1498,0.12495597904070692
704,797,1501,0.12496601003111961
694,804,1498,0.1249743938306467
685,810,1495,0.12500784336348372
695,820,1515,0.12506448846347612
687,819,1506,0.125093020474204
685,810,1495,0.12513863162867866
684,822,1506,0.12518708596104886
683,824,1507,0.1252355099300723
677,828,1505,0.12528335112882819
681,828,1509,0.12534159708252124
677,820,1497,0.12538706285899515
681,826,1507,0.12543917031660076
668,830,1498,0.12547798400060292
667,832,1499,0.12554716368264413
664,831,1495,0.12561499137963522
668,834,1502,0.1256850053415659
667,838,1505,0.12573895554574993
673,840,1513,0.12579319946078207
677,842,1519,0.12582904098311773
684,843,1527,0.1258519823147993
681,847,1528,0.1258557997510702
674,841,1515,0.12586770684823273
672,840,1512,0.12589496759106625
662,833,1495,0.12592761528156873
661,840,1501,0.12598138757528027
652,837,1489,0.12603049653603324
658,840,1498,0.1261003968269293
654,846,1500,0.12615246461495533
658,853,1511,0.12621198497515343
662,851,1513,0.1262569729974913
661,852,1513,0.12628874712529675
650,862,1512,0.12632030570550373
649,863,1512,0.1263769699871022
644,860,1504,0.12643378483148426
637,866,1503,0.12649960302089044
646,863,1509,0.1265786165417453
638,859,1497,0.12663064660178594
638,856,1494,0.12669946231760787
650,868,1518,0.1267643654416007
643,873,1516,0.12679515535547048
646,869,1515,0.12684088766209772
643,884,1527,0.1268778226844744
646,879,1525,0.12692151125940462
641,883,1524,0.12695408973290453
640,879,1519,0.12699801834476335
636,873,1509,0.12704163131306778
644,873,1517,0.12709147369667645
635,869,1504,0.12711681903059094
637,871,1508,0.12716293295555367
625,872,1497,0.12719942323795694
627,878,1505,0.1272621893281929
625,877,1502,0.12731710709902067
622,868,1490,0.12737303068185274
621,877,1498,0.12743163218544334
613,877,1490,0.12748899357793442
608,884,1492,0.12756294755815312
618,889,1507,0.12764582833131619
614,891,1505,0.12770040499593116
614,891,1505,0.1277630420020816
620,895,1515,0.12781947111694683
619,891,1510,0.12785539554105532
626,885,1511,0.12789098530397766
613,884,1497,0.12790883197054692
612,894,1506,0.1279567169364347
607,897,1504,0.1280067461090921
609,904,1513,0.128064698724345
605,902,1507,0.1281129949236698
611,909,1520,0.128167289954516
608,905,1513,0.12820174331724593
616,903,1519,0.12824183698370997
612,911,1523,0.12826017193923966
613,896,1509,0.12828706701186404
615,906,1521,0.1283114089840338
610,910,1520,0.12832682762216205
617,912,1529,0.12835196905723012
608,915,1523,0.12835848588140286
596,906,1502,0.12838678057999706
599,906,1505,0.1284420313661671
597,909,1506,0.1284851518053517
592,903,1495,0.12853170999082417
593,916,1509,0.12858849876932613
593,916,1509,0.12863963750416585
585,910,1495,0.12868818158577774
589,916,1505,0.1287551638972461
594,921,1515,0.12880551110441968
589,923,1512,0.12884189245036257
597,925,1522,0.12888971152427817
590,915,1505,0.12891447669470504
577,921,1498,0.12895377704089306
585,913,1498,0.1290230937877236
589,919,1508,0.1290663202073202
584,923,1507,0.12909788223293472
585,917,1502,0.1291418000664362
584,919,1503,0.12918096163841328
585,928,1513,0.12921901576921851
579,929,1508,0.1292526962280799
575,928,1503,0.12929928076395192
581,924,1505,0.12935270285053754
584,927,1511,0.12938746359707737
581,939,1520,0.1294122633221276
585,937,1522,0.12944359853873094
581,925,1506,0.12946046937729233
577,939,1516,0.1294838801623537
582,933,1515,0.12951691846466168
585,938,1523,0.12953570750715143
582,936,1518,0.1295459221712305
582,929,1511,0.1295622865825705
583,926,1509,0.12958066347684402
589,935,1524,0.12959268107642963
593,939,1532,0.12958731317231617
594,932,1526,0.12956997169198725
593,922,1515,0.129550678037686
586,925,1511,0.1295351580002576
586,923,1509,0.12953854756405703
581,918,1499,0.12954290250088474
588,927,1515,0.12955775224384775
589,926,1515,0.12955305270377393
592,920,1512,0.1295472202634021
599,927,1526,0.12953301308566467
591,926,1517,0.12950159232113032
599,924,1523,0.12949224785300614
589,928,1517,0.12946414879951995
583,937,1520,0.1294648385854096
578,928,1506,0.12948075649356494
576,931,1507,0.12950616523173303
571,931,1502,0.12953531776406868
580,924,1504,0.12957370474931287
565,927,1492,0.12958798711782765
554,926,1480,0.1296402017114603
563,926,1489,0.12971928807825212
558,931,1489,0.12977118220438572
567,937,1504,0.12983125934654852
568,940,1508,0.12986470924294535
564,939,1503,0.12989510586844258
562,936,1498,0.12993062162691774
562,947,1509,0.12996965149054926
562,939,1501,0.13000684113109234
554,953,1507,0.13004190227860993
550,952,1502,0.1300936336259937
558,947,1505,0.13015334792099673
564,945,1509,0.13018815876883852
558,946,1504,0.13020524834418856
555,947,1502,0.13023700971884972
558,959,1517,0.13027471344972136
557,959,1516,0.13030336177275037
557,966,1523,0.1303327705189032
556,963,1519,0.13035994395628178
558,959,1517,0.13038769036035971
557,950,1507,0.1304084115446733
557,948,1505,0.13042942348396372
558,957,1515,0.13045017272379913
557,942,1499,0.13046766808125834
564,948,1512,0.13048538026679024
553,944,1497,0.13048411904088447
552,943,1495,0.13051076112556098
552,941,1493,0.13053965353086358
543,948,1491,0.13056681295652534
537,955,1492,0.13061531407081234
540,954,1494,0.13067445427165364
548,960,1508,0.13072063604503392
545,961,1506,0.13074368753780685
550,952,1502,0.13077409946589227
549,952,1501,0.13078816601894172
554,951,1505,0.13080358995689026
554,951,1505,0.13080473036226553
553,952,1505,0.13080664980175075
550,957,1507,0.1308096460538171
545,945,1490,0.13081932761195353
547,945,1492,0.13084101106862317
547,964,1511,0.13085345372189397
540,969,1509,0.13086684510297458
548,957,1505,0.1308966075972023
559,964,1523,0.13090496426059933
564,965,1529,0.13088456590159134
561,955,1516,0.13085226805095101
557,955,1512,0.13083131906451215
559,949,1508,0.13082034689093047
562,952,1514,0.13080591613133138
556,951,1507,0.13078492157923047
554,951,1505,0.1307800096860409
551,948,1499,0.13078058339504003
563,941,1504,0.13078937381213354
559,950,1509,0.13077095173171072
560,946,1506,0.13076374721879125
575,944,1519,0.1307543105101788
574,946,1520,0.13070467690412954
567,948,1515,0.13066022973631297
569,958,1527,0.13063716499062447
572,955,1527,0.13061088312691374
565,952,1517,0.1305789285145211
565,956,1521,0.1305687251982203
564,965,1529,0.1305608473077883
564,969,1533,0.13055554743897965
560,961,1521,0.13054856639557444
558,965,1523,0.13055015356681193
557,963,1520,0.130557315718369
554,961,1515,0.13056797077553228
554,956,1510,0.1305851157701021
557,964,1521,0.1306010985147961
556,962,1518,0.13060730767909623
553,956,1509,0.1306165012572771
550,946,1496,0.13063300010280157
548,942,1490,0.13065590837724186
541,958,1499,0.13068359761034606
535,955,1490,0.13072813608009906
535,955,1490,0.13078441771017268
538,969,1507,0.13083485998962366
537,969,1506,0.1308735736340602
537,981,1518,0.13091181796994253
529,980,1509,0.13094758257714062
535,981,1516,0.1310012626176858
533,984,1517,0.1310344480375495
524,982,1506,0.13107137854200693
524,975,1499,0.13112844734149193
529,974,1503,0.1311811433219184
529,973,1502,0.13121893335059942
522,977,1499,0.13125417733077482
521,985,1506,0.13130579207337387
523,976,1499,0.1313571125825358
520,982,1502,0.13139942427228518
527,977,1504,0.13144551333976123
529,967,1496,0.13147082745603275
531,955,1486,0.13148926313065537
521,974,1495,0.13150293957880238
523,967,1490,0.13154123861650022
521,967,1488,0.1315707125026855
526,967,1493,0.13160257045096355
531,965,1496,0.13161785704655934
535,968,1503,0.13161956720177292
534,976,1510,0.13161122539417167
523,975,1498,0.1316086747586667
525,971,1496,0.13163394934102812
532,956,1488,0.13165383419903973
532,974,1506,0.1316533911634997
530,973,1503,0.13165269715437508
536,984,1520,0.13165808551792246
535,982,1517,0.13164895353019573
536,981,1517,0.13164404276974578
539,988,1527,0.13163616761193195
538,978,1516,0.13162055035248074
532,972,1504,0.1316094226147183
536,976,1512,0.13161248668223266
539,971,1510,0.13160560790942932
538,972,1510,0.13159247190104836
534,972,1506,0.13157978519064312
534,979,1513,0.1315789292134631
527,967,1494,0.13157737702001374
530,976,1506,0.13159192122036512
530,965,1495,0.1315962636009788
532,968,1500,0.13160233048621509
528,975,1503,0.1316021819455567
533,974,1507,0.131612592033405
530,966,1496,0.13161099340441093
527,963,1490,0.131615565685527
525,982,1507,0.13162923369924262
519,992,1511,0.13164798798980623
513,984,1497,0.1316801413760787
510,978,1488,0.13172503524429088
510,984,1494,0.13177413560422843
511,993,1504,0.1318200264104937
515,1001,1516,0.1318594983595842
512,990,1502,0.13188466132102242
517,994,1511,0.13191434982868988
509,1002,1511,0.1319292179117636
507,1000,1507,0.1319624192372522
508,997,1505,0.13199819265281554
506,999,1505,0.13203243649833576
503,990,1493,0.1320685455182154
502,996,1498,0.1321091220761304
501,1008,1509,0.132150805244896
508,1003,1511,0.13219275635789735
508,1001,1509,0.1322125254831867
502,1004,1506,0.13223181713256962
503,995,1498,0.13226304061505556
509,1010,1519,0.13228770315369937
511,1004,1515,0.13229696413687914
508,998,1506,0.1323000742835415
508,1003,1511,0.13231075505534767
514,999,1513,0.13232210496382998
517,997,1514,0.13231961334595888
519,994,1513,0.13230895672945675
520,987,1507,0.1322928616785427
519,994,1513,0.13227382134071813
517,991,1508,0.13225823441527093
514,1001,1515,0.13224987279113204
522,994,1516,0.1322489106640436
518,988,1506,0.13222900066245372
514,995,1509,0.13222050648036535
512,992,1504,0.13222397008074968
506,990,1496,0.13223158736118723
510,989,1499,0.1322536887881084
517,983,1500,0.13226505441907987
524,988,1512,0.13225755848509688
529,987,1516,0.13223102939714307
528,984,1512,0.13219554017568896
529,977,1506,0.13216523990541595
523,984,1507,0.13213519168904223
529,987,1516,0.1321209953209993
531,990,1521,0.13209028821220706
533,994,1527,0.13205545208552652
534,999,1533,0.1320203694953021
533,986,1519,0.13198480350012173
531,981,1512,0.13195564455027373
533,995,1528,0.13193508379895813
527,990,1517,0.1319115537148271
525,980,1505,0.131902734225912
524,981,1505,0.13189969579304678
532,965,1497,0.1318977639312452
532,971,1503,0.13187402993640224
527,973,1500,0.1318522348447684
528,983,1511,0.13184571929420758
529,980,1509,0.1318397160164928
517,978,1495,0.1318332332563248
525,966,1491,0.13185586248064285
520,969,1489,0.13185457971189782
525,981,1506,0.13186569990696279
524,975,1499,0.13186201286318786
532,974,1506,0.13186005938405795
527,982,1509,0.13184004353553846
525,991,1516,0.13183471207455008
522,980,1502,0.13183548193078415
530,978,1508,0.13184498751497764
529,978,1507,0.1318343182581808
522,989,1511,0.13182873244529095
516,989,1505,0.13184197850001525
516,987,1503,0.1318720311723895
516,994,1510,0.1319002010293823
508,999,1507,0.13192413691276947
515,999,1514,0.13196622251775308
504,1003,1507,0.13198783798680405
502,1013,1515,0.1320360430095249
507,1009,1516,0.1320848459001517
507,1001,1508,0.13211844582846097
505,1010,1515,0.13215032393693174
513,1003,1516,0.13218604040819953
507,994,1501,0.1321973188115091
508,991,1499,0.13222200001769832
500,1001,1501,0.1322440860571528
506,1002,1508,0.13228488967726182
502,1011,1513,0.1323070596508103
500,1004,1504,0.1323421970262137
500,1001,1501,0.1323784637420408
506,1000,1506,0.13241251300710785
505,1007,1512,0.13242882495576375
508,1011,1519,0.13244741537410737
507,1012,1519,0.13245876144048357
506,1013,1519,0.1324719264695489
510,1015,1525,0.13248751072266413
502,1014,1516,0.13249087527291178
497,1014,1511,0.1325160715260771
486,1014,1500,0.1325519360505117
485,1027,1512,0.13261214713707126
480,1019,1499,0.13266800174709092
487,1018,1505,0.13273320999722737
483,1013,1496,0.13277714242788993
478,1018,1496,0.13282855130110519
482,1015,1497,0.13288938631260172
486,1018,1504,0.1329354695612122
488,1024,1512,0.13296730460854675
486,1020,1506,0.13299347218543633
487,1012,1499,0.1330237811130686
487,1016,1503,0.13304996696038682
489,1012,1501,0.13307441310770504
492,1024,1516,0.13309144439923887
497,1030,1527,0.13309958091197976
489,1018,1507,0.1330961595649191
491,1027,1518,0.13311396564446865
486,1025,1511,0.13312701555770745
476,1032,1508,0.13315290766696183
481,1037,1518,0.13320342164673582
481,1033,1514,0.13323950463703452
479,1025,1504,0.13327170185457138
481,1021,1502,0.13330627886527296
476,1036,1512,0.13333248951822801
476,1034,1510,0.13336986245002885
478,1038,1516,0.13340349453955327
481,1035,1516,0.1334280255453263
475,1028,1503,0.13344711907098986
481,1024,1505,0.13348197636386558
483,1032,1515,0.13349838485318077
482,1035,1517,0.13351012201340162
483,1032,1515,0.1335233917760398
481,1035,1516,0.13353361845218628
476,1039,1515,0.1335494938981784
470,1043,1513,0.13357613121771783
469,1036,1505,0.13361594282935702
470,1034,1504,0.1336570062124893
469,1040,1509,0.13369333459868632
460,1046,1506,0.13372828704041687
456,1055,1511,0.13378507981393736
454,1046,1500,0.1338463674298378
456,1043,1499,0.13391049952857345
462,1047,1509,0.13396556598595064
453,1053,1506,0.13400255059926314
462,1049,1511,0.13405967199597982
456,1057,1513,0.13408830782742012
461,1047,1508,0.13412972775678114
459,1049,1508,0.13415499358516542
453,1053,1506,0.13418513828761675
453,1051,1504,0.13422771480527115
454,1043,1497,0.1342678141804889
457,1034,1491,0.13429976106015362
458,1050,1508,0.13432212984551586
457,1045,1502,0.13434128252038302
457,1051,1508,0.13436185181169177
453,1053,1506,0.13438257764899356
456,1045,1501,0.1344124780529143
452,1038,1490,0.13443334429655038
448,1051,1499,0.1344657558298114
448,1043,1491,0.13450555103755898
446,1051,1497,0.13454200927795149
439,1049,1488,0.13458205526020017
446,1059,1505,0.134638369950299
445,1063,1508,0.1346716309265887
446,1070,1516,0.1347065444317554
439,1070,1509,0.13473547882113704
440,1068,1508,0.13477963553980954
445,1083,1528,0.13481826467556923
438,1069,1507,0.13484284175032457
437,1080,1517,0.13488341738743725
436,1067,1503,0.13492513478664717
429,1080,1509,0.13496638860092136
433,1079,1512,0.13502551947768718
433,1083,1516,0.13507098527490424
433,1072,1505,0.135113751895385
433,1070,1503,0.13515431354507934
428,1064,1492,0.13519434770705438
425,1081,1506,0.13524266608431293
440,1079,1519,0.13529419688041736
435,1082,1517,0.13530233770823355
432,1087,1519,0.1353233016658028
427,1089,1516,0.13535069890846002
434,1085,1519,0.1353882272135177
433,1095,1528,0.13540486677743208
431,1091,1522,0.1354243065174247
428,1098,1526,0.13544791912047255
426,1080,1506,0.13547766789033897
420,1089,1509,0.13550912788027003
422,1077,1499,0.1355523122206704
426,1089,1515,0.1355857217105324
426,1086,1512,0.13560718119998064
429,1084,1513,0.1356270809736892
418,1082,1500,0.1356394909259906
411,1090,1501,0.13568146660563304
412,1080,1492,0.13573888687963248
410,1090,1500,0.13578869482200878
404,1098,1502,0.13584076270949103
413,1100,1513,0.1359042388079387
418,1096,1514,0.13594011030646225
414,1092,1506,0.13596081182692754
413,1082,1495,0.13598989905043463
413,1077,1490,0.13601858052647514
404,1071,1475,0.13604752571745785
404,1088,1492,0.1360980209275536
408,1089,1497,0.13614474708343266
406,1096,1502,0.136180414270897
403,1104,1507,0.13621777549472963
408,1105,1513,0.1362603974426357
409,1106,1515,0.13628658350088754
408,1098,1506,0.13630899969637375
404,1105,1509,0.1363339951809724
395,1104,1499,0.13636749128705797
392,1111,1503,0.1364227609646895
395,1107,1502,0.1364809476284571
398,1116,1514,0.13652942247717947
407,1113,1520,0.1365694304637246
403,1109,1512,0.13658179463086179
398,1111,1509,0.13660452211658614
388,1113,1501,0.13663840902201652
387,1112,1499,0.13669374074903826
392,1110,1502,0.1367501194121439
393,1123,1516,0.1367909051790682
392,1119,1511,0.13682753219800362
390,1127,1517,0.13686316430977
389,1133,1522,0.1369024079136738
391,1128,1519,0.1369430884894096
390,1121,1511,0.13697594247036984
386,1122,1508,0.13700865139450152
381,1125,1506,0.13705169558052493
383,1122,1505,0.13710509268033266
377,1136,1513,0.137148857849044
380,1140,1520,0.13720690520076065
379,1144,1523,0.13725206703309822
380,1141,1521,0.1372965427567509
379,1142,1521,0.13733581461332545
377,1124,1501,0.1373746832058356
378,1127,1505,0.1374178142011652
375,1131,1506,0.1374541977645882
374,1131,1505,0.13749734075022974
370,1125,1495,0.13753781662565004
376,1132,1508,0.13758599552301784
377,1136,1513,0.13761681020514643
374,1140,1514,0.13764479891139503
373,1144,1517,0.1376794063220443
375,1151,1526,0.13771319412302496
370,1141,1511,0.13773928153811593
368,1151,1519,0.13777794739315158
364,1146,1510,0.13781986227224938
361,1139,1500,0.13786842622947793
362,1139,1501,0.13792133385904493
366,1148,1514,0.1379668085163316
375,1139,1514,0.1379991194862339
366,1145,1511,0.138006258202861
369,1148,1517,0.1380379993900515
367,1147,1514,0.13805889282186282
366,1142,1508,0.13808473578060884
355,1152,1507,0.13811112995709557
348,1161,1509,0.13816442685856944
351,1162,1513,0.13823487059320652
350,1157,1507,0.13829271036848606
355,1162,1517,0.13834834312126287
354,1149,1503,0.13838846808564612
356,1151,1507,0.1384275888376524
363,1151,1514,0.13846036659664457
362,1161,1523,0.13847394650468822
358,1149,1507,0.13848852924186972
357,1145,1502,0.13851245832016656
364,1152,1516,0.1385380987932829
364,1159,1523,0.13854338433072327
368,1163,1531,0.1385474646226517
365,1174,1539,0.1385388465132142
370,1156,1526,0.13853816738511113
367,1149,1516,0.13852504361364285
363,1145,1508,0.13851883563242448
358,1148,1506,0.13852624264414903
361,1150,1511,0.13854548299655658
358,1152,1510,0.1385560437000234
361,1168,1529,0.138574129505938
360,1162,1522,0.13858225914727834
357,1153,1510,0.1385912487061632
351,1149,1500,0.1386082821192551
356,1157,1513,0.1386391143788153
360,1148,1508,0.1386549969018272
356,1147,1503,0.13865928257793222
351,1147,1498,0.1386730767904045
356,1140,1496,0.13869935751612966
360,1147,1507,0.13871085626364935
350,1158,1508,0.13871324792315792
346,1158,1504,0.1387401749597893
351,1165,1516,0.1387735747797426
340,1154,1494,0.13879276596523232
353,1155,1508,0.13883744356367622
355,1155,1510,0.13884671493700926
354,1158,1512,0.13885021723951205
350,1172,1522,0.13885723966028743
349,1164,1513,0.13887305797441651
350,1160,1510,0.1388903230167938
345,1164,1509,0.1389053017743137
352,1162,1514,0.1389317444822374
342,1171,1513,0.13893883453398437
343,1174,1517,0.13897115303169652
346,1167,1513,0.1389986749152014
342,1165,1507,0.13901685390670684
337,1167,1504,0.13904152142118387
333,1175,1508,0.13907787932186685
338,1178,1516,0.13912240372451654
339,1172,1511,0.13915243324378018
339,1176,1515,0.13917797828951975
332,1169,1501,0.1392010684551515
334,1163,1497,0.13924239468484256
333,1177,1510,0.13927427911792667
328,1172,1500,0.13930600754005504
324,1185,1509,0.13934987188625703
326,1191,1517,0.13940152888618504
322,1188,1510,0.13944360322287955
326,1176,1502,0.1394923092436847
322,1179,1501,0.13952703151421217
319,1178,1497,0.13957257421659983
316,1191,1507,0.13962263733280936
323,1187,1510,0.13967558861813933
319,1191,1510,0.1397058695878273
327,1184,1511,0.13974365826275487
319,1193,1512,0.13976031033136724
321,1203,1524,0.13979661143801156
322,1203,1525,0.13982598101974383
317,1190,1507,0.13984918777826646
317,1188,1505,0.1398841491954146
318,1193,1511,0.13991813569171682
318,1194,1512,0.13994698358419125
319,1182,1501,0.1399738433766221
324,1182,1506,0.139998628821591
316,1198,1514,0.14000778437140385
319,1198,1517,0.14003916405661113
316,1212,1528,0.14005922286966616
321,1206,1527,0.14008657424621712
330,1197,1527,0.14009695413526835
324,1193,1517,0.1400833540903504
316,1193,1509,0.14008708796990205
315,1188,1503,0.14011040514248674
319,1185,1504,0.14013573115356506
323,1197,1520,0.14014939148636882
321,1196,1517,0.1401531096500117
319,1198,1517,0.1401621156082362
328,1204,1532,0.1401737382869871
327,1201,1528,0.1401606564988186
318,1201,1519,0.14015174595557592
318,1206,1524,0.14016713530506297
320,1197,1517,0.1401801103053396
319,1201,1520,0.14018879179402124
315,1204,1519,0.1401997494243996
314,1213,1527,0.14021976621825455
316,1205,1521,0.14023975595732938
312,1210,1522,0.1402534408666798
317,1215,1532,0.1402752517280771
319,1213,1532,0.14028338226162984
315,1215,1530,0.14028588483026422
312,1205,1517,0.14029880708258693
307,1209,1516,0.1403197748345157
310,1205,1515,0.14035084819895283
315,1210,1525,0.1403708371501885
318,1207,1525,0.14037735699202813
313,1213,1526,0.14037701652950857
315,1213,1528,0.1403913106293067
314,1219,1533,0.1403996134259967
309,1205,1514,0.14040900141207133
306,1208,1514,0.14043123758218928
304,1204,1508,0.14046140962815007
306,1207,1513,0.14049689749097702
297,1197,1494,0.14052615012301345
300,1202,1502,0.14057699446452054
296,1200,1496,0.14061726857089407
298,1212,1510,0.14066450232553665
297,1211,1508,0.14070524292005826
300,1216,1516,0.14074406590808683
306,1203,1509,0.14077072344651542
306,1206,1512,0.14077877841233297
312,1202,1514,0.1407871624998379
312,1202,1514,0.14077952093381238
318,1207,1525,0.14077442226249645
314,1198,1512,0.14075435454033888
307,1211,1518,0.14074559363183684
305,1211,1516,0.1407550974569544
307,1204,1511,0.14076965073691705
307,1204,1511,0.14077855808381592
302,1202,1504,0.1407878484885224
299,1196,1495,0.1408102464604751
292,1192,1484,0.14083900497488294
297,1191,1488,0.14088474100140183
300,1196,1496,0.1409134293991582
292,1199,1491,0.14093255385463443
292,1201,1493,0.14097103317409715
292,1218,1510,0.1410069324282852
295,1226,1521,0.1410419981608454
303,1214,1517,0.14106824855161043
294,1213,1507,0.14107247810987097
294,1221,1515,0.1410987830255652
296,1226,1522,0.14112337217498985
295,1229,1524,0.1411407391150185
294,1220,1514,0.14116049898127958
297,1232,1529,0.1411832646685934
296,1212,1508,0.14119622138919205
294,1205,1499,0.14121222045673137
296,1205,1501,0.14123167203454282
294,1202,1496,0.14124340871540011
292,1218,1510,0.14125829988187746
297,1223,1520,0.1412770728355199
297,1214,1511,0.14128319804102674
293,1220,1513,0.14128962302266004
292,1214,1506,0.1413074707496531
290,1228,1518,0.14132636658932868
292,1234,1526,0.14134953884572263
291,1222,1513,0.14136610553668788
287,1217,1504,0.14138446735854346
288,1224,1512,0.14141125450822803
284,1230,1514,0.14143415155702727
275,1223,1498,0.1414661628827379
278,1212,1490,0.14152048492235228
284,1216,1500,0.14156114689119476
279,1210,1489,0.14158385405484047
284,1225,1509,0.14161953603035843
291,1220,1511,0.14164052402061963
292,1213,1505,0.14163859062805614
291,1217,1508,0.14163326398498385
291,1215,1506,0.14163337643714446
290,1213,1503,0.14163406557543548
284,1218,1502,0.1416370239450876
288,1218,1506,0.14165417672456243
290,1219,1509,0.1416602509351974
289,1221,1510,0.14166031725655803
290,1235,1525,0.14166440487271653
290,1232,1522,0.14166643934248277
286,1225,1511,0.14166840239393588
284,1230,1514,0.1416805904301664
288,1228,1516,0.14169555876391698
289,1239,1528,0.14169962370276162
286,1232,1518,0.14170314884297391
289,1229,1518,0.1417138393650233
285,1225,1510,0.14171536419953978
283,1225,1508,0.1417268015472127
282,1228,1510,0.1417401790277872
281,1227,1508,0.1417553817265696
277,1230,1507,0.1417722724023065
282,1225,1507,0.14179864439926565
281,1233,1514,0.14181127797898324
274,1220,1494,0.14182448888102428
282,1225,1507,0.14185513364291005
277,1233,1510,0.14186367896482344
276,1236,1512,0.14188440078575998
276,1237,1513,0.14190561220955378
281,1237,1518,0.14192570626572507
283,1229,1512,0.1419310140188162
281,1234,1515,0.14193056546788146
281,1228,1509,0.14193664558274952
284,1232,1516,0.14194185363007664
288,1241,1529,0.1419389227895346
287,1247,1534,0.14192580193596727
288,1252,1540,0.14191569933184556
285,1226,1511,0.14190489319520241
283,1233,1516,0.14190256870052498
283,1231,1514,0.14190409852466598
288,1221,1509,0.1419044117086629
289,1231,1520,0.14189239392893443
283,1236,1519,0.14187964226783362
285,1232,1517,0.14188250063161667
280,1224,1504,0.14187920731056622
278,1227,1505,0.14188948392018458
276,1233,1509,0.1419029723174447
282,1227,1509,0.14192110048487058
281,1221,1502,0.14192409128808317
277,1224,1501,0.14193054670503372
279,1223,1502,0.14194695401725071
277,1217,1494,0.1419565832394263
274,1215,1489,0.14197173342021352
273,1218,1491,0.14199231920716182
280,1221,1501,0.14201338229568378
276,1236,1512,0.14201503153342182
271,1247,1518,0.14202742371206034
271,1246,1517,0.14205284478857
273,1243,1516,0.14207592974608965
274,1237,1511,0.1420935123369091
273,1248,1521,0.14210768597549625
279,1246,1525,0.14212295248026524
273,1235,1508,0.1421225420358501
268,1236,1504,0.14213919859361177
272,1236,1508,0.1421670714983266
271,1249,1520,0.1421814679111778
269,1245,1514,0.14219770007420443
268,1253,1521,0.14221787593121463
275,1252,1527,0.1422386040273538
281,1250,1531,0.1422405456421527
280,1242,1522,0.1422265225812441
280,1242,1522,0.1422163928364554
287,1244,1531,0.14220693147014388
287,1236,1523,0.14217939755658043
285,1222,1507,0.1421529419730565
289,1229,1518,0.14213372159668247
284,1216,1500,0.14210572278512137
282,1226,1508,0.14209192019026037
285,1225,1510,0.14208445084919702
289,1225,1514,0.14206943206581157
288,1208,1496,0.14204472494505402
295,1219,1514,0.14202376803639563
289,1224,1513,0.14198589628264935
285,1215,1500,0.14196622526772656
284,1226,1510,0.1419588063051826
290,1236,1526,0.14195353838050678
281,1231,1512,0.14193349932086488
280,1238,1518,0.14193921200428603
276,1240,1516,0.14194743397589046
283,1245,1528,0.14196511874364606
283,1247,1530,0.14196512475865114
276,1253,1529,0.14196498842956828
276,1252,1528,0.14198266364678103
280,1245,1525,0.14199782349690973
280,1248,1528,0.14200294714284364
277,1244,1521,0.14200689967959262
276,1250,1526,0.1420195465556946
274,1251,1525,0.14203349322363065
278,1256,1534,0.14204947388354397
270,1262,1532,0.1420556092411219
276,1259,1535,0.14208138659081077
273,1254,1527,0.14209018705904514
272,1250,1522,0.14210688924569856
266,1253,1519,0.1421256719903508
264,1252,1516,0.14215948394808972
262,1248,1510,0.14219785218647865
264,1249,1513,0.14223775049996315
260,1259,1519,0.14227079187150588
264,1247,1511,0.14231328310799427
262,1249,1511,0.1423423239660825
261,1242,1503,0.14237517807991026
259,1229,1488,0.14240793122024203
261,1236,1497,0.14244397388205876
260,1224,1484,0.14247285109547386
257,1237,1494,0.1425021008182639
256,1254,1510,0.1425379240676487
253,1248,1501,0.14257442279561017
253,1247,1500,0.14261742200187177
256,1242,1498,0.1426583556312732
260,1235,1495,0.1426895689439154
257,1243,1500,0.1427084341520559
253,1256,1509,0.14273381942219568
252,1255,1507,0.14276814098656168
257,1253,1510,0.14280155749067946
262,1265,1527,0.1428207705441225
258,1251,1509,0.14282617262193917
258,1256,1514,0.14284141736328101
261,1254,1515,0.1428549035982671
262,1254,1516,0.1428594162345612
264,1248,1512,0.14286019343835502
262,1247,1509,0.14285553232856643
259,1250,1509,0.14285684218167977
263,1248,1511,0.1428664335880128
265,1258,1523,0.14286402465233972
267,1252,1519,0.14285859248487767
258,1258,1516,0.14284712906549665
261,1260,1521,0.14286002874111625
258,1269,1527,0.14286438238755572
258,1268,1526,0.14287742657221247
261,1267,1528,0.14288961166654066
253,1262,1515,0.14289512263438695
263,1264,1527,0.14292074206884867
259,1278,1537,0.14292022491477469
253,1268,1521,0.14292974316249096
258,1269,1527,0.14295332523015125
257,1267,1524,0.14296395549894225
252,1254,1506,0.14297667724010565
245,1253,1498,0.1430015390156081
242,1249,1491,0.1430412119648566
238,1263,1501,0.14308580288572925
237,1262,1499,0.1431375798035566
245,1267,1512,0.14318786649168444
250,1260,1510,0.14321335303929408
245,1257,1502,0.14322442614022776
250,1255,1505,0.14324721636448673
252,1260,1512,0.14325543177313801
251,1273,1524,0.143259193441149
253,1271,1524,0.14326595266646946
247,1274,1521,0.1432678354756684
245,1283,1528,0.14328668201249342
247,1285,1532,0.14330881835468345
250,1275,1525,0.14332321511998747
245,1284,1529,0.14332961321533508
245,1275,1520,0.14334824741236768
242,1267,1509,0.143365503301067
242,1262,1504,0.14338998358593388
244,1272,1516,0.14341195802077486
245,1258,1503,0.14342658273204095
250,1262,1512,0.14343737380002033
238,1252,1490,0.1434352642298911
238,1260,1498,0.14346528334733155
240,1276,1516,0.1434932899161022
243,1270,1513,0.143513574562491
243,1273,1516,0.14352427461195094
243,1269,1512,0.14353332377122055
243,1275,1518,0.14354337084816735
239,1274,1513,0.14355192302715375
237,1282,1519,0.14356889752059246
240,1280,1520,0.1435901322755242
240,1285,1525,0.14360274213405388
232,1292,1524,0.14361728113992783
230,1291,1521,0.14365234261037887
231,1298,1529,0.1436897259073091
232,1283,1515,0.14372177370966116
232,1275,1507,0.14374949390136588
227,1279,1506,0.14377504541177327
226,1287,1513,0.14381058667041205
228,1280,1508,0.14384674923669977
228,1280,1508,0.1438758375897176
229,1281,1510,0.14390385490834398
227,1286,1513,0.14392696890206352
230,1292,1522,0.14395335750915972
221,1288,1509,0.14397104862372997
215,1293,1508,0.1440104394562244
215,1285,1500,0.14406130883282933
214,1297,1511,0.1441077669367037
216,1285,1501,0.14415341704234147
213,1294,1507,0.14419254491415096
214,1294,1508,0.14423507422107704
215,1296,1511,0.14427362735006233
220,1298,1518,0.14430688699238217
219,1295,1514,0.1443251145257788
223,1300,1523,0.1443447838493752
219,1300,1519,0.1443527191787136
218,1304,1522,0.14437215370572765
222,1293,1515,0.14439208837620945
220,1292,1512,0.14440223053891782
218,1289,1507,0.14441689793427429
217,1292,1509,0.14443516075025548
212,1292,1504,0.14445438584793474
216,1279,1495,0.14448513597648585
216,1292,1508,0.14450334619119737
219,1300,1519,0.14451973355604955
213,1313,1526,0.1445274841250141
216,1306,1522,0.144551318354726
211,1305,1516,0.1445667186349037
207,1314,1521,0.14459304041640095
208,1310,1518,0.1446270934724341
206,1311,1517,0.1446560458981584
206,1303,1509,0.14468690806973641
199,1300,1499,0.14471715017995618
204,1288,1492,0.14476304844310614
198,1294,1492,0.14479181003841038
199,1292,1491,0.144834460783522
198,1290,1488,0.1448724102614575
200,1293,1493,0.14491007557377042
202,1297,1499,0.14494050848545872
206,1302,1508,0.144963213083497
207,1309,1516,0.14497408364222195
210,1305,1515,0.14498105646837503
205,1317,1522,0.14498017506568467
204,1313,1517,0.1449917463839091
202,1300,1502,0.1450053651000028
201,1304,1505,0.14502171403021646
200,1303,1503,0.14503982526190307
199,1308,1507,0.1450600932467287
200,1304,1504,0.14508234904323897
201,1307,1508,0.1450997982177147
201,1322,1523,0.14511462823224666
202,1316,1518,0.14512814522895584
203,1311,1514,0.1451376029197564
202,1299,1501,0.14514398175291018
201,1306,1507,0.14515313605890579
200,1303,1503,0.14516497912944284
197,1297,1494,0.14517941654610744
197,1301,1498,0.14519981961717465
201,1306,1507,0.14522011565677995
201,1306,1507,0.14522767503278466
201,1311,1512,0.14523540077679825
198,1288,1486,0.14524342978910237
204,1292,1496,0.14525839778413807
200,1303,1503,0.14525603214436036
199,1297,1496,0.14526454325383592
196,1303,1499,0.14527428781868879
194,1304,1498,0.14529226537990528
196,1309,1505,0.14531471107427968
193,1310,1503,0.1453308674121369
189,1318,1507,0.1453540047015195
195,1311,1506,0.14538576618225985
195,1318,1513,0.14539986181670916
197,1323,1520,0.14541261209317632
197,1313,1510,0.14542103004048987
195,1311,1506,0.14542931598240713
194,1323,1517,0.1454421611732691
194,1331,1525,0.14545580506268002
197,1326,1523,0.14546995996247442
194,1322,1516,0.14547552788957266
191,1312,1503,0.14548810630285147
193,1306,1499,0.14550661167120257
188,1317,1505,0.14551896557731184
185,1311,1496,0.14554361883419828
186,1321,1507,0.1455736694778302
186,1327,1513,0.14559941377103017
186,1327,1513,0.14562245076510272
189,1333,1522,0.14564416041498263
189,1328,1517,0.1456563487588376
190,1335,1525,0.14566780072584107
189,1329,1518,0.14567544836787782
183,1332,1515,0.14568527531660216
189,1333,1522,0.1457108458233343
189,1336,1525,0.14571935051859816
191,1333,1524,0.14572736974360923
189,1332,1521,0.14572831206561354
185,1331,1516,0.14573453262967
186,1324,1510,0.1457503143270964
188,1330,1518,0.145762488384774
186,1329,1515,0.14576927632647185
186,1319,1505,0.1457816196087524
185,1323,1508,0.14579342335002937
180,1336,1516,0.14580755445391147
177,1338,1515,0.14583442860554824
175,1335,1510,0.1458678169222681
175,1330,1505,0.14590381026579544
175,1331,1506,0.14593649675599762
174,1339,1513,0.14596816173477076
172,1343,1515,0.14599988148447185
173,1346,1519,0.1460338045752914
173,1340,1513,0.14606226393656477
175,1340,1515,0.14608912695209111
171,1344,1515,0.1461089466212485
165,1351,1516,0.14613880806953408
164,1344,1508,0.1461836051525586
164,1338,1502,0.14622891826455958
172,1329,1501,0.14627173815894504
172,1342,1514,0.1462903101913019
165,1357,1522,0.1463082850005265
169,1346,1515,0.1463432271515876
169,1351,1520,0.14636563523618862
173,1361,1534,0.14638745405961542
175,1360,1535,0.1463968970802446
176,1356,1532,0.14640032084505714
173,1350,1523,0.14640129289712364
169,1344,1513,0.14641112836901546
168,1354,1522,0.14643057689747271
173,1344,1517,0.14645050465015072
165,1354,1519,0.14645664948830225
166,1337,1503,0.14648481766125174
167,1360,1527,0.1465079297382271
167,1358,1525,0.14652734550140742
166,1365,1531,0.146545760963225
165,1348,1513,0.14656628936630836
162,1352,1514,0.14658818029119708
164,1359,1523,0.14661635037043602
165,1365,1530,0.14663768691427123
164,1344,1508,0.14665453967928518
163,1333,1496,0.14667211138348407
165,1338,1503,0.14669249374134596
161,1343,1504,0.1467070298179003
156,1348,1504,0.14673067271537749
158,1350,1508,0.14676617872122438
163,1352,1515,0.14679479814313645
158,1343,1501,0.14680839641783572
161,1351,1512,0.14683362551938284
153,1355,1508,0.14684952886930064
152,1357,1509,0.14688473933621515
152,1362,1514,0.14692114797065753
152,1351,1503,0.1469559043971137
151,1372,1523,0.14698933377396417
151,1363,1514,0.1470233467316742
152,1359,1511,0.14705352433542151
155,1358,1513,0.14708004133859287
154,1358,1512,0.14709711612094648
152,1359,1511,0.14711565955194533
153,1366,1519,0.14713826508483638
153,1363,1516,0.14715634350916498
155,1354,1509,0.14717341843416804
155,1355,1510,0.1471835269373832
161,1355,1516,0.14719290971009472
159,1348,1507,0.1471861326681961
159,1358,1517,0.1471843704803651
152,1361,1513,0.14718259387946891
150,1367,1517,0.14719991481074113
152,1345,1497,0.1472216996114963
153,1351,1504,0.14723648621834176
148,1353,1501,0.14724710761483983
144,1343,1487,0.14726937207968266
147,1354,1501,0.14730022850008445
148,1361,1509,0.14732157099924872
143,1373,1516,0.14733799789929758
144,1363,1507,0.14736770221300788
142,1357,1499,0.14739290020996557
146,1355,1501,0.1474204745303046
150,1361,1511,0.14743606932380834
147,1375,1522,0.1474400083105207
144,1374,1518,0.1474518903020508
142,1368,1510,0.14747021537278016
141,1370,1511,0.1474938021746105
140,1372,1512,0.14751844919644333
141,1369,1510,0.14754424873722002
144,1351,1495,0.1475658147170213
139,1369,1508,0.14757765912709345
138,1378,1516,0.14760190193630546
137,1381,1518,0.14762697398936203
141,1376,1517,0.14765350584550754
141,1384,1525,0.1476666767637202
141,1387,1528,0.1476789854802165
143,1383,1526,0.1476906452956748
142,1384,1526,0.14769609491031538
144,1365,1509,0.14770407358632406
141,1375,1516,0.14770647954939797
137,1383,1520,0.14771572556252927
141,1394,1535,0.14773443968686462
136,1382,1518,0.14774089641193014
136,1375,1511,0.14776013797666898
136,1372,1508,0.14777823637184795
137,1369,1506,0.14779502983117168
140,1352,1492,0.14780674358795182
144,1357,1501,0.14780943500986476
147,1363,1510,0.14780014700954439
150,1365,1515,0.14778283511953982
147,1357,1504,0.14775693250718425
146,1345,1491,0.14774219155151477
149,1356,1505,0.14773077923441438
149,1362,1511,0.14771304013352268
150,1374,1524,0.14769733478895916
147,1373,1520,0.1476800056348393
148,1382,1530,0.14767136795459915
146,1365,1511,0.14766093483402787
145,1370,1515,0.1476566432018078
145,1383,1528,0.14765543834384715
141,1378,1519,0.14765474470842763
143,1380,1523,0.14766401903010298
142,1373,1515,0.1476681460326928
142,1365,1507,0.14767586478282127
144,1364,1508,0.14768233978564135
140,1375,1515,0.14768299556712292
139,1371,1510,0.1476953624179444
140,1383,1523,0.14770899994932235
140,1375,1515,0.14771930395462957
140,1372,1512,0.14772863639750397
136,1373,1509,0.14773720678028188
140,1386,1526,0.14775565432376495
135,1376,1511,0.14776293253923498
136,1369,1505,0.14778410231372396
135,1368,1503,0.14780151547971146
136,1376,1512,0.14782024326082635
133,1369,1502,0.14783572880665813
131,1379,1510,0.14785780954591343
134,1372,1506,0.14788358109050725
135,1369,1504,0.14789966960628106
134,1377,1511,0.1479123674227126
133,1391,1524,0.14792702967475418
130,1392,1522,0.1479439618841403
128,1383,1511,0.14796773894296394
128,1383,1511,0.14799556766582458
130,1378,1508,0.1480219412105472
132,1384,1516,0.1480418103964165
128,1392,1520,0.14805505087069043
129,1400,1529,0.14807779975737226
128,1398,1526,0.14809646526656053
126,1393,1519,0.14811580067212662
127,1384,1511,0.14813951070719392
127,1375,1502,0.148158846878349
128,1379,1507,0.1481767483761055
124,1380,1504,0.14819103930942126
127,1375,1502,0.1482151907390563
127,1384,1511,0.14822875062363297
128,1390,1518,0.1482413120278666
127,1385,1512,0.14825044765271816
128,1402,1530,0.14826260224638763
120,1397,1517,0.14827110052411935
122,1399,1521,0.1483014474880563
123,1402,1525,0.14832514899036536
123,1400,1523,0.14834455616850023
121,1419,1540,0.14836297252059602
118,1420,1538,0.14838564605206586
119,1413,1532,0.14841535753892246
118,1416,1534,0.14844146914934642
118,1410,1528,0.1484692375420325
117,1399,1516,0.14849542187335435
114,1398,1512,0.1485218233994909
115,1396,1511,0.14855428497091108
114,1401,1515,0.14858223251142597
114,1412,1526,0.14861171285586708
113,1416,1529,0.14863831097412006
110,1408,1518,0.1486662436083394
111,1411,1522,0.14869972814894786
112,1407,1519,0.14872805455541716
111,1407,1518,0.14875171468004228
111,1404,1515,0.14877674059023646
112,1390,1502,0.1488000099230395
110,1382,1492,0.14881898993082865
107,1385,1492,0.1488417790975625
110,1382,1492,0.14887069993311963
112,1380,1492,0.14888985265936847
111,1387,1498,0.14890207644330847
110,1403,1513,0.14891665956130182
111,1401,1512,0.148932287404007
111,1417,1528,0.1489447215272483
113,1412,1525,0.1489565571150574
109,1410,1519,0.14896128773377038
109,1424,1533,0.14897620462398145
109,1404,1513,0.1489909162260756
107,1415,1522,0.1490043802229529
106,1404,1510,0.14902201920144
101,1409,1510,0.14904138989678647
108,1402,1510,0.1490737189106867
106,1402,1508,0.1490846725217032
108,1400,1508,0.14910077080342377
107,1391,1498,0.14910980597121268
111,1391,1502,0.14912100101591907
109,1393,1502,0.14912102668523328
111,1405,1516,0.14912621946503865
111,1403,1514,0.14912591653765986
110,1410,1520,0.14912567511713065
105,1391,1496,0.14912828379645532
102,1403,1505,0.14914461452999014
101,1417,1518,0.14916779903173463
105,1414,1519,0.14919177655661997
105,1412,1517,0.14920338992666543
106,1408,1514,0.14921438367190235
108,1418,1526,0.14922188401405617
109,1402,1511,0.1492235079240159
109,1402,1511,0.14922240718832505
110,1411,1521,0.14922130268429312
109,1413,1522,0.1492164994044635
108,1413,1521,0.14921408100842434
110,1419,1529,0.149214218525783
111,1411,1522,0.1492080681112175
107,1412,1519,0.14919964237299585
104,1405,1509,0.14920325815774332
104,1416,1520,0.14921378650089745
107,1418,1525,0.149223398038339
108,1399,1507,0.14922417240574423
113,1400,1513,0.14922201281726863
112,1407,1519,0.14920549758348545
109,1403,1512,0.14919234093242215
110,1398,1508,0.1491888759749614
112,1399,1511,0.14918229942260194
113,1405,1518,0.14916995544082096
115,1392,1507,0.1491549772911482
118,1407,1525,0.14913491987207642
116,1410,1526,0.14910706366500448
118,1406,1524,0.14908602883385144
118,1400,1518,0.14906083145883703
119,1398,1517,0.1490376931709091
118,1384,1502,0.149013648236993
118,1399,1517,0.14899275322353922
121,1405,1526,0.14897343965223644
119,1409,1528,0.1489478663449384
121,1408,1529,0.14892942772790885
119,1390,1509,0.14890728869227624
120,1389,1509,0.1488924686251964
118,1404,1522,0.1488755319572531
118,1390,1508,0.14886430061228118
119,1378,1497,0.14885435096076918
115,1368,1483,0.14884226755372074
116,1384,1500,0.1488416142650784
114,1392,1506,0.14883811840918718
115,1382,1497,0.14884041585090585
115,1382,1497,0.1488388937679956
114,1401,1515,0.1488367465902301
111,1399,1510,0.14883746777183085
115,1397,1512,0.1488465442384446
123,1389,1512,0.14884317176949802
122,1385,1507,0.14881701697813793
118,1400,1518,0.1487961861074648
122,1408,1530,0.1487883837792702
118,1403,1521,0.14877067214658735
122,1402,1524,0.14876462332484977
119,1395,1514,0.14874842324161722
116,1405,1521,0.1487412664023938
114,1398,1512,0.148743171454414
114,1403,1517,0.14875026922301593
111,1401,1512,0.14875733465710692
111,1397,1508,0.14877190617801342
110,1400,1510,0.14878504790669478
111,1405,1516,0.14880054867361253
111,1403,1514,0.14881248564338725
108,1391,1499,0.14882320562115353
107,1406,1513,0.14884123263712332
104,1410,1514,0.1488607470387401
99,1407,1506,0.14888720376244502
100,1411,1511,0.1489259498799942
105,1417,1522,0.148959012047404
106,1413,1519,0.14897684247174584
107,1410,1517,0.14899087233757613
107,1407,1514,0.1490012917126665
107,1397,1504,0.1490101250237134
107,1402,1509,0.14901800719514088
109,1403,1512,0.14902533839872756
109,1399,1508,0.14902592101005774
105,1407,1512,0.14902669765494242
107,1414,1521,0.1490389881107053
108,1415,1523,0.1490445582836945
106,1409,1515,0.14904729508351583
103,1402,1505,0.14905478708003758
107,1417,1524,0.14907041583023375
108,1415,1523,0.14907453522471606
109,1415,1524,0.14907455245980997
108,1404,1512,0.14907224022626644
106,1406,1512,0.14907329477028536
108,1409,1517,0.14908001042192479
109,1407,1516,0.14908081658489755
108,1415,1523,0.1490786099080842
108,1406,1514,0.14907880302683627
104,1398,1502,0.14907879142355093
100,1405,1505,0.1490897258182639
101,1424,1525,0.14911091383439687
103,1415,1518,0.14912768816630298
105,1413,1518,0.14913847265730926
105,1424,1529,0.14914282519506072
107,1413,1520,0.1491466033829829
113,1408,1521,0.14914451388587918
116,1405,1521,0.14912608085477547
115,1417,1532,0.14909953584139493
112,1409,1521,0.14907729160150254
113,1399,1512,0.14906602943146083
111,1394,1505,0.14905300685981995
110,1403,1513,0.14904683346644776
108,1404,1512,0.1490434736092386
107,1408,1515,0.14904699277977396
108,1403,1511,0.14905334950299653
107,1412,1519,0.1490560497892858
106,1406,1512,0.1490615839274822
103,1409,1512,0.149069629893797
107,1404,1511,0.14908589914827164
110,1408,1518,0.14908999001959605
109,1421,1530,0.14908515755985438
109,1418,1527,0.14908321518818993
110,1393,1503,0.14908135442170273
111,1404,1515,0.14907634812249695
111,1396,1507,0.1490690072209565
111,1404,1515,0.14906152564332006
109,1406,1515,0.1490544416773175
110,1402,1512,0.14905321529792037
110,1406,1516,0.14904876820195553
112,1410,1522,0.1490452816366481
110,1405,1515,0.14903654622303417
109,1398,1507,0.14903427648649592
106,1395,1501,0.14903495471115533
107,1400,1507,0.14904439902695493
112,1392,1504,0.14904960450079177
112,1397,1509,0.14904068709490073
112,1401,1513,0.14903228642010666
109,1405,1514,0.14902453032705207
108,1395,1503,0.14902620983571974
110,1404,1514,0.1490310611648685
112,1410,1522,0.14902979181762846
111,1414,1525,0.14902280739639365
110,1414,1524,0.14901969474240334
108,1413,1521,0.14901982073013276
111,1412,1523,0.14902549553023403
111,1396,1507,0.14902243355554334
111,1411,1522,0.14901989471749558
110,1406,1516,0.14901709246875117
109,1408,1517,0.14901747236833487
109,1406,1515,0.14902130272938996
109,1393,1502,0.14902516091408033
108,1395,1503,0.1490289141333241
109,1407,1516,0.14903522877169867
103,1405,1508,0.14903827480795975
103,1404,1507,0.1490589085196212
103,1407,1510,0.14907748119352265
101,1418,1519,0.1490958197422048
104,1408,1512,0.14911819094520262
109,1414,1523,0.14913036662252327
108,1408,1516,0.14912758301452994
106,1409,1515,0.14912772111147377
108,1416,1524,0.1491336125270509
107,1406,1513,0.14913331461309987
102,1406,1508,0.1491357777628141
100,1406,1506,0.14915217177836756
97,1414,1511,0.149172775341096
98,1420,1518,0.14919999575343793
96,1414,1510,0.1492224819426817
97,1409,1506,0.14924892593398117
93,1408,1501,0.14927119084534893
93,1406,1499,0.14930270971960938
93,1415,1508,0.1493323231426014
96,1414,1510,0.14935988149168997
96,1413,1509,0.14937706950464943
99,1405,1504,0.14939379486628662
101,1408,1509,0.1494002773901323
101,1423,1524,0.14940069155918245
99,1432,1531,0.14940118926615736
99,1427,1526,0.1494072011554518
100,1419,1519,0.14941301617433442
99,1422,1521,0.1494151786781425
98,1422,1520,0.14941961907151616
97,1422,1519,0.14942762849025829
98,1427,1525,0.1494377420608214
99,1419,1518,0.14944426388387347
98,1412,1510,0.14944811856181217
96,1420,1516,0.14945482780209776
95,1422,1517,0.1494658966360348
94,1416,1510,0.14947896140621827
95,1416,1511,0.14949401024596448
97,1418,1515,0.149505648564611
98,1418,1516,0.14951122390099986
100,1416,1516,0.14951336213156358
100,1407,1507,0.1495102014031536
99,1408,1507,0.14950758130675804
100,1410,1510,0.14950803639956994
100,1410,1510,0.14950537180751888
101,1403,1504,0.14950266164554182
101,1409,1510,0.14949703144391782
99,1428,1527,0.14949197171964448
96,1427,1523,0.14949293449795564
97,1421,1518,0.1495026934508833
96,1418,1514,0.14950877813547434
96,1414,1510,0.14951649693479208
92,1419,1511,0.1495230156954053
94,1417,1511,0.14953911802093425
95,1420,1515,0.14954822726637276
97,1416,1513,0.14955361102455775
96,1422,1518,0.14955427371786192
100,1432,1532,0.14955814542120932
104,1416,1520,0.1495510696161033
100,1396,1496,0.14953311680732895
102,1399,1501,0.1495275634384959
96,1390,1486,0.1495165835368303
94,1416,1510,0.1495231605958563
93,1417,1510,0.1495349362981724
94,1414,1508,0.1495492251658895
96,1408,1504,0.1495593268799915
97,1426,1523,0.149562747665078
96,1435,1531,0.14956320426515377
95,1416,1511,0.14956633434066768
93,1416,1509,0.14957179027607695
95,1421,1516,0.14958320498534394
96,1420,1516,0.14958764881044012
96,1420,1516,0.14958879813732814
97,1413,1510,0.14958984035560957
98,1419,1517,0.14958797295814058
96,1414,1510,0.14958273933293773
95,1422,1517,0.14958365508035298
97,1421,1518,0.149586966702258
95,1409,1504,0.14958388765812475
94,1419,1513,0.1495870748237325
90,1410,1500,0.1495928200572029
91,1407,1498,0.14960981269999174
87,1413,1500,0.14962293869391144
85,1416,1501,0.14964756698744452
88,1414,1502,0.1496759344325314
86,1423,1509,0.14969416601092397
85,1422,1507,0.14971659362168
85,1427,1512,0.14974050932067326
82,1431,1513,0.1497627412374148
84,1436,1520,0.14979284303617033
84,1435,1519,0.14981528961029178
83,1434,1517,0.1498364639564762
84,1438,1522,0.14985893029751196
82,1444,1526,0.14987754302997544
82,1436,1518,0.14990054324941557
83,1436,1519,0.1499215519031913
80,1425,1505,0.14993869141854063
81,1426,1507,0.14996320722720885
79,1430,1509,0.14998392409370523
80,1423,1503,0.15000938014764972
79,1432,1511,0.15003066815118968
79,1431,1510,0.15005387785649063
76,1427,1503,0.1500758590398028
74,1437,1511,0.15010468575084143
75,1435,1510,0.150137126501642
72,1435,1507,0.15016527902182097
74,1449,1523,0.1502001944855283
74,1448,1522,0.15022697397055845
74,1457,1531,0.15025238985867787
71,1451,1522,0.1502760782145624
72,1441,1513,0.15030750314864938
72,1441,1513,0.1503341963879574
72,1444,1516,0.15035928881790728
72,1445,1517,0.1503828529663663
72,1430,1502,0.1504049430424874
69,1442,1511,0.1504251812310472
69,1459,1528,0.15045219565067602
71,1450,1521,0.15047742185683924
68,1444,1512,0.15049586764325285
70,1447,1517,0.15052100992885545
69,1452,1521,0.1505385065404994
69,1450,1519,0.15055892634908255
68,1445,1513,0.15057827416784925
67,1448,1515,0.15059915070821503
69,1456,1525,0.15062193938587126
70,1461,1531,0.1506380561435753
71,1452,1523,0.1506504071113611
73,1452,1525,0.1506596010437904
75,1428,1503,0.15066217487824357
74,1429,1503,0.15065902613217078
72,1452,1524,0.1506589155746405
72,1450,1522,0.15066496887172431
73,1455,1528,0.15067070438728478
70,1451,1521,0.1506735216106422
70,1456,1526,0.1506850062196606
69,1454,1523,0.15069581716096522
70,1452,1522,0.15070868976874988
71,1455,1526,0.15071819116756976
71,1447,1518,0.15072443203866873
70,1443,1513,0.15073001922283158
68,1431,1499,0.1507382693228944
71,1437,1508,0.15075121787014895
73,1434,1507,0.15075460961613263
75,1429,1504,0.15075193551715832
75,1439,1514,0.1507438216376199
76,1451,1527,0.15073656413954484
72,1451,1523,0.15072731295053504
73,1444,1517,0.150730613216569
72,1432,1504,0.15073114793629205
71,1418,1489,0.1507344670801524
69,1423,1492,0.15074023929141567
70,1433,1503,0.15075098861006445
68,1447,1515,0.15075861081679204
68,1442,1510,0.1507720404225262
66,1449,1515,0.15078459096532573
68,1444,1512,0.15080187561175276
66,1454,1520,0.15081222089282126
64,1437,1501,0.1508280109043563
65,1426,1491,0.15084817863860356
65,1436,1501,0.15086436093638347
64,1452,1516,0.15087931073289146
63,1445,1508,0.1508962642856769
64,1450,1514,0.15091486211290467
61,1453,1514,0.15092940333519173
64,1460,1524,0.15095097157509038
64,1450,1514,0.1509634698612501
64,1445,1509,0.15097529663591125
64,1451,1515,0.15098662310889746
65,1457,1522,0.15099724890859295
66,1451,1517,0.1510045353810202
67,1441,1508,0.15100866047269257
68,1439,1507,0.15100960433535315
67,1453,1520,0.15100773300608603
68,1461,1529,0.1510090939872757
68,1459,1527,0.15100782277262478
67,1465,1532,0.15100677913411484
66,1455,1521,0.15100861222578707
65,1453,1518,0.15101312389024898
67,1452,1519,0.15102023974303463
65,1445,1510,0.15102135503170933
65,1453,1518,0.1510275978838003
67,1452,1519,0.15103344657606532
67,1444,1511,0.15103273926612512
68,1447,1515,0.15103210277509546
67,1444,1511,0.15102909402177783
70,1443,1513,0.15102857092073088
68,1444,1512,0.1510199126024826
67,1440,1507,0.15101737199940005
67,1433,1500,0.1510176991035053
69,1433,1502,0.15101761794097202
70,1448,1518,0.15101188199813975
66,1453,1519,0.15100376038027977
64,1450,1514,0.1510066303462572
64,1456,1520,0.15101488638316074
65,1453,1518,0.15102240019547303
65,1443,1508,0.1510270347337751
65,1452,1517,0.15103111715412085
63,1445,1508,0.15103488765984313
65,1449,1514,0.15104372646677605
65,1446,1511,0.15104683110920777
67,1446,1513,0.1510491843601352
69,1454,1523,0.1510460175996905
68,1454,1522,0.15103731612675553
69,1450,1519,0.15103183459430247
68,1436,1504,0.151023703233636
65,1441,1506,0.15101937715621264
66,1454,1520,0.15102432938057933
67,1447,1514,0.15102595331369748
66,1460,1526,0.15102486369801904
65,1468,1533,0.15102679996601714
67,1454,1521,0.15103136589829674
69,1450,1519,0.15103010504280714
67,1445,1512,0.15102330489948965
66,1448,1514,0.15102185268295854
66,1443,1509,0.15102321154731715
68,1437,1505,0.15102430268375444
69,1439,1508,0.151019901079391
69,1452,1521,0.15101352857596922
68,1442,1510,0.15100702647914244
67,1448,1515,0.15100418624752365
67,1437,1504,0.1510040958402069
66,1444,1510,0.15100426545611223
67,1445,1512,0.15100680771879588
65,1444,1509,0.15100657493750447
66,1447,1513,0.15101213683390993
65,1448,1513,0.151014230999248
65,1454,1519,0.15101880005246454
64,1454,1518,0.15102266330482192
63,1449,1512,0.1510288241969117
66,1464,1530,0.15103759226175473
66,1460,1526,0.15103768165312492
68,1460,1528,0.15103776211940417
66,1454,1520,0.15103204178804408
69,1457,1526,0.1510321885642422
68,1451,1519,0.15102403117745658
68,1463,1531,0.15101934786468066
67,1456,1523,0.15101497079510667
69,1456,1525,0.15101320610344118
70,1454,1524,0.1510056356484669
69,1459,1528,0.150995331042628
68,1449,1517,0.15098833785918978
69,1462,1531,0.1509844450063463
70,1454,1524,0.1509778518037497
69,1447,1516,0.15096890837391386
69,1444,1513,0.15096337561413142
67,1434,1501,0.1509584030579139
66,1446,1512,0.15095968278562494
65,1460,1525,0.15096391741505538
67,1458,1525,0.1509706353154544
64,1460,1524,0.15097141700950503
63,1448,1511,0.15098028309826372
60,1461,1521,0.15099164001993007
61,1462,1523,0.15101054024814461
62,1448,1510,0.15102488093932742
59,1435,1494,0.1510353624275158
59,1450,1509,0.15105414991645727
61,1449,1510,0.1510717007929469
60,1446,1506,0.15108151588790975
60,1450,1510,0.1510936061943237
60,1459,1519,0.15110527157742046
59,1453,1512,0.15111610571173104
63,1459,1522,0.151129176492248
61,1463,1524,0.15112951924911422
62,1460,1522,0.1511355083131587
61,1459,1520,0.15113827969266952
60,1468,1528,0.15114358086118618
63,1459,1522,0.15115126996580902
66,1464,1530,0.15114999877162735
66,1456,1522,0.15114015395842356
65,1444,1509,0.15113107070525225
65,1447,1512,0.15112545670312003
64,1446,1510,0.1511202068334333
62,1442,1504,0.151118237342062
63,1443,1506,0.1511217992587393
66,1440,1506,0.15112278688292302
65,1438,1503,0.15111500242565049
65,1455,1520,0.15111052632462588
65,1452,1517,0.15110633201551166
67,1455,1522,0.15110268349031825
67,1445,1512,0.1510933082670365
66,1445,1511,0.1510846998021055
63,1456,1519,0.1510796117471377
59,1455,1514,0.15108303124822473
59,1467,1526,0.15109745504004493
58,1442,1500,0.15111066635305043
60,1454,1514,0.1511257149380279
62,1455,1517,0.15113372465097247
65,1454,1519,0.15113587001615403
68,1462,1530,0.15112980700211398
68,1450,1518,0.15111603977989796
63,1447,1510,0.1511034526085311
65,1467,1532,0.15110626607539465
65,1463,1528,0.15110326398340018
64,1454,1518,0.15110016257016645
65,1454,1519,0.15110013978421669
64,1453,1517,0.1510971219745916
61,1452,1513,0.15109760764955021
62,1450,1512,0.1511068241272611
64,1451,1515,0.15111312362281656
62,1458,1520,0.1511131796114519
61,1458,1519,0.15111889729562075
63,1452,1515,0.15112703162797284
65,1459,1524,0.15112906003462637
60,1458,1518,0.1511251431990793
62,1460,1522,0.15113549480359245
62,1460,1522,0.15113936735480174
64,1458,1522,0.15114314980472726
65,1451,1516,0.15114060356913686
63,1458,1521,0.1511356716432798
62,1469,1531,0.15113721203401498
60,1462,1522,0.15114143328864152
60,1462,1522,0.15115138478904697
61,1458,1519,0.15116040679429746
64,1456,1520,0.15116595644274747
62,1459,1521,0.151162575052016
61,1448,1509,0.15116451519968996
63,1449,1512,0.15116938362943613
64,1446,1510,0.1511675305021668
65,1455,1520,0.15116277409606865
65,1444,1509,0.15115516233735793
65,1457,1522,0.1511477648162378
64,1453,1517,0.15114122991112616
65,1456,1521,0.15113782825429603
65,1446,1511,0.15113197654128585
65,1447,1512,0.15112686066658396
63,1451,1514,0.1511222001019744
66,1460,1526,0.15112320161900447
64,1447,1511,0.1511155283837728
65,1460,1525,0.15111474894706056
64,1460,1524,0.1511107168099829
65,1460,1525,0.15111008469017637
66,1444,1510,0.15110667683987686
66,1445,1511,0.15110060937807937
68,1453,1521,0.1510952070069003
66,1448,1514,0.15108482352216304
67,1446,1513,0.15108080716985828
65,1450,1515,0.15107443816938004
64,1469,1533,0.15107406047365685
64,1461,1525,0.15107687646566134
66,1455,1521,0.1510798368265149
67,1451,1518,0.1510770827021986
68,1451,1519,0.15107205473104265
68,1460,1528,0.15106427821550064
68,1461,1529,0.1510570489548458
68,1453,1521,0.151050548993871
67,1454,1521,0.1510445601022897
69,1457,1526,0.15104174077864319
69,1454,1523,0.15103360977569444
69,1446,1515,0.15102662393528732
68,1446,1514,0.15102003167472197
65,1438,1503,0.1510166344664547
66,1429,1495,0.15102180611503938
67,1441,1508,0.1510242646735173
67,1431,1498,0.15102368725335194
66,1424,1490,0.15102316716367953
65,1436,1501,0.1510252113914577
64,1449,1513,0.15102995702474092
64,1451,1515,0.1510371557183146
63,1448,1511,0.1510436396489047
62,1448,1510,0.15105228712984656
61,1449,1510,0.1510638701507643
60,1449,1509,0.15107745184923219
61,1444,1505,0.15109274824604468
61,1452,1513,0.1511042323290638
61,1450,1511,0.15111503706218132
62,1444,1506,0.15112515810449326
65,1437,1502,0.1511315762580212
65,1453,1518,0.1511287917638331
65,1457,1522,0.15112623119848595
66,1450,1516,0.15112389273414747
65,1436,1501,0.15111899164749856
67,1445,1512,0.15111669681857334
66,1441,1507,0.1511090069348802
64,1448,1512,0.1511043069147433
63,1452,1515,0.15110595080677236
64,1456,1520,0.1511103133206721
62,1456,1518,0.1511112140237933
63,1462,1525,0.15111806570181524
65,1456,1521,0.1511216637331177
66,1461,1527,0.15111906426809846
69,1460,1529,0.15111380992085682
67,1461,1528,0.15110041541498517
67,1457,1524,0.15109354269867484
66,1442,1508,0.151087168296892
62,1455,1517,0.15108415868795722
62,1444,1506,0.1510928018045319
61,1442,1503,0.15110089402890897
61,1445,1506,0.1511113389131808
62,1450,1512,0.15112080583859136
63,1455,1518,0.1511272914331
63,1463,1526,0.1511301851752048
65,1457,1522,0.1511328788571023
66,1456,1522,0.1511292484506408
64,1456,1520,0.15112322614651727
60,1460,1520,0.1511237620368397
61,1456,1517,0.15113532495029688
61,1457,1518,0.15114289030526895
58,1456,1514,0.151149880260672
60,1442,1502,0.15116499444857737
60,1455,1515,0.1511733967813792
58,1466,1524,0.15118138942235906
58,1466,1524,0.15119477279613616
60,1453,1513,0.1512068126733105
60,1446,1506,0.15121255682093668
58,1448,1506,0.151217480349465
59,1443,1502,0.1512267883005145
60,1444,1504,0.15123306135968445
62,1448,1510,0.15123637784302926
57,1444,1501,0.1512337770535691
60,1453,1513,0.15124579993842754
63,1456,1519,0.1512487101967737
64,1462,1526,0.1512429236070788
63,1461,1524,0.15123505247479335
61,1455,1516,0.1512307603129695
62,1446,1508,0.1512319231847623
59,1441,1500,0.15122976271919122
60,1441,1501,0.1512357939358464
60,1444,1504,0.15123864149304023
59,1446,1505,0.15124105535974045
59,1443,1502,0.15124597523105404
62,1447,1509,0.15125045170496368
60,1456,1516,0.15124612636695098
59,1438,1497,0.1512477915282156
58,1448,1506,0.15125233243272226
60,1458,1518,0.1512593955579928
62,1461,1523,0.15126034950012013
58,1467,1525,0.15125518609000282
56,1470,1526,0.1512621518754856
56,1467,1523,0.15127436677057526
59,1458,1517,0.15128523885999476
59,1465,1524,0.15128659176262976
56,1455,1511,0.15128784322280045
57,1461,1518,0.1512973176626357
57,1449,1506,0.15130322208786556
58,1465,1523,0.15130862956214142
58,1458,1516,0.15131090537709946
59,1455,1514,0.15131311128971164
60,1463,1523,0.15131234162625196
61,1451,1512,0.15130887933698645
60,1450,1510,0.1513029743971459
60,1458,1518,0.15130065545674573
59,1452,1511,0.15129867037281977
58,1459,1517,0.15129990015618588
60,1453,1513,0.1513040625717175
60,1445,1505,0.1513021729426469
58,1450,1508,0.15130041489172985
56,1463,1519,0.1513043646317707
58,1461,1519,0.15131398946567148
59,1450,1509,0.1513171312618315
59,1458,1517,0.1513174170495296
60,1471,1531,0.1513178247148505
59,1458,1517,0.1513152033355812
59,1461,1520,0.15131546923542083
56,1472,1528,0.15131571647937578
55,1463,1518,0.15132423322165667
55,1458,1513,0.15133537980781456
54,1461,1515,0.15134577198857407
54,1467,1521,0.15135815585280316
55,1456,1511,0.15136947107832893
57,1449,1506,0.1513772346387803
58,1456,1514,0.15137895545416652
59,1456,1515,0.15137760081474272
60,1443,1503,0.1513731645189225
58,1433,1491,0.1513662318176519
58,1462,1520,0.15136504378901855
59,1480,1539,0.15136353971643893
57,1465,1522,0.1513591025722628
57,1462,1519,0.15136046440973755
59,1475,1534,0.15136183101125428
65,1460,1525,0.1513575839699586
65,1459,1524,0.15133654747733893
65,1443,1508,0.1513171036320865
66,1445,1511,0.15129914359333782
62,1459,1521,0.15127970301547614
64,1458,1522,0.15127270496269246
66,1460,1526,0.15126052929224298
68,1442,1510,0.151243174599265
67,1449,1516,0.15122094433781924
68,1451,1519,0.15120291111520717
68,1435,1503,0.15118326008865585
68,1431,1499,0.1511653894496109
69,1444,1513,0.15114827286209134
70,1452,1522,0.15112938218035996
69,1436,1505,0.15110843589332792
69,1442,1511,0.1510917042053446
67,1438,1505,0.15107580919812477
66,1439,1505,0.15106699980283686
65,1453,1518,0.15106162233851733
67,1457,1524,0.15105927938418676
65,1463,1528,0.15105162737887382
66,1466,1532,0.15104914197280986
67,1452,1519,0.15104442947445929
64,1467,1531,0.15103699965495102
66,1457,1523,0.15103858904036233
67,1450,1517,0.15103473726563799
69,1460,1529,0.1510285411123579
66,1456,1522,0.15101740240906308
64,1458,1522,0.15101617812408188
65,1458,1523,0.15102060052757726
65,1452,1517,0.1510216176753555
66,1456,1522,0.15102226312744535
67,1446,1513,0.1510202745626882
66,1459,1525,0.15101553870529544
64,1454,1518,0.15101382433092717
63,1458,1521,0.1510170676519164
61,1455,1516,0.1510227713145075
64,1455,1519,0.1510337501258893
67,1455,1522,0.15103498886217845
67,1460,1527,0.1510278010844474
67,1454,1521,0.15102113981753562
67,1459,1526,0.15101501890128555
68,1454,1522,0.15100937943083864
69,1446,1515,0.15100132694755147
68,1446,1514,0.1509909041322437
69,1444,1513,0.15098445420992462
66,1445,1511,0.15097594649258503
66,1436,1502,0.15097658312841972
66,1437,1503,0.15097738635527375
68,1432,1500,0.1509774799599182
70,1442,1512,0.15097195463400193
69,1441,1510,0.15096106177660323
66,1440,1506,0.1509537016053873
66,1447,1513,0.15095487151909923
64,1459,1523,0.1509558298784123
64,1455,1519,0.1509628089051709
64,1457,1521,0.15096974262131005
65,1458,1523,0.1509765295295198
64,1443,1507,0.150979762991604
63,1446,1509,0.15098541576387522
61,1447,1508,0.150993358252333
63,1447,1510,0.15100670753480874
65,1453,1518,0.1510132795304843
65,1460,1525,0.1510135746244144
66,1454,1520,0.1510138114437537
66,1437,1503,0.15101090582439658
67,1432,1499,0.1510088082925085
66,1442,1508,0.15100433300002208
66,1451,1517,0.15100309937174308
64,1440,1504,0.15100259275370964
65,1454,1519,0.1510076180678257
64,1453,1517,0.15100871536609156
63,1449,1512,0.15101245801332502
63,1454,1517,0.15101849556046593
61,1446,1507,0.1510240312414901
62,1458,1520,0.15103539520736256
63,1447,1510,0.1510426723669923
65,1460,1525,0.1510467530736808
67,1461,1528,0.1510443639657009
67,1455,1522,0.15103673299002293
65,1453,1518,0.15102970864378473
66,1454,1520,0.15102893881469617
66,1444,1510,0.15102548001458937
64,1442,1506,0.1510219592950524
66,1446,1512,0.15102466073256188
65,1450,1515,0.1510213422524352
65,1456,1521,0.15102099402161065
64,1466,1530,0.1510206427924795
67,1459,1526,0.15102292182143662
69,1462,1531,0.1510162039165029
67,1464,1531,0.15100338677341715
65,1453,1518,0.15099720237383324
68,1440,1508,0.15099719180269106
69,1445,1514,0.1509887633332582
67,1435,1502,0.1509784345767975
65,1437,1502,0.15097444911049554
63,1444,1507,0.15097715710061768
62,1454,1516,0.15098553666467582
60,1459,1519,0.15099651589659946
57,1452,1509,0.15101220647392782
59,1448,1507,0.15103562799262116
57,1447,1504,0.1510514271893846
58,1460,1518,0.1510722357928372
59,1458,1517,0.1510889110626258
61,1457,1518,0.15110197538120673
59,1465,1524,0.15110870105071988
57,1463,1520,0.15112094873810722
56,1465,1521,0.15113859019888026
57,1450,1507,0.15115808845549028
56,1457,1513,0.15117406172043296
55,1452,1507,0.1511920610384516
57,1458,1515,0.1512123845643756
56,1468,1524,0.15122609155050687
54,1468,1522,0.15124259275340063
55,1455,1510,0.1512637425563597
57,1445,1502,0.15128038608315575
57,1458,1515,0.15129044115888454
56,1463,1519,0.15130005172063243
57,1462,1519,0.15131207108222094
57,1470,1527,0.15132048549981225
57,1467,1524,0.1513284430506507
57,1480,1537,0.15133599507973486
57,1484,1541,0.1513430473752245
57,1477,1534,0.15134971961986435
56,1451,1507,0.15135600911870817
55,1450,1505,0.15136478403011874
50,1453,1503,0.15137566885962425
54,1457,1511,0.15139955996254176
52,1456,1508,0.15141032096253412
51,1462,1513,0.15142638838299602
51,1480,1531,0.15144434423797998
52,1477,1529,0.1514611143840218
53,1466,1519,0.15147408049428418
52,1468,1520,0.15148320540279425
53,1466,1519,0.15149468698577942
51,1465,1516,0.15150273672432132
52,1458,1510,0.1515160883978552
52,1462,1514,0.15152555747859858
53,1463,1516,0.15153400208323362
53,1459,1512,0.1515394181267375
54,1468,1522,0.1515447184177004
54,1470,1524,0.15154594780810973
55,1472,1527,0.15154664542593618
52,1463,1515,0.15154448962202044
55,1449,1504,0.15155135209291828
55,1459,1514,0.15154942076172268
56,1465,1521,0.15154775777497143
55,1454,1509,0.15154329294879626
55,1449,1504,0.1515420752025274
55,1442,1497,0.15154087149227655
58,1437,1495,0.1515397988196085
55,1452,1507,0.15152997899725992
55,1456,1511,0.1515298328720685
57,1454,1511,0.15152978475362733
53,1437,1490,0.1515241620973065
55,1448,1503,0.15153081204851854
52,1459,1511,0.1515311047636729
52,1463,1515,0.15154022661235633
51,1470,1521,0.15154881452427726
49,1464,1513,0.1515597364379224
51,1468,1519,0.15157534795608998
51,1462,1513,0.15158409073111398
51,1463,1514,0.15159202355259546
49,1467,1516,0.151599517284409
50,1469,1519,0.15161214877979165
48,1454,1502,0.15162116432362135
48,1457,1505,0.15163530365294467
49,1461,1510,0.15164843304124312
49,1465,1514,0.1516574385868492
53,1462,1515,0.15166600003029657
52,1448,1500,0.15166264417522096
54,1467,1521,0.1516625947023018
54,1467,1521,0.15165704559963364
55,1474,1529,0.1516519982892347
53,1459,1512,0.15164446646089544
55,1459,1514,0.15164320064708725
55,1457,1512,0.15163606095265872
54,1441,1495,0.1516294873232342
55,1443,1498,0.15162628362065836
54,1447,1501,0.15162049446056372
54,1445,1499,0.1516177153767392
53,1433,1486,0.1516150853737333
53,1445,1498,0.15161638469513725
51,1457,1508,0.15161813870288846
52,1460,1512,0.151625898542485
50,1462,1512,0.15162947600273022
52,1462,1514,0.15163832218287598
52,1466,1518,0.15164100902493025
51,1465,1516,0.15164355104004718
49,1467,1516,0.15164876422880982
49,1465,1514,0.15165966896842684
50,1465,1515,0.1516695571446242
51,1458,1509,0.15167584595419512
52,1457,1509,0.151678780085805
53,1471,1524,0.15167892385896406
53,1470,1523,0.15167643673482945
52,1466,1518,0.15167429604282223
53,1474,1527,0.15167545670246707
50,1470,1520,0.1516739333275083
51,1465,1516,0.15168110828271783
51,1476,1527,0.15168510447531056
53,1477,1530,0.15168830212575685
52,1459,1511,0.1516854950357594
54,1466,1520,0.15168542471119106
55,1463,1518,0.15167988493382153
53,1462,1515,0.1516718945799375
53,1459,1512,0.15167019136346357
53,1468,1521,0.1516686415365032
55,1457,1512,0.15166718074245028
53,1460,1513,0.15166049417427163
54,1463,1517,0.15165964530166787
55,1474,1529,0.15165522834204168
54,1470,1524,0.15164816771309927
55,1456,1511,0.1516444680107731
56,1462,1518,0.1516382934756522
56,1468,1524,0.15162994616718695
55,1460,1515,0.1516222320873598
53,1452,1505,0.15161797759659495
53,1455,1508,0.15161942713073884
54,1465,1519,0.15162078576727722
54,1469,1523,0.15161928719072798
52,1468,1520,0.15161787264624274
51,1474,1525,0.15162278819844466
53,1479,1532,0.1516300784472702
56,1471,1527,0.15163092725454874
57,1452,1509,0.1516233527731262
53,1451,1504,0.1516131312593168
52,1445,1497,0.15161437574279532
55,1448,1503,0.15161856957880912
57,1447,1504,0.15161418212187536
56,1456,1512,0.15160441411751585
54,1460,1514,0.15159831565342047
56,1453,1509,0.15159863596468612
56,1464,1520,0.1515930032117475
52,1457,1509,0.15158814892838485
54,1461,1515,0.15159491981444473
56,1459,1515,0.15159587281220407
59,1448,1507,0.15159112145447548
58,1447,1505,0.15157776101831444
53,1453,1506,0.15156796536221384
51,1452,1503,0.1515729592760564
53,1456,1509,0.15158324539415158
51,1458,1509,0.15158718139023322
54,1464,1518,0.15159623692345145
54,1458,1512,0.15159638515855842
51,1469,1520,0.1515963617863902
50,1466,1516,0.15160521456194168
50,1469,1519,0.15161610148083499
52,1457,1509,0.15162612853143068
52,1453,1505,0.1516294949277922
49,1458,1507,0.15163255437225806
50,1461,1511,0.15164407268825428
52,1458,1510,0.15165210960914885
51,1473,1524,0.15165383648512953
50,1463,1513,0.15165839203314305
51,1461,1512,0.1516652622522635
47,1469,1516,0.15166918714431213
48,1468,1516,0.1516845194587079
48,1478,1526,0.15169608749252794
49,1473,1522,0.15170703533706617
49,1474,1523,0.1517144989416031
47,1477,1524,0.15172157829804855
47,1470,1517,0.15173414537101787
50,1475,1525,0.15174578188570526
50,1474,1524,0.15174846712875883
50,1473,1523,0.15175107603871488
51,1468,1519,0.151753618374587
51,1485,1536,0.1517528645219813
49,1482,1531,0.1517520871091594
49,1464,1513,0.15175720902654874
51,1470,1521,0.15176193546196953
49,1461,1510,0.15176024682433792
48,1469,1517,0.15176442446536556
49,1472,1521,0.15177084984443895
48,1470,1518,0.15177401781949446
49,1475,1524,0.15177967883869684
49,1458,1507,0.15178220657038685
49,1457,1506,0.1517845527448131
48,1460,1508,0.15178676139070502
47,1457,1504,0.15179153345734162
44,1473,1517,0.15179937383002767
43,1484,1527,0.15181559366495903
44,1474,1518,0.1518334648846457
44,1475,1519,0.15184694043192404
44,1470,1514,0.15185957795046737
41,1470,1511,0.15187136439752577
42,1464,1506,0.15189087932845355
41,1475,1516,0.15190626676092325
44,1480,1524,0.15192332411096185
47,1479,1526,0.15193091958287436
46,1466,1512,0.15192929374787303
44,1473,1517,0.15193066441159972
44,1467,1511,0.15193726845790048
44,1475,1519,0.15194324783413082
44,1473,1517,0.1519487716565974
45,1476,1521,0.1519540990443719
45,1467,1512,0.15195626818625854
44,1454,1498,0.15195812006161952
44,1445,1489,0.1519627295608236
43,1448,1491,0.15196712713074917
44,1464,1508,0.15197459411589234
44,1469,1513,0.15197795274242787
45,1467,1512,0.15198106610856138
43,1458,1501,0.15198074497927683
43,1471,1514,0.15198599593756554
44,1469,1513,0.15199085086545547
45,1455,1500,0.15199247512620195
44,1462,1506,0.1519911516526477
42,1475,1517,0.15199311140184069
44,1469,1513,0.15200024044760915
45,1467,1512,0.15200115682672893
44,1478,1522,0.15199897412522373
43,1481,1524,0.1519995887387267
42,1471,1513,0.152003647670674
42,1476,1518,0.15201039593684648
42,1480,1522,0.15201683244365227
43,1495,1538,0.15202287175872015
43,1485,1528,0.15202556225276426
43,1484,1527,0.15202858403476363
41,1481,1522,0.1520311890147426
41,1482,1523,0.15203922089210795
43,1468,1511,0.1520467546387591
43,1478,1521,0.15204800835099216
43,1466,1509,0.15204920946968367
43,1468,1511,0.15205043117392095
44,1447,1491,0.15205115529231836
46,1452,1498,0.152048907702071
44,1455,1499,0.15204061955017248
44,1441,1485,0.15203860709129502
42,1444,1486,0.15203669791258945
43,1445,1488,0.15204072569946928
45,1450,1495,0.15204150579505504
46,1466,1512,0.1520363006318594
47,1462,1509,0.15202833381745345
47,1469,1516,0.1520182317070601
49,1481,1530,0.15200909837322896
49,1465,1514,0.15199477506001569
49,1468,1517,0.15198151889956157
47,1458,1505,0.1519692201582029
50,1460,1510,0.1519635609360281
50,1457,1507,0.1519498256897932
51,1460,1511,0.15193707453235725
50,1471,1521,0.15192201382561
51,1470,1521,0.1519111977429806
51,1467,1518,0.15189792407477834
50,1475,1525,0.15188555550778468
50,1479,1529,0.15187692321582544
50,1489,1539,0.15186928663144905
49,1482,1531,0.15186226678268114
48,1479,1527,0.15185819765476258
47,1480,1527,0.1518569022985258
45,1475,1520,0.1518588301371592
46,1477,1523,0.1518665205675045
46,1467,1513,0.15187085524245153
46,1470,1516,0.15187488719477393
45,1472,1517,0.1518791588899252
47,1469,1516,0.1518861642260133
47,1472,1519,0.1518867991122606
46,1471,1517,0.15188747526158985
47,1460,1507,0.1518908976487417
47,1468,1515,0.15189188235533538
47,1456,1503,0.1518929006325596
45,1466,1511,0.15189395000662465
46,1454,1500,0.15190055574108105
48,1462,1510,0.151904021525471
48,1460,1508,0.1519011551483012
50,1466,1516,0.15189846170815602
50,1466,1516,0.15189055781729982
50,1473,1523,0.1518833139822709
49,1462,1511,0.1518766646579867
48,1462,1510,0.15187334906863018
46,1459,1505,0.151873048136702
45,1466,1511,0.15187839842540074
45,1474,1519,0.15188605358801616
47,1480,1527,0.15189305284736443
47,1477,1524,0.1518940961860345
46,1466,1512,0.15189501021175963
44,1464,1508,0.15189858433656153
43,1464,1507,0.15190763951261124
45,1476,1521,0.15191922165663688
46,1478,1524,0.1519244767185692
50,1463,1513,0.15192689644578686
47,1455,1502,0.1519179559338352
49,1468,1517,0.15191809978519052
49,1469,1518,0.1519120199170256
50,1463,1513,0.15190643295386952
50,1469,1519,0.15189856429929133
50,1456,1506,0.15189118983943325
52,1453,1505,0.15188438292413348
51,1459,1510,0.15187243160331096
49,1456,1505,0.1518634673485114
47,1457,1504,0.15186056269839562
48,1470,1518,0.15186368320765542
48,1480,1528,0.15186376410117075
48,1486,1534,0.1518639529974313
49,1471,1520,0.151864513613325
46,1483,1529,0.15186221673866376
46,1470,1516,0.15186849097434774
49,1468,1517,0.15187409554351622
49,1468,1517,0.15187084713552093
48,1452,1500,0.15186785505590772
50,1470,1520,0.15186762092770853
49,1477,1526,0.1518620370862334
51,1467,1518,0.15185961846544152
50,1476,1526,0.15185187304595626
49,1477,1526,0.15184750084756687
50,1463,1513,0.15184615325551543
51,1472,1523,0.15184198178100233
51,1470,1521,0.15183535112099372
48,1464,1512,0.1518292657169396
48,1463,1511,0.15183215812465867
46,1468,1514,0.15183492534456733
46,1471,1517,0.15184305383639138
44,1459,1503,0.15185035487017184
46,1460,1506,0.15186263313194467
44,1469,1513,0.15186878486696423
44,1461,1505,0.15187990134286
44,1459,1503,0.15189016928769966
44,1466,1510,0.15189990748764376
45,1472,1517,0.15190896765635387
44,1483,1527,0.15191475850442906
44,1483,1527,0.15192327779455087
44,1484,1528,0.1519311109072398
47,1468,1515,0.15193845313370427
47,1468,1515,0.15193687989478621
48,1468,1516,0.1519355677200095
46,1467,1513,0.15193162888844158
46,1482,1528,0.15193340840588807
45,1472,1517,0.15193503325411598
44,1481,1525,0.15193925457972146
44,1473,1517,0.15194605001364606
45,1469,1514,0.15195250591915457
45,1472,1517,0.15195627893786223
46,1479,1525,0.15195990961950515
44,1482,1526,0.15196065946073897
43,1490,1533,0.15196716672981395
42,1483,1525,0.15197615268340375
43,1480,1523,0.15198727721203353
43,1472,1515,0.15199491639578228
44,1478,1522,0.1520017890497781
43,1477,1520,0.15200566273457825
44,1464,1508,0.15201199003391708
44,1466,1510,0.15201510727920176
46,1465,1511,0.15201806127743336
46,1470,1516,0.1520151209090195
47,1475,1522,0.1520122198853353
44,1475,1519,0.15200656177050637
45,1472,1517,0.1520103794685076
45,1467,1512,0.1520110297894646
43,1465,1508,0.1520116794078028
42,1458,1500,0.15201802901954367
42,1459,1501,0.15202669801984853
42,1462,1504,0.15203458514059764
45,1462,1507,0.15204201550022498
45,1463,1508,0.15204077686064604
46,1468,1514,0.15203974710344578
44,1462,1506,0.15203607275688402
44,1460,1504,0.1520382708841748
44,1462,1506,0.1520402985798991
46,1461,1507,0.15204201246500756
48,1462,1510,0.15203811330484374
47,1456,1503,0.152029039172767
46,1469,1515,0.15202362481391113
48,1471,1519,0.15202134299556236
46,1471,1517,0.15201338312098137
45,1473,1518,0.1520116279441428
45,1477,1522,0.15201259538920842
43,1476,1519,0.15201345022879156
42,1473,1515,0.15202004531733943
45,1476,1521,0.15202889052978205
45,1476,1521,0.15202881642296773
43,1479,1522,0.1520288116960515
45,1497,1542,0.15203449548140296
44,1482,1526,0.15203418948751427
45,1484,1529,0.15203666048675651
45,1478,1523,0.1520362883827962
44,1469,1513,0.15203612595370056
44,1476,1520,0.15203881545732392
43,1460,1503,0.15204128389964372
45,1456,1501,0.15204644465585387
42,1453,1495,0.1520453189740174
42,1445,1487,0.15205253935037485
41,1470,1511,0.15205922967401247
44,1464,1508,0.15206812995212438
46,1458,1504,0.152068131779236
47,1460,1507,0.152062505506508
47,1462,1509,0.15205452134455338
47,1469,1516,0.15204718128081418
44,1467,1511,0.15204041465763513
42,1467,1509,0.15204244398929734
41,1476,1517,0.15204988877185457
41,1472,1513,0.1520599392535908
41,1475,1516,0.15206912545556303
41,1479,1520,0.1520776049636809
38,1479,1517,0.15208544507952962
36,1470,1506,0.1521013594001465
34,1472,1506,0.1521215027766466
34,1470,1504,0.15214606254853977
33,1466,1499,0.1521689033627156
32,1465,1497,0.1521928654131932
34,1476,1510,0.15221787902857206
34,1470,1504,0.1522354580942361
33,1468,1501,0.1522519491975791
35,1476,1511,0.1522701834329684
34,1485,1519,0.15228144877453548
33,1483,1516,0.152295009464763
33,1470,1503,0.15231052894897412
34,1485,1519,0.15232488466963257
34,1489,1523,0.1523354109612822
36,1471,1507,0.15234527500526135
38,1474,1512,0.15234891206239712
38,1473,1511,0.15234675884819934
36,1474,1510,0.15234491206372316
37,1479,1516,0.15234902738950382
37,1474,1511,0.1523501602703941
35,1484,1519,0.1523512887824246
34,1484,1518,0.15235789892808482
34,1480,1514,0.15236696410688524
35,1473,1508,0.1523753828847509
37,1466,1503,0.1523802894241104
36,1467,1503,0.15237927346134303
34,1475,1509,0.15238142305247934
33,1472,1505,0.15238910917227716
33,1464,1497,0.15239915594691567
34,1471,1505,0.1524085205149225
33,1490,1523,0.15241449871782434
34,1480,1514,0.1524231960176989
35,1478,1513,0.1524284690975654
33,1490,1523,0.15243047096228451
36,1495,1531,0.15243841483182052
35,1486,1521,0.15243712522365654
34,1493,1527,0.15243898540338802
33,1497,1530,0.15244376554523445
33,1503,1536,0.15245090695626526
32,1486,1518,0.15245760639409245
33,1481,1514,0.1524667418097293
35,1482,1517,0.15247252044618947
33,1482,1515,0.15247212965225038
32,1479,1511,0.1524775187042208
34,1481,1515,0.152485332730332
32,1477,1509,0.15248703197833355
33,1477,1510,0.15249427687469322
34,1474,1508,0.15249819984700747
34,1478,1512,0.15249908499123507
32,1473,1505,0.15249972439121298
31,1491,1522,0.15250594070537818
31,1484,1515,0.1525144336609812
33,1502,1535,0.15252200954045592
33,1491,1524,0.1525233357028266
34,1499,1533,0.1525245415368883
34,1490,1524,0.15252292313960825
33,1494,1527,0.1525214545912262
30,1492,1522,0.15252306799829607
30,1481,1511,0.15253328597397572
27,1488,1515,0.15254279784598251
29,1492,1521,0.15256039466952098
31,1492,1523,0.15257107010696006
31,1490,1521,0.15257532195891577
32,1483,1515,0.15257938415316766
32,1479,1511,0.15258037674262975
32,1475,1507,0.15258156117543423
30,1467,1497,0.1525826580856917
30,1473,1503,0.1525893996387826
31,1474,1505,0.15259564799106434
29,1474,1503,0.15259862336870778
30,1475,1505,0.15260729881711316
31,1484,1515,0.15261252561087177
30,1486,1516,0.15261442093810917
29,1481,1510,0.15261896365093902
28,1488,1516,0.15262620225711654
29,1495,1524,0.15263570493319395
31,1497,1528,0.1526415948359667
31,1493,1524,0.15264128680988104
27,1497,1524,0.15264103764352663
26,1508,1534,0.15265273560671277
26,1503,1529,0.15266651573044374
27,1502,1529,0.15267939668982355
27,1500,1527,0.1526885125633104
28,1498,1526,0.1526970239524886
28,1496,1524,0.1527019473404675
27,1488,1515,0.15270655939978045
26,1491,1517,0.15271367748670875
26,1491,1517,0.1527231527037845
23,1487,1510,0.15273196609828804
25,1493,1518,0.15274891511593006
25,1493,1518,0.15275886963026944
25,1481,1506,0.15276813420397212
27,1468,1495,0.15277658804184704
26,1474,1500,0.15277857026185476
25,1476,1501,0.15278344875533229
26,1485,1511,0.15279092915502754
25,1486,1511,0.15279496740287946
26,1492,1518,0.15280170244815533
26,1492,1518,0.15280509023858785
26,1489,1515,0.1528082891943217
23,1484,1507,0.1528110892286451
23,1493,1516,0.1528226545093612
25,1495,1520,0.15283351384910557
23,1486,1509,0.1528377500559633
21,1493,1514,0.1528478217300449
21,1489,1510,0.15286301243803266
21,1491,1512,0.15287716588851916
21,1491,1512,0.1528903487850333
21,1495,1516,0.15290263958170583
22,1497,1519,0.15291440413861257
21,1495,1516,0.15292244515000253
23,1506,1529,0.15293296351788785
24,1494,1518,0.15293675400806042
25,1487,1512,0.15293738134134266
25,1492,1517,0.1529351029097304
25,1491,1516,0.15293309173307573
24,1498,1522,0.1529313011044886
24,1489,1513,0.15293264704569678
24,1499,1523,0.15293393952201015
27,1496,1523,0.15293512029723302
26,1492,1518,0.15292717355382673
26,1481,1507,0.15292276727432835
24,1493,1517,0.15291888828119446
22,1485,1507,0.15292132035646488
22,1481,1503,0.15292934936991892
24,1488,1512,0.15293673449406442
23,1495,1518,0.152937692460255
22,1495,1517,0.15294156188325353
23,1486,1509,0.1529480507216221
23,1490,1513,0.1529511045412818
24,1498,1522,0.15295401676447082
24,1489,1513,0.15295370194962887
22,1486,1508,0.15295342318062427
22,1505,1527,0.15295901864778852
22,1492,1514,0.15296421159367038
22,1494,1516,0.1529690297617088
22,1491,1513,0.15297350865551543
21,1501,1522,0.15297766138869703
21,1496,1517,0.15298457905178922
22,1493,1515,0.15299119250647913
21,1490,1511,0.15299450585093088
20,1486,1506,0.15300053223629526
20,1489,1509,0.15300921348080457
20,1486,1506,0.15301715085613343
18,1502,1520,0.1530245246526675
18,1495,1513,0.15303733175913348
17,1496,1513,0.15304920106964273
17,1500,1517,0.15306319881727046
13,1494,1507,0.1530762316181266
13,1498,1511,0.153100638176182
14,1501,1515,0.15312348101668047
14,1495,1509,0.15314183839704473
15,1508,1523,0.15315902630626863
15,1500,1515,0.15317214828914455
15,1480,1495,0.15318443837933088
15,1505,1520,0.1531959621266925
14,1504,1518,0.15320677002833588
14,1505,1519,0.1532199685859854
15,1507,1522,0.15323233773471012
15,1504,1519,0.15324086467168077
15,1508,1523,0.1532488591291946
15,1514,1529,0.15325636349360747
15,1509,1524,0.15326341741605506
15,1498,1513,0.15327004425050608
14,1510,1524,0.15327626805429784
13,1511,1524,0.15328518899518223
14,1504,1518,0.15329661382846294
14,1505,1519,0.15330424232570464
14,1515,1529,0.1533113941224598
14,1515,1529,0.1533181050015093
14,1510,1524,0.15332440240846118
14,1517,1531,0.15333031161969718
14,1507,1521,0.15333585654891876
15,1496,1511,0.1533410597614029
14,1508,1522,0.15334284548052154
14,1511,1525,0.15334762167993118
14,1502,1516,0.15335207351028507
13,1500,1513,0.15335622835967
14,1512,1526,0.15336323663477183
14,1501,1515,0.1533666805447142
14,1490,1504,0.15336989348820856
14,1495,1509,0.1533729052361463
12,1515,1527,0.15337573012031439
13,1514,1527,0.1533844871874024
13,1513,1526,0.15338963445442727
14,1510,1524,0.15339444247160522
15,1507,1522,0.15339586254840676
15,1510,1525,0.15339406744288872
14,1511,1525,0.15339240707833693
14,1505,1519,0.1533939130045075
15,1510,1525,0.15339532213689386
14,1511,1525,0.1533935799399713
12,1510,1522,0.15339504658469663
13,1521,1534,0.15340259356935287
13,1511,1524,0.15340659848260102
13,1506,1519,0.15341028434504633
13,1500,1513,0.15341378558459456
12,1503,1515,0.15341698631675085
14,1505,1519,0.15342306595814947
15,1489,1504,0.1534225361032733
16,1496,1512,0.15341902794365034
16,1484,1500,0.15341274827193893
17,1492,1509,0.15340691593851666
19,1493,1512,0.15339841762785578
19,1498,1517,0.15338442205686365
15,1498,1513,0.15337139740642391
16,1495,1511,0.15337145196787055
16,1483,1499,0.1533684713801753
16,1488,1504,0.1533656649123528
17,1491,1508,0.15336303252167352
16,1496,1512,0.15335753178567704
17,1500,1517,0.15335539949396018
18,1494,1512,0.15335038857180863
20,1491,1511,0.15334271908685862
21,1492,1513,0.1533294006495369
22,1493,1515,0.15331405228005188
22,1486,1508,0.15329672929493846
22,1492,1514,0.15328060257331863
21,1501,1522,0.15326557582639333
21,1493,1514,0.1532546528709774
21,1490,1511,0.15324443978817953
19,1503,1522,0.15323488073550032
18,1504,1522,0.15323189234216247
18,1493,1511,0.15323219094363794
18,1486,1504,0.1532324206406069
17,1476,1493,0.1532325989492012
16,1495,1511,0.15323570767684522
16,1503,1519,0.15324161007528056
16,1507,1523,0.15324707902044887
16,1495,1511,0.15325215075664622
15,1502,1517,0.15325686252332912
14,1502,1516,0.15326424529658272
13,1499,1512,0.15327419301244735
13,1508,1521,0.1532864609469624
13,1497,1510,0.15329792890214988
15,1505,1520,0.153308644247587
15,1504,1519,0.1533125633631959
17,1502,1519,0.1533162829513259
17,1517,1534,0.15331365454727594
16,1523,1539,0.1533112272230403
17,1518,1535,0.1533119532098325
17,1520,1537,0.15330952067564854
18,1517,1535,0.15330725310542462
18,1516,1534,0.15330207639121643
19,1501,1520,0.15329724552168497
19,1497,1516,0.15328964835754724
18,1506,1524,0.15328254698075502
19,1511,1530,0.15327891504280555
18,1507,1525,0.1532724607555898
17,1488,1505,0.15326943877575253
18,1499,1517,0.1532696352610381
18,1502,1520,0.1532666787204909
16,1497,1513,0.15326390073255103
16,1488,1504,0.1532672855389988
16,1482,1498,0.15327043626231993
16,1491,1507,0.15327331398553434
15,1501,1516,0.15327599112840545
15,1511,1526,0.15328151663826836
14,1523,1537,0.15328671129009064
15,1509,1524,0.15329464576032886
15,1506,1521,0.1532989811952057
15,1504,1519,0.1533030273459913
15,1513,1528,0.1533068180996265
15,1491,1506,0.15331036845671178
15,1490,1505,0.15331369329341588
15,1498,1513,0.15331680699671282
15,1502,1517,0.15331972321974632
16,1496,1512,0.15332245480177137
14,1501,1515,0.15332201073480975
15,1506,1521,0.15332769216631778
16,1506,1522,0.15332993454711383
16,1501,1517,0.15332894415197537
15,1496,1511,0.15332801866282142
15,1505,1520,0.15333027106788888
14,1503,1517,0.1533323779166002
13,1505,1518,0.1533374552266798
13,1502,1515,0.15334529619894066
12,1479,1491,0.15335263812643596
13,1501,1514,0.15336251867093958
12,1505,1517,0.1533687282068201
13,1507,1520,0.15337766092668126
13,1522,1535,0.1533829986977894
13,1521,1534,0.15338800263172078
13,1515,1528,0.15339270735917437
13,1511,1524,0.1533971288974413
12,1512,1524,0.1534012824174659
11,1504,1515,0.15340825531510244
12,1508,1520,0.15341786676499405
12,1508,1520,0.15342372255222836
13,1508,1521,0.15342920419142902
13,1507,1520,0.15343118702842992
13,1497,1510,0.15343303960932847
14,1511,1525,0.15343476815472726
13,1504,1517,0.15343334517378066
13,1506,1519,0.15343506634239995
13,1499,1512,0.15343669183906733
13,1506,1519,0.15343817072375932
15,1504,1519,0.15343956915785692
16,1509,1525,0.1534346905655947
16,1516,1532,0.15342710051419356
16,1507,1523,0.15342001760436078
16,1487,1503,0.15341340964949293
16,1475,1491,0.15340724364898978
16,1489,1505,0.15340148728341876
16,1492,1508,0.15339611055506583
16,1495,1511,0.15339108600057116
17,1500,1517,0.15338638851902572
17,1492,1509,0.15337898113587134
16,1503,1519,0.15337206540115494
15,1509,1524,0.15336873270146212
15,1508,1523,0.15336868363862222
14,1507,1521,0.15336860465075927
14,1503,1517,0.15337166339002362
14,1512,1526,0.15337451534818083
14,1498,1512,0.15337717976085075
14,1494,1508,0.1533796712472381
14,1491,1505,0.15338200197616148
14,1497,1511,0.15338418291805286
13,1503,1516,0.1533862241881057
12,1502,1514,0.15339113428788198
13,1510,1523,0.15339878713443753
11,1520,1531,0.15340293755393222
11,1518,1529,0.15341295985942208
12,1507,1519,0.15342234585289488
12,1509,1521,0.15342807726671948
12,1513,1525,0.1534334308014946
11,1504,1515,0.15343845022092473
10,1505,1515,0.15344622908329572
11,1502,1513,0.1534565454972851
11,1523,1534,0.15346317626070083
10,1513,1523,0.153469388661045
10,1493,1503,0.15347837157023164
10,1489,1499,0.15348679340376017
10,1499,1509,0.15349469327808063
10,1496,1506,0.1535021034592798
10,1506,1516,0.153509054214242
10,1507,1517,0.15351557424430592
10,1500,1510,0.15352169060158583
9,1514,1523,0.15352742868354727
7,1509,1516,0.1535359371869931
7,1514,1521,0.15355009055021746
7,1501,1508,0.15356336891257502
7,1510,1517,0.15357582642152323
8,1499,1507,0.15358751037403257
9,1506,1515,0.15359531472068624
9,1500,1509,0.1535995216241304
8,1494,1502,0.15360348824383405
8,1505,1513,0.1536103111494924
7,1496,1503,0.1536167370073173
7,1496,1503,0.15362595789813904
7,1496,1503,0.153634616875758
7,1510,1517,0.15364274693896046
7,1500,1507,0.15365037822440705
6,1506,1512,0.15365754081696156
6,1501,1507,0.15366734751158875
7,1532,1539,0.15367656354523782
7,1527,1534,0.15368203609188888
7,1515,1522,0.15368717292775927
8,1502,1510,0.15369198935391015
9,1500,1509,0.15369340495804337
9,1502,1511,0.15369162537058828
9,1517,1526,0.15368997160813958
9,1517,1526,0.15368844914788912
7,1512,1519,0.15368704513929246
7,1519,1526,0.1536919921968153
7,1518,1525,0.15369665726808143
7,1523,1530,0.1537010375253945
7,1515,1522,0.1537050860349482
7,1516,1523,0.15370888059564694
8,1508,1516,0.15371242859932197
8,1514,1522,0.1537126532853979
8,1520,1528,0.15371285907542798
10,1514,1524,0.15371305628228718
10,1519,1529,0.15370690619056127
10,1513,1523,0.15370115977026194
10,1517,1527,0.15369579662153246
10,1509,1519,0.15369078861740326
9,1516,1525,0.15368610930760926
8,1511,1519,0.15368489835198615
9,1503,1512,0.1536868629860244
9,1504,1513,0.15368557526032417
9,1507,1516,0.15368440550608364
9,1498,1507,0.15368330507942296
9,1509,1518,0.15368227458340164
11,1512,1523,0.1536813096451256
12,1506,1518,0.1536741408458018
12,1503,1515,0.153664246568381
13,1509,1522,0.1536550919481672
12,1508,1520,0.1536433918355501
12,1513,1525,0.15363560851221558
10,1505,1515,0.15362831139141547
10,1498,1508,0.15362764915003926
10,1496,1506,0.153627037980062
9,1492,1501,0.15362646166278007
9,1497,1506,0.1536290908121722
10,1499,1509,0.1536315606369528
11,1498,1509,0.15363082157135982
11,1501,1512,0.153626974256061
10,1490,1500,0.1536233809774425
10,1489,1499,0.1536231725852673
12,1487,1499,0.15362291512242637
12,1497,1509,0.15361638858256882
12,1509,1521,0.15361029850203306
11,1510,1521,0.1536046077365039
10,1522,1532,0.15360241028509528
10,1508,1518,0.15360349960297717
9,1508,1517,0.1536045316506716
8,1494,1502,0.1536085544990734
9,1502,1511,0.1536154149248841
9,1513,1522,0.1536186785368433
10,1510,1520,0.15362171338843716
10,1503,1513,0.15362148759604619
10,1512,1522,0.15362126424242417
9,1503,1512,0.15362105294765915
9,1509,1518,0.15362391454915347
9,1515,1524,0.15362660169181472
9,1520,1529,0.1536291178794198
8,1513,1521,0.15363147233715962
8,1511,1519,0.15363681942597596
7,1504,1511,0.15364182868763687
7,1491,1498,0.1536495879021055
7,1501,1508,0.15365687213355808
7,1501,1508,0.15366369179778527
7,1499,1506,0.15367007775277058
7,1503,1510,0.1536760598601251
8,1508,1516,0.1536816655830598
8,1515,1523,0.1536838288924876
9,1520,1529,0.15368585729527598
10,1516,1526,0.15368462964635118
10,1518,1528,0.15368033234110906
11,1516,1527,0.15367636814095167
11,1516,1527,0.15366949526213933
11,1513,1524,0.15366318198921616
11,1511,1522,0.15365732455404868
12,1514,1526,0.153651875142579
12,1516,1528,0.15364366366525284
11,1506,1517,0.1536360005885925
11,1501,1512,0.15363186369585358
11,1499,1510,0.153627997940394
11,1494,1505,0.1536243661683758
9,1492,1501,0.15362095507431825
9,1508,1517,0.15362396358757607
10,1503,1513,0.15362671339004166
8,1508,1516,0.15362616342308583
7,1511,1518,0.1536318097906808
8,1500,1508,0.1536402399971351
8,1512,1520,0.15364500230848635
8,1510,1518,0.15364945514928666
8,1510,1518,0.1536536179463157
8,1506,1514,0.1536575131724131
8,1514,1522,0.15366115999501545
8,1511,1519,0.15366457557806976
9,1505,1514,0.15366777557902705
9,1509,1518,0.1536676873704854
9,1512,1521,0.15366760240774785
10,1518,1528,0.15366753079718284
11,1507,1518,0.1536643003251134
9,1506,1515,0.15365808770716816
11,1513,1524,0.15365853272248384
9,1514,1523,0.1536527534829218
9,1510,1519,0.15365352027919468
9,1519,1528,0.15365424828312424
9,1503,1512,0.15365492118706578
10,1513,1523,0.15365554202665535
10,1507,1517,0.15365301302958406
10,1510,1520,0.1536506446817427
10,1512,1522,0.15364843527611755
10,1517,1527,0.15364637260391298
10,1512,1522,0.15364444510508665
10,1509,1519,0.15364264253199736
10,1519,1529,0.1536409557610628
10,1523,1533,0.15363937658647583
9,1507,1516,0.15363789756278293
9,1507,1516,0.15363960056300408
10,1515,1525,0.15364119400365808
9,1514,1523,0.15363957685001953
9,1511,1520,0.15364122438723504
9,1501,1510,0.1536427742211696
9,1503,1512,0.15364423606966196
9,1509,1518,0.15364554646937492
9,1516,1525,0.15364679604084644
9,1515,1524,0.15364796232807598
9,1509,1518,0.1536490502012378
8,1516,1524,0.15365006609792553
8,1510,1518,0.1536541385422708
7,1515,1522,0.15365795105272412
6,1518,1524,0.15366465746595917
6,1512,1518,0.15367409017080458
6,1513,1519,0.15368292429627092
5,1517,1522,0.15369119462272668
4,1538,1542,0.1537020905546836
3,1523,1526,0.15371551986236243
4,1518,1522,0.15373133634500463
3,1513,1516,0.15374300867269422
3,1511,1514,0.15375713105618924
3,1507,1510,0.15377038373177426
3,1513,1516,0.15378282376397118
3,1506,1509,0.15379450129130365
3,1507,1510,0.15380546400379677
3,1523,1526,0.15381575661800984
3,1529,1532,0.1538254209305168
3,1527,1530,0.15383449599935783
3,1517,1520,0.15384301833942474
3,1507,1510,0.15385102210704943
3,1520,1523,0.1538585392692931
3,1524,1527,0.153865599758309
3,1525,1528,0.15387223161224384
3,1499,1502,0.1538784611042316
3,1511,1514,0.1538843128608691
3,1516,1519,0.15388980997135995
3,1511,1514,0.15389497408833036
3,1512,1515,0.15389982552116352
3,1517,1520,0.15390438332257525
3,1517,1520,0.15390866536905265
3,1502,1505,0.1539126884356941
3,1503,1506,0.15391646826592317
3,1506,1509,0.15392001963649155
3,1501,1504,0.15392335641814425
3,1495,1498,0.15392649163227592
3,1504,1507,0.15392943750387844
3,1521,1524,0.15393220551105027
3,1529,1532,0.15393480643131238
3,1522,1525,0.1539372503849558
3,1514,1517,0.15393954687562605
4,1520,1524,0.15394170482833267
4,1516,1520,0.1539405010424611
4,1511,1515,0.15393936806390843
4,1514,1518,0.15393831382022882
3,1514,1517,0.1539373324581871
3,1528,1531,0.1539396356473416
3,1515,1518,0.1539418130714883
3,1523,1526,0.15394385578838068
3,1506,1509,0.15394577145787344
3,1513,1516,0.15394756846529692
3,1504,1507,0.15394925464934886
3,1514,1517,0.15395083722836042
3,1503,1506,0.15395232285843935
3,1517,1520,0.15395371769836097
3,1513,1516,0.15395502746453288
3,1517,1520,0.15395625747593278
3,1527,1530,0.15395741269118776
3,1520,1523,0.15395849773975936
3,1513,1516,0.15395951694869014
3,1522,1525,0.1539604743659421
3,1531,1534,0.1539613737810525
4,1524,1528,0.15396221874362737
4,1508,1512,0.15395982548976825
4,1523,1527,0.15395757341538974
4,1515,1519,0.15395545762990687
4,1511,1515,0.15395347270245327
4,1505,1509,0.15395161125292914
4,1502,1506,0.1539498656268397
5,1513,1518,0.1539482284468856
5,1505,1510,0.15394350633153547
5,1496,1501,0.15393907506094637
4,1512,1516,0.15393492089654728
5,1514,1519,0.1539342231070472
5,1504,1509,0.15393037724845826
5,1505,1510,0.15392676695404905
5,1510,1515,0.15392338051651205
5,1513,1518,0.15392020477736165
5,1506,1511,0.15391722625562895
4,1510,1514,0.1539144322291139
4,1514,1518,0.15391497252269978
4,1502,1506,0.1539154814908715
4,1498,1502,0.15391596100289143
4,1495,1499,0.1539164100883981
4,1490,1494,0.1539168299371067
4,1498,1502,0.15391722233363334
4,1498,1502,0.15391758914476142
4,1500,1504,0.15391793216190724
4,1505,1509,0.1539182530559195
4,1511,1515,0.15391855336971624
4,1521,1525,0.15391883452386568
4,1513,1517,0.15391909782617266
4,1504,1508,0.1539193444819446
4,1511,1515,0.15391957560372715
4,1506,1510,0.1539197922201213
4,1502,1506,0.1539199952836245
3,1508,1511,0.15392018567755567
3,1526,1529,0.1539235477512354
3,1518,1521,0.15392671448803777
4,1513,1517,0.1539296879541446
4,1503,1507,0.15392925056153076
3,1513,1516,0.15392883942317678
3,1507,1510,0.15393166254752122
3,1500,1503,0.1539343197998572
3,1503,1506,0.15393681293801978
3,1502,1505,0.15393915084830573
3,1511,1514,0.15394134347275235
3,1520,1523,0.15394340028628245
3,1525,1528,0.15394533010222533
3,1524,1527,0.15394714109049978
3,1522,1525,0.1539488408312599
3,1518,1521,0.1539504363693435
3,1513,1516,0.1539519342628509
3,1516,1519,0.1539533406254032
4,1524,1528,0.1539546611629328
4,1511,1515,0.15395267317513947
4,1523,1527,0.15395080614773235
4,1503,1507,0.15394905213198504
4,1497,1501,0.15394740636651805
5,1508,1513,0.1539458626488144
5,1519,1524,0.15394122644384312
5,1509,1514,0.15393686495578293
4,1514,1518,0.1539327740359677
4,1513,1517,0.1539321536604001
5,1524,1529,0.15393157506073557
5,1514,1519,0.15392781948624237
5,1499,1504,0.15392430212951463
5,1504,1509,0.15392100029580016
5,1518,1523,0.15391790159460345
5,1509,1514,0.1539149938480441
5,1518,1523,0.15391226525605534
4,1519,1523,0.15390970462250678
4,1506,1510,0.15391050666843498
3,1515,1518,0.15391126378031547
2,1530,1532,0.15391519317548338
2,1518,1520,0.15392204836597495
2,1527,1529,0.15392850839210295
2,1531,1533,0.1539345833020183
2,1527,1529,0.15394029065592868
2,1537,1539,0.15394565093347545
2,1537,1539,0.15395068476009144
3,1533,1536,0.15395541198763132
3,1525,1528,0.1539566399890466
3,1515,1518,0.15395778957665052
3,1516,1519,0.15395886566489278
3,1517,1520,0.1539598761386535
3,1517,1520,0.15396082602456154
3,1527,1530,0.15396171925990243
3,1516,1519,0.15396255928738467
4,1517,1521,0.15396334925956656
4,1527,1531,0.1539609156506026
5,1527,1532,0.15395862981619984
5,1524,1529,0.15395329651870387
5,1510,1515,0.1539482956404659
5,1507,1512,0.15394361007779075
5,1513,1518,0.1539392205858855
5,1516,1521,0.15393510751426626
6,1523,1529,0.15393125238989147
6,1521,1527,0.15392448462853126
6,1522,1528,0.15391814418449154
6,1515,1521,0.1539121984001534
5,1525,1530,0.15390662220311685
5,1517,1522,0.15390453231013704
5,1504,1509,0.15390256767698632
5,1507,1512,0.1539007236160196
6,1513,1519,0.15389899088747838
6,1504,1510,0.1538941488943367
6,1496,1502,0.15388959911933195
7,1500,1507,0.15388533210430266
8,1492,1500,0.15387815598744248
8,1501,1509,0.15386823991794135
8,1511,1519,0.15385895739682826
8,1503,1511,0.15385027361555786
8,1489,1497,0.15384212744246223
8,1505,1513,0.15383451393669273
7,1496,1503,0.1538273779505808
8,1503,1511,0.15382385570485968
8,1495,1503,0.1538174595131075
8,1482,1490,0.15381145833464965
8,1493,1501,0.15380583212457005
8,1502,1510,0.15380055763354655
8,1495,1503,0.15379561194264044
8,1499,1507,0.1537909736310782
8,1519,1527,0.15378662282257174
8,1511,1519,0.15378254106937292
7,1523,1530,0.15377871122421197
7,1514,1521,0.15377818548373928
7,1507,1514,0.15377768856948523
8,1510,1518,0.153777216888491
8,1502,1510,0.15377363670020114
8,1508,1516,0.15377027990881056
9,1505,1514,0.15376714044940804
8,1503,1511,0.15376103569309338
8,1511,1519,0.1537584742874272
7,1507,1514,0.15375609263663811
7,1499,1506,0.1537570103527973
6,1516,1522,0.15375787212519113
6,1514,1520,0.15376178184623204
6,1526,1532,0.1537654405931553
7,1514,1521,0.15376886612011034
8,1513,1521,0.1537689479529427
9,1520,1529,0.15376584244168176
10,1511,1521,0.15375990406220688
9,1506,1515,0.15375118809457797
9,1506,1515,0.15374626403708572
9,1501,1510,0.15374164494268627
7,1497,1504,0.15373728428734523
7,1500,1507,0.15373942494444967
7,1511,1518,0.15374143609567534
8,1512,1520,0.15374330056480756
8,1523,1531,0.15374179103678356
8,1522,1530,0.15374043918840413
8,1520,1528,0.1537391843262046
8,1511,1519,0.1537380135389216
8,1506,1514,0.153736918879987
9,1507,1516,0.1537358941674047
9,1502,1511,0.15373180380035487
9,1504,1513,0.1537279733250123
9,1499,1508,0.15372438302692848
10,1513,1523,0.15372101711651345
9,1522,1531,0.15371469287598877
9,1509,1518,0.1537119817784486
8,1516,1524,0.15370939285010862
6,1515,1521,0.15371001228148376
6,1513,1519,0.15371683504255199
7,1514,1521,0.15372321427168914
7,1508,1515,0.15372607767342067
7,1496,1503,0.15372873608810786
8,1525,1533,0.1537312176969094
8,1515,1523,0.15373045854309317
8,1511,1519,0.15372975084402754
8,1516,1524,0.15372908842452587
8,1515,1523,0.1537284693475961
7,1522,1529,0.15372789081897628
8,1529,1537,0.15373041647338834
8,1521,1529,0.15372971024410775
8,1522,1530,0.1537290531582871
8,1506,1514,0.15372843769858469
8,1514,1522,0.1537278618206248
8,1515,1523,0.15372732302508965
8,1511,1519,0.15372681876766164
7,1495,1502,0.15372634664974943
7,1497,1504,0.15372904343933447
8,1499,1507,0.15373157504650853
8,1515,1523,0.15373079777455725
8,1512,1520,0.15373006480161178
8,1499,1507,0.15372937950801963
8,1507,1515,0.1537287397867462
8,1508,1516,0.15372814232415555
8,1514,1522,0.15372758393154282
8,1513,1521,0.15372706170877687
7,1503,1510,0.15372657303615544
7,1499,1506,0.15372923188632304
6,1500,1506,0.15373173112954253
6,1497,1503,0.1537371508763539
6,1505,1511,0.1537422404156393
6,1504,1510,0.15374701554306291
7,1515,1522,0.15375149339651917
7,1514,1521,0.15375259819514447
7,1505,1512,0.15375363858283925
7,1512,1519,0.15375461617120723
7,1510,1517,0.1537555362019118
6,1502,1508,0.15375640235215854
6,1499,1505,0.1537603674903315
6,1508,1514,0.15376409218429288
6,1505,1511,0.1537675832872455
6,1508,1514,0.15377085479374497
6,1507,1513,0.15377392121004052
6,1506,1512,0.15377679615508622
6,1504,1510,0.15377949223389656
6,1504,1510,0.15378202110118888
6,1507,1513,0.1537843935504799
6,1516,1522,0.15378661959757187
6,1512,1518,0.15378870855340687
6,1511,1517,0.15379066908691222
5,1503,1508,0.1537925092794759
4,1522,1526,0.15379751237588268
4,1503,1507,0.15380527650153158
5,1506,1511,0.15381254773654454
5,1513,1518,0.15381622143219523
6,1511,1517,0.15381966724592622
6,1509,1515,0.15381972010803285
6,1499,1505,0.153819769831994
6,1513,1519,0.15381982728824886
6,1529,1535,0.1538198904082847
5,1532,1537,0.15381995686874336
5,1529,1534,0.1538231884393581
5,1528,1533,0.15382622869366697
5,1522,1527,0.15382907601689516
5,1529,1534,0.15383174320545706
5,1524,1529,0.1538342428195155
5,1531,1536,0.15383658632318675
5,1524,1529,0.15383878416815253
5,1515,1520,0.1538408459345599
6,1519,1525,0.15384278044838293
6,1506,1512,0.15384138863042804
6,1505,1511,0.15384008510372663
6,1511,1517,0.15383887347668668
6,1516,1522,0.15383774566014824
6,1525,1531,0.15383669431466013
5,1526,1531,0.15383571310696761
6,1522,1528,0.15383789940981593
5,1518,1523,0.15383684505431344
6,1524,1530,0.15383899809551443
6,1524,1530,0.1538378747123737
6,1520,1526,0.15383682823824155
6,1518,1524,0.15383584729318645
6,1508,1514,0.15383492874201005
6,1504,1510,0.15383406873588626
6,1506,1512,0.15383326339690842
6,1506,1512,0.1538325090506184
5,1506,1511,0.15383180227729457
6,1505,1511,0.15383427593333515
6,1501,1507,0.15383345795161196
6,1508,1514,0.15383268836102823
6,1502,1508,0.15383196652796458
6,1505,1511,0.15383129068499082
6,1507,1513,0.15383065787567077
6,1520,1526,0.15383006516262632
6,1517,1523,0.15382950981158477
6,1507,1513,0.15382898930573108
7,1505,1512,0.15382850132874154
8,1512,1520,0.15382487974289302
7,1508,1515,0.15381831478837193
8,1513,1521,0.1538152614934915
8,1504,1512,0.15380930847407165
8,1496,1504,0.15380373620444937
7,1511,1518,0.1537985150817967
7,1500,1507,0.15379670024637843
7,1504,1511,0.15379499895273738
7,1506,1513,0.15379340153240167
8,1496,1504,0.1537919000355776
8,1512,1520,0.1537873303294968
8,1517,1525,0.1537830429981183
8,1502,1510,0.1537790195000862
9,1508,1517,0.15377524264067424
9,1515,1524,0.153768556636565
9,1513,1522,0.1537622908746488
9,1521,1530,0.15375642723221028
9,1525,1534,0.1537509378721291
9,1511,1520,0.15374579663598056
9,1507,1516,0.15374097965072128
9,1507,1516,0.15373646508211158
7,1498,1505,0.153732232868099
7,1510,1517,0.15373448604659234
7,1506,1513,0.1537366138709734
7,1509,1516,0.15373861300910324
7,1510,1517,0.15374048879201124
8,1501,1509,0.15374224734719352
8,1502,1510,0.15374078238930042
8,1498,1506,0.1537394115950907
8,1507,1515,0.15373812619613023
7,1504,1511,0.15373692126685612
7,1499,1506,0.15373892251201596
7,1509,1516,0.15374079941868057
7,1505,1512,0.1537425539940603
7,1506,1513,0.15374419377587334
7,1515,1522,0.1537457270279131
4,1512,1516,0.15374716145159298
5,1507,1512,0.15375790232191758
5,1497,1502,0.1537648605291135
5,1502,1507,0.1537713888036575
5,1520,1525,0.15377751412886262
5,1523,1528,0.15378326191287445
4,1524,1528,0.15378865549026977
4,1521,1525,0.15379686531391804
4,1527,1531,0.15380458611178707
4,1515,1519,0.15381183946081284
4,1502,1506,0.15381865075192766
4,1512,1516,0.15382504577785536
4,1511,1515,0.15383104971239756
4,1510,1514,0.1538366865609407
4,1510,1514,0.15384197898374996
4,1513,1517,0.15384694827728976
4,1512,1516,0.15385161441780956
4,1503,1507,0.15385599612814857
4,1498,1502,0.15386011095154928
4,1505,1509,0.15386397532560703
4,1510,1514,0.15386760465345906
4,1506,1510,0.15387101337107523
4,1522,1526,0.15387421501030973
4,1519,1523,0.15387722225773584
4,1523,1527,0.15388004700944757
3,1526,1529,0.1538827004220762
3,1532,1535,0.1538883431328245
3,1523,1526,0.1538936610377832
2,1520,1522,0.15389865608423992
2,1510,1512,0.15390656383387522
2,1508,1510,0.1539139951094467
2,1526,1528,0.1539209675042831
3,1520,1523,0.15392751060513848
3,1519,1522,0.1539304156824962
2,1521,1523,0.1539331400082311
2,1520,1522,0.1539389207893376
3,1529,1532,0.15394436429836633
3,1527,1530,0.15394624961758732
3,1519,1522,0.15394801289167181
3,1510,1513,0.15394967396370776
3,1515,1518,0.15395123894002868
3,1521,1524,0.15395271270950606
2,1525,1527,0.15395410002385648
2,1520,1522,0.15395861287355866
2,1521,1523,0.15396286666591122
2,1518,1520,0.15396686480280983
2,1518,1520,0.1539706195340952
3,1525,1528,0.15397414526018383
3,1511,1514,0.15397419687903
3,1505,1508,0.15397424426376857
3,1497,1500,0.15397429765092663
3,1515,1518,0.1539743543059367
3,1511,1514,0.15397441231364312
3,1507,1510,0.15397447044732318
3,1519,1522,0.15397452790311164
3,1520,1523,0.15397458414641843
3,1508,1511,0.15397463882161133
3,1515,1518,0.15397469169599068
3,1517,1520,0.1539747426233926
3,1514,1517,0.15397479151964993
2,1501,1503,0.15397483834554798
1,1505,1506,0.1539781320089614
1,1498,1499,0.15398447512005395
1,1509,1510,0.15399043652849081
1,1505,1506,0.1539960281331265
1,1493,1494,0.1540012745138643
1,1496,1497,0.154006198528245
1,1510,1511,0.15401082109147074
1,1509,1510,0.15401516144952118
1,1515,1516,0.15401923740823695
1,1504,1505,0.15402306550532122
2,1529,1531,0.15402666114264957
2,1519,1521,0.154026776661358
2,1511,1513,0.15402688813062038
2,1503,1505,0.15402700649968978
2,1506,1508,0.15402712666391793
2,1498,1500,0.1540272456826265
2,1515,1517,0.15402736189873267
2,1504,1506,0.15402747436340858
2,1505,1507,0.15402758254109308
2,1510,1512,0.1540276861499847
2,1512,1514,0.15402778507006612
2,1515,1517,0.15402787928710576
2,1509,1511,0.15402796885704068
2,1504,1506,0.1540280538825209
2,1510,1512,0.1540281344970304
2,1524,1526,0.154028210853903
2,1512,1514,0.1540282831185979
2,1516,1518,0.15402835146320118
2,1514,1516,0.15402841606248388
2,1518,1520,0.15402847709106463
2,1523,1525,0.15402853472137235
2,1508,1510,0.15402858912219242
2,1507,1509,0.15402864045764572
2,1506,1508,0.15402868888648844
2,1523,1525,0.15402873456165395
2,1532,1534,0.15402877762997555
1,1515,1516,0.15402881823204567
1,1519,1520,0.15403209145074373
1,1516,1517,0.1540351751977516
1,1530,1531,0.1540380633064335
0,1528,1528,0.1540407705812515
