1367,30,1397,0.1358209646292774
1404,32,1436,0.1329858700744425
1423,37,1460,0.13029666670182313
1431,41,1472,0.1277938438095184
1442,39,1481,0.12549167792831178
1448,37,1485,0.12336575484501523
1447,35,1482,0.12141391478492308
1451,38,1489,0.11963878984720179
1455,38,1493,0.11801164271310814
1443,37,1480,0.11652040037127565
1445,37,1482,0.11519257911370837
1445,40,1485,0.11397845902142821
1474,40,1514,0.11287301145922161
1465,40,1505,0.11179748541648106
1473,39,1512,0.11083988232147023
1474,38,1512,0.10994946400751346
1478,38,1516,0.1091367800247227
1469,37,1506,0.10838783450577089
1466,37,1503,0.10772681757175498
1481,36,1517,0.10713221049648837
1470,36,1506,0.10655708795928596
1473,36,1509,0.10605863717280269
1461,36,1497,0.1055982526117606
1463,37,1500,0.10520619905042043
1461,37,1498,0.10484499919260863
1467,37,1504,0.10452051224213356
1461,37,1498,0.10421189621850444
1461,42,1503,0.10394470829733066
1465,42,1507,0.10370136319010716
1461,41,1502,0.10347114448991857
1473,43,1516,0.10327025319543547
1466,44,1510,0.10306133411949535
1464,46,1510,0.10288594450389742
1458,48,1506,0.102730733745069
1460,48,1508,0.10260235525209271
1445,46,1491,0.10248129934295819
1438,47,1485,0.10240376719062279
1428,46,1474,0.10234873585577788
1430,46,1476,0.1023205667525057
1436,49,1485,0.10229089737499787
1438,52,1490,0.10225120783278095
1451,52,1503,0.10221071532380034
1451,51,1502,0.10214536303559907
1436,53,1489,0.10208610123324152
1438,56,1494,0.10206447468843777
1441,61,1502,0.1020410300702784
1443,62,1505,0.1020126580401071
1434,62,1496,0.10198240398329006
1424,66,1490,0.1019748903470078
1430,66,1496,0.10198955948596099
1415,66,1481,0.10198999463325725
1408,69,1477,0.10202264910796104
1419,69,1488,0.10206805895420164
1425,71,1496,0.1020853472095402
1424,72,1496,0.10208841490606911
1423,70,1493,0.10209341468401831
1433,73,1506,0.10209996635028627
1437,75,1512,0.10208458936960303
1424,71,1495,0.10206188690464107
1430,70,1500,0.10206940367163757
1419,68,1487,0.10206370828858503
1413,69,1482,0.10208235837948301
1405,68,1473,0.10211200820010814
1410,69,1479,0.10215646174859301
1412,67,1479,0.10218655044345441
1413,68,1481,0.10220992686887541
1419,69,1488,0.1022291222170935
1419,68,1487,0.10223370573944855
1423,66,1489,0.10223808974790416
1423,68,1491,0.10223309866759475
1424,68,1492,0.10222871079211132
1421,68,1489,0.10222233921796722
1416,70,1486,0.10222324200085717
1408,69,1477,0.10223506044087693
1406,69,1475,0.10226324296294294
1398,68,1466,0.10229273493865179
1392,69,1461,0.10233719593149526
1396,75,1471,0.10239082191331857
1389,76,1465,0.10243111909449863
1393,77,1470,0.10248314802231796
1401,78,1479,0.1025217914351347
1395,78,1473,0.10254025060493843
1409,77,1486,0.10257028232655617
1420,80,1500,0.10256791995530459
1416,81,1497,0.1025420907185174
1406,82,1488,0.10252728545931351
1412,81,1493,0.10253545788330296
1399,80,1479,0.10252996228997055
1397,80,1477,0.10255301775221287
1398,83,1481,0.10257822898861119
1400,81,1481,0.10259928574550738
1407,77,1484,0.10261401018822207
1403,80,1483,0.10261254275107351
1413,83,1496,0.10262015121229223
1415,87,1502,0.1026050179555915
1422,87,1509,0.1025872336540674
1431,90,1521,0.10255532758965309
1413,84,1497,0.10250695295697952
1398,87,1485,0.10250188269368742
1402,84,1486,0.10252950586241871
1402,86,1488,0.10254590219614727
1403,86,1489,0.10256098308950529
1404,83,1487,0.10257293000436678
1406,84,1490,0.10258149894481228
1416,80,1496,0.10258499958436844
1405,78,1483,0.10256610031803148
1407,79,1486,0.10257278172397441
1406,80,1486,0.10257489512162092
1413,79,1492,0.10257869175783117
1435,83,1518,0.1025667886490171
1435,82,1517,0.10250861238520781
1411,83,1494,0.10245631869140609
1401,84,1485,0.10246089393471144
1410,78,1488,0.102486596311638
1412,82,1494,0.1024908216733662
1410,84,1494,0.10248965812392243
1419,85,1504,0.10249337119805844
1403,84,1487,0.10247716683518249
1413,85,1498,0.10249702376578411
1419,87,1506,0.10249308256285791
1418,87,1505,0.10247665831545996
1403,88,1491,0.10246396951629083
1405,87,1492,0.10248509198854501
1410,85,1495,0.10250006302814726
1412,84,1496,0.10250334611408679
1403,88,1491,0.1025017618786718
1400,92,1492,0.10251971610760176
1395,92,1487,0.10254232980608215
1405,87,1492,0.10257413362820725
1397,90,1487,0.10258132945747914
1406,94,1500,0.10260537219997361
1407,97,1504,0.10260785474504353
1398,98,1496,0.10260766370011495
1402,98,1500,0.10262809881728273
1405,96,1501,0.10263802594167912
1399,94,1493,0.10264040117862443
1404,88,1492,0.10265567208981768
1405,88,1493,0.10265891159438556
1405,90,1495,0.10265959253816824
1417,91,1508,0.10265969471986619
1415,92,1507,0.10263363516287509
1392,93,1485,0.1026141909257921
1401,92,1493,0.10264696436026682
1401,86,1487,0.10265755300427053
1417,89,1506,0.10266714628154137
1404,86,1490,0.10264068549635592
1395,90,1485,0.10264524594391798
1411,92,1503,0.10266878181463843
1407,91,1498,0.1026548391426351
1407,92,1499,0.10265066060368178
1409,90,1499,0.10264683505888822
1413,88,1501,0.10263877788794755
1410,88,1498,0.10262291624513795
1395,90,1485,0.1026152940493457
1391,94,1485,0.10264159612916583
1395,92,1487,0.10267447325411226
1402,91,1493,0.10269571565713033
1405,95,1500,0.10270041509068166
1387,98,1485,0.10269848802966941
1391,99,1490,0.10273522264851027
1399,97,1496,0.10276001192520852
1395,96,1491,0.10276485730955454
1400,97,1497,0.1027784833724867
1391,99,1490,0.10278014616645903
1395,98,1493,0.10280140312976788
1395,101,1496,0.10281119161273015
1394,105,1499,0.10282077955515134
1403,105,1508,0.1028319303543783
1402,105,1507,0.10282316008110438
1413,109,1522,0.10281716707984191
1412,106,1518,0.10278841130631036
1397,104,1501,0.10276463222705307
1397,104,1501,0.10277572761915942
1385,104,1489,0.10278610245013925
1386,104,1490,0.10282180648223901
1400,109,1509,0.10285176352621436
1390,108,1498,0.10284857822886202
1380,107,1487,0.10286762731074596
1386,106,1492,0.10290650324388473
1388,103,1491,0.1029289376004705
1397,102,1499,0.1029437783166642
1411,103,1514,0.10293778038758607
1398,103,1501,0.10290289066507075
1409,107,1516,0.10289934025703952
1396,109,1505,0.10287143848723762
1391,110,1501,0.10287385461694104
1385,114,1499,0.10288677201523373
1376,109,1485,0.1029121656665648
1373,117,1490,0.10295554095227903
1376,117,1493,0.10300190391810628
1380,118,1498,0.10303805325781135
1383,119,1502,0.10306231352432679
1385,119,1504,0.10307873819255818
1386,120,1506,0.10308975254832654
1386,119,1505,0.10309782021545157
1386,118,1504,0.1031047031273554
1374,118,1492,0.1031105600267618
1385,118,1503,0.1031428101487489
1377,120,1497,0.10314767246404813
1382,119,1501,0.10317004770633961
1373,119,1492,0.10317977040511853
1369,119,1488,0.10320883533340526
1368,121,1489,0.10324386496242088
1379,122,1501,0.10327746830612342
1373,123,1496,0.1032848675314216
1359,123,1482,0.10330432930837312
1355,122,1477,0.10335345555141323
1370,124,1494,0.10340697588276615
1374,125,1499,0.10342314887663198
1372,123,1495,0.10342938634124584
1375,127,1502,0.1034395895359668
1367,119,1486,0.10344297645627108
1379,120,1499,0.10346286459900662
1372,119,1491,0.10345492191115775
1372,120,1492,0.103463251666307
1372,120,1492,0.10347024568207615
1372,122,1494,0.10347602605156463
1373,124,1497,0.10348146893196024
1369,123,1492,0.10348532823905203
1359,120,1479,0.1034973066958556
1369,119,1488,0.10352983423766733
1370,121,1491,0.1035383027608288
1374,120,1494,0.1035432383596927
1377,120,1497,0.10353974662517114
1371,122,1493,0.1035306751468848
1370,119,1489,0.10353557431635135
1367,121,1488,0.10354256073763991
1377,124,1501,0.10355483254986371
1368,124,1492,0.10354438656193451
1374,121,1495,0.10355376372050895
1380,120,1500,0.10354886799424197
1362,121,1483,0.1035316798456283
1363,124,1487,0.10355572127207989
1368,121,1489,0.10357520570246677
1381,119,1500,0.1035823641005166
1378,119,1497,0.10356023793823291
1373,117,1490,0.10354766601835282
1373,122,1495,0.10354621759236504
1367,121,1488,0.10354532160029248
1359,117,1476,0.10355795707803982
1355,117,1472,0.10358615591509919
1360,120,1480,0.10362012154534267
1351,120,1471,0.10364001656192517
1356,126,1482,0.10367777359091537
1344,125,1469,0.10370121399297937
1359,122,1481,0.10374859635014275
1365,125,1490,0.10375879489230971
1370,120,1490,0.10375562688291817
1373,120,1493,0.10374081521417645
1376,122,1498,0.10372101839316067
1382,120,1502,0.10369593593926801
1367,121,1488,0.10366009786135595
1359,120,1479,0.10365946016734626
1365,125,1490,0.1036767573244149
1357,125,1482,0.10368044110564537
1353,125,1478,0.10370176760342463
1352,134,1486,0.1037307662325431
1348,134,1482,0.10376042721832152
1357,138,1495,0.10379595532133509
1353,136,1489,0.1038084959349526
1366,133,1499,0.10382811347924153
1372,132,1504,0.10381801795954551
1380,132,1512,0.1037961482990962
1371,133,1504,0.1037587133185124
1374,133,1507,0.103744712188661
1370,128,1498,0.10372515995631255
1366,134,1500,0.10371588741484905
1360,134,1494,0.10371682960104636
1359,131,1490,0.1037310413947393
1358,131,1489,0.10374623282000994
1373,130,1503,0.1037627572425024
1367,130,1497,0.10374455651056572
1358,128,1486,0.10374184103683955
1349,131,1480,0.10375861087791623
1358,129,1487,0.1037944209836665
1368,128,1496,0.1038080821131776
1362,126,1488,0.10379816710763543
1374,128,1502,0.10380301396268089
1368,132,1500,0.10378178325763507
1371,133,1504,0.10377574223142848
1342,134,1476,0.10376343013924029
1352,134,1486,0.1038155018558664
1364,130,1494,0.10384158023777172
1360,131,1491,0.10383980854130531
1366,137,1503,0.10384678182788885
1365,140,1505,0.10384106650528552
1352,144,1496,0.1038382546830668
1349,143,1492,0.1038654941298798
1363,148,1511,0.10389652199520123
1360,151,1511,0.10389450268249593
1362,147,1509,0.10389887855993322
1364,145,1509,0.10389867304498995
1351,146,1497,0.103894272395547
1329,146,1475,0.10391878597518098
1342,149,1491,0.1039895451989542
1337,150,1487,0.10402591001803303
1338,151,1489,0.10407003917877077
1334,148,1482,0.10410888316717695
1337,150,1487,0.1041533788616346
1346,150,1496,0.10418789530190466
1343,150,1493,0.10420079462984848
1346,148,1494,0.10421861484538081
1351,149,1500,0.10422904224861591
1350,148,1498,0.10422665105875631
1344,148,1492,0.10422700196866774
1344,144,1488,0.10424022702742183
1336,146,1482,0.10425160855281444
1343,147,1490,0.10427966450843577
1348,147,1495,0.10429126611187126
1350,147,1497,0.1042913776587445
1349,148,1497,0.10428695124705417
1354,147,1501,0.10428528568737985
1351,147,1498,0.10427258367588664
1358,146,1504,0.10426765697654262
1360,146,1506,0.1042479367233982
1349,145,1494,0.10422710175989032
1354,147,1501,0.10423238244016744
1358,148,1506,0.1042256487492256
1374,148,1522,0.1042095461230178
1358,145,1503,0.10415896972773712
1371,144,1515,0.1041483541967878
1359,147,1506,0.10411037074510635
1364,145,1509,0.10410172617216912
1355,138,1493,0.10408327365872527
1342,137,1479,0.10408582246745272
1341,134,1475,0.1041160783850707
1344,135,1479,0.10414517525813263
1342,136,1478,0.10416481356703823
1352,139,1491,0.10418706631810626
1366,139,1505,0.10418613183365168
1358,140,1498,0.10415489368496468
1353,140,1493,0.10414524918668144
1353,145,1498,0.10414709944372692
1338,147,1485,0.10414916962355225
1343,149,1492,0.10418446427491049
1354,151,1505,0.10420681805030371
1369,145,1514,0.10420307803447941
1366,150,1516,0.10416630739163922
1357,146,1503,0.10413957635214953
1353,149,1502,0.10413479469276879
1353,155,1508,0.1041402980937944
1339,158,1497,0.10414530277200384
1349,161,1510,0.10418092673288423
1353,159,1512,0.10419136910511936
1344,160,1504,0.1041942473936341
1340,160,1500,0.10421737370782619
1337,161,1498,0.10424845302054277
1342,166,1508,0.10428306568590856
1320,167,1487,0.10430409804901238
1314,167,1481,0.10437119026321011
1315,170,1485,0.10444546281421509
1320,170,1490,0.10451188918072703
1314,168,1482,0.10456185344703255
1333,171,1504,0.1046205630176248
1326,174,1500,0.10463258343218752
1318,174,1492,0.10466019035805445
1324,174,1498,0.10470300400965375
1323,171,1494,0.10473001771719721
1330,169,1499,0.10475657735705768
1335,166,1501,0.10476546933535438
1325,169,1494,0.10476231879860436
1337,175,1512,0.10478178705756098
1325,179,1504,0.10477321174384854
1319,179,1498,0.10479206461089846
1338,183,1521,0.10482241224420548
1314,184,1498,0.10480842256168418
1318,189,1507,0.10484821584787735
1325,188,1513,0.10487721156437177
1324,186,1510,0.10488859931306588
1315,184,1499,0.10490124322692665
1317,190,1507,0.10493231407574903
1321,187,1508,0.10495787307936436
1317,192,1509,0.10497382830084455
1320,190,1510,0.10499664208658958
1308,189,1497,0.10501096728364687
1306,189,1495,0.10505068533255522
1304,190,1494,0.10509171099132977
1291,195,1486,0.10513366005233965
1302,192,1494,0.10520109236877659
1292,193,1485,0.10523931412494526
1295,193,1488,0.1052960789344803
1287,197,1484,0.10534023967520442
1289,196,1485,0.10539822072509464
1295,196,1491,0.10544730757735828
1295,195,1490,0.10547900103257689
1299,196,1495,0.10550794488903584
1292,200,1492,0.10552570249163772
1299,203,1502,0.1055582366903085
1286,208,1494,0.10557308125264249
1280,212,1492,0.10561546208337688
1284,211,1495,0.1056677648062799
1274,214,1488,0.10570752290439885
1275,210,1485,0.1057661845664251
1278,212,1490,0.10581733995089543
1290,212,1502,0.10585684024962852
1305,214,1519,0.1058668693592525
1303,213,1516,0.10584401241184319
1300,213,1513,0.10582823325080021
1292,213,1505,0.10581961401323081
1288,217,1505,0.10582782448530051
1287,216,1503,0.10584496728087014
1277,219,1496,0.10586325019733384
1289,222,1511,0.10590154780317938
1287,216,1503,0.1059098275710459
1280,219,1499,0.10592253856032981
1272,217,1489,0.10594876835401511
1280,214,1494,0.10599080656027154
1287,217,1504,0.10601057096105627
1292,213,1505,0.10601318419146764
1292,210,1502,0.10600455453562876
1286,211,1497,0.10599657234696414
1287,213,1500,0.10600368597455567
1286,211,1497,0.10600659873240406
1285,217,1502,0.10601155659638603
1291,217,1508,0.10601794276581636
1296,218,1514,0.10601095385518004
1292,217,1509,0.10599340929469075
1279,217,1496,0.10598556844199208
1289,214,1503,0.10600783752631206
1279,217,1496,0.10600622550954779
1278,219,1497,0.106027153715144
1271,217,1488,0.10604798396375664
1272,210,1482,0.10608263151708672
1285,210,1495,0.10611207969997942
1286,209,1495,0.10611020736037019
1279,212,1491,0.10610550450987805
1275,214,1489,0.10611743377412716
1268,216,1484,0.10613741217831636
1271,218,1489,0.10617061180620435
1268,217,1485,0.10619460787473553
1270,221,1491,0.1062241547945823
1276,218,1494,0.1062457136655495
1284,220,1504,0.10625308833375684
1281,220,1501,0.10624178514281864
1288,223,1511,0.10623923852845919
1288,223,1511,0.10622103683658805
1286,221,1507,0.10620458723316667
1275,222,1497,0.10619432991823513
1278,225,1503,0.10620889748925627
1279,231,1510,0.10621525618733106
1259,236,1495,0.10621908357991551
1258,235,1493,0.10626777288907079
1252,232,1484,0.10631452405480289
1255,234,1489,0.10637120519379385
1255,235,1490,0.10641721925528934
1252,236,1488,0.10645866768789468
1269,237,1506,0.1065033759140116
1263,239,1502,0.10650666495861472
1268,245,1513,0.10652245263940519
1272,249,1521,0.10652648072824497
1264,249,1513,0.10652065304046385
1265,252,1517,0.10653331461371555
1253,251,1504,0.10654369312340045
1241,254,1495,0.10658060012709758
1247,253,1500,0.10664156312901231
1235,254,1489,0.10668505532970726
1246,251,1497,0.10675099423231092
1245,253,1498,0.1067879537621737
1235,253,1488,0.10682312689793118
1238,252,1490,0.10687766187804254
1239,253,1492,0.10692116356919669
1241,258,1499,0.1069602384534745
1234,261,1495,0.1069908101484251
1221,264,1485,0.10703477652030034
1204,265,1469,0.10710461781379443
1224,263,1487,0.10720644926495354
1234,262,1496,0.10725560128938287
1240,266,1506,0.10727778363232769
1247,267,1514,0.10728461439800356
1247,266,1513,0.10727423662810295
1250,271,1521,0.10726573376449551
1245,274,1519,0.10725143063912998
1241,270,1511,0.10724961257516849
1238,268,1506,0.10725672654440911
1221,268,1489,0.10726961363539632
1220,277,1497,0.10731938023088777
1228,276,1504,0.10736735501351412
1221,276,1497,0.1073931324075939
1230,276,1506,0.10743171695707865
1223,277,1500,0.10744763683501307
1231,271,1502,0.10747776981327035
1216,272,1488,0.10748712361548701
1223,269,1492,0.10752925075444286
1215,274,1489,0.10755276225156321
1220,279,1499,0.10759101114099721
1230,277,1507,0.10761398625115753
1228,277,1505,0.10761245706459568
1219,278,1497,0.10761542998980947
1226,281,1507,0.10763880594536905
1222,276,1498,0.1076449001501762
1218,272,1490,0.1076606994260198
1206,272,1478,0.1076816185310086
1218,277,1495,0.10772745799595086
1222,273,1495,0.10774234997522818
1223,275,1498,0.10774799799673167
1222,281,1503,0.10775119599744556
1224,287,1511,0.10775723190319778
1221,287,1508,0.10775863494028727
1211,282,1493,0.10776834778817357
1221,283,1504,0.10779882939144002
1213,284,1497,0.10780397776767467
1196,286,1482,0.10782747976500115
1201,275,1476,0.10788691142808059
1200,273,1473,0.10792956503646665
1197,279,1476,0.10797174979935172
1202,281,1483,0.10801673652561902
1212,285,1497,0.1080463912410406
1216,286,1502,0.10805151361523968
1223,287,1510,0.10804653855542629
1217,289,1506,0.10802647342734589
1217,291,1508,0.1080222428211015
1209,294,1503,0.10801809558812535
1208,294,1502,0.10803335739424565
1213,301,1514,0.10804997157503428
1204,303,1507,0.10805439874901607
1192,301,1493,0.10807996656249122
1202,298,1500,0.10813045117465986
1183,302,1485,0.10815444286718286
1189,302,1491,0.10821987688802281
1193,306,1499,0.10826668108713416
1183,309,1492,0.10830020000546103
1186,314,1500,0.1083539168497727
1201,313,1514,0.10839754994642935
1197,317,1514,0.10840387136848413
1177,311,1488,0.10841942727419608
1174,310,1484,0.10847984753137777
1185,318,1503,0.10854428685701942
1193,311,1504,0.10857839751083442
1197,311,1508,0.10858987156994082
1201,316,1517,0.10859129196568439
1187,320,1507,0.10858295908134273
1191,318,1509,0.10860811202497622
1188,319,1507,0.10862131433486798
1192,321,1513,0.10864026595626815
1176,321,1497,0.10864850810047162
1186,316,1502,0.10869152025133953
1203,314,1517,0.10870889194336593
1190,315,1505,0.10868552049322418
1179,319,1498,0.1086923833776846
1182,313,1495,0.10872377803552258
1183,315,1498,0.10874615346068069
1185,319,1504,0.1087643895450459
1184,320,1504,0.10877725723114995
1191,323,1514,0.10879166864816252
1190,323,1513,0.1087883017791727
1185,324,1509,0.10878725720008851
1181,319,1500,0.1087982635783517
1176,321,1497,0.10881824565441633
1178,321,1499,0.10884676161125796
1177,321,1498,0.10886782838048241
1187,324,1511,0.10888984089182845
1184,326,1510,0.10888827308790465
1199,333,1532,0.1088947298728888
1184,332,1516,0.10886697001613482
1172,331,1503,0.10887569486188539
1172,337,1509,0.10891152162269872
1160,340,1500,0.10894438083124047
1170,341,1511,0.10900110496456644
1153,342,1495,0.10903157236126125
1152,341,1493,0.10909804840964131
1141,346,1487,0.10916198837038504
1136,346,1482,0.10924640783556289
1143,345,1488,0.10933634337340285
1128,352,1480,0.10940352571641589
1143,354,1497,0.1095000036955542
1144,346,1490,0.10955532385928608
1139,349,1488,0.10960315582930363
1146,355,1501,0.10965942266922259
1154,347,1501,0.10969544341569853
1151,341,1492,0.1097106660242546
1162,340,1502,0.1097312640213371
1152,342,1494,0.10972480604557998
1150,341,1491,0.10974210366593634
1148,349,1497,0.10976153943054459
1143,356,1499,0.10978327873217021
1145,353,1498,0.10981551476218662
1155,347,1502,0.10984161881109288
1146,350,1496,0.10984197680432108
1153,343,1496,0.10986332859119771
1158,345,1503,0.1098660190440976
1153,353,1506,0.10985588593969499
1160,355,1515,0.10985870071609125
1150,351,1501,0.10984612162048396
1157,351,1508,0.10985803956142093
1153,348,1501,0.10985456690010661
1155,352,1507,0.10986149667182875
1160,347,1507,0.10986324414216389
1158,356,1514,0.1098531379904874
1143,359,1502,0.10984717579755397
1159,361,1520,0.10987725464474832
1146,364,1510,0.10986895694658505
1149,363,1512,0.1098915869310451
1153,364,1517,0.10990567529204144
1138,369,1507,0.10990885726246524
1129,373,1502,0.10994623064595352
1127,381,1508,0.11000191698339258
1128,379,1507,0.11005816056697494
1122,375,1497,0.11010658697556146
1118,372,1490,0.11016444598448519
1135,373,1508,0.11022730314901491
1146,374,1520,0.11024627303458817
1131,378,1509,0.11023907120830537
1135,381,1516,0.11026690930876365
1141,379,1520,0.11028463960659252
1138,378,1516,0.11028784367087166
1124,380,1504,0.11029827418181157
1128,383,1511,0.11033982805205744
1125,382,1507,0.1103689490375134
1133,378,1511,0.11040277966176912
1127,383,1510,0.11041524128299945
1109,390,1499,0.11044202336230784
1116,396,1512,0.11051009379689662
1111,388,1499,0.11055635827714864
1095,387,1482,0.11061110105670398
1095,390,1485,0.11069658404941024
1084,399,1483,0.11077379741423844
1091,407,1498,0.11086967121003631
1095,407,1502,0.11094284048719849
1079,412,1491,0.11100080885621388
1078,422,1500,0.11109111764032913
1078,420,1498,0.11117598110824614
1076,423,1499,0.11125526133370361
1080,421,1501,0.11133378764785665
1076,428,1504,0.11139746526702514
1079,429,1508,0.11146761807863957
1073,431,1504,0.11152583943336705
1073,430,1503,0.11159183782333074
1066,434,1500,0.11165301742735088
1061,435,1496,0.11172543571760736
1073,435,1508,0.11180577505129374
1076,432,1508,0.11185128982376562
1064,428,1492,0.11188740784544687
1058,436,1494,0.11194727131619171
1059,438,1497,0.11201681215653302
1056,438,1494,0.11207931704624546
1057,443,1500,0.11214191669730886
1062,436,1498,0.11219642278975045
1059,436,1495,0.1122347986389009
1057,433,1490,0.11227718616229872
1046,433,1479,0.11232005024433374
1053,440,1493,0.1123842339864302
1061,439,1500,0.1124274980530656
1057,437,1494,0.11244885824869613
1070,442,1512,0.11247716300413961
1079,443,1522,0.11247530663791781
1063,437,1500,0.11245344927018355
1066,440,1506,0.11247116892685462
1072,445,1517,0.112480594973926
1074,443,1517,0.11247564933342755
1073,441,1514,0.11246541592636676
1066,444,1510,0.11245796333625499
1060,446,1506,0.11246910446435238
1049,443,1492,0.11249268837991788
1046,446,1492,0.11254124073534602
1057,448,1505,0.11259353633995609
1057,450,1507,0.11261691988154464
1059,455,1514,0.11263757853610656
1047,454,1501,0.11265131305166891
1046,454,1500,0.11269328455859692
1051,453,1504,0.1127336616378491
1060,458,1518,0.11275922233998319
1054,452,1506,0.11276276965635706
1054,456,1510,0.11278077137555446
1050,452,1502,0.11279726591360045
1045,456,1501,0.11282223634122271
1050,456,1506,0.1128574623511717
1051,456,1507,0.11287853968812098
1040,456,1496,0.1128967901589514
1039,457,1496,0.11293897123750661
1039,455,1494,0.11298050135410861
1039,455,1494,0.11301629647224284
1047,452,1499,0.11304917230724029
1040,455,1495,0.11305896913258079
1042,457,1499,0.11308492357148166
1041,460,1501,0.11310415341969747
1039,460,1499,0.11312536590098272
1039,463,1502,0.11314983462674856
1043,459,1502,0.11317143381275105
1036,461,1497,0.11318229657547059
1021,462,1483,0.11320867355284811
1025,469,1494,0.11326746001625349
1026,469,1495,0.11331331501195596
1032,469,1501,0.11335408714032962
1041,475,1516,0.11337832335085558
1040,478,1518,0.11338018674842587
1034,477,1511,0.1133842774144981
1030,479,1509,0.11340334169025773
1022,479,1501,0.11343087868601119
1012,474,1486,0.11347636940713673
1009,489,1498,0.1135428123585627
1004,485,1489,0.11361016655015434
1003,488,1491,0.11368555491260562
1014,491,1505,0.11375714739637349
1013,484,1497,0.11379900513614832
1004,483,1487,0.11383922349309351
1008,495,1503,0.11389833653549644
1010,490,1500,0.11394477941384898
1016,495,1511,0.11398206262854202
1019,493,1512,0.11400333253665358
1015,498,1513,0.11401668708078865
1006,499,1505,0.11403858028593125
999,503,1502,0.11407969988120399
998,507,1505,0.11413433056166404
992,512,1504,0.11418701033456476
990,514,1504,0.11424987291495409
988,515,1503,0.114311678659834
1001,511,1512,0.11437243375061958
997,515,1512,0.11439949272411695
989,519,1508,0.11443380301826707
980,522,1502,0.11448460689629664
989,534,1523,0.11455211263651283
980,531,1511,0.114594999635171
969,530,1499,0.1146553684289034
972,529,1501,0.11473605884418188
972,522,1494,0.11480271615935657
973,531,1504,0.11486421107745326
984,532,1516,0.11491841909708128
970,534,1504,0.11494348944541255
974,538,1512,0.11499842901563877
976,527,1503,0.1150396382032835
973,532,1505,0.11507354976121169
955,533,1488,0.11511217690429422
965,535,1500,0.11519164650120242
957,533,1490,0.11524066854365798
957,539,1496,0.11530435783549009
966,541,1507,0.1153628841624625
969,547,1516,0.1153942137598689
953,541,1494,0.11541619270594702
953,539,1492,0.11547525391567552
958,542,1500,0.11552994928156242
952,547,1499,0.11556926861382204
935,548,1483,0.11561776406964056
933,551,1484,0.11570233481922461
930,552,1482,0.11578460222702242
939,546,1485,0.11586825309968544
957,547,1504,0.11592449671899673
956,552,1508,0.11593271063406149
954,548,1502,0.11594487683295181
957,554,1511,0.11596136845147079
952,551,1503,0.11596965841263454
949,557,1506,0.11598821598407529
946,559,1505,0.11601168154287295
950,568,1518,0.11604225384206082
946,573,1519,0.11606295906247333
955,577,1532,0.11609118004798971
948,566,1514,0.1160969581515473
943,561,1504,0.11612017321296786
945,567,1512,0.11615410787628289
935,558,1493,0.11618200528400795
941,567,1508,0.11623205268838024
940,569,1509,0.11626321721310147
932,571,1503,0.11629337707711981
931,565,1496,0.11633982052632487
933,560,1493,0.11638442495239858
936,559,1495,0.11642074019086766
947,558,1505,0.11644598715949343
938,563,1501,0.11644440047255873
938,561,1499,0.11646317900185914
932,557,1489,0.11648032701005465
922,552,1474,0.11651225181958147
917,568,1485,0.11656417582372455
922,575,1497,0.11662479757290885
924,570,1494,0.11666768518738033
909,579,1488,0.1167048263911794
897,588,1485,0.11677576639620411
909,597,1506,0.11687017396634754
910,592,1502,0.11692783656607225
909,598,1507,0.11697926212384982
914,595,1509,0.11702953810117281
913,598,1511,0.11706521461018933
909,596,1505,0.11710060243106055
897,595,1492,0.11714202210002914
894,599,1493,0.11720938673950894
909,600,1509,0.11727936342688938
901,603,1504,0.1173095384069468
908,602,1510,0.1173575111655052
904,608,1512,0.11738415830591287
893,615,1508,0.11741801403384301
888,608,1496,0.1174763706587028
879,598,1477,0.11754252474222654
888,606,1494,0.1176250756498866
890,607,1497,0.11767995870574627
888,608,1496,0.1177256197590306
893,617,1510,0.11777358063953601
896,615,1511,0.11780421714256231
888,618,1506,0.11782551675918615
888,612,1500,0.11786483530054886
880,612,1492,0.11790057002556939
890,613,1503,0.11795237258283915
888,619,1507,0.11797642106823951
891,617,1508,0.118003072123456
886,617,1503,0.11802026548647088
881,621,1502,0.11804816638344731
887,612,1499,0.11808440062158873
886,615,1501,0.11810259212481729
887,619,1506,0.1181228916895953
897,623,1520,0.11814009023829299
889,630,1519,0.11813201774514465
883,631,1514,0.11814459181262713
887,625,1512,0.11817022655883427
884,625,1509,0.11818480554215867
890,622,1512,0.11820412897972307
895,621,1516,0.11820766579132423
887,614,1501,0.11820047737124191
903,621,1524,0.11821142965228632
905,607,1512,0.11818206041045226
909,609,1518,0.11814971959566076
899,608,1507,0.11811035752080361
893,604,1497,0.11809732085060994
895,612,1507,0.11810058231052764
902,613,1515,0.11809857736646395
907,612,1519,0.11808019905879932
903,610,1513,0.11805176634369563
901,617,1518,0.11803478759815707
892,621,1513,0.1180231381234351
887,620,1507,0.1180345220459383
889,614,1503,0.11805594333622338
897,618,1515,0.11807069638704165
877,615,1492,0.11806562614343884
892,619,1511,0.11810840826569054
883,618,1501,0.11811293670987383
884,621,1505,0.11813813616421343
875,615,1490,0.11815932517301193
874,611,1485,0.11820059908213335
879,606,1485,0.11824257906718756
876,604,1480,0.11826947944049422
870,608,1478,0.11830154484470874
882,613,1495,0.11834536117660953
882,613,1495,0.11835624625008176
883,623,1506,0.11836671744168316
876,627,1503,0.11837367313408004
878,626,1504,0.11839718097514723
869,639,1508,0.1184145108852109
872,638,1510,0.1184538206497694
867,643,1510,0.11848259292178924
862,639,1501,0.11852352021213884
856,636,1492,0.11857372835137184
851,640,1491,0.11863286400117452
844,647,1491,0.11869829846209408
854,635,1489,0.11877617319835528
853,643,1496,0.118824180527697
855,644,1499,0.11887178304192496
851,649,1500,0.11891077941174882
847,635,1482,0.11895758402683242
846,641,1487,0.11901111955211999
851,648,1499,0.11906106875278802
857,650,1507,0.11909496878446561
857,652,1509,0.11911089909075091
854,642,1496,0.11912555392764757
856,639,1495,0.11914571262537231
860,652,1512,0.11916004762749428
858,649,1507,0.11916315141565632
862,644,1506,0.11917096899265125
869,636,1505,0.1191701447042107
871,625,1496,0.11915092777777066
867,635,1502,0.11912802992927045
860,633,1493,0.11911521002729593
864,626,1490,0.11912080203955519
868,634,1502,0.11911715905415664
871,634,1505,0.1191042976542781
865,637,1502,0.11908759761944296
868,641,1509,0.11908666979167794
855,642,1497,0.11907702963731381
860,632,1492,0.11909831858695416
858,632,1490,0.11910441381745486
850,645,1495,0.11911787102589205
842,655,1497,0.11914825509990946
849,655,1504,0.11919661590354717
859,654,1513,0.1192225017579936
865,649,1514,0.11922294574384801
858,653,1511,0.11920809859805898
850,661,1511,0.11921072519770647
857,653,1510,0.11923315264285375
863,659,1522,0.1192377893467004
852,666,1518,0.11922886172950538
841,665,1506,0.11924717564378653
836,664,1500,0.11929173288764922
838,669,1507,0.11934539590315914
839,666,1505,0.11939007344081894
832,668,1500,0.11942977829976317
825,669,1494,0.11948273081530043
830,669,1499,0.11954570687312746
825,670,1495,0.11959291733278021
827,677,1504,0.11965044482974709
818,681,1499,0.11969935359079945
822,681,1503,0.11976733999813519
825,680,1505,0.1198203761412546
813,686,1499,0.11986456510722558
808,681,1489,0.11993435013322877
817,665,1482,0.12001073156481595
813,668,1481,0.12006021026775095
825,666,1491,0.12011571875924362
825,668,1493,0.12013957742827637
825,680,1505,0.12016329336536608
831,665,1496,0.12018567095697284
826,675,1501,0.1201918411212052
820,690,1510,0.12021073727380795
811,695,1506,0.12024325188219205
811,693,1504,0.12029740245603965
815,687,1502,0.12034915604338454
817,687,1504,0.12038655049073288
818,683,1501,0.12041495988102856
814,682,1496,0.12043901376071003
821,683,1504,0.12047195446952326
814,693,1507,0.12048487864509574
809,698,1507,0.12051497581823142
809,698,1507,0.1205540490455271
815,697,1512,0.12059143102188598
810,696,1506,0.12061053008391368
815,697,1512,0.12064098885995797
820,695,1515,0.12065712888915843
811,703,1514,0.12066173090571544
807,702,1509,0.12068887486568582
807,704,1511,0.12072361330386062
810,701,1511,0.12075570448067252
803,709,1512,0.12077834622411747
793,718,1511,0.12081623052072071
792,714,1506,0.12087550490697406
782,715,1497,0.12093308801867877
784,703,1487,0.12101069971298456
787,699,1486,0.12107899371403814
789,702,1491,0.1211366430946452
788,693,1481,0.12118617033290813
786,705,1491,0.12123537707362403
787,715,1502,0.12128583867859317
792,720,1512,0.12132969220808253
790,730,1520,0.1213584982583987
781,727,1508,0.1213920051606505
770,723,1493,0.12144595687229277
770,720,1490,0.12152262815310574
773,723,1496,0.12159237600968176
772,726,1498,0.12164867364591664
781,734,1515,0.12170334450395213
786,732,1518,0.12173324179317245
783,729,1512,0.1217462289015599
784,726,1510,0.12176761373622991
782,725,1507,0.12178498517681588
781,728,1509,0.12180644767018173
790,729,1519,0.1218293275644217
791,716,1507,0.12182916353563723
794,717,1511,0.12182615943356877
791,724,1515,0.12181659156541087
772,725,1497,0.12181627068373398
769,728,1497,0.12186094758209169
773,732,1505,0.12191065526987703
772,739,1511,0.12194574465388847
767,737,1504,0.12198311971169411
769,733,1502,0.12202974553790451
767,732,1499,0.12206709843778395
773,726,1499,0.1221086566757111
769,731,1500,0.12213050453226287
769,736,1505,0.12215861403355692
773,732,1505,0.12218312697702352
773,736,1509,0.12219586489043585
768,736,1504,0.1222070499605411
779,728,1507,0.12222962368197227
776,720,1496,0.12222494107215752
770,729,1499,0.12222783172229285
781,729,1510,0.12224565772713411
766,735,1501,0.12223598744612957
754,726,1480,0.12226282666398194
753,730,1483,0.12231568891911854
761,739,1500,0.12236670551982705
767,732,1499,0.12239320451652289
774,745,1519,0.12240329788057659
764,744,1508,0.12239537407016093
763,750,1513,0.12241230787674617
766,752,1518,0.12243196573512918
773,746,1519,0.122443883309382
759,745,1504,0.12243765186251786
762,743,1505,0.12246589661927394
764,743,1507,0.12248363250222656
757,750,1507,0.12249682550612735
757,750,1507,0.12252624850624877
770,743,1513,0.12255108709309226
763,738,1501,0.12254128975009643
763,734,1497,0.12254991089416403
759,743,1502,0.12256035983209505
767,751,1518,0.12257831073639094
769,746,1515,0.1225763654208229
761,752,1513,0.12257157196163401
759,756,1515,0.12258868394376127
758,765,1523,0.1226100864654632
763,767,1530,0.12263266112292769
754,769,1523,0.12264335065513939
735,771,1506,0.12267641377494914
732,762,1494,0.12275370616653777
746,763,1509,0.12283226485256288
742,766,1508,0.12286954097930325
738,769,1507,0.12291320529402118
742,766,1508,0.122962979285621
731,774,1505,0.12300037549315296
740,771,1511,0.12306273840054054
743,768,1511,0.123099312604735
734,772,1506,0.12312694752582937
735,777,1512,0.12317423580322565
736,784,1520,0.12321386695294927
731,786,1517,0.12324834966795054
733,780,1513,0.12329348396263205
733,782,1515,0.12333067381621941
731,780,1511,0.12336427552052498
725,780,1505,0.12339822291068903
734,776,1510,0.123445388414826
727,774,1501,0.12346792830173581
726,774,1500,0.12350542195215422
724,782,1506,0.12354111765695851
722,793,1515,0.12357867043532082
726,798,1524,0.12361872484639953
725,785,1510,0.1236481944115282
721,783,1504,0.12367996552668924
721,795,1516,0.12371987552675325
719,798,1517,0.12375705071025563
717,798,1515,0.12379697526524648
708,788,1496,0.12383812604261284
717,782,1499,0.12389709153246173
714,792,1506,0.12393283772217903
710,788,1498,0.12397359257264337
712,781,1493,0.1240212605230342
721,787,1508,0.12406086079849882
712,783,1495,0.12407485936525933
711,780,1491,0.12410932992489547
708,782,1490,0.12414491762902781
707,791,1498,0.12418644445221638
707,801,1508,0.1242287854420445
703,802,1505,0.12426846011027701
695,805,1500,0.12431537021726878
697,793,1490,0.12437956477840545
696,802,1498,0.12443219970317627
698,809,1507,0.12448359302973447
689,798,1487,0.12452416858094399
702,792,1494,0.12458469690176635
703,803,1506,0.12460895824871931
704,800,1504,0.12462750054213412
710,815,1525,0.12464337742023542
709,804,1513,0.12464279439294718
697,793,1490,0.12464416783644103
703,795,1498,0.1246768923139474
700,801,1501,0.12469315226603776
698,802,1500,0.12471549092509214
705,804,1509,0.12474243374553726
696,809,1505,0.12475035519066914
697,804,1501,0.12478018860709124
698,793,1491,0.12480521376350928
689,802,1491,0.12482344163797865
691,800,1491,0.12486437801350454
686,817,1503,0.1248951589652909
692,822,1514,0.12493813784241904
693,816,1509,0.12496161253420539
691,814,1505,0.12497984129953263
681,812,1493,0.1250027492414738
686,814,1500,0.12504834232354267
685,822,1507,0.1250789954814556
686,816,1502,0.12511094694940975
687,816,1503,0.12513890073511783
691,815,1506,0.12516128501346432
688,815,1503,0.12517185351112892
694,824,1518,0.12519019151142716
688,832,1520,0.1251935128109042
686,830,1516,0.12521233357456102
689,823,1512,0.1252349766064726
680,830,1510,0.1252479694585223
680,816,1496,0.1252811178416928
668,820,1488,0.12531210275197874
679,831,1510,0.12537247797067216
685,827,1512,0.12539989140320643
687,830,1517,0.12541088701634048
685,834,1519,0.12541537402257394
686,838,1524,0.12542522367527772
684,838,1522,0.12543179794152048
683,828,1511,0.125442483600122
683,828,1511,0.12545612620988045
678,838,1516,0.12546754877483376
669,830,1499,0.12548979724613582
666,833,1499,0.12553220582655958
665,841,1506,0.12558008398327625
663,832,1495,0.12562721642619734
666,832,1498,0.12567594800429352
667,827,1494,0.1257161947502082
668,832,1500,0.1257505816368451
668,830,1498,0.12578050631543383
659,836,1495,0.12580871710445699
662,841,1503,0.1258570498452562
657,848,1505,0.12589386781704462
661,843,1504,0.12594142474106026
667,845,1512,0.12597404457969916
664,844,1508,0.12598931629569177
662,841,1503,0.1260102503956346
661,829,1490,0.12603472841889796
672,839,1511,0.12605926624637295
671,829,1500,0.1260543909878045
666,824,1490,0.12605440193451994
667,820,1487,0.1260663589225435
659,827,1486,0.12607581782425895
649,840,1489,0.12610245790566277
644,836,1480,0.1261516510404159
654,834,1488,0.12620896020940733
656,849,1505,0.1262373231154454
658,844,1502,0.12625965270008457
650,848,1498,0.12627617978282069
647,857,1504,0.12631055369650607
658,857,1515,0.12634991478654098
659,862,1521,0.12635935448625527
648,860,1508,0.12636617626327798
646,861,1507,0.12640127076278054
648,866,1514,0.12643953677602046
647,867,1514,0.12646968743734152
647,855,1502,0.12650236812365773
649,860,1509,0.12653256012667913
642,862,1504,0.12655514938148502
635,870,1505,0.1265940330081383
637,859,1496,0.12665053505405888
639,863,1502,0.12669745191344833
638,866,1504,0.12673519075173242
632,859,1491,0.12677365442281516
629,861,1490,0.12682456771205397
627,874,1501,0.12688063041563788
628,884,1512,0.12693668638181144
622,887,1509,0.12698684827496354
630,891,1521,0.1270494453130827
632,891,1523,0.12708668582979665
616,885,1501,0.12711677072753083
627,873,1500,0.12718477600714692
628,868,1496,0.12721994733170114
628,870,1498,0.12725073055009392
620,872,1492,0.12727972505288812
614,881,1495,0.12732871810098698
613,882,1495,0.12738904470683698
611,879,1490,0.1274452879546784
612,881,1493,0.1275028411636649
614,884,1498,0.12755357042275048
615,885,1500,0.12759732611955982
610,885,1495,0.12763554720276815
607,886,1493,0.12768537683600722
620,882,1502,0.12773841743747893
617,878,1495,0.12775410821673108
619,870,1489,0.12777583918221616
624,877,1501,0.12778980982308763
628,877,1505,0.1277890432574452
627,888,1515,0.12777863157558145
628,884,1512,0.12777137426119875
627,877,1504,0.12776292565397834
614,873,1487,0.12775654339834644
610,876,1486,0.12778560315907267
622,884,1506,0.1278253313480808
632,888,1520,0.12783240172813565
623,895,1518,0.127812262862165
628,891,1519,0.12781727227986445
621,898,1519,0.1278100737851494
621,891,1512,0.1278212866266705
616,893,1509,0.12783289336812106
620,896,1516,0.12785592156437875
611,893,1504,0.1278678936568568
610,896,1506,0.1279021687702157
597,890,1487,0.1279352187279567
602,886,1488,0.12799750614515182
602,883,1485,0.1280435315118476
597,885,1482,0.12808694618581104
597,905,1502,0.1281407171936717
600,906,1506,0.12819142868256267
606,903,1509,0.12822852880195648
600,908,1508,0.12824671041398833
604,913,1517,0.12827892096706678
603,915,1518,0.1282994579343933
609,908,1517,0.12832227862641468
600,915,1515,0.12832902148036257
594,923,1517,0.12835911658429067
590,912,1502,0.1284045786468814
587,922,1509,0.12845640317840235
586,916,1502,0.1285122614351184
585,905,1490,0.1285658306410036
580,918,1498,0.12861769374189105
572,921,1493,0.1286778822683462
570,924,1494,0.12875474166055484
568,927,1495,0.12883319318019418
577,928,1505,0.12890976835508938
579,931,1510,0.12896018474060295
580,925,1505,0.12900247770330875
574,921,1495,0.12904045978887602
574,930,1504,0.12909141578630917
564,947,1511,0.1291393973888708
560,938,1498,0.12920877749747275
560,937,1497,0.12928215269777837
559,942,1501,0.1293494964047132
559,948,1507,0.12941575063644056
565,950,1515,0.12947639903104496
567,951,1518,0.1295188892854209
567,955,1522,0.12955447528942554
563,949,1512,0.12958865610380635
560,948,1508,0.12963008909129467
558,956,1514,0.1296747925980422
559,956,1515,0.12972381113338832
554,960,1514,0.12976710559503457
554,953,1507,0.1298201645299913
557,957,1514,0.12987004332501678
553,950,1503,0.12990941331005892
556,951,1507,0.12995547081740058
569,963,1532,0.12999235482834723
564,956,1520,0.1299945044760649
556,961,1517,0.1300087271944641
558,950,1508,0.13004228085934988
552,950,1502,0.13006807299504516
562,945,1507,0.13010694154831565
552,957,1509,0.13011810414635847
561,959,1520,0.13015512203492186
556,945,1501,0.1301676324106638
556,952,1508,0.1301935464287072
555,948,1503,0.13021835186907169
560,956,1516,0.13024439821229408
555,968,1523,0.13025624897568594
546,968,1514,0.13028065835068287
541,972,1513,0.1303262042903482
535,969,1504,0.13037966352001246
530,969,1499,0.1304456848447417
534,969,1503,0.13051929955744143
538,970,1508,0.13057766264413012
540,975,1515,0.13062303697411737
537,978,1515,0.1306604153336683
537,981,1518,0.13070183479393457
527,977,1504,0.1307406686116824
529,985,1514,0.13080221712683732
531,990,1521,0.13085622829202637
531,987,1518,0.13090081440270285
530,986,1516,0.13094238859118854
528,972,1500,0.13098206216738484
527,978,1505,0.13102415367207995
531,972,1503,0.13106578095018168
537,977,1514,0.13109557773210512
537,971,1508,0.13110509072211937
532,980,1512,0.1311154835754804
542,984,1526,0.13113719356565767
542,975,1517,0.131133199711741
537,973,1510,0.1311296118571894
535,975,1510,0.1311392258121601
529,962,1491,0.13115178561307325
539,959,1498,0.1311785481871054
545,966,1511,0.13117730025864965
549,969,1518,0.13116202407289618
546,967,1513,0.13113725333594606
547,970,1517,0.13112253824935816
542,968,1510,0.13110723606295413
544,964,1508,0.1311056083936485
538,976,1514,0.13109869402513405
535,975,1510,0.13110764050170468
527,976,1503,0.13112286515657195
530,975,1505,0.13115672328503714
530,977,1507,0.1311794673713282
528,990,1518,0.13120157362222226
529,985,1514,0.13122830028691884
520,985,1505,0.13125272867515636
525,979,1504,0.13129807531316884
525,970,1495,0.13132701103967806
524,972,1496,0.13135380480956224
522,968,1490,0.13138150547133837
519,968,1487,0.13141348684483392
515,976,1491,0.13145076828236885
515,992,1507,0.13149548356217264
520,1004,1524,0.13153651348754497
520,999,1519,0.13156180786890384
511,981,1492,0.13158514518811165
515,976,1491,0.1316295683763593
517,977,1494,0.13166109291375924
518,987,1505,0.13168396428262935
523,988,1511,0.13170346458587165
529,989,1518,0.13170872917569
532,983,1515,0.13169749981392628
527,988,1515,0.1316788952050434
536,980,1516,0.13167469498072404
527,973,1500,0.13164674322750833
513,977,1490,0.13164397858787752
518,976,1494,0.13167767232574387
516,973,1489,0.1316953465261602
525,967,1492,0.13171712540306152
529,968,1497,0.13171450150069675
532,976,1508,0.13170218548332763
525,978,1503,0.13168295687703674
524,976,1500,0.13168125352525592
521,977,1498,0.13168276806682847
517,982,1499,0.13169145502229632
514,986,1500,0.13171112358846554
517,997,1514,0.13173774273485656
518,995,1513,0.13175493600207713
520,996,1516,0.131768394585602
518,986,1504,0.13177587425925896
522,984,1506,0.13178825448197426
517,997,1514,0.13178986824959987
523,997,1520,0.13180318815381395
529,998,1527,0.13180163980082488
524,984,1508,0.13178569281958893
520,983,1503,0.13178284274107904
516,978,1494,0.13179154870807597
521,1001,1522,0.1318111336435411
513,1002,1515,0.131817210799391
519,994,1513,0.13184356548928286
522,988,1510,0.13185210106927017
519,989,1508,0.13185460273661637
515,983,1498,0.13186379243273322
521,988,1509,0.13188240912980054
522,980,1502,0.13188197060605036
515,987,1502,0.1318804466132441
512,985,1497,0.13189790523150605
511,987,1498,0.13192240154660628
507,988,1495,0.1319483480587315
504,994,1498,0.13198286128518832
499,1008,1507,0.13202314007660607
507,1012,1519,0.13207342092081203
510,1009,1519,0.13210098574315268
512,1011,1523,0.1321189629434014
516,1005,1521,0.13212971757032493
514,1002,1516,0.13212705499638974
513,1001,1514,0.13212913395551276
513,1007,1520,0.13213437556524685
504,1003,1507,0.13213872610042998
504,1002,1506,0.13216484195532197
508,996,1504,0.13218959565462463
514,1010,1524,0.13220037995481604
508,1005,1513,0.13219492885263834
511,1011,1522,0.13220588455971896
510,1006,1516,0.13220717195572335
497,989,1486,0.132209756953356
494,992,1486,0.13224627763745406
495,989,1484,0.13228818358475514
491,996,1487,0.1323234499086902
505,1007,1512,0.13236753776440963
503,1016,1519,0.13237220094010912
497,1009,1506,0.13238024136331966
497,1013,1510,0.13240276720400876
498,1021,1519,0.13242380206937557
507,1025,1532,0.1324410079955738
500,1019,1519,0.13243449997770607
493,1004,1497,0.13244543727802996
494,1001,1495,0.1324739584120953
492,997,1489,0.13249748269933337
497,1005,1502,0.1325262813641041
505,1018,1523,0.132539082913019
502,1008,1510,0.132532080428322
495,1007,1502,0.13253282651018997
492,1007,1499,0.13255174738463546
492,1013,1505,0.13257601291220808
494,1013,1507,0.13260001905262647
494,1020,1514,0.13261681421903218
491,1016,1507,0.1326326737346296
488,1019,1507,0.13265597427186213
490,1011,1501,0.13268393473240175
492,1011,1503,0.13270491820195152
497,1020,1517,0.13271772401594004
489,1026,1515,0.13271770907362432
491,1028,1519,0.1327360593292719
494,1016,1510,0.13274929066639424
488,1012,1500,0.13275342397226925
489,1008,1497,0.1327733408334134
483,1024,1507,0.13278903938084194
480,1030,1510,0.13282094831430616
488,1033,1521,0.1328575209734679
484,1034,1518,0.13287046968155342
486,1026,1512,0.13289276555424656
487,1021,1508,0.1329074177508816
491,1016,1507,0.13291858517597238
491,1029,1520,0.13291949479913232
494,1021,1515,0.13291945904478616
492,1027,1519,0.13290955850864133
491,1016,1507,0.1329061881649214
492,1021,1513,0.132905604117214
491,1025,1516,0.132903178523265
496,1020,1516,0.1329038817749086
491,1030,1521,0.13289158323427105
483,1027,1510,0.1328927477614857
489,1012,1501,0.1329136034773447
485,1009,1494,0.13291623042226822
489,1007,1496,0.13292958481557587
488,1024,1512,0.13293233591844014
496,1021,1517,0.1329389169988014
490,1022,1512,0.13292629950428736
486,1026,1512,0.13293071356511896
483,1027,1510,0.1329462483504659
474,1035,1509,0.13296851988304653
470,1042,1512,0.13301282682746185
481,1023,1504,0.13306432680357916
476,1022,1498,0.13308252398969367
476,1016,1492,0.1331123093784243
474,1027,1501,0.1331394785684699
476,1025,1501,0.13317003920493106
472,1031,1503,0.13319231509056562
471,1032,1503,0.13322361232286753
475,1037,1512,0.13325602161029984
477,1041,1518,0.13327583573343738
477,1043,1520,0.1332900872484407
470,1043,1513,0.13330379926423447
471,1042,1513,0.1333340158530335
471,1042,1513,0.13335920460907674
471,1033,1504,0.13338246291572475
478,1036,1514,0.13340377982585166
486,1036,1522,0.1334039235347203
486,1042,1528,0.1333857108093211
483,1035,1518,0.13336797927468222
484,1030,1514,0.13335880174845072
482,1030,1512,0.13334807193117876
479,1037,1516,0.13334266066188102
477,1021,1498,0.13334434034975423
474,1022,1496,0.1333530585356084
470,1036,1506,0.13336963930649118
480,1035,1515,0.13339560557834296
478,1044,1522,0.1333941225575057
474,1043,1517,0.13339816635481114
471,1046,1517,0.1334134864777292
468,1039,1507,0.1334354819183786
464,1040,1504,0.13346292328362325
469,1054,1523,0.1334985935323064
465,1058,1523,0.13351799856447952
459,1056,1515,0.1335467184184325
464,1061,1525,0.1335883857497081
457,1057,1514,0.1336144773194366
448,1060,1508,0.13365754247687933
458,1051,1509,0.13371898426394913
454,1060,1514,0.13374955535592276
454,1068,1522,0.13378998097472836
448,1063,1511,0.1338278491655415
447,1061,1508,0.13387846320832866
450,1053,1503,0.1339297269950898
451,1060,1511,0.13397016458830355
450,1053,1503,0.13400466950346412
449,1051,1500,0.13403912467526163
446,1066,1512,0.13407335563069128
449,1077,1526,0.1341135392188615
446,1077,1523,0.13414489037045133
452,1073,1525,0.13418277906661927
443,1070,1513,0.1342016979485132
442,1069,1511,0.13424474803774702
447,1068,1515,0.13428745763986774
438,1065,1503,0.13431388049000342
442,1062,1504,0.13436274743236304
439,1063,1502,0.1343980985127538
445,1069,1514,0.13443852359451924
450,1065,1515,0.13445970564610776
451,1055,1506,0.13446644934256602
448,1064,1512,0.13447035038855662
447,1068,1515,0.13448350396181144
447,1073,1520,0.13449777053050294
446,1075,1521,0.13451077022748825
442,1074,1516,0.13452668296389228
436,1086,1522,0.13455102598920263
440,1078,1518,0.13458960613717724
449,1073,1522,0.13461649424606192
446,1069,1515,0.1346180647147128
444,1076,1520,0.13462793123534728
436,1080,1516,0.1346422908843642
438,1080,1518,0.13467641144260153
430,1070,1500,0.13470358643326263
428,1076,1504,0.13475055373729575
424,1083,1507,0.1347989508566623
423,1091,1514,0.1348530825202269
428,1081,1509,0.13490667184217714
423,1075,1498,0.13494333187770616
425,1087,1512,0.13499156959072026
423,1092,1515,0.13503038074453122
422,1086,1508,0.13507107669525975
419,1083,1502,0.13511201294041797
421,1087,1508,0.1351569403940046
425,1072,1497,0.13519437207276483
429,1083,1512,0.13522022768328767
426,1085,1511,0.13523285542114707
421,1090,1511,0.13525302639949907
416,1086,1502,0.1352850014655902
413,1091,1504,0.1353283925684557
413,1091,1504,0.13537568593420424
415,1093,1508,0.1354186627740064
418,1099,1517,0.13545261585753818
418,1096,1514,0.13547711586544392
417,1087,1504,0.13549984122156986
423,1087,1510,0.13552392364862262
422,1087,1509,0.13552999552011413
423,1091,1514,0.13553877307448103
426,1088,1514,0.13554452363600436
429,1086,1515,0.13554329061022763
426,1072,1498,0.13553498721810173
422,1081,1503,0.1355349974365664
412,1098,1510,0.13554585899138843
403,1091,1494,0.13558211123740058
404,1109,1513,0.13563846938552562
404,1119,1523,0.13568696413462494
400,1117,1517,0.13573175309458843
409,1106,1515,0.13578282403434877
409,1094,1503,0.13580620366631205
404,1084,1488,0.13582785771410907
407,1084,1491,0.1358604768303392
414,1085,1499,0.13588397817966588
410,1094,1504,0.13588621668904644
418,1092,1510,0.13589819655793883
422,1107,1529,0.1358904079294199
414,1104,1518,0.13587386273181343
410,1113,1523,0.13587884941151512
413,1121,1534,0.13589302469859899
415,1116,1531,0.13589929658361666
416,1116,1532,0.13589915850654902
404,1123,1527,0.13589737418007386
403,1120,1523,0.13592745105673096
406,1121,1527,0.1359573776934806
403,1105,1508,0.13597749527635034
407,1113,1520,0.1360034197455988
409,1109,1518,0.1360179953337809
407,1102,1509,0.13602605246253419
405,1112,1517,0.13603879537732705
395,1118,1513,0.13605516309831914
393,1121,1514,0.13609687902090206
396,1123,1519,0.13614125989258727
392,1127,1519,0.13617584819106165
388,1124,1512,0.13621928455506813
391,1127,1518,0.13626939877637018
390,1121,1511,0.13630785403002924
390,1122,1512,0.13634798991427563
393,1117,1510,0.1363849377970242
389,1111,1500,0.13641203694834514
386,1105,1491,0.1364481817106941
389,1113,1502,0.13648821997972377
388,1116,1504,0.13651617938811964
388,1121,1509,0.13654619908408028
386,1130,1516,0.13657346835493367
379,1123,1502,0.13660558242983994
368,1117,1485,0.1366535021561217
379,1118,1497,0.1367265630426451
374,1125,1499,0.1367656906058109
379,1134,1513,0.13681535933954853
384,1135,1519,0.1368480485529396
386,1143,1529,0.13686654613984298
378,1140,1518,0.13687835948552257
373,1138,1511,0.13691071503962884
369,1145,1514,0.13695432722138098
365,1151,1516,0.13700588229788246
355,1157,1512,0.13706458807287764
362,1157,1519,0.1371461443443343
362,1151,1513,0.1372046617546786
361,1154,1515,0.13726067594954358
358,1157,1515,0.13731585362427665
357,1154,1511,0.13737606959221987
355,1153,1508,0.1374357132102402
360,1154,1514,0.1374957265413082
356,1159,1515,0.13753955521316535
357,1156,1513,0.13759052194841082
356,1159,1515,0.13763489694782635
352,1167,1519,0.13767787464480818
348,1169,1517,0.13772875385836586
348,1158,1506,0.13778581882170537
351,1147,1498,0.13783855928437633
351,1150,1501,0.1378802966968984
349,1155,1504,0.13791943373356957
346,1152,1498,0.13796263835017666
347,1143,1490,0.1380114339431439
352,1159,1511,0.1380540256621524
356,1151,1507,0.13808033839557232
357,1150,1507,0.1380933821711402
358,1152,1510,0.13810413292594745
359,1151,1510,0.13810980759139738
356,1154,1510,0.13811177715935194
350,1149,1499,0.1381218341579916
351,1152,1503,0.13814753092783238
356,1147,1503,0.1381696227845799
352,1162,1514,0.13817615766041652
356,1153,1509,0.13819321179879573
360,1160,1520,0.13819855951288815
360,1160,1520,0.1381926645937252
363,1156,1519,0.1381866840689357
355,1168,1523,0.13817331192613463
358,1160,1518,0.1381829006387182
350,1153,1503,0.1381851280959444
352,1169,1521,0.13820885260901597
357,1166,1523,0.13822508542139467
354,1170,1524,0.13822682243447995
350,1163,1513,0.13823577732049366
353,1167,1520,0.13825590668566665
349,1173,1522,0.1382662124545381
343,1172,1515,0.138287019860922
347,1161,1508,0.13832282603509827
345,1162,1507,0.13834544993414055
347,1152,1499,0.13837235019146177
348,1159,1507,0.13839119649634782
349,1163,1512,0.13840610943883705
350,1163,1513,0.13841856078111892
345,1154,1499,0.1384279918660647
344,1166,1510,0.1384500902390949
341,1173,1514,0.13847290414216715
337,1169,1506,0.13850255292088728
343,1168,1511,0.13853997930956477
340,1187,1527,0.1385597518593152
338,1183,1521,0.13858679995499185
332,1183,1515,0.13861632507696658
331,1182,1513,0.13866102393946536
330,1190,1520,0.13870629370846588
329,1187,1516,0.13875096978230464
330,1179,1509,0.138795382829778
324,1181,1505,0.13883307696543212
321,1190,1511,0.13888323168028133
320,1184,1504,0.1389389170081355
322,1188,1510,0.13899292014619344
322,1187,1509,0.13903856892194374
325,1192,1517,0.1390807046365866
322,1195,1517,0.1391130092498926
322,1196,1518,0.13915098492804948
316,1190,1506,0.13918639487073092
317,1187,1504,0.13923617173032515
319,1192,1511,0.13927980187442457
323,1192,1515,0.13931543405564623
321,1193,1514,0.13933867219461324
321,1203,1524,0.13936552259562238
320,1200,1520,0.13939122666590165
314,1194,1508,0.13941854627147152
312,1195,1507,0.13945999665979833
314,1198,1512,0.13950445311151027
312,1197,1509,0.13953962947242896
316,1198,1514,0.13957752191407025
316,1187,1503,0.13960199985694338
308,1187,1495,0.13962489892469804
313,1180,1493,0.13966787169310288
312,1185,1497,0.13969386837163167
316,1188,1504,0.13972091595524316
319,1190,1509,0.1397350594031885
322,1193,1515,0.13974013486533882
320,1185,1505,0.13973801931671964
314,1181,1495,0.13974119889361167
321,1187,1508,0.13976060374415275
318,1183,1501,0.13975919582953694
316,1189,1505,0.13976631913845866
311,1180,1491,0.13977915252480946
308,1178,1486,0.13980418388688495
304,1200,1504,0.13983530235248604
299,1205,1504,0.13987380681828857
301,1187,1488,0.13992298794724445
305,1197,1502,0.13996396522242716
309,1194,1503,0.13999125646673977
313,1209,1522,0.14000576511886742
311,1202,1513,0.1400084006713345
310,1200,1510,0.1400159644353277
314,1182,1496,0.14002667820578094
308,1196,1504,0.14002717706457843
308,1204,1512,0.14004417146446133
307,1208,1515,0.14005946320276205
303,1204,1507,0.14007614165575735
303,1199,1502,0.14010139525865212
308,1200,1508,0.1401238131982753
308,1196,1504,0.14013126478194146
311,1201,1512,0.14013764238160106
303,1209,1512,0.1401362022061258
303,1217,1520,0.14015805765753617
303,1211,1514,0.14017925414515958
310,1207,1517,0.14019864342490063
310,1203,1513,0.1401972994281073
312,1207,1519,0.140196416457463
317,1212,1529,0.14019095912800017
314,1198,1512,0.1401713249352128
306,1193,1499,0.14016362310771024
299,1189,1488,0.1401773862565829
305,1197,1502,0.14020885312629805
305,1199,1504,0.1402228471999869
303,1198,1501,0.14023584854041565
306,1191,1497,0.14025314093953964
305,1204,1509,0.1402606709947193
298,1212,1510,0.14027147779580654
297,1222,1519,0.14029917921933782
292,1217,1509,0.14032760864217453
294,1221,1515,0.14036797428462183
296,1219,1515,0.14040046060143088
298,1221,1519,0.14042511423683365
297,1212,1509,0.14044186349760937
300,1214,1514,0.14046008355678066
298,1221,1519,0.14046831878736626
299,1227,1526,0.14048029094059078
295,1223,1518,0.14048801034730846
298,1220,1518,0.1405074336626667
296,1230,1526,0.14051693170177193
294,1213,1507,0.14053097672140727
289,1216,1505,0.14055027063079747
294,1228,1522,0.14058181733058547
293,1224,1517,0.14059783448548527
291,1215,1506,0.14061567287041504
287,1216,1503,0.1406375247480861
280,1225,1505,0.1406695549464008
284,1226,1510,0.1407176417302105
285,1221,1506,0.14075038582960694
284,1217,1501,0.1407775182630168
283,1222,1505,0.14080634025917763
285,1230,1515,0.1408353516367448
288,1228,1516,0.14085726395496243
282,1230,1512,0.14086979988906667
281,1238,1519,0.14089825790592714
273,1239,1512,0.1409274566341528
278,1242,1520,0.1409750256172658
276,1238,1514,0.14100484970558924
282,1246,1528,0.14103804920165117
282,1249,1531,0.14105369209581517
279,1242,1521,0.1410685632378014
272,1235,1507,0.14109030350319382
278,1234,1512,0.14112892833807614
277,1232,1509,0.14114996768983293
278,1240,1518,0.14117230907128256
280,1242,1522,0.14119037736635776
284,1255,1539,0.14120176941892806
278,1253,1531,0.14120095224742746
280,1226,1506,0.14121684070180304
281,1229,1510,0.14122748042795424
281,1223,1504,0.14123554729222118
279,1233,1512,0.14124249443433526
276,1236,1512,0.14125507088250022
275,1239,1514,0.14127576154154511
276,1242,1518,0.14129805479356944
271,1240,1511,0.14131602741162635
271,1239,1510,0.14134661074321525
276,1232,1508,0.14137564148175674
270,1235,1505,0.14138828953694554
265,1235,1500,0.14141614412242384
261,1247,1508,0.14145593905314674
255,1241,1496,0.14150427921327274
249,1247,1496,0.14156624348713412
251,1251,1502,0.1416399099137057
242,1259,1501,0.14170290031415259
240,1269,1509,0.14178644608061883
244,1263,1507,0.14187024680648136
244,1266,1510,0.1419377214888543
245,1272,1517,0.14200010594862397
247,1278,1525,0.14205560222317717
252,1274,1526,0.14210230732362777
251,1277,1528,0.14213229595958063
248,1277,1525,0.14216326601642354
248,1273,1521,0.1422002148357724
242,1273,1515,0.14223440673449722
239,1278,1517,0.14228232633013424
241,1284,1525,0.14233495665008777
241,1283,1524,0.1423786161847969
240,1276,1516,0.14241944657925934
236,1278,1514,0.14246080705609918
234,1286,1520,0.14250988534581244
232,1275,1507,0.1425620517857784
234,1279,1513,0.14261565432187767
241,1278,1519,0.1426601448604624
242,1277,1519,0.14268279663714978
239,1277,1516,0.1427014380996142
241,1279,1520,0.1427272486321877
238,1276,1514,0.14274625448476536
239,1286,1525,0.14277241098945204
241,1276,1517,0.14279466972437174
235,1289,1524,0.14281023264436
234,1289,1523,0.1428411284393114
234,1283,1517,0.14287287780143554
234,1282,1516,0.14290179067168668
233,1280,1513,0.14292932758001714
234,1285,1519,0.14295777412031338
232,1280,1512,0.14298221546056003
230,1275,1505,0.14301014995164174
230,1277,1507,0.1430421955996687
232,1284,1516,0.1430720584563917
229,1277,1506,0.14309431377536452
230,1283,1513,0.1431231471750934
232,1286,1518,0.14314705767813699
238,1285,1523,0.14316312462017106
236,1294,1530,0.14316206419950228
232,1288,1520,0.14316653214051617
232,1277,1509,0.14318170332765864
231,1281,1512,0.14319517318121958
228,1274,1502,0.14321048807016976
231,1269,1500,0.14323252218998345
226,1279,1505,0.14324548247306548
232,1284,1516,0.14327023037134315
229,1289,1518,0.1432767925486276
225,1280,1505,0.14329122171321929
226,1300,1526,0.14331674982117376
223,1290,1513,0.14333813275305254
217,1292,1509,0.14336577738619513
222,1289,1511,0.14340742033583284
217,1289,1506,0.14343312533008176
217,1290,1507,0.14347070814269924
213,1294,1507,0.14350525288859717
211,1309,1520,0.14354902046856619
211,1293,1504,0.14359514610169063
218,1282,1500,0.14363826963837184
216,1281,1497,0.143658564254869
209,1299,1508,0.14368347436923848
204,1304,1508,0.14372677969436218
207,1301,1508,0.14378138587443945
206,1304,1510,0.14382352331097548
200,1304,1504,0.143866872666739
201,1310,1511,0.1439244650288609
201,1320,1521,0.14397490188982467
207,1314,1521,0.14402186737294978
203,1314,1517,0.1440487736684587
202,1314,1516,0.14408602307433746
207,1316,1523,0.14412343639240122
206,1299,1505,0.14414379427372587
207,1308,1515,0.14416623467076556
210,1313,1523,0.14418437368788145
213,1297,1510,0.14419234892595117
218,1312,1530,0.1441914208637676
224,1315,1539,0.1441760970777813
223,1309,1532,0.14414411638002517
223,1307,1530,0.14411673157048488
225,1299,1524,0.1440911628869758
224,1289,1513,0.14406156043298451
224,1294,1518,0.14403687853490268
224,1306,1530,0.14401529995910528
226,1301,1527,0.14399511149221358
226,1295,1521,0.1439707020949751
219,1305,1524,0.14394873585471168
220,1300,1520,0.14394843245742914
224,1289,1513,0.1439450238981096
219,1286,1505,0.14393030280925764
218,1290,1508,0.1439297831231414
216,1286,1502,0.14393350888253106
215,1299,1514,0.14394222913949373
212,1313,1525,0.14395313201121074
213,1298,1511,0.1439715778430386
212,1299,1511,0.14398606775771527
207,1306,1513,0.1440019439645061
208,1302,1510,0.14403043828777679
214,1307,1521,0.14405381853896715
214,1304,1518,0.14405985578617586
218,1309,1527,0.14406581299961943
221,1306,1527,0.14406008168321116
217,1304,1521,0.14404667249196357
215,1305,1520,0.14404613869056804
215,1299,1514,0.14405051201588673
211,1296,1507,0.14405555926848504
212,1307,1519,0.1440706940024471
214,1316,1530,0.14408196677389376
210,1322,1532,0.14408636280941575
207,1305,1512,0.1441025307616416
213,1309,1522,0.1441256962450095
206,1308,1514,0.14412976445940312
211,1293,1504,0.14415370483587633
214,1303,1517,0.14416104918999437
215,1300,1515,0.14415997639634223
217,1299,1516,0.14415634520474618
220,1296,1516,0.14414697249004887
218,1312,1530,0.14412970482376236
215,1314,1529,0.14411923445109331
217,1314,1531,0.14411684746708073
218,1295,1513,0.14410956681145368
214,1291,1505,0.14410095302002104
218,1296,1514,0.14410473405578078
217,1299,1516,0.144096882213841
216,1292,1508,0.14409218527915418
213,1289,1502,0.14409048930390397
210,1290,1500,0.144096356249512
215,1284,1499,0.14411029675801296
216,1285,1501,0.1441085373579528
210,1278,1488,0.14410400453926425
214,1292,1506,0.1441166625970234
212,1297,1509,0.14411811829095011
215,1297,1512,0.1441248653322996
211,1301,1512,0.14412204807588697
212,1301,1513,0.1441300585583656
212,1305,1517,0.14413501837944195
210,1311,1521,0.14414055534663142
210,1310,1520,0.14415252508191934
206,1304,1510,0.14416262535910368
204,1299,1503,0.1441830626376861
205,1303,1508,0.1442073376849958
206,1300,1506,0.14422718191729728
204,1303,1507,0.14424221974695448
204,1302,1506,0.14426178078816904
201,1305,1506,0.14428003964627426
204,1317,1521,0.14430682298582947
204,1323,1527,0.14432342893680036
200,1310,1510,0.14433951767826397
200,1318,1518,0.14436574290855228
201,1322,1523,0.14439010110122885
204,1316,1520,0.14441050634312594
199,1315,1514,0.1444212741786421
202,1301,1503,0.14444498545546472
203,1315,1518,0.14445813326172877
201,1322,1523,0.14446744266875125
201,1322,1523,0.14448133829195697
201,1319,1520,0.14449431082239944
199,1329,1528,0.14450581617764147
193,1310,1503,0.1445223496726503
194,1305,1499,0.14455467411812944
192,1315,1507,0.14458197716833132
191,1313,1504,0.14461277507311057
196,1318,1514,0.1446454845283829
193,1318,1511,0.14466262961356174
190,1331,1521,0.14468742176825622
188,1328,1516,0.14471954113544305
183,1325,1508,0.14475494514538123
182,1334,1516,0.14480229477616788
177,1345,1522,0.1448485974965127
179,1342,1521,0.14490642722096417
181,1333,1514,0.1449544650025145
182,1332,1514,0.14499387129090177
180,1343,1523,0.14502765857394131
182,1337,1519,0.14506489672287862
179,1336,1515,0.14509440742172353
185,1336,1521,0.1451304959675844
181,1339,1520,0.14514664648041806
181,1335,1516,0.14517338373594413
177,1324,1501,0.1451987023313755
177,1328,1505,0.14523326827239277
182,1327,1509,0.145265430625689
180,1329,1509,0.1452817566470568
178,1324,1502,0.1453018566949808
172,1332,1504,0.1453262799328415
171,1343,1514,0.14536542737003924
173,1355,1528,0.14540471102504554
173,1349,1522,0.14543635307142938
177,1345,1522,0.1454663609463337
176,1345,1521,0.14548330921616226
175,1341,1516,0.14550179134082677
173,1347,1520,0.1455218321869531
171,1342,1513,0.14554732975044535
169,1334,1503,0.14557706692405403
169,1327,1496,0.145609198818404
168,1340,1508,0.14564010060760066
166,1343,1509,0.14567171938547227
165,1339,1504,0.14570672547534574
172,1347,1519,0.14574169090012856
162,1350,1512,0.1457542094390872
160,1358,1518,0.1457948645181237
163,1345,1508,0.1458379775434762
161,1353,1514,0.14586918562701398
164,1354,1518,0.14590385806002937
166,1355,1521,0.14592742652393265
168,1351,1519,0.14594437867080054
163,1354,1517,0.14595408342174346
163,1345,1508,0.1459776748486347
161,1341,1502,0.14600000878085206
159,1338,1497,0.14602653183103542
162,1362,1524,0.14605654675121515
158,1354,1512,0.14607551376842542
163,1358,1521,0.14610501246971558
164,1369,1533,0.14611915619793295
162,1367,1529,0.14612970358182764
163,1356,1519,0.14614563813798143
166,1355,1521,0.14615722322137067
165,1371,1536,0.14615997170337702
165,1370,1535,0.14616578830210464
165,1364,1529,0.1461714392581074
162,1361,1523,0.14617714318630354
158,1377,1535,0.14619057450028763
159,1380,1539,0.14621481033437533
157,1370,1527,0.14623491077239056
160,1367,1527,0.14625928512100372
157,1370,1527,0.14627361679703588
157,1362,1519,0.1462946300342333
155,1361,1516,0.14631468913847623
154,1356,1510,0.146338821487035
149,1352,1501,0.14636460531312973
148,1355,1503,0.1464031562812037
147,1360,1507,0.1464417766646134
149,1353,1502,0.14648014433052606
150,1355,1505,0.14651022212029646
157,1357,1514,0.14653470318251616
156,1362,1518,0.14653721256338353
157,1349,1506,0.14654137974649448
159,1351,1510,0.14654255570539518
158,1354,1512,0.14653840418636538
158,1355,1513,0.14653640886900188
163,1365,1528,0.14653424871975532
162,1365,1527,0.14651880422407093
158,1358,1516,0.1465074474631793
155,1358,1513,0.1465088588453612
159,1356,1515,0.14651855772154385
159,1357,1516,0.14651646722096592
159,1366,1525,0.14651480182245577
160,1361,1521,0.14651360375164976
158,1371,1529,0.14650994265453549
160,1352,1512,0.14651291162103383
161,1364,1525,0.1465094598775069
156,1368,1524,0.1465033249271292
155,1363,1518,0.14651213223529827
156,1368,1524,0.14652281574234785
155,1369,1524,0.1465287954951348
151,1369,1520,0.14653753602308123
155,1358,1513,0.14655712452480826
156,1353,1509,0.1465637568450958
155,1349,1504,0.1465667821308354
158,1353,1511,0.14657308289006618
158,1350,1508,0.1465707423226073
157,1358,1515,0.14656877258611525
154,1361,1515,0.14657024979723296
154,1359,1513,0.146579636348406
151,1367,1518,0.1465881818764762
149,1350,1499,0.14660416253893602
148,1360,1508,0.14662466923069828
157,1352,1509,0.14664625874142256
154,1346,1500,0.1466410210608074
155,1357,1512,0.14664530330675818
156,1353,1509,0.14664725556680192
157,1378,1535,0.14664629445370914
154,1379,1533,0.14664227061426355
156,1378,1534,0.14664739028122542
157,1375,1532,0.14664607770361834
157,1373,1530,0.1466424438203254
155,1368,1523,0.14663904978775144
158,1367,1525,0.14664219596140102
157,1365,1522,0.14663602594433928
158,1368,1526,0.14663353520579864
159,1371,1530,0.1466281818512637
160,1373,1533,0.14662039082877387
158,1370,1528,0.14661044858383857
158,1365,1523,0.14660690570723747
158,1359,1517,0.14660369050664648
158,1359,1517,0.1466013428971295
160,1352,1512,0.1465981106765539
155,1347,1502,0.14658917945951702
155,1360,1515,0.14659604266941578
156,1361,1517,0.14660254841638098
158,1352,1510,0.1466053801306575
160,1358,1518,0.1466022466549063
156,1352,1508,0.14659374732810931
156,1350,1506,0.14659728230136226
156,1358,1514,0.1466000416267887
156,1350,1506,0.14660216562092715
159,1351,1510,0.14660374656581376
162,1355,1517,0.1465973424875581
162,1346,1508,0.14658395374079672
166,1355,1521,0.14657133233975825
163,1356,1519,0.14654791305460743
164,1367,1531,0.1465353078755878
166,1361,1527,0.14652018138729872
164,1362,1526,0.14649997129213307
159,1361,1520,0.14648684074419907
160,1361,1521,0.14648892326123852
162,1351,1513,0.14648814784927713
157,1341,1498,0.14648190227466787
156,1359,1515,0.14649081706156078
156,1362,1518,0.14650244375843674
156,1349,1505,0.14651232525673893
159,1352,1511,0.14652154294336905
160,1350,1510,0.14652227428798384
159,1350,1509,0.14652059805585427
158,1354,1512,0.14652219128909258
158,1365,1523,0.1465261626008335
157,1352,1509,0.14652970961887832
152,1358,1510,0.14653597111487512
154,1345,1499,0.1465563120560125
152,1348,1500,0.14656917909182088
157,1352,1509,0.14658672002343173
155,1362,1517,0.14658947546198672
154,1365,1519,0.14659781745243453
155,1349,1504,0.1466093399918851
155,1348,1503,0.14661739192396694
155,1366,1521,0.1466249013186706
156,1370,1526,0.1466330025990171
151,1363,1514,0.14663704893551485
149,1365,1514,0.14665536802058682
146,1369,1515,0.1466781135879539
144,1358,1502,0.14670819123761192
145,1372,1517,0.14674159465614367
144,1374,1518,0.1467707669220835
147,1370,1517,0.14680082735997996
153,1363,1516,0.14682029233042213
152,1365,1517,0.14682097376633757
150,1373,1523,0.14682428143909568
153,1366,1519,0.1468324501033109
154,1370,1524,0.14683226374480893
152,1362,1514,0.14682976909747003
153,1355,1508,0.14683290224152215
155,1362,1517,0.14683358425771775
153,1360,1513,0.14682817333547957
154,1350,1504,0.14682951303375652
156,1349,1505,0.1468283082134473
158,1355,1513,0.14682156317970235
156,1362,1518,0.1468086020172051
156,1362,1518,0.14680230863227284
152,1359,1511,0.1467958379208657
149,1361,1510,0.1468017284517011
154,1351,1505,0.14681626910906098
154,1361,1515,0.14681504974126655
152,1361,1513,0.14681298494161446
155,1353,1508,0.14681693105100216
153,1361,1514,0.14681311597669974
152,1357,1509,0.14681585291386817
155,1362,1517,0.14682150513025796
155,1368,1523,0.14681684070429188
157,1367,1524,0.14681178941034098
154,1359,1513,0.14680229862738314
155,1352,1507,0.14680248988893826
155,1344,1499,0.14679964603512916
157,1354,1511,0.14679718315156134
158,1342,1500,0.14678914774469498
160,1343,1503,0.14677859655931258
160,1343,1503,0.14676254865718977
159,1363,1522,0.14674854925671105
159,1359,1518,0.14673877768375626
151,1358,1509,0.146729667875625
152,1367,1519,0.14674352702450832
153,1365,1518,0.14675342745007747
154,1353,1507,0.14675969699729766
154,1356,1510,0.14676322417214066
155,1354,1509,0.14676669590569483
152,1363,1515,0.1467670040579034
151,1357,1508,0.14677636802926292
152,1373,1525,0.1467887568441779
149,1379,1528,0.14679797488328783
151,1369,1520,0.1468149510632707
150,1366,1516,0.14682530039902017
150,1366,1516,0.14683779275916986
148,1357,1505,0.14684847045363353
150,1363,1513,0.146864522258882
151,1373,1524,0.14687352912154136
154,1368,1522,0.14687903289945023
154,1366,1520,0.1468761375112102
156,1372,1528,0.14687278215966554
151,1355,1506,0.14686404897713826
148,1357,1505,0.14687115992210883
151,1348,1499,0.14688562955160236
146,1358,1504,0.14689062343858256
150,1358,1508,0.14691008101445754
143,1363,1506,0.1469174672819229
144,1364,1508,0.14694559222009718
146,1368,1514,0.14697024730531
146,1371,1517,0.14698651788054704
148,1367,1515,0.1470017899901855
151,1366,1517,0.14701046813295346
147,1363,1510,0.14701021523102445
147,1374,1521,0.1470208683287708
146,1386,1532,0.14703149929224144
147,1366,1513,0.14704459866837966
151,1374,1525,0.14705336773846694
149,1374,1523,0.1470510925500963
144,1379,1523,0.14705639906213464
142,1391,1533,0.147076101466881
142,1381,1523,0.14710049466802247
144,1392,1536,0.14712324892374695
144,1376,1520,0.14713877401909983
144,1375,1519,0.14715285559892613
138,1377,1515,0.14716532438471977
137,1369,1506,0.14719359610613014
137,1356,1493,0.14722325670647415
135,1372,1507,0.14725190069849226
133,1381,1514,0.1472850389681706
134,1370,1504,0.14732149688255572
134,1372,1506,0.1473528332507508
133,1383,1516,0.14738256835482302
133,1401,1534,0.1474137232946392
131,1403,1534,0.1474437065389745
127,1405,1532,0.14747726560833624
126,1399,1525,0.14751993211186895
121,1392,1513,0.14756182163989556
121,1395,1516,0.14761419780936288
122,1415,1537,0.1476635584427591
123,1408,1531,0.14770718703642113
124,1410,1534,0.14774476623279437
129,1399,1528,0.14777749586813904
130,1398,1528,0.14779456586864312
127,1404,1531,0.1478078039338706
127,1406,1533,0.14782980909052962
127,1400,1527,0.14785035578024988
126,1405,1531,0.14786936419367536
126,1396,1522,0.14788996554560038
126,1385,1511,0.1479097509191451
126,1384,1510,0.14792739403395613
125,1398,1523,0.1479439626286305
124,1399,1523,0.14796249863161431
122,1385,1507,0.1479835645148841
122,1376,1498,0.14800902292819018
120,1390,1510,0.14803288519384264
124,1389,1513,0.14805986971064333
118,1400,1518,0.14807450506095676
118,1406,1524,0.14810524965831665
119,1404,1523,0.1481337126877257
115,1400,1515,0.14815654418066448
115,1389,1504,0.14818961319940474
115,1398,1513,0.1482205941808028
116,1398,1514,0.14824896884358998
111,1399,1510,0.14827263677989883
111,1393,1504,0.14830867005837087
110,1386,1496,0.14834222091507665
108,1386,1494,0.14837699945256147
112,1396,1508,0.14841498254611166
113,1394,1507,0.14843911590962924
112,1389,1501,0.14845884807526175
110,1403,1513,0.14847986433155225
112,1400,1512,0.1485058026032245
112,1401,1513,0.14852450468527004
118,1399,1517,0.14854172146714817
118,1403,1521,0.14854108411763128
117,1394,1511,0.14854019154068926
118,1394,1512,0.14854213240264172
119,1411,1530,0.14854155489495985
122,1411,1533,0.14853819570587118
120,1410,1530,0.14852714226706015
120,1400,1520,0.14852284691908094
120,1406,1526,0.14851796455728522
119,1399,1518,0.14851406851350282
116,1412,1528,0.1485136956637696
119,1402,1521,0.14852131961328632
122,1407,1529,0.14851929288236815
123,1407,1530,0.14850987387396664
121,1403,1524,0.1484990126885652
121,1393,1514,0.1484939970131373
116,1387,1503,0.1484892939986083
116,1385,1501,0.1484994327749357
117,1393,1510,0.1485089930116702
116,1391,1507,0.14851463270921328
116,1402,1518,0.14852229550946983
118,1401,1519,0.1485290142257832
116,1412,1528,0.1485290634565359
116,1396,1512,0.14853523698173324
118,1396,1514,0.14854090668683967
118,1385,1503,0.14853990345743934
121,1388,1509,0.14853892649707764
121,1380,1501,0.14853023815536726
120,1367,1487,0.1485219316508094
121,1376,1497,0.14851591676967726
119,1382,1501,0.1485073052117519
125,1386,1511,0.14850436891121113
123,1391,1514,0.14848358806060566
121,1395,1516,0.14847008944975232
122,1388,1510,0.14846260920714133
122,1398,1520,0.14845229300818683
121,1384,1505,0.14844264883618302
123,1377,1500,0.14843626395995227
122,1384,1506,0.14842503391520556
121,1387,1508,0.14841762678608142
123,1401,1524,0.14841386206902601
125,1388,1513,0.14840414033636684
125,1378,1503,0.14838999122838023
123,1389,1512,0.1483769273551463
118,1393,1511,0.14837148738057698
118,1392,1510,0.14838037691561426
121,1369,1490,0.14838889371570715
124,1373,1497,0.14838791702484233
124,1380,1504,0.1483777442960192
126,1380,1506,0.14836814572543472
128,1392,1520,0.14835297610659906
128,1388,1516,0.14833283572603922
130,1400,1530,0.14831368552314836
126,1390,1516,0.14829008155303947
129,1388,1517,0.148279451242013
128,1395,1523,0.14826050200509674
127,1399,1526,0.1482462440546891
127,1404,1531,0.14823514296365137
127,1402,1529,0.1482249597745383
124,1388,1512,0.1482157313974135
121,1396,1517,0.14821563496464557
122,1396,1518,0.14822383323233437
123,1386,1509,0.14822913150900505
124,1396,1520,0.1482312725746492
127,1401,1528,0.14823065686641695
123,1396,1519,0.14822151392806762
125,1392,1517,0.14822351229272487
127,1393,1520,0.14821998962554095
123,1388,1511,0.1482116005557147
123,1379,1502,0.14821504486397405
119,1383,1502,0.14821820307067132
119,1401,1520,0.14823208175732042
121,1399,1520,0.14824558706402027
120,1395,1515,0.14825295462901736
118,1404,1522,0.14826317024518335
118,1395,1513,0.14827768801285063
120,1388,1508,0.14829132618379298
122,1397,1519,0.14829844836543496
116,1393,1509,0.1482994203210495
117,1385,1502,0.14831764961696497
114,1375,1489,0.14833104588029652
117,1397,1514,0.14835154811988668
116,1395,1511,0.14836224098326936
113,1406,1519,0.1483757164919862
115,1396,1511,0.1483973497696947
117,1398,1515,0.14841161816916615
116,1395,1511,0.1484189186700126
112,1401,1513,0.14842893300066662
111,1396,1507,0.14845059649516268
111,1391,1502,0.14847357742113965
110,1405,1515,0.14849485703742676
111,1406,1517,0.1485180831713123
110,1407,1517,0.14853667841076243
110,1409,1519,0.14855751558210076
112,1424,1536,0.14857696323113825
111,1417,1528,0.14858932240646408
108,1422,1530,0.14860382530730007
105,1410,1515,0.148626552834898
103,1404,1507,0.14865672342747033
105,1418,1523,0.14868939145236382
102,1414,1516,0.14871463242992447
102,1413,1515,0.14874694452388115
103,1427,1530,0.14877690212377268
105,1419,1524,0.14880219635193945
105,1422,1527,0.14882046087016568
106,1424,1530,0.14883792528183354
103,1418,1521,0.14885185299781922
100,1418,1518,0.1488733909444571
102,1413,1515,0.14890186767052438
103,1406,1509,0.14892265461714668
102,1408,1510,0.1489388541302593
104,1423,1527,0.14895717716550633
100,1430,1530,0.1489686778084005
104,1422,1526,0.14899139305694356
103,1423,1526,0.14900136002013092
99,1417,1516,0.14901386627928168
101,1425,1526,0.14903729450486466
102,1414,1516,0.14905373934172242
102,1412,1514,0.14906618553310494
100,1415,1515,0.14907835185877252
101,1414,1515,0.14909498629042683
96,1419,1515,0.14910810715991737
95,1413,1508,0.14913441087415089
97,1411,1508,0.14916127719740888
99,1406,1505,0.1491806823908891
100,1414,1514,0.14919341917123335
98,1400,1498,0.14920291740343633
96,1405,1501,0.14921778477214523
95,1409,1504,0.14923674405717383
97,1405,1502,0.14925729683531594
96,1410,1506,0.149270441214934
94,1418,1512,0.14928553892310942
93,1430,1523,0.14930538485747744
93,1432,1525,0.14932608560089772
93,1421,1514,0.14934603227395565
89,1413,1502,0.14936469977834635
92,1415,1507,0.14939365623238696
94,1420,1514,0.1494122664382269
93,1417,1510,0.14942386220794113
94,1415,1509,0.14943790277476146
95,1439,1534,0.1494484019411115
95,1432,1527,0.14945591156369092
94,1418,1512,0.149463036702975
89,1424,1513,0.14947220611412618
88,1431,1519,0.1494953569906566
90,1420,1510,0.14952004262653115
87,1428,1515,0.14953733697015717
87,1433,1520,0.14956172425152023
86,1427,1513,0.1495840349824543
86,1429,1515,0.14960795586703365
90,1423,1513,0.14962962425326
89,1431,1520,0.149638446400823
87,1443,1530,0.14964955169550215
85,1445,1530,0.14966607742860424
84,1445,1529,0.14968749487941965
85,1426,1511,0.14971053438885704
84,1436,1520,0.14972948338652148
85,1435,1520,0.14975062363235042
85,1426,1511,0.14976757443605554
86,1418,1504,0.14978350339904675
87,1421,1508,0.14979451541291117
88,1424,1512,0.1498013404085976
91,1424,1515,0.14980458457734996
90,1436,1526,0.14979887570819614
89,1442,1531,0.14979670279636592
90,1440,1530,0.14979763196174342
89,1438,1527,0.14979524485326995
91,1427,1518,0.1497956519703625
91,1435,1526,0.14978992476873962
88,1422,1510,0.14978455145007552
90,1415,1505,0.1497882490797423
88,1422,1510,0.14978561961222797
88,1427,1515,0.14978898619092454
86,1446,1532,0.14979218398177419
84,1455,1539,0.14980096332335816
81,1461,1542,0.1498147767986708
78,1460,1538,0.1498366165617008
76,1450,1526,0.14986607906054514
71,1452,1523,0.1498996450181494
74,1462,1536,0.14994567674201142
75,1463,1538,0.1499798908927162
76,1453,1529,0.15000910151866706
77,1448,1525,0.1500336465897945
74,1449,1523,0.1500537992275518
74,1453,1527,0.15008170836526522
73,1448,1521,0.15010753050607445
71,1437,1508,0.15013444300619042
73,1440,1513,0.15016546842901046
74,1437,1511,0.15018841435484276
73,1437,1510,0.15020682894021065
72,1425,1497,0.15022719228196993
74,1428,1502,0.15024914034308437
75,1435,1510,0.15026346001865193
77,1441,1518,0.1502736946903416
76,1438,1514,0.1502772849557097
76,1443,1519,0.1502836812380137
74,1451,1525,0.15028981698757551
74,1450,1524,0.150301446503717
76,1455,1531,0.15031217983099732
72,1446,1518,0.15031600770257592
72,1443,1515,0.15033163309531705
74,1434,1508,0.1503460925264555
74,1437,1511,0.15035354674157225
73,1434,1507,0.150360544190998
73,1425,1498,0.1503700592153689
77,1434,1511,0.15037903274352316
77,1419,1496,0.15037550220765414
78,1413,1491,0.15037229015450745
77,1417,1494,0.15036634348885372
77,1423,1500,0.15036388119932126
74,1434,1508,0.15036164304884753
75,1428,1503,0.15036867011662153
73,1436,1509,0.1503719600776091
71,1441,1512,0.15038131525178233
72,1448,1520,0.15039562083519972
71,1454,1525,0.150405928452399
71,1452,1523,0.15041886185673775
71,1457,1528,0.15043100347670774
73,1448,1521,0.15044231572291344
75,1438,1513,0.1504468102523414
72,1437,1509,0.15044501650952927
75,1433,1508,0.1504527625425764
73,1433,1506,0.15045135965307035
73,1457,1530,0.15045634178041464
71,1456,1527,0.1504609074331719
71,1455,1526,0.1504707809743021
72,1444,1516,0.1504801595513303
71,1449,1520,0.15048617742042406
73,1450,1523,0.1504949811915221
74,1441,1515,0.1504971258452102
72,1450,1522,0.15049623356437258
72,1455,1527,0.15050149059502568
69,1445,1514,0.15050619410497826
70,1464,1534,0.15051927266867526
69,1455,1524,0.15052813106046464
67,1452,1519,0.1505392634293118
69,1438,1507,0.15055528043355074
71,1448,1519,0.15056416424215105
70,1451,1521,0.150566895038543
71,1449,1520,0.1505727365126191
69,1446,1515,0.1505752482097341
67,1441,1508,0.15058378158875224
66,1442,1508,0.1505976973529542
67,1448,1515,0.15061370823058023
66,1442,1508,0.1506256758290473
65,1428,1493,0.15063965087105405
67,1424,1491,0.1506556545656063
66,1437,1503,0.15066468389409246
64,1441,1505,0.15067622842478134
64,1443,1507,0.15069309761553684
64,1451,1515,0.15070885202099554
65,1455,1520,0.1507235784022742
63,1454,1517,0.15073431332021092
63,1449,1512,0.15075040565670006
65,1440,1505,0.15076524406169883
67,1441,1508,0.15077312040884533
69,1443,1512,0.1507745490203353
65,1447,1512,0.15076983844869057
65,1454,1519,0.15077737715113598
64,1446,1510,0.15078444275315195
64,1445,1509,0.15079370560667407
65,1456,1521,0.1508024706326658
64,1447,1511,0.1508073317631206
63,1466,1529,0.150814780854663
63,1464,1527,0.15082463047051634
64,1469,1533,0.15083373774482225
64,1454,1518,0.15083929173184263
63,1461,1524,0.15084471369936325
65,1455,1520,0.15085293416655965
62,1451,1513,0.15085490884339786
61,1463,1524,0.15086598373666973
58,1463,1521,0.15087963926753714
57,1465,1522,0.1509019252088646
61,1466,1527,0.15092570609849992
59,1452,1511,0.1509356091548247
60,1446,1506,0.15095107148807752
60,1458,1518,0.15096250049918739
58,1454,1512,0.15097275601070806
61,1453,1514,0.15098821302604296
61,1449,1510,0.15099338221112224
60,1446,1506,0.15099830647000123
59,1438,1497,0.15100604052754524
60,1442,1502,0.15101624006394831
61,1447,1508,0.15102280614370436
62,1440,1502,0.15102621981666087
59,1457,1516,0.1510265273855934
63,1460,1523,0.15103611265985628
63,1455,1518,0.15103289981181195
61,1450,1511,0.1510297064155343
62,1453,1515,0.15103283989513674
59,1457,1516,0.15103251471170315
62,1456,1518,0.15104125830429674
63,1452,1515,0.1510403008730448
63,1451,1514,0.1510367157395103
62,1458,1520,0.15103321205837092
64,1459,1523,0.15103303719076946
63,1462,1525,0.15102670018597217
64,1452,1516,0.1510239526336182
66,1444,1510,0.15101823419282895
64,1443,1507,0.15100695869946584
65,1451,1516,0.1510025082632998
67,1462,1529,0.1509952620597894
67,1444,1511,0.15098229676334537
66,1450,1516,0.150970035972863
68,1448,1516,0.15096095895365194
67,1450,1517,0.15094677671216641
70,1449,1519,0.1509364457952734
70,1453,1523,0.15091729715897573
70,1451,1521,0.15089970079679418
68,1446,1514,0.15088299689915566
68,1441,1509,0.15087338239038411
69,1444,1513,0.15086420156451782
70,1455,1525,0.1508528478311706
70,1455,1525,0.15083929784887032
68,1445,1513,0.15082669080936742
67,1448,1515,0.15082105326989992
66,1451,1517,0.15081891161656047
67,1446,1513,0.1508200553180451
65,1441,1506,0.150818095388135
64,1436,1500,0.1508222965278749
64,1430,1494,0.15082907146046923
62,1440,1502,0.1508352828837601
64,1441,1505,0.15084664706375386
62,1446,1508,0.1508513406532635
66,1456,1522,0.1508618106925467
65,1438,1503,0.15085928468781476
65,1444,1509,0.15086002592408893
65,1437,1502,0.15086081216690458
65,1451,1516,0.15086185210412567
63,1461,1524,0.1508629012942307
63,1463,1526,0.15087006685454848
61,1465,1526,0.15087680646228455
63,1463,1526,0.15088923378505825
64,1462,1526,0.15089505209338017
63,1465,1528,0.1508975271919305
63,1449,1512,0.15090307548167725
63,1452,1515,0.15090817765619974
62,1441,1503,0.15091253358253529
59,1438,1497,0.15091976787906042
59,1446,1505,0.15093536225336884
60,1453,1513,0.15094987644858648
57,1447,1504,0.15096055427710273
58,1449,1507,0.1509796528531257
54,1457,1511,0.15099411984365269
57,1465,1522,0.15101969768483114
59,1470,1529,0.15103465028647098
59,1461,1520,0.15104254773575818
60,1454,1514,0.15104992363072603
59,1455,1514,0.15105403746689294
59,1455,1514,0.15106091336163197
60,1455,1515,0.151067030585247
59,1452,1511,0.15106967589046139
59,1434,1493,0.15107505419989864
59,1440,1499,0.15107970670361776
58,1442,1500,0.15108396370905777
56,1448,1504,0.15109100738629228
56,1452,1508,0.1511035270385882
60,1447,1507,0.15111520268653444
60,1455,1515,0.15111411206828426
58,1461,1519,0.15111324975531593
60,1463,1523,0.15111882421025477
60,1455,1515,0.15111822133074193
57,1461,1518,0.15111769159350202
56,1452,1508,0.15112623013316193
57,1456,1513,0.15113732820974973
56,1457,1513,0.15114430872443227
57,1457,1514,0.15115380796031957
58,1458,1516,0.1511595448310685
56,1453,1509,0.15116197082097615
57,1467,1524,0.15117035015443545
57,1471,1528,0.15117495660066077
56,1467,1523,0.15117922476518583
55,1456,1511,0.15118632899594434
60,1457,1517,0.15119601747164732
64,1457,1521,0.15118986620682923
62,1456,1518,0.1511719706414092
60,1450,1510,0.15116180041273788
60,1452,1512,0.15115847697536114
61,1452,1513,0.15115532342834367
61,1453,1514,0.15114942235891723
61,1454,1515,0.151144206752034
58,1457,1515,0.1511394809668394
57,1461,1518,0.151144137447922
57,1447,1504,0.15115127590639382
57,1466,1523,0.151158135409524
57,1470,1527,0.15116463599801494
57,1470,1527,0.15117100676521203
58,1467,1525,0.151176798837778
59,1474,1533,0.15117911251205055
58,1461,1519,0.1511783574054523
60,1464,1524,0.15118046658586665
60,1467,1527,0.1511765218270692
62,1464,1526,0.15117285555959264
62,1465,1527,0.15116371054194866
59,1473,1532,0.15115521150580727
56,1469,1525,0.1511562510636107
57,1467,1524,0.15116628320316455
58,1474,1532,0.15117254508212297
59,1461,1520,0.15117547411557855
61,1453,1514,0.15117507017717838
59,1438,1497,0.15116870299458132
61,1441,1502,0.15116874712714132
59,1439,1498,0.15116266601730888
60,1436,1496,0.15116316339856964
63,1437,1500,0.15116034846024048
62,1442,1504,0.1511487278747683
63,1443,1506,0.15114088514785717
61,1455,1516,0.15113060669032571
62,1455,1517,0.1511270838329812
63,1451,1514,0.15112087783780875
64,1448,1512,0.15111193247509397
63,1438,1501,0.15110060807245546
63,1440,1503,0.15109311641449433
62,1436,1498,0.15108621040376438
62,1451,1513,0.15108283247135773
62,1462,1524,0.1510793923853853
63,1452,1515,0.15107611761112855
62,1451,1513,0.15107016810949286
62,1458,1520,0.1510676365303391
62,1456,1518,0.15106511019950847
58,1462,1520,0.15106265039396713
59,1462,1521,0.15107238328870623
61,1458,1519,0.1510780507723805
61,1447,1508,0.15107722586742722
60,1450,1510,0.15107650100072845
60,1455,1515,0.15107903410626153
60,1450,1510,0.1510813441782759
61,1462,1523,0.15108355358216496
62,1461,1523,0.1510827874516161
61,1451,1512,0.15107898136789882
61,1449,1510,0.15107843649090022
61,1452,1513,0.15107762854754941
61,1461,1522,0.15107671269530418
59,1466,1525,0.15107567717181808
60,1463,1523,0.1510807661623691
61,1460,1521,0.15108255885077534
62,1457,1519,0.15108132411692263
63,1451,1514,0.15107703278479134
60,1465,1525,0.1510700741281957
62,1464,1526,0.15107248136337745
59,1457,1516,0.15106842922114558
57,1458,1515,0.15107374114572888
51,1464,1515,0.15108449342086044
54,1468,1522,0.1511127447636063
53,1452,1505,0.1511299315213555
55,1456,1511,0.15114917030301173
58,1448,1506,0.15116116708333227
58,1457,1515,0.15116312902519569
57,1460,1517,0.15116515406176304
56,1462,1518,0.15117007619124798
58,1448,1506,0.151177658390396
59,1449,1508,0.15117861787991735
58,1464,1522,0.1511765823990711
58,1445,1503,0.1511777430276123
59,1449,1508,0.1511789397648112
58,1443,1501,0.1511769977517781
58,1460,1518,0.15117816606904147
58,1466,1524,0.1511794061392602
60,1466,1526,0.15118058214727462
62,1462,1524,0.15117535626391979
62,1453,1515,0.1511645141698799
62,1445,1507,0.1511543914987794
64,1452,1516,0.15114493751411973
64,1466,1530,0.15113029498826971
64,1460,1524,0.15111684772712533
65,1463,1528,0.15110388989787663
62,1467,1529,0.15108878918317786
60,1469,1529,0.15108393395261327
59,1470,1529,0.1510851926979959
61,1467,1528,0.15108932704267344
61,1469,1530,0.1510872241064391
60,1463,1523,0.15108533476250163
60,1451,1511,0.1510864849540377
61,1458,1519,0.15108793271599258
59,1458,1517,0.15108618845191674
60,1442,1502,0.15109071564696208
58,1440,1498,0.15109178951202779
57,1452,1509,0.15109920153744558
57,1465,1522,0.15110933608130506
54,1470,1524,0.15111879729504119
54,1456,1510,0.1511367850159948
59,1452,1511,0.1511535291289353
58,1448,1506,0.15115410621972675
58,1459,1517,0.15115783652865306
58,1461,1519,0.15116110571086458
58,1451,1509,0.15116421348480746
61,1445,1506,0.1511669561725765
62,1442,1504,0.15116025051440224
63,1466,1529,0.15115117135454031
62,1470,1532,0.15113955567922488
65,1457,1522,0.15113189390145892
65,1454,1519,0.15111585851031067
62,1455,1517,0.1511011489807676
61,1456,1517,0.15109642690278258
66,1458,1524,0.15109487209049213
65,1452,1517,0.15107848927010806
67,1441,1508,0.15106632561577193
67,1438,1505,0.15104908026307656
68,1445,1513,0.15103305173399373
67,1457,1524,0.15101503979205552
65,1450,1515,0.1510012942106521
66,1451,1517,0.15099416850441785
66,1449,1515,0.1509844608178771
69,1454,1523,0.15097537481443038
67,1451,1518,0.1509579776455575
66,1443,1509,0.15094744497251547
64,1445,1509,0.1509405760755919
64,1441,1505,0.15094012743384622
64,1442,1506,0.1509398098263162
66,1438,1504,0.15093940123896815
67,1452,1519,0.15093330595779242
66,1447,1513,0.15092450710558405
66,1445,1511,0.1509195065346356
62,1440,1502,0.15091483797660737
64,1450,1514,0.15092239313634162
65,1447,1512,0.15092366210745184
64,1442,1506,0.15092136973143064
67,1456,1523,0.15092212144603756
67,1454,1521,0.1509138788446459
67,1454,1521,0.15090595239826793
67,1445,1512,0.15089860173905348
66,1429,1495,0.15089150499758067
66,1435,1501,0.15088760725197845
65,1427,1492,0.15088393475726736
62,1427,1489,0.15088380367134235
64,1430,1494,0.15089268026883715
66,1445,1511,0.15089480963626725
66,1445,1511,0.1508907519560492
66,1451,1517,0.15088691116535727
67,1432,1499,0.15088330467299843
67,1445,1512,0.15087713474936723
66,1446,1512,0.1508715214437707
69,1442,1511,0.15086948451865934
68,1444,1512,0.15085836347654852
68,1448,1516,0.15085095682037872
68,1446,1514,0.15084445060284019
68,1445,1513,0.1508382157030951
68,1445,1513,0.1508324664170787
68,1442,1510,0.15082675584261607
65,1442,1507,0.1508213946062959
64,1444,1508,0.1508249601962383
64,1440,1504,0.15083144467214527
65,1454,1519,0.1508373918694775
68,1458,1526,0.1508402088381828
68,1450,1518,0.15083425587235347
68,1447,1515,0.15082868870100016
70,1443,1513,0.15082366293041616
71,1434,1505,0.15081263701740866
72,1436,1508,0.15079886099766227
72,1449,1521,0.15078294942849269
74,1435,1509,0.15076800403740312
76,1413,1489,0.15074768350673767
75,1428,1503,0.15072252954025342
73,1428,1501,0.15070190330141364
71,1434,1505,0.15068806809976124
74,1436,1510,0.15068095801794917
73,1440,1513,0.15066510976974537
75,1449,1524,0.1506536653052131
75,1447,1522,0.15063642062226423
76,1449,1525,0.15062023690354712
80,1444,1524,0.15060216762241488
79,1449,1528,0.15057340372440306
78,1457,1535,0.15054934659215286
78,1449,1527,0.15052990440549632
79,1436,1515,0.1505120788920591
77,1417,1494,0.150492443132481
81,1430,1511,0.15048013206311567
80,1446,1526,0.15045653789218924
81,1446,1527,0.15043755091185576
79,1428,1507,0.1504169004242874
78,1437,1515,0.150403482050144
78,1445,1523,0.1503936700644194
80,1442,1522,0.15038430810550202
79,1436,1515,0.15036996101124334
82,1444,1526,0.1503593892310351
83,1431,1514,0.15034075540720734
85,1429,1514,0.15032026203013046
82,1423,1505,0.15029520680411004
83,1428,1511,0.15028101588007994
84,1424,1508,0.15026479515987984
81,1429,1510,0.1502468321871018
81,1427,1508,0.15023896072784926
81,1432,1513,0.15023157645040564
80,1438,1518,0.15022499721062568
79,1436,1515,0.1502217108960482
81,1441,1522,0.15022118973224863
78,1440,1518,0.15021443100814735
80,1439,1519,0.15021691576319934
81,1448,1529,0.15021326825074768
79,1433,1512,0.1502068286478297
81,1432,1513,0.15020668797945974
81,1419,1500,0.1502006140228213
82,1414,1496,0.15019473277349848
82,1416,1498,0.15018608702964292
78,1429,1507,0.1501776676258381
80,1428,1508,0.15018178116741004
80,1423,1503,0.15017924476240466
81,1424,1505,0.15017697957951237
83,1427,1510,0.15017153576663056
83,1419,1502,0.1501607093989777
81,1418,1499,0.15015101929459476
82,1420,1502,0.15014811128278757
84,1429,1513,0.1501424081561884
82,1426,1508,0.15013143126147258
77,1424,1501,0.1501272273066127
77,1423,1500,0.15013861755002292
76,1431,1507,0.15014928825883192
81,1414,1495,0.15016228861425826
80,1418,1498,0.15015952337088698
82,1435,1517,0.15016009510609593
83,1432,1515,0.1501546315291202
81,1426,1507,0.15014669954489068
81,1430,1511,0.1501454512795875
83,1439,1522,0.15014431533816325
80,1439,1519,0.15013720071120137
79,1445,1524,0.15013973857444735
79,1441,1520,0.1501449477032064
79,1420,1499,0.15014985612096005
78,1430,1508,0.15015445123855867
82,1432,1514,0.15016184897285317
82,1423,1505,0.1501567042145352
78,1434,1512,0.15015181293905705
77,1433,1510,0.15015949400745204
75,1437,1512,0.15016943025219684
79,1450,1529,0.15018463281577524
77,1439,1516,0.15018671956511087
76,1437,1513,0.15019468907176378
75,1435,1510,0.15020509044642072
82,1436,1518,0.1502175523642827
82,1439,1521,0.1502083203162324
81,1427,1508,0.15019972432498765
79,1424,1503,0.15019422772095717
79,1437,1516,0.1501948382303376
80,1428,1508,0.15019521639320849
78,1435,1513,0.15019299653683615
76,1426,1502,0.15019691477500685
73,1417,1490,0.15020687314761264
76,1424,1500,0.1502246833423868
77,1438,1515,0.15023250100657745
77,1436,1513,0.15023656874790692
75,1447,1522,0.15024040387801454
75,1447,1522,0.1502503111978837
69,1452,1521,0.15025978064129258
67,1456,1523,0.1502870975150652
68,1448,1516,0.15031843276274068
67,1447,1514,0.1503447652892171
70,1460,1530,0.1503721927260501
69,1452,1521,0.15038883472037445
69,1446,1515,0.1504078220027991
68,1440,1508,0.15042569305932668
68,1443,1511,0.15044533617285588
68,1441,1509,0.15046389494480006
68,1448,1516,0.15048126353359026
66,1451,1517,0.15049759217225542
69,1450,1519,0.15051859468316942
69,1462,1531,0.1505293091149189
70,1465,1535,0.15053936077499064
69,1453,1522,0.15054601710329749
70,1452,1522,0.150555089020782
71,1454,1525,0.15056065184692177
68,1450,1518,0.15056338808911543
67,1445,1512,0.15057525252415874
67,1436,1503,0.15058951701117512
64,1431,1495,0.1506029769728088
66,1435,1501,0.1506246897143403
66,1452,1518,0.15063908662244171
65,1449,1514,0.1506526069599601
65,1453,1518,0.1506684497567477
64,1447,1511,0.15068289846696006
61,1454,1515,0.15069898782928054
62,1447,1509,0.15072297579963642
67,1449,1516,0.1507424549534228
67,1451,1518,0.1507457479562107
66,1454,1520,0.15074921398502217
65,1463,1528,0.15075536119058314
65,1457,1522,0.1507644898205065
64,1451,1515,0.15077310193700533
64,1442,1506,0.15078432958995666
60,1457,1517,0.15079471852382312
60,1445,1505,0.15081650576808472
60,1454,1514,0.15083686293607396
60,1452,1512,0.15085587179645651
58,1462,1520,0.15087357686812486
60,1458,1518,0.15089591392462837
59,1447,1506,0.15091090068608531
58,1439,1497,0.1509276265867057
61,1447,1508,0.1509462192802412
59,1446,1505,0.15095448812161494
61,1444,1505,0.15096808662796068
60,1454,1514,0.1509750470025277
59,1459,1518,0.15098438263482145
57,1456,1513,0.1509963480669609
57,1461,1518,0.15101344719406348
57,1482,1539,0.15102966085926098
56,1467,1523,0.15104513184471866
58,1464,1522,0.15106251497082648
58,1471,1529,0.15107273715686653
54,1465,1519,0.1510824386604439
53,1468,1521,0.15110337444485064
54,1461,1515,0.1511262303608334
53,1457,1510,0.15114422930669985
52,1475,1527,0.15116425989003993
53,1469,1522,0.15118609962914925
52,1463,1515,0.1512038903889754
52,1467,1519,0.15122370245370476
51,1478,1529,0.1512422719143612
48,1470,1518,0.15126271411699868
48,1468,1516,0.15129082729823234
49,1473,1522,0.15131701304213838
49,1469,1518,0.15133858836220848
48,1471,1519,0.15135867072941056
47,1478,1525,0.15138035977525457
46,1481,1527,0.15140371155071278
45,1475,1520,0.15142862432875545
44,1477,1521,0.151454830546477
43,1473,1516,0.1514825942779671
46,1475,1521,0.15151175145552703
48,1476,1524,0.15152986587658399
52,1483,1535,0.15154077384208983
53,1477,1530,0.15153900446171634
52,1465,1517,0.1515347471150691
54,1471,1525,0.15153409438058588
50,1471,1521,0.15152743425256632
54,1491,1545,0.1515335497489451
55,1475,1530,0.1515272640947872
56,1463,1519,0.15151835172996192
57,1462,1519,0.15150726182225255
59,1465,1524,0.15149393713642584
61,1461,1522,0.15147505511046513
60,1450,1510,0.1514515594248337
60,1444,1504,0.15143289125740356
60,1446,1506,0.15141535672148726
59,1453,1512,0.15139918279606945
55,1444,1499,0.15138692541511936
55,1445,1500,0.15138750951007673
57,1462,1519,0.15138796433148186
59,1466,1525,0.15138234104486273
60,1471,1531,0.15137117247729964
61,1456,1517,0.15135779336229596
58,1458,1516,0.15134215454910424
56,1459,1515,0.15133643124076332
56,1452,1508,0.15133718688266717
56,1467,1523,0.1513378423026119
56,1467,1523,0.1513386553488503
57,1469,1526,0.15133944322670678
57,1463,1520,0.15133712114310546
55,1465,1520,0.15133468017396828
57,1465,1522,0.15133843058621316
56,1468,1524,0.15133598128623826
58,1462,1520,0.15133637140214218
59,1459,1518,0.15133068362893617
60,1451,1511,0.15132236209810368
58,1452,1510,0.15131172225970857
63,1457,1520,0.15130770523754886
62,1457,1519,0.15128881284559698
60,1450,1510,0.15127429377056148
60,1460,1520,0.15126658670550042
59,1450,1509,0.15125961778068095
55,1447,1502,0.15125616898705121
55,1448,1503,0.15126497851903228
54,1436,1490,0.15127323643020507
55,1430,1485,0.15128375083705756
54,1440,1494,0.1512903800244639
54,1461,1515,0.15129961651005144
52,1455,1507,0.1513079869594732
50,1455,1505,0.15132174102917972
50,1449,1499,0.15134052609107101
50,1449,1499,0.15135786619663535
53,1457,1510,0.1513741416442245
53,1460,1513,0.15138050286280613
53,1465,1518,0.15138663080867867
53,1455,1508,0.1513926516541529
48,1453,1501,0.1513984337037948
49,1447,1496,0.15141927009377187
48,1454,1502,0.15143557289445028
51,1471,1522,0.15145407301527075
51,1474,1525,0.15146208021150293
51,1474,1525,0.15146961942316856
48,1472,1520,0.15147671689660114
49,1476,1525,0.15149250372507378
49,1466,1515,0.15150434961521372
47,1454,1501,0.1515154660746569
49,1459,1508,0.15153220354359778
48,1459,1507,0.1515418184023945
49,1473,1522,0.15155378956491028
49,1457,1506,0.15156198819097075
48,1469,1517,0.15156980613316895
47,1472,1519,0.15158010014060794
46,1477,1523,0.15159261782456887
44,1478,1522,0.15160740165392306
46,1483,1529,0.15162695658804928
42,1479,1521,0.15163917039993582
41,1474,1515,0.1516628472677135
42,1484,1526,0.15168802322625027
41,1489,1530,0.15170862399964385
40,1487,1527,0.1517311134290723
36,1472,1508,0.15175543623260546
35,1483,1518,0.1517904309720181
35,1466,1501,0.15182610039109473
35,1470,1505,0.15185948216629952
35,1477,1512,0.1518907147576263
37,1467,1504,0.15192016686948867
39,1462,1501,0.15194164629100038
40,1469,1509,0.15195580746128295
39,1478,1517,0.15196596393481074
38,1465,1503,0.15197843266361943
38,1464,1502,0.15199327406731766
39,1465,1504,0.15200712962663684
39,1465,1504,0.15201700517367228
40,1463,1503,0.15202609983873808
43,1462,1505,0.15203164773551392
43,1474,1517,0.1520275293999088
41,1481,1522,0.1520233477858048
41,1468,1509,0.1520254655844383
43,1468,1511,0.15202727332563343
44,1476,1520,0.15202287470946602
43,1481,1524,0.15201562575108649
44,1470,1514,0.15201174686095723
45,1466,1511,0.15200516356789123
47,1459,1506,0.1519961405718698
44,1468,1512,0.15198145865198673
43,1481,1524,0.1519771386627694
43,1482,1525,0.15197602072288605
44,1470,1514,0.15197496837232194
45,1470,1515,0.1519707789472369
44,1478,1522,0.15196375434796378
45,1481,1526,0.15196017764095632
44,1478,1522,0.15195377075248095
47,1473,1520,0.15195109052014139
48,1463,1511,0.151939555419255
48,1464,1512,0.15192579528307057
46,1465,1511,0.15191301295111198
48,1457,1505,0.15190709370927213
48,1482,1530,0.15189558977860476
46,1474,1520,0.15188495960780884
47,1470,1517,0.15188108243710616
45,1468,1513,0.15187441173958344
45,1475,1520,0.15187411782414106
45,1467,1512,0.15187383421748663
45,1477,1522,0.15187352595486936
45,1479,1524,0.15187322935924857
46,1476,1522,0.15187298659415624
47,1466,1513,0.15186953410520898
46,1467,1513,0.15186321130180322
46,1460,1506,0.15186038748012315
47,1467,1514,0.15185751064910313
47,1465,1512,0.15185183441780065
47,1468,1515,0.15184654225326227
46,1468,1514,0.15184159716092094
45,1479,1524,0.15183985756227725
45,1479,1524,0.15184123926051427
45,1476,1521,0.15184248728603156
43,1467,1510,0.1518436222670002
43,1462,1505,0.15185059490513692
44,1478,1522,0.15185722999737028
43,1470,1513,0.15186037357899096
42,1463,1505,0.15186656295527381
41,1471,1512,0.15187536556004283
42,1480,1522,0.15188644488182107
40,1477,1517,0.15189371980023658
39,1484,1523,0.15190675087019742
39,1481,1520,0.151921726292342
40,1469,1509,0.15193587108458625
40,1473,1513,0.15194582653826813
40,1474,1514,0.1519551098427491
41,1464,1505,0.15196387855349802
40,1466,1506,0.15196913657785108
40,1472,1512,0.1519773464705274
42,1471,1513,0.1519850108384039
43,1477,1520,0.15198615818892527
44,1464,1508,0.15198426936640957
44,1463,1507,0.15197950725246945
45,1465,1510,0.1519752246379279
45,1486,1531,0.15196842030277652
45,1479,1524,0.15196210822396114
44,1482,1526,0.15195623390437699
45,1463,1508,0.15195377477609526
45,1468,1513,0.1519485471173269
44,1482,1526,0.15194368255681268
46,1492,1538,0.15194212296639584
45,1488,1533,0.1519346490996868
46,1482,1528,0.15193077242222353
45,1477,1522,0.15192414745401547
43,1468,1511,0.15192095070370515
47,1464,1511,0.15192413807800487
48,1452,1500,0.15191482566783032
48,1468,1516,0.1519030473016983
48,1458,1506,0.15189203849540786
49,1480,1529,0.1518817980728423
49,1471,1520,0.15186932051646848
48,1485,1533,0.15185771875976692
48,1470,1518,0.15184973191588585
47,1469,1516,0.15184227616459542
48,1477,1525,0.15183829718116282
47,1475,1522,0.151831507895165
47,1471,1518,0.15182824060315447
47,1471,1518,0.15182501474297322
45,1473,1518,0.15182212698574926
44,1477,1521,0.1518253536541626
44,1479,1523,0.15183140530478417
46,1477,1523,0.15183702644688468
46,1476,1522,0.15183626072860557
45,1471,1516,0.15183554984586414
43,1473,1516,0.15183783603840595
41,1477,1518,0.15184601084354565
42,1479,1521,0.15185984631835858
39,1479,1518,0.15186953796033353
41,1482,1523,0.15188786824954112
40,1484,1524,0.15189889291612943
38,1490,1528,0.15191221965527973
37,1492,1529,0.1519307843570516
39,1486,1525,0.1519510618907154
39,1494,1533,0.15196388113332604
39,1490,1529,0.15197589530285
38,1494,1532,0.15198713437191413
38,1488,1526,0.1520006598769964
36,1472,1508,0.15201327035790965
36,1482,1518,0.15203120305762777
38,1478,1516,0.15204788399385383
38,1470,1508,0.15205729802926768
38,1491,1529,0.15206610386098973
37,1474,1511,0.15207437236120355
37,1486,1523,0.1520851410776266
35,1491,1526,0.15209520252434852
36,1484,1520,0.152110770911373
36,1480,1516,0.15212224377888703
35,1490,1525,0.15213299400165906
35,1491,1526,0.15214609937506876
33,1491,1524,0.15215837149787387
33,1498,1531,0.1521760569808273
33,1497,1530,0.15219255843695342
33,1492,1525,0.1522079823970439
31,1497,1528,0.1522222881956052
32,1494,1526,0.1522417254193872
30,1480,1510,0.15225678332393627
32,1487,1519,0.15227716808345662
32,1484,1516,0.1522901354835865
32,1485,1517,0.15230230147913631
31,1484,1515,0.15231361508149877
32,1491,1523,0.1523273582609567
33,1489,1522,0.15233719000475943
33,1490,1523,0.15234338474916487
30,1488,1518,0.15234920889521153
30,1493,1523,0.15236426678716458
30,1495,1525,0.1523783524266377
29,1495,1524,0.1523915541919281
29,1487,1516,0.15240693814265394
29,1492,1521,0.1524213327838906
30,1485,1515,0.152434830615778
30,1482,1512,0.15244443414545292
28,1474,1502,0.15245345779555794
29,1473,1502,0.15246805841938857
29,1479,1508,0.1524785992189493
29,1484,1513,0.15248848874228021
28,1490,1518,0.1524977607605628
28,1491,1519,0.15250948971432693
29,1493,1522,0.1525205805792535
29,1489,1518,0.152527892487104
28,1490,1518,0.1525347580052422
28,1489,1517,0.15254431306707217
28,1496,1524,0.15255325577044232
27,1490,1517,0.15256164867418728
28,1490,1518,0.15257265675770484
28,1496,1524,0.15257989749402484
28,1495,1523,0.15258671194400064
25,1495,1520,0.15259311390446995
27,1487,1514,0.15260829730564793
28,1490,1518,0.1526163808622821
29,1489,1518,0.1526209109605192
29,1488,1517,0.15262212208606762
28,1491,1519,0.15262330266782512
28,1471,1499,0.15262752097580687
26,1480,1506,0.15263146343036718
27,1478,1505,0.1526412717095944
28,1482,1510,0.15264728351838258
28,1490,1518,0.15264980143530643
26,1504,1530,0.1526521645971912
24,1486,1510,0.15266056399955694
27,1479,1506,0.15267458586897997
25,1475,1500,0.15267837136847068
25,1476,1501,0.15268818373731075
26,1487,1513,0.15269738981256212
26,1495,1521,0.15270290789030266
26,1509,1535,0.15270814718136294
27,1494,1521,0.1527130766907048
28,1490,1518,0.15271463955680276
28,1494,1522,0.1527130825236029
27,1494,1521,0.15271167709505548
26,1484,1510,0.1527135490583086
25,1488,1513,0.1527184116684182
24,1482,1506,0.15272602812451339
24,1488,1512,0.15273624440577993
24,1499,1523,0.15274576854798888
25,1507,1532,0.15275468782230595
24,1495,1519,0.15275998600995294
23,1495,1518,0.152768109654159
25,1494,1519,0.15277888437439954
27,1510,1537,0.1527827848478429
27,1510,1537,0.1527802688189761
27,1513,1540,0.15277796790858322
26,1494,1520,0.1527758551278088
24,1485,1509,0.15277696346397204
24,1497,1521,0.1527841784296944
26,1486,1512,0.15279090652915858
26,1485,1511,0.15279099585848724
26,1486,1512,0.15279116497139364
25,1492,1517,0.15279135761456122
25,1496,1521,0.15279464542006185
24,1499,1523,0.1527977307976115
25,1488,1513,0.15280379617555112
24,1492,1516,0.15280632688696597
24,1499,1523,0.15281181886220663
24,1504,1528,0.1528169734464679
24,1493,1517,0.1528218037175369
24,1499,1523,0.15282632979606814
24,1485,1509,0.1528305715872048
23,1490,1513,0.1528345476374263
24,1496,1520,0.15284135885440703
23,1511,1534,0.15284453811264487
24,1503,1527,0.15285055447790938
22,1495,1517,0.15285301705397644
20,1498,1518,0.15286152049176133
22,1501,1523,0.15287570427759234
22,1496,1518,0.15288277085656332
22,1482,1504,0.1528894553879352
22,1483,1505,0.15289573816585944
23,1476,1499,0.15290163328199427
22,1470,1492,0.1529040333409336
20,1473,1493,0.15290942433032556
22,1483,1505,0.15292059695236604
27,1480,1507,0.15292465718401352
28,1480,1508,0.1529127826669348
28,1487,1515,0.15289870575210796
28,1497,1525,0.1528855886764606
28,1499,1527,0.15287327814737042
27,1494,1521,0.1528617336949616
26,1487,1513,0.15285407728313424
27,1482,1509,0.1528500172765812
26,1476,1502,0.15284307530828353
26,1476,1502,0.15283968802995876
27,1476,1503,0.15283645319846503
28,1492,1520,0.1528302898297052
29,1492,1521,0.15282138912902982
30,1487,1517,0.1528099639650212
30,1475,1505,0.15279618028970993
30,1465,1495,0.15278328149803846
29,1482,1511,0.15277119018977103
28,1493,1521,0.15276294848867505
28,1494,1522,0.15275837942275378
27,1488,1515,0.15275405819907426
27,1486,1513,0.15275308481459857
27,1489,1516,0.15275216648536236
26,1496,1522,0.15275129819011174
28,1491,1519,0.15275358766000077
28,1481,1509,0.1527495064308936
31,1487,1518,0.15274569418420975
29,1484,1513,0.15273277096554494
28,1485,1513,0.15272687317383396
30,1487,1517,0.1527244600675098
31,1477,1508,0.15271599335888386
31,1490,1521,0.1527050199064451
30,1483,1513,0.15269477959881725
30,1481,1511,0.15268829444526258
31,1480,1511,0.1526821876301864
31,1467,1498,0.15267330989180447
31,1476,1507,0.15266498682983554
34,1482,1516,0.15265719870319733
33,1482,1515,0.1526406468847169
31,1489,1520,0.1526283437675512
33,1488,1521,0.15262308851860285
33,1486,1519,0.15261196150329678
33,1485,1518,0.15260158307436775
29,1485,1514,0.1525918719663478
29,1490,1519,0.15259503564187976
30,1483,1513,0.152597900343352
28,1480,1508,0.1525974815969009
28,1483,1511,0.15260321962995915
29,1470,1499,0.15260853822021342
29,1473,1502,0.1526103918676458
30,1478,1508,0.15261216322266732
30,1474,1504,0.15261066652833746
30,1489,1519,0.15260927823892678
33,1486,1519,0.1526080423709447
31,1489,1520,0.15259774356340697
30,1487,1517,0.15259431528286224
26,1496,1522,0.1525941904776261
28,1501,1529,0.15260634716832822
27,1496,1523,0.1526115343598042
26,1499,1525,0.1526194904857358
26,1493,1519,0.1526300112769936
26,1493,1519,0.15263984525761107
25,1490,1515,0.15264905067112985
25,1483,1508,0.15266073775069666
25,1492,1517,0.1526715899795875
24,1504,1528,0.15268170078115167
23,1501,1524,0.1526942483896871
24,1487,1511,0.15270907152681462
25,1487,1512,0.1527197932304739
24,1488,1512,0.15272672472529966
22,1469,1491,0.15273640828245247
22,1469,1491,0.1527517632184319
23,1475,1498,0.15276616859898925
22,1478,1500,0.1527765323625176
22,1476,1498,0.15278936730623097
21,1475,1496,0.15280139609152502
24,1486,1510,0.15281579029090056
23,1489,1512,0.1528199443482228
21,1501,1522,0.1528269839800604
20,1506,1526,0.15283982089789816
20,1496,1516,0.152854965369662
19,1497,1516,0.15286916657160451
19,1500,1519,0.15288561082362498
18,1495,1513,0.15290101996805813
17,1499,1516,0.15291862908091294
17,1511,1528,0.15293830830178817
17,1507,1524,0.1529567778021384
18,1502,1520,0.15297410209721846
19,1489,1508,0.15298719969098765
20,1498,1518,0.15299636384190568
20,1495,1515,0.15300177753153066
20,1504,1524,0.15300684720757357
23,1488,1511,0.15301159792745594
23,1492,1515,0.1530066420517276
21,1496,1517,0.1530020171119336
21,1475,1496,0.1530039611594754
23,1495,1518,0.15300574735018113
23,1500,1523,0.15300112038762265
21,1490,1511,0.15299681668564044
22,1491,1513,0.15299910959554908
23,1493,1516,0.15299810378585416
25,1494,1519,0.1529940319430386
25,1499,1524,0.15298396581853818
25,1492,1517,0.15297456181402386
25,1482,1507,0.1529657587701621
22,1471,1493,0.15295751679596054
21,1500,1521,0.15295920643654656
22,1504,1526,0.15296393301491343
22,1504,1526,0.15296532254235867
21,1507,1528,0.15296666555654176
21,1509,1530,0.15297101893808876
21,1516,1537,0.1529750828818903
22,1511,1533,0.152978870635904
22,1515,1537,0.1529793086905228
22,1508,1530,0.15297973611726892
21,1496,1517,0.15298014273779884
21,1489,1510,0.15298363472089443
20,1494,1514,0.15298689485938824
20,1489,1509,0.15299305842616046
18,1495,1513,0.15299882450574112
18,1487,1505,0.1530105278724185
18,1485,1503,0.1530214950772507
17,1508,1525,0.1530317806075645
15,1495,1510,0.1530445490221185
14,1498,1512,0.1530628227835506
14,1495,1509,0.15308311539939745
15,1495,1510,0.1531021505792592
12,1495,1507,0.15311685566426106
11,1494,1505,0.15314011364189434
12,1499,1511,0.15316510950382342
12,1505,1517,0.15318540355346225
11,1500,1511,0.1532044613033932
11,1513,1524,0.15322549865514815
10,1505,1515,0.15324523765205014
10,1498,1508,0.15326693517219125
10,1519,1529,0.1532873082802616
10,1506,1516,0.15330643968862834
11,1505,1516,0.15332440271120093
11,1505,1516,0.15333808798265863
11,1512,1523,0.15335095392926731
13,1517,1530,0.1533630399942767
13,1511,1524,0.15336803138053978
13,1506,1519,0.15337273897247933
13,1514,1527,0.15337716864782158
13,1507,1520,0.15338133499979867
13,1507,1520,0.15338525370760472
13,1506,1519,0.15338893957107155
14,1500,1514,0.15339240638622634
14,1498,1512,0.15339246292554634
15,1503,1518,0.15339251749598454
16,1495,1511,0.1533893982475914
16,1496,1512,0.15338332406047958
17,1482,1499,0.15337757893922183
17,1499,1516,0.15336902059260418
16,1492,1508,0.15336102395779588
16,1504,1520,0.15335664604081545
15,1495,1510,0.15335255054960353
17,1491,1508,0.15335189578228878
17,1491,1508,0.15334491450455848
17,1481,1498,0.15333842024884572
17,1492,1509,0.15333235465035208
16,1502,1518,0.15332668473033084
16,1503,1519,0.15332454319991382
17,1508,1525,0.15332254461038178
18,1511,1529,0.15331750675054584
19,1507,1526,0.15330965343710554
18,1501,1519,0.15329921369486868
16,1491,1507,0.15329271703015923
14,1510,1524,0.15329291168890985
16,1496,1512,0.15329943673610383
15,1501,1516,0.153299291196792
14,1504,1518,0.15330231639945377
14,1495,1509,0.15330844846385422
14,1487,1501,0.1533142489078911
13,1491,1504,0.15331972298480626
13,1496,1509,0.15332797929192263
13,1501,1514,0.15333573170001374
13,1510,1523,0.15334300800581727
13,1507,1520,0.15334983637968314
14,1508,1522,0.15335624401435816
13,1497,1510,0.15335910241735373
13,1502,1515,0.15336505475073303
14,1487,1501,0.1533706754388095
14,1494,1508,0.15337283090628645
15,1487,1502,0.15337487346202183
15,1501,1516,0.1533736036374616
14,1501,1515,0.15337242040865623
15,1502,1517,0.15337441915396113
16,1499,1515,0.15337309018430267
18,1497,1515,0.15336871110495232
17,1494,1511,0.15335829687566702
17,1505,1522,0.15335166543501258
16,1500,1516,0.15334554832214692
16,1503,1519,0.15334295504586432
16,1501,1517,0.1533405164466325
16,1500,1516,0.1533382262053675
14,1505,1519,0.15333607860658768
14,1510,1524,0.1533404221921257
15,1515,1530,0.1533445050683597
15,1516,1531,0.15334517355213978
14,1528,1542,0.15334569798890235
13,1517,1530,0.15334934628581945
13,1520,1533,0.15335581622829617
12,1504,1516,0.15336184100112465
11,1500,1511,0.15337060689369048
14,1509,1523,0.1533820555312414
14,1504,1518,0.15338344587155606
15,1497,1512,0.1533847787725221
15,1493,1508,0.15338290816542938
15,1496,1511,0.1533812380531414
15,1507,1522,0.15337972471895264
14,1514,1528,0.15337833900455325
14,1508,1522,0.15338016868099205
14,1498,1512,0.15338189538968106
14,1497,1511,0.15338352731137297
15,1494,1509,0.15338506715106817
17,1492,1509,0.15338332647502453
17,1499,1516,0.1533754697173265
17,1491,1508,0.15336813018976606
16,1499,1515,0.15336125981547588
17,1494,1511,0.15335791977615149
17,1500,1517,0.15335166136973677
18,1511,1529,0.1533458067567773
18,1502,1520,0.1533371114931529
18,1509,1527,0.1533290145300391
17,1512,1529,0.1533214219596004
16,1513,1529,0.15331745484761317
15,1513,1528,0.15331681466258953
15,1510,1525,0.1533193027948533
15,1509,1524,0.1533215985014835
15,1494,1509,0.1533237312742086
15,1488,1503,0.15332571396712627
14,1498,1512,0.15332755856695204
15,1499,1514,0.1533323744411312
15,1509,1524,0.15333379018085438
14,1499,1513,0.15333511629659027
14,1494,1508,0.15333944712076597
15,1492,1507,0.15334349315388793
15,1502,1517,0.15334412550396118
15,1492,1507,0.15334472216465364
16,1507,1523,0.15334527071623674
15,1496,1511,0.1533426723292299
14,1508,1522,0.15334333646694343
15,1500,1515,0.15334708002323968
13,1494,1507,0.15334745878459416
13,1504,1517,0.15335406406293553
13,1501,1514,0.1533602481011071
13,1507,1520,0.15336605407149834
14,1501,1515,0.1533714882212196
15,1496,1511,0.15337338665437097
14,1505,1519,0.15337197708360012
15,1501,1516,0.15337382343931508
15,1510,1525,0.1533724159015292
15,1516,1531,0.153371086506067
15,1521,1536,0.15336983936257628
15,1502,1517,0.1533686724290349
13,1501,1514,0.1533675809570743
14,1499,1513,0.15337284857160807
14,1492,1506,0.15337462203724606
14,1494,1508,0.15337627751117275
15,1509,1524,0.1533778232938699
15,1518,1533,0.15337611092335415
16,1501,1517,0.15337450707339162
15,1494,1509,0.15336982838361138
15,1496,1511,0.15336861547907785
14,1504,1518,0.1533674709239108
15,1510,1525,0.15336955459320362
15,1501,1516,0.15336837573632608
16,1496,1512,0.15336727202868441
15,1503,1518,0.15336314447254842
16,1492,1508,0.15336240584137475
16,1505,1521,0.15335859315690414
16,1492,1508,0.15335503788259963
17,1505,1522,0.15335170892150882
17,1500,1517,0.15334546945959193
17,1492,1509,0.15333962903632714
15,1491,1506,0.1533341597128989
15,1502,1517,0.1533352374009205
15,1497,1512,0.153336238254731
17,1491,1508,0.15333716063686137
18,1494,1512,0.15333177601910697
18,1494,1512,0.15332355764122502
17,1499,1516,0.15331585946680273
18,1483,1501,0.15331176273927088
18,1491,1509,0.1533047921334801
18,1481,1499,0.15329826282834141
18,1485,1503,0.15329214693255339
18,1489,1507,0.15328641830348924
18,1502,1520,0.15328104306739582
17,1497,1514,0.15327601893354573
17,1507,1524,0.1532744756929447
17,1494,1511,0.1532730292915467
16,1494,1510,0.15327166636799727
16,1483,1499,0.15327346827650878
16,1479,1495,0.15327514865922434
16,1487,1503,0.15327677187628397
15,1500,1515,0.15327830507733226
16,1500,1516,0.15328284726487895
15,1498,1513,0.1532840061457134
16,1501,1517,0.1532881487325101
16,1498,1514,0.15328887261891505
16,1491,1507,0.15328954978898113
16,1488,1504,0.15329018337670766
15,1479,1494,0.15329077490880028
14,1488,1502,0.15329442103253418
14,1492,1506,0.15330095540559172
14,1493,1507,0.15330707068714275
15,1498,1513,0.15331281140187553
17,1501,1518,0.15331501642631093
16,1512,1528,0.1533108814841147
16,1500,1516,0.1533102245994598
18,1502,1520,0.1533096173516926
18,1496,1514,0.15330267492098945
17,1502,1519,0.15329619033781114
16,1501,1517,0.1532932260870773
15,1499,1514,0.15329355127183475
16,1506,1522,0.1532970272049585
16,1506,1522,0.15329718031360334
16,1499,1515,0.15329734601112896
16,1499,1515,0.1532975097412541
16,1498,1514,0.15329766832269287
15,1507,1522,0.15329782080838122
14,1502,1516,0.15330108465309045
14,1508,1522,0.15330725636829562
14,1503,1517,0.15331303201137175
15,1505,1520,0.1533184443571643
15,1516,1531,0.15332034875293793
15,1523,1538,0.1533221665582176
15,1512,1527,0.15332387762772348
15,1506,1521,0.15332548689077663
14,1513,1527,0.15332700011922948
15,1507,1522,0.15333156652313504
14,1488,1502,0.15333270437628244
16,1483,1499,0.15333696067952193
16,1495,1511,0.15333464046798997
17,1501,1518,0.15333246709867254
18,1492,1510,0.15332730841695408
17,1493,1510,0.15331932633838913
15,1493,1508,0.1533150286212568
15,1486,1501,0.15331726994560468
15,1497,1512,0.15331936723551867
15,1515,1530,0.15332133906595227
14,1516,1530,0.15332319240823442
14,1509,1523,0.15332804486073917
14,1510,1524,0.15333259167818558
13,1506,1519,0.15333686897418017
14,1514,1528,0.15334399621430314
15,1509,1524,0.15334753154634417
15,1499,1514,0.15334768374492166
16,1513,1529,0.15334785538247708
15,1506,1521,0.15334490794169298
12,1505,1517,0.15334529675850433
13,1508,1521,0.15335506973175225
13,1504,1517,0.15336106806186284
15,1504,1519,0.1533666819542463
15,1510,1525,0.1533656780294251
15,1495,1510,0.1533647598136913
15,1507,1522,0.15336391737517077
15,1494,1509,0.1533631440179495
15,1485,1500,0.15336243307148137
17,1492,1509,0.15336174528608257
17,1485,1502,0.1533547980093464
17,1500,1517,0.15334829703958647
18,1493,1511,0.1533422022634098
19,1498,1517,0.15333337168728378
18,1503,1521,0.15332197423482719
18,1511,1529,0.15331442537095305
19,1500,1519,0.15330735441223958
19,1499,1518,0.15329761938451186
18,1497,1515,0.1532885108548112
19,1505,1524,0.15328311377151718
17,1511,1528,0.15327493722556354
17,1509,1526,0.15327354344372002
17,1514,1531,0.15327221488058723
17,1503,1520,0.1532709739663581
17,1500,1517,0.1532698153413183
16,1493,1509,0.15326873207549313
16,1487,1503,0.15327081514885044
18,1488,1506,0.1532727733315036
18,1493,1511,0.15326839426478153
18,1499,1517,0.15326433694570935
18,1502,1520,0.15326054671251907
19,1509,1528,0.15325710706390258
18,1507,1525,0.15325070067786825
19,1519,1538,0.15324781373331198
19,1523,1542,0.15324200946102354
19,1509,1528,0.15323660506958214
19,1514,1533,0.1532315606425142
18,1511,1529,0.1532268476837107
18,1507,1525,0.1532256329178261
18,1506,1524,0.15322451563001926
18,1504,1522,0.15322348476282754
16,1494,1510,0.1532225291334135
17,1500,1517,0.15322791259559843
17,1505,1522,0.15322984167977396
16,1503,1519,0.15323164408211562
16,1505,1521,0.15323640092696347
15,1494,1509,0.15324085592718004
13,1493,1506,0.15324815916639106
14,1501,1515,0.1532612026212236
13,1502,1515,0.15327022274395477
14,1500,1514,0.15328180910951703
14,1499,1513,0.1532895870963649
13,1504,1517,0.15329689509291147
14,1514,1528,0.15330687656153202
13,1518,1531,0.15331309539975088
13,1507,1520,0.15332206330476342
13,1507,1520,0.15333046051026775
14,1509,1523,0.15333832237678885
14,1502,1516,0.15334254230975466
14,1504,1518,0.15334650005822165
14,1509,1523,0.15335020419414286
14,1518,1532,0.15335368547754563
15,1522,1537,0.1533569460559781
15,1522,1537,0.15335688469289185
16,1508,1524,0.15335684479174036
16,1505,1521,0.15335365932527215
16,1513,1529,0.1533506909180545
16,1511,1527,0.15334791596322497
16,1501,1517,0.1533453212463258
16,1505,1521,0.15334289529072753
15,1498,1513,0.1533406271143885
14,1510,1524,0.15334161032921828
15,1514,1529,0.15334561421008602
15,1512,1527,0.15334626826514128
17,1517,1534,0.15334685685175775
18,1515,1533,0.1533410770685006
18,1496,1514,0.15333263717425255
19,1509,1528,0.1533247689842126
19,1505,1524,0.15331426465763898
17,1506,1523,0.15330445121235353
16,1504,1520,0.15330153201823243
17,1507,1524,0.15330190654119247
16,1520,1536,0.1532991484222977
16,1513,1529,0.1532996695778818
15,1509,1524,0.1533001509685861
14,1513,1527,0.15330372152204372
14,1510,1524,0.15331020630935227
13,1510,1523,0.15331630125658102
13,1509,1522,0.15332520366645344
13,1511,1524,0.15333347048837237
13,1510,1523,0.1533411857675009
12,1508,1520,0.15334839552141455
12,1518,1530,0.15335827869253887
12,1526,1538,0.15336753084722957
11,1520,1531,0.1533761990949523
11,1520,1531,0.15338744918642477
12,1523,1535,0.1533979955874693
13,1524,1537,0.15340465359332497
13,1516,1529,0.1534077545695302
13,1523,1536,0.15341080495823842
13,1515,1528,0.15341372941087714
13,1513,1526,0.15341651214273863
13,1507,1520,0.15341915008771834
15,1501,1516,0.15342164507823441
15,1497,1512,0.1534176973769735
15,1493,1508,0.15341403087687644
16,1488,1504,0.1534106122144544
16,1490,1506,0.15340432553168729
16,1481,1497,0.15339845977647876
16,1492,1508,0.1533929970539081
14,1498,1512,0.15338790744122024
14,1513,1527,0.1533894187973322
13,1507,1520,0.15339075044357192
13,1523,1536,0.1533950867635397
13,1516,1529,0.15339913553274603
12,1513,1525,0.15340291662630157
11,1506,1517,0.15340954025847742
11,1513,1524,0.15341883900083805
11,1513,1524,0.15342754940401818
11,1514,1525,0.1534356916111344
10,1510,1520,0.15344330403454523
10,1514,1524,0.15345356459364545
10,1523,1533,0.153463152769394
9,1522,1531,0.15347215359656086
8,1515,1523,0.15348378567080243
7,1502,1509,0.15349786571431878
7,1509,1516,0.15351425515526068
6,1520,1526,0.15352960993197598
6,1513,1519,0.15354720122837193
7,1518,1525,0.15356370073292877
7,1529,1536,0.1535759993146174
7,1528,1535,0.15358752289635924
6,1521,1527,0.1535983292373253
6,1523,1529,0.1536116513716464
6,1522,1528,0.1536241707310418
6,1520,1526,0.15363592477535126
5,1517,1522,0.15364695608674772
5,1511,1516,0.15366050151846747
5,1504,1509,0.15367322422724441
6,1506,1512,0.1536851667668176
5,1510,1515,0.153693128703933
6,1501,1507,0.15370383869563362
6,1515,1521,0.1537106589851161
6,1524,1530,0.1537170910134472
6,1520,1526,0.1537231555305575
8,1518,1526,0.1537288657011743
8,1519,1527,0.1537277439476237
8,1523,1531,0.15372678136212845
8,1502,1510,0.15372591822937537
9,1504,1513,0.15372513591508127
9,1502,1511,0.15372121511421968
9,1493,1502,0.15371755473998933
9,1500,1509,0.15371413724478644
9,1499,1508,0.15371094602377444
10,1499,1509,0.15370796535864273
9,1499,1508,0.15370199764007184
8,1507,1515,0.15369963631367103
8,1507,1515,0.1537006396689198
7,1517,1524,0.15370159356838498
7,1522,1529,0.15370568115548836
7,1516,1523,0.15370949113156812
6,1520,1526,0.15371304031699093
7,1515,1522,0.15371955415087704
7,1502,1509,0.15372246323573444
7,1514,1521,0.15372519532255363
7,1516,1523,0.15372775955444964
7,1497,1504,0.15373016649818233
7,1503,1510,0.15373242599690715
6,1500,1506,0.15373454713024193
6,1506,1512,0.15373973269400948
7,1502,1509,0.15374457991961607
7,1511,1518,0.15374590059830645
7,1489,1496,0.1537471544998984
7,1500,1507,0.15374834313923702
7,1496,1503,0.15374946713512017
7,1510,1517,0.15375052800717803
7,1519,1526,0.15375152807833103
6,1523,1529,0.15375247006696532
6,1521,1527,0.15375662408514784
6,1508,1514,0.15376046251542283
7,1515,1522,0.1537640423848059
5,1512,1517,0.1537641997166566
5,1507,1512,0.1537708310710106
5,1510,1515,0.153776996088206
4,1502,1506,0.15378275825812338
4,1504,1508,0.15379135072353364
4,1506,1510,0.15379939024713438
5,1515,1520,0.15380692137893928
5,1513,1518,0.15381075737052918
6,1513,1519,0.1538143741593367
5,1495,1500,0.1538145682809047
5,1513,1518,0.15381799561555776
4,1511,1515,0.15382121653806852
4,1516,1520,0.15382747301526264
4,1504,1508,0.1538333323617826
5,1491,1496,0.15383881955885775
5,1488,1493,0.1538407380621431
5,1503,1508,0.153842571285349
5,1517,1522,0.15384429608935968
5,1507,1512,0.15384591700502137
5,1504,1509,0.15384744017453744
4,1507,1511,0.15384887148778073
3,1504,1507,0.15385342778696004
3,1518,1521,0.15386089230451316
3,1515,1518,0.1538678761843314
3,1515,1518,0.15387442655141143
3,1535,1538,0.15388057063084937
3,1529,1532,0.15388633429215692
3,1535,1538,0.1538917419044014
3,1521,1524,0.15389681621258994
3,1504,1507,0.15390157839785665
3,1512,1515,0.1539060481876051
3,1512,1515,0.15391024397032485
3,1510,1513,0.15391418290252862
3,1512,1515,0.153917881005318
4,1517,1521,0.15392135325102196
4,1513,1517,0.1539213334682543
4,1511,1515,0.15392133974226602
4,1513,1517,0.15392136329503142
4,1529,1533,0.1539213981897936
4,1528,1532,0.15392144031559363
3,1519,1522,0.15392148695120825
2,1534,1536,0.15392478899002301
2,1530,1532,0.15393116154224726
2,1526,1528,0.15393713632198958
2,1524,1526,0.15394273732847866
2,1514,1516,0.15394799013926053
2,1515,1517,0.15395291811763273
2,1510,1512,0.15395754251141563
2,1512,1514,0.15396188283981072
2,1510,1512,0.15396595715327965
2,1505,1507,0.15396978221261973
2,1517,1519,0.1539733736226356
2,1514,1516,0.15397674593851207
2,1524,1526,0.15397991275435516
2,1515,1517,0.15398288677920619
2,1512,1514,0.1539856799037245
2,1506,1508,0.1539883032595858
2,1512,1514,0.15399076727298378
2,1514,1516,0.1539930817132206
1,1508,1509,0.15399525573711229
1,1520,1521,0.15400057520750515
1,1526,1527,0.15400556276936542
1,1526,1527,0.1540102431433078
1,1532,1533,0.15401463480618702
1,1529,1530,0.15401875628017936
1,1520,1521,0.15402262491075422
1,1521,1522,0.1540262567874966
1,1513,1514,0.15402966684489952
1,1523,1524,0.15403286897447915
1,1512,1513,0.15403587612275868
1,1516,1517,0.15403870037429898
1,1515,1516,0.1540413530226368
1,1513,1514,0.15404384463185875
1,1515,1516,0.15404618509087228
1,1506,1507,0.1540483836618584
1,1513,1514,0.1540504490239755
1,1504,1505,0.1540523893130949
1,1509,1510,0.15405421215815274
1,1512,1513,0.15405592471456755
1,1521,1522,0.15405753369507558
1,1532,1533,0.1540590453982684
1,1530,1531,0.15406046573506793
1,1529,1530,0.15406180025333396
1,1536,1537,0.15406305416077293
1,1523,1524,0.1540642323462916
1,1508,1509,0.15406533939992395
1,1513,1514,0.15406637963144199
1,1517,1518,0.15406735708775138
1,1515,1516,0.15406827556916125
1,1510,1511,0.15406913864460947
1,1519,1520,0.15406994966591725
1,1517,1518,0.15407071178113985
1,1517,1518,0.1540714279470757
1,1516,1517,0.15407210094098972
1,1519,1520,0.1540727333716038
1,1515,1516,0.1540733276894023
1,1515,1516,0.15407388619629675
1,1526,1527,0.15407441105469202
1,1508,1509,0.15407490429599183
1,1520,1521,0.15407536782857906
1,1511,1512,0.15407580344530505
1,1515,1516,0.15407621283051806
1,1520,1521,0.15407659756666034
1,1522,1523,0.15407695914046055
1,1528,1529,0.15407729894874692
1,1526,1527,0.15407761830390485
1,1525,1526,0.15407791843900095
1,1519,1520,0.15407820051259402
1,1523,1524,0.15407846561325259
1,1511,1512,0.15407871476379686
2,1527,1529,0.1540789489252826
1,1515,1516,0.15407586756483788
1,1512,1513,0.15407629013341956
1,1504,1505,0.154076673568997
1,1513,1514,0.1540770346979454
1,1515,1516,0.1540773739513809
1,1515,1516,0.15407769231824478
1,1521,1522,0.1540779910310374
2,1515,1517,0.15407827132822466
2,1515,1517,0.15407522623420344
2,1525,1527,0.15407238596960635
2,1519,1521,0.15406972637145921
2,1518,1520,0.15406723545802606
2,1507,1509,0.1540649014507369
2,1506,1508,0.15406271354534407
2,1512,1514,0.15406066189478446
2,1514,1516,0.15405873748547588
2,1505,1507,0.15405693202471263
2,1514,1516,0.15405523785088346
2,1524,1526,0.15405364786244222
1,1516,1517,0.1540521554606413
1,1519,1520,0.15405402425535825
1,1517,1518,0.15405578541640108
1,1514,1515,0.15405743920456172
1,1504,1505,0.15405899038307078
1,1497,1498,0.15406044504451372
1,1515,1516,0.15406180934064356
1,1532,1533,0.15406308911551223
1,1535,1536,0.15406428982742804
0,1528,1528,0.1540654165520795
