1369,31,1400,0.13582066324608116
1417,29,1446,0.13297887912935585
1431,31,1462,0.13025344680489304
1446,32,1478,0.12773118350914064
1445,32,1477,0.12539383443749508
1459,32,1491,0.1232681439595265
1455,32,1487,0.12129623517487015
1456,34,1490,0.11951132429711339
1460,33,1493,0.11788392960419149
1459,34,1493,0.11639239209061589
1468,35,1503,0.11503722765814611
1456,37,1493,0.11378162488370985
1468,39,1507,0.11266718855330948
1459,41,1500,0.11162416975073838
1459,40,1499,0.11069615161628982
1459,40,1499,0.10985152682900011
1463,37,1500,0.10908272424985402
1459,36,1495,0.10837342643535557
1463,36,1499,0.10773720827016092
1469,36,1505,0.10714871805283487
1468,37,1505,0.1065995551924872
1457,36,1493,0.1061018088017045
1458,36,1494,0.10567332034511034
1464,37,1501,0.10528103346605545
1469,37,1506,0.10491053965875033
1448,38,1486,0.1045619314539647
1456,39,1495,0.10429150066592109
1457,38,1495,0.10402746487542018
1454,39,1493,0.10378496907134949
1453,39,1492,0.10357047633340578
1450,39,1489,0.10337777580422049
1445,41,1486,0.10320909541308536
1440,45,1485,0.1030662666141117
1436,46,1482,0.10294727451363302
1448,49,1497,0.10284785182342558
1439,49,1488,0.1027314461667077
1444,48,1492,0.10264486713866905
1432,51,1483,0.10255535019144418
1438,53,1491,0.10249974683781822
1444,53,1497,0.1024359922121286
1443,53,1496,0.10236538948415369
1441,52,1493,0.10230332390170997
1434,54,1488,0.10225101457918033
1436,57,1493,0.10221887660894756
1433,55,1488,0.10218519315686098
1445,59,1504,0.1021611600236956
1445,62,1507,0.10211354991919214
1433,58,1491,0.10207038694370031
1439,60,1499,0.10205708035693767
1419,58,1477,0.10203199964596124
1412,61,1473,0.10205228405992026
1417,62,1479,0.10208586891758607
1416,62,1478,0.10210542664066194
1432,61,1493,0.1021256389521458
1439,61,1500,0.10210925054231361
1442,59,1501,0.102079197215816
1441,60,1501,0.10204551630101072
1434,60,1494,0.10201720698412309
1440,61,1501,0.10200658367533322
1436,59,1495,0.101983376273078
1435,61,1496,0.10197099727468815
1426,61,1487,0.10196188951913854
1423,64,1487,0.10197309285030197
1420,64,1484,0.10199022183412275
1412,68,1480,0.10201218344089213
1423,69,1492,0.10204951303360105
1410,71,1481,0.10205989108775164
1413,68,1481,0.10209778533324201
1407,69,1476,0.1021257228743698
1410,67,1477,0.10216434561481953
1416,64,1480,0.10219307610179656
1404,63,1467,0.10220588644056612
1421,65,1486,0.10224354271066202
1422,60,1482,0.10224082487973835
1426,59,1485,0.10223622828809097
1422,60,1482,0.10222338966981155
1421,59,1480,0.10222026188132166
1422,62,1484,0.10221916457708133
1417,65,1482,0.10221620718561822
1405,63,1468,0.10222434381948062
1412,62,1474,0.10225760510465513
1418,65,1483,0.10227325746873536
1420,65,1485,0.10227419038979889
1415,64,1479,0.10227086422112032
1418,67,1485,0.10227858436531102
1429,70,1499,0.10227947805107433
1413,67,1480,0.10225640328480648
1405,67,1472,0.10227026774915196
1400,68,1468,0.10230031596258705
1410,70,1480,0.1023390454646584
1415,68,1483,0.10235278535995139
1401,72,1473,0.10235439517926408
1410,73,1483,0.10238639798675696
1404,75,1479,0.10239643987375978
1401,77,1478,0.10241901413371853
1408,78,1486,0.1024460168212028
1411,79,1490,0.10245538435213236
1413,76,1489,0.10245738427285875
1407,75,1482,0.10245462018998541
1410,74,1484,0.10246503465937075
1393,76,1469,0.10246819323844089
1404,75,1479,0.10250789528050698
1409,80,1489,0.10252063704964864
1397,82,1479,0.10252084209620069
1405,80,1485,0.1025476418265941
1413,79,1492,0.10255430551283888
1416,84,1500,0.10254297315703916
1409,81,1490,0.10252585587485
1394,79,1473,0.10252620442971928
1400,77,1477,0.10255864576342102
1406,80,1486,0.10257521136363908
1414,80,1494,0.10257748677031596
1414,84,1498,0.1025620205116046
1428,85,1513,0.10254816496182678
1418,83,1501,0.10250508880963054
1418,82,1500,0.10248751588162193
1411,80,1491,0.10247153370844281
1418,77,1495,0.10247185515502155
1431,75,1506,0.10245755326117162
1427,76,1503,0.10241617213188739
1424,79,1503,0.10238693162203827
1419,81,1500,0.10236709106238397
1423,84,1507,0.10235982420144478
1423,83,1506,0.10234492079096896
1414,89,1503,0.10233119123347263
1412,88,1500,0.1023383874649019
1405,89,1494,0.10235012278828076
1406,90,1496,0.10237561876876633
1408,93,1501,0.10239660187865994
1405,94,1499,0.10241099243042719
1404,97,1501,0.10243063728818463
1404,94,1498,0.10245083316544225
1407,93,1500,0.10246974951154002
1414,95,1509,0.10248082860979245
1408,97,1505,0.1024753936805158
1399,95,1494,0.10248323156169839
1398,95,1493,0.102509841462951
1392,97,1489,0.10253587709975448
1400,101,1501,0.10257274412488801
1412,103,1515,0.10258941443722652
1398,103,1501,0.10257883383222641
1399,100,1499,0.10259958759547665
1401,107,1508,0.10261668220327268
1393,109,1502,0.10262834938496607
1395,111,1506,0.10265640192476017
1385,111,1496,0.10267762096730049
1379,110,1489,0.10271844780607794
1363,110,1473,0.10276888218628151
1362,109,1471,0.1028498390568588
1388,108,1496,0.10292542933430329
1371,111,1482,0.1029377764115852
1376,111,1487,0.10298669380250874
1379,116,1495,0.10302060382720679
1369,115,1484,0.10304473014528473
1376,116,1492,0.10308870623584808
1393,112,1505,0.10311381268661704
1395,116,1511,0.10309962875309431
1394,116,1510,0.10308226417675584
1390,115,1505,0.10306925111641313
1380,116,1496,0.10306622743375922
1381,119,1500,0.10308494074650826
1378,119,1497,0.10310034283688214
1376,115,1491,0.103120778971273
1378,119,1497,0.10314347517488918
1394,119,1513,0.10316037955801302
1399,123,1522,0.1031410770193591
1397,125,1522,0.10311219019208778
1395,124,1519,0.10309039908908106
1379,122,1501,0.10307591925682846
1373,125,1498,0.10309754072747161
1370,130,1500,0.10313028455156392
1358,132,1490,0.10316622176041443
1367,133,1500,0.1032253711395209
1365,131,1496,0.10325947425975994
1367,131,1498,0.10329561365787904
1386,133,1519,0.10332415865118469
1377,134,1511,0.10330866723995617
1379,135,1514,0.10331491339214509
1361,133,1494,0.10331637196518269
1367,132,1499,0.10335706716250559
1367,134,1501,0.10338103477773433
1376,139,1515,0.10340265428651278
1366,141,1507,0.10340340297044026
1360,137,1497,0.10342627085102069
1363,138,1501,0.10345990128664517
1358,144,1502,0.10348425039869107
1353,144,1497,0.10351717990402705
1355,141,1496,0.10355773133519078
1367,138,1505,0.10359070278186913
1360,137,1497,0.10359467520312733
1359,134,1493,0.10361394689760932
1361,134,1495,0.10363374107896185
1360,134,1494,0.10364676400133103
1352,133,1485,0.10366109304804795
1362,137,1499,0.10369153237710395
1360,136,1496,0.10369686602715573
1356,139,1495,0.10370590524393535
1345,138,1483,0.10372266005061835
1355,140,1495,0.10376184019299377
1364,141,1505,0.10377592352472309
1365,141,1506,0.10376935557281396
1361,140,1501,0.10376184926770565
1358,141,1499,0.10376347878350049
1364,141,1505,0.10377188324753718
1366,137,1503,0.10376580347306984
1366,138,1504,0.10375668167724161
1354,136,1490,0.1037481163069895
1367,138,1505,0.10376634858338679
1371,136,1507,0.1037547628058872
1353,133,1486,0.103736422368716
1350,137,1487,0.1037599217796026
1347,139,1486,0.103787822647334
1350,143,1493,0.10381961571328628
1349,144,1493,0.10384224733562888
1358,145,1503,0.10386432929626252
1358,141,1499,0.10386481995800324
1354,139,1493,0.10386517083029784
1356,140,1496,0.10387417621756409
1347,139,1486,0.10387848520850097
1357,141,1498,0.10390191138535229
1362,135,1497,0.10390080779803837
1364,135,1499,0.1038889309302007
1349,134,1483,0.10387334340502409
1357,133,1490,0.10389204369848482
1358,132,1490,0.10389132433215405
1354,135,1489,0.10388847065871856
1345,140,1485,0.10389493871561495
1351,141,1492,0.1039202661551208
1338,137,1475,0.10393019485975968
1342,136,1478,0.10396861017865622
1351,136,1487,0.10399515483446219
1361,139,1500,0.10399891313013933
1362,142,1504,0.10397961219076962
1371,141,1512,0.1039599008762692
1372,146,1518,0.10392241507015601
1368,148,1516,0.1038869615806145
1366,150,1516,0.10386331196715001
1356,153,1509,0.10384673501301425
1354,153,1507,0.10385413832125949
1342,155,1497,0.10386512145314077
1341,150,1491,0.1039013072490023
1337,151,1488,0.10393643875535283
1343,154,1497,0.10397664046100051
1350,151,1501,0.10400005999953571
1332,156,1488,0.10400658151293672
1343,159,1502,0.1040520046688391
1344,161,1505,0.10407003268792427
1345,162,1507,0.1040848256003558
1327,163,1490,0.10409636786849752
1334,165,1499,0.10414622274676617
1338,161,1499,0.10417604577858836
1339,161,1500,0.10419407402697005
1339,156,1495,0.10420823790111668
1333,159,1492,0.10422107183937318
1325,157,1482,0.10424639575169273
1337,160,1497,0.10428578695530993
1338,163,1501,0.10429622336800408
1328,166,1494,0.10430352181482089
1318,165,1483,0.10433276362761447
1325,166,1491,0.10438112171677323
1327,169,1496,0.1044101258297843
1316,174,1490,0.10443245792076652
1316,174,1490,0.10447758864444548
1314,170,1484,0.10451843277289359
1326,174,1500,0.10456085036856833
1316,177,1493,0.10457431066777158
1321,173,1494,0.10460881003940063
1313,174,1487,0.10462947357877528
1334,172,1506,0.10466629912214023
1318,173,1491,0.10465332810904528
1332,173,1505,0.10467643034882908
1325,174,1499,0.10466650729380803
1320,174,1494,0.10467263768473888
1308,175,1483,0.10468888212713516
1311,176,1487,0.10473000656569209
1315,179,1494,0.10476086771941677
1306,185,1491,0.10478062532333304
1318,186,1504,0.10481950427699413
1308,185,1493,0.10482881675836682
1305,185,1490,0.10485944981660043
1304,187,1491,0.10489406050686138
1306,190,1496,0.10492822166328293
1309,195,1504,0.10495543934336211
1296,195,1491,0.10497388675057988
1276,198,1474,0.10501937153366261
1275,204,1479,0.10510587646800286
1274,205,1479,0.10518762357922773
1267,207,1474,0.10526401454863951
1272,212,1484,0.10535021665945653
1273,209,1482,0.10541831029434774
1270,208,1478,0.10547878412240895
1266,208,1474,0.10554098714079807
1269,204,1473,0.10560709493730734
1258,211,1469,0.10566153220114348
1262,212,1474,0.10573683621226047
1267,218,1485,0.10579635102220372
1278,218,1496,0.10583926953066562
1287,217,1504,0.10585370524648312
1275,218,1493,0.10584755775197084
1283,214,1497,0.1058690558207068
1281,219,1500,0.10587126998890983
1287,221,1508,0.10587769547699839
1288,222,1510,0.10587053000562911
1283,219,1502,0.10586183159382802
1281,225,1506,0.10586613574824603
1275,221,1496,0.10587566571451973
1274,223,1497,0.10589804579881797
1274,226,1500,0.10592107604877744
1258,227,1485,0.105942046331022
1269,229,1498,0.10599601970364578
1265,236,1501,0.10602097365312961
1263,237,1500,0.10605368484824272
1269,233,1502,0.1060884253215756
1256,229,1485,0.10610728967423036
1249,232,1481,0.10615347309564516
1250,239,1489,0.10621133112148876
1254,235,1489,0.10626148020247513
1257,231,1488,0.10629794479319787
1271,231,1502,0.10632468668513553
1275,231,1506,0.10631748013069575
1267,229,1496,0.1063023285364049
1268,232,1500,0.10630743609220566
1265,232,1497,0.10630960297497072
1262,233,1495,0.10631894152351178
1250,238,1488,0.10633399989226668
1249,240,1489,0.10637503520333326
1245,238,1483,0.1064153602147086
1262,243,1505,0.10646218089832761
1265,248,1513,0.10646760199702761
1264,249,1513,0.10646677084947558
1263,251,1514,0.10646777844368088
1259,251,1510,0.10647145138238594
1262,249,1511,0.10648438293822057
1253,251,1504,0.10649008118440496
1237,256,1493,0.10651552986527626
1244,258,1502,0.1065750424002675
1242,254,1496,0.10661482454352271
1240,256,1496,0.1066555723632904
1244,256,1500,0.10669719389433269
1237,258,1495,0.10672648519432171
1237,260,1497,0.10676884262045994
1258,260,1518,0.10680786361729154
1235,256,1491,0.1067972277737575
1244,261,1505,0.10683904318255073
1242,256,1498,0.10685690214730491
1251,257,1508,0.10687743302808894
1257,256,1513,0.10687619752057298
1248,255,1503,0.10686221865408191
1243,257,1500,0.1068694869570006
1236,261,1497,0.10688867897300773
1230,262,1492,0.10692175057392361
1229,270,1499,0.10696612960711001
1229,269,1498,0.10701058785837811
1229,264,1493,0.10705119591550749
1225,264,1489,0.10708894155696899
1223,266,1489,0.1071323297479582
1223,265,1488,0.10717555229676372
1224,275,1499,0.10721541991523853
1228,282,1510,0.10724994558932643
1221,280,1501,0.1072730153279543
1220,274,1494,0.10730986506508292
1213,282,1495,0.10734572247989072
1213,280,1493,0.10739502580844487
1221,279,1500,0.1074390993367505
1214,286,1500,0.10746260731533135
1214,288,1502,0.10750158126911537
1208,284,1492,0.10753739757903442
1204,288,1492,0.10758471735255735
1203,288,1491,0.10763717032074065
1211,283,1494,0.10768611271685767
1208,289,1497,0.10771339657521217
1208,290,1498,0.10774492350609073
1205,293,1498,0.1077738941061793
1200,289,1489,0.10780731455430466
1208,296,1504,0.10784929562068493
1200,300,1500,0.10787068236515733
1202,299,1501,0.10790786616997053
1206,300,1506,0.10793896368255136
1186,303,1489,0.10795775880598796
1192,307,1499,0.10801973920333406
1187,301,1488,0.10806294126898507
1197,301,1498,0.10811423181433208
1209,297,1506,0.10813806580214169
1202,300,1502,0.10813305854135474
1203,293,1496,0.10814490938488211
1206,292,1498,0.10815279172957809
1191,293,1484,0.1081546290693411
1180,296,1476,0.10818962225800127
1188,300,1488,0.10824705273635413
1193,296,1489,0.10828236335804547
1188,293,1481,0.10830398568643375
1193,296,1489,0.10833509431525641
1204,299,1503,0.10835296404457573
1195,305,1500,0.10834442815673796
1204,307,1511,0.10835580419604568
1204,307,1511,0.10834586969383
1194,301,1495,0.10833698245787673
1197,301,1498,0.10835202196568111
1196,306,1502,0.10835967013278242
1206,305,1511,0.10836887939525564
1216,299,1515,0.10835464819196386
1205,298,1503,0.10832039691904871
1192,304,1496,0.10831361975184295
1184,304,1488,0.10833541493366701
1185,309,1494,0.10837299631606274
1195,309,1504,0.1084055925940037
1181,307,1488,0.10841332784800922
1187,304,1491,0.10845395859786823
1190,299,1489,0.10847763021244047
1181,299,1480,0.10849282523849749
1192,308,1500,0.10852676952295319
1188,312,1500,0.10853443283094492
1185,308,1493,0.10855081853604599
1170,316,1486,0.10857343326019535
1184,317,1501,0.10862873207626177
1180,319,1499,0.10864896306135703
1188,321,1509,0.10867646727885547
1182,318,1500,0.10868348820562128
1193,316,1509,0.10870436390852536
1177,317,1494,0.10869940670149777
1177,324,1501,0.10873211249363784
1182,323,1505,0.10876123148064044
1176,323,1499,0.10877606275645274
1179,322,1501,0.10880303335258265
1180,320,1500,0.10882148428471979
1187,318,1505,0.10883513246213213
1183,321,1504,0.10883221435448026
1184,320,1504,0.10883991525140874
1171,330,1501,0.10884576479981288
1165,330,1495,0.10888020190784964
1163,326,1489,0.10892521188847472
1160,328,1488,0.1089688693161877
1164,327,1491,0.10901658670600856
1166,322,1488,0.10905027437959877
1172,319,1491,0.10907692240674961
1164,317,1481,0.10908863033665325
1164,321,1485,0.10911782339805744
1166,326,1492,0.10914564778410508
1160,335,1495,0.10916667767775236
1174,335,1509,0.10919940618491458
1162,327,1489,0.10919795554313225
1161,338,1499,0.10922302569339816
1157,338,1495,0.10924822851899059
1157,338,1495,0.1092803054682788
1147,343,1490,0.10930902156407239
1151,345,1496,0.10935879134886792
1148,346,1494,0.10939561700176291
1149,345,1494,0.1094370961103574
1158,341,1499,0.10947255247807995
1164,347,1511,0.10948455673231167
1158,350,1508,0.10948179139730349
1152,356,1508,0.10949295166300922
1151,354,1505,0.10951663293353682
1155,351,1506,0.10954101752095706
1158,354,1512,0.10955497075939437
1153,353,1506,0.10956033676439855
1148,357,1505,0.10957711646203577
1151,358,1509,0.10960435575671912
1150,350,1500,0.10962419823922524
1146,345,1491,0.10964449012596854
1141,344,1485,0.10967146177205464
1141,353,1494,0.10970853065652825
1137,354,1491,0.10974209814887768
1138,353,1491,0.10978308935189965
1140,351,1491,0.10981879791940903
1146,351,1497,0.10984719773830742
1140,354,1494,0.10986024486515193
1135,366,1501,0.10988598453671056
1136,364,1500,0.10992085529471808
1142,362,1504,0.10995178583285144
1140,363,1503,0.10996562683483571
1143,363,1506,0.10998333155367909
1145,368,1513,0.10999244799468656
1134,364,1498,0.10999627433797517
1134,365,1499,0.1100254330717787
1151,362,1513,0.11005219571016006
1145,356,1501,0.11003717655707526
1139,352,1491,0.11003751959848199
1139,358,1497,0.11005113728565831
1145,353,1498,0.11006394636889953
1152,361,1513,0.11006168050047496
1150,362,1512,0.11004291953246957
1162,358,1520,0.11002998288504134
1160,360,1520,0.10999096931516301
1161,358,1519,0.10995870860785885
1156,352,1508,0.1099271076657312
1156,349,1505,0.10991070020876283
1139,349,1488,0.10989576434962732
1137,351,1488,0.10991955916389856
1132,346,1478,0.1099448469929699
1151,345,1496,0.10997883607075415
1147,360,1507,0.10996675659220122
1151,358,1509,0.10996475405302895
1154,354,1508,0.10995447175852742
1157,355,1512,0.10993865776066114
1154,361,1515,0.10991798892474153
1143,364,1507,0.10990683436517297
1138,365,1503,0.10992194703970831
1140,362,1502,0.10994660317306
1126,363,1489,0.10996610392609212
1126,358,1484,0.11001548343439285
1129,358,1487,0.11006020846341315
1117,361,1478,0.11009350421681009
1118,358,1476,0.11015096518147267
1129,362,1491,0.11019954309989227
1134,361,1495,0.11021982107844476
1138,354,1492,0.110227771867291
1130,356,1486,0.11022438674102591
1133,352,1485,0.11024250578688723
1143,355,1498,0.11025195574235579
1147,358,1505,0.11023678932218615
1162,359,1521,0.11021355930530756
1150,352,1502,0.11015838073448102
1149,352,1501,0.11013605128099306
1142,352,1494,0.11011882847443723
1155,346,1501,0.1101190642475724
1159,351,1510,0.11008825682131768
1157,356,1513,0.1100518200176792
1150,357,1507,0.11002348915250167
1147,366,1513,0.11001485840533569
1147,360,1507,0.11001401943898545
1143,369,1512,0.1100137657105718
1142,369,1511,0.11002340253322046
1146,375,1521,0.11003491215153711
1134,372,1506,0.11003658482461567
1125,369,1494,0.11006559780479158
1116,372,1488,0.11011203760580375
1116,374,1490,0.11017568612833749
1125,377,1502,0.11023303118151688
1127,377,1504,0.1102647830160186
1122,378,1500,0.11028979206184276
1119,378,1497,0.11032451269856494
1117,371,1488,0.11036322850021808
1126,372,1498,0.11040310395552869
1129,372,1501,0.11041998903395898
1127,373,1500,0.1104288805940504
1127,374,1501,0.11044007417612008
1128,380,1508,0.1104499205546567
1133,380,1513,0.11045597912251706
1121,379,1500,0.11045110434975923
1122,379,1501,0.1104750505859678
1124,371,1495,0.11049414956519668
1125,372,1497,0.11050697317538236
1121,376,1497,0.11051659952966773
1119,381,1500,0.1105335820725055
1111,381,1492,0.11055408874631704
1113,385,1498,0.11059398898946654
1107,388,1495,0.11062411550644147
1106,381,1487,0.11066552517595486
1104,375,1479,0.11070659003661738
1113,371,1484,0.11074922148226805
1127,381,1508,0.11076756980519695
1123,383,1506,0.11075261797422453
1117,387,1504,0.1107493616439092
1112,385,1497,0.11075913136773231
1116,382,1498,0.11077980230791422
1109,386,1495,0.11079071099103686
1115,391,1506,0.11081664665223442
1111,391,1502,0.11082784260708178
1116,402,1518,0.110848598911968
1112,404,1516,0.11085693841200961
1106,411,1517,0.11087536186450749
1110,408,1518,0.11090575929866578
1107,409,1516,0.11092306815936709
1104,410,1514,0.11094707540711214
1097,410,1507,0.11097776650457501
1098,409,1507,0.11102346627352834
1104,412,1516,0.11106274637301386
1109,415,1524,0.11108433632462965
1111,406,1517,0.11109297685989862
1110,406,1516,0.1110960491236501
1095,411,1506,0.11110131076165469
1087,402,1489,0.1111415448719777
1090,414,1504,0.11119588992218202
1093,409,1502,0.11123821139639312
1084,408,1492,0.11126965975756704
1095,396,1491,0.1113182589458625
1102,405,1507,0.11133602242993326
1103,403,1506,0.11133822298317625
1092,407,1499,0.11133773928450331
1107,405,1512,0.11136434630265107
1100,410,1510,0.11135423686881868
1089,409,1498,0.11136078620733586
1082,411,1493,0.11139195400137997
1079,412,1491,0.1114359376196882
1075,414,1489,0.11148298458563369
1080,418,1498,0.11153612760801618
1075,424,1499,0.11157401353668929
1082,425,1507,0.1116201623299754
1070,425,1495,0.11164699770911969
1065,431,1496,0.11170016055868029
1068,435,1503,0.11176066078004705
1073,430,1503,0.1118102127811497
1082,431,1513,0.1118443079647756
1085,430,1515,0.1118551069378864
1080,426,1506,0.11185892370733277
1080,429,1509,0.11187326622266601
1075,425,1500,0.11188569571853829
1084,426,1510,0.11190969856698278
1086,430,1516,0.11191214348246754
1089,426,1515,0.11191032043244122
1093,431,1524,0.11190239950398474
1083,435,1518,0.11188592254899643
1072,434,1506,0.11189360774144841
1072,432,1504,0.11192660326232778
1084,430,1514,0.11195645077504328
1071,429,1500,0.11195449985959899
1067,420,1487,0.11198210800027454
1065,423,1488,0.11201695855421462
1081,431,1512,0.11205299850043307
1069,443,1512,0.11205059039739743
1067,440,1507,0.11207800257128164
1062,427,1489,0.11210772836045971
1066,427,1493,0.11214558276110097
1062,425,1487,0.11217131737679534
1067,432,1499,0.11220357088416463
1069,422,1491,0.11221996728048148
1069,414,1483,0.11223146772740254
1080,409,1489,0.11224100590622826
1070,418,1488,0.11222444983111604
1054,423,1477,0.11223272252007611
1069,424,1493,0.11227648967691939
1067,435,1502,0.11228199310217417
1067,431,1498,0.11229254935875137
1067,441,1508,0.11230110073462411
1065,443,1508,0.1123114090128081
1068,442,1510,0.11232484211505742
1063,438,1501,0.11233037594121047
1072,438,1510,0.11234614999098909
1066,436,1502,0.11233944762741171
1069,442,1511,0.11234883296182357
1077,442,1519,0.11235181867086907
1069,448,1517,0.11233686667292635
1065,448,1513,0.11234257819383309
1057,446,1503,0.11235658756507323
1054,443,1497,0.1123879145558395
1069,444,1513,0.11242327923397788
1068,443,1511,0.11242011158723866
1059,441,1500,0.11242060277088342
1052,437,1489,0.11244386447187903
1063,449,1512,0.11248067500808595
1057,451,1508,0.11248941889866862
1053,454,1507,0.11250999616849745
1050,449,1499,0.1125375799687097
1048,452,1500,0.11257117363508382
1048,455,1503,0.11260762816293639
1040,454,1494,0.11264039594361129
1045,455,1500,0.11268995983385068
1050,453,1503,0.11272488975972159
1044,449,1493,0.11274655764445185
1057,448,1505,0.1127802568546456
1044,449,1493,0.11278085723769336
1039,453,1492,0.11281183140227054
1049,447,1496,0.11285202878688828
1040,445,1485,0.11286554214082674
1036,450,1486,0.1128976548251493
1041,447,1488,0.1129372828164249
1033,455,1488,0.11296180359526138
1027,453,1480,0.11300276474347448
1031,452,1483,0.11305502114051233
1038,455,1493,0.11309329552201691
1043,451,1494,0.11311330381566666
1043,453,1496,0.1131192625712377
1051,449,1500,0.11312453292035532
1035,452,1487,0.11311042146632805
1038,460,1498,0.11313373355525919
1038,458,1496,0.11315017113784215
1039,461,1500,0.1131655260008565
1044,457,1501,0.11317657130976237
1039,458,1497,0.11317422908112748
1031,460,1491,0.11318370516444481
1040,457,1497,0.1132128051517003
1037,459,1496,0.11321797451148634
1042,466,1508,0.11323047950556248
1035,466,1501,0.11323153454595843
1045,465,1510,0.1132515079435978
1038,469,1507,0.11324799458551137
1034,475,1509,0.11326200113675318
1041,480,1521,0.11328353401476608
1026,479,1505,0.11328794163143298
1025,479,1504,0.11332784041203847
1014,490,1504,0.11336693197096355
1010,484,1494,0.11342962224615782
1014,483,1497,0.11349652551204717
1013,482,1495,0.11355117468747448
1012,482,1494,0.11360367214382502
1014,484,1498,0.113652637634987
1008,483,1491,0.1136925723364159
1004,478,1482,0.11374308721397114
1012,484,1496,0.113798680645383
1015,486,1501,0.113830534440111
1016,487,1503,0.11385262515835343
1009,480,1489,0.11387080456131841
1016,491,1507,0.11390414292908257
1025,492,1517,0.11392020759971105
1027,495,1522,0.1139125203886917
1027,491,1518,0.11390182507979223
1016,486,1502,0.11389295635095532
1009,494,1503,0.1139088284681753
1012,492,1504,0.11393987477695507
1018,496,1514,0.11396135093156463
1012,502,1514,0.11396879099843452
1010,496,1506,0.11399035127758136
1005,494,1499,0.1140151681397305
1005,492,1497,0.11404965881688298
1007,494,1501,0.11408175044215618
995,499,1494,0.11410565561133545
998,498,1496,0.11415553254164208
1008,493,1501,0.11419464894105393
1011,496,1507,0.11420690758969197
1002,486,1488,0.11421061458350822
1000,495,1495,0.11423448471332738
1002,491,1493,0.11426199513082311
1004,488,1492,0.11428332593663353
996,490,1486,0.11429662614262061
990,501,1491,0.11432742887637684
993,502,1495,0.11437200690761289
999,505,1504,0.11440600795851168
1004,513,1517,0.114424156913879
995,514,1509,0.11442955268051026
994,512,1506,0.11445433656334664
988,513,1501,0.11448047600264243
996,514,1510,0.1145178453833196
993,512,1505,0.11453342532147356
995,512,1507,0.11455415371850065
995,523,1518,0.1145690788185953
984,525,1509,0.11458449403676826
991,529,1520,0.11462247285857752
997,531,1528,0.11464090520783503
995,529,1524,0.11464566705387924
982,527,1509,0.11465521584632637
991,528,1519,0.11469347606906315
997,516,1513,0.11470678777701414
998,517,1515,0.11470464256039055
997,515,1512,0.11469885919609095
997,505,1502,0.11469447955058523
1002,507,1509,0.11469022041442091
1000,511,1511,0.11467400333959026
995,512,1507,0.11466378400377768
991,515,1506,0.11466785249212165
990,519,1509,0.11468039067183197
988,514,1502,0.11469480769198642
991,516,1507,0.1147141377916687
995,519,1514,0.11472394858974073
1002,515,1517,0.11472318507810128
1004,518,1522,0.11470540616758246
1005,516,1521,0.11468742631788022
999,520,1519,0.11466672025425334
984,521,1505,0.1146626929707221
986,518,1504,0.11469339776923046
979,512,1491,0.11471783870711619
974,523,1497,0.11475668659964093
978,523,1501,0.11480610519322026
973,528,1501,0.11484419814783892
964,536,1500,0.11489116904598572
964,527,1491,0.11495671664851581
961,531,1492,0.11501655052209735
976,544,1520,0.11507973381614764
963,541,1504,0.11510262185580324
960,539,1499,0.11515525910167797
958,529,1487,0.11521113198160615
968,536,1504,0.1152668919628459
965,539,1504,0.11529533491497122
962,541,1503,0.11532857327595167
949,548,1497,0.11536636082733416
956,545,1501,0.11543168134976028
956,547,1503,0.11547491373208488
965,546,1511,0.115514099567401
953,549,1502,0.11552849272636027
962,541,1503,0.11557086345183532
957,542,1499,0.11558968759193589
958,534,1492,0.11561995250217866
961,538,1499,0.11564571556141154
965,544,1509,0.11566194139223829
960,555,1515,0.11566710435064627
965,556,1521,0.11568433259347483
958,551,1509,0.11568916589083422
956,551,1507,0.11571244117024435
961,553,1514,0.115739634576827
952,542,1494,0.11575253927480372
946,543,1489,0.1157833616489089
947,549,1496,0.11582529381075078
955,557,1512,0.115861072969854
952,549,1501,0.11587717553613387
947,550,1497,0.11589815057540905
939,545,1484,0.11592840327335771
939,548,1487,0.11597643048263948
940,549,1489,0.11602236702385714
949,555,1504,0.11606429615151612
945,549,1494,0.1160821124184519
937,550,1487,0.11610630519851167
933,552,1485,0.11614733480337609
931,564,1495,0.11619370256746565
940,564,1504,0.11624292484021591
926,570,1496,0.11626764916747198
918,568,1486,0.11632366794195434
922,569,1491,0.11639392855718235
927,572,1499,0.11644955761858686
923,576,1499,0.11648769603734505
935,575,1510,0.11653601760786056
929,589,1518,0.11655256088212818
930,581,1511,0.1165814982200822
930,579,1509,0.11660667532232655
922,583,1505,0.11662891187118102
913,588,1501,0.11666692640018188
912,591,1503,0.11672283858970318
911,589,1500,0.11677558028022342
921,588,1509,0.11682707181661794
903,589,1492,0.11685029669942754
909,598,1507,0.11691645266150076
907,602,1509,0.11696232801590249
915,607,1522,0.11700975266424334
914,603,1517,0.11703500695453041
913,604,1517,0.11706019095639725
901,606,1507,0.11708689375029553
906,606,1512,0.1171387478443188
909,604,1513,0.11717427326772185
904,608,1512,0.11720179023824652
905,611,1516,0.1172390038686413
904,614,1518,0.11727161604285471
901,616,1517,0.11730360601958219
907,620,1527,0.11734105115235277
901,619,1520,0.11736277159927991
902,624,1526,0.11739733494556766
904,624,1528,0.11742573818854302
897,621,1518,0.11744736520152203
894,619,1513,0.11748616089242418
899,616,1515,0.11752977696670108
884,621,1505,0.11755670740972995
884,625,1509,0.11761782775218588
878,634,1512,0.11767327667640122
880,632,1512,0.11773916970860884
872,627,1499,0.11779595070338938
876,623,1499,0.11786959972677102
881,627,1508,0.11792753595894886
870,633,1503,0.11796877522942677
881,636,1517,0.11803551430762106
874,639,1513,0.1180701080577136
880,646,1526,0.11812028228844675
872,642,1514,0.11815200590279354
881,643,1524,0.11820198793903092
874,640,1514,0.11822625342966316
868,648,1516,0.11826464921550364
869,648,1517,0.11831376325517291
876,647,1523,0.11835701723095778
870,641,1511,0.11838047955532183
874,646,1520,0.11841638823403677
869,643,1512,0.11843966017029413
884,646,1530,0.11847220869048151
873,637,1510,0.11846542313051497
881,632,1513,0.11848640154450801
883,634,1517,0.11848813069344849
877,636,1513,0.11848523777630163
877,633,1510,0.11849721386231103
877,631,1508,0.11850669313008279
875,627,1502,0.11851553309334034
879,630,1509,0.11852765193574591
886,630,1516,0.11853068324520272
878,635,1513,0.11851526533955994
870,631,1501,0.11851995423408286
868,633,1501,0.11854418543786259
869,636,1505,0.11856992943324635
871,638,1509,0.1185929412994944
864,636,1500,0.11861051764884512
857,639,1496,0.11864541412269379
855,646,1501,0.11869460950971664
854,653,1507,0.11874441128879379
847,653,1500,0.1187936817169759
851,648,1499,0.11885638222430125
851,644,1495,0.11890497226313279
848,648,1496,0.11895091496100565
848,645,1493,0.11900121704323413
845,657,1502,0.119046623936438
844,657,1501,0.11909740014761101
832,666,1498,0.11914799259661356
831,672,1503,0.11922452261749056
833,670,1503,0.11929850872066666
831,677,1508,0.11936257074110085
837,664,1501,0.1194251900910455
835,662,1497,0.11946876499375408
842,659,1501,0.11951500953990962
838,664,1502,0.11954349175261239
836,668,1504,0.11957863791178903
836,671,1507,0.11961452770678861
839,681,1520,0.1196472908505704
841,680,1521,0.11967222560790158
825,681,1506,0.11968977066228298
829,693,1522,0.11974552292436336
817,685,1502,0.11978781665364234
813,691,1504,0.11985623816410439
809,698,1507,0.11992945930942638
809,699,1508,0.12000918101647877
817,687,1504,0.12008273856368713
814,692,1506,0.12013084769575814
816,704,1520,0.12018380565910093
818,709,1527,0.12022672732507848
814,704,1518,0.12026310860346183
809,705,1514,0.12030591798409375
817,709,1526,0.12035822405643387
802,707,1509,0.12038859480587265
789,713,1502,0.12045495995810057
792,716,1508,0.12054985874949022
797,705,1502,0.12063136709219763
793,701,1494,0.12069384285244211
797,697,1494,0.12076147978737105
803,698,1501,0.12081471197846277
809,695,1504,0.12084972831960096
807,693,1500,0.12086485079132071
802,684,1486,0.12088401429748138
796,693,1489,0.12091381242124086
796,714,1510,0.12095601166004834
790,727,1517,0.1209963055985963
786,725,1511,0.12104821955893551
797,718,1515,0.12110710250902916
792,722,1514,0.12113597201546783
794,712,1506,0.12117527372040918
786,713,1499,0.12120696763872985
787,725,1512,0.12125511987211414
771,729,1500,0.12129779373276207
776,725,1501,0.1213744639871185
773,720,1493,0.12143410177493924
776,721,1497,0.1214971604625482
770,724,1494,0.12154948410016939
775,720,1495,0.12161399662260272
779,718,1497,0.12166124923976153
779,727,1506,0.12169328224990383
775,729,1504,0.12172386720407796
771,728,1499,0.1217608679624207
771,728,1499,0.12180454452162966
773,730,1503,0.12184427083016239
776,725,1501,0.12187640942385915
765,724,1489,0.12189788380538459
766,725,1491,0.12194455839178282
763,734,1497,0.12198586400224322
762,729,1491,0.12203417011112769
756,727,1483,0.12208250224131038
753,726,1479,0.1221397055688091
751,744,1495,0.12220170229838744
754,750,1504,0.1222634163246247
746,743,1489,0.12231295862664543
751,748,1499,0.12237812024431051
755,754,1509,0.12242650793974542
748,751,1499,0.12246145197200622
760,746,1506,0.12251195180857366
757,752,1509,0.12252903913116438
760,759,1519,0.12255101445364587
751,751,1502,0.12256544946228815
759,756,1515,0.12260020996301697
750,757,1507,0.12261281806228176
744,762,1506,0.12264834815347346
739,763,1502,0.12269580553478625
743,764,1507,0.12275100512374695
737,763,1500,0.1227904289752111
731,766,1497,0.12284334959492753
733,776,1509,0.12290745490696221
737,775,1512,0.12296267978298615
746,776,1522,0.12300172799009111
742,761,1503,0.12301566933622114
749,755,1504,0.1230375332012559
744,758,1502,0.1230416504618956
741,770,1511,0.12305699214916103
736,774,1510,0.1230785625584005
730,766,1496,0.1231127939196237
726,771,1497,0.12315971449820796
719,769,1488,0.12321224161640977
732,769,1501,0.1232793982563444
729,780,1509,0.12330939282644543
729,790,1519,0.12334569531442136
725,796,1521,0.12338080059259666
720,807,1527,0.1234238910507818
726,786,1512,0.12347501798542186
730,782,1512,0.12350930719885447
712,789,1501,0.12352917438870235
713,783,1496,0.12359322514250394
716,786,1502,0.12365116223981489
716,778,1494,0.12369660431995846
717,786,1503,0.12373687345380223
711,785,1496,0.12377236364420022
708,785,1493,0.12382095817110059
717,793,1510,0.12387285548189851
703,803,1506,0.12389779556050787
705,802,1507,0.1239567835091719
710,810,1520,0.12400814510706397
712,811,1523,0.12404485032385651
705,808,1513,0.12407260613745877
702,808,1510,0.12411670541783006
702,807,1509,0.12416581264951111
697,822,1519,0.1242113390514961
694,815,1509,0.12426691347890956
705,810,1515,0.12432669325086076
698,806,1504,0.12435547895385891
689,798,1487,0.12439942507082727
687,802,1489,0.12446296034437643
682,801,1483,0.1245278446041981
679,807,1486,0.12459984827607272
691,812,1503,0.12467235323531764
693,814,1507,0.12470721114745252
698,815,1513,0.12473352346324593
704,810,1514,0.1247458595176155
703,808,1511,0.12474358005183996
698,806,1504,0.12474443579078748
696,809,1505,0.12475740356641186
691,813,1504,0.1247757984474827
692,820,1512,0.12480641358232869
692,824,1516,0.1248308580984154
690,813,1503,0.12485288084105242
683,821,1504,0.1248789548160506
680,818,1498,0.12492065022748858
683,826,1509,0.12496810053390565
690,818,1508,0.12500549381318135
688,810,1498,0.12502036777189335
688,823,1511,0.12504102568353775
684,825,1509,0.12505925404985954
694,834,1528,0.12508527746192422
692,825,1517,0.125086993459457
687,822,1509,0.12509408898178015
686,836,1522,0.12511506314920717
691,836,1527,0.12513823405156946
679,839,1518,0.12514645014914852
659,834,1493,0.12518455630101386
662,835,1497,0.1252684222416923
672,833,1505,0.12533778554180575
668,834,1502,0.12537708138754092
665,833,1498,0.12542356935109283
660,836,1496,0.12547505256388283
650,841,1491,0.12553507527192598
642,841,1483,0.12561767505483887
647,839,1486,0.12571316455805362
653,852,1505,0.12579089939964927
645,862,1507,0.12584722945320176
639,851,1490,0.12591805781945728
644,847,1491,0.1259978499010939
647,843,1490,0.1260607362349385
652,856,1508,0.12611020706153866
650,869,1519,0.12614264730030908
646,875,1521,0.126177665716913
654,868,1522,0.12622112231460636
644,860,1504,0.12623969090542722
641,863,1504,0.12628395158217345
637,870,1507,0.12633247761086996
642,859,1501,0.1263887762231022
637,866,1503,0.1264296992316857
635,871,1506,0.12648248976109508
638,867,1505,0.12653635810218072
641,871,1512,0.1265800144233567
630,875,1505,0.12661127948608916
630,878,1508,0.12666864583441825
629,881,1510,0.12672212034906488
634,883,1517,0.1267747200356721
636,877,1513,0.12680823569651234
637,876,1513,0.1268344308009176
643,868,1511,0.12685785702650937
636,875,1511,0.12686393822796205
629,878,1507,0.12688885303207914
625,891,1516,0.12692988930639212
625,885,1510,0.1269792630640617
630,873,1503,0.12702596211849657
631,866,1497,0.12705682858721937
629,875,1504,0.12708377322216813
629,887,1516,0.1271161304607923
626,887,1513,0.12714631915221547
627,874,1501,0.12718233388948696
626,867,1493,0.12721615004597278
621,882,1503,0.1272512285106809
614,894,1508,0.1272964613101846
607,891,1498,0.12735705830270883
610,891,1501,0.12743083554333942
602,890,1492,0.12749032858228368
602,895,1497,0.1275664013144015
601,894,1495,0.1276362554069337
609,896,1505,0.1277040884559632
607,883,1490,0.12774699366625936
600,886,1486,0.12779288352397988
607,891,1498,0.12785237423494336
608,892,1500,0.12789238407660306
605,902,1507,0.12792730722015677
612,906,1518,0.1279692591328702
601,904,1505,0.1279933152099798
601,917,1518,0.1280441213571647
594,919,1513,0.12808929087218765
594,920,1514,0.12814845668487743
596,918,1514,0.12820374814868932
590,917,1507,0.12825149417068724
589,918,1507,0.12831051278953634
585,920,1505,0.1283678522373239
589,925,1514,0.1284305643737496
582,920,1502,0.12847908470137268
587,918,1505,0.12854159574255475
586,918,1504,0.12858659338245507
584,914,1498,0.12863144834595183
586,915,1501,0.12867564126348607
586,912,1498,0.128710617734306
588,911,1499,0.1287432913802315
587,918,1505,0.12877059212651695
582,911,1493,0.128797589551406
582,921,1503,0.12883582935643484
576,928,1504,0.1288729338491166
577,936,1513,0.1289236165920368
578,933,1511,0.12896890082895077
576,932,1508,0.12900872566167007
577,938,1515,0.12905052231370223
582,930,1512,0.12908686275371686
571,934,1505,0.12910826510082013
562,935,1497,0.12915488672385458
558,933,1491,0.1292197974399194
563,948,1511,0.12929048460745127
570,944,1514,0.12934474487147968
566,944,1510,0.1293791968143058
564,941,1505,0.12942178501019996
565,942,1507,0.12946798725165556
564,946,1510,0.1295093598020736
565,939,1504,0.12954999015524518
556,925,1481,0.12958636190269401
564,925,1489,0.12964431112571884
569,932,1501,0.12967820826095486
575,940,1515,0.12969611634962783
563,948,1511,0.12969873273063845
568,939,1507,0.12973121349226127
555,932,1487,0.12974936891717137
554,942,1496,0.12979778640952802
553,947,1500,0.12984481710372953
546,952,1498,0.12989125714027455
538,956,1494,0.1299536726323127
546,959,1505,0.13003238616319282
551,946,1497,0.13008598712151043
547,945,1492,0.1301222338718496
545,951,1496,0.13016752884780808
552,945,1497,0.13021592507197874
548,968,1516,0.13024326449807966
544,966,1510,0.13027910149283536
535,974,1509,0.13032363918475667
537,968,1505,0.13038891303597056
536,971,1507,0.13044399475661145
542,963,1505,0.13049966784303124
539,962,1501,0.1305351428904464
528,971,1499,0.13057450256451095
527,972,1499,0.13063826123496006
528,971,1499,0.13069947228687798
535,986,1521,0.13075592576548048
535,995,1530,0.1307920550910106
528,997,1525,0.1308253042620607
525,992,1517,0.1308754192671413
520,990,1510,0.13093035122506305
520,991,1511,0.1309948560018508
519,996,1515,0.1310555187407997
514,995,1509,0.13111579243730617
513,1001,1514,0.13118463323325674
513,993,1506,0.13125220211905858
518,994,1512,0.13131493904265726
516,979,1495,0.13136142015505167
520,969,1489,0.13140762780676385
513,975,1488,0.13144080398907065
512,974,1486,0.13148976565990808
524,974,1498,0.1315366966014666
523,961,1484,0.13154857876339446
515,969,1484,0.1315635983294364
515,980,1495,0.13159986168049187
512,996,1508,0.13163286209123942
504,995,1499,0.1316719642415732
508,998,1506,0.1317296675789585
512,1006,1518,0.1317738905453208
513,1010,1523,0.13180624394032034
509,1011,1520,0.1318351596713524
500,1001,1501,0.13187124758651417
501,1002,1503,0.13192641261379684
505,1007,1512,0.13197546618160788
502,1010,1512,0.13201097748408175
496,1013,1509,0.13205239731775634
489,1022,1511,0.132108705295248
483,1024,1507,0.13217954120651396
485,1009,1494,0.1322580486569467
485,1014,1499,0.13232510971484623
486,1022,1508,0.13238756654002234
493,1021,1514,0.1324423849629073
489,1024,1513,0.13247702159840619
490,1015,1505,0.13251897896793785
483,1012,1495,0.13255614697294102
486,1025,1511,0.13260895800247705
482,1032,1514,0.13264931587465756
487,1037,1524,0.1326987504713402
489,1033,1522,0.13273151878288483
481,1027,1508,0.13275779770216153
478,1027,1505,0.13280185910746753
485,1026,1511,0.13284984741188396
475,1017,1492,0.132875943058942
476,1024,1500,0.13292647792674292
476,1023,1499,0.13297066194038387
478,1032,1510,0.13301295456187073
471,1036,1507,0.13304760952319303
467,1032,1499,0.1330983319613998
465,1021,1486,0.13315546676545115
472,1019,1491,0.1332140703703143
468,1027,1495,0.13324905006903903
466,1023,1489,0.13329190055976592
474,1026,1500,0.13333654362750824
476,1030,1506,0.13335823455121745
474,1033,1507,0.13337292673340534
473,1039,1512,0.13339218616520893
469,1028,1497,0.13341085249565846
475,1024,1499,0.13343844795202706
473,1027,1500,0.13344828037201142
469,1031,1500,0.13346452493214384
465,1032,1497,0.13348965389553782
463,1031,1494,0.13352428668209299
459,1033,1492,0.13356288516928483
465,1035,1500,0.1336111350014078
465,1032,1497,0.1336393350688741
462,1038,1500,0.13366701533551947
462,1027,1489,0.1337018009766499
469,1039,1508,0.1337346219004732
467,1049,1516,0.1337480504957342
470,1048,1518,0.133765863139875
469,1055,1524,0.1337751320687614
469,1044,1513,0.13378773694567037
469,1040,1509,0.13380003614666772
472,1046,1518,0.13381210003806426
466,1040,1506,0.13381503920933116
458,1045,1503,0.133833320169168
457,1039,1496,0.13387119651409912
455,1038,1493,0.13390892768697796
462,1049,1511,0.13394792173037376
466,1045,1511,0.13396721277568877
466,1054,1520,0.13397348298375397
469,1042,1511,0.1339790629215066
467,1042,1509,0.13397513982744763
465,1049,1514,0.1339760028408307
459,1050,1509,0.13398163807455363
452,1051,1503,0.1340039816726698
455,1060,1515,0.13404207078593425
461,1059,1520,0.13406915008042486
461,1056,1517,0.1340808191859837
459,1057,1516,0.13409233762123882
457,1067,1524,0.1341098181670646
457,1069,1526,0.1341316590423637
452,1063,1515,0.1341521235485628
456,1063,1519,0.1341836916534624
455,1059,1514,0.13420213454297156
452,1068,1520,0.13422104984871133
454,1067,1521,0.13424497294098464
453,1073,1526,0.13426190411912944
443,1065,1508,0.1342821032533441
444,1055,1499,0.13432688101934226
444,1057,1501,0.13436813515153104
438,1058,1496,0.13440512176920055
432,1060,1492,0.13445456167450487
435,1057,1492,0.13451555351542738
434,1063,1497,0.13456383927995558
437,1066,1503,0.13461123419554483
430,1063,1493,0.13464702613200838
432,1061,1493,0.13469834441095568
427,1065,1492,0.13474023292613466
431,1067,1498,0.13479246940934378
431,1075,1506,0.13483133627551322
430,1068,1498,0.1348686086253557
435,1068,1503,0.13490457013043763
435,1063,1498,0.13492365830941594
433,1062,1495,0.13494140120128117
436,1074,1510,0.13496434660548495
428,1076,1504,0.13497760692420524
432,1075,1507,0.13501113870652331
429,1071,1500,0.1350314817465547
431,1079,1510,0.13505841835279117
437,1084,1521,0.13508074626190694
437,1082,1519,0.13508798619556756
437,1083,1520,0.13509537864083004
439,1088,1527,0.13510251634973916
428,1090,1518,0.1351043894563883
427,1090,1517,0.1351364876742177
419,1080,1499,0.13516976686534968
425,1074,1499,0.13522133425811764
429,1076,1505,0.1352521336226777
431,1059,1490,0.1352702798683716
429,1047,1476,0.13528153518283753
434,1067,1501,0.13529576131819307
433,1075,1508,0.1352965756348229
422,1074,1496,0.1352993389247472
426,1076,1502,0.13533159517399843
426,1076,1502,0.13535075561266427
430,1093,1523,0.13537012618196811
434,1094,1528,0.13537755948548247
434,1089,1523,0.1353755463144875
430,1083,1513,0.13537466614823443
429,1082,1511,0.13538427958551502
425,1089,1514,0.1353957956966878
425,1089,1514,0.13541543229577171
414,1088,1502,0.13543212735096763
416,1087,1503,0.1354768053157848
424,1086,1510,0.13551435164363956
420,1090,1510,0.13552811661871786
417,1093,1510,0.1355510740701002
414,1093,1507,0.13558120697690396
414,1088,1502,0.13561619878017944
413,1094,1507,0.13564727276194374
418,1086,1504,0.13567888149512583
412,1102,1514,0.13569594564862114
412,1097,1509,0.1357289809612562
417,1087,1504,0.13575992083261731
421,1084,1505,0.13577612004763875
418,1090,1508,0.13578106973107112
415,1098,1513,0.13579599552176438
414,1091,1505,0.13581873628452318
410,1098,1508,0.1358411032292826
410,1093,1503,0.13587353446933786
410,1089,1499,0.13590529816482802
409,1096,1505,0.13593409350363508
407,1097,1504,0.13596252882106455
411,1101,1512,0.13599363352134006
393,1092,1485,0.13601168725466553
398,1105,1503,0.13607866732705776
395,1105,1500,0.13612748905992123
396,1111,1507,0.13618210430972988
401,1111,1512,0.13623024040779785
403,1113,1516,0.13626198446160065
411,1112,1523,0.1362857663229454
413,1103,1516,0.1362868620594535
414,1095,1509,0.13628367803421323
412,1103,1515,0.13627819460595073
411,1107,1518,0.13627827410158533
408,1102,1510,0.13628089505974877
410,1104,1514,0.1362925055419761
408,1098,1506,0.1362969836234865
409,1090,1499,0.13630684933771675
412,1092,1504,0.13631475380820107
410,1095,1505,0.13631265389347363
414,1093,1507,0.13631804772151854
409,1103,1512,0.1363132978775586
408,1112,1520,0.13632197579844302
414,1106,1520,0.13633120898092013
414,1095,1509,0.13632501781195583
414,1099,1513,0.13631707136494842
405,1096,1501,0.1363100604256084
409,1101,1510,0.13632840979553357
409,1109,1518,0.1363343786760844
402,1112,1514,0.13634008587858593
406,1099,1505,0.13636497447137194
404,1095,1499,0.13637877239279075
407,1101,1508,0.13639710586300602
403,1102,1505,0.13640697088206152
410,1121,1531,0.1364272855388712
405,1120,1525,0.13642844855775405
398,1105,1503,0.13644305032022494
400,1103,1503,0.13647650720513343
401,1108,1509,0.13650210106745586
401,1124,1525,0.1365230522077029
408,1124,1532,0.1365420671893147
410,1120,1530,0.136540332327686
409,1129,1538,0.13653335173148606
412,1127,1539,0.13653055507565426
413,1115,1528,0.13651835150392447
408,1097,1505,0.13650547765416784
408,1097,1505,0.13650531068667215
407,1095,1502,0.13650620465637245
414,1103,1517,0.13650906882895056
412,1102,1514,0.13649320662232986
408,1112,1520,0.13648359727069154
398,1102,1500,0.13648627644513575
406,1097,1503,0.13651331523885152
415,1087,1502,0.13651783459740208
399,1096,1495,0.13649966386110576
395,1102,1497,0.13652295133810596
395,1116,1511,0.1365534989153354
390,1107,1497,0.13658029314841827
393,1103,1496,0.13661714170158779
399,1098,1497,0.13664201201146756
410,1105,1515,0.13665089947914735
412,1112,1524,0.13663084243952292
411,1124,1535,0.13660899060524895
407,1126,1533,0.13659249495731746
406,1118,1524,0.13658759254267777
403,1118,1521,0.13658581115693808
397,1120,1517,0.13659314561483343
393,1104,1497,0.13661550431375144
396,1110,1506,0.13664673225929283
395,1105,1500,0.13666790116498398
395,1104,1499,0.13669018680796
395,1100,1495,0.13671075867429114
399,1108,1507,0.13672987726024094
406,1121,1527,0.13673507427764459
406,1115,1521,0.13672304355540246
409,1123,1532,0.13671204400109502
404,1115,1519,0.136694316606889
405,1120,1525,0.13669164336549308
395,1112,1507,0.13668680552545392
399,1113,1512,0.1367093418254628
393,1111,1504,0.13671956960642567
395,1108,1503,0.13674374154320282
399,1109,1508,0.13676061264906025
399,1114,1513,0.13676628276141023
396,1112,1508,0.13677259767059866
402,1122,1524,0.13678597981675863
399,1125,1524,0.1367828014045826
403,1116,1519,0.1367874856900865
398,1114,1512,0.136781621566065
397,1122,1519,0.136789581958139
401,1126,1527,0.13680026751427662
404,1118,1522,0.13679777022754527
407,1119,1526,0.1367873008695306
406,1110,1516,0.13676970927191498
404,1096,1500,0.13675605935117102
407,1097,1504,0.13674880762264535
401,1093,1494,0.13673406192485477
404,1105,1509,0.13673533394145032
396,1102,1498,0.13672653428285553
398,1099,1497,0.13674020859875063
403,1116,1519,0.13674822440224066
402,1111,1513,0.13674117949984987
401,1121,1522,0.13673843892686155
397,1120,1517,0.13673699787764373
397,1125,1522,0.13674565644543463
395,1123,1518,0.13675574169793692
393,1124,1517,0.1367713834153077
399,1119,1518,0.13679067713645596
398,1127,1525,0.1367917674650284
394,1127,1521,0.13679641567163095
395,1134,1529,0.1368130753954572
400,1131,1531,0.13682728338337405
401,1131,1532,0.13682711184750013
393,1124,1517,0.1368250590608455
394,1135,1529,0.13684360236706797
393,1131,1524,0.13685759254957044
392,1134,1526,0.13687342018424692
396,1130,1526,0.13689074613150062
389,1126,1515,0.1368967857440406
384,1125,1509,0.13692218139668355
384,1127,1511,0.13695902047031627
383,1117,1500,0.13699442136539575
387,1117,1504,0.1370289400632097
382,1122,1504,0.1370509037542687
377,1125,1502,0.13708599382786948
379,1127,1506,0.13713006925247404
381,1128,1509,0.13716604195145615
383,1138,1521,0.13719313832495872
382,1134,1516,0.13721346971926351
378,1143,1521,0.13723347732550703
374,1143,1517,0.13726162867021124
373,1139,1512,0.13729866864343385
371,1146,1517,0.1373357082156773
372,1156,1528,0.1373750822848578
370,1151,1521,0.13740974522018198
367,1144,1511,0.13744811216694
370,1140,1510,0.13749271186882792
376,1145,1521,0.13752654756750052
377,1130,1507,0.1375417995525059
371,1129,1500,0.13755497609705641
379,1137,1516,0.13758306350187471
386,1135,1521,0.13758869620284947
390,1139,1529,0.13757542814173845
387,1138,1525,0.13755307464820452
389,1140,1529,0.13753990172680092
385,1136,1521,0.13752255993716322
382,1126,1508,0.13751646370362156
382,1124,1506,0.13751961566258436
378,1128,1506,0.13752111358548183
384,1137,1521,0.1375327517919554
391,1126,1517,0.13752753385393823
391,1119,1510,0.13750416271782095
390,1112,1502,0.13748334693333017
392,1110,1502,0.13746719862009604
389,1114,1503,0.13744707138164938
391,1117,1508,0.13743540889592293
390,1112,1502,0.13741975530748277
385,1118,1503,0.13740695438794037
380,1123,1503,0.13740713828580947
384,1125,1509,0.13741988962330665
392,1121,1513,0.13742142643853725
393,1124,1517,0.13740182375554016
387,1115,1502,0.13738115639814105
385,1121,1506,0.1373767730532393
379,1135,1514,0.13737726746190254
376,1136,1512,0.13739393459132102
369,1132,1501,0.13741629408048223
373,1133,1506,0.13745583194773253
377,1124,1501,0.1374829282360042
375,1137,1512,0.13749787781445114
380,1144,1524,0.13751693496339526
373,1142,1515,0.13752189680680907
383,1135,1518,0.1375437959298355
380,1129,1509,0.13753897133665355
372,1121,1493,0.13754284927085716
366,1118,1484,0.13756751497009911
375,1125,1500,0.13760534433654414
371,1125,1496,0.1376157738031479
377,1138,1515,0.1376373270186367
372,1135,1507,0.1376417409540185
371,1139,1510,0.13765954805899544
378,1135,1513,0.13767749782865837
374,1127,1501,0.13767573046057646
371,1134,1505,0.13768589869554176
368,1129,1497,0.13770392137122045
363,1126,1489,0.13772909063147498
369,1147,1516,0.13776510374377157
364,1135,1499,0.13778326457890056
361,1133,1494,0.13781439887830912
364,1154,1518,0.13785114036975388
363,1148,1511,0.1378770909162403
365,1153,1518,0.13790463381218335
362,1144,1506,0.13792564456990308
358,1154,1512,0.1379513658792757
355,1154,1509,0.13798410436745573
362,1156,1518,0.13802232761137467
362,1144,1506,0.1380378680924842
356,1141,1497,0.13805211849843105
360,1144,1504,0.13808217225906427
360,1143,1503,0.1380987439859663
362,1141,1503,0.13811476695836117
363,1141,1504,0.13812446783302382
364,1154,1518,0.13813195846858728
370,1148,1518,0.1381358099229993
368,1149,1517,0.13812446669167947
366,1147,1513,0.13811992315556407
357,1150,1507,0.13812217217966613
355,1159,1514,0.13814597213882204
354,1160,1514,0.13817245919634707
354,1171,1525,0.13819856673391842
350,1165,1515,0.13822463551727257
354,1161,1515,0.1382592210485403
352,1155,1507,0.13828161561085836
353,1149,1502,0.1383095509928919
346,1157,1503,0.13833303814079773
346,1164,1510,0.13837314237474105
344,1167,1511,0.1384108707789111
347,1170,1517,0.13844996886501396
341,1167,1508,0.13847890170197533
339,1177,1516,0.13852122159745567
339,1172,1511,0.138565757313172
345,1169,1514,0.13860716814615442
342,1170,1512,0.13863007363052407
348,1173,1521,0.13865891770055727
351,1180,1531,0.13866998141321352
349,1166,1515,0.1386732279771695
349,1177,1526,0.1386806971226024
344,1184,1528,0.13868847812535115
339,1180,1519,0.13870937707585929
336,1167,1503,0.1387425503793583
339,1185,1524,0.13878185522908
335,1195,1530,0.1388113243432754
336,1177,1513,0.13884974127865835
336,1177,1513,0.1388846890352703
337,1170,1507,0.13891904711825362
338,1171,1509,0.13894793616393242
329,1174,1503,0.13897238236991716
325,1168,1493,0.13901888969755238
330,1184,1514,0.13907229391180442
334,1184,1518,0.13910991102380688
333,1188,1521,0.13913416010965401
326,1183,1509,0.13915888110085306
322,1184,1506,0.1391993249503928
321,1192,1513,0.13924796774571457
324,1192,1516,0.13929563134767614
321,1182,1503,0.13933163823240918
315,1180,1495,0.13937201972456428
322,1186,1508,0.1394260801779985
320,1193,1513,0.13945746480937304
320,1197,1517,0.13949338291877425
319,1193,1512,0.13952833839666925
314,1196,1510,0.1395641624047979
315,1196,1511,0.1396103502533132
313,1193,1506,0.13965044898334983
318,1189,1507,0.1396929341320038
317,1185,1502,0.13971825275411534
314,1193,1507,0.13974479003236556
314,1202,1516,0.13977736553690392
311,1199,1510,0.13980756494403582
309,1206,1515,0.13984391376184338
309,1203,1512,0.1398838668842252
310,1208,1518,0.13992103779567164
304,1210,1514,0.13995266394875003
308,1208,1516,0.13999737106140311
305,1203,1508,0.14002811671555926
302,1212,1514,0.1400643963100049
299,1202,1501,0.14010536389077624
300,1213,1513,0.14015057158071323
300,1214,1514,0.14019272822917106
298,1211,1509,0.14023152390428353
294,1213,1507,0.14027257173718383
297,1203,1500,0.14031976112096156
306,1202,1508,0.14035472656353012
304,1211,1515,0.14036200173632662
300,1215,1515,0.1403743245647053
302,1219,1521,0.14039708112529858
302,1217,1519,0.14041135963665513
305,1210,1515,0.14042292728035946
305,1204,1509,0.14042585348339276
302,1213,1515,0.14042903115878655
299,1213,1512,0.14044068770471366
294,1218,1512,0.14046087805044824
292,1224,1516,0.14049378543575844
294,1213,1507,0.14052863112552327
293,1213,1506,0.14055462062819768
291,1218,1509,0.14058184172663332
291,1222,1513,0.14061255410684181
284,1221,1505,0.14064131838450794
284,1219,1503,0.1406856976681935
284,1217,1501,0.14072803334985426
290,1231,1521,0.14076665568044702
284,1241,1525,0.14078686438302232
279,1236,1515,0.1408215065029903
280,1231,1511,0.14086781588170122
285,1245,1530,0.140909572126995
285,1246,1531,0.14093522117716298
283,1240,1523,0.14095903213295283
284,1241,1525,0.14098696169706262
286,1221,1507,0.14101081351071165
288,1225,1513,0.14102792697100883
284,1218,1502,0.14103837423970497
283,1231,1514,0.1410587592826304
279,1251,1530,0.14108020992768217
280,1236,1516,0.14111183995622756
279,1239,1518,0.1411383692483993
271,1242,1513,0.1411647758762503
270,1243,1513,0.14121259314692153
275,1246,1521,0.14126011902354768
274,1247,1521,0.1412910635533905
272,1238,1510,0.14132263078018337
270,1236,1506,0.1413580059356297
267,1232,1499,0.14139635199926368
262,1239,1501,0.1414408581846532
268,1243,1511,0.14149376702826882
272,1250,1522,0.1415257236278706
265,1245,1510,0.14154673249966485
265,1239,1504,0.14158528270527979
268,1249,1517,0.14162134269489782
264,1244,1508,0.1416466061953481
256,1254,1510,0.14168156948391053
254,1258,1512,0.14173688597216605
247,1263,1510,0.14179397914396216
250,1260,1510,0.14186492088410607
247,1268,1515,0.1419228263922405
243,1273,1516,0.1419852422053608
241,1285,1526,0.1420545129680207
240,1285,1525,0.1421243079634733
234,1284,1518,0.14219265264742803
229,1289,1518,0.1422727852180162
228,1278,1506,0.14236125674183442
230,1273,1503,0.14244608900953165
226,1263,1489,0.1425195808162645
225,1261,1486,0.14259939757812046
227,1274,1501,0.1426763975340039
224,1284,1508,0.14274276213505346
224,1290,1514,0.14281335884402957
223,1289,1512,0.14287990264525152
226,1286,1512,0.14294507936838416
229,1291,1520,0.14299860512053073
230,1292,1522,0.14303965895955473
227,1282,1509,0.14307529263865995
229,1293,1522,0.14311730135497294
224,1292,1516,0.14315180980910072
225,1297,1522,0.14319681122380326
224,1297,1521,0.14323659582164505
223,1291,1514,0.14327760998481537
229,1294,1523,0.1433192409569423
230,1292,1522,0.14334175797318693
228,1295,1523,0.14336064955236047
228,1287,1515,0.14338474649131228
227,1290,1517,0.14340823337331393
224,1287,1511,0.1434333036947471
223,1283,1506,0.14346586194849503
221,1289,1510,0.14349952018825357
221,1276,1497,0.14353669521394669
216,1286,1502,0.14357179884133486
212,1293,1505,0.14361771177905464
218,1296,1514,0.14367136309447365
216,1305,1521,0.1437051349896442
214,1294,1508,0.1437428470024843
212,1297,1509,0.14378392140167987
210,1308,1518,0.14382799937918994
207,1308,1515,0.1438753021027072
203,1299,1502,0.1439283196634399
208,1301,1509,0.14398833680862094
207,1314,1521,0.1440309853865163
204,1308,1512,0.14407293834561238
207,1307,1514,0.14411898240620907
204,1318,1522,0.14415451771762636
202,1331,1533,0.14419685926469622
205,1313,1518,0.14424218035674563
207,1322,1529,0.14427607785334393
206,1311,1517,0.14430296338158566
209,1310,1519,0.1443311484168699
207,1308,1515,0.1443486047166392
205,1317,1522,0.1443708908272311
204,1318,1522,0.14439715230416364
201,1330,1531,0.1444244930903625
203,1332,1535,0.14445805216576235
206,1325,1531,0.14448443494194657
198,1315,1513,0.14450160690172514
194,1304,1498,0.14453911032190622
196,1310,1506,0.14458488678373252
197,1304,1501,0.14462157052649502
194,1309,1503,0.14465345508347735
189,1322,1511,0.14469157733604057
193,1326,1519,0.1447411085392368
189,1322,1511,0.1447764920931975
192,1314,1506,0.14482007134635963
196,1317,1513,0.1448531690717644
197,1317,1514,0.14487273458175476
202,1315,1517,0.14488808402443015
199,1322,1521,0.14488966881081164
200,1319,1519,0.14490016797127697
202,1330,1532,0.1449078908964743
200,1333,1533,0.14491006329663864
195,1312,1507,0.14491776119822627
190,1323,1513,0.14493967469107752
185,1317,1502,0.14497447698389393
185,1328,1513,0.1450205232904287
185,1336,1521,0.14506242655016963
186,1323,1509,0.1451015567883991
189,1327,1516,0.1451340181901675
190,1324,1514,0.1451568643391157
188,1322,1510,0.14517517896310372
193,1325,1518,0.1451985534233338
191,1330,1521,0.14520688514605257
186,1325,1511,0.14522011530950996
182,1313,1495,0.14524634028974728
182,1327,1509,0.14528165874380172
184,1330,1514,0.14531457411567603
183,1331,1514,0.14534012945106467
182,1330,1512,0.14536717419529327
186,1331,1517,0.14539478090951452
188,1330,1518,0.14540846103732705
183,1320,1503,0.14541613393480723
184,1331,1515,0.14543599977036512
183,1346,1529,0.14545186770476914
182,1343,1525,0.14546917940862147
181,1338,1519,0.1454881064337031
179,1330,1509,0.14550791334979024
179,1333,1512,0.14553205197930963
177,1332,1509,0.14555501759039843
177,1334,1511,0.1455822369887289
172,1342,1514,0.1456082322477863
172,1335,1507,0.145646076165243
174,1337,1511,0.14568092675199187
172,1346,1518,0.1457071993797523
174,1342,1516,0.14573747207327908
173,1347,1520,0.1457605038117714
175,1332,1507,0.14578461209079163
175,1327,1502,0.14580060792531374
177,1337,1514,0.14581673273283088
172,1331,1503,0.14582717500385806
172,1319,1491,0.14585016139927853
169,1322,1491,0.1458712785947008
168,1321,1489,0.14589852697420327
173,1317,1490,0.1459270360219885
171,1335,1506,0.14593883477742325
162,1347,1509,0.14595508855373096
157,1351,1508,0.1459952293459568
158,1363,1521,0.1460464971619814
158,1358,1516,0.14609087703007226
161,1355,1516,0.14613193082107984
163,1346,1509,0.14616133924764663
166,1354,1520,0.1461832171111218
166,1343,1509,0.14619537042425215
165,1344,1509,0.1462069387399596
165,1334,1499,0.14622106686672673
168,1341,1509,0.14623407321340937
169,1342,1511,0.14623808426710425
169,1347,1516,0.14623915807089202
172,1343,1515,0.14624002589271995
167,1346,1513,0.14623201595152013
171,1342,1513,0.1462380668584191
172,1348,1520,0.14623206995833724
166,1351,1517,0.1462239834611379
166,1359,1525,0.14623423379370096
168,1343,1511,0.14624305746063404
168,1348,1516,0.14624586223139982
167,1350,1517,0.14624884395458407
167,1359,1526,0.14625478355611324
165,1365,1530,0.14626081529067508
165,1350,1515,0.14627242891940295
160,1355,1515,0.1462832876406849
163,1362,1525,0.14630675852266983
157,1356,1513,0.14632071024040763
156,1359,1515,0.14635072937657223
153,1346,1499,0.14638160157554528
156,1351,1507,0.14641873452055715
157,1365,1522,0.14644492432410022
156,1358,1514,0.14646650407030318
155,1357,1512,0.14648993219619422
153,1354,1507,0.14651458101249312
153,1359,1512,0.14654326391255634
152,1359,1511,0.1465705559545823
153,1357,1510,0.1465980463833029
150,1357,1507,0.14662087806264248
148,1360,1508,0.14665041400295714
151,1360,1511,0.14668387674162864
151,1368,1519,0.14670702011065015
151,1366,1517,0.1467282486667873
151,1354,1505,0.1467484795205138
152,1357,1509,0.14676747762992948
150,1354,1504,0.14678211518334552
147,1337,1484,0.14680170760681388
146,1341,1487,0.14682856095164326
145,1354,1499,0.14685582173737224
145,1357,1502,0.14688404089010756
140,1369,1509,0.14691028050146424
143,1367,1510,0.1469495238274099
143,1370,1513,0.14697839538811128
137,1373,1510,0.14700511854888723
141,1372,1513,0.14704661511440983
143,1375,1518,0.14707378976797686
149,1373,1522,0.14709437485615556
147,1374,1521,0.14709690752050952
144,1375,1519,0.14710490367911405
148,1356,1504,0.1471210900940113
144,1344,1488,0.1471243850401344
134,1354,1488,0.14713856128613056
136,1356,1492,0.14718196664253283
132,1363,1495,0.1472163890166743
129,1365,1494,0.14726047140399404
124,1371,1495,0.14731007562726095
124,1381,1505,0.14737060758250897
129,1384,1513,0.14742675035657318
128,1390,1518,0.14746540080634193
128,1395,1523,0.14750387360371692
125,1396,1521,0.14753982415360475
127,1393,1520,0.1475814669934351
125,1387,1512,0.14761449189541717
128,1396,1524,0.1476511171304985
127,1391,1518,0.14767670474500816
129,1388,1517,0.14770366548430366
125,1390,1515,0.14772373116261966
126,1396,1522,0.14775365523347528
124,1407,1531,0.1477788053624149
122,1401,1523,0.14780884626527338
124,1398,1522,0.14784258854340177
124,1394,1518,0.14786810469241252
120,1388,1508,0.1478923431942733
119,1389,1508,0.1479262549736389
123,1384,1507,0.14796105255944358
123,1383,1506,0.14798142652220975
121,1388,1509,0.14800110933253738
122,1389,1511,0.14802521739257088
123,1384,1507,0.14804520393640966
124,1380,1504,0.14806067193424396
122,1386,1508,0.14807250782771866
124,1391,1515,0.14808916800878685
123,1394,1517,0.14809922400206063
125,1388,1513,0.14811153217268033
124,1392,1516,0.14811738904929128
123,1393,1516,0.1481256730816531
123,1397,1520,0.14813619054188018
119,1397,1516,0.14814582910206975
117,1394,1511,0.14816593874298786
119,1388,1507,0.14819067268832342
117,1402,1519,0.14820790101933226
111,1417,1528,0.1482299275764507
111,1414,1525,0.14826745180645376
108,1415,1523,0.14830256336500564
112,1400,1512,0.14834360164580332
109,1394,1503,0.1483705502011833
113,1412,1525,0.14840401361802638
114,1400,1514,0.14842399383623406
114,1406,1520,0.14843972882054807
115,1396,1511,0.14845438240707315
118,1400,1518,0.1484649082771856
118,1398,1516,0.14846607105701526
117,1403,1520,0.1484670553064375
114,1387,1501,0.14847070450194116
115,1388,1503,0.14848301998354302
116,1395,1511,0.14849174313086475
114,1396,1510,0.14849699333611616
110,1396,1506,0.1485071769190344
115,1390,1505,0.1485282211138243
113,1403,1516,0.14853340057414402
110,1398,1508,0.1485444902089318
112,1406,1518,0.1485633555941343
112,1411,1523,0.148575045275036
109,1404,1513,0.1485859005367942
115,1398,1513,0.14860467112620032
115,1398,1513,0.14860491515194346
116,1403,1519,0.1486046534870008
116,1399,1515,0.1486018304071898
114,1390,1504,0.1485989088706905
114,1381,1495,0.14860167283245565
116,1388,1504,0.14860440114281107
113,1396,1509,0.14860111914510138
113,1404,1517,0.1486072111782792
114,1405,1519,0.14861282211688526
109,1400,1509,0.14861526800700647
111,1386,1497,0.14863248027856302
112,1391,1503,0.14864301010966752
111,1392,1503,0.1486498308578233
111,1402,1513,0.1486589436586034
111,1401,1512,0.14866734153082423
111,1396,1507,0.14867583879407545
106,1412,1518,0.1486837214157688
107,1408,1515,0.1487055004662001
111,1416,1527,0.1487229496365615
109,1407,1516,0.1487281224737444
108,1405,1513,0.1487383442221816
108,1405,1513,0.14875081865868953
109,1410,1519,0.148762992884647
109,1408,1517,0.1487713461026096
111,1408,1519,0.1487794540382594
111,1396,1507,0.14878129832051656
107,1388,1495,0.14878317363571505
104,1398,1502,0.1487964882015988
108,1408,1516,0.1488178008886236
109,1411,1520,0.14882613740185022
108,1406,1514,0.1488309956813482
107,1401,1508,0.14883862573117693
107,1404,1511,0.14884843773276496
104,1417,1521,0.14885784138279884
102,1411,1513,0.1488752080953489
99,1404,1503,0.14889674485943974
99,1403,1502,0.14892520566577214
96,1405,1501,0.14895188228814413
99,1421,1520,0.14898536542374655
101,1415,1516,0.1490075737569518
97,1427,1524,0.14902281389704752
95,1423,1518,0.14904852581050956
95,1421,1516,0.14907829434318967
96,1423,1519,0.14910596048080102
97,1424,1521,0.14912897300475741
97,1420,1517,0.14914738815477566
95,1416,1511,0.14916469195970752
97,1421,1518,0.14918674140232066
96,1407,1503,0.1492015280531927
95,1398,1493,0.14921843550916242
95,1401,1496,0.1492373471517988
95,1403,1498,0.1492550250999499
94,1397,1491,0.14927101595279466
92,1406,1498,0.14928893993051706
92,1413,1505,0.14931182825286135
92,1432,1524,0.1493333133607456
89,1430,1519,0.14935329350614698
90,1422,1512,0.1493806070444169
93,1419,1512,0.14940276499145752
92,1420,1512,0.14941436040815406
91,1409,1500,0.1494281079848793
89,1423,1512,0.14944384385867882
86,1425,1511,0.14946460688248006
85,1430,1515,0.14949248536220622
85,1424,1509,0.149521341651964
87,1425,1512,0.14954843566745726
86,1417,1503,0.14956774013414698
85,1420,1505,0.14958876364801232
88,1433,1521,0.14961124150281718
87,1435,1522,0.14962337633290168
89,1437,1526,0.14963764276093713
88,1434,1522,0.14964513872508864
87,1430,1517,0.14965506285661956
87,1419,1506,0.14966769045327458
87,1415,1502,0.14967940154789192
88,1421,1509,0.14969070974293738
88,1427,1515,0.1496985725544989
87,1430,1517,0.1497061541847302
88,1431,1519,0.1497164621789951
88,1423,1511,0.14972334522147476
88,1432,1520,0.14973014908629007
87,1431,1518,0.14973653729302294
86,1430,1516,0.14974601023262107
85,1440,1525,0.14975787896455522
81,1433,1514,0.1497721492119724
79,1432,1511,0.14979708980648188
78,1437,1515,0.1498262586092139
82,1437,1519,0.1498563044196191
79,1429,1508,0.1498723764265643
83,1447,1530,0.14989619925539277
85,1437,1522,0.1499068015406405
82,1438,1520,0.14991113594660946
83,1436,1519,0.14992430094246043
80,1429,1509,0.14993396066032594
82,1421,1503,0.14995197541163693
85,1421,1506,0.14996278172039224
85,1429,1514,0.14996424993375077
83,1424,1507,0.14996588096379
81,1439,1520,0.149973473947606
81,1439,1520,0.14998672568623694
80,1451,1531,0.14999952476969322
79,1452,1531,0.15001444071428086
79,1453,1532,0.1500313057683541
79,1446,1525,0.15004704896626522
78,1442,1520,0.15006166635408513
77,1430,1507,0.1500782860465675
78,1423,1501,0.15009668581348407
78,1425,1503,0.15011064076881442
78,1436,1514,0.15012388378149447
79,1428,1507,0.15013632503425658
79,1437,1516,0.15014509895101846
76,1435,1511,0.15015321298383166
78,1426,1504,0.1501696249670986
78,1433,1511,0.150179033311791
75,1426,1501,0.150187619463761
76,1441,1517,0.15020469232806202
74,1450,1524,0.15021755124221436
73,1461,1534,0.15023582558439558
73,1447,1520,0.15025578279778812
74,1444,1518,0.1502745330070926
75,1446,1521,0.15028934408598893
75,1446,1521,0.15030032073481128
73,1457,1530,0.1503106298979979
72,1456,1528,0.15032622864695624
72,1455,1527,0.15034379125625388
73,1453,1526,0.15036017755144115
71,1455,1526,0.15037259649735768
70,1455,1525,0.15039011213608575
68,1451,1519,0.1504094122601063
65,1439,1504,0.1504331778013169
65,1454,1519,0.15046429523943583
64,1457,1521,0.1504934912661425
63,1443,1506,0.15052349523149805
66,1453,1519,0.150554410830859
63,1442,1505,0.15057424391377106
65,1451,1516,0.15060156714577932
65,1464,1529,0.15062121103108728
66,1463,1529,0.15063976795707698
64,1463,1527,0.15065407625078264
62,1453,1515,0.15067384708517
60,1439,1499,0.15069847232922132
61,1452,1513,0.1507275194982828
59,1449,1508,0.1507517499587667
58,1458,1516,0.15078043201456484
57,1458,1515,0.15081004942082502
57,1461,1518,0.15084074492996624
57,1457,1514,0.15086932175465395
58,1453,1511,0.15089598712283128
59,1454,1513,0.15091775516092135
62,1454,1516,0.15093506602276027
61,1448,1509,0.15094237799325594
59,1448,1507,0.15095235370048105
57,1450,1507,0.15096759644123642
59,1451,1510,0.1509877322466569
55,1463,1518,0.15100040794221362
54,1470,1524,0.15102423531211573
55,1456,1511,0.15104948105447838
53,1457,1510,0.15107008135467923
52,1452,1504,0.1510951991898665
54,1458,1512,0.15112163958030872
55,1444,1499,0.15114009153449273
55,1441,1496,0.15115439757743057
57,1442,1499,0.15116777323640507
55,1450,1505,0.15117433362754482
55,1447,1502,0.15118663884944541
57,1446,1503,0.15119811263570362
56,1450,1506,0.15120291539822384
53,1458,1511,0.15121045719070206
56,1453,1509,0.15122660937137422
56,1468,1524,0.15123239948189823
57,1454,1511,0.15123788167600521
53,1462,1515,0.15124001999359804
55,1469,1524,0.15125422325624688
54,1461,1515,0.15126167416502645
55,1468,1523,0.15127187060704142
54,1452,1506,0.15127823212551694
53,1473,1526,0.15128736214375116
57,1468,1525,0.15129891375485807
57,1475,1532,0.15129746891035464
58,1466,1524,0.15129617268045997
60,1469,1529,0.15129200093007728
60,1473,1533,0.1512820024160158
61,1465,1526,0.1512727011148739
61,1466,1527,0.1512609502323393
61,1457,1518,0.1512499709063952
60,1455,1515,0.1512395877032184
60,1453,1513,0.15123294288757336
56,1455,1511,0.1512267948120428
54,1447,1501,0.15123325901917897
54,1470,1524,0.15124515332035227
54,1460,1514,0.15125619641372537
56,1457,1513,0.15126674832464398
56,1451,1507,0.15127033260286188
58,1456,1514,0.15127376778270546
58,1454,1512,0.15127111600695345
59,1449,1508,0.15126873305886676
60,1438,1498,0.1512634400128875
61,1453,1514,0.1512556463645921
61,1451,1512,0.15124529017016036
59,1459,1518,0.15123565181455195
61,1470,1531,0.15123259601509872
60,1456,1516,0.15122374106135694
57,1442,1499,0.1512186677216976
56,1453,1509,0.1512230263022785
54,1464,1518,0.1512299707926152
54,1463,1517,0.15124227531721185
53,1461,1514,0.1512537884542873
53,1456,1509,0.15126747567439003
52,1467,1519,0.1512803159083817
53,1467,1520,0.15129547158874176
52,1464,1516,0.15130676851969593
53,1460,1513,0.15132049431179814
53,1462,1515,0.15133028261654619
55,1463,1518,0.15133954722006351
56,1452,1508,0.15134228620991505
53,1460,1513,0.1513419043232713
54,1469,1523,0.15135077430826718
50,1462,1512,0.15135594905013242
51,1469,1520,0.1513727953779883
52,1470,1522,0.15138545844595389
53,1462,1515,0.1513943140253942
52,1465,1517,0.15139955738718122
51,1447,1498,0.15140750834472091
52,1460,1512,0.1514180189688601
54,1456,1510,0.1514246494553083
54,1460,1514,0.15142491391317223
55,1467,1522,0.15142521045524304
54,1472,1526,0.1514227722226607
51,1451,1502,0.1514236259486159
49,1456,1505,0.15143355327279212
49,1453,1502,0.15144904081174826
49,1456,1505,0.1514635486040319
49,1464,1513,0.1514771433127493
51,1469,1520,0.1514898604091823
53,1469,1522,0.15149555313975074
53,1466,1519,0.15149489922873227
54,1469,1523,0.15149417381743016
53,1475,1528,0.15149063420166442
51,1460,1511,0.15149033049255162
52,1461,1513,0.15149605831251897
53,1472,1525,0.151498418402287
51,1461,1512,0.15149753677404568
52,1456,1508,0.15150267204099627
52,1450,1502,0.15150427357182322
52,1455,1507,0.15150586360699667
51,1470,1521,0.151507348155448
49,1466,1515,0.15151165076081013
52,1476,1528,0.15152164077765914
53,1480,1533,0.1515217000961158
50,1474,1524,0.15151875571475387
48,1475,1523,0.1515252373755511
48,1468,1516,0.1515372782869175
48,1474,1522,0.15154854952924354
48,1475,1523,0.1515591596992347
49,1470,1519,0.1515690609151209
48,1464,1512,0.15157525754727358
48,1471,1519,0.15158410825984536
47,1473,1520,0.15159231246794097
47,1473,1520,0.1516029530847599
48,1475,1523,0.15161283171005877
49,1474,1523,0.15161896678613243
48,1471,1519,0.15162174599975237
50,1471,1521,0.15162763893700779
50,1473,1523,0.1516270889490518
46,1476,1522,0.15162674612465163
44,1463,1507,0.15163870425816717
44,1475,1519,0.1516557831910703
45,1468,1513,0.15167175989202952
45,1467,1512,0.15168337774180995
46,1470,1516,0.15169416695893825
49,1456,1505,0.15170128872330504
49,1462,1511,0.15169868493642957
49,1460,1509,0.15169635225232728
47,1465,1512,0.15169429784815805
44,1460,1504,0.15169842529523142
40,1459,1499,0.15171151290221208
41,1462,1503,0.15173579418955854
42,1474,1516,0.15175544923840165
46,1470,1516,0.15177078589449905
45,1473,1518,0.1517727842615249
44,1475,1519,0.15177779665207916
45,1472,1517,0.1517856859550476
49,1465,1514,0.15179014488624
46,1462,1508,0.15178212208953548
48,1455,1503,0.15178387160443577
51,1446,1497,0.15177930563673192
48,1455,1503,0.15176571275238612
49,1455,1504,0.15176226526778078
50,1453,1503,0.15175596396078153
51,1455,1506,0.15174694972756064
49,1451,1500,0.15173520867506873
48,1442,1490,0.15173057969802717
49,1445,1494,0.15172934261339482
50,1456,1506,0.15172520356306232
46,1459,1505,0.1517183311042992
46,1465,1511,0.15172447116095097
45,1461,1506,0.1517299461997655
45,1468,1513,0.15173811610312316
43,1481,1524,0.15174573343294864
42,1475,1517,0.15175906186135374
46,1468,1514,0.15177449094875184
48,1473,1521,0.15177654550393796
49,1479,1528,0.1517724538177776
46,1481,1527,0.151765758724631
46,1477,1523,0.1517687282694536
45,1462,1507,0.15177133671611728
47,1464,1511,0.15177662102835932
49,1461,1510,0.15177545666216644
49,1468,1517,0.151768419822334
48,1468,1516,0.15176197935781527
50,1482,1532,0.15175917714899004
51,1470,1521,0.15175047780275744
52,1463,1515,0.15173925128030155
49,1454,1503,0.15172567256902153
48,1452,1500,0.15172214347190563
49,1452,1501,0.15172202048640984
49,1459,1508,0.1517188940951199
50,1462,1512,0.15171599434499264
50,1443,1493,0.1517102085469841
45,1447,1492,0.1517048337483081
45,1466,1511,0.15171494138199113
43,1479,1522,0.1517243156826601
46,1478,1524,0.1517389444027884
47,1475,1522,0.15174337617415173
44,1475,1519,0.15174474373159186
43,1489,1532,0.1517551588786111
44,1493,1537,0.15176824742757153
43,1483,1526,0.15177757882689
42,1488,1530,0.15178928411361658
40,1483,1523,0.1518031568319987
41,1482,1523,0.1518221658424642
41,1484,1525,0.15183690773498248
41,1483,1524,0.1518509384996475
40,1494,1534,0.15186418305002275
39,1488,1527,0.15187974855606753
38,1485,1523,0.15189754537332295
38,1484,1522,0.1519171291153932
40,1491,1531,0.15193540527972765
41,1483,1524,0.15194653179963274
42,1472,1514,0.1519539342211376
41,1470,1511,0.15195793557908627
43,1463,1506,0.15196482614296059
43,1468,1511,0.15196515110619122
43,1469,1512,0.15196551179551437
42,1473,1515,0.15196589868898136
40,1480,1520,0.15196947766651722
38,1484,1522,0.15197877689076886
35,1486,1521,0.1519933240288711
37,1483,1520,0.15201588178620543
37,1479,1516,0.15203095788492127
40,1489,1529,0.1520449560033019
40,1498,1538,0.152048537115634
40,1495,1535,0.15205171165579498
41,1488,1529,0.15205467912077586
37,1486,1523,0.15205454771559468
38,1493,1531,0.15206701226650218
39,1485,1524,0.152075737921406
39,1487,1526,0.15208071886318703
39,1495,1534,0.1520856499289959
39,1494,1533,0.15209035501513124
38,1483,1521,0.1520950775040373
38,1482,1520,0.152102471189937
38,1482,1520,0.15210941022099458
37,1483,1520,0.1521157453994121
37,1488,1525,0.15212472220678122
36,1493,1529,0.15213299696576357
37,1503,1540,0.1521437883254649
39,1503,1542,0.15215080951237098
40,1482,1522,0.15215129790509851
41,1463,1504,0.15214871374253025
38,1472,1510,0.15214324161842094
38,1472,1510,0.15214737939752557
37,1472,1509,0.15215135712767505
36,1479,1515,0.1521580921397883
33,1468,1501,0.15216742736944827
36,1474,1510,0.152185259648501
36,1478,1514,0.1521924216840028
33,1472,1505,0.15219913826659548
33,1468,1501,0.15221450306045753
36,1478,1514,0.1522287585504867
33,1472,1505,0.15223306624574287
33,1482,1515,0.15224646291925142
33,1486,1519,0.15225912735914224
33,1484,1517,0.15227122977568044
32,1488,1520,0.15228277021408473
33,1480,1513,0.15229666771394135
33,1475,1508,0.1523066597666816
33,1470,1503,0.15231618837994876
30,1467,1497,0.15232521428083495
30,1476,1506,0.1523428390467194
29,1472,1501,0.1523593961723308
30,1491,1521,0.15237799865220736
30,1489,1519,0.15239238468246527
27,1498,1525,0.1524058628057311
25,1481,1506,0.15242788775909308
25,1490,1515,0.15245443354394972
25,1490,1515,0.15247922853901447
26,1481,1507,0.15250239293141596
26,1482,1508,0.15252093213284224
29,1500,1529,0.15253829755662454
28,1493,1521,0.15254536281641226
29,1492,1521,0.15255520411500761
29,1498,1527,0.152561228098528
29,1496,1525,0.15256693535942398
29,1495,1524,0.1525723308318173
31,1479,1510,0.15257737252055642
31,1457,1488,0.1525756843393045
29,1454,1483,0.15257407591480165
29,1450,1479,0.1525786862449025
30,1477,1507,0.15258288340796106
30,1474,1504,0.15258357732840938
31,1470,1501,0.15258419353157163
30,1486,1516,0.15258156690423064
29,1482,1511,0.15258219305209197
31,1486,1517,0.1525856450614705
31,1477,1508,0.15258276096860926
30,1474,1504,0.15258020840239758
32,1475,1507,0.15258090301313026
33,1484,1517,0.1525754133418555
32,1492,1524,0.15256711365703762
33,1494,1527,0.152562633886633
34,1487,1521,0.1525553225550754
34,1479,1513,0.15254534811013332
32,1472,1504,0.1525361435931722
32,1473,1505,0.15253392906813587
31,1460,1491,0.15253179456765714
29,1472,1501,0.15253287865981477
28,1474,1502,0.1525398557262955
26,1477,1503,0.15254932244057082
26,1479,1505,0.15256427273892192
27,1482,1509,0.1525780627174613
28,1478,1506,0.15258806518161386
29,1485,1514,0.1525942503603089
29,1475,1504,0.15259681048252774
29,1480,1509,0.15259928138799964
28,1474,1502,0.15260143743893428
30,1483,1513,0.15260652178380912
28,1476,1504,0.15260508939473846
27,1465,1492,0.15260992890251668
27,1470,1497,0.15261758448472443
28,1464,1492,0.152624697660418
29,1471,1500,0.1526281025803543
29,1470,1499,0.15262803866585922
31,1480,1511,0.15262811921839126
31,1490,1521,0.1526217998224503
30,1493,1523,0.15261594977616796
30,1482,1512,0.15261374980551057
30,1485,1515,0.15261163609228387
31,1497,1528,0.15260964559788326
29,1485,1514,0.15260469365186488
27,1492,1519,0.15260617229302728
29,1493,1522,0.152613728932438
29,1479,1508,0.15261463657208318
30,1497,1527,0.15261542238808953
31,1488,1519,0.15261290501419197
31,1497,1528,0.15260752707336034
30,1488,1518,0.15260262343576275
30,1487,1517,0.15260125775085032
28,1496,1524,0.1526000235011919
28,1507,1535,0.1526052652958651
28,1505,1533,0.15261012093924495
28,1511,1539,0.15261466136139826
26,1500,1526,0.15261891237941796
27,1488,1515,0.1526292710525382
26,1468,1494,0.1526357016066211
27,1472,1499,0.15264488572377646
26,1481,1507,0.15265028416364892
27,1475,1502,0.15265852327777135
26,1484,1510,0.15266305420817855
26,1494,1520,0.15267048176695552
26,1485,1511,0.15267744997524135
26,1486,1512,0.15268383284953138
26,1491,1517,0.15268980210625024
27,1489,1516,0.15269539165097407
25,1493,1518,0.15269740082778108
26,1496,1522,0.15270560355189755
26,1499,1525,0.15271008270056383
25,1504,1529,0.15271428081605878
24,1508,1532,0.15272141704789113
25,1487,1512,0.15273120107165591
25,1491,1516,0.15273723539832573
27,1491,1518,0.15274291254298622
27,1496,1523,0.15274180632790446
27,1486,1513,0.15274076572055542
25,1492,1517,0.15273980063735373
26,1500,1526,0.15274530893344
26,1501,1527,0.15274727639430716
27,1499,1526,0.15274913954477332
27,1493,1520,0.15274773753433668
29,1485,1514,0.15274652932648713
28,1477,1505,0.15273909170311384
28,1478,1506,0.15273528739043185
32,1487,1519,0.15273178760839617
31,1474,1505,0.15271574513870476
31,1491,1522,0.15270405589127667
31,1489,1520,0.15269318461065487
31,1485,1516,0.15268304527721058
32,1470,1502,0.15267348635100922
32,1463,1495,0.15266149320999112
32,1463,1495,0.15265027048034654
32,1467,1499,0.15263979308240516
33,1475,1508,0.15262995165877796
35,1470,1505,0.1526176544403688
35,1473,1508,0.15259986630623196
35,1475,1510,0.1525832807189845
35,1492,1527,0.1525676857494279
34,1483,1517,0.1525528565320485
34,1474,1508,0.1525419575840996
32,1483,1515,0.15253176544958194
33,1482,1515,0.15252843677443642
32,1478,1510,0.1525221801682355
32,1475,1507,0.1525194011911877
31,1485,1516,0.15251665714606785
31,1490,1521,0.1525172045756522
32,1491,1523,0.15251779553703085
33,1483,1516,0.15251518123076246
33,1469,1502,0.15250958542375298
30,1479,1509,0.1525042766792823
29,1475,1504,0.152508528730134
31,1472,1503,0.1525156011922032
33,1482,1515,0.15251593702619698
34,1491,1525,0.15250995668319878
32,1492,1524,0.15250129322724862
33,1477,1510,0.15249966521179992
32,1478,1510,0.1524950460177122
32,1482,1514,0.15249391868761875
31,1477,1508,0.15249289263959315
31,1487,1518,0.15249502931881626
31,1490,1521,0.15249691296518805
30,1485,1515,0.15249876714478905
28,1485,1513,0.15250366512142324
29,1476,1505,0.15251451297485777
29,1482,1511,0.15252141872656588
27,1475,1502,0.15252792665793524
25,1483,1508,0.1525402461275147
25,1479,1504,0.15255802750259703
24,1481,1505,0.15257457728246343
25,1489,1514,0.15259318923440804
25,1480,1505,0.15260742949455317
24,1485,1509,0.152620765789614
20,1489,1509,0.15263644829127565
19,1493,1512,0.15266373178664858
20,1510,1530,0.15269244630832626
22,1500,1522,0.15271622126384288
22,1491,1513,0.1527321757676614
21,1501,1522,0.15274728437763221
20,1503,1523,0.15276464110394655
20,1495,1515,0.15278420632900439
20,1490,1510,0.15280250345296764
18,1488,1506,0.15281965477599163
17,1493,1510,0.15284204508003554
17,1507,1524,0.15286616208346268
17,1498,1515,0.15288872820936905
17,1500,1517,0.15290986158065986
18,1506,1524,0.15292966756553278
18,1493,1511,0.15294502772635293
21,1493,1514,0.1529594190728426
21,1502,1523,0.15296333320454777
21,1496,1517,0.15296700350836873
20,1488,1508,0.1529704635130853
20,1484,1504,0.15297688435613374
20,1498,1518,0.15298292594994703
20,1500,1520,0.15298860203052161
20,1507,1527,0.15299401476742883
20,1510,1530,0.15299908264021844
20,1512,1532,0.15300383429958242
20,1503,1523,0.15300829255000664
20,1513,1533,0.15301249450654897
20,1519,1539,0.15301644764944786
20,1517,1537,0.15302015992609902
17,1510,1527,0.15302364590533968
18,1502,1520,0.15303651739409513
17,1501,1518,0.15304531245141237
16,1499,1515,0.15305683919800894
14,1497,1511,0.15307097326249278
16,1502,1518,0.15309067203457735
16,1509,1525,0.15310265030566675
16,1509,1525,0.15311396328140855
16,1506,1522,0.15312461131277683
14,1503,1517,0.15313462501571298
13,1497,1510,0.15315038547284762
15,1487,1502,0.15316847076465476
15,1497,1512,0.1531788236698621
14,1492,1506,0.15318866329913974
13,1505,1518,0.15320116457197078
13,1500,1513,0.1532160333029638
13,1493,1506,0.15322998736704574
12,1500,1512,0.15324307424797556
12,1508,1520,0.15325853528620714
11,1514,1525,0.15327301561811602
11,1509,1520,0.15328983776410632
11,1512,1523,0.15330554560689894
11,1520,1531,0.15332026067779295
9,1509,1518,0.1533340577230844
9,1516,1525,0.15335347813347006
8,1515,1523,0.15337172532482402
8,1522,1530,0.15339213981799538
8,1502,1510,0.15341123976488585
6,1502,1508,0.1534291527010696
6,1502,1508,0.15345242530577796
6,1509,1515,0.15347420769570555
6,1501,1507,0.1534946748511986
6,1511,1517,0.15351390060547876
6,1511,1517,0.15353195534783132
6,1508,1514,0.15354891027370898
5,1509,1514,0.15356483325365128
5,1509,1514,0.15358304563285644
5,1509,1514,0.15360017649146132
6,1507,1513,0.1536162684921815
6,1513,1519,0.1536280534449735
6,1518,1524,0.15363919999188488
7,1511,1518,0.1536496923462877
7,1503,1510,0.15365624470625533
7,1506,1513,0.15366249216989528
7,1514,1521,0.15366839282222702
7,1498,1505,0.1536739544540375
7,1503,1510,0.15367919148732642
8,1500,1508,0.15368412009919052
8,1495,1503,0.15368548859341785
8,1492,1500,0.1536867760559902
8,1503,1511,0.1536879982736625
8,1496,1504,0.1536891562037618
8,1495,1503,0.15369025145970291
8,1505,1513,0.15369128627407944
8,1518,1526,0.15369226318916074
8,1505,1513,0.15369318487927036
8,1505,1513,0.15369405405060033
8,1506,1514,0.1536948733825592
9,1501,1510,0.15369564549256362
9,1503,1512,0.15369310686968032
9,1509,1518,0.15369071945823445
9,1517,1526,0.15368848798171475
8,1516,1524,0.15368640123705188
8,1515,1523,0.15368770436102439
7,1510,1517,0.15368894371264083
7,1498,1505,0.15369333021910228
7,1519,1526,0.15369745796245327
7,1499,1506,0.1537013280091851
7,1504,1511,0.1537049557441735
7,1506,1513,0.15370835753344525
7,1512,1519,0.15371154857535918
7,1510,1517,0.15371454278696917
7,1508,1515,0.15371735294588706
7,1498,1505,0.15371999083811091
7,1497,1504,0.15372246737887824
6,1505,1511,0.15372479270853998
6,1505,1511,0.15373026397951967
7,1512,1519,0.1537353888772263
7,1503,1510,0.15373689266141535
7,1506,1513,0.1537383158056642
7,1512,1519,0.15373966197521424
7,1524,1531,0.1537408502458232
7,1521,1528,0.1537420522161362
8,1519,1527,0.15374319531221528
9,1514,1523,0.15374110017749526
9,1514,1523,0.1537358212115515
9,1503,1512,0.15373085718745164
9,1513,1522,0.1537262072329264
9,1516,1525,0.1537218524802406
9,1518,1527,0.15371777259590846
8,1533,1541,0.15371394865761143
8,1530,1538,0.15371366153545565
8,1527,1535,0.15371332284606967
6,1526,1532,0.15371298335488132
7,1524,1531,0.15371913201475343
7,1522,1529,0.15372165547921662
7,1509,1516,0.15372400449457238
7,1507,1514,0.15372620472217322
7,1505,1512,0.15372826668279824
7,1509,1516,0.15373019982634437
7,1509,1516,0.15373201283102844
8,1499,1507,0.15373371365673658
9,1503,1512,0.1537320282069966
9,1510,1519,0.15372713204495028
8,1507,1515,0.15372263633211333
7,1510,1517,0.15372170639590274
7,1507,1514,0.15372410060977632
7,1507,1514,0.15372632636597608
6,1504,1510,0.1537283987594768
7,1496,1503,0.1537335882080377
7,1514,1521,0.15373520730958795
7,1510,1517,0.15373674891737227
8,1501,1509,0.15373821050245096
8,1502,1510,0.15373636021813847
9,1496,1505,0.15373465702583075
9,1484,1493,0.15372987049974943
9,1499,1508,0.15372540009055086
9,1501,1510,0.15372122067367675
9,1512,1521,0.15371731255543788
8,1505,1513,0.15371365653058672
7,1504,1511,0.15371348795860487
7,1513,1520,0.15371662259135302
7,1512,1519,0.15371960225210834
7,1511,1518,0.1537224125880802
7,1522,1529,0.15372505925019286
7,1499,1506,0.15372755118952405
6,1495,1501,0.15372989742332396
5,1508,1513,0.15373538534172815
5,1515,1520,0.15374368823370793
5,1518,1523,0.1537514414212829
5,1517,1522,0.15375869481327967
5,1512,1517,0.15376549123608035
5,1503,1508,0.15377186446250132
5,1498,1503,0.15377784360106986
4,1506,1510,0.15378345472499824
4,1502,1506,0.1537919355965804
4,1491,1495,0.1537999020692443
4,1483,1487,0.15380737315380746
4,1484,1488,0.153814381970039
4,1498,1502,0.15382095894865
4,1498,1502,0.1538271319501464
4,1503,1507,0.15383292667838278
4,1519,1523,0.15383836697166436
4,1505,1509,0.15384347501176351
5,1510,1515,0.15384827148418728
5,1509,1514,0.15384953348580088
4,1508,1512,0.15385070899079065
3,1507,1510,0.15385505238010627
3,1513,1516,0.15386240946783208
4,1520,1524,0.15386930546432123
4,1523,1527,0.15387251282740771
4,1529,1533,0.15387551180778167
4,1511,1515,0.15387833118725147
4,1518,1522,0.153880981102164
4,1503,1507,0.15388347111859144
4,1511,1515,0.1538858105854443
4,1517,1521,0.15388800847279105
4,1520,1524,0.1538900732977429
4,1520,1524,0.15389201310506423
4,1511,1515,0.15389383547277805
4,1504,1508,0.1538955475288186
4,1507,1511,0.1538971559723425
4,1523,1527,0.15389866709667588
4,1523,1527,0.15390008681242082
5,1513,1518,0.15390142066999524
5,1505,1510,0.15389941411619232
5,1508,1513,0.15389755966783422
5,1507,1512,0.15389583866605686
5,1504,1509,0.1538942344311571
5,1502,1507,0.1538927358954033
6,1505,1511,0.1538913344139079
6,1511,1517,0.15388671629305795
5,1509,1514,0.15388246631659006
5,1508,1513,0.15388179515969086
5,1510,1515,0.15388110746434708
5,1506,1511,0.1538804497781104
5,1501,1506,0.15387982723872898
6,1508,1514,0.15387924008880396
6,1502,1508,0.153875385045347
6,1500,1506,0.15387184666096043
5,1515,1520,0.15386854843313352
5,1509,1514,0.1538686942076039
5,1512,1517,0.15386884316871072
5,1508,1513,0.15386897795731205
5,1505,1510,0.15386910103930798
4,1503,1507,0.15386921446155152
5,1520,1525,0.15387254674169945
5,1521,1526,0.15387239084824508
5,1528,1533,0.15387231865316914
5,1516,1521,0.15387226739982773
5,1512,1517,0.15387222609549803
5,1518,1523,0.1538721908696257
5,1522,1527,0.15387215992371556
5,1507,1512,0.15387213226228647
5,1520,1525,0.15387210726358094
5,1521,1526,0.1538720845034142
4,1516,1520,0.15387206367247255
3,1513,1516,0.1538752754931443
3,1513,1516,0.15388156306260065
3,1529,1532,0.15388738527810916
3,1512,1515,0.15389282562221346
3,1518,1521,0.15389791909632008
3,1513,1516,0.15390269206784596
3,1525,1528,0.15390716706408913
3,1520,1523,0.15391136417787446
3,1520,1523,0.15391530168184914
3,1525,1528,0.15391899636574602
3,1524,1527,0.15392246375094001
3,1518,1521,0.1539257182418724
3,1524,1527,0.15392877324126672
3,1509,1512,0.15393164124269668
3,1507,1510,0.15393433390793007
3,1507,1510,0.1539368621333971
2,1512,1514,0.15393923610848423
2,1508,1510,0.1539447413053462
2,1502,1504,0.15394989444368773
2,1524,1526,0.153954720257752
2,1530,1532,0.15395924528405394
2,1517,1519,0.15396349070697907
2,1510,1512,0.15396747508009356
2,1506,1508,0.15397121523087332
2,1509,1511,0.15397472664772482
2,1516,1518,0.1539780236893771
2,1510,1512,0.1539811197200752
2,1513,1515,0.15398402720825557
2,1513,1515,0.1539867578046881
2,1520,1522,0.1539893224077439
2,1519,1521,0.1539917312198408
2,1524,1526,0.15399399379739218
3,1498,1501,0.15399611909569472
3,1516,1519,0.15399476342246501
4,1520,1524,0.15399356900008004
4,1519,1523,0.1539891227198153
4,1513,1517,0.15398503686760495
4,1508,1512,0.15398122914000592
3,1507,1510,0.1539776703408155
3,1512,1515,0.15397766552181374
3,1508,1511,0.15397760140810127
3,1505,1508,0.1539775278202276
3,1522,1525,0.15397745267669075
3,1527,1530,0.15397737870529837
3,1508,1511,0.15397730710443214
3,1521,1524,0.15397723843769312
3,1517,1520,0.1539771729568453
3,1518,1521,0.15397711074572787
3,1512,1515,0.1539770517927824
3,1510,1513,0.15397699603068843
3,1509,1512,0.15397694335932427
3,1501,1504,0.15397689365966538
2,1507,1509,0.1539768468024836
2,1515,1517,0.15398012196898764
2,1508,1510,0.15398312814469117
2,1504,1506,0.1539859330631062
2,1505,1507,0.15398855847828902
2,1509,1511,0.15399101890376513
2,1516,1518,0.15399332617587233
2,1509,1511,0.15399549067277016
2,1515,1517,0.1539975217712821
2,1509,1511,0.1539994280660735
2,1522,1524,0.15400121749627335
2,1520,1522,0.15400289742934678
2,1508,1510,0.15400447472240864
2,1504,1506,0.15400595577029302
2,1515,1517,0.15400734654513606
2,1524,1526,0.15400865263010893
2,1514,1516,0.1540098792488689
3,1507,1510,0.15401103129171528
3,1501,1504,0.15400880144054757
3,1498,1501,0.15400672756503306
3,1487,1490,0.15400479628281163
3,1508,1511,0.15400299159591394
3,1503,1506,0.1540013023679068
3,1510,1513,0.15399971972740165
3,1507,1510,0.15399823608101812
3,1504,1507,0.15399684468473518
3,1503,1506,0.153995539428852
2,1510,1512,0.15399431471506694
2,1504,1506,0.1539964627011324
2,1512,1514,0.15399846676368026
2,1508,1510,0.15400033544902844
2,1501,1503,0.1540020832805602
3,1502,1505,0.15400372050767722
3,1509,1512,0.1540019005214858
2,1516,1518,0.15400026319710133
2,1506,1508,0.1540020800064399
2,1497,1499,0.15400372755849667
2,1501,1503,0.15400526239379317
2,1502,1504,0.15400669858538965
2,1506,1508,0.1540080445289399
2,1504,1506,0.15400930681273378
2,1519,1521,0.15401049113354634
3,1517,1520,0.15401160261056743
3,1518,1521,0.1540093331277231
3,1515,1518,0.15400721630393374
3,1515,1518,0.15400524258411152
3,1520,1523,0.15400339807824953
3,1515,1518,0.15400167219040717
3,1517,1520,0.15400005602089123
3,1523,1526,0.1539985417643059
3,1524,1527,0.15399712241764513
3,1516,1519,0.15399579161400423
3,1517,1520,0.15399454351646175
3,1523,1526,0.153993372744297
3,1536,1539,0.1539922743181972
3,1531,1534,0.15399124361745145
3,1521,1524,0.15399027634518273
3,1514,1517,0.15398936849925576
3,1519,1522,0.15398851634736999
3,1519,1522,0.15398771640535855
3,1522,1525,0.15398696541802098
3,1516,1519,0.15398626034201274
3,1505,1508,0.15398559833044279
3,1520,1523,0.15398497671891506
3,1517,1520,0.15398439301281092
3,1525,1528,0.15398384487565064
3,1511,1514,0.1539833301184043
3,1500,1503,0.15398284668964451
2,1505,1507,0.15398239266645253
2,1517,1519,0.15398532060293524
2,1511,1513,0.15398801018262953
2,1511,1513,0.15399052015888262
2,1500,1502,0.15399286954469088
2,1513,1515,0.1539950712999936
2,1531,1533,0.15399713600580214
2,1526,1528,0.153999072933445
2,1528,1530,0.15400089046022594
2,1532,1534,0.15400259626832685
2,1527,1529,0.15400419745793476
2,1520,1522,0.1540057006211977
2,1515,1517,0.15400711189595476
2,1515,1517,0.15400843700783756
1,1509,1510,0.15400968130502846
1,1510,1511,0.15401415198253113
1,1516,1517,0.15401834315640242
1,1521,1522,0.15402226862419627
1,1521,1522,0.15402594884146872
1,1533,1534,0.15402940096356477
1,1526,1527,0.15403264022906102
1,1536,1537,0.15403568048953742
1,1536,1537,0.15403853448015373
0,1523,1523,0.1540412139853395
