1350,24,1374,0.1358214788709095
1375,27,1402,0.13303402338080994
1429,28,1457,0.13042051954113387
1451,28,1479,0.12788975908216377
1460,31,1491,0.1255246333726059
1450,32,1482,0.12334762119192604
1455,32,1487,0.12139171875542189
1462,32,1494,0.11959832084045159
1462,34,1496,0.11794810258327004
1456,34,1490,0.11644567851342646
1465,37,1502,0.11509290694326735
1470,38,1508,0.11383918311684578
1463,38,1501,0.11268606721653585
1449,44,1493,0.11165321859374931
1455,45,1500,0.11074579456428786
1452,42,1494,0.10990503273878137
1448,39,1487,0.10914721302914333
1461,39,1500,0.10846656772960951
1460,44,1504,0.10781693014999952
1460,42,1502,0.10722800602224765
1459,41,1500,0.106692198347748
1474,41,1515,0.10620676913986715
1464,38,1502,0.10573111019157537
1448,41,1489,0.105320665309535
1448,42,1490,0.10498241274021272
1447,39,1486,0.10467446630364977
1443,39,1482,0.10439647828610273
1451,41,1492,0.10415222058759245
1460,44,1504,0.10391225531439349
1443,45,1488,0.10367393006684329
1435,46,1481,0.10349447618687241
1439,43,1482,0.10334819280236957
1442,42,1484,0.10320624986062399
1445,42,1487,0.10307047863773824
1435,43,1478,0.10294026433734985
1440,44,1484,0.10284344300759259
1439,46,1485,0.1027444837408789
1440,47,1487,0.10265661413362884
1447,48,1495,0.10257465760964278
1435,48,1483,0.10248452597566564
1434,49,1483,0.10242849214220168
1438,51,1489,0.10237955142560899
1449,50,1499,0.10232626597409339
1455,51,1506,0.10225396089221504
1439,51,1490,0.10217532148897013
1436,51,1487,0.10213810179944538
1432,51,1483,0.10211102148547554
1423,52,1475,0.10209482510095669
1430,55,1485,0.10210002473201835
1432,55,1487,0.10208953206894954
1439,54,1493,0.1020753347417138
1441,56,1497,0.10204716907285637
1444,57,1501,0.10201757563606634
1443,58,1501,0.10198404023053628
1431,60,1491,0.10195561389697318
1425,60,1485,0.10195555814008411
1421,57,1478,0.10196840781681991
1423,58,1481,0.10198867578347212
1421,59,1480,0.10200319697777224
1422,56,1478,0.1020207687907173
1424,59,1483,0.10203474383918662
1429,61,1490,0.10204325644382366
1418,60,1478,0.10204006456269823
1429,61,1490,0.10206048612886179
1431,57,1488,0.10205549301402954
1431,58,1489,0.10204657794130487
1440,57,1497,0.10203834625607108
1432,56,1488,0.1020113289033652
1446,56,1502,0.10200413828015976
1453,54,1507,0.10196723908048268
1459,51,1510,0.10191892169978903
1452,52,1504,0.10186207241358478
1452,54,1506,0.10182547816945459
1456,49,1505,0.10179219328748204
1450,48,1498,0.10175298825747521
1449,47,1496,0.10172996513697605
1455,50,1505,0.1017112370808545
1449,52,1501,0.10168126719412424
1450,51,1501,0.10166691057437845
1460,51,1511,0.10165174371467675
1451,56,1507,0.10161639984899097
1441,58,1499,0.10160352514539696
1447,58,1505,0.10161372651112656
1453,58,1511,0.10161023368364094
1457,59,1516,0.10159398075578359
1452,59,1511,0.10157077499662069
1459,58,1517,0.10156048309531929
1460,60,1520,0.10153629519942442
1458,60,1518,0.10151233289899349
1456,58,1514,0.10149452883379205
1452,58,1510,0.10148264901160467
1431,59,1490,0.10148034410010076
1432,61,1493,0.10152309891354488
1425,61,1486,0.10156017299336724
1434,61,1495,0.10160921083903657
1433,61,1494,0.10163471259561628
1443,59,1502,0.10165988165406016
1439,57,1496,0.10166135936280062
1439,60,1499,0.1016713449167454
1455,62,1517,0.10168066948363627
1455,59,1514,0.101654770441366
1447,58,1505,0.10163090378020304
1438,57,1495,0.10162624727054055
1441,53,1494,0.1016415988940048
1446,50,1496,0.10164916097646842
1434,50,1484,0.10164504812682867
1443,46,1489,0.10166728344635474
1433,50,1483,0.10166752083260139
1427,52,1479,0.10168958538741503
1428,50,1478,0.10172276535749053
1443,50,1493,0.10175098552620052
1441,52,1493,0.10174436740478505
1448,52,1500,0.1017430189324248
1441,54,1495,0.10172657891073116
1444,54,1498,0.10172634092388436
1440,55,1495,0.10171987543807426
1432,58,1490,0.10172291153377117
1436,60,1496,0.10174266291323807
1429,60,1489,0.10175195805588
1430,61,1491,0.10177532636602343
1426,66,1492,0.10179464241419563
1440,66,1506,0.10182168116807144
1437,65,1502,0.10181619271312016
1434,63,1497,0.10181711080401414
1434,62,1496,0.10182465015310907
1434,69,1503,0.10183208452916226
1428,72,1500,0.10183856246567856
1441,65,1506,0.10185690552346027
1437,71,1508,0.10184558740135786
1428,73,1501,0.10184406311807001
1419,73,1492,0.10186223111833989
1424,74,1498,0.10189806727834508
1424,74,1498,0.10192048726262443
1436,76,1512,0.10194102604941752
1428,73,1501,0.10193399602138913
1420,72,1492,0.1019447424713827
1410,71,1481,0.1019721745685338
1419,73,1492,0.10201855517899165
1396,75,1471,0.10204125275232608
1397,74,1471,0.10211172157374275
1405,73,1478,0.1021743287006133
1418,72,1490,0.10221361617248696
1413,72,1485,0.10222177136191833
1409,74,1483,0.10224015704928008
1427,72,1499,0.10226511250595902
1430,71,1501,0.10224842195597626
1438,69,1507,0.1022270159999945
1442,69,1511,0.10218994281067596
1440,69,1509,0.1021471837299029
1434,69,1503,0.10211230319893314
1433,67,1500,0.10209334917968702
1424,66,1490,0.10207841521968969
1423,65,1488,0.10208446292123302
1424,64,1488,0.1020921372382209
1435,67,1502,0.10209729380095119
1434,65,1499,0.10207777175420141
1439,64,1503,0.10206140681541934
1445,63,1508,0.10203521186298344
1433,62,1495,0.10199853425863446
1436,61,1497,0.1019913514663227
1426,58,1484,0.10197784832517715
1436,58,1494,0.10198706286126616
1428,57,1485,0.10197416768894021
1424,56,1480,0.10197973389547173
1418,55,1473,0.10199333397198139
1423,55,1478,0.10201885290161165
1426,58,1484,0.10203117437309164
1437,62,1499,0.1020357742805971
1447,63,1510,0.10201646572050693
1447,60,1507,0.10197705722963021
1455,58,1513,0.10194113896436044
1450,57,1507,0.10189179347014626
1447,56,1503,0.1018576337701042
1451,52,1503,0.10183277625532895
1454,52,1506,0.10180211189322609
1449,52,1501,0.10176754242386381
1450,57,1507,0.10174733833798197
1446,58,1504,0.10172653471962612
1446,60,1506,0.10171626035688894
1446,59,1505,0.10170676563722512
1446,59,1505,0.10169848733935752
1453,57,1510,0.10169098562108986
1448,57,1505,0.10166902586244277
1461,57,1518,0.10165976179801735
1448,58,1506,0.10162328761678346
1429,57,1486,0.10161733707054361
1433,56,1489,0.10165316958445336
1446,56,1502,0.10167726004368406
1455,55,1510,0.1016711027943418
1460,55,1515,0.10164655933582065
1444,54,1498,0.10161394038531153
1447,54,1501,0.10161877868017843
1451,55,1506,0.10161634626231933
1450,56,1506,0.10160588408863154
1451,58,1509,0.1015986363507759
1450,56,1506,0.10158972642292703
1450,59,1509,0.10158394636410666
1439,61,1500,0.10157862296988351
1447,60,1507,0.10159732152031685
1433,60,1493,0.10159729380760389
1426,59,1485,0.10162768981931254
1425,61,1486,0.10167005293631931
1430,62,1492,0.1017110487598455
1431,61,1492,0.10173734961761705
1435,62,1497,0.1017594400628905
1435,60,1495,0.10177129899428371
1421,63,1484,0.10178213454635301
1433,64,1497,0.10182238750892406
1433,64,1497,0.10183272281029493
1412,66,1478,0.10184214869459128
1406,63,1469,0.10189654088019302
1416,65,1481,0.10195879655319466
1428,65,1493,0.10199373799331703
1423,66,1489,0.10199905583752213
1412,67,1479,0.10201514776083716
1422,64,1486,0.10205368009419191
1412,63,1475,0.10206745867988648
1408,62,1470,0.1021013494784213
1417,63,1480,0.10214045864621368
1417,67,1484,0.1021573050953566
1424,69,1493,0.10217324099728925
1432,67,1499,0.10217231713997169
1437,68,1505,0.10215374941621733
1428,68,1496,0.10212584301244977
1415,70,1485,0.10211999251834566
1417,71,1488,0.10214289112422131
1423,68,1491,0.10215906778797798
1420,66,1486,0.1021612109608586
1433,63,1496,0.10216947142583453
1440,64,1504,0.10214851094475311
1436,66,1502,0.10211404031558788
1426,68,1494,0.1020913950204306
1417,67,1484,0.10209268724915928
1412,64,1476,0.10211338025714131
1411,66,1477,0.10214365974371034
1421,65,1486,0.10217363352002039
1426,65,1491,0.10217936924157829
1424,66,1490,0.10217335736692412
1428,68,1496,0.10217182672429516
1418,65,1483,0.10216161564377634
1411,68,1479,0.10217424945445536
1406,67,1473,0.10220080290855219
1419,66,1485,0.10223577310076486
1425,67,1492,0.10224016512569055
1433,69,1502,0.10223124144645432
1438,70,1508,0.10220576100463327
1440,66,1506,0.1021715786065895
1439,66,1505,0.10213642704120222
1436,68,1504,0.10210664101951018
1441,69,1510,0.10208604616821548
1438,66,1504,0.1020566526332077
1445,69,1514,0.10203649361704586
1437,74,1511,0.10200292781372527
1445,71,1516,0.1019899191619843
1443,71,1514,0.10196057712007772
1428,74,1502,0.10193784883042509
1424,74,1498,0.10194972366536133
1420,77,1497,0.10196939379860019
1427,77,1504,0.10199605258485916
1427,80,1507,0.10200540463170377
1424,80,1504,0.10201368449243564
1424,79,1503,0.10202743069693035
1424,78,1502,0.10203992048503316
1408,76,1484,0.10205037069566089
1407,76,1483,0.10209511026127624
1410,74,1484,0.10213798409091968
1423,72,1495,0.10217063977883235
1438,76,1514,0.10217252956969954
1439,77,1516,0.10214172885697806
1428,76,1504,0.10211123697349443
1432,76,1508,0.10210751894153214
1422,77,1499,0.10209580245852731
1417,76,1493,0.1021067955803143
1413,77,1490,0.10212771326612849
1410,77,1487,0.10215517415806563
1411,77,1488,0.1021868155411395
1412,81,1493,0.10221398275562804
1418,81,1499,0.10223604007681265
1417,80,1497,0.10224337284826422
1417,80,1497,0.10225189670123278
1412,81,1493,0.10225946946179054
1410,80,1490,0.10227725215975333
1416,81,1497,0.10229824100184491
1412,82,1494,0.1023043502287657
1401,81,1482,0.10231864130951619
1420,78,1498,0.10235562131261712
1419,75,1494,0.10234848716001985
1422,76,1498,0.10234360547929207
1419,76,1495,0.10233310323071632
1406,73,1479,0.10233036940356299
1405,73,1478,0.10235618448585809
1404,75,1479,0.1023820024681794
1404,76,1480,0.10240779289617813
1407,73,1480,0.10243134050431428
1418,75,1493,0.10244634840573529
1414,77,1491,0.10243587006734386
1414,75,1489,0.10243511386582743
1418,78,1496,0.10243435900478338
1413,79,1492,0.10242529911303792
1426,81,1507,0.10242719439878757
1417,79,1496,0.1024009052363959
1427,79,1506,0.10239666691460216
1416,83,1499,0.10237134528092556
1417,83,1500,0.10237233916585627
1413,85,1498,0.10237144964654617
1426,81,1507,0.10237919846360752
1418,80,1498,0.10235742291780942
1419,80,1499,0.10235507095721479
1407,79,1486,0.10235047739983007
1406,81,1487,0.1023720900187799
1415,81,1496,0.10239449988689295
1422,78,1500,0.10239534198180741
1426,77,1503,0.10238092694214734
1421,77,1498,0.10235967104387492
1418,78,1496,0.1023505243605063
1418,77,1495,0.10234921524660301
1410,76,1486,0.10234856768022564
1420,80,1500,0.10236507319368199
1414,79,1493,0.10235873505219104
1409,82,1491,0.10236586522045617
1405,85,1490,0.10238358698325331
1407,85,1492,0.10240828490401309
1410,84,1494,0.10242648899598703
1411,81,1492,0.102436792821497
1423,82,1505,0.10244396149953705
1419,83,1502,0.10242419133532607
1425,85,1510,0.10241492869473875
1428,84,1512,0.10239395228898747
1424,85,1509,0.10236888713994015
1423,87,1510,0.10235392778259701
1416,87,1503,0.10234246150249163
1411,89,1500,0.10234691058763731
1413,88,1501,0.10236168220978242
1405,89,1494,0.10237113965196269
1401,90,1491,0.10239668636935967
1407,89,1496,0.10242922296004728
1398,87,1485,0.10244532177233324
1407,91,1498,0.10247981313579224
1405,87,1492,0.10249179002692178
1411,87,1498,0.10250732974128407
1422,88,1510,0.10250872544132267
1418,85,1503,0.10248581748579504
1414,83,1497,0.10247380321041855
1407,81,1488,0.10247159263936095
1405,82,1487,0.10248459128543741
1412,84,1496,0.10250065170508549
1403,78,1481,0.10250038782548744
1410,78,1488,0.10251873100749773
1403,80,1483,0.10252078146602801
1397,79,1476,0.10253778426375078
1415,79,1494,0.10256616456470116
1412,79,1491,0.1025529615860871
1408,84,1492,0.10254718936280639
1406,85,1491,0.10255127393534064
1411,88,1499,0.10255958400676053
1414,92,1506,0.1025561640225179
1412,91,1503,0.1025466879136312
1415,88,1503,0.10254262698699794
1414,89,1503,0.10253236565176155
1405,88,1493,0.10252538830206284
1401,88,1489,0.10253832077676706
1401,90,1491,0.10255896335583432
1399,90,1489,0.10257791184805395
1396,91,1487,0.10259967989451152
1392,88,1480,0.10262562265518914
1406,94,1500,0.10265866603587252
1408,91,1499,0.1026583488625566
1408,90,1498,0.10265351839341957
1406,92,1498,0.10264955719714748
1409,90,1499,0.10265058281336346
1406,91,1497,0.10264545826908503
1417,89,1506,0.10264720450132411
1421,87,1508,0.10262488981679148
1414,86,1500,0.10259553989462125
1408,83,1491,0.10258449264739308
1401,85,1486,0.10258752132174666
1409,88,1497,0.10260562870422875
1432,87,1519,0.10260488751846072
1429,85,1514,0.10255422049938627
1414,81,1495,0.10251436596123224
1423,82,1505,0.10251007166664461
1412,84,1496,0.10248657169191479
1411,82,1493,0.10248900513303144
1423,81,1504,0.10249355022580786
1418,79,1497,0.10247127586660731
1415,84,1499,0.10246174953725387
1404,82,1486,0.10245967324485278
1414,80,1494,0.10248173968942449
1429,85,1514,0.1024803059290118
1421,84,1505,0.10244676953886994
1426,84,1510,0.1024336273027652
1411,87,1498,0.102410259969969
1407,85,1492,0.10242190020603797
1404,87,1491,0.10244154635540614
1416,85,1501,0.10246553686893034
1422,88,1510,0.10246162306313046
1415,90,1505,0.10244552971816495
1399,90,1489,0.10244627501284627
1419,90,1509,0.10248133289455842
1394,90,1484,0.10246929857352625
1382,91,1473,0.10251248493181887
1390,92,1482,0.10257822876096064
1398,92,1490,0.10262140288633109
1399,88,1487,0.10264402258877305
1405,88,1493,0.10266265567067158
1405,89,1494,0.10266631524852064
1416,89,1505,0.1026699649247821
1409,90,1499,0.10264904299079636
1399,89,1488,0.10264538444860388
1404,88,1492,0.10266453839094888
1405,90,1495,0.10267073315556846
1409,96,1505,0.1026744563215267
1399,97,1496,0.1026692726680241
1398,95,1493,0.1026858153049088
1405,90,1495,0.10270392380796904
1402,91,1493,0.1027053161352446
1399,92,1491,0.10271363080303925
1389,97,1486,0.10272723753499208
1391,97,1488,0.10276102633673713
1385,100,1485,0.10278729721378327
1386,101,1487,0.1028246934169418
1394,100,1494,0.10285683175963936
1389,101,1490,0.10286886980518865
1387,102,1489,0.10289096434018902
1389,103,1492,0.10291532409018228
1380,104,1484,0.10293404192254701
1384,106,1490,0.10297112447548924
1384,105,1489,0.10299626776478696
1386,103,1489,0.10301953946498214
1399,103,1502,0.10303667979362469
1405,104,1509,0.10302458145774336
1384,102,1486,0.10299971830832116
1391,102,1493,0.10302301887618985
1392,104,1496,0.1030282082555426
1397,100,1497,0.10303082940677662
1404,99,1503,0.10302141493695662
1390,98,1488,0.10299831519114043
1396,100,1496,0.10300776092193836
1394,97,1491,0.10300365467736128
1390,94,1484,0.10300350218939887
1401,93,1494,0.10301178170521355
1414,98,1512,0.10299652817946749
1413,96,1509,0.10295473156192787
1414,96,1510,0.10291862729718798
1412,98,1510,0.10288399220970752
1411,100,1511,0.10285679663542599
1406,100,1506,0.10283460801237933
1410,104,1514,0.10282530146872974
1402,106,1508,0.10280740535241652
1399,110,1509,0.10280855003732402
1382,106,1488,0.10281652769441559
1374,106,1480,0.10286002704205596
1373,109,1482,0.10291697628649392
1374,105,1479,0.10297113593384903
1381,105,1486,0.10301904584692824
1377,111,1488,0.10304720901848965
1370,110,1480,0.10308210507487861
1380,113,1493,0.1031293612758042
1381,116,1497,0.10315177000483038
1376,113,1489,0.10317007293993406
1377,112,1489,0.10319801919479749
1389,110,1499,0.1032220987940367
1384,107,1491,0.1032182420401852
1389,107,1496,0.10322661872799571
1385,109,1494,0.10322334745174087
1387,108,1495,0.10322959828300826
1372,107,1479,0.10323080484163186
1366,108,1474,0.10326466845213053
1373,109,1482,0.10330942893270885
1375,111,1486,0.10333468417441068
1374,113,1487,0.10335304989692357
1384,113,1497,0.10337178861617882
1381,112,1493,0.10336661758003304
1368,110,1478,0.10336879224019105
1371,109,1480,0.10339902007350321
1376,107,1483,0.10341903402103561
1377,113,1490,0.10342653634278377
1367,113,1480,0.10343158026407259
1365,113,1478,0.10345855827192002
1382,115,1497,0.10348757848832861
1380,116,1496,0.10347688226576696
1383,116,1499,0.10347098127514809
1384,118,1502,0.1034586664009651
1383,117,1500,0.10344495138163642
1380,114,1494,0.10343494658123639
1383,117,1500,0.10343267584190453
1383,118,1501,0.1034236014120552
1376,115,1491,0.10341538022778753
1374,118,1492,0.10342246849176821
1375,113,1488,0.1034333376769218
1369,114,1483,0.10344176868534731
1361,119,1480,0.10346250080013399
1364,120,1484,0.10349876289986895
1369,121,1490,0.10352511326089107
1368,123,1491,0.10353844468729104
1372,121,1493,0.10355281879969037
1374,122,1496,0.10355800085114922
1382,122,1504,0.10355839582561836
1372,120,1492,0.1035418208816337
1378,119,1497,0.10354833326813767
1379,122,1501,0.1035413856497616
1384,116,1500,0.10353269438113594
1378,117,1495,0.1035143212361687
1372,119,1491,0.10351081380983843
1373,122,1495,0.10352066317668861
1381,122,1503,0.10352791084109338
1372,125,1497,0.10351646437757077
1366,122,1488,0.10352536017956153
1373,122,1495,0.10354569031240544
1371,124,1495,0.10354935852459297
1378,122,1500,0.10355692090505457
1378,123,1501,0.10354787608624746
1371,119,1490,0.10353907291336434
1367,120,1487,0.10354609456006277
1371,121,1492,0.10356085374650323
1359,124,1483,0.10356537933248416
1360,125,1485,0.10359564477029264
1373,123,1496,0.10362142639278843
1372,124,1496,0.10361675381811103
1374,126,1500,0.1036149664548225
1369,130,1499,0.10360923950809714
1360,131,1491,0.10361528554091529
1364,130,1494,0.10364042683206005
1359,129,1488,0.10365466089925167
1364,129,1493,0.10367851376762335
1370,130,1500,0.10368962461648941
1365,129,1494,0.10368595200055605
1364,129,1493,0.10369357358666077
1361,131,1492,0.103701835422464
1349,130,1479,0.10371538355337155
1346,131,1477,0.10375495889639749
1336,129,1465,0.10379744066907033
1351,132,1483,0.10385923245973905
1335,136,1471,0.10388328365406245
1347,131,1478,0.10393992481537499
1352,132,1484,0.10396495174140324
1341,130,1471,0.10397779380369182
1353,131,1484,0.10401436126611006
1374,127,1501,0.10402015556537718
1362,126,1488,0.10397864627832995
1352,132,1484,0.1039662863536287
1355,132,1487,0.10397725279984404
1350,132,1482,0.10398067636224954
1357,133,1490,0.10399426050608708
1361,134,1495,0.10399118159393085
1367,133,1500,0.10398022779506282
1351,127,1478,0.10395728977714562
1349,132,1481,0.10397075592310902
1351,135,1486,0.1039866585729921
1353,131,1484,0.10399621209387398
1345,130,1475,0.10400083307116219
1337,138,1475,0.10402265487471446
1349,135,1484,0.10406052171989348
1357,135,1492,0.10406870202038984
1361,135,1496,0.10405926603637544
1368,131,1499,0.10404172568190032
1365,134,1499,0.1040103531429973
1361,140,1501,0.10398850414592367
1350,143,1493,0.10397797007970486
1351,141,1492,0.10399275537991773
1355,143,1498,0.10400322218689423
1355,142,1497,0.1040044299832756
1363,140,1503,0.1040056155433211
1361,138,1499,0.10398888737662658
1362,141,1503,0.10397811212756039
1345,144,1489,0.10396659368129033
1330,149,1479,0.10399363284608544
1336,150,1486,0.10405134972486449
1336,148,1484,0.104091244803011
1336,150,1486,0.10412875089437282
1345,146,1491,0.10416369076304896
1350,150,1500,0.10417591465146142
1352,149,1501,0.10417621257514362
1344,151,1495,0.10417181307467416
1352,149,1501,0.10418615605960296
1358,154,1512,0.10418157902380458
1359,155,1514,0.10416488994713598
1365,155,1520,0.10414748315776387
1350,153,1503,0.10411845854608856
1341,160,1501,0.10412523605590296
1329,160,1489,0.10415080176097452
1332,157,1489,0.10420009703683263
1332,155,1487,0.10423897050242999
1338,159,1497,0.10427501635798142
1330,161,1491,0.1042958184884444
1328,160,1488,0.10433269095611315
1329,167,1496,0.10437171502965523
1324,168,1492,0.10440536561860839
1321,169,1490,0.1044479700395232
1327,171,1498,0.1044928050267599
1333,168,1501,0.10452050390699144
1331,170,1501,0.10453286564803257
1333,166,1499,0.10454870336730394
1334,169,1503,0.1045588026838514
1323,168,1491,0.10456607083461064
1322,168,1490,0.10459681290742072
1333,166,1499,0.10462820260222362
1341,168,1509,0.10463363170573584
1342,173,1515,0.10462131542959467
1335,178,1513,0.10460781358204922
1320,176,1496,0.10461133521967315
1325,172,1497,0.10464796930995048
1315,175,1490,0.10466987760584157
1319,177,1496,0.10471289618810864
1328,179,1507,0.10474344926509517
1321,176,1497,0.1047519176597249
1342,174,1516,0.10477521496588796
1333,173,1506,0.10474975337506914
1334,182,1516,0.10474702108388226
1327,183,1510,0.1047423148577283
1320,183,1503,0.10475355723081765
1319,183,1502,0.10477940669999096
1310,187,1497,0.10480511049955878
1307,181,1488,0.10484871455477322
1315,187,1502,0.10489472242029345
1315,185,1500,0.10491912639833723
1311,183,1494,0.10494163373506377
1305,189,1494,0.10497107927966567
1319,191,1510,0.1050121642846128
1304,193,1497,0.10501964097348208
1310,189,1499,0.10505975534270254
1310,188,1498,0.1050837692164134
1298,195,1493,0.10510655228015407
1294,194,1488,0.10515394065364933
1295,192,1487,0.10520598525278281
1291,190,1481,0.10525194920790103
1291,193,1484,0.10530315417721542
1290,192,1482,0.10534919316711547
1292,198,1490,0.10539471554546033
1293,202,1495,0.10543068795138759
1292,205,1497,0.10546041204239869
1294,204,1498,0.10549038547166564
1297,205,1502,0.10551373734907471
1312,204,1516,0.10552790067830503
1306,204,1510,0.10550836606782353
1308,203,1511,0.10550385604061567
1298,204,1502,0.10549671810210842
1292,202,1494,0.10551176201556277
1300,196,1496,0.10553863986147632
1309,199,1508,0.10554434178674559
1310,195,1505,0.10553062720137216
1311,199,1510,0.10551636860439244
1297,199,1496,0.1055008475505972
1282,198,1480,0.10551803761833088
1288,198,1486,0.10556746706657581
1291,202,1493,0.10560054362853012
1290,205,1495,0.10562474553932535
1303,205,1508,0.10564840071512348
1298,204,1502,0.10564235264691021
1287,203,1490,0.105648267324339
1306,206,1512,0.10567824605055831
1307,204,1511,0.10566336369533452
1314,204,1518,0.10564752025045815
1308,200,1508,0.10561730185617023
1310,200,1510,0.10560295598736921
1316,199,1515,0.10558615049092196
1307,194,1501,0.10555754525533347
1292,197,1489,0.10555075963095267
1303,203,1506,0.1055771232261197
1299,205,1504,0.10557616708070862
1305,201,1506,0.10558446561711765
1300,199,1499,0.10557915246435655
1306,200,1506,0.10558568359786812
1301,203,1504,0.10557715223373268
1295,198,1493,0.10557978758672651
1299,194,1493,0.10559540980555361
1293,196,1489,0.10560049003193583
1285,197,1482,0.10561878445424223
1288,198,1486,0.10565312511146803
1299,200,1499,0.10567810908601154
1293,201,1494,0.10567739821486191
1294,200,1494,0.10568972760265784
1297,197,1494,0.10569862239354505
1295,199,1494,0.10570038302638998
1283,200,1483,0.10570457568263109
1282,205,1487,0.10573495356158973
1295,207,1502,0.10576524646557697
1293,205,1498,0.10576440665534921
1294,202,1496,0.10576786565370679
1295,203,1498,0.1057692634609841
1287,208,1495,0.10576849325278541
1285,210,1495,0.10578589584891926
1284,211,1495,0.10580632505855818
1290,215,1505,0.10582671636876492
1287,214,1501,0.10583242473717601
1290,214,1504,0.10584379439388523
1279,216,1495,0.10584804073977694
1284,217,1501,0.10587758857540425
1284,216,1500,0.1058938505903532
1284,212,1496,0.10590818551328215
1278,210,1488,0.10592276477159557
1283,217,1500,0.10594919942185634
1280,219,1499,0.10596258952120109
1285,222,1507,0.105981619329571
1298,221,1519,0.10598834200949854
1280,221,1501,0.10596698479042073
1273,216,1489,0.10598704933735079
1267,217,1484,0.10602159411587252
1279,218,1497,0.10606548154367296
1273,224,1497,0.10607947187850933
1276,222,1498,0.10610506314828141
1292,222,1514,0.10612162484029249
1280,222,1502,0.10610232650751471
1280,219,1499,0.10611264313261635
1278,219,1497,0.10612152352176338
1273,220,1493,0.10613522105676937
1278,216,1494,0.10615874399361573
1271,217,1488,0.10616897551386507
1275,218,1493,0.10619361705027158
1272,216,1488,0.10620751075123439
1271,224,1495,0.1062262447080198
1282,226,1508,0.10624581837312796
1273,223,1496,0.10623971791680933
1270,226,1496,0.10625374954402805
1271,222,1493,0.1062739237407192
1262,224,1486,0.1062890846250222
1261,224,1485,0.10632500341831534
1267,223,1490,0.10636068794615461
1268,222,1490,0.10638012475832555
1272,224,1496,0.10639574492310679
1273,228,1501,0.10640137460438073
1270,229,1499,0.10640347600649473
1274,233,1507,0.10641290008004332
1270,227,1497,0.1064130619221465
1264,232,1496,0.10642146251145217
1258,230,1488,0.10644349191978525
1255,226,1481,0.10647813903413474
1254,227,1481,0.10651562907651187
1265,231,1496,0.10655313108511599
1263,228,1491,0.10656248752347082
1245,235,1480,0.10657672744960424
1248,236,1484,0.1066306208668906
1256,235,1491,0.10667262350846109
1253,239,1492,0.10669468128545077
1255,235,1490,0.10672076595816353
1263,236,1499,0.10674086189791769
1261,236,1497,0.10674170014067354
1260,239,1499,0.10674875716439866
1256,243,1499,0.10675710824666591
1245,240,1485,0.10677406840859469
1241,243,1484,0.10681407623846409
1240,251,1491,0.10685967645229497
1242,248,1490,0.10690393564379147
1235,252,1487,0.10693952793955837
1240,252,1492,0.10698816248523765
1251,253,1504,0.10702117315945724
1249,257,1506,0.10702895910453636
1244,257,1501,0.10704134330854029
1244,262,1506,0.10706492327383672
1230,266,1496,0.10708723315787755
1215,270,1485,0.10713859819262134
1225,270,1495,0.1072188398143395
1218,270,1488,0.10726982269516888
1211,272,1483,0.10733212679942591
1227,274,1501,0.10740484334611747
1230,273,1503,0.10743739031423488
1223,277,1500,0.10746157759105208
1217,286,1503,0.10749948575502699
1205,288,1493,0.10754764397409516
1218,284,1502,0.10761805709121725
1226,283,1509,0.10765279129481244
1207,288,1495,0.1076672903570896
1204,284,1488,0.10772306894628692
1197,285,1482,0.1077813056886276
1208,284,1492,0.10785072761001736
1208,284,1492,0.10788947134985459
1214,281,1495,0.10792528563874619
1207,281,1488,0.10794504201205683
1196,286,1482,0.10797919041650834
1212,284,1496,0.1080350369104853
1223,285,1508,0.10805007976255844
1218,286,1504,0.10803875749504183
1205,288,1493,0.10803927440909826
1204,292,1496,0.10806830013505767
1214,292,1506,0.10809704886689676
1208,299,1507,0.10810123816501957
1202,300,1502,0.1081190396834478
1203,299,1502,0.10814874500885306
1195,296,1491,0.10817435304843533
1195,292,1487,0.10821684897823143
1192,297,1489,0.10825625632620227
1198,294,1492,0.10829956691150616
1202,292,1494,0.10832527189470287
1207,295,1502,0.10833994689071864
1206,291,1497,0.10834189916612635
1202,291,1493,0.10834679920332213
1198,299,1497,0.10836149951083328
1190,294,1484,0.10838340212628478
1194,292,1486,0.10842086075094452
1198,292,1490,0.10844695022953932
1194,299,1493,0.10846083983426665
1195,306,1501,0.10848296721023878
1183,311,1494,0.10850139186654716
1184,309,1493,0.10854623429467282
1189,308,1497,0.10858623809923508
1181,310,1491,0.10861096680214119
1185,302,1487,0.10865241072438023
1175,308,1483,0.1086829594908249
1180,310,1490,0.10873280841718205
1175,308,1483,0.10876755948729061
1173,310,1483,0.10881085973268739
1167,305,1472,0.10885468411286951
1163,316,1479,0.10890664875426528
1175,323,1498,0.10896363728564909
1181,319,1500,0.10899033353936889
1185,321,1506,0.10900126436604214
1183,317,1500,0.10900169846784706
1191,323,1514,0.1090054474565913
1198,323,1521,0.10899110195652337
1193,320,1513,0.10896278147523092
1191,318,1509,0.1089476570762619
1182,313,1495,0.10893730341994054
1188,315,1503,0.10894787134240573
1186,314,1500,0.10894453150321144
1182,311,1493,0.10894650021368353
1179,316,1495,0.10895630450722965
1176,317,1493,0.1089727591611299
1183,319,1502,0.10899414876129102
1171,317,1488,0.10899793635451094
1173,317,1490,0.10902881283413554
1169,321,1490,0.10905208058267533
1177,318,1495,0.10908226275063428
1181,326,1507,0.10909207158301058
1185,324,1509,0.10909226848369791
1185,314,1499,0.10908345957483086
1187,318,1505,0.10907674750016479
1197,314,1511,0.10906554475773443
1198,316,1514,0.10903251406328873
1196,321,1517,0.10900014498060492
1182,322,1504,0.10897584499057383
1180,325,1505,0.10898492250120999
1169,329,1498,0.10899808541323072
1168,326,1494,0.1090363547489735
1169,322,1491,0.1090746333054485
1177,323,1500,0.10910686232011767
1182,324,1506,0.10911897601795677
1178,330,1508,0.10911887833587365
1175,335,1510,0.10912862966661972
1165,329,1494,0.10914450372565711
1165,327,1492,0.10918210281288389
1173,324,1497,0.10921760194790732
1164,335,1499,0.10923188031731129
1168,333,1501,0.1092652732869448
1167,338,1505,0.10928640160938126
1159,341,1500,0.10930919028342244
1154,339,1493,0.10934745144891816
1155,334,1489,0.10939379451825836
1149,336,1485,0.10943523266003123
1150,339,1489,0.10948808104235765
1142,338,1480,0.1095344441637274
1145,346,1491,0.10959530944525632
1151,345,1496,0.10964505662883851
1164,344,1508,0.10967719647571471
1161,342,1503,0.10967737288751826
1156,349,1505,0.10968399196876709
1144,352,1496,0.10970120905497457
1142,347,1489,0.10974598487716224
1154,351,1505,0.10979230330398866
1152,353,1505,0.10980835189492431
1148,357,1505,0.10982728188461113
1147,351,1498,0.10985380955832058
1143,355,1498,0.10988184913751205
1150,357,1507,0.10991659788257509
1148,361,1509,0.10993223083309747
1154,361,1515,0.10995198528950294
1147,362,1509,0.10995716459317269
1144,363,1507,0.10997907514899069
1143,361,1504,0.11000585946557515
1137,375,1512,0.11003260524782696
1142,365,1507,0.11007133040667115
1139,365,1504,0.11009563385940999
1135,368,1503,0.1101247548900999
1139,366,1505,0.1101618197104661
1145,362,1507,0.11018778029624565
1149,362,1511,0.11019906347541224
1148,353,1501,0.11019948391909068
1149,363,1512,0.11020282231383147
1138,352,1490,0.11020355662418094
1132,356,1488,0.11023020402155233
1126,364,1490,0.11026698121104282
1129,369,1498,0.11031343789769445
1126,370,1496,0.11035172512402186
1141,364,1505,0.1103942371839258
1127,370,1497,0.1103981293779448
1118,368,1486,0.1104327794374922
1122,369,1491,0.11048459924016353
1136,370,1506,0.11052455126417617
1138,374,1512,0.11052890006394137
1132,366,1498,0.11052909969124901
1123,371,1494,0.11054464884983126
1131,375,1506,0.11057804636569037
1110,377,1487,0.11059064863832316
1123,379,1502,0.1106497301836401
1127,380,1507,0.11067588771373266
1143,375,1518,0.11069087749823989
1140,383,1523,0.11066852459531995
1141,380,1521,0.11065498617050629
1134,381,1515,0.11064096891077786
1131,383,1514,0.1106447661321837
1128,379,1507,0.11065404739059698
1116,381,1497,0.11066914850936453
1103,385,1488,0.11071009384780892
1114,383,1497,0.11077655439054411
1108,385,1493,0.11081265581157701
1111,375,1486,0.11085910043616588
1119,382,1501,0.11089452397002866
1111,390,1501,0.11090941513819487
1109,394,1503,0.11094084570518625
1106,389,1495,0.11097361423911949
1118,386,1504,0.11101044527317021
1126,384,1510,0.11101709858509652
1119,376,1495,0.11100509711502238
1118,381,1499,0.11100888877420502
1129,377,1506,0.11101504821699465
1114,378,1492,0.11099573433107522
1104,385,1489,0.11101145504444902
1097,397,1494,0.11104992034184762
1093,398,1491,0.11110171645168292
1090,401,1491,0.11115853655383807
1094,403,1497,0.11121707738267209
1097,401,1498,0.11126235688412066
1102,399,1501,0.11129717740482985
1107,390,1497,0.11131771321205473
1116,391,1507,0.11132560661545154
1129,391,1520,0.11131222316095551
1120,393,1513,0.1112700492671425
1130,387,1517,0.11125102895673475
1120,377,1497,0.11121115823068357
1111,384,1495,0.11119598336631796
1114,378,1492,0.11120248700086624
1109,381,1490,0.11120140702979046
1122,386,1508,0.11121192691350157
1128,386,1514,0.11119170486017542
1119,389,1508,0.1111611846900401
1112,386,1498,0.11115419976575851
1106,388,1494,0.11116376179819422
1100,388,1488,0.11118600238254334
1098,387,1485,0.11122067743333314
1097,388,1485,0.11125835189777789
1103,395,1498,0.11129590765835662
1104,397,1501,0.11131650050169782
1111,395,1506,0.11133221973880608
1116,397,1513,0.11133069682807616
1114,393,1507,0.11131926252954613
1118,394,1512,0.11131190354993915
1103,390,1493,0.11129615783542945
1102,392,1494,0.11131484008000098
1100,400,1500,0.11133507212197351
1097,390,1487,0.11135851959171589
1097,397,1494,0.11138674230233686
1092,402,1494,0.11141258381062787
1084,406,1490,0.11144695353435687
1084,409,1493,0.11149698013516232
1085,407,1492,0.11154282845961178
1087,405,1492,0.11158294231328433
1087,402,1489,0.11161672150001306
1082,407,1489,0.11164757741951589
1080,407,1487,0.11168665709835535
1091,418,1509,0.11172667664372059
1100,417,1517,0.11173836532041717
1096,417,1513,0.11172866265213352
1094,417,1511,0.11172816421788209
1089,422,1511,0.11173266012711128
1090,426,1516,0.11174734136528276
1097,426,1523,0.11175842490374535
1108,424,1532,0.11175402123526258
1101,420,1521,0.11172403756218043
1088,420,1508,0.11171239420040362
1083,421,1504,0.1117324945126851
1080,422,1502,0.11176274674627967
1089,413,1502,0.11179861630283568
1093,417,1510,0.11180963963236173
1093,423,1516,0.11181048064962036
1090,423,1513,0.11181208010665795
1074,420,1494,0.11182074619999906
1071,417,1488,0.11186450593939692
1065,419,1484,0.11191147727128775
1064,411,1475,0.11196723773495754
1063,412,1475,0.11202032540565562
1062,420,1482,0.1120713196695867
1068,424,1492,0.11212038730899096
1057,424,1481,0.11215227774248651
1049,424,1473,0.11220552858320958
1040,427,1467,0.11227367715613598
1045,429,1474,0.1123565040659489
1062,434,1496,0.11242133287016066
1062,427,1489,0.11244374632691567
1064,436,1500,0.11246354488689747
1067,427,1494,0.1124785581936381
1074,433,1507,0.11248489968118963
1070,427,1497,0.11247539830574625
1078,433,1511,0.1124755429923937
1076,435,1511,0.11245723676504227
1070,444,1514,0.11244419573582265
1071,441,1512,0.11244793280023523
1067,442,1509,0.11244856602958567
1070,437,1507,0.11245722797679064
1065,438,1503,0.11245934869975656
1056,434,1490,0.11247313909276414
1070,448,1518,0.11250840535703296
1061,448,1509,0.11250899132795729
1071,446,1517,0.11252991648926056
1074,442,1516,0.11252613956922929
1073,447,1520,0.11251528865160636
1064,432,1496,0.11250814052510631
1061,439,1500,0.1125217878556383
1073,443,1516,0.11253998932257854
1064,435,1499,0.11252911376114301
1062,433,1495,0.11253884419964294
1060,433,1493,0.11255298480205765
1062,439,1501,0.11257181147615214
1051,443,1494,0.1125841589260932
1058,448,1506,0.1126215382671368
1047,444,1491,0.1126409659767317
1055,442,1497,0.11268326867724707
1050,443,1493,0.11270420091932307
1047,436,1483,0.11273410035170521
1056,430,1486,0.11276780942561054
1039,432,1471,0.11277765661540254
1038,432,1470,0.11282534697109575
1055,432,1487,0.11287182742011788
1051,437,1488,0.11287638339368015
1054,451,1505,0.1128900677012161
1052,452,1504,0.11289553548481174
1058,449,1507,0.11290566209010493
1058,454,1512,0.11290048794889053
1061,451,1512,0.11289544866926235
1056,455,1511,0.11288256077504595
1060,452,1512,0.1128822729453099
1059,456,1515,0.11287144498991962
1058,457,1515,0.11286466410521077
1071,453,1524,0.1128604542918141
1065,456,1521,0.1128252471312516
1060,453,1513,0.11280713615843314
1056,450,1506,0.11280224882963762
1052,448,1500,0.1128066688839185
1060,447,1507,0.11282033937646925
1055,449,1504,0.11281411471103088
1051,452,1503,0.11282159068548861
1050,454,1504,0.11283822807011107
1052,450,1502,0.1128554464533544
1044,454,1498,0.1128644852009423
1051,449,1500,0.1128917322502301
1057,453,1510,0.11289918827519543
1053,461,1514,0.11289091157009404
1051,459,1510,0.112893212639952
1031,459,1490,0.11289892126688846
1037,454,1491,0.1129520816282793
1040,461,1501,0.1129883040821478
1034,463,1497,0.11301507581697413
1040,467,1507,0.11305440661102548
1043,461,1504,0.11307690000798803
1052,461,1513,0.11309123314550867
1044,461,1505,0.11308328951610754
1044,469,1513,0.1130949342908879
1047,465,1512,0.11310538849187524
1042,465,1507,0.11310850009997786
1036,473,1509,0.11312494099440187
1035,472,1507,0.11315349123218561
1026,477,1503,0.11318184628707705
1018,476,1494,0.11322902012846957
1015,478,1493,0.11329209905463145
1019,480,1499,0.11335675332343449
1017,489,1506,0.11340811874723666
1024,490,1514,0.11346080893300771
1026,487,1513,0.11349277252086118
1015,494,1509,0.11351799313077819
1016,494,1510,0.11356648393046996
1002,486,1488,0.11360880952571413
994,495,1489,0.11367881645742894
1007,495,1502,0.11376159130334383
1008,498,1506,0.11380934384676661
1009,496,1505,0.11385149167228863
1011,492,1503,0.11388819511946364
1000,500,1500,0.11391819674966572
1004,499,1503,0.11397111549300681
1009,501,1510,0.11401000165764573
1009,510,1519,0.11403370176709121
1007,511,1518,0.11405499027667515
1003,506,1509,0.11407965810998
1009,502,1511,0.11411242928749836
993,507,1500,0.11412962452906768
984,510,1494,0.11418167856530012
992,504,1496,0.11424986014576134
992,504,1496,0.11429461910222358
996,498,1494,0.11433574802759518
1010,498,1508,0.11436312765775167
1006,500,1506,0.11435415071930324
997,505,1502,0.11435680433222944
992,507,1499,0.114380620849722
997,509,1506,0.1144137681442951
988,503,1491,0.1144335113826103
992,506,1498,0.11447212813854976
997,513,1510,0.11449747641591389
995,512,1507,0.11450896785750699
988,521,1509,0.11452574800013289
972,523,1495,0.11455813750792337
959,530,1489,0.11462589949600802
964,537,1501,0.11471810962082213
963,539,1502,0.11479158838266634
965,543,1508,0.11486146514015179
975,543,1518,0.11492052467299257
971,545,1516,0.1149514409701105
968,541,1509,0.11498948865014576
962,543,1505,0.11503161662871929
959,542,1501,0.11508449421351202
957,541,1498,0.11513930066218268
966,545,1511,0.11519524219598687
970,549,1519,0.11522461214336684
967,547,1514,0.11524253169567249
970,553,1523,0.11526682767614485
968,552,1520,0.11528177687730815
957,549,1506,0.11530133494290337
961,549,1510,0.1153465797886696
965,556,1521,0.11537808461811785
961,561,1522,0.11539689249892794
960,564,1524,0.1154246806386628
962,554,1516,0.11545269111326345
960,551,1511,0.1154743560177625
971,548,1519,0.11549846321657664
972,541,1513,0.1154943299616198
966,545,1511,0.1154871069988606
964,549,1513,0.11549506854805572
961,540,1501,0.1155070127960704
962,535,1497,0.1155238097822382
970,531,1501,0.11553549461980964
963,535,1498,0.11552697847321633
961,534,1495,0.11553589361779362
960,544,1504,0.11554811728223796
953,546,1499,0.11556216238701539
952,546,1498,0.11559140939171479
952,551,1503,0.11562149373086315
960,543,1503,0.11564926177287933
949,545,1494,0.11565464990771897
956,542,1498,0.11568642151389139
941,547,1488,0.11569914025700781
937,552,1489,0.1157470062556954
932,556,1488,0.11580183869508728
936,566,1502,0.11586355594885997
926,559,1485,0.11591060320909234
922,568,1490,0.1159775081988585
926,566,1492,0.1160494753684575
923,575,1498,0.11610636058925974
925,571,1496,0.11616602360137325
932,565,1497,0.11621338654441814
936,562,1498,0.11623970521999492
938,563,1501,0.11625512198927666
918,575,1493,0.11626504781318753
924,584,1508,0.11632214686905878
927,577,1504,0.11635939636954103
927,581,1508,0.11638767925884981
937,576,1513,0.11641385172591544
939,581,1520,0.11641372190695165
935,584,1519,0.11640964276726874
934,575,1509,0.11641404028174854
933,574,1507,0.11642102773740765
935,575,1510,0.11642873970597334
927,576,1503,0.11643323255269455
931,584,1515,0.1164556137873933
923,578,1501,0.11646708035024061
932,569,1501,0.11649719052862341
936,569,1505,0.11650304981581705
941,574,1515,0.11649897473330555
936,582,1518,0.11648260905763069
938,587,1525,0.11647819749131347
937,585,1522,0.11646944253076778
939,585,1524,0.11646487157603737
938,579,1517,0.11645594186236956
936,577,1513,0.11645021297982333
934,569,1503,0.11644930175534572
930,565,1495,0.1164541014659774
939,568,1507,0.11646817488752464
926,565,1491,0.11645853975082503
932,570,1502,0.11648319536098412
927,577,1504,0.11649019494613402
933,579,1512,0.11650922230190557
934,579,1513,0.1165120838014426
927,586,1513,0.11651239513581536
925,592,1517,0.11653084772894017
929,584,1513,0.1165512903786704
931,582,1513,0.116560076003477
928,571,1499,0.11656329345418395
938,573,1511,0.11657154741920898
935,583,1518,0.11655630014543067
938,571,1509,0.11654962357354375
937,578,1515,0.11653649582862374
932,582,1514,0.11652675901505033
934,586,1520,0.11653036215082242
925,587,1512,0.11653063478555589
912,583,1495,0.11655248949758701
923,588,1511,0.11660383756770053
932,595,1527,0.11662435650720626
920,593,1513,0.11662131611926918
920,592,1512,0.11664769259897374
936,600,1536,0.11667176354991575
924,593,1517,0.11665610283975962
911,577,1488,0.1166704502255786
917,586,1503,0.11671418784411795
918,588,1506,0.11674026784560752
916,585,1501,0.11676116376005961
908,593,1501,0.11678569847850673
910,596,1506,0.11682717194061633
900,592,1492,0.11686091157836699
892,596,1488,0.11691566020310348
889,596,1485,0.11698437613966707
888,592,1480,0.1170550093461327
901,591,1492,0.11712262421425054
888,592,1480,0.11715467173328477
889,608,1497,0.11721645357141869
898,615,1513,0.11727225474643173
902,619,1521,0.11730247559200965
897,617,1514,0.11732067199820725
897,611,1508,0.11734818011172649
898,611,1509,0.1173744318723038
897,609,1506,0.11739699829678457
896,608,1504,0.117419143407874
890,611,1501,0.11744196441476994
895,622,1517,0.11747744276053936
885,627,1512,0.11749904602399354
891,617,1508,0.1175440758981879
899,620,1519,0.11757144924427272
894,623,1517,0.1175771217072263
893,620,1513,0.11759416455227967
896,628,1524,0.11761126936816776
898,629,1527,0.11761945327092395
892,626,1518,0.11762210429353197
892,617,1509,0.11763980252738537
888,612,1500,0.11765587268945783
883,622,1505,0.11768106220102993
887,607,1494,0.11771879474718587
875,605,1480,0.1177441334289746
881,613,1494,0.11779650600483499
895,615,1510,0.11783067886830327
891,609,1500,0.11782993193830704
890,602,1492,0.11784003985076297
901,611,1512,0.11785058112086118
905,613,1518,0.11783311296428474
902,607,1509,0.11780806717528348
905,614,1519,0.11779173406906022
907,612,1519,0.11776973902687284
895,618,1513,0.11774641210491957
902,612,1514,0.1177532233453016
897,617,1514,0.11774392068014862
886,620,1506,0.1177467955472708
883,616,1499,0.11777629111015907
880,617,1497,0.11780968480078739
880,621,1501,0.1178472513040252
872,624,1496,0.11788141281443472
864,630,1494,0.11793121030151137
869,631,1500,0.11799686365593934
872,629,1501,0.11804587877616637
882,625,1507,0.11808305106843425
864,631,1495,0.11809364083263287
867,627,1494,0.11814671152664953
877,625,1502,0.11818844690438209
888,627,1515,0.11820424669407316
890,636,1526,0.11819252172767988
889,639,1528,0.11817677462110812
879,635,1514,0.11816530120183717
871,628,1499,0.11818152315703262
876,623,1499,0.11821627467522212
879,626,1505,0.11823569764330377
879,623,1502,0.11824506035668661
873,621,1494,0.11825334134825177
874,616,1490,0.11827503515785995
883,616,1499,0.1182921485302563
893,626,1519,0.11828546804245157
884,626,1510,0.11825533502434742
884,629,1513,0.11824991070243933
890,630,1520,0.1182436808549421
886,630,1516,0.1182226760752161
874,635,1509,0.11821460485153412
869,632,1501,0.11823573770222348
863,644,1507,0.11826704773380271
858,647,1505,0.11831068964013199
849,646,1495,0.11836526258496569
851,644,1495,0.11843852302426729
840,653,1493,0.11850186060362698
832,662,1494,0.11858692474491513
830,669,1499,0.11868579003915729
828,671,1499,0.11878089274033751
830,680,1510,0.11887480575335792
835,685,1520,0.11895626421764499
830,682,1512,0.11901958705353496
829,687,1516,0.11909227238253471
816,686,1502,0.11916275251458447
818,690,1508,0.11926137090329839
805,681,1486,0.11934731557253773
806,687,1493,0.11945699556645811
807,689,1496,0.1195539001204628
813,687,1500,0.11964295623605593
819,693,1512,0.1197099344451831
823,700,1523,0.11975752357416437
816,699,1515,0.11979244949019206
814,699,1513,0.11984006059462743
814,693,1507,0.11988879821772797
816,689,1505,0.11993426885725342
806,689,1495,0.11997105608868036
817,679,1496,0.12003036375894348
824,681,1505,0.120058728384152
826,676,1502,0.120067346690325
822,673,1495,0.12007066417926696
825,683,1508,0.12008445411969852
817,690,1507,0.12008941002795119
819,694,1513,0.1201141165252908
813,696,1509,0.12013227110616423
809,695,1504,0.1201632047856025
813,691,1504,0.12020145763656011
815,700,1515,0.12022736503388197
819,692,1511,0.12024716676554448
819,698,1517,0.12025466833308879
816,699,1515,0.12026238240035696
805,697,1502,0.12027752912195418
786,698,1484,0.12031792831268819
792,701,1493,0.12040292204714048
792,704,1496,0.12046865343473848
786,714,1500,0.12052946178861712
788,717,1505,0.12059981405008341
772,721,1493,0.12066024966852262
777,714,1491,0.12075580854650132
782,718,1500,0.12083217395330527
775,728,1503,0.12089044434373765
775,722,1497,0.12096181959258373
775,730,1505,0.12102821823298285
773,738,1511,0.12108947439215573
770,732,1502,0.12115349999686582
761,734,1495,0.12122049015445427
754,739,1493,0.12130296329797567
757,739,1496,0.12139673904375922
763,738,1501,0.12147582660867112
764,736,1500,0.12153524179052855
756,737,1493,0.12158729064434257
762,751,1513,0.12165578500237498
768,754,1522,0.1217032121261534
764,742,1506,0.12173277891581077
766,744,1510,0.12177026538803401
766,743,1509,0.12180008031234399
766,748,1514,0.12182809939475966
769,753,1522,0.12185446331583753
759,764,1523,0.12187137136346554
759,761,1520,0.12191160538538373
767,760,1527,0.12194996416875678
754,750,1504,0.12196554903166046
748,751,1499,0.1220116542429144
755,744,1499,0.1220699706888697
743,756,1499,0.12210663199414214
747,748,1495,0.12217081181620613
746,745,1491,0.12222039842330855
747,752,1499,0.12226849709711582
741,765,1506,0.1223095495543372
746,763,1509,0.12236235496416402
742,765,1507,0.12239820958634973
743,765,1508,0.12244128943059607
745,759,1504,0.12248011031535004
744,763,1507,0.12251108153503915
739,769,1508,0.12254057146800487
740,769,1509,0.12258119674609501
743,761,1504,0.12261671738282526
746,766,1512,0.12264334998402354
734,762,1496,0.1226588368456408
733,763,1496,0.12270470932235829
729,773,1502,0.12275066277429346
728,776,1504,0.12280324218428547
731,790,1521,0.12285377570302515
729,781,1510,0.12289558280239304
722,790,1512,0.12293898552859375
726,801,1527,0.12299579560671471
722,789,1511,0.12303859232839706
722,786,1508,0.1230887233234683
729,776,1505,0.12313600125854346
721,781,1502,0.12316191644142618
731,785,1516,0.12320568591839914
719,791,1510,0.12322098777255797
719,796,1515,0.12326586143671285
716,795,1511,0.12330903654923989
718,784,1502,0.12335618840210451
727,788,1515,0.12339375087869167
732,774,1506,0.12340632525694474
727,783,1510,0.12340458133284134
719,784,1503,0.12341615097581447
719,782,1501,0.12344696535610446
724,791,1515,0.12347572395513541
726,793,1519,0.12349038861789392
723,792,1515,0.1235005509924624
715,796,1511,0.12351629672435889
719,793,1512,0.12355004614234755
719,786,1505,0.12357193937583315
708,786,1494,0.12359196116031072
703,787,1490,0.12363781397502491
714,791,1505,0.12369174219880744
719,789,1508,0.1237151584493559
715,791,1506,0.12372461930103398
712,780,1492,0.12374355341188742
713,786,1499,0.12376833108583296
702,785,1487,0.1237891529242906
707,788,1495,0.12383515782936967
710,786,1496,0.12386630171560883
709,792,1501,0.12388750759493233
707,796,1503,0.12390953449277697
701,805,1506,0.12393441062655075
699,800,1499,0.12397136967106501
706,805,1511,0.12401043124450828
703,801,1504,0.12402865438176541
699,805,1504,0.12405363363744833
696,796,1492,0.12408609260366596
696,816,1512,0.12412411824874806
700,820,1520,0.12416031832645791
699,813,1512,0.12418546787947946
703,817,1520,0.12421069252624965
697,820,1517,0.1242242753580516
703,816,1519,0.12425225735079255
702,813,1515,0.12426443320158506
691,819,1510,0.12427758115424027
691,819,1510,0.12431718188374585
679,811,1490,0.12435531106397757
683,805,1488,0.1244203497543777
686,810,1496,0.12447115823696141
679,815,1494,0.12451048666677159
682,815,1497,0.12456485235833167
680,822,1502,0.1246069919672411
672,825,1497,0.12464965915946893
667,830,1497,0.12470850117112199
665,838,1503,0.12477717945654518
670,844,1514,0.12484588976659787
665,835,1500,0.12489610123910232
669,832,1501,0.12495442949429249
671,834,1505,0.12499889775088302
672,835,1507,0.1250357670686773
680,835,1515,0.12506746952087813
677,832,1509,0.12507647186102797
667,825,1492,0.12509293905438404
675,823,1498,0.12513436508167414
685,825,1510,0.12515125303820032
678,823,1501,0.1251413399676308
677,816,1493,0.12514882190837245
673,825,1498,0.12515781312625965
671,833,1504,0.12517670853069468
678,834,1512,0.1251984337844759
674,836,1510,0.12520078319695954
666,842,1508,0.12521362924396423
667,840,1507,0.1252459175526221
659,838,1497,0.1252727715443501
657,843,1500,0.1253175986080645
654,851,1505,0.12536541250512737
649,847,1496,0.12541878092316014
651,841,1492,0.12548052692913683
641,841,1482,0.125532839270417
645,848,1493,0.12560585538288452
637,848,1485,0.1256634410041446
647,851,1498,0.1257382468661745
648,842,1490,0.1257809056782898
637,845,1482,0.12581674554994382
644,853,1497,0.12587869098197918
639,859,1498,0.1259187867255282
647,857,1504,0.12596928930330634
644,860,1504,0.12599720529868638
650,868,1518,0.12603153134480652
651,861,1512,0.12604897992361042
643,859,1502,0.12606225615744865
635,863,1498,0.12609548020293965
637,870,1507,0.12614631788905084
649,869,1518,0.12618821293668128
651,875,1526,0.12619773005364412
638,885,1523,0.12620125574059826
628,886,1514,0.1262381956398656
630,896,1526,0.12629836827550694
633,902,1535,0.12635029145715027
623,900,1523,0.1263912795209498
620,905,1525,0.12645420418904588
621,907,1528,0.1265218995142396
620,908,1528,0.12658277782718927
612,905,1517,0.12664289827405306
610,907,1517,0.1267200276195858
600,908,1508,0.12679676905484405
600,906,1506,0.12689469945587833
608,908,1516,0.12698432650008226
607,907,1514,0.12704686563469675
603,910,1513,0.12710698822171385
603,908,1511,0.12717253990457358
602,901,1503,0.12723471679882248
593,898,1491,0.127295707117905
601,899,1500,0.12737506388011643
596,899,1495,0.12742692175331663
583,900,1483,0.12748793390659152
594,899,1493,0.12757611405712269
603,894,1497,0.12763036253406856
595,896,1491,0.1276585924945845
595,901,1496,0.12770404385913472
599,902,1501,0.12774587671795148
596,918,1514,0.12777447404985265
598,926,1524,0.12780625984894745
592,922,1514,0.12783077581948496
590,914,1504,0.12786789822612485
590,925,1515,0.12790793997160546
589,925,1514,0.1279456099151924
584,927,1511,0.1279836157904399
585,922,1507,0.12803268144743793
584,924,1508,0.12807652565390482
591,920,1511,0.12811897223291635
601,915,1516,0.12814010954102042
594,922,1516,0.1281338255427867
590,922,1512,0.12814798892606566
591,930,1521,0.12817105185741284
596,924,1520,0.1281902905059341
592,934,1526,0.12819573894330027
586,939,1525,0.1282113491225049
580,943,1523,0.1282424556315152
573,949,1522,0.12828655210659318
571,938,1509,0.1283453697933681
576,939,1515,0.12840502221087383
569,947,1516,0.1284467475962463
569,939,1508,0.12850528548452173
568,943,1511,0.1285594074792503
570,940,1510,0.1286115539338295
572,944,1516,0.1286550563236304
571,942,1513,0.12868917683100328
557,958,1515,0.12872350978461555
559,959,1518,0.1287926733883884
558,952,1510,0.12885108439199783
554,956,1510,0.12890790311341804
552,962,1514,0.12897061074353264
549,959,1508,0.12903558174408553
548,963,1511,0.12910303141169813
543,962,1505,0.12916821633939388
549,964,1513,0.12924215653963564
544,974,1518,0.12929581208764385
535,969,1504,0.1293589650034584
529,964,1493,0.12944357621922786
527,960,1487,0.1295372003048215
528,971,1499,0.1296290241670574
532,961,1493,0.12971209190638666
533,982,1515,0.12978128521978946
531,979,1510,0.1298433256380352
534,979,1513,0.12990646532146247
543,986,1529,0.12995790933014656
540,975,1515,0.12998334145345888
527,987,1514,0.13001567531611133
527,985,1512,0.13008057460017036
527,982,1509,0.13014094300849588
512,982,1494,0.1301976148371457
520,991,1511,0.13029006254536857
525,993,1518,0.13035598906175527
522,997,1519,0.1304043509295925
524,991,1515,0.13045762224363025
524,979,1503,0.1305025267326664
520,982,1502,0.13054340789113436
517,983,1500,0.13059219128544453
510,981,1491,0.13064567271316121
513,994,1507,0.1307143417073848
518,1005,1523,0.13076800543867484
520,999,1519,0.13080493837329224
523,993,1516,0.13083322838146974
516,990,1506,0.1308520033559967
515,985,1500,0.13088624893091075
519,990,1509,0.13091994096507265
512,995,1507,0.13094123923723328
517,987,1504,0.13097942459374906
514,992,1506,0.13100338055383165
508,1003,1511,0.13103356922213585
509,1007,1516,0.13107677045576988
510,1010,1520,0.13111483620483402
493,1018,1511,0.1311467322760211
493,1021,1514,0.13122122705387873
496,1020,1516,0.13129088347346562
491,1023,1514,0.13134776613672425
487,1026,1513,0.13141467469351603
486,1022,1508,0.13148622756919398
485,1028,1513,0.1315539774189879
495,1016,1511,0.13162165651348448
494,1020,1514,0.13165904623924207
489,1025,1514,0.13169694356581899
489,1026,1515,0.1317451239997142
484,1033,1517,0.13178912070665288
478,1026,1504,0.1318430325699677
476,1035,1511,0.13190954235474892
467,1035,1502,0.1319763851984055
468,1035,1503,0.1320624617397485
458,1026,1484,0.13214097552813742
465,1037,1502,0.13224098487885358
466,1037,1503,0.13231671306784729
464,1039,1503,0.13238319990378009
466,1036,1502,0.13245175469572723
460,1047,1507,0.13251055956349866
463,1044,1507,0.13257871109777258
468,1052,1520,0.13263283414964133
476,1042,1518,0.13266988235284485
472,1035,1507,0.13268207990524788
468,1047,1515,0.13270400506986682
465,1049,1514,0.13273456234579456
461,1056,1517,0.1327714587025551
458,1050,1508,0.13281778136768604
461,1052,1513,0.13286889793190948
454,1051,1505,0.13290853772895186
455,1051,1506,0.13296336518950957
463,1053,1516,0.1330134175945592
464,1057,1521,0.13303809781386414
460,1049,1509,0.13305823600363983
452,1061,1513,0.13308785132130388
449,1057,1506,0.13313533507044123
453,1064,1517,0.13318868412762686
448,1052,1500,0.13322439530154837
441,1041,1482,0.133272210830851
440,1057,1497,0.13333397763563393
442,1055,1497,0.13339555203102504
451,1063,1514,0.13344783487826187
455,1058,1513,0.13347184563060532
455,1065,1520,0.13348529299872067
451,1057,1508,0.1334972090392239
449,1045,1494,0.13351854899779564
449,1052,1501,0.13354448642705263
449,1052,1501,0.13356759579305266
441,1050,1491,0.13359059460635014
444,1050,1494,0.1336337738162236
437,1057,1494,0.1336670272904087
442,1072,1514,0.13371548404247113
443,1071,1514,0.1337477944986211
446,1070,1516,0.13377513377997685
454,1059,1513,0.13379346371657624
456,1057,1513,0.13378950083568486
456,1063,1519,0.1337796319408839
452,1069,1521,0.13377183444817933
449,1069,1518,0.1337758846650158
449,1058,1507,0.13378805548792738
452,1067,1519,0.13380033089375434
446,1064,1510,0.13380260224703397
442,1058,1500,0.1338214895013756
447,1064,1511,0.13384954611128572
444,1063,1507,0.13386276348888718
449,1068,1517,0.13388325458053574
440,1074,1514,0.13388820738149854
437,1081,1518,0.13391571633794241
445,1084,1529,0.13395046179311443
438,1089,1527,0.1339625804985359
432,1089,1521,0.13399407145229283
427,1085,1512,0.1340397110428284
437,1083,1520,0.13409473613908052
438,1079,1517,0.13411849740663395
435,1091,1526,0.1341369596211865
426,1088,1514,0.1341621868177335
425,1080,1505,0.1342093228478947
421,1088,1509,0.1342539899188089
417,1087,1504,0.13430759217634505
422,1095,1517,0.1343677371440143
420,1098,1518,0.13441130742521612
414,1107,1521,0.134457594349756
407,1102,1509,0.13451608424305161
411,1100,1511,0.13458943281220992
405,1104,1509,0.13464784897922924
408,1108,1516,0.13471665514414238
417,1108,1525,0.13477281614380326
420,1103,1523,0.1348015196855832
418,1095,1513,0.13482033816944208
421,1095,1516,0.1348442631960663
419,1105,1524,0.13485785158254518
417,1095,1512,0.13487650513785693
411,1103,1514,0.13489939081829636
414,1106,1520,0.13493616981017043
420,1096,1516,0.13496175385209977
420,1097,1517,0.13496931588202096
422,1092,1514,0.13497743841050794
419,1092,1511,0.1349798157212855
413,1092,1505,0.13499045291523273
416,1098,1514,0.13501735439815252
409,1100,1509,0.13503401970096696
401,1101,1502,0.1350694604587171
402,1111,1513,0.1351240969283776
404,1105,1509,0.1351722169955215
399,1117,1516,0.1352114204971793
397,1114,1511,0.13526120907198863
388,1127,1515,0.13531405821329742
384,1130,1514,0.13538868681562533
384,1130,1514,0.13547012814703843
391,1137,1528,0.13554497453871747
397,1129,1526,0.13559655953904431
403,1128,1531,0.1356290770992784
404,1121,1525,0.13564157552014003
399,1112,1511,0.1356501662857594
391,1115,1506,0.13567141763309803
391,1109,1500,0.13571321128576203
392,1113,1505,0.13575133913907267
391,1115,1506,0.13578440548848167
391,1121,1512,0.13581715281345783
400,1127,1527,0.1358487042956612
396,1112,1508,0.1358537815685041
399,1101,1500,0.13586972488599003
394,1103,1497,0.13587587583456506
395,1105,1500,0.1358941817608897
390,1113,1503,0.13590843836881578
381,1114,1495,0.13593660850642436
379,1124,1503,0.1359853520488614
376,1121,1497,0.13603614478361323
374,1121,1495,0.13609154938755463
380,1121,1501,0.13614962733215466
373,1114,1487,0.13618734585257858
380,1121,1501,0.13624190939742953
387,1124,1511,0.13627334438245406
389,1121,1510,0.13628456839410436
385,1123,1508,0.13629005229735894
387,1129,1516,0.13630593949785083
388,1128,1516,0.1363143081881747
388,1129,1517,0.1363193124808013
382,1139,1521,0.13632459453612814
381,1121,1502,0.1363438765868629
379,1124,1503,0.1363637798601633
380,1122,1502,0.1363882826432487
377,1126,1503,0.13640821961774616
380,1123,1503,0.13643395578773565
374,1123,1497,0.13644902184022276
375,1134,1509,0.13647911611370675
374,1134,1508,0.13650485921085134
379,1133,1512,0.13653250603891506
373,1133,1506,0.1365455703383287
371,1136,1507,0.13657462379934798
375,1137,1512,0.1366055720738847
372,1133,1505,0.13662576030794085
377,1140,1517,0.13665318664430448
380,1137,1517,0.13666459755472676
378,1139,1517,0.13666589557116687
381,1144,1525,0.13667228699591233
379,1128,1507,0.13666919963645552
381,1130,1511,0.1366723966691027
380,1142,1522,0.13667136452082204
379,1143,1522,0.13667338153739872
372,1151,1523,0.13667846051614146
369,1140,1509,0.13670233717818944
372,1133,1505,0.13673235902578762
373,1134,1507,0.13675228285337088
372,1146,1518,0.13676840384702355
377,1135,1512,0.13678528529801515
371,1141,1512,0.13678734293458075
365,1144,1509,0.1368067410603591
366,1144,1510,0.13684014166912636
366,1143,1509,0.13686834139747872
359,1138,1497,0.13689397254529087
357,1149,1506,0.1369364486492511
355,1138,1493,0.1369824751801885
351,1151,1502,0.1370312996754668
351,1161,1512,0.13708718679913756
357,1152,1509,0.1371387250015136
357,1154,1511,0.13716905146554376
353,1148,1501,0.1371967214310626
350,1152,1502,0.13723262224133706
346,1166,1512,0.13727484529809492
351,1158,1509,0.13732464392845078
349,1160,1509,0.1373577894645528
347,1171,1518,0.13739514518278523
351,1163,1514,0.13743506136505776
346,1159,1505,0.13746254113234546
342,1163,1505,0.13750259583977079
342,1163,1505,0.1375502507547336
340,1171,1511,0.13759569825058712
343,1172,1515,0.1376423200720053
341,1172,1513,0.13767689090057497
331,1180,1511,0.13771703753128103
329,1182,1511,0.13778413696276637
327,1185,1512,0.13785213041651956
324,1189,1513,0.13792190843531738
317,1189,1506,0.1379944289670024
314,1195,1509,0.13808106224374783
314,1193,1507,0.13817139134117973
312,1206,1518,0.13825641645872952
317,1201,1518,0.13834057562948396
313,1218,1531,0.13840588427117953
311,1209,1520,0.1384787449671277
314,1207,1521,0.1385515102346214
314,1192,1506,0.13861190043129978
313,1191,1504,0.13866751392840318
317,1201,1518,0.13872243944048082
312,1197,1509,0.13876181660442324
316,1197,1513,0.13881198331649286
314,1203,1517,0.13884893789256572
319,1195,1514,0.13888817442782153
317,1184,1501,0.13891123645093306
321,1190,1511,0.1389374118439062
317,1182,1499,0.13895058010610298
318,1186,1504,0.13897501258506695
321,1185,1506,0.13899505929756267
318,1187,1505,0.13900491589916605
315,1192,1507,0.13902330146728942
311,1196,1507,0.13904927572241596
319,1197,1516,0.1390834314672403
316,1191,1507,0.13909308806823553
314,1194,1508,0.13910997222050472
319,1187,1506,0.13913061050548528
321,1193,1514,0.13913746240504565
320,1192,1512,0.13913968108671437
325,1192,1517,0.13914300696005197
325,1196,1521,0.13913211290781344
320,1200,1520,0.139122761837922
318,1191,1509,0.1391287832069593
318,1188,1506,0.13913949747482815
321,1189,1510,0.13914972160276637
321,1192,1513,0.13915102638962515
319,1197,1516,0.13915294217490395
321,1184,1505,0.13916010690377997
322,1184,1506,0.13916151038597235
319,1205,1524,0.1391620283654041
316,1200,1516,0.13917025025991417
318,1208,1526,0.13918665012101494
309,1214,1523,0.1391963346533689
306,1214,1520,0.13922961309832624
305,1217,1522,0.13927133402640707
305,1216,1521,0.13931435914346474
305,1227,1532,0.1393547882235936
299,1233,1532,0.13939198350756865
294,1235,1529,0.13944428908731765
293,1241,1534,0.13950658513716527
285,1234,1519,0.13956781995352097
288,1226,1514,0.13964816394556803
284,1232,1516,0.13971433680427559
277,1231,1508,0.13978788113573754
271,1235,1506,0.13987520793049504
268,1240,1508,0.13997261450362572
264,1236,1500,0.1400723569969748
268,1240,1508,0.14017719737995274
267,1247,1514,0.14026354287569182
262,1239,1501,0.14034715546751825
264,1233,1497,0.14043863609077126
266,1235,1501,0.1405181264176803
266,1247,1513,0.14058785256912767
265,1249,1514,0.1406536656750298
261,1261,1522,0.14071955089537025
264,1258,1522,0.1407927931796545
259,1259,1518,0.1408524577186749
259,1262,1521,0.14092209316607382
260,1258,1518,0.14098649714542189
260,1253,1513,0.14104347489083718
258,1242,1500,0.14109558247536666
257,1258,1515,0.141150440029549
259,1265,1524,0.1412032995447243
259,1253,1512,0.14124738082775876
258,1254,1512,0.14128796470152435
260,1248,1508,0.14132951728078383
257,1244,1501,0.1413633534894614
258,1254,1512,0.1414038859810406
258,1249,1507,0.14143846276683894
251,1265,1516,0.14147041894787946
251,1262,1513,0.14152052174961333
253,1263,1516,0.14156848152737042
257,1261,1518,0.14160717271236078
259,1264,1523,0.14163167380558161
262,1254,1516,0.14164907139008862
259,1265,1524,0.1416570364292185
260,1252,1512,0.14167252326773438
258,1265,1523,0.14168424601832139
259,1257,1516,0.14170137176038158
254,1265,1519,0.14171678564107235
264,1263,1527,0.14174477474601077
264,1259,1523,0.1417434932513817
261,1266,1527,0.1417421406564163
257,1255,1512,0.14175003526715912
252,1249,1501,0.1417684514290769
252,1252,1504,0.14179937226923675
251,1257,1508,0.14182766310667652
251,1247,1498,0.14185648958962316
253,1261,1514,0.14188354988760976
256,1267,1523,0.1419032466170146
254,1255,1509,0.14191259480527357
250,1267,1517,0.1419267392407866
248,1262,1510,0.14195208561441416
246,1242,1488,0.14198067351912808
246,1259,1505,0.1420142614084959
243,1267,1510,0.14204538168600578
244,1273,1517,0.14208391437032503
243,1267,1510,0.14211641247552653
246,1276,1522,0.14214995086779095
241,1281,1522,0.1421714316917471
232,1282,1514,0.1422055751935879
237,1282,1519,0.14226374548397228
241,1272,1513,0.14230432187729963
242,1285,1527,0.1423301798452969
234,1298,1532,0.1423519189749429
230,1297,1527,0.14239587997541334
232,1283,1515,0.14244749523080397
230,1284,1514,0.1424898480488679
223,1285,1508,0.1425349007620505
222,1274,1496,0.14259748129093613
221,1288,1509,0.14265830048043834
220,1294,1514,0.14271786406026737
218,1298,1516,0.14277575605894935
219,1301,1520,0.1428353299213441
218,1303,1521,0.14288754433839024
217,1304,1521,0.14294044114590126
217,1307,1524,0.14299267454178788
215,1310,1525,0.14304206263316188
214,1308,1522,0.14309461262778433
212,1298,1510,0.14314688031942308
208,1301,1509,0.14320092196142642
209,1301,1510,0.1432626279557933
211,1295,1506,0.14331798889524866
213,1303,1516,0.1433629042002885
215,1295,1510,0.1433988182878108
211,1294,1505,0.14342757023902455
215,1291,1506,0.14346580080926885
217,1298,1515,0.14349012005616368
216,1304,1520,0.14350725414135293
216,1290,1506,0.14352569825822376
213,1299,1512,0.1435437841849706
210,1299,1509,0.14356944700902466
211,1295,1506,0.14360173572748913
218,1298,1516,0.14362968312805877
212,1293,1505,0.14363654409966728
207,1295,1502,0.14366051997707163
203,1297,1500,0.14369635416990859
204,1299,1503,0.14374079166104128
204,1317,1521,0.14377984198100582
204,1311,1515,0.14381557844035053
203,1312,1515,0.14384893772141336
202,1305,1507,0.14388283138316904
203,1302,1505,0.14391704415006776
205,1310,1515,0.14394604948109618
202,1305,1507,0.14396754361956904
206,1306,1512,0.1439959876688003
201,1317,1518,0.14401109738645393
207,1316,1523,0.14404097194781101
206,1303,1509,0.14405130241962338
208,1303,1511,0.1440638131745516
208,1305,1513,0.14406929317099468
210,1303,1513,0.1440743950544139
211,1298,1509,0.1440727393156512
210,1313,1523,0.14406915009127946
209,1314,1523,0.1440691412048286
206,1309,1515,0.14407172397441484
202,1317,1519,0.14408381435811005
204,1315,1519,0.14410720323901083
201,1307,1508,0.14412352732687497
195,1310,1505,0.1441471385907355
195,1318,1513,0.1441868299662904
192,1322,1514,0.1442240688609996
190,1324,1514,0.14426794203010132
185,1325,1510,0.14431466705965829
185,1323,1508,0.1443728903356189
183,1319,1502,0.14442737465421857
187,1309,1496,0.14448384526568836
184,1316,1500,0.14452554742050727
182,1312,1494,0.1445727444932958
183,1311,1494,0.144622073673327
186,1315,1501,0.14466510152148923
192,1321,1513,0.1446965888293496
187,1331,1518,0.1447087606157818
187,1314,1501,0.14473489780239363
184,1324,1508,0.14476009386534935
185,1331,1516,0.1447921874597201
181,1341,1522,0.144819191374061
176,1342,1518,0.14485664922519625
174,1347,1521,0.14490577471392302
170,1352,1522,0.14495794768617348
171,1347,1518,0.1450170566230602
169,1353,1522,0.14506935027631362
169,1337,1506,0.14512374801814654
171,1357,1528,0.14517406258841747
175,1345,1520,0.14521618308197456
172,1340,1512,0.14524436407571706
170,1333,1503,0.14527963145275172
168,1335,1503,0.1453178734529101
172,1339,1511,0.14535983662867724
173,1344,1517,0.14538775552830843
174,1344,1518,0.14541151081720244
174,1341,1515,0.1454304979397046
169,1356,1525,0.14544851516431526
166,1343,1509,0.14548013759458617
166,1344,1510,0.14551807846250356
165,1339,1504,0.14555380876486881
169,1359,1528,0.1455900331250687
162,1366,1528,0.14561266301844833
163,1367,1530,0.14565487928367724
164,1366,1530,0.14569183721202666
163,1353,1516,0.1457237427036616
160,1346,1506,0.1457561495268738
157,1343,1500,0.14579554910661888
158,1353,1511,0.14584117760310059
162,1352,1514,0.145881713681894
160,1350,1510,0.14590838941951126
158,1357,1515,0.14593922679761107
160,1351,1511,0.14597353473706381
159,1341,1500,0.14599914915742399
159,1347,1506,0.14602608543608983
161,1334,1495,0.14605121900719312
162,1341,1503,0.14606894654688382
162,1342,1504,0.1460817430406852
164,1343,1507,0.14609427231832392
159,1353,1512,0.1461008497716308
160,1366,1526,0.1461217560704869
158,1363,1521,0.14613897471255582
159,1381,1540,0.1461604116203453
158,1369,1527,0.14617848695182992
156,1370,1526,0.1461979345763059
154,1368,1522,0.14622194897549348
151,1370,1521,0.14625002391545905
155,1369,1524,0.146284185187309
152,1367,1519,0.14630429253826285
149,1370,1519,0.14633195340717542
147,1357,1504,0.14636601237126556
151,1353,1504,0.14640362153254047
154,1366,1520,0.14642735427419432
154,1357,1511,0.14644072944205475
149,1369,1518,0.14645345418708192
148,1375,1523,0.14647971113243893
150,1383,1533,0.14650656609188947
146,1379,1525,0.14652575231681822
151,1372,1523,0.14655596252921804
152,1368,1520,0.14657072349563738
151,1379,1530,0.14658122629154133
152,1380,1532,0.14659362903739434
148,1379,1527,0.14660254557562824
147,1380,1527,0.14662223997053037
144,1371,1515,0.14664345078139138
145,1370,1515,0.14667150690947123
145,1361,1506,0.14669491642524243
148,1362,1510,0.146717015984163
149,1365,1514,0.14672866392900943
149,1364,1513,0.14673673486401168
150,1363,1513,0.14674467572604627
152,1374,1526,0.1467504232953277
150,1378,1528,0.14675009941511574
144,1367,1511,0.1467552236963209
143,1366,1509,0.14677721405254573
142,1371,1513,0.14680085857407438
142,1377,1519,0.1468259967400906
143,1369,1512,0.14684997825229434
147,1383,1530,0.14686913573559768
148,1390,1538,0.14687514977331964
143,1386,1529,0.1468776752152178
143,1381,1524,0.14689512067360092
145,1376,1521,0.14691167122855564
143,1363,1506,0.1469208812202639
144,1373,1517,0.14693540925055498
140,1369,1509,0.14694620755791227
142,1364,1506,0.14696809764231342
143,1380,1523,0.1469826480348502
145,1375,1520,0.14699356810186034
143,1373,1516,0.14699813940790274
141,1378,1519,0.14700831538379178
143,1376,1519,0.1470243684552033
141,1375,1516,0.14703374458497723
137,1380,1517,0.14704857801856833
139,1386,1525,0.14707385842400109
144,1385,1529,0.1470918944688891
143,1397,1540,0.14709438294538915
140,1392,1532,0.14709898296652388
137,1388,1525,0.14711220035088815
138,1389,1527,0.14713341389417411
140,1396,1536,0.14714999655401365
136,1390,1526,0.1471602818371236
141,1390,1531,0.14718117424389562
141,1385,1526,0.14718652103303875
139,1395,1534,0.14719156272844927
135,1389,1524,0.1472016965296348
135,1381,1516,0.1472224758310473
134,1382,1516,0.14724228401035616
135,1384,1519,0.14726307756961496
135,1381,1516,0.14727919546102505
130,1373,1503,0.14729436950685762
132,1383,1515,0.14732388162562382
131,1388,1519,0.14734556617375308
135,1392,1527,0.14736859933166427
132,1393,1525,0.14737838366287404
136,1391,1527,0.14739559673565203
138,1389,1527,0.14740022305259726
137,1394,1531,0.1473989407399716
134,1389,1523,0.14740057868317344
136,1383,1519,0.14741064262331366
138,1379,1517,0.14741407955909985
142,1376,1518,0.14741111585562566
148,1371,1519,0.1473962819403185
149,1377,1526,0.14736514699868145
150,1379,1529,0.14733312878609095
150,1371,1521,0.14730031483258096
148,1363,1511,0.14726993382699066
146,1367,1513,0.14724740550728666
146,1361,1507,0.14723224065325574
144,1361,1505,0.14721822636467508
144,1353,1497,0.14721053112695232
143,1373,1516,0.1472031196130893
146,1378,1524,0.14719952283739818
147,1380,1527,0.1471867468436673
143,1378,1521,0.14717248064778127
144,1379,1523,0.14717069223840298
143,1364,1507,0.14716572882629797
143,1367,1510,0.14716414497015548
144,1372,1516,0.14716292870756711
142,1382,1524,0.1471587291256989
139,1382,1521,0.14716091120802485
139,1381,1520,0.14717137861633955
142,1372,1514,0.14718140114869105
143,1377,1520,0.1471816230956733
142,1372,1514,0.14717889408238377
142,1360,1502,0.14717932088878327
143,1352,1495,0.14717973142652385
143,1360,1503,0.14717768428961597
145,1346,1491,0.14717451367858886
147,1345,1492,0.1471657529166444
143,1357,1500,0.14715204529593418
146,1367,1513,0.14715147502163262
141,1360,1501,0.14714201404029498
140,1361,1501,0.14714846430304968
136,1383,1519,0.14715809626171808
139,1378,1517,0.14717830654623035
140,1374,1514,0.14718893982075285
140,1369,1509,0.14719604110525178
139,1381,1520,0.14720249606816493
138,1386,1524,0.14721173822338696
137,1388,1525,0.1472227587750078
139,1388,1527,0.14723607927726626
143,1375,1518,0.14724279706118057
141,1368,1509,0.14723719027333013
142,1377,1519,0.14723836403376647
142,1376,1518,0.14723655490069518
141,1381,1522,0.14723461132223561
139,1368,1507,0.1472355244496965
140,1369,1509,0.14724334209847886
135,1375,1510,0.14724721132470045
132,1385,1517,0.14726502421187435
135,1373,1508,0.14729016891014493
135,1372,1507,0.1473056325416561
133,1366,1499,0.14731985010201715
132,1383,1515,0.14733909680661259
131,1396,1527,0.14735979696001802
132,1388,1520,0.14738203571643574
131,1383,1514,0.1474002716637538
130,1376,1506,0.1474206794825497
135,1385,1520,0.1474427660533491
130,1381,1511,0.1474489027147012
125,1378,1503,0.1474693610500641
131,1377,1508,0.14750260023977638
127,1380,1507,0.1475164560578152
122,1388,1510,0.14754108598928886
120,1391,1511,0.14757800253790868
122,1383,1505,0.14761804717290533
120,1398,1518,0.14765013123873885
119,1393,1512,0.14768595304657306
122,1398,1520,0.1477226674602186
123,1406,1529,0.14774817639302265
119,1402,1521,0.14776953556961336
116,1408,1524,0.1478011717450164
115,1410,1525,0.14783994841459014
114,1400,1514,0.14787896180764643
112,1398,1510,0.1479176951460385
111,1400,1511,0.14795951813041228
113,1406,1519,0.1480015495214131
111,1408,1519,0.14803472313178656
113,1399,1512,0.1480715234113736
117,1398,1515,0.1481001618985618
112,1397,1509,0.1481148252866152
115,1402,1517,0.14814366366797885
113,1400,1513,0.14816194699660243
112,1389,1501,0.14818485769914244
116,1404,1520,0.14820892149872164
114,1419,1533,0.1482195574220812
113,1408,1521,0.14823526060147957
111,1403,1514,0.14825284451564524
113,1399,1512,0.14827532230374424
110,1401,1511,0.14829017315380358
113,1397,1510,0.14831294759173916
113,1400,1513,0.14832508915513887
111,1410,1521,0.14833663609168868
110,1398,1508,0.14835394287652676
110,1410,1520,0.14837323120823762
107,1416,1523,0.14839089545411333
109,1416,1525,0.1484165073998114
112,1405,1517,0.1484341217134779
112,1414,1526,0.14844158361963664
112,1410,1522,0.14844858153325574
117,1410,1527,0.14845511468366968
117,1397,1514,0.14844663499400043
115,1398,1513,0.14843860876035606
116,1404,1520,0.14843737055065612
112,1396,1508,0.14843362725243328
112,1401,1513,0.148441566469446
112,1402,1514,0.14844839697653797
110,1406,1516,0.14845467517890548
107,1414,1521,0.14846612563286127
103,1411,1514,0.1484861676651167
105,1400,1505,0.14851616999913317
105,1412,1517,0.14853810596661043
105,1409,1514,0.1485584637431995
105,1406,1511,0.14857722475422308
101,1407,1508,0.14859475999319094
99,1420,1519,0.14862340469410695
99,1407,1506,0.14865613838896446
101,1413,1514,0.14868655415331886
97,1414,1511,0.14870869487233737
99,1420,1519,0.14874149455611124
97,1417,1514,0.14876636406715565
98,1424,1522,0.14879567368983923
94,1420,1514,0.14882016232027998
92,1423,1515,0.14885499065805136
94,1420,1514,0.14889342748357237
92,1415,1507,0.14892335236284715
93,1422,1515,0.1489575549382452
89,1405,1494,0.14898618875475855
92,1418,1510,0.14902569968780582
90,1423,1513,0.14905366813051746
90,1417,1507,0.14908581298456192
90,1417,1507,0.14911599668149245
92,1404,1496,0.1491443624505844
94,1413,1507,0.14916508010257393
94,1431,1525,0.14917862401670262
97,1417,1514,0.14919149555020866
95,1422,1517,0.1491948593703347
98,1422,1520,0.14920440654892614
96,1423,1519,0.149203775604335
95,1424,1519,0.14920926467816226
95,1428,1523,0.1492172263674669
97,1419,1516,0.14922442894771154
101,1408,1509,0.1492252401140086
102,1414,1516,0.14921411082023447
101,1419,1520,0.1492009464415488
100,1429,1529,0.14919175126564765
100,1430,1530,0.14918640631219873
98,1435,1533,0.14918151163317783
97,1431,1528,0.14918348650991078
98,1423,1521,0.14918846288910084
98,1415,1513,0.14918978973664807
99,1426,1525,0.1491909592480421
97,1432,1529,0.14918898114144644
97,1434,1531,0.14919308846344873
99,1428,1527,0.14919690539250202
96,1435,1531,0.14919481353139236
97,1439,1536,0.1492020676173217
96,1435,1531,0.1492059716068695
91,1429,1520,0.1492127538836019
92,1420,1512,0.1492339655606832
92,1423,1515,0.14925049929698045
94,1423,1517,0.14926595471972803
96,1422,1518,0.14927399373152603
94,1426,1520,0.14927567475076073
95,1435,1530,0.149283551881906
92,1431,1523,0.1492878521253221
90,1428,1518,0.14930108435415762
90,1426,1516,0.14931932773516146
89,1431,1520,0.14933636239820533
85,1428,1513,0.1493551799394282
85,1441,1526,0.14938469592536427
84,1430,1514,0.14941248499378912
86,1437,1523,0.14944187206326795
85,1435,1520,0.14946298817429723
87,1432,1519,0.14948555891936618
86,1443,1529,0.14950035546810783
82,1426,1508,0.1495170555418843
84,1432,1516,0.14954506027860245
82,1431,1513,0.14956556961824335
80,1428,1508,0.14959093176431987
82,1431,1513,0.1496205648169321
83,1435,1518,0.1496423191044084
82,1437,1519,0.14965949060155737
80,1434,1514,0.1496789054014058
83,1435,1518,0.14970314321129674
81,1442,1523,0.1497163549245509
83,1423,1506,0.14973500743685542
80,1425,1505,0.14974654489526532
79,1438,1517,0.14976646073317046
78,1440,1518,0.14978786879519135
82,1434,1516,0.14981107624492818
82,1418,1500,0.149820904392572
84,1441,1525,0.14983010369831135
84,1439,1523,0.1498328293229717
81,1430,1511,0.14983542295138996
79,1452,1531,0.1498468322734414
78,1436,1514,0.14986373158227712
79,1447,1526,0.14988258386011163
80,1441,1521,0.14989713254227488
83,1431,1514,0.14990791540939796
79,1435,1514,0.14990878064574809
80,1429,1509,0.14992178925575875
75,1431,1506,0.14993087571745428
72,1431,1503,0.14995451584902583
68,1435,1503,0.14998536058023018
70,1453,1523,0.15002645908900042
67,1448,1515,0.15005897765270892
64,1453,1517,0.1500985741962734
64,1449,1513,0.15014471666273665
65,1445,1510,0.15018804814935396
65,1463,1528,0.1502256273308452
63,1468,1531,0.1502608802701633
63,1464,1527,0.15029974142290442
63,1456,1519,0.15033616161921842
65,1451,1516,0.15037029238388405
65,1449,1514,0.15039630503450668
65,1452,1517,0.15042044386900136
69,1449,1518,0.15044323551886218
69,1445,1514,0.1504523429676556
66,1442,1508,0.1504608564508113
66,1436,1502,0.15047796585168105
69,1448,1517,0.15049400734686688
69,1436,1505,0.15050007242790592
69,1435,1504,0.15050577408790422
68,1447,1515,0.15051110519516694
67,1441,1508,0.15051894487391937
65,1444,1509,0.1505293144315307
69,1447,1516,0.15054528393264013
69,1452,1521,0.15054804418574907
70,1458,1528,0.15055054894943398
68,1453,1521,0.15054961007761278
71,1444,1515,0.1505551696188686
67,1440,1507,0.15055107486233957
66,1449,1515,0.1505596637292983
66,1450,1516,0.15057073440827337
65,1454,1519,0.15058112198673995
69,1450,1519,0.15059399368767462
67,1439,1506,0.15059361857247494
69,1444,1513,0.15059868895276401
70,1447,1517,0.15059762334585933
70,1445,1515,0.1505935864183922
70,1445,1515,0.15058996402180308
73,1440,1513,0.15058642254025642
73,1447,1520,0.15057399912141864
73,1450,1523,0.1505624173714628
71,1443,1514,0.15055161371821316
70,1449,1519,0.1505475803655779
70,1453,1523,0.15054658728848594
72,1450,1522,0.15054542836977094
69,1449,1518,0.15053813756811685
68,1453,1521,0.15054068580245866
68,1441,1509,0.1505460363077005
66,1436,1502,0.15055101826945883
64,1439,1503,0.15056198031286494
63,1447,1510,0.15057859657068526
63,1453,1516,0.1505974633044285
67,1460,1527,0.15061484766678546
66,1443,1509,0.15061892775077196
68,1449,1517,0.15062598538583644
67,1454,1521,0.15062655542823009
67,1445,1512,0.15063022929403314
67,1437,1504,0.15063367892140428
68,1435,1503,0.15063694570169908
67,1435,1502,0.15063726099976252
68,1435,1503,0.15064040782299803
68,1443,1511,0.15064015458103794
67,1427,1494,0.15064001008542646
68,1452,1520,0.15064312176794853
68,1439,1507,0.15064275048312478
66,1452,1518,0.15064228818876654
64,1461,1525,0.15064805046796578
63,1454,1517,0.15065932581948133
63,1458,1521,0.15067281627129706
63,1466,1529,0.15068536407274674
63,1465,1528,0.15069687140957286
61,1464,1525,0.15070777003281402
60,1478,1538,0.1507241234056598
60,1476,1536,0.15074271079787033
61,1462,1523,0.15076027883010254
61,1467,1528,0.1507736980669865
58,1452,1510,0.1507863234319137
52,1451,1503,0.1508072591820673
53,1444,1497,0.15084552451978925
52,1439,1491,0.15087830194125956
52,1442,1494,0.15091211423109477
52,1451,1503,0.1509437996110195
54,1454,1508,0.1509735948900931
53,1472,1525,0.15099545089637062
52,1480,1532,0.15101890116020486
53,1470,1523,0.15104400140322455
53,1469,1522,0.15106447141109342
50,1457,1507,0.1510838273967666
51,1451,1502,0.15111108349015054
51,1458,1509,0.15113355119413682
53,1456,1509,0.15115470554854488
54,1461,1515,0.15116843562276747
54,1457,1511,0.1511783193712461
54,1456,1510,0.151187667710014
56,1462,1518,0.1511963086696551
56,1441,1497,0.15119828288593923
58,1439,1497,0.15120019859021183
58,1437,1495,0.1511958985644441
62,1442,1504,0.15119194831020732
59,1440,1499,0.1511755557057136
59,1444,1503,0.15116951184551206
58,1446,1504,0.151163632613784
58,1463,1521,0.15116119437887082
55,1476,1531,0.15115889680941275
51,1475,1526,0.15116588576205842
49,1474,1523,0.15118472282024556
48,1467,1515,0.15120851397691337
50,1461,1511,0.1512338281780223
50,1456,1506,0.15125140554876976
53,1464,1517,0.15126783302132046
54,1464,1518,0.15127412278059382
57,1453,1510,0.15127687231096373
60,1442,1502,0.15127023582817611
58,1458,1516,0.15125481554013664
59,1463,1522,0.15124661811437112
59,1469,1528,0.15123583949947558
56,1460,1516,0.1512257428431615
56,1454,1510,0.15122558919904505
55,1456,1511,0.1512253513148995
54,1454,1508,0.1512280486563119
50,1463,1513,0.15123371729604274
51,1463,1514,0.15125139578387098
51,1469,1520,0.15126472475957523
52,1476,1528,0.15127720376071616
51,1456,1507,0.1512856920849337
55,1459,1514,0.15129658049757277
53,1466,1519,0.15129435359214566
55,1466,1521,0.15129836492671805
56,1455,1511,0.151295903450283
54,1463,1517,0.1512903989946543
53,1456,1509,0.15129184449766925
54,1462,1516,0.151296257922051
53,1463,1516,0.15129733438701745
54,1465,1519,0.15130149199447096
55,1455,1510,0.15130227455854642
54,1471,1525,0.1513000704138757
55,1470,1525,0.15130108774529952
57,1470,1527,0.15129893782451156
55,1465,1520,0.15129056209549493
54,1474,1528,0.15128888848952896
53,1480,1533,0.15129035052459297
51,1477,1528,0.15129478138044677
51,1462,1513,0.1513051697935921
51,1453,1504,0.1513148083417618
49,1456,1505,0.15132389614967573
49,1450,1499,0.1513386820871235
49,1439,1488,0.15135240626912805
48,1454,1502,0.15136535239182927
45,1460,1505,0.15138060109776824
42,1466,1508,0.15140417203234377
43,1470,1513,0.1514356330263963
45,1470,1515,0.15146200762813383
45,1470,1515,0.15148048977710046
44,1462,1506,0.15149788415460694
45,1469,1514,0.15151730696670573
45,1469,1514,0.1515322453290407
46,1469,1515,0.15154626291480766
45,1466,1511,0.15155631954790078
44,1472,1516,0.15156878461610085
48,1464,1512,0.15158357474246387
47,1476,1523,0.15158491076355138
47,1481,1528,0.15158926055681107
49,1487,1536,0.15159334771525984
51,1476,1527,0.1515908400710539
51,1474,1525,0.15158221714903378
49,1473,1522,0.15157406032110424
48,1477,1525,0.15157251189029716
46,1475,1521,0.1515742750694327
47,1482,1529,0.15158212429936613
47,1484,1531,0.15158634396292586
46,1469,1515,0.15159029938750035
45,1448,1493,0.15159720665678098
43,1477,1520,0.15160680963295653
41,1480,1521,0.15162218796854549
39,1478,1517,0.15164291801174287
39,1477,1516,0.15166867264271244
38,1473,1511,0.15169287519360528
38,1478,1516,0.15171876815437424
39,1481,1520,0.15174306311801533
39,1484,1523,0.15176265668764136
38,1485,1523,0.15178109799318948
38,1476,1514,0.1518015062374028
38,1468,1506,0.15182066064528407
38,1489,1527,0.1518387196043349
40,1485,1525,0.15185568597252336
40,1488,1528,0.15186529436883645
40,1493,1533,0.15187442080834582
40,1484,1524,0.15188303592761565
36,1472,1508,0.15189120105545265
35,1473,1508,0.151911536354204
34,1473,1507,0.15193365081125385
33,1474,1507,0.15195760201804784
32,1475,1507,0.151983242644302
33,1477,1510,0.15201042202169973
31,1479,1510,0.15203279385587276
31,1470,1501,0.15206021112123821
29,1475,1504,0.1520859566334006
32,1477,1509,0.15211666876892235
31,1468,1499,0.15213587996414304
32,1479,1511,0.15215708182888746
32,1482,1514,0.15217383224710365
32,1484,1516,0.15218972430154437
34,1504,1538,0.15220470383511725
34,1501,1535,0.15221235459297117
35,1480,1515,0.1522198238133977
35,1480,1515,0.152223646840794
35,1472,1507,0.1522272868273929
34,1463,1497,0.15223073549944577
36,1469,1505,0.15223710715486224
38,1498,1536,0.15223676454947158
38,1497,1535,0.15223025783550373
37,1490,1527,0.15222424041559843
35,1491,1526,0.15222179352399176
34,1492,1526,0.1522257338176645
34,1481,1515,0.15223266881188535
33,1482,1515,0.1522391591159482
33,1476,1509,0.15224835700969877
33,1484,1517,0.15225696085027907
33,1488,1521,0.15226499737646923
31,1493,1524,0.15227256014521967
31,1498,1529,0.152286020892551
32,1502,1534,0.15229864707405244
31,1486,1517,0.1523074631151921
30,1484,1514,0.15231898300217891
29,1488,1517,0.15233293783718313
29,1488,1517,0.15234940998721974
31,1482,1513,0.1523648252798277
30,1475,1505,0.15237294267044021
31,1472,1503,0.15238384491945578
29,1479,1508,0.15239105293901073
27,1488,1515,0.1524041171374907
29,1475,1504,0.15242264608872894
28,1468,1496,0.15243368664716558
29,1468,1497,0.1524471717329638
28,1456,1484,0.15245664062050865
28,1462,1490,0.15246870218195027
27,1466,1493,0.15248001794682403
26,1479,1505,0.15249384284402182
26,1486,1512,0.15250982161407348
23,1491,1514,0.15252484664557833
24,1490,1514,0.15254840777980735
24,1494,1518,0.1525672827728206
23,1487,1510,0.1525850494120835
21,1504,1525,0.1526049414200711
21,1500,1521,0.15262998550756388
21,1481,1502,0.15265349411331802
21,1485,1506,0.15267544326124358
21,1492,1513,0.15269604436237047
20,1493,1513,0.1527154062628503
20,1500,1520,0.15273680879096344
20,1503,1523,0.15275695552501628
21,1497,1518,0.15277589751802734
21,1482,1503,0.15279055782647866
20,1481,1501,0.15280436161581076
20,1485,1505,0.15282047888321845
20,1495,1515,0.15283560774843663
20,1492,1512,0.15284981521865343
20,1498,1518,0.15286316013726867
21,1495,1516,0.15287569638889578
22,1491,1513,0.15288433124480827
21,1501,1522,0.15288931036994632
21,1499,1520,0.15289715293095732
21,1500,1521,0.1529045173524791
21,1513,1534,0.1529114375713981
21,1507,1528,0.15291794097907882
21,1516,1537,0.15292405270802317
21,1494,1515,0.15292979633841708
21,1486,1507,0.1529351940371294
19,1494,1513,0.15294026663800225
19,1490,1509,0.1529513586233126
17,1492,1509,0.15296171491561394
17,1492,1509,0.1529778017491067
18,1490,1508,0.15299287652549873
19,1500,1519,0.15300384021832084
18,1495,1513,0.15301100089390351
17,1511,1528,0.15302092949289267
17,1496,1513,0.1530334356835862
17,1503,1520,0.153045179886788
17,1500,1517,0.1530562056147268
17,1496,1513,0.15306655861645457
16,1481,1497,0.15307628142964375
15,1489,1504,0.15308868827239022
15,1489,1504,0.1531035127501107
13,1505,1518,0.15311742735772707
14,1516,1530,0.15313683742573914
13,1506,1519,0.15315187154728982
13,1502,1515,0.15316918660367806
12,1501,1513,0.15318544342492707
12,1512,1524,0.15320392813097977
11,1512,1523,0.15322128301794438
11,1514,1525,0.15324075749847782
13,1504,1517,0.15325903808320585
13,1498,1511,0.1532698248801597
13,1482,1495,0.15327999391104125
13,1498,1511,0.15328956670956478
11,1505,1516,0.15329857372713204
12,1495,1507,0.15331343113116888
12,1507,1519,0.15332417234822915
13,1500,1513,0.15333426847254497
13,1497,1510,0.15334058239107853
12,1490,1502,0.15334654195072145
12,1507,1519,0.15335539603281714
12,1517,1529,0.15336372113738161
12,1515,1527,0.15337154932057107
11,1512,1523,0.15337884739579302
11,1513,1524,0.15338893981148852
11,1505,1516,0.15339841965795312
11,1511,1522,0.15340732966966653
11,1516,1527,0.15341570527724346
11,1518,1529,0.1534235790595414
11,1495,1506,0.15343098132862476
11,1489,1500,0.1534379404186627
12,1504,1516,0.15344448288593512
12,1513,1525,0.15344737610951298
12,1503,1515,0.15345010649467705
12,1506,1518,0.15345267630096415
11,1512,1523,0.15345509335925864
11,1508,1519,0.153460549148017
12,1498,1510,0.15346565936518475
12,1495,1507,0.1534672624877
12,1486,1498,0.15346878540035833
12,1495,1507,0.1534702247144192
12,1502,1514,0.1534715823001517
12,1505,1517,0.15347286126872947
11,1503,1514,0.1534740653008306
12,1510,1522,0.1534783822826208
12,1513,1525,0.15347917078891768
12,1510,1522,0.15347991359185287
12,1504,1516,0.1534806085539869
12,1515,1527,0.1534812592322229
15,1503,1518,0.1534818691409468
15,1511,1526,0.1534728222736911
14,1507,1521,0.15346438225021258
13,1519,1532,0.15345972007364866
13,1497,1510,0.15345851782448702
13,1487,1500,0.1534573748330779
13,1493,1506,0.15345629555182924
13,1497,1510,0.15345527843226564
13,1502,1515,0.15345434788074958
13,1505,1518,0.15345348751767193
14,1513,1527,0.15345268520709282
12,1529,1541,0.15344876165292154
13,1513,1526,0.15345151397895218
13,1507,1520,0.1534508976852134
13,1511,1524,0.15345033018417667
13,1500,1513,0.15344976952882652
11,1507,1518,0.15344924019997885
11,1509,1520,0.15345521932540104
11,1500,1511,0.1534608292992377
12,1509,1521,0.15346610037930913
12,1509,1521,0.1534678007197583
12,1507,1519,0.153469407687924
12,1510,1522,0.15347092096566523
12,1504,1516,0.1534723445385532
12,1508,1520,0.15347368316088933
11,1514,1525,0.1534749416790981
11,1499,1510,0.1534793741276909
11,1504,1515,0.15348353539653967
11,1506,1517,0.1534874456574452
11,1511,1522,0.15349112118940167
11,1496,1507,0.1534945764253192
11,1506,1517,0.15349782467424564
10,1516,1526,0.15350087836501608
11,1523,1534,0.15350701340932818
11,1519,1530,0.15350959873833997
11,1510,1521,0.15351205438717996
11,1507,1518,0.15351437656987887
12,1495,1507,0.15351656913459774
12,1501,1513,0.15351545717727766
11,1495,1506,0.15351444549854182
11,1504,1515,0.15351666681138113
12,1497,1509,0.1535187404361041
11,1501,1512,0.1535174871837447
12,1487,1499,0.15351950809846343
13,1496,1509,0.15351824719494683
12,1489,1501,0.1535138868625005
12,1495,1507,0.15351296892003843
12,1494,1506,0.1535120971166889
12,1495,1507,0.1535112758409323
12,1482,1494,0.15351050363928165
12,1491,1503,0.1535097781317376
11,1497,1508,0.153509096751445
11,1494,1505,0.153511639076633
11,1504,1515,0.153513979347466
11,1515,1526,0.15351616334655568
11,1522,1533,0.15351820155042786
12,1516,1528,0.15352011476967128
10,1515,1525,0.1535187502466215
10,1497,1507,0.15352384694981525
11,1500,1511,0.15352860935243673
12,1508,1520,0.1535298798076927
12,1526,1538,0.15352790609815958
11,1505,1516,0.15352608311370092
11,1522,1533,0.1535275654400673
11,1518,1529,0.1535289470036748
11,1505,1516,0.15353023847160696
11,1507,1518,0.15353144861715087
11,1506,1517,0.15353258402505587
11,1498,1509,0.15353362010532096
8,1495,1503,0.15353458876125856
8,1490,1498,0.15354510806433047
9,1504,1513,0.15355496073542566
8,1514,1522,0.15356098813576616
8,1503,1511,0.15356984262262052
8,1510,1518,0.15357814660918112
8,1503,1511,0.1535859395929882
8,1509,1517,0.15359325606552773
8,1500,1508,0.1536001272174188
8,1504,1512,0.1536065815336195
9,1505,1514,0.15361264524377766
9,1505,1514,0.15361514557300368
9,1512,1521,0.15361751480455
9,1510,1519,0.15361975124088187
9,1512,1521,0.1536218595812134
9,1511,1520,0.15362384554997432
9,1502,1511,0.15362571521393906
9,1506,1515,0.15362747470659
9,1505,1514,0.15362913007040008
9,1521,1530,0.1536306871653326
9,1519,1528,0.15363215161812774
9,1513,1522,0.15363352879677408
9,1521,1530,0.1536348238004743
9,1516,1525,0.1536360414590773
10,1516,1526,0.1536371863382044
10,1533,1543,0.1536350612169259
10,1520,1530,0.15363308485528165
10,1506,1516,0.15363123911495982
8,1506,1514,0.15362951233517103
9,1517,1526,0.1536342630154892
9,1514,1523,0.1536354866948356
9,1522,1531,0.15363663430133304
10,1508,1518,0.1536377108212541
10,1512,1522,0.15363552701589078
10,1511,1521,0.1536334952131161
10,1495,1505,0.1536315962694927
10,1506,1516,0.1536298185169018
10,1513,1523,0.15362815244240913
10,1506,1516,0.15362656793454926
10,1503,1513,0.15362507833209407
9,1495,1504,0.1536236777205079
9,1512,1521,0.1536255473527102
9,1510,1519,0.15362728785437235
9,1504,1513,0.15362891392808037
10,1498,1508,0.15363043577650667
10,1509,1519,0.1536286812849875
9,1518,1527,0.15362705409958627
9,1510,1519,0.15362872741093433
9,1512,1521,0.1536302902773973
9,1502,1511,0.15363175364037723
9,1493,1502,0.15363312521137296
9,1502,1511,0.15363441155702745
8,1507,1515,0.15363561854340652
8,1507,1515,0.1536399530768873
8,1499,1507,0.1536440116150598
7,1516,1523,0.15364781539917588
7,1508,1515,0.15365458024909429
6,1490,1496,0.15366091971270154
5,1498,1503,0.15367006464526917
5,1498,1503,0.15368186020777677
4,1498,1502,0.1536929282412501
5,1501,1506,0.1537065519306851
5,1514,1519,0.15371612790063657
6,1510,1516,0.15372513333196436
6,1500,1506,0.15373037896704125
6,1514,1520,0.15373532526254519
7,1509,1516,0.1537399816116097
7,1513,1520,0.1537411478222163
6,1521,1527,0.15374226718879594
6,1506,1512,0.15374653165724714
7,1506,1513,0.1537505320505661
7,1505,1512,0.15375108484848546
7,1500,1507,0.1537516231314673
7,1504,1511,0.15375213730995752
7,1496,1503,0.1537526260873268
7,1494,1501,0.15375308937271365
6,1516,1522,0.1537535276220153
6,1509,1515,0.1537571394238788
6,1513,1519,0.15376052000251125
6,1503,1509,0.15376369062183948
7,1495,1502,0.1537666738982143
6,1509,1515,0.1537662430405618
6,1502,1508,0.1537690754280505
6,1494,1500,0.1537717346208367
6,1508,1514,0.15377423169585927
6,1505,1511,0.1537765773597266
5,1503,1508,0.15377878120817964
5,1505,1510,0.1537840611527668
5,1515,1520,0.15378901084767665
5,1515,1520,0.15379365647575405
5,1518,1523,0.15379801859700767
5,1520,1525,0.1538021157571487
5,1515,1520,0.15380596491742485
5,1509,1514,0.15380958169080303
5,1511,1516,0.1538129805282485
5,1503,1508,0.1538161748610905
5,1508,1513,0.15381917721034707
5,1518,1523,0.15382199927318102
6,1515,1521,0.15382465199364137
7,1525,1532,0.15382392556247051
7,1517,1524,0.15382002184761978
7,1520,1527,0.15381637529445963
7,1502,1509,0.15381296096136166
7,1515,1522,0.1538097609500862
6,1509,1515,0.153806759853593
6,1506,1512,0.15380716341242387
5,1509,1514,0.15380751774501925
6,1512,1518,0.15381109366674367
5,1509,1514,0.15381120707736082
4,1516,1520,0.1538145332847435
4,1517,1521,0.1538208802783877
3,1520,1523,0.15382683375066025
3,1514,1517,0.1538356561522191
3,1505,1508,0.15384393898502302
3,1518,1521,0.1538517183609499
2,1502,1504,0.15385902651172104
3,1500,1503,0.1538691397382797
4,1509,1513,0.15387539024600388
4,1511,1515,0.15387801846429247
4,1502,1506,0.15388050075894916
4,1513,1517,0.15388284095057878
4,1519,1523,0.15388504573466993
4,1515,1519,0.15388712185038705
4,1512,1516,0.15388907605548993
4,1513,1517,0.15389091500939922
4,1505,1509,0.15389264517456758
4,1498,1502,0.15389427275775316
4,1493,1497,0.15389580368071726
4,1509,1513,0.15389724356913337
3,1517,1520,0.15389859775225292
3,1519,1522,0.15390310888405043
3,1524,1527,0.15390734253544266
3,1520,1523,0.1539113181486933
3,1507,1510,0.15391505243164247
3,1511,1514,0.15391856084337657
3,1522,1525,0.15392185765614333
3,1522,1525,0.153924956066306
2,1519,1521,0.15392786831957564
2,1509,1511,0.15393386305852286
2,1508,1510,0.1539394952258502
2,1517,1519,0.15394478646910553
2,1505,1507,0.15394975826961016
3,1513,1516,0.15395443079582308
3,1502,1505,0.15395556155152923
2,1506,1508,0.15395663289322153
2,1501,1503,0.15396090509627416
2,1504,1506,0.1539649215592672
2,1503,1505,0.1539686969587334
2,1504,1506,0.1539722457293068
2,1513,1515,0.1539755816570855
2,1512,1514,0.15397871772294583
2,1510,1512,0.1539816660820957
2,1510,1512,0.15398443810709642
2,1507,1509,0.15398704444488528
3,1510,1513,0.1539894950718384
3,1524,1527,0.15398854399875855
3,1517,1520,0.15398766109435877
3,1518,1521,0.15398683548745157
3,1520,1523,0.1539860623296359
3,1517,1520,0.15398533782197177
3,1503,1506,0.15398465860517788
3,1517,1520,0.15398402161255267
3,1526,1529,0.1539834240228786
3,1521,1524,0.1539828632348702
3,1524,1527,0.15398233684656304
3,1526,1529,0.15398184263671513
2,1519,1521,0.15398137854790772
2,1518,1520,0.15398418905046488
2,1508,1510,0.15398682552657544
2,1509,1511,0.153989301517556
2,1495,1497,0.1539916273887232
2,1500,1502,0.1539938125247099
2,1510,1512,0.15399586567865559
2,1507,1509,0.1539977950351015
1,1503,1504,0.15399960824021888
1,1497,1498,0.15400457052166475
1,1513,1514,0.1540092323532351
1,1515,1516,0.15401361347985262
1,1522,1523,0.15401773108308223
1,1516,1517,0.1540216011748
1,1513,1514,0.15402523881466568
1,1505,1506,0.15402865815027428
1,1510,1511,0.15403187245177272
1,1507,1508,0.1540348941577675
1,1514,1515,0.15403773492656758
1,1517,1518,0.15404040568756336
1,1520,1521,0.1540429166902218
1,1518,1519,0.15404527754980232
1,1499,1500,0.1540474972896521
1,1512,1513,0.15404958438023833
1,1515,1516,0.15405154677517507
1,1510,1511,0.15405339194451725
1,1516,1517,0.15405512690558043
1,1508,1509,0.15405675825152138
0,1504,1504,0.15405829217788716
