1363,26,1389,0.135821271746262
1393,26,1419,0.13299689457367736
1420,26,1446,0.13033682682068218
1437,28,1465,0.12783813104344532
1443,29,1472,0.12551604937530217
1462,27,1489,0.12338504801145209
1463,26,1489,0.12139488497209378
1458,27,1485,0.11958052173981973
1456,27,1483,0.117941301571454
1463,29,1492,0.11645400935005398
1465,30,1495,0.11508303448678152
1465,32,1497,0.11382998659509407
1461,31,1492,0.11268969567861792
1460,30,1490,0.11166150410901082
1468,30,1498,0.1107277647561801
1469,30,1499,0.10985914431247128
1471,31,1502,0.10906620230098664
1467,31,1498,0.10833992549703343
1453,33,1486,0.1076885572026681
1449,32,1481,0.10712762477557558
1440,35,1475,0.10662597749355893
1451,34,1485,0.10618952808994876
1446,37,1483,0.10576740398538377
1441,38,1479,0.10539418956701507
1432,38,1470,0.10506536705480142
1445,39,1484,0.10478640725960169
1448,42,1490,0.10450308450797391
1451,40,1491,0.10423838519961386
1435,40,1475,0.10399070618078551
1450,40,1490,0.10380016744972277
1440,38,1478,0.1035935657475353
1444,39,1483,0.103427994417532
1443,39,1482,0.1032683827708465
1447,36,1483,0.10312502565715591
1461,37,1498,0.1029856697736056
1452,36,1488,0.10282816529196218
1435,35,1470,0.1027042232928611
1444,38,1482,0.10262813433053022
1454,37,1491,0.10253996336370258
1452,41,1493,0.1024377822759792
1460,41,1501,0.10234897952699615
1460,41,1501,0.10225058896848863
1468,40,1508,0.10216105703842367
1463,40,1503,0.10206245718899268
1458,38,1496,0.10198299358150051
1454,40,1494,0.10192188693017012
1439,42,1481,0.10187489860185234
1459,43,1502,0.10186465364295326
1457,46,1503,0.10181228561981699
1462,44,1506,0.10176882485051814
1457,46,1503,0.10171847851788854
1460,46,1506,0.1016833744089214
1452,43,1495,0.10164512775085763
1445,43,1488,0.10162756238867786
1450,46,1496,0.1016264479897746
1454,47,1501,0.10161469578649544
1443,47,1490,0.10159552442268667
1447,48,1495,0.10160182739784931
1433,47,1480,0.10159900396970442
1431,46,1477,0.10162624607705727
1440,47,1487,0.1016557643857233
1451,46,1497,0.10166350313620043
1447,47,1494,0.10164686485277388
1454,45,1499,0.10164020093454901
1455,45,1500,0.1016189571911195
1451,43,1494,0.10159762942817134
1457,43,1500,0.10158660280772233
1459,44,1503,0.10156366101062607
1450,46,1496,0.10153853528925648
1457,47,1504,0.10153493517741773
1448,48,1496,0.10151611181299874
1447,46,1493,0.10151848951591884
1438,45,1483,0.10152263066831402
1441,46,1487,0.1015457421639368
1451,46,1497,0.10156061138635747
1441,46,1487,0.10155242734773548
1431,45,1476,0.10156663875133919
1453,43,1496,0.10160134470218107
1452,42,1494,0.1015853643378868
1451,46,1497,0.1015728122048936
1458,44,1502,0.10156360835746689
1460,44,1504,0.10154020616401871
1473,41,1514,0.10151472041667216
1470,41,1511,0.10146364295031451
1463,40,1503,0.1014233966708668
1454,40,1494,0.10140192358651187
1459,40,1499,0.1014013677105363
1449,40,1489,0.10139046144831665
1453,41,1494,0.10140188847177882
1469,39,1508,0.10140337832486856
1468,40,1508,0.10137057763494482
1457,42,1499,0.10134281461809039
1455,39,1494,0.10134125162960238
1467,38,1505,0.10134418126338686
1460,38,1498,0.1013210592723878
1454,36,1490,0.1013147073610271
1449,36,1485,0.10132204845060855
1436,37,1473,0.1013395479203573
1448,35,1483,0.10138315574838284
1458,35,1493,0.10139737422069625
1472,35,1507,0.1013888559548975
1472,33,1505,0.10135073622816446
1466,32,1498,0.10131603422768101
1463,36,1499,0.10129733820562539
1457,36,1493,0.1012869597956411
1457,39,1496,0.1012906337507209
1453,39,1492,0.10129427994590344
1466,37,1503,0.10130627807792923
1441,37,1478,0.1012894354539679
1444,37,1481,0.10132793820214722
1447,37,1484,0.10135619315151906
1463,39,1502,0.10137526539188496
1466,37,1503,0.10135801565989394
1470,39,1509,0.1013360080481438
1457,39,1496,0.10130764350555413
1456,40,1496,0.10130977790798974
1460,42,1502,0.10131350054007392
1459,43,1502,0.10130848844175531
1458,43,1501,0.10130601786972404
1457,41,1498,0.10130608413858186
1472,41,1513,0.10130855695345228
1470,43,1513,0.10127856322363726
1460,42,1502,0.10125547849160522
1452,43,1495,0.10125562693640802
1461,44,1505,0.10127299072428723
1454,44,1498,0.10126983700619901
1452,41,1493,0.10128171611475878
1439,42,1481,0.1012970736284531
1442,42,1484,0.10133910760677681
1442,41,1483,0.1013709527232713
1440,41,1481,0.10139951470530933
1431,42,1473,0.10142990415981867
1433,40,1473,0.10147701558694802
1446,39,1485,0.10151550393642453
1456,38,1494,0.10152254300124638
1452,41,1493,0.10150776144248469
1448,37,1485,0.1015023122309506
1448,38,1486,0.10150631907345165
1454,40,1494,0.10150994800199484
1452,40,1492,0.10150041061075257
1436,41,1477,0.10149583308505916
1441,43,1484,0.10152623961252934
1446,43,1489,0.10154355678968022
1454,43,1497,0.10154845818348388
1458,44,1502,0.1015357625140621
1469,43,1512,0.10151546166713243
1470,42,1512,0.10147342935898701
1456,45,1501,0.10143281954405864
1454,48,1502,0.1014261238584396
1450,51,1501,0.10142473969941829
1449,51,1500,0.10143165761720191
1455,50,1505,0.10144008747697615
1438,48,1486,0.10143499027054301
1439,47,1486,0.10146655192427183
1437,45,1482,0.10149296068369125
1431,44,1475,0.10152109098639193
1447,49,1496,0.10155989470050869
1453,51,1504,0.10156058558463638
1446,51,1497,0.10154817104789536
1445,52,1497,0.1015517645013362
1441,51,1492,0.10155763104633764
1446,52,1498,0.10157200917685291
1446,54,1500,0.10157458471087674
1456,55,1511,0.1015767903043664
1450,53,1503,0.1015572026457812
1449,52,1501,0.10155239020736047
1450,52,1502,0.10155000003568176
1438,50,1488,0.10154563659264419
1452,51,1503,0.10156792195014037
1452,52,1504,0.10155759783719304
1452,51,1503,0.10154817005153868
1445,49,1494,0.1015396451148666
1458,47,1505,0.10154736160136228
1451,47,1498,0.10152636548753452
1450,44,1494,0.10152204225534078
1456,48,1504,0.10151989415838168
1444,51,1495,0.10150563283586976
1447,50,1497,0.10151874516196618
1448,52,1500,0.10152381219295538
1448,55,1503,0.10152630466869347
1443,57,1500,0.10152868800618595
1452,55,1507,0.10154146610852693
1448,55,1503,0.10153355569805718
1450,51,1501,0.10153510955800069
1461,52,1513,0.10153228588196239
1450,55,1505,0.10150638141295619
1446,52,1498,0.10150546376844634
1450,52,1502,0.1015133466269753
1446,54,1500,0.10151189148469558
1433,54,1487,0.10151937175411697
1430,54,1484,0.10155424936634563
1437,52,1489,0.10159246798090267
1432,50,1482,0.10161253437690887
1446,51,1497,0.10164172924555202
1443,51,1494,0.10163760572097537
1444,50,1494,0.10164023706268069
1445,52,1497,0.10164062657005946
1443,50,1493,0.10163912360675682
1449,53,1502,0.10164166571242038
1457,53,1510,0.10163146991876185
1450,51,1501,0.10160523038677778
1442,53,1495,0.10159608381836822
1435,50,1485,0.1016047075456631
1438,49,1487,0.1016276554651353
1437,49,1486,0.10164227018448663
1439,47,1486,0.10165786082513162
1436,48,1484,0.10166760668663583
1440,51,1491,0.10168308153276652
1445,49,1494,0.10168844391577109
1447,52,1499,0.10168276376855628
1446,52,1498,0.10167335248260943
1455,50,1505,0.10166698848843875
1462,51,1513,0.10164187720255523
1444,55,1499,0.10160387573417028
1451,55,1506,0.1016081515236473
1439,53,1492,0.10159667115921268
1450,54,1504,0.1016121344822892
1456,56,1512,0.10160273620615046
1448,57,1505,0.10158111212247864
1451,57,1508,0.10157902282504613
1443,57,1500,0.10157050227717106
1438,57,1495,0.1015794250076238
1437,57,1494,0.1015985044672833
1433,58,1491,0.10161817627148281
1436,55,1491,0.10164471029646352
1431,54,1485,0.10166242694132524
1416,53,1469,0.10168929468603384
1430,53,1483,0.10174597950089734
1452,51,1503,0.10176769411221226
1436,49,1485,0.10174010106629798
1431,49,1480,0.10174908139792635
1439,48,1487,0.10176828899438167
1427,49,1476,0.10176858211726604
1437,53,1490,0.10179443274169934
1440,54,1494,0.1017962907873218
1440,55,1495,0.10179199855859596
1442,54,1496,0.10178803742102875
1431,52,1483,0.10178014556916454
1428,53,1481,0.10179649497859401
1433,55,1488,0.10181789683259357
1428,54,1482,0.10182623826190024
1437,54,1491,0.10184440779424087
1437,54,1491,0.10184174459244211
1447,52,1499,0.1018389634948628
1447,54,1501,0.10181535607564808
1441,53,1494,0.10179398362802301
1439,53,1492,0.10178767754877256
1435,54,1489,0.10178663980693713
1432,53,1485,0.10179414522549698
1433,53,1486,0.10180740206493302
1422,57,1479,0.10181766273376329
1425,56,1481,0.10185035974325761
1423,57,1480,0.10187364945772187
1424,58,1482,0.10189907987175269
1438,55,1493,0.10192010182533152
1424,54,1478,0.10190895792798776
1428,55,1483,0.10192935666762903
1427,54,1481,0.10193925639440245
1421,55,1476,0.10195061011554639
1419,55,1474,0.10197426231818685
1429,60,1489,0.10200031086198123
1436,59,1495,0.10200234062325529
1441,61,1502,0.10198894536618677
1437,61,1498,0.10196588137749986
1424,60,1484,0.1019538878008731
1412,56,1468,0.10197090492571999
1426,56,1482,0.1020130024797466
1433,57,1490,0.10202040171974858
1414,59,1473,0.10201181832789147
1410,53,1463,0.10204516407610374
1421,53,1474,0.10208408633994047
1417,56,1473,0.10209602368734842
1442,58,1500,0.10211543531682196
1437,58,1495,0.10207868436493868
1428,58,1486,0.10205618314521069
1438,61,1499,0.10205516554020284
1440,61,1501,0.10203308177449973
1434,65,1499,0.1020084840924272
1437,63,1500,0.10199922456429465
1454,63,1517,0.10198418598497842
1448,64,1512,0.10193352020421954
1434,66,1500,0.10190050626579125
1420,65,1485,0.10190061719462669
1422,64,1486,0.1019310688215514
1415,67,1482,0.10195461721189321
1432,67,1499,0.10199109166770888
1430,66,1496,0.10198752649996529
1432,66,1498,0.10198886952476283
1417,66,1483,0.10198563584415901
1413,63,1476,0.10201518952121592
1412,62,1474,0.10205092446956966
1404,63,1467,0.10208534947092424
1425,64,1489,0.10213411675909793
1398,65,1463,0.10213303380363815
1393,68,1461,0.1021902647249453
1398,70,1468,0.10225367229217674
1390,71,1461,0.10230050829090462
1395,71,1466,0.10236056828842414
1417,70,1487,0.10240441993011024
1417,70,1487,0.10239657896177203
1414,71,1485,0.10238973995346036
1428,69,1497,0.1023900635460426
1428,68,1496,0.10235986833716211
1430,69,1499,0.10233199462337421
1430,68,1498,0.1023025894657123
1438,67,1505,0.10227549963866021
1451,67,1518,0.10223354409085542
1445,66,1511,0.1021676115932252
1432,63,1495,0.10212032488517953
1443,63,1506,0.10210536816031641
1436,62,1498,0.1020676961001128
1422,62,1484,0.10204856123182302
1427,63,1490,0.10206120581396448
1434,60,1494,0.10206211398757883
1443,61,1504,0.10204846384120227
1434,63,1497,0.10201653516077641
1431,67,1498,0.10200688926598911
1418,68,1486,0.10200491457144181
1417,72,1489,0.10203117618493648
1429,71,1500,0.10205726676149798
1424,71,1495,0.10205531007965384
1419,72,1491,0.10206384448400162
1438,73,1511,0.10208205579370948
1432,71,1503,0.10205807179892541
1423,68,1491,0.10204931647613812
1429,70,1499,0.10206047778986647
1425,70,1495,0.10205766277307607
1420,72,1492,0.10206404072037596
1417,73,1490,0.10208135388027469
1421,73,1494,0.10210362099622301
1412,70,1482,0.10211490378845181
1416,69,1485,0.10214446274720057
1400,68,1468,0.10216294144904897
1412,72,1484,0.10221451340946423
1413,74,1487,0.10223528343577026
1424,71,1495,0.10225193596875219
1416,72,1488,0.10224344441637304
1419,73,1492,0.10225282721431167
1412,71,1483,0.1022552923816274
1419,72,1491,0.10227296902516128
1424,68,1492,0.10227388708125872
1410,70,1480,0.10226385748334596
1408,68,1476,0.10228472593404213
1419,69,1488,0.10230754583413817
1427,71,1498,0.10230398011497499
1439,70,1509,0.10228336479866842
1426,69,1495,0.10223905497404898
1424,65,1489,0.10222649493488023
1423,65,1488,0.10221928092529436
1434,66,1500,0.10221488564742391
1427,65,1492,0.10218780580267756
1425,68,1493,0.10217848026796947
1427,69,1496,0.10217469467371665
1446,70,1516,0.10216674732018646
1448,69,1517,0.10211808299959295
1442,66,1508,0.10206947864683155
1441,74,1515,0.10203829422519338
1426,75,1501,0.10201171445297909
1427,75,1502,0.10202002338942172
1419,73,1492,0.10202581551953457
1422,76,1498,0.10204805021060137
1420,76,1496,0.1020614853084906
1424,74,1498,0.1020783515035649
1422,74,1496,0.10208537900254148
1422,74,1496,0.10209612047710345
1425,76,1501,0.10210565611357592
1423,76,1499,0.10210780023764228
1433,77,1510,0.10211387135465949
1425,75,1500,0.10209773423402392
1421,76,1497,0.10210015515182298
1415,78,1493,0.10211109996372292
1418,74,1492,0.10213447784737344
1419,74,1493,0.1021494601505802
1423,72,1495,0.10216072235255348
1421,70,1491,0.10216238378474614
1435,72,1507,0.102168288346904
1448,72,1520,0.10214315491095004
1426,72,1498,0.10209144429255275
1425,72,1497,0.10209202995866017
1429,74,1503,0.10209457061510623
1424,75,1499,0.10208837659895209
1425,76,1501,0.10209343163146783
1424,80,1504,0.10209608349069806
1422,83,1505,0.1021009323871937
1414,82,1496,0.10210969205496134
1398,80,1478,0.10213551754259331
1392,81,1473,0.10219327970438577
1380,80,1460,0.10225963254277652
1395,76,1471,0.10234600202132026
1408,74,1482,0.10239187568386834
1422,77,1499,0.10240580477006674
1421,77,1498,0.1023883436756804
1413,80,1493,0.10237439105416002
1426,84,1510,0.1023786781731793
1413,84,1497,0.10235483715481142
1414,85,1499,0.10236090838824495
1403,86,1489,0.10236495877324563
1399,90,1489,0.10239236579093344
1401,91,1492,0.1024261569453865
1400,93,1493,0.10245275138998931
1403,93,1496,0.10247926773363573
1400,96,1496,0.10249699589913694
1402,96,1498,0.10251977622570255
1407,98,1505,0.10253595707201661
1399,96,1495,0.10254058237281193
1411,100,1511,0.10256247528646353
1400,99,1499,0.10255654801425611
1393,97,1490,0.10257495945308087
1389,96,1485,0.10260698970993869
1386,97,1483,0.10264524054400306
1401,94,1495,0.10268624123863117
1386,95,1481,0.10269080445011604
1392,93,1485,0.10272740103156658
1392,92,1484,0.1027481604406227
1398,94,1492,0.10276739722853195
1403,93,1496,0.1027717807366994
1404,91,1495,0.10276482921294143
1391,95,1486,0.10275626199826299
1384,94,1478,0.10277682672137635
1388,93,1481,0.10281103528470119
1390,97,1487,0.10283335765989726
1384,97,1481,0.10284939305430134
1384,97,1481,0.1028775316161731
1390,99,1489,0.10290291383792624
1397,97,1494,0.10291312927340676
1403,94,1497,0.10290730155079586
1399,99,1498,0.10288892903608556
1411,96,1507,0.10288033305075878
1403,99,1502,0.10284666032148547
1398,106,1504,0.10283363246240342
1390,105,1495,0.10283207362963229
1379,102,1481,0.10284773765428712
1372,106,1478,0.10288578468972115
1386,110,1496,0.10293616005762779
1398,114,1512,0.10295217941502469
1389,116,1505,0.10294060648346115
1399,120,1519,0.10295031948606226
1385,117,1502,0.10293816065931521
1376,118,1494,0.10295747699143722
1362,125,1487,0.10299515936954352
1370,123,1493,0.10305992007942943
1359,123,1482,0.10310121296224736
1353,125,1478,0.10316336535792413
1374,121,1495,0.103233729419185
1375,122,1497,0.1032518574047319
1364,122,1486,0.10326628616563084
1366,121,1487,0.10330325812422235
1369,120,1489,0.10333241029019909
1370,116,1486,0.10335275785495206
1363,119,1482,0.10336982583488886
1358,115,1473,0.1034001328018741
1350,119,1469,0.1034390048137514
1355,120,1475,0.10349190493052564
1347,119,1466,0.10352937344549992
1350,120,1470,0.10358039043064154
1366,117,1483,0.10362002740146443
1369,118,1487,0.10362110377794963
1366,115,1481,0.10361548693050839
1367,119,1486,0.10361707566943537
1381,116,1497,0.10361676183050986
1370,120,1490,0.10358563094642101
1372,119,1491,0.10358112189536715
1365,118,1483,0.10357339625701911
1368,116,1484,0.1035821592835371
1366,120,1486,0.10358266176633604
1355,122,1477,0.10358742196793258
1366,122,1488,0.10361538034707231
1369,120,1489,0.10361705458272513
1357,123,1480,0.10361254741833228
1368,122,1490,0.1036347879902209
1355,120,1475,0.10363064994929683
1365,122,1487,0.10365472938789326
1363,123,1486,0.10365476483910076
1370,123,1493,0.10365998042561547
1373,128,1501,0.10364951098054104
1378,126,1504,0.10363370856984026
1372,119,1491,0.10360781727712812
1378,119,1497,0.10359742203392443
1374,117,1491,0.10357450542093555
1374,119,1493,0.10356227502381772
1387,121,1508,0.10355084268387156
1373,121,1494,0.10351202239414352
1368,121,1489,0.10350754335216879
1372,123,1495,0.10351472784701476
1372,121,1493,0.10351237004581595
1375,123,1498,0.1035110434294596
1377,121,1498,0.10350366390545901
1377,122,1499,0.10349257480799844
1382,121,1503,0.10348248375130974
1377,126,1503,0.10346223586231176
1370,123,1493,0.10345494326481852
1380,121,1501,0.10346324661890051
1367,121,1488,0.10344927776925816
1377,119,1496,0.10346446036700034
1364,121,1485,0.10345646486401325
1361,125,1486,0.10347784151510901
1360,126,1486,0.10350393946003272
1353,125,1478,0.10352967104760748
1360,125,1485,0.10356841316152195
1362,124,1486,0.1035888546556869
1363,127,1490,0.10360217960665213
1372,128,1500,0.10361181062454959
1369,128,1497,0.10360174691225221
1379,132,1511,0.10359925833789926
1372,131,1503,0.10357489632166125
1369,128,1497,0.103568419417647
1372,130,1502,0.10356939432964637
1376,135,1511,0.10356426440913939
1369,132,1501,0.10355010455259887
1374,136,1510,0.1035522457259005
1392,136,1528,0.10354307040998761
1377,136,1513,0.10349475254913174
1359,132,1491,0.10348369850298694
1363,135,1498,0.10351345040052376
1350,134,1484,0.10353191771119054
1358,131,1489,0.10357679742153682
1356,134,1490,0.10360028466768427
1358,130,1488,0.10362584123632508
1370,123,1493,0.10364468579358771
1378,129,1507,0.10363579597299725
1373,130,1503,0.10360989771335725
1364,134,1498,0.10359744025281767
1373,138,1511,0.10360633025653967
1367,132,1499,0.10359493956445515
1361,132,1493,0.10359773288496253
1354,136,1490,0.10361391283565353
1359,137,1496,0.10364395144310531
1363,134,1497,0.10366074820690022
1362,136,1498,0.10366773916333098
1352,139,1491,0.10367656366686002
1366,146,1512,0.10370704602635401
1352,142,1494,0.10370401618619261
1339,145,1484,0.10373245072615785
1339,146,1485,0.10378677758025727
1340,146,1486,0.10383644347578519
1332,152,1484,0.10387954268323803
1347,150,1497,0.10393682857564272
1347,152,1499,0.10395641186424946
1335,147,1482,0.10397450947785834
1344,148,1492,0.10401746177529399
1349,147,1496,0.10403747629502332
1333,149,1482,0.10404484235036936
1339,147,1486,0.10408613712632761
1336,148,1484,0.10411009730093651
1345,151,1496,0.10413839606080696
1348,149,1497,0.10414384599149712
1339,147,1486,0.10414238430716623
1341,152,1493,0.1041613651275276
1327,151,1478,0.10417477692526254
1334,152,1486,0.10421787526250906
1333,154,1487,0.10424139642837485
1347,155,1502,0.10426494415459216
1352,157,1509,0.10425571884374317
1347,160,1507,0.10423645446484638
1331,159,1490,0.10422977572447097
1336,158,1494,0.10425935909191426
1325,160,1485,0.10427541705252437
1327,158,1485,0.10431521596033817
1340,158,1498,0.10434754463654283
1327,159,1486,0.10434845768847939
1322,158,1480,0.10437792266193412
1335,161,1496,0.1044151443118185
1323,163,1486,0.10442042532570578
1343,163,1506,0.10445197420746101
1336,161,1497,0.10443637209525
1339,158,1497,0.10443721000432735
1336,158,1494,0.10443054384190419
1345,158,1503,0.1044317660211827
1338,154,1492,0.10441316757626719
1344,154,1498,0.10441114706266355
1330,157,1487,0.1043964600835836
1320,155,1475,0.10441392235306055
1318,155,1473,0.10445205522020756
1329,149,1478,0.10449142710867797
1338,153,1491,0.10450220289912653
1343,153,1496,0.10449300510035289
1344,156,1500,0.10447282612392965
1353,155,1508,0.1044534270105591
1354,153,1507,0.10441621451605344
1350,151,1501,0.10437854982676514
1351,151,1502,0.10435317907516803
1346,152,1498,0.10432780906822725
1335,154,1489,0.10431569503962816
1320,159,1479,0.10432903681104756
1335,160,1495,0.10437435490126673
1329,161,1490,0.1043830044829933
1317,162,1479,0.10440472081154495
1319,161,1480,0.10445037672413456
1318,162,1480,0.10448812173578412
1324,163,1487,0.10452485432189292
1331,166,1497,0.1045453756202097
1327,164,1491,0.10454806512996682
1335,169,1504,0.10455884834363921
1343,164,1507,0.1045517343274965
1337,167,1504,0.10452829112317467
1344,169,1513,0.10452100043394476
1332,169,1501,0.10449914735073626
1319,170,1489,0.10450615855911016
1322,168,1490,0.10454135777076902
1311,169,1480,0.10456651718210454
1322,173,1495,0.1046144209099586
1324,173,1497,0.10463397880217411
1308,178,1486,0.10464787262573766
1324,176,1500,0.10469568279942898
1320,176,1496,0.10470464557158758
1327,176,1503,0.10472122788809635
1306,177,1483,0.10472099866880051
1305,179,1484,0.10476776384494262
1325,180,1505,0.10481320016366422
1329,178,1507,0.10480958688800697
1299,178,1477,0.10479767090133403
1302,173,1475,0.10485296924119851
1309,173,1482,0.10489710888586337
1286,175,1461,0.1049221861959812
1291,172,1463,0.10499613128884887
1292,177,1469,0.10505286076269624
1298,177,1475,0.10510173177560098
1305,177,1482,0.10513339894202697
1312,177,1489,0.10514709501964063
1308,181,1489,0.10514345526826328
1308,178,1486,0.1051490108129118
1313,174,1487,0.10515419625373948
1319,175,1494,0.10514737434083948
1311,181,1492,0.10512850650058503
1315,180,1495,0.10512933172916793
1310,183,1493,0.10512160799591051
1305,186,1491,0.1051259538055109
1309,190,1499,0.10514114816714142
1315,188,1503,0.10514617463893405
1312,190,1502,0.10513784408387446
1307,193,1500,0.10513640570077895
1317,193,1510,0.10514601463011287
1320,192,1512,0.10513301357312485
1311,185,1496,0.10511513713841975
1311,190,1501,0.10511991087892798
1315,189,1504,0.10512338756829592
1315,191,1506,0.10511801369015018
1306,189,1495,0.10511204243188343
1317,191,1508,0.10512688667094293
1326,192,1518,0.10511674487195123
1327,186,1513,0.10508640839254134
1323,192,1515,0.10505584300970465
1322,188,1510,0.1050369984225373
1318,188,1506,0.10502197827471538
1319,187,1506,0.10501649896986756
1317,187,1504,0.10500962645858633
1323,188,1511,0.10500829824814308
1306,188,1494,0.10499363503792745
1300,187,1487,0.10501745550679491
1306,182,1488,0.1050519882842691
1292,186,1478,0.10507096227727633
1291,187,1478,0.10511987425127518
1297,189,1486,0.10516760297229702
1305,186,1491,0.1051977219852915
1315,184,1499,0.10520813838729223
1321,187,1508,0.10519594640076235
1311,187,1498,0.10517184097000143
1318,189,1507,0.10517212752487957
1308,188,1496,0.10515678129752856
1312,189,1501,0.10516467834680313
1304,195,1499,0.1051636433427991
1310,196,1506,0.10518092029532423
1310,199,1509,0.1051839788492693
1309,196,1505,0.10518714390089087
1302,192,1494,0.10519181086356907
1317,193,1510,0.10521151291361434
1301,197,1498,0.105194936313084
1303,194,1497,0.10521506555822192
1296,197,1493,0.10522886121827721
1305,201,1506,0.10525724625959487
1305,202,1507,0.10526415537900818
1291,200,1491,0.10526925672261128
1290,198,1488,0.10530560090221548
1276,201,1477,0.10534118921396118
1276,203,1479,0.10540409775704916
1277,206,1483,0.10546249080072786
1276,208,1484,0.10551374366699508
1281,214,1495,0.10556318764684627
1292,216,1508,0.10559758268936832
1285,217,1502,0.10560447634821474
1278,220,1498,0.10562751309923456
1261,222,1483,0.1056643433119016
1263,221,1484,0.10573625631511079
1256,217,1473,0.10579806870831003
1261,219,1480,0.1058702487666227
1261,225,1486,0.1059252788159824
1258,229,1487,0.10597596688385852
1255,230,1485,0.10602978897532528
1267,232,1499,0.10608543910382143
1260,226,1486,0.10611015697110368
1256,227,1483,0.10614761926880462
1264,228,1492,0.10619041352882136
1264,227,1491,0.10621185197474325
1256,234,1490,0.10623273612134153
1259,237,1496,0.10627082379216851
1262,235,1497,0.1062987601196347
1273,234,1507,0.10631746552824733
1267,237,1504,0.10630969716352197
1269,236,1505,0.10631726454052182
1264,236,1500,0.10632040959488094
1254,239,1493,0.10633471884579729
1265,236,1501,0.10637022000332647
1266,243,1509,0.10637697452281879
1276,242,1518,0.10638181176691061
1268,244,1512,0.10636444936271902
1265,246,1511,0.1063666250064798
1261,244,1505,0.10637467508065274
1255,240,1495,0.10639127320302447
1262,238,1500,0.1064195316967404
1265,240,1505,0.10642918988726782
1269,239,1508,0.10643067589962708
1259,240,1499,0.10642297402001212
1264,245,1509,0.10643782425904608
1260,245,1505,0.1064392778499128
1268,244,1512,0.1064484201162545
1259,243,1502,0.10643981304351854
1255,244,1499,0.10645265571606043
1258,242,1500,0.10647349689382991
1260,249,1509,0.10648566938260098
1265,242,1507,0.10649283422132415
1262,236,1498,0.10648795524745756
1261,235,1496,0.10648994427624192
1244,240,1484,0.10649366597918984
1249,240,1489,0.10653555524145698
1247,234,1481,0.10656319861679676
1249,234,1483,0.10659314386705163
1244,236,1480,0.10661559945119378
1234,241,1475,0.1066478333657053
1238,245,1483,0.10670026961146614
1234,239,1473,0.1067390773762948
1237,246,1483,0.10678449612702785
1228,243,1471,0.10681822592205256
1239,239,1478,0.10686929580232661
1254,242,1496,0.10689071358277005
1253,242,1495,0.10687641145235804
1241,253,1494,0.1068672542346179
1226,261,1487,0.10688658472882268
1229,259,1488,0.10693871502094039
1225,263,1488,0.10697994661283092
1220,268,1488,0.10702612630019688
1228,269,1497,0.10707886991869967
1226,267,1493,0.10711054402750221
1220,266,1486,0.10714437665699796
1217,266,1483,0.10718889283650988
1219,274,1493,0.10723669204140819
1226,270,1496,0.1072756848031235
1229,266,1495,0.10729605195472879
1228,266,1494,0.10730926361955977
1222,266,1488,0.10732283695558045
1209,267,1476,0.10734757368542301
1209,267,1476,0.10740029708798399
1211,269,1480,0.10744940845133626
1224,273,1497,0.10748942929987926
1229,271,1500,0.10749643119708022
1220,273,1493,0.10749283826439619
1222,277,1499,0.10751079479491056
1222,273,1495,0.10752259571045622
1225,273,1498,0.10753293564478011
1212,280,1492,0.10753589421184649
1216,277,1493,0.10756778298628124
1222,275,1497,0.10758711733139101
1227,274,1501,0.10759108176432872
1231,268,1499,0.1075845008084512
1237,263,1500,0.10756900612670947
1243,259,1502,0.10754102381261471
1238,265,1503,0.10750188451374094
1249,275,1524,0.10747753441652794
1238,274,1512,0.10743121081225755
1234,270,1504,0.10741269266172987
1228,271,1499,0.10740469944144176
1233,271,1504,0.10741065106633016
1229,270,1499,0.10740493215249934
1221,276,1497,0.10740938845446422
1226,274,1500,0.10743050765445414
1218,275,1493,0.10744025054238149
1213,274,1487,0.10746732354398038
1215,263,1478,0.10750393178367074
1210,264,1474,0.10753227502827926
1216,267,1483,0.10756900335491976
1221,267,1488,0.10758940740050349
1224,272,1496,0.10759691122619679
1223,270,1493,0.10759621073729501
1212,275,1487,0.10759631246353002
1207,269,1476,0.10762203761412156
1217,275,1492,0.10765688963846762
1217,274,1491,0.10766672152641793
1214,277,1491,0.10767563971520673
1216,282,1498,0.10769114335610137
1219,281,1500,0.10770099004501858
1222,282,1504,0.10770327364784371
1217,281,1498,0.1076985023681052
1220,281,1501,0.10770638082764698
1216,284,1500,0.10770771836349916
1211,284,1495,0.10771882177482638
1207,286,1493,0.10774032516969198
1194,289,1483,0.10776899256799086
1190,292,1482,0.10782493374353957
1195,289,1484,0.1078853739235553
1196,291,1487,0.10792890921491084
1201,296,1497,0.10796711822630009
1195,295,1490,0.10799130242278897
1185,295,1480,0.10802802335355985
1166,294,1460,0.10808403224335987
1164,300,1464,0.1081799577048903
1166,300,1466,0.10827196775861644
1174,307,1481,0.1083513991726411
1176,305,1481,0.1084072965429176
1176,305,1481,0.10845430995234881
1191,311,1502,0.10849721280820716
1187,302,1489,0.10850190428494125
1202,299,1501,0.10851617833142399
1197,294,1491,0.10849618622123382
1189,298,1487,0.10848891290429372
1190,302,1492,0.1085000173477255
1190,309,1499,0.10850817778929307
1178,307,1485,0.10851457465798557
1185,307,1492,0.10854750069902608
1191,310,1501,0.10856251389244431
1177,315,1492,0.10856368505580269
1178,317,1495,0.10859733254727352
1181,317,1498,0.1086249577374562
1187,315,1502,0.10864371485681329
1181,316,1497,0.10864844947493396
1183,319,1502,0.10866614706547702
1182,320,1502,0.10867641064081375
1178,319,1497,0.10868853010490487
1176,321,1497,0.10870969815064668
1171,318,1489,0.10873335914101964
1181,318,1499,0.10876667800862809
1180,319,1499,0.10877395742724222
1183,324,1507,0.1087823338101785
1185,319,1504,0.10878368571282415
1181,315,1496,0.10878064279949864
1200,315,1515,0.10878670102950626
1189,317,1506,0.10874918199345344
1203,311,1514,0.10873902350052447
1198,307,1505,0.10869790627112368
1197,316,1513,0.10867153507382725
1189,317,1506,0.1086508218863885
1190,316,1506,0.10864993286558111
1187,325,1512,0.10864779363759781
1183,315,1498,0.10865359231412768
1191,315,1506,0.10866712682320624
1185,317,1502,0.10866180926061167
1179,318,1497,0.10867094273352454
1168,320,1488,0.10869228159387406
1161,322,1483,0.10873787082008396
1157,328,1485,0.10879564505392242
1157,327,1484,0.10885802004980377
1163,334,1497,0.10891424486479234
1178,337,1515,0.1089532045576496
1168,333,1501,0.10895656887831308
1162,335,1497,0.10898200107868723
1153,342,1495,0.10901807293002473
1145,347,1492,0.10907204080731697
1147,347,1494,0.10914141512926154
1145,349,1494,0.10920026103921274
1153,350,1503,0.10926033088473144
1142,354,1496,0.1092982797063065
1130,357,1487,0.10935837348535761
1136,356,1492,0.1094415197174737
1130,355,1485,0.10950479505443443
1127,351,1478,0.1095757169834113
1148,352,1500,0.10964858750562924
1135,360,1495,0.109669668399366
1138,367,1505,0.10971902228806595
1127,367,1494,0.10975659368761131
1116,372,1488,0.10981689895743768
1117,377,1494,0.10989713279312321
1116,371,1487,0.10996881048034357
1114,372,1486,0.11003773648665505
1125,377,1502,0.11010579848653508
1128,379,1507,0.110142873891281
1121,377,1498,0.11016961852774386
1125,380,1505,0.11021048156122784
1124,378,1502,0.11024121240074163
1136,377,1513,0.1102732597712953
1136,372,1508,0.11027517446243715
1134,377,1511,0.11027760172300541
1141,367,1508,0.1102827200327395
1138,370,1508,0.11027102298264882
1138,371,1509,0.11026701573538773
1135,372,1507,0.11026391835552193
1138,377,1515,0.11026883548574247
1132,383,1515,0.11026621681294911
1122,377,1499,0.11027662895842343
1115,380,1495,0.11031034565904474
1116,382,1498,0.11035662042200681
1123,380,1503,0.1103977809665035
1130,386,1516,0.11042010960966202
1121,384,1505,0.11042572135412282
1116,385,1501,0.11045237308467648
1113,391,1504,0.11048905152158409
1116,386,1502,0.11053121402240382
1112,385,1497,0.11056133481906379
1107,393,1500,0.11059822903718264
1107,390,1497,0.11064479161492738
1115,388,1503,0.1106882762548987
1121,387,1508,0.11071017496581892
1126,394,1520,0.11071727697435017
1115,397,1512,0.11071230364054437
1111,397,1508,0.11073419881846337
1110,396,1506,0.11076267120076057
1104,395,1499,0.11079206283736145
1099,393,1492,0.11083277110758472
1095,397,1492,0.11088352247475025
1086,396,1482,0.11093882247304641
1082,403,1485,0.11100791853847987
1080,397,1477,0.11108218985491465
1078,394,1472,0.11115310737875193
1084,392,1476,0.11122425417696372
1091,392,1483,0.11127574690902538
1092,392,1484,0.11130702269078675
1100,394,1494,0.11133087919843103
1089,398,1487,0.11133519829526695
1087,401,1488,0.11136676264387738
1087,406,1493,0.11140115740471965
1088,410,1498,0.11143389958273626
1102,406,1508,0.11146159424687027
1090,407,1497,0.11145453180887813
1072,404,1476,0.111474852750342
1074,411,1485,0.11153433028069493
1083,418,1501,0.11158449900947354
1095,417,1512,0.11161135277764213
1092,414,1506,0.11160890098157075
1097,415,1512,0.11161409652791753
1097,412,1509,0.11160798057616861
1094,416,1510,0.11160184998666224
1100,411,1511,0.11160407404555386
1108,407,1515,0.11159201286186864
1104,406,1510,0.11156186787528427
1106,410,1516,0.11154389052143088
1116,409,1525,0.11152242398543144
1101,414,1515,0.11147998717136129
1099,412,1511,0.11147519132197214
1090,409,1499,0.11147681874726104
1081,412,1493,0.11150079320691443
1081,414,1495,0.11154425908390275
1074,416,1490,0.11158380781833839
1076,418,1494,0.11163584065878077
1074,425,1499,0.11168034366025853
1081,423,1504,0.11172406831039282
1080,416,1496,0.1117469513213278
1080,408,1488,0.11177128457603647
1073,415,1488,0.1117937889056976
1081,422,1503,0.1118307318382163
1075,429,1504,0.11184479261070006
1069,430,1499,0.11187268771227178
1062,433,1495,0.11191170709368822
1071,434,1505,0.11196271612040434
1068,438,1506,0.11198847138035922
1064,439,1503,0.1120203528205502
1063,437,1500,0.11205897367791884
1069,427,1496,0.11209872295306067
1064,433,1497,0.11212022177720746
1062,434,1496,0.11215294662394587
1069,439,1508,0.11218621698945906
1057,440,1497,0.11220137848623932
1062,439,1501,0.11224212786116126
1055,441,1496,0.11226822362334547
1056,445,1501,0.11230821440269523
1050,441,1491,0.11234355432792104
1050,447,1497,0.11239034448960343
1055,443,1498,0.1124327831727312
1054,438,1492,0.11246157871506812
1050,452,1502,0.11249156184823335
1035,450,1485,0.11252793709434648
1040,460,1500,0.11259737752866808
1037,454,1491,0.11264913998324207
1032,460,1492,0.1127041847677478
1044,454,1498,0.11276729923348587
1034,463,1497,0.11279697637495012
1029,464,1493,0.11284820082655864
1035,466,1501,0.11290819441376826
1046,456,1502,0.11295021526682138
1046,462,1508,0.11296444114672947
1048,462,1510,0.11297785444562625
1045,465,1510,0.11298477044572412
1050,474,1524,0.11299852931085867
1042,471,1513,0.11299938853056248
1040,470,1510,0.11302207242456067
1044,477,1521,0.11304758560804024
1031,468,1499,0.11306174895182933
1024,474,1498,0.11310377430765534
1032,465,1497,0.11315793089076198
1032,469,1501,0.11318974886759815
1028,473,1501,0.11321860576280407
1021,472,1493,0.11325589779098205
1028,472,1500,0.11330642394524894
1022,469,1491,0.11333656019423934
1037,465,1502,0.11337651392596917
1032,466,1498,0.11337715156877114
1040,472,1512,0.11339021132519168
1038,470,1508,0.11338318939184085
1032,469,1501,0.11338126298866782
1040,459,1499,0.1133935942891011
1031,455,1486,0.11338745098431106
1030,467,1497,0.11340181749827981
1036,468,1504,0.11341768460254524
1045,472,1517,0.11341986834124124
1027,471,1498,0.11340108117642898
1020,478,1498,0.11342471370975733
1025,478,1503,0.11346387029211495
1020,481,1501,0.11348885300050107
1022,475,1497,0.11352410672678147
1016,488,1504,0.11355270933995673
1012,487,1499,0.11359272800192556
1015,496,1511,0.11364059186641551
1018,489,1507,0.11367600751305364
1019,497,1516,0.11370301681913872
1010,503,1513,0.11372540821823854
1001,507,1508,0.11376679841618936
995,502,1497,0.11382630039722567
995,504,1499,0.1138963002283165
989,510,1499,0.11396328928848341
983,508,1491,0.1140389941452849
981,505,1486,0.11412248205743403
985,509,1494,0.11420473101075146
982,518,1500,0.11427284892623664
981,524,1505,0.11434178656110892
974,512,1486,0.11440886283251356
971,522,1493,0.1144887477685351
978,529,1507,0.11456699528783137
978,525,1503,0.1146208461089495
990,523,1513,0.1146711985742067
988,529,1517,0.11469077812453418
983,520,1503,0.11471372432275732
988,528,1516,0.11474769182249835
990,524,1514,0.11476735623576262
985,520,1505,0.11477999070431999
975,520,1495,0.1148030676206661
975,524,1499,0.1148493305803153
975,519,1494,0.11489400080517384
983,524,1507,0.11493713623341399
985,527,1512,0.1149593908776751
989,530,1519,0.11497400032103144
982,529,1511,0.11497755445375767
975,530,1505,0.11499564317784597
968,525,1493,0.11502841228075551
963,530,1493,0.11507699360923919
960,532,1492,0.11513267415784217
961,530,1491,0.11519023891644097
963,531,1494,0.11524183739334061
970,529,1499,0.11528607892642828
957,525,1482,0.11531058780153919
956,536,1492,0.11536560313968801
958,527,1485,0.11541949029937255
954,529,1483,0.11546378537049565
960,536,1496,0.11551446746589661
965,540,1505,0.11554767414163045
969,546,1515,0.11556653617296309
965,547,1512,0.11557581956614343
957,544,1501,0.11559260667849969
966,536,1502,0.11562577524820865
952,533,1485,0.11563621675277432
951,541,1492,0.1156800395366113
953,541,1494,0.11572308401189126
948,539,1487,0.11575800882665913
946,545,1491,0.11580229571557579
937,545,1482,0.11584703843169905
950,549,1499,0.1159099959357044
952,548,1500,0.11593884273740455
951,554,1505,0.11596154038064478
942,556,1498,0.11598636618287546
937,553,1490,0.11603064462615867
940,559,1499,0.1160823472575537
936,550,1486,0.11612380884967127
944,554,1498,0.1161716602868347
950,550,1500,0.11619747989185182
943,563,1506,0.11620707431876941
945,572,1517,0.11623170982296059
946,560,1506,0.11624915457132054
937,561,1498,0.11626284280460726
934,561,1495,0.11629734058717581
936,562,1498,0.11633737550148084
944,556,1500,0.11636841726350929
945,551,1496,0.11638124042004504
943,551,1494,0.11638963219072151
936,556,1492,0.11640078045602704
923,560,1483,0.1164302007660439
918,567,1485,0.11648592930365989
913,581,1494,0.11654971441799124
917,578,1495,0.1166202589631655
916,583,1499,0.11667525301314942
917,582,1499,0.11673016340546961
914,585,1499,0.11677764064615531
910,596,1506,0.11682988221513785
911,596,1507,0.11688790219995511
909,595,1504,0.11694129227398486
905,585,1490,0.11699486900729796
909,593,1502,0.1170547073229472
905,600,1505,0.11710025824338714
908,588,1496,0.11714911968484394
907,589,1496,0.11718661363962447
904,587,1491,0.1172257462458508
905,588,1493,0.11726917107944879
913,591,1504,0.11730805513496108
907,595,1502,0.11732431003505683
910,593,1503,0.11735286875787626
904,594,1498,0.11737180630904064
901,593,1494,0.11740299114788137
889,585,1474,0.11743992459573399
895,587,1482,0.1175038508022344
894,594,1488,0.11754994253379775
896,588,1484,0.1175965242607774
895,594,1489,0.11763588531158956
899,597,1496,0.11767539805872833
897,602,1499,0.11770215069300484
900,604,1504,0.11773207167824935
898,604,1502,0.11775233356030981
893,609,1502,0.11777526546773068
893,603,1496,0.11780790975666232
898,594,1492,0.11783832515768665
902,603,1505,0.11785845402462136
894,601,1495,0.11786552028578853
901,599,1500,0.11789328628063732
909,603,1512,0.11790267378018449
901,602,1503,0.11789136591300486
898,607,1505,0.11790330891000846
890,607,1497,0.1179211251462636
888,609,1497,0.11795607913815288
892,610,1502,0.11799290383293862
895,615,1510,0.11801655767030969
889,618,1507,0.11803248328183996
890,614,1504,0.11806050708231897
895,608,1503,0.11808252080353104
882,607,1489,0.11809124152023295
873,611,1484,0.11813129956858362
882,623,1505,0.11818985611316378
884,622,1506,0.11822281657111067
885,627,1512,0.11824725457711725
877,632,1509,0.1182669219563764
876,637,1513,0.11830460941056702
882,640,1522,0.11834076962343168
877,630,1507,0.11835864944424167
881,623,1504,0.11838683097909072
870,625,1495,0.11840199926977721
878,616,1494,0.1184426624519081
880,616,1496,0.118461782475103
876,623,1499,0.11847417362713135
872,624,1496,0.11849588653478565
872,627,1499,0.11852476427486916
884,616,1500,0.11854967957714482
877,616,1493,0.11854416270110123
876,626,1502,0.11855574440375967
869,621,1490,0.11856986427822477
874,625,1499,0.11860001749152954
885,621,1506,0.11861515477690589
887,622,1509,0.11860217338065088
882,625,1507,0.11858731552278616
883,622,1505,0.11858569523157214
887,628,1515,0.11858122126047906
899,625,1524,0.1185670662391533
883,630,1513,0.11852614422170245
876,634,1510,0.11852600402451859
869,633,1502,0.1185432291263656
861,639,1500,0.11857482994884164
865,636,1501,0.1186240686310241
852,637,1489,0.11865924757161718
851,638,1489,0.11872133792273391
849,648,1497,0.11878100501905234
850,650,1500,0.11884191847754998
852,643,1495,0.11889500536915816
852,651,1503,0.11894041767235806
854,641,1495,0.11898172623961266
855,646,1501,0.11901660485125057
853,652,1505,0.1190460667492848
866,650,1516,0.11907781971477249
856,651,1507,0.11907473839638265
861,642,1503,0.11909748721887758
866,648,1514,0.11910704490439639
860,648,1508,0.11910429739271435
867,636,1503,0.11911728776756729
864,637,1501,0.11911482362067372
861,644,1505,0.11912065258609437
857,652,1509,0.119131934702225
854,656,1510,0.1191534806956212
864,651,1515,0.11918013938274033
861,652,1513,0.11918097888215687
863,645,1508,0.1191893464675547
862,637,1499,0.11919152573819489
862,635,1497,0.11919517580571722
859,635,1494,0.11919823001065108
853,635,1488,0.11920882943893205
858,634,1492,0.1192324034675684
867,630,1497,0.11924381612137028
867,635,1502,0.11923206389918739
873,637,1510,0.11921930967931481
878,642,1520,0.11919441114463374
870,636,1506,0.11915920913361322
869,634,1503,0.11914650324850835
869,627,1496,0.11913519546699877
873,635,1508,0.11912482478373754
866,636,1502,0.11910502383376223
867,635,1502,0.11910367448361253
861,636,1497,0.11909944549475025
862,647,1509,0.11910992913891782
856,645,1501,0.11911683131870703
854,650,1504,0.11913819601472543
856,646,1502,0.1191619325104374
856,651,1507,0.11918033896992028
859,653,1512,0.1191986632897279
853,650,1503,0.11920785657722305
852,659,1511,0.11923190396838407
845,665,1510,0.11925641494944489
838,649,1487,0.11929523741360562
841,659,1500,0.11934789080395611
842,657,1499,0.11938780868851785
846,657,1503,0.1194220749158142
858,660,1518,0.11944536711393866
854,658,1512,0.11943886839297622
858,672,1530,0.11944104802742438
850,672,1522,0.11943400964553724
841,672,1513,0.11945006661912583
842,672,1514,0.11948783482712301
841,677,1518,0.11952187288422422
841,677,1518,0.11955400250124935
844,675,1519,0.11958250082080682
836,681,1517,0.11960294977138478
830,688,1518,0.11964270809732035
828,681,1509,0.11969238775731807
815,685,1500,0.11974552386391384
816,697,1513,0.11982758076888247
825,687,1512,0.1199018755726562
819,692,1511,0.1199492702825738
807,692,1499,0.12000618766616972
811,697,1508,0.12008749514407054
812,694,1506,0.12015200658050201
814,674,1488,0.12020934269741755
808,672,1480,0.1202578803286622
815,681,1496,0.1203172189791553
814,679,1493,0.12035584613453768
816,681,1497,0.12039346140083364
811,683,1494,0.12042241598707366
802,689,1491,0.12046253160326743
805,692,1497,0.12052307837059281
804,694,1498,0.12057036822985508
804,697,1501,0.12061920135085341
806,697,1503,0.12066404834322228
816,705,1521,0.12070167389464853
803,702,1505,0.12071154787208702
813,701,1514,0.1207509046667918
810,699,1509,0.12076285018573234
806,695,1501,0.12078249027285383
810,704,1514,0.12081022300886325
809,700,1509,0.1208280043033065
799,700,1499,0.12084713479704132
804,705,1509,0.12088864592861881
805,705,1510,0.12091528873215023
798,701,1499,0.12093780826159657
798,705,1503,0.1209777460124604
792,699,1491,0.12101348624355303
793,698,1491,0.12105966995952251
793,702,1495,0.12109956179737584
790,698,1488,0.1211365475216889
802,698,1500,0.12117552017240524
802,704,1506,0.12118270388968595
805,709,1514,0.12119123521718357
803,697,1500,0.12118959858666203
804,699,1503,0.1211945922268939
798,711,1509,0.12119685937089276
803,708,1511,0.12121487876677865
800,699,1499,0.12122010671157474
797,702,1499,0.12123169478193657
802,705,1507,0.12124863775783452
802,699,1501,0.12125231155453503
793,692,1485,0.1212556001703155
791,692,1483,0.12127884931687002
795,704,1499,0.12130417131142755
795,703,1498,0.1213195799463107
798,707,1505,0.12133537237432121
800,714,1514,0.12134432674185244
776,722,1498,0.1213492664412617
769,717,1486,0.12141337080845421
772,721,1493,0.12148809043472904
769,719,1488,0.1215513442943194
756,721,1477,0.1216154627671547
762,733,1495,0.12170816734975375
780,728,1508,0.12178057326723124
779,719,1498,0.12180268922060328
773,713,1486,0.12182526876954475
782,716,1498,0.12186176859649836
780,722,1502,0.12187180853022016
794,716,1510,0.12188646986964763
782,714,1496,0.12186888707043803
780,714,1494,0.12188432823886629
782,730,1512,0.12190335931367507
774,728,1502,0.12191484341576381
768,732,1500,0.12194653355601379
758,729,1487,0.12199043433464236
756,731,1487,0.12205634753316766
757,729,1486,0.12212441143687477
774,721,1495,0.12218407615548266
775,731,1506,0.12219839714217684
778,729,1507,0.12221051929503361
780,743,1523,0.122214728610417
777,746,1523,0.12221410455818402
778,753,1531,0.1222194269687436
770,743,1513,0.1222209898365697
767,744,1511,0.12224220499463133
767,740,1507,0.1222708391271231
759,744,1503,0.12229809127346274
756,747,1503,0.12234360216294043
751,751,1502,0.12239389910874034
757,744,1501,0.1224517983621789
748,748,1496,0.12249160756788222
749,742,1491,0.12254942253114383
740,751,1491,0.12260112225007606
743,760,1503,0.12267340320914105
742,749,1491,0.12273393465916303
746,754,1500,0.12279224306170919
745,746,1491,0.12283589569893262
749,740,1489,0.12288035710346495
749,747,1496,0.12291510521835726
751,746,1497,0.12294677972397974
753,755,1508,0.12297257734024328
746,756,1502,0.1229922451497147
743,760,1503,0.12302826728077797
745,756,1501,0.12306985474499185
745,758,1503,0.12310345323310026
745,750,1495,0.1231339385559997
739,744,1483,0.12316138768796484
741,749,1490,0.12320279421397698
743,757,1500,0.1232359045191089
742,769,1511,0.12326394524652969
741,762,1503,0.12329331012665878
731,771,1502,0.12332262511972028
736,774,1510,0.1233751602320152
735,760,1495,0.12341161320043982
734,758,1492,0.1234476245565909
738,770,1508,0.12348413731643765
747,770,1517,0.12350889439887086
741,771,1512,0.12351040011043377
738,766,1504,0.12352599278824603
733,767,1500,0.1235498692379779
733,775,1508,0.12358330808334765
735,781,1516,0.12361236092771588
735,774,1509,0.12363330174892763
737,784,1521,0.12365327354291016
740,768,1508,0.1236684500437679
749,773,1522,0.12367509597699898
750,767,1517,0.12365938212885438
745,768,1513,0.12364172035631729
746,765,1511,0.1236363245542071
731,761,1492,0.12362720004428591
727,773,1500,0.12365523946779743
750,759,1509,0.1236903130744075
738,766,1504,0.12366745375488185
742,774,1516,0.12367546172899814
740,776,1516,0.12367309479196283
744,777,1521,0.12367600821725454
735,775,1510,0.1236682494763479
730,787,1517,0.12368163068929626
730,777,1507,0.12370826624434791
741,772,1513,0.12373222547783587
737,776,1513,0.12372988962659842
742,774,1516,0.12373746717822769
739,773,1512,0.12373206345013374
737,759,1496,0.12373436990370838
734,756,1490,0.12374207107630779
733,767,1500,0.12375639995585275
731,772,1503,0.12377096909834746
739,765,1504,0.12378925526254018
736,769,1505,0.12378656421841472
738,762,1500,0.12379029401923057
743,777,1520,0.12379005654256599
737,768,1505,0.12378028929594631
728,771,1499,0.12378628406656135
723,770,1493,0.12381379948115229
733,780,1513,0.12385298860874315
737,778,1515,0.12386239787440596
742,783,1525,0.12385970984480046
741,782,1523,0.12384650986184738
730,781,1511,0.12383692523746745
735,781,1516,0.12385375613484281
724,781,1505,0.12385982323560299
721,786,1507,0.12389060047753193
724,784,1508,0.12392849614702371
718,786,1504,0.12395579285502926
709,793,1502,0.12399650459771433
703,788,1491,0.12405875293451363
701,788,1489,0.12413192732318816
695,795,1490,0.12420356990197845
697,793,1490,0.12428284840283865
701,802,1503,0.12434963586248465
693,794,1487,0.12440159789451405
702,798,1500,0.12446994231302945
708,806,1514,0.12451162794620525
714,803,1517,0.12453869462893603
719,805,1524,0.12455114678778323
721,814,1535,0.12455139884416504
721,804,1525,0.12454775812972851
716,800,1516,0.12454463856549536
707,802,1509,0.12455554839848926
701,794,1495,0.12458749605851996
709,792,1501,0.12463201357184273
699,797,1496,0.12465453233617291
701,806,1507,0.12469918376846964
692,809,1501,0.12473518861485712
698,814,1512,0.12479137510964115
688,811,1499,0.1248287810887982
683,806,1489,0.12488958325381351
684,814,1498,0.12495928041328536
682,821,1503,0.12502075477987262
688,828,1516,0.12508339958680734
695,824,1519,0.1251245620184645
687,807,1494,0.12514666393778692
685,810,1495,0.12518862140828454
690,811,1501,0.1252332905701637
689,816,1505,0.1252611956463683
682,816,1498,0.12528952156396742
684,827,1511,0.12533308537411203
685,824,1509,0.12536921329118025
684,831,1515,0.12540027650042038
675,829,1504,0.12543163366485288
680,830,1510,0.12548319318614312
676,839,1515,0.1255185435372687
680,829,1509,0.12556212880785694
677,826,1503,0.1255929966232444
684,831,1515,0.12562954587691696
674,831,1505,0.12564717281895185
679,827,1506,0.125686419850215
677,829,1506,0.12571097774076315
676,818,1494,0.12573793495324048
675,820,1495,0.12576490470140217
671,839,1510,0.12579366729440064
673,833,1506,0.12582985248760592
671,835,1506,0.1258595757872222
661,833,1494,0.12589126031312467
672,828,1500,0.1259435760369073
676,839,1515,0.12596560830015996
671,830,1501,0.12597618651537487
669,832,1501,0.1259983669655171
667,822,1489,0.1260245209672901
670,826,1496,0.12605412458356516
672,836,1508,0.1260751571578796
667,832,1499,0.12609000065144568
665,830,1495,0.12611675842041423
669,827,1496,0.12614671201257394
662,847,1509,0.1261647255467905
671,843,1514,0.12619803235997762
664,856,1520,0.1262069518623804
656,857,1513,0.1262330441074437
654,847,1501,0.12627750091638507
643,846,1489,0.12632196650574518
639,846,1485,0.12639065528065785
640,849,1489,0.1264661140325444
644,855,1499,0.1265350470531926
656,854,1510,0.12658923338038178
657,851,1508,0.1266105020739597
659,852,1511,0.12662844922305141
651,851,1502,0.12664057287195896
647,855,1502,0.12667204456852393
650,857,1507,0.12671391056753128
651,865,1516,0.12674536712470996
643,865,1508,0.12677355408475763
653,866,1519,0.12681903632079528
647,864,1511,0.1268364540537147
654,866,1520,0.12686954286243057
659,862,1521,0.12688165820217942
661,865,1526,0.1268814112065723
667,863,1530,0.1268766855164065
653,851,1504,0.12685643969452529
656,857,1513,0.12687323317053115
658,854,1512,0.1268803578898604
654,856,1510,0.1268820675066978
658,851,1509,0.12689313201089544
662,852,1514,0.1268940395282603
660,855,1515,0.12688787360089265
648,845,1493,0.12688814852817704
645,845,1490,0.1269170144875246
645,857,1502,0.12695023439418002
647,864,1511,0.12698119269991603
636,866,1502,0.12700564146154464
633,854,1487,0.12705693865361353
631,858,1489,0.12711226964792324
628,864,1492,0.12716890125693955
626,858,1484,0.12722757327823525
634,871,1505,0.1272876493293339
634,870,1504,0.12732248120965678
635,864,1499,0.12735392322596528
634,863,1497,0.12738181972616086
642,862,1504,0.12741000787879567
635,861,1496,0.1274152586384303
634,869,1503,0.1274364690831564
636,864,1500,0.12745973039196673
630,865,1495,0.12747763420386107
645,859,1504,0.12750802204956974
653,859,1512,0.12750157580427046
654,862,1516,0.1274770523031542
648,858,1506,0.1274523637810806
649,863,1512,0.12744404006546245
651,872,1523,0.12743369416378753
653,869,1522,0.12741938852359774
642,872,1514,0.12740096220734265
642,869,1511,0.12741205268319888
645,856,1501,0.127419783069801
649,867,1516,0.12742021588550542
652,870,1522,0.12741265558142767
652,872,1524,0.12739844855651972
641,870,1511,0.12738364248727907
638,869,1507,0.12739462372881738
634,877,1511,0.1274124043313952
634,887,1521,0.12743762516489027
630,874,1504,0.12746233327840095
628,870,1498,0.1274962118452081
627,868,1495,0.12753234125920015
619,878,1497,0.12756946623023452
623,875,1498,0.12762250264252542
620,879,1499,0.1276617510227779
613,887,1500,0.12770448482030322
618,896,1514,0.12776155753097826
620,899,1519,0.1278045982523459
622,898,1520,0.12784005272092472
614,893,1507,0.127868382709087
610,890,1500,0.12791491942801897
609,881,1490,0.12796759319165565
607,898,1505,0.1280183209212647
607,894,1501,0.128070349922354
609,902,1511,0.1281169384178481
602,889,1491,0.12815577283286367
599,892,1491,0.1282084849231649
600,893,1493,0.12826653477254332
600,907,1507,0.12831864718059674
605,918,1523,0.12836560389228013
601,918,1519,0.12839947649019293
601,917,1518,0.12843992597210574
603,909,1512,0.12847709317646314
599,914,1513,0.12850793091625828
595,921,1516,0.12854667121499933
592,921,1513,0.1285923078043419
588,926,1514,0.12864237543339346
588,935,1523,0.1286994578103678
592,933,1525,0.1287545220752301
586,942,1528,0.1287960519952218
582,938,1520,0.12884792982645832
575,938,1513,0.12890636996831334
572,941,1513,0.12897990787608637
565,937,1502,0.12905642618314678
568,941,1509,0.12914478995118628
565,941,1506,0.1292199572079912
568,940,1508,0.12929549993683384
562,949,1511,0.12935806629026747
562,940,1502,0.12943112204695276
557,950,1507,0.12949843868527197
572,950,1522,0.12957318543866336
572,950,1522,0.12960445568685258
564,948,1512,0.1296341341142057
568,949,1517,0.12968035147518497
565,943,1508,0.12971520964480815
574,946,1520,0.12975605059433895
561,944,1505,0.12977254089873885
566,961,1527,0.12982179944747677
562,954,1516,0.12985566915161173
553,958,1511,0.12989704407553782
545,960,1505,0.12995826625969475
544,964,1508,0.13003630021553156
549,958,1507,0.13011121750163318
548,955,1503,0.13016897709073974
546,953,1499,0.1302248507858776
548,959,1507,0.13027958917765553
549,955,1504,0.130324682643312
549,962,1511,0.13036559026419306
555,962,1517,0.13040440629657193
553,961,1514,0.13042547772918203
562,949,1511,0.1304507908333833
557,961,1518,0.13045193422180337
549,959,1508,0.13046598396112127
543,955,1498,0.13049891927211416
545,957,1502,0.13054480268076138
532,959,1491,0.13058100450398855
532,958,1490,0.13064849874365309
529,965,1494,0.13071096360517306
525,964,1489,0.13077754218229543
535,971,1506,0.1308480030586853
533,979,1512,0.13089018074548198
535,973,1508,0.13093420877193288
538,972,1510,0.13096869798262456
536,968,1504,0.13099360902582283
541,959,1500,0.13102264270842107
540,965,1505,0.13103723146105375
545,972,1517,0.13105355305116032
537,977,1514,0.13105622370030304
545,969,1514,0.1310793689316697
534,967,1501,0.13108193700589424
532,980,1512,0.13111051923448436
526,981,1507,0.13114151493287607
517,989,1506,0.13118677790787092
510,994,1504,0.13125182463671542
508,1006,1514,0.13133185884289095
503,995,1498,0.13141104284995528
501,1007,1508,0.1314987373521513
503,997,1500,0.13158676047972645
503,1000,1503,0.1316630402562956
508,999,1507,0.13173149341392398
507,1009,1516,0.13178214809059827
501,995,1496,0.1318325626272957
509,1010,1519,0.13189570692141217
508,1015,1523,0.1319351699493889
510,1013,1523,0.1319758041621428
498,1016,1514,0.13200852602359145
504,1018,1522,0.13206878455967216
500,1021,1521,0.1321101431034948
498,1021,1519,0.13215811211929032
497,1011,1508,0.13220719246630558
497,1009,1506,0.13225569303860557
496,1007,1503,0.1323008219538694
490,1009,1499,0.13234465843768897
486,1001,1487,0.1324014443269559
484,1006,1490,0.13246438126562593
484,1017,1501,0.13252799429294293
484,1017,1501,0.1325877162412361
485,1018,1503,0.13264301427334194
486,1015,1501,0.13269354037277703
485,1023,1508,0.13273732987508058
485,1028,1513,0.13278104784397485
488,1028,1516,0.13282169311482175
485,1031,1516,0.1328527992599738
481,1030,1511,0.13289004604026305
485,1034,1519,0.13293455938989873
482,1028,1510,0.13296633382267178
485,1028,1513,0.13300389401642482
480,1032,1512,0.1330327891682602
479,1035,1514,0.13307291072612543
468,1040,1508,0.1331116017023766
464,1038,1502,0.13317475711433086
469,1038,1507,0.13324355191235857
472,1045,1517,0.13329544615086092
468,1050,1518,0.13333639116917728
464,1046,1510,0.13338411198275785
456,1039,1495,0.1334371499216258
457,1042,1499,0.1335073526733403
454,1053,1507,0.13356859250330685
457,1047,1504,0.1336352791135749
459,1062,1521,0.133689212107187
455,1048,1503,0.13373541990196397
449,1047,1496,0.13378962392198074
452,1052,1504,0.13385352167516762
448,1049,1497,0.13390678188895122
447,1058,1505,0.13396737654425583
450,1064,1514,0.13402759562430913
441,1070,1511,0.13407541895956082
444,1067,1511,0.13414420385951856
440,1059,1499,0.13420006211268828
438,1048,1486,0.13426160078696756
449,1055,1504,0.1343208797440356
449,1070,1519,0.13434771107922885
451,1066,1517,0.13437295141945862
445,1064,1509,0.134392351052945
451,1060,1511,0.1344257905634519
449,1059,1508,0.13444160995916302
440,1064,1504,0.13446040639938184
438,1060,1498,0.13450044636773825
442,1063,1505,0.13454428686851302
442,1070,1512,0.1345742678595349
436,1069,1505,0.1346026434167796
433,1065,1498,0.1346448216160537
435,1063,1498,0.13469336772512647
433,1057,1490,0.13473310576977618
435,1066,1501,0.1347772547091907
436,1058,1494,0.13481339627148156
438,1061,1499,0.13484503782230678
433,1059,1492,0.13486879669602309
435,1055,1490,0.13490382967814615
438,1056,1494,0.13493077108621462
439,1059,1498,0.13494945464006572
438,1064,1502,0.13496438285584514
437,1065,1502,0.13498274566890056
442,1050,1492,0.13500212174330614
438,1060,1498,0.13500750207308568
444,1071,1515,0.13502247080292842
452,1065,1517,0.1350218855583803
440,1053,1493,0.13500243458458402
438,1065,1503,0.13501529095120435
439,1061,1500,0.1350324039001057
430,1076,1506,0.13504638714296882
437,1076,1513,0.13508247803837764
440,1083,1523,0.13509895942502056
437,1089,1526,0.1351062622890967
431,1088,1519,0.13512098677329568
433,1086,1519,0.1351501778718871
430,1095,1525,0.13517196732149794
432,1092,1524,0.13520139869919257
426,1097,1523,0.13522390357204173
429,1081,1510,0.13525940585411209
431,1079,1510,0.13528595162454957
428,1093,1521,0.1353040141489043
428,1090,1518,0.1353279138537079
426,1089,1515,0.135352397312903
424,1077,1501,0.13537945317832534
426,1074,1500,0.13541173844171128
426,1081,1507,0.13543489911774823
417,1081,1498,0.13545485568520144
424,1077,1501,0.13549521553987431
426,1068,1494,0.13551533672585736
427,1063,1490,0.13552917378730914
427,1069,1496,0.13554031198363167
431,1080,1511,0.1355512097749353
429,1086,1515,0.13555139870275817
431,1095,1526,0.13555602221847754
430,1095,1525,0.13555506847071197
435,1078,1513,0.13555777098084495
432,1075,1507,0.13554739545788771
432,1075,1507,0.13554551463555822
428,1083,1511,0.13554466532804757
434,1086,1520,0.1355556149962543
435,1081,1516,0.13555108136028518
433,1082,1515,0.13554374530965652
429,1085,1514,0.13554316776424533
422,1096,1518,0.13555143386731625
425,1105,1530,0.13557603021060033
416,1103,1519,0.1355912227181575
408,1108,1516,0.13562926020332494
417,1107,1524,0.135685553844176
416,1101,1517,0.1357135393048054
416,1101,1517,0.13574051542394563
415,1097,1512,0.13576642630295388
418,1099,1517,0.13579400593078617
421,1088,1509,0.1358113163675654
416,1085,1501,0.13581968698296498
418,1095,1513,0.13584003727513513
414,1095,1509,0.13585228410247166
417,1082,1499,0.13587503258670944
422,1083,1505,0.1358894701080908
422,1090,1512,0.13588892285070767
423,1080,1503,0.13588979396500406
431,1079,1510,0.13588995201814594
430,1082,1512,0.13586880308284907
430,1084,1514,0.13585298163615867
434,1088,1522,0.13583969271853966
426,1086,1512,0.13581729433854725
424,1089,1513,0.13581651620149407
422,1096,1518,0.13582245580094077
420,1087,1507,0.1358327285142727
421,1085,1506,0.13584697373113377
420,1086,1506,0.13585685309702494
418,1090,1508,0.13586920423288656
416,1090,1506,0.13588609301167456
416,1086,1502,0.13590754879657457
416,1082,1498,0.1359269144178714
417,1082,1499,0.13594518832891578
417,1102,1519,0.13595934468454865
405,1096,1501,0.13597542881161784
403,1095,1498,0.13602176770149949
407,1099,1506,0.1360692977596149
407,1104,1511,0.13610394403265227
407,1090,1497,0.13613489705405343
403,1099,1502,0.13616556587483875
402,1103,1505,0.13620656818221405
399,1104,1503,0.13624581598953983
402,1103,1505,0.1362889852140893
400,1100,1500,0.13631915195778985
404,1108,1512,0.13635200850496138
402,1100,1502,0.1363724366930973
402,1105,1507,0.13639707871447493
400,1103,1503,0.13642041728808052
400,1103,1503,0.13644911523996783
401,1112,1513,0.13647679634986165
396,1113,1509,0.13650188627311705
405,1120,1525,0.13653761857497965
400,1113,1513,0.13654666227662474
395,1112,1507,0.13656743204158933
397,1109,1506,0.136598786713423
393,1118,1511,0.13662383979947862
390,1124,1514,0.13665899475215265
397,1108,1505,0.13669905368657337
395,1110,1505,0.1367198412419241
386,1115,1501,0.1367447784420168
383,1119,1502,0.13679146633289607
387,1118,1505,0.13684228854348088
385,1117,1502,0.1368789748348332
383,1122,1505,0.1369187718190464
384,1129,1513,0.13696254433602711
379,1122,1501,0.1370011567920824
382,1124,1506,0.13704996777992293
385,1119,1504,0.13708785029019147
378,1115,1493,0.13711530747841355
382,1127,1509,0.13715959195498717
375,1135,1510,0.13719020156142345
371,1146,1517,0.13723681236504284
375,1141,1516,0.13729185698815838
375,1138,1513,0.13733318077316561
377,1134,1511,0.13737109131177133
387,1139,1526,0.1374024711774137
389,1149,1538,0.13740659295524185
390,1146,1536,0.1374066755800423
385,1144,1529,0.13740470104761843
384,1139,1523,0.1374160358132397
382,1136,1518,0.13742870951013156
380,1127,1507,0.13744550903442707
384,1132,1516,0.13746532668461142
384,1128,1512,0.13747295393793044
382,1134,1516,0.13748020687026627
384,1125,1509,0.13749400376528292
380,1130,1510,0.13750198935917934
378,1132,1510,0.13752029307841465
377,1137,1514,0.1375415139560186
375,1132,1507,0.13756297315209634
377,1136,1513,0.13758643705667456
384,1142,1526,0.1376033872634995
383,1139,1522,0.13760114990152392
382,1135,1517,0.13760233242918726
375,1125,1500,0.13760583347196506
374,1139,1513,0.1376274611944783
372,1147,1519,0.137649594778721
373,1140,1513,0.1376766495574385
360,1135,1495,0.13769925433647398
364,1137,1501,0.13775389917583888
367,1148,1515,0.1377936445782486
368,1137,1505,0.13782302056546375
372,1142,1514,0.13784707735401358
371,1145,1516,0.1378586318157057
371,1144,1515,0.1378723034133401
369,1144,1513,0.13788347164185763
370,1141,1511,0.1378985651299095
370,1149,1519,0.13790938811676043
371,1149,1520,0.13791807792651664
368,1152,1520,0.13792348103807284
370,1148,1518,0.13793680889583157
362,1136,1498,0.137944167046262
363,1146,1509,0.1379729342313002
369,1146,1515,0.137996702098325
356,1147,1503,0.1380029262938926
355,1149,1504,0.1380425964918153
351,1156,1507,0.13808141131040286
353,1157,1510,0.13812542112672
355,1155,1510,0.13816145657173123
358,1157,1515,0.1381899235795063
356,1166,1522,0.13821037439398254
350,1160,1510,0.1382354120992459
356,1165,1521,0.13827471073961925
356,1160,1516,0.1382956956028084
355,1162,1517,0.13831584046520853
346,1170,1516,0.13833808181694493
343,1166,1509,0.13837960029176824
345,1174,1519,0.1384259804679653
345,1165,1510,0.1384648052287572
349,1169,1518,0.13850217630226552
347,1166,1513,0.13852775430206335
346,1166,1512,0.1385555689269767
343,1163,1506,0.13858474073863036
342,1172,1514,0.13861889529636054
346,1182,1528,0.13865384385191987
342,1177,1519,0.13867589788651347
340,1187,1527,0.13870802228412557
335,1179,1514,0.1387422883894702
328,1170,1498,0.1387860661039352
327,1186,1513,0.138845087429858
332,1188,1520,0.13890170169835897
328,1181,1509,0.13894251294941504
326,1186,1512,0.1389913087965535
328,1182,1510,0.1390426133297228
321,1190,1511,0.13908486519937785
325,1186,1511,0.13914295109601313
330,1188,1518,0.1391879892104711
323,1179,1502,0.1392172818486988
321,1182,1503,0.13926293020603123
322,1189,1511,0.1393109284799345
322,1180,1502,0.13935243575708434
322,1179,1501,0.13939149997208589
317,1175,1492,0.13942688261533187
317,1181,1498,0.13947307623869049
315,1192,1507,0.13951450571858437
317,1196,1513,0.1395595862315218
320,1197,1517,0.13959751727110303
316,1198,1514,0.1396251458983147
315,1199,1514,0.1396609833678132
316,1197,1513,0.1396973720710529
319,1199,1518,0.13972762171287975
317,1201,1518,0.1397479057785845
322,1197,1519,0.13977226602409598
317,1192,1509,0.1397802403718492
316,1193,1509,0.13980187616869708
319,1189,1508,0.1398256631946734
319,1194,1513,0.13984079454570764
323,1185,1508,0.13985599427194312
322,1181,1503,0.13986049089703897
320,1182,1502,0.13986754530637963
323,1202,1525,0.13987940915805472
323,1199,1522,0.13988181921987686
319,1200,1519,0.1398843327257274
331,1189,1520,0.13989709841685868
329,1189,1518,0.1398797410898137
326,1197,1523,0.13986959491078835
320,1209,1529,0.13986939107241067
317,1203,1520,0.13988496599393677
315,1206,1521,0.13990624332812182
318,1203,1521,0.13993126979010748
314,1196,1510,0.13994592798462813
314,1200,1514,0.1399705727184349
316,1203,1519,0.13999286458053667
314,1195,1509,0.14000805067002348
315,1196,1511,0.14002868800010615
315,1202,1517,0.14004663990660635
314,1197,1511,0.14006328511155394
314,1208,1522,0.14008060158290073
307,1200,1507,0.14009621794723506
310,1201,1511,0.1401281294857386
313,1208,1521,0.1401496323929716
313,1199,1512,0.1401608960481674
311,1190,1501,0.14017093068411413
311,1199,1510,0.14018645119148854
308,1196,1504,0.14020214267184908
319,1202,1521,0.1402247565360631
319,1201,1520,0.14021642383377939
319,1195,1514,0.14020837875738124
317,1198,1515,0.14020103440086853
310,1196,1506,0.14019842067609783
315,1205,1520,0.1402143835497588
316,1215,1531,0.1402150730546885
317,1205,1522,0.14021407612202672
314,1212,1526,0.1402136264869005
316,1204,1520,0.14022221264122078
314,1204,1518,0.14022477392214516
306,1196,1502,0.1402323209064418
310,1204,1514,0.14026148953053272
307,1214,1521,0.140276823385883
306,1211,1517,0.1402982848698421
305,1220,1525,0.1403221460585268
311,1210,1521,0.1403487909165556
305,1219,1524,0.1403573701108197
303,1216,1519,0.14038128704874317
302,1224,1526,0.14040787114851733
301,1224,1525,0.14043458621429433
292,1228,1520,0.14046294896917833
297,1237,1534,0.14051309736296727
294,1231,1525,0.140547873213695
293,1229,1522,0.14058858033007776
290,1234,1524,0.140630039429224
287,1233,1520,0.14067551858631636
291,1224,1515,0.1407260059015774
293,1225,1518,0.14076234980454905
293,1220,1513,0.1407913158692005
293,1218,1511,0.1408179046208418
292,1198,1490,0.14084180079991995
288,1212,1500,0.14086756000836723
292,1212,1504,0.1409024274925381
302,1217,1519,0.14092422341505298
300,1223,1523,0.14091997370667345
298,1222,1520,0.14092193843195328
299,1225,1524,0.14092855664595855
292,1229,1521,0.14093278166380876
290,1237,1527,0.14095596573968713
292,1231,1523,0.14098251879490892
292,1226,1518,0.14100239674256174
291,1221,1512,0.14102180503229444
291,1212,1503,0.14104206208587114
290,1210,1500,0.14105943473447197
288,1233,1521,0.1410780888744929
284,1236,1520,0.1411007507776844
280,1221,1501,0.14113092750961112
290,1217,1507,0.1411701965067483
294,1223,1517,0.14118052607778483
289,1224,1513,0.14118009237799453
280,1227,1507,0.14119180124049793
281,1218,1499,0.14122793981412488
280,1219,1499,0.1412599292654387
282,1223,1505,0.14129157658371871
282,1229,1511,0.14131457862704203
281,1225,1506,0.14133651729461527
283,1240,1523,0.1413596753263913
284,1229,1513,0.141375394294167
285,1237,1522,0.1413863240442775
286,1237,1523,0.14139275707069765
285,1231,1516,0.1413969535008609
285,1225,1510,0.1414025218838183
284,1231,1515,0.14140829641245037
287,1229,1516,0.141416045364904
288,1219,1507,0.1414160117463021
288,1226,1514,0.1414124053133294
291,1238,1529,0.14140987253705717
288,1237,1525,0.14139812802798563
289,1231,1520,0.14139450656237906
285,1228,1513,0.1413865462466231
282,1222,1504,0.1413915002516244
281,1214,1495,0.1414034999654751
281,1202,1483,0.14141747628846743
280,1199,1479,0.14143009398274886
279,1207,1486,0.14144484896242332
281,1212,1493,0.14146224692224477
283,1206,1489,0.14147342037979344
286,1205,1491,0.14147851104908654
281,1217,1498,0.1414749288255351
282,1229,1511,0.14148428112031936
285,1222,1507,0.14148961325343515
285,1226,1511,0.14148445048437344
280,1226,1506,0.14148034999878667
284,1225,1509,0.14148925308355995
281,1223,1504,0.14148830627037615
279,1233,1512,0.14149618958667035
280,1220,1500,0.14150831653099705
275,1214,1489,0.14151758683025822
276,1232,1508,0.14154066892305867
279,1239,1518,0.14155989685547243
284,1243,1527,0.1415703081217271
279,1246,1525,0.14156726370696762
280,1244,1524,0.14157806893360958
279,1243,1522,0.14158449223905326
282,1247,1529,0.1415940170718258
278,1250,1528,0.1415952735795239
275,1238,1513,0.14160779686873862
277,1239,1516,0.14162621786727267
268,1247,1515,0.14164035011510248
268,1241,1509,0.14167859573252706
267,1237,1504,0.14171318291388585
263,1236,1499,0.14174742605252333
268,1238,1506,0.14178773566519204
270,1233,1503,0.14181320974389647
269,1240,1509,0.14183171807932132
269,1248,1517,0.1418520733342359
272,1243,1515,0.14187139648241104
274,1252,1526,0.14188089682662927
272,1256,1528,0.1418835602005991
270,1244,1514,0.1418928190250406
266,1260,1526,0.14190785020662944
269,1262,1531,0.14193279095609077
262,1256,1518,0.14194949049226072
259,1259,1518,0.14198412743523217
263,1262,1525,0.1420248175199458
265,1258,1523,0.14205218025058586
261,1262,1523,0.14207105702067666
258,1264,1522,0.1420998647882841
260,1257,1517,0.1421349335909492
261,1258,1519,0.14216306374572896
259,1247,1506,0.14218751747435485
259,1256,1515,0.14221460430022057
260,1257,1517,0.14223905915003512
263,1257,1520,0.14225868480636694
264,1259,1523,0.14226900691114344
268,1251,1519,0.14227512576941193
266,1260,1526,0.14227105081193117
268,1247,1515,0.14227178977183957
262,1257,1519,0.14226660424296955
265,1255,1520,0.1422759205184871
263,1255,1518,0.1422777928641874
263,1251,1514,0.14228400747076222
265,1246,1511,0.14229029770617918
268,1252,1520,0.14229082376407753
265,1246,1511,0.14228152203874456
268,1257,1525,0.14227948937089224
275,1257,1532,0.14226874932041134
273,1256,1529,0.1422414944428291
273,1249,1522,0.14222249549695534
273,1267,1540,0.14220543924511353
275,1259,1534,0.14218958654578234
278,1258,1536,0.14217075937243978
278,1246,1524,0.14214567442530976
275,1255,1530,0.14212358223098515
271,1261,1532,0.14211162100063043
267,1261,1528,0.14211073092999288
265,1254,1519,0.14212023232016718
273,1259,1532,0.14213384818233457
269,1241,1510,0.1421257053082824
264,1241,1505,0.14212850157402382
257,1238,1495,0.14214418562203984
265,1240,1505,0.1421764485486528
265,1238,1503,0.1421853480466205
265,1231,1496,0.14219451716652046
258,1233,1491,0.14220384067943354
257,1238,1495,0.1422299909377188
260,1252,1512,0.14225690101765398
257,1255,1512,0.1422752689428008
255,1248,1503,0.1422984056433335
251,1246,1497,0.14232601527357402
259,1248,1507,0.1423621959145712
262,1256,1518,0.1423748987849313
262,1246,1508,0.14237863150527819
259,1244,1503,0.14238106811417148
256,1237,1493,0.14239137383276618
257,1246,1503,0.14240978692930892
261,1260,1521,0.14242492092302872
260,1260,1520,0.1424293246186457
261,1263,1524,0.14243617721967813
259,1257,1516,0.1424398050743956
259,1275,1534,0.142450418062156
259,1255,1514,0.1424605497485581
256,1258,1514,0.14247075963113967
256,1264,1520,0.14248887633227322
254,1263,1517,0.1425058384658795
254,1271,1525,0.1425270802946448
248,1268,1516,0.1425468498313747
250,1276,1526,0.1425817702364178
253,1285,1538,0.142609560242479
251,1276,1527,0.14262566886399636
250,1265,1515,0.14264685904486657
244,1283,1527,0.14266920420511034
242,1271,1513,0.14270536467819656
246,1269,1515,0.14274406377730128
246,1274,1520,0.14277029120909465
243,1264,1507,0.14279685067657563
241,1265,1506,0.14283015501910012
238,1268,1506,0.1428673359063363
235,1274,1509,0.1429104604347926
234,1269,1503,0.14295782436310195
234,1276,1510,0.14300576274699003
228,1281,1509,0.14304960292205357
225,1293,1518,0.14310627293334277
223,1296,1519,0.14316772737419067
219,1286,1505,0.14323128158865986
215,1294,1509,0.14330140800268906
219,1289,1508,0.14337736401586132
218,1300,1518,0.14343734006312953
218,1287,1505,0.1434968734365254
217,1281,1498,0.14355431325696918
221,1278,1499,0.14361051872552044
222,1274,1496,0.1436532017558415
220,1278,1498,0.14369025717643757
219,1282,1501,0.1437311070245593
215,1287,1502,0.1437729754952889
212,1283,1495,0.1438225777421778
213,1295,1508,0.14387724361113424
213,1296,1509,0.14392592324415818
212,1304,1516,0.14397110336454083
210,1305,1515,0.1440160341959223
212,1290,1502,0.14406392885471675
212,1292,1504,0.14410332515819987
215,1293,1508,0.14414008960092745
221,1293,1514,0.14416636971120667
215,1310,1525,0.14417586391230416
217,1301,1518,0.14420107415017294
220,1300,1520,0.1442192186322815
217,1286,1503,0.14422859011954567
213,1286,1499,0.14424515665610826
212,1285,1497,0.1442717850335464
210,1288,1498,0.14429967567328267
211,1307,1518,0.14433002712633763
211,1307,1518,0.14435591283040416
207,1306,1513,0.14437934287600485
206,1299,1505,0.1444129256774496
206,1313,1519,0.14444620884029483
202,1313,1515,0.1444769967213481
204,1316,1520,0.14451678325049175
198,1316,1514,0.14454925372042116
199,1308,1507,0.14459524605448987
201,1307,1508,0.14463553213575567
202,1295,1497,0.14466747421080356
203,1305,1508,0.14469466409917311
202,1310,1512,0.1447170376401901
200,1318,1518,0.14474025958510275
199,1318,1517,0.14476703198627403
198,1314,1512,0.14479716860484518
195,1317,1512,0.144827916311293
197,1327,1524,0.14486448773099428
198,1325,1523,0.14489450731425316
194,1326,1520,0.14492079450542747
192,1318,1510,0.14495651961810022
194,1319,1513,0.1449954073913169
190,1314,1504,0.1450271393463553
192,1319,1511,0.1450671628338897
186,1332,1518,0.14509807910185754
184,1330,1514,0.14514321910313746
183,1314,1497,0.14518991585709787
182,1332,1514,0.14523610778445029
186,1337,1523,0.14528158364537752
185,1322,1507,0.14531300312141165
183,1317,1500,0.14534527504907657
181,1321,1502,0.14537998519532816
181,1330,1511,0.14541781549843288
181,1337,1518,0.1454532353306887
178,1340,1518,0.14548669792249314
179,1333,1512,0.14552619967956715
182,1337,1519,0.14556025083545562
186,1334,1520,0.1455841225352699
184,1330,1514,0.14559611871487033
185,1338,1523,0.1456127616449929
178,1342,1520,0.14562637245479168
180,1351,1531,0.1456579620555181
183,1345,1528,0.14568185247213922
184,1341,1525,0.14569554700586718
180,1340,1520,0.14570606087807783
179,1343,1522,0.14572749255712403
176,1345,1521,0.14575133999319204
176,1344,1520,0.14578118715121355
176,1347,1523,0.1458080033866317
178,1337,1515,0.14583354700499054
171,1337,1508,0.14585249507048276
168,1343,1511,0.14588865308073654
166,1344,1510,0.14593054197685162
165,1336,1501,0.1459744153251155
164,1352,1516,0.14601794840345841
164,1360,1524,0.14606194590167418
164,1349,1513,0.1461032836263225
164,1342,1506,0.14614263310490222
163,1343,1506,0.14617956965929138
161,1339,1500,0.1462161993890365
162,1342,1504,0.14625582705670065
164,1337,1501,0.1462906711973255
164,1346,1510,0.1463164936931156
166,1348,1514,0.14634068252312166
167,1346,1513,0.14635772027454633
169,1349,1518,0.1463717918030674
169,1346,1515,0.1463798888703211
166,1347,1513,0.1463877821773963
170,1351,1521,0.14640405202885196
170,1349,1519,0.14640809770495586
169,1350,1519,0.14641245856283913
167,1344,1511,0.14641849674796067
163,1349,1512,0.1464297703844257
163,1359,1522,0.14645030721217928
163,1353,1516,0.14647010772455904
160,1353,1513,0.14648745193798413
161,1359,1520,0.1465119207087833
153,1361,1514,0.14653247759940818
158,1355,1513,0.14657270817070966
158,1351,1509,0.14659751228540593
156,1358,1514,0.14662144047462516
155,1353,1508,0.14664910018100885
155,1357,1512,0.14667763713037776
155,1373,1528,0.1467052135096243
156,1361,1517,0.14673197043207803
154,1361,1515,0.14675397961782638
155,1358,1513,0.14678038401254098
156,1354,1510,0.14680169865314446
153,1362,1515,0.146819580890208
153,1371,1524,0.14684450115827793
151,1370,1521,0.14686760885802103
145,1373,1518,0.14689407533863644
147,1387,1534,0.14693573433550788
147,1392,1539,0.14696909916160852
150,1383,1533,0.14700006708574923
147,1381,1528,0.14702083593957335
144,1374,1518,0.14704927271052484
145,1368,1513,0.14708396069747465
140,1374,1514,0.14711326548719988
142,1376,1518,0.14715398615497588
141,1368,1509,0.14718746336991365
137,1362,1499,0.14722160497834086
136,1360,1496,0.14726479199872608
139,1357,1496,0.14730810484854223
136,1371,1507,0.14734022639774466
138,1372,1510,0.14737895236397144
137,1372,1509,0.14740978212466105
137,1386,1523,0.14744191353529587
132,1380,1512,0.14747141807986922
134,1384,1518,0.14751275388987875
136,1391,1527,0.1475464576544942
136,1385,1521,0.14757248719143662
140,1367,1507,0.1475967707465337
138,1365,1503,0.14760879965605814
140,1378,1518,0.14762521347031415
139,1367,1506,0.14763509798977645
141,1378,1519,0.14764707360989335
140,1376,1516,0.14765260765842123
137,1383,1520,0.1476608442796971
136,1376,1512,0.14767581844429256
136,1369,1505,0.14769291891788766
134,1365,1499,0.14770908937612767
136,1372,1508,0.14772932639023645
135,1383,1518,0.14774337409258698
134,1388,1522,0.1477585527319525
134,1389,1523,0.14777565812229856
131,1388,1519,0.14779207204474074
134,1384,1518,0.14781474229232153
129,1386,1515,0.14782627198569473
133,1378,1511,0.14785021452664796
135,1370,1505,0.14786231335981612
133,1350,1483,0.14786759001065608
135,1364,1499,0.14787716552512908
137,1360,1497,0.14788072974896116
133,1376,1509,0.14787923546321977
133,1380,1513,0.14788939930779033
133,1371,1504,0.14789888609171484
135,1373,1508,0.14790801775696263
138,1364,1502,0.14791075715247312
139,1372,1511,0.14790457828714612
143,1374,1517,0.14789629809209445
142,1373,1515,0.1478784767234712
138,1366,1504,0.14786485111429817
133,1383,1516,0.1478633021561223
131,1382,1513,0.14787635726346507
133,1385,1518,0.1478942768904311
134,1393,1527,0.14790599076293387
131,1382,1513,0.1479146714552368
129,1382,1511,0.1479313314980227
134,1388,1522,0.1479521066385647
135,1387,1522,0.14795864087564808
134,1390,1524,0.14796231862337236
129,1389,1518,0.14796842563482884
130,1387,1517,0.14798714264025256
128,1388,1516,0.14800216512923897
129,1393,1522,0.1480223585923248
128,1380,1508,0.14803940076642622
132,1384,1516,0.14805769937338517
133,1395,1528,0.1480640756092156
134,1386,1520,0.14806708772265012
133,1382,1515,0.14806734988802212
129,1379,1508,0.14807067779233032
127,1376,1503,0.14808482910896362
126,1381,1507,0.14810458628846745
122,1376,1498,0.14812591932811206
121,1380,1501,0.14815563930795966
117,1398,1515,0.14818799696414445
115,1393,1508,0.14822884748106444
115,1398,1513,0.14827267731384977
121,1391,1512,0.14831378971427692
120,1396,1516,0.14833634127867903
121,1407,1528,0.14835973168072147
118,1402,1520,0.14837951008812833
120,1397,1517,0.1484059061137904
121,1384,1505,0.14842523460061893
120,1400,1520,0.1484409614751592
123,1385,1508,0.14845793416070255
121,1383,1504,0.14846593756697643
123,1388,1511,0.14847827650367826
125,1400,1525,0.1484843712801029
130,1385,1515,0.14848502993215462
131,1384,1515,0.1484726059506444
127,1397,1524,0.14845865065194777
129,1395,1524,0.14845647664148046
128,1388,1516,0.1484486637262081
128,1380,1508,0.1484440747632099
127,1386,1513,0.14843971718570967
129,1384,1513,0.14843817717784977
134,1389,1523,0.1484307742841068
132,1393,1525,0.14841031480132855
128,1397,1525,0.14839666629345957
131,1394,1525,0.14839477575947782
129,1382,1511,0.14838520973711325
130,1387,1517,0.14838152870694685
129,1382,1511,0.14837551987298706
128,1396,1524,0.1483726591554806
127,1384,1511,0.1483729131025245
127,1378,1505,0.14837484855092165
128,1387,1515,0.1483766030608733
127,1393,1520,0.14837597381911605
121,1406,1527,0.14837798951455344
122,1400,1522,0.14839602466091392
123,1386,1509,0.14840932568215678
121,1389,1510,0.1484198739536272
116,1393,1509,0.14843506589741326
114,1386,1500,0.14846322372716636
114,1376,1490,0.1484944985219739
117,1383,1500,0.14852466747395962
118,1403,1521,0.14854550732455188
117,1405,1522,0.14856173358622266
115,1406,1521,0.14857947579993538
116,1407,1523,0.14860146038084493
115,1407,1522,0.14861962141235102
115,1413,1528,0.14863931910624734
117,1403,1520,0.14865822097943984
120,1396,1516,0.14867064298400892
117,1410,1527,0.14867363759318547
115,1404,1519,0.14868424574993308
112,1406,1518,0.14869962490531352
111,1413,1524,0.14872187961625463
111,1409,1520,0.1487446110088093
113,1413,1526,0.1487665571651763
114,1413,1527,0.1487813979702501
112,1405,1517,0.1487921045463806
116,1394,1510,0.14880817039048858
117,1383,1500,0.14881154825409026
115,1399,1514,0.14881167394367584
118,1388,1506,0.1488165953143613
119,1390,1509,0.14881326746590953
117,1391,1508,0.14880793257303707
117,1398,1515,0.1488078484295915
118,1414,1532,0.1488081462626708
116,1405,1521,0.148805361158166
117,1405,1522,0.14880770223444353
120,1403,1523,0.14880709421165605
120,1387,1507,0.14879805788853334
120,1385,1505,0.14878962776024618
119,1381,1500,0.14878131512839007
120,1393,1513,0.1487766295461473
119,1403,1522,0.1487684999709019
115,1404,1519,0.1487644613617462
110,1395,1505,0.14877141939555244
112,1390,1502,0.14879076502862948
108,1402,1510,0.14880334990738056
114,1406,1520,0.14882615399774834
111,1408,1519,0.14883125495274172
114,1396,1510,0.14884378780515292
116,1397,1513,0.14884779113635435
116,1407,1523,0.14884658810816764
116,1411,1527,0.14884576128536817
115,1409,1524,0.14884517056905364
115,1406,1521,0.14884743871013392
111,1404,1515,0.14884993661905813
110,1404,1514,0.14886327677014427
114,1403,1517,0.1488785174286275
116,1391,1507,0.14888180354409236
113,1390,1503,0.14887945477318823
116,1407,1523,0.14888571704310147
116,1400,1516,0.14888321452972406
115,1395,1510,0.14888089709088081
116,1392,1508,0.14888200225167697
116,1398,1514,0.14888064149757746
116,1408,1524,0.14887945553930795
116,1410,1526,0.14887857220896678
117,1419,1536,0.14887801280009433
118,1401,1519,0.14887394057459974
115,1392,1507,0.14886753759128182
117,1397,1514,0.1488699819968429
119,1412,1531,0.1488672533787874
118,1405,1523,0.14885999844016118
119,1401,1520,0.14885594448786266
116,1410,1526,0.14884981266955596
114,1408,1522,0.1488528297239935
114,1398,1512,0.14886072381011922
111,1400,1511,0.14886867523441644
109,1401,1510,0.14888412257450012
111,1404,1515,0.14890381522395274
118,1405,1523,0.14891629658387312
117,1399,1516,0.14890833127334602
119,1402,1521,0.14890389325230127
120,1400,1520,0.14889409103096785
119,1400,1519,0.14888226236531218
118,1405,1523,0.14887458202905637
116,1397,1513,0.14887009842278442
116,1407,1523,0.1488708884985339
110,1401,1511,0.14887164302988587
110,1406,1516,0.1488885499225484
112,1404,1516,0.14890393925137338
115,1385,1500,0.148913367936689
115,1388,1503,0.1489139740122468
115,1400,1515,0.14891481185387592
115,1398,1513,0.1489157129209212
116,1396,1512,0.1489167472029277
111,1390,1501,0.14891496950128208
112,1392,1504,0.14892715609290474
111,1402,1513,0.14893523153968466
108,1404,1512,0.1489452168651156
105,1409,1514,0.14896224660734803
106,1394,1500,0.14898643066918632
109,1392,1501,0.14900536102678197
110,1393,1503,0.14901492061908528
110,1391,1501,0.14902132187563302
107,1394,1501,0.14902723965924927
108,1396,1504,0.14904059318150928
112,1412,1524,0.14905061885202056
112,1399,1511,0.14904873271800487
112,1392,1504,0.14904680200024042
114,1396,1510,0.1490444863307778
113,1392,1505,0.14903707774623798
115,1393,1508,0.14903258232313196
119,1397,1516,0.14902276816565607
113,1393,1506,0.14900283494377167
115,1396,1511,0.1490003019893695
116,1395,1511,0.14899205952914166
118,1403,1521,0.1489816133906496
117,1409,1526,0.1489669924738467
120,1397,1517,0.1489568944996707
119,1412,1531,0.14893884921067285
120,1410,1530,0.14892423152204454
118,1413,1531,0.1489079563614868
113,1404,1517,0.14889873383458965
112,1409,1521,0.1489038648807642
110,1411,1521,0.14891124907780465
110,1398,1508,0.1489230924487108
109,1410,1519,0.14893358773930998
112,1409,1521,0.14894671930743397
118,1409,1527,0.14895097248952358
116,1403,1519,0.1489389725418247
110,1419,1529,0.14893384908577795
112,1420,1532,0.14894564034882002
110,1412,1522,0.14895084117117957
112,1413,1525,0.14896111706067144
115,1396,1511,0.14896473088554335
112,1397,1509,0.1489595440044483
112,1408,1520,0.14896303683917156
108,1401,1509,0.1489659537668392
110,1406,1516,0.1489795183574012
106,1387,1493,0.14898653262622116
104,1399,1503,0.14900331670627673
107,1404,1511,0.14902434390385644
106,1416,1522,0.14903602315215447
109,1417,1526,0.14905002635939152
108,1414,1522,0.1490546876270047
110,1414,1524,0.14906147155694366
115,1420,1535,0.14906248378046524
118,1410,1528,0.14904971209295997
118,1411,1529,0.1490301556744507
118,1409,1527,0.14901228015072943
120,1404,1524,0.14899565844253082
120,1411,1531,0.14897512428497817
117,1409,1526,0.14895633789920926
119,1412,1531,0.14894705056407168
118,1412,1530,0.1489335001319952
118,1394,1512,0.14892355340686833
119,1395,1514,0.14891444120539984
118,1408,1526,0.1489030103383878
117,1409,1526,0.14889496261797464
116,1405,1521,0.14889040532211134
115,1412,1527,0.14888839230340717
115,1400,1515,0.1488888746089922
119,1399,1518,0.14888916537818792
116,1412,1528,0.14887842260861664
111,1409,1520,0.14887680407040438
108,1401,1509,0.14888791498919102
108,1403,1511,0.14890617378828455
107,1413,1520,0.14892275818906792
107,1408,1515,0.14894052194872642
107,1400,1507,0.14895675081429613
110,1404,1514,0.1489720827688622
115,1404,1519,0.14897865993604792
114,1389,1503,0.14897192748991106
115,1400,1515,0.14896900272308322
113,1401,1514,0.1489632841607646
115,1398,1513,0.1489635628423998
111,1401,1512,0.1489585232472406
109,1406,1515,0.1489645185056365
112,1402,1514,0.14897483044235274
110,1397,1507,0.14897663385677595
110,1399,1509,0.1489841022204623
107,1400,1507,0.14899099523459938
109,1401,1510,0.14900589149192828
108,1410,1518,0.14901441624627762
107,1404,1511,0.14902503356889552
106,1403,1509,0.1490376171945121
103,1396,1499,0.1490520778142506
104,1405,1509,0.14907311894972902
101,1402,1503,0.14909011221675064
101,1398,1499,0.14911433490580983
101,1412,1513,0.14913667855246962
106,1420,1526,0.1491574663568539
106,1416,1522,0.14916316209270375
108,1413,1521,0.14916845727601774
108,1416,1524,0.14916834872753598
104,1416,1520,0.14916834035583693
104,1424,1528,0.14917871599186042
104,1424,1528,0.14918900265429771
101,1427,1528,0.14919916695445617
99,1423,1522,0.14921689553749448
98,1418,1516,0.14923925797735546
97,1420,1517,0.149263074029351
99,1427,1526,0.14928687463329476
100,1418,1518,0.14930384980278139
100,1413,1513,0.14931652685535468
98,1408,1506,0.14932841043970893
100,1410,1510,0.14934587589663928
98,1424,1522,0.1493567844745083
95,1429,1524,0.1493722782888235
93,1424,1517,0.14939498038122667
96,1419,1515,0.1494211692056772
93,1423,1516,0.14943738821438998
91,1421,1512,0.14946061766997115
92,1422,1514,0.1494880745300149
95,1416,1511,0.14951140030417187
96,1410,1506,0.14952521606636604
94,1407,1501,0.14953493407464533
93,1401,1494,0.14954959362387982
92,1407,1499,0.14956659678023165
87,1407,1494,0.14958569540070066
86,1409,1495,0.1496167251300376
85,1412,1497,0.14964859004019196
86,1418,1504,0.14968112270144376
84,1423,1507,0.14970866946473638
84,1433,1517,0.14973977428243748
87,1411,1498,0.14976902264570693
85,1429,1514,0.14978824713073635
84,1431,1515,0.1498119446383036
83,1430,1513,0.14983753913451467
83,1433,1516,0.14986423850776404
83,1428,1511,0.1498886094875248
84,1410,1494,0.14991146306235123
86,1421,1507,0.14992963078014468
87,1422,1509,0.14994147849653428
90,1417,1507,0.1499495720326448
88,1420,1508,0.149948828722492
89,1423,1512,0.14995360662620918
87,1428,1515,0.14995584420373986
87,1428,1515,0.149963905810527
85,1435,1520,0.14997171937169862
88,1437,1525,0.14998490478370688
87,1430,1517,0.14998838035309903
88,1435,1523,0.1499946187991595
88,1417,1505,0.14999805650078668
86,1421,1507,0.15000091556479764
85,1420,1505,0.15000941594827155
86,1423,1509,0.15002026360439427
86,1422,1508,0.15002765982909877
85,1437,1522,0.15003450136350346
85,1443,1528,0.15004351660821652
83,1446,1529,0.15005216913357539
84,1463,1547,0.1500658154065392
84,1460,1544,0.15007572634900254
83,1451,1534,0.15008491284594888
84,1444,1528,0.1500959674196299
84,1438,1522,0.15010317000388235
85,1441,1526,0.15010990499405463
84,1453,1537,0.15011346177855767
86,1447,1533,0.1501201821420836
84,1446,1530,0.15012029420158682
82,1433,1515,0.15012614129920734
77,1435,1512,0.15013693322582555
76,1432,1508,0.15016065277138177
80,1438,1518,0.1501855569687619
78,1446,1524,0.1501976793959118
78,1440,1518,0.15021416969562362
74,1442,1516,0.1502298076357573
73,1455,1528,0.15025492452100106
75,1462,1537,0.15028123819998856
74,1452,1526,0.1503004504881601
72,1449,1521,0.15032134464165042
72,1453,1525,0.15034671799617924
74,1436,1510,0.15037016557153318
74,1440,1514,0.15038682997293715
73,1438,1511,0.1504021842754188
73,1436,1509,0.1504190220897329
76,1445,1521,0.15043503200297142
76,1446,1522,0.15044207472103394
74,1444,1518,0.1504490945842209
76,1441,1517,0.15046158406788349
75,1446,1521,0.1504680150526194
74,1447,1521,0.1504775050649878
74,1437,1511,0.15048922627958242
73,1438,1511,0.1505001630660121
72,1446,1518,0.150513303914111
71,1442,1513,0.15052864873510244
74,1439,1513,0.15054565024815297
74,1452,1526,0.1505531895029715
74,1456,1530,0.15056021074544126
73,1453,1526,0.15056648383278756
74,1457,1531,0.15057569411133892
72,1448,1520,0.15058174317194492
71,1459,1530,0.15059359924748547
70,1453,1523,0.15060748073319893
71,1441,1512,0.15062253877245568
71,1462,1533,0.1506342521870159
71,1448,1519,0.150644650420466
66,1445,1511,0.15065440323768875
66,1439,1505,0.15067765432664598
65,1447,1512,0.15069915354251714
66,1454,1520,0.150721554506784
68,1452,1520,0.15073971610631076
67,1432,1499,0.15075112564617796
66,1438,1504,0.15076482698353602
65,1450,1515,0.1507804825307656
68,1459,1527,0.1507980700538543
66,1461,1527,0.15080647137403966
67,1453,1520,0.15081959179026577
67,1455,1522,0.15082903422925817
66,1448,1514,0.1508380688690339
68,1463,1531,0.15084936379116456
71,1456,1527,0.15085394529969365
72,1444,1516,0.15085007609739148
72,1444,1516,0.15084367013860367
68,1444,1512,0.15083827572606887
67,1445,1512,0.1508435687022659
66,1441,1507,0.15085131578250685
67,1440,1507,0.15086121207470574
64,1438,1502,0.15086747407848583
62,1457,1519,0.1508823264388396
61,1443,1504,0.1509014188930112
62,1443,1505,0.1509216877945005
62,1457,1519,0.15093767531464786
63,1446,1509,0.15095193778408267
63,1452,1515,0.15096240407207556
65,1446,1511,0.15097287942386417
67,1445,1512,0.1509769162455018
71,1452,1523,0.15097495147879741
71,1451,1522,0.15096137360950912
71,1456,1527,0.15094886161202287
73,1456,1529,0.15093728485967056
73,1459,1532,0.1509209197885103
73,1447,1520,0.15090593224083004
71,1454,1525,0.15089195613695858
70,1456,1526,0.1508850063455691
70,1448,1518,0.1508814545827996
69,1450,1519,0.15087798816533063
68,1447,1515,0.15087769416759322
71,1457,1528,0.15087998389328194
70,1459,1529,0.1508734868754352
69,1457,1526,0.15087057182945432
68,1451,1519,0.15087087249111977
67,1447,1514,0.15087372082198466
69,1457,1526,0.15087939074666676
69,1445,1514,0.1508784824777767
71,1455,1526,0.15087760752124735
70,1440,1510,0.15087126211239643
66,1431,1497,0.150868308800833
66,1415,1481,0.1508762572779041
65,1430,1495,0.15088358023653625
67,1443,1510,0.15089294975485576
66,1445,1511,0.1508959922261178
64,1430,1494,0.15090158043147434
62,1441,1503,0.15091265703274848
64,1445,1509,0.1509288230390199
66,1459,1525,0.15093827950449548
68,1454,1522,0.15094149952532007
67,1461,1528,0.15093885871155913
66,1467,1533,0.15093942658349072
66,1463,1529,0.15094270460750694
66,1465,1531,0.15094576450862573
66,1458,1524,0.1509488939351132
65,1465,1530,0.15095203991647396
63,1457,1520,0.15095724767755392
63,1458,1521,0.15096782935538772
63,1447,1510,0.1509775229112289
64,1439,1503,0.1509863753927754
64,1425,1489,0.15099204499222946
63,1437,1500,0.15099732000938007
62,1434,1496,0.15100554727146526
62,1438,1500,0.1510160400765621
59,1451,1510,0.15102601248939698
60,1448,1508,0.15104389205266727
59,1456,1515,0.1510578210061821
58,1458,1516,0.15107365416342802
59,1464,1523,0.15109148557037996
56,1464,1520,0.15110519091842048
53,1453,1506,0.15112669497352993
54,1454,1508,0.15115445148166554
54,1447,1501,0.15117789359306005
56,1451,1507,0.1511993919963716
56,1465,1521,0.15121410936133123
55,1467,1522,0.15122790057447288
54,1463,1517,0.15124311502179622
53,1462,1515,0.1512607603131455
52,1466,1518,0.15128017489317244
52,1463,1515,0.1513012185942166
53,1463,1516,0.1513207371885545
53,1465,1518,0.151336129952998
52,1472,1524,0.15135035098908342
52,1469,1521,0.15136626383338264
49,1460,1509,0.15138112430062078
49,1478,1527,0.1514040217752543
48,1481,1529,0.15142582034116792
48,1479,1527,0.15144920468963857
46,1474,1520,0.15147095323144918
48,1463,1511,0.1514969362699372
49,1472,1521,0.15151568034804605
48,1479,1527,0.1515299936844617
48,1483,1531,0.15154638315218338
50,1486,1536,0.15156138549376436
50,1484,1534,0.1515697295557052
50,1484,1534,0.15157776666306455
49,1474,1523,0.15158533615614314
48,1484,1532,0.15159541045098637
46,1484,1530,0.1516085119545413
45,1489,1534,0.15162667401569332
45,1485,1530,0.15164621558461064
44,1478,1522,0.15166419862776473
45,1488,1533,0.15168397025538335
45,1480,1525,0.15169949539278238
45,1481,1526,0.1517141183278304
44,1478,1522,0.15172812462828392
43,1464,1507,0.15174401443461796
45,1464,1509,0.1517619168100208
43,1463,1506,0.15177293921531812
42,1464,1506,0.15178934658855125
42,1477,1519,0.15180771251217703
41,1463,1504,0.15182469816184355
43,1458,1501,0.15184368976463994
44,1455,1499,0.15185560138092097
45,1454,1499,0.15186399910074483
46,1466,1512,0.1518690948939603
46,1469,1515,0.15187084481585292
45,1463,1508,0.15187255819953116
41,1467,1508,0.1518771332424129
41,1453,1494,0.1518923937982998
46,1462,1508,0.1519065352607921
43,1468,1511,0.15190533340724088
43,1480,1523,0.1519133390415117
45,1470,1515,0.15192095101653133
45,1479,1524,0.15192213267599397
45,1485,1530,0.1519233262836575
45,1478,1523,0.15192450882694647
44,1475,1519,0.15192566002529403
42,1476,1518,0.1519297957600364
42,1478,1520,0.15193982472747905
41,1478,1519,0.15194921790799173
39,1478,1517,0.15196110239838279
38,1471,1509,0.15197822324301744
36,1478,1514,0.1519969023286475
35,1472,1507,0.15201995205427563
34,1480,1514,0.152044274095581
33,1477,1510,0.15207048404391788
35,1487,1522,0.15209860242240544
36,1481,1517,0.15211920556631192
36,1481,1517,0.15213563701605415
36,1486,1522,0.15215110113082303
34,1479,1513,0.15216551933844294
36,1467,1503,0.1521844754157384
37,1474,1511,0.15219673210201975
36,1473,1509,0.15220535021988596
36,1483,1519,0.15221573844444458
35,1476,1511,0.1522254850358227
36,1482,1518,0.152237722267929
34,1483,1517,0.15224639491692854
34,1480,1514,0.1522598941442028
35,1475,1510,0.15227239987141553
33,1477,1510,0.15228132934903457
36,1489,1525,0.152295364765906
36,1473,1509,0.1522999292316366
33,1478,1511,0.15230428145311697
32,1474,1506,0.15231710987338828
32,1487,1519,0.1523321488903818
32,1493,1525,0.15234620664550158
32,1474,1506,0.15235936201539116
30,1473,1503,0.15237167958544612
30,1460,1490,0.15238866440952567
32,1477,1509,0.15240439244885565
34,1491,1525,0.1524135062410533
33,1491,1524,0.15241649391217396
32,1489,1521,0.15242225450649596
34,1480,1514,0.1524306004647984
34,1491,1525,0.15243227549650576
34,1486,1520,0.15243398749594
35,1485,1520,0.15243559275215152
35,1477,1512,0.15243429544730647
35,1472,1507,0.15243312583401342
35,1478,1513,0.15243206734158365
35,1486,1521,0.15243110639523005
34,1483,1517,0.15243023103418646
33,1481,1514,0.15243240875675243
36,1473,1509,0.15243714174056625
36,1485,1521,0.15243289271759994
35,1484,1519,0.1524289523323212
37,1482,1519,0.15242811977337792
37,1496,1533,0.15242159279580123
36,1494,1530,0.15241555669734624
35,1492,1527,0.1524130933924686
35,1492,1527,0.15241356478049092
38,1487,1525,0.15241373244206366
37,1486,1523,0.15240494528684553
38,1490,1528,0.1523995909888885
37,1487,1524,0.15239177602779294
36,1482,1518,0.15238762784808937
35,1466,1501,0.1523867304460046
34,1472,1506,0.1523887142613405
35,1475,1510,0.15239342828703062
37,1471,1508,0.1523949402011657
38,1481,1519,0.15239054257071571
38,1485,1523,0.15238395009626893
38,1481,1519,0.15237784175951025
38,1478,1516,0.15237228763637084
35,1475,1510,0.1523671750410236
35,1477,1512,0.15237129423670595
34,1484,1518,0.1523751228351785
37,1492,1529,0.15238143593090997
34,1482,1516,0.15237824297157643
35,1486,1521,0.1523842191449888
36,1477,1513,0.15238646897301694
37,1476,1513,0.15238574014026482
35,1456,1491,0.15238230702462138
36,1468,1504,0.15238487340283938
37,1485,1522,0.15238450859982175
34,1484,1518,0.1523813829105703
33,1475,1508,0.15238698765345876
34,1475,1509,0.1523951275860674
35,1483,1518,0.1523996836356693
36,1488,1524,0.1524011010606572
36,1495,1531,0.15239966191957358
35,1490,1525,0.15239838068806033
35,1478,1513,0.15239999848447375
36,1494,1530,0.15240134956036375
35,1473,1508,0.15239957043459865
36,1468,1504,0.15240069808791748
38,1483,1521,0.1523987272962163
37,1477,1514,0.15239099683193227
39,1489,1528,0.15238685782352138
40,1487,1527,0.1523768193130916
40,1486,1526,0.15236461106298996
39,1474,1513,0.15235319709399772
40,1474,1514,0.15234535295649965
40,1484,1524,0.15233517349801282
38,1478,1516,0.1523256818902443
38,1485,1523,0.15232287028023783
37,1494,1531,0.15232018126273275
39,1490,1529,0.15232073565389626
40,1476,1516,0.15231559026613475
38,1482,1520,0.15230811157832438
37,1491,1528,0.1523068364692176
37,1484,1521,0.15230864835029265
38,1490,1528,0.15231047096165218
36,1491,1527,0.15230931953252025
36,1492,1528,0.15231416015003485
35,1493,1528,0.15231904609718083
35,1489,1524,0.1523266957679937
34,1485,1519,0.15233387431013562
33,1495,1528,0.1523432652794693
33,1485,1518,0.15235498824244278
34,1481,1515,0.15236586929683799
33,1479,1512,0.15237349881807663
33,1482,1515,0.15238330975389613
33,1475,1508,0.1523926193478289
35,1483,1518,0.15240131846357585
35,1482,1517,0.15240346442828304
34,1481,1515,0.15240554351623584
35,1484,1519,0.15241031944013492
35,1475,1510,0.15241189649065126
33,1479,1512,0.15241339502663995
33,1486,1519,0.15242065655224477
33,1492,1525,0.15242745729179907
33,1491,1524,0.15243414671442118
33,1494,1527,0.15244047882635473
33,1482,1515,0.15244644474988098
30,1476,1506,0.1524520591885339
30,1490,1520,0.15246622536830498
30,1496,1526,0.15247926843387039
31,1493,1524,0.15249134793474461
30,1483,1513,0.1524998910723701
29,1497,1526,0.15251095335752018
28,1501,1529,0.15252411945479966
25,1490,1515,0.15253914582876307
25,1492,1517,0.1525621843782
25,1488,1513,0.15258411843710035
24,1491,1515,0.1526044470548695
27,1493,1520,0.15262640182151888
26,1489,1515,0.15263848158949117
26,1486,1512,0.15265291587372504
26,1493,1519,0.15266649005645508
27,1490,1517,0.15267924803153923
27,1482,1509,0.15268847180863618
26,1495,1521,0.15269720760620384
26,1481,1507,0.15270824993015378
24,1475,1499,0.15271861054704605
24,1498,1522,0.15273392172995565
25,1496,1521,0.15274826053546356
26,1486,1512,0.15275902136000305
26,1484,1510,0.1527664492898079
26,1483,1509,0.15277349070265722
26,1485,1511,0.15278015277059498
25,1487,1512,0.15278644631101013
24,1486,1510,0.15279495609911717
23,1482,1505,0.15280569078815254
23,1482,1505,0.15281853814137988
25,1477,1502,0.15283052826147345
26,1489,1515,0.1528358776990265
26,1504,1530,0.15283788654498495
26,1485,1511,0.15283978268257978
26,1502,1528,0.15284148642873702
25,1505,1530,0.15284314787638167
26,1509,1535,0.15284756824010526
25,1505,1530,0.15284881117689939
25,1499,1524,0.15285297730140537
24,1492,1516,0.15285687179690766
25,1480,1505,0.1528633382909506
26,1475,1501,0.15286648291644284
26,1468,1494,0.1528666594937346
25,1485,1510,0.1528668951116078
25,1485,1510,0.1528699313291377
26,1485,1511,0.1528727483265669
27,1480,1507,0.1528725952086276
27,1494,1521,0.1528694807111351
27,1485,1512,0.15286661436335228
27,1496,1523,0.15286363536592965
28,1486,1514,0.15286054709736033
27,1487,1514,0.1528548920456712
26,1475,1501,0.15285254729218467
26,1482,1508,0.152853230716416
25,1494,1519,0.152853777289085
25,1495,1520,0.1528569786312689
25,1484,1509,0.15286011986184803
27,1487,1514,0.15286319281319494
28,1494,1522,0.15286033126965173
29,1493,1522,0.15285482234139244
27,1503,1530,0.15284689124246312
27,1499,1526,0.1528449456875828
28,1497,1525,0.1528429910698819
31,1479,1510,0.15283804963248748
32,1484,1516,0.15282489273553324
33,1490,1523,0.15280963013422152
32,1487,1519,0.15279273520507858
32,1480,1512,0.15277983517537272
30,1482,1512,0.15276781072631515
29,1489,1518,0.15276238120502114
28,1494,1522,0.1527598270620676
27,1480,1507,0.15276037173048798
26,1483,1509,0.1527638128190525
26,1466,1492,0.1527698460045305
26,1482,1508,0.1527753707998674
26,1483,1509,0.15278047134381673
28,1486,1514,0.15278519461914664
28,1481,1509,0.1527839561698607
26,1481,1507,0.15278276150201808
26,1485,1511,0.15278753507051593
26,1480,1506,0.15279194240860236
27,1493,1520,0.1527957948646104
27,1491,1518,0.15279626474494695
26,1494,1520,0.15279681456831928
26,1482,1508,0.15280021478529293
27,1471,1498,0.1528033655617143
26,1485,1511,0.15280315217050308
27,1478,1505,0.15280568860520297
27,1483,1510,0.1528052600363222
25,1486,1511,0.15280486059791307
26,1495,1521,0.152810207816849
25,1497,1522,0.15281231628554479
27,1487,1514,0.15281691609591289
25,1487,1512,0.15281544819893525
27,1490,1517,0.15281975659686528
26,1472,1498,0.15281778191354595
25,1488,1513,0.15281893694708779
25,1484,1509,0.15282306280055744
25,1484,1509,0.15282691346203436
27,1484,1511,0.15283051294755462
27,1476,1503,0.15282772608513412
28,1476,1504,0.1528251430157214
28,1479,1507,0.15281962798474147
27,1486,1513,0.15281428525397023
27,1486,1513,0.15281205402367715
28,1486,1514,0.15280994099705442
27,1488,1515,0.15280489196625535
26,1479,1505,0.15280314272770631
27,1487,1514,0.15280446413071752
27,1470,1497,0.15280261068810005
28,1476,1504,0.15280086097203113
30,1462,1492,0.15279616209629623
31,1471,1502,0.15278567910490246
31,1474,1505,0.15277305032032618
30,1482,1512,0.15276129007154993
30,1485,1515,0.15275336711163104
31,1477,1508,0.15274595529268845
31,1479,1510,0.15273600948945265
30,1481,1511,0.1527267307145984
31,1493,1524,0.15272117415406747
29,1492,1521,0.15271291980175283
26,1491,1517,0.15271125394588914
24,1503,1527,0.1527183900225704
22,1497,1519,0.15273116671365386
23,1487,1510,0.1527488965713019
24,1500,1524,0.15276232024346773
24,1488,1512,0.15277181779773358
25,1499,1524,0.15278063617511894
27,1490,1517,0.1527858266023301
26,1483,1509,0.15278491189432183
25,1483,1508,0.15278713417442413
26,1482,1508,0.15279225615536796
25,1473,1498,0.15279408157635216
26,1490,1516,0.15279893158318944
27,1487,1514,0.1528005364336785
29,1480,1509,0.15279900539923996
29,1487,1516,0.15279161098921556
28,1479,1507,0.15278465665376614
28,1488,1516,0.15278130360160416
26,1488,1514,0.15277818484915318
23,1488,1511,0.15278140759633424
22,1491,1513,0.15279344152684252
23,1490,1513,0.15280768194892042
25,1496,1521,0.15281800668542192
25,1488,1513,0.15282145090978014
25,1489,1514,0.15282470584891358
27,1494,1521,0.15282777313942383
27,1485,1512,0.15282498822384574
26,1482,1508,0.15282247699453877
25,1487,1512,0.1528232721999593
25,1492,1517,0.15282684223668375
26,1495,1521,0.1528303272067138
29,1490,1519,0.15283046624401028
28,1481,1509,0.15282168922417264
28,1498,1526,0.1528164076086186
28,1497,1525,0.15281138988119963
30,1497,1527,0.15280668893761992
29,1481,1510,0.15279617227535985
30,1483,1513,0.15278946519295583
31,1479,1510,0.15278040878599153
31,1472,1503,0.1527690691429347
30,1480,1510,0.15275855116699041
31,1477,1508,0.15275189858074176
30,1460,1490,0.152742732032293
31,1476,1507,0.1527369183827871
31,1489,1520,0.15272845546131017
29,1490,1519,0.1527208859342663
28,1481,1509,0.15271955323644393
27,1477,1504,0.15272137952884665
29,1487,1516,0.15272605718132673
32,1480,1512,0.15272464960317897
31,1488,1519,0.15271479088666695
29,1498,1527,0.15270840240575217
29,1499,1528,0.15270823471455974
29,1495,1524,0.15270807241612988
29,1481,1510,0.1527079229089835
29,1486,1515,0.15270777403072208
29,1495,1524,0.15270762586551048
28,1491,1519,0.1527073750346429
28,1486,1514,0.152709966155217
28,1496,1524,0.15271236953617437
28,1489,1517,0.1527145469631884
30,1488,1518,0.1527165535720921
29,1487,1516,0.15271255214758772
30,1476,1506,0.15271185794443207
31,1497,1528,0.15270795192614833
32,1486,1518,0.15270141464875725
33,1492,1525,0.15269255564537298
34,1487,1521,0.15268134313910664
33,1478,1511,0.15266795124636978
33,1479,1512,0.15265836948286726
32,1487,1519,0.15264944308741857
32,1491,1523,0.15264391462952726
33,1484,1517,0.1526387791688376
33,1492,1525,0.15263101021326775
32,1504,1536,0.15262376813161693
32,1502,1534,0.15262002712631276
32,1495,1527,0.15261652430460784
31,1508,1539,0.15261325172828966
32,1505,1537,0.1526129480759734
34,1499,1533,0.15260962813250814
33,1500,1533,0.15260044790057858
33,1495,1528,0.1525946652441355
33,1484,1517,0.15258923943374036
34,1474,1508,0.15258418480868324
35,1479,1514,0.15257665341060317
35,1473,1508,0.152566595903905
35,1475,1510,0.15255721795353736
34,1481,1515,0.15254840236505907
33,1493,1526,0.15254311932725986
32,1497,1529,0.15254096438404396
32,1485,1517,0.15254177974226474
30,1483,1513,0.1525424798566611
31,1484,1515,0.15254863684820485
30,1499,1529,0.15255148822535314
29,1500,1529,0.15255739618333275
30,1489,1519,0.15256591120936208
30,1472,1502,0.15257078318032347
30,1476,1506,0.1525753323590626
29,1495,1524,0.152579675048704
28,1495,1523,0.1525865970707624
28,1491,1519,0.15259592584484036
28,1494,1522,0.15260460141111884
26,1498,1524,0.1526126986005036
27,1493,1520,0.15262603451714934
27,1502,1529,0.15263544237896476
27,1485,1512,0.1526442355043554
27,1480,1507,0.15265244862960067
28,1479,1507,0.1526599984762468
29,1480,1509,0.15266416031460647
29,1490,1519,0.1526652896158645
31,1495,1526,0.15266634989424313
31,1496,1527,0.1526614007336698
31,1501,1532,0.15265682646817005
31,1488,1519,0.15265258274723575
31,1493,1524,0.15264863985050828
31,1483,1514,0.1526449725388639
30,1479,1509,0.15264155869919682
28,1487,1515,0.15264143736711122
29,1481,1510,0.15264684158969583
29,1474,1503,0.15264915020034853
30,1465,1495,0.1526514548483938
30,1472,1502,0.15265076470122524
30,1483,1513,0.15265000295688214
31,1479,1510,0.15264900782751412
31,1483,1514,0.15264534558388992
32,1480,1512,0.1526417408873084
32,1492,1524,0.15263539132785922
33,1499,1532,0.15262947800738857
33,1494,1527,0.15262110878407142
31,1497,1528,0.15261331212890902
33,1498,1531,0.15261202710461996
33,1503,1536,0.1526048265524946
32,1499,1531,0.1525981348188688
32,1491,1523,0.15259489291243333
31,1491,1522,0.15259185141478765
33,1491,1524,0.15259182456617798
33,1486,1519,0.1525858899691728
34,1485,1519,0.15258028905677323
36,1502,1538,0.15257202184627897
32,1500,1532,0.15255837954313325
34,1488,1522,0.1525570789086087
34,1475,1509,0.15255007740612922
33,1475,1508,0.15254352522342063
29,1472,1501,0.15254034907184577
33,1464,1497,0.15254908660142297
30,1474,1504,0.1525454141192336
30,1466,1496,0.15255072438573994
28,1471,1499,0.15255572430294748
29,1477,1506,0.15256636055356862
29,1491,1520,0.15257325241006087
30,1500,1530,0.15257969697460655
31,1499,1530,0.15258274300138777
31,1492,1523,0.15258259019145146
31,1486,1517,0.15258253529538185
30,1493,1523,0.1525825028749434
30,1494,1524,0.15258532043488449
29,1504,1533,0.1525879131024155
29,1503,1532,0.1525932747253685
28,1497,1525,0.15259831163156423
26,1485,1511,0.15260590302023722
26,1486,1512,0.15261899791501488
27,1479,1506,0.15263121291163836
27,1487,1514,0.15263962895192407
26,1490,1516,0.15264751303171845
29,1503,1532,0.15265789048628015
27,1500,1527,0.152658521503417
28,1503,1531,0.15266514161442726
29,1486,1515,0.15266839563598247
29,1495,1524,0.15266849592934714
28,1488,1516,0.1526686346649871
29,1489,1518,0.1526717046804828
29,1483,1512,0.15267162604584936
31,1503,1534,0.15267158267488104
30,1497,1527,0.15266557773313846
30,1487,1517,0.1526630030091777
30,1491,1521,0.15266060106579832
29,1494,1523,0.15265831919007763
29,1501,1530,0.15265916672764743
29,1495,1524,0.15265996587528766
29,1493,1522,0.1526607193840036
29,1492,1521,0.15266141948343903
29,1504,1533,0.15266207331219392
27,1500,1527,0.15266268472993463
24,1498,1522,0.15266926129680775
24,1497,1521,0.15268440297873995
25,1483,1508,0.1526984987506201
26,1508,1534,0.15270861955747952
29,1501,1530,0.15271497357621158
29,1498,1527,0.15271181854798468
28,1491,1519,0.1527089358748933
28,1476,1504,0.15270937875914725
26,1485,1511,0.15270967077351624
25,1485,1510,0.152716110990032
24,1484,1508,0.1527252443149031
24,1490,1514,0.15273677613030584
24,1493,1517,0.15274754366175333
23,1499,1522,0.1527576066019053
23,1505,1528,0.1527700468534954
22,1490,1512,0.15278166882237254
22,1480,1502,0.15279551329707433
22,1491,1513,0.15280846952137442
23,1484,1507,0.15282059183178887
23,1490,1513,0.1528289058969126
22,1507,1529,0.15283671874139748
22,1509,1531,0.15284712918392077
22,1512,1534,0.15285687359370453
21,1508,1529,0.15286600335254913
20,1493,1513,0.1528776441984004
22,1490,1512,0.15289158763874408
22,1492,1514,0.15289848814438642
20,1494,1514,0.1529050105859219
20,1493,1513,0.15291727031103253
20,1501,1521,0.15292873605851162
19,1512,1531,0.1529394728200148
18,1512,1530,0.15295257491913578
17,1520,1537,0.15296788618824939
17,1504,1521,0.15298527306259008
17,1508,1525,0.15300154132210364
16,1516,1532,0.15301678359858328
16,1496,1512,0.15303412484376774
16,1493,1509,0.15305037404225105
16,1493,1509,0.15306560671180214
15,1491,1506,0.15307989004832095
15,1495,1510,0.1530963766402389
14,1504,1518,0.15311182486072
14,1492,1506,0.15312941312987655
14,1492,1506,0.1531458619094648
15,1494,1509,0.1531612946254002
16,1492,1508,0.15317264077225984
16,1494,1510,0.1531802477196369
16,1498,1514,0.15318737235011207
15,1503,1518,0.15319405373326883
15,1491,1506,0.15320347234182496
16,1489,1505,0.15321227587456096
16,1495,1511,0.153217431908475
17,1500,1517,0.15322228787907893
18,1496,1514,0.15322380943310712
19,1500,1519,0.1532221847053694
18,1490,1508,0.1532177146797301
17,1477,1494,0.1532166763299458
18,1483,1501,0.15321880247672048
18,1477,1495,0.15321769303069904
18,1482,1500,0.15321667929025296
18,1490,1508,0.15321593084818028
18,1485,1503,0.15321521722173148
18,1502,1520,0.15321456497665278
17,1501,1518,0.15321397123694472
18,1485,1503,0.15321642144239192
18,1479,1497,0.15321571682776264
18,1487,1505,0.153215091965407
18,1486,1504,0.15321452219775009
20,1494,1514,0.1532140005145083
20,1496,1516,0.15320734655319052
18,1494,1512,0.15320131569339657
18,1491,1509,0.15320192695576829
18,1499,1517,0.15320250868526358
17,1501,1518,0.15320289890173527
17,1502,1519,0.15320631049173059
19,1497,1516,0.15320949981022444
21,1505,1526,0.1532064653029894
21,1500,1521,0.15319767394711356
21,1494,1515,0.15318947298097943
19,1497,1516,0.15318183254890486
19,1503,1522,0.15318073175053049
19,1490,1509,0.1531796800789004
20,1489,1509,0.1531784122777741
20,1486,1506,0.15317410644656437
20,1491,1511,0.15317026545663592
20,1500,1520,0.15316666218070035
20,1495,1515,0.15316328787260652
20,1500,1520,0.1531601259598181
20,1496,1516,0.15315716199437712
20,1493,1513,0.15315438301861062
19,1500,1519,0.15315177713524628
19,1501,1520,0.1531523971274731
18,1504,1522,0.15315296464795852
18,1502,1520,0.15315649099070908
18,1502,1520,0.1531597827057924
18,1491,1509,0.15316285124008033
18,1489,1507,0.15316571444821514
20,1489,1509,0.15316838811498404
20,1496,1516,0.15316471228672052
19,1497,1516,0.15316130540436235
18,1499,1517,0.15316117071185015
19,1496,1515,0.15316410160910718
21,1489,1510,0.15316390053309026
21,1496,1517,0.15315742039173488
21,1502,1523,0.1531513733793806
20,1510,1530,0.1531457190427925
18,1505,1523,0.15314353628879077
20,1493,1513,0.15314759431617764
20,1500,1520,0.15314515072343554
20,1499,1519,0.15314312841678634
20,1509,1529,0.15314122533582952
20,1499,1519,0.15313944716943367
20,1507,1527,0.15313778537430395
19,1506,1525,0.1531361594931745
19,1497,1516,0.15313771555200326
18,1499,1517,0.1531393716822237
18,1504,1522,0.15314393927808062
18,1501,1519,0.15314819788163525
17,1506,1523,0.15315217907813694
18,1496,1514,0.1531590633771401
18,1483,1501,0.1531623449196659
17,1490,1507,0.1531654229580658
17,1488,1505,0.15317141102754192
20,1492,1512,0.15317702875902087
20,1489,1509,0.15317312796263705
19,1498,1517,0.1531695474699282
20,1498,1518,0.15316903659430772
20,1487,1507,0.15316552739392364
21,1488,1509,0.15316226818689838
21,1477,1498,0.15315620589257783
22,1487,1509,0.15315054064035472
22,1484,1506,0.15314240779374177
21,1492,1513,0.153134804327575
21,1492,1513,0.15313057283689338
20,1488,1508,0.15312660296166158
20,1489,1509,0.15312591514150534
20,1501,1521,0.15312524157924798
20,1492,1512,0.15312452137569943
21,1507,1528,0.15312383543759198
22,1509,1531,0.15312027291316202
21,1493,1514,0.1531139938754014
21,1494,1515,0.15311126340969342
23,1509,1532,0.15310902298590956
23,1500,1523,0.15310073019451942
22,1503,1525,0.1530930170254664
22,1493,1515,0.15308876903630064
23,1498,1521,0.15308450214738845
23,1502,1525,0.15307742657719167
23,1504,1527,0.153070810862765
23,1505,1528,0.15306461745424682
23,1499,1522,0.15305881564180784
23,1505,1528,0.15305337879474318
22,1502,1524,0.15304828287792843
21,1490,1511,0.15304638225513048
21,1493,1514,0.15304739117817234
20,1495,1515,0.15304833369028958
20,1508,1528,0.15305205140942416
21,1512,1533,0.15305553633655922
22,1505,1527,0.15305590686512965
22,1485,1507,0.15305336891268798
22,1499,1521,0.15305098116362104
21,1509,1530,0.1530487499241729
20,1503,1523,0.15304973475690647
20,1495,1515,0.15305366490108677
20,1488,1508,0.1530573218456993
19,1493,1512,0.15306073964089614
20,1497,1517,0.15306687070583608
20,1499,1519,0.15306949125512329
20,1513,1533,0.15307195550791122
19,1522,1541,0.15307426547243375
18,1515,1533,0.15307928011687283
20,1507,1527,0.15308712345651626
20,1492,1512,0.15308842013172216
21,1506,1527,0.15308965688945791
20,1513,1533,0.15308769360788219
20,1512,1532,0.1530889649659829
19,1500,1519,0.1530901485713766
19,1501,1520,0.15309415361581014
20,1504,1524,0.15309789343673383
21,1499,1520,0.15309847354572195
20,1491,1511,0.15309591555394464
19,1500,1519,0.15309665065133374
18,1497,1515,0.1531004383643101
19,1506,1525,0.1531070904784257
20,1509,1529,0.1531101926170269
19,1501,1520,0.15310999078817564
20,1504,1524,0.15311293856619113
20,1500,1520,0.1531126941852951
19,1500,1519,0.1531124979260373
18,1492,1510,0.15311548390924729
18,1496,1514,0.15312112854841944
17,1491,1508,0.15312644377871515
18,1495,1513,0.15313442425804355
18,1488,1506,0.15313893529378234
18,1491,1509,0.15314317492161889
19,1493,1512,0.15314715111007793
20,1487,1507,0.1531477227302541
20,1488,1508,0.15314514422394937
21,1499,1520,0.15314258352521326
20,1498,1518,0.15313730612763057
19,1496,1515,0.15313545842037443
17,1491,1508,0.15313669955695913
17,1484,1501,0.15314388644577914
18,1481,1499,0.1531505831190998
20,1496,1516,0.15315395931622222
20,1496,1516,0.1531511388554227
19,1505,1524,0.153148554227213
18,1497,1515,0.15314930051346343
18,1497,1515,0.15315311927551975
18,1491,1509,0.1531566948450576
18,1502,1520,0.1531598295690327
17,1505,1522,0.153162805458907
17,1502,1519,0.15316874132265076
17,1511,1528,0.15317430483991212
18,1517,1535,0.15317952233077267
17,1506,1523,0.15318126534718154
18,1503,1521,0.15318576830604547
18,1506,1524,0.15318713070490134
18,1499,1517,0.15318839898405362
17,1484,1501,0.15318965546878743
17,1480,1497,0.15319377319652264
17,1488,1505,0.1531973868994415
16,1501,1517,0.15320080798490202
15,1500,1515,0.15320715054211761
15,1493,1508,0.15321621359423826
16,1494,1510,0.1532246943406418
17,1501,1518,0.15322948441238088
17,1501,1518,0.15323084993342617
17,1509,1526,0.15323215011392968
16,1513,1529,0.15323337809727772
16,1505,1521,0.15323769262299355
16,1503,1519,0.1532414848472712
16,1519,1535,0.15324508516018154
16,1515,1531,0.15324847057989974
16,1499,1515,0.1532516479059901
16,1494,1510,0.15325462781095378
17,1501,1518,0.1532574217563428
17,1504,1521,0.15325711575611436
17,1488,1505,0.15325664014378088
17,1501,1518,0.1532562444344343
18,1507,1525,0.1532558850894425
20,1513,1533,0.15325239350300235
20,1505,1525,0.15324284065008972
19,1493,1512,0.15323389031345755
20,1485,1505,0.1532286452107969
18,1490,1508,0.1532206830646599
18,1479,1497,0.1532194806111579
18,1485,1503,0.15321832805227495
19,1493,1512,0.15321719191763733
18,1500,1518,0.153212985686147
17,1500,1517,0.1532119648406215
17,1493,1510,0.15321427517381117
16,1492,1508,0.15321644778582652
16,1499,1515,0.15322148703179186
16,1511,1527,0.15322618775825825
16,1515,1531,0.15323058900155526
16,1499,1515,0.1532347122814374
15,1505,1520,0.15323857630671017
16,1513,1529,0.15324536103768754
15,1510,1525,0.1532487096639133
16,1496,1512,0.15325486346460743
16,1505,1521,0.15325753711170134
16,1494,1510,0.15326005978535892
18,1500,1518,0.1532624278063449
18,1504,1522,0.15325830671707763
17,1504,1521,0.15325445827062953
19,1491,1510,0.1532538422832615
19,1491,1510,0.15324703815425278
19,1496,1515,0.15324047256179385
19,1494,1513,0.15323438969384526
20,1496,1516,0.15322870916826853
19,1497,1516,0.15322025661288804
19,1484,1503,0.15321548177451938
19,1484,1503,0.15321090914782143
18,1485,1503,0.15320664013206972
18,1494,1512,0.15320579703676274
18,1498,1516,0.1532049992364458
18,1493,1511,0.15320436735709644
16,1508,1524,0.15320376756719867
16,1507,1523,0.15320943307198157
16,1498,1514,0.15321472395945135
15,1499,1514,0.15321968001231104
15,1502,1517,0.15322746953029345
15,1505,1520,0.1532347635317601
15,1501,1516,0.15324159685233937
13,1499,1512,0.15324800150872442
12,1494,1506,0.15326016207606297
12,1497,1509,0.15327475112962335
12,1506,1518,0.15328833921322615
14,1511,1525,0.1533011035584408
14,1504,1518,0.15330689089985428
14,1507,1521,0.15331235617181938
12,1496,1508,0.15331751589335407
12,1497,1509,0.1533287107054131
14,1491,1505,0.15333921145783053
16,1489,1505,0.15334273376844765
15,1490,1505,0.15333978386911903
15,1493,1508,0.1533402267778044
15,1501,1516,0.1533406651664631
16,1491,1507,0.15334109103077803
16,1488,1504,0.15333834027563745
16,1484,1500,0.1533359021885631
18,1482,1500,0.15333359413205297
18,1489,1507,0.15332523034322093
19,1496,1515,0.15331757741889226
18,1483,1501,0.15330743450310652
18,1500,1518,0.15330094145641104
18,1500,1518,0.153294854500915
20,1500,1520,0.15328915367001833
20,1495,1515,0.1532774834528217
20,1505,1525,0.15326657287196954
20,1508,1528,0.15325635581014696
21,1513,1534,0.15324678468270445
21,1512,1533,0.15323468095669848
22,1500,1522,0.15322335639127854
23,1490,1513,0.15320968161730336
23,1477,1500,0.15319381849283273
23,1471,1494,0.15317894071754837
23,1473,1496,0.153165009870376
23,1469,1492,0.15315196671187847
21,1501,1522,0.15313975186038548
23,1493,1516,0.1531342816988072
24,1488,1512,0.15312298969609214
24,1482,1506,0.15310938538549201
24,1480,1504,0.15309652423358971
23,1484,1507,0.1530845485032583
23,1499,1522,0.15307640489875746
23,1497,1520,0.15306876262655936
22,1498,1520,0.15306159207641945
23,1492,1515,0.15305796162415375
23,1489,1512,0.15305146661202176
23,1497,1520,0.1530453842269232
23,1507,1530,0.15303966406587066
24,1501,1525,0.1530342595406345
23,1497,1520,0.15302612168881877
23,1494,1517,0.15302160917462987
21,1489,1510,0.15301728613318763
22,1493,1515,0.15301928996185443
22,1491,1513,0.15301811787154582
21,1491,1512,0.15301704666529176
23,1500,1523,0.15301908768876563
21,1509,1530,0.15301473817776412
19,1496,1515,0.15301682236276817
19,1488,1507,0.1530249372807651
19,1495,1514,0.15303248465250133
22,1485,1507,0.15303954429599506
23,1494,1517,0.15303683869390808
23,1489,1512,0.15303126886000268
23,1499,1522,0.15302610556559343
24,1494,1518,0.15302129751386576
25,1498,1523,0.15301371722338275
24,1483,1507,0.15300357466223558
24,1493,1517,0.15299717460091933
23,1488,1511,0.1529911749277322
23,1491,1514,0.1529886123502838
22,1497,1519,0.15298627389667066
22,1487,1509,0.152987161353889
22,1496,1518,0.1529880164728476
22,1500,1522,0.15298878914315195
21,1491,1512,0.1529894105214763
21,1496,1517,0.15299296360771802
22,1493,1515,0.1529963548808624
22,1488,1510,0.1529964936428935
24,1489,1513,0.1529966882752554
23,1492,1515,0.15299062596382323
24,1509,1533,0.15298800677207455
24,1506,1530,0.1529824100019619
25,1497,1522,0.15297718282744352
25,1497,1522,0.15296926672730882
23,1492,1515,0.15296187937343853
23,1481,1504,0.15296106043075777
23,1480,1503,0.15296025429697405
23,1482,1505,0.15295947690192754
23,1490,1513,0.1529587328161759
23,1488,1511,0.1529580580445103
25,1493,1518,0.15295742170985144
25,1509,1534,0.15295066317479666
22,1505,1527,0.15294436388828767
21,1510,1531,0.15294755024370477
21,1501,1522,0.1529536549175123
22,1500,1522,0.1529593671398325
23,1498,1521,0.15296165839052273
24,1499,1523,0.1529607377517658
23,1500,1523,0.15295672940416788
23,1505,1528,0.15295601976874074
23,1504,1527,0.1529554112184091
23,1499,1522,0.1529547876294011
21,1490,1511,0.1529542167177713
20,1500,1520,0.1529598040598267
21,1485,1506,0.15296803392312594
22,1489,1511,0.15297267117483354
22,1490,1512,0.15297391904213023
22,1488,1510,0.15297511336652672
23,1488,1511,0.15297624177591335
22,1484,1506,0.15297416798343585
23,1481,1504,0.15297533628199667
23,1480,1503,0.15297333904950455
23,1483,1506,0.1529714834696202
21,1495,1516,0.15296974478384254
21,1499,1520,0.15297424034386142
21,1503,1524,0.1529784199219517
21,1493,1514,0.15298232672552795
21,1498,1519,0.15298598174664968
21,1503,1524,0.15298940287918789
21,1506,1527,0.15299260624328767
22,1496,1518,0.15299560655517622
22,1496,1518,0.15299535287572927
20,1489,1509,0.15299513634849402
19,1500,1519,0.15300119307229262
17,1503,1520,0.1530099342618332
17,1497,1514,0.15302426180112053
17,1491,1508,0.1530376702674904
18,1495,1513,0.15305023954430153
18,1497,1515,0.15305887799960874
18,1495,1513,0.15306699131278936
16,1503,1519,0.15307468222569465
15,1503,1518,0.1530881165897872
15,1512,1527,0.15310380169566024
15,1513,1528,0.1531185135732403
15,1503,1518,0.15313231647026054
15,1501,1516,0.15314526839846096
15,1485,1500,0.15315742340424301
16,1489,1505,0.15316883177329108
16,1495,1511,0.1531763663626583
16,1505,1521,0.15318345030529623
16,1504,1520,0.15319003208963974
16,1507,1523,0.15319620876971313
16,1508,1524,0.15320200930351338
16,1507,1523,0.15320745631896165
16,1505,1521,0.15321257095595037
17,1499,1516,0.15321737330218466
17,1503,1520,0.15321877143304521
17,1504,1521,0.1532201092414675
17,1495,1512,0.15322137717237114
17,1494,1511,0.15322257624214308
17,1494,1511,0.15322370860862944
17,1482,1499,0.1532248054911934
16,1494,1510,0.153225834668567
14,1493,1507,0.1532299113767804
13,1499,1512,0.15324006519116945
14,1495,1509,0.1532527635931485
14,1492,1506,0.15326148929865088
13,1493,1506,0.15326969064880752
14,1493,1507,0.15328048864675098
13,1508,1521,0.1532875120345241
14,1496,1510,0.1532971968314433
12,1500,1512,0.15330308849699628
12,1507,1519,0.1533149808996347
12,1510,1522,0.15332613776071607
12,1507,1519,0.15333660292731655
12,1505,1517,0.15334642095856585
13,1507,1520,0.1533556341546012
13,1496,1509,0.15336115112005097
12,1506,1518,0.15336633948173378
12,1516,1528,0.1533744234576547
12,1527,1539,0.15338200807760016
12,1517,1529,0.15338912799654728
13,1513,1526,0.15339581466586208
13,1505,1518,0.15339896430336475
14,1507,1521,0.1534019455562453
14,1503,1517,0.15340159220433766
14,1504,1518,0.15340129041201142
14,1505,1519,0.1534010248454586
14,1504,1518,0.1534007888708095
14,1500,1514,0.15340057779219013
13,1522,1535,0.15340038796318103
12,1517,1529,0.153403368384106
13,1503,1516,0.1534093551522856
13,1508,1521,0.15341184949114395
15,1511,1526,0.1534141993787753
14,1520,1534,0.15341016343472735
14,1521,1535,0.15340963215280135
14,1509,1523,0.15340916620847517
14,1504,1518,0.1534087503165703
14,1506,1520,0.15340837629940188
13,1505,1518,0.1534080378977358
12,1504,1516,0.1534108159877407
13,1497,1510,0.15341652360932334
12,1500,1512,0.1534187571818444
11,1511,1522,0.15342406538849837
12,1511,1523,0.15343225202663807
12,1505,1517,0.1534368315609605
12,1508,1520,0.15344115345484288
13,1499,1512,0.1534452243852747
13,1496,1509,0.15344583638683423
14,1501,1515,0.15344642666595765
13,1492,1505,0.1534439262854779
14,1510,1524,0.15344469831149626
14,1499,1513,0.15344232368528277
13,1494,1507,0.15344011372659572
14,1492,1506,0.1534412614053742
15,1494,1509,0.15343912983337085
15,1494,1509,0.15343405527243006
15,1495,1510,0.1534293322221947
15,1501,1516,0.15342491793199362
14,1491,1505,0.15342078589830568
14,1492,1506,0.1534199484354366
14,1495,1509,0.1534191447548654
13,1494,1507,0.15341837709240017
12,1495,1507,0.15342069772009903
12,1509,1521,0.15342606074664494
12,1512,1524,0.1534310667547781
12,1492,1504,0.15343574990151843
12,1497,1509,0.15344021601064292
13,1496,1509,0.15344441361275477
13,1491,1504,0.15344523727884432
13,1494,1507,0.15344602455048187
13,1492,1505,0.1534467753546215
12,1500,1512,0.15344748879057274
13,1488,1501,0.15345118946970093
14,1488,1502,0.15345160936552787
14,1486,1500,0.15344889934436914
14,1491,1505,0.1534463895913705
14,1495,1509,0.1534440537419382
14,1519,1533,0.15344187499197573
13,1509,1522,0.15343983986326573
12,1502,1514,0.15344098072982032
12,1486,1498,0.15344507502452256
11,1487,1498,0.1534488900546265
11,1502,1513,0.15345549241434647
12,1499,1511,0.1534616629343156
13,1487,1500,0.15346435666489472
13,1485,1498,0.15346367566449315
14,1492,1506,0.15346305488161796
13,1502,1515,0.15345942194873077
14,1502,1516,0.15345908704688874
14,1502,1516,0.15345570199292882
14,1494,1508,0.15345254390750893
14,1493,1507,0.15344959201084596
14,1495,1509,0.15344682919780622
14,1497,1511,0.15344424111039068
16,1490,1506,0.15344181520740022
15,1488,1503,0.1534332116390996
15,1494,1509,0.1534282711132212
16,1503,1519,0.15342362430514786
16,1500,1516,0.15341612103431215
16,1493,1509,0.15340909347276413
16,1498,1514,0.1534025045549022
15,1493,1508,0.15339632468796574
14,1503,1517,0.15339372904428644
14,1509,1523,0.15339438393201799
14,1516,1530,0.15339482609885527
14,1501,1515,0.1533952274780634
15,1506,1521,0.15339558874224088
13,1506,1519,0.1533928577504374
12,1509,1521,0.15339661338629337
12,1490,1502,0.15340318909958228
11,1490,1501,0.15340932698064708
12,1477,1489,0.15341814465933465
12,1480,1492,0.15342331143165233
13,1486,1499,0.1534281675110279
13,1473,1486,0.1534296438266912
12,1474,1486,0.15343105065763707
12,1482,1494,0.1534355358975223
12,1481,1493,0.15343974964368212
11,1495,1506,0.15344370756416978
10,1515,1525,0.1534506328820954
12,1504,1516,0.15346034201198974
12,1508,1520,0.1534630128209033
12,1506,1518,0.15346554005927246
13,1500,1513,0.15346792149432775
11,1505,1516,0.15346710107764086
11,1507,1518,0.15347254276544894
11,1512,1523,0.15347761882516417
12,1518,1530,0.1534823874301461
12,1514,1526,0.15348379029498166
12,1505,1517,0.15348513101215583
11,1504,1515,0.15348640224124985
11,1514,1525,0.15349071957172616
10,1493,1503,0.15349475482128494
11,1503,1514,0.15350174310505815
11,1507,1518,0.15350515745240106
13,1498,1511,0.15350838210081308
13,1493,1506,0.15350520179954666
11,1498,1509,0.1535022788829945
11,1496,1507,0.15350582968416654
11,1503,1514,0.15350915509130628
10,1507,1517,0.15351227533273
10,1492,1502,0.15351844190380606
11,1486,1497,0.15352423205639082
11,1485,1496,0.15352656807936949
11,1498,1509,0.15352878563315134
10,1496,1506,0.1535308887635043
11,1500,1511,0.15353596875927916
12,1514,1526,0.1535376413949551
12,1518,1530,0.15353611133814163
12,1510,1522,0.15353471652256498
13,1504,1517,0.1535334341665558
13,1503,1516,0.1535292175452497
12,1510,1522,0.15352531321641869
11,1510,1521,0.1535247610389084
12,1513,1525,0.1535273034192765
12,1514,1526,0.1535265725916258
12,1514,1526,0.15352588517265825
13,1511,1524,0.15352524220509933
12,1527,1539,0.15352159079755107
12,1514,1526,0.1535212375895121
12,1513,1525,0.15352090168809046
12,1492,1504,0.15352058166924282
12,1478,1490,0.15352027874461724
13,1495,1508,0.1535199929145695
13,1494,1507,0.15351667568142563
13,1494,1507,0.15351359373181597
14,1513,1527,0.15351072025187296
13,1504,1517,0.153504903478448
14,1500,1514,0.15350253443894696
14,1503,1517,0.15349718587561376
14,1504,1518,0.15349216404967836
12,1496,1508,0.153487488183256
13,1486,1499,0.15348929196139707
14,1494,1508,0.15348783243997605
14,1513,1527,0.15348338007155776
13,1514,1527,0.15347923298764463
13,1522,1535,0.15347836529269887
12,1514,1526,0.15347753134933126
11,1510,1521,0.15347981464679936
12,1504,1516,0.1534850444265761
9,1509,1518,0.15348679529414863
12,1509,1521,0.15349764241893463
14,1513,1527,0.1534984450502738
13,1511,1524,0.15349314594014477
14,1523,1537,0.15349127189371603
14,1510,1524,0.15348646889933437
14,1505,1519,0.1534820082601666
13,1503,1516,0.15347784792474164
13,1506,1519,0.15347701068568292
13,1511,1524,0.15347620441074908
12,1518,1530,0.15347543764274438
12,1515,1527,0.15347774979368947
12,1518,1530,0.15347989748726032
12,1514,1526,0.153481894851844
12,1515,1527,0.15348375703785164
12,1509,1521,0.15348549619305454
13,1508,1521,0.1534871224906685
12,1495,1507,0.15348554629855538
13,1507,1520,0.15348718062026717
13,1509,1522,0.15348567725046966
14,1511,1525,0.1534842986885411
14,1504,1518,0.1534799366953707
13,1498,1511,0.15347589043575907
13,1506,1519,0.1534752054541489
12,1504,1516,0.15347455339431662
12,1513,1525,0.1534770771392954
12,1509,1521,0.15347943055513208
11,1502,1513,0.15348163029303893
11,1514,1525,0.15348678264816518
12,1509,1521,0.15349159034636897
11,1505,1516,0.1534929106173802
11,1502,1513,0.15349724511750995
12,1509,1521,0.15350123450435946
12,1496,1508,0.15350187752251898
12,1493,1505,0.15350250154077905
12,1504,1516,0.1535030973437362
12,1501,1513,0.15350366317290462
12,1511,1523,0.15350419870993276
12,1509,1521,0.15350470444956452
12,1521,1533,0.1535051813467638
13,1518,1531,0.15350563060109113
13,1528,1541,0.15350291534371968
13,1523,1536,0.15350036381434765
13,1518,1531,0.15349798886524696
12,1507,1519,0.1534957712241572
11,1508,1519,0.15349674619814027
14,1507,1521,0.15350072228849926
13,1494,1507,0.15349518916629304
12,1491,1503,0.1534931467593809
12,1498,1510,0.15349440631873754
12,1494,1506,0.1534955814704053
12,1508,1520,0.15349667972947523
13,1520,1533,0.15349770706680896
13,1513,1526,0.15349563181843714
13,1508,1521,0.15349371762691025
13,1512,1525,0.15349190607835367
13,1520,1533,0.15349021073381552
13,1519,1532,0.15348862396628757
12,1514,1526,0.15348713826238913
13,1518,1531,0.15348882543443762
13,1522,1535,0.15348730070825187
14,1516,1530,0.153485797312587
13,1513,1526,0.15348134064093413
14,1496,1510,0.15348032392004785
14,1488,1502,0.15347621541205175
14,1507,1521,0.1534723930855834
14,1522,1536,0.15346881865200984
13,1518,1531,0.15346547256841137
13,1509,1522,0.15346537536780286
13,1510,1523,0.15346526958228054
14,1495,1509,0.15346515600782434
13,1494,1507,0.1534619775805637
15,1501,1516,0.15346205738781615
15,1513,1528,0.15345601321127245
15,1513,1528,0.153450397510057
15,1511,1526,0.1534451609248814
16,1510,1526,0.15344026842550762
16,1513,1529,0.15343268922984094
16,1506,1522,0.15342563055798908
14,1505,1519,0.1534190416865554
13,1504,1517,0.15341900429378122
13,1513,1526,0.15342198194728252
13,1511,1524,0.15342468543187274
14,1499,1513,0.1534272243701956
14,1504,1518,0.1534263860505295
14,1500,1514,0.15342559280355805
12,1499,1511,0.15342484193734013
11,1502,1513,0.15343024533395241
12,1504,1516,0.15343831452859666
12,1507,1519,0.15344282314978114
12,1509,1521,0.15344705160894068
12,1508,1520,0.15345101619364654
11,1512,1523,0.15345473325957518
12,1523,1535,0.15346123980573864
12,1522,1534,0.15346429024096617
12,1521,1533,0.15346716456064924
12,1526,1538,0.1534698688813881
12,1512,1524,0.15347241086655664
12,1505,1517,0.15347479909472164
12,1513,1525,0.1534770422977653
13,1499,1512,0.15347900455237343
13,1492,1505,0.15347779094220065
14,1506,1520,0.15347666993608688
14,1504,1518,0.1534724737956691
14,1508,1522,0.1534685646681202
12,1518,1530,0.15346491520367245
13,1491,1504,0.1534676478507092
14,1494,1508,0.15346701883993827
13,1520,1533,0.15346332455200506
13,1516,1529,0.15346294301478572
13,1521,1534,0.15346257931540816
13,1498,1511,0.1534622287803802
14,1501,1515,0.15346189403464922
14,1516,1530,0.15345850193727198
13,1513,1526,0.15345534054973592
12,1487,1499,0.1534556181155062
12,1498,1510,0.15345903118053777
11,1506,1517,0.15346222552769642
12,1505,1517,0.15346827671874752
13,1499,1512,0.15347087220751615
13,1508,1521,0.15347012437534183
14,1501,1515,0.1534694298415194
13,1493,1506,0.1534657234793012
13,1497,1510,0.15346533879489693
13,1490,1503,0.15346511429130782
12,1495,1507,0.15346492429582792
12,1507,1519,0.15346793251543822
12,1487,1499,0.15347075650392344
12,1500,1512,0.1534734054653977
12,1498,1510,0.15347589012064378
11,1492,1503,0.1534782211689792
11,1500,1511,0.15348345353672152
12,1500,1512,0.15348834861494423
11,1496,1507,0.1534898223693284
10,1489,1499,0.1534942456552866
11,1499,1510,0.15350147274154324
11,1483,1494,0.1535051190288687
11,1484,1495,0.15350855059321566
12,1502,1514,0.15351177474924768
12,1500,1512,0.15351176487284632
13,1494,1507,0.1535117922374668
13,1498,1511,0.1535087823955217
13,1500,1513,0.15350600150641994
13,1511,1524,0.15350342084516871
13,1505,1518,0.15350101818897316
13,1513,1526,0.15349877642229845
13,1497,1510,0.15349668169334368
13,1493,1506,0.15349472234436776
12,1508,1520,0.15349288826723081
12,1491,1503,0.15349424342221737
12,1485,1497,0.15349548584619419
12,1497,1509,0.15349663619655335
12,1507,1519,0.1534977063857986
11,1508,1519,0.15349870493699894
11,1505,1516,0.15350265583096043
11,1506,1517,0.1535063359816112
12,1505,1517,0.15350977040636316
12,1503,1515,0.15350994966336676
12,1502,1514,0.15351014538404675
11,1518,1529,0.15351034510380482
11,1530,1541,0.15351358944047747
11,1527,1538,0.15351662275281586
11,1525,1536,0.15351945788355484
11,1529,1540,0.15352211102856056
11,1520,1531,0.1535245962297646
9,1518,1527,0.1535269257152046
10,1516,1526,0.15353525929247477
10,1504,1514,0.15353993569588592
11,1487,1498,0.15354432320086275
11,1494,1505,0.15354536525115706
12,1488,1500,0.15354637676250232
11,1488,1499,0.15354427296274392
11,1489,1500,0.15354550646632723
11,1498,1509,0.15354667641923006
11,1509,1520,0.15354778031334387
11,1505,1516,0.15354882013433285
11,1506,1517,0.15354979887489967
12,1513,1525,0.1535507197632875
12,1513,1525,0.1535484459742309
11,1501,1512,0.15354634023001382
12,1501,1513,0.15354751432210476
12,1496,1508,0.15354541176873915
12,1505,1517,0.15354344157560987
12,1504,1516,0.15354159337561765
12,1509,1521,0.15353986045566587
12,1505,1517,0.15353823586176463
12,1520,1532,0.15353671268787797
13,1522,1535,0.15353528433961486
13,1523,1536,0.15353083512874333
12,1511,1523,0.15352669322628237
11,1493,1504,0.15352600500593844
12,1491,1503,0.1535284044324523
12,1493,1505,0.15352758199230426
12,1490,1502,0.1535268209628632
13,1491,1504,0.15352611451636772
13,1496,1509,0.15352235249283488
13,1497,1510,0.15351884903439494
11,1503,1514,0.15351538934287212
11,1509,1520,0.1535183128416053
11,1512,1523,0.15352100469606886
11,1510,1521,0.1535235670249987
12,1505,1517,0.15352595985769668
12,1494,1506,0.15352504951667054
12,1505,1517,0.15352421153135737
11,1497,1508,0.1535234340391742
13,1508,1521,0.15352588010240728
13,1519,1532,0.15352188299780667
14,1509,1523,0.15351817248335045
14,1510,1524,0.15351148713259535
15,1502,1517,0.1535052535005082
15,1504,1519,0.15349625978042528
16,1502,1518,0.1534878522690436
15,1504,1519,0.153476842949537
14,1508,1522,0.15346965526923037
14,1507,1521,0.1534660430511132
14,1495,1509,0.15346263449564218
14,1507,1521,0.15345942319857214
15,1516,1531,0.1534564005416359
15,1504,1519,0.1534504756780173
13,1501,1514,0.1534448708915384
13,1495,1508,0.15344566066979687
12,1489,1501,0.1534463657608277
13,1493,1506,0.15345007694264157
13,1491,1504,0.15345046544759222
12,1483,1495,0.15345082366337945
11,1486,1497,0.15345426108862828
12,1487,1499,0.1534605592060376
13,1478,1491,0.1534633296374653
14,1493,1507,0.15346280020148254
15,1481,1496,0.15345922964628336
15,1483,1498,0.15345283351659753
14,1483,1497,0.15344687383622965
14,1499,1513,0.1534443750555473
16,1499,1515,0.15344201592262516
16,1497,1513,0.15343371371284664
16,1507,1523,0.15342598871864102
16,1519,1535,0.15341878312092178
16,1499,1515,0.1534120495982778
16,1493,1509,0.1534057496643128
16,1501,1517,0.15339985069096504
15,1490,1505,0.1533943241020752
15,1495,1510,0.1533922167974147
15,1501,1516,0.153390213412286
14,1491,1505,0.15338831823754995
15,1503,1518,0.15338962215391977
15,1507,1522,0.1533877169771096
15,1506,1521,0.15338593911791815
14,1507,1521,0.15338427378109767
15,1510,1525,0.15338584593066035
15,1520,1535,0.15338416721717138
15,1517,1532,0.15338256751486729
14,1509,1523,0.15338111488627337
13,1506,1519,0.15338284804638536
14,1495,1509,0.15338750553459599
14,1499,1513,0.15338878514153428
15,1491,1506,0.1533900368005395
15,1495,1510,0.15338809368652595
15,1483,1498,0.1533862968840502
15,1486,1501,0.15338462857652246
15,1487,1502,0.15338307133035453
15,1497,1512,0.1533816149481394
15,1507,1522,0.15338025224406834
12,1518,1530,0.1533789764609491
12,1518,1530,0.15338706239451577
13,1509,1522,0.15339461350405506
14,1497,1511,0.15339857692819373
14,1483,1497,0.15339914905420493
14,1483,1497,0.1533997013172262
13,1483,1496,0.15340022603661357
13,1493,1506,0.15340374672135454
14,1491,1505,0.15340703420859142
14,1485,1499,0.1534069398576911
13,1494,1507,0.15340685684510885
12,1500,1512,0.15340984368767788
10,1500,1510,0.15341560682902006
11,1506,1517,0.15342723134241215
10,1500,1510,0.1534349647488059
11,1499,1510,0.1534453708969124
12,1503,1515,0.1534520029959549
12,1507,1519,0.15345508848873599
13,1510,1523,0.1534580102830539
13,1503,1516,0.15345764800863448
13,1509,1522,0.15345733822420807
13,1506,1519,0.15345706628389505
13,1506,1519,0.15345689079644764
13,1504,1517,0.15345673760969722
11,1503,1514,0.1534566041418365
11,1514,1525,0.15346271399854547
12,1510,1522,0.15346843270453167
12,1503,1515,0.15347070143282507
12,1498,1510,0.1534728371007863
12,1500,1512,0.15347484873162032
11,1507,1518,0.15347674225107566
11,1512,1523,0.15348163608710522
10,1499,1509,0.1534862114610304
10,1499,1509,0.15349366505138373
10,1499,1509,0.1535006496190813
9,1501,1510,0.15350720020289432
8,1512,1520,0.15351645103368244
8,1520,1528,0.15352828732625248
8,1514,1522,0.15353938073787493
7,1531,1538,0.15354978673331504
7,1532,1539,0.15356272400871943
7,1523,1530,0.1535748237946499
7,1523,1530,0.15358619684364352
7,1525,1532,0.1535968753897978
6,1523,1529,0.15360690268235414
6,1521,1527,0.1536195218543552
6,1518,1524,0.15363136999859467
6,1517,1523,0.15364249705485772
6,1516,1522,0.15365294843192176
5,1511,1516,0.15366276627454642
5,1512,1517,0.15367516260232095
5,1509,1514,0.15368679405615737
5,1508,1513,0.15369771637943297
5,1503,1508,0.15370797674512032
5,1520,1525,0.1537176172642645
6,1518,1524,0.15372667648304897
6,1502,1508,0.15373204353826675
6,1507,1513,0.1537371021362992
6,1523,1529,0.15374186770232143
6,1499,1505,0.15374635419375324
6,1501,1507,0.15375057591723987
6,1512,1518,0.1537545472493652
6,1519,1525,0.15375828228392568
6,1526,1532,0.15376179461512512
6,1509,1515,0.15376509722896578
6,1505,1511,0.15376820245906736
6,1514,1520,0.15377112197830667
5,1508,1513,0.15377386680992294
6,1511,1517,0.1537796540264189
6,1509,1515,0.15378194254238264
5,1500,1505,0.153784103696464
5,1503,1508,0.15378929589212273
5,1498,1503,0.15379416330664925
5,1515,1520,0.15379873147379347
5,1516,1521,0.15380302044369729
4,1517,1521,0.15380704850282756
5,1514,1519,0.1538139702230957
5,1519,1524,0.1538173187286443
5,1523,1528,0.153820470631376
5,1518,1523,0.15382343720037425
5,1513,1518,0.15382622762707077
5,1512,1517,0.15382885144945213
5,1510,1515,0.1538313181955587
5,1499,1504,0.1538336370881397
5,1498,1503,0.15383581691683054
5,1496,1501,0.15383786599748586
5,1514,1519,0.1538397921703206
5,1519,1524,0.15384160281456377
6,1509,1515,0.15384330486973202
5,1510,1515,0.15384171681008635
5,1509,1514,0.153843387023249
6,1503,1509,0.153844957771371
6,1502,1508,0.1538432822235106
6,1517,1523,0.15384172363215853
6,1512,1518,0.15384027075218137
6,1512,1518,0.15383891266882008
6,1513,1519,0.15383764098556096
6,1509,1515,0.1538364067261175
6,1503,1509,0.15383521437733308
7,1520,1527,0.1538341020990244
7,1516,1523,0.15382990046144662
7,1521,1528,0.1538259773400015
7,1526,1533,0.15382230467547298
7,1523,1530,0.15381886278197032
7,1518,1525,0.15381563476500654
8,1519,1527,0.15381260581087663
8,1506,1514,0.1538065866005758
8,1514,1522,0.15380095746295142
8,1517,1525,0.15379568159799537
8,1509,1517,0.15379073228138593
7,1506,1513,0.15378608714525085
7,1498,1505,0.1537848594699367
7,1502,1509,0.1537836874482624
6,1520,1526,0.1537825752064656
5,1520,1525,0.153784664750256
5,1505,1510,0.1537897922189949
5,1510,1515,0.15379456521958793
5,1510,1515,0.15379907417330124
5,1506,1511,0.15380329725779734
5,1515,1520,0.15380726110549106
5,1506,1511,0.1538109829787908
5,1514,1519,0.15381447827524677
4,1510,1514,0.15381776124276123
4,1512,1516,0.1538239990305198
4,1503,1507,0.15382986098599216
4,1504,1508,0.1538353636563317
4,1491,1495,0.15384053043183132
4,1484,1488,0.15384538326695782
4,1509,1513,0.15384994225255746
4,1503,1507,0.1538542258533007
4,1504,1508,0.15385825115227628
4,1508,1512,0.15386203403310492
5,1496,1501,0.15386558931331742
5,1504,1509,0.153865713061467
5,1502,1507,0.153865850691652
5,1512,1517,0.15386598919928837
5,1515,1520,0.1538661239298293
5,1515,1520,0.15386625314803004
4,1505,1509,0.1538663762378847
4,1499,1503,0.15386971891797477
4,1495,1499,0.15387285612154813
4,1495,1499,0.1538758023254273
4,1506,1510,0.1538785691594196
4,1495,1499,0.15388116788969547
4,1505,1509,0.15388360912525006
4,1493,1497,0.15388590274145098
4,1501,1505,0.1538880579163049
4,1507,1511,0.15389008319229863
4,1526,1530,0.15389198653632521
4,1525,1529,0.15389377539167703
4,1513,1517,0.15389545672221872
4,1525,1529,0.153897037050177
4,1510,1514,0.1538985224889732
5,1501,1506,0.1538999187722188
5,1514,1519,0.1538980561742489
5,1526,1531,0.15389632362240102
5,1526,1531,0.1538947024698696
4,1516,1520,0.15389318223081971
4,1503,1507,0.1538949547171205
4,1516,1520,0.1538966062700914
4,1509,1513,0.15389815133370469
4,1515,1519,0.15389959946713808
4,1513,1517,0.15390095822862648
5,1509,1514,0.1539022339387319
5,1497,1502,0.1539002545649338
5,1500,1505,0.1538984731302347
5,1501,1506,0.15389681497610458
5,1513,1518,0.1538952666516948
5,1516,1521,0.1538938175640356
5,1524,1529,0.15389245952764732
6,1514,1520,0.15389118581270506
6,1499,1505,0.15388682739332954
6,1515,1521,0.15388275503251492
6,1518,1524,0.15387890244781036
6,1506,1512,0.15387528845242499
6,1488,1494,0.15387190333562728
6,1499,1505,0.15386872998111134
6,1506,1512,0.15386575298812638
6,1513,1519,0.15386295882876655
5,1513,1518,0.15386033540979355
5,1512,1517,0.15386104035606635
5,1522,1527,0.15386169076347708
5,1515,1520,0.15386229408565721
5,1521,1526,0.1538628556146987
5,1504,1509,0.1538633796770886
5,1497,1502,0.15386386968916888
5,1516,1521,0.15386432843678155
5,1516,1521,0.15386475828050844
5,1534,1539,0.1538651612822344
5,1534,1539,0.15386553928204852
5,1532,1537,0.15386589394638722
5,1532,1537,0.15386622679955844
5,1535,1540,0.15386653924542812
5,1520,1525,0.1538668325830842
5,1508,1513,0.15386710801868378
5,1513,1518,0.15386736667479003
5,1505,1510,0.15386760959799944
5,1512,1517,0.1538678377653608
5,1508,1513,0.15386805208990795
5,1508,1513,0.1538682534255197
6,1507,1513,0.15386844257124974
6,1512,1518,0.1538654392581329
6,1516,1522,0.15386264489955365
6,1504,1510,0.15386002714956185
6,1504,1510,0.15385757136393863
7,1507,1514,0.15385526636498376
7,1509,1516,0.15384993481066098
7,1508,1515,0.1538449595307315
6,1509,1515,0.15384029949160347
6,1506,1512,0.15383908175802424
6,1501,1507,0.15383792382394124
6,1508,1514,0.15383682776634322
7,1492,1499,0.15383579316669213
7,1490,1497,0.15383163505331235
7,1500,1507,0.15382774260488977
6,1503,1509,0.15382409432898864
6,1511,1517,0.1538237864369212
6,1499,1505,0.15382348556522107
6,1502,1508,0.15382319666622485
6,1496,1502,0.15382292247328017
6,1496,1502,0.15382266315897747
6,1506,1512,0.15382241824514745
6,1520,1526,0.1538221870869934
7,1519,1526,0.1538219690061358
7,1519,1526,0.15381863348945557
7,1501,1508,0.15381547563430276
7,1499,1506,0.15381258149229207
6,1488,1494,0.15380986839390345
6,1492,1498,0.15381043428027938
6,1499,1505,0.15381095050184165
6,1491,1497,0.1538114267374908
6,1496,1502,0.15381186980991007
6,1495,1501,0.1538122833790302
4,1514,1518,0.15381267003694304
4,1516,1520,0.15381932649899188
3,1507,1510,0.1538255406746999
4,1507,1511,0.15383451238552265
4,1514,1518,0.15383976373259822
4,1510,1514,0.15384471358470644
4,1508,1512,0.15384936431432358
4,1514,1518,0.1538537332898602
4,1525,1529,0.15385783799770794
4,1521,1525,0.15386169483215098
4,1522,1526,0.1538653190674582
4,1507,1511,0.15386872495364
4,1514,1518,0.15387192581011702
4,1514,1518,0.15387493410451059
4,1521,1525,0.1538777615189864
4,1514,1518,0.15388041900747926
4,1516,1520,0.15388291684620387
4,1508,1512,0.15388526467903993
4,1505,1509,0.15388747155883306
4,1497,1501,0.1538895459853183
4,1505,1509,0.15389149594016072
4,1514,1518,0.1538933289194715
4,1523,1527,0.15389505196407494
4,1514,1518,0.15389667168773982
4,1518,1522,0.1538981943035536
4,1521,1525,0.1538996256485865
4,1531,1535,0.1539009712069762
4,1526,1530,0.15390223613154577
4,1517,1521,0.1539034252640579
4,1525,1529,0.15390454315419838
4,1529,1533,0.15390559407737306
3,1531,1534,0.1539065820513975
3,1506,1509,0.15391070714254984
3,1517,1520,0.15391456567194958
3,1529,1532,0.1539181869615261
3,1522,1525,0.15392158899198377
3,1510,1513,0.15392478618659083
3,1514,1517,0.15392779134452067
3,1514,1517,0.1539306162195512
3,1516,1519,0.15393327174425359
3,1511,1514,0.15393576814115928
3,1518,1521,0.15393811499173898
4,1506,1510,0.1539403212871739
4,1499,1503,0.15393920458854335
4,1496,1500,0.15393817554141598
4,1509,1513,0.15393720939929822
4,1526,1530,0.15393630167412956
4,1530,1534,0.1539354489191437
4,1525,1529,0.1539346478758616
4,1533,1537,0.15393389543097677
4,1529,1533,0.15393318862961483
3,1524,1527,0.1539325246825287
3,1520,1523,0.15393509679410083
3,1523,1526,0.15393752148383058
3,1525,1528,0.15393979775894512
3,1513,1516,0.15394193494087546
3,1519,1522,0.1539439422722629
3,1518,1521,0.1539458281520461
3,1511,1514,0.15394760024543486
3,1498,1501,0.1539492656182512
3,1517,1520,0.15395083082919675
3,1520,1523,0.15395230199243776
3,1526,1529,0.1539536848228339
3,1515,1518,0.15395498467096416
2,1517,1519,0.15395620655182787
3,1507,1510,0.15396056105492506
3,1514,1517,0.15396142383783884
3,1509,1512,0.15396225540389988
3,1507,1510,0.15396304035826908
3,1503,1506,0.15396377904046232
3,1513,1516,0.15396447372546745
3,1518,1521,0.15396512691830233
3,1520,1523,0.1539657410644773
3,1528,1531,0.15396631848898487
3,1526,1529,0.15396686138558333
3,1530,1533,0.15396737181916095
3,1516,1519,0.15396785173168837
3,1526,1529,0.15396830294901276
3,1525,1528,0.15396872718764168
3,1512,1515,0.15396912606125168
3,1503,1506,0.15396950108684831
3,1495,1498,0.15396985369056929
3,1498,1501,0.15397018521314268
3,1505,1508,0.15397049691501863
3,1501,1504,0.15397078998119226
3,1493,1496,0.15397106552573667
3,1488,1491,0.15397132459606225
3,1505,1508,0.1539715681769193
3,1509,1512,0.15397179719415843
3,1511,1514,0.15397201251826445
3,1510,1513,0.1539722149676757
3,1507,1510,0.15397240531190373
3,1517,1520,0.15397258427446406
4,1523,1527,0.15397275253563042
4,1530,1534,0.15396972364542225
4,1517,1521,0.15396690032761307
4,1511,1515,0.15396424889002597
4,1515,1519,0.1539617575610471
3,1512,1515,0.15395941651399084
3,1503,1506,0.15396040333170563
3,1498,1501,0.15396130863194993
2,1506,1508,0.1539621556701482
2,1523,1525,0.15396613550265073
2,1521,1523,0.1539698613834832
3,1526,1529,0.15397336552279983
3,1526,1529,0.15397347435176165
3,1522,1525,0.15397359450310474
3,1521,1524,0.15397370821663875
3,1513,1516,0.15397381516304898
4,1516,1520,0.15397391577167946
4,1516,1520,0.15397080608877378
5,1517,1522,0.1539679033355414
5,1521,1526,0.1539620013720572
6,1518,1524,0.15395647612388025
6,1513,1519,0.15394811317044474
6,1510,1516,0.1539402946950084
6,1521,1527,0.15393296278721671
6,1513,1519,0.15392608254657408
6,1507,1513,0.15391962424620848
5,1503,1508,0.15391356086630817
5,1502,1507,0.15391104002457426
5,1510,1515,0.15390865654062935
6,1511,1517,0.1539064162727375
6,1495,1501,0.15390121814522842
7,1511,1518,0.1538963455976472
7,1513,1520,0.15388864191527885
7,1521,1528,0.15388144629614645
7,1521,1528,0.15387470406295137
8,1519,1527,0.15386838120716687
8,1511,1519,0.15385931041135792
8,1514,1522,0.15385082878672718
7,1514,1521,0.15384288191055062
7,1517,1524,0.15383854349558554
7,1510,1517,0.15383444194702872
6,1521,1527,0.15383058275367512
4,1506,1510,0.1538300314161822
4,1501,1505,0.15383565497916737
4,1519,1523,0.15384092413136877
4,1518,1522,0.15384587612444528
4,1514,1518,0.15385052869659183
4,1516,1520,0.15385489935042404
4,1503,1507,0.15385900506992434
4,1517,1521,0.1538628620161073
4,1503,1507,0.15386648543062492
4,1511,1515,0.15386988963284054
4,1511,1515,0.15387308805404515
4,1507,1511,0.15387609328512705
4,1502,1506,0.1538789171277594
3,1508,1511,0.15388157064493127
3,1516,1519,0.15388723379308822
2,1523,1525,0.1538925398259898
2,1522,1524,0.15390069295605302
2,1524,1526,0.15390834067763684
2,1520,1522,0.15391552837225256
2,1503,1505,0.15392228627404075
2,1507,1509,0.15392864067323178
2,1514,1516,0.15393461581065107
2,1505,1507,0.1539402343536906
1,1506,1507,0.15394551758230715
1,1512,1513,0.1539536728823111
1,1509,1510,0.1539613409914902
1,1499,1500,0.1539685529339605
1,1503,1504,0.15397533714994102
1,1515,1516,0.1539817190170961
1,1528,1529,0.1539877221948759
1,1522,1523,0.15399336894998836
1,1536,1537,0.15399868027432326
1,1531,1532,0.15400367595797204
1,1513,1514,0.15400837465161105
1,1524,1525,0.15401279392573616
1,1519,1520,0.15401695032811855
1,1524,1525,0.15402085943946733
1,1521,1522,0.15402453592705428
1,1530,1531,0.15402799359609629
1,1518,1519,0.15403124543877894
1,1520,1521,0.15403430368087898
1,1528,1529,0.15403717982599766
1,1523,1524,0.154039884697454
1,1522,1523,0.15404242847790958
1,1516,1517,0.15404482074680959
1,1520,1521,0.15404707051573333
1,1523,1524,0.1540491862617493
1,1520,1521,0.1540511759588722
1,1526,1527,0.15405304710771672
0,1517,1517,0.15405480676344255
