1380,27,1407,0.13582144486413572
1405,27,1432,0.13294880474683804
1429,29,1458,0.13025948656540545
1430,29,1459,0.12774275695605802
1446,28,1474,0.12544723601869337
1439,30,1469,0.12331353798839319
1448,28,1476,0.12138892689645289
1446,29,1475,0.11961300561908017
1451,29,1480,0.11800108482309617
1467,30,1497,0.11652128207631879
1471,30,1501,0.11513438376588551
1466,31,1497,0.11386244362026889
1452,32,1484,0.11271674310014684
1462,30,1492,0.11170682396877048
1443,30,1473,0.11076387731225874
1447,30,1477,0.10995039355626086
1459,30,1489,0.10920030123655679
1453,30,1483,0.10848947196326321
1458,30,1488,0.10785608082344997
1469,31,1500,0.10726802066673086
1463,29,1492,0.10670784053794723
1469,30,1499,0.10621160490832054
1459,30,1489,0.10574639532162823
1470,31,1501,0.1053449840211557
1460,32,1492,0.10495522595117457
1464,33,1497,0.1046227469543281
1462,32,1494,0.10431133828959872
1460,32,1492,0.10403267497222463
1472,33,1505,0.10378363695050397
1463,32,1495,0.10353039170297722
1453,33,1486,0.10331940520117086
1464,35,1499,0.10314941646768591
1453,38,1491,0.10297040839608287
1458,36,1494,0.10283107339451028
1466,36,1502,0.10269375677372544
1464,35,1499,0.10255127807001134
1461,35,1496,0.10242606310805372
1457,35,1492,0.10231866715648259
1436,35,1471,0.10222925903288438
1436,38,1474,0.10219337779395664
1427,40,1467,0.10216084890436099
1418,42,1460,0.10215094969995128
1424,42,1466,0.1021617560618245
1435,44,1479,0.10215844078436277
1429,44,1473,0.10213136400309722
1442,43,1485,0.10211970397329714
1443,43,1486,0.10208127246761205
1442,41,1483,0.1020442916937224
1444,41,1485,0.10201277408944573
1450,43,1493,0.10197958900332996
1449,44,1493,0.10193687929918127
1446,44,1490,0.10190030419066883
1446,45,1491,0.10187347519886739
1440,46,1486,0.10184877863623029
1445,46,1491,0.10183911650884749
1446,46,1492,0.10181980704082878
1441,46,1487,0.10179980846283168
1441,47,1488,0.10179240094794867
1444,45,1489,0.10178577058677245
1440,46,1486,0.10177357208575553
1454,46,1500,0.10177063004737043
1442,46,1488,0.10173804501502204
1450,45,1495,0.10173390240085045
1440,48,1488,0.10171309032428016
1451,49,1500,0.10171575226350889
1451,52,1503,0.10169433786020615
1443,52,1495,0.10167486882856458
1458,56,1514,0.10167479769212173
1462,57,1519,0.10164261599489595
1456,57,1513,0.10160460484597018
1446,57,1503,0.10158322190795936
1442,60,1502,0.10158523042116566
1433,62,1495,0.10159577105714217
1444,61,1505,0.10162513261569969
1427,61,1488,0.10162773646923845
1441,62,1503,0.1016667164964491
1435,63,1498,0.10167247448185038
1430,65,1495,0.10169022066052281
1445,66,1511,0.10171692927163076
1431,67,1498,0.10170950696240691
1433,66,1499,0.10173315978409347
1437,64,1501,0.10175025312033188
1439,67,1506,0.10175748102479186
1443,67,1510,0.1017593060134292
1430,69,1499,0.10175277271557871
1426,67,1493,0.10177493147081842
1422,70,1492,0.10180361907246592
1403,70,1473,0.10183817363031045
1417,70,1487,0.10191106296443074
1415,70,1485,0.10194743196756896
1419,68,1487,0.10198427915728348
1416,68,1484,0.10200921836325508
1412,70,1482,0.10203867535435751
1410,67,1477,0.1020741203899096
1414,66,1480,0.10211098240165448
1430,64,1494,0.10213578804528303
1425,62,1487,0.10212341317696484
1424,59,1483,0.1021229833239772
1425,57,1482,0.10212491541324749
1427,57,1484,0.10212426095624344
1440,57,1497,0.1021190720292661
1438,58,1496,0.1020863302697705
1437,58,1495,0.10206065254855293
1441,59,1500,0.10203959960647943
1423,58,1481,0.10201144135340852
1426,59,1485,0.10202487931038902
1412,62,1474,0.10203097822045894
1411,64,1475,0.10206661600820474
1414,63,1477,0.102101467887604
1415,63,1478,0.10212712995840491
1410,65,1475,0.10214826253994741
1411,64,1475,0.10217874500159888
1404,65,1469,0.10220410551482306
1406,66,1472,0.1022422065239696
1409,68,1477,0.10227289352715122
1404,66,1470,0.10229479258253399
1410,67,1477,0.10232505965455171
1398,71,1469,0.10233969700373233
1412,73,1485,0.10237869159381355
1416,72,1488,0.10238388273429937
1421,72,1493,0.10238024408215257
1422,72,1494,0.10236606258034024
1421,72,1493,0.10235092568653416
1429,73,1502,0.10233960508344744
1409,74,1483,0.10231170611405084
1406,75,1481,0.10232956094250595
1416,72,1488,0.10235252291340569
1428,72,1500,0.10235153550636757
1416,73,1489,0.10232449615390234
1417,74,1491,0.1023260129871454
1415,73,1488,0.10232502660420657
1420,75,1495,0.10232870333328836
1426,73,1499,0.10232185017033936
1421,74,1495,0.10230233025785583
1433,73,1506,0.10229583169560334
1424,78,1502,0.10226382368164831
1411,79,1490,0.1022543587135037
1409,77,1486,0.10227369130398144
1422,78,1500,0.10229560347379411
1427,79,1506,0.10228783337181208
1415,80,1495,0.10226990143501759
1422,80,1502,0.10227994618550902
1428,77,1505,0.10227362126636834
1428,79,1507,0.10225502629868977
1407,77,1484,0.1022375019335117
1405,78,1483,0.10226706068017048
1402,78,1480,0.10229842589482209
1405,73,1478,0.10233358182095337
1407,68,1475,0.10235933465003479
1407,69,1476,0.10237794263950135
1408,66,1474,0.10239458945887218
1412,65,1477,0.10240768720667398
1420,68,1488,0.10241082961182313
1423,69,1492,0.10239660213608306
1419,71,1490,0.10237721343722445
1412,69,1481,0.10236847598897093
1417,71,1488,0.10237569973516031
1424,72,1496,0.10237103532994485
1424,76,1500,0.10235188026738648
1424,73,1497,0.10233365966986305
1421,74,1495,0.1023171606905911
1421,76,1497,0.10230887499990818
1423,76,1499,0.10230155420380975
1441,73,1514,0.10229050804166037
1438,75,1513,0.10224162492897651
1434,76,1510,0.10220411776743685
1420,76,1496,0.1021780390227605
1415,78,1493,0.10218523794243609
1410,78,1488,0.10220269647468391
1410,80,1490,0.1022298511018725
1401,81,1482,0.10225448412871796
1409,82,1491,0.1022963323334919
1410,83,1493,0.10231745781285262
1416,82,1498,0.10233472602447541
1419,86,1505,0.10233706744756965
1418,82,1500,0.10233269674169441
1417,86,1503,0.10233070071394308
1408,86,1494,0.10233145096818008
1419,86,1505,0.10235164870319106
1412,87,1499,0.10234589365734731
1417,91,1508,0.10235560775042868
1404,90,1494,0.1023540269666795
1411,92,1503,0.10238071672183174
1403,95,1498,0.1023900764216968
1408,98,1506,0.1024160412773443
1416,93,1509,0.10242902773227204
1415,96,1511,0.10242298101638828
1414,95,1509,0.10242017947650714
1407,95,1502,0.1024196509284025
1415,94,1509,0.10243430287875097
1405,95,1500,0.10243070715588001
1402,95,1497,0.10244928565559298
1403,99,1502,0.10247286381895217
1401,103,1504,0.1024923487992611
1399,105,1504,0.10251508721492271
1396,104,1500,0.10254029312275308
1405,101,1506,0.10256929154988448
1397,105,1502,0.10257600776937782
1399,106,1505,0.10259918075960182
1390,110,1500,0.1026150976382717
1396,111,1507,0.1026493441948896
1390,113,1503,0.1026683663641742
1391,112,1503,0.10269958329374554
1380,120,1500,0.10272595182758593
1369,117,1486,0.10277407463624388
1363,116,1479,0.10284233709546214
1371,119,1490,0.10291794614229076
1371,118,1489,0.10296945476690166
1373,123,1496,0.10301621727749016
1382,121,1503,0.10305531148053372
1375,117,1492,0.10307179084831301
1368,116,1484,0.10310191749150494
1375,122,1497,0.10314529397975575
1379,120,1499,0.10316951620458303
1369,123,1492,0.10318302318394082
1362,120,1482,0.10321715564087758
1373,115,1488,0.10326315270250387
1362,116,1478,0.10328068678293377
1368,116,1484,0.1033207419947071
1362,119,1481,0.10334389882206445
1367,119,1486,0.10337824246976847
1362,123,1485,0.10339864226961427
1373,125,1498,0.10342851254183973
1375,125,1500,0.10343231826480583
1377,125,1502,0.10343149434165819
1368,131,1499,0.1034268122415296
1378,131,1509,0.10344159467567116
1382,131,1513,0.10343334914656108
1375,131,1506,0.10341721042049506
1364,127,1491,0.10341832905528518
1352,127,1479,0.10344392845778128
1355,128,1483,0.10349364525728984
1361,131,1492,0.10353265232347106
1358,131,1489,0.10355550442429379
1358,134,1492,0.1035827863399426
1361,132,1493,0.10360748466937426
1361,133,1494,0.10362308599561781
1361,137,1498,0.10363740814128314
1363,135,1498,0.10365050833820913
1355,133,1488,0.1036580544000881
1361,139,1500,0.10368283614496424
1371,139,1510,0.10369208172405382
1378,137,1515,0.10367913588757574
1372,133,1505,0.1036521912772454
1368,130,1498,0.10364051783785094
1385,131,1516,0.10363936944058577
1369,130,1499,0.10360173605832744
1360,129,1489,0.10360244372446865
1343,126,1469,0.10362279363709906
1352,130,1482,0.10367793247605997
1360,130,1490,0.10370724253827515
1359,132,1491,0.10371645930617276
1376,133,1509,0.10372700155925794
1369,135,1504,0.10369885843103856
1355,137,1492,0.10368858902764357
1371,135,1506,0.10370981334633374
1372,135,1507,0.10369434263173981
1372,136,1508,0.10367794258291928
1367,136,1503,0.10366246425396836
1369,139,1508,0.10365921972140466
1349,139,1488,0.10365166760927991
1335,132,1467,0.10368885043990385
1335,133,1468,0.10375363937878909
1339,134,1473,0.10381342784548668
1341,136,1477,0.10385899643973513
1347,134,1481,0.10389614915597098
1346,131,1477,0.10391693425478335
1363,129,1492,0.10393789193901813
1367,129,1496,0.10391979671108043
1364,130,1494,0.10389427548571448
1375,132,1507,0.10387737473616383
1360,132,1492,0.10383806303760082
1374,131,1505,0.10383494910743861
1372,128,1500,0.10380187486476065
1380,129,1509,0.10377654312033922
1370,128,1498,0.10373531122075191
1365,126,1491,0.10371847606318381
1365,125,1490,0.1037141347206218
1350,125,1475,0.10371069453344464
1359,124,1483,0.10374001967781105
1357,125,1482,0.10374683290701045
1357,126,1483,0.10375763151318651
1372,128,1500,0.10376746285618577
1365,129,1494,0.10374367305850829
1368,130,1498,0.10373720893971317
1356,131,1487,0.1037248744473067
1359,127,1486,0.10374032935296798
1361,129,1490,0.1037487395004372
1365,126,1491,0.10375188482067249
1370,122,1492,0.10374507591008023
1366,123,1489,0.10372717195530542
1365,121,1486,0.10371956092709997
1382,126,1508,0.1037144532252718
1367,123,1490,0.10367293935802248
1357,124,1481,0.1036677157127969
1353,128,1481,0.10368454300258773
1354,130,1484,0.10370908140953919
1374,131,1505,0.1037286895666451
1393,130,1523,0.10370297812492893
1386,125,1511,0.10363737332449574
1373,123,1496,0.10359304796401311
1372,123,1495,0.10358096839511605
1370,123,1493,0.10357232931259841
1364,122,1486,0.1035684625548995
1380,123,1503,0.10357807860176525
1385,123,1508,0.10355251309818737
1383,119,1502,0.10351853120810034
1381,119,1500,0.10349237998512578
1380,122,1502,0.10347273043679431
1380,123,1503,0.10345657625618912
1373,121,1494,0.10344157198627649
1375,120,1495,0.10344348286735898
1362,119,1481,0.10344113567350104
1355,121,1476,0.1034677919606022
1372,124,1496,0.1035070528554335
1379,130,1509,0.10350563503008044
1378,128,1506,0.10348900685417074
1382,126,1508,0.10347599094580369
1379,131,1510,0.10345571054944841
1368,133,1501,0.103444020755806
1369,132,1501,0.103457431590748
1363,129,1492,0.10346738170828701
1368,129,1497,0.10348980358184115
1362,129,1491,0.1034996114025828
1360,131,1491,0.10352167161284623
1364,134,1498,0.10354649013520882
1357,134,1491,0.10356031631125996
1360,134,1494,0.10358822890620299
1353,136,1489,0.10360782957141929
1354,131,1485,0.10364175211777515
1346,131,1477,0.10366977364976576
1353,131,1484,0.10371365311918135
1347,135,1482,0.10373768061515407
1341,133,1474,0.1037720625658623
1334,134,1468,0.1038168907602708
1345,133,1478,0.10387384243841985
1351,131,1482,0.10390220003575085
1360,134,1494,0.10391534521765326
1364,133,1497,0.10390716158925979
1353,139,1492,0.10389049270754686
1363,137,1500,0.1038995369891614
1368,141,1509,0.10388598793384718
1359,146,1505,0.10386266985722145
1365,143,1508,0.10386152275447212
1364,144,1508,0.1038469961082743
1358,140,1498,0.10383677375388484
1358,144,1502,0.10384033268477437
1356,145,1501,0.10384348318456099
1355,144,1499,0.1038513371912552
1355,143,1498,0.10386082280115466
1339,140,1479,0.10387002320774691
1340,143,1483,0.10391308218247286
1344,145,1489,0.10395110520545417
1346,150,1496,0.10397806217281522
1357,154,1511,0.10399959170400784
1356,155,1511,0.1039953282333742
1350,155,1505,0.10399258766844519
1355,157,1512,0.10400421242604263
1348,161,1509,0.10400378782867521
1355,161,1516,0.10401809794558589
1348,162,1510,0.10401608043824914
1332,164,1496,0.10402995428190027
1332,163,1495,0.10407870281766206
1323,162,1485,0.10412288053478845
1327,163,1490,0.10418359810658942
1325,169,1494,0.10423060639469987
1331,168,1499,0.10427755195237959
1327,168,1495,0.10430712126044306
1330,169,1499,0.1043422288115881
1317,172,1489,0.10436801362978931
1313,166,1479,0.10442029015202538
1327,171,1498,0.1044765938923072
1330,174,1504,0.10449865751022483
1322,170,1492,0.10451175590639344
1319,169,1488,0.1045410411174176
1324,171,1495,0.10457477727181029
1330,170,1500,0.10459422945367361
1319,170,1489,0.1045989437477087
1334,170,1504,0.10462771280284269
1348,172,1520,0.1046190991557322
1336,165,1501,0.1045820738017548
1345,169,1514,0.10457446345196228
1330,172,1502,0.10454802109712188
1330,174,1504,0.1045564683683316
1336,171,1507,0.10456430476453966
1330,176,1506,0.10455822415188205
1321,177,1498,0.10456609393812762
1328,168,1496,0.10459348438383383
1327,168,1495,0.10460246752456442
1333,167,1500,0.10461195372413304
1336,168,1504,0.10460787461543543
1330,171,1501,0.10459771457784725
1325,171,1496,0.10460168468977496
1330,174,1504,0.10461663658125886
1322,181,1503,0.10462032915090426
1323,179,1502,0.10464078424968484
1319,182,1501,0.10465831592040954
1315,185,1500,0.10468257221453481
1319,186,1505,0.10471310761070932
1311,183,1494,0.10473273443843176
1316,183,1499,0.10476909958375522
1302,182,1484,0.10479111016141716
1299,183,1482,0.10484293613026598
1308,182,1490,0.10489696379475699
1300,187,1487,0.10492640803701998
1305,188,1493,0.10497047878784539
1313,188,1501,0.10499920243768207
1313,186,1499,0.10500782894761534
1311,186,1497,0.10501601039787851
1322,183,1505,0.10502857210957188
1329,185,1514,0.10501617465601282
1315,188,1503,0.10498929984048154
1318,188,1506,0.10499558932972418
1320,191,1511,0.10499556261080897
1301,189,1490,0.1049920066149566
1304,188,1492,0.10503033245401823
1292,188,1480,0.1050592979723415
1302,191,1493,0.10511209200673445
1308,195,1503,0.10513803258693764
1310,197,1507,0.10514863178016426
1311,197,1508,0.10515474918023028
1308,193,1501,0.1051577954738885
1309,196,1505,0.1051676093092553
1308,195,1503,0.10517506557693651
1300,193,1493,0.10518417045357306
1301,191,1492,0.10520951876479055
1300,189,1489,0.10523074013848806
1299,191,1490,0.10525370904156818
1291,196,1487,0.10527649010481845
1290,194,1484,0.10531513319633888
1298,198,1496,0.10535273107631823
1308,198,1506,0.1053694081402025
1306,198,1504,0.10536205809230012
1299,199,1498,0.10536036624965611
1297,203,1500,0.1053738543905388
1306,206,1512,0.10539066851403767
1295,208,1503,0.10538661266630939
1299,209,1508,0.10540950810659984
1284,208,1492,0.1054201307380918
1292,207,1499,0.10546245658557993
1291,199,1490,0.10548475038761645
1285,192,1477,0.10550733269262327
1280,195,1475,0.10554075493035096
1279,198,1477,0.10558251582694667
1285,196,1481,0.10562201980656105
1282,208,1490,0.10564412143368783
1297,203,1500,0.105670857955661
1305,204,1509,0.10566151937627435
1302,205,1507,0.10563629949918277
1305,202,1507,0.10561990701896018
1301,200,1501,0.10559825253656918
1295,205,1500,0.10558696789822188
1295,201,1496,0.10558984842210833
1295,202,1497,0.10559266394976134
1281,203,1484,0.10559639516509829
1288,206,1494,0.10562975416625286
1290,204,1494,0.1056443761583589
1294,199,1493,0.10565413085039957
1285,196,1481,0.10565402307253294
1289,192,1481,0.10567308282760828
1286,202,1488,0.10568174601090798
1274,204,1478,0.10569651872322802
1270,197,1467,0.10573688271601568
1271,201,1472,0.10578244482071053
1278,203,1481,0.10582146102317719
1265,207,1472,0.10584095055401974
1274,206,1480,0.10588710184526544
1273,202,1475,0.10591021032060098
1284,200,1484,0.1059333618453697
1288,203,1491,0.10593067210584578
1301,203,1504,0.10591870150446532
1293,204,1497,0.10587869616876748
1288,209,1497,0.10586118967674256
1282,213,1495,0.1058576099596983
1281,209,1490,0.10586740975133481
1285,209,1494,0.10587853551293373
1283,213,1496,0.10587956370332817
1270,211,1481,0.10588500841790499
1267,214,1481,0.10591864497121727
1275,211,1486,0.10595665548912155
1269,207,1476,0.10597373007189514
1270,207,1477,0.1060022280874982
1263,209,1472,0.10602646653015146
1277,215,1492,0.10606455047472008
1269,220,1489,0.10606753452726558
1272,221,1493,0.10608898385197608
1265,223,1488,0.10610204443547723
1274,217,1491,0.10612930471426722
1275,220,1495,0.10613511583774332
1288,218,1506,0.10613779945059304
1283,217,1500,0.1061100025154786
1288,216,1504,0.10609561630219731
1279,223,1502,0.10607118568528975
1288,226,1514,0.10606961848876122
1282,222,1504,0.10604776695162528
1279,216,1495,0.10604196546100987
1262,221,1483,0.10604338057302459
1260,218,1478,0.1060826006279775
1262,219,1481,0.10612269563025045
1257,224,1481,0.10615534475635313
1277,221,1498,0.10619591904285709
1283,219,1502,0.10618832854915564
1289,214,1503,0.10616794093231206
1289,219,1508,0.10613600978485759
1276,216,1492,0.10610571471737291
1278,213,1491,0.10610616771249168
1289,220,1509,0.10610245715544661
1283,214,1497,0.10607387904006313
1278,214,1492,0.10605958220524522
1275,208,1483,0.10605865848949157
1284,208,1492,0.10606385694188329
1293,213,1506,0.10604828071385235
1279,214,1493,0.10601451210993457
1289,217,1506,0.10601475751350707
1288,218,1506,0.10599206176086107
1280,219,1499,0.10597452602195843
1272,218,1490,0.10597623866854622
1262,220,1482,0.10599642417729893
1257,220,1477,0.10603695458867075
1263,219,1482,0.10608539009755934
1264,213,1477,0.10611629688911148
1244,215,1459,0.10614202540111548
1273,218,1491,0.10621103424230605
1270,222,1492,0.10620833948710408
1266,223,1489,0.10621211081179556
1272,220,1492,0.10622410485421256
1281,222,1503,0.1062219000818445
1286,224,1510,0.10619979717148105
1281,224,1505,0.10616868838940689
1279,227,1506,0.10615190699309776
1278,229,1507,0.10614169528169977
1275,233,1508,0.10613428362741734
1262,229,1491,0.106134281587538
1272,226,1498,0.10616412935196934
1270,227,1497,0.10616900914898515
1274,232,1506,0.10617802342695797
1277,233,1510,0.10617662361358413
1258,239,1497,0.10616886069225603
1262,235,1497,0.10620466489925416
1264,232,1496,0.10622843481190283
1261,234,1495,0.10624501471483307
1257,237,1494,0.10626710416647722
1249,236,1485,0.10629658758699674
1241,238,1479,0.10634205522405402
1245,240,1485,0.10640036993403892
1242,246,1488,0.10644456154606646
1240,246,1486,0.10649281261524335
1240,246,1486,0.10654118145566809
1228,247,1475,0.10658620053999084
1240,247,1487,0.10665516096364396
1241,252,1493,0.10669180103659985
1239,256,1495,0.10672301416310676
1238,257,1495,0.10675587610709042
1223,257,1480,0.10678824546160254
1238,260,1498,0.10685271590106316
1242,257,1499,0.10687822824104576
1235,264,1499,0.10689252668896568
1227,261,1488,0.10692167613511457
1232,266,1498,0.10696695643799016
1223,273,1496,0.1069966772520187
1226,272,1498,0.10704432484154232
1223,264,1487,0.10708108451894609
1216,260,1476,0.1071213981794043
1220,263,1483,0.10717342187585974
1216,272,1488,0.1072127566485986
1216,275,1491,0.10725919113676134
1217,277,1494,0.10730148481823658
1219,280,1499,0.1073374103432385
1214,276,1490,0.10736618165960898
1220,277,1497,0.10740369760308234
1222,278,1500,0.10742381973886929
1216,283,1499,0.1074384338249986
1222,286,1508,0.10746590445846468
1208,290,1498,0.10747779633429293
1200,291,1491,0.10752027391303823
1197,290,1487,0.10757773991335635
1209,287,1496,0.10763712627958796
1214,296,1510,0.10766463161843744
1214,296,1510,0.10767899561458723
1224,293,1517,0.10769373229850888
1218,288,1506,0.10768409302036613
1216,286,1502,0.10768846805904495
1210,286,1496,0.10769664486836739
1217,286,1503,0.10771678433806656
1203,294,1497,0.10771992282977161
1206,293,1499,0.10775465052079486
1201,290,1491,0.10777960622398293
1189,297,1486,0.10781412953736311
1195,297,1492,0.10787392772201589
1209,301,1510,0.10791523173532201
1197,300,1497,0.10792147199799558
1208,298,1506,0.10795529687031698
1200,299,1499,0.10796137225977219
1201,304,1505,0.10798474156306682
1192,308,1500,0.1080038324272453
1176,308,1484,0.10804073313427928
1192,304,1496,0.10811048769387746
1203,300,1503,0.10813809151161678
1197,310,1507,0.10813858149161608
1208,315,1523,0.10815379407264285
1203,319,1522,0.10814375651171407
1193,320,1513,0.10814612289664087
1173,327,1500,0.1081716659082452
1193,328,1521,0.10824050465372523
1180,326,1506,0.1082574982722218
1180,324,1504,0.10830278718392933
1182,327,1509,0.10834454670368478
1180,323,1503,0.10837733894488942
1165,326,1491,0.10841187834166
1180,327,1507,0.10847810472558062
1163,331,1494,0.1085052869465513
1157,330,1487,0.108569297024724
1155,328,1483,0.10864293128044793
1154,328,1482,0.10871556143735363
1158,329,1487,0.10878518110323715
1159,334,1493,0.10883779881221539
1155,331,1486,0.10888487900252418
1149,331,1480,0.1089376481754931
1146,338,1484,0.10900074015503101
1156,341,1497,0.10906693908932688
1148,342,1490,0.10910467111904971
1144,345,1489,0.1091566881334198
1138,346,1484,0.10921362313438962
1139,348,1487,0.10927907140828523
1139,344,1483,0.10933801853776103
1143,351,1494,0.10939167364295603
1128,352,1480,0.10943257047641555
1118,359,1477,0.10950488985430207
1117,374,1491,0.10959491624865292
1109,375,1484,0.10967947730330384
1126,377,1503,0.10977632933159373
1117,374,1491,0.10982645616373368
1120,375,1495,0.10989283639736065
1119,378,1497,0.10994567168709804
1110,379,1489,0.10999810439990117
1104,378,1482,0.11006685825886209
1117,381,1498,0.11014249070476691
1112,382,1494,0.11018333367600905
1113,378,1491,0.11023264714879462
1122,376,1498,0.11027610509544625
1104,384,1488,0.11029608672528209
1107,385,1492,0.11035650410597604
1100,382,1482,0.11040527415843342
1096,392,1488,0.11046653881625768
1096,400,1496,0.11053202720278671
1107,401,1508,0.1105925115842109
1107,403,1510,0.11062231976045579
1109,395,1504,0.11064897613722124
1110,398,1508,0.11066945129144579
1109,394,1503,0.1106863669849946
1093,401,1494,0.11070407469088227
1086,393,1479,0.11075747875347622
1096,403,1499,0.11082257916733199
1106,405,1511,0.11085923624597217
1095,409,1504,0.11086999456513859
1108,409,1517,0.11090635453525514
1095,410,1505,0.11090915710181466
1091,408,1499,0.11094308087763992
1090,413,1503,0.110984040946006
1087,413,1500,0.11102308305752404
1085,409,1494,0.11106522185507513
1080,418,1498,0.11110924580109219
1073,416,1489,0.11116270747027965
1073,429,1502,0.11122756144988769
1062,431,1493,0.11128714798906199
1053,428,1481,0.1113686025220807
1053,429,1482,0.1114642072674997
1054,435,1489,0.11155338522293384
1053,435,1488,0.11163299930292797
1055,444,1499,0.11170790115033266
1055,443,1498,0.11177168428568919
1045,444,1489,0.11183014516525834
1044,439,1483,0.1119074449269356
1051,445,1496,0.11198197568846985
1053,431,1484,0.11203425705996953
1055,428,1483,0.11207755533032614
1053,433,1486,0.11211122627190083
1044,432,1476,0.11214758276257149
1063,435,1498,0.11220218260085407
1067,440,1507,0.11220859898538968
1056,444,1500,0.11220548198771922
1069,433,1502,0.11222758946738445
1064,433,1497,0.11221706672602716
1066,434,1500,0.11222010442847977
1057,434,1491,0.11221842499022447
1066,435,1501,0.11223775891174752
1076,434,1510,0.1122352415957051
1075,433,1508,0.11221002826861066
1074,439,1513,0.11218893664901952
1089,439,1528,0.11217121328016617
1076,441,1517,0.11212166593134328
1073,442,1515,0.11210646110864246
1073,438,1511,0.11209930505216573
1074,434,1508,0.11209437304423579
1066,428,1494,0.11208760750941404
1068,439,1507,0.11210082647770417
1065,437,1502,0.11210845207188473
1067,441,1508,0.11212172615491955
1063,440,1503,0.11212859329436206
1059,430,1489,0.11214433349082398
1072,425,1497,0.11216740909156624
1077,428,1505,0.11215774097930621
1072,428,1500,0.11213664518252346
1071,426,1497,0.11212791601849251
1068,420,1488,0.11212203774021773
1081,416,1497,0.112123827810236
1071,417,1488,0.11209633608755575
1086,421,1507,0.11209377076270552
1088,425,1513,0.11205564223567283
1078,431,1509,0.11201592182651385
1077,422,1499,0.11200422775997058
1070,428,1498,0.1119964499849553
1072,430,1502,0.112005823527731
1079,429,1508,0.11200933651471211
1079,432,1511,0.11199555511883083
1075,423,1498,0.11198284223571242
1071,422,1493,0.1119806181785712
1067,419,1486,0.1119874547171274
1079,425,1504,0.11200468431915606
1082,424,1506,0.11199380152403712
1084,427,1511,0.11197709130399135
1072,430,1502,0.11195699591186954
1083,432,1515,0.11196513174196777
1083,432,1515,0.11194683740694938
1074,430,1504,0.11193186630977316
1074,441,1515,0.1119387686042393
1071,437,1508,0.11194509255738522
1054,433,1487,0.11195749158371412
1060,431,1491,0.11200768700175835
1068,437,1505,0.11203912892931722
1075,439,1514,0.11205198155811402
1078,446,1524,0.11204659953934523
1071,448,1519,0.11203386632243013
1068,446,1514,0.11203837577172532
1072,444,1516,0.11205003170845185
1067,451,1518,0.11205183368552316
1062,456,1518,0.11206516395930777
1063,455,1518,0.11209060768782891
1053,455,1508,0.11211200946397731
1052,457,1509,0.11215610931115368
1037,454,1491,0.11219832724719957
1036,450,1486,0.1122726807556415
1037,457,1494,0.11234261828207441
1047,459,1506,0.11240541160161392
1049,463,1512,0.11243842742219473
1050,459,1509,0.1124649442253353
1040,465,1505,0.11248677490250485
1037,455,1492,0.11252897128250403
1035,450,1485,0.11257573899196087
1042,452,1494,0.1126232095345773
1051,451,1502,0.11265108578738076
1046,446,1492,0.11265535622460622
1056,455,1511,0.11267113564382551
1057,451,1508,0.11266316740960072
1055,456,1511,0.11265377817578524
1050,455,1505,0.11264748461754298
1047,462,1509,0.11265308223944631
1038,461,1499,0.11266671148059317
1039,464,1503,0.11270017370980216
1030,467,1497,0.11272862315176557
1030,470,1500,0.11277590068298203
1044,466,1510,0.11281989909318288
1042,472,1514,0.11282819761585229
1045,465,1510,0.11284078714156098
1046,469,1515,0.1128452264090689
1040,477,1517,0.11284756807557716
1038,473,1511,0.11286480033227338
1022,477,1499,0.11288619483888464
1035,482,1517,0.11294372390722227
1030,469,1499,0.11296620455773689
1020,469,1489,0.11299816888787419
1017,472,1489,0.11305245698752309
1031,471,1502,0.11310970551237944
1018,476,1494,0.11312876499597728
1018,481,1499,0.11317730219388049
1015,477,1492,0.11322228606956554
1017,475,1492,0.11327122468588495
1019,478,1497,0.1133108617571918
1021,477,1498,0.11334327977078555
1021,479,1500,0.11336981764015812
1024,473,1497,0.11339261065971062
1030,475,1505,0.11340719969392855
1033,474,1507,0.11340682952621176
1040,474,1514,0.11339975181473225
1020,468,1488,0.11337606737007219
1022,468,1490,0.11340054404034892
1026,462,1488,0.11341845686001588
1035,469,1504,0.11342533408201443
1032,464,1496,0.1134104208676619
1032,467,1499,0.11340326970759078
1018,477,1495,0.11339817628344379
1020,471,1491,0.11342571793990672
1016,471,1487,0.113446191642967
1016,474,1490,0.11347394147422563
1024,471,1495,0.11350135705422561
1024,477,1501,0.11350813261561996
1019,476,1495,0.11351447691880696
1013,483,1496,0.11353193920186685
1008,487,1495,0.11356454433781048
1009,491,1500,0.1136076281240976
1008,494,1502,0.11364530962870412
998,495,1493,0.11368398473781532
995,498,1493,0.11374425802815008
991,500,1491,0.11380638060528678
987,502,1489,0.11387381208600392
994,509,1503,0.1139452710081667
1000,513,1513,0.1139946059734619
998,517,1515,0.11402684790470982
998,518,1516,0.11406129723562049
993,511,1504,0.11409399673801374
984,519,1503,0.11413632735530563
987,518,1505,0.11419742188818027
990,516,1506,0.11424595903026155
991,514,1505,0.11428471122311809
992,523,1515,0.11431838442200457
987,517,1504,0.11434680596728375
994,523,1517,0.11438452678299069
985,527,1512,0.11440292970668088
986,516,1502,0.11444121342748625
985,525,1510,0.11447432502803145
974,534,1508,0.1145081387992591
976,525,1501,0.1145666208476529
980,528,1508,0.11461693950125738
967,535,1502,0.11465366801882317
969,538,1507,0.114718368732889
966,522,1488,0.11477200371669449
964,525,1489,0.11482806736693389
963,527,1490,0.1148851001090998
963,539,1502,0.11494044020177445
962,542,1504,0.11499092512237093
970,541,1511,0.11504070841633197
967,542,1509,0.1150679823472688
965,554,1519,0.1150999851014987
971,542,1513,0.1151341470102284
968,540,1508,0.11515205953851741
962,543,1505,0.11517543638495732
956,545,1501,0.11521204811357827
960,547,1507,0.11525982068032524
964,541,1505,0.11529232426532218
970,545,1515,0.11531293614179942
960,551,1511,0.11531635877657447
953,545,1498,0.11534424871215147
961,544,1505,0.11538657603473151
968,546,1514,0.11540647853164313
968,541,1509,0.11540760099818581
957,545,1502,0.1154083930010552
952,547,1499,0.11543678222316688
947,544,1491,0.11547423809188033
961,545,1506,0.1155199955598104
943,541,1484,0.1155299155975629
945,541,1486,0.11558185132735535
937,538,1475,0.11562537983399647
939,542,1481,0.11568220757088966
929,552,1481,0.11572801792725959
931,551,1482,0.11579329820222388
934,546,1480,0.11585016156382416
942,538,1480,0.11589516909595339
951,536,1487,0.11591712851276455
952,539,1491,0.11591746032258639
957,544,1501,0.11591393808100971
953,543,1496,0.11590053052817137
956,544,1500,0.11589628466032512
956,543,1499,0.1158848672009732
966,545,1511,0.1158734939265958
960,549,1509,0.11583939137282769
953,551,1504,0.11582378707534524
940,546,1486,0.11582598438454321
940,549,1489,0.11585895195251922
942,555,1497,0.11588903488681797
945,554,1499,0.11591274689236446
943,560,1503,0.11592751451165195
949,563,1512,0.11594517650051088
953,560,1513,0.11594703687577919
950,553,1503,0.11594029108059484
952,560,1512,0.11594277837874255
948,562,1510,0.1159403999086754
935,561,1496,0.11594754870505133
932,554,1486,0.11598554078941387
929,562,1491,0.11602856853442382
927,562,1489,0.11607661000561328
928,566,1494,0.1161270282894385
933,573,1506,0.11617222384209097
930,570,1500,0.1162014904739956
926,579,1505,0.11623495894567658
930,591,1521,0.11627534578542299
929,585,1514,0.11630394091090875
925,575,1500,0.11633276161125802
935,573,1508,0.11637028482846577
926,574,1500,0.11638137330872145
934,577,1511,0.11641166118503676
926,578,1504,0.11642170903222969
909,586,1495,0.11645072072348733
918,585,1503,0.11651978850621726
921,588,1509,0.11656141502323825
920,586,1506,0.11659326897287224
914,582,1496,0.11662445569664832
920,592,1512,0.11666808010358155
912,589,1501,0.11669548822009751
901,581,1482,0.11674013315174847
889,579,1468,0.11680754174387772
895,573,1468,0.1168979086658361
904,576,1480,0.11696588376958443
913,583,1496,0.11700624785659752
920,591,1511,0.11702204550862358
917,587,1504,0.11701936224976794
912,587,1499,0.11702616147084083
918,587,1505,0.1170428440326964
907,582,1489,0.11704325287670717
898,584,1482,0.11707002233294793
905,589,1494,0.11711567195063115
902,596,1498,0.11714226406143897
908,593,1501,0.11717454810516628
922,599,1521,0.11718737643081506
914,597,1511,0.11716779072242947
906,593,1499,0.11717003266912396
902,606,1508,0.1171922765987947
895,607,1502,0.11722258590878962
889,604,1493,0.11726799455690436
888,606,1494,0.11732418094574058
884,608,1492,0.11738005573731067
878,619,1497,0.11744186588143418
870,614,1484,0.11751342135202442
872,612,1484,0.11759720397746357
886,602,1488,0.1176691842906652
895,598,1493,0.1177025720593759
884,608,1492,0.11771092042857458
889,616,1505,0.11774602522188361
893,619,1512,0.1177676630856283
872,618,1490,0.11777930707294063
877,623,1500,0.11784175234317733
872,626,1498,0.11788847091270789
867,632,1499,0.1179438906972711
875,631,1506,0.11800846928556108
871,635,1506,0.1180480292362638
862,629,1491,0.11809336915439492
857,643,1500,0.11815760520355517
859,653,1512,0.11822959059462619
858,647,1505,0.11829150545240845
852,646,1498,0.11835137597920166
847,650,1497,0.1184233746019338
847,644,1491,0.11850206228719584
847,649,1496,0.11857402952668075
848,652,1500,0.11863885210135519
845,652,1497,0.11869972411704005
846,662,1508,0.11876364848812933
841,660,1501,0.11882005709085398
836,652,1488,0.11888509247165764
842,653,1495,0.11895792610123661
841,660,1501,0.11900825121367892
844,663,1507,0.11905809937640424
849,663,1512,0.11909581617688209
843,671,1514,0.11911884013411278
843,673,1516,0.11915442917030092
846,675,1521,0.11918697649023027
838,662,1500,0.11921134522229625
848,667,1515,0.1192538129867756
843,669,1512,0.11926856603221264
837,670,1507,0.11929448105570031
845,660,1505,0.11933274686797926
842,665,1507,0.11935004092822059
834,675,1509,0.11937243607932568
843,679,1522,0.11941241046187062
849,672,1521,0.11942881411445089
838,668,1506,0.11942953365993883
843,678,1521,0.1194568692084437
838,666,1504,0.1194678673259847
839,668,1507,0.1194910906591581
842,668,1510,0.11950977959745412
837,665,1502,0.11951816453135441
830,667,1497,0.1195397897588596
828,663,1491,0.11957617360901968
841,673,1514,0.11961447269844389
834,674,1508,0.11961808933945406
835,677,1512,0.11963792798896104
827,676,1503,0.11965609571304898
830,684,1514,0.11969392263160689
828,683,1511,0.11972426596610092
809,691,1500,0.11975640735471632
801,687,1488,0.11983415983619265
798,696,1494,0.11992619600806834
808,686,1494,0.12001950403467113
806,684,1490,0.12008197461375564
796,691,1487,0.12014407623484288
798,691,1489,0.12022588020839559
802,693,1495,0.12029651759780738
800,688,1488,0.12035391654724333
799,696,1495,0.120412733614783
796,699,1495,0.12046979491027457
802,701,1503,0.12052992587762418
795,712,1507,0.12057006479575012
787,712,1499,0.120625424500736
786,713,1499,0.1206961016583189
794,715,1509,0.12076423215598973
784,724,1508,0.12080840757867163
788,725,1513,0.12087410940980295
791,729,1520,0.12092488105436462
791,729,1520,0.12096373300991722
786,729,1515,0.1210009275197767
784,721,1505,0.12104682263984909
781,712,1493,0.12109385346293967
781,714,1495,0.12114442090409869
787,722,1509,0.12119082727003203
779,732,1511,0.12121862839720451
774,719,1493,0.1212634976510229
781,721,1502,0.12131826994238767
777,719,1496,0.12135386120137479
769,728,1497,0.12139714051546113
763,728,1491,0.12145596628776703
768,722,1490,0.12152527424453018
767,720,1487,0.12157816104830665
764,714,1478,0.12163016968875957
765,715,1480,0.12168534490817376
769,727,1496,0.12173332112164807
781,720,1501,0.12176829363641001
781,716,1497,0.1217719215385634
775,714,1489,0.12177653901154467
770,721,1491,0.12179556068801264
767,727,1494,0.12182552338538927
768,730,1498,0.1218599001528321
771,736,1507,0.12189062351955311
767,739,1506,0.12191253971610333
766,733,1499,0.12194310643850148
766,739,1505,0.1219741561751923
775,739,1514,0.12200490776303095
778,746,1524,0.12201013477509864
769,746,1515,0.12200907665774718
771,742,1513,0.1220308868501133
766,741,1507,0.12204553533182066
776,741,1517,0.12207079870386417
768,749,1517,0.1220704837644959
767,750,1517,0.12209168490360404
763,757,1520,0.12211658918046625
757,756,1513,0.12214951957589772
760,756,1516,0.1221935156419471
759,759,1518,0.12222711258371392
763,758,1521,0.12226079676698372
760,762,1522,0.1222831575302192
759,760,1519,0.12231108143010452
763,761,1524,0.12233899038557014
763,761,1524,0.12235452831918903
759,761,1520,0.12236934473461308
762,767,1529,0.1223925329035961
759,769,1528,0.12240431147912158
749,759,1508,0.12242192106238395
746,754,1500,0.1224629872227364
754,761,1515,0.12250771992865155
749,766,1515,0.12253035137973621
753,772,1525,0.1225629517526545
765,769,1534,0.12258198857197186
757,766,1523,0.12257101624747087
748,754,1502,0.12257846244476685
751,758,1509,0.122606635887404
747,757,1504,0.12262567265109336
749,758,1507,0.12265282593798493
743,767,1510,0.12267419828629027
740,764,1504,0.12271001651216565
734,765,1499,0.1227527554268632
743,770,1513,0.12280807806509028
737,759,1496,0.12283814816721667
730,774,1504,0.12288247433205353
729,779,1508,0.12294062128368896
740,778,1518,0.12299636424971389
730,786,1516,0.1230220001919169
740,782,1522,0.12307020594248506
743,778,1521,0.1230903790759973
736,773,1509,0.12310115889859911
725,776,1501,0.12313093009784765
731,782,1513,0.1231874223128726
730,787,1517,0.12322401713466993
733,779,1512,0.12326142966150026
732,770,1502,0.12328807560269407
725,771,1496,0.1233163271699713
738,767,1505,0.1233594198563805
724,771,1495,0.12336690916608514
722,772,1494,0.12340885948929112
727,767,1494,0.12345195612581092
723,773,1496,0.12347971553137156
719,776,1495,0.12351683200928833
725,779,1504,0.12356168530949521
728,781,1509,0.12358713339700589
725,780,1505,0.12360369622352352
730,777,1507,0.12362553258114836
725,776,1501,0.12363456058318406
725,784,1509,0.12365643620811084
722,780,1502,0.12367703088355732
720,780,1500,0.12370397211306151
726,784,1510,0.12373642467391731
724,782,1506,0.1237505368143444
728,780,1508,0.12376833938351536
725,784,1509,0.12377544569571823
717,782,1499,0.12379088845188005
722,791,1513,0.12382360856021268
723,788,1511,0.12384225794922209
728,801,1529,0.12385728720799444
720,796,1516,0.12385855450796562
725,799,1524,0.12388098932178938
716,795,1511,0.12388912450477065
717,791,1508,0.12391932585960294
715,794,1509,0.12394496512861472
722,796,1518,0.1239735589455036
715,791,1506,0.12398236539259683
717,787,1504,0.12401003635099613
712,777,1489,0.12402997264513914
703,789,1492,0.12405934383186246
703,787,1490,0.12410971916920072
695,798,1493,0.1241571549536353
696,803,1499,0.12422059469738903
698,796,1494,0.12427737069981097
703,804,1507,0.12432607086802577
699,800,1499,0.12436004778419607
705,801,1506,0.12440084268917588
705,790,1495,0.12442239080781149
713,801,1514,0.12444245168263775
705,800,1505,0.12444141629953029
698,801,1499,0.1244617015928504
686,798,1484,0.12449580296596913
684,810,1494,0.12455682175261629
689,805,1494,0.12461805492149267
696,807,1503,0.12466275956778308
696,807,1503,0.12468502936442334
694,797,1491,0.12470422461857558
695,809,1504,0.12472893128299394
689,812,1501,0.12474899353103122
693,813,1506,0.12478352344580868
702,802,1504,0.12480327811789159
701,807,1508,0.12480029830179774
711,802,1513,0.12480001249072249
707,812,1519,0.12477545109238442
697,821,1518,0.12476296613360677
694,816,1510,0.12477567028393075
686,817,1503,0.12479476337351503
684,807,1491,0.12483132382987293
683,816,1499,0.1248724206667338
691,819,1510,0.12491275362840504
687,811,1498,0.12493140116619297
682,819,1501,0.1249586538652962
673,820,1493,0.124997203125467
676,829,1505,0.1250554070833353
675,822,1497,0.12510222501872534
677,832,1509,0.12514758971688866
676,838,1514,0.1251856229958471
671,835,1506,0.12522320468700315
670,841,1511,0.12527086742890986
668,830,1498,0.12531762603151342
672,830,1502,0.1253666651139317
672,843,1515,0.1254016031482793
667,849,1516,0.1254351479539807
673,855,1528,0.12547957475066435
668,846,1514,0.1255058430909754
675,847,1522,0.12554099238575298
673,849,1522,0.12555740813473018
662,849,1511,0.12557742550574857
662,852,1514,0.12562298964923566
664,856,1520,0.12566652988087662
666,851,1517,0.12570167392920076
672,843,1515,0.12573008635722707
668,845,1513,0.1257407534511834
663,853,1516,0.12576110062280169
652,862,1514,0.1257922973139495
644,867,1511,0.12584865204228268
643,865,1508,0.12592218645889502
645,859,1504,0.12599292193976264
658,848,1506,0.12605311367829777
649,855,1504,0.12607605489653825
650,854,1504,0.1261201764428839
652,858,1510,0.12615850061404973
656,847,1503,0.12618810627308594
651,852,1503,0.12620843064900375
655,855,1510,0.12624020091619262
645,860,1505,0.1262592686286944
650,860,1510,0.12630315943385356
653,870,1523,0.1263308050845182
646,868,1514,0.12634556254795293
647,855,1502,0.1263780277450926
639,858,1497,0.12640445436703263
639,855,1494,0.12645100083653177
648,860,1508,0.12649429056608438
649,869,1518,0.1265129593642072
650,874,1524,0.1265281647706502
642,872,1514,0.12653837561656345
648,867,1515,0.12656861994715707
642,868,1510,0.12658152329633726
645,863,1508,0.1266081081190479
644,861,1505,0.12662582416703205
635,868,1503,0.12664332246807142
642,867,1509,0.12668118998357725
637,881,1518,0.12669942600377207
646,876,1522,0.12672832689436067
647,868,1515,0.12673357909926988
641,867,1508,0.12673682817291596
635,871,1506,0.1267538959405257
631,861,1492,0.12678481518937967
625,859,1484,0.12682551214482246
634,855,1489,0.12687827329025783
643,862,1505,0.12690356456142504
638,860,1498,0.1269049228488171
629,865,1494,0.12692030380151953
636,873,1509,0.12695828317201077
637,870,1507,0.126976230538329
628,869,1497,0.12699013858339453
630,879,1509,0.12702485829891583
631,892,1523,0.12705284356006824
630,880,1510,0.12707741411932377
625,885,1510,0.12710525570044132
632,876,1508,0.1271431749434713
631,868,1499,0.1271584701458033
625,875,1500,0.12717422475878393
632,878,1510,0.1272029670970908
633,882,1515,0.12721054947052998
630,881,1511,0.12721671213806193
631,889,1520,0.12722943868960215
632,894,1526,0.12724080386293316
620,890,1510,0.1272500411877888
624,892,1516,0.12729029635810094
619,893,1512,0.1273154452521218
613,894,1507,0.12735317734261625
618,899,1517,0.12740365749236912
613,908,1521,0.12743693835478356
614,902,1516,0.1274808980425408
604,907,1511,0.1275199155167689
607,904,1511,0.12758015050261232
604,903,1507,0.12762873443324346
606,903,1509,0.1276810461412437
602,903,1505,0.12772462377692864
600,914,1514,0.12777456285396258
600,914,1514,0.12782654358578616
599,911,1510,0.12787374854007968
600,924,1524,0.12792187939994132
597,907,1504,0.12796469156229495
583,906,1489,0.1280121826983238
586,915,1501,0.12809119860171478
582,917,1499,0.12815565424202535
577,922,1499,0.12822504672008986
577,925,1502,0.1283028300301848
576,924,1500,0.12837592603842388
565,928,1493,0.12844559316487558
569,945,1514,0.12853851427618435
565,940,1505,0.1286150509151853
566,939,1505,0.12869533522894894
568,933,1501,0.12876814458136487
573,930,1503,0.12882990141489997
571,938,1509,0.12887457734423782
565,939,1504,0.12892127981303306
574,944,1518,0.12897749441648673
569,948,1517,0.12900925710198538
565,948,1513,0.12905226378353582
566,950,1516,0.1291033122719204
558,957,1515,0.12914866890304644
558,948,1506,0.12921208093077427
551,941,1492,0.12927258781982287
555,942,1497,0.12934656234155337
566,938,1504,0.12940611022396958
543,948,1491,0.1294346641804731
545,958,1503,0.12952099917884893
548,954,1502,0.12959539495379094
542,957,1499,0.12965690993929774
545,963,1508,0.12972734910942652
540,970,1510,0.1297843920370404
526,969,1495,0.1298498910794824
531,973,1504,0.12994523593290747
534,977,1511,0.13002113333845403
543,967,1510,0.13008357414738245
548,965,1513,0.13011806765965933
548,964,1512,0.1301377753229601
545,961,1506,0.13015588633847983
542,949,1491,0.13018196455999023
549,960,1509,0.13021355870612075
549,974,1523,0.13022459461941743
538,981,1519,0.13023676909412701
537,985,1522,0.13027571255423545
533,983,1516,0.13031677320808588
530,975,1505,0.13036513051212278
529,953,1482,0.13041931788370983
526,959,1485,0.1304731062536394
530,976,1506,0.13053035546994163
528,970,1498,0.13057275514024572
532,961,1493,0.13061849525245808
532,969,1501,0.13065118192271044
534,968,1502,0.1306805722399852
534,969,1503,0.13070280868622955
528,979,1507,0.13072399799801773
524,987,1511,0.13075928093807485
523,978,1501,0.1308028848510974
531,984,1515,0.13084500880792338
534,984,1518,0.130862375284983
529,972,1501,0.13087038326284056
527,976,1503,0.13089120886804792
515,986,1501,0.13091525320219552
513,977,1490,0.1309678530834639
519,978,1497,0.1310205061422812
517,984,1501,0.13105434605973634
512,987,1499,0.13109221793249368
514,985,1499,0.13113997701104363
512,991,1503,0.13117884185152867
513,990,1503,0.1312192451086555
517,992,1509,0.1312533785813168
512,1003,1515,0.13127620943827542
510,1001,1511,0.13131012246374674
509,1001,1510,0.1313474755214677
515,999,1514,0.13138563407260226
517,1002,1519,0.1314062352915832
507,1004,1511,0.13142165214911805
503,1006,1509,0.13146166851170343
505,1005,1510,0.13150895842433247
500,1006,1506,0.1315487970739654
497,1003,1500,0.131598936834725
500,1000,1500,0.13165452413358203
507,997,1504,0.1316982889250048
499,995,1494,0.13172080791272173
499,1010,1509,0.1317632587396786
501,1011,1512,0.13180162320648126
499,1018,1517,0.13183307552184792
495,1016,1511,0.13186811786270533
490,1029,1519,0.13191159755193266
492,1023,1515,0.13196559128895471
492,1016,1508,0.13201065492811806
490,1017,1507,0.1320529790492234
491,1026,1517,0.1320973094851754
494,1024,1518,0.13213565097084287
486,1023,1509,0.13216502949624373
490,1020,1510,0.1322114495394478
490,1032,1522,0.1322430735384925
490,1020,1510,0.13227322628000424
493,1019,1512,0.13230056783407262
486,1021,1507,0.132319970826982
484,1023,1507,0.13235732303628642
490,1015,1505,0.13239655538857412
488,1007,1495,0.13241819909732927
484,1011,1495,0.1324427299689752
489,1013,1502,0.13247573767065257
495,1013,1508,0.13249407669927787
496,1010,1506,0.1324949687951903
500,1013,1513,0.13249280878709568
488,1014,1502,0.13248081559123612
485,1020,1505,0.1325012921710609
487,1015,1502,0.13252796394399696
484,1016,1500,0.1325458581816664
483,1017,1500,0.1325696857642351
487,1019,1506,0.13259308447886106
484,1018,1502,0.132604165796017
484,1011,1495,0.13262264214295963
480,1019,1499,0.13264130205969543
477,1016,1493,0.13266957454453693
476,1026,1502,0.13270464684749028
472,1027,1499,0.13273959013612058
478,1028,1506,0.13278242819789562
478,1034,1512,0.1328061817789935
477,1037,1514,0.1328293697980065
479,1039,1518,0.13285461724257253
472,1050,1522,0.13287344244598054
469,1047,1516,0.13290890007383652
471,1039,1510,0.13295164323297032
472,1044,1516,0.13298761698408026
475,1038,1513,0.13301747042327336
471,1040,1511,0.13303832308093158
470,1029,1499,0.13306776887046887
474,1036,1510,0.13309780315683142
468,1044,1512,0.13311331769741896
461,1049,1510,0.13314309198079832
462,1050,1512,0.13318914664857334
449,1057,1506,0.13323061358218266
448,1051,1499,0.13330456539078764
445,1050,1495,0.1333781849903942
442,1066,1508,0.1334543825294378
439,1073,1512,0.13353373700229734
440,1076,1516,0.13361640214133583
434,1084,1518,0.13368931204985635
429,1078,1507,0.13377414142775795
434,1072,1506,0.13386637684113098
429,1071,1500,0.13393856188593778
426,1072,1498,0.1340190097967668
422,1078,1500,0.13410249365179516
418,1094,1512,0.13419158769312362
422,1098,1520,0.13428616247574252
419,1099,1518,0.13436421710609983
417,1092,1509,0.13444396768274267
416,1081,1497,0.13452368029497058
424,1081,1505,0.1346003323400592
428,1085,1513,0.13465138958547493
426,1088,1514,0.13468860689447149
421,1086,1507,0.13472790710589447
419,1086,1505,0.13477858190843267
416,1086,1502,0.13483160553829662
417,1099,1516,0.1348878598509735
420,1101,1521,0.1349388054864219
424,1100,1524,0.1349790882202388
420,1105,1525,0.1350066734704847
426,1093,1519,0.1350428361083204
424,1096,1520,0.13506023666912545
417,1096,1513,0.13508182141855965
420,1100,1520,0.135120060128825
420,1092,1512,0.13514878811725886
412,1087,1499,0.13517540960314214
402,1090,1492,0.13522064859249597
411,1095,1506,0.13528869976255462
420,1097,1517,0.13532873704251205
424,1109,1533,0.1353410832234961
425,1097,1522,0.1353416235549634
429,1098,1527,0.13533864139898008
436,1087,1523,0.13532664279029258
436,1091,1527,0.1352982101657102
436,1086,1522,0.13527127625210558
425,1088,1513,0.1352467413470854
426,1099,1525,0.13525309715587866
424,1105,1529,0.13525613935337588
427,1089,1516,0.13526378563757954
427,1086,1513,0.13526218854021402
430,1076,1506,0.1352607554648439
424,1087,1511,0.1352514821313076
422,1103,1525,0.13525921352383657
418,1109,1527,0.13527118317391587
423,1096,1519,0.13529230486137922
420,1101,1521,0.13529911504173017
418,1106,1524,0.13531305450769632
417,1109,1526,0.135330860663635
413,1106,1519,0.13534919939323312
410,1106,1516,0.13537715753155438
407,1102,1509,0.13541041169193033
405,1099,1504,0.13544943316709684
410,1098,1508,0.13549154907875643
410,1101,1511,0.1355182197660363
406,1100,1506,0.13554455885348443
401,1119,1520,0.13557873626273725
411,1110,1521,0.1356235471305272
405,1115,1520,0.13563739112554885
407,1103,1510,0.13566620590196218
402,1104,1506,0.13568866305331087
399,1099,1498,0.13572555378820625
395,1115,1510,0.13576811668432623
388,1116,1504,0.13581948167855248
381,1125,1506,0.13588589093266357
390,1125,1515,0.13596576309815744
384,1140,1524,0.13601717004076616
376,1137,1513,0.13608074969337866
369,1139,1508,0.13616075061571498
372,1155,1527,0.13625385318645175
372,1156,1528,0.13633293056843168
372,1149,1521,0.13640742913347131
374,1146,1520,0.13647716643340124
375,1141,1516,0.13653668976057218
372,1152,1524,0.13659004589166804
373,1138,1511,0.13664720031557928
380,1140,1520,0.13669779561000106
384,1145,1529,0.13672603955035187
378,1137,1515,0.13674167340197577
370,1137,1507,0.13677089125924055
374,1141,1515,0.1368193903705469
377,1143,1520,0.1368548998158346
373,1140,1513,0.13687940218088687
370,1147,1517,0.13691149144759338
370,1149,1519,0.13695041618719223
372,1140,1512,0.1369864135214718
371,1143,1514,0.13701505590043522
374,1147,1521,0.13704427190603027
370,1146,1516,0.1370636985407428
375,1143,1518,0.1370930620509958
378,1149,1527,0.13710656415093786
376,1138,1514,0.13711070309361084
384,1145,1529,0.13712060856250788
380,1140,1520,0.13710858819668367
380,1134,1514,0.13710822756733143
385,1132,1517,0.1371064420447313
387,1129,1516,0.1370925273534843
379,1129,1508,0.1370743888555503
379,1129,1508,0.13707918919802142
379,1131,1510,0.13708440147175727
382,1130,1512,0.13708995866012555
386,1134,1520,0.1370867800439953
386,1130,1516,0.13707316394951388
385,1140,1525,0.13706114158197144
383,1134,1517,0.13705339702479893
389,1131,1520,0.1370511604598509
384,1125,1509,0.1370340195510163
379,1131,1510,0.13703024648029424
379,1126,1505,0.13704059905471624
385,1138,1523,0.13705036737371865
391,1145,1536,0.13704265087582307
383,1143,1526,0.13702013437129165
380,1136,1516,0.13701930100854814
390,1127,1517,0.13702654067991593
389,1126,1515,0.13700647845745828
392,1121,1513,0.13699060869436505
395,1127,1522,0.13696722057540467
390,1131,1521,0.136939271254621
383,1130,1513,0.13692597088972325
386,1142,1528,0.13693299784021842
384,1135,1519,0.13693076285790767
383,1126,1509,0.1369347107481832
386,1129,1515,0.13693971855873782
387,1134,1521,0.13693684757274113
388,1134,1522,0.13693120926921643
394,1117,1511,0.13692313746337845
389,1126,1515,0.13690012230442225
387,1130,1517,0.13689220299301233
382,1130,1512,0.13689171176893622
384,1136,1520,0.13690451393034053
387,1120,1507,0.13690964373237496
380,1126,1506,0.13690648666694474
376,1128,1504,0.1369224063736445
373,1149,1522,0.1369482418929656
376,1148,1524,0.1369816135270657
370,1134,1504,0.1370042877197811
370,1140,1510,0.13704149245640201
368,1140,1508,0.13707479211541254
366,1144,1510,0.13711126019489966
358,1147,1505,0.1371507225447446
361,1142,1503,0.137209348694686
363,1134,1497,0.13725628622101424
362,1140,1502,0.13729401302098104
362,1152,1514,0.13733204840868837
362,1146,1508,0.137367510344784
363,1156,1519,0.13740015417883694
360,1166,1526,0.13742646912245093
357,1176,1533,0.13745891249754302
358,1172,1530,0.13749658591295902
355,1168,1523,0.13752922979108967
353,1160,1513,0.13756858322944462
354,1159,1513,0.13761151524985651
355,1156,1511,0.13764832160540053
353,1151,1504,0.1376804278652001
355,1162,1517,0.1377152398667087
354,1154,1508,0.1377433393415457
354,1158,1512,0.1377715257989563
351,1162,1513,0.13779801090687302
352,1181,1533,0.1378311699889844
348,1173,1521,0.13785977542811875
343,1162,1505,0.137897117956943
349,1163,1512,0.13794642420464837
340,1173,1513,0.13797607168405998
333,1165,1498,0.13802753028348022
336,1171,1507,0.13809454667091053
330,1173,1503,0.1381491415200666
331,1187,1518,0.13821562176784263
336,1192,1528,0.13827421979762658
338,1184,1522,0.13831638816003872
334,1190,1524,0.1383490981534169
330,1193,1523,0.13839058453950528
339,1186,1525,0.13843946637729687
332,1172,1504,0.1384603577099068
324,1178,1502,0.13849991214359247
325,1189,1514,0.138558501162962
326,1189,1515,0.1386105008524413
320,1186,1506,0.13865637700991496
319,1180,1499,0.13871507064843364
317,1185,1502,0.13877415178097155
316,1183,1499,0.1388362965630569
322,1193,1515,0.13889680579106553
316,1199,1515,0.13893744073627526
313,1195,1508,0.13899126537212667
312,1203,1515,0.13905049396881383
317,1195,1512,0.13910853746519228
312,1193,1505,0.13914859501196472
312,1202,1514,0.13920080952576203
313,1207,1520,0.13924860606452533
311,1213,1524,0.1392901987611209
312,1208,1520,0.13933366833273697
307,1204,1511,0.13937184452422965
304,1201,1505,0.1394216607075812
291,1205,1496,0.1394772586156621
290,1217,1507,0.13956371744561294
290,1213,1503,0.13964669148953782
290,1212,1502,0.13972552107734665
289,1224,1513,0.13979924138005914
292,1227,1519,0.139871551105579
291,1228,1519,0.1399312263625184
286,1234,1520,0.13998954080779863
284,1234,1518,0.14005801589820327
279,1223,1502,0.1401267821815971
274,1235,1509,0.14020534923297037
273,1230,1503,0.1402924736299905
283,1227,1510,0.14037543150722523
279,1232,1511,0.1404253106652296
280,1220,1500,0.1404823081172447
281,1219,1500,0.14053259964729123
279,1227,1506,0.14057709600885648
281,1230,1511,0.1406234166653966
278,1240,1518,0.14066215296877138
278,1245,1523,0.1407057916208398
278,1235,1513,0.1407466340540483
274,1235,1509,0.14078441204556238
277,1255,1532,0.1408304364866906
276,1250,1526,0.140866152053378
277,1254,1531,0.14090222119555976
279,1256,1535,0.14093384419469696
279,1252,1531,0.14095814824451902
280,1241,1521,0.1409817570918431
277,1249,1526,0.1410011111939812
270,1249,1519,0.14102741071555652
262,1255,1517,0.14107149194972357
260,1245,1505,0.14113590617445737
262,1238,1500,0.14120165357461478
260,1244,1504,0.14125715959829235
264,1243,1507,0.14131442965424462
261,1241,1502,0.14135612113817622
264,1239,1503,0.14140372069705961
258,1257,1515,0.14144021996477993
264,1247,1511,0.14149059735793895
259,1253,1512,0.14152007815204376
260,1256,1516,0.14156030448057033
266,1256,1522,0.14159604361451564
260,1266,1526,0.14161263341532548
259,1252,1511,0.14164513116405542
258,1264,1522,0.14167832568084873
259,1252,1511,0.14171142017355104
256,1261,1517,0.14174033066703173
256,1264,1520,0.14177527339309387
247,1260,1507,0.14180801353453854
248,1256,1504,0.1418626962871451
254,1262,1516,0.14191068793497064
253,1256,1509,0.14193840567100488
255,1252,1507,0.1419666150971764
257,1262,1519,0.14198762623410577
263,1261,1524,0.1420025409858098
260,1268,1528,0.14200030134935904
256,1261,1517,0.14200729285744587
255,1263,1518,0.14202573072094812
255,1252,1507,0.14204503011145264
253,1248,1501,0.14206382967523376
248,1265,1513,0.14208757532345787
249,1262,1511,0.14212383101530573
251,1262,1513,0.1421546171833943
247,1261,1508,0.14217827787729417
252,1273,1525,0.1422114515183325
249,1270,1519,0.14222732354067452
249,1273,1522,0.14225008605250367
255,1264,1519,0.14227199295971343
248,1259,1507,0.14227601960422068
248,1245,1493,0.1422999827554046
247,1255,1502,0.14232293317864456
244,1254,1498,0.142346619675117
240,1258,1498,0.14237747048052307
236,1261,1497,0.1424180994094241
236,1264,1500,0.14246678404490337
237,1269,1506,0.14251145778900678
246,1270,1516,0.14255067150812273
248,1263,1511,0.14256256970046113
244,1267,1511,0.14256803437413734
238,1267,1505,0.14258522984395344
239,1276,1515,0.1426180225086108
241,1283,1524,0.14264537120776008
238,1285,1523,0.14266551483899526
242,1289,1531,0.14269235874780298
239,1284,1523,0.14270643364905386
238,1274,1512,0.14272687667919629
235,1274,1509,0.1427483868031379
236,1279,1515,0.14277635889349902
239,1279,1518,0.14279947201459667
242,1266,1508,0.14281219890628677
241,1268,1509,0.1428156553229987
238,1276,1514,0.14282161009004177
236,1278,1514,0.14283548452185219
246,1261,1507,0.1428537868032382
246,1272,1518,0.14284301105498448
239,1270,1509,0.14283274050865927
240,1274,1514,0.1428427190157609
244,1278,1522,0.14284974070879933
240,1283,1523,0.1428453271520593
238,1274,1512,0.1428522648933888
236,1261,1497,0.14286487010210544
242,1270,1512,0.14288208876484856
242,1259,1501,0.14288217072937306
242,1271,1513,0.142882830374706
242,1283,1525,0.14288338896502994
240,1276,1516,0.1428841861192175
239,1276,1515,0.1428899636885174
236,1291,1527,0.1428984296117661
233,1289,1522,0.1429148816582646
239,1282,1521,0.14293808288099583
240,1275,1515,0.14294335139699396
241,1264,1505,0.14294571766933317
241,1266,1507,0.1429452735737503
236,1281,1517,0.1429453072246347
234,1275,1509,0.14295967819570093
239,1275,1514,0.14297829382162447
241,1278,1519,0.1429808798442516
242,1277,1519,0.1429778643618996
240,1279,1519,0.14297278546976
239,1269,1508,0.1429731689258867
239,1270,1509,0.14297633576053903
239,1276,1515,0.14297973031292022
241,1282,1523,0.1429829232884676
237,1273,1510,0.14298180386379325
233,1269,1502,0.1429917992379953
232,1272,1504,0.14301246308130897
230,1285,1515,0.143033926568871
232,1257,1489,0.1430603094592121
235,1270,1505,0.14307869380734134
232,1272,1504,0.1430876288335093
231,1277,1508,0.14310513074751982
234,1275,1509,0.14312435224827538
227,1288,1515,0.14313405985577718
226,1285,1511,0.14316341974503596
224,1283,1507,0.14319363193532306
222,1291,1513,0.14322758670958147
216,1291,1507,0.1432643427597534
217,1290,1507,0.14331464827678245
218,1288,1506,0.14335896375584187
216,1297,1513,0.1433982811426131
216,1292,1508,0.14343972530506388
214,1303,1517,0.14347823498774154
220,1301,1521,0.14351940917426018
224,1301,1525,0.14354241424498285
222,1291,1513,0.14355342515136857
220,1297,1517,0.1435696499815725
219,1295,1514,0.143590666465854
219,1292,1511,0.1436131661474776
220,1299,1519,0.14363524596338428
222,1286,1508,0.14365199458726843
221,1292,1513,0.14366227345995108
220,1284,1504,0.14367613566358411
219,1295,1514,0.14369194123940737
214,1306,1520,0.14370940493552667
217,1309,1526,0.14373980068992434
207,1304,1511,0.14375913714112964
208,1306,1514,0.1438053029815469
208,1300,1508,0.1438456222000624
206,1302,1508,0.14388296025461883
207,1308,1515,0.14392416979565717
203,1307,1510,0.14395984382305013
197,1311,1508,0.14400458697755508
199,1304,1503,0.14406373065007644
199,1298,1497,0.14411334420655783
200,1297,1497,0.14415937442276483
191,1306,1497,0.14419983150608628
195,1309,1504,0.14426200625372537
200,1308,1508,0.14430871912740945
204,1318,1522,0.14433823298402682
199,1322,1521,0.14435491509027987
202,1323,1525,0.14438395648812402
200,1321,1521,0.1444027030447626
199,1320,1519,0.14442619921569264
198,1312,1510,0.14445147267494632
192,1328,1520,0.14447690039484284
187,1328,1515,0.14451714637079469
190,1316,1506,0.1445682187690711
194,1328,1522,0.14460771785810683
192,1328,1520,0.14463419214871462
196,1326,1522,0.14466365844348558
193,1309,1502,0.1446810803778007
193,1312,1505,0.14470632025399677
192,1318,1510,0.14472921514352155
191,1322,1513,0.1447534320237949
191,1330,1521,0.14477926273793007
194,1331,1525,0.1448043148876403
195,1328,1523,0.1448191645987652
192,1332,1524,0.1448302480084237
191,1327,1518,0.14484949559557786
188,1323,1511,0.14487042017312135
185,1330,1515,0.14489840867379156
184,1334,1518,0.14493283976722018
183,1334,1517,0.14496780699510972
183,1342,1525,0.14500370354224704
180,1339,1519,0.14503696651370623
177,1334,1511,0.14507575178442877
177,1348,1525,0.14511996054664772
177,1344,1521,0.1451615711713315
179,1354,1533,0.14520042829959237
178,1346,1524,0.14523031556670118
177,1356,1533,0.14526033016445702
170,1357,1527,0.14529056193225556
174,1348,1522,0.1453391116431103
174,1348,1522,0.14537262640262583
174,1344,1518,0.14540484661072972
176,1350,1526,0.14543510708021665
175,1349,1524,0.14545781366494817
172,1344,1516,0.14548278698585676
177,1346,1523,0.14551433996616295
169,1351,1520,0.14552988249464316
169,1351,1520,0.14556665309753086
167,1343,1510,0.14560117884247784
167,1340,1507,0.1456388794806606
167,1332,1499,0.14567373640666031
168,1330,1498,0.14570651801812837
176,1335,1511,0.14573409993306144
171,1325,1496,0.14573764528175345
173,1334,1507,0.14575511167015331
179,1334,1513,0.14576566881506614
180,1331,1511,0.1457590761747603
180,1320,1500,0.1457508995073918
177,1342,1519,0.145743031669287
179,1348,1527,0.14574430308432632
180,1342,1522,0.14573917660741673
181,1347,1528,0.14573182946253901
179,1346,1525,0.14572218722305877
182,1346,1528,0.1457189525547548
182,1355,1537,0.14570759075513742
179,1346,1525,0.14569711612484101
175,1337,1512,0.14569560327965894
176,1341,1517,0.14570583896401612
175,1341,1516,0.14571374008448823
176,1331,1507,0.14572395433714955
174,1331,1505,0.14573082599166834
178,1344,1522,0.14574326634060783
181,1332,1513,0.14574366441358041
180,1339,1519,0.1457354495641506
182,1341,1523,0.1457310188834795
180,1343,1523,0.14572076708075224
182,1338,1520,0.145716470611011
177,1345,1522,0.14570709328231865
175,1344,1519,0.14571293946366112
174,1336,1510,0.14572360640080867
180,1332,1512,0.14573584945817333
179,1343,1522,0.1457309192810897
178,1344,1522,0.1457290611940918
181,1338,1519,0.14572981360930015
178,1340,1518,0.14572316495520607
178,1334,1512,0.14572573472090655
179,1326,1505,0.14572837524117666
183,1328,1511,0.14572794291440444
186,1331,1517,0.14571629070435818
185,1319,1504,0.1456974887098488
181,1338,1519,0.1456832853519645
177,1332,1509,0.14568137376463486
177,1335,1512,0.1456911287073712
174,1342,1516,0.145700013328577
171,1335,1506,0.14571589930846726
173,1347,1520,0.14573991698224786
176,1337,1513,0.14575577144595875
173,1341,1514,0.14576165456144094
172,1332,1504,0.14577500737447113
173,1340,1513,0.1457897762758693
177,1347,1524,0.14580112125619105
175,1350,1525,0.145800268941305
175,1348,1523,0.1458053666879901
173,1349,1522,0.14581075732264737
175,1339,1514,0.14582114662181161
173,1337,1510,0.14582545789438683
174,1334,1508,0.14583456977937492
175,1338,1513,0.1458400375176253
175,1343,1518,0.14584290057092691
177,1334,1511,0.1458460762717484
175,1359,1534,0.14584336803062573
172,1353,1525,0.1458458065674189
175,1346,1521,0.14585613989974233
174,1349,1523,0.14585708545940934
174,1343,1517,0.1458609788321472
178,1339,1517,0.14586481073231927
174,1347,1521,0.14585685404638435
177,1346,1523,0.14586011912141367
177,1340,1517,0.14585449437901363
175,1344,1519,0.14584908512507275
172,1339,1511,0.14584997104370387
168,1332,1500,0.14585874439285884
165,1323,1488,0.14587721274562615
166,1341,1507,0.1459031065169948
168,1343,1511,0.1459239338140088
174,1346,1520,0.14593807384719
173,1340,1513,0.1459346550676474
171,1347,1518,0.14593457145131464
169,1358,1527,0.14594007756721472
159,1351,1510,0.14595069606133187
158,1353,1511,0.14598898524604817
154,1348,1502,0.14602672249867343
157,1356,1513,0.1460733836473994
157,1358,1515,0.14610732428136605
152,1350,1502,0.14613972556319474
158,1348,1506,0.14618367268222732
159,1354,1513,0.14620754220113646
155,1365,1520,0.14622741057014849
151,1353,1504,0.14625754871268254
154,1353,1507,0.1462969569988509
153,1357,1510,0.14632505033880336
150,1352,1502,0.14635410017256334
153,1346,1499,0.14638967691136162
155,1349,1504,0.1464148619030593
152,1361,1513,0.1464328741382786
153,1356,1509,0.1464586065352494
152,1355,1507,0.14648033046227693
155,1334,1489,0.14650328540978574
155,1335,1490,0.14651681993485965
157,1342,1499,0.14653034465679832
158,1354,1512,0.14653672817739966
154,1354,1508,0.14654045891809372
155,1362,1517,0.14655558820375839
152,1352,1504,0.14656659459250013
152,1350,1502,0.14658543002528673
153,1350,1503,0.14660311382017294
153,1362,1515,0.14661605483892276
156,1360,1516,0.14662832457984884
155,1358,1513,0.1466317330377573
152,1360,1512,0.14663775770697363
154,1354,1508,0.14665214468305898
152,1356,1508,0.1466601261151909
152,1369,1521,0.14667362929968733
151,1361,1512,0.14668626538643853
153,1359,1512,0.14670124799787015
152,1363,1515,0.14670988359435222
152,1356,1508,0.14672134666550374
150,1369,1519,0.1467313114837517
153,1369,1522,0.14674626991377032
150,1373,1523,0.1467511860517361
144,1359,1503,0.14676617114647647
145,1360,1505,0.14679727624108982
142,1373,1515,0.14682373147211958
141,1380,1521,0.14685669392398928
138,1373,1511,0.14689078647695578
140,1374,1514,0.1469313966790951
137,1383,1520,0.14696351166505195
137,1375,1512,0.14700214776842754
139,1375,1514,0.14703868698715983
138,1370,1508,0.14706711757258575
137,1360,1497,0.14709681255890797
135,1365,1500,0.14712782518667392
132,1376,1508,0.14716191404429402
131,1378,1509,0.1472022402350514
131,1372,1503,0.14724308155700316
134,1368,1502,0.14728128781481656
132,1381,1513,0.1473084552503186
136,1391,1527,0.1473394874063978
135,1377,1512,0.1473574631464738
136,1383,1519,0.14737699630161827
136,1379,1515,0.1473923390177317
136,1378,1514,0.14740706376270796
131,1388,1519,0.14742079312374493
132,1389,1521,0.1474475302000744
129,1388,1517,0.14747013713525603
127,1389,1516,0.14749936247198278
127,1383,1510,0.14753255647805374
131,1390,1521,0.14756371491115286
126,1393,1519,0.14758139110156013
123,1391,1514,0.14761249057005268
122,1399,1521,0.147650169365466
125,1401,1526,0.14768829482917797
121,1400,1521,0.14771521646082214
123,1398,1521,0.1477515330448544
124,1391,1515,0.14778015638575304
124,1396,1520,0.1478044390462137
120,1393,1513,0.14782690053189929
119,1388,1507,0.14785961614682597
117,1390,1507,0.1478927680333355
112,1397,1509,0.14792932259622077
117,1402,1519,0.14797761863884124
120,1405,1525,0.14800855742023297
120,1410,1530,0.1480291440381573
117,1401,1518,0.1480485190652827
118,1393,1511,0.14807547797620513
116,1395,1511,0.14809790032478887
114,1397,1511,0.14812459791315372
112,1398,1510,0.1481548976427817
110,1400,1510,0.14818896949204277
112,1398,1510,0.1482265183800421
114,1402,1516,0.14825561350218547
114,1402,1516,0.1482769968377994
112,1400,1512,0.14829755149193719
111,1411,1522,0.1483223208430932
111,1411,1522,0.1483479824271952
110,1398,1508,0.14837200721491714
110,1409,1519,0.14839692024853707
108,1401,1509,0.14842106045075887
113,1386,1499,0.14844943924344797
115,1391,1506,0.1484616974922796
116,1390,1506,0.1484677836522937
113,1395,1508,0.14847123029169462
110,1385,1495,0.14848396592855373
109,1407,1516,0.14850455328453183
109,1388,1497,0.14852637996579474
109,1396,1505,0.14854703023667923
108,1410,1518,0.1485660179424394
108,1408,1516,0.14858677779996085
108,1408,1516,0.14860619320646273
111,1412,1523,0.14862387329454252
110,1420,1530,0.14863175337240075
110,1416,1526,0.14864185147762463
112,1415,1527,0.1486507725250387
111,1408,1519,0.1486538788858025
112,1392,1504,0.14865936984679728
110,1409,1519,0.14866196480052843
108,1410,1518,0.1486694278926279
110,1402,1512,0.14868203055834692
108,1406,1514,0.1486880246605532
110,1412,1522,0.148699465351445
112,1407,1519,0.1487040103814787
109,1402,1511,0.14870228831844826
109,1407,1516,0.14870900075142005
110,1424,1534,0.1487155064194244
109,1411,1520,0.14871903760055452
110,1414,1524,0.1487256256053599
109,1417,1526,0.14872842461631577
110,1409,1519,0.14873388414616517
108,1424,1532,0.1487362949651298
108,1424,1532,0.14874484622482056
104,1412,1516,0.148752958785577
101,1427,1528,0.14877202101279396
102,1428,1530,0.14879876487095692
101,1422,1523,0.14882100045124816
103,1420,1523,0.1488448112471349
100,1418,1518,0.14886128639514634
100,1416,1516,0.14888528529387127
99,1424,1523,0.14890780693168004
98,1417,1515,0.148931784198848
98,1406,1504,0.1489567821948143
101,1421,1522,0.14897959220209814
103,1426,1529,0.14899235261260205
99,1434,1533,0.14899826227617982
99,1431,1530,0.14901448233757453
100,1428,1528,0.14903006778330302
99,1418,1517,0.14904177475477337
100,1415,1515,0.14905558505346658
99,1420,1519,0.14906558575578074
96,1423,1519,0.14907802750154797
95,1418,1513,0.149098563261603
94,1418,1512,0.14912099953013644
90,1425,1515,0.14914508684814265
90,1423,1513,0.14917879168389367
91,1428,1519,0.14921082057614826
89,1435,1524,0.14923781692818064
86,1428,1514,0.14926875366427855
86,1431,1517,0.1493063639740093
83,1438,1521,0.14934209273463575
82,1438,1520,0.14938442614552383
79,1437,1516,0.14942694629747857
78,1457,1535,0.14947522937231128
77,1458,1535,0.14952331779948472
76,1450,1526,0.14957097475862174
71,1445,1516,0.149618934712692
70,1446,1516,0.14967886913480438
66,1457,1523,0.14973779470696919
72,1438,1510,0.14980474572118244
73,1436,1509,0.14985007149834223
75,1432,1507,0.14988988577351436
76,1445,1521,0.14992147665626643
71,1449,1520,0.14994804347075025
72,1442,1514,0.14998814892971224
69,1446,1515,0.15002277564989033
69,1438,1507,0.1500641916907948
67,1443,1510,0.15010303449582907
67,1434,1501,0.150145560703528
67,1438,1505,0.15018538602839349
67,1432,1499,0.15022257198648878
65,1434,1499,0.15025756568461654
65,1447,1512,0.15029649322123806
67,1455,1522,0.15033283343752143
66,1459,1525,0.15036089192834104
66,1439,1505,0.15038999806955602
64,1436,1500,0.1504176436202829
64,1422,1486,0.15044953175188516
63,1432,1495,0.15047944149543493
64,1446,1510,0.1505103239811172
63,1458,1521,0.15053617076560266
61,1452,1513,0.1505635220988066
60,1447,1507,0.15059523104589626
60,1455,1515,0.15062796274429363
63,1458,1521,0.1506586577378372
63,1449,1512,0.1506789063909619
63,1453,1516,0.15069750962599507
60,1451,1511,0.15071514759378749
61,1445,1506,0.15074064959190284
61,1449,1510,0.1507614607954491
63,1447,1510,0.15078103734930093
62,1457,1519,0.1507935902420928
61,1464,1525,0.1508091173047308
61,1476,1537,0.15082695145924163
58,1464,1522,0.15084373191699257
60,1464,1524,0.15086788963819375
61,1465,1526,0.15088483941217645
58,1460,1518,0.1508978562943918
56,1467,1523,0.15091901089010346
56,1469,1525,0.15094473921550525
58,1471,1529,0.15096860283196598
56,1469,1525,0.1509852065186598
56,1471,1527,0.15100671805567079
57,1454,1511,0.15102722086875814
56,1462,1518,0.1510436235799334
55,1463,1518,0.15106202037533542
55,1464,1519,0.15108231426274601
55,1467,1522,0.15110131572147126
57,1448,1505,0.15111912435976066
57,1448,1505,0.1511296222147367
55,1454,1509,0.15113963740604905
57,1454,1511,0.15115501620154795
58,1451,1509,0.15116354523508277
57,1458,1515,0.1511686820774789
57,1459,1516,0.1511763029933702
59,1453,1512,0.15118375042906543
58,1460,1518,0.1511847568763119
57,1459,1516,0.1511885299860003
58,1468,1526,0.15119521030337146
59,1455,1514,0.15119858084787471
58,1451,1509,0.1511988773994976
56,1464,1520,0.1512022472190592
52,1468,1520,0.1512110344592011
54,1471,1525,0.15123130424044762
54,1471,1525,0.15124436189651555
55,1458,1513,0.15125631517023824
55,1460,1515,0.1512641670711864
54,1470,1524,0.15127156004082493
52,1462,1514,0.1512813594742641
53,1466,1519,0.15129644499161732
52,1463,1515,0.15130759566966576
54,1461,1515,0.15132102901091976
53,1481,1534,0.15132743578753127
50,1475,1525,0.15133648342960462
51,1475,1526,0.15135407064740736
52,1472,1524,0.15136731187277722
51,1481,1532,0.15137699613887687
50,1488,1538,0.15138910414842466
52,1476,1528,0.15140332749844007
50,1478,1528,0.15141062158644789
51,1472,1523,0.15142325813017973
51,1458,1509,0.15143219208850944
53,1463,1516,0.15144059019043546
52,1450,1502,0.1514428931328883
53,1452,1505,0.15144775073116631
54,1447,1501,0.15144933846953582
53,1456,1509,0.151447800118871
52,1452,1504,0.15144931897556949
52,1464,1516,0.15145378750109204
53,1475,1528,0.15145802304134165
53,1466,1519,0.15145898549653952
52,1460,1512,0.15146006658434455
55,1478,1533,0.15146431176289532
54,1465,1519,0.15145922982506105
55,1462,1517,0.15145762166601193
56,1467,1523,0.15145263484697696
54,1460,1514,0.15144455223617334
55,1457,1512,0.15144298896205144
56,1450,1506,0.15143875420476086
57,1456,1513,0.15143173808740257
58,1458,1516,0.15142228499336638
57,1449,1506,0.15141046602271338
56,1445,1501,0.1514024773050954
55,1457,1512,0.15139811617066073
52,1455,1507,0.15139704047939376
52,1463,1515,0.1514050479764342
52,1464,1516,0.15141265390256975
54,1467,1521,0.15141967428391886
53,1463,1516,0.15142027114565684
54,1464,1518,0.1514236776790389
54,1461,1515,0.15142372594275819
54,1451,1505,0.1514239208502178
56,1458,1514,0.15142414897888565
56,1455,1511,0.151418290126437
56,1447,1503,0.15141282568682526
57,1449,1506,0.15140764533059894
57,1445,1502,0.15139981829593138
58,1458,1516,0.15139239509941846
59,1453,1512,0.15138236784952042
57,1459,1516,0.15137003284329106
57,1446,1503,0.15136449889230325
56,1461,1517,0.1513592133510248
56,1457,1513,0.15135725498033595
57,1457,1514,0.15135554118317343
56,1456,1512,0.15135085758065137
55,1451,1506,0.1513495615673742
55,1469,1524,0.1513512959935918
55,1455,1510,0.15135300956233766
56,1459,1515,0.15135457740041536
57,1465,1522,0.1513528327737323
58,1472,1530,0.15134812922029364
57,1455,1512,0.15134061847640903
58,1456,1514,0.1513366375498263
59,1470,1529,0.15132986101264043
60,1457,1517,0.15132064703234818
59,1452,1511,0.15130891079053962
57,1442,1499,0.1513011530858811
55,1457,1512,0.1512997561171029
55,1457,1512,0.1513043761516715
55,1467,1522,0.15130863106150944
55,1473,1528,0.15131248475727532
57,1473,1530,0.1513160520184751
57,1460,1517,0.15131331076079046
58,1459,1517,0.1513109297870477
59,1461,1520,0.15130572051117727
58,1460,1518,0.15129785520210423
58,1454,1512,0.1512936630331706
58,1450,1508,0.15128973712883384
58,1442,1500,0.1512857626970791
62,1450,1512,0.15128217217415443
61,1449,1510,0.15126708340632744
59,1452,1511,0.15125597577511146
57,1452,1509,0.15125151264019313
57,1464,1521,0.15125336030799283
55,1476,1531,0.15125505573077602
55,1469,1524,0.15126238613832638
56,1465,1521,0.1512694390193916
56,1460,1516,0.15127273411004075
56,1461,1517,0.15127580340154784
57,1466,1523,0.1512783593738251
54,1456,1510,0.15127768275606848
52,1452,1504,0.15128571928857354
53,1448,1501,0.15129904031061156
53,1449,1502,0.15130832795745142
54,1460,1514,0.15131688153801146
53,1461,1514,0.15132191963468972
54,1461,1515,0.15132989751637513
52,1460,1512,0.15133423831591078
49,1468,1517,0.15134425889250602
48,1476,1524,0.15136253360796925
48,1471,1519,0.15138263670330335
42,1472,1514,0.15140128327634078
42,1463,1505,0.15143675802806247
40,1479,1519,0.15146999780010123
40,1487,1527,0.15150726823254476
42,1478,1520,0.15154226012331404
42,1474,1516,0.15156893735567306
40,1477,1517,0.15159397665085736
39,1490,1529,0.15162371269888147
36,1483,1519,0.1516545361693724
35,1481,1516,0.15169258117064716
37,1483,1520,0.1517311302752268
35,1474,1509,0.15176105526880004
36,1480,1516,0.15179524429111868
37,1495,1532,0.1518243978664121
37,1491,1528,0.1518488818146871
35,1481,1516,0.15187202141713793
36,1482,1518,0.15189975493778782
35,1477,1512,0.15192284613571935
33,1472,1505,0.15194758282428342
32,1472,1504,0.15197706295931945
32,1480,1512,0.15200763375541307
33,1485,1518,0.15203645956956324
35,1487,1522,0.15206052416136517
32,1475,1507,0.15207695060025478
30,1481,1511,0.15210168340858068
30,1479,1509,0.15213104357950885
29,1478,1507,0.1521585288643311
28,1476,1504,0.1521874257064395
27,1475,1502,0.15221760415403376
27,1495,1522,0.15224900301972094
25,1493,1518,0.15227844463871315
26,1492,1518,0.15231210131463108
27,1496,1523,0.15234069682056486
28,1491,1519,0.15236442337736275
28,1504,1532,0.15238358748914432
26,1500,1526,0.15240159480749044
26,1493,1519,0.15242474429547126
23,1492,1515,0.15244636539206083
23,1501,1524,0.15247588797172815
21,1506,1527,0.15250353817197398
21,1495,1516,0.15253577220435582
22,1502,1524,0.15256600869321393
20,1486,1506,0.15259129584396555
21,1484,1505,0.1526212818043815
21,1502,1523,0.15264630975012503
22,1503,1525,0.15266982752136987
21,1513,1534,0.15268882602556705
21,1517,1538,0.1527097264938393
21,1508,1529,0.15272934726312054
21,1498,1519,0.1527477676361212
22,1510,1532,0.15276506538142967
21,1517,1538,0.15277811535905161
19,1515,1534,0.15279343575070278
19,1511,1530,0.15281411235051445
20,1500,1520,0.15283350863986642
17,1498,1515,0.15284855016409568
20,1496,1516,0.1528721487763812
20,1500,1520,0.15288476277463756
20,1508,1528,0.15289662741223659
20,1504,1524,0.15290777600635366
20,1505,1525,0.1529182507465942
17,1507,1524,0.1529279939797072
17,1489,1506,0.15294662722331442
18,1489,1507,0.1529640984498627
17,1504,1521,0.1529773713200434
15,1510,1525,0.15299300776565836
15,1507,1522,0.15301401495544786
15,1497,1512,0.1530337495224817
14,1507,1521,0.1530523038756804
14,1515,1529,0.15307287947635134
14,1505,1519,0.1530922029393121
13,1509,1522,0.15311035663292866
12,1501,1513,0.15313058623437598
12,1499,1511,0.15315272108264724
13,1496,1509,0.1531735177978172
10,1494,1504,0.15318988838717632
12,1503,1515,0.15321465849604254
13,1492,1505,0.15323160133004948
13,1495,1508,0.15324435512452453
14,1487,1501,0.15325633020506926
15,1495,1510,0.15326450273078185
14,1500,1514,0.15326908506111178
14,1496,1510,0.15327656302899748
14,1492,1506,0.15328359653685786
14,1472,1486,0.15329021553623412
16,1487,1503,0.15329644379912716
15,1486,1501,0.1532960156945961
15,1495,1510,0.15329882697438585
15,1499,1514,0.15330148006497551
15,1501,1516,0.15330398524878372
16,1498,1514,0.1533063806960299
17,1492,1509,0.15330551486623414
18,1495,1513,0.153301586852732
18,1498,1516,0.15329473648401634
18,1491,1509,0.15328837270292736
18,1496,1514,0.1532824259125337
17,1490,1507,0.15327686180039268
17,1490,1507,0.15327478916232082
16,1506,1522,0.15327283761338237
15,1513,1528,0.15327413137464457
15,1499,1514,0.15327842893543184
15,1498,1513,0.15328245995354725
14,1510,1524,0.1532862969867895
14,1507,1521,0.15329308683604467
13,1495,1508,0.15329945901682648
12,1498,1510,0.1533085909065129
12,1486,1498,0.15332035041853362
12,1496,1508,0.15333138832989043
13,1499,1512,0.1533417513391508
13,1497,1510,0.1533482982409895
12,1492,1504,0.1533544542288806
12,1493,1505,0.153363251875607
12,1499,1511,0.1533715212642524
12,1503,1515,0.15337928088598388
12,1509,1521,0.1533865634882536
12,1511,1523,0.15339339948762615
12,1498,1510,0.15339981722976262
12,1491,1503,0.15340584314820524
13,1485,1498,0.1534115018781248
13,1495,1508,0.1534136605589127
13,1506,1519,0.15341569960140386
13,1520,1533,0.153417620384914
13,1526,1539,0.15341942791907145
13,1505,1518,0.15342112817378215
14,1523,1537,0.15342272719892844
14,1498,1512,0.15342103562780207
14,1478,1492,0.1534194642172451
13,1478,1491,0.15341799631326383
13,1480,1493,0.15341976135007582
14,1491,1505,0.15342140995921538
14,1498,1512,0.15341975543451297
14,1491,1505,0.15341821562856153
12,1491,1503,0.15341677457112846
11,1498,1509,0.15342173493580943
11,1492,1503,0.15342950721840107
11,1503,1514,0.15343680853673283
11,1501,1512,0.15344366383075425
11,1511,1522,0.1534501012270523
11,1506,1517,0.15345614724225892
11,1506,1517,0.1534618265429487
11,1502,1513,0.1534671620398073
12,1500,1512,0.1534721750473987
11,1494,1505,0.15347372007684096
12,1494,1506,0.1534783718055017
12,1491,1503,0.15347954493073593
12,1488,1500,0.15348066491633933
11,1491,1502,0.15348172601485469
11,1508,1519,0.15348589867524487
11,1512,1523,0.15348980802630888
11,1507,1518,0.15349349721064534
10,1498,1508,0.1534969526741718
9,1495,1504,0.15350339044309103
9,1498,1507,0.15351256103129496
11,1492,1503,0.15352118937057152
12,1496,1508,0.15352291929797893
12,1490,1502,0.15352138846308244
11,1495,1506,0.15351997568671844
11,1495,1506,0.15352177541112388
11,1500,1511,0.1535234675823948
12,1502,1514,0.15352511658707185
11,1503,1514,0.1535235078304732
11,1496,1507,0.15352518750796093
12,1508,1520,0.15352674648012093
11,1504,1515,0.15352504503935438
10,1499,1509,0.15352663050397233
10,1500,1510,0.15353129240184465
10,1508,1518,0.15353566513187603
10,1515,1525,0.15353976936942818
10,1508,1518,0.15354362226881185
10,1514,1524,0.15354723996101127
10,1517,1527,0.15355061670607703
9,1519,1528,0.1535537990124809
9,1513,1522,0.15355996832981808
9,1514,1523,0.15356577754140185
9,1506,1515,0.15357124675597913
8,1504,1512,0.15357639395010214
8,1500,1508,0.15358438372657965
9,1503,1512,0.15359189765221065
8,1499,1507,0.15359579723352249
8,1497,1505,0.15360264633745147
8,1502,1510,0.1536090790574115
8,1507,1515,0.1536151226026965
8,1506,1514,0.15362080084514637
8,1509,1517,0.1536261364849341
8,1505,1513,0.15363115069417543
8,1501,1509,0.1536358631800287
8,1515,1523,0.1536402923257468
8,1517,1525,0.15364445531857224
8,1513,1521,0.15364836825454758
8,1518,1526,0.15365204622507428
7,1516,1523,0.1536555033904864
5,1511,1516,0.1536619076494263
5,1506,1511,0.15367429629144735
5,1500,1505,0.15368593042150597
4,1502,1506,0.15369686061041318
4,1502,1506,0.1537103113818346
5,1508,1513,0.1537229629301816
5,1503,1508,0.1537316468932707
5,1507,1512,0.15373981628650055
5,1502,1507,0.15374749514718414
5,1522,1527,0.15375471203984614
6,1514,1520,0.15376149460143002
6,1523,1529,0.15376467400263416
5,1521,1526,0.15376766952246063
5,1513,1518,0.15377366537737402
5,1511,1516,0.1537793047712966
4,1501,1505,0.15378460382269815
4,1503,1507,0.15379278310604128
4,1498,1502,0.1538004792665626
4,1498,1502,0.15380771236008287
4,1500,1504,0.1538145102441896
4,1518,1522,0.15382089977035604
4,1527,1531,0.15382690599117563
4,1517,1521,0.1538325522412528
4,1523,1527,0.15383786031027274
4,1513,1517,0.15384285059153277
4,1512,1516,0.15384754220091534
4,1511,1515,0.15385195307469957
4,1505,1509,0.15385610005306152
4,1516,1520,0.1538599989535897
4,1519,1523,0.1538636646374396
4,1514,1518,0.15386711106974238
4,1512,1516,0.15387035137530147
4,1515,1519,0.15387339789027007
4,1516,1520,0.15387626221030032
4,1526,1530,0.1538789552355266
3,1522,1525,0.15388148721266934
4,1526,1530,0.15388707711629943
3,1536,1539,0.1538891194032515
3,1530,1533,0.15389422711302697
3,1519,1522,0.15389903070809807
4,1523,1527,0.15390354511465584
4,1509,1513,0.15390456370101954
4,1507,1511,0.15390553050502123
5,1510,1515,0.15390644224187122
5,1503,1508,0.1539040492114144
5,1508,1513,0.1539018122599188
4,1502,1506,0.15389971435927907
3,1503,1506,0.15390097854767149
3,1512,1515,0.15390541895197007
3,1517,1520,0.1539095925295263
2,1514,1516,0.1539135162832208
1,1500,1501,0.15392041880284377
0,1495,1495,0.15393009739932384
