1383,30,1413,0.13582119123808595
1427,29,1456,0.13293993414970545
1432,33,1465,0.1301901126939717
1446,33,1479,0.12767109117508954
1450,33,1483,0.12533918117301546
1458,33,1491,0.1232050235165501
1460,33,1493,0.12124108957777842
1467,32,1499,0.11944812224724043
1463,32,1495,0.11779836595252142
1458,32,1490,0.11630705725442249
1452,33,1485,0.11496154983226888
1455,34,1489,0.11375128152981916
1463,33,1496,0.11264206702386736
1447,33,1480,0.11161348307233666
1450,35,1485,0.1107148438756444
1449,35,1484,0.10988960910423586
1454,37,1491,0.10914052136068456
1473,36,1509,0.1084471051793043
1471,35,1506,0.10777203173383924
1461,37,1498,0.10716240375821488
1450,38,1488,0.10663039336967038
1462,39,1501,0.10617122096638704
1464,39,1503,0.1057254006843464
1455,39,1494,0.10531482058174838
1444,39,1483,0.1049612514808581
1447,40,1487,0.10466436647591064
1426,40,1466,0.10438692354343107
1436,40,1476,0.1041803587831198
1436,43,1479,0.10397062013944648
1436,46,1482,0.10377969498712514
1433,47,1480,0.10360598814656857
1446,46,1492,0.10345465103619093
1441,45,1486,0.10328824182020867
1452,44,1496,0.10314782706226336
1453,45,1498,0.1029963050435071
1458,45,1503,0.10285590208679149
1461,46,1507,0.10271754931382138
1434,47,1481,0.10258472876257858
1441,48,1489,0.1025219606703902
1440,49,1489,0.10244987968347022
1455,50,1505,0.1023864250169881
1458,52,1510,0.10229623837227272
1449,48,1497,0.1022076007176603
1459,48,1507,0.10214593961221066
1455,47,1502,0.10206858324104175
1462,47,1509,0.10200681947820157
1450,46,1496,0.10193535399602677
1449,47,1496,0.10189623406428726
1456,45,1501,0.10186227288105368
1449,44,1493,0.10181620083352941
1434,45,1479,0.10178920329322133
1440,46,1486,0.10179730578814264
1440,44,1484,0.10179165955126081
1441,43,1484,0.1017867424163752
1443,46,1489,0.10177956977824863
1446,47,1493,0.10176896942773302
1443,47,1490,0.10175297678657419
1445,47,1492,0.10174482026767691
1435,46,1481,0.10173337517453594
1434,50,1484,0.101744557723513
1439,56,1495,0.10175713633887344
1436,55,1491,0.10175783952535214
1441,54,1495,0.1017649147347701
1440,55,1495,0.10176064085413326
1441,57,1498,0.10175931780925268
1455,56,1511,0.10175631212838349
1442,58,1500,0.1017232380059829
1428,57,1485,0.10172139044913824
1435,57,1492,0.10174963037163376
1434,57,1491,0.10176054415041424
1426,57,1483,0.1017729082434694
1428,60,1488,0.10180106750759997
1432,62,1494,0.10182273280880146
1411,62,1473,0.10183371451136797
1407,64,1471,0.10188890461599424
1406,65,1471,0.10194866547492372
1418,66,1484,0.10200519994920562
1433,67,1500,0.10203039244275466
1415,68,1483,0.10202053652139989
1413,65,1478,0.10205029682538665
1418,62,1480,0.10208182442814163
1423,59,1482,0.10210026996499615
1442,60,1502,0.10210599872327077
1446,57,1503,0.1020696209081589
1434,60,1494,0.10202836746230312
1433,58,1491,0.10201666987535397
1437,62,1499,0.10200859188961736
1428,63,1491,0.10199254615310284
1435,65,1500,0.10199752618779696
1430,65,1495,0.10198690047119965
1415,67,1482,0.10198797014320968
1414,67,1481,0.10202122618571634
1425,66,1491,0.10205360283271166
1432,68,1500,0.10205894502931141
1424,70,1494,0.10204900927972246
1415,72,1487,0.10205727521963968
1420,74,1494,0.10208391083234773
1429,74,1503,0.10209761043278189
1414,72,1486,0.10209024919864923
1414,71,1485,0.10211634655819317
1414,72,1486,0.10214022418091513
1423,70,1493,0.10216162728743182
1421,70,1491,0.10216179401241007
1420,69,1489,0.10216630604707792
1421,68,1489,0.10217281941426558
1401,71,1472,0.1021763005026802
1398,76,1474,0.10222317995776109
1401,79,1480,0.10227240286072754
1403,78,1481,0.10231058595670771
1411,76,1487,0.10234109264017457
1420,78,1498,0.10235147421043951
1420,77,1497,0.10234178653967457
1412,76,1488,0.10233323346062229
1413,78,1491,0.10234275839693108
1421,77,1498,0.10234936109834901
1415,77,1492,0.10233813811500038
1417,79,1496,0.10234118974819612
1428,79,1507,0.10233982161744613
1426,79,1505,0.10231486789155361
1422,75,1497,0.10229534100021546
1427,77,1504,0.10228654598506853
1419,78,1497,0.10226754380445918
1404,77,1481,0.10226780147162184
1409,78,1487,0.10230048920307609
1410,75,1485,0.10231959436905758
1419,77,1496,0.10233472707338631
1418,76,1494,0.10232885714809628
1414,78,1492,0.10232549865237378
1413,76,1489,0.10233070995528579
1403,75,1478,0.10233763185613207
1411,76,1487,0.102365684714595
1403,77,1480,0.1023741529823282
1410,74,1484,0.10239920000857078
1402,75,1477,0.10240655504470314
1395,77,1472,0.10243080830174466
1388,76,1464,0.10246810182633716
1395,78,1473,0.10251791417336818
1384,79,1463,0.10254841318383033
1397,84,1481,0.10260017804484015
1404,84,1488,0.1026193718314693
1396,83,1479,0.1026217887798008
1402,83,1485,0.10264110871560636
1397,84,1481,0.10264609778952324
1396,84,1480,0.10266187457052482
1400,82,1482,0.10267823072465337
1393,85,1478,0.10268504207781107
1409,88,1497,0.10270662019827771
1406,88,1494,0.10269201044315736
1401,90,1491,0.10268528876468754
1404,91,1495,0.10268971292098468
1410,90,1500,0.10268668581242317
1401,87,1488,0.10267036232918567
1405,85,1490,0.10267529574255008
1402,88,1490,0.10267107454355036
1398,87,1485,0.10267364153168135
1401,86,1487,0.10268439350329445
1381,84,1465,0.10268795653121089
1394,87,1481,0.10273453148843163
1403,88,1491,0.10274830150969474
1420,87,1507,0.10274145005920406
1409,88,1497,0.10269891949067901
1412,88,1500,0.10268429798612293
1416,89,1505,0.10266363492611928
1422,91,1513,0.10263621559024419
1435,87,1522,0.10259835707375664
1431,86,1517,0.10253518208340281
1419,83,1502,0.10248665572451843
1409,84,1493,0.10246848822301409
1416,85,1501,0.10247397844530677
1413,85,1498,0.1024638739632236
1413,84,1497,0.10246145057295798
1408,82,1490,0.1024594725353034
1416,83,1499,0.10246793080203556
1417,85,1502,0.10245751967842544
1415,85,1500,0.10244629002654343
1402,86,1488,0.1024404126370917
1428,85,1513,0.10246324327324405
1424,86,1510,0.10242792244886158
1410,86,1496,0.10240488153045653
1404,89,1493,0.10241438618399101
1422,92,1514,0.1024365076448797
1422,93,1515,0.10241763597759063
1416,91,1507,0.10240046158744498
1412,86,1498,0.10239828776678336
1413,91,1504,0.10240530903466266
1413,92,1505,0.10240941175209856
1411,94,1505,0.10241274058644315
1407,97,1504,0.10241987968187502
1394,97,1491,0.10243587586878833
1400,96,1496,0.10247806909253378
1407,96,1503,0.10250421450995022
1404,97,1501,0.10251301634557254
1402,97,1499,0.10252757584250302
1400,98,1498,0.10254527582346565
1398,98,1496,0.10256542543889172
1396,98,1494,0.10258781815351097
1388,98,1486,0.10261253688131478
1387,98,1485,0.10265188634139533
1380,94,1474,0.10269000038104728
1378,97,1475,0.10273929216743528
1388,96,1484,0.10278949879559467
1393,94,1487,0.10281368221844564
1395,95,1490,0.10282468891402213
1390,95,1485,0.10283014542747938
1389,98,1487,0.10284629842774805
1390,99,1489,0.1028630180766126
1396,99,1495,0.10287604215314473
1395,103,1498,0.10287509949724732
1390,102,1492,0.10287644747738327
1397,104,1501,0.1028885322818994
1404,105,1509,0.1028843674998165
1407,106,1513,0.102865736974345
1406,103,1509,0.1028423149998666
1403,102,1505,0.10282298567749568
1395,103,1498,0.10281246916070247
1403,102,1505,0.10282047925009677
1396,104,1500,0.10280952638636183
1387,106,1493,0.10281495790767407
1386,105,1491,0.10283983639360147
1388,100,1488,0.10286491410405524
1385,100,1485,0.10288406267865353
1388,105,1493,0.10290806749383453
1398,106,1504,0.10292373614747465
1395,105,1500,0.10291660009087696
1376,105,1481,0.10291644920719356
1381,105,1486,0.10295776177624251
1378,106,1484,0.10298490705558302
1369,108,1477,0.10301675066243611
1375,105,1480,0.10306560388276301
1393,107,1500,0.10309701905570368
1388,110,1498,0.10308707725034096
1383,113,1496,0.10308917720152473
1381,112,1493,0.10310172733057596
1378,114,1492,0.10311691005863405
1390,113,1503,0.10313775889335491
1387,113,1500,0.10313119295451631
1364,114,1478,0.10313156634313261
1371,111,1482,0.10318149317762032
1385,112,1497,0.10321217017543076
1394,115,1509,0.10320971534000563
1379,110,1489,0.10318713097847272
1374,106,1480,0.10320025675630287
1387,112,1499,0.10322230427950144
1373,112,1485,0.10321400030462152
1378,114,1492,0.10323685779749052
1384,115,1499,0.10324657637911125
1379,112,1491,0.10324184606266967
1384,112,1496,0.10324947020470851
1388,113,1501,0.10324468419895354
1401,112,1513,0.10323200555934153
1387,111,1498,0.10319192579670461
1386,113,1499,0.10318572119248459
1380,116,1496,0.1031824775722632
1383,114,1497,0.10319302156202792
1386,113,1499,0.1031958940867212
1391,114,1505,0.10319288116531793
1385,112,1497,0.1031793440840607
1384,117,1501,0.10317950560480185
1378,119,1497,0.10318298664171907
1366,123,1489,0.10319907405916978
1356,124,1480,0.10324077597822591
1352,128,1480,0.10330096185671582
1354,131,1485,0.10336514756495432
1356,132,1488,0.10342062668921877
1361,134,1495,0.103466724218882
1358,135,1493,0.10349748674706002
1353,138,1491,0.10353241157914042
1343,137,1480,0.10357568734071468
1332,136,1468,0.10363655158404089
1350,138,1488,0.1037163606993575
1353,143,1496,0.10374908550460721
1354,142,1496,0.10377246679931183
1354,147,1501,0.1037928788530975
1357,144,1501,0.10381105226509885
1352,147,1499,0.10382184974578751
1354,149,1503,0.1038429739001964
1348,152,1500,0.10385864768605518
1339,153,1492,0.1038870113908094
1335,154,1489,0.10393200579896178
1351,154,1505,0.10398186707078448
1351,157,1508,0.1039914184575362
1356,157,1513,0.10400004865822714
1360,153,1513,0.1039968942056224
1358,152,1510,0.10398533052334889
1358,153,1511,0.1039791831603125
1336,153,1489,0.10397378110398474
1324,148,1472,0.10401730565383137
1331,151,1482,0.10408324897044291
1328,152,1480,0.10412753313812381
1348,153,1501,0.10417338152264609
1353,159,1512,0.1041711399925423
1350,159,1509,0.10415890015301085
1359,162,1521,0.10415494772610051
1345,158,1503,0.10413148264399638
1358,157,1515,0.10414107010674087
1350,158,1508,0.1041204795409192
1343,158,1501,0.10411832545925165
1340,160,1500,0.10413095729923169
1327,161,1488,0.1041508204626804
1326,169,1495,0.1041977429326419
1335,165,1500,0.10424314560952883
1328,167,1495,0.10426531302985442
1322,168,1490,0.10430221762875337
1321,167,1488,0.10434849995000704
1332,170,1502,0.10439339773126682
1316,174,1490,0.1044110061191804
1316,173,1489,0.10446205115930893
1321,172,1493,0.10450878216705586
1326,171,1497,0.10454059710994848
1332,170,1502,0.10455892003133568
1331,173,1504,0.10456273282164874
1321,174,1495,0.10456977622785069
1326,171,1497,0.10459773354600435
1322,168,1490,0.10461180398959198
1335,171,1506,0.10463398111617167
1329,168,1497,0.10462561966439649
1327,169,1496,0.10463092209982612
1314,172,1486,0.1046406243404456
1315,177,1492,0.1046782343217022
1320,182,1502,0.10471186059757454
1322,187,1509,0.1047316172548362
1322,187,1509,0.1047455338035725
1313,190,1503,0.10475867065928604
1300,190,1490,0.10479148018015624
1292,200,1492,0.10485007057110604
1299,201,1500,0.10492069682181886
1298,202,1500,0.10497038903160288
1308,204,1512,0.10501742598340648
1304,205,1509,0.1050390095548267
1296,206,1502,0.10506772791538489
1293,207,1500,0.10511267465043574
1283,209,1492,0.10516189262257596
1276,209,1485,0.10522899016215728
1279,214,1493,0.10530645712790608
1280,213,1493,0.10537048694031821
1283,216,1499,0.10542699989527246
1280,219,1499,0.10547246124863734
1278,219,1497,0.10552073269326641
1285,214,1499,0.10556950277944142
1292,219,1511,0.10559748419482656
1287,224,1511,0.10560846263231909
1279,228,1507,0.1056306386553549
1270,230,1500,0.10566874316656402
1257,232,1489,0.10572410764174578
1250,235,1485,0.10580338843506726
1251,236,1487,0.10589210720362315
1250,238,1488,0.1059713227505085
1258,238,1496,0.10604769748647062
1251,239,1490,0.10610051484882249
1255,246,1501,0.10616419894946504
1250,248,1498,0.10621362905306046
1235,252,1487,0.10626919749639996
1243,253,1496,0.10635321591161287
1230,258,1488,0.1064139304564246
1227,255,1482,0.10649845653181962
1242,248,1490,0.10658140711891823
1245,247,1492,0.106625039530992
1249,250,1499,0.10665823700584955
1249,249,1498,0.10667926174890616
1255,253,1508,0.10669968282128009
1240,250,1490,0.10670608413216776
1244,249,1493,0.10674540605653915
1248,249,1497,0.10677290951759094
1239,254,1493,0.10678967664409258
1244,252,1496,0.10682587763621391
1250,258,1508,0.10684837376959404
1239,262,1501,0.10685513634628858
1248,259,1507,0.10688648838029886
1242,251,1493,0.1068941451945431
1240,251,1491,0.10691375350004172
1241,252,1493,0.10693650843993761
1237,249,1486,0.10695390715693218
1245,244,1489,0.10697913183917247
1249,248,1497,0.10698251208043519
1245,246,1491,0.10697590059032323
1251,242,1493,0.10697856753980667
1263,245,1508,0.1069682452774445
1254,251,1505,0.1069330986675237
1254,253,1507,0.10692270011545507
1251,254,1505,0.10691291131820602
1251,251,1502,0.10690968959044865
1246,253,1499,0.1069066734070889
1236,259,1495,0.10691649851194436
1239,268,1507,0.10694823245050579
1241,269,1510,0.10697124706805206
1239,265,1504,0.1069881554634347
1232,264,1496,0.10700794258046695
1232,268,1500,0.1070412292897125
1243,267,1510,0.10707205274874063
1230,274,1504,0.1070753479649727
1227,273,1500,0.10710899889336567
1231,272,1503,0.10714684204366641
1229,270,1499,0.10717215760890317
1235,272,1507,0.10720013146171312
1242,274,1516,0.10721109012138853
1231,277,1508,0.10720664122171217
1231,274,1505,0.10722815744553152
1233,282,1515,0.1072490448192077
1223,283,1506,0.10726519073019095
1224,279,1503,0.10730242433585406
1211,292,1503,0.1073345481928676
1199,290,1489,0.10739364445616512
1201,296,1497,0.10747531764801127
1185,300,1485,0.10754533452946757
1192,305,1497,0.107648076600783
1188,307,1495,0.10772649975104147
1198,305,1503,0.10780647370639962
1192,312,1504,0.10785679829037174
1173,315,1488,0.10791776508679092
1165,324,1489,0.10801779093867214
1163,329,1492,0.10812787947433204
1166,327,1493,0.10823366959687157
1169,326,1495,0.1083252976760852
1180,332,1512,0.10840264783132326
1182,330,1512,0.10844935890388539
1175,331,1506,0.10848899283049594
1173,337,1510,0.10854168368870595
1177,346,1523,0.10859384111453457
1168,347,1515,0.10863335301126126
1171,341,1512,0.10869063312765523
1163,333,1496,0.10873731480005225
1166,333,1499,0.10879906490735483
1156,338,1494,0.10884992741218348
1146,339,1485,0.10891906476274776
1149,347,1496,0.10900573958329086
1149,344,1493,0.10907859110362902
1141,347,1488,0.10914666595812332
1145,345,1490,0.10922668926796315
1140,340,1480,0.10929125364579446
1145,351,1496,0.1093627629496628
1144,349,1493,0.10941773912329932
1146,342,1488,0.10946804649287042
1140,339,1479,0.10951027774355498
1149,335,1484,0.1095624591949003
1158,336,1494,0.1095898343581419
1159,333,1492,0.1095934810292555
1160,342,1502,0.10959594250925385
1150,344,1494,0.10959652365776439
1139,350,1489,0.10962104667250049
1143,352,1495,0.10966799700268855
1149,347,1496,0.10970000388959628
1143,355,1498,0.10971635791547783
1130,359,1489,0.10974682753638362
1131,359,1490,0.10980676723222384
1144,359,1503,0.10985958679202325
1139,362,1501,0.10987800271848876
1117,367,1484,0.10990802953044757
1119,368,1487,0.10998617039209094
1119,377,1496,0.11005323785784432
1115,375,1490,0.11011466323766461
1120,372,1492,0.11018089496143563
1116,376,1492,0.11023266787133831
1114,377,1491,0.11029012161066172
1123,382,1505,0.11034778760140684
1124,380,1504,0.11037944734021254
1123,385,1508,0.11040809093904837
1119,385,1504,0.11043618334129128
1121,387,1508,0.11047174137684031
1115,385,1500,0.1104994892052557
1112,390,1502,0.11053633085272693
1120,395,1515,0.1105785175567334
1114,389,1503,0.11059954017582882
1119,383,1502,0.11063334944341208
1117,385,1502,0.11065289430848713
1130,380,1510,0.1106749493327975
1119,382,1501,0.11066755704120008
1120,380,1500,0.11068589916491184
1113,381,1494,0.1106996048742338
1104,383,1487,0.11072935137482956
1105,383,1488,0.11077822726629362
1103,387,1490,0.11082070453684072
1116,391,1507,0.11086375088480399
1112,394,1506,0.11087392205082298
1122,391,1513,0.11089308115164101
1127,391,1518,0.11088842596195236
1117,389,1506,0.1108720181257117
1108,386,1494,0.11087943992854982
1101,388,1489,0.11090849467163161
1103,384,1487,0.11095032326695599
1096,382,1478,0.1109855583790044
1116,387,1503,0.11103483941570508
1113,387,1500,0.11103480134898583
1121,382,1503,0.11104074001588081
1124,380,1504,0.1110276843982782
1122,380,1502,0.11100838671420099
1112,374,1486,0.11099448476287971
1114,376,1490,0.11100357061472431
1099,375,1474,0.11100819118675606
1113,367,1480,0.11104652378905897
1121,365,1486,0.11104734709190968
1133,380,1513,0.1110282902474745
1129,382,1511,0.11098368518534533
1123,377,1500,0.11095389902547115
1118,378,1496,0.11093985799864345
1113,378,1491,0.11093821147618715
1120,378,1498,0.11094847492723116
1118,382,1500,0.11094096327881164
1127,377,1504,0.11093988552305449
1117,387,1504,0.11091950624336501
1113,391,1504,0.11092300994619261
1106,386,1492,0.1109356196897685
1110,386,1496,0.11096290930278321
1112,389,1501,0.1109779808680607
1112,385,1497,0.1109867279995063
1117,387,1504,0.11099585511408805
1118,386,1504,0.11099383485621389
1124,382,1506,0.11099076472018568
1108,386,1494,0.11097472203002562
1109,386,1495,0.11099648208347468
1119,390,1509,0.11101508715747899
1106,389,1495,0.1110091832398285
1100,393,1493,0.11103272833550182
1098,394,1492,0.11106770744766557
1108,392,1500,0.11110433568676596
1107,390,1497,0.1111149203287939
1109,394,1503,0.11112755787674469
1106,394,1500,0.11113561825046245
1110,394,1504,0.11114920924360154
1116,388,1504,0.11115389012192269
1120,387,1507,0.11114339702165449
1109,389,1498,0.11112566542107909
1088,389,1477,0.11113488765850633
1090,391,1481,0.11118962750257294
1090,388,1478,0.1112345107048358
1097,378,1475,0.11127661502716289
1106,379,1485,0.11130029707405964
1104,376,1480,0.11130159008698111
1086,385,1471,0.11130765756759782
1086,394,1480,0.11135524295803378
1087,395,1482,0.11139898243418209
1094,392,1486,0.11143596267197381
1101,396,1497,0.11145400401933908
1115,387,1502,0.11145318175679485
1113,388,1501,0.1114212238045241
1101,398,1499,0.1113970138203346
1101,403,1504,0.11140309777032989
1099,392,1491,0.11140836718204422
1099,396,1495,0.11141849952089182
1091,405,1496,0.11142532836794597
1087,404,1491,0.11145032175129806
1092,404,1496,0.11148216810162247
1112,418,1530,0.11150207371443852
1107,413,1520,0.11147331800303288
1090,414,1504,0.11145777499064476
1085,408,1493,0.11148308476887621
1103,409,1512,0.11152055865209967
1088,412,1500,0.11151312323987454
1078,412,1490,0.11154165516280347
1075,404,1479,0.11159137249092782
1080,410,1490,0.11164403036082086
1078,423,1501,0.11168120928883483
1090,428,1518,0.11172028839128746
1090,427,1517,0.11172761412573927
1084,428,1512,0.1117345783314656
1072,420,1492,0.11175515310086376
1072,429,1501,0.11180016333435062
1076,427,1503,0.11184224974253863
1082,424,1506,0.11187331716966797
1082,435,1517,0.1118871617901723
1075,437,1512,0.11189946840428208
1070,434,1504,0.11192583532227926
1066,437,1503,0.11196234076354962
1059,439,1498,0.11200496975810768
1054,445,1499,0.11206014926678627
1055,450,1505,0.11212331215519283
1057,453,1510,0.1121788903201761
1065,453,1518,0.11222682714181076
1060,449,1509,0.11225231818908984
1053,455,1508,0.1122900700986931
1046,457,1503,0.11233935247378737
1049,460,1509,0.11240227232225738
1052,454,1506,0.11245469638563871
1056,453,1509,0.1124944111284264
1053,450,1503,0.1125221178965128
1045,459,1504,0.11255582024946445
1041,456,1497,0.11260591868769079
1038,465,1503,0.11266134409270964
1029,462,1491,0.1127182681505774
1039,455,1494,0.11279325847148507
1028,465,1493,0.11283835561982983
1036,464,1500,0.11290489508457893
1031,465,1496,0.11294616957796916
1034,462,1496,0.11299377637440434
1035,471,1506,0.11303122705742841
1036,465,1501,0.11306285305519218
1025,466,1491,0.11309214402081409
1028,466,1494,0.11314457096394298
1037,462,1499,0.11318716636475253
1037,465,1502,0.11320556692341974
1052,466,1518,0.11322228011591345
1048,469,1517,0.11320410113879202
1043,471,1514,0.11319670636326855
1033,471,1504,0.1132003296938559
1032,463,1495,0.11322727810692053
1025,467,1492,0.11325341501634739
1025,463,1488,0.11329337597225547
1030,464,1494,0.11332981709938666
1028,468,1496,0.1133509800978231
1030,468,1498,0.1133766765254531
1023,468,1491,0.11339740584484127
1026,475,1501,0.11343228404177828
1031,469,1500,0.11345750886186004
1045,472,1517,0.11346838572623963
1037,475,1512,0.11344843662461646
1038,482,1520,0.11344921898253375
1026,488,1514,0.11344919908916357
1018,477,1495,0.11347831512459546
1001,485,1486,0.1135234186004444
1012,487,1499,0.11360546663453298
1005,492,1497,0.11365566165658031
1005,502,1507,0.11372018723564796
1002,511,1513,0.11378133903017881
999,511,1510,0.11384432883958003
990,505,1495,0.11390953576411561
989,507,1496,0.11399157855968983
990,516,1506,0.11407100648464151
992,515,1507,0.1141412191097754
986,524,1510,0.1142010304545816
979,532,1511,0.11427157967559254
982,527,1509,0.11435291499674122
981,532,1513,0.11441927057644741
982,535,1517,0.11448188050783947
967,542,1509,0.11453867327040054
965,545,1510,0.11462582666232227
963,536,1499,0.1147127262022946
952,540,1492,0.11479849860222678
952,543,1495,0.11490387153396946
956,546,1502,0.11500195371458753
957,557,1514,0.11508355069564857
956,554,1510,0.11515617260558834
953,556,1509,0.11522676112366118
949,555,1504,0.11529924833926267
947,556,1503,0.11537337573005935
952,560,1512,0.11544825027340268
951,557,1508,0.11550497569966567
945,559,1504,0.11556029027261601
936,560,1496,0.11562368473552498
932,568,1500,0.1157049314799551
937,572,1509,0.11578960107710934
926,574,1500,0.11585767742067316
921,570,1491,0.11594665971663652
925,568,1493,0.11604019053936715
927,567,1494,0.11611688534442097
928,569,1497,0.11618297640680848
931,575,1506,0.11624101924869876
925,578,1503,0.11628843944562633
924,575,1499,0.11634650842608178
927,574,1501,0.11640078215357777
907,574,1481,0.11644273663395331
924,583,1507,0.11652919868919184
922,577,1499,0.116569311556998
922,583,1505,0.11661387164032508
908,583,1491,0.11665443651088428
914,584,1498,0.11672521393531135
902,597,1499,0.11677656926965863
906,590,1496,0.11685353234537527
909,594,1503,0.11691707161482753
909,589,1498,0.11696843131844918
912,587,1499,0.11701561122760464
915,588,1503,0.11705341384838545
913,596,1509,0.11708171244176356
914,597,1511,0.11711089973255062
905,594,1499,0.11713663748278323
896,600,1496,0.11718335226016748
893,600,1493,0.11724865360927865
884,603,1487,0.11731569813458054
892,598,1490,0.11739911368450962
889,598,1487,0.11745630958001214
898,603,1501,0.1175153030262479
899,609,1508,0.1175460963070153
898,608,1506,0.11757155985239526
900,606,1506,0.11759849915121333
892,599,1491,0.11762039145747785
885,607,1492,0.11766179648748132
886,610,1496,0.11771670258161454
903,609,1512,0.11776495155697464
904,615,1519,0.11776854924370926
892,616,1508,0.11776980331328465
883,610,1493,0.11779928758695547
888,609,1497,0.1178477587133167
895,615,1510,0.11788051125295386
886,608,1494,0.11789298988434666
888,606,1494,0.11792594357909966
893,608,1501,0.11795085658111945
890,617,1507,0.11796178707326999
890,616,1506,0.11797664329042401
887,608,1495,0.11799172624228726
878,612,1490,0.11801633644187237
885,622,1507,0.11805998123029429
887,621,1508,0.11808381279378828
881,615,1496,0.1181007779607096
880,613,1493,0.11813088177400957
887,619,1506,0.11816145968697603
884,615,1499,0.11816907945131135
882,614,1496,0.11818181454985535
880,618,1498,0.11819825602327523
880,620,1500,0.11821860324389047
882,611,1493,0.11823768375853316
886,612,1498,0.11825014668093627
885,611,1496,0.11825138520848696
889,612,1501,0.11825533270000296
903,605,1508,0.11824972686506807
903,612,1515,0.11820971346427815
895,608,1503,0.11817348824836134
892,613,1505,0.11815937020483623
878,616,1494,0.11815422978452673
874,623,1497,0.11818162594886054
875,616,1491,0.11821579352487827
876,617,1493,0.11824587213922962
870,611,1481,0.11827074038449467
869,607,1476,0.11830786628663241
869,611,1480,0.11834307518266689
878,610,1488,0.1183780308768266
875,618,1493,0.1183887268143906
872,607,1479,0.11840500505622002
871,617,1488,0.11843016143357239
870,627,1497,0.11845809892807495
863,619,1482,0.118488045464827
870,624,1494,0.11853325400119466
879,626,1505,0.11856020627391171
876,628,1504,0.1185638224506918
867,623,1490,0.11857491846175411
879,632,1511,0.11860925530664247
881,635,1516,0.11861218982754837
875,636,1511,0.11861045489303035
871,633,1504,0.11862424159202828
861,631,1492,0.11864659672183957
858,630,1488,0.11869163075193796
868,639,1507,0.11874173833603557
860,649,1509,0.11876605212485494
855,651,1506,0.11880799401622426
852,647,1499,0.11886049695260587
843,650,1493,0.11891620056657866
836,646,1482,0.11898719965685274
831,651,1482,0.11907105840269644
826,651,1477,0.1191594722917608
831,661,1492,0.11925535586732103
833,659,1492,0.1193338007143537
834,664,1498,0.11940068579058127
838,666,1504,0.11945909967278859
829,673,1502,0.11950314758994365
841,672,1513,0.11956552286716328
841,670,1511,0.11959397526461162
833,669,1502,0.11962083722676337
840,661,1501,0.11966457411241228
834,664,1498,0.11968906552877581
832,674,1506,0.11972588338754074
838,670,1508,0.1197637098393689
839,674,1513,0.11978387086503409
843,677,1520,0.11980041683427153
843,678,1521,0.11980690451529029
834,677,1511,0.11981210186627149
827,676,1503,0.11984015240975264
821,680,1501,0.11988544853965898
824,676,1500,0.11994253056005726
817,682,1499,0.11998791252284935
812,691,1503,0.1200495357541708
812,701,1513,0.12011622049315253
813,698,1511,0.12018105476997447
804,704,1508,0.12023795344938516
809,697,1506,0.12031148691576064
809,692,1501,0.12037047804545443
809,693,1502,0.12042348620955283
814,700,1514,0.12047363979390624
812,701,1513,0.12050750800745337
804,695,1499,0.12054416367507668
792,703,1495,0.12059717310913384
794,708,1502,0.12067506796768289
792,708,1500,0.12074192969664668
794,717,1511,0.12080884947704754
795,716,1511,0.12086731299501356
786,712,1498,0.12091980440376517
797,708,1505,0.12098911298712003
797,717,1514,0.12102573234334574
787,711,1498,0.12105807043742033
791,708,1499,0.12111291199496275
801,712,1513,0.12115522755249841
788,709,1497,0.12116846267847205
793,709,1502,0.12121151908237521
796,711,1507,0.12123840102227285
812,715,1527,0.12125619477745266
810,710,1520,0.12123576387196959
800,712,1512,0.12122308889566583
802,719,1521,0.12123754104597378
798,724,1522,0.1212439477223938
799,727,1526,0.12125969123149652
788,732,1520,0.12127232483111045
791,727,1518,0.12131149371295326
794,727,1521,0.12134057252888607
795,732,1527,0.12135945275080545
788,733,1521,0.12137504546253056
789,719,1508,0.12140595346487994
780,725,1505,0.12143164432330268
781,720,1501,0.12147705801192953
781,721,1502,0.1215169875442989
779,731,1510,0.12155401408566739
779,726,1505,0.1215925738960633
779,720,1499,0.12163128000871573
772,733,1505,0.12166632729278629
775,737,1512,0.12171634686095384
770,736,1506,0.12175498729289441
772,737,1509,0.12180151204924783
752,738,1490,0.12184057216525619
749,744,1493,0.12192517214301876
747,753,1500,0.12200974945948943
747,760,1507,0.122094344372508
751,767,1518,0.12217289506723587
740,769,1509,0.12223529914297818
741,755,1496,0.12231780986821868
733,779,1512,0.12239335462051698
733,782,1515,0.12248267541976521
741,774,1515,0.12256715599464668
734,769,1503,0.12262476069881757
741,767,1508,0.12269645121890693
747,775,1522,0.12274437318599767
745,771,1516,0.12277568312520316
741,765,1506,0.12281049010023092
735,764,1499,0.12285308935467537
735,764,1499,0.12290713954630134
732,764,1496,0.12295604391525813
734,770,1504,0.12301015356595289
731,762,1493,0.12305678418928774
725,767,1492,0.12310827402986611
734,754,1488,0.12317109250361924
733,769,1502,0.12320844646746501
729,754,1483,0.12324508042836989
726,759,1485,0.12329173380434576
726,774,1500,0.12334114654029615
728,778,1506,0.12338702727519245
725,791,1516,0.12342362865898279
732,789,1521,0.12346373692504209
723,794,1517,0.12348347063597792
726,795,1521,0.12352625708584902
724,788,1512,0.1235574771638597
730,781,1511,0.12359120965657201
729,784,1513,0.12360727039610814
729,783,1512,0.12362560191501018
732,771,1503,0.12364194755133004
731,787,1518,0.12365117908911805
723,781,1504,0.12366130078553876
730,789,1519,0.12369061891889736
717,792,1509,0.12370305714160694
718,793,1511,0.12374566986868613
714,781,1495,0.12378538948750403
707,783,1490,0.1238307908409361
707,784,1491,0.12389034681308299
713,788,1501,0.1239460079142226
714,783,1497,0.12398168233888195
716,774,1490,0.12400931012406315
716,772,1488,0.12403048857157034
713,782,1495,0.12405039366138325
711,795,1506,0.12407807907681612
711,796,1507,0.12410839665525195
702,794,1496,0.12413758691318953
708,796,1504,0.12418581884973234
705,795,1500,0.12421538215700217
711,782,1493,0.12424964081698059
712,783,1495,0.12426840102918367
720,784,1504,0.12428091406327732
723,789,1512,0.12427371321130408
714,781,1495,0.1242578839361239
719,785,1504,0.12426626343196659
714,784,1498,0.12426247089790207
710,788,1498,0.12427122286708184
709,778,1487,0.12428993498550019
711,778,1489,0.12431144619729238
708,779,1487,0.1243267733977487
709,784,1493,0.12434938532800821
714,788,1502,0.12436763097736286
710,785,1495,0.12437352649081729
707,781,1488,0.12438859351505283
709,784,1493,0.1244099592249942
707,782,1489,0.12442435625432058
714,786,1500,0.12444044772861435
715,796,1511,0.12443781003126993
713,792,1505,0.12443284684868292
718,782,1500,0.12443272132620621
722,785,1507,0.12442001107154528
726,789,1515,0.12439885545890092
734,787,1521,0.12436767774244087
721,786,1507,0.12431886286637532
719,786,1505,0.1243073996514224
719,786,1505,0.12430262549494481
714,787,1501,0.12429960767449715
719,789,1508,0.12430855631605973
716,785,1501,0.12430470079229798
715,798,1513,0.12431060192237822
711,783,1494,0.12431736988446715
716,794,1510,0.12433152051988478
718,795,1513,0.12433241313411272
708,801,1509,0.12432861345609432
708,800,1508,0.12434939501432744
708,798,1506,0.12436922601679865
709,801,1510,0.1243906423964853
716,797,1513,0.1244081225522597
710,807,1517,0.12441022155524234
695,798,1493,0.12442492020138232
689,801,1490,0.12447654628353652
688,809,1497,0.12454079445623831
694,804,1498,0.12460200777742113
691,802,1493,0.1246418591005511
699,803,1502,0.12468551852024604
700,802,1502,0.1247070616535588
694,803,1497,0.12472678705945643
696,813,1509,0.1247584202088159
696,806,1502,0.12478247790806918
689,809,1498,0.1248034775628815
691,816,1507,0.12483815582517563
691,821,1512,0.1248665336824864
683,821,1504,0.12489222164429663
688,824,1512,0.12493683348370159
695,824,1519,0.12496717235392635
697,821,1518,0.12497681017497225
693,819,1512,0.12497982448858119
690,825,1515,0.12499340866590206
692,826,1518,0.12501472560321716
694,816,1510,0.1250298427835199
698,813,1511,0.1250398469410662
701,819,1520,0.12503982101655003
706,819,1525,0.1250317315129808
701,814,1515,0.12501224118061172
702,811,1513,0.1250068050856144
691,815,1506,0.12500107550136552
692,818,1510,0.12502292232079676
687,826,1513,0.12503808956035886
680,820,1500,0.12506604087484605
684,816,1500,0.125110177934413
686,831,1517,0.12514287626723816
682,835,1517,0.12516962356733605
670,829,1499,0.1252051091186925
665,841,1506,0.1252705959410174
656,840,1496,0.12534577434927816
658,843,1501,0.12543968575969458
655,852,1507,0.12552288837747175
642,865,1507,0.12560646574799528
647,866,1513,0.12571698456452424
649,870,1519,0.12580748676866804
647,859,1506,0.12588768947353157
643,855,1498,0.12596563799051752
643,861,1504,0.12604834895065398
636,856,1492,0.12612496872423495
638,866,1504,0.12621565721351735
636,876,1512,0.12629592716384266
643,872,1515,0.1263743670602784
635,865,1500,0.12642929951751566
630,864,1494,0.12650007265231825
635,870,1505,0.1265798712632725
643,873,1516,0.1266395980689788
635,874,1509,0.1266756321082826
633,873,1506,0.12672971716894582
639,864,1503,0.12678581499932093
642,864,1506,0.12682291661287792
635,866,1501,0.12685050428130254
637,862,1499,0.126892600892006
628,865,1493,0.12692840598055516
629,872,1501,0.12698397600930203
622,872,1494,0.12703341190135306
624,871,1495,0.12709718357719976
632,866,1498,0.12715151850619424
626,869,1495,0.1271812916280755
627,861,1488,0.12722303054112868
621,865,1486,0.12725784635720228
627,863,1490,0.1273048839956573
638,868,1506,0.12733272446224297
638,864,1502,0.12733090197527436
639,854,1493,0.12733005228637256
637,858,1495,0.12732692530082101
651,852,1503,0.12732678384822535
642,856,1498,0.1272940256819296
628,876,1504,0.12728625335634475
625,871,1496,0.12731502889087762
631,879,1510,0.12734933684601532
637,876,1513,0.1273673470022459
640,877,1517,0.12736902443718662
632,874,1506,0.1273645453264372
630,869,1499,0.12738200514546336
627,871,1498,0.1274034001679346
626,884,1510,0.1274300264679437
630,889,1519,0.1274601573994858
631,882,1513,0.12747738253352778
621,891,1512,0.12749076300392959
622,892,1514,0.12752962808396517
623,896,1519,0.12756121596036774
618,897,1515,0.1275881429775705
615,883,1498,0.12762543294269332
621,890,1511,0.12766881156456186
615,893,1508,0.12769374822480453
612,895,1507,0.12773323158080835
618,890,1508,0.12777922189504295
614,895,1509,0.12780640541812305
615,900,1515,0.12784316457712805
602,911,1513,0.1278759569087139
610,906,1516,0.12793998160819756
604,914,1518,0.1279812299784813
608,916,1524,0.1280338497819089
610,911,1521,0.1280718787028833
598,913,1511,0.12810118422783162
592,912,1504,0.12815810635562871
594,917,1511,0.12822764126465405
590,914,1504,0.12828643006292187
583,911,1494,0.1283515144395351
586,922,1508,0.12843147455009704
597,914,1511,0.1284987363190352
591,927,1518,0.1285329173352716
588,929,1517,0.12857964629501292
592,932,1524,0.1286291878210964
591,928,1519,0.12866531481959903
591,925,1516,0.12870175249371524
595,938,1533,0.12873471264695674
591,933,1524,0.1287547873291703
592,929,1521,0.12878274301496717
586,927,1513,0.1288059594560137
592,926,1518,0.1288428324445843
594,920,1514,0.12886240302137486
601,912,1513,0.12887431742097125
598,928,1526,0.12886690227452544
598,929,1527,0.1288683590901055
593,915,1508,0.128870128414887
597,917,1514,0.12888525169139226
596,919,1515,0.12888913784039288
588,925,1513,0.12889522741229567
586,927,1513,0.12892064487884475
584,923,1507,0.12894898475408426
577,919,1496,0.12898208357999053
585,920,1505,0.12902847839917264
587,927,1514,0.1290520338387635
581,929,1510,0.1290684542215982
586,932,1518,0.12909925050009327
584,919,1503,0.12911379034071943
587,916,1503,0.1291313353829469
576,912,1488,0.12913864070726053
578,917,1495,0.12917206680837978
579,911,1490,0.12919767666866314
581,919,1500,0.1292179351876017
584,928,1512,0.12923245634972666
588,921,1509,0.12923721249935535
587,917,1504,0.12923101647704943
583,918,1501,0.1292306246153455
586,923,1509,0.12924164410552508
585,925,1510,0.12924330450131266
575,923,1498,0.12924805692116867
576,934,1510,0.12927865750728607
575,937,1512,0.12930397414925476
573,938,1511,0.12933047238400786
568,942,1510,0.12936100429681663
566,948,1514,0.1294015815015737
555,957,1512,0.12944303364859094
562,958,1520,0.1295093676020404
559,942,1501,0.12955340906996318
559,943,1502,0.1295997942382553
562,940,1502,0.1296419875326722
564,940,1504,0.12967528978659357
559,931,1490,0.12970234792775354
558,944,1502,0.12974006403975707
549,950,1499,0.12977879430408354
547,946,1493,0.12983906068224807
543,949,1492,0.12989952955530668
540,964,1504,0.12996394713009513
543,962,1505,0.13003150184586573
535,970,1505,0.13008779875437798
540,970,1510,0.13016125645180573
538,970,1508,0.13021670034306643
546,961,1507,0.13027213929413378
549,973,1522,0.13030533245014836
546,972,1518,0.1303288190408866
545,975,1520,0.1303593799372902
542,967,1509,0.13039001664089414
544,978,1522,0.1304265666355823
541,975,1516,0.1304559685930527
542,985,1527,0.13049062249261378
537,984,1521,0.13051991740233748
543,981,1524,0.1305592002759232
527,977,1504,0.1305812346094117
532,983,1515,0.13064228911243306
535,977,1512,0.13068644267610646
532,973,1505,0.13072056318774614
532,982,1514,0.13076007228663544
536,983,1519,0.13079591627352924
523,988,1511,0.13081964046446437
530,989,1519,0.13087466515875493
530,993,1523,0.13090864429468735
524,1001,1525,0.1309399849569305
522,996,1518,0.13098502743467036
514,1003,1517,0.13103164821359348
513,998,1511,0.13109636992594165
517,995,1512,0.13115881284713293
521,990,1511,0.1312056061451238
517,978,1495,0.13123974707741745
510,983,1493,0.13128154443579076
504,985,1489,0.13133619470750474
505,997,1502,0.13140247273732317
505,1004,1509,0.13146281517658745
509,1005,1514,0.13151793672062115
511,1006,1517,0.13155915534557638
504,1000,1504,0.13159301318424607
496,1008,1504,0.13164165187478247
495,995,1490,0.1317083803201575
501,1003,1504,0.13177381286052492
502,1006,1508,0.1318188991608371
503,1011,1514,0.1318585457122985
506,1004,1510,0.13189308486084786
506,1006,1512,0.13191650673457533
506,995,1501,0.13193807621998935
508,995,1503,0.13195824055335081
502,993,1495,0.1319728321101702
513,1002,1515,0.13200218364036573
519,995,1514,0.13200117752143772
519,998,1517,0.1319856323147924
517,997,1514,0.13197267656896833
516,991,1507,0.13196565998732226
511,994,1505,0.13196099359762115
512,1002,1514,0.13196833950487755
506,1007,1513,0.1319731419681208
503,1007,1510,0.13199382605853568
514,995,1509,0.13202175293652654
521,995,1516,0.13202000258331772
514,1005,1519,0.13199998699845378
508,1002,1510,0.131999293851772
515,990,1505,0.13201341260197622
515,998,1513,0.132008735205598
513,1001,1514,0.13200457031539262
507,1009,1516,0.1320069380820251
505,1015,1520,0.1320242516654693
502,1010,1512,0.1320459547390149
510,1010,1520,0.13207323673791727
506,1015,1521,0.13207869545899867
504,1007,1511,0.13209322333832302
505,1011,1516,0.13211160900302008
507,1009,1516,0.13212614523193722
504,1007,1511,0.13213477405979782
506,1005,1511,0.13215154440414134
508,1008,1516,0.1321612219564767
495,1006,1501,0.1321653047804924
499,1001,1500,0.13220246905547764
497,1005,1502,0.13222701254745198
494,1009,1503,0.13225539733222325
491,1011,1502,0.13228884729404342
488,1014,1502,0.13232712009927763
485,1025,1510,0.13236890802219706
485,1017,1502,0.13241665276104894
487,1013,1500,0.1324592834104299
492,1024,1516,0.1324952742905129
493,1022,1515,0.13251558474648997
490,1028,1518,0.1325313544573793
489,1026,1515,0.13255362006822163
488,1030,1518,0.13257662987017532
493,1029,1522,0.13259996483262235
486,1035,1521,0.13260940428581536
480,1039,1519,0.13263573314545662
476,1039,1515,0.13267677630307925
467,1031,1498,0.1327231838510343
467,1023,1490,0.1327909386575586
462,1035,1497,0.13285342211632017
458,1042,1500,0.1329259938381801
461,1043,1504,0.1330021858098404
449,1038,1487,0.1330649889201333
446,1038,1484,0.1331542157753294
457,1048,1505,0.13324474545559375
457,1054,1511,0.13329955127689025
453,1056,1509,0.13335055431897008
454,1050,1504,0.13340842728673988
456,1053,1509,0.1334596004295505
459,1058,1517,0.13350270708376627
467,1060,1527,0.13353524878218492
467,1060,1527,0.13354377617489988
467,1053,1520,0.13355114301761387
467,1046,1513,0.1335593292106992
473,1045,1518,0.1335665494302909
469,1046,1515,0.1335577534556302
462,1047,1509,0.13356129664943467
461,1047,1508,0.13358415067536542
461,1056,1517,0.1336073980235038
466,1057,1523,0.13362927036338768
464,1055,1519,0.13363648525853786
465,1047,1512,0.13364696765664724
461,1048,1509,0.13365514923133848
464,1051,1515,0.13367436708227315
465,1043,1508,0.13368355570056295
462,1048,1510,0.13368998490411985
466,1054,1520,0.13370454327860856
466,1061,1527,0.13370738703329965
457,1056,1513,0.1337109131495091
452,1045,1497,0.1337375671397659
445,1050,1495,0.13377478153346553
446,1050,1496,0.13382827983923432
458,1061,1519,0.13387564368735816
463,1048,1511,0.13388692486714707
461,1041,1502,0.13388515564631942
452,1037,1489,0.13388841413498487
447,1055,1502,0.1339161702529521
454,1048,1502,0.1339534455272678
456,1052,1508,0.13397067288571743
459,1046,1505,0.1339807885219393
462,1058,1520,0.13398128372546622
461,1052,1513,0.13397618526812682
456,1055,1511,0.13397350122920235
456,1051,1507,0.13398339466981693
460,1053,1513,0.13399313049988787
464,1057,1521,0.1339914681114952
454,1057,1511,0.13397954316364508
458,1055,1513,0.1339947477098397
458,1062,1520,0.13399838701039254
453,1074,1527,0.13400291788235885
440,1067,1507,0.13401932132921807
435,1073,1508,0.13406889320484006
436,1073,1509,0.1341272461594159
430,1080,1510,0.13417862782804924
430,1074,1504,0.13424120680918197
436,1080,1516,0.13429925820492636
439,1080,1519,0.13433909240775205
437,1080,1517,0.13436814661947982
425,1089,1514,0.1344004441280089
429,1092,1521,0.13446214533942505
434,1075,1509,0.13450996238436846
428,1078,1506,0.1345400290076812
432,1071,1503,0.13458361434944932
427,1087,1514,0.13461393971608512
423,1082,1505,0.13465442925457055
424,1061,1485,0.13470342450679648
431,1068,1499,0.13474548785363688
431,1066,1497,0.13476706935292745
431,1064,1495,0.13478607062950307
428,1074,1502,0.13480266732937118
424,1086,1510,0.1348265542866284
431,1094,1525,0.13485920185944103
426,1085,1511,0.13487303406129011
424,1091,1515,0.13490088979035017
420,1080,1500,0.13493293001569165
417,1086,1503,0.1349737843088945
416,1095,1511,0.13502042107490023
419,1104,1523,0.13506490245419792
411,1089,1500,0.13509831536070802
410,1081,1491,0.1351512189928828
414,1089,1503,0.13520303935162367
411,1100,1511,0.1352405406044709
408,1103,1511,0.13528333566739423
409,1108,1517,0.1353313872255609
407,1104,1511,0.13537584900584526
410,1112,1522,0.13542117466706935
403,1103,1506,0.1354549674773231
396,1118,1514,0.1355072954496489
395,1112,1507,0.13557431507787304
397,1098,1495,0.13564078248791364
395,1108,1503,0.1356978890825308
399,1098,1497,0.1357557723193318
395,1119,1514,0.1357988142194629
392,1113,1505,0.13584999026660352
382,1114,1496,0.13590532477189496
377,1120,1497,0.13598436525714938
377,1138,1515,0.13607133871053884
377,1134,1511,0.1361536992011702
380,1140,1520,0.1362305786788593
383,1148,1531,0.13629356022369638
376,1147,1523,0.1363436513680088
365,1142,1507,0.1364082694455018
366,1137,1503,0.13649693811192784
374,1141,1515,0.1365776421000882
370,1143,1513,0.1366328308071686
367,1149,1516,0.13669448623062722
373,1155,1528,0.1367600995279493
371,1152,1523,0.1368048414648293
366,1152,1518,0.13685236590188118
364,1143,1507,0.13691106450705642
361,1142,1503,0.13697101568774064
365,1137,1502,0.1370356550097794
363,1138,1501,0.1370851544556611
364,1134,1498,0.13713797142874148
362,1146,1508,0.13718567996140432
362,1141,1503,0.137235711990503
359,1138,1497,0.13728085636471096
359,1145,1504,0.13732929450290376
363,1142,1505,0.1373748723548762
362,1155,1517,0.1374065423897446
363,1150,1513,0.13743882576597988
359,1143,1502,0.13746498023635606
362,1155,1517,0.13749817343969437
362,1142,1504,0.13752083418422228
363,1137,1500,0.13754128786059508
360,1135,1495,0.13755765205581919
362,1139,1501,0.13758086641474881
367,1148,1515,0.13759716465523358
370,1143,1513,0.13759773116994922
365,1139,1504,0.13759035623840032
368,1138,1506,0.1375964868561473
367,1143,1510,0.137593979691718
379,1131,1510,0.13759509129637895
380,1138,1518,0.13756490518230038
381,1136,1517,0.13753311734179877
374,1145,1519,0.13750212764545092
367,1136,1503,0.1374926039075995
374,1132,1506,0.13750252779189442
375,1132,1507,0.13749462427675618
368,1116,1484,0.1374835451424531
368,1130,1498,0.13749142894678823
363,1144,1507,0.13749844839620703
358,1140,1498,0.13751837399798658
368,1149,1517,0.13755074161150702
370,1151,1521,0.13755404863538953
369,1144,1513,0.13755288742720886
369,1149,1518,0.13755567143561198
360,1166,1526,0.13755958442093308
357,1160,1517,0.13758755369110529
357,1167,1524,0.13762122587692804
362,1146,1508,0.13765306987749176
364,1158,1522,0.13766903645292566
363,1164,1527,0.13767841842114456
366,1154,1520,0.13768993971409427
368,1146,1514,0.13769309512163733
363,1142,1505,0.13769055888170478
362,1136,1498,0.13770202110687454
360,1151,1511,0.13771394067750856
363,1146,1509,0.13772865132492756
369,1152,1521,0.1377336449592152
370,1154,1524,0.13772359483907484
373,1162,1535,0.13771222012766754
373,1157,1530,0.13769402224411606
368,1154,1522,0.1376766803927781
369,1158,1527,0.13767448039250746
373,1154,1527,0.13767045788777046
368,1146,1514,0.13765642729443758
361,1151,1512,0.13765748226794675
366,1151,1517,0.13767864112135905
358,1163,1521,0.1376838171170066
355,1146,1501,0.1377105495094061
354,1138,1492,0.1377430201453061
358,1144,1502,0.13777675744086085
357,1140,1497,0.13779631584410945
355,1154,1509,0.1378165381441841
360,1165,1525,0.13784029540204076
355,1159,1514,0.13784977201541745
347,1157,1504,0.13787363682668705
350,1159,1509,0.13791595822184083
360,1169,1529,0.13794768689791592
363,1165,1528,0.13795098311792547
361,1153,1514,0.13794583305468036
359,1145,1504,0.13794676058499067
352,1149,1501,0.1379533822461114
356,1146,1502,0.1379785378963482
360,1143,1503,0.1379911129851111
360,1145,1505,0.13799182390573658
360,1144,1504,0.1379923067310265
357,1145,1502,0.13799303595857845
365,1151,1516,0.13800202875268242
362,1156,1518,0.13798760793920106
358,1161,1519,0.1379818012542754
351,1161,1512,0.13798646953809804
353,1169,1522,0.13801053670762106
349,1167,1516,0.1380280635774741
351,1171,1522,0.13805528069047476
348,1161,1509,0.13807451109846988
350,1160,1510,0.13810041780518276
352,1150,1502,0.13811935662559727
345,1159,1504,0.13813105452130411
340,1171,1511,0.1381596514698467
339,1164,1503,0.13820010286760187
335,1156,1491,0.1382402284534751
334,1164,1498,0.1382887274813201
332,1174,1506,0.13833681575252355
326,1191,1517,0.13838730196392945
329,1193,1522,0.13845067597040206
330,1177,1507,0.13850142401491922
332,1165,1497,0.13854659459260749
334,1155,1489,0.1385838587126524
326,1169,1495,0.13861292292033997
334,1158,1492,0.13866234738229685
329,1152,1481,0.13868628729554722
335,1157,1492,0.13872154172075898
335,1168,1503,0.13873856108178356
330,1175,1505,0.1387553581285884
326,1171,1497,0.1387856546435652
328,1195,1523,0.13882479526730854
328,1189,1517,0.1388564760412534
331,1195,1526,0.13888617912396772
338,1195,1533,0.13890647716690674
338,1189,1527,0.1389067365072334
336,1183,1519,0.13890739587956102
327,1184,1511,0.13891500272993118
328,1182,1510,0.1389460693500441
324,1188,1512,0.13897382394294988
319,1182,1501,0.13901034809102286
321,1176,1497,0.13905767208787512
320,1187,1507,0.13909505467234162
324,1189,1513,0.13913256936050902
323,1198,1521,0.13915767328917478
319,1197,1516,0.13918365650417514
318,1193,1511,0.13921932149798666
308,1198,1506,0.13925613081985289
313,1197,1510,0.1393169925142936
309,1200,1509,0.1393617845291325
307,1200,1507,0.13941427564425007
311,1208,1519,0.13946931218807407
316,1215,1531,0.13951073217936977
315,1210,1525,0.13953593520430357
312,1201,1513,0.13956238023578427
305,1207,1512,0.13959500603752256
303,1214,1517,0.139644241961656
302,1217,1519,0.13969530699988592
302,1209,1511,0.13974602686760476
308,1211,1519,0.13979371851414135
305,1205,1510,0.1398215209130367
305,1210,1515,0.1398546259061023
304,1205,1509,0.1398845516087764
305,1215,1520,0.13991496397544498
308,1208,1516,0.13994089732705858
305,1214,1519,0.13995755660086925
306,1214,1520,0.1399818221883851
301,1222,1523,0.14000126081537587
298,1218,1516,0.14003342592287177
301,1220,1521,0.14007266746181757
302,1213,1515,0.14010058269477563
300,1216,1516,0.14012511024448646
300,1215,1515,0.14015447843306128
300,1226,1526,0.14018102074499503
293,1224,1517,0.14020600651518747
299,1219,1518,0.14024763724652833
299,1212,1511,0.1402688562604464
300,1209,1509,0.14028954427354953
296,1210,1506,0.1403053403104609
293,1224,1517,0.14033170164396597
296,1217,1513,0.14036364100413073
299,1214,1513,0.14038532021386402
294,1210,1504,0.14039778588443355
293,1220,1513,0.140423306144448
292,1215,1507,0.1404485662819229
293,1213,1506,0.14047442959161355
293,1211,1504,0.14049643207267476
289,1199,1488,0.14051716056351576
287,1215,1502,0.1405467537440984
283,1214,1497,0.14058009342086142
271,1231,1502,0.14062173303671935
269,1237,1506,0.1406920608509278
273,1223,1496,0.14076411773862849
273,1221,1494,0.14082150464345003
269,1233,1502,0.14087501290981438
266,1230,1496,0.1409357492536943
259,1244,1503,0.14100018731033903
265,1262,1527,0.14107848247458635
258,1260,1518,0.1411353429420581
254,1246,1500,0.1412056213551389
256,1245,1501,0.14128202566906453
261,1250,1511,0.1413465975393888
262,1255,1517,0.14139453642149455
268,1252,1520,0.14143655602889182
264,1246,1510,0.14146024273823157
265,1248,1513,0.14149366567708838
267,1243,1510,0.14152249084746277
267,1235,1502,0.14154378782597635
261,1236,1497,0.1415640858149974
259,1225,1484,0.1415990239095291
262,1233,1495,0.14163633587913027
262,1242,1504,0.14166333539586165
265,1248,1513,0.14168803205688815
271,1244,1515,0.1417033703804399
267,1250,1517,0.14170208655244965
264,1245,1509,0.1417126732124587
264,1239,1503,0.14173190680590111
262,1240,1502,0.14174959600722167
261,1228,1489,0.14177102695530563
264,1224,1488,0.14179412648185225
266,1232,1498,0.1418071915267601
270,1238,1508,0.1418129569135747
270,1245,1515,0.14180818381605484
269,1248,1517,0.14180445217138615
271,1246,1517,0.14180313937352018
270,1245,1515,0.14179666452157755
267,1246,1513,0.14179264969371677
269,1251,1520,0.14179768559868208
263,1234,1497,0.1417974192929859
262,1239,1501,0.14181451490538607
264,1245,1509,0.14183366492552163
257,1239,1496,0.1418456643436468
257,1232,1489,0.14187458922713797
255,1241,1496,0.14190181108714806
255,1241,1496,0.14193193678049718
257,1247,1504,0.14196027787715806
261,1258,1519,0.14198074322410126
257,1259,1516,0.14198938386645898
259,1261,1520,0.1420086194273364
260,1250,1510,0.14202226748783442
261,1247,1508,0.1420330921115198
251,1251,1502,0.14204104345525573
249,1260,1509,0.14207591428220723
249,1270,1519,0.1421144392393013
248,1272,1520,0.14215022066393193
249,1270,1519,0.1421864308154053
247,1264,1511,0.14221813886306126
246,1273,1519,0.14225301924550313
251,1250,1501,0.1422864596428784
247,1248,1495,0.14230489588968095
245,1246,1491,0.14233333699543516
251,1270,1521,0.1423645638852829
255,1269,1524,0.14237664303135783
249,1271,1520,0.1423772049907418
253,1253,1506,0.14239390323644158
253,1258,1511,0.1423988875265893
251,1273,1524,0.14240412820297219
256,1273,1529,0.14241427110151086
257,1279,1536,0.14240917417021404
256,1272,1528,0.1424025208916676
253,1262,1515,0.14239931749162624
250,1269,1519,0.1424039116652342
252,1271,1523,0.14241689352970716
252,1268,1520,0.1424240833978484
252,1257,1509,0.14243022451838003
251,1267,1518,0.14243603558136442
251,1279,1530,0.14244606801265744
250,1268,1518,0.14245514487117372
246,1255,1501,0.14246561740125085
251,1255,1506,0.1424856706961586
249,1258,1507,0.14248948576688789
244,1268,1512,0.14249831436343752
244,1264,1508,0.1425208698710579
246,1262,1508,0.14254126286835597
244,1259,1503,0.1425555609267887
247,1262,1509,0.1425738435469867
247,1270,1517,0.1425815746925285
244,1270,1514,0.14258786903357973
243,1283,1526,0.14260241619271585
239,1278,1517,0.14261918583119326
235,1285,1520,0.14264582121244665
233,1282,1515,0.14268147588341265
233,1283,1516,0.14271965617083363
228,1278,1506,0.14275522116846745
229,1281,1510,0.14280304067085103
236,1276,1512,0.14284441544167173
237,1274,1511,0.14286400712011596
235,1266,1501,0.1428795833967353
235,1278,1513,0.14289916142840858
234,1281,1515,0.14291801617916494
234,1284,1518,0.1429383554869568
229,1277,1506,0.14295625916277055
234,1280,1514,0.1429864189150413
232,1269,1501,0.14300113822394825
231,1282,1513,0.14301977899378934
228,1283,1511,0.14303978562460173
233,1282,1515,0.14306736591303107
233,1287,1520,0.1430803301324325
234,1282,1516,0.14309310740293274
233,1291,1524,0.14310171759802148
235,1293,1528,0.1431124126481689
236,1287,1523,0.14311680516234726
233,1287,1520,0.14311816692287138
233,1301,1534,0.14312745082831257
230,1300,1530,0.1431366815118983
226,1301,1527,0.14315297586702588
226,1293,1519,0.143179158569211
225,1287,1512,0.14320355485367048
226,1284,1510,0.14322782792460034
232,1268,1500,0.1432475471552173
232,1278,1510,0.14325007624009584
229,1279,1508,0.14325217914779548
230,1279,1509,0.14326165194243282
233,1289,1522,0.14326876994052193
235,1299,1534,0.14326740274652555
234,1306,1540,0.1432610484166917
233,1290,1523,0.14325835819353439
230,1289,1519,0.14325880995942927
225,1300,1525,0.14326735695024795
224,1295,1519,0.14328961617620847
221,1301,1522,0.14331347389558527
219,1302,1521,0.1433448611749276
217,1293,1510,0.14337918156733895
214,1302,1516,0.14341696070554014
212,1296,1508,0.14346073326533554
214,1295,1509,0.14350660964250525
212,1292,1504,0.14354415742448542
213,1290,1503,0.1435839637680986
214,1297,1511,0.14361849133392457
214,1287,1501,0.14364761396018383
212,1294,1506,0.14367516659193652
212,1294,1506,0.14370561921216768
209,1306,1515,0.14373289666972508
213,1321,1534,0.14376734808079103
204,1322,1526,0.14378883692463057
202,1332,1534,0.1438330467214961
205,1336,1541,0.14388033901861486
203,1325,1528,0.14391593215674237
201,1312,1513,0.14395452441612253
200,1317,1517,0.14399699627218746
194,1323,1517,0.144039122656684
194,1329,1523,0.14409447789786278
195,1325,1520,0.1441458967978497
191,1324,1515,0.14419187033997474
194,1323,1517,0.14424636014177356
192,1342,1534,0.14428869811547504
193,1347,1540,0.14433412943348128
192,1337,1529,0.14437410985990684
190,1324,1514,0.14441428560152364
190,1331,1521,0.14445744828082685
186,1337,1523,0.14449787580701162
186,1340,1526,0.14454650759789825
183,1337,1520,0.14459190345320783
180,1327,1507,0.144642377670812
177,1328,1505,0.14469844021792003
174,1326,1500,0.14475875931907914
177,1330,1507,0.14482314553615158
182,1337,1519,0.14487493636911236
181,1342,1523,0.14490902826325464
181,1336,1517,0.1449446680922814
182,1339,1521,0.1449786465373574
182,1333,1515,0.14500761985383417
181,1330,1511,0.14503435538663717
178,1335,1513,0.1450627501720464
181,1327,1508,0.1450980342772578
179,1321,1500,0.14512246963644787
178,1331,1509,0.1451501999513602
179,1322,1501,0.14517976091934132
176,1330,1506,0.14520434416081274
180,1335,1515,0.14523515556539757
182,1333,1515,0.14525274611627156
183,1331,1514,0.1452638338236488
180,1336,1516,0.14527140052063256
183,1347,1530,0.14528656591219613
179,1333,1512,0.1452921518882262
180,1333,1513,0.14530820123743438
180,1325,1505,0.14531993410615415
183,1328,1511,0.14533096992082975
178,1333,1511,0.14533195027428517
179,1329,1508,0.14534674229434613
180,1326,1506,0.14535814825248194
184,1319,1503,0.1453656330968271
183,1316,1499,0.1453613265096382
186,1307,1493,0.14536006127202572
181,1305,1486,0.1453507554868862
182,1321,1503,0.14535645343835
180,1329,1509,0.14535919533757558
178,1325,1503,0.14536745261495587
173,1338,1511,0.14538040301071406
176,1324,1500,0.14540760444525025
180,1313,1493,0.14542378257638175
179,1315,1494,0.14542737239013886
175,1325,1500,0.14543389256682837
172,1341,1513,0.14545167255658162
169,1333,1502,0.14547667720225949
169,1346,1515,0.14550851781705454
167,1342,1509,0.1455388255105494
164,1339,1503,0.14557309295536872
162,1343,1505,0.14561410635768554
162,1348,1510,0.14565869242726517
166,1350,1516,0.14569977192492975
168,1352,1520,0.14572623811911015
166,1350,1516,0.14574513149134213
163,1356,1519,0.1457687035089198
166,1342,1508,0.1457992992451688
163,1347,1510,0.14581908089873089
159,1358,1517,0.1458468856139779
160,1361,1521,0.14588436664507154
154,1369,1523,0.14591692841291962
150,1356,1506,0.145964737658337
150,1360,1510,0.14602107553084312
148,1359,1507,0.14607359174427995
148,1354,1502,0.1461285175830709
148,1359,1507,0.1461801191982947
146,1349,1495,0.1462287180720211
149,1348,1497,0.14627958839768712
147,1358,1505,0.1463188567209599
149,1373,1522,0.14636151325069188
148,1372,1520,0.14639586454433484
147,1377,1524,0.14643116658806232
148,1371,1519,0.14646749096266945
150,1363,1513,0.14649785703885407
149,1360,1509,0.1465201978724652
155,1365,1520,0.14654456622587544
156,1376,1532,0.14654967034766347
151,1370,1521,0.14655152218105413
149,1363,1512,0.14656831208948284
152,1379,1531,0.14658924426529615
156,1375,1531,0.14660047381385527
156,1364,1520,0.14659963905495058
161,1370,1531,0.14659965666164568
162,1362,1524,0.146585701355251
158,1368,1526,0.14656997979605343
155,1369,1524,0.14656681937596205
158,1364,1522,0.14657207576540743
161,1353,1514,0.1465680929452592
159,1357,1516,0.14655605364574628
155,1353,1508,0.14655066479261492
157,1354,1511,0.14655768475233835
161,1361,1522,0.14655849010579083
155,1369,1524,0.14654812527097327
158,1362,1520,0.14655581440281776
156,1366,1522,0.14655531758168772
154,1365,1519,0.1465605373654738
152,1356,1508,0.1465714281439391
153,1361,1514,0.14658681228862666
155,1363,1518,0.14659832009985743
155,1354,1509,0.14660374979943497
153,1346,1499,0.14660880384414765
155,1345,1500,0.14661970742755923
153,1356,1509,0.14662492326235738
153,1359,1512,0.14663522949150573
155,1371,1526,0.1466450698549989
152,1379,1531,0.14664858004334566
152,1383,1535,0.1466601185024979
150,1389,1539,0.14667080255070813
150,1374,1524,0.14668625943038602
147,1375,1522,0.14670039742679017
148,1362,1510,0.1467219538833272
144,1377,1521,0.1467390011633987
145,1378,1523,0.14676642215240238
147,1378,1525,0.14678958712557866
148,1382,1530,0.1468059960559046
147,1364,1511,0.1468186858053521
146,1370,1516,0.1468331403308821
151,1359,1510,0.146848800278316
148,1373,1521,0.14684964452752616
148,1375,1523,0.14685944129571118
147,1391,1538,0.1468685709729105
148,1386,1534,0.14687897942026765
149,1386,1535,0.14688494330655236
147,1374,1521,0.1468873983201211
143,1369,1512,0.14689535621996513
143,1365,1508,0.1469145272363585
140,1370,1510,0.14693222488544477
139,1367,1506,0.1469577820253195
143,1364,1507,0.14698368745082532
140,1359,1499,0.14699702555680483
140,1370,1510,0.1470181372429224
139,1364,1503,0.1470377869439936
134,1371,1505,0.14705903717737917
131,1377,1508,0.1470932347535448
130,1381,1511,0.14713364961204783
132,1378,1510,0.14717422048820386
130,1375,1505,0.1472067399490582
132,1375,1507,0.1472425364857336
135,1378,1513,0.1472696119302141
134,1383,1517,0.14728689378235557
136,1394,1530,0.14730578181665657
133,1384,1517,0.14731794849147944
135,1390,1525,0.14733852566540465
132,1390,1522,0.14735160938201308
133,1387,1520,0.147372240541523
137,1394,1531,0.1473880435843817
133,1385,1518,0.14739102490301836
132,1393,1525,0.14740591607095702
128,1380,1508,0.1474226126227589
132,1383,1515,0.1474497356691016
131,1380,1511,0.1474637395048445
126,1393,1519,0.14747970148253958
125,1382,1507,0.14750907025096377
129,1387,1516,0.14754009842455953
129,1376,1505,0.14755687842041176
125,1374,1499,0.14757257239192653
124,1381,1505,0.14759896140445825
119,1386,1505,0.14762636668336016
119,1391,1510,0.14766717202213944
119,1380,1499,0.14770525741953058
117,1393,1510,0.14774099757503742
112,1389,1501,0.1477805076862914
115,1386,1501,0.14783185335818833
115,1401,1516,0.14787120160748546
114,1398,1512,0.1479077868139334
114,1411,1525,0.14794466227404665
114,1416,1530,0.14797864083126455
113,1409,1522,0.14801007442248504
110,1405,1515,0.1480426286124375
110,1396,1506,0.14808204248848875
110,1399,1509,0.1481198432846079
106,1402,1508,0.14815553245209123
104,1399,1503,0.14820103455976436
104,1411,1515,0.14825017998908957
106,1411,1517,0.14829589111273273
107,1400,1507,0.14833308221728458
106,1401,1507,0.1483652309227331
105,1388,1493,0.14839854786897563
102,1403,1505,0.14843305191291434
100,1417,1517,0.14847432081297834
103,1415,1518,0.14851875035215906
101,1400,1501,0.14855166451908286
98,1412,1510,0.14858834937427207
97,1411,1508,0.14863177624607643
100,1411,1511,0.1486753582631868
97,1408,1505,0.1487070281015711
94,1402,1496,0.14874589405668595
98,1416,1514,0.14879085133660155
101,1414,1515,0.14882010476842286
99,1420,1519,0.1488385829100853
100,1420,1520,0.14886191388167108
95,1420,1515,0.14888107444965473
95,1422,1517,0.14891425774434144
93,1422,1515,0.14894527857406806
96,1413,1509,0.1489801796081237
98,1415,1513,0.14900402671558527
98,1423,1521,0.14902089184579995
96,1422,1518,0.14903701423972834
94,1435,1529,0.14905769382210773
95,1426,1521,0.14908300772245053
100,1427,1527,0.14910370100546771
98,1419,1517,0.14910876481970825
94,1429,1523,0.14911938698673258
95,1431,1526,0.14914121963544136
93,1430,1523,0.14915915868692917
92,1430,1522,0.14918176671219074
90,1433,1523,0.14920569064466332
91,1431,1522,0.14923359597233576
93,1421,1514,0.1492570100402111
90,1423,1513,0.1492732671756822
94,1419,1513,0.14929734637412362
91,1418,1509,0.149308926956693
92,1420,1512,0.1493286644042688
91,1424,1515,0.14934414738681714
94,1425,1519,0.1493615722374958
94,1427,1521,0.14936945466737714
96,1427,1523,0.14937708702149854
92,1419,1511,0.14937824423998805
91,1427,1518,0.14939110486993637
86,1427,1513,0.14940610725193845
88,1423,1511,0.14943451387234089
89,1428,1517,0.14945487576738492
88,1431,1519,0.14947135526682978
87,1428,1515,0.14948906144413573
84,1435,1519,0.1495084311388622
87,1440,1527,0.14953538234517924
88,1438,1526,0.14955208050107363
86,1436,1522,0.14956506086919888
91,1426,1517,0.14958316480456302
89,1423,1512,0.14958607299979695
90,1433,1523,0.14959520658957096
89,1433,1522,0.14960049293492425
88,1432,1520,0.1496086851336265
91,1432,1523,0.14961921331642494
88,1436,1524,0.14961971269925847
86,1431,1517,0.1496290120170765
86,1424,1510,0.14964356486759742
85,1425,1510,0.1496570783028485
84,1434,1518,0.14967223060243143
85,1439,1524,0.14968965365527598
86,1438,1524,0.1497030294892732
86,1430,1516,0.14971218065588446
84,1434,1518,0.1497203354753438
86,1434,1520,0.1497340651812987
86,1425,1511,0.14974118053404134
85,1429,1514,0.14974745036115683
85,1425,1510,0.14975626856390467
82,1429,1511,0.14976467434176685
84,1439,1523,0.14978109782804075
82,1432,1514,0.14979101743477988
81,1419,1500,0.14980642588133472
80,1437,1517,0.1498242679444875
79,1449,1528,0.1498435272049131
78,1443,1521,0.14986440377906107
80,1442,1522,0.14988680485980949
80,1439,1519,0.14990223450016704
80,1442,1522,0.1499165306670213
81,1438,1519,0.14992996437531722
83,1443,1526,0.14993980046752398
81,1434,1515,0.14994298649330975
82,1440,1522,0.14995177175017985
82,1439,1521,0.14995740078125444
79,1436,1515,0.1499630785226545
77,1435,1512,0.14997734513311362
75,1431,1506,0.1499965003390888
76,1429,1505,0.150020699607187
74,1432,1506,0.15004039391627802
74,1432,1506,0.15006460052401546
76,1433,1509,0.15008756016534344
75,1432,1507,0.15010325542191816
72,1443,1515,0.1501209735261985
71,1449,1520,0.15014589504876694
71,1446,1517,0.15017227480642903
73,1445,1518,0.15019691460959586
74,1448,1522,0.15021388050832346
74,1463,1537,0.1502266400001918
72,1450,1522,0.1502384103127863
72,1446,1518,0.1502555681024624
73,1449,1522,0.15027186603696802
72,1444,1516,0.15028420211875881
68,1444,1512,0.15029902019232405
67,1439,1506,0.15032468424034032
65,1433,1498,0.15035163364162563
71,1441,1512,0.15038299804880875
69,1444,1513,0.15039431839424
71,1456,1527,0.1504112287529102
74,1451,1525,0.15042143718496495
73,1433,1506,0.15042163182643697
74,1440,1514,0.15042500317971888
74,1454,1528,0.15042525209346727
76,1455,1531,0.15042550776121896
73,1450,1523,0.15041982432495943
73,1438,1511,0.15042320122156333
70,1447,1517,0.15042636107215188
68,1455,1523,0.15043793616929796
69,1447,1516,0.15045475881146067
68,1435,1503,0.1504677437142964
68,1444,1512,0.15048323565508986
70,1451,1521,0.15049826512034953
72,1456,1528,0.15050609043198154
72,1452,1524,0.15050726598217157
69,1455,1524,0.15050843780313317
68,1450,1518,0.15051804716428335
73,1454,1527,0.15052996472692862
74,1451,1525,0.1505258541624768
73,1452,1525,0.15051896148827662
73,1458,1531,0.15051548803622136
73,1443,1516,0.15051234053122095
73,1443,1516,0.15050912357194718
75,1433,1508,0.1505062046515006
76,1438,1514,0.15049734846394336
75,1453,1528,0.15048634315288492
74,1450,1524,0.15047898319083391
76,1449,1525,0.1504751545136519
71,1452,1523,0.15046526897313162
72,1467,1539,0.15047087211104024
72,1464,1536,0.15047293197867811
71,1451,1522,0.15047491359997234
71,1438,1509,0.15047940029234158
70,1433,1503,0.1504834419263001
72,1442,1514,0.15049015556116274
73,1435,1508,0.1504904972711256
71,1436,1507,0.15048789957463427
72,1428,1500,0.15049149395963918
71,1440,1511,0.15049177101810807
69,1453,1522,0.15049504901810548
68,1447,1515,0.15050433053950318
66,1449,1515,0.15051556609511213
64,1442,1506,0.15053196147003978
62,1452,1514,0.15055329915280422
61,1459,1520,0.1505793805561607
58,1465,1523,0.15060687035062117
58,1466,1524,0.15064174240754505
60,1470,1530,0.15067436195342668
60,1470,1530,0.15069915545298024
60,1466,1526,0.1507223387886173
61,1457,1518,0.15074412526060815
59,1453,1512,0.15076164949630666
59,1458,1517,0.1507836708097677
61,1456,1517,0.15080453935219096
61,1456,1517,0.150817873029137
64,1457,1521,0.15083037254605736
63,1461,1524,0.15083319326673622
64,1456,1520,0.15083905600851005
64,1462,1526,0.1508412256315984
64,1464,1528,0.15084343343994697
63,1454,1517,0.1508457611542616
62,1460,1522,0.15085096458089214
66,1454,1520,0.15085884662318758
65,1452,1517,0.15085392040639467
64,1454,1518,0.15085251827242085
64,1450,1514,0.15085363553715161
66,1448,1514,0.15085512470844298
67,1432,1499,0.1508506883523704
63,1444,1507,0.1508432788102245
67,1446,1513,0.1508483449453008
63,1449,1512,0.1508406281979185
61,1457,1518,0.1508457841290679
61,1458,1519,0.15085677417618826
64,1462,1526,0.15086708917552652
62,1468,1530,0.1508673553891301
65,1460,1525,0.15087361963906468
63,1455,1518,0.15087028434620398
63,1461,1524,0.15087312565299593
63,1455,1518,0.1508759074296816
65,1455,1520,0.15087868411175762
65,1444,1509,0.15087512571510675
66,1447,1513,0.1508720838552866
65,1452,1517,0.15086626365624853
62,1448,1510,0.15086403782069738
62,1438,1500,0.15087099257170233
63,1443,1506,0.1508774994804939
63,1442,1505,0.1508804161245184
62,1447,1509,0.1508832498820326
60,1444,1504,0.15088909020793062
61,1450,1511,0.1509006299363926
62,1453,1515,0.15090860963893438
60,1447,1507,0.15091281143153779
64,1448,1512,0.15092303118499076
64,1456,1520,0.15092024907497767
63,1454,1517,0.15091740236644974
63,1449,1512,0.15091799325792857
61,1450,1511,0.15091855863721912
60,1452,1512,0.1509253215010835
58,1451,1509,0.15093471416378607
59,1450,1509,0.15094977787344027
60,1457,1517,0.1509605768270024
62,1455,1517,0.15096792924709754
61,1444,1505,0.15096935932800828
60,1454,1514,0.15097394751682472
59,1456,1515,0.1509811815411645
59,1459,1518,0.1509910942837533
59,1450,1509,0.15100034908423754
63,1449,1512,0.15100901945910475
63,1457,1520,0.15100495472590056
64,1463,1527,0.1510012169970704
66,1461,1527,0.1509945725437176
64,1459,1523,0.1509820993563713
64,1455,1519,0.15097643573542247
63,1449,1512,0.1509708621829958
63,1445,1508,0.15096843831855997
60,1444,1504,0.15096668111474845
59,1451,1510,0.15097417018482012
58,1452,1510,0.15098427952805726
54,1463,1517,0.15099670487510333
55,1465,1520,0.1510205139487291
55,1466,1521,0.15103986752244736
54,1461,1515,0.1510581077655315
55,1449,1504,0.15107836569058114
56,1453,1509,0.15109400725420133
53,1453,1506,0.15110574062508036
56,1452,1508,0.15112576798257277
56,1460,1516,0.15113489536185873
55,1459,1514,0.1511434863417903
53,1476,1529,0.1511545694560545
50,1471,1521,0.1511710030552898
50,1469,1519,0.15119528357828838
51,1464,1515,0.15121805260894583
51,1464,1515,0.15123599364600593
54,1474,1528,0.15125264234754213
54,1457,1511,0.15125916151395238
51,1464,1515,0.15126552074270566
52,1468,1520,0.1512808432462573
51,1463,1514,0.15129199524490533
51,1466,1517,0.15130539116663855
51,1453,1504,0.1513182470585316
51,1467,1518,0.15133058761402388
50,1467,1517,0.15134234778526012
48,1482,1530,0.15135633485094643
48,1472,1520,0.15137587146747136
48,1477,1525,0.1513941370754104
48,1479,1527,0.1514111486344135
50,1468,1518,0.1514272777387165
49,1468,1517,0.15143631315468192
45,1471,1516,0.15144777247595861
45,1479,1524,0.15147069679606226
46,1464,1510,0.15149213618197446
45,1470,1515,0.15150930660896345
46,1480,1526,0.1515285585504804
45,1479,1524,0.15154349955116367
42,1472,1514,0.1515605762103305
41,1470,1511,0.15158561310700208
42,1475,1517,0.15161196260020002
41,1479,1520,0.1516335723467246
38,1480,1518,0.15165708547489903
38,1487,1525,0.151688624536719
38,1478,1516,0.1517181957892801
38,1480,1518,0.15174574205987107
38,1480,1518,0.15177160639739792
39,1469,1508,0.1517957586202362
39,1486,1525,0.15181524472709115
38,1487,1525,0.15183354875091226
39,1471,1510,0.15185389608263403
37,1487,1524,0.1518699709088054
38,1471,1509,0.15189132917521167
36,1471,1507,0.15190850470692197
36,1467,1503,0.15193072565397295
37,1467,1504,0.15195162958858016
35,1478,1513,0.15196832268963253
35,1475,1510,0.1519901598413071
36,1474,1510,0.15201073638516635
36,1476,1512,0.1520268428666591
38,1484,1522,0.1520419473042587
37,1481,1518,0.15204984727969775
38,1481,1519,0.15206033167841682
38,1487,1525,0.15206719515882303
37,1481,1518,0.15207369202944399
37,1481,1518,0.15208276100864712
36,1479,1515,0.15209099889120606
35,1476,1511,0.15210172731191884
34,1472,1506,0.15211474942003061
34,1480,1514,0.1521299478018373
33,1471,1504,0.15214426936828268
32,1474,1506,0.15216082751286872
30,1480,1510,0.1521793247879208
31,1488,1519,0.15220288014587668
30,1488,1518,0.15222203924005487
29,1486,1515,0.15224338052125527
29,1494,1523,0.1522663063611687
28,1495,1523,0.15228765575062306
28,1488,1516,0.15231080533430266
29,1490,1519,0.15233267754188148
28,1479,1507,0.1523500756913242
28,1477,1505,0.15236942277597967
27,1481,1508,0.15238752389371776
26,1490,1516,0.15240758530558327
23,1488,1511,0.152429503497559
22,1492,1514,0.15245980049450547
23,1483,1506,0.15249138322169772
24,1479,1503,0.15251798454796234
26,1489,1515,0.15253977970987648
28,1488,1516,0.15255410518311333
28,1494,1522,0.1525612920900759
28,1494,1522,0.15256807663354618
27,1496,1523,0.15257446951204223
30,1496,1526,0.1525836127663911
29,1500,1529,0.15258298254917452
28,1491,1519,0.1525855190368252
27,1495,1522,0.15259095891737862
27,1481,1508,0.15259921650588884
26,1487,1513,0.1526069406589218
26,1484,1510,0.15261749889843818
27,1488,1515,0.15262739338667383
29,1476,1505,0.15263362905473968
29,1472,1501,0.15263337440312888
29,1473,1502,0.15263319182084562
27,1487,1514,0.1526330547149509
26,1490,1516,0.15263906033810176
25,1489,1514,0.15264785373643608
27,1478,1505,0.15265907895662387
26,1473,1499,0.152663389336735
28,1495,1523,0.1526706362406981
27,1498,1525,0.15267122432441127
28,1493,1521,0.15267486840650724
32,1486,1518,0.15267517116621146
33,1484,1517,0.15266299331675134
34,1474,1508,0.15264839979129657
33,1490,1523,0.15263171610259324
33,1476,1509,0.15261913695808402
34,1473,1507,0.15260734440824147
35,1485,1520,0.152593190203564
35,1478,1513,0.15257682053234325
35,1488,1523,0.1525615157139593
33,1485,1518,0.1525471963160767
34,1491,1525,0.15253983674937216
34,1483,1517,0.15252990699448526
34,1478,1512,0.15252061404340708
34,1491,1525,0.1525119191433282
34,1482,1516,0.1525037548863892
34,1474,1508,0.15249607532445736
36,1481,1517,0.1524888666358141
34,1479,1513,0.15247582840869256
33,1477,1510,0.1524696030148582
32,1467,1499,0.15246683824290766
31,1474,1505,0.15246695540563782
31,1487,1518,0.15247004430068245
33,1477,1510,0.15247291689291878
34,1470,1504,0.15246944283742667
33,1479,1512,0.1524631518834038
36,1473,1509,0.15246038487148195
35,1484,1519,0.15244837547547113
34,1496,1530,0.15244021335746433
33,1480,1513,0.15243567009467007
34,1491,1525,0.1524344222288202
32,1493,1525,0.15243007127302466
31,1493,1524,0.15243212466159448
32,1479,1511,0.15243714263446623
31,1467,1498,0.15243876473391899
32,1478,1510,0.15244335325344183
34,1474,1508,0.15244452898992086
34,1481,1515,0.15243948991668602
35,1486,1521,0.15243479478133148
33,1468,1501,0.15242734357568846
33,1475,1508,0.15242655144252457
33,1482,1515,0.1524258121285196
34,1487,1521,0.1524251210005149
35,1482,1517,0.1524214263109045
34,1476,1510,0.152414864639994
34,1477,1511,0.1524117569791088
31,1476,1507,0.1524091744361627
28,1482,1510,0.1524159257423004
26,1486,1512,0.15243157089209958
26,1508,1534,0.15245233392658653
25,1494,1519,0.15247182938664924
24,1492,1516,0.1524932478613536
24,1499,1523,0.1525164121841114
21,1517,1538,0.15253813992293286
21,1500,1521,0.15256787670037003
21,1500,1521,0.15259577118714282
21,1506,1527,0.15262199385844327
23,1500,1523,0.15264662983020272
23,1495,1518,0.15266343700930068
23,1492,1515,0.1526792504796061
21,1482,1503,0.1526940022852961
21,1493,1514,0.1527140271181108
21,1487,1508,0.15273300011526816
21,1495,1516,0.1527508274671981
21,1496,1517,0.1527674429606698
22,1501,1523,0.15278313882081285
22,1509,1531,0.152794817211854
21,1505,1526,0.15280576745578311
21,1502,1523,0.15281909992767814
20,1504,1524,0.15283161349643024
20,1506,1526,0.15284656409999914
19,1502,1521,0.15286049540043994
20,1500,1520,0.15287669743980267
19,1494,1513,0.15288873028757052
20,1491,1511,0.15290316052069822
19,1510,1529,0.15291358634542399
18,1505,1523,0.1529265717610383
18,1497,1515,0.15294190834291027
19,1497,1516,0.1529563209579752
19,1497,1516,0.1529667349267869
18,1491,1509,0.15297654275874786
16,1496,1512,0.15298889331935794
17,1509,1526,0.15300686855123635
18,1491,1509,0.15302063086608242
18,1508,1526,0.15303043883243295
19,1486,1505,0.15303967884914219
19,1497,1516,0.15304525386547935
18,1489,1507,0.15305062499868557
18,1492,1510,0.1530588024888792
17,1494,1511,0.15306645570097352
18,1484,1502,0.15307688872090278
18,1485,1503,0.15308354046265407
18,1498,1516,0.1530897895527556
18,1498,1516,0.15309565469023614
17,1506,1523,0.15310116135978294
17,1507,1524,0.1531094737062101
17,1501,1518,0.1531172562691029
17,1496,1513,0.1531245586898936
17,1496,1513,0.15313141456580112
17,1501,1518,0.15313792260201006
19,1496,1515,0.1531440552900739
18,1498,1516,0.15314351160021672
18,1497,1515,0.1531461924570718
18,1506,1524,0.15314874209894871
18,1497,1515,0.1531511619776932
16,1509,1525,0.15315345325993335
16,1502,1518,0.15316200121657078
16,1502,1518,0.1531699949773473
17,1497,1514,0.15317750458874724
18,1500,1518,0.15318141229923796
18,1497,1515,0.15318180945763693
17,1498,1515,0.1531821987092566
19,1506,1525,0.15318565602162698
19,1505,1524,0.15318253840693088
19,1512,1531,0.15317967832344187
18,1511,1529,0.15317703558181936
17,1503,1520,0.1531777674622007
15,1490,1505,0.15318149889348495
15,1489,1504,0.15319101659136847
15,1482,1497,0.1531999274461208
14,1475,1489,0.1532082817730447
14,1487,1501,0.1532193666873964
13,1496,1509,0.15322977193964551
13,1497,1510,0.15324263599717292
14,1500,1514,0.15325471395384846
13,1490,1503,0.15326296749812046
13,1502,1515,0.15327385854850084
14,1514,1528,0.15328407942066724
12,1502,1514,0.1532905043335801
13,1515,1528,0.1533027618782402
13,1518,1531,0.15331128052365312
13,1519,1532,0.1533192785733815
13,1516,1529,0.1533268006834591
13,1518,1531,0.1533338740626023
13,1504,1517,0.15334052445651675
12,1510,1522,0.1533467764922673
12,1503,1515,0.15335581635169304
12,1504,1516,0.1533643237703384
12,1510,1522,0.15337232889205868
12,1506,1518,0.1533798579714228
11,1504,1515,0.15338693769098594
11,1511,1522,0.15339684550066934
11,1506,1517,0.1534061473351506
11,1493,1504,0.15341488199350697
11,1504,1515,0.15342308685479925
11,1503,1514,0.15343079537601523
11,1504,1515,0.15343803831885075
11,1504,1515,0.15344484426547217
11,1509,1520,0.15345123989581816
11,1510,1521,0.15345725017145434
11,1506,1517,0.1534628984766402
11,1507,1518,0.15346820673606978
11,1505,1516,0.15347319551759406
11,1505,1516,0.15347788412402397
11,1509,1520,0.15348229067636396
10,1501,1511,0.15348643218999838
10,1488,1498,0.15349343910958982
10,1500,1510,0.15350006864694993
10,1494,1504,0.1535063111502798
9,1492,1501,0.15351218481865253
8,1489,1497,0.15352088005766426
8,1500,1508,0.15353213017617867
9,1507,1516,0.1535426840066245
9,1501,1510,0.15354929879648982
9,1495,1504,0.15355554597542845
9,1499,1508,0.15356142245658236
9,1504,1513,0.15356694697741266
9,1503,1512,0.1535721396663827
11,1504,1515,0.1535770201326279
11,1496,1507,0.15357503705885533
11,1505,1516,0.15357326985845116
10,1507,1517,0.1535716424668108
10,1493,1503,0.15357329776848386
10,1505,1515,0.1535748500599188
10,1492,1502,0.15357631256283522
10,1490,1500,0.15357769196903262
11,1512,1523,0.1535789930629041
12,1499,1511,0.1535769809716256
13,1488,1501,0.15357189134831598
12,1493,1505,0.15356392458764676
12,1511,1523,0.15355972115870598
12,1520,1532,0.1535557553172049
12,1512,1524,0.153552027112504
12,1510,1522,0.15354852382460873
12,1516,1528,0.15354523211419438
12,1513,1525,0.1535421391695361
12,1510,1522,0.15353923291199803
12,1501,1513,0.15353650200854438
12,1501,1513,0.1535339358345662
12,1494,1506,0.15353152442583343
12,1503,1515,0.15352925843160367
12,1504,1516,0.1535271290720734
12,1504,1516,0.1535251281003439
10,1503,1513,0.1535232477682333
10,1503,1513,0.15352783550309027
9,1489,1498,0.1535320842999093
8,1487,1495,0.15353937713987473
8,1500,1508,0.15354929478188659
8,1506,1514,0.15355866726912004
8,1510,1518,0.15356749425515334
8,1511,1519,0.15357580094804577
8,1500,1508,0.15358361552909927
8,1512,1520,0.15359096593397725
7,1505,1512,0.15359787903984912
7,1513,1520,0.15360756339519013
7,1512,1519,0.15361667095664733
7,1514,1521,0.15362523283295115
7,1496,1503,0.15363328365276888
6,1498,1504,0.15364085458551507
6,1507,1513,0.15365120726274575
5,1509,1514,0.15366093293332062
5,1523,1528,0.15367330177046212
5,1515,1520,0.15368491236903006
5,1525,1530,0.15369581710454244
5,1524,1529,0.1537060633003608
5,1531,1536,0.15371569282840422
5,1519,1524,0.1537247439614758
5,1510,1515,0.15373325214035366
4,1512,1516,0.15374125038074632
4,1509,1513,0.1537520248176659
5,1517,1522,0.15376212062009526
5,1509,1514,0.15376835327282612
5,1506,1511,0.15377422318404702
4,1519,1523,0.15377974280475845
4,1513,1517,0.15378820065767387
4,1511,1515,0.15379612067698098
4,1516,1520,0.15380355597410758
4,1508,1512,0.15381053981453963
3,1511,1514,0.15381710108706761
4,1505,1509,0.1538264182458066
4,1501,1505,0.15383193300924705
5,1498,1503,0.15383716965451635
5,1512,1517,0.15383882525604747
5,1517,1522,0.15384043783972867
5,1519,1524,0.1538419763233438
4,1519,1523,0.15384343658611369
5,1515,1520,0.15384807458703978
5,1517,1522,0.15384913920513274
5,1509,1514,0.15385017734621909
5,1503,1508,0.15385116434787463
5,1499,1504,0.15385209865707877
5,1505,1510,0.1538529815238512
5,1505,1510,0.1538538149679578
5,1493,1498,0.15385460125952133
6,1501,1507,0.1538553427335114
6,1505,1511,0.15385281598883455
5,1491,1496,0.15385045957917115
5,1509,1514,0.15385151376620862
5,1508,1513,0.15385247571247923
5,1517,1522,0.1538533711879303
5,1516,1521,0.15385420818989792
4,1515,1519,0.15385499191024632
4,1521,1525,0.15385899875224326
4,1514,1518,0.15386273421907987
4,1516,1520,0.15386623584177783
4,1524,1528,0.15386952199649184
4,1519,1523,0.1538726074883893
4,1512,1516,0.15387550539677303
4,1520,1524,0.15387822762881687
4,1521,1525,0.15388078516115647
4,1517,1521,0.15388318817724056
4,1516,1520,0.15388544616108632
4,1526,1530,0.15388756796819225
4,1507,1511,0.15388956188223235
4,1505,1509,0.15389143566201752
4,1492,1496,0.15389319658146952
4,1508,1512,0.15389485146442197
4,1515,1519,0.15389640671548477
4,1515,1519,0.15389786834782376
4,1517,1521,0.15389924200845118
4,1526,1530,0.15390053300144785
4,1521,1525,0.15390174630942105
4,1521,1525,0.15390288661342472
4,1510,1514,0.15390395831151238
3,1508,1511,0.1539049655360596
3,1506,1509,0.15390913247402307
3,1506,1509,0.15391303704334153
4,1512,1516,0.15391670188767204
4,1509,1513,0.1539169029661258
4,1512,1516,0.1539171066452045
4,1504,1508,0.15391730428031106
4,1515,1519,0.15391749311760267
3,1512,1515,0.1539176722115976
3,1511,1514,0.15392105600886713
3,1520,1523,0.15392422783741583
3,1526,1529,0.15392720516419595
3,1520,1523,0.15393000218479816
3,1521,1524,0.15393263092489284
3,1527,1530,0.15393510202107571
3,1520,1523,0.15393742517162312
3,1526,1529,0.15393960935524928
3,1527,1530,0.15394166294656383
3,1523,1526,0.15394359378585226
3,1526,1529,0.15394540922738836
3,1514,1517,0.153947116176774
3,1501,1504,0.15394872112208943
2,1500,1502,0.15395023016116172
2,1501,1503,0.15395489476866664
2,1511,1513,0.15395927039807877
2,1505,1507,0.15396337976431954
2,1523,1525,0.15396724153179875
1,1520,1521,0.15397087180754063
1,1513,1514,0.15397758979401469
1,1522,1523,0.1539838818335397
1,1507,1508,0.1539897913247157
1,1500,1501,0.15399534426987113
1,1492,1493,0.15400056325084555
1,1502,1503,0.15400546889650754
1,1508,1509,0.15401008033893201
1,1528,1529,0.15401441542814412
1,1524,1525,0.15401849086435784
1,1534,1535,0.15402232229572035
1,1523,1524,0.1540259243984775
1,1511,1512,0.15402931094625105
1,1516,1517,0.1540324948715453
1,1506,1507,0.1540354883212262
1,1515,1516,0.15403830270709976
1,1505,1506,0.1540409487523801
1,1515,1516,0.15404343653463118
1,1511,1512,0.1540457755256202
1,1512,1513,0.15404797462842823
1,1510,1511,0.1540500422120887
1,1512,1513,0.15405198614397783
1,1512,1513,0.15405381382014272
1,1514,1515,0.1540555321937266
1,1503,1504,0.15405714780163013
0,1505,1505,0.15405866678953217
