1370,29,1399,0.1358211553417898
1397,31,1428,0.13297663785921543
1426,30,1456,0.13030705141566123
1451,29,1480,0.12779440622781346
1455,30,1485,0.1254381615504495
1465,31,1496,0.12328182324460922
1468,33,1501,0.12129275327544473
1469,33,1502,0.11947483607465131
1461,33,1494,0.11781759901328659
1456,32,1488,0.1163291143615255
1455,33,1488,0.11498655543989139
1444,33,1477,0.11376715347191103
1450,34,1484,0.11268324444386078
1451,33,1484,0.11168204166677224
1446,36,1482,0.1107679426935469
1445,36,1481,0.10994705883620284
1444,33,1477,0.10920208775966327
1460,32,1492,0.1085260597357929
1459,32,1491,0.1078736813276268
1466,31,1497,0.10728202629138259
1459,31,1490,0.1067273870526283
1471,31,1502,0.10623797529042794
1472,28,1500,0.10576520076829592
1479,28,1507,0.10533279228362527
1474,25,1499,0.10492396973598168
1467,24,1491,0.1045629947246113
1460,24,1484,0.10424977686120858
1461,26,1487,0.10398034488431364
1463,26,1489,0.1037331440392233
1474,25,1499,0.10350363770912707
1463,25,1488,0.10327063979229005
1457,24,1481,0.10308253014544196
1468,25,1493,0.1029247824548473
1467,24,1491,0.10275762146180836
1461,25,1486,0.10260762456976175
1476,26,1502,0.10248447417730595
1468,27,1495,0.10233971646549342
1464,29,1493,0.10222548073958368
1471,30,1501,0.10212979905330216
1467,31,1498,0.10202746918341969
1466,31,1497,0.10194283414211995
1473,32,1505,0.10186817783379482
1467,33,1500,0.10178513573356873
1468,33,1501,0.10172246178518311
1472,32,1504,0.1016630651902489
1460,32,1492,0.1016005584782485
1462,34,1496,0.10156921482210837
1462,35,1497,0.10153642392387266
1465,32,1497,0.10150670153585739
1463,32,1495,0.1014734948694312
1464,32,1496,0.10144737886811249
1479,31,1510,0.10142141300891513
1478,33,1511,0.10136528110007209
1472,34,1506,0.10131623704845144
1472,32,1504,0.10128441773788512
1476,32,1508,0.10125575573693818
1468,35,1503,0.10122085855027951
1474,33,1507,0.10120630495292801
1462,32,1494,0.10118039319100415
1465,32,1497,0.10118260952959193
1466,34,1500,0.1011785071311127
1473,34,1507,0.10117275677597391
1467,34,1501,0.10115210194710418
1464,33,1497,0.10114623120713308
1464,32,1496,0.10114729373843191
1464,34,1498,0.10114864784848837
1475,36,1511,0.10114968122510341
1484,37,1521,0.10112699398523851
1463,40,1503,0.10108679566472809
1473,37,1510,0.10109525071325538
1451,38,1489,0.10108172324843827
1467,40,1507,0.10111604082730721
1465,41,1506,0.10111335388617868
1462,39,1501,0.10111533387438393
1459,39,1498,0.10112398892997533
1462,37,1499,0.10113826301857638
1459,35,1494,0.10114488195928105
1477,36,1513,0.10115727671024616
1468,38,1506,0.10113029668887467
1474,37,1511,0.10112487977350382
1462,39,1501,0.10110651139716754
1460,39,1499,0.10111552283273378
1466,37,1503,0.10112784157876574
1466,36,1502,0.10112662291335538
1451,36,1487,0.1011255668566589
1449,37,1486,0.10115711934792382
1436,37,1473,0.10118994618842214
1442,38,1480,0.10124766860645282
1444,41,1485,0.10128754793905483
1454,43,1497,0.10131950359969942
1454,44,1498,0.1013273878013295
1451,44,1495,0.10133434925334255
1443,41,1484,0.10134742812919853
1449,41,1490,0.10137624535068848
1443,43,1486,0.10138959490534559
1446,44,1490,0.10141449329912365
1427,44,1471,0.10143064400251206
1429,44,1473,0.10148617788641655
1444,46,1490,0.10153244909875188
1455,47,1502,0.10154224783249802
1454,48,1502,0.10152766428141496
1450,50,1500,0.10151602113576864
1452,48,1500,0.10151440240861956
1451,49,1500,0.10150854538120922
1448,49,1497,0.1015058721406339
1442,49,1491,0.10150989082617087
1428,51,1479,0.10152626508010566
1430,52,1482,0.10157178763666516
1428,53,1481,0.10160880625456248
1432,52,1484,0.10164679615243212
1438,53,1491,0.10167279730931192
1433,57,1490,0.10168392212174697
1419,55,1474,0.10170501470060095
1427,58,1485,0.10175428569059253
1434,56,1490,0.10178237271062525
1432,57,1489,0.10179259484403325
1428,60,1488,0.10180634207108724
1408,60,1468,0.10182736369862759
1414,59,1473,0.10188940151440765
1434,58,1492,0.10193257203439775
1419,60,1479,0.10192895786357031
1427,60,1487,0.1019580475022039
1430,57,1487,0.10196762377763698
1432,56,1488,0.10197005049774216
1427,58,1485,0.10196777050301982
1420,56,1476,0.10197655799236392
1422,63,1485,0.10199975216688895
1432,63,1495,0.10201678794281173
1431,61,1492,0.10201042823380511
1421,60,1481,0.10200687052093191
1430,64,1494,0.10202565429009469
1422,63,1485,0.10202308128524983
1423,64,1487,0.10203788822010466
1419,63,1482,0.10204964868134805
1400,62,1462,0.10206920341586466
1412,62,1474,0.10212764475689327
1412,62,1474,0.10215543520278937
1424,63,1487,0.1021806980866118
1421,63,1484,0.10217768203023816
1421,64,1485,0.10218109667307906
1422,65,1487,0.10218389131359813
1425,65,1490,0.10218377224596044
1418,63,1481,0.10217726218650328
1423,64,1487,0.10218668578149227
1434,66,1500,0.10218426777091855
1442,67,1509,0.10215788284182212
1455,67,1522,0.10211716667170986
1448,67,1515,0.10205207416890529
1445,70,1515,0.10200800713110184
1449,69,1518,0.10197466865885021
1440,71,1511,0.10193560276598838
1425,72,1497,0.10191963957733012
1425,69,1494,0.10193737326977002
1434,68,1502,0.10195368294540712
1429,67,1496,0.10194918990118147
1429,71,1500,0.10195573553556311
1430,69,1499,0.10196187472025603
1431,66,1497,0.10196535873427347
1444,66,1510,0.10196668401900019
1435,65,1500,0.10193969178558242
1438,66,1504,0.10193450431766983
1450,65,1515,0.10192315731169221
1443,69,1512,0.10188689079674383
1441,72,1513,0.10186935680626902
1451,72,1523,0.10185777843628042
1446,70,1516,0.1018261019833691
1430,65,1495,0.10180810583410697
1422,62,1484,0.10182551739950299
1413,63,1476,0.10185857226035396
1421,67,1488,0.10190820819419048
1417,67,1484,0.10193580609433531
1417,68,1485,0.10196946666244645
1405,65,1470,0.10200017003370832
1410,69,1479,0.10205443582532185
1403,73,1476,0.10209338905686778
1405,73,1478,0.10214404269706456
1411,73,1484,0.10218604042489346
1416,71,1487,0.10221093233524257
1427,72,1499,0.1022228057580714
1438,74,1512,0.10221001900019054
1439,77,1516,0.1021743648184457
1436,77,1513,0.10214000188785384
1432,77,1509,0.10211486064877677
1438,78,1516,0.1021006083979892
1438,76,1514,0.10207462790982261
1428,77,1505,0.10205121533967661
1415,77,1492,0.10205182183607256
1409,75,1484,0.10208024313148535
1415,76,1491,0.1021190373630654
1415,76,1491,0.10214182264027943
1421,76,1497,0.10216210257206355
1413,80,1493,0.10216738323549084
1417,81,1498,0.10219014158428234
1411,84,1495,0.10220260646341081
1421,82,1503,0.10222730020196334
1407,85,1492,0.10222835905040509
1410,83,1493,0.10225977482427659
1401,85,1486,0.10228151814827836
1425,86,1511,0.10232062916849935
1412,88,1500,0.10230432813809837
1417,85,1502,0.10231726641221296
1419,82,1501,0.10231848515047666
1419,81,1500,0.10231535238091491
1420,85,1505,0.10231238979937904
1419,84,1503,0.10230767609396856
1424,86,1510,0.10230568673537527
1424,84,1508,0.10229322215477067
1418,86,1504,0.10228191606440731
1414,85,1499,0.10228435538966497
1408,84,1492,0.10229514714965568
1410,88,1498,0.1023180468607631
1403,90,1493,0.10233508947843575
1396,90,1486,0.10236569065538889
1394,87,1481,0.10240874281699117
1408,92,1500,0.1024522988193521
1397,88,1485,0.10246267887840738
1400,93,1493,0.10249571365291626
1384,94,1478,0.10251899171219496
1379,97,1476,0.10257532435448681
1382,95,1477,0.10263762585695063
1390,92,1482,0.10268797109758503
1400,90,1490,0.10271591216900665
1406,97,1503,0.10272008513471785
1403,95,1498,0.10271097351228413
1393,97,1490,0.10270905770712391
1391,97,1488,0.1027292374983487
1389,96,1485,0.10275240066262381
1398,97,1495,0.10277752969296358
1404,98,1502,0.10278124210992562
1407,99,1506,0.10277146792517165
1390,101,1491,0.10275602917377374
1382,99,1481,0.10277869531215812
1395,97,1492,0.10281720387273217
1382,102,1484,0.10282408787129371
1376,103,1479,0.10285858834431362
1378,104,1482,0.1029035914236285
1374,107,1481,0.10293985319048278
1383,105,1488,0.10298182641350183
1376,104,1480,0.10300031333847205
1390,103,1493,0.10303304136315251
1399,105,1504,0.10303216676754084
1387,107,1494,0.10301161228579694
1380,108,1488,0.10301955862906512
1371,108,1479,0.1030421620701944
1378,111,1489,0.10308191890855035
1385,111,1496,0.10310339191894873
1384,113,1497,0.1031080540438747
1390,117,1507,0.1031138845936228
1389,113,1502,0.10310637489575276
1397,113,1510,0.10310201278653014
1393,113,1506,0.10308060448450043
1392,114,1506,0.10307025172194048
1382,114,1496,0.10306249832676725
1392,108,1500,0.10307729249047075
1385,109,1494,0.10306869151846312
1384,106,1490,0.10307617652307301
1377,111,1488,0.10308531002143308
1381,105,1486,0.10310892822571863
1385,106,1491,0.10312222178180017
1392,101,1493,0.10312513964519511
1387,107,1494,0.10311217700402547
1383,107,1490,0.10311149454980949
1385,107,1492,0.10311967209040102
1385,110,1495,0.10312243647059606
1390,109,1499,0.1031251599750067
1395,107,1502,0.10311716500894201
1388,106,1494,0.10309930142062594
1384,105,1489,0.10309838041804102
1380,108,1488,0.10310620973158781
1384,111,1495,0.10312208543575575
1389,117,1506,0.1031282109780173
1392,111,1503,0.10312264607458758
1395,117,1512,0.10311123250428991
1386,117,1503,0.103093642313594
1376,121,1497,0.10309726638340778
1384,118,1502,0.10312298295100698
1384,119,1503,0.10312916568224623
1378,119,1497,0.10313485380403245
1379,120,1499,0.10315327751199707
1386,115,1501,0.10316810974795701
1378,114,1492,0.10316664952509683
1371,115,1486,0.1031825247883859
1374,115,1489,0.10321200222313781
1378,116,1494,0.1032327635266255
1387,114,1501,0.10324261868808048
1381,111,1492,0.10323206114340777
1387,120,1507,0.10323540423442783
1386,117,1503,0.10322553035190998
1351,120,1471,0.10321892130889154
1358,122,1480,0.10328997906484315
1361,120,1481,0.10333884348544484
1357,121,1478,0.10337739328144209
1376,121,1497,0.10342101687810107
1369,125,1494,0.10341912912267912
1370,129,1499,0.1034326757005423
1372,130,1502,0.10344285886526058
1371,127,1498,0.1034477734381746
1360,128,1488,0.10345492926891656
1364,125,1489,0.10348499575493303
1366,129,1495,0.10350355628140133
1363,128,1491,0.10351677444936815
1356,129,1485,0.10353509325705158
1361,125,1486,0.10356700313012639
1376,125,1501,0.10358482984091694
1381,127,1508,0.10356801678099789
1368,126,1494,0.1035412152206749
1371,120,1491,0.10354546997120356
1375,124,1499,0.10354257294760139
1364,128,1492,0.10353133206627295
1362,130,1492,0.10354510155011326
1365,127,1492,0.10356223316802189
1371,124,1495,0.10357115592310576
1359,125,1484,0.10356578137970247
1364,130,1494,0.10358745179762245
1358,130,1488,0.10359614440743296
1357,129,1486,0.10361749712803085
1370,128,1498,0.10363898003228389
1362,130,1492,0.10363048405958551
1367,129,1496,0.10364024918441699
1378,132,1510,0.10363815263654427
1365,132,1497,0.10361262531400162
1350,134,1484,0.1036173903406311
1348,134,1482,0.10365452889019768
1351,135,1486,0.1036926384833993
1361,139,1500,0.10372111945444557
1357,140,1497,0.10372518649685285
1352,139,1491,0.10373794199051228
1363,137,1500,0.10376095745926428
1357,136,1493,0.10375784123986273
1338,136,1474,0.10376858438948934
1353,133,1486,0.10382053726463329
1363,134,1497,0.103835376520372
1352,136,1488,0.10382661334440567
1356,141,1497,0.10384295516553714
1346,142,1488,0.10384969293290376
1355,148,1503,0.10387785068434592
1349,150,1499,0.10388332492697142
1348,149,1497,0.10390166505911722
1336,150,1486,0.10392099150260747
1338,152,1490,0.10396461608023841
1339,154,1493,0.10400066550691417
1334,157,1491,0.10403242142832876
1327,158,1485,0.1040725200461922
1333,161,1494,0.10412420150356805
1323,163,1486,0.10415856619583443
1323,165,1488,0.10421194708618248
1333,168,1501,0.10426151106307951
1331,165,1496,0.10428480881125977
1324,168,1492,0.10431032276980573
1309,167,1476,0.10434917127898632
1307,170,1477,0.10441801291616361
1312,167,1479,0.10448480173091483
1314,167,1481,0.1045355985888474
1313,171,1484,0.1045784745035968
1323,173,1496,0.10461905774398929
1324,173,1497,0.10463485287313404
1322,176,1498,0.10464689942935919
1310,175,1485,0.10466255011507687
1312,177,1489,0.10470370652415922
1320,179,1499,0.10473708864000511
1324,177,1501,0.10474959040404867
1330,180,1510,0.10475187119512636
1326,184,1510,0.10474157742933883
1316,186,1502,0.10474123174147432
1312,186,1498,0.1047635509465675
1314,184,1498,0.10479315981850512
1319,183,1502,0.10481578335076555
1307,183,1490,0.10482490666983196
1311,184,1495,0.10486007999246116
1308,186,1494,0.10488400822188135
1306,187,1493,0.10491253346011398
1317,187,1504,0.10494247369525064
1319,182,1501,0.1049443153427995
1309,181,1490,0.10494188182209882
1320,182,1502,0.10496141228301908
1320,183,1503,0.10495480265264275
1317,183,1500,0.10494900384478013
1315,181,1496,0.10495038573052455
1312,183,1495,0.10495594793101042
1313,184,1497,0.10496711420083742
1323,178,1501,0.10497537344192243
1324,184,1508,0.10496113403574575
1330,182,1512,0.10494622041606004
1334,188,1522,0.10491905984456537
1329,188,1517,0.10488568854808848
1331,188,1519,0.10486646198198929
1326,187,1513,0.10484345944772862
1316,182,1498,0.10483380764809208
1320,184,1504,0.10484793556271217
1319,182,1501,0.10485213707789669
1314,189,1503,0.10485753510382624
1312,190,1502,0.10487365514212733
1299,190,1489,0.10489373634586284
1297,192,1489,0.10494038627580743
1303,193,1496,0.10498842379817731
1308,197,1505,0.10501877383985127
1307,196,1503,0.10503486651418636
1301,197,1498,0.10505130563618714
1295,197,1492,0.10508007014113861
1296,197,1493,0.10511897774928354
1302,194,1496,0.10515302421538424
1304,187,1491,0.1051704717008662
1290,184,1474,0.10518127089112504
1284,189,1473,0.10522216207783956
1292,192,1484,0.10527172575564378
1290,199,1489,0.10529945363225277
1297,198,1495,0.10532926470700175
1302,198,1500,0.1053409852650913
1316,196,1512,0.10534180539191375
1317,198,1515,0.10531197199020621
1317,203,1520,0.10528192664990742
1320,201,1521,0.10525478529764523
1303,202,1505,0.10522411127510893
1305,201,1506,0.1052335058916217
1302,203,1505,0.10523802827762234
1308,204,1512,0.10524843357832733
1305,206,1511,0.10524526439509405
1310,209,1519,0.10524965492999101
1303,208,1511,0.10524265130066322
1295,209,1504,0.10525207778222553
1303,207,1510,0.10527811533381122
1302,208,1510,0.10528404061546265
1292,211,1503,0.1052910790644101
1286,210,1496,0.1053198317301637
1291,210,1501,0.10535869877623215
1287,210,1497,0.10538381946318783
1281,211,1492,0.10541577004459
1287,210,1497,0.10545837866790259
1291,211,1502,0.10548406345121457
1293,209,1502,0.10549820224807678
1300,207,1507,0.10550650402587376
1291,207,1498,0.10549884594193024
1284,207,1491,0.10551225397684785
1289,209,1498,0.10553947945502383
1298,208,1506,0.1055533346032266
1293,208,1501,0.10554616600627295
1304,206,1510,0.10555137327660027
1301,205,1506,0.10553172829353574
1294,210,1504,0.10552078690713014
1286,210,1496,0.10552671193925525
1285,208,1493,0.10554951210722391
1290,207,1497,0.10557164769475555
1298,213,1511,0.10558067878301369
1296,212,1508,0.10557096418239094
1289,210,1499,0.1055669922322301
1285,207,1492,0.10557934601077264
1275,207,1482,0.10559980090197776
1293,208,1501,0.10564135143557031
1290,208,1498,0.10563799769831547
1290,207,1497,0.10564100467885006
1301,210,1511,0.10564486091406783
1304,212,1516,0.105624844173532
1297,214,1511,0.10559963741656705
1294,216,1510,0.10559264168120654
1291,214,1505,0.10559231428594602
1299,215,1514,0.10559944601906235
1291,217,1508,0.1055883403306023
1286,216,1502,0.10559631544562258
1291,217,1508,0.10561528962677688
1289,221,1510,0.10562209423294448
1282,218,1500,0.10563260220474682
1290,222,1512,0.10565742426584158
1285,222,1507,0.10566250197977987
1288,220,1508,0.10567815543979227
1275,223,1498,0.10568630503133615
1282,224,1506,0.10572367161178402
1271,221,1492,0.10574210871336893
1267,223,1490,0.10578294342029519
1263,225,1488,0.10582931512381563
1272,224,1496,0.10588122263372736
1275,225,1500,0.10590929357442323
1272,226,1498,0.10592862109552374
1264,224,1488,0.1059533662501526
1259,219,1478,0.10599328374404383
1264,226,1490,0.10604023976653576
1262,233,1495,0.10607267305491205
1256,232,1488,0.10610668199647343
1249,230,1479,0.10615242482095662
1256,229,1485,0.10620967515021291
1262,227,1489,0.10624655899445802
1266,232,1498,0.1062668346296612
1275,235,1510,0.10627697824484293
1270,243,1513,0.10626624905704612
1263,239,1502,0.10626800004018953
1261,240,1501,0.10628560495743533
1241,241,1482,0.10630629387342268
1252,249,1501,0.10637026163745222
1253,250,1503,0.10640350019220617
1250,247,1497,0.10643207630617185
1251,252,1503,0.10646580541435434
1260,246,1506,0.1064944139513507
1271,245,1516,0.10650027304194552
1270,251,1521,0.10648084117695841
1258,250,1508,0.10646580249734493
1254,254,1508,0.10647795460163056
1260,246,1506,0.10649809984560843
1257,241,1498,0.10650359052377237
1266,243,1509,0.10651468120550402
1265,237,1502,0.10650440859612868
1257,244,1501,0.10649718486157136
1260,247,1507,0.1065084414787001
1266,248,1514,0.10651201019109972
1243,252,1495,0.10650212175753747
1244,252,1496,0.10654394038695683
1246,249,1495,0.10658113629647299
1239,258,1497,0.10661182597204703
1233,262,1495,0.10665629281225712
1238,266,1504,0.10671048817765563
1246,269,1515,0.10674857687821379
1229,264,1493,0.10676608702703842
1221,267,1488,0.10681970857477247
1229,273,1502,0.10688662933204408
1225,273,1498,0.10693076401382012
1222,275,1497,0.10698059587177035
1231,278,1509,0.10703378338115127
1227,280,1507,0.10706297325930364
1232,276,1508,0.10709890673127095
1236,271,1507,0.10712076936830353
1239,269,1508,0.10713190272097278
1241,274,1515,0.10713511136020305
1238,269,1507,0.10713304130268299
1238,273,1511,0.10713729871221328
1235,271,1506,0.1071412595784631
1243,278,1521,0.10715128362784825
1231,283,1514,0.10714179454282452
1218,278,1496,0.10716034428598695
1227,271,1498,0.10720720898595537
1234,273,1507,0.10723110087528259
1232,276,1508,0.10723702586430303
1224,274,1498,0.10724612004008137
1233,272,1505,0.10727183549258633
1237,274,1511,0.10727442001917054
1228,269,1497,0.10726759704033702
1219,275,1494,0.10728166098638875
1224,273,1497,0.10731551366897744
1220,271,1491,0.10733636054603973
1210,274,1484,0.10736490168397053
1203,275,1478,0.10741450826542341
1211,269,1480,0.10747615314413511
1209,278,1487,0.10751454405335423
1217,279,1496,0.10755391389647759
1215,290,1505,0.10757242496320195
1209,292,1501,0.1075945315532703
1217,290,1507,0.10762742294561116
1211,296,1507,0.10763983095797233
1196,298,1494,0.10766533715794377
1201,299,1500,0.10772347431553848
1205,300,1505,0.10776625762936629
1197,308,1505,0.10779730573479604
1192,309,1501,0.10784460490082357
1194,311,1505,0.107900001697551
1197,317,1514,0.10794638629365749
1196,313,1509,0.10798242542809121
1195,317,1512,0.10801807180141403
1193,312,1505,0.10805322003095817
1202,312,1514,0.1080904457665764
1186,318,1504,0.10810633197752299
1182,321,1503,0.10815799808319532
1176,322,1498,0.10821456545084442
1169,329,1498,0.10828008857239649
1174,322,1496,0.10835630853520993
1170,323,1493,0.10841522413536979
1173,332,1505,0.10847815567963615
1176,329,1505,0.10852881615448684
1182,331,1513,0.1085683158832981
1163,329,1492,0.1085910267665372
1163,329,1492,0.10865629609945955
1167,332,1499,0.1087149854738882
1164,329,1493,0.10876017319198708
1169,331,1500,0.1088078603755551
1165,326,1491,0.10884004756239882
1168,326,1494,0.10887946496454727
1157,329,1486,0.10890738427581835
1162,332,1494,0.10895901694560386
1169,336,1505,0.1089957264137518
1160,333,1493,0.10901455332800207
1166,337,1503,0.10905282272983342
1163,342,1505,0.10907510268358923
1164,341,1505,0.10910255191824011
1165,343,1508,0.10912502535064934
1169,348,1517,0.10914480768411047
1159,345,1504,0.10915243551464733
1146,350,1496,0.10918284595736204
1145,342,1487,0.10923967625235197
1150,347,1497,0.10929455351640226
1140,349,1489,0.1093345726662848
1139,354,1493,0.1093947892277149
1131,353,1484,0.10945118942806413
1143,348,1491,0.1095217614985457
1142,349,1491,0.10955925653154294
1145,361,1506,0.10959673672031695
1137,362,1499,0.1096246878183519
1135,362,1497,0.10966766984107139
1135,358,1493,0.10971179393150876
1132,357,1489,0.10975494761133849
1130,366,1496,0.10980119033335942
1140,368,1508,0.1098477625329788
1140,371,1511,0.10986978803004309
1146,372,1518,0.10989011825420059
1139,367,1506,0.10989497801974325
1129,373,1502,0.10991673901272576
1148,380,1528,0.10996050848247257
1146,378,1524,0.10995678529584037
1124,383,1507,0.1099586124926832
1123,380,1503,0.11001047478262205
1123,377,1500,0.11005960591239912
1122,379,1501,0.11010424237287715
1122,373,1495,0.1101479972724419
1122,382,1504,0.11018707389916482
1127,388,1515,0.11022247669620523
1119,393,1512,0.11024388072085894
1114,400,1514,0.1102822945945444
1103,398,1501,0.11032839358779656
1111,403,1514,0.11039669902163393
1123,405,1528,0.11044074557226848
1122,408,1530,0.11045576330318667
1109,407,1516,0.11047174091780483
1105,416,1521,0.11051721012417794
1092,410,1502,0.11056885433856233
1079,411,1490,0.1106478728985102
1087,407,1494,0.11075137552489007
1085,409,1494,0.11082820747491788
1089,414,1503,0.11090477709701176
1096,411,1507,0.11096534563075036
1088,425,1513,0.11100468231715432
1092,429,1521,0.11105869687990053
1081,435,1516,0.11109897545487239
1081,431,1512,0.11116211218468418
1077,423,1500,0.1112192851449889
1073,427,1500,0.11128209428100537
1074,427,1501,0.11134993440090386
1075,433,1508,0.11140955706843311
1069,433,1502,0.1114623450249124
1078,433,1511,0.11152493875519934
1073,438,1511,0.1115621384834064
1073,441,1514,0.11160945207299637
1065,442,1507,0.11165352955909168
1057,444,1501,0.11171250622273941
1051,440,1491,0.1117856197618195
1059,434,1493,0.11186694914630887
1062,439,1501,0.11192319239318263
1058,440,1498,0.11196850122203983
1045,446,1491,0.1120206315702265
1038,453,1491,0.11209954368390453
1051,448,1499,0.11218899754768477
1042,446,1488,0.11224077539581191
1052,447,1499,0.11230841434095153
1038,446,1484,0.11234771490948528
1039,450,1489,0.11241498840476925
1042,453,1495,0.11247571087914394
1027,459,1486,0.11252494689252429
1025,463,1488,0.11260538560408677
1028,459,1487,0.11268428193002691
1041,453,1494,0.11275020834535664
1047,455,1502,0.11278125917407683
1047,455,1502,0.11279603579958777
1042,461,1503,0.1128101094187328
1044,457,1501,0.11283360667549029
1029,460,1489,0.11285005714192085
1044,462,1506,0.1129007791881058
1055,459,1514,0.11291222158223058
1067,456,1523,0.11289618112379579
1060,456,1516,0.11285523621461309
1061,457,1518,0.11283385955292431
1061,453,1514,0.11281008933530723
1055,456,1511,0.11278761547975961
1051,455,1506,0.11278194575562399
1042,466,1508,0.11278662261822309
1046,457,1503,0.11281140737071425
1044,452,1496,0.11282562608202688
1051,456,1507,0.1128442397682298
1039,461,1500,0.1128439543446643
1039,460,1499,0.11287038321232327
1040,472,1512,0.11289705075088637
1029,465,1494,0.11291916164988862
1031,471,1502,0.11296580912208139
1007,472,1479,0.11300516871811528
1009,471,1480,0.1130975129280126
1017,467,1484,0.1131758933294826
1018,472,1490,0.11322851700587443
1020,476,1496,0.11327601151396749
1019,480,1499,0.11331641514002173
1032,483,1515,0.11335693233618294
1024,479,1503,0.1133641769690944
1028,481,1509,0.11338937918578827
1028,484,1512,0.11340261458866036
1015,482,1497,0.1134144233787702
1007,484,1491,0.11345577997846414
1008,488,1496,0.11351171295234615
1016,484,1500,0.1135616049500494
1018,487,1505,0.11358803442292671
1016,478,1494,0.11360670250241338
1028,474,1502,0.11362786955218654
1030,473,1503,0.11361917619834376
1026,476,1502,0.11360547457978566
1024,478,1502,0.11360189544511534
1011,477,1488,0.11360414810606771
1007,486,1493,0.11363649806214245
1000,479,1479,0.1136753408320148
994,484,1478,0.11372865323801527
1012,484,1496,0.11379296229290847
1019,487,1506,0.1138101855599632
1011,493,1504,0.11381011224731269
1005,488,1493,0.11383006768257845
997,486,1483,0.113861868187875
999,492,1491,0.1139101392545081
997,488,1485,0.1139515263328796
1002,491,1493,0.11399357882780425
992,495,1487,0.11402110843019714
1006,488,1494,0.1140701237181013
1010,479,1489,0.11408134369442617
1015,486,1501,0.11408406258689492
1013,487,1500,0.11407430514618674
1005,485,1490,0.11406980595894044
1003,480,1483,0.11408352435096233
1012,472,1484,0.11410019275785566
1005,482,1487,0.11409492515427636
1007,490,1497,0.1141071212033729
998,502,1500,0.11411383303059061
1004,503,1507,0.11413942850117398
997,495,1492,0.11415061383274182
1007,495,1502,0.1141755185909015
999,499,1498,0.11417610247210692
998,496,1494,0.11419517168159586
1004,505,1509,0.11421544498978706
997,501,1498,0.11422051636637955
1001,498,1499,0.11424171322334287
1003,495,1498,0.11425071506443096
999,491,1490,0.11425354134186869
1005,497,1502,0.11426711329280273
1013,494,1507,0.11426464125768454
1005,496,1501,0.11424396659889478
1004,496,1500,0.11424444351168883
1003,495,1498,0.11424801795717204
1014,499,1513,0.11425196284122965
1014,502,1516,0.11423050766991441
1010,498,1508,0.11421243580396943
1013,505,1518,0.11420534935299485
1003,505,1508,0.11419163907738782
1005,499,1504,0.11420308153372657
994,513,1507,0.11420962288521215
1000,516,1516,0.11424104221599052
1001,514,1515,0.11425664366817628
1006,511,1517,0.11426812121995754
1000,516,1516,0.11426699667278005
997,516,1513,0.11428067390126571
989,515,1504,0.1143005281992594
983,518,1501,0.11433843886045636
984,519,1503,0.11438709886958184
979,521,1500,0.11442913808847203
972,517,1489,0.11448118593042954
973,528,1501,0.11454717792855795
976,522,1498,0.114604936140678
990,527,1517,0.11465173479434132
999,516,1515,0.11466331457160424
996,515,1511,0.11465265378620665
983,520,1503,0.11465053900821974
986,523,1509,0.11467924428576083
982,515,1497,0.11469898998027336
974,512,1486,0.1147246501299523
970,514,1484,0.11476700688756747
970,523,1493,0.11481577556392111
970,525,1495,0.11486160410749718
974,516,1490,0.11490201214279754
984,533,1517,0.11493021149244659
979,538,1517,0.11493294151417512
966,532,1498,0.1149468397034727
963,535,1498,0.11499109022426421
962,523,1485,0.1150386712399526
967,521,1488,0.11508444094813523
977,530,1507,0.11511493968040294
975,528,1503,0.11511936222751022
989,525,1514,0.11512816408404195
967,516,1483,0.11510264826600423
968,520,1488,0.11513262186931458
976,529,1505,0.11515922238282122
967,536,1503,0.11516520117397647
963,540,1503,0.1151911490094814
975,541,1516,0.11522558056371861
976,539,1515,0.11522790584303938
977,535,1512,0.1152285793412392
966,529,1495,0.11522695137651467
953,539,1492,0.11525114110280014
965,542,1507,0.11530318845073793
965,539,1504,0.1153238562218295
963,544,1507,0.11534195825040246
960,545,1505,0.11536260751632144
950,551,1501,0.11538895163041867
954,555,1509,0.11543816194293102
957,556,1513,0.11547415627158784
951,555,1506,0.11550129298719745
950,566,1516,0.11553993423944309
947,570,1517,0.11557972964503187
937,571,1508,0.1156237369108187
940,573,1513,0.11568737109992862
934,575,1509,0.11573972817653026
935,568,1503,0.11580390294308618
934,557,1491,0.11585955696307337
931,561,1492,0.11591290520011933
940,566,1506,0.1159673588869608
935,564,1499,0.115997062025037
939,574,1513,0.11603648664486636
935,577,1512,0.11606406035867771
925,577,1502,0.11610082290131907
919,579,1498,0.11615932460520088
924,592,1516,0.11622705618061904
918,582,1500,0.11627786503108861
915,579,1494,0.11634016019208132
914,584,1498,0.11640661508803954
902,590,1492,0.1164707179986639
897,596,1493,0.11655827395414825
894,590,1484,0.11665010899150063
889,596,1485,0.11674297413383304
893,601,1494,0.11684038888817494
899,600,1499,0.11692186289663278
902,595,1497,0.11698410509652664
895,595,1490,0.11703427680305628
877,604,1481,0.11709921090740551
879,601,1480,0.11720160149905294
872,612,1484,0.11729189228932829
868,623,1491,0.11739157178822951
879,619,1498,0.11749326536012966
870,623,1493,0.117561518059832
871,613,1484,0.11764787969666188
863,611,1474,0.1177265174212097
857,614,1471,0.11781809714141624
853,623,1476,0.11791587421058715
853,625,1478,0.11801452428352091
862,626,1488,0.11810641387875535
866,636,1502,0.11817002818664751
860,638,1498,0.11821853450797822
870,633,1503,0.11827924524998473
872,631,1503,0.11831111567551143
877,629,1506,0.1183336835192228
880,619,1499,0.11834150256968583
873,618,1491,0.11834107855215865
876,628,1504,0.11835859092571262
890,634,1524,0.11836637989947069
886,636,1522,0.11834139338588576
881,636,1517,0.11832840448615378
866,643,1509,0.11832973211983167
870,649,1519,0.11836705552910676
863,651,1514,0.11839148561602145
859,656,1515,0.11843170448897418
850,655,1505,0.11847827831860805
862,647,1509,0.11854202003655749
858,642,1500,0.1185719692927953
856,645,1501,0.11860900989814535
853,655,1508,0.11865015096483464
857,649,1506,0.1186949773217599
863,654,1517,0.1187269563022053
859,665,1524,0.11874200784432606
853,655,1508,0.11876726801969914
844,659,1503,0.11880439565205342
852,649,1501,0.11885882403455422
851,658,1509,0.1188892009549853
848,661,1509,0.11892100021986392
861,666,1527,0.11895829129339482
856,665,1521,0.11896170673995161
862,660,1522,0.11897831549680978
860,656,1516,0.11898028143503626
856,656,1512,0.11898640743358092
857,665,1522,0.11900147588598398
847,659,1506,0.11901184272870038
855,654,1509,0.11904526314476546
858,647,1505,0.11905835840179008
858,656,1514,0.11906316066769364
846,654,1500,0.11906727799071815
846,650,1496,0.11910027609963951
844,662,1506,0.11913128409695738
849,651,1500,0.11916388922891198
834,661,1495,0.1191838506533297
842,657,1499,0.11923829947565767
843,662,1505,0.1192691888246026
832,672,1504,0.11929631778956012
840,668,1508,0.11934769263333958
839,672,1511,0.1193759100547771
839,668,1507,0.11940463308919323
836,662,1498,0.1194300135727197
827,658,1485,0.1194611516580104
821,671,1492,0.11951225719135067
823,673,1496,0.11957506124985427
816,677,1493,0.11962895629837245
825,684,1509,0.11969517394065857
824,687,1511,0.1197326943820336
813,679,1492,0.11976965561246226
820,683,1503,0.11983210566463282
815,693,1508,0.11987413952116559
826,696,1522,0.11992585961832916
816,698,1514,0.11994759875673328
808,701,1509,0.11999195988483706
809,699,1508,0.12005328755483678
822,708,1530,0.12010898386243599
810,706,1516,0.12013091442605817
811,706,1517,0.1201800873582485
807,711,1518,0.12022494494068617
809,710,1519,0.12027615913230175
794,705,1499,0.12031853016399605
794,713,1507,0.1203934715346832
790,713,1503,0.1204631101389118
793,713,1506,0.1205369951101981
792,701,1493,0.12059696584455466
798,700,1498,0.12065485611107009
795,706,1501,0.12069406645399114
787,696,1483,0.12073781771269491
793,706,1499,0.12079941898915092
800,704,1504,0.12084135467856015
798,702,1500,0.12086366082211107
799,701,1500,0.12088855876395996
807,702,1509,0.12090839862974065
806,706,1512,0.1209066132413772
797,710,1507,0.12090908997076767
799,725,1524,0.12093420782463302
803,729,1532,0.12095096299224041
790,717,1507,0.12095674782332537
784,724,1508,0.12099429013280581
782,721,1503,0.12104502711589005
784,717,1501,0.12109779746288414
781,716,1497,0.1211422660497379
791,712,1503,0.12118974315153185
789,713,1502,0.12120743498394715
787,710,1497,0.12122941519761021
800,717,1517,0.12125360925195344
791,717,1508,0.12124432103433377
793,722,1515,0.12125698223710028
797,716,1513,0.12126596908602365
803,712,1515,0.12126546952329133
806,705,1511,0.1212516906237774
797,687,1484,0.12123196043297778
783,700,1483,0.12123581702866666
793,716,1509,0.12127341549814402
793,723,1516,0.12128372716284318
779,720,1499,0.12129453167127491
773,728,1501,0.12134001330919218
779,722,1501,0.12139732658933791
774,724,1498,0.12143615250618726
768,725,1493,0.12148475399828866
768,729,1497,0.12154396843882921
760,727,1487,0.12159931219612627
756,735,1491,0.12167037759655021
757,732,1489,0.12174405039127575
758,733,1491,0.1218093877537639
774,731,1505,0.12186629595313779
774,742,1516,0.12188015577206662
769,746,1515,0.1218930431570029
764,748,1512,0.12191990027433747
757,741,1498,0.12195662980358592
760,745,1505,0.1220080187799584
764,743,1507,0.12204875617195665
762,744,1506,0.12207635711449347
756,752,1508,0.1221081203586912
752,743,1495,0.12215262565084664
743,739,1482,0.12220279536983089
751,734,1485,0.12226991826332355
746,752,1498,0.12231371103734652
747,750,1497,0.12236651423210577
749,737,1486,0.12241241996392947
747,753,1500,0.12245089185904007
750,745,1495,0.12249139111617241
745,754,1499,0.12252314224802681
746,748,1494,0.12256346582110654
747,747,1494,0.12259977632199665
754,758,1512,0.12263056444208333
743,762,1505,0.12264183323845071
741,756,1497,0.12268097692138523
748,759,1507,0.12272081939943906
739,764,1503,0.12274054843761753
748,769,1517,0.1227813529881506
749,774,1523,0.12279755439725797
746,773,1519,0.12280987244429926
740,765,1505,0.12282799777645632
727,776,1503,0.12285986343194821
724,768,1492,0.12292204254791937
725,769,1494,0.12298639949573914
729,778,1507,0.12304226604959075
734,775,1509,0.12308424944040146
730,771,1501,0.12311146795090262
721,777,1498,0.1231463804989705
717,780,1497,0.12320272617770252
721,785,1506,0.12326566073263709
714,790,1504,0.1233136493337006
718,785,1503,0.12337576452078049
727,782,1509,0.12342180969148106
721,783,1504,0.12343950749561497
726,788,1514,0.1234713570595256
728,785,1513,0.1234875842034534
724,789,1513,0.1234986729214092
723,786,1509,0.12351898368518616
709,788,1497,0.12354135537278657
704,788,1492,0.12359616863118152
701,792,1493,0.1236591790868753
698,793,1491,0.12372516548336471
705,795,1500,0.12379382774950376
715,794,1509,0.12384125750283058
710,793,1503,0.1238583642061339
717,801,1518,0.12388763808633435
718,798,1516,0.1238964876405131
716,793,1509,0.1239041535511575
706,806,1512,0.1239147046927453
706,806,1512,0.12395204221248962
703,803,1506,0.12398678723652738
699,805,1504,0.12402548806708104
694,799,1493,0.12407121231166876
695,814,1509,0.12412617105346363
690,811,1501,0.12417457665926637
683,815,1498,0.12423111476757116
678,811,1489,0.12430010402749626
670,813,1483,0.12437637259448465
685,818,1503,0.12446778017953865
678,822,1500,0.12451509101974186
678,825,1503,0.12457562116957074
677,834,1511,0.12463134376359773
672,838,1510,0.12468546105851376
675,831,1506,0.1247483546093818
670,834,1504,0.1248009551125448
674,832,1506,0.12486154031845846
682,827,1509,0.12490784866940575
677,827,1504,0.12493004201853632
672,827,1499,0.1249649965763653
668,845,1513,0.12501017982941176
659,838,1497,0.12506139581790884
659,843,1502,0.12513190658588563
660,839,1499,0.12519719787696157
667,842,1509,0.12525517796395305
653,846,1499,0.1252901691505813
652,850,1502,0.12535967681133128
642,850,1492,0.12542625480572298
645,852,1497,0.1255111908642308
637,847,1484,0.12558295468676808
641,851,1492,0.12566822122881144
645,855,1500,0.12573868843344008
648,864,1512,0.1257944907205004
650,870,1520,0.12583753236014072
645,868,1513,0.12587291488972732
656,860,1516,0.12591848928392116
647,861,1508,0.12593212419912417
649,860,1509,0.12596676523017147
654,855,1509,0.12599441130162511
655,851,1506,0.1260049105400433
662,848,1510,0.12601320918488304
661,848,1509,0.12600256402523516
652,842,1494,0.12599541381438648
650,846,1496,0.12601082095701066
655,847,1502,0.12602945060237736
658,863,1521,0.12603469649964097
653,858,1511,0.12603341561989062
650,857,1507,0.12604530349346843
642,867,1509,0.12606463594706527
633,873,1506,0.12610435215485147
633,873,1506,0.12616526514352697
634,875,1509,0.12622010375397955
639,866,1505,0.1262694391607527
636,871,1507,0.12630431656253283
636,873,1509,0.12634622635661816
625,863,1488,0.12638435574078855
628,862,1490,0.1264470737738031
634,866,1500,0.12649821854784457
625,860,1485,0.1265308027999068
618,877,1495,0.12658493555408545
615,878,1493,0.12665044720141616
608,876,1484,0.12671931501822783
619,882,1501,0.12680142416644272
613,888,1501,0.12684901003939372
613,890,1503,0.12690887867658046
605,887,1492,0.12696764326204732
616,877,1493,0.1270411265487178
616,888,1504,0.12708243593321528
614,885,1499,0.12712023739224163
608,886,1494,0.12715936898571079
601,901,1502,0.12721163760449866
613,904,1517,0.1272773340615967
620,893,1513,0.12730754912347472
619,898,1517,0.12731888994301283
619,898,1517,0.127332782286106
623,900,1523,0.12734684385167536
620,902,1522,0.12735021762455748
623,903,1526,0.12736221738237244
619,902,1521,0.12736579926624236
620,902,1522,0.12737893365652408
617,893,1510,0.12738912983608908
623,889,1512,0.1274054733926911
623,893,1516,0.1274036056225703
623,887,1510,0.12740267679430417
620,885,1505,0.12740111855845693
618,878,1496,0.12740712317653016
617,884,1501,0.127415916688966
621,886,1507,0.12742678747427738
612,890,1502,0.12742852830479104
612,884,1496,0.12745450155773191
612,877,1489,0.12748017942158782
614,886,1500,0.12750240670960988
619,892,1511,0.1275183733695997
616,891,1507,0.12752080934838456
617,898,1515,0.12753099774950497
615,899,1514,0.1275387020193572
611,896,1507,0.12755249506755192
610,902,1512,0.12757580371585323
604,900,1504,0.1276011171356485
602,888,1490,0.12763942323141145
607,888,1495,0.12768068572490457
609,890,1499,0.12770728504288623
607,893,1500,0.1277267243087871
597,894,1491,0.12774859039478023
600,901,1501,0.12779586488430258
607,902,1509,0.12783151014006017
609,905,1514,0.12784783113387652
609,907,1516,0.12785905248966511
602,904,1506,0.12787112511491838
600,908,1508,0.12790183454656662
597,922,1519,0.12793618707105364
590,930,1520,0.12797595168789322
589,930,1519,0.12802858105694923
587,934,1521,0.128079504132781
579,934,1513,0.12813246940378906
574,917,1491,0.12820143867805484
577,924,1501,0.12827984154196506
576,924,1500,0.12834383154998721
571,937,1508,0.1284062908204622
577,938,1515,0.12847677592731283
572,944,1516,0.12852615494220437
571,945,1516,0.12858606097537698
573,944,1517,0.12864460964076088
563,950,1513,0.12869233250798
557,951,1508,0.1287614497363953
548,957,1505,0.12884239841391823
539,957,1496,0.12894247650237742
540,970,1510,0.12905780182440535
542,970,1512,0.12916240253371591
545,977,1522,0.12925350938206986
539,963,1502,0.12933071282031713
541,973,1514,0.12941674170523312
542,972,1514,0.1294912236881128
546,977,1523,0.12955843892174307
539,973,1512,0.12961159450817034
539,972,1511,0.12968003545444373
534,976,1510,0.1297447552970708
530,986,1516,0.12981778056613266
523,981,1504,0.12989529478979545
526,990,1516,0.1299854959012852
530,979,1509,0.13005963378612967
537,983,1520,0.1301166969743859
538,975,1513,0.13015170120877453
532,960,1492,0.130184074653829
534,975,1509,0.13023062388894716
534,981,1515,0.13026831566714825
526,977,1503,0.13030443726905225
520,979,1499,0.1303611139028371
514,980,1494,0.1304290275260123
511,991,1502,0.1305081794723412
507,997,1504,0.13058958861260875
505,992,1497,0.1306754642431545
506,995,1501,0.13076175671681972
498,999,1497,0.13083920620669584
502,1011,1513,0.13093139542301355
506,1018,1524,0.1310059097924842
507,1009,1516,0.13106394263602902
496,1002,1498,0.13111540913388167
498,1006,1504,0.13119182750844283
500,996,1496,0.1312595374465779
508,995,1503,0.1313184529190404
505,996,1501,0.1313521122091359
505,990,1495,0.1313906986613191
513,994,1507,0.13142684362423393
523,1002,1525,0.1314395643641661
520,992,1512,0.13142425639563518
515,989,1504,0.13141867964516446
518,984,1502,0.1314270386428318
518,986,1504,0.13142797202129866
514,987,1501,0.13142808996687974
510,990,1500,0.13143900231939523
509,988,1497,0.13146049914268648
504,987,1491,0.1314851122504121
504,983,1487,0.13151887184792332
509,999,1508,0.13155045557154732
507,995,1502,0.13156786991271796
507,1000,1507,0.13158920082491415
510,999,1509,0.13160699693028413
500,1008,1508,0.13161509693794787
500,1006,1506,0.1316503000375707
503,1001,1504,0.13168143286774037
499,1016,1515,0.13170156378245138
503,1009,1512,0.1317309094753321
500,998,1498,0.13174872207442567
491,990,1481,0.13177095033677322
498,991,1489,0.13181344085164293
500,999,1499,0.13183462722763725
502,1008,1510,0.13184807369016546
502,1018,1520,0.13185580859216783
500,1012,1512,0.13186320138247246
495,1015,1510,0.13187570196481524
501,1018,1519,0.13190202641473323
497,1015,1512,0.131910606630138
494,1019,1513,0.13192895518037312
496,1018,1514,0.13195397184580368
487,1014,1501,0.13197420002450067
492,1010,1502,0.1320165479074641
489,1013,1502,0.13204187866426165
489,1024,1513,0.13207345243387011
490,1039,1529,0.13210389894500107
490,1029,1519,0.13212932866831356
482,1035,1517,0.1321542249690508
486,1029,1515,0.1321983838532128
482,1024,1506,0.13222939576851928
480,1023,1503,0.13227028880412672
483,1034,1517,0.1323144808858817
485,1030,1515,0.13234691000032917
490,1014,1504,0.13237258237733063
484,1028,1512,0.132383558786888
485,1034,1519,0.1324106177627245
484,1034,1518,0.13243290783167194
483,1029,1512,0.1324548635571262
483,1022,1505,0.1324780241717308
482,1019,1501,0.13249972302947582
479,1022,1501,0.1325207835266011
484,1019,1503,0.1325486542976848
474,1020,1494,0.13256189026092538
475,1017,1492,0.13259953979194605
474,1027,1501,0.1326309659117939
467,1031,1498,0.13266316855899887
472,1028,1500,0.13271176382943534
477,1039,1516,0.13274246806804763
475,1037,1512,0.13275863278051056
473,1034,1507,0.13277960697762617
472,1050,1522,0.13280398234891416
470,1046,1516,0.1328289930873514
472,1040,1512,0.13285767354749076
470,1038,1508,0.13287916925013263
483,1030,1513,0.13290430024133443
483,1026,1509,0.1328952559150142
474,1020,1494,0.13288729956062809
473,1024,1497,0.1329031760209841
471,1032,1503,0.13292104197427576
468,1039,1507,0.1329444542703073
473,1039,1512,0.13297435880929573
466,1043,1509,0.13298829114339697
462,1043,1505,0.13301918286258105
461,1040,1501,0.1330583605526035
466,1029,1495,0.13309745679215157
471,1034,1505,0.13312255343677365
477,1035,1512,0.13313285726712426
474,1037,1511,0.13312779421734267
475,1038,1513,0.13313205342586215
474,1046,1520,0.13313195815067963
476,1052,1528,0.13313512327246327
479,1054,1533,0.13313223367704005
478,1033,1511,0.13312145348463614
472,1046,1518,0.1331123684478348
467,1038,1505,0.13312265080508678
466,1040,1506,0.13314763794368692
461,1046,1507,0.13317307524501856
469,1045,1514,0.13321091842160912
467,1045,1512,0.13322539409879156
468,1039,1507,0.1332436880225049
464,1050,1514,0.13325642386127434
460,1040,1500,0.13327891605481554
456,1042,1498,0.13331181137489354
460,1047,1507,0.13335312187769316
458,1051,1509,0.13338017248282832
464,1052,1516,0.13340978677410642
464,1050,1514,0.13342144096764824
465,1055,1520,0.1334319762918817
462,1056,1518,0.13344065988729573
459,1056,1515,0.13345622295524984
454,1065,1519,0.13347721645117488
455,1062,1517,0.1335113648616927
454,1059,1513,0.1335409126403764
455,1057,1512,0.13357136686899387
455,1066,1521,0.13359520407620695
456,1065,1521,0.13361713703923972
451,1058,1509,0.13363735731358412
453,1049,1502,0.13367030802339117
451,1057,1508,0.13369441784890942
458,1058,1516,0.13372050418755235
458,1055,1513,0.1337262917945597
453,1060,1513,0.1337312529613258
448,1063,1511,0.1337511811036125
445,1068,1513,0.13378335920033466
441,1067,1508,0.1338205144390993
445,1057,1502,0.13386776311654117
446,1055,1501,0.13390210448897363
444,1063,1507,0.13392763804733832
444,1056,1500,0.13395733285307265
455,1062,1517,0.1339847727651681
450,1059,1509,0.13398141819036635
450,1062,1512,0.13399106648385042
456,1057,1513,0.133999214267438
456,1059,1515,0.1339915384620663
452,1061,1513,0.13398548145050504
449,1060,1509,0.13399027421801837
449,1051,1500,0.134003726630196
454,1061,1515,0.1340151050852006
449,1062,1511,0.1340121671794063
451,1069,1520,0.13402262412582938
450,1071,1521,0.13402593189720918
441,1075,1516,0.13403322381919966
441,1079,1520,0.13406448144962524
436,1082,1518,0.13409280114116634
435,1080,1515,0.1341309169747091
430,1077,1507,0.13417006216198452
431,1070,1501,0.13421905636787915
433,1072,1505,0.13426241465839583
432,1072,1504,0.13429620287313335
438,1062,1500,0.13432944667089902
438,1065,1503,0.13434519373360726
439,1066,1505,0.1343588582167445
440,1072,1512,0.13436690433647777
444,1059,1503,0.13437290353901002
452,1047,1499,0.13436785567992313
454,1049,1503,0.13434099629616855
452,1045,1497,0.13431006165639875
454,1050,1504,0.13428533583779248
447,1057,1504,0.13425729648549886
441,1066,1507,0.13424916623536473
442,1073,1515,0.1342591756940088
443,1068,1511,0.1342656214180267
433,1069,1502,0.1342692985979367
430,1065,1495,0.1343007418385688
430,1072,1502,0.1343378807745453
437,1075,1512,0.1343730077729637
434,1076,1510,0.13438578488643305
431,1071,1502,0.1344051145317372
439,1079,1518,0.13443112214415742
436,1078,1514,0.13443447420146856
441,1074,1515,0.13444583444395172
439,1078,1517,0.13444334282486842
433,1084,1517,0.1344459443961052
445,1080,1525,0.1344643103339019
449,1077,1526,0.134450042455743
449,1075,1524,0.13442498382608
444,1074,1518,0.13440089788045914
442,1062,1504,0.13439271062821134
437,1067,1504,0.134391863836686
441,1083,1524,0.13440443853004994
436,1090,1526,0.13440642224320393
426,1086,1512,0.13442092543645187
427,1089,1516,0.13446116670375485
424,1091,1515,0.1344955382838734
426,1091,1517,0.13453800651671957
420,1097,1517,0.13457218455614434
416,1100,1516,0.13462046736619754
422,1093,1515,0.1346753892122643
410,1093,1503,0.13471092096655388
413,1094,1507,0.13477717239716822
407,1096,1503,0.13483180115533183
401,1107,1508,0.1349016653097316
397,1113,1510,0.1349837817493821
390,1117,1507,0.13507138828617493
387,1130,1517,0.13517052694609935
390,1127,1517,0.13527118273033817
391,1116,1507,0.13535517136861852
395,1115,1510,0.13543004080184334
399,1126,1525,0.13548943829596938
399,1120,1519,0.1355363966221685
405,1111,1516,0.13558028232895644
401,1101,1502,0.13560460141874514
397,1111,1508,0.13563854715704157
405,1114,1519,0.13568135199272777
407,1113,1520,0.13569965965491004
408,1114,1522,0.13570983620500512
412,1106,1518,0.13571530423913555
409,1108,1517,0.1357111820725806
412,1121,1533,0.1357156796391561
412,1106,1518,0.1357105858660774
410,1107,1517,0.1357058428970634
413,1100,1513,0.13570789142746809
413,1114,1527,0.13570256408864925
410,1109,1519,0.13569803163156027
406,1106,1512,0.1357005965814747
399,1106,1505,0.13571441795642328
395,1118,1513,0.1357474789086911
391,1126,1517,0.13578692490300714
391,1114,1505,0.13583754169358478
392,1123,1515,0.13588558925784683
388,1125,1513,0.13592704843215808
383,1136,1519,0.13597688650010742
389,1133,1522,0.13603775043018257
385,1129,1514,0.1360792735483237
382,1123,1505,0.13612876787735265
379,1132,1511,0.13618312817295578
381,1126,1507,0.13624130433105272
376,1132,1508,0.1362901567765818
374,1131,1505,0.1363482385994163
376,1130,1506,0.13640756738820334
374,1137,1511,0.13645813658710193
372,1138,1510,0.136511422444417
372,1136,1508,0.13656661031853987
370,1158,1528,0.13661896487554087
366,1149,1515,0.13667698796015537
359,1147,1506,0.13674343930068186
360,1146,1506,0.1368231585544222
362,1158,1520,0.1368955443813385
362,1147,1509,0.13695837989019158
360,1149,1509,0.13701653528827662
349,1162,1511,0.13707686461870192
349,1164,1513,0.1371629604849086
348,1166,1514,0.13724349829189222
349,1157,1506,0.1373221614627395
348,1152,1500,0.1373923507603063
344,1153,1497,0.13746159599168092
347,1154,1501,0.13753444114689148
345,1154,1499,0.13759506453631073
349,1154,1503,0.13765814529580958
343,1162,1505,0.13770586111225655
350,1159,1509,0.13776694811245552
349,1156,1505,0.13780561801087923
350,1161,1511,0.13784383989312754
348,1168,1516,0.13787626228873737
347,1163,1510,0.13791238975419026
353,1162,1515,0.13794886330022121
353,1158,1511,0.13796672029896062
358,1158,1516,0.1379822577706976
358,1147,1505,0.13798318878115162
359,1141,1500,0.1379833206696994
360,1148,1508,0.13797953425180837
355,1160,1515,0.13797229119153337
362,1155,1517,0.1379800241897004
357,1156,1513,0.13796883976405708
350,1153,1503,0.13797212458408756
345,1164,1509,0.13799425020261516
348,1165,1513,0.13802661409327668
339,1161,1500,0.13804911601953399
344,1154,1498,0.13809379104894728
339,1166,1505,0.13812312218376144
341,1175,1516,0.1381644658985567
345,1177,1522,0.13819705185574965
339,1175,1514,0.13821810835474863
336,1169,1505,0.13825345185943724
331,1159,1490,0.13829544468131247
333,1172,1505,0.1383492183649372
327,1177,1504,0.13839292601756345
325,1182,1507,0.13844957256351556
331,1186,1517,0.1385062572521051
322,1193,1515,0.13854279960645258
323,1197,1520,0.13860241218551417
325,1194,1519,0.1386556913033373
318,1208,1526,0.13870010681521616
318,1190,1508,0.13876154607171012
316,1192,1508,0.13881746018781374
317,1184,1501,0.13887541504450396
314,1197,1511,0.1389280428849901
307,1206,1513,0.1389855559237823
309,1205,1514,0.13905875919792135
310,1206,1516,0.13912241380415058
311,1198,1509,0.13917997216914244
313,1187,1500,0.13923027646491215
309,1205,1514,0.1392724291234331
311,1201,1512,0.13932197733797183
307,1204,1511,0.13936365369185427
305,1186,1491,0.13941150497601096
312,1195,1507,0.13946272438330357
309,1198,1507,0.1394910720746427
305,1199,1504,0.13952442742716975
306,1205,1511,0.13956582798785025
305,1208,1513,0.13960387423551684
303,1210,1513,0.13964245076552764
302,1209,1511,0.13968529234094407
310,1214,1524,0.13972716734250248
310,1205,1515,0.13974381882259873
312,1216,1528,0.13975879463855376
312,1225,1537,0.13976718643257868
308,1209,1517,0.13977632941770265
309,1199,1508,0.13979658567297226
306,1191,1497,0.13981145224148517
307,1199,1506,0.1398337288688553
312,1214,1526,0.13985118368996277
307,1216,1523,0.1398534276140328
300,1216,1516,0.13986987635910894
293,1217,1510,0.13990601224481924
304,1208,1512,0.13995740698716003
305,1198,1503,0.13997699255020726
309,1187,1496,0.13999269095861502
315,1183,1498,0.13999714407924482
312,1189,1501,0.13998563833733063
306,1194,1500,0.13998316706723699
318,1193,1511,0.13999562316544897
311,1198,1509,0.13997492402335046
307,1203,1510,0.13997322777224344
307,1209,1516,0.13998258460238572
303,1207,1510,0.13999133808339395
304,1190,1494,0.14001097397388787
307,1206,1513,0.14002673854360836
303,1200,1503,0.1400345424168557
306,1204,1510,0.14005059248114318
301,1197,1498,0.14005842237139976
300,1205,1505,0.14007868618477873
298,1205,1503,0.14009938262013655
294,1206,1500,0.140123768023497
296,1194,1490,0.14015680585537726
298,1198,1496,0.14018136568911263
301,1206,1507,0.1401997086608146
297,1213,1510,0.1402101597624134
297,1213,1510,0.140232343856669
289,1208,1497,0.14025361127874664
294,1202,1496,0.14029488153105962
288,1223,1511,0.1403222263271864
295,1222,1517,0.14036267091053187
291,1216,1507,0.1403815335505625
283,1221,1504,0.14040946408421204
289,1226,1515,0.14045731807484216
283,1226,1509,0.14048550091747206
284,1221,1505,0.14052985899888856
290,1237,1527,0.1405695030970675
290,1222,1512,0.14059085143902816
288,1224,1512,0.14060934798503752
285,1223,1508,0.14063214022717196
280,1226,1506,0.140660301121772
288,1233,1521,0.14070016283397715
290,1231,1521,0.1407140161894518
295,1230,1525,0.14072112229941283
293,1226,1519,0.14071684528102732
297,1228,1525,0.14071609129859827
297,1232,1529,0.1407059633354523
296,1226,1522,0.14069704247155695
299,1241,1540,0.14069182027880456
297,1234,1531,0.1406785983584982
297,1230,1527,0.14067201380071162
301,1219,1520,0.1406650577540696
300,1218,1518,0.1406471948752875
292,1221,1513,0.140633635060271
291,1223,1514,0.14064250259197297
296,1229,1525,0.14065209656210653
297,1231,1528,0.14064800956175447
306,1216,1522,0.14064049519134247
304,1209,1513,0.14061035285659126
301,1215,1516,0.14058747946114314
292,1223,1515,0.1405754443191562
294,1221,1515,0.14058884294756616
295,1224,1519,0.14059585534171468
293,1220,1513,0.14059856609772123
291,1205,1496,0.14060623501132632
289,1228,1517,0.14061832864896506
296,1235,1531,0.14063537035606918
298,1224,1522,0.14063134443721445
299,1231,1530,0.14062200567086283
293,1227,1520,0.1406113189466329
290,1219,1509,0.14061718412304125
286,1223,1509,0.1406300228768145
292,1222,1514,0.14065228677405947
295,1217,1512,0.14065788470948143
297,1220,1517,0.14065405755704202
299,1213,1512,0.1406437934260844
301,1212,1513,0.14062947304275236
305,1206,1511,0.14060931143484465
305,1218,1523,0.1405785178446509
306,1218,1524,0.14054980426195812
298,1211,1509,0.1405208005684527
296,1223,1519,0.1405158184552825
298,1224,1522,0.1405160313681156
304,1224,1528,0.1405099292212138
298,1218,1516,0.14048866502253554
295,1205,1500,0.14048535951226748
295,1204,1499,0.1404880325892176
296,1210,1506,0.14049161269655308
290,1212,1502,0.14049426845737642
288,1223,1511,0.1405126872804884
288,1218,1506,0.1405364511559102
294,1218,1512,0.14055729480037424
296,1212,1508,0.14056109059816396
298,1216,1514,0.14055874890401163
294,1238,1532,0.1405528808731246
290,1237,1527,0.14055833984548338
290,1243,1533,0.1405734689644814
289,1236,1525,0.1405867872648655
291,1227,1518,0.14060219278278932
292,1230,1522,0.14061181547495477
292,1229,1521,0.14061687084042224
297,1226,1523,0.14062118039920812
296,1212,1508,0.1406114200689811
297,1209,1506,0.1406054250843307
292,1208,1500,0.1405973029010082
290,1216,1506,0.14060341690646808
283,1223,1506,0.1406150043973079
286,1210,1496,0.14064521173727013
284,1201,1485,0.14066557044799435
288,1209,1497,0.14068929528118174
287,1209,1496,0.14069888088554094
290,1219,1509,0.14071097584693143
289,1227,1516,0.14071204206512247
288,1221,1509,0.14071582689383663
294,1222,1516,0.1407215942501178
294,1216,1510,0.14071101042961012
298,1205,1503,0.14070089409611747
299,1223,1522,0.14068118715063757
294,1234,1528,0.14066026160575032
294,1229,1523,0.14065491567099378
293,1229,1522,0.14064973709109738
290,1225,1515,0.14064698135253167
297,1217,1514,0.1406522127693263
293,1224,1517,0.1406388163122504
289,1219,1508,0.14063740249393877
290,1217,1507,0.1406476175309704
281,1229,1510,0.1406546453343637
287,1230,1517,0.14068536816739374
286,1221,1507,0.14069776941784912
284,1234,1518,0.14071323132428765
284,1237,1521,0.14073298669257428
284,1241,1525,0.1407511233372103
283,1233,1516,0.1407671487993811
280,1230,1510,0.14078499735245195
279,1232,1511,0.14080994440165637
283,1229,1512,0.14083570826672634
284,1227,1511,0.1408486955254352
288,1236,1524,0.14085828905353323
286,1238,1524,0.14085737685609837
285,1231,1516,0.14086180939681886
290,1217,1507,0.1408688353077617
286,1213,1499,0.14086181276021
287,1205,1492,0.14086758789268772
283,1221,1504,0.14086922364287463
283,1220,1503,0.1408822763130941
285,1217,1502,0.14089431897892196
283,1209,1492,0.14090038092507032
279,1221,1500,0.1409123050438848
284,1225,1509,0.14093417856947046
283,1237,1520,0.14093996106590517
284,1225,1509,0.14094815965486585
279,1231,1510,0.1409522454811747
279,1221,1500,0.14097014048568896
279,1220,1499,0.14098703445440217
277,1234,1511,0.1410036202756146
271,1236,1507,0.14102432528247144
273,1237,1510,0.14106083160899277
269,1244,1513,0.14108974600841234
264,1246,1510,0.14112727657089896
264,1249,1513,0.14117469016973958
265,1257,1522,0.14121891769208836
264,1260,1524,0.14125786295388848
266,1251,1517,0.14129742783215044
264,1254,1518,0.14132905801301984
263,1257,1520,0.14136362618371376
266,1249,1515,0.14139927339004926
262,1243,1505,0.14142409004219858
267,1230,1497,0.14146025589605796
268,1239,1507,0.14147908680520754
262,1244,1506,0.14149394047085126
264,1249,1513,0.14152479491619352
263,1244,1507,0.14154818032795038
266,1237,1503,0.14157235702141677
270,1234,1504,0.1415869212976588
269,1238,1507,0.14158906837492183
270,1241,1511,0.1415943469761231
272,1236,1508,0.14159623682174874
272,1228,1500,0.14159393937142903
272,1232,1504,0.14159106298960902
271,1242,1513,0.14158876429086745
269,1253,1522,0.1415905573384138
263,1254,1517,0.14159741315853064
262,1255,1517,0.14161950417734545
263,1243,1506,0.1416427640698943
267,1236,1503,0.1416600558087095
266,1258,1524,0.14166551444117437
267,1255,1522,0.1416743873694198
266,1257,1523,0.141680301666063
261,1245,1506,0.1416897835178596
259,1251,1510,0.14171212662512506
257,1259,1516,0.141737702003457
256,1266,1522,0.14176815019340092
253,1260,1513,0.14179946079713457
254,1268,1522,0.14183597934476555
251,1266,1517,0.14186709153509025
254,1257,1511,0.14190354013056505
255,1250,1505,0.14192868015465096
257,1259,1516,0.14195051172162348
262,1257,1519,0.14196440010549183
261,1249,1510,0.14196328853337112
267,1257,1524,0.14196557341735463
268,1252,1520,0.14195195819905712
266,1250,1516,0.14193653396507355
265,1246,1511,0.14192806790315451
258,1254,1512,0.14192381033327225
263,1250,1513,0.14193929171413314
261,1250,1511,0.14194050364355726
255,1231,1486,0.14194789757281026
255,1258,1513,0.14197125092994722
259,1266,1525,0.14199242760653102
256,1269,1525,0.14200239358937813
254,1272,1526,0.14202004272689847
252,1274,1526,0.1420418922109984
251,1265,1516,0.14206715714324866
247,1260,1507,0.1420936037674098
250,1256,1506,0.1421284369089538
252,1256,1508,0.14215247459895092
251,1257,1508,0.14216977547435197
252,1258,1510,0.14218796307956186
249,1261,1510,0.14220166491402156
244,1260,1504,0.14222344549795615
246,1258,1504,0.14225803137269413
249,1272,1521,0.14228428223321654
249,1265,1514,0.14230101092832195
250,1266,1516,0.1423158551312052
251,1262,1513,0.14232723448884552
248,1257,1505,0.142335138703303
255,1270,1525,0.1423507499922825
256,1263,1519,0.14234722526645993
258,1265,1523,0.1423409128145275
263,1258,1521,0.14232954399906617
265,1247,1512,0.1423054636247428
261,1252,1513,0.14227759528304051
260,1255,1515,0.14226317400272687
256,1252,1508,0.14225251361604058
255,1262,1517,0.14225454052351386
256,1262,1518,0.1422598075843227
261,1261,1522,0.14226192093716405
261,1264,1525,0.14225137666919954
257,1256,1513,0.14224095927699318
256,1242,1498,0.1422421774310619
259,1245,1504,0.14224644197147496
253,1242,1495,0.1422423067096518
261,1236,1497,0.14225503212278498
257,1244,1501,0.14224521552433697
259,1250,1509,0.14224786308422044
254,1243,1497,0.14224446110962488
265,1249,1514,0.14225496522449493
262,1250,1512,0.1422347752498258
258,1264,1522,0.1422232162111452
257,1262,1519,0.14222358610302682
256,1264,1520,0.14222792630938097
251,1271,1522,0.14223434123673825
254,1258,1512,0.14225485706843638
257,1256,1513,0.14226592423020146
257,1259,1516,0.14226869300154163
255,1249,1504,0.14227136329339948
252,1262,1514,0.14228020237808317
251,1269,1520,0.14229611275444196
250,1261,1511,0.14231401643912214
250,1269,1519,0.14233504963245847
249,1277,1526,0.1423551393975112
248,1280,1528,0.14237603339743735
248,1273,1521,0.14239894455824104
255,1266,1521,0.14242049542057778
255,1285,1540,0.1424222653612696
255,1269,1524,0.1424238637309134
252,1267,1519,0.14242537681669398
252,1269,1521,0.1424355289783437
253,1265,1518,0.14244421867963714
251,1261,1512,0.14245044760018885
247,1261,1508,0.14246093031330126
247,1273,1520,0.14248199919487953
246,1279,1525,0.14250179248765313
238,1275,1513,0.14252377338692532
238,1281,1519,0.14256542393387264
234,1276,1510,0.142604003286818
235,1284,1519,0.1426500457130135
235,1284,1519,0.14269076526994912
229,1279,1508,0.14272917307078312
227,1285,1512,0.1427807414060206
222,1295,1517,0.14283423969171077
217,1297,1514,0.14289917758228798
222,1286,1508,0.14297244706840778
221,1275,1496,0.1430271659210884
219,1281,1500,0.14308159330431094
220,1281,1501,0.14313837229240392
226,1293,1519,0.1431879418708855
226,1296,1522,0.14321918761797042
225,1299,1524,0.14324865955464797
226,1290,1516,0.1432783782239589
229,1279,1508,0.14330394694386867
225,1287,1512,0.14331853869784786
221,1273,1494,0.14334433168914276
220,1292,1512,0.1433789500078704
219,1297,1516,0.14341446403879582
221,1301,1522,0.14344922658622042
219,1294,1513,0.1434761168002946
218,1308,1526,0.1435067686897276
215,1296,1511,0.14353786211389444
213,1296,1509,0.14357612989166108
210,1310,1520,0.14361679676095643
211,1302,1513,0.14366311014064162
210,1305,1515,0.14370402050468056
211,1309,1520,0.1437456885713322
213,1311,1524,0.1437817693008036
217,1315,1532,0.14381004788501517
213,1309,1522,0.14382572882187752
209,1318,1527,0.14385177141795066
209,1311,1520,0.1438879410533455
207,1315,1522,0.14392254785613412
204,1323,1527,0.1439608088216665
209,1314,1523,0.14400486507767757
211,1308,1519,0.1440327802539586
212,1317,1529,0.1440546044084218
215,1317,1532,0.14407253987375682
217,1305,1522,0.1440812209685579
213,1309,1522,0.14408379396572937
207,1325,1532,0.14409797740910557
207,1324,1531,0.14412751183621236
208,1310,1518,0.1441554212211307
202,1314,1516,0.1441784774805015
201,1326,1527,0.14421712624104338
205,1318,1523,0.14425576255402958
205,1316,1521,0.14428076764276093
203,1320,1523,0.14430432916945776
206,1328,1534,0.1443327450912896
207,1314,1521,0.14435036425783754
206,1312,1518,0.14436375416061759
204,1315,1519,0.14437958605050968
203,1306,1509,0.14439997519067135
206,1297,1503,0.1444222967018426
205,1311,1516,0.14443547483056493
208,1313,1521,0.1444501991965468
206,1314,1520,0.14445587764359258
208,1319,1527,0.14446616550809133
201,1321,1522,0.1444705665271023
207,1317,1524,0.1444941602530523
205,1318,1523,0.144500122440029
204,1323,1527,0.14451170001828745
204,1321,1525,0.1445249862831906
206,1311,1517,0.14453792897054962
206,1292,1498,0.14454413099301264
209,1304,1513,0.14454905233415288
208,1315,1523,0.1445462036432739
209,1321,1530,0.14454631531139162
212,1318,1530,0.144542971996901
207,1309,1516,0.14453058841429214
206,1300,1506,0.14453219178963572
211,1304,1515,0.1445366248359262
215,1297,1512,0.14452736912566322
213,1300,1513,0.1445078575138186
213,1297,1510,0.14449603758730972
210,1307,1517,0.14448330075274604
205,1310,1515,0.14448025770022432
209,1299,1508,0.1444908333336074
214,1304,1518,0.14448979371421283
207,1299,1506,0.14447464326499027
207,1302,1509,0.14447983119311542
200,1301,1501,0.14448547224476496
204,1306,1510,0.1445105169361407
203,1304,1507,0.1445224471775811
203,1316,1519,0.14453593341191026
198,1321,1519,0.1445480365746886
195,1322,1517,0.1445738500866627
193,1324,1517,0.1446067068527057
198,1327,1525,0.14464234320182542
195,1326,1521,0.14466137583956337
193,1321,1514,0.14468663962334882
194,1333,1527,0.14471500986782543
191,1332,1523,0.14473872860563616
192,1325,1517,0.1447708891396291
187,1331,1518,0.1447984325788012
189,1331,1520,0.14483632093737017
189,1328,1517,0.14486712208507055
184,1323,1507,0.14489492071731744
186,1328,1514,0.14493437113195173
189,1317,1506,0.1449657307220517
190,1314,1504,0.14498701893677313
193,1324,1517,0.14500389317920073
190,1327,1517,0.1450114106652842
190,1340,1530,0.14502775108160934
186,1341,1527,0.14504325872394858
183,1337,1520,0.1450685226458958
179,1351,1530,0.1451009746361003
182,1337,1519,0.14514274897467036
184,1335,1519,0.1451730427611011
181,1331,1512,0.14519599701157543
180,1335,1515,0.14522595264134835
184,1333,1517,0.14525669410666772
184,1329,1513,0.14527401363971695
188,1329,1517,0.14529016478838191
187,1333,1520,0.14529440810940586
186,1333,1519,0.1453010746730603
188,1321,1509,0.14530899043974355
190,1311,1501,0.14531083180220045
190,1305,1495,0.14530681659820144
194,1305,1499,0.14530244829304623
193,1320,1513,0.14528760729502818
191,1325,1516,0.14527619733810385
183,1328,1511,0.14527052488427736
186,1330,1516,0.1452874640746279
188,1325,1513,0.14529472905618074
193,1320,1513,0.14529639008674278
195,1318,1513,0.1452826314518732
190,1323,1513,0.14526513692073775
188,1333,1521,0.14526250281947056
191,1318,1509,0.14526580217838067
190,1321,1511,0.14526042852700005
193,1326,1519,0.14525757049088195
190,1327,1517,0.14524628063972148
189,1334,1523,0.14524427783594665
183,1337,1520,0.1452452822013754
183,1335,1518,0.1452622306780783
182,1322,1504,0.14527687406494233
184,1336,1520,0.14529341386669414
185,1346,1531,0.14530293606679742
187,1332,1519,0.1453097483295019
187,1336,1523,0.1453110476938986
186,1333,1519,0.14531135335743073
188,1334,1522,0.14531376460795467
190,1332,1522,0.1453098963043759
188,1340,1528,0.14530057892541653
187,1326,1513,0.14529712732743724
184,1329,1513,0.14529627709185225
183,1327,1510,0.14530441218605153
181,1330,1511,0.14531406741591119
184,1334,1518,0.14532848259460415
181,1331,1512,0.14533338928380932
181,1325,1506,0.14534613638590158
176,1333,1509,0.1453583967558912
175,1329,1504,0.14538442351296033
172,1331,1503,0.14541196572488388
171,1347,1518,0.14544635298394007
169,1343,1512,0.14548165450823675
168,1349,1517,0.14552004600326238
169,1337,1506,0.14555820612078982
172,1347,1519,0.1455907696671474
174,1335,1509,0.14561227278809574
173,1341,1514,0.14562660403748892
168,1334,1502,0.14564312927453188
168,1332,1500,0.1456724569310318
168,1345,1513,0.1456997288610463
170,1354,1524,0.1457259781414493
171,1350,1521,0.14574402476110274
173,1334,1507,0.1457586326032009
173,1342,1515,0.14576581690518847
174,1329,1503,0.14577219744937092
179,1330,1509,0.14577539272011078
185,1338,1523,0.14576439706825062
186,1333,1519,0.14573687626473242
185,1320,1505,0.14570867229747037
181,1315,1496,0.14568545529988217
181,1319,1500,0.1456756976951114
182,1315,1497,0.14566597597533504
184,1322,1506,0.14565348577465545
186,1329,1515,0.14563650294239927
190,1328,1518,0.14561476894747374
194,1324,1518,0.1455830075645043
193,1319,1512,0.1455422051766566
196,1321,1517,0.14550852466543265
188,1325,1513,0.14546853794917192
189,1327,1516,0.1454518603956792
186,1310,1496,0.14543432783738663
188,1321,1509,0.14542653875978126
195,1334,1529,0.1454137763525749
191,1323,1514,0.14538230355816487
190,1327,1517,0.1453645041731447
187,1329,1516,0.14535112461313623
185,1328,1513,0.14534750484431597
185,1339,1524,0.1453497367039768
188,1341,1529,0.14535143557264976
180,1333,1513,0.14534488286241562
179,1340,1519,0.14536143585009811
180,1333,1513,0.1453792376724737
180,1325,1505,0.14539397698922876
181,1337,1518,0.14540789642914037
184,1324,1508,0.14541767318593407
187,1324,1511,0.14541843002822843
186,1335,1521,0.14541035820870502
180,1330,1510,0.14540542190618067
173,1328,1501,0.14541847893794127
174,1340,1514,0.14545116075133885
177,1335,1512,0.14547973776620965
176,1338,1514,0.1454982760808036
175,1337,1512,0.14551845019186785
175,1336,1511,0.14553927468948769
172,1344,1516,0.1455584236272948
175,1336,1511,0.14558441841541028
173,1343,1516,0.1456005047630196
167,1354,1521,0.14562136779513746
170,1348,1518,0.14565753114120916
167,1359,1526,0.14568191721866755
169,1352,1521,0.1457138861819296
165,1357,1522,0.14573771606607086
165,1361,1526,0.14576995141748322
163,1358,1521,0.14580045519506882
160,1337,1497,0.1458344792015015
162,1346,1508,0.14587509361104745
165,1342,1507,0.14590678307937663
165,1347,1512,0.1459280546842875
165,1333,1498,0.14594782765471354
161,1332,1493,0.1459656123898737
162,1349,1511,0.1459936496702082
162,1350,1512,0.14601663133381604
160,1355,1515,0.14603831645950316
160,1358,1518,0.14606279847054768
158,1365,1523,0.14608607839907325
161,1357,1518,0.14611357134750405
159,1366,1525,0.14613052757425943
157,1367,1524,0.14615284326686548
156,1356,1512,0.14617964437944403
155,1357,1512,0.14620780141151757
149,1356,1505,0.14623702613757172
144,1351,1495,0.14628094499538988
143,1351,1494,0.1463363794085062
139,1352,1491,0.14639091073908259
140,1363,1503,0.14645396538842412
141,1370,1511,0.14651005341285864
138,1366,1504,0.1465590599606791
139,1360,1499,0.1466138210062117
141,1365,1506,0.14666186037166667
142,1377,1519,0.1467011370626218
141,1371,1512,0.14673521736409836
142,1376,1518,0.1467693250670375
141,1368,1509,0.14679830129996776
142,1378,1520,0.14682827191306583
148,1375,1523,0.14685377068265112
150,1381,1531,0.14686056895218763
142,1359,1501,0.1468614239237474
142,1374,1516,0.1468850603748749
138,1379,1517,0.1469075162990461
138,1380,1518,0.14694064939282636
133,1388,1521,0.14697193096144218
134,1389,1523,0.14701508758526893
136,1370,1506,0.1470527567810403
136,1382,1518,0.14708251165386924
135,1389,1524,0.14711065826484687
134,1385,1519,0.1471397373045236
138,1386,1524,0.14717017170150945
139,1386,1525,0.1471871358485866
138,1376,1514,0.14720062442243045
135,1374,1509,0.14721540697699098
133,1370,1503,0.14723823667934904
128,1382,1510,0.14726481161765517
128,1384,1512,0.1473039713526593
127,1381,1508,0.14734073121401345
125,1380,1505,0.14737790489811087
129,1384,1513,0.14741794106177863
129,1379,1508,0.14744374820608513
129,1386,1515,0.1474678373618454
128,1396,1524,0.14749063073266355
127,1392,1519,0.14751521296337258
127,1392,1519,0.14754093840669444
125,1382,1507,0.14756497215182224
123,1376,1499,0.1475930936295623
124,1373,1497,0.14762515911949484
124,1385,1509,0.1476530412327997
122,1386,1508,0.1476790865821939
120,1399,1519,0.14770964717382107
117,1392,1509,0.14774397505863177
119,1398,1517,0.14778503325178596
118,1394,1512,0.14781793087898243
119,1393,1512,0.14785117071093232
123,1406,1529,0.14787983395801163
120,1412,1532,0.1478953587126687
117,1414,1531,0.1479186168566467
118,1403,1521,0.14794881817478497
117,1410,1527,0.14797435259801645
117,1398,1515,0.14800063929480536
117,1405,1522,0.14802541998473395
119,1396,1515,0.1480493020579675
118,1418,1536,0.14806572393153533
112,1405,1517,0.1480842726787933
111,1406,1517,0.1481181081697308
110,1395,1505,0.14815224800333587
109,1395,1504,0.14818703772196654
107,1400,1507,0.1482229146236728
107,1384,1491,0.1482623918129514
105,1408,1513,0.1482999497330837
106,1404,1510,0.1483406980780217
107,1404,1511,0.14837565227135918
104,1401,1505,0.14840628608821163
103,1417,1520,0.14844388142261422
100,1425,1525,0.14848218031673302
101,1423,1524,0.14852701341380675
102,1430,1532,0.14856632546511445
100,1431,1531,0.1486002184685963
101,1424,1525,0.14863858224532425
102,1419,1521,0.14867130880531707
101,1421,1522,0.14869861819400187
102,1419,1521,0.14872691130985113
101,1411,1512,0.14875066976395415
99,1414,1513,0.14877634784149135
99,1415,1514,0.14880650334139908
101,1414,1515,0.14883467683893806
98,1404,1502,0.1488553469964733
97,1416,1513,0.14888342388649317
95,1407,1502,0.14891303789526364
93,1410,1503,0.1489469364700833
93,1414,1507,0.14898424467374036
95,1419,1514,0.14901873713426597
92,1418,1510,0.14904557792762332
95,1429,1524,0.149080133417181
93,1412,1505,0.14910363764925003
93,1419,1512,0.1491309216572865
94,1417,1511,0.14915703368887287
96,1420,1516,0.1491791496237362
98,1415,1513,0.1491937290182155
98,1416,1514,0.1492018587663102
96,1409,1505,0.14920959448650287
95,1411,1506,0.14922282112991817
91,1414,1505,0.14923789626246722
92,1419,1511,0.14926357703121249
90,1408,1498,0.14928460687642023
92,1405,1497,0.14931083811330936
89,1413,1502,0.14932920727592613
92,1419,1511,0.1493557649703507
94,1417,1511,0.1493718023766508
95,1419,1514,0.14938076827999502
94,1414,1508,0.14938587474428394
91,1424,1515,0.14939404857947836
96,1420,1516,0.1494104037109148
95,1411,1506,0.14941104804237507
98,1408,1506,0.14941499796829874
95,1400,1495,0.14941046511112774
97,1407,1504,0.1494151936876006
96,1415,1511,0.14941386753831343
94,1411,1505,0.1494157229956766
97,1411,1508,0.14942368831700623
96,1416,1512,0.14942226840586464
98,1413,1511,0.14942440634830023
96,1411,1507,0.14942082738582696
98,1419,1517,0.1494232309232592
95,1417,1512,0.14941939331055637
94,1404,1498,0.1494235802141175
93,1409,1502,0.149431292953647
93,1409,1502,0.1494421774241912
96,1422,1518,0.1494527214003179
96,1415,1511,0.1494540151700555
98,1429,1527,0.1494551066010134
94,1431,1525,0.14945090981593398
90,1415,1505,0.14945863099533885
88,1424,1512,0.14947782854866015
87,1426,1513,0.14950068862408578
89,1404,1493,0.14952439819807867
91,1421,1512,0.14954025765964504
89,1417,1506,0.14954940223202753
87,1434,1521,0.1495639243139504
86,1432,1518,0.14958389537706748
88,1437,1525,0.14960539689183705
86,1430,1516,0.1496196548082752
86,1429,1515,0.14963920645570575
89,1432,1521,0.1496570202780964
89,1431,1520,0.14966567843041037
92,1428,1520,0.14967361313045288
92,1419,1511,0.14967258743539025
91,1416,1507,0.14967152025775932
89,1417,1506,0.1496736688339005
88,1419,1507,0.1496813052506327
87,1432,1519,0.14969116115156772
84,1431,1515,0.1497031646370276
84,1429,1513,0.1497226215423926
83,1420,1503,0.1497412484529115
81,1425,1506,0.14976166525097412
80,1428,1508,0.1497870430355665
81,1427,1508,0.14981386861738025
80,1437,1517,0.14983548399998148
82,1434,1516,0.1498588697139134
81,1427,1508,0.14987506278835305
80,1431,1511,0.1498934213211862
76,1441,1517,0.1499129604865324
79,1451,1530,0.14994251585826512
79,1443,1522,0.14996149440969467
78,1435,1513,0.14997955363040918
78,1433,1511,0.14999976182964972
78,1443,1521,0.1500187010209511
77,1450,1527,0.15003668213560883
79,1428,1507,0.150056281401587
79,1432,1511,0.1500679782391589
78,1432,1510,0.15007899021383386
78,1441,1519,0.15009240316829367
74,1436,1510,0.15010492647515813
75,1426,1501,0.15012860951322826
78,1424,1502,0.15014765144404218
81,1438,1519,0.15015683568070715
82,1426,1508,0.15015737772084015
81,1433,1514,0.1501548504653387
80,1446,1526,0.15015601940284304
77,1440,1517,0.1501607198781782
75,1435,1510,0.15017408768915316
73,1424,1497,0.150192568023162
72,1427,1499,0.150216341689881
74,1430,1504,0.15024140424486568
75,1446,1521,0.1502593522354302
72,1445,1517,0.15027322486392286
73,1446,1519,0.15029562302198013
72,1453,1525,0.1503138662970983
71,1452,1523,0.15033381247230215
67,1443,1510,0.15035521287320436
69,1459,1528,0.15038731987889567
72,1456,1528,0.1504117369350636
70,1462,1532,0.15042625912963922
73,1459,1532,0.1504454753519362
69,1457,1526,0.15045536150589167
67,1455,1522,0.15047654715708986
68,1441,1509,0.15050257461113856
68,1449,1517,0.15052444278563912
67,1451,1518,0.1505450979585869
71,1454,1525,0.15056748223778146
68,1452,1520,0.1505766806142052
70,1458,1528,0.15059363629288003
69,1456,1525,0.15060376030491476
69,1458,1527,0.15061618311683625
67,1455,1522,0.15062820748475114
67,1448,1515,0.15064463282254587
67,1462,1529,0.15066062141486752
65,1462,1527,0.1506756284576657
64,1469,1533,0.15069579882230427
64,1458,1522,0.15071760133117762
61,1449,1510,0.15073851895349413
61,1457,1518,0.15076632948266996
62,1464,1526,0.1507921937721105
59,1460,1519,0.15081376349635048
61,1480,1541,0.1508423337922222
60,1477,1537,0.1508629997575076
61,1473,1534,0.15088550552054877
58,1463,1521,0.15090374504195606
57,1460,1517,0.15092951898516865
57,1464,1521,0.1509565247871957
58,1461,1519,0.15098142126926536
57,1448,1505,0.1510012337737831
59,1462,1521,0.15102337404487984
61,1457,1518,0.1510385740281319
61,1451,1512,0.15104729532652247
62,1446,1508,0.15105570221627715
61,1445,1506,0.1510609880020233
60,1447,1507,0.15106907084333565
61,1460,1521,0.15107955162242434
58,1462,1520,0.15108619739035598
56,1455,1511,0.15110133969460496
55,1454,1509,0.1511213438947545
56,1460,1516,0.15114281902243637
56,1447,1503,0.15116004501158803
55,1451,1506,0.1511761904611487
55,1453,1508,0.15119404897581115
56,1456,1512,0.15121111691285136
55,1458,1513,0.15122444881869168
55,1459,1514,0.15123980150032787
53,1459,1512,0.15125424868489226
54,1465,1519,0.15127318480454924
56,1455,1511,0.15128783354787706
58,1461,1519,0.15129533085566793
58,1439,1497,0.1512966042303343
56,1443,1499,0.15129818285521368
54,1448,1502,0.15130547770283528
54,1446,1500,0.1513182579240767
54,1455,1509,0.1513302234293073
55,1452,1507,0.15134122467646655
55,1458,1513,0.151348419230951
56,1451,1507,0.15135510630555193
55,1455,1510,0.15135886902946802
55,1469,1524,0.15136529982720862
54,1473,1527,0.1513713207773852
53,1459,1512,0.15137956159659754
53,1463,1516,0.1513899256506053
54,1461,1515,0.15140026282100066
52,1462,1514,0.1514066598070551
49,1449,1498,0.15141783559245447
52,1468,1520,0.15143637151883887
52,1464,1516,0.15144514439455298
52,1462,1514,0.1514535911974696
50,1462,1512,0.1514612563969213
50,1451,1501,0.15147373074512796
52,1454,1506,0.15148505728897674
53,1468,1521,0.15149012540727333
54,1469,1523,0.15149150843500542
51,1468,1519,0.15148981023198246
53,1461,1514,0.15149698132182532
52,1474,1526,0.15149793975982515
51,1470,1521,0.15150227262500038
54,1475,1529,0.15150868616840713
53,1477,1530,0.15150622708728118
55,1475,1530,0.1515068532103765
55,1464,1519,0.15150177704227516
53,1457,1510,0.15149657646270923
55,1455,1510,0.15149830735980754
56,1451,1507,0.15149388163569902
56,1453,1509,0.15148692559407415
57,1464,1521,0.15148031311619536
56,1464,1520,0.1514713416634134
55,1456,1511,0.15146596386959554
54,1451,1505,0.15146363082838352
55,1441,1496,0.15146414731606567
54,1456,1510,0.15146235407280723
52,1447,1499,0.15146331375068503
51,1454,1505,0.1514699791186884
52,1453,1505,0.15147881864626583
49,1456,1505,0.1514845011853197
47,1461,1508,0.15149911273650526
49,1472,1521,0.15151822200045728
52,1482,1534,0.15152983943932236
53,1473,1526,0.151531670756273
50,1470,1520,0.1515306834825015
52,1473,1525,0.15153823329644933
54,1458,1512,0.15153937199020717
50,1465,1515,0.15153464645447712
52,1464,1516,0.15154197888445145
53,1470,1523,0.15154324609125738
53,1472,1525,0.15154199901731502
52,1472,1524,0.15154094060410028
49,1459,1508,0.15154322012299526
49,1461,1510,0.15155477169503975
48,1472,1520,0.15156522777280595
47,1475,1522,0.15157788175424622
48,1475,1523,0.15159250117052905
48,1471,1519,0.15160339695026828
49,1461,1510,0.1516134898711603
48,1461,1509,0.15162045115839773
46,1463,1509,0.15163038081538308
47,1472,1519,0.1516459584786629
47,1472,1519,0.15165791884185065
43,1471,1514,0.15166923705361482
42,1470,1512,0.1516917318692018
42,1479,1521,0.15171578211345058
43,1468,1511,0.1517382882908124
43,1467,1510,0.15175594264238795
41,1472,1513,0.15177254098698426
40,1469,1509,0.15179423664951147
41,1472,1513,0.15181722417774313
43,1475,1518,0.15183567613424295
43,1472,1515,0.15184717919026763
42,1469,1511,0.15185802335970455
40,1473,1513,0.1518710312133705
40,1474,1514,0.1518891484900322
39,1486,1525,0.15190579508398916
39,1494,1533,0.15192424408000196
39,1492,1531,0.15194149396783854
39,1495,1534,0.15195712764715344
40,1492,1532,0.15197157235738254
42,1489,1531,0.15198281235618397
42,1487,1529,0.15198728043765602
42,1484,1526,0.1519910967231449
42,1491,1533,0.15199440587286986
42,1486,1528,0.1519969927155491
41,1485,1526,0.15199961681324156
40,1489,1529,0.1520048564624644
42,1488,1530,0.152012498942361
42,1492,1534,0.1520136957542634
41,1485,1526,0.15201482809467526
40,1487,1527,0.1520186772732417
41,1482,1523,0.15202543500600174
42,1488,1530,0.15202850655493577
44,1467,1511,0.15202872312551288
45,1472,1517,0.15202303698494746
45,1465,1510,0.15201473067074364
45,1455,1500,0.1520068077613752
45,1461,1506,0.15199941388700677
44,1464,1508,0.15199209752466863
40,1469,1509,0.15198840873370906
40,1483,1523,0.15199737137336744
40,1472,1512,0.15200539535361024
40,1466,1506,0.15201289463639642
42,1470,1512,0.15201989320542064
39,1472,1511,0.1520206864013993
38,1460,1498,0.15203036181544488
40,1476,1516,0.15204191169953774
39,1485,1524,0.15204654569882906
39,1478,1517,0.1520538005524288
40,1483,1523,0.1520606363996431
40,1483,1523,0.15206412691835036
38,1473,1511,0.1520674088799053
37,1468,1505,0.1520763732146669
38,1463,1501,0.1520877343931295
39,1475,1514,0.15209537870508025
38,1469,1507,0.1520997301920593
39,1467,1506,0.15210708151932736
39,1464,1503,0.15211105985191103
37,1481,1518,0.1521148179533443
38,1484,1522,0.15212464589151817
39,1490,1529,0.15213071220257934
38,1488,1526,0.15213351769873687
37,1476,1513,0.15213921187532567
36,1483,1519,0.15214743837023872
38,1485,1523,0.15215784459138507
39,1483,1522,0.1521617086186598
38,1496,1534,0.15216254056583328
38,1483,1521,0.1521659908932679
38,1480,1518,0.15216939328287407
38,1490,1528,0.15217262619882616
39,1486,1525,0.15217567720953531
38,1472,1510,0.15217542465121
40,1469,1509,0.15217839795677857
40,1484,1524,0.15217517278178172
41,1470,1511,0.15217215789893518
41,1452,1493,0.15216628100555907
42,1465,1507,0.15216083127282004
39,1466,1505,0.15215203669191754
39,1466,1505,0.15215270904066297
38,1474,1512,0.15215328895384472
38,1482,1520,0.15215685312846777
38,1472,1510,0.1521600635035011
38,1475,1513,0.15216324553792027
38,1475,1513,0.15216615383308912
36,1493,1529,0.15216900701674818
37,1486,1523,0.15217777466186203
37,1481,1518,0.15218287404496722
38,1489,1527,0.1521876351183246
36,1490,1526,0.1521892358878454
36,1470,1506,0.15219675254324558
37,1486,1523,0.1522037338912072
39,1468,1507,0.15220719598506588
42,1462,1504,0.1522043585953954
41,1466,1507,0.1521927955969682
40,1472,1512,0.15218521532000603
38,1472,1510,0.15218122139683476
37,1467,1504,0.15218361347436957
38,1473,1511,0.1521890145754762
40,1483,1523,0.15219106428467233
39,1472,1511,0.15218699565822172
37,1469,1506,0.15218619692149324
36,1473,1509,0.15219154559761744
36,1473,1509,0.1521993995116439
37,1490,1527,0.15220690561870812
38,1483,1521,0.15221087223881014
38,1478,1516,0.15221156744251105
35,1484,1519,0.15221225049121678
34,1484,1518,0.15222178150939483
34,1481,1515,0.15223369743073797
35,1491,1526,0.15224495141365615
35,1482,1517,0.1522523765308435
35,1482,1517,0.15225929936586044
34,1483,1517,0.15226576606045727
37,1473,1510,0.15227485538062532
37,1475,1512,0.15227421942657038
36,1479,1515,0.15227346367851458
33,1472,1505,0.1522757618329504
33,1489,1522,0.1522866161472529
34,1485,1519,0.15229671728903404
35,1472,1507,0.15230319692684607
35,1475,1510,0.1523063093212798
36,1461,1497,0.15230941018583738
36,1456,1492,0.15230965574230954
37,1469,1506,0.15230997148433745
37,1466,1503,0.1523074648122193
36,1464,1500,0.15230523440743063
36,1469,1505,0.1523063371444292
38,1488,1526,0.152307405266424
38,1477,1515,0.15230248399723592
37,1490,1527,0.15229797980074283
36,1482,1518,0.15229673609939665
33,1482,1515,0.1522986173211333
35,1484,1519,0.15230894314839039
35,1483,1518,0.15231260735238014
36,1493,1529,0.15231613859633594
37,1481,1518,0.15231649646218076
33,1493,1526,0.15231412945275138
35,1487,1522,0.1523238526769142
35,1483,1518,0.1523269660716311
34,1479,1513,0.15232994518899054
35,1472,1507,0.1523358087573291
33,1478,1511,0.15233774613630896
33,1488,1521,0.15234564407183948
33,1493,1526,0.15235312773296616
32,1489,1521,0.15235984823687204
29,1504,1533,0.15236920706973278
28,1490,1518,0.1523874218910704
28,1473,1501,0.15240748156714962
29,1475,1504,0.15242625552421138
28,1485,1513,0.1524409828167039
28,1482,1510,0.15245767216127834
29,1471,1500,0.15247329768544757
28,1489,1517,0.15248509840451477
29,1472,1501,0.1524993346708459
29,1465,1494,0.1525098036703627
29,1472,1501,0.15251971825071364
27,1479,1506,0.15252906294021085
28,1474,1502,0.15254360426164
28,1476,1504,0.15255441146161436
26,1492,1518,0.15256457100302895
27,1482,1509,0.15258020092958294
27,1487,1514,0.15259166537906535
26,1481,1507,0.15260242047478764
25,1469,1494,0.1526154512311405
26,1479,1505,0.15263059425357162
23,1480,1503,0.15264142167433906
24,1479,1503,0.1526606284703115
23,1489,1512,0.15267548639305425
23,1502,1525,0.15269251902737074
23,1506,1529,0.15270846381176081
22,1496,1518,0.15272339070539387
22,1495,1517,0.15274044923922286
22,1510,1532,0.15275615103206888
23,1515,1538,0.15277083858943913
21,1512,1533,0.1527816776263457
21,1503,1524,0.15279803255107532
20,1491,1511,0.15281332368318076
20,1491,1511,0.15283062341885326
21,1498,1519,0.15284680744649395
22,1492,1514,0.15285872975466522
21,1492,1513,0.15286695309594808
22,1496,1518,0.15287762388262988
22,1500,1522,0.15288470687254352
22,1486,1508,0.1528913771927246
21,1490,1511,0.15289764949784854
21,1486,1507,0.15290644490567107
21,1500,1521,0.15291467844263237
21,1504,1525,0.15292238774999475
22,1490,1512,0.1529296101573777
21,1482,1503,0.15293320063475285
22,1485,1507,0.15293961272479362
21,1487,1508,0.1529424350510885
21,1490,1511,0.1529481326076968
22,1491,1513,0.15295341018693098
23,1509,1532,0.15295509023072082
22,1512,1534,0.15295387184325152
23,1501,1524,0.15295591607391892
24,1497,1521,0.15295476203812616
23,1504,1527,0.1529504754718632
23,1492,1515,0.15294951314399086
23,1494,1517,0.1529485953329644
21,1508,1529,0.15294772175190374
21,1489,1510,0.15295314588294764
21,1489,1510,0.15295818550930662
21,1495,1516,0.15296288607229402
20,1475,1495,0.15296722307458085
20,1499,1519,0.15297450509031163
19,1491,1510,0.15298132475600795
18,1474,1492,0.15299087918392912
19,1489,1508,0.15300306054533036
18,1493,1511,0.1530113490935264
17,1492,1509,0.15302226583804823
16,1487,1503,0.15303554483267637
16,1500,1516,0.1530512502792235
16,1507,1523,0.15306601683468293
14,1510,1524,0.15307988739434178
15,1510,1525,0.15309901514329297
14,1501,1515,0.1531139575933862
13,1497,1510,0.1531311484736361
13,1498,1511,0.15315046853646977
14,1490,1504,0.1531686219763726
12,1503,1515,0.1531824965183863
12,1492,1504,0.15320181345725392
13,1490,1503,0.15321993886340415
12,1495,1507,0.15323395694189487
12,1506,1518,0.1532501535108994
12,1492,1504,0.1532653401696484
14,1496,1510,0.153279599365247
14,1498,1512,0.15328675305114106
13,1500,1513,0.1532935422021244
12,1521,1533,0.15330320606332204
13,1510,1523,0.15331544725990567
11,1516,1527,0.15332375993967695
11,1514,1525,0.15333773325105318
11,1515,1526,0.15335085782784824
10,1508,1518,0.15336326986718063
9,1510,1519,0.1533779559768856
9,1511,1520,0.15339494314243585
9,1497,1506,0.15341089511385764
9,1501,1510,0.15342587568686308
9,1515,1524,0.1534399450600358
9,1518,1527,0.15345315982223443
9,1509,1518,0.1534655728058225
8,1513,1521,0.1534772333656259
7,1503,1510,0.1534913782456008
6,1514,1520,0.15350771967747429
6,1499,1505,0.1535262524495674
6,1495,1501,0.15354365716112114
6,1498,1504,0.15356000307374196
6,1508,1514,0.15357535654700646
6,1503,1509,0.15358977934875756
7,1509,1516,0.15360332893299483
7,1495,1502,0.1536128476117816
6,1490,1496,0.15362179611293392
6,1506,1512,0.1536333710307215
7,1521,1528,0.15364422760366162
7,1514,1521,0.15365123110139614
7,1513,1520,0.15365782862081237
7,1492,1499,0.1536640367874812
8,1499,1507,0.15366987591086584
8,1507,1515,0.1536721336144693
8,1507,1515,0.153674308242375
7,1507,1514,0.15367635952417916
6,1507,1513,0.15368149808153359
6,1513,1519,0.15368952825871357
6,1507,1513,0.15369707103511665
5,1495,1500,0.15370415267475498
5,1482,1487,0.15371401405633273
6,1484,1490,0.15372327650950524
6,1502,1508,0.15372874991378363
6,1509,1515,0.15373389824954767
6,1508,1514,0.15373873592028406
5,1513,1518,0.15374328126372422
5,1515,1520,0.1537507787745129
5,1504,1509,0.1537577837456818
5,1508,1513,0.1537643569569259
4,1508,1512,0.15377053032352653
4,1519,1523,0.1537795680612392
5,1505,1510,0.15378802979357337
5,1502,1507,0.1537927582186191
4,1499,1503,0.15379721300365146
5,1498,1503,0.15380462540855405
6,1513,1519,0.15380834768408133
6,1512,1518,0.153808621824816
7,1509,1516,0.15380889740620762
7,1510,1517,0.15380594283935856
7,1512,1519,0.15380318387217407
7,1508,1515,0.15380060601688827
7,1508,1515,0.1537981954415579
7,1507,1514,0.15379593935116187
7,1515,1522,0.15379382631779026
7,1496,1503,0.15379184612941385
7,1497,1504,0.1537899895902808
6,1500,1506,0.15378824835212687
6,1493,1499,0.15378981714106055
5,1497,1502,0.15379128405662168
5,1502,1507,0.15379587812501921
6,1507,1513,0.15380019238603573
5,1505,1510,0.15380102417026048
4,1509,1513,0.1538050310429545
4,1520,1524,0.15381200861739558
4,1522,1526,0.15381856006668104
4,1514,1518,0.15382471087412586
4,1521,1525,0.15383048570456595
4,1517,1521,0.15383590840101166
4,1519,1523,0.1538410012804263
4,1524,1528,0.1538457850843256
4,1508,1512,0.15385027909259943
5,1517,1522,0.1538545012577014
5,1531,1536,0.15385523612116073
4,1519,1523,0.15385593976829262
4,1514,1518,0.15385982434479115
6,1528,1534,0.15386346762364944
6,1514,1520,0.1538604326205945
5,1506,1511,0.15385760471298207
5,1503,1508,0.15385818321609174
5,1504,1509,0.15385872843215076
5,1512,1517,0.15385923973454696
5,1504,1509,0.15385971894695316
5,1504,1509,0.15386016839116018
5,1514,1519,0.1538605901863196
5,1510,1515,0.15386098621412778
5,1509,1514,0.1538613581646335
5,1516,1521,0.15386170757619816
5,1502,1507,0.15386203586321068
5,1507,1512,0.15386234433504345
5,1517,1522,0.15386263420947158
4,1521,1525,0.15386290662262803
4,1530,1534,0.15386640745882665
4,1525,1529,0.15386970097952982
4,1522,1526,0.15387279263212605
4,1512,1516,0.15387569420872776
4,1518,1522,0.1538784179008497
4,1506,1510,0.15388097518964222
5,1513,1518,0.15388337671293634
5,1511,1516,0.15388239173979323
5,1507,1512,0.1538814799247853
5,1499,1504,0.1538806292428979
5,1496,1501,0.15387983231751026
5,1498,1503,0.15387908432514918
5,1512,1517,0.15387838164564602
5,1516,1521,0.15387772126001134
5,1520,1525,0.15387710049943196
4,1516,1520,0.15387651693264315
4,1524,1528,0.15387919152270937
4,1526,1530,0.1538816979080022
4,1523,1527,0.1538840487265572
4,1527,1531,0.15388625458862182
4,1521,1525,0.15388832530369279
3,1527,1530,0.1538902697604262
4,1534,1538,0.15389532627264002
4,1528,1532,0.15389682942866506
4,1521,1525,0.15389824452388098
4,1512,1516,0.1538995747424047
4,1534,1538,0.1539008256965488
4,1520,1524,0.15390200210226818
4,1520,1524,0.15390310828829012
4,1526,1530,0.15390414834525887
4,1520,1524,0.1539051261547267
4,1520,1524,0.1539060453943893
3,1524,1527,0.15390690954143246
3,1524,1527,0.15391096135861845
3,1519,1522,0.1539147610664555
4,1522,1526,0.15391832765370594
4,1516,1520,0.15391843979279823
4,1517,1521,0.15391855662590087
4,1534,1538,0.15391867111147675
4,1521,1525,0.1539187817729991
4,1503,1507,0.15391888792472946
4,1509,1513,0.1539189892349664
4,1519,1523,0.15391908558766634
4,1511,1515,0.1539191770005406
4,1502,1506,0.1539192635732114
4,1511,1515,0.15391934545449942
4,1514,1518,0.15391942282172122
4,1509,1513,0.1539194958674875
4,1518,1522,0.15391956479121974
4,1503,1507,0.1539196297936669
5,1502,1507,0.15391969107335565
5,1511,1516,0.15391651151487667
5,1501,1506,0.1539135372927552
5,1498,1503,0.1539107484193717
4,1505,1509,0.1539081311418824
4,1512,1516,0.15390889406133793
3,1520,1523,0.15390960040832588
3,1521,1524,0.15391349701060789
3,1509,1512,0.15391715104545933
3,1504,1507,0.15392058054787544
3,1506,1509,0.15392380103811718
3,1513,1516,0.15392682627647483
3,1526,1529,0.15392966871322106
3,1519,1522,0.1539323397704132
4,1524,1528,0.15393485001897134
4,1515,1519,0.15393396259591727
4,1523,1527,0.15393314228709468
4,1507,1511,0.1539323772463033
4,1482,1486,0.1539316609212368
4,1492,1496,0.15393098900016242
4,1511,1515,0.1539303581815142
3,1516,1519,0.15392976568315583
3,1508,1511,0.1539324469401451
3,1512,1515,0.1539349607235913
3,1522,1525,0.1539373199805044
3,1532,1535,0.15393953521012163
2,1518,1520,0.1539416158284906
2,1525,1527,0.15394681647213523
2,1518,1520,0.15395170324947374
2,1519,1521,0.15395629471472594
2,1528,1530,0.1539606083797393
2,1519,1521,0.15396466140188203
2,1514,1516,0.15396846994288116
2,1513,1515,0.1539720490826404
2,1501,1503,0.1539754128853583
2,1506,1508,0.15397857448651656
2,1515,1517,0.15398154617252197
2,1519,1521,0.1539843394494357
2,1519,1521,0.1539869651022733
2,1515,1517,0.15398943324689535
2,1513,1515,0.153991753376134
2,1518,1520,0.1539939344013619
2,1518,1520,0.15399598469035805
2,1513,1515,0.1539979121020814
2,1513,1515,0.15399972401879233
2,1521,1523,0.15400142737585124
2,1524,1526,0.15400302868944635
2,1514,1516,0.15400453408245035
2,1526,1528,0.1540059493085724
2,1509,1511,0.15400727977494288
2,1498,1500,0.15400853056325328
2,1501,1503,0.15400970644955653
1,1515,1516,0.15401081192282276
1,1518,1519,0.1540151071745412
1,1525,1526,0.154019138994149
1,1521,1522,0.15402292633171272
1,1526,1527,0.1540264858572714
1,1530,1531,0.15402983204024825
1,1532,1533,0.15403297798961677
1,1521,1522,0.1540359358297781
1,1527,1528,0.15403871687333956
1,1530,1531,0.15404133171685497
1,1527,1528,0.15404379030466125
1,1521,1522,0.15404610197779217
1,1521,1522,0.15404827551491584
1,1520,1521,0.15405031916838702
1,1531,1532,0.15405224069691464
1,1510,1511,0.15405404739563905
2,1511,1513,0.15405574612407996
2,1499,1501,0.15405407582207406
2,1486,1488,0.15405251298417155
2,1499,1501,0.15405104662140467
1,1489,1490,0.15404967043129064
1,1499,1500,0.15405163835994481
1,1507,1508,0.15405348712482225
1,1519,1520,0.154055224537743
0,1512,1512,0.1540568570061361
