1377,29,1406,0.13582161744820806
1397,30,1427,0.1329576194272291
1398,30,1428,0.1302899371975731
1429,29,1458,0.1278552286836709
1435,29,1464,0.12555248116627246
1458,29,1487,0.12343866725821825
1458,29,1487,0.12145352422367023
1461,28,1489,0.11964663474421668
1461,30,1491,0.11799422867464732
1452,31,1483,0.11648973869285509
1447,32,1479,0.11514238968296427
1450,34,1484,0.11392766725452579
1452,33,1485,0.11281477934551147
1464,33,1497,0.11179685670488626
1459,33,1492,0.11084191100574042
1450,33,1483,0.10998404090689544
1461,32,1493,0.10922379777716121
1463,30,1493,0.10850633474343699
1473,30,1503,0.1078486731980114
1477,29,1506,0.10722710821528844
1478,31,1509,0.10665251476452138
1472,31,1503,0.10612684920598041
1471,31,1502,0.10566261874555594
1465,31,1496,0.10524212956485311
1467,34,1501,0.10487302495362048
1459,32,1491,0.10453239376851457
1459,32,1491,0.10423951997029855
1478,32,1510,0.10397305927099844
1464,32,1496,0.10368892136429504
1462,34,1496,0.10346098353005108
1451,35,1486,0.1032579125273046
1451,35,1486,0.1030972124391603
1444,35,1479,0.10295105182204085
1454,35,1489,0.10283336788578445
1460,37,1497,0.10270445942813022
1471,37,1508,0.10257394155165621
1473,39,1512,0.10243155215669116
1470,42,1512,0.10229764637692201
1456,44,1500,0.10218257266877132
1452,43,1495,0.10210789302805204
1448,46,1494,0.10204880718248713
1448,46,1494,0.10200360943300885
1461,47,1508,0.10196260495040041
1453,47,1500,0.10189682445319435
1450,46,1496,0.10185437904148657
1445,44,1489,0.10182260009027293
1453,44,1497,0.10180438797509801
1444,41,1485,0.10177049344201197
1440,41,1481,0.10175908454221162
1436,40,1476,0.10175732112445825
1445,38,1483,0.10176425349152819
1451,38,1489,0.10175120948340609
1448,40,1488,0.10172612426059569
1452,40,1492,0.1017094212932857
1462,41,1503,0.10168565843349917
1456,43,1499,0.10164293368774907
1460,43,1503,0.10161681720616421
1448,42,1490,0.10158435520656325
1445,43,1488,0.1015809025880758
1435,43,1478,0.10158435910154066
1430,45,1475,0.10160940857543008
1438,45,1483,0.1016428601974189
1442,45,1487,0.10165639686139157
1444,44,1488,0.1016599842085812
1448,45,1493,0.10165904487012453
1463,45,1508,0.10164945590751433
1453,46,1499,0.10160828284667783
1450,48,1498,0.1015923225596611
1449,48,1497,0.10158422341252532
1452,46,1498,0.10157928771635845
1455,49,1504,0.10156877833145966
1447,47,1494,0.101552813925334
1448,48,1496,0.10155526432683093
1447,50,1497,0.101555263882608
1446,47,1493,0.1015573290899955
1433,47,1480,0.10156139674673381
1437,48,1485,0.10159328440047227
1441,47,1488,0.10161361879811207
1442,48,1490,0.10162335616891799
1444,49,1493,0.10163016417779129
1455,50,1505,0.10163243502462155
1446,51,1497,0.10161140869603873
1440,51,1491,0.10161156666822344
1451,53,1504,0.10162439555112494
1434,55,1489,0.1016126444515632
1440,55,1495,0.10163826043648544
1451,54,1505,0.10164858942478645
1442,55,1497,0.10163446895457738
1459,52,1511,0.10164148179498532
1455,56,1511,0.10161092717486549
1450,57,1507,0.10159143846435477
1446,58,1504,0.10158496947757481
1450,56,1506,0.1015872897060171
1441,57,1498,0.10158120934675367
1440,58,1498,0.10159597834536097
1437,55,1492,0.10161118904327422
1446,58,1504,0.10163201829898316
1440,58,1498,0.10163154781773732
1440,59,1499,0.10164388778672168
1437,62,1499,0.10165488023109852
1442,62,1504,0.10167179617947181
1441,62,1503,0.10167632356729815
1443,63,1506,0.1016824098802687
1441,64,1505,0.10168390273460048
1447,65,1512,0.10168936682122375
1431,66,1497,0.10168163620311503
1425,68,1493,0.1017094508393081
1433,73,1506,0.10174735874861156
1430,77,1507,0.10176527792085689
1435,79,1514,0.1017879233714833
1439,80,1519,0.1017979318957215
1442,78,1520,0.10179818427948234
1439,78,1517,0.10179256568507764
1444,77,1521,0.10179390454505238
1445,80,1525,0.10178443558624573
1436,81,1517,0.10177397668425023
1416,80,1496,0.10178418448540942
1412,79,1491,0.10183626246689631
1419,80,1499,0.1018922960531911
1417,79,1496,0.10192843453882648
1425,80,1505,0.10196575168396535
1425,79,1504,0.10198279959921287
1420,78,1498,0.10199815132223838
1416,77,1493,0.10202293283398603
1413,76,1489,0.10205380859890126
1412,77,1489,0.10208963258457385
1420,80,1500,0.10212430999829508
1416,80,1496,0.10213801877319018
1405,82,1487,0.10215950311434768
1401,81,1482,0.1022034164836951
1393,82,1475,0.10225195173790795
1390,78,1468,0.10231346042266906
1393,80,1473,0.10237637053912955
1395,81,1476,0.10242748890368816
1393,82,1475,0.1024690448842332
1376,86,1462,0.10251157649803323
1392,86,1478,0.10258673077597502
1393,89,1482,0.102620866721815
1385,94,1479,0.10264968702657642
1390,97,1487,0.10269406638120245
1387,99,1486,0.10272399386174418
1385,100,1485,0.10275796225067513
1377,101,1478,0.1027933375255409
1400,103,1503,0.10284278342424553
1394,100,1494,0.10283771285688598
1391,104,1495,0.10284581993881278
1374,102,1476,0.10285936252766728
1379,106,1485,0.1029087279282973
1389,104,1493,0.10294317426814258
1382,107,1489,0.10295350996062293
1378,107,1485,0.1029784176722477
1370,109,1479,0.10301043466845652
1375,108,1483,0.10305752036326486
1375,111,1486,0.10308943599493464
1363,112,1475,0.10311893767870493
1373,115,1488,0.10317209958059806
1373,116,1489,0.1031990571790715
1384,115,1499,0.10322369415458711
1381,110,1491,0.10322178897206444
1393,113,1506,0.1032264876040924
1397,110,1507,0.10320509106468417
1387,113,1500,0.10317635732648923
1391,115,1506,0.1031722958588059
1380,119,1499,0.10316003291299808
1390,117,1507,0.10317304215231218
1387,118,1505,0.10316338255009132
1381,117,1498,0.1031615665009744
1383,119,1502,0.10317291047998754
1368,118,1486,0.10317874796577811
1371,116,1487,0.10321745104552277
1383,115,1498,0.10324516892340607
1376,116,1492,0.10324413213930651
1370,117,1487,0.1032585758867105
1385,114,1499,0.10328409203393481
1383,115,1498,0.10327527815050348
1376,117,1493,0.10327192731213315
1372,117,1489,0.1032849492572196
1381,118,1499,0.10330533975292112
1376,121,1497,0.10330374722079178
1366,121,1487,0.10331308245912965
1371,123,1494,0.1033431592584638
1370,126,1496,0.10335937025018498
1382,125,1507,0.10337686825702301
1373,124,1497,0.1033664918004935
1375,125,1500,0.10337723474329075
1354,126,1480,0.10338220451745644
1371,124,1495,0.10343336581663114
1360,127,1487,0.10344278668488084
1353,127,1480,0.10347521897453699
1346,125,1471,0.10352066470869638
1368,125,1493,0.10357718084389625
1364,127,1491,0.10358090465937034
1368,125,1493,0.10359296301472674
1376,123,1499,0.10359565940201479
1365,123,1488,0.10358042517024049
1370,125,1495,0.10358988607114526
1373,129,1502,0.10358730702729192
1375,127,1502,0.1035785882385371
1382,127,1509,0.10356619518142024
1373,127,1500,0.10353938244760794
1372,127,1499,0.1035349516226767
1375,126,1501,0.1035334792961046
1370,128,1498,0.10352572831283684
1365,131,1496,0.10352901995678743
1363,130,1493,0.10354357717197896
1367,130,1497,0.10356162921649462
1347,127,1474,0.10356940812166408
1355,128,1483,0.10362099819006264
1373,124,1497,0.10365026950253803
1380,124,1504,0.1036376716611323
1365,120,1485,0.1036104975869648
1371,115,1486,0.10361855557437971
1370,115,1485,0.10361232523589292
1376,112,1488,0.1036080597642186
1376,114,1490,0.10359021901042187
1377,112,1489,0.10357449063654894
1370,116,1486,0.10355808061074771
1380,113,1493,0.10355883282207394
1378,112,1490,0.10353744832667243
1374,110,1484,0.10352238690767848
1376,112,1488,0.10351683343721893
1379,111,1490,0.1035072085544694
1396,112,1508,0.10349190611603913
1388,114,1502,0.1034413109431151
1393,117,1510,0.10341231862335899
1388,118,1506,0.10337452948181763
1380,114,1494,0.10335159628023999
1376,114,1490,0.10334819203298369
1362,116,1478,0.10335391285491966
1363,115,1478,0.10338955297948932
1371,113,1484,0.10342004200370138
1368,116,1484,0.10342981673196441
1382,122,1504,0.10344613191099604
1389,120,1509,0.10343092867244302
1377,118,1495,0.10340232376645886
1365,117,1482,0.10340248996698743
1367,122,1489,0.10342845939977327
1364,122,1486,0.10344654767036626
1373,122,1495,0.10346989034865561
1372,122,1494,0.10347178301185032
1372,124,1496,0.1034757389371085
1363,125,1488,0.10347944370182972
1359,125,1484,0.10350215688607232
1359,126,1485,0.1035321329169734
1357,127,1484,0.10355957217638895
1359,129,1488,0.10358913283113004
1371,134,1505,0.10361203618745485
1371,132,1503,0.10360717830268332
1378,132,1510,0.10360275535516941
1377,131,1508,0.10358313977449414
1368,130,1498,0.10356732515268291
1374,121,1495,0.10357271341197631
1372,125,1497,0.10356485717638185
1366,128,1494,0.10356177301777084
1371,126,1497,0.10357128468618818
1372,127,1499,0.1035696741056985
1355,127,1482,0.10356613655954193
1364,131,1495,0.10360031711190748
1372,133,1505,0.10361258368432426
1371,137,1508,0.10360639243608963
1370,136,1506,0.10360338180772156
1366,136,1502,0.10360287872670572
1353,138,1491,0.10361137036078624
1356,141,1497,0.1036477595995041
1345,140,1485,0.10367426812319121
1350,139,1489,0.10372270477615615
1350,143,1493,0.1037564741407358
1356,142,1498,0.10378722287502304
1359,140,1499,0.10380197640147035
1354,144,1498,0.10380835159077215
1357,140,1497,0.10382464447782443
1346,148,1494,0.10383359278750667
1346,148,1494,0.1038661308562845
1332,155,1487,0.10389629212267028
1331,155,1486,0.10395449399465197
1342,153,1495,0.10401033113022425
1343,155,1498,0.10403818900043461
1343,158,1501,0.10406184419769261
1339,161,1500,0.10408335572539268
1340,164,1504,0.10411269428829732
1342,166,1508,0.10413683119829983
1343,167,1510,0.1041552746490446
1339,166,1505,0.104169348302573
1343,172,1515,0.10419108558638093
1341,172,1513,0.10420301230103426
1324,170,1494,0.10421781449542084
1323,168,1491,0.10426793084593404
1326,170,1496,0.10431602593166155
1323,176,1499,0.10435331845728012
1325,171,1496,0.10439411143918967
1315,173,1488,0.10442713572134987
1311,173,1484,0.10447908674166025
1315,176,1491,0.10453525269052295
1326,178,1504,0.10457767894993776
1318,176,1494,0.10459311040293351
1326,171,1497,0.10462415155721541
1327,170,1497,0.10463488907950344
1319,167,1486,0.10464290641902288
1326,171,1497,0.10466766450965598
1333,181,1514,0.1046748743856823
1317,177,1494,0.10466633313812673
1315,178,1493,0.10469305210169035
1320,179,1499,0.10472201430005473
1321,181,1502,0.10473802204931001
1326,176,1502,0.1047509192021937
1307,175,1482,0.10475161400920349
1308,176,1484,0.10479337071059121
1305,173,1478,0.10482891253725941
1310,183,1493,0.10486881927501529
1308,190,1498,0.10489442704167075
1296,188,1484,0.10492237335719792
1312,194,1506,0.10497553606975822
1309,195,1504,0.10498844777052202
1307,197,1504,0.10500634167984853
1313,193,1506,0.10502773096773205
1312,196,1508,0.1050340804937193
1314,196,1510,0.1050430794012857
1296,200,1496,0.10504679472367386
1300,201,1501,0.10509145391337697
1305,202,1507,0.10512315876758371
1309,206,1515,0.10514143157785959
1294,207,1501,0.10514895374049316
1293,205,1498,0.10518895707960745
1294,207,1501,0.10522686589029263
1289,207,1496,0.10525908732381353
1266,208,1474,0.10529962526841928
1280,212,1492,0.10538755732306346
1282,210,1492,0.10543768813649054
1294,212,1506,0.10547909561026732
1298,213,1511,0.10549066681877878
1294,206,1500,0.10549184723412573
1291,208,1499,0.10550171074294436
1286,205,1491,0.10551742056282347
1284,208,1492,0.10554251015839043
1286,207,1493,0.10557037018659962
1282,210,1492,0.10559143287694067
1287,209,1496,0.10562008931135894
1288,209,1497,0.1056352385583217
1288,212,1500,0.10564709310934953
1292,215,1507,0.10565773229933395
1283,211,1494,0.10565747736755479
1266,208,1474,0.10567798775425623
1280,211,1491,0.10573468630500661
1292,216,1508,0.10575552158430028
1274,218,1492,0.10574863748168216
1270,216,1486,0.10578276088677344
1265,215,1480,0.10582291346114876
1272,217,1489,0.10587012432513962
1272,217,1489,0.10589806410489526
1269,219,1488,0.10592346252484595
1275,214,1489,0.10595420641627473
1272,213,1485,0.1059689032555673
1283,215,1498,0.10598968979593135
1279,219,1498,0.1059844751546596
1271,218,1489,0.10598822430969382
1263,221,1484,0.10600902465251767
1260,224,1484,0.1060470306988761
1265,224,1489,0.10608843791614846
1266,229,1495,0.10611485128939241
1270,228,1498,0.10613728489924586
1264,226,1490,0.10614902638802
1251,226,1477,0.10617393862699291
1254,229,1483,0.10622536891641746
1262,226,1488,0.10626596624977439
1259,232,1491,0.10628598678452043
1266,243,1509,0.10631120391340505
1254,242,1496,0.10631899824839415
1260,242,1502,0.10635435649030509
1253,242,1495,0.10637320388738936
1256,245,1501,0.10640624566735124
1249,249,1498,0.10642783707797072
1246,252,1498,0.10646290178476712
1232,252,1484,0.10650196267838254
1237,254,1491,0.10656920605172436
1242,253,1495,0.10661964305449519
1244,251,1495,0.10665442550410668
1257,257,1514,0.10668236028738694
1264,249,1513,0.10667857219626864
1257,248,1505,0.10666028150108114
1253,248,1501,0.10665954750215294
1249,244,1493,0.10666847453303192
1250,246,1496,0.10668599462250579
1244,239,1483,0.10669951343452214
1247,237,1484,0.10672492589013977
1258,245,1503,0.10674198881081608
1247,249,1496,0.10673390147855055
1236,251,1487,0.10675136923628056
1236,256,1492,0.10679185157218918
1232,252,1484,0.10682980150251584
1243,256,1499,0.10687348429240248
1241,258,1499,0.10688979475651177
1248,260,1508,0.10690887665385361
1243,258,1501,0.10691113231317541
1238,263,1501,0.10692436990959968
1224,260,1484,0.1069482201927308
1223,269,1492,0.10700075389780726
1210,269,1479,0.10705220355782806
1206,269,1475,0.10713013295272329
1217,271,1488,0.10721006518477562
1215,275,1490,0.10725902432456602
1207,274,1481,0.10730908267501524
1204,272,1476,0.1073734148872693
1208,278,1486,0.10743821652255434
1206,276,1482,0.10748888527485975
1210,278,1488,0.1075394785733285
1205,283,1488,0.10757792812816774
1198,286,1484,0.10762442255366166
1216,295,1511,0.1076835409206798
1210,301,1511,0.10769828316189106
1198,306,1504,0.1077263843462453
1197,306,1503,0.10778028765098192
1202,305,1507,0.10783184067677137
1205,299,1504,0.10786747926451275
1202,301,1503,0.10789334568865173
1217,303,1520,0.10792484576618872
1218,297,1515,0.10791939187664877
1223,299,1522,0.10791228384930437
1218,296,1514,0.10789420358940234
1208,297,1505,0.10788980722143726
1210,296,1506,0.10790809430792397
1206,293,1499,0.10792095892188389
1212,296,1508,0.10794155608119055
1214,301,1515,0.10794726730179229
1213,299,1512,0.10794726422665482
1209,300,1509,0.10795013854733895
1209,299,1508,0.10796181409389312
1204,304,1508,0.10797277700344864
1194,301,1495,0.10799408626727118
1198,299,1497,0.1080351943575242
1182,297,1479,0.10806385319339143
1198,288,1486,0.10812641321378293
1201,285,1486,0.10814719007660405
1201,290,1491,0.1081596067578738
1207,295,1502,0.10817248022694778
1211,301,1512,0.10817041447486055
1226,296,1522,0.10816054640958918
1211,297,1508,0.10811740308238321
1203,301,1504,0.10810969635679314
1197,299,1496,0.10812171169692844
1192,302,1494,0.10814720986513382
1196,297,1493,0.10818321881698605
1198,298,1496,0.1082067528031031
1213,290,1503,0.10822286293007206
1216,288,1504,0.1082037775533696
1207,290,1497,0.10818011880909228
1215,287,1502,0.10817775462778137
1215,290,1505,0.10815927578206903
1210,292,1502,0.10814115478061645
1221,295,1516,0.10813578877873786
1232,295,1527,0.1081063969675509
1239,290,1529,0.10805469227864752
1229,291,1520,0.10799142557262595
1221,293,1514,0.10795662835971775
1222,293,1515,0.10794297333788119
1220,290,1510,0.10792777952303993
1222,292,1514,0.10791665750775042
1214,292,1506,0.10790252494311034
1210,287,1497,0.10790767931769231
1203,289,1492,0.10792071295656239
1205,289,1494,0.10794687116816462
1211,293,1504,0.10796561688471565
1217,292,1509,0.10796953045615176
1220,287,1507,0.10795864527356361
1222,281,1503,0.10794228593267931
1225,276,1501,0.10792404584472169
1224,283,1507,0.1079003447400347
1218,285,1503,0.10788065375849211
1216,293,1509,0.1078759543273826
1205,289,1494,0.10787640482882224
1206,288,1494,0.1079016581950407
1199,296,1495,0.10792356674542102
1202,296,1498,0.10795926089344075
1197,301,1498,0.10798566794646637
1196,303,1499,0.10802096721681519
1197,299,1496,0.10805609048463818
1189,304,1493,0.10808544048786554
1198,299,1497,0.10813145497527671
1196,306,1502,0.10815316415832506
1199,310,1509,0.10817793386572117
1186,311,1497,0.1081935748353051
1183,308,1491,0.10823892000018386
1183,309,1492,0.10828731081893046
1185,317,1502,0.10833125406144495
1175,316,1491,0.10836687453136364
1183,321,1504,0.10842183572091732
1183,321,1504,0.10845385703402555
1176,318,1494,0.10848349681561494
1168,318,1486,0.10852562768288156
1174,318,1492,0.10858302306349955
1182,312,1494,0.1086221694185138
1182,315,1497,0.1086410389535811
1180,317,1497,0.10865837670649009
1184,324,1508,0.10867842309936707
1195,322,1517,0.10868859809766672
1186,320,1506,0.10867358075268456
1187,321,1508,0.10868090116983119
1190,322,1512,0.10868571870914291
1177,329,1506,0.10868342862864828
1178,330,1508,0.10871094900132128
1174,329,1503,0.10873347204800264
1174,329,1503,0.10876270591725506
1164,328,1492,0.10879094910645498
1168,331,1499,0.10884074524308904
1163,333,1496,0.1088774224309172
1153,332,1485,0.10892220878834495
1161,339,1500,0.1089871525345265
1166,341,1507,0.10902875242782031
1170,341,1511,0.1090563959582647
1177,332,1509,0.10907183488466486
1176,332,1508,0.10906872931616889
1169,331,1500,0.10906906936514814
1157,341,1498,0.10908414827721798
1161,345,1506,0.10912523212308343
1165,346,1511,0.10915420499423113
1155,345,1500,0.10917185802188037
1153,347,1500,0.10921001488058693
1153,345,1498,0.1092502639535164
1163,340,1503,0.10928818208661462
1167,336,1503,0.10929944820644762
1172,342,1514,0.1093006703135886
1159,342,1501,0.1092904767453182
1166,333,1499,0.10931030302110312
1157,327,1484,0.1093122125734799
1165,322,1487,0.10933479899199149
1172,327,1499,0.10933728807691459
1163,337,1500,0.10932378468626534
1154,337,1491,0.10933250686719888
1152,337,1489,0.10936080273733387
1155,339,1494,0.1093914628020314
1165,340,1505,0.10941309954019321
1148,343,1491,0.10941087091538973
1142,341,1483,0.10944924429751003
1143,344,1487,0.10949693921247022
1137,352,1489,0.10953788524795151
1138,358,1496,0.1095895573566943
1125,356,1481,0.10963573954441809
1134,352,1486,0.10970832425110821
1132,351,1483,0.10975404854396252
1150,355,1505,0.1098007235978578
1146,357,1503,0.10980161976789915
1153,353,1506,0.10981043190946602
1156,355,1511,0.10980344962324227
1156,360,1516,0.10979008637247806
1148,358,1506,0.10977849289227258
1150,356,1506,0.10978641644807192
1159,359,1518,0.10978975578646029
1157,363,1520,0.10977393588482152
1154,360,1514,0.10976374965286897
1146,363,1509,0.1097621474310915
1145,368,1513,0.1097782653838609
1151,363,1514,0.1097960878033128
1144,366,1510,0.10979969722510323
1129,359,1488,0.1098199100370843
1133,368,1501,0.10987240278294234
1131,366,1497,0.10991118127922331
1126,378,1504,0.10995121951754212
1126,374,1500,0.11000111986790846
1133,371,1504,0.11004577946581832
1117,379,1496,0.11007179715033885
1112,378,1490,0.11013216533665532
1101,372,1473,0.1102000789081729
1105,376,1481,0.11028762929114447
1112,380,1492,0.1103602634484881
1108,382,1490,0.11041080589596282
1111,390,1501,0.11046681191056086
1112,392,1504,0.11050997799925201
1107,396,1503,0.11054768219378465
1107,395,1502,0.11059424438691995
1106,400,1506,0.11063693457497781
1110,398,1508,0.11067844253932695
1106,397,1503,0.11070610096545419
1105,398,1503,0.11074034603504518
1103,397,1500,0.11077460211400066
1095,396,1491,0.11081096839229714
1103,394,1497,0.11086267324914229
1111,394,1505,0.11089273161485792
1108,394,1502,0.11090211687035274
1098,399,1497,0.11091847795533337
1107,400,1507,0.110955265396693
1094,399,1493,0.11096856693372902
1095,404,1499,0.11101224731204112
1094,404,1498,0.11104933754905334
1080,409,1489,0.11108532312586977
1071,407,1478,0.11115144142227201
1064,419,1483,0.11123347295042761
1066,420,1486,0.11132663896788475
1079,427,1506,0.11140824611924063
1074,422,1496,0.11145378407719495
1070,416,1486,0.11150690408545141
1072,422,1494,0.11156597925032742
1071,420,1491,0.11161623558303913
1059,427,1486,0.11166622231708877
1049,434,1483,0.11173979440781072
1056,438,1494,0.11183109095562074
1057,437,1494,0.11189884592803608
1058,440,1498,0.11195882412869511
1043,438,1481,0.11201147446659128
1050,443,1493,0.11209339941224919
1052,449,1501,0.11215151880871373
1054,452,1506,0.11220177265524818
1055,455,1510,0.11224391461421554
1061,455,1516,0.11227985707524764
1058,457,1515,0.11230072599804815
1058,454,1512,0.11232818552839671
1056,454,1510,0.11235452433683518
1058,455,1513,0.11238257906624675
1052,451,1503,0.1124036985844618
1050,462,1512,0.11243602503935411
1046,462,1508,0.11247308037079275
1042,465,1507,0.11251585616812967
1043,460,1503,0.11256528502534521
1036,451,1487,0.11260746295423615
1040,453,1493,0.11266371276528168
1046,448,1494,0.11270580164252725
1056,449,1505,0.11272953354991401
1053,449,1502,0.11272933978254118
1055,450,1505,0.11273674716752825
1050,450,1500,0.11274047661202363
1054,453,1507,0.11275556641041799
1049,453,1502,0.11276004454638239
1046,458,1504,0.1127748140773484
1037,455,1492,0.11279593540490832
1034,452,1486,0.11283527626331949
1047,450,1497,0.11287754323501133
1050,453,1503,0.11288654175223962
1041,453,1494,0.11288930907047011
1045,454,1499,0.11291240297859426
1042,457,1499,0.11292507403857094
1045,457,1502,0.11294309126668516
1041,458,1499,0.11295339353983408
1034,462,1496,0.1129714472026339
1043,467,1510,0.11300364413026294
1038,464,1502,0.11301273581088785
1032,468,1500,0.11303420673206346
1036,470,1506,0.11306677067910144
1031,469,1500,0.11308695429502201
1033,475,1508,0.11311557454241732
1035,477,1512,0.11313914767774755
1019,468,1487,0.11315541673932912
1014,469,1483,0.11320891801653138
1019,466,1485,0.11327044232196336
1017,469,1486,0.11331616152561771
1027,470,1497,0.11336297066733415
1044,470,1514,0.11338200919386068
1046,460,1506,0.11336021489147349
1036,451,1487,0.11333670752817061
1035,459,1494,0.11333787536981714
1031,459,1490,0.1133409719331663
1042,459,1501,0.11335450487419291
1041,471,1512,0.11334104771282628
1037,473,1510,0.11333026768746812
1035,474,1509,0.11332979362826662
1028,468,1496,0.11333444639768699
1023,470,1493,0.11335565914839758
1028,474,1502,0.11338706941593799
1026,481,1507,0.1134029070676673
1016,480,1496,0.11342322947772254
1020,488,1508,0.1134648267981353
1017,490,1507,0.11349268415276899
1021,486,1507,0.11352611368255332
1012,493,1505,0.11354817572490088
999,489,1488,0.11359097005164312
1005,486,1491,0.11366175488345757
1008,485,1493,0.11371291557573773
1003,496,1499,0.11375381885842163
1006,499,1505,0.1138037573331734
1007,495,1502,0.11384244372772842
1006,495,1501,0.11387497678263823
1006,500,1506,0.1139068662291357
1006,502,1508,0.11393724314039753
993,509,1502,0.11396605994935552
991,506,1497,0.11402342691291092
986,504,1490,0.11408147117647807
981,518,1499,0.11414719319910813
974,516,1490,0.11421961251917319
974,515,1489,0.11430313804984028
974,501,1475,0.11438004236433504
979,508,1487,0.11445131789525345
986,510,1496,0.11450501913149214
987,508,1495,0.11453880267219568
991,518,1509,0.11456709776739536
987,520,1507,0.11458372757403158
984,520,1504,0.11460819329261263
979,525,1504,0.11463895976210672
979,521,1500,0.11467864164976131
967,518,1485,0.11471697642446496
968,525,1493,0.11478127522501815
971,528,1499,0.11483727669686881
964,535,1499,0.11488273223030697
967,533,1500,0.11494115928036429
968,532,1500,0.11498775562307788
968,537,1505,0.11502863332006172
968,536,1504,0.11506561648790072
973,537,1510,0.11509954374717694
966,529,1495,0.11511887687633844
981,529,1510,0.11515387630891234
974,528,1502,0.11515159724205205
983,529,1512,0.11516576088804278
986,531,1517,0.1151573024164757
976,542,1518,0.11514242900084183
967,537,1504,0.1151530596696859
973,532,1505,0.11518614284081038
965,527,1492,0.11520235692654568
961,533,1494,0.11523623090646247
967,538,1505,0.11527849113571596
955,534,1489,0.11530463901120105
952,544,1496,0.11535691978275611
956,546,1502,0.1154118078447438
957,561,1518,0.11545274352047906
956,562,1518,0.11548856575081311
941,564,1505,0.11552371729047199
946,563,1509,0.11559304505413728
942,568,1510,0.11564512140720908
952,565,1517,0.11570164271589457
948,563,1511,0.1157302087384996
939,570,1509,0.11576631982605771
931,571,1502,0.1158205916379751
934,574,1508,0.11588956346476152
942,573,1515,0.11594573081511651
924,572,1496,0.11597940836251656
924,575,1499,0.11605329144871249
922,573,1495,0.1161208412860235
927,565,1492,0.11618707537087136
926,576,1502,0.11623656810440008
923,580,1503,0.11628629094450214
910,586,1496,0.11634041200742974
913,580,1493,0.11642127211805736
918,578,1496,0.11648883997546972
915,579,1494,0.11654072705040111
907,586,1493,0.11659604639445993
912,584,1496,0.11666798006025132
922,583,1505,0.11672188298411662
926,579,1505,0.11674734650850015
922,595,1517,0.1167596796592514
908,594,1502,0.11678042797536196
906,594,1500,0.11683299583390688
909,598,1507,0.11688596429039233
905,584,1489,0.11692727104494616
904,585,1489,0.11697537225713253
911,576,1487,0.11702111733366694
917,576,1493,0.11704691896767734
918,586,1504,0.11705587111925488
910,593,1503,0.11706345929885792
910,596,1506,0.11708934358033225
906,602,1508,0.11711347959563585
905,601,1506,0.11714433052233013
900,606,1506,0.11717609349271907
895,607,1502,0.11721825754845806
897,604,1501,0.11727206904300229
891,603,1494,0.11731734128833078
895,613,1508,0.1173735434503275
902,620,1522,0.11741716150953932
896,626,1522,0.11743991520075252
894,617,1511,0.1174751765140136
876,625,1501,0.11751248567727822
886,626,1512,0.11758962748429239
882,620,1502,0.11763787133161671
889,620,1509,0.11769163225357068
878,626,1504,0.11772473555390593
877,640,1517,0.11778347831918579
890,635,1525,0.11783842508665417
884,632,1516,0.11785917529146835
885,628,1513,0.11789343356936736
886,631,1517,0.11792121726208567
870,631,1501,0.11794430358492701
871,625,1496,0.11800383542441704
870,627,1497,0.11805607509899087
869,629,1498,0.11810722076647387
865,638,1503,0.11815803505692588
868,634,1502,0.11821470877165208
858,640,1498,0.11826012940882905
864,636,1500,0.11832586775022456
859,634,1493,0.11837274525948686
855,639,1494,0.11842815326378829
850,642,1492,0.11848778719540644
851,647,1498,0.11855575856194037
835,649,1484,0.11861503799844457
841,654,1495,0.1187075906095265
852,663,1515,0.11878056134645174
841,668,1509,0.1188233511779455
832,666,1498,0.1188893282473173
838,665,1503,0.11897261161205908
834,663,1497,0.11903412611738844
838,677,1515,0.11910178940461486
840,678,1518,0.11915524108351391
842,671,1513,0.11919897680919185
838,666,1504,0.11923498072247637
832,671,1503,0.11927803141422468
842,672,1514,0.11933224345003474
844,661,1505,0.11935688229051973
848,661,1509,0.11937432162523454
848,660,1508,0.11938096030713037
840,665,1505,0.11938823274113186
828,671,1499,0.11941350436032305
831,676,1507,0.1194665527153569
821,679,1500,0.1195074384617104
824,671,1495,0.11957246157693202
835,681,1516,0.11962454130781294
827,672,1499,0.11964606095418447
825,671,1496,0.11968461982785343
821,676,1497,0.11972414528221062
828,684,1512,0.11977184915539445
825,682,1507,0.11979881015913164
823,676,1499,0.11983137499229116
819,682,1501,0.1198663492027932
814,677,1491,0.11990959091274726
820,686,1506,0.11996146008345629
817,690,1507,0.11999548029467608
805,689,1494,0.1200324873213886
808,685,1493,0.12009541759569928
811,683,1494,0.1201457638248717
811,684,1495,0.12018693319654548
813,688,1501,0.12022401537613982
813,696,1509,0.12025564055749825
807,699,1506,0.12028557650601641
812,693,1505,0.1203286028140811
813,687,1500,0.12035675404438288
802,693,1495,0.12037928210549971
801,691,1492,0.12042790066914741
809,700,1509,0.1204767414233789
810,704,1514,0.12050229827402266
801,695,1496,0.12052321981722994
803,693,1496,0.1205634503687266
809,695,1504,0.12059663472274536
800,698,1498,0.12061439760306322
796,705,1501,0.1206525307665811
794,708,1502,0.12069847647301486
798,709,1507,0.12074531666071002
785,717,1502,0.12077891038204765
794,717,1511,0.12084121843874747
799,721,1520,0.12087902083401036
786,715,1501,0.12090213442131217
784,715,1499,0.12095407004198204
783,716,1499,0.12100756212127883
776,717,1493,0.1210585782460014
774,717,1491,0.12112292040498362
772,710,1482,0.1211864981653099
784,710,1494,0.1212526206521748
786,706,1492,0.1212826122853648
791,702,1493,0.12130368201103348
790,703,1493,0.12130997984560399
790,707,1497,0.12131844890773034
805,702,1507,0.12132460064227489
795,700,1495,0.12129587757667387
797,697,1494,0.12129387003870937
807,699,1506,0.12128680701313681
806,703,1509,0.12125630680515634
802,694,1496,0.12123049724246573
806,698,1504,0.12121617337623271
800,694,1494,0.1211939657590187
794,702,1496,0.1211892835102269
800,709,1509,0.1212000893360334
802,714,1516,0.12119517305285346
803,719,1522,0.12118689765289847
798,717,1515,0.12117732715479289
801,717,1518,0.12117935274137662
793,714,1507,0.12117595088078423
805,708,1513,0.1211928475520153
796,716,1512,0.12117846553033437
796,720,1516,0.12118864819035814
793,720,1513,0.12119860700308895
793,719,1512,0.12121488677105369
787,712,1499,0.12122891217241447
779,717,1496,0.12125675881516344
785,715,1500,0.12130354629433153
788,725,1513,0.12133264220563297
783,719,1502,0.12135337192430477
774,727,1501,0.12138555241502325
780,730,1510,0.12143742254463125
782,732,1514,0.12147092273034817
779,728,1507,0.12149771378000196
776,730,1506,0.12152997757172129
778,725,1503,0.12156732191496392
776,729,1505,0.12159647293713585
779,727,1506,0.12163030440943512
778,735,1513,0.12165360087273061
778,728,1506,0.1216767832541887
772,733,1505,0.1217002437674199
771,732,1503,0.12173465875175848
774,728,1502,0.12176894044388248
776,731,1507,0.1217942967171269
770,726,1496,0.1218113091452523
757,722,1479,0.1218425359165607
757,722,1479,0.12190417305435379
764,730,1494,0.12196202118318007
754,739,1493,0.12199806279902986
755,747,1502,0.12205786814983398
760,749,1509,0.12211162360131043
760,747,1507,0.12215081644035586
764,738,1502,0.12218800920620412
765,738,1503,0.12221267746260481
760,736,1496,0.12223403686836029
757,749,1506,0.12226545353614082
752,749,1501,0.12230180130657096
759,750,1509,0.12234736916366597
758,748,1506,0.12237296475115325
761,743,1504,0.12239939292881044
757,755,1512,0.12241735426030971
755,754,1509,0.12244603618125251
758,744,1502,0.12247822030630008
756,749,1505,0.122501325804412
757,764,1521,0.12252862948209454
741,761,1502,0.12255122219297583
746,762,1508,0.1226098779197236
749,757,1506,0.12265241502694982
753,756,1509,0.12268485717621341
748,772,1520,0.1227064785158138
745,764,1509,0.12273965508029391
734,766,1500,0.12277769705270986
740,760,1500,0.12283904432450775
744,757,1501,0.12288149055050507
746,763,1509,0.12290867319074483
752,761,1513,0.12292896163666328
755,761,1516,0.1229335133825697
753,770,1523,0.12292979650917679
750,771,1521,0.12292997362749453
744,777,1521,0.12293719622611259
742,771,1513,0.12295807557934271
747,775,1522,0.12298348958820983
756,784,1540,0.12299398971471916
755,773,1528,0.12298259094825076
750,772,1522,0.12297524531830539
742,766,1508,0.12298119153617154
735,766,1501,0.12300642192221047
732,765,1497,0.12304770939472653
725,769,1494,0.12309486908281145
729,775,1504,0.12315513615540034
724,782,1506,0.12320140185346094
726,779,1505,0.12325614561663865
734,771,1505,0.12330219611134076
732,774,1506,0.12332593436456446
729,776,1505,0.1233536457803512
734,772,1506,0.12338730228083002
732,772,1504,0.12340518545820245
725,781,1506,0.12342840159136692
720,783,1503,0.12346631440244663
720,782,1502,0.12351332019472114
723,789,1512,0.12355853429725115
720,795,1515,0.12359300671833907
710,805,1515,0.1236341133161039
714,808,1522,0.12369819357341477
697,806,1503,0.12374653547190935
692,798,1490,0.12383467113702844
687,802,1489,0.12393001821545034
684,808,1492,0.12403005865183164
690,812,1502,0.12412899104293597
701,812,1513,0.12420569872137203
698,818,1516,0.12425195567696191
690,816,1506,0.12430295448190953
683,823,1506,0.12437024310515017
690,825,1515,0.12445126295876381
680,826,1506,0.12450854444839227
683,827,1510,0.12458777527722269
684,827,1511,0.12465501827751396
674,827,1501,0.12471411350496922
676,826,1502,0.1247955026638316
671,831,1502,0.12486527291821085
676,822,1498,0.12494247442583664
675,830,1505,0.12500197173296163
681,836,1517,0.12505894643071302
674,836,1510,0.12509779532520685
682,840,1522,0.12514930641574806
681,829,1510,0.12517878790141157
679,823,1502,0.12520861728041707
686,828,1514,0.1252412078417485
681,838,1519,0.12525495459587024
670,827,1497,0.12528145074934877
668,838,1506,0.1253330840997311
661,835,1496,0.12538554683947312
667,837,1504,0.12545062294892953
674,838,1512,0.12549647668820646
669,844,1513,0.12552416325000748
671,843,1514,0.12556299365225063
671,849,1520,0.12559487790687743
677,830,1507,0.12562561173792933
673,836,1509,0.12563756808257828
671,841,1512,0.1256585045459147
670,831,1501,0.12568517627613404
669,840,1509,0.12571072656511156
673,845,1518,0.12573754192262812
667,851,1518,0.12575147447449328
665,845,1510,0.1257804156081178
656,847,1503,0.1258130178586253
658,845,1503,0.12586676089474957
662,843,1505,0.12591142788261261
666,844,1510,0.1259442480974645
670,841,1511,0.12596471806402307
665,839,1504,0.1259738091799882
662,842,1504,0.12599408482555266
668,836,1504,0.12602135077317816
667,823,1490,0.12603145614757127
667,826,1493,0.126043547468622
663,830,1493,0.12605374732767635
664,832,1496,0.12607279376540892
665,826,1491,0.12608807261757365
678,842,1520,0.1260999561911207
671,841,1512,0.1260769085154308
666,845,1511,0.12607351279450366
670,849,1519,0.12608226336526104
666,848,1514,0.1260811395151901
661,845,1506,0.1260904029947111
664,845,1509,0.12611077729571504
658,850,1508,0.12612329674434472
653,855,1508,0.12615132903170925
650,862,1512,0.12619073917498191
656,855,1511,0.126235038255672
652,860,1512,0.12626035323917928
655,854,1509,0.12629407254820563
649,865,1514,0.12631931402100163
645,866,1511,0.12635786770539184
652,876,1528,0.12640261303649863
646,867,1513,0.12642603854573228
642,869,1511,0.1264634286627788
644,865,1509,0.12650740056549672
634,867,1501,0.12654184262961285
638,859,1497,0.1265995114777242
636,866,1502,0.1266431527356698
631,872,1503,0.1266882117084382
628,878,1506,0.1267414345305802
629,879,1508,0.1267978223460986
623,874,1497,0.12684717336836948
626,865,1491,0.12690821770870683
630,871,1501,0.12695820255484563
626,874,1500,0.1269940443276865
626,879,1505,0.1270387459689478
632,873,1505,0.1270801054543673
634,872,1506,0.1271011536858987
647,872,1519,0.12711563855768113
641,866,1507,0.12709629650595625
630,879,1509,0.12709346400085686
631,872,1503,0.12711855393957175
624,870,1494,0.12713940994761624
625,882,1507,0.12717533582504817
631,881,1512,0.12720478475577018
630,875,1505,0.12721805818924325
626,877,1503,0.12723151271798622
623,883,1506,0.1272547185970825
626,894,1520,0.12728457768398893
612,905,1517,0.1273068244387304
612,899,1511,0.12736223796018592
608,902,1510,0.12741425067305331
603,897,1500,0.1274754966894349
610,895,1505,0.12754558689730025
605,897,1502,0.12759323495925812
598,905,1503,0.12764967194867036
599,909,1508,0.12772008626659687
591,910,1501,0.12778263160845757
584,908,1492,0.12786150106811567
584,913,1497,0.12795185274562326
590,917,1507,0.12803494547757047
598,918,1516,0.12809871420209984
589,908,1497,0.12813702353048176
597,903,1500,0.12819511206113965
585,907,1492,0.12823052237151747
588,907,1495,0.1282945880925208
596,918,1514,0.12834694693888568
597,920,1517,0.12837605810629069
586,904,1490,0.12840057375539188
587,916,1503,0.1284518807800612
586,917,1503,0.12849604398117506
588,915,1503,0.12854006051581876
581,916,1497,0.12857626228939303
578,912,1490,0.12862903306205736
577,922,1499,0.12868463127757507
573,911,1484,0.12873734744499352
568,928,1496,0.1287961975986882
565,913,1478,0.1288634622208311
569,930,1499,0.12893473218509613
575,942,1517,0.12899211660342602
574,927,1501,0.12903078288259315
574,942,1516,0.12906892357403635
572,939,1511,0.1291039475711694
568,940,1508,0.12914024390805084
574,931,1505,0.1291839634050692
577,927,1504,0.1292087103068289
578,929,1507,0.12922528866642424
573,931,1504,0.12923727578810007
584,935,1519,0.12926156757958374
578,930,1508,0.12925658981879132
583,931,1514,0.1292676254819863
579,937,1516,0.12926648529130738
578,928,1506,0.12927371018691594
566,929,1495,0.1292826513197916
563,934,1497,0.12932051743136375
571,929,1500,0.12936618641150294
579,933,1512,0.12938678142060572
588,937,1525,0.12938721629590824
578,934,1512,0.12936483235305635
571,934,1505,0.12936790799865086
572,929,1501,0.12938904465318493
566,943,1509,0.12940372236446634
569,935,1504,0.12943523220192685
560,948,1508,0.1294565702039333
562,932,1494,0.1294992710257838
565,936,1501,0.12953320112758523
562,936,1498,0.1295583446095947
561,936,1497,0.12958948828893985
561,939,1500,0.12962156943795158
562,940,1502,0.12965090327222512
559,935,1494,0.12967662661700327
574,949,1523,0.12970772588829746
570,967,1537,0.12969822137699832
571,969,1540,0.1297009289837958
568,971,1539,0.1297012902270773
557,963,1520,0.12971077456875027
554,953,1507,0.12974870591915533
554,952,1506,0.1297892181315023
559,959,1518,0.12982735132687
563,969,1532,0.12985105847603193
564,959,1523,0.1298622026896449
567,967,1534,0.1298720467728315
566,960,1526,0.12987374531036952
564,956,1520,0.129878017715951
556,949,1505,0.12988612528576982
555,944,1499,0.1299104070183315
551,940,1491,0.12993671180711777
557,953,1510,0.1299714355665088
566,952,1518,0.12998675849638588
579,963,1542,0.12997848055451325
567,956,1523,0.12993881467424212
572,951,1523,0.12993222030131654
571,946,1517,0.1299144489656886
572,939,1511,0.1299003782971445
570,931,1501,0.1298845829906988
576,944,1520,0.12987528092854614
565,943,1508,0.12985079697036764
564,944,1508,0.12985626933654001
568,947,1515,0.12986293561159531
562,951,1513,0.12985757211151333
555,960,1515,0.1298688004692956
553,966,1519,0.1298955805792674
549,964,1513,0.12992651102419908
551,967,1518,0.12996598100616108
551,960,1511,0.12999847453445523
555,966,1521,0.13002910641733054
554,963,1517,0.13004704987189045
555,973,1528,0.13006488100912517
553,961,1514,0.1300780717372676
557,963,1520,0.1300959037297959
565,960,1525,0.13010396155195533
557,957,1514,0.13009076253805102
543,957,1500,0.13010112928026765
553,960,1513,0.1301452033098758
552,959,1511,0.13015998043036825
546,959,1505,0.1301761910402252
549,963,1512,0.1302058095800554
547,972,1519,0.1302262373698512
537,962,1499,0.13025075862815522
538,965,1503,0.1303001516957857
542,966,1508,0.1303442441135241
544,961,1505,0.13037403173016365
543,978,1521,0.1303975412193146
547,970,1517,0.13042124951415604
543,983,1526,0.13043303603223882
536,984,1520,0.13045432872409293
543,980,1523,0.13049203786423866
536,990,1526,0.1305085630456035
539,988,1527,0.13054166119924976
523,996,1519,0.1305653781961844
517,994,1511,0.13062997124856465
524,998,1522,0.1307047450048285
522,998,1520,0.13075746735798327
514,996,1510,0.13081345196438257
516,998,1514,0.13088724821499137
518,994,1512,0.13095091845472523
517,994,1511,0.13100523820195575
515,1003,1518,0.13105717234107975
509,1004,1513,0.13110997817260098
508,1007,1515,0.13117434939339256
505,1006,1511,0.13123801242800254
500,1015,1515,0.13130488813828972
505,1018,1523,0.1313818195419365
504,1025,1529,0.1314397853528727
499,1005,1504,0.13149595951071522
497,1007,1504,0.13156236869491583
498,1001,1499,0.13162946632875505
496,1013,1509,0.13169012204333438
497,1026,1523,0.13175272552647693
497,1022,1519,0.1318092760662381
498,1014,1512,0.13186204240426458
502,1008,1510,0.13190932740424166
497,1011,1508,0.13194221440432055
498,1013,1511,0.1319836415695038
498,1013,1511,0.13202020773352777
504,1020,1524,0.13205443397308034
501,1010,1511,0.13207263390570753
502,1018,1520,0.13209789571987798
504,1008,1512,0.13212019631085303
499,1003,1502,0.13213583358395997
499,993,1492,0.13216271320766296
493,996,1489,0.132186975970455
491,1009,1500,0.13222429550849882
502,1017,1519,0.1322646034857727
499,1021,1520,0.13227357651142368
490,1027,1517,0.1322919206946176
482,1024,1506,0.13232970202121477
479,1036,1515,0.13238621564275083
482,1012,1494,0.13244619709834937
485,1021,1506,0.13249257911683743
485,1021,1506,0.1325276775502243
485,1028,1513,0.13256247351902165
487,1019,1506,0.13259517724516867
487,1027,1514,0.13262065263282513
490,1025,1515,0.13264508074792844
493,1027,1520,0.13266042539172168
490,1019,1509,0.13266611226521927
484,1023,1507,0.1326790639986939
474,1033,1507,0.13270776670057857
478,1028,1506,0.13276008353275492
477,1033,1510,0.13279779344307424
482,1036,1518,0.1328361916883338
480,1030,1510,0.13285691414246584
483,1028,1511,0.13288222782782294
482,1033,1515,0.1328986765500887
473,1033,1506,0.13291673735292892
475,1041,1516,0.13295617948732075
474,1036,1510,0.13298770398100018
469,1034,1503,0.13301966054669806
472,1034,1506,0.13306218872943806
478,1027,1505,0.13309455596132738
482,1040,1522,0.13310866155515386
476,1027,1503,0.1331114383063824
475,1024,1499,0.13312784740109998
472,1026,1498,0.13314466693583887
473,1035,1508,0.13316949987332324
465,1037,1502,0.13318931063408676
473,1047,1520,0.13322805610504884
471,1038,1509,0.1332436509787467
466,1033,1499,0.1332651805022605
459,1038,1497,0.1332977130523596
457,1029,1486,0.13334378230688732
459,1038,1497,0.13339123422215157
465,1041,1506,0.133429055268673
461,1044,1505,0.13345043857021066
456,1053,1509,0.13348106657805098
451,1054,1505,0.1335240986260709
455,1051,1506,0.1335773822356091
444,1067,1511,0.1336159476264037
448,1060,1508,0.1336800280130728
450,1052,1502,0.13372923872712897
449,1048,1497,0.13377037990819132
442,1057,1499,0.13381165600260383
443,1053,1496,0.1338696104330234
444,1052,1496,0.13392059716313148
440,1055,1495,0.13396451869008158
439,1067,1506,0.13401549750450634
431,1067,1498,0.13406464269628213
429,1065,1494,0.13413002879097205
437,1067,1504,0.13419707018372187
435,1070,1505,0.13423777293751896
430,1059,1489,0.1342807217845178
429,1068,1497,0.13433406102700027
429,1076,1505,0.1343876365515284
431,1087,1518,0.13443752084759397
433,1079,1512,0.13447939059882028
437,1059,1496,0.1345129270653764
439,1071,1510,0.1345325703240917
431,1075,1506,0.13454640414939037
427,1081,1508,0.13458550800527116
429,1073,1502,0.1346339902575922
429,1088,1517,0.13467490113228003
426,1082,1508,0.1347141224212192
421,1081,1502,0.13475803817491713
423,1075,1498,0.1348101391361217
428,1072,1500,0.1348552564018898
428,1078,1506,0.13488599466663337
423,1100,1523,0.13491478539267235
423,1095,1518,0.13495564515507394
419,1097,1516,0.13499423317678289
415,1089,1504,0.13504102524207645
418,1087,1505,0.13509478666705077
412,1099,1511,0.13513733742498685
411,1091,1502,0.1351918243708399
408,1091,1499,0.13524669598764358
406,1098,1504,0.1353056530617325
412,1101,1513,0.13536543650099456
407,1091,1498,0.1354052549627023
407,1104,1511,0.1354559151247568
407,1102,1509,0.1355028773004568
409,1101,1510,0.13554700543234433
413,1102,1515,0.1355832558008229
411,1104,1515,0.13560561406601038
413,1108,1521,0.13563107000451613
408,1115,1523,0.13564902311300872
408,1106,1514,0.13567833997316456
409,1095,1504,0.13570604667812614
418,1090,1508,0.13572831325261878
414,1091,1505,0.1357247680022511
410,1097,1507,0.1357311237542804
405,1093,1498,0.13574830148221761
414,1090,1504,0.1357751153180803
413,1096,1509,0.1357776165538728
417,1101,1518,0.13578127844990381
420,1101,1521,0.13577610290154035
416,1097,1513,0.13576370882741032
409,1089,1498,0.1357624100583332
408,1097,1505,0.13577963979421928
411,1094,1505,0.13579857206330875
406,1093,1499,0.13580899229247906
405,1093,1498,0.13582945332163338
402,1089,1491,0.1358496623501286
407,1103,1510,0.1358770024051352
409,1105,1514,0.1358901143881278
409,1102,1511,0.13589635525722296
406,1101,1507,0.13590159292988893
406,1104,1510,0.13591434934804575
406,1110,1516,0.1359278848785485
410,1090,1500,0.13593895471443745
415,1087,1502,0.13593909520441305
404,1107,1511,0.1359275144064722
404,1098,1502,0.13594379950997912
402,1106,1508,0.1359606521786241
392,1103,1495,0.13598298365078773
404,1102,1506,0.1360303325222488
405,1112,1517,0.1360428602719671
399,1103,1502,0.13605194651624486
404,1107,1511,0.13607309164323808
407,1102,1509,0.1360803618271811
410,1099,1509,0.13607882318399905
412,1101,1513,0.1360692262618867
411,1097,1508,0.13605312998350075
412,1097,1509,0.13604063155465274
413,1106,1519,0.13602654911774453
410,1090,1500,0.1360100994368609
398,1103,1501,0.13600272797350868
404,1099,1503,0.13602949964505334
410,1092,1502,0.13603747547340955
406,1092,1498,0.13602768551844105
417,1089,1506,0.13603037292935183
413,1106,1519,0.13600459033733042
406,1097,1503,0.13599079046694612
403,1106,1509,0.13599793829258755
409,1099,1508,0.13601473748355086
411,1097,1508,0.13601336974773665
401,1101,1502,0.13600662113660003
403,1103,1506,0.13602728911828976
405,1101,1506,0.13604106060506937
409,1101,1510,0.13604962563230166
408,1107,1515,0.13604642592623467
413,1101,1514,0.13604488639000853
404,1096,1500,0.13603051257361845
407,1093,1500,0.13604124090360892
408,1096,1504,0.13604379936413658
414,1096,1510,0.13604412095019433
409,1099,1508,0.1360295179518764
405,1087,1492,0.13602948376400342
407,1085,1492,0.13603827606323027
412,1097,1509,0.13604108743255966
411,1103,1514,0.13602798819612835
409,1093,1502,0.13601922154200785
416,1091,1507,0.13601684135955458
416,1093,1509,0.13599630937484053
417,1095,1512,0.13597653080531796
417,1111,1528,0.13595517666348084
428,1105,1533,0.13593581958937495
424,1098,1522,0.1358888932173604
421,1100,1521,0.1358556916263659
419,1090,1509,0.13583230311847433
420,1097,1517,0.13581491673868984
422,1090,1512,0.13579632518389873
423,1083,1506,0.13577342029402525
422,1082,1504,0.13574889938798787
432,1084,1516,0.13572986417319968
429,1092,1521,0.13568587639232912
433,1095,1528,0.13565136428564326
426,1102,1528,0.13560932863269481
431,1096,1527,0.13559003281089824
430,1096,1526,0.13555760958309207
425,1103,1528,0.13553047154688433
421,1094,1515,0.1355195814674762
426,1083,1509,0.1355190559871552
426,1084,1510,0.13550482436565686
426,1091,1517,0.13549158359619576
422,1081,1503,0.13547893764731458
419,1083,1502,0.13547850443135792
418,1097,1515,0.13548470161720608
416,1095,1511,0.13549239367958507
419,1095,1514,0.13550592992148297
425,1089,1514,0.13551002317927996
423,1079,1502,0.13549658235887868
428,1074,1502,0.1354890657464338
426,1088,1514,0.1354685247111904
419,1100,1519,0.13545499459345037
418,1110,1528,0.13546294678811704
416,1103,1519,0.13547303314046483
417,1099,1516,0.13548780771145322
426,1085,1511,0.13549868098017945
419,1096,1515,0.1354855559596416
416,1085,1501,0.1354914633619625
416,1086,1502,0.13550593807085018
412,1092,1504,0.135519368868867
408,1107,1515,0.13554188154003635
413,1104,1517,0.13557331701831352
412,1105,1517,0.13558982288763122
408,1102,1510,0.13560826058876657
408,1112,1520,0.13563843921740304
402,1106,1508,0.1356663770443496
399,1105,1504,0.13570875621568984
398,1102,1500,0.135755378744522
399,1104,1503,0.13580207264525962
402,1111,1513,0.13584052328603927
398,1106,1504,0.1358682729657905
393,1110,1503,0.1359073236727097
392,1110,1502,0.13595649126985124
394,1123,1517,0.13600574856141942
384,1124,1508,0.13604591749030526
382,1130,1512,0.1361114437622334
380,1133,1513,0.13617507753380434
379,1122,1501,0.1362409594121687
377,1135,1512,0.13630422355418384
379,1136,1515,0.13636938958717937
377,1141,1518,0.1364254745766003
382,1136,1518,0.13648239672672957
382,1141,1523,0.1365207401266986
379,1146,1525,0.1365588273499649
383,1147,1530,0.13660341959261724
380,1134,1514,0.13663381765309296
380,1146,1526,0.13667135580161585
380,1138,1518,0.13670604383064983
375,1136,1511,0.13673882497721734
368,1133,1501,0.1367847174876742
366,1134,1500,0.13684442962149965
361,1135,1496,0.13690727751488432
352,1134,1486,0.13697802087780667
356,1121,1477,0.13706803644517698
358,1130,1488,0.13714185656773537
360,1145,1505,0.13720477838390097
359,1157,1516,0.13725836183493312
353,1164,1517,0.1373111877878729
355,1157,1512,0.13737711983320888
356,1160,1516,0.1374343649736519
356,1161,1517,0.13748573571077677
356,1154,1510,0.13753435749263557
352,1153,1505,0.1375806664034639
347,1166,1513,0.13763484625830227
350,1172,1522,0.1377002207017233
345,1167,1512,0.13775351940887276
349,1161,1510,0.13781714491973915
344,1169,1513,0.1378658686651084
341,1179,1520,0.13792490631341092
349,1183,1532,0.1379889222381807
347,1168,1515,0.13802820306881172
336,1175,1511,0.13806971743962065
332,1176,1508,0.1381394218200677
321,1190,1511,0.1382164750848078
323,1184,1507,0.13831831119488197
324,1188,1512,0.13840776083101727
324,1202,1526,0.1384868480522679
324,1204,1528,0.13855984805869598
322,1204,1526,0.1386281499601688
327,1208,1535,0.13869857152365891
328,1196,1524,0.13875007804902798
328,1199,1527,0.1387966147243002
332,1187,1519,0.1388412965134026
329,1181,1510,0.13887124220100105
331,1195,1526,0.13890818126170565
327,1194,1521,0.13893735939176102
326,1189,1515,0.13897753396765117
320,1180,1500,0.13901664860162233
319,1193,1512,0.13906763166378167
319,1191,1510,0.13911762932826713
320,1188,1508,0.1391639329797607
325,1181,1506,0.13920391570438537
329,1181,1510,0.13922672360313584
324,1188,1512,0.13923700685798543
327,1181,1508,0.13925823979688914
328,1186,1514,0.13927160878883632
332,1179,1511,0.13928296013998973
325,1172,1497,0.1392830025573118
321,1163,1484,0.13930062366736148
324,1175,1499,0.13932640955716422
325,1179,1504,0.1393427583581276
330,1176,1506,0.13935468406063314
329,1176,1505,0.13935240053116288
324,1189,1513,0.13935405212239213
327,1182,1509,0.13937007647357627
329,1181,1510,0.13937601501895514
329,1192,1521,0.13937871369868599
330,1177,1507,0.1393815516191499
330,1175,1505,0.1393832568293621
334,1178,1512,0.13938475742949508
335,1180,1515,0.13937486386429865
332,1186,1518,0.13936251132577723
329,1199,1528,0.13935821889999503
332,1200,1532,0.13936256018771048
330,1194,1524,0.13935917987399993
328,1199,1527,0.13936197878812184
322,1203,1525,0.13937038499919074
327,1210,1537,0.13939249204002263
327,1213,1540,0.13939913984809618
324,1207,1531,0.13940609228860776
321,1198,1519,0.13942207408641724
320,1194,1514,0.13944370914013157
326,1188,1514,0.13946656496275764
331,1189,1520,0.1394716825621086
326,1195,1521,0.1394637388303018
325,1201,1526,0.13946945643182893
314,1189,1503,0.13947679314304795
315,1178,1493,0.13951331944961787
317,1179,1496,0.13954439833597915
322,1182,1504,0.13956816797014704
320,1201,1521,0.13957737792053873
317,1194,1511,0.13959063031386176
313,1183,1496,0.13961047220131598
315,1184,1499,0.13963978710619723
320,1194,1514,0.13966213551528933
320,1195,1515,0.13966876571483733
316,1200,1516,0.1396755994588557
318,1197,1515,0.1396944273488146
318,1202,1520,0.13970658162223878
313,1205,1518,0.13971815375448585
309,1198,1507,0.1397425313561884
309,1210,1519,0.13977459121979563
307,1205,1512,0.13980639681723406
310,1202,1512,0.1398395202862918
305,1200,1505,0.13986262683664724
306,1192,1498,0.13989843194646678
299,1208,1507,0.1399280867959825
303,1198,1501,0.13997387756651844
305,1196,1501,0.1400053605848745
298,1193,1491,0.14002910192028864
297,1196,1493,0.14006936790331032
298,1204,1502,0.14010952482533434
301,1224,1525,0.1401455442066966
297,1222,1519,0.14017143550237654
302,1221,1523,0.14020636465991687
296,1213,1509,0.14022513854538188
296,1224,1520,0.14025946962683278
298,1217,1515,0.1402917728419483
296,1232,1528,0.14031641609879142
292,1235,1527,0.14034596130757745
291,1233,1524,0.14038498842648792
300,1220,1520,0.14042301192814535
292,1224,1516,0.14043292174339833
295,1227,1522,0.14046314377822133
295,1226,1521,0.14048247452519963
294,1210,1504,0.14050023177869952
288,1210,1498,0.1405204495063712
286,1213,1499,0.14055428559513608
294,1220,1514,0.14059034886292326
289,1214,1503,0.14060302877761421
290,1217,1507,0.14062819538516438
285,1216,1501,0.14065056107841417
288,1219,1507,0.14068323893474421
288,1228,1516,0.14070629175358118
283,1217,1500,0.14072838435516405
287,1223,1510,0.1407612968115211
285,1218,1503,0.14078062999693844
289,1222,1511,0.14080380671908377
288,1212,1500,0.14081580996340398
294,1223,1517,0.14082822132649506
292,1223,1515,0.1408242832761879
292,1207,1499,0.14082813455249504
285,1220,1505,0.14082990904073725
288,1224,1512,0.14085120419176295
286,1226,1512,0.1408649544227832
287,1240,1527,0.1408839519734171
287,1238,1525,0.14089977676423845
281,1234,1515,0.14091468292845025
276,1243,1519,0.14094456438133984
276,1254,1530,0.14098645986353328
276,1243,1519,0.141025515076492
278,1241,1519,0.14106149929794776
271,1247,1518,0.14109156010988777
267,1243,1510,0.14113933802814235
271,1247,1518,0.14119403105446302
271,1253,1524,0.1412338132104243
266,1256,1522,0.14127254210141765
262,1261,1523,0.14132086614569295
260,1253,1513,0.1413773142975885
264,1266,1530,0.14143432781351029
268,1264,1532,0.14147774129188398
264,1256,1520,0.14150895103790934
266,1242,1508,0.14154818223745833
266,1235,1501,0.1415787464960652
264,1240,1504,0.14160721917838914
264,1249,1513,0.14163976810452275
257,1248,1505,0.1416709648208094
265,1243,1508,0.14171765301389838
271,1245,1516,0.14173886286324208
266,1246,1512,0.14174195954335964
265,1240,1505,0.14175868616119944
271,1251,1522,0.14177706713159102
270,1242,1512,0.1417765594193546
271,1241,1512,0.14177871270356315
268,1252,1520,0.1417792549526783
276,1242,1518,0.14178776610130178
276,1240,1516,0.1417748554311129
276,1238,1514,0.14176170160129473
275,1243,1518,0.1417498965215077
275,1243,1518,0.14174251742397778
272,1251,1523,0.14173490779390668
270,1252,1522,0.14173706537067743
265,1246,1511,0.1417462256508303
262,1249,1511,0.14176890675400583
261,1249,1510,0.141798155601167
268,1251,1519,0.14182734787000617
255,1244,1499,0.1418358403697672
252,1244,1496,0.14187985088105926
250,1245,1495,0.1419279899300312
247,1247,1494,0.14197732044053654
249,1255,1504,0.14203216888712877
249,1260,1509,0.14207809369288557
249,1258,1507,0.14212031632924632
250,1261,1511,0.1421606350745816
251,1263,1514,0.14219630984958243
246,1268,1514,0.14222501088299722
248,1258,1506,0.14226518897180992
249,1276,1525,0.1422977541698
247,1265,1512,0.1423254342876004
246,1267,1513,0.14235732703376136
242,1259,1501,0.1423922405170872
241,1258,1499,0.14243605647958799
243,1275,1518,0.14247965985089672
243,1282,1525,0.14251550127084994
242,1277,1519,0.1425497193604572
238,1274,1512,0.14258333418277397
242,1285,1527,0.14262541746773608
242,1293,1535,0.14265575223598403
242,1291,1533,0.1426846037875297
244,1284,1528,0.1427110940232373
242,1285,1527,0.14273072689725988
239,1265,1504,0.14275392206578896
240,1253,1493,0.1427824558882109
237,1264,1501,0.14280665886222127
234,1276,1510,0.14283690165065643
234,1275,1509,0.14287386857886075
234,1277,1511,0.14290778821057987
233,1264,1497,0.14294030341164593
233,1267,1500,0.14297420150363704
234,1272,1506,0.1430049641873142
232,1277,1509,0.14303211537927935
233,1267,1500,0.14306206020784418
233,1276,1509,0.14308925972680384
233,1282,1515,0.14311521440036476
229,1285,1514,0.14313908007135898
228,1302,1530,0.14317304524027816
221,1297,1518,0.14320786302341537
222,1290,1512,0.14325974591685312
225,1298,1523,0.14330570611445595
224,1290,1514,0.1433392579231727
221,1285,1506,0.14337338605576933
223,1273,1496,0.1434133739190625
225,1275,1500,0.14344465152121674
224,1287,1511,0.1434692710961025
226,1291,1517,0.14349565075544163
225,1288,1513,0.14351448472255648
219,1294,1513,0.14353346369129574
216,1293,1509,0.14356746437161574
216,1292,1508,0.1436078454634787
217,1282,1499,0.14364618229618553
218,1285,1503,0.1436794261655759
222,1303,1525,0.1437071418460697
219,1302,1521,0.14372263912483643
218,1309,1527,0.14374518832789454
216,1305,1521,0.14377040454526618
219,1310,1529,0.14379907064858435
222,1308,1530,0.14381773406001216
215,1301,1516,0.1438261922530162
214,1308,1522,0.1438537380569196
215,1311,1526,0.14388189223046655
222,1298,1520,0.14390353515753407
222,1294,1516,0.14390628405569378
220,1300,1520,0.14390824341516603
221,1288,1509,0.14391512448527696
221,1294,1515,0.1439174642687725
219,1303,1522,0.14392049092339165
218,1296,1514,0.14392960681808556
222,1284,1506,0.14393978295725637
224,1294,1518,0.14393862783198702
220,1309,1529,0.14393412319418342
217,1319,1536,0.14394219889668247
218,1308,1526,0.14395762126443606
216,1299,1515,0.14396864360146627
221,1291,1512,0.14398453335390612
219,1280,1499,0.14398471296380488
217,1274,1491,0.14398931144503035
219,1292,1511,0.14399858999196113
217,1297,1514,0.14400240630118422
213,1298,1511,0.14401109797946574
215,1306,1521,0.14402916934928092
217,1292,1509,0.1440402455942003
216,1293,1509,0.144045081852578
217,1297,1514,0.14405160513857734
213,1303,1516,0.1440562127389453
207,1300,1507,0.14407298413453098
208,1299,1507,0.14410271396503208
204,1296,1500,0.14413061684107467
199,1292,1491,0.14416698894622215
194,1307,1501,0.14421419200878421
198,1324,1522,0.144273065576085
198,1317,1515,0.14431859542033304
197,1319,1516,0.14436159365892198
193,1316,1509,0.1444047962890628
191,1319,1510,0.14445515084384858
199,1321,1520,0.14450868991928395
193,1319,1512,0.14453858011813003
192,1314,1506,0.1445824542319009
192,1312,1504,0.14462600088039446
191,1305,1496,0.14466663437020957
192,1308,1500,0.14470785686247964
193,1309,1502,0.14474327416529126
192,1308,1500,0.14477340504756184
186,1301,1487,0.1448037654943837
192,1316,1508,0.1448472272430669
193,1319,1512,0.1448732383521721
192,1329,1521,0.14489404789055146
189,1326,1515,0.14491641689151386
193,1339,1532,0.14494517937539692
194,1330,1524,0.14496047055232045
192,1331,1523,0.14497158162638002
186,1327,1513,0.1449868678560759
185,1330,1515,0.14501844281560922
185,1332,1517,0.14505090117449862
190,1338,1528,0.1450813651894728
190,1324,1514,0.14509680832499522
186,1330,1516,0.14511098272736536
186,1336,1522,0.14513603117383628
185,1333,1518,0.14516022277843196
184,1339,1523,0.14518504823374603
185,1326,1511,0.14520966431195817
181,1343,1524,0.14523082083493882
179,1343,1522,0.14526311322066046
180,1337,1517,0.1452981363216387
177,1344,1521,0.14532768083608044
174,1344,1518,0.14536516352982
170,1348,1518,0.14540797593417998
172,1338,1510,0.14545884268113926
169,1354,1523,0.14550123198723466
171,1355,1526,0.14554988577008224
171,1359,1530,0.14558932032079683
167,1352,1519,0.14562487964356663
170,1344,1514,0.14566911591875673
173,1346,1519,0.14570226159925245
175,1350,1525,0.14572550971564702
179,1356,1535,0.14574341819475012
179,1355,1534,0.1457487572869129
176,1360,1536,0.14575360504858928
177,1361,1538,0.14576776144298662
175,1349,1524,0.1457784447621563
174,1349,1523,0.14579392207243463
173,1351,1524,0.1458102684096773
175,1353,1528,0.14582903808028508
174,1349,1523,0.1458408684822093
173,1341,1514,0.1458557633769369
178,1343,1521,0.14587227641514686
179,1335,1514,0.14587397616081615
178,1337,1515,0.14587355905473884
176,1344,1520,0.1458755933102159
176,1348,1524,0.14588305624018527
175,1347,1522,0.14589153889960335
174,1333,1507,0.14590175098415037
176,1331,1507,0.1459133373754443
177,1336,1513,0.14591722130155366
181,1350,1531,0.14591772158414293
180,1331,1511,0.1459067150530181
175,1340,1515,0.14589837741302877
168,1344,1512,0.14590503025713794
172,1348,1520,0.14593073163769885
171,1347,1518,0.14594387508010398
169,1341,1510,0.14595814293726173
167,1340,1507,0.14597753204948208
169,1361,1530,0.14600176114660787
165,1354,1519,0.14601930745132172
164,1353,1517,0.1460476729156065
163,1345,1508,0.1460763753332791
167,1364,1531,0.14610612482538432
167,1358,1525,0.14612273003778153
165,1352,1517,0.1461382689566786
167,1350,1517,0.14615817061228273
165,1340,1505,0.14617127343725123
169,1337,1506,0.14618938899180772
166,1333,1499,0.14619695158555487
164,1333,1497,0.14621205600758258
156,1332,1488,0.14623135837110904
159,1339,1498,0.14627144013334312
166,1347,1513,0.14630077810308434
165,1347,1512,0.14630742644003533
163,1356,1519,0.1463161006013687
161,1343,1504,0.1463296830935984
159,1349,1508,0.14634801261013647
162,1332,1494,0.14637015238298376
166,1332,1498,0.14638192538647374
165,1336,1501,0.14638100390559936
166,1348,1514,0.1463832056323354
166,1341,1507,0.14638264567604614
164,1352,1516,0.14638266793099516
163,1358,1521,0.146389622026127
163,1362,1525,0.14639921253259638
166,1363,1529,0.14640907517124646
163,1371,1534,0.14641017012125734
164,1367,1531,0.1464202227647055
162,1364,1526,0.14642644173545336
161,1341,1502,0.14643914827775223
162,1346,1508,0.14645354827678428
161,1353,1514,0.1464641952235621
163,1349,1512,0.14647627637928434
159,1354,1513,0.14648206241101205
158,1352,1510,0.1464980592019402
155,1355,1510,0.14651713800251343
155,1355,1510,0.1465430441518559
158,1350,1508,0.14656782077414138
151,1358,1509,0.146581949979221
148,1350,1498,0.14661334759173925
151,1351,1502,0.14665115605306708
155,1362,1517,0.1466785824342267
159,1369,1528,0.146693049966907
152,1358,1510,0.146696220418118
154,1368,1522,0.14671813485635382
156,1349,1505,0.1467332131408795
152,1360,1512,0.146742740270679
145,1368,1513,0.14676244335962227
146,1367,1513,0.14679978102572488
145,1352,1497,0.14683208587763188
144,1356,1500,0.14686408194979272
148,1352,1500,0.14689716194215774
146,1358,1504,0.14691689403503957
146,1360,1506,0.14694074293598602
140,1360,1500,0.14696361326572455
141,1364,1505,0.14700073944366246
142,1368,1510,0.14703243151775913
146,1356,1502,0.14705963813616785
150,1347,1497,0.14707414279139183
150,1346,1496,0.14707667861211857
152,1337,1489,0.14707891583680113
152,1361,1513,0.1470750553709939
155,1352,1507,0.14707184408395116
153,1361,1514,0.14705996815416703
156,1349,1505,0.14705510725793136
157,1363,1520,0.14704179849299404
155,1365,1520,0.1470261012983304
156,1359,1515,0.1470166698540043
153,1362,1515,0.14700504441363232
145,1364,1509,0.14700250531442816
146,1365,1511,0.14702247493673432
144,1360,1504,0.14703782097183069
146,1372,1518,0.14705774098578714
143,1373,1516,0.14707096286015284
142,1377,1519,0.14709179919057946
142,1361,1503,0.14711423428117246
141,1359,1500,0.1471350914682107
141,1374,1515,0.14715775901858516
141,1364,1505,0.14717918598743862
139,1369,1508,0.14719898957364147
137,1365,1502,0.14722310079609727
139,1379,1518,0.14725107787081554
136,1372,1508,0.14727197463472813
134,1376,1510,0.1473002909605632
135,1378,1513,0.1473323835109215
140,1377,1517,0.14735976526289943
140,1383,1523,0.14737252776936302
137,1382,1519,0.14738421124522902
139,1374,1513,0.14740349963879165
133,1367,1500,0.14741632116449285
131,1375,1506,0.14744469957104087
127,1385,1512,0.1474772125590048
130,1391,1521,0.1475184865703852
133,1398,1531,0.14754823740830922
131,1396,1527,0.14756818107659586
128,1391,1519,0.14759340540273033
127,1385,1512,0.14762497765698795
128,1383,1511,0.14765765823563246
128,1394,1522,0.14768598380860914
127,1380,1507,0.1477117876491009
128,1376,1504,0.1477393522373227
127,1385,1512,0.147762780045171
128,1389,1517,0.1477874628176327
124,1391,1515,0.14780811066577493
124,1395,1519,0.1478396166577358
121,1392,1513,0.14786875449823034
118,1396,1514,0.14790523453182455
114,1412,1526,0.14794781977204446
117,1410,1527,0.1479987348380302
116,1400,1516,0.14803837943518075
121,1390,1511,0.14807871563208974
122,1403,1525,0.1481028870925739
121,1399,1520,0.1481232314634839
119,1405,1524,0.14814562682839585
119,1403,1522,0.14817225614117788
117,1408,1525,0.14819698586443358
116,1416,1532,0.1482260327584428
116,1394,1510,0.14825502624248368
114,1393,1507,0.14828237601050404
111,1385,1496,0.14831249464958998
111,1377,1488,0.1483489169200219
110,1392,1502,0.1483827776480341
117,1385,1502,0.14841675740122837
115,1397,1512,0.14843050641401323
109,1406,1515,0.14844842412002746
110,1406,1516,0.14848231207362053
116,1404,1520,0.14851143620974824
115,1400,1515,0.14852147608022537
117,1395,1512,0.1485340692491834
111,1395,1506,0.1485408503283381
113,1401,1514,0.14856493023589024
111,1412,1523,0.1485821486201539
109,1423,1532,0.148604282925625
111,1423,1534,0.14863041079763392
107,1417,1524,0.14864961582555486
107,1405,1512,0.14867983334949206
107,1400,1507,0.14870761795241885
103,1404,1507,0.14873345851926179
102,1402,1504,0.1487682559082465
103,1404,1507,0.1488040761720647
101,1397,1498,0.1488345700328354
99,1409,1508,0.1488690530885609
102,1418,1520,0.14890682457662316
104,1421,1525,0.14893363141877652
102,1422,1524,0.14895289848002627
107,1419,1526,0.14897615643886417
108,1402,1510,0.14898454435347952
104,1403,1507,0.14898964273969498
102,1403,1505,0.1490057525799576
100,1414,1514,0.1490261269588756
101,1412,1513,0.1490510086207297
100,1418,1518,0.14907151298849025
98,1425,1523,0.14909382038313987
95,1426,1521,0.14911982896031012
93,1428,1521,0.1491525665088388
94,1429,1523,0.14918884713199304
96,1410,1506,0.149219933237472
94,1423,1517,0.1492436024687002
94,1437,1531,0.14927100821044215
92,1424,1516,0.14929699940243102
94,1429,1523,0.14932606577785065
94,1438,1532,0.14934787205282313
93,1434,1527,0.149368215528954
92,1430,1522,0.14939052044046794
91,1419,1510,0.14941445635537218
91,1424,1515,0.149439623452164
92,1425,1517,0.1494628918713489
92,1421,1513,0.14948179766910444
89,1426,1515,0.14949956156496935
88,1429,1517,0.14952440310203646
90,1438,1528,0.14955029508072265
90,1426,1516,0.14956928579100187
90,1422,1512,0.1495871605748723
89,1425,1514,0.14960399823194012
88,1435,1523,0.1496227282938465
90,1424,1514,0.14964277764183326
90,1418,1508,0.1496563004526752
89,1430,1519,0.14966894468692094
89,1437,1526,0.14968356312224068
89,1432,1521,0.1496975861486564
87,1443,1530,0.14971071072891778
90,1435,1525,0.14972883668997253
90,1441,1531,0.1497379363037339
89,1443,1532,0.14974652499563745
89,1433,1522,0.14975750227459272
84,1431,1515,0.1497678445113956
83,1441,1524,0.14979106656533403
82,1434,1516,0.1498155313784933
77,1435,1512,0.1498420363877349
76,1440,1516,0.1498810818438241
77,1436,1513,0.14992042818066925
78,1432,1510,0.14995381008841968
76,1426,1502,0.14998212222188637
76,1431,1507,0.15001390104222248
77,1427,1504,0.1500440450539649
78,1418,1496,0.15006957208013688
78,1433,1511,0.15009021070039716
79,1442,1521,0.15010940167645162
77,1438,1515,0.15012454095214248
76,1439,1515,0.1501449375600627
78,1441,1519,0.15016693285142005
77,1444,1521,0.15018110747274302
75,1450,1525,0.15019655672330878
74,1447,1521,0.15021655411556825
73,1448,1521,0.150238503420396
71,1451,1522,0.15026285264120381
71,1441,1512,0.1502909628100305
71,1435,1506,0.1503170424532831
66,1439,1505,0.1503414428165564
66,1435,1501,0.1503774581855666
64,1439,1503,0.1504111456552657
66,1454,1520,0.15044904546721669
65,1457,1522,0.1504785193208189
64,1459,1523,0.15050930481582367
64,1454,1518,0.1505411565006996
62,1457,1519,0.1505716695790109
64,1466,1530,0.15060606775085048
64,1469,1533,0.15063237844756597
66,1469,1535,0.15065707037227033
67,1457,1524,0.15067470076192782
66,1457,1523,0.15068850601432454
64,1462,1526,0.15070398545190847
65,1463,1528,0.15072350649734667
63,1459,1522,0.15073884881481972
64,1448,1512,0.15075891226312074
64,1458,1522,0.15077486179141666
68,1458,1526,0.15078913874813205
72,1451,1523,0.150790314105339
70,1449,1519,0.15077994308534992
72,1452,1524,0.15077554114342917
77,1447,1524,0.15076594505978058
74,1439,1513,0.15074204715393497
73,1449,1522,0.15072890632672464
73,1460,1533,0.1507195123697837
72,1440,1512,0.15071065359108118
72,1452,1524,0.15070543262379907
71,1451,1522,0.15070055932473037
73,1455,1528,0.15069868862249133
73,1454,1527,0.150690856359779
72,1449,1521,0.1506835565151334
71,1452,1523,0.1506798879041208
69,1443,1512,0.15067878142237012
68,1440,1508,0.1506835872724428
69,1439,1508,0.1506906988921444
70,1447,1517,0.15069459904076596
67,1443,1510,0.15069571643271829
68,1432,1500,0.15070559761147892
70,1443,1513,0.15071225753711612
68,1458,1526,0.15071264121425537
66,1450,1516,0.15071869241781433
66,1450,1516,0.15072926219165908
64,1457,1521,0.1507388410545252
68,1456,1524,0.1507535139797316
66,1457,1523,0.15075595136039235
67,1457,1524,0.1507638287675448
70,1447,1517,0.15076830231804325
71,1456,1527,0.15076402685160822
73,1452,1525,0.15075676448146247
73,1459,1532,0.15074372928989221
72,1445,1517,0.1507316301208758
72,1436,1508,0.15072276756938566
74,1439,1513,0.15071500073065383
75,1438,1513,0.15070218242728098
74,1442,1516,0.15068734591386637
71,1450,1521,0.15067641607089266
72,1445,1517,0.15067546302781412
70,1444,1514,0.15067189447774215
68,1468,1536,0.1506743248189919
67,1458,1525,0.15068184961617984
65,1460,1525,0.15069180260617407
65,1454,1519,0.15070646385929265
65,1464,1529,0.15072051472487952
65,1465,1530,0.15073375585411522
65,1460,1525,0.15074589461897975
65,1450,1515,0.1507571222213265
67,1449,1516,0.1507675638270136
63,1459,1522,0.15077123162981643
63,1462,1525,0.15078609570497897
62,1466,1528,0.15080025475474212
60,1449,1509,0.15081640869785304
61,1447,1508,0.15083717504005814
61,1453,1514,0.15085346271829134
59,1457,1516,0.1508686823411715
59,1460,1519,0.15088862823132515
57,1469,1526,0.1509072612317378
57,1464,1521,0.15093036358827613
58,1462,1520,0.15095203006470054
57,1457,1514,0.15096946000902192
57,1456,1513,0.15098864532682246
58,1444,1502,0.1510066001612443
57,1448,1505,0.15102055658670063
54,1450,1504,0.1510364611333329
53,1442,1495,0.15106065548526995
56,1455,1511,0.1510858445357696
54,1456,1510,0.1511008096780433
52,1455,1507,0.15112083634119727
53,1459,1512,0.15114555910906688
54,1458,1512,0.15116571351928765
54,1456,1510,0.1511815828096554
54,1466,1520,0.15119641119847307
53,1457,1510,0.1512103646286183
53,1458,1511,0.15122638236234487
53,1452,1505,0.15124143704148726
51,1450,1501,0.15125551752851246
51,1453,1504,0.15127458376740516
50,1447,1497,0.15129217642660556
51,1448,1499,0.15131169045088813
53,1459,1512,0.15132692116528054
54,1464,1518,0.1513351064984555
55,1450,1505,0.1513397754037652
54,1439,1493,0.1513413544435256
56,1445,1501,0.1513457842537964
52,1445,1497,0.15134384924395308
50,1464,1514,0.1513540449591311
52,1460,1512,0.15136967604477866
52,1456,1508,0.15137817536724463
50,1462,1512,0.1513862296704244
50,1477,1527,0.15139965229008603
50,1472,1522,0.1514120660764024
48,1471,1519,0.1514236810035556
48,1472,1520,0.15144064611539812
48,1473,1521,0.15145646764635914
47,1470,1517,0.15147130895880254
46,1473,1519,0.15148807595033564
44,1470,1514,0.15150673979513918
45,1470,1515,0.1515302753709895
43,1470,1513,0.15154904670318764
43,1474,1517,0.15157237287203482
45,1468,1513,0.15159418365385607
45,1460,1505,0.15160868702604724
42,1479,1521,0.15162225501456134
43,1479,1522,0.1516437765518604
43,1479,1522,0.15166081503832413
42,1479,1521,0.15167684936941359
44,1475,1519,0.15169479422412815
41,1480,1521,0.15170541485244463
41,1477,1518,0.1517247033077926
41,1479,1520,0.15174273663203647
39,1468,1507,0.15175961505773508
37,1485,1522,0.15178150154004993
39,1486,1525,0.15180825948930296
36,1488,1524,0.15182730448723836
35,1485,1520,0.15185432619203362
34,1473,1507,0.1518828438474569
35,1485,1520,0.15191278870479352
33,1489,1522,0.15193773187495185
33,1479,1512,0.15196716597723234
33,1481,1514,0.15199477916445245
33,1490,1523,0.1520206334880842
34,1487,1521,0.15204494664256926
34,1499,1533,0.15206472620692094
33,1492,1525,0.15208332645956274
33,1495,1528,0.15210382313951626
33,1488,1521,0.1521229916316586
34,1479,1513,0.15214102675868174
33,1485,1518,0.1521550903958249
34,1478,1512,0.1521711974671653
34,1477,1511,0.15218340961776688
35,1481,1516,0.15219491836090746
33,1477,1510,0.15220276868321828
32,1482,1514,0.15221612683632085
31,1485,1516,0.1522318175100633
29,1495,1524,0.15224955518269556
30,1497,1527,0.1522722964798009
29,1498,1527,0.15229030767947965
29,1498,1527,0.15231031969804876
31,1501,1532,0.15232892604376033
31,1486,1517,0.15234043480434237
29,1482,1511,0.15235120498874113
30,1480,1510,0.1523672222461857
31,1491,1522,0.15237922236779408
32,1488,1520,0.15238750947315644
32,1481,1513,0.15239230888078775
27,1481,1508,0.15239681248164427
25,1497,1522,0.15241667122868907
25,1495,1520,0.15244171742227242
25,1478,1503,0.15246521373208094
23,1490,1513,0.15248717753346497
23,1496,1519,0.15251393761981286
21,1500,1521,0.152539059703939
21,1491,1512,0.15256868893848843
22,1488,1510,0.15259661177018607
19,1485,1504,0.15261987579511438
18,1484,1502,0.1526511487350678
17,1490,1507,0.15268345016222318
16,1483,1499,0.15271697934000616
15,1487,1502,0.15275142290145385
15,1481,1496,0.15278675434724767
15,1478,1493,0.15281996017556249
16,1499,1515,0.15285119567020003
17,1502,1519,0.1528773957843842
15,1507,1522,0.15289906608651616
16,1513,1529,0.15292573681713523
15,1504,1519,0.15294770748015504
14,1508,1522,0.15297157774167874
13,1498,1511,0.15299698261321149
12,1504,1516,0.1530238439213384
12,1491,1503,0.1530521754671637
10,1488,1498,0.15307897754861627
10,1492,1502,0.15311049978527047
10,1500,1510,0.15314011808487132
11,1496,1507,0.15316795488554819
13,1507,1520,0.15319099620432972
13,1496,1509,0.15320642030589002
13,1493,1506,0.15322092511725718
13,1498,1511,0.15323457051694697
13,1509,1522,0.15324740384724053
12,1502,1514,0.15325947133652426
13,1503,1516,0.1532738861057979
12,1495,1507,0.15328420079540248
10,1491,1501,0.15329712964893902
10,1514,1524,0.153315772353229
10,1508,1518,0.15333329201940857
10,1517,1527,0.1533497587553903
10,1509,1519,0.153365236285586
10,1505,1515,0.15337978402453067
10,1498,1508,0.1533934577631617
10,1501,1511,0.1534063099814314
10,1504,1514,0.15341828886659936
10,1504,1514,0.15342954266576248
10,1501,1511,0.15344011481998282
10,1520,1530,0.15345004674894633
9,1517,1526,0.153459378116187
9,1508,1517,0.15347122463211324
8,1505,1513,0.1534823453245716
9,1503,1512,0.15349600561854826
9,1499,1508,0.15350560965574483
9,1508,1517,0.15351465470538317
10,1515,1525,0.1535231580846102
11,1522,1533,0.15352795453714405
10,1515,1525,0.15352930938578185
10,1507,1517,0.15353371451302192
10,1514,1524,0.1535378550062847
8,1512,1520,0.15354174982560967
8,1504,1512,0.15355170706718366
8,1509,1517,0.15356103071633911
9,1513,1522,0.1535697900909376
9,1522,1531,0.1535748564151771
10,1520,1530,0.15357963997517554
10,1501,1511,0.1535810438429778
10,1498,1508,0.1535823381880807
8,1493,1501,0.15358355410216828
8,1485,1493,0.15359106868612718
9,1493,1502,0.15359809604681904
9,1508,1517,0.15360153204582094
9,1514,1523,0.15360478547693285
9,1532,1541,0.15360784918838113
9,1508,1517,0.15361073251599425
9,1507,1516,0.1536134453448029
9,1523,1532,0.1536159972802989
9,1520,1529,0.1536183975246077
11,1509,1520,0.1536206548430926
11,1516,1527,0.15361633528781204
10,1516,1526,0.15361231513717422
11,1510,1521,0.15361172726934114
10,1512,1522,0.15360802242619268
10,1522,1532,0.15360766950383162
10,1513,1523,0.15360733011831434
10,1503,1513,0.1536070098603637
9,1506,1515,0.15360670757873163
9,1514,1523,0.15360950329529782
10,1509,1519,0.15361216784959938
11,1503,1514,0.15361148109042488
10,1497,1507,0.15360765757333636
10,1510,1520,0.1536072971833502
10,1491,1501,0.15360694370443476
10,1495,1505,0.15360647890801776
10,1493,1503,0.15360610216794637
10,1489,1499,0.15360576952984745
10,1501,1511,0.153605477920878
10,1518,1528,0.15360521662250057
10,1510,1520,0.15360498385325985
10,1516,1526,0.1536047937163141
10,1497,1507,0.1536046358251645
10,1489,1499,0.1536045022784564
10,1473,1483,0.15360437402827565
10,1480,1490,0.15360423593530817
10,1484,1494,0.15360410233454208
10,1487,1497,0.15360397706541773
10,1490,1500,0.15360386043331206
10,1488,1498,0.15360375207332233
10,1494,1504,0.15360365147373561
11,1503,1514,0.15360355810151657
11,1506,1517,0.15360027063796206
11,1495,1506,0.15359720362551613
10,1496,1506,0.1535943300101622
10,1499,1509,0.15359480940208634
8,1512,1520,0.15359523998365548
8,1510,1518,0.15360198897280186
8,1513,1521,0.1536082921912301
7,1516,1523,0.15361420794319247
7,1506,1513,0.15362293770063984
6,1520,1526,0.1536311317541909
6,1518,1524,0.15364195627459046
6,1510,1516,0.15365217924571137
6,1516,1522,0.15366180115209163
6,1510,1516,0.15367085223613489
6,1506,1512,0.15367936437963245
6,1517,1523,0.1536873686388669
6,1515,1521,0.1536948946944766
5,1507,1512,0.15370197071171138
4,1504,1508,0.15371180371576615
5,1508,1513,0.15372425960440406
5,1524,1529,0.15373276437573682
5,1521,1526,0.15374077691191426
5,1510,1515,0.1537483101311333
4,1511,1515,0.15375539225910337
4,1512,1516,0.15376525390033016
3,1508,1511,0.15377450713153615
2,1505,1507,0.1537864091243807
2,1521,1523,0.15380082573727086
2,1528,1530,0.1538143798662128
2,1522,1524,0.15382712902102721
2,1519,1521,0.15383912111075707
2,1508,1510,0.15385040035687617
2,1512,1514,0.1538610084842735
3,1501,1504,0.1538709849367048
3,1502,1505,0.15387722039394874
3,1524,1527,0.1538830515140798
3,1524,1527,0.15388852783213736
3,1518,1521,0.153893674039297
3,1527,1530,0.15389851107551092
3,1532,1535,0.15390305797543496
3,1522,1525,0.15390733237412008
3,1520,1523,0.15391135072716916
2,1520,1522,0.1539151284402506
2,1513,1515,0.15392193901243517
2,1512,1514,0.1539283331995624
2,1524,1526,0.1539343446162983
2,1519,1521,0.15393999837453337
2,1527,1529,0.15394531598377473
2,1526,1528,0.1539503172862539
2,1516,1518,0.1539550209099149
2,1521,1523,0.15395944440854223
2,1517,1519,0.15396360433203637
2,1513,1515,0.15396751627989402
2,1513,1515,0.1539711949501935
2,1508,1510,0.15397465418680198
2,1519,1521,0.15397790702518532
2,1504,1506,0.15398096573668982
2,1499,1501,0.1539838418711133
2,1514,1516,0.15398654629743735
2,1523,1525,0.153989089242656
2,1522,1524,0.1539914803286851
2,1528,1530,0.1539937286073726
2,1529,1531,0.1539958425936525
2,1524,1526,0.15399783029690178
2,1527,1529,0.153999699250566
2,1526,1528,0.15400145654012903
2,1522,1524,0.15400310882949989
2,1514,1516,0.15400466238589489
3,1514,1517,0.15400612310328937
3,1513,1516,0.1540043168170408
3,1512,1515,0.1540026242760139
3,1504,1507,0.1540010307058136
3,1506,1509,0.15399953121752016
3,1492,1495,0.15399812065672086
3,1507,1510,0.1539967939447139
2,1525,1527,0.15399554620005593
2,1523,1525,0.15399748053354267
2,1515,1517,0.15399933561880672
3,1494,1497,0.15400108684956798
3,1491,1494,0.1539996149327746
3,1501,1504,0.15399820474890027
3,1507,1510,0.15399687486059746
2,1509,1511,0.15399562290570393
2,1502,1504,0.1539975553216283
2,1507,1509,0.15399940872060988
2,1503,1505,0.1540011582537797
2,1501,1503,0.1540028063084933
2,1497,1499,0.15400435761226128
2,1505,1507,0.154005817313243
3,1505,1508,0.15400719053624182
3,1510,1513,0.1540053556623557
3,1510,1513,0.15400360295250035
3,1531,1534,0.1540019505351889
2,1531,1533,0.15400039510272595
2,1527,1529,0.15400204064121578
2,1532,1534,0.15400362356995062
2,1533,1535,0.1540051185484822
2,1519,1521,0.15400652713445426
2,1510,1512,0.1540078532095127
2,1516,1518,0.1540091011013062
2,1526,1528,0.15401027514939
2,1511,1513,0.1540113795659071
2,1524,1526,0.15401241838383137
2,1515,1517,0.15401339543790166
2,1508,1510,0.1540143143599838
2,1503,1505,0.15401517858153638
2,1509,1511,0.15401599133974928
2,1511,1513,0.15401675568555548
2,1511,1513,0.15401747449251132
2,1511,1513,0.1540181504659655
2,1511,1513,0.15401878615218265
2,1511,1513,0.15401938394723333
2,1501,1503,0.15401994610554617
2,1522,1524,0.15402047474807337
2,1508,1510,0.15402097187004749
1,1502,1503,0.15402143934832832
2,1508,1510,0.1540250116458321
2,1510,1512,0.15402521790930948
2,1499,1501,0.1540254200134339
2,1507,1509,0.15402560893418293
2,1512,1514,0.15402578603920977
2,1507,1509,0.154025952272527
2,1502,1504,0.15402610839475261
2,1487,1489,0.15402625507128348
2,1497,1499,0.15402639290405787
2,1504,1506,0.15402652244590176
2,1510,1512,0.15402664420868045
2,1519,1521,0.1540267586686806
3,1519,1522,0.15402686627048262
3,1526,1529,0.15402382739049786
3,1536,1539,0.1540209391525816
3,1525,1528,0.1540182182324061
3,1526,1529,0.1540156578186875
3,1505,1508,0.1540132493419571
3,1508,1511,0.1540109841701163
3,1499,1502,0.15400885396682024
3,1493,1496,0.1540068507909352
3,1504,1507,0.15400496712216843
3,1501,1504,0.15400319586008301
3,1506,1509,0.15400153031198113
3,1518,1521,0.15399996417582332
3,1516,1519,0.15399849152104042
4,1514,1518,0.15399710676869904
4,1518,1522,0.15399269918910194
4,1513,1517,0.15398853322285738
4,1514,1518,0.15398461452009535
4,1504,1508,0.1539809299338048
4,1503,1507,0.1539774658174245
4,1513,1517,0.153974209068287
4,1515,1519,0.15397114728747652
4,1523,1527,0.15396826879044423
4,1521,1525,0.15396556258276511
4,1516,1520,0.15396301832664833
4,1531,1535,0.15396062630520263
4,1522,1526,0.15395837738678886
4,1529,1533,0.15395626299041903
4,1513,1517,0.1539542750526532
4,1506,1510,0.1539524059962033
4,1512,1516,0.15395064870031422
4,1509,1513,0.15394899647291152
4,1503,1507,0.15394744302445865
4,1503,1507,0.15394598244344038
4,1500,1504,0.15394460917338032
5,1506,1511,0.1539433179912955
5,1507,1512,0.15393901550968994
5,1509,1514,0.15393495189291428
4,1520,1524,0.15393113174749437
4,1517,1521,0.1539306053461275
4,1516,1520,0.1539301358375265
4,1520,1524,0.1539296965560213
2,1520,1522,0.15392928396440558
3,1534,1537,0.15393513565687011
3,1517,1520,0.15393751838548206
3,1511,1514,0.1539397714244407
3,1511,1514,0.15394189081261833
3,1515,1518,0.15394388415832175
3,1522,1525,0.15394575879560038
3,1520,1523,0.15394752170093873
3,1513,1516,0.1539491794822344
3,1522,1525,0.15395073838045584
3,1516,1519,0.15395220427928433
2,1516,1518,0.15395358271940485
3,1511,1514,0.1539580513657322
3,1520,1523,0.15395907796826264
3,1512,1515,0.1539600489611208
3,1516,1519,0.15396096051805847
3,1527,1530,0.1539618170733112
3,1526,1529,0.15396262223038099
3,1513,1516,0.15396337919396288
3,1508,1511,0.15396409090803106
3,1510,1513,0.1539647601093107
3,1508,1511,0.15396538935481718
3,1510,1513,0.15396598103983866
3,1515,1518,0.15396653741151003
2,1515,1517,0.15396706057990006
2,1519,1521,0.1539707192178299
2,1527,1529,0.15397416092525434
2,1523,1525,0.15397740200396876
2,1531,1533,0.15398045230236285
3,1527,1530,0.15398332221904637
3,1510,1513,0.15398288654112285
3,1523,1526,0.15398244615251538
3,1526,1529,0.1539820268338649
3,1529,1532,0.15398163057396905
3,1529,1532,0.1539812570403223
3,1521,1524,0.15398090532670078
3,1517,1520,0.15398057435282123
2,1521,1523,0.15398026299711073
2,1515,1517,0.15398315562091675
2,1524,1526,0.15398588149433967
2,1529,1531,0.15398845055710786
2,1525,1527,0.15399086934556505
2,1526,1528,0.1539931456155118
2,1519,1521,0.15399528724508346
2,1509,1511,0.1539973019043287
2,1516,1518,0.15399919694207934
2,1512,1514,0.1540009793467738
2,1513,1515,0.1540026557371874
2,1526,1528,0.1540042323669449
2,1519,1521,0.15400571513584924
2,1520,1522,0.15400710960458394
2,1513,1515,0.15400842101093595
2,1514,1516,0.15400965428649777
2,1503,1505,0.15401081407325865
1,1505,1506,0.15401190473975493
2,1501,1503,0.15401605857803102
2,1495,1497,0.1540168690148913
2,1515,1517,0.1540176054930202
2,1517,1519,0.1540182943748444
2,1509,1511,0.15401894082667567
2,1514,1516,0.15401954806524393
2,1512,1514,0.15402011871468457
2,1523,1525,0.15402065509990667
2,1524,1526,0.15402115934352725
2,1521,1523,0.1540216334089151
2,1517,1519,0.1540220791241206
2,1516,1518,0.15402249819750768
2,1515,1517,0.15402289222915466
2,1514,1516,0.1540232627198176
2,1514,1516,0.1540236110783577
2,1519,1521,0.15402393862813468
1,1505,1506,0.15402424661266198
1,1498,1499,0.15402766551873032
1,1504,1505,0.15403092294971932
1,1514,1515,0.15403399610221138
1,1516,1517,0.1540368909765957
1,1518,1519,0.15403961625922064
1,1526,1527,0.15404218106696202
1,1526,1527,0.15404459438603152
1,1514,1515,0.15404686488037703
1,1510,1511,0.15404900081939055
1,1521,1522,0.15405101005378252
1,1522,1523,0.15405290001364288
1,1523,1524,0.15405467771747905
1,1513,1514,0.15405634978681199
1,1506,1507,0.15405792246349387
1,1505,1506,0.15405940162818194
1,1510,1511,0.1540607928190788
1,1524,1525,0.15406210125042644
1,1529,1530,0.15406333183046336
1,1518,1519,0.15406448917868576
1,1514,1515,0.1540655776423327
1,1517,1518,0.15406660131206287
1,1519,1520,0.1540675640368211
1,1501,1502,0.15406846943790822
1,1514,1515,0.15406932092227907
1,1518,1519,0.1540701216950984
1,1520,1521,0.15407087477158743
1,1523,1524,0.154071582988195
1,1521,1522,0.15407224901312752
1,1523,1524,0.15407287535627096
1,1508,1509,0.1540734643785374
1,1500,1501,0.1540740183006675
1,1492,1493,0.15407453921151965
1,1501,1502,0.15407502907587353
1,1513,1514,0.15407548974177637
1,1515,1516,0.15407592294745753
1,1524,1525,0.1540763303278365
1,1520,1521,0.15407671342064735
1,1522,1523,0.15407707367220191
0,1524,1524,0.15407741244281328
