1369,28,1397,0.13582192052085218
1397,29,1426,0.13298056676658473
1420,29,1449,0.1303101465144
1437,31,1468,0.12781366762743515
1456,30,1486,0.12549330250787566
1458,33,1491,0.12332977175758339
1462,32,1494,0.12135456469483674
1448,35,1483,0.11954604012633237
1454,34,1488,0.11793521348621376
1452,34,1486,0.11645374463314788
1459,34,1493,0.11510924459414895
1458,32,1490,0.11386855985520107
1457,33,1490,0.11274143953888976
1462,33,1495,0.11171764447488591
1467,32,1499,0.11077389950789829
1467,32,1499,0.10990331277232876
1474,32,1506,0.10911039678700181
1468,33,1501,0.10837309608288734
1460,33,1493,0.1077155588428845
1465,33,1498,0.10713559497482955
1466,35,1501,0.10659661634974454
1452,36,1488,0.10610369723975076
1452,36,1488,0.10568682410613758
1460,36,1496,0.10530718080102988
1469,34,1503,0.1049436650249617
1477,35,1512,0.10459302751006785
1469,33,1502,0.1042559362578248
1459,32,1491,0.10396714182079964
1463,30,1493,0.1037261563154071
1473,29,1502,0.10349796214959772
1467,28,1495,0.10326838926337832
1470,28,1498,0.10307248962496639
1479,30,1509,0.1028873893776592
1481,29,1510,0.10269927439015547
1487,27,1514,0.10252369057247439
1490,28,1518,0.10235114382755092
1473,28,1501,0.10218774804323245
1472,24,1496,0.10207611450084392
1469,26,1495,0.10197620034105594
1463,26,1489,0.1018916241638484
1463,26,1489,0.10182780304563076
1463,25,1488,0.1017698808225688
1475,25,1500,0.10171689994699566
1474,25,1499,0.10164248432397584
1469,25,1494,0.1015774394238294
1473,26,1499,0.10152912760935433
1483,25,1508,0.10147630474994634
1489,25,1514,0.1014066557150502
1487,27,1514,0.10133046994968335
1487,25,1512,0.10126541344473555
1469,26,1495,0.10120619837969931
1464,27,1491,0.10119086539694849
1449,28,1477,0.10118805129657271
1443,28,1471,0.10121738585227887
1457,30,1487,0.1012570835625495
1465,30,1495,0.10126331151056939
1469,31,1500,0.10125157251019974
1455,30,1485,0.10123187341692336
1456,31,1487,0.10124416055215996
1455,31,1486,0.10125337257166446
1458,30,1488,0.1012641066298208
1469,28,1497,0.10126737162612547
1467,26,1493,0.10124627887305937
1458,26,1484,0.10123164779461628
1450,27,1477,0.1012373590387012
1446,27,1473,0.10126007767916917
1462,28,1490,0.10128911188214701
1458,30,1488,0.10128103091390793
1462,31,1493,0.10128267464149314
1456,31,1487,0.10127594535620286
1448,31,1479,0.1012825942114992
1455,31,1486,0.1013055107593289
1452,32,1484,0.10131158269080313
1464,31,1495,0.10132322558226171
1458,30,1488,0.10130821046930473
1463,30,1493,0.10130756759103132
1461,29,1490,0.10129598242536655
1459,28,1487,0.10128965133915163
1463,27,1490,0.10128858036431998
1470,28,1498,0.10127903816023291
1465,29,1494,0.10125539473959595
1454,29,1483,0.10124461891002014
1459,27,1486,0.1012582237599288
1463,27,1490,0.10125966360338044
1468,26,1494,0.1012523184237579
1470,26,1496,0.10123494236976306
1461,24,1485,0.10121483773360307
1458,24,1482,0.1012156392446495
1466,22,1488,0.10122287281026185
1461,22,1483,0.10121260347114598
1476,22,1498,0.10121369946324449
1471,22,1493,0.10118264490589589
1472,22,1494,0.10116519586611628
1474,21,1495,0.10114684955323788
1470,20,1490,0.1011261223087477
1466,19,1485,0.1011159368242986
1458,20,1478,0.10111495966547078
1464,23,1487,0.10113149105432274
1461,25,1486,0.101133705640313
1468,26,1494,0.10114229752621119
1471,26,1497,0.1011351640278788
1475,25,1500,0.10112238361957408
1475,24,1499,0.10110207195309404
1467,24,1491,0.10108360817275212
1466,25,1491,0.10108382697761079
1469,23,1492,0.10108639804793397
1466,25,1491,0.1010821071293919
1473,24,1497,0.10108490201774806
1474,25,1499,0.10107194286814909
1472,25,1497,0.10105822523916878
1483,26,1509,0.10105014056573534
1457,27,1484,0.10101935830840127
1462,26,1488,0.10104673821243533
1457,27,1484,0.10106108926735517
1472,26,1498,0.10108506163639774
1464,28,1492,0.1010743228051841
1472,30,1502,0.10108248511972735
1471,29,1500,0.1010724855760789
1470,31,1501,0.10106590097613356
1475,30,1505,0.10106198302005145
1472,30,1502,0.10104763542688328
1466,28,1494,0.10104075125364456
1473,28,1501,0.10104747325158471
1468,28,1496,0.10103869683190211
1466,27,1493,0.10104140903620258
1453,27,1480,0.10104788571697255
1460,25,1485,0.10108169833558246
1469,25,1494,0.1010977452075684
1472,23,1495,0.10109268878206151
1478,25,1503,0.10108167966200733
1470,21,1491,0.10105869504651775
1482,22,1504,0.10105496988884162
1482,23,1505,0.1010258034013589
1489,24,1513,0.10099919798430358
1496,23,1519,0.10095984217630775
1493,26,1519,0.10090931237809847
1479,26,1505,0.10086938878450923
1476,26,1502,0.10086286940188066
1465,25,1490,0.10086345042259046
1472,26,1498,0.10088758048104843
1476,26,1502,0.10089467236241863
1484,25,1509,0.10089251756750636
1471,25,1496,0.10087337396200674
1479,23,1502,0.10088336918149238
1481,24,1505,0.10087550005073641
1476,23,1499,0.1008644599701612
1481,22,1503,0.10086477919346662
1475,23,1498,0.10085439158649039
1469,23,1492,0.10085788097545692
1483,24,1507,0.10087417572199023
1487,24,1511,0.10085913716719463
1482,24,1506,0.10083718661594235
1492,24,1516,0.1008276455585893
1481,22,1503,0.10079777657503908
1474,21,1495,0.10079423101216575
1467,25,1492,0.10080579094713077
1483,24,1507,0.1008311402956796
1480,22,1502,0.10082023338315621
1473,22,1495,0.10081655636567191
1463,22,1485,0.10082840540225177
1475,22,1497,0.10086053226273059
1485,24,1509,0.10086394242676196
1475,25,1500,0.10084557763458707
1470,26,1496,0.10085015772619955
1466,24,1490,0.10086470939755365
1456,24,1480,0.10088686725505638
1459,23,1482,0.10092835064648092
1457,25,1482,0.10095933808925292
1469,25,1494,0.10099174195434917
1461,29,1490,0.10099584753882006
1458,28,1486,0.10101705546636074
1457,30,1487,0.10104290220610938
1464,30,1494,0.10106841731877328
1455,31,1486,0.10107697325595033
1465,31,1496,0.10110437753180344
1470,31,1501,0.1011079200151644
1462,30,1492,0.1011002202295173
1465,31,1496,0.10110990171831062
1457,31,1488,0.10111252559910149
1468,30,1498,0.1011320836131355
1469,29,1498,0.10112636485876689
1474,29,1503,0.10111848678354131
1458,29,1487,0.10110109629537928
1462,29,1491,0.1011195758073891
1456,29,1485,0.10112758543053349
1459,30,1489,0.10114756645169411
1456,31,1487,0.10115966503969026
1452,30,1482,0.10117724196678558
1445,28,1473,0.10120192406154628
1457,28,1485,0.10123923116217048
1465,27,1492,0.10124722629945544
1467,28,1495,0.10123755112760156
1474,29,1503,0.101224336416097
1465,29,1494,0.10119739595320638
1452,28,1480,0.10119201771862561
1457,27,1484,0.10121486849941214
1462,27,1489,0.10122506310495286
1449,25,1474,0.10122389227191039
1460,26,1486,0.1012508497882254
1456,27,1483,0.10125170116446182
1459,27,1486,0.10126100686674355
1461,30,1491,0.10126309910587084
1456,30,1486,0.10126080197006009
1450,31,1481,0.1012693856321529
1446,31,1477,0.10129010922590335
1453,32,1485,0.10131732021920659
1461,30,1491,0.10132704984889539
1475,31,1506,0.10131901158565154
1457,32,1489,0.10128164142586754
1462,33,1495,0.10128583565562728
1458,35,1493,0.1012789140880172
1463,35,1498,0.10128153676427284
1456,37,1493,0.10127355293982823
1452,35,1487,0.10128139037917983
1461,35,1496,0.10129698959440643
1465,36,1501,0.10129202811230237
1464,35,1499,0.10127928750003018
1461,37,1498,0.10127002473251472
1464,37,1501,0.10126780282089407
1464,38,1502,0.10125950034212317
1465,39,1504,0.10125173327789674
1462,38,1500,0.10124244675826283
1462,37,1499,0.10124046427694906
1470,37,1507,0.10123844742044692
1466,37,1503,0.10121926667229435
1453,37,1490,0.10121044992156963
1434,35,1469,0.10123045798858454
1447,34,1481,0.10128946036366723
1446,35,1481,0.10131537664811134
1457,36,1493,0.10134105476676095
1456,38,1494,0.10134066413894585
1450,37,1487,0.10134218594234018
1448,38,1486,0.10135661209293044
1439,37,1476,0.10137405131914147
1446,38,1484,0.10140926589289417
1459,37,1496,0.10142606469438116
1449,37,1486,0.10141401341091413
1453,37,1490,0.10142487471158641
1443,36,1479,0.10142602584555803
1441,33,1474,0.101448501686982
1449,32,1481,0.10147296168902127
1439,30,1469,0.1014778710118435
1451,30,1481,0.10150407283187807
1446,30,1476,0.10150183610918141
1465,31,1496,0.10151084780123722
1453,34,1487,0.10147748464416834
1456,33,1489,0.10147266344183085
1458,33,1491,0.10146179752317586
1445,32,1477,0.10144781129572195
1442,30,1472,0.10146330619738364
1450,32,1482,0.10148417340594491
1463,33,1496,0.10148583711768479
1455,33,1488,0.1014597244604522
1444,34,1478,0.10145270534816014
1444,35,1479,0.10147058749589273
1441,37,1478,0.10148749987732499
1447,38,1485,0.10150876137843819
1457,38,1495,0.10151526442743314
1458,35,1493,0.10149945040697997
1464,35,1499,0.10148302925929684
1469,34,1503,0.10145484208818602
1468,38,1506,0.10141852415392533
1461,37,1498,0.10138784224326773
1460,38,1498,0.10137488924881762
1463,35,1498,0.10136524987879547
1457,35,1492,0.10135023493659916
1462,37,1499,0.10134967818608487
1460,36,1496,0.10133879660022874
1455,37,1492,0.10133319754811326
1461,36,1497,0.10133865874185283
1468,37,1505,0.10133045566332384
1468,35,1503,0.10130799843490078
1471,38,1509,0.10128737044827833
1465,39,1504,0.10126229193863477
1462,40,1502,0.10125201724205393
1465,40,1505,0.10124912114106763
1456,40,1496,0.10124015910434253
1454,40,1494,0.10125132562112168
1445,39,1484,0.10126609709633236
1446,40,1486,0.10129945802325167
1442,40,1482,0.10132758026954257
1438,41,1479,0.10136166441739217
1440,40,1480,0.10140129490692586
1439,43,1482,0.10143319449957716
1437,43,1480,0.1014648621022036
1453,43,1496,0.10149817298604376
1459,45,1504,0.10149315207853854
1449,44,1493,0.10147603648658209
1449,45,1494,0.10148180651721274
1452,45,1497,0.10148721965315907
1467,47,1514,0.10148528184878998
1462,47,1509,0.10145165521919842
1457,48,1505,0.10143170125888545
1447,48,1495,0.10142475403057688
1444,49,1493,0.1014402798421676
1445,47,1492,0.10146036079965068
1444,48,1492,0.10147654370323413
1439,48,1487,0.1014929771371754
1441,44,1485,0.1015192352219573
1443,45,1488,0.1015387362762745
1455,45,1500,0.10155289322120456
1473,45,1518,0.10154039508964736
1465,45,1510,0.10149000006284795
1466,48,1514,0.10146068056274588
1461,48,1509,0.10143198522009972
1468,46,1514,0.10141636775430457
1460,46,1506,0.10138742459003726
1463,47,1510,0.10137845174721427
1453,44,1497,0.1013640551724617
1447,46,1493,0.10137200964808529
1447,46,1493,0.1013924234438025
1460,46,1506,0.10141124449498949
1453,51,1504,0.10140060158065331
1446,50,1496,0.1014065896701717
1422,49,1471,0.1014269553516663
1434,51,1485,0.10149698118156511
1432,51,1483,0.101534870053518
1446,51,1497,0.10157368705245759
1439,51,1490,0.10157906994004459
1441,49,1490,0.10159962564822919
1449,52,1501,0.1016139061601534
1449,51,1500,0.1016096044746682
1444,52,1496,0.10160499197340336
1445,52,1497,0.10161135575573535
1429,50,1479,0.10161546419653308
1430,50,1480,0.10165329108114499
1433,54,1487,0.10168528520958875
1443,57,1500,0.10170773090566872
1441,58,1499,0.10170665699279606
1446,60,1506,0.1017100600179099
1440,63,1503,0.10170221248333017
1455,63,1518,0.10170853461847555
1445,63,1508,0.1016826964521091
1430,65,1495,0.10168071610207026
1430,65,1495,0.10171158482411165
1438,66,1504,0.10173949070310595
1436,67,1503,0.10174727411533258
1426,68,1494,0.10175904806307294
1426,68,1494,0.10179169003376468
1442,68,1510,0.10182081046231872
1422,67,1489,0.10181306910063624
1427,69,1496,0.1018492186578295
1406,73,1479,0.1018717977174742
1416,72,1488,0.10193775210547802
1426,71,1497,0.10197637957908291
1430,71,1501,0.10198931302817148
1438,67,1505,0.10199227351967544
1426,68,1494,0.10197800370178366
1424,73,1497,0.10199088819941515
1425,74,1499,0.10200750573180682
1426,75,1501,0.10201995159304118
1422,75,1497,0.1020291864291255
1434,77,1511,0.10204594354319027
1428,75,1503,0.10203553334311337
1423,74,1497,0.10203906277616959
1428,72,1500,0.1020535231705696
1419,70,1489,0.10205644349215928
1416,72,1488,0.10207818025476924
1422,70,1492,0.10210551563542382
1425,71,1496,0.1021174340246012
1420,72,1492,0.10212194455303529
1423,72,1495,0.10213628434696959
1425,73,1498,0.10214390494403457
1422,74,1496,0.10214689170982204
1426,72,1498,0.10215526940257963
1425,72,1497,0.1021545438509942
1417,74,1491,0.10215626189906
1411,72,1483,0.10217463326844162
1412,73,1485,0.10220409486159167
1411,74,1485,0.10222888036753812
1428,76,1504,0.10225430409928218
1429,75,1504,0.10224094128090869
1435,77,1512,0.10222664977563295
1423,75,1498,0.1022001094752731
1413,78,1491,0.10220203945348573
1403,82,1485,0.10222593840406502
1397,79,1476,0.10226931371565734
1410,79,1489,0.10232208996670814
1430,79,1509,0.10234248550503146
1420,79,1499,0.10231760130649258
1418,83,1501,0.102317257859518
1426,86,1512,0.10232183230437576
1415,86,1501,0.102308682036811
1419,86,1505,0.10232020674863072
1425,84,1509,0.10232153140735428
1416,85,1501,0.10230977646857509
1414,89,1503,0.10231861887236113
1420,87,1507,0.1023309409951096
1406,86,1492,0.10232890434329919
1405,86,1491,0.10235698264956841
1410,85,1495,0.10238451132507408
1401,85,1486,0.10239883814607655
1391,84,1475,0.10243170563685024
1389,83,1472,0.1024836556531798
1394,85,1479,0.10253546413967544
1395,88,1483,0.10257153994401229
1397,90,1487,0.10260210656306139
1402,88,1490,0.10262531500242172
1401,90,1491,0.10263568540417985
1407,91,1498,0.10264786151150215
1394,93,1487,0.1026472282622757
1395,96,1491,0.1026751052598671
1399,96,1495,0.10269876862580637
1399,96,1495,0.10271156126378976
1399,95,1494,0.10272312801244961
1409,95,1504,0.10273313316180416
1412,96,1508,0.10272119444772862
1423,95,1518,0.102704013810039
1418,93,1511,0.10266415577507783
1413,95,1508,0.1026385154317547
1401,99,1500,0.10262623262458354
1410,98,1508,0.10264065403732106
1412,97,1509,0.1026342314673789
1400,99,1499,0.10262428145988967
1400,98,1498,0.10264096034466945
1408,92,1500,0.10265672383096405
1410,95,1505,0.10265343852428131
1410,99,1509,0.10264684380547948
1399,101,1500,0.10264106842646203
1400,100,1500,0.1026598500706071
1389,100,1489,0.10267576542753723
1404,99,1503,0.10271376760610025
1404,99,1503,0.10271536843643947
1390,98,1488,0.10271692163026866
1386,96,1482,0.10274854808718675
1389,98,1487,0.10278608528335387
1390,97,1487,0.10281357630133658
1402,94,1496,0.10283629069894883
1385,98,1483,0.1028307969284545
1366,98,1464,0.10286373442989222
1380,99,1479,0.10293481193391171
1386,104,1490,0.10296904876149181
1365,105,1470,0.1029881130061035
1379,104,1483,0.10305067553911602
1381,104,1485,0.10307814117842515
1377,104,1481,0.10309886019876398
1387,107,1494,0.10312683218768882
1393,104,1497,0.10313049717838815
1399,104,1503,0.1031203692324933
1392,105,1497,0.10309789263703992
1378,107,1485,0.1030914721533448
1384,111,1495,0.10311711117957699
1390,114,1504,0.10312851745114988
1386,115,1501,0.10312607793892216
1389,121,1510,0.10313282615538402
1376,113,1489,0.10313217904317323
1369,112,1481,0.10316093469697936
1387,115,1502,0.1032019081334079
1383,119,1502,0.10320052871252744
1378,119,1497,0.10320883544469041
1373,120,1493,0.10322728349637256
1362,121,1483,0.10325528172017584
1370,121,1491,0.10330552665610777
1364,121,1485,0.10333369080386862
1365,121,1486,0.10337308284736922
1369,120,1489,0.1034065687201955
1366,122,1488,0.10342906809592613
1356,119,1475,0.1034560244523689
1348,119,1467,0.10350331415778108
1349,118,1467,0.10356331314637139
1358,120,1478,0.1036164374855548
1346,119,1465,0.10364489358590631
1351,116,1467,0.10369774298648013
1365,118,1483,0.10373552678060921
1362,119,1481,0.10373905567105482
1354,124,1478,0.10374903563712014
1360,127,1487,0.10377613469561175
1359,128,1487,0.10378681842386239
1350,127,1477,0.10379862638641459
1357,124,1481,0.10382958924302198
1368,125,1493,0.10384149659069886
1358,126,1484,0.10382819951754986
1356,128,1484,0.10383793395997941
1374,130,1504,0.10385175526879596
1364,133,1497,0.10382530499010588
1362,132,1494,0.10382334810440408
1363,134,1497,0.10382594143130706
1377,133,1510,0.10382586355782177
1386,129,1515,0.10379531554387611
1373,129,1502,0.10374770418942188
1375,128,1503,0.1037330067286969
1377,128,1505,0.10371586747444943
1386,129,1515,0.10369499073743034
1382,129,1511,0.10365698319579092
1369,127,1496,0.10363037982463912
1352,132,1484,0.10363390798477055
1343,129,1472,0.10367390928382272
1344,137,1481,0.1037305740915457
1356,134,1490,0.10378104315984533
1357,134,1491,0.10380085572123338
1354,135,1489,0.10381724364855724
1359,136,1495,0.1038389834150236
1361,131,1492,0.10384809791867172
1372,137,1509,0.1038512031862831
1372,133,1505,0.10383130873370706
1359,137,1496,0.10381331943195836
1344,133,1477,0.10382569630027717
1350,136,1486,0.10387010750536238
1353,140,1493,0.10389846514835471
1358,139,1497,0.10391765514795584
1348,134,1482,0.10392538460641136
1357,136,1493,0.1039535280882144
1359,133,1492,0.10395864226893702
1349,135,1484,0.10396010622319157
1355,140,1495,0.10398373094785572
1354,141,1495,0.10399213375398306
1363,144,1507,0.10400229027742303
1367,144,1511,0.10399220800749592
1349,141,1490,0.10397444424879407
1342,144,1486,0.10399809520826077
1344,145,1489,0.10403611760703345
1350,144,1494,0.10406653914231721
1346,149,1495,0.10408181832541849
1345,150,1495,0.10410476856880585
1341,151,1492,0.10412806171156955
1342,149,1491,0.10415737800974802
1329,153,1482,0.10418213292300642
1343,154,1497,0.10423387719439155
1348,153,1501,0.1042502090626056
1332,152,1484,0.10425412071986667
1336,153,1489,0.10429323335236941
1332,157,1489,0.1043200291005554
1330,153,1483,0.10435311765477852
1339,155,1494,0.1043867407445536
1346,159,1505,0.10439850673935581
1346,160,1506,0.10439501313469257
1349,158,1507,0.1043919356180524
1347,154,1501,0.10438129871648304
1356,153,1509,0.10437624735103779
1346,154,1500,0.10435202460499735
1346,154,1500,0.10435143747343258
1358,150,1508,0.10435056511497401
1347,150,1497,0.10432398110638828
1333,151,1484,0.10432394316774576
1319,155,1474,0.10435486826558797
1331,156,1487,0.10441368130208335
1329,154,1483,0.10444184500567086
1331,161,1492,0.10447144993244
1332,163,1495,0.1044939464965746
1330,161,1491,0.10451363344129269
1330,164,1494,0.10453581179015953
1332,161,1493,0.10455702311482959
1333,167,1500,0.10457248472694325
1333,168,1501,0.10458410683261864
1333,163,1496,0.1045951492289295
1331,162,1493,0.10460539701431118
1334,157,1491,0.10461866729788724
1341,160,1501,0.10462497308204138
1338,162,1500,0.10461576936623856
1346,161,1507,0.10461337456796668
1342,160,1502,0.10459315462559095
1348,162,1510,0.10458409905715682
1340,159,1499,0.1045615813640084
1349,160,1509,0.10455893418778803
1342,158,1500,0.10453666484799214
1345,163,1508,0.10453265086697026
1343,160,1503,0.10452223881414673
1349,160,1509,0.1045166491526577
1339,159,1498,0.10449783283163935
1341,159,1500,0.10450374028307924
1344,155,1499,0.1045051771457925
1339,155,1494,0.10450017368722309
1345,159,1504,0.10450695998052235
1348,157,1505,0.10450011829205122
1344,156,1500,0.10448765826452742
1344,164,1508,0.10448498930861369
1336,168,1504,0.10448250741641076
1329,167,1496,0.10449826535816861
1330,172,1502,0.10452799245458301
1328,172,1500,0.1045525328943155
1337,165,1502,0.10458009198593138
1336,167,1503,0.10458452537770174
1327,170,1497,0.10459196976342419
1326,171,1497,0.10461749719629275
1322,174,1496,0.10464342251421976
1319,173,1492,0.10467550092034425
1312,170,1482,0.10471215979776101
1317,168,1485,0.10476048025615675
1308,168,1476,0.10479376866275616
1318,170,1488,0.10484376292396622
1323,171,1494,0.10486729056238712
1303,171,1474,0.1048782417171156
1312,177,1489,0.10493322935829856
1300,182,1482,0.10496294632446361
1313,183,1496,0.10501626835063757
1314,185,1499,0.10503622597555029
1307,180,1487,0.10505179921559187
1306,178,1484,0.10508215992981068
1303,185,1488,0.10511268905663751
1304,193,1497,0.10514678207411204
1315,189,1504,0.10517594149923588
1316,190,1506,0.10517931377230177
1323,192,1515,0.10518056765770448
1314,191,1505,0.10516595530691905
1305,192,1497,0.10517304545463023
1294,188,1482,0.10520069922373876
1298,191,1489,0.10524983358205624
1304,193,1497,0.10528603230511585
1301,197,1498,0.10530596539626387
1302,194,1496,0.10533062305397774
1292,198,1490,0.10535077808197137
1299,198,1497,0.10539038245686502
1294,194,1488,0.10541192448476001
1298,196,1494,0.10544299844485906
1293,201,1494,0.10546301218536643
1287,204,1491,0.10549277074697869
1280,209,1489,0.10553312026005955
1286,204,1490,0.1055860380485263
1283,204,1487,0.10562160313789799
1289,201,1490,0.10566036984725198
1289,200,1489,0.10568333053468133
1296,199,1495,0.1057040822093597
1288,201,1489,0.10570725145802307
1285,207,1492,0.10572842850744708
1287,204,1491,0.10575443545769683
1279,205,1484,0.10577434851471633
1287,207,1494,0.10580892182530377
1296,207,1503,0.10582379053496936
1286,208,1494,0.10581806560513257
1284,209,1493,0.10583459651918627
1279,213,1492,0.1058541686512174
1275,214,1489,0.105883734002964
1289,213,1502,0.10591937371656134
1299,213,1512,0.1059211910402661
1296,208,1504,0.10590022053534665
1291,210,1501,0.10588844972148978
1282,212,1494,0.10588785292345268
1289,209,1498,0.10590717556320875
1296,210,1506,0.10591090164762999
1279,214,1493,0.10589900076588143
1267,212,1479,0.10592591238617244
1278,212,1490,0.10597718984752415
1274,214,1488,0.10599968920613781
1280,220,1500,0.10602930307137819
1278,219,1497,0.10604458858923951
1286,223,1509,0.10606250526495005
1296,222,1518,0.10606037795083231
1290,222,1512,0.10603629129011564
1292,225,1517,0.10602697288344594
1304,219,1523,0.10601439948450278
1290,223,1513,0.10597599280440097
1282,221,1503,0.1059733710146736
1280,220,1500,0.1059894975981852
1275,225,1500,0.10600935637374238
1274,229,1503,0.10603863802640197
1262,231,1493,0.10606814918466644
1252,222,1474,0.10612211610838251
1260,229,1489,0.1061927743681646
1264,232,1496,0.1062392628378765
1271,231,1502,0.10627262545509439
1272,229,1501,0.10628811294950463
1264,231,1495,0.1063008857172938
1255,231,1486,0.10633001925986088
1256,229,1485,0.1063778759150215
1250,229,1479,0.10641966143933297
1248,234,1482,0.1064733748320985
1254,242,1496,0.10652762983593185
1236,245,1481,0.10656411124070832
1237,243,1480,0.10663680899408114
1259,240,1499,0.10670206487568486
1262,245,1507,0.10671182616036087
1254,249,1503,0.10671359138371427
1256,245,1501,0.10673330725614029
1255,247,1502,0.10674675802665401
1258,242,1500,0.10676105255655749
1260,237,1497,0.10676784882710287
1265,239,1504,0.10676937391475384
1251,235,1486,0.10675941725878131
1255,234,1489,0.10678113216095653
1271,240,1511,0.10679235842513528
1259,242,1501,0.1067682952853622
1259,241,1500,0.10677308551287039
1267,241,1508,0.10677777569607358
1261,240,1501,0.10676477668239859
1262,242,1504,0.10676544361639642
1264,240,1504,0.10676379564588355
1245,238,1483,0.10675757381216379
1249,238,1487,0.10679477386505823
1261,231,1492,0.1068212161939931
1259,225,1484,0.10681836079318063
1265,232,1497,0.10681991409460508
1269,232,1501,0.10680798589293035
1261,233,1494,0.1067880990973275
1255,229,1484,0.10678847907859275
1261,230,1491,0.10680183736541547
1259,228,1487,0.10680062730246562
1263,230,1493,0.10680304799605946
1257,233,1490,0.10679674209555003
1244,240,1484,0.10680385915288734
1249,235,1484,0.10684050189122836
1246,228,1474,0.10686424776780315
1258,233,1491,0.10689291327465751
1257,228,1485,0.10689287108119781
1267,230,1497,0.10689585198972196
1269,226,1495,0.10687515987015658
1262,229,1491,0.10685080949475387
1254,233,1487,0.10684521210846633
1252,232,1484,0.10685943774012735
1263,237,1500,0.10687682075693852
1265,240,1505,0.1068686269271841
1263,238,1501,0.10685841013128673
1266,238,1504,0.10685339148799092
1260,239,1499,0.10684182676455153
1258,237,1495,0.10684390035242756
1260,240,1500,0.10685054351410268
1255,244,1499,0.10685237589195305
1265,240,1505,0.10686498388873533
1253,241,1494,0.10685366635919415
1250,242,1492,0.10686966516463245
1244,250,1494,0.10689190988306102
1241,248,1489,0.10692394541628157
1243,252,1495,0.10696073160063933
1248,250,1498,0.10699100337194092
1249,249,1498,0.10700756780804721
1253,249,1502,0.10701953031970021
1243,249,1492,0.10702140786366425
1243,250,1493,0.10704636976339532
1252,245,1497,0.10706943164778693
1246,255,1501,0.10707040047556646
1245,257,1502,0.10708660128428185
1246,260,1506,0.10710517755497864
1249,267,1516,0.1071216202205898
1248,267,1515,0.10713064202570724
1240,268,1508,0.10713990594281828
1239,267,1506,0.10716625138011569
1228,264,1492,0.10719170287265001
1232,255,1487,0.10723876507788953
1218,261,1479,0.10727433716633084
1223,263,1486,0.10733950545438818
1233,261,1494,0.10738604311530082
1226,267,1493,0.10740854747980201
1240,260,1500,0.1074454316437489
1232,259,1491,0.10744707714855313
1229,256,1485,0.1074661384162438
1228,263,1491,0.10748956853228864
1228,259,1487,0.10751316395659741
1221,256,1477,0.10753391543279196
1225,258,1483,0.10756838507187792
1222,262,1484,0.10759038269541252
1237,261,1498,0.10761686176602986
1241,258,1499,0.10760837437744059
1247,259,1506,0.10759155674647004
1248,256,1504,0.10756413774525937
1250,253,1503,0.10753657711426438
1256,253,1509,0.10750606298358643
1241,254,1495,0.10746456693206985
1240,252,1492,0.10745880800134881
1231,254,1485,0.10745495358219648
1231,253,1484,0.1074717843186916
1232,256,1488,0.10748890238674423
1229,260,1489,0.10750202530248801
1228,270,1498,0.107520873394412
1228,269,1497,0.10754072532947788
1222,266,1488,0.10755989894679178
1225,269,1494,0.10759056625279825
1229,271,1500,0.10761060794260818
1231,267,1498,0.10761960123710151
1251,268,1519,0.10762418559744916
1235,260,1495,0.1075844741789198
1227,264,1491,0.10758368602071386
1235,266,1501,0.10760013435968346
1230,264,1494,0.10759716740878307
1250,264,1514,0.10760596904472036
1250,264,1514,0.10756892752094864
1230,259,1489,0.10753541157473936
1228,265,1493,0.10754858777989813
1224,258,1482,0.10756563946050118
1229,264,1493,0.10759064429050948
1213,266,1479,0.10760245833018925
1220,264,1484,0.10765009405612962
1230,263,1493,0.10767794508287193
1239,266,1505,0.10768022201751204
1235,264,1499,0.1076632734433623
1237,268,1505,0.10765663280641284
1246,262,1508,0.10764530330244154
1252,261,1513,0.10761487305385152
1254,261,1515,0.10757410158391575
1231,261,1492,0.10753132398175386
1232,259,1491,0.10754396902583954
1224,263,1487,0.10755245395808088
1222,257,1479,0.10757830622489997
1229,263,1492,0.10760664599882107
1224,267,1491,0.10761762124570332
1228,266,1494,0.10763934760395559
1233,269,1502,0.1076504453691565
1231,268,1499,0.10764905175634826
1236,273,1509,0.10765235442764919
1234,276,1510,0.10764417330547882
1230,272,1502,0.10764118672335493
1234,273,1507,0.10764646915249063
1219,269,1488,0.10764262372988088
1223,266,1489,0.10767267394409546
1231,269,1500,0.10769222755334606
1217,274,1491,0.10769182523901484
1211,277,1488,0.10772387401026685
1217,281,1498,0.10776804664439328
1211,279,1490,0.10779358299934635
1213,282,1495,0.10783172744315345
1216,283,1499,0.10786134633290535
1221,282,1503,0.10788194078590309
1222,285,1507,0.10789030806669121
1220,282,1502,0.10789578196431286
1203,286,1489,0.10790628480339201
1207,284,1491,0.10795311893324129
1201,290,1491,0.10798733328367578
1210,294,1504,0.10803190893681423
1203,295,1498,0.1080536221442584
1210,291,1501,0.10808958891637388
1205,293,1498,0.1081082473991658
1211,295,1506,0.10813580429972536
1217,292,1509,0.10814696586785065
1201,291,1492,0.1081425339241148
1206,287,1493,0.1081756365442545
1206,286,1492,0.10819620528328809
1199,287,1486,0.10821389316854865
1203,291,1494,0.10824511098559884
1208,294,1502,0.10826554857805032
1217,292,1509,0.10827305202536536
1210,288,1498,0.10825997613886063
1205,291,1496,0.10826373397165408
1206,291,1497,0.10828004399354069
1192,292,1484,0.10829210260439574
1188,297,1485,0.10833397769632472
1198,293,1491,0.10838173649855425
1194,302,1496,0.10840276957990906
1187,308,1495,0.10843136579817067
1192,310,1502,0.10847432539865168
1186,309,1495,0.10850274096894118
1186,306,1492,0.10854277067334278
1186,307,1493,0.10857903262509437
1184,307,1491,0.10861319089152122
1171,307,1478,0.10864923931969755
1181,310,1491,0.10871130561108582
1178,313,1491,0.10874561695580112
1175,310,1485,0.10878471173991869
1177,316,1493,0.10882854474901134
1181,325,1506,0.10886457933676427
1172,320,1492,0.10888997643242526
1169,328,1497,0.10893305770065576
1168,327,1495,0.1089792358883884
1176,334,1510,0.10902535264905054
1167,328,1495,0.10905119743069931
1162,323,1485,0.10909721092004598
1152,330,1482,0.10915109290312791
1155,335,1490,0.10922314127230376
1152,340,1492,0.10928256637572567
1147,336,1483,0.10934491429651884
1146,341,1487,0.10941292949968394
1146,338,1484,0.109479520731704
1151,341,1492,0.10954201648216852
1149,339,1488,0.1095869653471409
1148,341,1489,0.10963397396994559
1153,345,1498,0.10968009240974678
1151,355,1506,0.10971138603496332
1150,358,1508,0.10974628530561416
1143,356,1499,0.10978200641345985
1135,362,1497,0.1098299092121638
1147,358,1505,0.10989144087027763
1146,354,1500,0.10992029104256197
1156,351,1507,0.10994729475435829
1157,353,1510,0.10995205268503451
1151,358,1509,0.10995369348433953
1135,359,1494,0.10997004929016725
1138,357,1495,0.11002166221597026
1137,357,1494,0.11006306407144806
1140,353,1493,0.11010316192028427
1149,355,1504,0.11013332635945694
1148,358,1506,0.11014092316350493
1132,356,1488,0.1101493939800087
1133,365,1498,0.11019258469904908
1139,363,1502,0.1102300298970633
1138,360,1498,0.11025176892493146
1144,360,1504,0.11027403115647999
1144,364,1508,0.11028015305555311
1146,367,1513,0.11028710061175989
1138,372,1510,0.11028759821655963
1139,365,1504,0.1103055405846089
1137,359,1496,0.11032064839194723
1136,360,1496,0.11034001845534049
1130,365,1495,0.11035981638037884
1141,363,1504,0.11039319141742045
1149,363,1512,0.11039753667267722
1140,357,1497,0.11038174785002353
1149,353,1502,0.11038672704991796
1142,354,1496,0.11037240381140634
1151,357,1508,0.11037595785840405
1148,356,1504,0.1103579084852911
1142,358,1500,0.11034845981777036
1145,368,1513,0.11035377549229879
1148,367,1515,0.11035214128767219
1139,357,1496,0.11034405546735265
1144,362,1506,0.11035848957425505
1144,360,1504,0.11036088244976153
1134,360,1494,0.11036310013845899
1133,371,1504,0.11038557295193784
1153,370,1523,0.11040879956987953
1144,368,1512,0.11038456440045252
1143,368,1511,0.11038310731071874
1143,369,1512,0.1103838739676632
1153,373,1526,0.1103851233803697
1141,372,1513,0.11036541948541478
1137,376,1513,0.11037487618330653
1120,372,1492,0.11039530823386015
1116,367,1483,0.11045378152720929
1112,377,1489,0.11051650467697445
1113,378,1491,0.11058322609927117
1110,381,1491,0.11064363427624134
1120,381,1501,0.11070568314409168
1125,385,1510,0.11073913542331539
1116,383,1499,0.11075980301338116
1118,387,1505,0.11080009087901807
1114,387,1501,0.11083336732322366
1110,388,1498,0.11087357995493488
1118,394,1512,0.1109196808896484
1106,398,1504,0.1109435612747095
1110,396,1506,0.11099161984944064
1107,387,1494,0.11102834781227135
1109,388,1497,0.1110701019389961
1097,392,1489,0.11110419230025642
1093,390,1483,0.11116230375423275
1098,395,1493,0.11122537443518127
1092,395,1487,0.11127342940303919
1094,397,1491,0.11133225428602696
1098,401,1499,0.11138228981146474
1091,395,1486,0.1114198279023093
1094,406,1500,0.11147094309158845
1089,409,1498,0.11151162208362715
1097,414,1511,0.11156071933657151
1094,412,1506,0.1115875816633951
1086,414,1500,0.11161791425365376
1090,411,1501,0.11166437920150578
1087,404,1491,0.11169893302465866
1082,404,1486,0.11173783724206565
1075,407,1482,0.11178510880703275
1074,405,1479,0.11184338143487813
1071,415,1486,0.11189999667794236
1070,416,1486,0.11195901732500818
1065,418,1483,0.1120159919512583
1074,415,1489,0.11208050380212091
1077,421,1498,0.11211929364052915
1081,426,1507,0.11214668011795972
1078,422,1500,0.11216340240083628
1078,416,1494,0.11218599529875092
1077,421,1498,0.1122060993447279
1079,425,1504,0.11222738311980297
1079,433,1512,0.11224309582313481
1083,426,1509,0.11225835264442456
1070,422,1492,0.11226151636894499
1063,428,1491,0.11229617014894928
1066,426,1492,0.1123453497524174
1068,432,1500,0.1123829496916834
1077,426,1503,0.11241292343515848
1069,429,1498,0.11242023447441334
1072,428,1500,0.11244532328040517
1081,423,1504,0.11246135172905487
1083,425,1508,0.11245560937990129
1079,425,1504,0.11244401338556571
1080,422,1502,0.11244293756278884
1080,427,1507,0.1124395108982025
1077,426,1503,0.11243548961754347
1077,424,1501,0.11243775346714897
1085,426,1511,0.11243925238251969
1071,425,1496,0.1124213358860997
1070,425,1495,0.11243794462794807
1060,421,1481,0.11245715874155673
1053,425,1478,0.11249614503624823
1063,423,1486,0.11254694312229827
1070,424,1494,0.11257105739717971
1059,431,1490,0.11257717021864813
1070,434,1504,0.11260915866347325
1063,438,1501,0.11261287682244538
1072,441,1513,0.11263403735978787
1065,443,1508,0.11263222233131209
1061,438,1499,0.11264666779717451
1062,441,1503,0.11266904913660367
1076,439,1515,0.1126858968891983
1079,438,1517,0.11267005837744314
1068,446,1514,0.11264756121961973
1065,449,1514,0.1126527745383601
1060,444,1504,0.11266398453173149
1052,440,1492,0.1126864540260856
1053,440,1493,0.11272573951389753
1061,437,1498,0.11275918632948362
1058,445,1503,0.11277259943336052
1054,444,1498,0.112790766486063
1048,443,1491,0.1128168768065796
1059,443,1502,0.1128555986845664
1065,445,1510,0.1128668327258334
1060,454,1514,0.11286234079693669
1063,448,1511,0.1128688080750439
1058,449,1507,0.11286817833353222
1055,446,1501,0.112880092976241
1051,445,1496,0.1128976502158589
1058,440,1498,0.11292070805628192
1069,436,1505,0.11292563487295913
1064,440,1504,0.11290415501981506
1062,443,1505,0.11289569574111803
1066,442,1508,0.11289349584568868
1054,445,1499,0.11288051538798627
1049,444,1493,0.11289664599616021
1037,438,1475,0.11292301514770911
1039,445,1484,0.11297431408236959
1044,443,1487,0.11301702585198091
1046,444,1490,0.11304543743222867
1034,449,1483,0.11306725586065074
1029,443,1472,0.11311591838726695
1037,448,1485,0.1131724841978363
1051,444,1495,0.11320624012870642
1034,440,1474,0.11320605870229902
1044,441,1485,0.11324412742002483
1060,440,1500,0.11325261022503258
1055,435,1490,0.11322354643238133
1059,443,1502,0.11320715749747894
1072,439,1511,0.11318341754895897
1060,438,1498,0.11313064331855159
1056,434,1490,0.11310923973939356
1065,435,1500,0.11309800735092063
1073,430,1503,0.11306375720749823
1079,433,1512,0.11301271157242848
1066,435,1501,0.11295166297068157
1066,426,1492,0.11292765534918857
1062,430,1492,0.11290624042294567
1068,427,1495,0.1128954038586769
1076,429,1505,0.11287148761241816
1071,427,1498,0.11283165808868632
1068,433,1501,0.11280751576437563
1068,441,1509,0.11279141051877005
1063,436,1499,0.11277740458348642
1076,443,1519,0.1127765040044342
1066,434,1500,0.11274500669237825
1068,428,1496,0.11274028248393567
1074,424,1498,0.11273025200036915
1067,426,1493,0.1127057610676544
1078,431,1509,0.11270007955448005
1064,434,1498,0.11267030165838765
1066,438,1504,0.11267556874584692
1069,436,1505,0.11267560511343704
1061,436,1497,0.1126680872196288
1057,439,1496,0.11268081725891023
1064,446,1510,0.11270232201926345
1054,442,1496,0.11270671654401614
1057,440,1497,0.11273514331668592
1046,434,1480,0.11275523705762097
1047,445,1492,0.11279852639165835
1049,444,1493,0.11283676378037272
1049,446,1495,0.11286654142054477
1042,451,1493,0.11289574999407506
1055,461,1516,0.11293754253426315
1048,463,1511,0.11294530415339193
1045,461,1506,0.1129686629181558
1039,464,1503,0.1129979648310703
1043,468,1511,0.11303906656665479
1044,469,1513,0.1130671777432538
1031,463,1494,0.1130892872962006
1034,467,1501,0.11314148290120282
1026,472,1498,0.11318169972242798
1026,463,1489,0.11323786540122968
1029,465,1494,0.11329052433875514
1032,458,1490,0.11333342071107304
1038,455,1493,0.1133657390863312
1046,466,1512,0.11338177690492376
1036,461,1497,0.11337604600911134
1038,460,1498,0.11339621900810908
1034,465,1499,0.1134110467013199
1032,472,1504,0.11343306539607649
1036,468,1504,0.1134590431200547
1035,472,1507,0.11347343019626241
1037,470,1507,0.1134874709505873
1039,473,1512,0.11349458555386917
1031,471,1502,0.11349781929249804
1039,479,1518,0.11352016918983594
1033,477,1510,0.11352404512563359
1016,478,1494,0.11354109048127375
1023,488,1511,0.11359684957787586
1026,493,1519,0.1136331060499003
1025,493,1518,0.11366004653436136
1018,486,1504,0.11368671382335183
1024,485,1509,0.11372676951172687
1022,492,1514,0.11374920634918415
1021,485,1506,0.11377595125408822
1009,487,1496,0.1138020813962444
1008,487,1495,0.11385478584111663
1002,487,1489,0.11390589079205136
997,495,1492,0.11396820912298584
996,500,1496,0.11403724770217806
989,499,1488,0.1141043034925452
988,503,1491,0.11418279011191572
989,509,1498,0.1142575329134396
982,510,1492,0.11432449391738565
986,513,1499,0.11440464654119314
982,514,1496,0.11447016058446186
987,515,1502,0.11453932890254005
999,510,1509,0.11459134107273915
991,512,1503,0.11461144219474978
973,515,1488,0.11465058096020901
989,519,1508,0.11473026477138822
990,520,1510,0.11476745450578239
989,527,1516,0.11479996944502525
985,526,1511,0.11483294080589564
991,535,1526,0.1148717548641449
990,531,1521,0.11489327849652586
989,530,1519,0.11491641406042326
988,522,1510,0.11494240275840074
987,522,1509,0.11496989419125533
980,524,1504,0.114996571993151
975,527,1502,0.11503830412511779
973,524,1497,0.11508744011064116
982,519,1501,0.11513749303156728
977,518,1495,0.11516142984996082
979,519,1498,0.11519502214885356
980,514,1494,0.11522180488865988
996,512,1508,0.11524353643191157
990,506,1496,0.11522600191298771
986,516,1502,0.11522501038916977
978,518,1496,0.11523392037012412
990,519,1509,0.11526174087005712
988,521,1509,0.11525968385532749
989,523,1512,0.11526251791887737
987,525,1512,0.1152612995166741
981,529,1510,0.11526527476205714
974,523,1497,0.11528510885306396
977,525,1502,0.11532004217702284
980,520,1500,0.1153476575863419
984,521,1505,0.11536363865348093
981,527,1508,0.11536961470266249
978,532,1510,0.115382775468827
969,522,1491,0.11540224483412778
966,530,1496,0.11544161548551546
961,540,1501,0.11548315969723628
972,531,1503,0.11553101375890992
972,535,1507,0.11554891635148244
974,532,1506,0.11556524683915567
974,535,1509,0.11557546602214337
976,527,1503,0.11558492621587771
974,529,1503,0.11558980157646566
966,525,1491,0.1156019210200186
968,525,1493,0.11562967270436987
949,521,1470,0.11565148761266589
941,530,1471,0.11571778835385586
950,527,1477,0.11579651773403303
961,527,1488,0.11584755362809666
960,528,1488,0.11586980578056341
964,526,1490,0.11589070156918538
974,529,1503,0.1159023076268976
976,524,1500,0.11588916737678888
970,519,1489,0.11587291793758375
971,531,1502,0.11587134566492452
953,525,1478,0.11586763766180236
964,524,1488,0.11590586019079524
979,526,1505,0.11591447540880832
973,527,1500,0.11588768264597007
964,524,1488,0.11587812826809486
973,522,1495,0.11589037176765485
969,530,1499,0.11588172377533994
971,532,1503,0.11588451256501826
966,535,1501,0.11588268063332201
952,546,1498,0.1158926705653511
943,542,1485,0.11593291846228677
945,550,1495,0.11599176735154139
949,552,1501,0.11604322519629941
944,552,1496,0.1160819202414255
949,557,1506,0.11613027089363846
948,562,1510,0.1161620364892687
946,565,1511,0.11619511691468933
949,559,1508,0.11623170044886595
944,548,1492,0.11625922416101656
943,551,1494,0.1162966507083809
944,561,1505,0.11633388282723127
923,559,1482,0.11636696300321261
932,554,1486,0.11644557557042635
933,542,1475,0.11649771537782946
936,549,1485,0.11654167982503683
932,552,1484,0.11657541398368138
931,554,1485,0.11661581916851625
923,553,1476,0.11665480405793836
927,553,1480,0.11671128557797963
932,563,1495,0.11675385107761153
930,567,1497,0.11678227103582504
923,566,1489,0.11681239162205229
931,565,1496,0.1168573039797608
931,577,1508,0.11688224454884738
927,575,1502,0.11690573161900612
930,571,1501,0.1169372406963533
938,578,1516,0.1169626480007418
941,576,1517,0.11696757127176373
942,582,1524,0.11696569798758424
938,586,1524,0.11696091871055138
936,581,1517,0.11696760046437352
939,578,1517,0.11697770231066006
941,584,1525,0.11697978004361678
941,579,1520,0.11697645909101154
934,583,1517,0.11697190598878655
938,589,1527,0.11698345875299061
939,584,1523,0.11698746728506514
927,582,1509,0.11698851683891683
921,586,1507,0.11701688215771532
935,578,1513,0.11705692475384338
929,576,1505,0.11706146889733116
921,582,1503,0.11707782387027418
916,589,1505,0.11710940762940152
919,579,1498,0.1171518001153965
916,581,1497,0.11718511702620632
922,579,1501,0.11722266436955922
923,572,1495,0.11724344607672382
930,576,1506,0.11726031136898729
933,577,1510,0.11726004618466572
927,574,1501,0.11725228148736741
931,571,1502,0.11725909841841008
926,573,1499,0.11725557037964285
931,568,1499,0.11726318932601335
922,573,1495,0.11725719938653906
928,578,1506,0.1172758425543763
937,584,1521,0.11727861611336517
930,585,1515,0.11725957212737574
929,587,1516,0.11725888391911653
914,583,1497,0.11726090782679048
923,583,1506,0.11729715380735371
928,577,1505,0.11730839441723298
929,575,1504,0.11730607457354043
919,572,1491,0.1173014575750204
916,578,1494,0.11732086377265522
920,581,1501,0.11734612816138526
921,583,1504,0.1173587081056464
918,578,1496,0.11736693142517428
928,573,1501,0.11738042104609832
926,568,1494,0.11736869673436406
920,572,1492,0.11736464437195104
924,576,1500,0.11737635687707368
924,578,1502,0.1173758258590099
914,582,1496,0.11737544008891099
915,582,1497,0.11739681202631776
920,584,1504,0.11741576422416758
917,589,1506,0.11742213236343363
917,583,1500,0.11743339217736457
916,591,1507,0.11744365450188933
910,596,1506,0.1174547715325985
917,600,1517,0.1174801599605712
915,597,1512,0.11748657352891709
907,592,1499,0.11749677071534688
923,583,1506,0.11752633482674935
920,580,1500,0.11751476141088117
926,583,1509,0.11751353159626347
925,572,1497,0.11749708236041104
921,573,1494,0.11748184052165092
927,571,1498,0.11747727193452821
925,578,1503,0.11745935224271141
922,581,1503,0.11744910424459483
923,580,1503,0.11744506898305679
920,580,1500,0.11743805084438354
925,571,1496,0.11743880927164194
922,575,1497,0.11742828823987418
914,575,1489,0.1174271098786327
909,575,1484,0.11744454042756304
914,570,1484,0.11747029337972816
913,566,1479,0.1174828777171241
903,566,1469,0.11749841441518268
908,564,1472,0.11753695632690338
906,569,1475,0.11755988640098405
900,567,1467,0.11758654170872194
916,577,1493,0.1176232296924314
929,576,1505,0.11761880007085182
918,583,1501,0.11758398873779935
923,587,1510,0.11757946969693864
911,588,1499,0.11756363653705079
901,595,1496,0.11757932894666374
901,591,1492,0.11761600904770898
899,601,1500,0.11764989395954306
903,595,1498,0.11768729752936437
913,585,1498,0.11771346668704734
905,581,1486,0.11771303572065785
913,583,1496,0.11773143056268974
913,592,1505,0.1177304600570755
902,599,1501,0.11773002414832291
901,588,1489,0.11775525838874877
907,593,1500,0.11777952731723083
910,598,1508,0.11778840874744208
904,596,1500,0.11779133749212688
902,598,1500,0.11780929416143822
900,600,1500,0.1178299399054831
896,605,1501,0.1178522461341149
896,615,1511,0.11788314640753356
896,616,1512,0.1179122410998779
889,620,1509,0.11793985265021967
884,617,1501,0.11798242453371673
881,614,1495,0.11803162896510802
879,618,1497,0.11808563714062376
884,611,1495,0.11814191038905424
887,609,1496,0.11818115502572218
885,613,1498,0.11820882098674566
884,623,1507,0.11823848020017995
891,620,1511,0.11826934053438212
880,614,1494,0.11828032036964144
866,609,1475,0.11831592327079864
871,606,1477,0.11838226547661695
882,614,1496,0.11843221040526096
876,619,1495,0.11845480811362105
883,614,1497,0.11849108838747727
894,612,1506,0.11850533059972529
893,616,1509,0.11849140174734388
889,622,1511,0.11847993487345715
891,621,1512,0.11847905925460697
880,616,1496,0.11847426438532391
869,616,1485,0.11849503423039273
866,615,1481,0.11854038594146261
879,608,1487,0.11858744591420098
894,620,1514,0.11860071570363225
890,622,1512,0.11857708457779377
891,620,1511,0.11856414593903296
884,617,1501,0.11854925148035257
881,612,1493,0.11855388939005561
881,615,1496,0.11856533637583407
881,619,1500,0.11857662031625779
871,622,1493,0.11858756348225022
876,628,1504,0.11861855892118416
884,622,1506,0.11863590839464801
882,623,1505,0.11863319837330685
880,625,1505,0.11863589475362592
881,624,1505,0.11864379365555043
873,620,1493,0.11864849259540763
864,628,1492,0.11867164767450174
875,624,1499,0.11871406775177455
879,618,1497,0.11872659024288555
857,621,1478,0.1187295555124053
864,621,1485,0.11878596629966212
866,622,1488,0.11882071579726411
876,628,1504,0.11884994804112732
876,627,1503,0.11885224590756
869,627,1496,0.11885438182108582
872,624,1496,0.11887362112708769
864,623,1487,0.11888445699898746
861,631,1492,0.1189118020615349
865,634,1499,0.11894345386842571
856,640,1496,0.11896591233611034
850,638,1488,0.11900912393865618
863,642,1505,0.11906266210602952
865,643,1508,0.11908217080767303
870,638,1508,0.11909451229736259
860,647,1507,0.11909364744798022
859,646,1505,0.11911595639299787
855,638,1493,0.11913878508526916
846,640,1486,0.11917127247626932
856,647,1503,0.11922390363417407
859,646,1505,0.11924804128200593
856,636,1492,0.11926254392267531
861,643,1504,0.11928311637907836
867,650,1517,0.11928924447353592
850,645,1495,0.11927960735277025
853,646,1499,0.11931169938264817
850,644,1494,0.11933362760569384
850,639,1489,0.11936385825527188
858,636,1494,0.11939226393881834
854,639,1493,0.119399986755888
853,644,1497,0.1194167281892938
856,631,1487,0.11943348705241931
850,636,1486,0.1194415153201917
857,640,1497,0.11946172555791089
867,643,1510,0.11946518993380761
864,641,1505,0.11944474198088863
865,640,1505,0.11943225863525654
865,644,1509,0.11941828953205746
854,644,1498,0.11940585819425246
855,646,1501,0.11942117706188585
857,644,1501,0.11943293530866103
862,648,1510,0.11943930805444282
857,646,1503,0.11943421445388414
868,653,1521,0.11944204359446112
866,645,1511,0.11942242908307417
870,650,1520,0.11941017033395632
866,643,1509,0.11938908229912336
861,643,1504,0.11937928542174785
866,649,1515,0.11938399331736976
864,650,1514,0.11937632679577899
859,646,1505,0.11937378346634767
848,649,1497,0.11938351476931335
847,655,1502,0.11941902463056564
848,649,1497,0.11945508309620029
855,646,1501,0.11948507993108702
859,656,1515,0.11949622997734283
850,656,1506,0.11949790018882181
850,650,1500,0.11952120662331517
849,653,1502,0.11954207089402864
844,666,1510,0.11956410157589964
835,670,1505,0.11959642961052395
828,678,1506,0.11964970337517983
832,674,1506,0.11971624648018847
828,668,1496,0.11976810743513487
832,678,1510,0.1198244235756855
829,669,1498,0.11986658644728315
836,674,1510,0.11991297408171928
840,678,1518,0.1199394893679398
827,688,1515,0.11995465599131577
834,692,1526,0.11999873081578884
835,686,1521,0.12002378998754253
838,681,1519,0.12004625280946966
835,677,1512,0.1200588988159639
835,676,1511,0.12007717908559962
829,674,1503,0.12009404543261037
832,677,1509,0.12012448977255741
838,678,1516,0.12014516730644416
833,679,1512,0.12015005593055203
829,686,1515,0.12016642622539976
825,686,1511,0.1201909619014997
820,682,1502,0.12022175720701099
818,685,1503,0.12026339954431815
817,687,1504,0.12030719423453315
817,680,1497,0.12035232057447816
818,689,1507,0.12039322986889936
808,700,1508,0.12042994413439757
808,708,1516,0.12048814585083793
795,716,1511,0.12054234440904946
803,721,1524,0.12062231818671533
791,714,1505,0.12067741082939806
794,715,1509,0.12075777668677871
791,720,1511,0.120825091777997
792,711,1503,0.12089561029200628
784,710,1494,0.12095982379668517
783,714,1497,0.12103785325956855
786,723,1509,0.12111235755718748
784,717,1501,0.1211732099990003
773,723,1496,0.1212357751160118
783,725,1508,0.12131889448702282
783,720,1503,0.12137268768782544
799,708,1507,0.1214233359495445
790,712,1502,0.12143139168681323
793,720,1513,0.12146143995962873
793,713,1506,0.12148336728566658
796,708,1504,0.12150283994310282
787,710,1497,0.12151269587811131
790,714,1504,0.12154322014530201
794,726,1520,0.12156458230037405
788,723,1511,0.12157432460538561
796,720,1516,0.12159742364183572
793,726,1519,0.12159905126026543
787,725,1512,0.12160692937685975
784,716,1500,0.12162873028038215
773,724,1497,0.12165861616927647
770,715,1485,0.121714012062059
773,719,1492,0.12177152483829634
788,718,1506,0.12181820982438324
775,735,1510,0.12182699771279003
770,739,1509,0.1218694742528002
766,740,1506,0.12191969782321956
765,734,1499,0.1219794365228074
765,741,1506,0.12203667392502134
762,743,1505,0.12208995240818749
759,747,1506,0.12214715291822519
767,754,1521,0.12220834766675996
763,747,1510,0.12224669311132494
756,750,1506,0.12229186313281641
760,758,1518,0.12234966887984332
756,759,1515,0.12239292216799268
754,760,1514,0.12244309119078178
768,768,1536,0.12249597905399749
758,765,1523,0.1225109387167545
743,760,1503,0.12255057946487255
740,755,1495,0.12262231837144213
737,758,1495,0.12269485942629874
746,753,1499,0.12276771943301139
750,753,1503,0.12281299541691727
757,751,1508,0.12284566527185742
760,763,1523,0.12285875502867323
754,751,1505,0.1228642951636622
755,751,1506,0.12288665053126521
761,753,1514,0.12290245390540862
757,753,1510,0.12290099747779269
757,757,1514,0.1229120201684703
755,766,1521,0.12292502124331196
748,763,1511,0.12294452008698369
743,768,1511,0.12298132811602905
740,771,1511,0.12302656125187925
741,768,1509,0.12307505267306361
746,767,1513,0.12311858983878401
734,758,1492,0.12314836339783226
738,758,1496,0.12320462612943492
737,759,1496,0.1232471121523691
746,764,1510,0.12328815830213123
746,771,1517,0.1233042093095105
740,765,1505,0.12331951895097201
737,765,1502,0.12334726385154093
739,776,1515,0.12337814121111045
732,778,1510,0.12340051181453716
733,774,1507,0.12343704535514505
744,762,1506,0.12346808308198096
732,773,1505,0.12346855301820427
738,769,1507,0.12349912360538826
739,775,1514,0.1235145046629673
741,774,1515,0.12352647211855677
737,778,1515,0.12353387823113604
742,765,1507,0.12355000064734145
733,772,1505,0.12355269289379338
731,777,1508,0.12357588716656177
732,776,1508,0.12360308946603611
726,778,1504,0.12362629459405923
729,782,1511,0.12366045864668951
723,783,1506,0.12368564366426522
717,783,1500,0.1237257278177993
716,788,1504,0.12377811909384205
718,789,1507,0.12382970913109224
721,789,1510,0.12387203505846113
713,787,1500,0.12390296919008037
715,789,1504,0.12395079412033891
716,788,1504,0.12398911371377162
715,788,1503,0.12402197926755405
710,788,1498,0.12405553679026117
711,792,1503,0.1241003728143724
710,792,1502,0.12414155730373999
707,797,1504,0.12418285112701512
700,789,1489,0.12422832934813599
694,792,1486,0.12429029514406277
699,790,1489,0.12436018333167037
685,791,1476,0.12441512479919449
686,800,1486,0.12449930538968385
684,802,1486,0.12457535026131392
689,810,1499,0.12465031018359247
695,801,1496,0.12470799966350452
694,802,1496,0.12474574947747935
699,804,1503,0.12478293519337635
693,800,1493,0.12480478778100433
691,806,1497,0.12484073566207182
693,818,1511,0.12488038949993968
684,830,1514,0.12491206993298247
694,818,1512,0.1249623830858586
697,818,1515,0.12498318044875724
703,822,1525,0.12499727858506172
694,831,1525,0.1249939755499809
690,824,1514,0.12501292093079514
681,832,1513,0.12504087894837437
676,827,1503,0.12508857703979628
690,825,1515,0.12514620268329613
678,830,1508,0.1251674353995997
673,824,1497,0.12521695872112626
671,824,1495,0.1252758228526008
665,829,1494,0.12533578029188874
665,831,1496,0.12540649452541552
673,839,1512,0.12547063983827422
678,835,1513,0.1255111961231597
678,830,1508,0.12553626066472467
675,829,1504,0.1255607076291172
669,828,1497,0.12559094921152783
666,835,1501,0.12563572284786007
661,834,1495,0.12568419044372375
657,840,1497,0.12574094205273711
663,837,1500,0.12580315320331045
665,829,1494,0.12584783613792358
660,832,1492,0.12588286590020442
665,836,1501,0.12592627362290934
652,850,1502,0.12595486533792838
663,851,1514,0.1260157192950934
654,851,1505,0.12604470329782505
654,853,1507,0.1260938527961503
656,860,1516,0.12613918956906356
663,861,1524,0.12617754053209976
656,862,1518,0.12619513400290766
655,871,1526,0.12623003923557496
645,870,1515,0.12626747478069053
640,871,1511,0.12632707498716855
640,865,1505,0.12639483515105643
639,866,1505,0.12645797920683144
637,872,1509,0.12651934318957728
629,873,1502,0.1265833481365706
639,874,1513,0.126662406769878
630,879,1509,0.1267117274231405
629,872,1501,0.1267796524197103
632,876,1508,0.1268456897067329
638,875,1513,0.12689894436697816
638,864,1502,0.1269334175062257
638,868,1506,0.1269649636232422
640,858,1498,0.12699182912918403
645,858,1503,0.12701051920368103
644,850,1494,0.12701675422978195
643,849,1492,0.12702363368615596
639,854,1493,0.12703384028205414
648,847,1495,0.1270541925175575
640,857,1497,0.12704925441905887
644,861,1505,0.12706547373854707
637,857,1494,0.12707082113373816
637,853,1490,0.1270936810754341
644,851,1495,0.12711712983978957
654,862,1516,0.1271232433528997
643,874,1517,0.12710477295109143
628,874,1502,0.12711548817983792
631,883,1514,0.12716421445221615
629,886,1515,0.127201293037509
629,889,1518,0.12724241803553427
629,900,1529,0.12728319426537538
631,896,1527,0.1273221283444264
625,891,1516,0.12735097415321125
619,889,1508,0.12739335849681052
612,892,1504,0.12744775095107147
619,888,1507,0.12751648867642204
623,894,1517,0.12756237419762645
611,888,1499,0.1275934956086035
607,889,1496,0.1276532533652763
615,895,1510,0.12771909431586137
613,915,1528,0.12776124647425705
614,911,1525,0.1278063450509802
621,899,1520,0.12784454579160037
619,904,1523,0.12786064210591078
616,906,1522,0.1278814409440473
617,899,1516,0.1279071496788768
622,890,1512,0.12792950362588065
627,884,1511,0.12793557258700475
629,887,1516,0.12792730974622038
626,891,1517,0.12791573169181045
630,883,1513,0.1279113118573719
628,885,1513,0.12789628953860013
626,886,1512,0.1278906446415283
615,890,1505,0.1278906007542029
621,890,1511,0.12791738038262046
619,888,1507,0.12792417265635464
623,892,1515,0.12793501730667087
620,877,1497,0.12793469570521637
623,886,1509,0.12794040276188384
628,890,1518,0.12793890344502468
617,894,1511,0.12792650591334825
618,891,1509,0.1279442203133445
613,888,1501,0.12796055779633264
604,896,1500,0.1279872283418968
605,892,1497,0.12803418775655878
605,894,1499,0.12807610466650776
602,890,1492,0.12811466607543556
601,897,1498,0.12815879989165815
610,895,1505,0.12820251293564863
610,894,1504,0.12822097773170876
602,903,1505,0.12823875056285164
601,902,1503,0.1282761226524798
598,908,1506,0.12831331878138702
597,906,1503,0.1283552731621481
598,914,1512,0.1283983311864218
596,915,1511,0.12843591387675482
600,916,1516,0.12847520147319777
595,911,1506,0.12850312260405564
587,918,1505,0.12854131906457048
585,920,1505,0.12859836876541658
590,921,1511,0.12865534523759536
588,922,1510,0.1286937452079452
577,928,1505,0.1287347059923364
582,928,1510,0.1288027486357073
583,919,1502,0.12884972163667174
582,911,1493,0.12889204379622146
582,903,1485,0.12893375232186222
582,904,1486,0.1289724688188414
574,909,1483,0.1290089501209638
575,918,1493,0.12906454820849167
574,929,1503,0.1291138130111849
583,931,1514,0.1291635434171175
580,926,1506,0.12918640418950844
573,925,1498,0.12921414398568248
573,924,1497,0.12925901969310744
575,920,1495,0.1293021086240396
568,932,1500,0.12933832269257117
563,935,1498,0.12939156940155105
549,932,1481,0.129453714801382
557,934,1491,0.1295460976094699
562,942,1504,0.12961244836600813
565,952,1517,0.12966249534311464
555,957,1512,0.12970113233983407
554,961,1515,0.12976515005380032
554,951,1505,0.12982697708147198
546,951,1497,0.12988527658874852
541,952,1493,0.1299610352651711
540,952,1492,0.1300442183681005
540,963,1503,0.13012515873885033
539,966,1505,0.13019973636938872
539,955,1494,0.1302719867947094
541,965,1506,0.13034062117816117
538,974,1512,0.1303989608646772
533,972,1505,0.13046111140402428
530,973,1503,0.13053018462310928
531,974,1505,0.1306017541641041
532,965,1497,0.13066768468978793
534,972,1506,0.13072780265102638
536,981,1517,0.1307798532744765
535,975,1510,0.13082558123674332
536,984,1520,0.1308725433716187
538,986,1524,0.1309138872016852
531,993,1524,0.1309482733286577
528,985,1513,0.13099691768114038
532,997,1529,0.13105071266590637
532,995,1527,0.1310907223771157
532,995,1527,0.13112716509475036
533,991,1524,0.13116117348340464
527,990,1517,0.13119014061809184
526,977,1503,0.13122942336249502
525,988,1513,0.1312707042228263
523,984,1507,0.13131265106604756
521,1006,1527,0.13135782364886095
523,1001,1524,0.13140463831960214
521,992,1513,0.13144295842181314
523,995,1518,0.13148445364366743
521,984,1505,0.13151850384737082
523,999,1522,0.13155533833616664
521,997,1518,0.13158600989679287
519,998,1517,0.13162130057304086
524,997,1521,0.1316588622931181
525,999,1524,0.13168133139653423
524,1009,1533,0.13169934357925905
516,1010,1526,0.13172035302064458
510,1019,1529,0.13176030921501777
504,1018,1522,0.13181152879191183
501,1021,1522,0.13187399755060303
495,1025,1520,0.1319401367501876
503,1014,1517,0.13201705101894398
495,1008,1503,0.13206894771316255
494,1011,1505,0.1321376347140166
492,1023,1515,0.13220382752003035
483,1022,1505,0.13227279737478884
477,1018,1495,0.13235970800756963
489,1007,1496,0.13245471543180604
491,1011,1502,0.13251259737707025
482,1009,1491,0.1325612443686099
476,1015,1491,0.13262969589792403
484,1008,1492,0.13270981196564233
492,1018,1510,0.13276483500471298
484,1014,1498,0.13279734081142458
486,1017,1503,0.13284902804955126
485,1022,1507,0.13289188096351215
484,1026,1510,0.13293278928583857
481,1018,1499,0.13297304183564757
478,1024,1502,0.13301808617646407
473,1032,1505,0.13306785089197606
472,1030,1502,0.13312842012030193
469,1041,1510,0.13318657171273485
469,1041,1510,0.13324860317917106
466,1046,1512,0.13330793893179435
468,1045,1513,0.13337077433112193
464,1050,1514,0.13342429004725292
472,1060,1532,0.1334870154254978
471,1059,1530,0.1335257198109088
474,1049,1523,0.13356483406450995
476,1034,1510,0.13359400106717198
468,1034,1502,0.13361731679487496
469,1040,1509,0.1336592880445502
470,1048,1518,0.1336962435048745
462,1055,1517,0.13372822112505844
463,1051,1514,0.13377729388193157
469,1054,1523,0.13382155696668824
463,1061,1524,0.13384734190846714
463,1054,1517,0.13388966465534038
463,1055,1518,0.13392968212311987
468,1061,1529,0.13396767046890345
465,1051,1516,0.13398982271446777
463,1048,1511,0.1340178688226791
452,1047,1499,0.134048104266179
453,1060,1513,0.13410520326916253
450,1047,1497,0.13415451645195944
455,1052,1507,0.13420799633751154
457,1062,1519,0.1342465696771348
457,1052,1509,0.13427663166289433
458,1042,1500,0.13430550366316918
465,1046,1511,0.13432985614994156
463,1037,1500,0.13433601638612655
467,1034,1501,0.13434775145240394
466,1031,1497,0.1343497539945716
460,1038,1498,0.13435419633496118
462,1048,1510,0.13437327234202467
464,1063,1527,0.1343856232164599
457,1061,1518,0.13439422479037605
457,1068,1525,0.13441924870953115
459,1067,1526,0.13444287981924397
457,1063,1520,0.13446313743974614
453,1058,1511,0.13448902873485666
447,1069,1516,0.1345235635385424
440,1061,1501,0.13456966142856927
446,1075,1521,0.13463112782880202
447,1080,1527,0.1346720053468615
440,1080,1520,0.13470830448836357
438,1083,1521,0.13476055070489715
432,1085,1517,0.1348143152867102
432,1088,1520,0.13487777905954546
433,1086,1519,0.13493732342347795
439,1089,1528,0.13498996798677174
436,1080,1516,0.13502396339684253
433,1075,1508,0.13506141034620023
434,1073,1507,0.13510221550819043
431,1078,1509,0.13513840994711723
433,1082,1515,0.13517997352072214
441,1075,1516,0.1352132745920077
438,1081,1519,0.1352251636214122
432,1093,1525,0.13524330461260659
429,1085,1514,0.13527625752593006
428,1081,1509,0.13531420487415652
423,1088,1511,0.13535229768617285
420,1092,1512,0.13540024584299756
415,1099,1514,0.1354529483949456
413,1091,1504,0.1355148406454557
412,1090,1502,0.13557730177243843
406,1088,1494,0.1356368065899539
407,1099,1506,0.13570772139850124
411,1088,1499,0.13577113059047938
408,1096,1504,0.13582022731146584
410,1098,1508,0.13587432425019214
399,1110,1509,0.13592069932444187
407,1117,1524,0.13599282417804254
406,1111,1517,0.13604015677709577
410,1111,1521,0.13608639349762397
407,1121,1528,0.13611954807122953
396,1116,1512,0.13615867839615986
399,1111,1510,0.1362228709973947
398,1118,1516,0.13627773182519382
401,1116,1517,0.1363303740859828
395,1110,1505,0.13637202180928168
391,1120,1511,0.13642722172469654
387,1126,1513,0.13648900818422458
385,1128,1513,0.13655841748866926
383,1119,1502,0.13662856123616693
380,1133,1513,0.13669834871572628
373,1135,1508,0.1367724489470999
370,1125,1495,0.13685938515417892
376,1130,1506,0.1369486110397714
371,1133,1504,0.13701743655155177
367,1133,1500,0.1370938702326666
375,1136,1511,0.13717570184110106
376,1129,1505,0.13723232287513917
382,1133,1515,0.13728189043272035
377,1138,1515,0.13731350899189868
367,1140,1507,0.13735523156343477
367,1131,1498,0.13742106640189553
370,1134,1504,0.13748164361893608
366,1130,1496,0.13753175015070926
373,1128,1501,0.13758927070639068
371,1141,1512,0.1376243151080211
369,1147,1516,0.1376641281201034
365,1143,1508,0.13770663725847737
361,1140,1501,0.1377574540781641
360,1148,1508,0.13781492090019618
360,1163,1523,0.13787108841170476
357,1160,1517,0.13792409098535338
357,1163,1520,0.13798055131013212
356,1166,1522,0.13803340929738592
353,1175,1528,0.13808677780113432
346,1176,1522,0.1381445557617528
349,1172,1521,0.13821566554746778
344,1168,1512,0.138273969657226
347,1171,1518,0.13834230062518973
343,1166,1509,0.13839947072777445
346,1173,1519,0.13846273673735474
346,1168,1514,0.13851420752059287
342,1160,1502,0.13856267748182816
341,1173,1514,0.13861813263232914
346,1173,1519,0.13867214079697254
344,1175,1519,0.1387113662427804
340,1169,1509,0.13875277800215266
339,1174,1513,0.13880330911376912
341,1176,1517,0.13885331169422432
340,1177,1517,0.1388948821070436
341,1172,1513,0.13893642529220943
333,1176,1509,0.13897357139659783
330,1170,1500,0.13902986330031555
330,1171,1501,0.1390892147785757
332,1184,1516,0.1391452565721302
333,1182,1515,0.13919145225546053
332,1185,1517,0.1392321298186035
333,1181,1514,0.13927101501665573
333,1187,1520,0.13930482695548504
330,1171,1501,0.13933690810699004
325,1180,1505,0.13937377222821198
318,1188,1506,0.13942081908399706
318,1176,1494,0.13948417064608687
322,1182,1504,0.13954358785469587
318,1185,1503,0.13958934139978543
316,1183,1499,0.13964159646125368
327,1188,1515,0.13969500121653766
328,1191,1519,0.1397164968889202
325,1181,1506,0.1397354216153144
319,1190,1509,0.13976120026122552
313,1190,1503,0.13980005785358346
316,1191,1507,0.13985277190845596
316,1193,1509,0.13989366568207617
312,1189,1501,0.1399330884231853
314,1184,1498,0.13998014733174022
320,1188,1508,0.14001919008742061
323,1196,1519,0.14004021948598877
320,1194,1514,0.1400522685046524
320,1192,1512,0.14007113519569755
317,1202,1519,0.14009037168250155
319,1200,1519,0.14011597825336364
320,1180,1500,0.14013443471716086
317,1180,1497,0.14014899946340706
314,1172,1486,0.14017054103255394
310,1179,1489,0.14019748204465446
313,1189,1502,0.14023221001027816
314,1193,1507,0.1402569579651308
322,1200,1522,0.1402766661677835
323,1206,1529,0.1402751155054312
323,1212,1535,0.14027107972153122
317,1201,1518,0.14026864440653022
322,1197,1519,0.14028193391475655
321,1196,1517,0.140282045839618
317,1198,1515,0.14028528061657425
321,1190,1511,0.1402975958847196
323,1187,1510,0.14029925831205328
324,1200,1524,0.14029538571903405
327,1192,1519,0.14028937196033417
322,1195,1517,0.14027657466581697
320,1199,1519,0.14027853883103572
315,1203,1518,0.1402859330193633
316,1196,1512,0.14030383641032165
316,1201,1517,0.14031797445149555
320,1200,1520,0.14033005752738906
312,1204,1516,0.1403312563441112
311,1213,1524,0.14035380587824187
313,1210,1523,0.14037777274990332
308,1208,1516,0.14039498604068965
307,1202,1509,0.14042309219738847
303,1212,1515,0.1404521191850991
306,1207,1513,0.14048813152658254
304,1214,1518,0.14051434533044083
303,1206,1509,0.1405440862399756
302,1199,1501,0.14057345544679947
304,1199,1503,0.14060322568376596
306,1205,1511,0.14062488878664628
312,1210,1522,0.14063984730309187
306,1211,1517,0.1406392686370944
307,1205,1512,0.1406518822539736
312,1204,1516,0.1406606183709566
312,1201,1513,0.140655946171044
309,1200,1509,0.14065179558012175
310,1200,1510,0.14065553917756024
311,1208,1519,0.14065675691328966
320,1222,1542,0.14065587038739988
318,1208,1526,0.14063274584540317
322,1197,1519,0.14061453515121883
320,1207,1527,0.1405886629596581
323,1197,1520,0.14056968923694124
321,1196,1517,0.14054482899011397
318,1183,1501,0.14052654739570244
323,1189,1512,0.1405172833055327
320,1185,1505,0.14049765980033074
324,1187,1511,0.14048631733175698
327,1182,1509,0.14046611677851928
327,1183,1510,0.14043958864478587
326,1180,1506,0.14041473449344857
323,1172,1495,0.14039427201496793
327,1173,1500,0.14038162163305018
324,1176,1500,0.1403595678758973
328,1171,1499,0.14034654836692848
329,1173,1502,0.14032462786551772
325,1183,1508,0.1403017442572028
331,1190,1521,0.14029183288772773
319,1192,1511,0.14026794735291415
319,1200,1519,0.14027530396946578
317,1187,1504,0.14028223853361863
324,1191,1515,0.14029278166079678
321,1193,1514,0.1402841177438359
327,1193,1520,0.1402840875211206
324,1188,1512,0.1402689780811181
320,1187,1507,0.14026126364840985
315,1212,1527,0.14026554378091072
319,1203,1522,0.14028244163572615
320,1201,1521,0.14028893749030938
320,1194,1514,0.14029268265506492
322,1182,1504,0.1402965315201885
325,1177,1502,0.14029410592687463
326,1177,1503,0.14028403356580296
325,1178,1503,0.14027271369990046
331,1170,1501,0.1402654570159166
328,1176,1504,0.14024348463585468
327,1185,1512,0.1402300945304924
331,1174,1505,0.14022070710042567
330,1180,1510,0.1402021197462292
331,1196,1527,0.14018762319427164
332,1204,1536,0.14017209874009098
332,1187,1519,0.14015485978570957
331,1186,1517,0.14013811539316692
329,1182,1511,0.1401242110703913
335,1180,1515,0.1401167821287002
329,1170,1499,0.14009592763873072
321,1183,1504,0.1400934092673165
324,1186,1510,0.1401111121862565
319,1191,1510,0.14011985395690585
324,1191,1515,0.14014057186522372
325,1182,1507,0.14014683107532636
325,1180,1505,0.1401508224000726
331,1186,1517,0.14015418132699942
333,1191,1524,0.14014215939110142
332,1186,1518,0.14012670873367228
337,1182,1519,0.14011602338823437
334,1182,1516,0.1400931774381913
334,1196,1530,0.14008064385737817
335,1180,1515,0.14006951262501274
337,1179,1516,0.14005686608902868
336,1177,1513,0.14004014275976998
334,1168,1502,0.14002665874918732
327,1178,1505,0.1400180940597986
330,1184,1514,0.14002825088777118
318,1186,1504,0.14003070645498178
321,1180,1501,0.14006238040649988
322,1189,1511,0.14008469487107736
324,1189,1513,0.14010368862600395
317,1192,1509,0.1401176933385291
313,1194,1507,0.14014877491748667
311,1201,1512,0.14018814021693465
313,1207,1520,0.14022911251550693
312,1202,1514,0.14026220485002538
314,1201,1515,0.14029643403605696
306,1205,1511,0.1403223648221797
304,1201,1505,0.14036610224686355
311,1207,1518,0.14041096124723615
308,1208,1516,0.1404350274428344
302,1207,1509,0.14046413253258946
301,1197,1498,0.14050715274609363
305,1206,1511,0.14055042726338443
305,1194,1499,0.14058011610206217
305,1207,1512,0.1406078019517944
310,1215,1525,0.1406345025252971
308,1212,1520,0.1406464789218849
306,1208,1514,0.14066343479225799
305,1208,1513,0.1406848970328956
307,1201,1508,0.1407067897683422
307,1210,1517,0.1407211497255224
305,1195,1500,0.14073324412853508
306,1189,1495,0.14074924884937792
305,1199,1504,0.14076124978276966
309,1205,1514,0.1407749715581723
310,1207,1517,0.14077704857562662
314,1207,1521,0.1407756415767958
315,1202,1517,0.1407640091743742
313,1194,1507,0.14075145633285818
308,1207,1515,0.14074495381117383
309,1205,1514,0.1407512701760627
312,1192,1504,0.14075560334133658
311,1202,1513,0.1407520040585164
312,1208,1520,0.14074986554515623
315,1201,1516,0.14074582448484557
308,1201,1509,0.14073295967094038
312,1204,1516,0.14073931241969337
315,1211,1526,0.1407354551663616
322,1204,1526,0.14072374123887854
324,1203,1527,0.14069461303012123
325,1202,1527,0.14066338711731055
324,1201,1525,0.14063033170192873
328,1188,1516,0.1406018196468705
330,1188,1518,0.1405650706764897
326,1184,1510,0.1405248461861008
326,1186,1512,0.14049889284002673
327,1187,1514,0.1404750957326792
328,1181,1509,0.1404499678393109
328,1202,1530,0.14042423725572026
327,1195,1522,0.14040014478670326
330,1187,1517,0.14038039685708473
328,1180,1508,0.14035287228597354
331,1179,1510,0.14033161571697195
331,1180,1511,0.14030458484327646
324,1174,1498,0.14027896515595514
329,1174,1503,0.140272895544568
329,1182,1511,0.1402545818085362
333,1181,1514,0.1402384449499351
332,1172,1504,0.1402144881676572
331,1182,1513,0.14019416064819773
335,1187,1522,0.1401782283626788
331,1191,1522,0.14015341368651998
331,1176,1507,0.14014005206707533
324,1188,1512,0.1401279064561332
323,1188,1511,0.14013381588535773
324,1191,1515,0.14014191787754574
326,1190,1516,0.14014707271587454
326,1191,1517,0.14014682720640068
323,1188,1511,0.14014620890524226
324,1196,1520,0.14015402181050096
319,1199,1518,0.14015924777849276
320,1206,1526,0.1401762229740098
326,1197,1523,0.14018817601572953
325,1194,1519,0.14018486353185505
319,1196,1515,0.14018391938330357
316,1196,1512,0.1401980007995576
314,1180,1494,0.14021719742548416
315,1176,1491,0.1402410679351178
311,1197,1508,0.14026024531350204
312,1204,1516,0.14028852424779553
308,1190,1498,0.14031258415544773
306,1197,1503,0.14034588703615167
312,1203,1515,0.14038159859341126
305,1199,1504,0.14039979362959287
306,1200,1506,0.14043463418869084
307,1210,1517,0.140462932118494
309,1209,1518,0.1404863791843246
311,1203,1514,0.1405022068450486
303,1202,1505,0.1405128470592481
298,1213,1511,0.14054366118693187
301,1204,1505,0.14058519941235378
298,1222,1520,0.1406168264017454
294,1213,1507,0.14065492987681075
295,1222,1517,0.1407011711687377
292,1221,1513,0.14074190302667122
291,1216,1507,0.14078708084969838
288,1219,1507,0.1408310745143751
289,1208,1497,0.14088020217707078
290,1217,1507,0.14092278536358305
292,1212,1504,0.14096054167118707
292,1209,1501,0.14099159653235524
290,1215,1505,0.1410201200825515
289,1213,1502,0.1410512480483281
283,1226,1509,0.14108239712435947
276,1229,1505,0.14112821274437595
281,1226,1507,0.14118766162642044
285,1230,1515,0.14123000855578358
284,1216,1500,0.14125867709834192
281,1211,1492,0.14128633906378377
286,1210,1496,0.14132018244999797
289,1223,1512,0.14134040688357197
289,1222,1511,0.14135199786517239
290,1221,1511,0.14136302062863793
283,1217,1500,0.14137131095616248
281,1221,1502,0.14139703388080752
284,1230,1514,0.14142643627157422
281,1234,1515,0.14144637768904456
277,1236,1513,0.14147399034439676
273,1240,1513,0.1415103671516497
285,1235,1520,0.14155441819526912
283,1242,1525,0.14156528325813159
279,1241,1520,0.14158146275615677
275,1243,1518,0.14160660810031533
276,1246,1522,0.14163966161711006
282,1247,1529,0.1416668155315876
286,1244,1530,0.14167592781174837
287,1240,1527,0.1416740561950798
283,1249,1532,0.14167032069111538
284,1249,1533,0.1416766040546663
290,1238,1528,0.14167951002066193
285,1237,1522,0.141666673442656
281,1242,1523,0.14166757518256295
283,1236,1519,0.14167767559445754
281,1233,1514,0.14168254549015338
280,1232,1512,0.14169361359784344
284,1226,1510,0.14170725370034187
285,1222,1507,0.14170927514153422
285,1231,1516,0.14170862156607208
284,1234,1518,0.14170834022261766
281,1222,1503,0.1417107976393917
275,1232,1507,0.14172111865066056
283,1237,1520,0.1417461030958222
276,1233,1509,0.14174800669854956
272,1234,1506,0.141767958185733
267,1228,1495,0.14179587401673
269,1229,1498,0.1418355250791536
263,1223,1486,0.14186729729547615
262,1223,1485,0.14191215586371045
266,1229,1495,0.1419570870460429
263,1209,1472,0.1419885627705676
268,1211,1479,0.14202588669339705
272,1210,1482,0.1420486760876042
282,1224,1506,0.1420595317344865
280,1210,1490,0.14204193776187996
281,1225,1506,0.1420319678396228
286,1214,1500,0.14201998124907322
282,1213,1495,0.14199595826251157
278,1227,1505,0.1419838370239775
276,1220,1496,0.14198209117975785
277,1224,1501,0.14198569241180833
271,1223,1494,0.1419860578469698
271,1233,1504,0.1420032613941019
276,1220,1496,0.14201763869192444
276,1233,1509,0.1420183543336752
274,1236,1510,0.1420196436067409
274,1248,1522,0.14202651797676502
273,1241,1514,0.14203364110743444
273,1237,1510,0.1420425605002411
269,1257,1526,0.14205110116126457
266,1256,1522,0.1420702210401528
270,1249,1519,0.14209567875070056
268,1244,1512,0.14210936296751575
270,1243,1513,0.14212780895037394
268,1243,1511,0.14214060840896015
266,1240,1506,0.14215730937062973
266,1253,1519,0.14217869445312317
265,1251,1516,0.14219917966909745
271,1242,1513,0.14222133148130883
268,1253,1521,0.14222642493838206
266,1249,1515,0.14224033071125422
262,1255,1517,0.1422585318370852
257,1248,1505,0.14228642839157163
255,1251,1506,0.1423246123608243
258,1251,1509,0.14236455433455275
264,1258,1522,0.14239389266076594
263,1258,1521,0.14240526868925685
264,1256,1520,0.14241736636448252
262,1258,1520,0.14242668882317033
262,1258,1520,0.14244217371565487
260,1255,1515,0.1424564030480166
254,1261,1515,0.1424749446696003
256,1265,1521,0.1425069564060402
256,1264,1520,0.14253187361776515
256,1267,1523,0.1425554026931393
258,1258,1516,0.14257668211316027
253,1258,1511,0.14259109877407855
253,1260,1513,0.14261830017503135
249,1257,1506,0.1426432605574877
249,1253,1502,0.14267699838254885
250,1259,1509,0.14270781813991526
250,1259,1509,0.1427339308455935
253,1259,1512,0.14275867042989804
248,1259,1507,0.14277440421489004
252,1268,1520,0.14280254338579662
256,1264,1520,0.142817708858804
256,1263,1519,0.1428209145699774
258,1263,1521,0.1428245745445805
254,1258,1512,0.14282430434138127
255,1254,1509,0.14283503554043933
256,1264,1520,0.14284280972651722
256,1261,1517,0.1428474847194222
251,1262,1513,0.1428520196521535
246,1269,1515,0.14286910726761323
243,1268,1511,0.1428978927469788
241,1263,1504,0.14293271238577696
240,1271,1511,0.14296985822466926
239,1271,1510,0.1430069594368726
241,1270,1511,0.14304451133652532
238,1277,1515,0.14307468722754157
236,1277,1513,0.14311125545494893
238,1274,1512,0.14315105419862031
236,1257,1493,0.1431834190759362
236,1260,1496,0.14321895313384878
235,1263,1498,0.14325086427646602
239,1268,1507,0.14328432613514092
236,1267,1503,0.14330502723351227
238,1263,1501,0.14333210392739448
239,1270,1509,0.14335199778285923
234,1283,1517,0.1433682423513785
233,1286,1519,0.14339582574007503
237,1294,1531,0.14342410774294986
240,1289,1529,0.14343969592485142
241,1290,1531,0.14344592270182782
238,1280,1518,0.14344968204837516
242,1275,1517,0.1434610506391475
239,1280,1519,0.14346130235715143
234,1278,1512,0.14347001718533797
237,1279,1516,0.14349105322900776
241,1267,1508,0.14350282140003753
236,1278,1514,0.14350310617458148
236,1272,1508,0.1435162993261658
236,1271,1507,0.14352976518615204
231,1280,1511,0.14354175054045532
232,1275,1507,0.14356528004733982
232,1277,1509,0.1435846249044363
234,1274,1508,0.14360306274105167
232,1282,1514,0.14361481505037887
228,1281,1509,0.14363097197566432
231,1277,1508,0.143656153034876
229,1274,1503,0.1436714288454579
230,1277,1507,0.14369173153840734
228,1285,1513,0.1437080783796527
229,1281,1510,0.1437273892888258
227,1288,1515,0.1437421990819173
231,1281,1512,0.14376177297333545
229,1280,1509,0.1437688396361688
230,1284,1514,0.14378089443616018
231,1278,1509,0.14378868070835854
231,1290,1521,0.14379267743140883
230,1294,1524,0.14379618450812853
226,1297,1523,0.14380155127119632
219,1290,1509,0.14381793652848313
221,1287,1508,0.14385157416557184
220,1282,1502,0.1438778627457441
222,1279,1501,0.14390519297959695
219,1278,1497,0.14392551941805426
216,1297,1513,0.1439515692932313
217,1301,1518,0.14398380637946145
223,1302,1525,0.14401122971338545
217,1294,1511,0.14402120839268037
220,1295,1515,0.144047619715243
223,1282,1505,0.14406402527708131
222,1295,1517,0.14407175501554753
225,1304,1529,0.14408090402336296
224,1311,1535,0.14408206382685612
224,1304,1528,0.14408635019074992
216,1310,1526,0.1440903423015882
212,1306,1518,0.14411534855448394
215,1306,1521,0.14414979277002632
219,1316,1535,0.1441747465611129
218,1308,1526,0.14418746660782839
216,1296,1512,0.14420294178707654
210,1299,1509,0.1442221369429561
215,1294,1509,0.14425587132951448
214,1302,1516,0.14427489868627483
214,1294,1508,0.14429556899183418
214,1294,1508,0.14431580603629646
215,1292,1507,0.14433475978024427
217,1292,1509,0.1443507172174558
209,1297,1506,0.1443604277153461
218,1301,1519,0.14438910625441795
221,1292,1513,0.14439296598747992
221,1288,1509,0.14438855723930308
216,1285,1501,0.1443853808158335
216,1283,1499,0.14439677491826075
216,1286,1502,0.14440810561088177
214,1297,1511,0.1444195933381469
210,1303,1513,0.1444351210840941
209,1314,1523,0.14446001816095977
209,1307,1516,0.14448567579370244
208,1290,1498,0.14451002349598155
206,1305,1511,0.1445347156044501
204,1304,1508,0.14456218261135853
210,1302,1512,0.14459310352111526
205,1292,1497,0.14460650537271144
203,1294,1497,0.14463244029453068
206,1290,1496,0.1446612586677878
206,1286,1492,0.14467899233713666
202,1288,1490,0.14469520077329684
203,1287,1490,0.1447207485690153
207,1286,1493,0.14474193234974628
209,1295,1504,0.1447516410271531
206,1292,1498,0.1447556791097394
208,1300,1508,0.14476786993646276
210,1307,1517,0.1447756343690857
211,1307,1518,0.14477819655732824
209,1302,1511,0.14477729242840082
214,1304,1518,0.14478195980688502
217,1307,1524,0.144773082587775
218,1309,1527,0.1447572950401675
215,1298,1513,0.14474012681315734
216,1305,1521,0.14473278853632535
215,1311,1526,0.14472340078835969
215,1302,1517,0.14471767957060913
214,1305,1519,0.14471268115571254
215,1298,1513,0.14471095179671248
215,1303,1518,0.14470741947580978
218,1296,1514,0.14470300657807195
214,1304,1518,0.14469073170924365
213,1304,1517,0.14469066506143696
213,1307,1520,0.1446934954695197
214,1306,1520,0.1446967798923248
214,1306,1520,0.14469659885455027
211,1302,1513,0.14469611465750026
211,1291,1502,0.14470355704511106
210,1289,1499,0.14471035263445522
214,1277,1491,0.14471974497758588
210,1284,1494,0.14471882683403695
211,1301,1512,0.14472866239597368
210,1305,1515,0.14473532039960932
208,1306,1514,0.14474421700246715
210,1304,1514,0.14475782519042593
208,1309,1517,0.14476494501473872
212,1308,1520,0.1447760408653641
208,1299,1507,0.1447761943790545
210,1285,1495,0.144787438924866
214,1293,1507,0.14479178592797726
215,1291,1506,0.14478459374195282
213,1299,1512,0.14477588473369774
209,1302,1511,0.14477456864080407
209,1300,1509,0.14478369423750376
213,1297,1510,0.1447917554733632
217,1294,1511,0.14478831516160676
217,1276,1493,0.14477457861200008
215,1290,1505,0.14476257248702548
215,1285,1500,0.14475670737979626
211,1302,1513,0.14475146675646816
210,1297,1507,0.144757709024212
213,1297,1510,0.1447648333486127
212,1287,1499,0.14476371454946516
209,1291,1500,0.1447656087977296
208,1289,1497,0.14477585825084796
207,1305,1512,0.14478712431335058
213,1308,1521,0.14480064672798268
209,1308,1517,0.14479707848660534
203,1317,1520,0.1448033902409718
208,1319,1527,0.14482495988826305
210,1308,1518,0.1448319933365653
208,1302,1510,0.14483437633506127
208,1301,1509,0.14484264998209387
212,1305,1517,0.1448506247839689
204,1313,1517,0.1448479156961111
200,1308,1508,0.1448668513246032
199,1307,1506,0.1448945597316828
203,1298,1501,0.14492135939003067
203,1303,1506,0.14493481461749635
202,1301,1503,0.14494854051738357
203,1315,1518,0.14496477576479813
208,1303,1511,0.14497675068574944
209,1303,1512,0.14497589011374193
212,1308,1520,0.14497290201966032
211,1317,1528,0.14496270027722882
208,1310,1518,0.14495600320793522
207,1309,1516,0.14495764485553203
201,1301,1502,0.14496130346774977
208,1306,1514,0.14497905768738864
210,1305,1515,0.14497694063369987
212,1309,1521,0.14497026285043804
216,1301,1517,0.1449594233403977
211,1307,1518,0.14493900983861688
208,1308,1516,0.14493304493214165
207,1311,1518,0.14493517802642458
206,1309,1515,0.14494094476748198
203,1303,1506,0.1449494331945015
200,1314,1514,0.1449658000067704
197,1313,1510,0.1449900334248297
198,1307,1505,0.14502067442834954
198,1320,1518,0.14504620839517987
194,1331,1525,0.14506979959533886
196,1332,1528,0.14510220874923127
194,1321,1515,0.14512725994240586
194,1320,1514,0.1451559082519432
192,1320,1512,0.145182945536617
187,1311,1498,0.14521308797651444
186,1324,1510,0.14525433194656073
186,1316,1502,0.14529530918511616
185,1327,1512,0.1453335335351942
187,1320,1507,0.1453721281356625
189,1340,1529,0.1454029118083051
185,1334,1519,0.14542666038081514
190,1334,1524,0.14545922155545102
188,1331,1519,0.14547699475590728
189,1322,1511,0.14549861039345205
189,1318,1507,0.14551642265619852
187,1318,1505,0.1455328881504819
186,1314,1500,0.14555316010942224
181,1305,1486,0.14557508640973613
179,1302,1481,0.1456084659364702
175,1324,1499,0.1456441717128066
174,1317,1491,0.1456880247312726
176,1324,1500,0.14573060401793814
175,1334,1509,0.14576525229953372
178,1330,1508,0.1458005542941997
181,1326,1507,0.14582420743226152
178,1329,1507,0.14583824044155805
186,1337,1523,0.14585922057473044
182,1340,1522,0.1458581995425342
183,1343,1526,0.14586716829467336
184,1334,1518,0.14587310667627243
184,1328,1512,0.14587585582566587
190,1326,1516,0.14587829280729314
188,1330,1518,0.14586485115388725
188,1336,1524,0.14585810724095927
188,1329,1517,0.14585229039623526
190,1314,1504,0.1458468803142625
190,1327,1517,0.14583689329539876
192,1317,1509,0.14582748587167754
194,1319,1513,0.1458128464882395
190,1327,1517,0.14579415972017948
187,1324,1511,0.14578681360848994
186,1325,1511,0.14578762557821143
184,1332,1516,0.1457915945719145
179,1333,1512,0.14580098682521342
182,1335,1517,0.14582299726180484
184,1326,1510,0.14583514612640786
183,1331,1514,0.14584033582833114
183,1321,1504,0.14584841399669263
177,1339,1516,0.14585529436740338
176,1345,1521,0.1458775200204361
178,1347,1525,0.14590067528772827
180,1343,1523,0.14591811215997028
181,1349,1530,0.14592874567188605
178,1334,1512,0.14593611817998794
177,1339,1516,0.1459507719122237
180,1324,1504,0.14596711503881454
180,1324,1504,0.14597398750663954
182,1336,1518,0.14598038181813133
185,1349,1534,0.14598141996333974
180,1344,1524,0.1459746496612458
183,1337,1520,0.145982450235086
185,1344,1529,0.14598160084965517
185,1349,1534,0.1459756829593293
183,1347,1530,0.14597020103185795
185,1331,1516,0.14596947433053864
184,1331,1515,0.14596431290277292
188,1339,1527,0.14596120125549794
186,1332,1518,0.14594723803518067
186,1341,1527,0.14593924530780356
181,1342,1523,0.1459316290923831
181,1338,1519,0.14593812272985243
184,1341,1525,0.14594426535388894
185,1330,1515,0.14594091883463067
185,1331,1516,0.14593492733526817
182,1342,1524,0.1459298163283563
181,1343,1524,0.1459327500861107
177,1335,1512,0.1459367234438985
179,1342,1521,0.14595162983170218
178,1332,1510,0.1459602037146713
176,1333,1509,0.14597092251126348
177,1346,1523,0.14598564253660692
173,1355,1528,0.14599720873119332
176,1341,1517,0.1460195635912528
176,1347,1523,0.14603182407773166
179,1344,1523,0.14604345004336555
176,1344,1520,0.14604589001356968
178,1348,1526,0.14605630094298055
172,1355,1527,0.1460609881537595
179,1348,1527,0.14608120104470695
174,1349,1523,0.14608113516034466
181,1342,1523,0.14609477359160233
178,1344,1522,0.14608822168525054
177,1343,1520,0.1460892192697749
178,1337,1515,0.14609252465973271
181,1346,1527,0.146093021610568
180,1342,1522,0.14608594153515864
181,1346,1527,0.14608226888084822
177,1336,1513,0.14607613784924273
178,1322,1500,0.14608042550276046
180,1314,1494,0.14608234165142972
174,1328,1502,0.14607829679290874
176,1334,1510,0.14609183458891503
176,1342,1518,0.14609880416804033
175,1337,1512,0.14610521291255502
176,1325,1501,0.1461140194491629
180,1323,1503,0.14611891571065264
182,1329,1511,0.14611309220080623
181,1329,1510,0.14610215619423214
181,1327,1508,0.14609409885646774
182,1327,1509,0.14608624068765888
186,1332,1518,0.1460766986932988
183,1342,1525,0.1460573010872201
179,1347,1526,0.1460480810895735
180,1332,1512,0.14604985953752217
183,1336,1519,0.14604915281749054
176,1348,1524,0.14604036752076424
178,1345,1523,0.14605085803941809
177,1340,1517,0.14605566081202007
180,1334,1514,0.14606341723861221
181,1329,1510,0.14606175030740082
180,1323,1503,0.1460577248591023
179,1330,1509,0.14605584107197905
178,1320,1498,0.14605684622707416
182,1331,1513,0.14606053047473685
181,1336,1517,0.14605353715422514
185,1331,1516,0.1460494916104338
184,1335,1519,0.14603536082644367
184,1333,1517,0.14602490379808505
183,1337,1520,0.14601493348315572
178,1339,1517,0.1460078306804112
181,1342,1523,0.1460143375591936
183,1332,1515,0.14601217512265752
182,1324,1506,0.1460048325824448
180,1333,1513,0.14600069147142253
177,1337,1514,0.14600249347091623
176,1334,1510,0.1460128556825703
172,1335,1507,0.14602539563864764
172,1338,1510,0.1460484451354309
171,1342,1513,0.1460700694536742
170,1337,1507,0.14609293289136174
172,1336,1508,0.14611666054844574
171,1344,1515,0.14613381398008354
173,1357,1530,0.1461526944272122
168,1349,1517,0.14616473352024237
170,1347,1517,0.14618921384992
173,1347,1520,0.14620723839020003
171,1347,1518,0.14621575410937987
166,1337,1503,0.1462286466948682
163,1339,1502,0.14625374274198408
164,1348,1512,0.1462843537202122
166,1355,1521,0.14631001892893086
165,1349,1514,0.14632757653319722
164,1341,1505,0.14634654110958212
162,1346,1508,0.14636752194333696
161,1353,1514,0.14639280242906294
159,1349,1508,0.1464194579633739
155,1352,1507,0.14644872989780144
155,1343,1498,0.14648673539485638
159,1357,1516,0.14652173297594395
157,1358,1515,0.1465437547898686
153,1367,1520,0.14656960058176108
159,1355,1514,0.14660450347842
155,1354,1509,0.14662152910857323
156,1363,1519,0.1466485349630066
155,1363,1518,0.1466706649877537
151,1368,1519,0.14669417301872306
149,1370,1519,0.14672650748850127
149,1360,1509,0.14676280508296258
150,1355,1505,0.1467967836079811
154,1351,1505,0.14682580241237603
152,1361,1513,0.14684162614657603
151,1355,1506,0.14686137160436386
149,1354,1503,0.14688246839119326
151,1367,1518,0.14690665642705303
153,1369,1522,0.1469225058548937
153,1355,1508,0.1469312971138845
149,1347,1496,0.14693989656033196
149,1343,1492,0.14695862876552782
154,1359,1513,0.1469764908953664
152,1356,1508,0.14697944441036756
149,1370,1519,0.14698820471919619
151,1357,1508,0.14700498082452476
145,1365,1510,0.14701470727378388
150,1357,1507,0.14703978695693284
148,1358,1506,0.14704949072429577
142,1360,1502,0.14706415998046515
145,1359,1504,0.14709418193767698
145,1359,1504,0.1471136315999578
147,1366,1513,0.14713205562734186
147,1367,1514,0.14714418697802906
146,1364,1510,0.1471557933142345
146,1376,1522,0.14717000480293468
149,1374,1523,0.14718290009833881
149,1374,1523,0.14718624990960769
144,1379,1523,0.14718874549710179
145,1370,1515,0.14720516043251508
139,1373,1512,0.14721760265152153
141,1367,1508,0.1472458501712333
141,1365,1506,0.14726627691344357
146,1358,1504,0.14728558717883228
145,1366,1511,0.14729019031686832
146,1368,1514,0.14729723772657494
143,1371,1514,0.14730121892134337
142,1372,1514,0.14731284408708073
143,1367,1510,0.14732587687514684
145,1366,1511,0.1473349869443417
149,1360,1509,0.14733747431672647
147,1357,1504,0.14732860944229487
145,1352,1497,0.14732592967963942
144,1349,1493,0.14732886434609208
145,1355,1500,0.14733483261338948
142,1365,1507,0.14733762023783384
142,1360,1502,0.1473483561748331
144,1365,1509,0.1473577120312179
145,1362,1507,0.14736067997160593
142,1368,1510,0.14736118033121834
140,1372,1512,0.14737002848053465
138,1377,1515,0.14738359438439189
134,1370,1504,0.14740184776938592
134,1375,1509,0.1474292870124797
133,1369,1502,0.14745523349618242
133,1368,1501,0.1474820591193644
135,1360,1495,0.14750684107096665
136,1367,1503,0.14752453286781994
135,1367,1502,0.14753834064337437
132,1359,1491,0.14755403103154144
138,1348,1486,0.147577345686404
138,1353,1491,0.1475829822283311
138,1359,1497,0.14758865249987385
139,1375,1514,0.14759383830580247
142,1376,1518,0.14759586802630437
142,1380,1522,0.1475899657479944
142,1380,1522,0.14758507517993313
145,1374,1519,0.14758115388333048
135,1379,1514,0.14756949977578704
134,1379,1513,0.1475862996490089
135,1379,1514,0.14760418572855466
134,1383,1517,0.147618141083967
135,1379,1514,0.14763380728392478
132,1377,1509,0.14764615955221636
129,1367,1496,0.14766575451659997
130,1374,1504,0.1476925014686453
129,1376,1505,0.1477143499105278
127,1379,1506,0.1477376186306466
129,1373,1502,0.14776449519950535
130,1385,1515,0.1477843355154731
131,1394,1525,0.1477998235779448
132,1384,1516,0.1478118757861845
131,1389,1520,0.14782020417975128
127,1391,1518,0.14783067145625028
128,1389,1517,0.14785108823056298
131,1386,1517,0.14786756058768324
127,1396,1523,0.1478747203209813
125,1399,1524,0.14789288816395255
123,1388,1511,0.14791518382708696
124,1393,1517,0.14794147748069877
123,1385,1508,0.14796327424146777
122,1393,1515,0.1479863403827685
118,1401,1519,0.14801030043148067
113,1384,1497,0.14804316422566643
111,1392,1503,0.14808780167260574
112,1387,1499,0.14813541111256537
110,1395,1505,0.14817671230754392
113,1397,1510,0.14822157382867793
113,1406,1519,0.14825541549925725
112,1403,1515,0.14828731270033185
114,1389,1503,0.14831991203411996
112,1385,1497,0.14834509677620308
115,1393,1508,0.14837442890253766
121,1387,1508,0.14839366182047775
119,1407,1526,0.14839485270439243
117,1396,1513,0.14840164804696448
114,1397,1511,0.1484139866111278
115,1408,1523,0.14843401889359933
116,1388,1504,0.1484503373604422
116,1385,1501,0.14846281704691214
120,1379,1499,0.14847426221576268
124,1372,1496,0.14847363217295473
118,1384,1502,0.14846193915876565
117,1390,1507,0.14846836739813754
120,1384,1504,0.1484767652152753
124,1391,1515,0.14847612833078577
124,1396,1520,0.14846433245776175
124,1400,1524,0.14845377487660433
122,1389,1511,0.14844416195921462
123,1386,1509,0.14844060492626443
124,1388,1512,0.14843496664925823
124,1393,1517,0.14842685852804563
124,1395,1519,0.14841964007287634
121,1394,1515,0.14841302358275693
123,1404,1527,0.14841589773815225
123,1389,1512,0.14841316422597595
122,1400,1522,0.1484106812994856
118,1390,1508,0.14841137343126062
117,1377,1494,0.14842320106531612
118,1379,1497,0.14843661294318874
115,1399,1514,0.1484470925672343
112,1402,1514,0.148465078350593
109,1409,1518,0.14849062208966785
108,1394,1502,0.14852296599699055
110,1399,1509,0.14855613940111762
108,1396,1504,0.14858120521601986
109,1407,1516,0.14860974336292707
108,1419,1527,0.14863387449980803
110,1418,1528,0.14865898882536954
110,1410,1520,0.14867721428970915
108,1408,1516,0.14869403603933057
106,1419,1525,0.14871501106858695
108,1409,1517,0.1487392809998692
110,1404,1514,0.14875639912878458
109,1395,1504,0.14876652577283347
106,1401,1507,0.148778650564034
106,1398,1504,0.1487983353347607
107,1408,1515,0.14881664175579298
103,1413,1516,0.14883081629352954
108,1425,1533,0.14885514562249885
109,1411,1520,0.14886449842381133
109,1415,1524,0.14887047202610199
104,1408,1512,0.14887621251971575
105,1419,1524,0.1488951354173569
104,1408,1512,0.14890977094885754
104,1408,1512,0.1489258930679728
103,1405,1508,0.14894115556519125
104,1401,1505,0.1489582274110568
105,1410,1515,0.1489715490242029
109,1410,1519,0.1489810530287225
108,1406,1514,0.14897885684637904
107,1410,1517,0.14897978830506917
106,1405,1511,0.14898316179396326
106,1412,1518,0.14898933038159845
104,1400,1504,0.1489947546004966
100,1403,1503,0.14900550973038104
102,1417,1519,0.14902654762081124
105,1412,1517,0.14904061839211613
105,1420,1525,0.14904556470260946
105,1421,1526,0.1490498976645123
106,1402,1508,0.14905390896044005
106,1398,1504,0.14905416985417996
105,1397,1502,0.1490545764443069
107,1399,1506,0.14905772986713645
107,1402,1509,0.14905507016140415
105,1402,1507,0.14905276401744808
103,1414,1517,0.149055978439732
104,1406,1510,0.14906486618195758
104,1401,1505,0.14907024326471408
104,1402,1506,0.14907597875573544
104,1405,1509,0.14908138878775
102,1405,1507,0.14908646171830697
106,1406,1512,0.14909673012357474
106,1404,1510,0.1490958879641166
104,1414,1518,0.1490951929677001
101,1424,1525,0.14910029805810074
97,1417,1514,0.14911395628863633
91,1432,1523,0.14913801258385362
94,1430,1524,0.14917742378231366
93,1423,1516,0.14920595229598957
94,1425,1519,0.14923531812942767
91,1431,1522,0.14926032893592966
94,1421,1515,0.1492921430036679
93,1435,1528,0.14931342542571333
98,1426,1524,0.14933639202295446
95,1431,1526,0.14934350238103364
96,1441,1537,0.14935884374407377
95,1441,1536,0.14937010964460218
93,1427,1520,0.1493832327329524
92,1420,1512,0.14940082742879693
90,1426,1516,0.14942010414125087
89,1427,1516,0.1494443322068247
88,1428,1516,0.14946968650794923
89,1427,1516,0.14949645477075252
86,1440,1526,0.14951841233776703
87,1436,1523,0.1495476530212615
84,1441,1525,0.14957207513382267
86,1434,1520,0.14960306738307172
84,1434,1518,0.1496262386606061
82,1434,1516,0.14965350049076387
82,1430,1512,0.1496843479130582
79,1431,1510,0.14971338120388106
80,1431,1511,0.14974898083528285
81,1435,1516,0.14977915860220278
80,1432,1512,0.14980448971926166
81,1444,1525,0.1498308625719947
79,1442,1521,0.14985271014363793
74,1426,1500,0.14987929801550637
76,1432,1508,0.14991801239172037
77,1432,1509,0.14994833969810764
77,1434,1511,0.14997370299240476
77,1444,1521,0.14999751519708568
78,1444,1522,0.15001977248331502
77,1443,1520,0.15003777707080113
76,1452,1528,0.1500577643663502
75,1441,1516,0.15007928360082146
74,1444,1518,0.1501022080164125
75,1450,1525,0.1501266955419215
76,1446,1522,0.15014667004170626
75,1450,1525,0.1501624372500699
74,1450,1524,0.15017975560274807
77,1436,1513,0.1501989908345268
79,1439,1518,0.1502083082167499
80,1435,1515,0.15021099698799417
80,1443,1523,0.15021069412793658
78,1455,1533,0.15021054949841647
77,1454,1531,0.1502161567765426
75,1455,1530,0.15022433153939868
75,1445,1520,0.15023795911788052
72,1447,1519,0.15025068896106875
69,1449,1518,0.15027095192423645
69,1458,1527,0.15029877130937802
73,1453,1526,0.15032467783773065
72,1452,1524,0.15033714391784372
72,1442,1514,0.1503518345604574
73,1443,1516,0.15036574971009986
73,1450,1523,0.15037601562011596
74,1446,1520,0.1503857170655477
71,1448,1519,0.15039176535245594
70,1447,1517,0.15040610847233804
69,1448,1517,0.15042249883643863
69,1454,1523,0.15044119403926368
68,1455,1523,0.15045876053142698
66,1454,1520,0.15047822528975047
67,1448,1515,0.15050208853267794
69,1441,1510,0.15052127246470953
69,1446,1515,0.1505334593384901
69,1427,1496,0.15054486011087845
69,1429,1498,0.1505552933815734
70,1443,1513,0.15056507300886332
74,1444,1518,0.15057121247624225
77,1438,1515,0.15056511551654939
77,1443,1520,0.15055081639320173
78,1431,1509,0.15053747222914565
77,1442,1519,0.150522363369557
76,1443,1519,0.15051148904261588
77,1439,1516,0.1505042756855081
76,1438,1514,0.15049492991683536
76,1450,1526,0.15048911157875303
75,1436,1511,0.15048372052615638
71,1450,1521,0.15048163130386907
69,1453,1522,0.15049143925346126
67,1461,1528,0.1505064565423757
65,1449,1514,0.15052657010150722
60,1442,1502,0.150551140642341
62,1450,1512,0.15058874016363194
62,1440,1502,0.15061799275465762
63,1448,1511,0.15064535083038613
61,1437,1498,0.15066807908971463
59,1455,1514,0.15069541604882847
57,1457,1514,0.15072668409491682
56,1465,1521,0.1507621704739598
56,1469,1525,0.15079825492308724
55,1472,1527,0.1508319283893385
55,1462,1517,0.15086644698370918
52,1463,1515,0.1508987967986497
55,1455,1510,0.15093781683451563
55,1455,1510,0.15096527218463682
57,1451,1508,0.1509909900460344
57,1454,1511,0.151009098002532
55,1451,1506,0.1510260910371023
53,1467,1520,0.15104802127632638
52,1472,1524,0.1510745108724165
50,1464,1514,0.15110243527505085
49,1470,1519,0.15113465762722786
50,1463,1513,0.15116777616021682
48,1461,1509,0.1511961149377075
47,1467,1514,0.15122883251899322
48,1466,1514,0.1512623149764635
45,1475,1520,0.15129056344120742
43,1474,1517,0.1513261138406964
39,1476,1515,0.15136531522065114
38,1470,1508,0.15141390063864055
39,1466,1505,0.15146251811151362
37,1468,1505,0.15150501607888578
38,1470,1508,0.15155056828629365
39,1478,1517,0.1515901251621702
45,1483,1528,0.1516242364981641
45,1476,1521,0.15163823609014884
43,1475,1518,0.15165148559092137
42,1480,1522,0.1516698879151377
41,1466,1507,0.1516903250233196
39,1459,1498,0.15171279947065622
37,1473,1510,0.1517398776364136
39,1482,1521,0.15177131462330215
37,1473,1510,0.15179467281691067
39,1478,1517,0.1518225955354014
39,1470,1509,0.15184278542891577
38,1469,1507,0.15186190638862473
39,1466,1505,0.15188301790523615
42,1477,1519,0.15189985981406923
44,1477,1521,0.15190658706152027
44,1475,1519,0.15190688057047413
44,1484,1528,0.15190729447269824
44,1488,1532,0.1519077908535068
43,1482,1525,0.1519082496844777
43,1483,1526,0.1519119107976637
43,1471,1514,0.15191556502029427
45,1470,1515,0.1519191287816778
45,1462,1507,0.1519166117008738
44,1450,1494,0.1519144171512422
43,1454,1497,0.15191538564607027
44,1470,1514,0.15191921745738032
45,1465,1510,0.1519200532522013
46,1470,1516,0.15191801230915317
46,1474,1520,0.15191311430309704
46,1479,1525,0.15190858659917797
45,1481,1526,0.1519044295548992
45,1483,1528,0.15190367247076586
46,1481,1527,0.1519032170683146
47,1488,1535,0.1518998493458225
46,1478,1524,0.15189393079912783
44,1485,1529,0.1518913748026874
46,1485,1531,0.15189483120271569
45,1480,1525,0.15189220746108295
44,1475,1519,0.15189277225830725
45,1472,1517,0.15189630493199963
44,1466,1510,0.15189649783292425
46,1461,1507,0.15189951609494906
43,1466,1509,0.151896535085456
41,1476,1517,0.15190296107107074
42,1481,1523,0.1519147669313044
41,1478,1519,0.15192272112387945
42,1466,1508,0.15193301279104535
41,1470,1511,0.15193970962160544
41,1467,1508,0.1519490023126864
40,1468,1508,0.15195770839592693
40,1469,1509,0.1519687591061494
40,1467,1507,0.1519790564107317
38,1468,1506,0.15198869640488494
37,1466,1503,0.15200351633621725
38,1488,1526,0.15202026645110034
38,1498,1536,0.15203281836909102
38,1487,1525,0.15204452520820244
37,1469,1506,0.1520555323424859
36,1481,1517,0.1520689129876315
37,1478,1515,0.15208433348112207
36,1472,1508,0.15209559162306568
36,1462,1498,0.15210911313812292
33,1466,1499,0.1521217882483387
32,1469,1501,0.1521424989732864
32,1483,1515,0.1521645590024125
32,1486,1518,0.15218513600274505
34,1497,1531,0.15220432134748452
33,1492,1525,0.15221628850551358
34,1492,1526,0.15223068678669088
34,1490,1524,0.1522410628106364
33,1485,1518,0.15225081665392762
32,1493,1525,0.15226297237224606
31,1490,1521,0.15227747551363513
31,1480,1511,0.15229409199094732
31,1474,1505,0.15230966020100314
32,1478,1510,0.15232428132124784
30,1487,1517,0.1523349330544524
29,1487,1516,0.15235103540833253
30,1480,1510,0.15236916801087838
30,1471,1501,0.1523830668731501
31,1476,1507,0.15239612547131667
32,1477,1509,0.15240528093200414
32,1482,1514,0.1524107390826406
33,1482,1515,0.1524158679854554
31,1487,1518,0.15241767858848276
31,1501,1532,0.15242553734538217
33,1503,1536,0.15243289733454546
33,1487,1520,0.15243391200000045
33,1479,1512,0.1524350649274801
33,1481,1514,0.15243617210426647
33,1495,1528,0.15243711632076765
33,1493,1526,0.15243803355119664
33,1492,1525,0.15243874148006195
32,1480,1512,0.15243940874959122
32,1469,1501,0.15244301506614336
33,1482,1515,0.15244647011242904
32,1483,1515,0.15244671476527405
32,1483,1515,0.15244975982987086
33,1477,1510,0.15245278433087242
34,1485,1519,0.15245277639849936
34,1479,1513,0.15245000983737753
33,1481,1514,0.15244753103599834
34,1463,1497,0.15244849125500934
34,1459,1493,0.15244625144854446
34,1478,1512,0.15244436438157327
34,1476,1510,0.1524426210242164
34,1478,1512,0.152441039690265
35,1489,1524,0.15243960155186131
35,1480,1515,0.15243512467507134
36,1487,1523,0.15243097497350122
37,1493,1530,0.15242408837144628
38,1478,1516,0.15241468635511543
37,1466,1503,0.1524029445870153
37,1471,1508,0.15239492353954576
36,1475,1511,0.15238747516155002
34,1477,1511,0.15238353965720144
36,1464,1500,0.15238574059750085
36,1479,1515,0.15238174922544118
38,1484,1522,0.15237789145427383
37,1485,1522,0.15236842783408086
37,1483,1520,0.15236255964792073
37,1477,1514,0.1523571983547369
40,1478,1518,0.1523521878320253
42,1467,1509,0.1523384111108978
40,1472,1512,0.15231953279859128
38,1463,1501,0.15230805810062453
38,1474,1512,0.15230335334469605
37,1484,1521,0.15229890927109316
37,1479,1516,0.15229790404943763
37,1484,1521,0.15229676566684275
36,1480,1516,0.15229568025679113
37,1481,1518,0.15229753994953196
36,1479,1515,0.15229639760305125
36,1474,1510,0.15229836321441492
36,1470,1506,0.15230021124343257
36,1476,1512,0.1523019411854287
37,1483,1520,0.15230382220457897
34,1487,1521,0.1523027266612534
34,1478,1512,0.15231117893228474
36,1479,1515,0.1523188862227193
35,1478,1513,0.1523201789816038
34,1482,1516,0.15232443324493086
34,1485,1519,0.15233145507245183
36,1483,1519,0.15233798847234004
32,1471,1503,0.15233798438500007
33,1467,1500,0.15234974271103266
35,1474,1509,0.15235782532748066
35,1481,1516,0.15235958550451784
35,1482,1517,0.15236129853912284
35,1485,1520,0.1523629344280781
37,1468,1505,0.15236435075307692
38,1470,1508,0.1523599962097256
38,1481,1519,0.15235294448583606
38,1490,1528,0.15234627800752054
38,1481,1519,0.15234049919473588
37,1485,1522,0.15233520770104755
34,1483,1517,0.15233337933216076
34,1480,1514,0.15234034674789862
35,1474,1509,0.15234682659262055
32,1476,1508,0.15234986325800354
33,1473,1506,0.15236147023762325
32,1472,1504,0.15236950661195636
34,1475,1509,0.15237991094980533
33,1480,1513,0.15238387594799238
33,1490,1523,0.15239056742043744
33,1482,1515,0.1523967565510255
33,1483,1516,0.15240254225725672
34,1475,1509,0.15240777844517558
33,1478,1511,0.15240971841595077
33,1480,1513,0.1524146189456594
32,1481,1513,0.15241921827460014
33,1480,1513,0.15242644597918237
30,1480,1510,0.15243026375591615
29,1485,1514,0.15244282548397176
31,1479,1510,0.15245745184564422
33,1488,1521,0.15246522997769144
34,1489,1523,0.1524664556174955
32,1480,1512,0.15246475905447465
33,1493,1526,0.15246925239689865
33,1491,1524,0.15247050974140577
33,1486,1519,0.15247170717606337
33,1469,1502,0.15247275315738437
35,1465,1500,0.15247375456474418
35,1462,1497,0.15246884203968109
33,1478,1511,0.15246432381474803
35,1482,1517,0.1524661947364157
34,1478,1512,0.1524620628200037
35,1474,1509,0.15246128996104136
36,1480,1516,0.15245776016242388
38,1475,1513,0.1524515362902909
37,1480,1517,0.1524395694737099
38,1475,1513,0.1524313390499339
40,1483,1523,0.15242065718822256
40,1476,1516,0.15240471725311489
39,1471,1510,0.15238990841574274
40,1484,1524,0.15237927717263738
39,1477,1516,0.15236650297138918
35,1476,1511,0.15235760170073637
34,1479,1513,0.1523612273452702
34,1477,1511,0.1523676193772814
32,1476,1508,0.15237327711359336
32,1487,1519,0.1523847206302017
32,1497,1529,0.1523954016937977
32,1496,1528,0.15240530796813342
30,1490,1520,0.15241452314456283
30,1499,1529,0.15242907509535022
29,1501,1530,0.15244252702662645
28,1500,1528,0.15245795025179096
28,1495,1523,0.15247506959331095
27,1494,1521,0.15249104973578098
28,1494,1522,0.15250904431016465
28,1502,1530,0.15252290754697037
28,1500,1528,0.15253589301295406
27,1490,1517,0.15254805207606897
27,1496,1523,0.15256225732587544
25,1501,1526,0.15257568811997785
27,1495,1522,0.1525941178857571
27,1481,1508,0.15260536216813533
28,1495,1523,0.15261592789930795
29,1485,1514,0.1526226957940378
29,1479,1508,0.15262621728414347
27,1487,1514,0.15262955721520624
28,1477,1505,0.15263854328782855
27,1495,1522,0.15264403407037103
29,1497,1526,0.15265215805722335
29,1490,1519,0.1526539178856755
29,1489,1518,0.15265576184692753
29,1488,1517,0.15265756769312416
28,1497,1525,0.15265913410176454
28,1489,1517,0.15266336216514986
28,1486,1514,0.1526674377459572
28,1486,1514,0.15267109490435993
30,1465,1495,0.15267438871903807
29,1490,1519,0.15267142627827343
31,1491,1522,0.15267185517190535
31,1503,1534,0.1526662531533789
31,1485,1516,0.15266108597519396
30,1495,1525,0.1526563072321296
31,1495,1526,0.15265496861608355
29,1490,1519,0.15265072616548078
28,1480,1508,0.15265315230175977
24,1479,1503,0.15265845502450925
22,1487,1509,0.15267519874259322
22,1481,1503,0.1526970415709287
22,1476,1498,0.1527174294859125
23,1488,1511,0.1527365580755086
24,1503,1527,0.15275156589733274
24,1498,1522,0.15276250007704062
23,1489,1512,0.1527727414367365
23,1480,1503,0.15278525336216497
22,1490,1512,0.1527969464116476
23,1488,1511,0.1528108379315817
23,1487,1510,0.152820826604369
23,1492,1515,0.15283012437685428
24,1491,1515,0.1528388374391044
23,1490,1513,0.15284398928614823
22,1490,1512,0.15285184126045767
21,1502,1523,0.15286244446005573
22,1500,1522,0.15287539167520284
22,1496,1518,0.15288439624402098
23,1489,1512,0.15289282827750575
24,1488,1512,0.15289761310278974
24,1491,1515,0.15289899759801137
25,1490,1515,0.1529003136310039
25,1477,1502,0.15289852104315207
26,1468,1494,0.1528968799888791
26,1474,1500,0.1528922984584848
26,1475,1501,0.15288783698964856
24,1486,1510,0.1528837319519452
24,1483,1507,0.15288596331384877
26,1476,1502,0.15288802525905043
28,1485,1513,0.15288388395952268
26,1486,1512,0.15287400986573435
24,1498,1522,0.15287107839671987
24,1480,1504,0.15287454460143948
24,1486,1510,0.15287771020698895
24,1478,1502,0.1528807073866993
25,1488,1513,0.15288353450805872
24,1484,1508,0.1528831373492679
25,1481,1506,0.15288573464446628
22,1484,1506,0.15288518978335242
21,1495,1516,0.15289363933078165
19,1510,1529,0.15290455322097038
20,1511,1531,0.15292074882483472
20,1506,1526,0.15293279164143597
19,1512,1531,0.15294404220209806
20,1514,1534,0.1529576118399581
20,1501,1521,0.1529672246015931
21,1503,1524,0.15297622024984242
21,1504,1525,0.15298160058199825
20,1501,1521,0.15298665498164232
20,1508,1528,0.15299438607809454
21,1502,1523,0.15300159126873922
20,1499,1519,0.15300529614178213
22,1498,1520,0.1530118650590659
23,1506,1529,0.15301181523376747
24,1494,1518,0.15300872370203553
24,1491,1515,0.153002761351548
23,1493,1516,0.15299720932972583
23,1497,1520,0.1529951320307385
25,1496,1521,0.15299316899540297
27,1487,1514,0.15298509843536423
27,1483,1510,0.15297143594887663
27,1473,1500,0.15295872876567113
27,1472,1499,0.15294689202080675
27,1488,1515,0.1529358528828841
26,1474,1500,0.15292554815724807
26,1477,1503,0.15291895396426397
26,1474,1500,0.15291277763789615
26,1474,1500,0.15290699129545746
22,1470,1492,0.15290157021974415
24,1496,1520,0.15290873229297483
24,1484,1508,0.15290920544408165
24,1491,1515,0.1529096272016032
24,1503,1527,0.15290983932904684
24,1500,1524,0.15291002244229795
23,1503,1526,0.15291016438150845
23,1511,1534,0.15291325820910603
23,1505,1528,0.152916125230795
21,1496,1517,0.15291878999152214
22,1498,1520,0.15292739574595882
22,1498,1520,0.1529323418826473
23,1497,1520,0.15293695627308393
22,1486,1508,0.15293822371594396
22,1487,1509,0.15294248979938385
21,1500,1521,0.15294643853495443
22,1512,1534,0.15295320645158042
22,1510,1532,0.15295640171744168
22,1509,1531,0.15295936656394368
22,1505,1527,0.15296215852496842
22,1489,1511,0.15296476096884007
21,1499,1520,0.15296722865150858
20,1487,1507,0.1529726860834803
22,1497,1519,0.15298089421121475
22,1489,1511,0.15298253424126163
23,1491,1514,0.1529840539035512
22,1505,1527,0.15298239619068515
22,1507,1529,0.15298395505925005
22,1505,1527,0.15298537531727696
21,1496,1517,0.15298671765432023
21,1514,1535,0.1529910801177199
19,1517,1536,0.1529951610171878
19,1494,1513,0.15300515913167564
19,1508,1527,0.15301450411038084
19,1494,1513,0.1530232589643978
20,1484,1504,0.1530314638678703
20,1496,1516,0.15303600298583
20,1505,1525,0.15304026493983178
21,1491,1512,0.15304426288556539
22,1499,1521,0.15304495246268726
22,1509,1531,0.15304255446839043
20,1510,1530,0.1530403465376838
20,1512,1532,0.1530444175576975
21,1488,1509,0.1530481152975095
21,1483,1504,0.1530485049351501
21,1488,1509,0.15304894851063822
21,1490,1511,0.15304941007261436
21,1496,1517,0.15304987528631833
20,1494,1514,0.15305029746104162
20,1493,1513,0.1530536573581669
19,1486,1505,0.15305678672021447
19,1500,1519,0.1530628090412785
19,1505,1524,0.15306842427261644
17,1491,1508,0.15307367286772963
14,1501,1515,0.1530847788437413
16,1504,1520,0.1531044290075136
16,1505,1521,0.15311657847207152
16,1517,1533,0.15312795825405942
17,1519,1536,0.15313861649977178
17,1511,1528,0.15314548039254763
18,1516,1534,0.15315192306882555
17,1518,1535,0.15315481477604076
17,1509,1526,0.15316066907037437
16,1497,1513,0.1531661623063
15,1489,1504,0.15317441955588673
16,1487,1503,0.1531852565821676
14,1488,1502,0.153192257969071
13,1506,1519,0.15320493583058822
13,1518,1531,0.15321995303007924
13,1498,1511,0.15323402512684367
13,1500,1513,0.15324721647847428
13,1493,1506,0.1532595541829864
13,1507,1520,0.15327112378458047
13,1508,1521,0.15328196985940817
12,1518,1530,0.15329214020974966
12,1517,1529,0.15330481824524853
12,1515,1527,0.1533167094514126
12,1507,1519,0.15332784449990958
12,1510,1522,0.15333830317549413
13,1509,1522,0.15334812101149745
14,1505,1519,0.15335416601956214
13,1496,1509,0.1533566993935754
13,1490,1503,0.15336223740553614
13,1487,1500,0.15336742662879363
12,1484,1496,0.15337229655269913
12,1479,1491,0.15338003980034173
12,1496,1508,0.15338729599282117
13,1505,1518,0.15339409639455034
13,1499,1512,0.15339728930757052
13,1503,1516,0.1534002965627808
13,1504,1517,0.15340312653335375
13,1510,1523,0.15340578535939092
13,1512,1525,0.15340828220565708
14,1502,1516,0.15341061962655084
14,1490,1504,0.15340965251913918
14,1505,1519,0.15340875807896176
13,1495,1508,0.15340792834126515
14,1502,1516,0.1534103466028154
14,1501,1515,0.15340944530110184
14,1497,1511,0.15340861983520174
14,1501,1515,0.15340785437444066
13,1493,1506,0.15340714119781368
13,1488,1501,0.1534096721849059
14,1495,1509,0.15341202168610085
13,1503,1516,0.1534110570494499
12,1506,1518,0.15341336101076397
12,1497,1509,0.1534186499019343
13,1507,1520,0.15342359802091887
11,1509,1520,0.1534250732794582
11,1511,1522,0.15343279762525974
10,1515,1525,0.15344002920709066
10,1526,1536,0.15344995375052123
10,1518,1528,0.1534592643923005
10,1503,1513,0.15346800098596844
10,1500,1510,0.1534762000839919
11,1495,1506,0.1534838958474053
12,1493,1505,0.15348793721171894
11,1487,1498,0.15348856234867828
11,1493,1504,0.15349236514576858
10,1502,1512,0.15349594127951668
10,1501,1511,0.15350247216264815
10,1488,1498,0.15350860105800077
10,1492,1502,0.15351435362972363
9,1502,1511,0.1535197525151128
8,1503,1511,0.15352798605652118
8,1498,1506,0.15353888767006377
8,1493,1501,0.15354912003250917
8,1496,1504,0.15355870466403773
9,1489,1498,0.15356770944224596
9,1497,1506,0.15357298456292942
9,1498,1507,0.15357795520720074
11,1514,1525,0.15358263158816887
11,1511,1522,0.15358063303163147
11,1504,1515,0.153578785432194
11,1515,1526,0.15357707357103298
11,1502,1513,0.153575483248797
10,1505,1515,0.153574002610128
10,1504,1514,0.15357581728807237
10,1493,1503,0.1535775167790694
9,1504,1513,0.1535791157159901
9,1504,1513,0.15358379096892258
7,1506,1513,0.15358817744405864
7,1506,1513,0.15359865309559498
7,1511,1518,0.15360847658660753
7,1515,1522,0.1536176920060119
6,1514,1520,0.15362633880158005
6,1516,1522,0.1536376705568669
6,1513,1519,0.1536483124064496
5,1508,1513,0.15365830089581528
5,1522,1527,0.1536708788695412
5,1506,1511,0.1536826899037992
6,1501,1507,0.15369378073119438
7,1498,1505,0.15370098246987843
8,1494,1502,0.1537045382905407
8,1496,1504,0.15370467674627739
7,1501,1508,0.15370482123314083
7,1501,1508,0.15370816990383657
7,1494,1501,0.15371131423106094
7,1510,1517,0.15371426770564947
7,1524,1531,0.15371704138800849
7,1502,1509,0.1537196463088238
7,1505,1512,0.15372209299638698
7,1506,1513,0.15372439131851107
7,1507,1514,0.15372655048263342
7,1512,1519,0.1537285790784355
7,1513,1520,0.15373048512706933
7,1503,1510,0.15373227612731286
6,1494,1500,0.15373395909672
6,1493,1499,0.1537387442191895
6,1505,1511,0.15374322893045353
6,1497,1503,0.15374744366120932
6,1501,1507,0.15375140537011292
4,1504,1508,0.15375512898270072
4,1498,1502,0.15376508155248728
3,1490,1493,0.1537744308487312
3,1489,1492,0.1537864413566794
3,1493,1496,0.15379772903208574
3,1498,1501,0.1538083345740819
3,1490,1493,0.153818298519499
3,1500,1503,0.153827660132973
3,1510,1513,0.15383645643950747
3,1516,1519,0.15384472211743436
3,1497,1500,0.1538524896121695
3,1511,1514,0.1538597892919763
3,1513,1516,0.1538666496003984
3,1504,1507,0.15387309719547168
3,1508,1511,0.15387915707516778
3,1500,1503,0.15388485269070354
3,1506,1509,0.15389020604955625
3,1508,1511,0.15389523780974965
3,1512,1515,0.153899967366644
3,1526,1529,0.15390441293318585
3,1536,1539,0.15390859161436554
3,1540,1543,0.15391251947647802
3,1522,1525,0.15391621161167504
3,1523,1526,0.15391968219821806
3,1516,1519,0.15392294455678077
3,1509,1512,0.1539260112031093
3,1513,1516,0.1539288938973089
3,1493,1496,0.15393160369000136
3,1511,1514,0.1539341509655722
3,1511,1514,0.1539365454827079
3,1511,1514,0.15393879641240574
3,1506,1509,0.1539409123736245
3,1504,1507,0.15394290146673106
3,1500,1503,0.15394477130488646
3,1502,1505,0.15394652904350306
2,1509,1511,0.15394818140789762
2,1513,1515,0.15395298003554841
2,1499,1501,0.1539574861989186
2,1508,1510,0.1539617192976578
2,1510,1512,0.1539656966673853
2,1521,1523,0.15396943433950813
2,1514,1516,0.15397294714647372
2,1504,1506,0.1539762488661
2,1501,1503,0.1539793523455111
2,1508,1510,0.1539822695960997
2,1499,1501,0.15398501186757801
3,1513,1516,0.15398758970828524
3,1516,1519,0.15398675598242026
3,1505,1508,0.15398597848806417
3,1498,1501,0.15398525249425116
3,1511,1514,0.15398457407274307
3,1505,1508,0.15398393926569628
3,1513,1516,0.1539833446405255
3,1515,1518,0.1539827872289097
2,1510,1512,0.1539822644164971
2,1530,1532,0.1539850242296216
2,1516,1518,0.15398761779404505
2,1517,1519,0.15399005436614321
2,1519,1521,0.15399234289540595
2,1519,1521,0.1539944925742135
2,1502,1504,0.15399651213478496
3,1497,1500,0.15399840971151668
3,1488,1491,0.15399694066961117
4,1494,1498,0.15399557062406002
4,1491,1495,0.15399104747477657
4,1501,1505,0.15398681359054658
5,1502,1507,0.15398284233746706
4,1515,1519,0.15397586532245808
4,1504,1508,0.15397255196083956
4,1500,1504,0.15396943823412368
4,1517,1521,0.1539665118457663
4,1517,1521,0.1539637613984668
4,1518,1522,0.15396117649893099
4,1517,1521,0.15395874729715067
5,1526,1531,0.15395646445785843
5,1520,1525,0.15395107887338347
5,1516,1521,0.1539460281381631
4,1507,1511,0.15394129087822453
4,1507,1511,0.1539400871681954
5,1514,1519,0.15393895892407702
6,1520,1526,0.15393466474949796
6,1509,1515,0.15392742073128818
6,1504,1510,0.15392064067585365
6,1501,1507,0.15391427988824538
6,1504,1510,0.1539083075849312
5,1503,1508,0.15390269821796398
5,1503,1508,0.15390062910027558
5,1510,1515,0.15389866862892632
4,1515,1519,0.15389682000611077
5,1505,1510,0.15389829109848588
5,1508,1513,0.15389644757558016
5,1516,1521,0.15389472569947482
5,1517,1522,0.15389310946902363
5,1520,1525,0.1538915907269748
5,1516,1521,0.15389016315292928
5,1511,1516,0.15388882116298408
5,1528,1533,0.1538875596093911
5,1527,1532,0.1538863736800731
5,1514,1519,0.1538852588559515
5,1508,1513,0.15388421088688636
5,1507,1512,0.1538832257741975
4,1519,1523,0.15388229975580983
4,1523,1527,0.15388464239882688
4,1525,1529,0.1538868333397452
4,1514,1518,0.1538888862405033
4,1511,1515,0.15389081203441246
4,1518,1522,0.15389261971499998
4,1520,1524,0.1538943171090848
4,1520,1524,0.15389591127396918
4,1510,1514,0.1538974086893637
4,1527,1531,0.15389881536027214
4,1526,1530,0.15390013687971427
4,1523,1527,0.15390137847183485
4,1520,1524,0.15390254502455247
4,1510,1514,0.15390364111610105
4,1523,1527,0.1539046710376725
3,1515,1518,0.1539056388133547
3,1513,1516,0.15390979094004784
3,1514,1517,0.15391369261572443
3,1521,1524,0.15391735407643872
3,1525,1528,0.15392079139944248
3,1517,1520,0.15392401951297235
3,1518,1521,0.15392705190298991
3,1535,1538,0.15392990089904915
3,1522,1525,0.15393257788741915
3,1532,1535,0.15393509344944767
3,1521,1524,0.15393745745585213
3,1521,1524,0.15393967913598183
3,1523,1526,0.1539417671322884
3,1524,1527,0.15394372954549765
3,1512,1515,0.15394557397353192
4,1514,1518,0.15394730754595223
4,1509,1513,0.1539456925805522
5,1493,1498,0.15394418430132129
5,1502,1507,0.15393952759471588
5,1509,1514,0.15393516759537518
3,1522,1525,0.15393108185485332
3,1530,1533,0.15393370163693965
3,1522,1525,0.15393614954881116
3,1515,1518,0.1539384432368523
3,1531,1534,0.15394059571569815
3,1522,1525,0.15394261719691127
3,1516,1519,0.15394451636982612
3,1506,1509,0.15394630099537274
3,1506,1509,0.1539479781754477
4,1519,1523,0.15394955448816292
3,1521,1524,0.15394778417233548
3,1523,1526,0.1539493671083125
3,1528,1531,0.15395085010519927
3,1538,1541,0.15395224183720374
3,1539,1542,0.15395354902472602
3,1524,1527,0.15395477725926293
3,1528,1531,0.15395593150941367
3,1521,1524,0.15395701632724415
3,1515,1518,0.15395803593929852
3,1505,1508,0.15395899429356327
2,1510,1512,0.15395989508834504
2,1516,1518,0.15396399752837608
3,1523,1526,0.1539678511445809
3,1525,1528,0.1539682186464343
3,1529,1532,0.15396857273863798
3,1515,1518,0.1539689088662673
3,1502,1505,0.1539692264042053
3,1507,1510,0.15396952573256364
3,1512,1515,0.15396980760165144
3,1523,1526,0.15397007288613726
3,1521,1524,0.1539703224866911
4,1527,1531,0.15397055728889328
4,1524,1528,0.15396751721468163
4,1518,1522,0.15396466887840432
4,1519,1523,0.1539620022716769
4,1517,1521,0.153959502938078
3,1524,1527,0.15395715847949634
3,1523,1526,0.1539581966552836
4,1502,1506,0.15395916843251997
4,1522,1526,0.15395683108393812
4,1520,1524,0.15395463901716588
4,1516,1520,0.1539525847549033
4,1516,1520,0.1539506583105969
4,1510,1514,0.1539488505765427
4,1516,1520,0.15394715351849364
4,1535,1539,0.1539455599159354
4,1537,1541,0.1539440631767892
4,1525,1529,0.15394265722219136
3,1509,1512,0.15394133641197827
3,1505,1508,0.15394333198678006
2,1505,1507,0.15394520455475946
2,1497,1499,0.15395020132750953
2,1500,1502,0.15395488888088427
2,1505,1507,0.15395928957025112
2,1519,1521,0.1539634230064272
2,1515,1517,0.15396730651881232
2,1509,1511,0.15397095583252152
2,1507,1509,0.1539743854358308
2,1509,1511,0.1539776087861434
2,1510,1512,0.153980638439263
2,1510,1512,0.1539834861400312
2,1505,1507,0.1539861628918272
2,1510,1512,0.15398867901346527
2,1518,1520,0.1539910441879321
2,1511,1513,0.15399326750542033
3,1506,1509,0.1539953575021025
3,1518,1521,0.15399406862218312
3,1515,1518,0.15399286630813652
3,1510,1513,0.15399174359164497
3,1516,1519,0.15399069552964695
3,1518,1521,0.15398971550541318
3,1507,1510,0.15398879781591343
2,1515,1517,0.15398793769292562
2,1524,1526,0.1539903757456244
2,1523,1525,0.15399266521946864
2,1507,1509,0.15399481391121703
2,1511,1513,0.15399683120239258
2,1516,1518,0.1539987259044681
2,1503,1505,0.1540005059656209
2,1509,1511,0.15400217862674892
2,1500,1502,0.1540037505567476
2,1515,1517,0.1540052279427515
2,1540,1542,0.15400661655114217
2,1531,1533,0.15400792177141667
2,1530,1532,0.1540091486498735
2,1529,1531,0.15401030191696333
2,1527,1529,0.1540113860104687
2,1527,1529,0.15401240509577244
2,1524,1526,0.1540133630839749
2,1515,1517,0.15401426364833964
2,1514,1516,0.1540151102393798
2,1514,1516,0.15401590609879823
1,1514,1515,0.15401665427243205
1,1526,1527,0.15402061138570425
1,1523,1524,0.1540243282801724
1,1521,1522,0.1540278176701803
1,1512,1513,0.15403109524544384
1,1520,1521,0.15403417496853047
1,1516,1517,0.1540370693784714
1,1508,1509,0.15403978995790027
1,1525,1526,0.1540423473413828
1,1519,1520,0.15404475143832388
1,1506,1507,0.1540470115137026
1,1503,1504,0.1540491362469355
1,1502,1503,0.1540511337784804
1,1516,1517,0.15405301174894684
0,1505,1505,0.1540547773332195
