1370,29,1399,0.13582108812206564
1394,27,1421,0.13297635929788168
1427,29,1456,0.13031487486234186
1448,30,1478,0.12779870661059814
1464,30,1494,0.12544967346627145
1444,30,1474,0.1232684938959305
1440,33,1473,0.12133491709834893
1448,36,1484,0.11958464663710816
1447,34,1481,0.1179705744509177
1449,35,1484,0.11650336794926144
1455,35,1490,0.11516268595048071
1460,36,1496,0.11392768719600467
1472,37,1509,0.11279118783472203
1460,37,1497,0.11172757583183746
1440,38,1478,0.11078811496299812
1441,39,1480,0.10997985752501255
1440,38,1478,0.1092411943846016
1422,40,1462,0.10857125632396855
1426,40,1466,0.10800218106743538
1432,42,1474,0.10747477421411981
1441,43,1484,0.10698081035053743
1443,43,1486,0.10650990182060621
1447,44,1491,0.10607650060903585
1440,45,1485,0.10567300978800911
1434,48,1482,0.10532133954872926
1438,48,1486,0.10501448251083283
1435,50,1485,0.10472588880756559
1442,48,1490,0.10446988485903827
1446,49,1495,0.10422130129378569
1443,48,1491,0.10398599522902029
1451,49,1500,0.10377856343568291
1452,50,1502,0.10357233141440723
1447,50,1497,0.10338273329419134
1453,49,1502,0.1032208034976965
1441,50,1491,0.10306024031986868
1438,51,1489,0.1029400874721658
1431,50,1481,0.102837401262291
1436,50,1486,0.10275914512423551
1445,49,1494,0.10267673630217665
1440,50,1490,0.10258195022791955
1444,52,1496,0.10250670587062657
1431,54,1485,0.10242966316283919
1432,53,1485,0.10238819559044188
1448,55,1503,0.10234825398860953
1425,56,1481,0.10227692767181389
1425,55,1480,0.10226131779234382
1429,55,1484,0.10224746459459032
1431,56,1487,0.10222593561371336
1446,56,1502,0.10220158347263725
1437,56,1493,0.1021476270620775
1433,57,1490,0.10211796198365862
1422,55,1477,0.1020995935302128
1405,54,1459,0.10210713880625669
1402,59,1461,0.10215085165379215
1398,61,1459,0.10219736184179955
1407,60,1467,0.10224862591057376
1399,59,1458,0.10227603914050527
1401,60,1461,0.10231829637324738
1405,61,1466,0.10235217212303795
1428,64,1492,0.10237455247550027
1434,66,1500,0.10234515748698414
1437,67,1504,0.10230524586256234
1434,68,1502,0.1022625324414372
1424,70,1494,0.10223068901227485
1433,70,1503,0.10222339856020358
1432,67,1499,0.10219734749692172
1434,63,1497,0.10217584553242487
1436,62,1498,0.1021516914796626
1432,61,1493,0.10212563606708425
1434,63,1497,0.10211073127025687
1436,68,1504,0.10209281412151373
1428,70,1498,0.10207187401329053
1433,68,1501,0.10207031138153251
1444,69,1513,0.10205781871677093
1440,69,1509,0.10202278048616212
1429,70,1499,0.10199925929173592
1444,70,1514,0.1020011700854933
1430,70,1500,0.10197046051145835
1431,72,1503,0.10197273094162053
1428,74,1502,0.10197278304934766
1430,69,1499,0.10197902986748737
1425,72,1497,0.10198010132109364
1413,76,1489,0.10199265561002832
1410,77,1487,0.10203050281484727
1394,78,1472,0.10207129252589876
1403,82,1485,0.10214338790307
1405,81,1486,0.10218938995134788
1410,82,1492,0.10222723378170874
1404,81,1485,0.10225118626295834
1402,78,1480,0.10228610608732608
1413,77,1490,0.10232219492711789
1416,78,1494,0.10233153146656326
1418,80,1498,0.10233370910951017
1432,79,1511,0.10233142623854537
1420,81,1501,0.10229879851307253
1432,79,1511,0.10229520020900079
1420,78,1498,0.1022660171206654
1418,81,1499,0.10226562941126772
1413,84,1497,0.10226942808408016
1427,83,1510,0.10228359332804324
1417,86,1503,0.10226649124102087
1429,85,1514,0.1022722555345646
1420,83,1503,0.1022509983512907
1410,86,1496,0.10225085523472861
1406,87,1493,0.10227284329795722
1412,84,1496,0.10230175210600635
1402,84,1486,0.10231509494255894
1414,85,1499,0.10234909110360274
1411,85,1496,0.10235453474316053
1419,88,1507,0.10236612904882726
1415,93,1508,0.10235948284729038
1414,92,1506,0.10236148975176604
1413,92,1505,0.10236634053782775
1411,89,1500,0.10237347368041352
1401,88,1489,0.10238369035761288
1406,88,1494,0.10241475910222424
1388,87,1475,0.10243241442847163
1396,84,1480,0.10248743327283037
1413,87,1500,0.10252008556390461
1408,85,1493,0.10251253017918416
1393,86,1479,0.10251612221967392
1377,86,1463,0.10255237576009262
1392,88,1480,0.10262014838365971
1389,89,1478,0.1026496557218845
1399,91,1490,0.10268335382129791
1401,88,1489,0.1026920483158315
1395,90,1485,0.10269600229616344
1400,92,1492,0.1027130148391712
1405,93,1498,0.1027169748562039
1407,95,1502,0.10270949092380284
1398,95,1493,0.10269887275951131
1399,95,1494,0.10270854759098341
1413,93,1506,0.1027152679508105
1410,93,1503,0.10269093189946561
1407,92,1499,0.1026753774722788
1402,92,1494,0.10266757636418668
1401,90,1491,0.1026716311310263
1413,92,1505,0.10267723649583793
1413,96,1509,0.10265670756948538
1408,96,1504,0.10263849497879857
1402,94,1496,0.10263259219368065
1405,97,1502,0.10264007489617061
1412,93,1505,0.10264072152915617
1422,93,1515,0.1026259537961862
1408,98,1506,0.1025908115687994
1399,99,1498,0.10258940334334231
1405,98,1503,0.10260754284926031
1407,98,1505,0.1026111343109158
1396,102,1498,0.10261061517386541
1397,104,1501,0.10263373496391978
1377,104,1481,0.10265308203067437
1379,105,1484,0.10271367978115632
1387,107,1494,0.10276423501069745
1391,105,1496,0.1027930055820832
1390,100,1490,0.10281038900201646
1388,100,1488,0.1028283548041303
1383,100,1483,0.1028489218709061
1393,102,1495,0.10287845358896269
1397,107,1504,0.10288434162295015
1385,109,1494,0.10288081539792149
1396,109,1505,0.10290395487848185
1382,110,1492,0.1029011337837144
1379,109,1488,0.10292943795205015
1384,111,1495,0.10296166529502322
1379,109,1488,0.10298042644974363
1378,113,1491,0.10300842701641948
1383,113,1496,0.10303605164713822
1381,113,1494,0.10305011349333544
1371,113,1484,0.1030677558580641
1375,109,1484,0.10310522085992861
1366,114,1480,0.10313134264414632
1374,119,1493,0.10317538009815204
1363,116,1479,0.10319844837451528
1361,112,1473,0.1032431501785108
1368,117,1485,0.10328806612064917
1362,120,1482,0.10331355205677588
1362,123,1485,0.10335000601087212
1365,127,1492,0.10338335693933504
1359,124,1483,0.10340747226883147
1342,126,1468,0.10344267883421422
1355,126,1481,0.10351210459678917
1358,126,1484,0.10354695008167521
1353,127,1480,0.10357200771853665
1348,127,1475,0.10360581141423478
1359,123,1482,0.10364733886327165
1364,124,1488,0.10366113600270312
1365,123,1488,0.10366305715994532
1370,121,1491,0.1036627645156067
1377,123,1500,0.10365182085712635
1372,126,1498,0.1036265606391403
1378,123,1501,0.10361447817755323
1368,125,1493,0.1035900340836216
1376,125,1501,0.10358964704806826
1369,125,1494,0.10357195302974724
1353,130,1483,0.10357121938350755
1354,129,1483,0.10360617327364048
1360,133,1493,0.10363578345733618
1359,134,1493,0.1036498529092725
1362,132,1494,0.10366504632855879
1360,132,1492,0.1036722713793562
1359,136,1495,0.10368343695346795
1340,137,1477,0.10369570463324712
1343,135,1478,0.10374842345131174
1354,136,1490,0.10379002213852967
1358,140,1498,0.1038045104023016
1360,140,1500,0.10380921935593707
1360,138,1498,0.10380940271413308
1354,140,1494,0.10380923230350798
1361,139,1500,0.10382189446656323
1349,138,1487,0.10381845427693893
1357,138,1495,0.1038418066410059
1358,137,1495,0.10384501246648409
1357,137,1494,0.10384579673857139
1355,142,1497,0.10384880009665011
1358,140,1498,0.10385615642827041
1359,142,1501,0.10385638929199757
1359,140,1499,0.10385464609843051
1364,138,1502,0.10385248673721012
1351,141,1492,0.10383954316729241
1339,141,1480,0.10385631448603323
1337,142,1479,0.10389794134593278
1335,147,1482,0.10394037659423894
1341,145,1486,0.10398356014546582
1354,144,1498,0.10400963036003005
1358,149,1507,0.10400524112424847
1350,148,1498,0.10399283031609395
1349,149,1498,0.10399916121461943
1343,145,1488,0.10400703677581191
1348,143,1491,0.10402736297597782
1363,145,1508,0.1040356256754409
1354,152,1506,0.10401018558237997
1354,154,1508,0.10400703357300105
1351,154,1505,0.1040045435075292
1346,156,1502,0.10400909709477374
1360,153,1513,0.10402386065665502
1359,155,1514,0.1040066018079168
1358,156,1514,0.10399311038447062
1358,155,1513,0.1039825265002609
1351,149,1500,0.10397331510998299
1353,151,1504,0.1039796247206766
1347,152,1499,0.10398100588276417
1348,150,1498,0.10399573867568009
1342,149,1491,0.10400685419414782
1336,151,1487,0.104030020771262
1338,159,1497,0.10406413817944028
1332,155,1487,0.10409126328500472
1338,160,1498,0.10412940047521932
1336,161,1497,0.10415102231337796
1339,165,1504,0.1041756061092036
1335,158,1493,0.10419143858432428
1329,158,1487,0.10421469264672846
1334,155,1489,0.10424898759809124
1332,153,1485,0.10426961132290181
1324,155,1479,0.10429264792633056
1344,159,1503,0.10433088972459012
1345,160,1505,0.10432185100644346
1336,158,1494,0.10431132241149246
1330,157,1487,0.10432163619896541
1340,158,1498,0.10434471362691461
1334,162,1496,0.10434392170793419
1336,164,1500,0.10435673746902925
1342,163,1505,0.10436479690487223
1340,159,1499,0.10435837753901155
1334,164,1498,0.1043568956752085
1327,164,1491,0.10436839889913546
1313,165,1478,0.1043947836241101
1320,167,1487,0.10445018381529055
1306,166,1472,0.10448550460928276
1320,166,1486,0.10454882828048521
1322,170,1492,0.10457655394121947
1320,175,1495,0.10459667731893027
1330,177,1507,0.10461924784450166
1339,181,1520,0.1046175792632161
1336,179,1515,0.10459606145141828
1328,178,1506,0.10458332596194353
1325,175,1500,0.10458975859121644
1311,180,1491,0.10460228633216806
1301,183,1484,0.10464394654743224
1305,181,1486,0.10470459108709033
1307,183,1490,0.10475212851525079
1304,180,1484,0.10479113761961814
1305,183,1488,0.10483382950529795
1304,181,1485,0.10487149026806186
1303,176,1479,0.10490809713135896
1302,180,1482,0.10494401197963105
1302,181,1483,0.1049793783396262
1292,180,1472,0.10501193527811119
1299,185,1484,0.10506372519568569
1312,182,1494,0.10509559356600817
1313,181,1494,0.10509614795819915
1301,186,1487,0.1050943482057764
1299,185,1484,0.10512003884209718
1318,186,1504,0.10514801654492231
1312,192,1504,0.10513148568622448
1312,193,1505,0.10513004494627669
1297,189,1486,0.105128659690053
1298,194,1492,0.10516049746396754
1306,189,1495,0.10518692564104874
1300,183,1483,0.10519308446242792
1308,183,1491,0.1052119426319937
1310,190,1500,0.1052110116902443
1311,195,1506,0.1052058417053229
1308,194,1502,0.10519894743976581
1296,198,1494,0.1051992925327204
1303,202,1505,0.10522638309500913
1300,195,1495,0.1052357888897136
1309,197,1506,0.10525099186020163
1313,190,1503,0.10524563755598901
1301,189,1490,0.10523176260748109
1300,189,1489,0.10524555766082618
1308,188,1496,0.10525945361577958
1295,189,1484,0.10525461820811664
1295,190,1485,0.10527877111749007
1298,194,1492,0.10530068358514612
1291,193,1484,0.10531365294408897
1295,197,1492,0.10534160442977654
1302,196,1498,0.105358581432683
1303,198,1501,0.10535945691936466
1294,205,1499,0.10535849459841774
1281,214,1495,0.10537768960874874
1271,213,1484,0.10542451345938701
1269,211,1480,0.10548976747568489
1271,213,1484,0.10555394306337601
1272,213,1485,0.10560775050958938
1263,212,1475,0.10565498142052154
1267,213,1480,0.10571841699635812
1277,208,1485,0.10576734709811259
1277,210,1487,0.10578993324957876
1278,210,1488,0.10581115279741816
1280,209,1489,0.10582903200575053
1282,211,1493,0.10584177947672037
1275,214,1489,0.1058491359323292
1275,213,1488,0.10587115426606383
1277,212,1489,0.10589093683418722
1281,213,1494,0.1059044765796817
1275,211,1486,0.10590714232796909
1287,212,1499,0.10592309642813806
1288,212,1500,0.10591154745875125
1299,214,1513,0.10589816362641497
1298,211,1509,0.10586155359900179
1289,215,1504,0.10583073153854582
1291,216,1507,0.1058223547524405
1286,214,1500,0.1058101150922576
1292,212,1504,0.10580993257953654
1296,210,1506,0.10579622809411383
1290,209,1499,0.105774463486815
1290,215,1505,0.10576739617392843
1288,215,1503,0.10576129381641905
1285,215,1500,0.1057590425767782
1299,209,1508,0.10576418968654391
1296,216,1512,0.10573732090606831
1290,215,1505,0.10571921841457382
1293,212,1505,0.10571685343487847
1293,212,1505,0.10570762250259516
1289,211,1500,0.10569926170724539
1291,208,1499,0.10570061361246291
1290,207,1497,0.10569740869939764
1285,209,1494,0.10569706115519464
1283,209,1492,0.10570751644572163
1287,207,1494,0.1057223193126995
1278,214,1492,0.10572764891953149
1273,218,1491,0.10575184946408671
1283,218,1501,0.10578456174652186
1289,212,1501,0.10579205538103292
1284,211,1495,0.10578628878765124
1285,210,1495,0.10579268235693093
1291,213,1504,0.10579606490764673
1293,212,1505,0.1057865524381215
1290,215,1505,0.10577306676051608
1285,220,1505,0.10576706517114541
1283,213,1496,0.10577245172665024
1282,213,1495,0.10578086587308874
1287,214,1501,0.10579009479096026
1274,213,1487,0.10578777082643803
1284,215,1499,0.10581491554031136
1283,219,1502,0.10581691111193274
1267,221,1488,0.1058212716657771
1272,223,1495,0.10586168953465981
1276,225,1501,0.10588803788871262
1270,224,1494,0.10590362593923551
1257,230,1487,0.10593158836952819
1261,234,1495,0.10598618176289705
1275,231,1506,0.1060270598221206
1275,230,1505,0.10603398310133993
1276,232,1508,0.10604044852197578
1276,234,1510,0.10604497832679448
1265,238,1503,0.10604925880997326
1258,238,1496,0.10607744268111918
1262,240,1502,0.10611928063350227
1267,231,1498,0.10614847419281677
1258,234,1492,0.10616474446535384
1266,239,1505,0.10619982605409861
1256,244,1500,0.10621440580096118
1246,246,1492,0.10625010214534304
1246,249,1495,0.10630490191734797
1249,245,1494,0.10635515728605464
1240,247,1487,0.1063947493897481
1247,247,1494,0.10645169785308653
1244,249,1493,0.10648783756332016
1252,252,1504,0.10652795533931936
1265,258,1523,0.10654703982011574
1245,253,1498,0.1065356154422425
1257,252,1509,0.10656994145548566
1240,248,1488,0.10657446339683993
1238,253,1491,0.10661692613823473
1247,253,1500,0.10666020550101261
1241,254,1495,0.10667957072094365
1240,255,1495,0.10671107072635948
1227,253,1480,0.10674204962236435
1240,256,1496,0.10679911996404766
1250,259,1509,0.10682325782469365
1245,263,1508,0.10682298836673766
1235,257,1492,0.10683451082508072
1228,263,1491,0.10686637278584715
1224,263,1487,0.10691028741059305
1220,260,1480,0.10696084159426786
1222,256,1478,0.10701536157164075
1228,262,1490,0.10706160554166999
1224,259,1483,0.10709087942441897
1235,261,1496,0.10712652644671408
1235,263,1498,0.10713393537120669
1227,264,1491,0.10714068864976495
1226,266,1492,0.10716490019116953
1233,270,1503,0.10718954305132743
1233,272,1505,0.10719642421061072
1235,272,1507,0.10720224993850419
1225,271,1496,0.10720405814159494
1228,269,1497,0.10722757010237874
1221,275,1496,0.10724258795085106
1226,273,1499,0.10727248653920447
1227,268,1495,0.10728872993255234
1231,270,1501,0.10730170354485372
1227,268,1495,0.10730440950002805
1221,275,1496,0.10731522178038101
1220,269,1489,0.10733920303957312
1223,267,1490,0.1073634648459906
1218,274,1492,0.10737950370211685
1215,275,1490,0.10740498549164336
1210,275,1485,0.1074350496179085
1202,281,1483,0.10747367008558255
1207,284,1491,0.10752727362840538
1200,286,1486,0.1075648235407396
1207,282,1489,0.10761503787078631
1216,281,1497,0.1076451975538311
1206,283,1489,0.10765284575967861
1203,291,1494,0.1076817316443138
1194,293,1487,0.10771511864359304
1189,292,1481,0.10776555532302944
1190,296,1486,0.10782341328764586
1198,296,1494,0.10787456033540047
1203,301,1504,0.10790320596398191
1206,309,1515,0.10791865502045826
1199,303,1502,0.1079263636185452
1210,299,1509,0.10795005063529835
1197,294,1491,0.10794639676008533
1192,295,1487,0.10797204099211173
1196,296,1492,0.10800649721639977
1208,296,1504,0.108027846171231
1206,295,1501,0.10802081688203322
1207,297,1504,0.10801902285025139
1206,297,1503,0.10801497047436807
1217,303,1520,0.10801385100895378
1213,306,1519,0.10798854356470301
1200,304,1504,0.10797471009081161
1202,300,1502,0.10799203184974239
1201,297,1498,0.10800354070146835
1195,298,1493,0.10801573692083562
1205,293,1498,0.10804131902278766
1202,291,1493,0.10804078677379572
1209,291,1500,0.10804733209980609
1216,297,1513,0.10803793275347796
1209,296,1505,0.10801301919323684
1211,301,1512,0.10800588380706799
1200,305,1505,0.10799465647224568
1206,307,1513,0.10800942109911184
1213,302,1515,0.10800924857489931
1200,304,1504,0.10799233939405652
1207,301,1508,0.10800670247502092
1213,297,1510,0.10800462835162626
1199,296,1495,0.10798893839951396
1197,302,1499,0.10800512044512203
1200,304,1504,0.10802562688668192
1202,314,1516,0.10803829947336138
1198,318,1516,0.10804544033823231
1194,312,1506,0.10806088920593092
1195,306,1501,0.10808376725376304
1186,308,1494,0.10810261359058909
1195,306,1501,0.10814057408217956
1193,310,1503,0.10815457643898778
1186,312,1498,0.10817102290207949
1176,308,1484,0.10820244318391146
1183,310,1493,0.10825387025381544
1176,310,1486,0.10828490857538231
1182,306,1488,0.10832922408614643
1185,308,1493,0.10835576076322033
1198,306,1504,0.10837403949815416
1189,306,1495,0.10836019891643556
1181,313,1494,0.1083669454245366
1189,309,1498,0.10839179445306285
1187,308,1495,0.1083965966006339
1183,305,1488,0.10840595498921532
1183,314,1497,0.10842348769121529
1171,316,1487,0.10844001069441156
1172,315,1487,0.10848303809678221
1179,312,1491,0.10851942733450713
1178,310,1488,0.10853642373177212
1176,310,1486,0.10855422853305915
1177,314,1491,0.10857498780183863
1180,307,1487,0.10859342629659663
1178,314,1492,0.10860339123346834
1170,315,1485,0.10861762928183553
1153,318,1471,0.10864912304778762
1163,322,1485,0.10871732819914132
1169,331,1500,0.10875740852625089
1182,332,1514,0.10877999092612768
1178,322,1500,0.10877202813817059
1181,325,1506,0.10877419889859415
1186,327,1513,0.1087699361842388
1167,330,1497,0.10875477050507673
1173,331,1504,0.10878447028578371
1169,328,1497,0.10879781874568241
1169,336,1505,0.10881906696611875
1165,338,1503,0.10883934477222246
1168,338,1506,0.10886769747259432
1177,334,1511,0.10888746336313997
1161,336,1497,0.10888470530122465
1153,344,1497,0.10891885359528543
1165,343,1508,0.10896829374364815
1165,339,1504,0.10898606678723144
1177,340,1517,0.10900221499279933
1171,337,1508,0.1089896300820043
1178,334,1512,0.10899181380038522
1178,335,1513,0.10897733522496775
1172,333,1505,0.10896437959422979
1167,332,1499,0.10896522639417394
1171,330,1501,0.10897789002719704
1165,338,1503,0.10898025225322662
1163,335,1498,0.10899614812981188
1159,331,1490,0.10901474708111135
1153,329,1482,0.10904132595628177
1144,331,1475,0.10907913674358273
1149,332,1481,0.10913418293719493
1149,337,1486,0.1091736306397556
1153,334,1487,0.10920947926631903
1151,334,1485,0.10923268941547455
1161,329,1490,0.10925771644257494
1170,331,1501,0.10925805482232302
1176,332,1508,0.10923750647470168
1173,324,1497,0.10920477172371969
1165,321,1486,0.1091813450441602
1164,320,1484,0.10917740760254141
1164,324,1488,0.10917627844101635
1166,324,1490,0.10917592304237222
1175,332,1507,0.10917111902907148
1184,333,1517,0.10914634645635879
1186,331,1517,0.1091026679395852
1177,326,1503,0.10905848538779271
1181,326,1507,0.10903950424487185
1186,327,1513,0.10901269957889578
1184,326,1510,0.10897737770356679
1181,336,1517,0.10894975795725921
1174,336,1510,0.10893133434228566
1181,335,1516,0.10893032083898543
1166,337,1503,0.10891339361465896
1162,339,1501,0.10893304999899431
1171,341,1512,0.10896039462060195
1172,338,1510,0.10896453786019468
1173,334,1507,0.108966352647032
1173,337,1510,0.10896519704564128
1157,334,1491,0.10896398293436754
1158,340,1498,0.1089993604973322
1164,346,1510,0.10903024645403617
1170,354,1524,0.10904534575468032
1172,354,1526,0.10904545054463693
1159,353,1512,0.10904179810948784
1152,357,1509,0.10906872181645522
1161,357,1518,0.10910983277273736
1156,351,1507,0.10912687731563547
1139,348,1487,0.10915407529149297
1149,353,1502,0.10921868521362699
1142,355,1497,0.10925534714319678
1141,354,1495,0.10930475098100721
1129,347,1476,0.10935183067593197
1129,348,1477,0.10942214024945315
1130,352,1482,0.10948634263467376
1137,354,1491,0.10954265783149467
1134,358,1492,0.10957805250918831
1149,351,1500,0.10961756086161714
1155,348,1503,0.1096202937468123
1143,359,1502,0.10960838680173192
1136,361,1497,0.10962556495126126
1133,355,1488,0.10965738925242206
1140,355,1495,0.10969341702061491
1133,355,1488,0.10970984584159202
1132,356,1488,0.10974162124139035
1134,353,1487,0.10977333750229448
1140,354,1494,0.1097971220900703
1133,355,1488,0.10980535718205349
1134,354,1488,0.10982953063532096
1140,357,1497,0.10984890649942859
1127,359,1486,0.10985296532816018
1123,361,1484,0.10988757104132123
1131,359,1490,0.10992897161615556
1133,364,1497,0.10994828377859048
1122,360,1482,0.10996202473839344
1131,369,1500,0.11000080052578402
1139,364,1503,0.11001531998934042
1136,364,1500,0.1100102380674009
1138,367,1505,0.11001263089785052
1130,366,1496,0.11000994749134381
1140,369,1509,0.11002602342747725
1122,369,1491,0.11001792681923249
1136,367,1503,0.11005188894417531
1135,364,1499,0.11005018001979314
1154,353,1507,0.11005060062280318
1146,358,1504,0.11000727686620611
1152,361,1513,0.10998634136421975
1151,373,1524,0.10995418300304412
1137,371,1508,0.1099269027266278
1148,378,1526,0.10993397044038788
1138,372,1510,0.10991557100377339
1137,375,1512,0.10992115855475201
1135,379,1514,0.10992874410000308
1124,379,1503,0.1099400889786291
1114,375,1489,0.10997575400835351
1115,374,1489,0.11003186818598483
1121,382,1503,0.11008119902234498
1119,372,1491,0.11011293489050658
1112,372,1484,0.11014695284603146
1109,377,1486,0.11019351662496461
1121,377,1498,0.11024290496650227
1127,381,1508,0.11026116001973571
1131,380,1511,0.11026452511980485
1124,381,1505,0.1102580047729117
1127,384,1511,0.11026876222370316
1125,382,1507,0.11027269325545873
1116,387,1503,0.11028138782988878
1113,391,1504,0.1103109923241126
1112,394,1506,0.11034528154723289
1113,397,1510,0.1103796427803954
1112,396,1508,0.11040893458228432
1106,388,1494,0.11043802075776529
1097,393,1490,0.11047833964425799
1096,394,1490,0.1105362462278285
1105,397,1502,0.11059143820078648
1108,396,1504,0.11062095458964376
1101,391,1492,0.11064156944460364
1105,393,1498,0.11067635385962067
1099,395,1494,0.1106996676308596
1107,392,1499,0.11073416781746839
1098,398,1496,0.11074769648783844
1101,396,1497,0.1107813055407117
1101,394,1495,0.11080521558480978
1097,395,1492,0.11082750328315015
1094,397,1491,0.1108576599428795
1111,399,1510,0.11089153340690582
1107,395,1502,0.11088335165387765
1104,385,1489,0.11088510543085991
1118,385,1503,0.11089334267398142
1118,386,1504,0.11086832623327134
1104,392,1496,0.11084589514433411
1102,393,1495,0.11085818736564715
1100,392,1492,0.11087473931684869
1102,395,1497,0.11089393395172037
1099,400,1499,0.11090693313509331
1099,406,1505,0.11092526336508549
1101,404,1505,0.11094186291058077
1097,400,1497,0.11095277465347803
1096,400,1496,0.11097163753886786
1096,398,1494,0.11099170924367932
1096,399,1495,0.11101092977866311
1099,405,1504,0.11102917719219295
1107,403,1510,0.11103853311341698
1097,401,1498,0.11102870617416183
1100,401,1501,0.11104328913257866
1106,394,1500,0.11104905202856587
1112,395,1507,0.11104130016304563
1111,387,1498,0.11101992623222123
1104,385,1489,0.11100209976751998
1102,391,1493,0.11100102820370682
1101,398,1499,0.11100441981739362
1103,402,1505,0.11100974455014842
1099,400,1499,0.11101039821814063
1102,400,1502,0.11102020771308724
1107,400,1507,0.1110209920101845
1116,396,1512,0.1110096662113039
1111,390,1501,0.11097802780479124
1105,392,1497,0.11096077280536447
1103,390,1493,0.11095904452880014
1108,395,1503,0.11096187047353069
1110,397,1507,0.11095261681164079
1109,403,1512,0.11094004449070162
1097,404,1501,0.11093097708042077
1103,405,1508,0.11095140835627955
1102,401,1503,0.11095567504023929
1092,402,1494,0.11096192571176539
1085,408,1493,0.11099013584310584
1076,412,1488,0.11103285867905459
1087,409,1496,0.11109196659015953
1073,414,1487,0.11112106011314918
1078,413,1491,0.1111800267132052
1082,419,1501,0.11122289331470495
1088,413,1501,0.1112528375618384
1086,419,1505,0.11126654329272888
1083,412,1495,0.11128414585455125
1082,412,1494,0.11130727854377291
1083,419,1502,0.11133149758172842
1082,417,1499,0.11135157945529722
1091,413,1504,0.1113717438896796
1086,416,1502,0.11136880459349228
1088,412,1500,0.11137828828539552
1080,414,1494,0.11138225746884574
1088,414,1502,0.11140445593485115
1083,414,1497,0.1114061499510078
1079,413,1492,0.11141893969462402
1075,418,1493,0.11144093730506313
1077,416,1493,0.11147188357429832
1059,424,1483,0.11149578842198289
1065,425,1490,0.1115604779808985
1062,425,1487,0.1116049599707258
1061,435,1496,0.11165302517868475
1064,429,1493,0.11169933457907984
1057,428,1485,0.11173478728927964
1073,430,1503,0.11178433902966799
1069,424,1493,0.11179267941111369
1073,432,1505,0.11180951574813337
1065,426,1491,0.1118163452925942
1071,427,1498,0.11184086757806652
1080,419,1499,0.1118497988316787
1079,422,1501,0.11183635922219703
1070,425,1495,0.11182569288047649
1064,429,1493,0.11183681471421174
1071,424,1495,0.11186098670559551
1064,429,1493,0.1118676810024661
1062,435,1497,0.11189091282577024
1070,437,1507,0.11191744956487035
1060,437,1497,0.11192388616842676
1058,441,1499,0.11195323848042836
1052,441,1493,0.11198589597963128
1049,443,1492,0.1120300146104664
1054,446,1500,0.11207936374963712
1057,449,1506,0.1121135043954598
1055,453,1508,0.11213731185513484
1034,453,1487,0.1121642914108047
1031,459,1490,0.11223794698661262
1030,459,1489,0.11231183249137532
1037,457,1494,0.11238179824804131
1035,459,1494,0.11242932438896719
1035,455,1490,0.11247910843167912
1043,451,1494,0.11252453890594953
1045,455,1500,0.11254812309297911
1043,462,1505,0.11256508965080407
1034,463,1497,0.1125863500142942
1036,457,1493,0.11262593005240724
1028,456,1484,0.11265806717093277
1025,456,1481,0.11270571732005695
1023,458,1481,0.11275745009352996
1017,459,1476,0.11281141898113432
1016,472,1488,0.11287547396240782
1033,478,1511,0.11293745928025768
1039,479,1518,0.11295392558564271
1046,473,1519,0.11295472445288228
1045,461,1506,0.11293912234851095
1042,458,1500,0.11292734382245115
1044,463,1507,0.1129226359823235
1038,466,1504,0.11291344461905034
1025,462,1487,0.11291847545647095
1029,464,1493,0.11295355042310057
1023,474,1497,0.11297575411025303
1014,476,1490,0.11301076109789378
1015,471,1486,0.1130632598685476
1021,480,1501,0.11311073746257833
1026,481,1507,0.11314049979876618
1033,488,1521,0.113155636997
1026,487,1513,0.11315345950095766
1021,486,1507,0.11316868867067761
1014,476,1490,0.11319479613933464
1011,478,1489,0.11323575797721308
1008,492,1500,0.11328120762212103
1009,490,1499,0.1133303497972637
1010,488,1498,0.11337332267621952
1007,489,1496,0.11341052402542758
1004,498,1502,0.11345146071920643
1007,500,1507,0.113495526047314
1004,492,1496,0.11352956108084758
1004,487,1491,0.11356909433341844
1013,492,1505,0.11360621325446577
1005,493,1498,0.11361889810888474
1017,486,1503,0.11364977368678947
1013,488,1501,0.11365007854860018
1011,486,1497,0.11365958728974367
1010,481,1491,0.11367322476889997
1012,485,1497,0.11368851723937602
1013,484,1497,0.11369706841721011
1011,479,1490,0.1137033515595905
1007,478,1485,0.11371451032694586
1016,487,1503,0.11373479194027601
1017,485,1502,0.11373089318685657
1013,488,1501,0.11372527865132762
1016,493,1509,0.11373093838594085
1011,491,1502,0.11372857394799546
1003,494,1497,0.11373827668686165
1005,494,1499,0.11376559597616848
1008,496,1504,0.11378634631980684
1013,500,1513,0.11379745473108148
1012,502,1514,0.11379581287426949
1008,499,1507,0.11379670206300813
1004,501,1505,0.11380750944274047
1005,500,1505,0.11382732528879473
1008,505,1513,0.11384360332498422
1003,503,1506,0.11385243511852039
999,515,1514,0.11387211217101527
999,512,1511,0.11390020486486777
996,514,1510,0.11392613710612938
997,512,1509,0.11395725539400761
989,524,1513,0.11398355203466014
994,525,1519,0.11402624882436285
1000,527,1527,0.1140534791186335
1000,518,1518,0.11406375028739396
997,512,1509,0.1140729717461034
1001,510,1511,0.11408872160990036
997,516,1513,0.11409431164756975
983,515,1498,0.11410921206458038
981,518,1499,0.11415642858311312
987,517,1504,0.11420503679166735
998,520,1518,0.1142362748167595
1000,528,1528,0.1142389711342204
986,528,1514,0.11423802202555866
982,524,1506,0.11427034884747542
985,525,1510,0.11431060414390753
981,526,1507,0.11434067459792363
980,526,1506,0.11437792469767977
975,525,1500,0.11441399952008834
974,528,1502,0.1144581408799403
971,538,1509,0.11450206556258177
960,542,1502,0.11454912660921746
954,536,1490,0.11461916254501064
958,538,1496,0.11469825678018405
958,542,1500,0.11476190043831813
955,546,1501,0.11482143199761563
955,556,1511,0.11488381011440754
951,557,1508,0.11494234164905816
939,554,1493,0.11500583410416311
940,561,1501,0.11509421034483001
932,565,1497,0.11517432145905808
933,553,1486,0.11526715813776636
948,556,1504,0.11535019383474392
956,558,1514,0.11539078293931639
959,561,1520,0.11541037709227085
964,561,1525,0.11542127730132819
953,564,1517,0.11541885204073797
952,557,1509,0.11544262328745662
955,561,1516,0.11546697063568798
942,563,1505,0.1154827006490261
936,565,1501,0.1155282882955607
940,560,1500,0.11558470582358339
938,569,1507,0.1156273926733506
936,570,1506,0.11567139708130224
923,564,1487,0.11571588006870114
924,570,1494,0.11578945032767896
935,562,1497,0.11585430309377046
931,563,1494,0.11588765587778842
928,558,1486,0.11592922419980262
923,562,1485,0.11597486564534788
924,568,1492,0.11602699076898615
931,563,1494,0.11607249472544617
927,565,1492,0.11609746761300974
921,567,1488,0.11613160927209233
926,579,1505,0.11617704016700937
920,582,1502,0.1162068466012596
921,581,1502,0.11624819767796596
921,581,1502,0.11628328086160732
924,575,1499,0.11631674240582733
935,573,1508,0.11633848518281535
928,574,1502,0.1163327686254572
921,581,1502,0.11634359818485647
916,584,1500,0.11637104239727122
917,581,1498,0.1164082659975467
910,587,1497,0.11643946343833575
911,587,1498,0.11648602895747363
913,593,1506,0.11652643402706062
909,590,1499,0.11655824490116087
904,598,1502,0.11659856959710264
906,600,1506,0.11664841848357049
891,604,1495,0.11668938973761728
907,606,1513,0.11676227174367558
904,603,1507,0.11679120976153257
899,600,1499,0.1168261967723938
897,593,1490,0.11687053395801904
908,603,1511,0.11691648177251032
899,599,1498,0.11693191722529239
906,608,1514,0.11696840114828264
906,616,1522,0.1169857983577712
906,609,1515,0.1170019198185043
906,609,1515,0.11701728555885114
896,614,1510,0.11703166606654213
903,618,1521,0.11706946325713428
899,625,1524,0.11708828724713521
891,628,1519,0.1171160190263067
883,626,1509,0.1171615012425145
883,624,1507,0.11722251861974761
882,630,1512,0.11728026556197073
885,633,1518,0.11733767241163548
881,636,1517,0.11738321765446154
880,635,1515,0.11743507007300145
874,636,1510,0.11748540901452664
873,640,1513,0.11754645615364917
874,649,1523,0.11760514967046841
877,647,1524,0.11765737848850318
870,646,1516,0.11769906527115331
861,636,1497,0.11775467183084593
872,650,1522,0.1178271723125635
873,656,1529,0.11786749464737938
860,647,1507,0.11790247287595118
853,642,1495,0.11796713133976187
857,639,1496,0.118044787934488
863,642,1505,0.11810683476940963
863,643,1506,0.11814931739705788
859,650,1509,0.1181884700716023
850,656,1506,0.11823487764112127
847,655,1502,0.11829985499467993
847,655,1502,0.11836591625623598
843,654,1497,0.1184284612195318
841,657,1498,0.1184958917180843
846,655,1501,0.11856243903413446
856,653,1509,0.11861262703226721
858,651,1509,0.11863483592861407
866,657,1523,0.11865129171931849
877,651,1528,0.11864758364457308
870,646,1516,0.11861758151000668
854,656,1510,0.11860623921145416
858,648,1506,0.1186359655794857
848,658,1506,0.11865365550541139
848,648,1496,0.11869410237244601
848,650,1498,0.1187319726091882
844,646,1490,0.11876359636012308
850,642,1492,0.11880306646225604
848,644,1492,0.1188239154748607
851,648,1499,0.1188490296140904
844,643,1487,0.11886377838534529
839,641,1480,0.11889449244164645
832,640,1472,0.1189343263910196
841,643,1484,0.11898730038104467
851,652,1503,0.11901313671976013
865,657,1522,0.11901265866449927
883,651,1534,0.11897884419757698
878,640,1518,0.11890367826748754
878,640,1518,0.11884656730998154
872,628,1500,0.11879477478416892
859,631,1490,0.11876199880856295
864,642,1506,0.11876430308154727
864,638,1502,0.11875362307060877
865,647,1512,0.11874268244394688
872,651,1523,0.11872983565212579
874,645,1519,0.11870107875967857
862,637,1499,0.11866928745555849
869,641,1510,0.11866928034181612
865,639,1504,0.11865247043887794
859,645,1504,0.11864605908028845
853,651,1504,0.11865627634044035
851,653,1504,0.11868031563179912
842,649,1491,0.11870724715687224
851,646,1497,0.11875423094347383
864,644,1508,0.11877456115644393
855,644,1499,0.11876174513342307
855,646,1501,0.11877230726149555
858,650,1508,0.11878116001080836
855,652,1507,0.11878184857068298
854,646,1500,0.11879109221441027
856,648,1504,0.11880189407449944
860,651,1511,0.11880726986793698
852,637,1489,0.11880267200740662
849,645,1494,0.11881774366349603
851,644,1495,0.11884062621899374
859,642,1501,0.11885615846033824
859,643,1502,0.11885118485916416
846,648,1494,0.11884794192797393
851,663,1514,0.11887717296298371
846,661,1507,0.1188929648963028
845,662,1507,0.11892080955768933
854,656,1510,0.11894900740082899
852,662,1514,0.11895158635204763
853,676,1529,0.11896078775917061
845,673,1518,0.11896730861911209
844,661,1505,0.11899295672689565
843,647,1490,0.11901837726320187
846,648,1494,0.11904391043714359
848,643,1491,0.11905958754761155
849,649,1498,0.11906997014160288
851,658,1509,0.11907746211500413
850,659,1509,0.119079566141864
854,656,1510,0.11908375020701444
842,662,1504,0.11907792403504225
844,658,1502,0.11910218305166069
846,659,1505,0.11911967574323638
843,653,1496,0.1191313943842056
843,661,1504,0.11914936505643911
832,664,1496,0.11916634225646035
830,657,1487,0.11920835539933176
843,662,1505,0.11925177593448436
843,659,1502,0.11925940167969883
829,662,1491,0.11926711671892992
836,666,1502,0.1193099034076551
843,670,1513,0.11933217430700466
832,675,1507,0.11933489068420038
826,669,1495,0.11936496003253755
818,681,1499,0.1194076088117989
812,683,1495,0.11946575233283738
823,678,1501,0.11953388083917052
818,680,1498,0.11957040334567154
826,682,1508,0.11961647921042395
828,683,1511,0.11964051658780311
818,687,1505,0.11965664902270624
827,680,1507,0.1196970836113626
819,690,1509,0.11971174385936255
817,677,1494,0.11974589097557622
823,680,1503,0.11978146976552789
842,680,1522,0.11979895666071678
836,685,1521,0.11976864719725405
834,680,1514,0.11975522800346201
844,679,1523,0.11974843241591378
838,687,1525,0.11971742052333083
828,691,1519,0.11970454616989126
839,687,1526,0.11971760325391029
834,694,1528,0.11970240674674734
814,688,1502,0.11970038474841757
813,691,1504,0.11974924910226713
816,683,1499,0.11979780501624876
810,683,1493,0.11983551728582224
805,682,1487,0.11988519881823606
801,687,1488,0.1199429385721599
816,684,1500,0.12000518970192978
809,692,1501,0.12002432979000321
817,687,1504,0.12005858082770494
818,685,1503,0.12007188263351612
817,692,1509,0.12008223094894163
807,701,1508,0.1200936366685927
803,705,1508,0.12012807957804963
800,713,1513,0.12017107644453055
804,710,1514,0.12021810727064765
808,706,1514,0.12025142841294123
807,712,1519,0.12027313738741605
804,705,1509,0.1202957566897696
799,718,1517,0.1203247472660832
800,719,1519,0.12036527900104474
795,724,1519,0.12040066050514334
784,720,1504,0.12044504977331837
783,723,1506,0.12051393519212844
774,726,1500,0.12058236837852686
773,722,1495,0.12066837502147226
771,725,1496,0.12074927179441625
767,726,1493,0.12082899842434588
770,721,1491,0.12091332182582266
771,729,1500,0.12098343199623227
767,735,1502,0.12104593073100321
763,735,1498,0.12111392224221597
769,740,1509,0.1211871950603621
770,742,1512,0.12123974032585519
772,725,1497,0.12128526206832657
783,732,1515,0.12132367371846736
781,729,1510,0.12133137136439637
778,731,1509,0.12134229914428556
769,727,1496,0.12135905144257643
766,735,1501,0.12139806707032882
770,738,1508,0.12144185311786458
765,733,1498,0.12147059365524036
769,730,1499,0.12150931754755426
771,737,1508,0.12153557169162924
774,732,1506,0.12155523559873811
772,729,1501,0.12156658822270615
773,729,1502,0.12158230354878186
772,734,1506,0.12159404696134064
767,731,1498,0.12160827367455238
771,739,1510,0.12163334234583772
765,745,1510,0.12164760803934176
756,742,1498,0.12167525924208024
754,756,1510,0.12172169985819509
757,754,1511,0.12177071661388006
763,745,1508,0.12180816986349863
753,747,1500,0.12182819240594268
755,744,1499,0.12187141864086844
749,741,1490,0.12190662036640809
747,747,1494,0.12195338934698687
754,744,1498,0.12200114521082155
757,746,1503,0.1220291053264912
747,743,1490,0.12204767799617117
742,746,1488,0.12209000265251428
746,743,1489,0.12214246829323655
750,746,1496,0.12217982513515135
762,739,1501,0.12220569785132146
764,741,1505,0.1222002446883662
766,747,1513,0.1221902520708289
759,750,1509,0.12217623153663563
754,759,1513,0.12218210537623332
750,758,1508,0.12220157595575745
749,758,1507,0.1222299828519188
738,768,1506,0.122259129804499
729,767,1496,0.12231365496798258
730,762,1492,0.12238821937569662
726,766,1492,0.12245430926387532
713,776,1489,0.1225255899235302
718,778,1496,0.12262334322136229
716,778,1494,0.12270232455310903
713,779,1492,0.12278154408274389
707,778,1485,0.12286270021715862
709,792,1501,0.12295265196343476
712,792,1504,0.12303169091202819
708,795,1503,0.12309726172487113
709,802,1511,0.12316965735975431
705,787,1492,0.12323397708272944
714,794,1508,0.12330392686942027
717,807,1524,0.12334606293330394
720,809,1529,0.12337658912203482
712,806,1518,0.1233967626427118
716,804,1520,0.12343555320819405
715,795,1510,0.12346150639928863
716,796,1512,0.1234874821187886
713,795,1508,0.12350987020269923
706,785,1491,0.12353796141688965
708,790,1498,0.123580307470892
705,793,1498,0.12361383826024344
707,807,1514,0.12365313608415153
694,810,1504,0.12368517619302238
699,815,1514,0.12374849936004355
702,808,1510,0.12379493388432522
699,817,1516,0.12382984271073656
686,816,1502,0.1238691243314647
694,816,1510,0.12393727304839353
701,818,1519,0.1239802010405953
701,812,1513,0.12400232188765525
701,802,1503,0.12402332201426028
698,800,1498,0.12404258891962719
695,802,1497,0.12406814038655752
700,812,1512,0.12409998993483776
689,816,1505,0.12411710620601804
686,807,1493,0.12416090290086759
688,811,1499,0.12420888868659058
685,806,1491,0.124247318138686
688,811,1499,0.12429017055737573
679,809,1488,0.12432301806142698
682,812,1494,0.12437507456181417
684,806,1490,0.12441579707242902
693,804,1497,0.12444861439364438
689,812,1501,0.12445553032740314
679,810,1489,0.12447387032101609
679,811,1490,0.12451636397346562
673,825,1498,0.12455692607293663
675,836,1511,0.12461022588305201
675,827,1502,0.1246551879259175
670,814,1484,0.12469677066676432
665,822,1487,0.12474818490953385
661,821,1482,0.12480976544143572
656,826,1482,0.12487676405566721
663,834,1497,0.12495205019733835
660,835,1495,0.12500489061208334
668,846,1514,0.12506201816303844
660,839,1499,0.12509410942281776
659,843,1502,0.1251453473363104
660,838,1498,0.1251955885855149
662,840,1502,0.12523985683651462
657,849,1506,0.12527652279847726
651,854,1505,0.12532339604700313
657,859,1516,0.1253829298879928
657,853,1510,0.12542211928418706
661,862,1523,0.12545913340083534
657,853,1510,0.12548354300696854
652,857,1509,0.12551733783858943
657,868,1525,0.12556221963352526
655,874,1529,0.12559170896078753
651,880,1531,0.1256245928014974
651,870,1521,0.12566529352801964
641,867,1508,0.1257036039680627
635,874,1509,0.12576454539277704
640,875,1515,0.12583693371071691
640,858,1498,0.12589080122110102
643,854,1497,0.12594010413883538
653,850,1503,0.125978150262584
651,849,1500,0.1259882330717863
651,850,1501,0.12600191763195068
657,861,1518,0.12601354689089583
662,861,1523,0.12600766164262803
665,867,1532,0.12599022600945708
662,864,1526,0.12596642159263013
657,869,1526,0.12595085702417771
655,870,1525,0.12595075421869603
667,859,1526,0.12595471692037033
662,848,1510,0.1259275336672555
657,851,1508,0.12591590199262404
659,856,1515,0.12591734164845889
657,853,1510,0.12591298169898557
650,847,1497,0.12591479454396537
647,858,1505,0.12593342141153793
645,862,1507,0.12595815619245826
654,872,1526,0.12598681995047614
648,866,1514,0.12599171703890272
648,873,1521,0.12601157379833572
643,869,1512,0.12603005352532873
639,869,1508,0.12606015558453254
632,872,1504,0.12609799376329092
634,879,1513,0.1261514501175087
629,876,1505,0.12619551222685516
633,874,1507,0.1262489965964649
636,877,1513,0.12628821553613737
631,885,1516,0.12631740021552512
624,884,1508,0.12635682328707365
629,889,1518,0.12641007079801483
632,878,1510,0.1264471661525693
629,879,1508,0.12647383570575438
622,883,1505,0.1265065685098137
622,885,1507,0.12655567454651542
616,885,1501,0.12660138370468765
614,887,1501,0.12665757482070777
617,883,1500,0.12671500105039915
620,888,1508,0.12676155006486478
622,891,1513,0.12679656416457027
619,883,1502,0.126824439450685
616,894,1510,0.1268582586613082
609,893,1502,0.12689755519457266
608,897,1505,0.12695166381279838
603,906,1509,0.12700350823977036
607,902,1509,0.1270643927789718
608,901,1509,0.12711046016111635
621,905,1526,0.1271515076825729
620,901,1521,0.12715753558319276
614,893,1507,0.12716492288478715
599,883,1482,0.12718823958115888
597,893,1490,0.12724763620103058
597,902,1499,0.12730832231663286
591,909,1500,0.12736207345788006
588,901,1489,0.12742715489294348
588,904,1492,0.12749434699652804
584,896,1480,0.12755757505655815
590,904,1494,0.12762757254513313
587,894,1481,0.12767676501285938
591,891,1482,0.12773005042784796
592,902,1494,0.12776932767791344
587,920,1507,0.12780339235478405
578,929,1507,0.12784859425946635
593,935,1528,0.1279138636051721
589,941,1530,0.12793527675507377
587,933,1520,0.1279659500515585
594,920,1514,0.12799968763250452
587,923,1510,0.12801224343879483
597,926,1523,0.12804153814106373
598,922,1520,0.1280429723783663
595,927,1522,0.12804199740781363
594,931,1525,0.12804976532158174
593,918,1511,0.1280594409345937
591,918,1509,0.12807205830552246
585,935,1520,0.1280899510610624
588,927,1515,0.1281213030032133
575,931,1506,0.12814226823611521
574,923,1497,0.12819639394044566
575,914,1489,0.12824983217252647
574,912,1486,0.12829652275407016
572,928,1500,0.12834169154691286
563,928,1491,0.12838921490197178
562,921,1483,0.1284574201455866
562,933,1495,0.1285229935421237
567,941,1508,0.12858451675933533
569,946,1515,0.1286289774608376
568,942,1510,0.12866399346219112
568,950,1518,0.12869877482512201
569,962,1531,0.12873165770349182
572,957,1529,0.12875905093929085
574,951,1525,0.1287777759035536
570,957,1527,0.12878966554225957
563,953,1516,0.12881073336494747
561,953,1514,0.12884814834239378
554,956,1510,0.12888880739949748
549,967,1516,0.12894595148130475
548,970,1518,0.12901116156587894
553,975,1528,0.12907417551159295
549,979,1528,0.12911947990672845
551,967,1518,0.12917287456566873
552,960,1512,0.1292175301237344
552,956,1508,0.1292567411810353
553,950,1503,0.1292927419175792
556,959,1515,0.1293236771805789
548,966,1514,0.12934530135244085
541,967,1508,0.12938721057806882
541,963,1504,0.12944494722837324
537,973,1510,0.12949896272287365
535,972,1507,0.12955903646862857
526,974,1500,0.12962009261766924
521,986,1507,0.1296999064540768
522,984,1506,0.12978668786077907
524,985,1509,0.12986404350326283
516,985,1501,0.12993036842628222
513,987,1500,0.13001392398353193
523,989,1512,0.13010027560006562
525,995,1520,0.13015416860337783
515,994,1509,0.13019894451145486
514,993,1507,0.13026629682974133
509,998,1507,0.13033256304633395
509,1000,1509,0.13040688756541147
511,993,1504,0.13047646000218158
513,1006,1519,0.13053636499504684
512,1008,1520,0.13058688913762542
509,1005,1514,0.13063663768287728
513,999,1512,0.13069115741402249
508,1005,1513,0.13073196073398158
505,998,1503,0.13078284736799492
501,1004,1505,0.13083783123471757
499,1002,1501,0.13090059363404222
500,1011,1511,0.13096427016591305
494,1019,1513,0.13102060636764612
496,1021,1517,0.131089250314498
494,1014,1508,0.13114827590314235
494,1016,1510,0.1312091061391563
490,1026,1516,0.13126609665060862
487,1028,1515,0.13133071859689138
484,1024,1508,0.13139872054372456
475,1028,1503,0.13146919761327622
479,1033,1512,0.131558616168152
472,1030,1502,0.13163077980160573
474,1034,1508,0.13171707162887428
474,1029,1503,0.13179197116007432
471,1028,1499,0.13186188769077242
469,1023,1492,0.13193569122423485
474,1016,1490,0.13200901167835066
480,1023,1503,0.13206404463796678
473,1030,1503,0.13210017720767053
470,1024,1494,0.1321518097946981
470,1032,1502,0.1322083637162093
466,1034,1500,0.13226121267271995
467,1035,1502,0.1323214411221443
462,1038,1500,0.13237553392196497
465,1056,1521,0.13243884872148434
469,1044,1513,0.1324893302595367
467,1033,1500,0.13252578267451004
463,1042,1505,0.13256538703029752
465,1038,1503,0.13261212507691986
471,1039,1510,0.1326503162333822
472,1031,1503,0.1326701389367006
461,1033,1494,0.13268591545269826
462,1038,1500,0.13273016289976447
457,1024,1481,0.13276812870044621
454,1021,1475,0.13281763215635656
455,1022,1477,0.13286989096560223
457,1022,1479,0.13291503375325836
458,1030,1488,0.13295242989609998
453,1043,1496,0.13298459973574006
453,1054,1507,0.13302779635791093
452,1054,1506,0.13306882065413206
445,1048,1493,0.1331099065284358
448,1037,1485,0.13316592441743136
453,1045,1498,0.13320956944015636
450,1049,1499,0.13323807526427311
443,1048,1491,0.13327340755506462
448,1046,1494,0.13332607130642962
453,1058,1511,0.1333609724165278
451,1057,1508,0.13338047227590702
449,1061,1510,0.1334040197485212
445,1068,1513,0.13343245289013045
445,1070,1515,0.1334698325624101
437,1077,1514,0.13350590739263882
421,1071,1492,0.13356194069100152
421,1081,1502,0.13365634020456113
423,1076,1499,0.13374496786592943
417,1080,1497,0.1338217730769092
419,1085,1504,0.13390892765222356
421,1087,1508,0.13398520603142636
413,1092,1505,0.13405112323911386
401,1098,1499,0.13413521559791852
404,1110,1514,0.1342462302634846
401,1115,1516,0.13434141711909034
399,1104,1503,0.1344389395164634
390,1101,1491,0.13453437010704647
389,1106,1495,0.13464774827904227
388,1104,1492,0.13475508669123673
386,1114,1500,0.13485723745943162
387,1110,1497,0.13495828589909092
390,1118,1508,0.13504957025726433
391,1113,1504,0.13512692419940678
400,1107,1507,0.1351958141357356
396,1119,1515,0.1352356294274398
402,1127,1529,0.13528437941821697
401,1121,1522,0.1353140970757546
393,1129,1522,0.13534447192737986
391,1126,1517,0.13539445262732916
395,1123,1518,0.13544653953767427
392,1122,1514,0.1354833879798015
390,1122,1512,0.13552643712325968
393,1128,1521,0.13557209109635385
393,1135,1528,0.13560669760652877
393,1129,1522,0.135638770732072
388,1128,1516,0.13566801583717694
387,1122,1509,0.1357095767296072
386,1118,1504,0.13575134476728729
387,1121,1508,0.13579281283826763
386,1137,1523,0.1358289246787767
387,1131,1518,0.13586475582601729
384,1149,1533,0.13589512367814904
382,1141,1523,0.1359320095330585
378,1137,1515,0.13597192982698614
376,1128,1504,0.13602011017296614
372,1146,1518,0.13606965264518273
374,1135,1509,0.13612659881339279
373,1136,1509,0.13617442226535859
370,1143,1513,0.13622190952054125
366,1130,1496,0.13627426592610994
365,1129,1494,0.13633463256993317
362,1139,1501,0.13639415305716507
359,1143,1502,0.13645857677891207
359,1141,1500,0.13652664483052607
362,1140,1502,0.13658953633432225
358,1131,1489,0.13663990847535015
359,1139,1498,0.13669772204066144
356,1140,1496,0.1367489400231043
351,1155,1506,0.13680554806007447
354,1146,1500,0.13687216122593512
347,1157,1504,0.1369263134029417
352,1164,1516,0.13699583584625225
358,1165,1523,0.1370472029843048
358,1167,1525,0.13707807504462266
354,1173,1527,0.13710773391709785
350,1165,1515,0.13714596137733318
353,1161,1514,0.13719205576059626
347,1167,1514,0.13722634158671157
344,1168,1512,0.13727444456852692
347,1169,1516,0.1373273457516905
337,1164,1501,0.13736858136160865
341,1165,1506,0.13743437245396536
334,1176,1510,0.13748438104547567
341,1168,1509,0.1375509699281497
338,1166,1504,0.1375930351376023
333,1161,1494,0.13764039390190916
335,1185,1520,0.13769873159027557
338,1180,1518,0.13774779657607328
335,1184,1519,0.1377859664247419
330,1191,1521,0.13783018334801472
326,1188,1514,0.13788617099587117
318,1197,1515,0.13795025760017818
317,1209,1526,0.13803306498215237
315,1200,1515,0.1381125194682133
315,1195,1510,0.13819187462770258
317,1211,1528,0.1382651795949728
309,1210,1519,0.13832727233964084
308,1212,1520,0.13840698200909185
309,1207,1516,0.13848434087490183
303,1197,1500,0.13855413920788467
299,1204,1503,0.13863564686813565
305,1215,1520,0.13872299509620714
304,1215,1519,0.13878770430217183
298,1221,1519,0.13885068981571702
295,1220,1515,0.13892704543911602
294,1223,1517,0.13900673520627183
289,1225,1514,0.13908452523697912
287,1228,1515,0.13917068522548534
289,1220,1509,0.1392569335525723
286,1218,1504,0.13933136989668082
290,1233,1523,0.1394095804325797
289,1228,1517,0.13947040288308726
284,1222,1506,0.13953016433705545
292,1215,1507,0.13960000521500618
291,1209,1500,0.13964208410995038
289,1222,1511,0.13968425576720428
286,1221,1507,0.13972953085993475
286,1224,1510,0.1397806059027902
290,1225,1515,0.13982854244202614
287,1229,1516,0.1398619459749294
283,1226,1509,0.13990164964285529
275,1233,1508,0.13994966155956445
273,1242,1515,0.14001663059632613
271,1235,1506,0.14008534575528703
271,1232,1503,0.1401549080682515
271,1232,1503,0.1402193204147617
275,1242,1517,0.1402803145768061
278,1231,1509,0.14032540538565713
277,1231,1508,0.14035831456991052
272,1231,1503,0.14039263428966942
274,1233,1507,0.14044010870115314
269,1242,1511,0.14047876353383637
270,1237,1507,0.14052882447829765
267,1243,1510,0.14057247440027054
263,1235,1498,0.14062214019137262
263,1237,1500,0.14067899627265226
263,1243,1506,0.14073241143809156
262,1245,1507,0.14078278662692414
260,1262,1522,0.14083317082051236
259,1248,1507,0.1408863122944263
254,1246,1500,0.140939419118817
250,1248,1498,0.14100283020330065
246,1256,1502,0.14107386605838196
250,1238,1488,0.141151419377723
256,1236,1492,0.14121228666246097
256,1249,1505,0.14125089290105422
255,1252,1507,0.1412875586886314
256,1252,1508,0.1413254773528432
253,1247,1500,0.14135807324449728
255,1248,1503,0.14139692422660477
255,1242,1497,0.14142699309783346
256,1242,1498,0.1414556907878158
255,1250,1505,0.141480124600968
257,1227,1484,0.141505330741483
258,1230,1488,0.14152390904865875
254,1241,1495,0.14153849321494008
256,1236,1492,0.14156407868171322
253,1250,1503,0.1415819624154567
255,1259,1514,0.1416079647744647
256,1264,1520,0.14162648496373736
251,1260,1511,0.1416407613333635
248,1267,1515,0.1416685116076628
252,1262,1514,0.14170278339451997
254,1263,1517,0.14172364563874015
249,1272,1521,0.14173691291351853
240,1264,1504,0.1417640050275186
239,1261,1500,0.141816053907952
239,1263,1502,0.14186837060056978
234,1263,1497,0.14191641729755833
230,1267,1497,0.14197597875723034
230,1258,1488,0.14204332822270943
235,1265,1500,0.14210570896419494
231,1276,1507,0.1421498731441612
233,1270,1503,0.14220176498492706
235,1277,1512,0.14224396734606187
236,1284,1520,0.14227709209311715
235,1277,1512,0.1423051216186092
237,1284,1521,0.1423354508873972
240,1281,1521,0.14235768389210576
241,1282,1523,0.14236956709242538
239,1286,1525,0.1423778985464022
232,1291,1523,0.1423916612085777
236,1277,1513,0.14242526470243344
235,1273,1508,0.14244518843462328
237,1271,1508,0.14246641205933347
236,1283,1519,0.1424808712214597
231,1273,1504,0.14249727058337566
231,1283,1514,0.14252723074252804
230,1291,1521,0.14255478818886896
230,1285,1515,0.1425837484911373
228,1293,1521,0.14261097704225553
234,1283,1517,0.14264164185152123
232,1280,1512,0.14265240561421944
230,1276,1506,0.14266879761776577
228,1286,1514,0.14268968646982916
232,1290,1522,0.1427152850974194
228,1289,1517,0.1427276582392396
224,1284,1508,0.1427507594247217
225,1289,1514,0.1427842035935645
225,1286,1511,0.14281309237225945
223,1298,1521,0.14283994750753415
225,1296,1521,0.14287106523926627
225,1298,1523,0.14289428973622786
222,1296,1518,0.14291690517364772
218,1305,1523,0.14294705789071732
218,1295,1513,0.142987214728646
221,1283,1504,0.14302444338008283
221,1287,1508,0.14305111023150296
217,1290,1507,0.14307437342548832
219,1295,1514,0.14310822787631805
222,1291,1513,0.143133240123964
223,1280,1503,0.14314642229917382
219,1275,1494,0.14315662826957806
220,1273,1493,0.1431770117325
219,1290,1509,0.14319414862815116
214,1296,1510,0.14321284300761483
218,1305,1523,0.14324521729814513
212,1296,1508,0.14326426138354859
213,1275,1488,0.14329970820903534
209,1284,1493,0.14332992696191454
202,1300,1502,0.1433711103836953
199,1301,1500,0.1434299580227669
201,1302,1503,0.14349413157248234
200,1312,1512,0.1435482310167542
196,1315,1511,0.14360155504960295
194,1317,1511,0.14366298348361892
197,1332,1529,0.14372654417083716
197,1330,1527,0.14377769197951812
192,1329,1521,0.14382543943624004
189,1320,1509,0.143885638190371
185,1335,1520,0.14395072721698696
183,1332,1515,0.1440231590217478
179,1338,1517,0.14409640194584042
181,1324,1505,0.14417683320923644
184,1331,1515,0.14424594024395077
181,1331,1512,0.14430181237566664
182,1333,1515,0.1443635597876937
181,1332,1513,0.14441817269373758
182,1336,1518,0.14447223836003004
176,1339,1515,0.14451960107561385
172,1333,1505,0.14458100464638268
172,1335,1507,0.1446500307170164
171,1347,1518,0.1447147486315027
166,1350,1516,0.14477813148995933
166,1356,1522,0.1448527847861146
168,1343,1511,0.14492231047026355
165,1350,1515,0.14498176189494008
163,1350,1513,0.14504690672387036
162,1349,1511,0.14511403777961696
159,1347,1506,0.145180767288305
157,1360,1517,0.14525134464101774
162,1366,1528,0.14532364639546702
165,1371,1536,0.14537641216950592
164,1372,1536,0.14541711684848085
167,1371,1538,0.1454588533299212
164,1357,1521,0.14548901730929564
164,1354,1518,0.14552570984855986
160,1357,1517,0.1455600425846353
157,1353,1510,0.14560452308312188
159,1364,1523,0.14565422024915253
166,1361,1527,0.14569447842131006
168,1346,1514,0.14571222269326722
164,1357,1521,0.14572393138514736
166,1354,1520,0.14574713443368792
164,1358,1522,0.14576315056047043
161,1361,1522,0.14578410190418897
159,1356,1515,0.1458121569908572
156,1349,1505,0.14584461575995195
154,1358,1512,0.14588352765417378
153,1353,1506,0.14592588221422859
153,1359,1512,0.14596776842021936
154,1353,1507,0.1460073399866892
160,1341,1501,0.14604107420250836
161,1335,1496,0.1460554664647399
163,1324,1487,0.14606683664569584
162,1332,1494,0.14607147854556649
166,1348,1514,0.14607898140031497
166,1350,1516,0.14607461357794424
165,1352,1517,0.1460711398702198
160,1337,1497,0.1460707465280086
160,1346,1506,0.14608505252996704
161,1363,1524,0.1460969631042437
159,1364,1523,0.14610621542412822
158,1360,1518,0.14612025749052837
153,1355,1508,0.14613694138731056
152,1346,1498,0.14616665213937363
152,1359,1511,0.1461971215328908
154,1362,1516,0.14622590802216012
153,1371,1524,0.14624753886745942
155,1371,1526,0.1462705064783895
155,1367,1522,0.14628612380452938
158,1362,1520,0.14630104355997625
155,1365,1520,0.14630607727296316
155,1365,1520,0.1463201823737164
155,1368,1523,0.14633368775655364
161,1365,1526,0.14634723656494766
161,1376,1537,0.14634164071140277
161,1375,1536,0.1463362287689152
162,1368,1530,0.1463309014152477
161,1357,1518,0.14632325344539868
162,1365,1527,0.1463188461647875
160,1352,1512,0.14631177450660537
157,1340,1497,0.146310904027813
156,1351,1507,0.14631869953311757
156,1365,1521,0.1463285902658953
155,1360,1515,0.14633788575101148
157,1366,1523,0.1463491054057806
153,1360,1513,0.1463536712364452
153,1368,1521,0.14636975755776935
150,1366,1516,0.14638469107400703
146,1377,1523,0.14640758790514685
143,1386,1529,0.1464409739252764
147,1371,1518,0.14648097508280103
150,1372,1522,0.1465064325521825
149,1362,1511,0.14652185894253741
151,1367,1518,0.14653961121893555
149,1375,1524,0.14655057983212522
150,1375,1525,0.14656610625942232
150,1386,1536,0.1465779422396576
144,1359,1503,0.14658929076021174
146,1366,1512,0.14661760625687015
147,1370,1517,0.1466382640152299
148,1364,1512,0.14665529907508146
145,1359,1504,0.14666774881461958
147,1361,1508,0.14668802704036032
146,1363,1509,0.14670086921404465
147,1356,1503,0.14671618094531097
142,1374,1516,0.14672803559775457
140,1373,1513,0.1467543891755257
139,1371,1510,0.1467842063419508
138,1381,1519,0.14681499597878636
135,1379,1514,0.14684638346583168
137,1380,1517,0.14688481793484942
139,1386,1525,0.14691421533767068
139,1385,1524,0.14693596896048355
139,1385,1524,0.14695662603640394
141,1388,1529,0.14697644986782013
142,1373,1515,0.1469894038344223
142,1376,1518,0.14699905472748098
141,1364,1505,0.14700850254151848
137,1371,1508,0.14701988664549628
137,1373,1510,0.14704291923267984
134,1369,1503,0.14706426070043144
134,1368,1502,0.14709327082885496
136,1363,1499,0.14712071605321436
135,1362,1497,0.147140795439638
132,1385,1517,0.14716250901243172
130,1382,1512,0.14719136760828153
135,1382,1517,0.14722423901243617
133,1373,1506,0.14724105115686983
129,1385,1514,0.1472613916390814
124,1377,1501,0.14729204659949477
130,1376,1506,0.14733537543611439
125,1380,1505,0.14735749742402182
130,1379,1509,0.14739333147090494
129,1388,1517,0.1474118475393643
131,1387,1518,0.1474328109530416
132,1383,1515,0.14744722535821272
130,1381,1511,0.14745799239112597
130,1378,1508,0.14747408387629574
130,1375,1505,0.14748889802705994
131,1379,1510,0.14750310371797126
133,1376,1509,0.1475133864987176
135,1379,1514,0.14751698967776786
137,1388,1525,0.14751385523527072
138,1383,1521,0.14750561440598153
140,1374,1514,0.1474954156353504
140,1378,1518,0.14748036418101784
145,1379,1524,0.14746669766269135
143,1368,1511,0.14743856958810103
143,1379,1522,0.1474181922765999
141,1376,1517,0.1473989813767882
139,1386,1525,0.14738671968419698
139,1384,1523,0.1473816050600767
139,1383,1522,0.1473773176416834
139,1396,1535,0.14737360511631356
137,1380,1517,0.14737061867493623
135,1382,1517,0.14737292234578944
134,1377,1511,0.14738112758991617
129,1376,1505,0.1473918000674555
131,1379,1510,0.1474163473787959
130,1384,1514,0.14743338499795733
130,1388,1518,0.14745333051449544
128,1391,1519,0.14747140561824879
123,1397,1520,0.14749418087371496
126,1407,1533,0.1475306600134161
125,1394,1519,0.1475556392199897
123,1388,1511,0.14758165811826918
125,1389,1514,0.14761179883468564
125,1390,1515,0.14763406159645348
127,1393,1520,0.14765441479419023
127,1397,1524,0.1476675504302792
123,1391,1514,0.14768031040603324
122,1399,1521,0.14770464537625028
119,1408,1527,0.1477303309241426
118,1409,1527,0.1477634028256084
119,1394,1513,0.14779753143108823
119,1395,1514,0.1478268944569352
116,1394,1510,0.14785365926516209
114,1383,1497,0.14788712454237982
115,1392,1507,0.14792322789369164
113,1398,1511,0.1479543125049734
119,1396,1515,0.14798935827560744
118,1395,1513,0.14800445812482088
123,1387,1510,0.14802168903878507
121,1396,1517,0.14802282526230814
119,1397,1516,0.14802952439174832
121,1401,1522,0.1480420485310894
121,1392,1513,0.14804731368517168
118,1397,1515,0.14805224128240535
122,1386,1508,0.14806623703784275
117,1384,1501,0.14806746691335163
119,1399,1518,0.1480832496922844
118,1409,1527,0.14809234266491264
119,1411,1530,0.14810380079703098
119,1394,1513,0.14811195595011317
120,1390,1510,0.14811925704087175
119,1379,1498,0.1481227098719794
117,1377,1494,0.14812877888480444
123,1380,1503,0.14814053154347817
124,1388,1512,0.14813347507100466
124,1405,1529,0.14812354381724835
121,1394,1515,0.1481143608403071
123,1388,1511,0.14811485726500923
125,1390,1515,0.14810878996610422
123,1394,1517,0.14809781437113187
126,1378,1504,0.1480935105351906
123,1368,1491,0.1480808387128468
122,1372,1494,0.1480777483691258
129,1387,1516,0.14807794451185682
122,1385,1507,0.14805691226798678
126,1394,1520,0.14805933206684985
123,1399,1522,0.1480496127925219
121,1386,1507,0.14804934554071966
120,1384,1504,0.14805428087502484
120,1392,1512,0.14806214472552554
124,1405,1529,0.14806973309560237
122,1395,1517,0.1480649881671531
120,1395,1515,0.1480668840073308
118,1410,1528,0.14807495165357232
117,1412,1529,0.1480883607730829
116,1398,1514,0.1481040169393233
115,1402,1517,0.14812185076613696
116,1397,1513,0.1481410020995422
115,1398,1513,0.14815589091813197
117,1396,1513,0.1481727586069707
116,1398,1514,0.1481821463324012
119,1392,1511,0.14819407224196668
116,1388,1504,0.1481964849044194
116,1397,1513,0.14820809512525543
113,1404,1517,0.1482187252688876
110,1403,1513,0.14823751952826633
109,1395,1504,0.14826394184572123
104,1409,1513,0.1482911991645315
105,1420,1525,0.14833185705410223
107,1416,1523,0.1483668437386887
101,1423,1524,0.1483939274940547
100,1423,1523,0.14843710309836303
99,1428,1527,0.14848055920751743
100,1436,1536,0.14852414393961705
102,1433,1535,0.14856139678505098
102,1432,1534,0.14859002273673486
101,1423,1524,0.14861718561773107
101,1419,1520,0.14864577997750475
99,1416,1515,0.14867223029417753
104,1418,1522,0.14870292287100753
107,1419,1526,0.14871598984174633
106,1422,1528,0.14871914524527063
106,1419,1525,0.1487253732834105
107,1408,1515,0.1487316500415283
103,1402,1505,0.148734341732089
105,1402,1507,0.14874892881894372
106,1400,1506,0.14875614068711468
105,1405,1510,0.14875974867892167
106,1400,1506,0.14876650048257767
106,1401,1507,0.14876965995588468
101,1404,1505,0.14877245886444382
101,1414,1515,0.14879025277020616
102,1415,1517,0.1488066220321761
100,1411,1511,0.14881890178175008
104,1417,1521,0.14883658517364637
104,1414,1518,0.14884082381495817
99,1421,1520,0.14884520968291354
98,1418,1516,0.148864218989126
100,1425,1525,0.14888512142474997
96,1419,1515,0.14889839043620967
95,1416,1511,0.1489224692955025
99,1420,1519,0.1489477287145554
100,1427,1527,0.14895910608513252
100,1426,1526,0.14896657190042167
101,1418,1519,0.14897352162491984
100,1419,1519,0.14897691375890318
104,1407,1511,0.14898283024124134
99,1411,1510,0.14897636965754552
97,1417,1514,0.1489852870247643
92,1409,1501,0.14899966767307632
93,1402,1495,0.14902848928886514
95,1404,1499,0.1490526848991783
98,1402,1500,0.14906920318630565
96,1403,1499,0.14907563927476727
92,1399,1491,0.14908769274910713
93,1404,1497,0.14911084564707966
95,1415,1510,0.14912952900231619
95,1424,1519,0.14914100246853618
92,1422,1514,0.14915172129767035
94,1425,1519,0.14917049347552108
92,1425,1517,0.14918240131499894
94,1416,1510,0.14919988030248177
92,1419,1511,0.1492095729879364
92,1416,1508,0.14922503475842094
90,1434,1524,0.14923930958304427
89,1430,1519,0.14925900720697385
91,1431,1522,0.14928056437053422
87,1429,1516,0.14929467421672174
85,1426,1511,0.14932020726682022
86,1432,1518,0.14935032300638215
84,1434,1518,0.1493757806124083
80,1433,1513,0.14940611062483697
78,1437,1515,0.14944646969804246
80,1431,1511,0.14949009237810393
82,1448,1530,0.14952507810074
84,1435,1519,0.14955170232776574
80,1440,1520,0.14957054239646367
82,1441,1523,0.14960055981507955
82,1449,1531,0.1496225647952431
82,1451,1533,0.14964304444969867
83,1437,1520,0.14966247213303127
81,1438,1519,0.1496776841661523
82,1428,1510,0.14969764898814242
79,1436,1515,0.1497133005230544
81,1433,1514,0.14973711526956235
84,1436,1520,0.14975336069167933
84,1441,1525,0.1497592981854442
82,1441,1523,0.1497645566699001
80,1449,1529,0.1497756617694088
79,1445,1524,0.14979211255817212
83,1446,1529,0.14981036786377522
83,1434,1517,0.14981527162638694
83,1429,1512,0.14982011478650661
82,1432,1514,0.14982444356039626
84,1440,1524,0.1498314380914006
86,1446,1532,0.14983200979271813
85,1438,1523,0.14982649109996315
85,1437,1522,0.14982433118752908
82,1430,1512,0.14982223709897508
81,1420,1501,0.1498292058416767
81,1426,1507,0.14983894449688168
80,1443,1523,0.14984778419311512
79,1443,1522,0.14985909995288865
76,1436,1512,0.1498723263569961
77,1442,1519,0.14989403642186583
75,1441,1516,0.14991162650213544
76,1441,1517,0.14993410341189795
73,1446,1519,0.1499519978674048
76,1439,1515,0.14997819673514448
78,1433,1511,0.14999322357794187
78,1440,1518,0.15000132800083385
78,1437,1515,0.15000909380165595
80,1437,1517,0.1500163253026488
81,1428,1509,0.15001693711815778
82,1436,1518,0.1500143839934
82,1434,1516,0.15000857419467037
83,1435,1518,0.1500031482169372
82,1449,1531,0.14999515426597404
81,1442,1523,0.14999070388306066
80,1436,1516,0.1499896027358879
75,1435,1510,0.14999137977098023
77,1441,1518,0.15000816421529206
74,1441,1515,0.15001789011452785
75,1438,1513,0.15003646414319707
73,1434,1507,0.15005061070308198
73,1423,1496,0.15006997333399905
72,1423,1495,0.15008810089318092
73,1431,1504,0.15010802995991074
72,1438,1510,0.15012324460562637
76,1438,1514,0.15014054960327472
72,1440,1512,0.15014430762238862
72,1428,1500,0.15016009644076023
71,1448,1519,0.1501746204363501
72,1437,1509,0.15019123929094166
70,1444,1514,0.15020371346136613
69,1457,1526,0.1502214720569725
72,1458,1530,0.15024133388946959
72,1459,1531,0.15025059659614892
69,1433,1502,0.15025924542156976
69,1441,1510,0.15027679845292016
68,1441,1509,0.15029318726897808
66,1452,1518,0.1503116762761334
63,1447,1510,0.15033532264644808
63,1452,1515,0.15036654625130094
59,1451,1510,0.1503957522575032
58,1451,1509,0.15043562297200444
58,1464,1522,0.15047651204026435
59,1458,1517,0.15051499097095244
56,1466,1522,0.15054808453972346
56,1463,1519,0.15058834192854345
55,1466,1521,0.15062608288700868
55,1476,1531,0.1506643206556025
54,1464,1518,0.1507001333278947
54,1460,1514,0.15073691820051388
55,1454,1509,0.15077141857594237
53,1460,1513,0.15080073797346905
54,1457,1511,0.15083446339931098
53,1474,1527,0.15086300760274787
53,1456,1509,0.1508929283689022
52,1463,1515,0.15092102632546187
51,1449,1500,0.15095054684302106
52,1451,1503,0.15098130453473488
51,1437,1488,0.15100707931913507
53,1461,1514,0.15103439258295065
51,1467,1518,0.15105378201565509
52,1462,1514,0.15107832154859943
51,1462,1513,0.15109819947711928
52,1481,1533,0.15112006918437199
50,1475,1525,0.1511374563220186
50,1470,1520,0.15115995311849362
50,1464,1514,0.15118108828180077
50,1478,1528,0.15120090638819067
52,1468,1520,0.1512194873284491
52,1475,1527,0.1512304397302539
53,1484,1537,0.1512408030497543
54,1475,1529,0.1512474740675896
56,1470,1526,0.15125065044659372
56,1466,1522,0.15124738595729934
54,1466,1520,0.1512443699667619
56,1474,1530,0.15124788445400147
54,1468,1522,0.15124497598237852
51,1464,1515,0.1512483871855889
50,1462,1512,0.15126081322356238
48,1466,1514,0.15127558856481005
47,1461,1508,0.15129577437330152
48,1458,1506,0.15131786455911025
48,1474,1522,0.15133552904856273
43,1479,1522,0.15135214359918792
42,1479,1521,0.15138371139074636
42,1476,1518,0.15141630587134924
42,1468,1510,0.15144685481106188
41,1476,1517,0.1514753560571818
42,1489,1531,0.15150527453721552
40,1487,1527,0.15153017015016132
40,1482,1522,0.15155984474353107
39,1482,1521,0.151587723617092
37,1485,1522,0.15161722470738098
35,1481,1516,0.15165109040399405
35,1472,1507,0.15168920855726126
35,1473,1508,0.15172476293879755
35,1479,1514,0.151758101626064
38,1469,1507,0.15178945789183498
39,1478,1517,0.15180929244395674
39,1480,1519,0.1518249338662261
39,1483,1522,0.1518396913970879
38,1481,1519,0.15185345174282563
40,1480,1520,0.15186945141355657
40,1482,1522,0.1518782420357147
39,1481,1520,0.1518866066932313
38,1478,1516,0.15189782123466655
38,1483,1521,0.15191136829442317
35,1495,1530,0.15192409372738397
35,1468,1503,0.1519454843958115
34,1480,1514,0.15196554880233004
34,1483,1517,0.15198756251182222
33,1479,1512,0.15200811535487752
34,1489,1523,0.15203066739246154
35,1474,1509,0.15204872002803382
33,1486,1519,0.15206243433235722
32,1486,1518,0.15208170123199227
35,1483,1518,0.1521028796691366
36,1486,1522,0.15211318628205417
33,1489,1522,0.1521197192726231
33,1492,1525,0.15213542351799314
30,1473,1503,0.152150150035987
31,1474,1505,0.15217360729597643
31,1470,1501,0.15219240005585344
34,1477,1511,0.15221008002784203
31,1476,1507,0.1522172022372591
30,1482,1512,0.15223339988540907
29,1478,1507,0.15225177740841514
28,1476,1504,0.15227218366888215
26,1479,1505,0.1522944722077192
25,1481,1506,0.15232169072584675
25,1488,1513,0.1523504235114939
27,1476,1503,0.15237748540193055
26,1470,1496,0.15239668583791377
25,1488,1513,0.15241787839149695
24,1492,1516,0.15244099463161764
23,1479,1502,0.15246594697066712
23,1496,1519,0.15249257005702443
23,1505,1528,0.15251755449131627
20,1490,1510,0.15254101174181545
21,1502,1523,0.15257264118132313
21,1495,1516,0.1525991572832279
22,1499,1521,0.15262405714391367
24,1488,1512,0.15264424551700598
21,1483,1504,0.15265690853844466
21,1486,1507,0.15267842041251126
20,1491,1511,0.15269859724871415
20,1483,1503,0.15272057632097644
17,1489,1506,0.15274125790824372
16,1500,1516,0.15277019999458555
16,1487,1503,0.15280060139096338
17,1505,1522,0.15282917518686037
16,1500,1516,0.1528528447153242
15,1507,1522,0.15287826386555078
14,1501,1515,0.15290532813616964
13,1509,1522,0.15293392662505798
13,1503,1516,0.15296403744023995
14,1497,1511,0.1529923323052639
14,1484,1498,0.15301570129209754
14,1496,1510,0.1530376554590706
14,1495,1509,0.15305828560464413
14,1501,1515,0.15307767505301415
14,1497,1511,0.1530960014020956
14,1496,1510,0.15311321567993205
14,1506,1520,0.15312938675645474
13,1487,1500,0.1531445851077804
12,1498,1510,0.1531620811596317
13,1498,1511,0.15318175572399306
13,1496,1509,0.15319704282821062
13,1487,1500,0.1532114160633803
16,1497,1513,0.15322492351278152
16,1513,1529,0.15322792270617044
16,1517,1533,0.15323076058121152
16,1502,1518,0.1532334394259625
18,1493,1511,0.15323596800196465
18,1499,1517,0.15323185817019208
18,1501,1519,0.1532280293088869
17,1500,1517,0.15322445014630742
17,1497,1514,0.15322433536867103
17,1492,1509,0.15322422943640818
17,1493,1510,0.15322413196323814
17,1487,1504,0.1532240421147454
17,1498,1515,0.15322395927429505
17,1499,1516,0.1532238829145677
17,1491,1508,0.15322381253486417
17,1495,1512,0.15322374765415891
17,1483,1500,0.15322368781704696
17,1513,1530,0.15322363259920802
17,1509,1526,0.1532235816099993
17,1489,1506,0.15322353720474186
18,1484,1502,0.15322350149813568
19,1484,1503,0.15322029470217202
19,1504,1523,0.15321416034334623
19,1515,1534,0.1532083598989738
17,1506,1523,0.15320292126140406
17,1501,1518,0.15320421941036286
18,1501,1519,0.1532054181556229
18,1499,1517,0.1532033873965219
18,1502,1520,0.1532015051568857
18,1502,1520,0.15319974594551372
19,1508,1527,0.1531981003464015
20,1485,1505,0.15319333736594618
21,1486,1507,0.1531857457733735
22,1488,1510,0.1531753427928858
21,1502,1523,0.15316232678809785
21,1494,1515,0.15315330928365467
21,1490,1511,0.15314487679657152
20,1481,1501,0.15313696714755137
19,1483,1502,0.15313275110971095
20,1475,1495,0.15313194440986092
19,1499,1518,0.15312801037404686
19,1503,1522,0.15312756568267014
19,1506,1525,0.15312714537813527
21,1509,1530,0.15312674779255403
20,1500,1520,0.1531198806802701
20,1506,1526,0.1531166692667181
20,1505,1525,0.15311366180224537
20,1505,1525,0.15311084161294453
20,1502,1522,0.15310819531331732
18,1506,1524,0.15310571078169338
18,1505,1523,0.15310976051289013
17,1502,1519,0.15311354470157895
17,1499,1516,0.15312031365524864
17,1506,1523,0.15312666282129617
18,1501,1519,0.15313262007641165
17,1509,1526,0.15313504482531928
17,1503,1520,0.153140504096378
17,1507,1524,0.15314561923776118
17,1505,1522,0.15315042023935857
18,1492,1510,0.15315492849424406
16,1489,1505,0.15315599097962743
15,1509,1524,0.1531634762316743
14,1513,1527,0.15317366605042437
13,1519,1532,0.1531864603093548
14,1513,1527,0.15320165215910575
14,1518,1532,0.153212744556484
14,1520,1534,0.15322317744304972
14,1509,1523,0.15323298968016455
15,1506,1521,0.15324221873679875
16,1505,1521,0.15324766776760543
15,1496,1511,0.15324961099756573
15,1488,1503,0.15325459808116748
15,1498,1513,0.1532593065244433
15,1483,1498,0.1532637595082366
15,1482,1497,0.15326796271987
15,1492,1507,0.15327192495577674
16,1498,1514,0.1532756580442647
17,1501,1518,0.15327600245038
17,1511,1528,0.15327309660715518
16,1497,1513,0.15327042629111148
17,1515,1532,0.1532710841109833
15,1520,1535,0.15326856112370127
15,1511,1526,0.1532725338637229
15,1514,1529,0.15327626519203771
16,1503,1519,0.15327977147419639
16,1498,1514,0.1532798685130605
15,1502,1517,0.15327997090415943
15,1502,1517,0.15328326748512422
16,1512,1528,0.153286357647188
16,1506,1522,0.15328611733559544
16,1503,1519,0.1532859165340267
17,1509,1526,0.15328573362533646
17,1506,1523,0.15328240507989802
17,1497,1514,0.15327930493619005
17,1496,1513,0.15327640438984144
18,1497,1515,0.15327368679205108
19,1504,1523,0.15326791886270177
19,1499,1518,0.1532593465483548
18,1514,1532,0.15325132469850125
19,1500,1519,0.15324695808451233
19,1505,1524,0.15323968706302163
16,1500,1516,0.15323288124257414
19,1512,1531,0.15323603035839053
19,1512,1531,0.15322949063576807
19,1504,1523,0.1532234656602505
19,1511,1530,0.15321795916196346
19,1509,1528,0.15321274168501428
20,1501,1521,0.1532078552951129
20,1496,1516,0.15320015294938544
17,1484,1501,0.15319296684924819
17,1499,1516,0.15319569742838973
16,1506,1522,0.15319825120545905
16,1505,1521,0.15320379063414177
16,1499,1515,0.15320897395138927
17,1490,1507,0.15321383221891263
17,1499,1516,0.1532152048312607
15,1501,1516,0.15321650526985703
16,1505,1521,0.15322403409554572
16,1503,1519,0.15322788275194746
16,1495,1511,0.15323149410422182
15,1499,1514,0.15323488445677313
17,1487,1504,0.1532411965785059
17,1499,1516,0.15324081690400773
17,1491,1508,0.15324049693863742
17,1486,1503,0.1532402066177898
17,1502,1519,0.15323993971645244
17,1501,1518,0.15323969377059896
16,1501,1517,0.15323946691055032
13,1499,1512,0.1532423773388138
14,1500,1514,0.15325458751353466
15,1520,1535,0.15326286474758102
15,1512,1527,0.15326744804468803
13,1514,1527,0.15327175635630985
13,1521,1534,0.1532821745382879
13,1520,1533,0.1532919484939436
13,1506,1519,0.15330112347623298
12,1506,1518,0.15330973632898803
13,1512,1525,0.1533209778768116
13,1512,1525,0.15332836255634588
13,1520,1533,0.15333530852624663
13,1520,1533,0.15334183079285102
13,1515,1528,0.15334795467998358
13,1511,1524,0.15335370496743508
13,1510,1523,0.15335910480230613
13,1499,1512,0.153364175782908
12,1511,1523,0.15336893810476565
10,1509,1519,0.15337662152516413
10,1515,1525,0.15339018338967061
10,1508,1518,0.15340291384726443
10,1503,1513,0.15341486589447142
10,1497,1507,0.1534260855354247
10,1504,1514,0.153436620341471
11,1499,1510,0.15344651307659463
11,1515,1526,0.1534525804010882
11,1510,1521,0.15345828651047186
11,1511,1522,0.15346364712464125
11,1497,1508,0.15346868174925635
11,1500,1511,0.153473409809414
10,1511,1521,0.15347784999590697
10,1503,1513,0.1534852400380818
10,1514,1524,0.15349217701760545
10,1515,1525,0.15349869208375314
10,1505,1515,0.15350481214494227
10,1500,1510,0.15351056156827184
10,1493,1503,0.15351596286724956
9,1504,1513,0.15352103709307152
9,1491,1500,0.153529037653783
9,1495,1504,0.15353655388540255
8,1505,1513,0.15354361435901473
7,1511,1518,0.15355346279433943
7,1502,1509,0.15356590961362235
7,1506,1513,0.15357759841739796
7,1497,1504,0.15358857896001538
7,1509,1516,0.1535988928541094
8,1516,1524,0.15360857990452811
7,1523,1530,0.15361445034589521
7,1521,1528,0.15362318557172913
6,1529,1535,0.15363138486409006
6,1532,1538,0.15364229652856307
6,1524,1530,0.15365254195659375
7,1514,1521,0.15366216752000367
7,1513,1520,0.15366797150220193
7,1512,1519,0.15367343280416615
7,1516,1523,0.15367856434507704
6,1514,1520,0.1536833844372077
5,1507,1512,0.1536911367874865
4,1513,1517,0.15370165542991004
3,1522,1525,0.15371477514124796
3,1513,1516,0.15373034109889977
3,1510,1513,0.1537449705324362
2,1506,1508,0.15375872173134725
2,1499,1501,0.1537748951534876
2,1511,1513,0.15379010626598003
2,1513,1515,0.1538044089568942
2,1517,1519,0.15381785318692362
2,1519,1521,0.15383048859606044
2,1503,1505,0.15384236306283192
2,1515,1517,0.15385352210511438
2,1525,1527,0.15386400872961256
1,1527,1528,0.15387386345498608
1,1511,1512,0.1538863864794605
1,1508,1509,0.15389815916710547
1,1506,1507,0.15390922814897168
1,1512,1513,0.15391963436169945
1,1526,1527,0.1539294163154668
1,1507,1508,0.15393861077575294
1,1508,1509,0.15394725267276604
1,1513,1514,0.1539553750408368
1,1499,1500,0.15396300903536556
1,1523,1524,0.1539701839942377
1,1526,1527,0.15397692751975917
1,1508,1509,0.15398326556834027
1,1501,1502,0.15398922254151812
1,1496,1497,0.1539948213751577
1,1509,1510,0.15400008362530912
1,1520,1521,0.15400502955003362
1,1520,1521,0.1540096781869476
1,1517,1518,0.15401404742646096
1,1517,1518,0.1540181540808075
1,1513,1514,0.1540220139490263
1,1496,1497,0.1540256418780842
1,1500,1501,0.15402905182033882
0,1496,1496,0.154032256887546
