1377,29,1406,0.13582125293701452
1408,31,1439,0.13295705202862979
1408,30,1438,0.13025884555660117
1440,33,1473,0.12779971705833404
1452,33,1485,0.1254731096456817
1451,34,1485,0.12332267973536316
1442,35,1477,0.12136669945902664
1455,33,1488,0.11960900665321784
1463,33,1496,0.11797524281862729
1457,33,1490,0.11646777079940876
1462,32,1494,0.11511028453326222
1468,30,1498,0.11386250324577202
1462,30,1492,0.11271188016155718
1466,31,1497,0.11167902626017095
1478,31,1509,0.11072938084488257
1475,30,1505,0.10983708748703855
1475,31,1506,0.10903210877409719
1472,29,1501,0.10829989422861445
1473,30,1503,0.1076409001749666
1466,29,1495,0.10703900727031225
1462,29,1491,0.10650668953144439
1463,28,1491,0.10603097995938132
1469,28,1497,0.10559597795614523
1482,30,1512,0.1051862327137794
1467,31,1498,0.10478469600920036
1457,31,1488,0.10445278686812853
1467,31,1498,0.10417290749824289
1459,30,1489,0.10389567868189355
1460,28,1488,0.10366094492852594
1464,27,1491,0.10344496946394294
1479,26,1505,0.10323954029727052
1488,25,1513,0.10302007532577719
1475,25,1500,0.10280050617179391
1479,26,1505,0.10262900978987212
1470,26,1496,0.10246464466330567
1464,27,1491,0.10233444137933542
1465,28,1493,0.10222831850842652
1461,26,1487,0.10212968928486943
1467,26,1493,0.10204883735013447
1467,28,1495,0.10196221278181618
1475,28,1503,0.10188305578357124
1472,27,1499,0.1017943036319556
1457,26,1483,0.10171969239377615
1466,25,1491,0.10168429715776268
1470,25,1495,0.10163279653541071
1478,26,1504,0.1015773052808248
1468,25,1493,0.10150950783096016
1458,24,1482,0.10146960319265315
1478,24,1502,0.10145458646939311
1481,24,1505,0.10139750790783555
1486,24,1510,0.10133909113432668
1495,25,1520,0.10127537840230386
1492,24,1516,0.10119801428983646
1485,25,1510,0.10113419580997322
1474,25,1499,0.10109089936998317
1480,26,1506,0.10107530086520299
1474,26,1500,0.10104803801383035
1470,25,1495,0.1010362414732499
1468,24,1492,0.10103391494932236
1470,24,1494,0.10103618860559602
1464,24,1488,0.10103387960611569
1460,24,1484,0.10104472209271266
1458,24,1482,0.10106330367867848
1458,23,1481,0.10108428591211747
1466,23,1489,0.10110355786986083
1460,23,1483,0.10110368564396945
1463,24,1487,0.10111675360666166
1440,23,1463,0.10112270309961847
1445,21,1466,0.10117773827115449
1464,25,1489,0.1012171338534673
1458,24,1482,0.1012123559391485
1451,24,1475,0.10122081644512386
1451,23,1474,0.10124322198528937
1457,23,1480,0.10126347342068436
1465,24,1489,0.10126850233257677
1468,23,1491,0.10125623265370855
1476,22,1498,0.10123881657619005
1463,21,1484,0.10120573924908798
1466,21,1487,0.10120336264284639
1474,20,1494,0.10119483797019338
1481,23,1504,0.10116974977902955
1484,24,1508,0.10113215452014901
1498,25,1523,0.10109163554765452
1494,26,1520,0.10102474851373494
1478,26,1504,0.1009723914116622
1479,26,1505,0.10095928714555746
1482,29,1511,0.1009455617757478
1470,28,1498,0.10092601482086044
1465,30,1495,0.10093430623475327
1464,32,1496,0.10095251594366544
1468,32,1500,0.10097163224025087
1443,28,1471,0.10098040367294932
1449,29,1478,0.10104222974796687
1456,29,1485,0.10108519447914346
1458,30,1488,0.10110955950259846
1462,31,1493,0.10112749947155937
1461,31,1492,0.10113550733517815
1467,31,1498,0.10114486693218487
1457,32,1489,0.10114038453678456
1452,32,1484,0.10115783326013243
1456,32,1488,0.10118476121604218
1456,30,1486,0.10120049788446003
1454,29,1483,0.1012148151076364
1461,31,1492,0.10123200209007323
1463,32,1495,0.10123254461191218
1472,34,1506,0.1012290087724481
1467,35,1502,0.1012066489622176
1457,35,1492,0.10119715594107577
1450,35,1485,0.10121046341787525
1448,36,1484,0.10123770743772326
1447,36,1483,0.10126659781008485
1449,37,1486,0.10129521442185746
1451,37,1488,0.10131699214139073
1458,38,1496,0.10133275698127367
1455,35,1490,0.10133174416582466
1456,36,1492,0.10133716264478759
1460,36,1496,0.10134018219034197
1447,37,1484,0.10133419972168432
1455,39,1494,0.10135618610483882
1451,39,1490,0.1013593322486067
1450,40,1490,0.1013707596010779
1458,40,1498,0.10138325588287951
1476,40,1516,0.10137776811368512
1471,40,1511,0.10133404037129883
1474,39,1513,0.10130509983976665
1474,40,1514,0.1012726732500482
1466,39,1505,0.10124317208062472
1461,40,1501,0.10123353247708292
1464,41,1505,0.10123488314677392
1458,39,1497,0.10122977844370233
1452,38,1490,0.10123833492796529
1454,42,1496,0.1012585879148282
1452,42,1494,0.10127312211735269
1455,43,1498,0.10129017455357157
1461,42,1503,0.10129988300841347
1455,45,1500,0.10129615596076251
1457,46,1503,0.10130562177999673
1457,47,1504,0.1013101699830284
1444,49,1493,0.10131431119393866
1451,48,1499,0.10134539705470359
1447,49,1496,0.10135851127863006
1471,44,1515,0.10137908034625863
1465,44,1509,0.10134682291186398
1452,41,1493,0.10133012774170906
1443,41,1484,0.1013427683191773
1464,40,1504,0.1013737137477483
1451,40,1491,0.10135677257440488
1455,39,1494,0.10136917821429439
1455,41,1496,0.10137201132449873
1442,42,1484,0.10137493850349162
1455,43,1498,0.10140477899300926
1447,44,1491,0.1014039683951816
1438,43,1481,0.10142055542830278
1440,44,1484,0.10145512301226062
1448,42,1490,0.10148209799778858
1450,43,1493,0.10148965917230159
1451,46,1497,0.10149222098207304
1453,42,1495,0.10149268342162732
1462,41,1503,0.10148923777373732
1452,40,1492,0.10146666792439328
1455,41,1496,0.10146699383609664
1465,41,1506,0.1014615709126963
1455,43,1498,0.10143528894277899
1457,44,1501,0.1014321032104646
1460,45,1505,0.10142552110490076
1458,44,1502,0.1014130383855934
1452,46,1498,0.101406163691905
1457,48,1505,0.10141289856006541
1446,49,1495,0.10140835442212406
1459,48,1507,0.10142811957457473
1466,48,1514,0.10141784749805956
1453,48,1501,0.10139366760785425
1455,48,1503,0.10140016381503904
1453,50,1503,0.10140144967276134
1455,47,1502,0.10140696067568804
1458,46,1504,0.10140780671230214
1464,47,1511,0.10140184383235433
1448,47,1495,0.1013832803328563
1438,47,1485,0.10140048218437694
1445,49,1494,0.10143784764372128
1453,49,1502,0.1014574313504637
1431,49,1480,0.10145775993943548
1448,49,1497,0.10150544157958821
1455,48,1503,0.10151242863355957
1454,50,1504,0.10150397772609131
1444,50,1494,0.10149912345143995
1428,55,1483,0.10151557018374908
1441,54,1495,0.10156500400833035
1428,54,1482,0.10158271090083475
1437,53,1490,0.10162653282402115
1441,52,1493,0.10164740445132615
1451,52,1503,0.10165745478466036
1455,51,1506,0.10164514960557205
1452,50,1502,0.10162463999885257
1428,47,1475,0.10161267595159618
1436,48,1484,0.10165395222929678
1452,50,1502,0.10167459983015542
1459,53,1512,0.10165917600013398
1445,53,1498,0.10162988057490416
1442,52,1494,0.10163396167838905
1438,54,1492,0.10164389672600894
1438,56,1494,0.10166197425880867
1433,54,1487,0.10167850502027323
1432,53,1485,0.10170508298632779
1426,53,1479,0.10173130670404577
1420,55,1475,0.10176785464965538
1423,55,1478,0.10181440827037477
1430,55,1485,0.1018504751895868
1431,53,1484,0.10186762356452862
1448,52,1500,0.10188084191451033
1445,52,1497,0.10185590820994946
1459,54,1513,0.10184040936633164
1449,53,1502,0.10179613423900774
1449,56,1505,0.10177707658716825
1450,56,1506,0.10175952678610894
1437,54,1491,0.10174161423078082
1452,56,1508,0.10175322319675786
1449,56,1505,0.10173147768086029
1445,57,1502,0.10171853907616836
1455,56,1511,0.10171545538360884
1450,55,1505,0.1016914481670237
1452,56,1508,0.1016800285464483
1455,58,1513,0.10166585498173021
1444,59,1503,0.10164716979516505
1460,57,1517,0.10165370997077496
1460,56,1516,0.10162583476881587
1453,57,1510,0.10160039188517817
1442,55,1497,0.1015917686110849
1429,57,1486,0.10160717533662837
1438,58,1496,0.10164895843480828
1443,54,1497,0.10166785302176046
1450,57,1507,0.10167429789880385
1438,57,1495,0.10166542706961694
1443,55,1498,0.10168333375020326
1444,50,1494,0.10168928395900398
1454,50,1504,0.1016926894744549
1452,52,1504,0.10167385624113941
1456,50,1506,0.10166075195109939
1449,50,1499,0.10163995696426927
1440,52,1492,0.1016362426225211
1442,52,1494,0.10165209689201948
1446,51,1497,0.10166200647329145
1456,50,1506,0.10166230714643905
1456,52,1508,0.10164132461740871
1448,50,1498,0.10162283609951427
1449,53,1502,0.10162224315735408
1459,55,1514,0.10161959334509628
1460,56,1516,0.10159638065866548
1450,55,1505,0.10157336786405778
1433,56,1489,0.10157404389443583
1425,58,1483,0.10161101621646612
1434,57,1491,0.10166177639408908
1435,57,1492,0.10168960538085269
1439,56,1495,0.10171258896513091
1446,55,1501,0.1017252504496933
1435,57,1492,0.10172123862845243
1448,57,1505,0.10174127164006201
1443,56,1499,0.10173145284529127
1438,56,1494,0.10173412198038352
1437,59,1496,0.10174733421283591
1431,55,1486,0.10176130674624588
1415,57,1472,0.10178647160516284
1440,58,1498,0.10184419605044458
1441,57,1498,0.10184337834560271
1453,58,1511,0.10184029956619492
1447,59,1506,0.10181158077625488
1443,59,1502,0.1017979382341321
1441,60,1501,0.10179460725955397
1437,59,1496,0.10179610955899725
1440,60,1500,0.10180600048515596
1444,59,1503,0.10180865107566764
1448,57,1505,0.10180277743259968
1431,57,1488,0.10178904382878379
1429,57,1486,0.10181326026987175
1434,57,1491,0.10183934997566663
1443,56,1499,0.10185299286490483
1431,55,1486,0.1018457273759357
1428,56,1484,0.10186431234015277
1431,57,1488,0.101887097217129
1435,59,1494,0.10190208592328835
1436,60,1496,0.10190749984482098
1426,62,1488,0.10191057415864649
1436,60,1496,0.10193442929204938
1416,59,1475,0.101935283004353
1415,62,1477,0.1019797713321825
1411,61,1472,0.1020228820562959
1422,60,1482,0.10206980752171518
1445,61,1506,0.10208860273664591
1456,59,1515,0.10205670140220657
1456,59,1515,0.10200347323440828
1456,57,1513,0.10195494737400829
1438,59,1497,0.1019104905835627
1439,57,1496,0.10190928707942667
1432,60,1492,0.10190481950440212
1428,60,1488,0.10191537039901398
1435,61,1496,0.10193409640024143
1438,61,1499,0.10193594343002557
1430,61,1491,0.10193118208736754
1436,62,1498,0.10194419753501215
1442,62,1504,0.10194362601992464
1441,61,1502,0.10192986029072458
1435,61,1496,0.10191958026472861
1436,60,1496,0.10192288016585163
1428,61,1489,0.10192444955405552
1422,63,1485,0.10194318802644207
1426,66,1492,0.101973465611234
1436,65,1501,0.10199232464742185
1428,64,1492,0.101988507224785
1429,64,1493,0.1020025904453841
1438,63,1501,0.1020133692087133
1426,64,1490,0.10200339867022996
1421,66,1487,0.102020442340629
1424,67,1491,0.10204640215802618
1430,68,1498,0.10206322223420586
1431,69,1500,0.10206584239662896
1430,69,1499,0.10206610661812852
1440,71,1511,0.10206830195050294
1445,69,1514,0.10204872982110733
1437,72,1509,0.10202027519958197
1422,72,1494,0.10201101345434932
1433,70,1503,0.10203546966456031
1423,72,1495,0.10203455268640332
1425,72,1497,0.10205528114143927
1422,72,1494,0.10207032027486986
1429,72,1501,0.10209045860603475
1430,73,1503,0.1020940364532127
1430,74,1504,0.10209478564654788
1427,71,1498,0.10209637405750036
1445,75,1520,0.10210543014570986
1424,76,1500,0.10207548789557802
1426,72,1498,0.10209285658724741
1420,75,1495,0.10210436744432187
1423,71,1494,0.10212834762560308
1440,73,1513,0.10214310688508675
1423,71,1494,0.10212067918964643
1424,72,1496,0.1021368971289245
1421,71,1492,0.10214999427700096
1425,70,1495,0.10216789692555768
1420,67,1487,0.10217418931865904
1425,70,1495,0.10219038210519332
1439,68,1507,0.10219389136898371
1433,66,1499,0.10216707258777749
1421,66,1487,0.10215547850327876
1427,67,1494,0.1021711454448511
1442,67,1509,0.10217291063075845
1450,67,1517,0.10214256627933076
1432,65,1497,0.10209762906122548
1436,62,1498,0.10209468652453862
1428,64,1492,0.10208275056783168
1422,65,1487,0.1020898512123761
1416,66,1482,0.10210931407123842
1421,68,1489,0.10214037012172333
1417,68,1485,0.10215881735463922
1423,72,1495,0.1021837773712847
1412,71,1483,0.10219368858023188
1426,72,1498,0.10222655931520196
1417,74,1491,0.10222621486079746
1424,70,1494,0.10224536909092784
1418,74,1492,0.10224856663158458
1429,76,1505,0.10226482881276489
1426,75,1501,0.10225579842584744
1415,75,1490,0.10225443400076223
1417,77,1494,0.10227635333522284
1433,77,1510,0.10229272301067727
1429,77,1506,0.10227235575147717
1430,75,1505,0.10226303112851204
1433,78,1511,0.1022522382160384
1443,81,1524,0.1022362779001219
1424,78,1502,0.10220057727119727
1419,79,1498,0.10221001018196262
1415,80,1495,0.10222857003026078
1424,80,1504,0.10225425374347548
1425,81,1506,0.10225758491596543
1432,82,1514,0.10225848161945184
1428,80,1508,0.10224479522165045
1427,79,1506,0.10224052827321431
1419,78,1497,0.10223894971303434
1413,78,1491,0.10225420125465208
1408,75,1483,0.10228051457736562
1409,74,1483,0.10231527845494473
1424,77,1501,0.10234543702774575
1427,76,1503,0.10234034718873
1418,77,1495,0.10233011656361973
1414,81,1495,0.10234028206029037
1416,80,1496,0.10235808868800765
1411,79,1490,0.10237009568902579
1423,78,1501,0.10239139160848922
1431,77,1508,0.10238402600629064
1420,78,1498,0.10236044728133403
1426,81,1507,0.10236262031983916
1420,78,1498,0.10235180859688447
1420,79,1499,0.10235445382774098
1415,81,1496,0.10235736337454288
1416,80,1496,0.10237053960452236
1411,80,1491,0.10238068004007861
1411,80,1491,0.10240045156662715
1398,84,1482,0.10241877620679501
1394,82,1476,0.10246388889222899
1402,82,1484,0.10251383231376114
1413,83,1496,0.10254184672379654
1418,80,1498,0.10254349198224634
1422,80,1502,0.10253404754212368
1419,83,1502,0.10251669453969602
1422,84,1506,0.10250717379348324
1429,82,1511,0.10249321683784066
1421,81,1502,0.10246582460628653
1415,81,1496,0.10245829665573059
1413,80,1493,0.10246320037505997
1421,85,1506,0.10247198526210242
1418,85,1503,0.10246250375870396
1428,85,1513,0.10245991317968806
1421,83,1504,0.10243543457477398
1426,81,1507,0.10242815051113385
1421,81,1502,0.10241053962919157
1421,79,1500,0.10240536432160935
1429,80,1509,0.10240076686701247
1433,82,1515,0.10237919553636803
1425,80,1505,0.10235104371416029
1430,77,1507,0.10234270811373868
1429,79,1508,0.10232405211430012
1421,78,1499,0.10230962477449608
1414,78,1492,0.10231334558470426
1419,78,1497,0.102332042340693
1415,78,1493,0.1023384631054794
1421,78,1499,0.10235275663811869
1421,77,1498,0.10235393541103949
1419,79,1498,0.102354539556776
1411,79,1490,0.10235964970402406
1399,79,1478,0.10238209343940387
1400,82,1482,0.10242822135490492
1412,84,1496,0.10246822077391862
1418,83,1501,0.10247905861179536
1425,83,1508,0.10247564077937664
1430,81,1511,0.10245773101304073
1422,84,1506,0.10242994846442904
1409,85,1494,0.10242182768743806
1428,81,1509,0.10244218387663491
1419,83,1502,0.1024206676366068
1411,83,1494,0.10242091320776069
1389,86,1475,0.1024383739506331
1399,84,1483,0.10250249611413537
1404,84,1488,0.1025390381363576
1416,85,1501,0.10256232307089136
1414,86,1500,0.10255822772511504
1410,86,1496,0.10255879284926833
1402,86,1488,0.10256728935856245
1396,85,1481,0.10259144758155664
1387,86,1473,0.1026269034377751
1405,88,1493,0.10267854767446562
1412,89,1501,0.10268805120632259
1399,91,1490,0.10268169622147262
1395,89,1484,0.1027043790425905
1398,91,1489,0.10273402648185766
1391,97,1488,0.10275492360659466
1387,93,1480,0.10278949416661685
1388,93,1481,0.10282960799320964
1389,91,1480,0.10286467805718408
1395,96,1491,0.10289429745654682
1389,100,1489,0.10290839166416454
1410,100,1510,0.1029338036487411
1413,101,1514,0.10291308228080834
1400,97,1497,0.10288851802017308
1404,94,1498,0.10289309721142924
1400,93,1493,0.10288888771229981
1400,93,1493,0.10289351422462832
1401,90,1491,0.10289742263237436
1388,89,1477,0.10289891767850948
1386,88,1474,0.10292832622017173
1393,92,1485,0.10295988720798074
1392,92,1484,0.10297306160168042
1397,96,1493,0.10298789723079019
1404,101,1505,0.10298981922086589
1397,98,1495,0.10297661032797535
1403,98,1501,0.10298070902135911
1393,98,1491,0.10297153829539372
1401,101,1502,0.10298424497692477
1409,97,1506,0.10297799223891023
1405,99,1504,0.10295562145860884
1404,101,1505,0.10294369729169758
1393,99,1492,0.10293542354282524
1403,100,1503,0.10295152503981629
1401,101,1502,0.10294493349249276
1402,100,1502,0.10294304622056437
1392,98,1490,0.1029392718661716
1391,99,1490,0.1029572125660426
1401,97,1498,0.1029758634363685
1399,96,1495,0.10297202300160603
1394,96,1490,0.10297312013476426
1408,99,1507,0.10298512754160352
1405,99,1504,0.10296572802314045
1407,97,1504,0.10295445469522051
1404,99,1503,0.10294076939643627
1395,100,1495,0.1029347150429518
1374,97,1471,0.10294870758626792
1364,99,1463,0.10300769981636346
1364,102,1466,0.10308189361576786
1385,104,1489,0.10315019243894773
1370,103,1473,0.10316677521743739
1381,101,1482,0.1032143651630798
1380,101,1481,0.10323376839970524
1383,103,1486,0.10325404825128968
1388,102,1490,0.10326533896464431
1376,105,1481,0.10326614927809809
1371,103,1474,0.10329284256442504
1376,102,1478,0.10332792919928517
1373,105,1478,0.1033487579831757
1385,108,1493,0.10337499769497184
1392,108,1500,0.10337283629495601
1396,106,1502,0.103356290593462
1387,106,1493,0.1033328499327557
1385,109,1494,0.1033325350823839
1377,112,1489,0.10333636590176208
1365,110,1475,0.10335727096313882
1367,113,1480,0.10340333411896825
1366,113,1479,0.10344139839586042
1361,114,1475,0.10347790235428998
1369,110,1479,0.10352274228392115
1383,110,1493,0.10354490010992995
1388,114,1502,0.10353542162461146
1387,115,1502,0.10351632487380044
1384,113,1497,0.10350161097654499
1378,110,1488,0.10349498141177498
1379,111,1490,0.10350190680072081
1372,112,1484,0.10350579361400325
1383,114,1497,0.1035253491972345
1384,112,1496,0.103519404128699
1376,113,1489,0.10351160248446878
1380,112,1492,0.10352152688928992
1368,115,1483,0.10352265431818658
1376,113,1489,0.10354959604006751
1376,111,1487,0.10355685411266027
1376,111,1487,0.1035638855184568
1375,113,1488,0.10357030674114266
1366,114,1480,0.10357915593488794
1375,119,1494,0.10360684406506479
1375,114,1489,0.10361244292328742
1376,119,1495,0.10361784451598872
1369,120,1489,0.10362019989116188
1381,124,1505,0.10363768446882254
1374,126,1500,0.10362711692163142
1367,122,1489,0.10363299921047481
1366,117,1483,0.10365346061315689
1371,116,1487,0.10367412443295172
1371,118,1489,0.10368192537561714
1366,114,1480,0.10368942364141447
1365,116,1481,0.10370733540406128
1375,118,1493,0.10372638775199064
1381,118,1499,0.10372190112240831
1381,121,1502,0.10370522720074331
1374,125,1499,0.10369078566382668
1375,126,1501,0.1036924686418802
1370,127,1497,0.10369215925768184
1372,127,1499,0.10370347662857847
1367,123,1490,0.10371037042714143
1367,121,1488,0.10372718696889026
1371,119,1490,0.10374187837471652
1369,119,1488,0.10374633452060472
1369,122,1491,0.10375600280873379
1367,122,1489,0.10376505526932527
1360,123,1483,0.10377672281067322
1373,124,1497,0.10380236671423404
1359,130,1489,0.10379740367420627
1359,130,1489,0.10382464674574152
1364,129,1493,0.1038486420464608
1360,126,1486,0.10385952018230771
1369,129,1498,0.10387923917562052
1371,125,1496,0.103877481496545
1373,126,1499,0.10387147856010884
1372,127,1499,0.10386157929587991
1363,126,1489,0.10385380649191568
1373,126,1499,0.10386696940791977
1374,128,1502,0.1038575080421949
1379,132,1511,0.10384732347127391
1370,131,1501,0.10382702109321684
1372,134,1506,0.10382779121633419
1370,135,1505,0.10382398394418865
1369,135,1504,0.1038246532091507
1356,132,1488,0.10382815182570812
1367,136,1503,0.10386163416758341
1350,138,1488,0.10386911890003088
1344,139,1483,0.10391253202278594
1339,137,1476,0.10396643089374322
1332,138,1470,0.10402586906780865
1355,135,1490,0.10409409458132499
1369,133,1502,0.1041060126016285
1360,136,1496,0.10408704869878857
1358,135,1493,0.10408994399509694
1358,137,1495,0.10409667761059042
1366,137,1503,0.10410214388887624
1364,139,1503,0.1040890054324154
1355,132,1487,0.10408137034236532
1357,135,1492,0.10409462477976492
1354,131,1485,0.10410202439554019
1358,134,1492,0.10411642937008204
1353,135,1488,0.10412098834375431
1366,135,1501,0.1041362794519386
1375,140,1515,0.10412152792755734
1365,139,1504,0.10408884742839701
1359,137,1496,0.10408111267188178
1346,135,1481,0.1040874420309127
1336,137,1473,0.10412173755224455
1350,138,1488,0.10417484536448589
1356,139,1495,0.10419290871436653
1359,139,1498,0.1041956971647201
1350,139,1489,0.10419157069852499
1356,139,1495,0.10420716249907254
1349,143,1492,0.1042077094376414
1350,140,1490,0.10422333147100343
1350,144,1494,0.10423684098441295
1335,145,1480,0.10424990623125431
1346,145,1491,0.10429474989406277
1350,148,1498,0.10431079913796895
1340,148,1488,0.10431736500340616
1349,145,1494,0.10434607100903652
1341,150,1491,0.1043516749018254
1322,153,1475,0.10437431199106106
1324,152,1476,0.10443694661954309
1318,150,1468,0.10449018816134874
1322,153,1475,0.10455206419594566
1325,151,1476,0.10460014111512894
1330,156,1486,0.10463694272293694
1324,154,1478,0.10466042866675745
1334,154,1488,0.10469580615403247
1330,155,1485,0.10470643057233957
1338,155,1493,0.10472579649333966
1331,149,1480,0.10472672619196559
1335,150,1485,0.10474252548988376
1324,159,1483,0.10474922695573141
1323,159,1482,0.10477987881587403
1333,156,1489,0.1048090017798473
1324,158,1482,0.10481468150491313
1327,156,1483,0.10483898456006706
1329,158,1487,0.10485581463783909
1321,158,1479,0.10486682693092543
1318,159,1477,0.10489538439945197
1325,162,1487,0.10492822696116029
1326,164,1490,0.10494340482119696
1343,159,1502,0.10495388149219592
1346,155,1501,0.10492579147045422
1343,153,1496,0.10489487132647572
1327,150,1477,0.10487367709708086
1331,150,1481,0.104888900360816
1337,148,1485,0.10489317978076254
1342,155,1497,0.10488483288308251
1343,155,1498,0.10486647670369795
1346,156,1502,0.10484781855012365
1340,158,1498,0.10482465304988915
1341,156,1497,0.10481573933714561
1346,157,1503,0.10480579037493065
1339,155,1494,0.10478617773559179
1346,157,1503,0.10478243321946042
1332,156,1488,0.1047642481571933
1346,155,1501,0.10477834849295575
1355,154,1509,0.10475999963977721
1359,151,1510,0.10472389832533625
1359,152,1511,0.10468200101061957
1356,148,1504,0.10464386516635889
1345,147,1492,0.10461508075603916
1348,151,1499,0.10461470793025572
1354,148,1502,0.10460754392356236
1343,148,1491,0.1045893901623743
1341,149,1490,0.10459624748101681
1336,150,1486,0.10460606008484938
1326,145,1471,0.10462664087812101
1330,149,1479,0.10466740473119902
1342,151,1493,0.10469618156549408
1326,152,1478,0.1046949872599322
1326,150,1476,0.10472968281829122
1329,149,1478,0.10476075582138077
1327,147,1474,0.1047828699029573
1340,151,1491,0.10480700710099289
1337,155,1492,0.10480046017239966
1337,155,1492,0.10480111832365843
1330,157,1487,0.10480263769584636
1328,158,1486,0.10481912197797554
1345,155,1500,0.10483719155403552
1340,153,1493,0.10481732261532511
1349,159,1508,0.10481083670301096
1345,159,1504,0.10478457676799018
1342,161,1503,0.10476997086057266
1343,160,1503,0.10476445979033333
1342,159,1501,0.104757445847966
1334,164,1498,0.10475343564316812
1347,164,1511,0.1047667674305251
1351,161,1512,0.10475008690813653
1340,161,1501,0.10472650540966372
1333,162,1495,0.10472950427753609
1326,159,1485,0.10474694456392092
1317,163,1480,0.10477840818467592
1302,166,1468,0.1048267919671372
1293,169,1462,0.10490315399300165
1313,167,1480,0.10499314361182606
1321,165,1486,0.1050313233867459
1316,166,1482,0.105049598193497
1324,162,1486,0.10507652763542843
1340,169,1509,0.10508388707818782
1344,168,1512,0.10505639387884015
1336,165,1501,0.10502323265296486
1339,165,1504,0.10501022368631546
1344,171,1515,0.10499212619578707
1341,171,1512,0.10496551087677171
1342,172,1514,0.10494794764404836
1332,172,1504,0.10492940699230005
1332,178,1510,0.10493463590934704
1336,177,1513,0.10493908909191228
1333,172,1505,0.10493625117017501
1321,172,1493,0.1049407864673148
1319,174,1493,0.10497072826824998
1320,180,1500,0.10500240665870343
1328,179,1507,0.1050299580399833
1331,181,1512,0.10503750815001306
1325,179,1504,0.10503844906544227
1329,175,1504,0.10505249197685958
1325,179,1504,0.10505677078104077
1322,174,1496,0.105069748309739
1326,172,1498,0.10508834929164725
1329,175,1504,0.1050954954932336
1321,177,1498,0.10509651879097076
1317,178,1495,0.10511513232047147
1310,174,1484,0.10514173957053391
1312,174,1486,0.10518004612610456
1312,176,1488,0.10521051594299421
1318,176,1494,0.10523837215547704
1325,177,1502,0.10525129969021105
1325,176,1501,0.10524789780171279
1313,180,1493,0.10524493340524842
1313,181,1494,0.10526896267298783
1312,181,1493,0.10529121403601742
1313,176,1489,0.10531344262533562
1314,183,1497,0.10533203377863351
1309,183,1492,0.10534565535744
1316,186,1502,0.1053704733482283
1302,186,1488,0.10537908503200835
1314,185,1499,0.10541783745557819
1317,180,1497,0.1054266266561426
1304,186,1490,0.10542834866294407
1316,187,1503,0.10545843864536561
1315,191,1506,0.10546040779796692
1315,193,1508,0.10546526156759249
1309,194,1503,0.10547034176074448
1303,186,1489,0.10548752698291498
1302,193,1495,0.10551743090623807
1302,196,1498,0.10554800758420509
1295,199,1494,0.10557670265902341
1299,196,1495,0.10561866811244769
1300,189,1489,0.10564757539129509
1307,194,1501,0.10567285708455353
1300,196,1496,0.10568140939913101
1296,193,1489,0.10570429900830859
1287,200,1487,0.10573360124523301
1290,201,1491,0.10577946118841519
1291,202,1493,0.10581622790475576
1296,198,1494,0.1058486543672667
1288,193,1481,0.10586685283578522
1284,199,1483,0.10590101025473272
1281,198,1479,0.1059405239780808
1283,200,1483,0.10598281161083957
1298,195,1493,0.10601734893829903
1291,194,1485,0.10601662247134393
1293,198,1491,0.10603119693839363
1289,202,1491,0.10604202459012216
1290,203,1493,0.10605949981658715
1293,207,1500,0.10607404389860069
1294,206,1500,0.10608263476729629
1283,202,1485,0.10608743516965928
1288,202,1490,0.10611637482744488
1284,203,1487,0.10613256637203047
1287,201,1488,0.10615472026423553
1280,202,1482,0.106167673137886
1273,203,1476,0.10619439092138702
1272,206,1478,0.10623357819536106
1270,202,1472,0.10627117173218964
1275,197,1472,0.10631043485275958
1294,192,1486,0.10633651504567525
1297,199,1496,0.10631900621428624
1300,203,1503,0.10629801299902482
1289,208,1497,0.10627335273168502
1279,207,1486,0.10627471498350217
1288,209,1497,0.10630018258901579
1291,206,1497,0.10630267717480373
1289,203,1492,0.10629828759758214
1297,199,1496,0.10629938791867705
1300,206,1506,0.10628215433782685
1283,208,1491,0.10625970106100258
1284,207,1491,0.10627674013625406
1295,209,1504,0.10629013041507203
1302,206,1508,0.10627850423003149
1297,206,1503,0.10625328841582178
1296,206,1502,0.10624011979339013
1286,205,1491,0.1062305331824032
1291,202,1493,0.10624393729682381
1285,205,1490,0.10624466270126448
1288,206,1494,0.10626003334573447
1285,205,1490,0.1062660965801368
1295,203,1498,0.10627770171811504
1313,204,1517,0.10626592146434742
1308,203,1511,0.10621466083623453
1301,199,1500,0.10617871815051629
1305,204,1509,0.10616228250073725
1319,204,1523,0.10613909699529764
1308,204,1512,0.10608803744880496
1310,207,1517,0.10606507267178518
1302,204,1506,0.10603929067302705
1289,206,1495,0.10603240381040607
1285,205,1490,0.10605494048110967
1266,207,1473,0.10608387184717688
1268,205,1473,0.10615102745251188
1276,202,1478,0.1062085296307084
1290,203,1493,0.10624391550316195
1291,200,1491,0.1062442640035199
1291,202,1493,0.1062432186030306
1276,204,1480,0.10624227215360017
1288,204,1492,0.10627500425412782
1297,207,1504,0.1062783208904921
1297,208,1505,0.10626280352924847
1297,207,1504,0.10624788254432989
1291,206,1497,0.10623440732466033
1299,208,1507,0.10623461217262486
1306,210,1516,0.10621907126708983
1295,209,1504,0.10618925747505006
1294,208,1502,0.1061869340842576
1302,207,1509,0.10618601463373953
1299,210,1509,0.10616809832851484
1282,213,1495,0.10615909606732914
1282,209,1491,0.1061878574384397
1275,210,1485,0.10621281303011428
1279,211,1490,0.10625096340738133
1282,210,1492,0.10627727025114915
1282,214,1496,0.1062949491840572
1281,214,1495,0.10631139444906453
1289,212,1501,0.10632838641962895
1294,217,1511,0.10632678107169476
1290,216,1506,0.10631570066650964
1296,211,1507,0.10631358236623838
1292,211,1503,0.1062986848539027
1280,214,1494,0.10629409034098516
1284,211,1495,0.10631455225518963
1269,210,1479,0.10632343728082433
1281,213,1494,0.10636389170849711
1280,210,1490,0.10637343570226437
1294,209,1503,0.10638534215877879
1299,209,1508,0.1063645089453307
1294,210,1504,0.10633354615013622
1278,209,1487,0.10631645094836813
1289,206,1495,0.10633702591963314
1294,203,1497,0.10633065129015236
1299,203,1502,0.10631338629364834
1279,209,1488,0.1062861892748545
1277,211,1488,0.10630522842067915
1287,210,1497,0.10632789938778973
1297,208,1505,0.10632769358546196
1299,212,1511,0.10630542477426656
1290,207,1497,0.1062803720195496
1277,209,1486,0.1062787733366081
1279,199,1478,0.10630641601051487
1279,195,1474,0.10632495760994833
1288,198,1486,0.1063423509422806
1286,202,1488,0.1063390573473831
1293,206,1499,0.10633996902796294
1297,205,1502,0.10632509480178878
1306,208,1514,0.10630145617814105
1310,207,1517,0.10626085678425266
1308,205,1513,0.10621577439896132
1308,209,1517,0.10617983097454432
1298,212,1510,0.10614810212362898
1277,216,1493,0.10614124870178752
1290,213,1503,0.10618061891118465
1293,216,1509,0.10618906285810413
1287,208,1495,0.10618930298043457
1292,208,1500,0.1062023179153529
1280,210,1490,0.10620289700151442
1292,210,1502,0.10622987417826618
1294,209,1503,0.10622814866158765
1292,203,1495,0.10622160195500331
1289,211,1500,0.10622152353982348
1294,210,1504,0.10622835786021995
1302,208,1510,0.10622305111022748
1297,203,1500,0.10620107002210148
1298,208,1506,0.10619101289836522
1285,209,1494,0.10617955437983437
1283,207,1490,0.10619989492940637
1276,208,1484,0.10622322581183898
1276,206,1482,0.10626025945447186
1282,210,1492,0.10629204920929639
1284,210,1494,0.10630767028200097
1289,210,1499,0.10631824200782716
1293,213,1506,0.10631670617635343
1287,214,1501,0.10630655566508257
1266,212,1478,0.10631169845574957
1284,207,1491,0.10636341680605352
1292,202,1494,0.10637191018218918
1292,203,1495,0.10636129702517547
1296,206,1502,0.10635174610793298
1285,205,1490,0.10633406901355595
1288,209,1497,0.10634194631996668
1291,207,1498,0.10634151501572883
1294,208,1502,0.10633575376358735
1297,206,1503,0.10632470762464376
1291,211,1502,0.10630866182007129
1279,210,1489,0.10630613804125666
1271,204,1475,0.10633099421153404
1274,204,1478,0.10637073991630386
1270,212,1482,0.10640104690811313
1284,215,1499,0.10643727997529416
1284,215,1499,0.10644022160184019
1278,215,1493,0.10644354712411108
1275,216,1491,0.10645964128726174
1299,213,1512,0.1064811118379075
1299,219,1518,0.10644704325662875
1300,212,1512,0.10641481900092373
1294,217,1511,0.10638353897966266
1281,217,1498,0.10636911120215792
1278,216,1494,0.10638460088575159
1270,216,1486,0.10640464854176859
1273,214,1487,0.10644069506172413
1292,216,1508,0.10646823324786908
1284,213,1497,0.10645129459868097
1280,218,1498,0.10645291135306492
1276,217,1493,0.10646362298142854
1277,217,1494,0.10648252328843982
1271,215,1486,0.1064970651894409
1272,214,1486,0.10652378932260943
1276,213,1489,0.1065457543908063
1276,217,1493,0.10655603028923782
1267,217,1484,0.10656557719308886
1264,223,1487,0.1065943766392537
1276,224,1500,0.10662639647181466
1283,226,1509,0.10663013092121774
1273,227,1500,0.10661829373626003
1280,224,1504,0.1066293514504632
1281,219,1500,0.10662313420684111
1291,220,1511,0.10661655103828477
1293,221,1514,0.10658880520728814
1289,222,1511,0.10655854980105861
1280,225,1505,0.10654172721252683
1272,228,1500,0.10654621350411095
1264,223,1487,0.10656940401939462
1271,223,1494,0.10660937477699427
1272,222,1494,0.10662952799542248
1256,223,1479,0.10664658889912693
1256,225,1481,0.10669736969282695
1273,231,1504,0.10674489572277514
1276,232,1508,0.10675095000812876
1267,240,1507,0.10675091918276287
1259,239,1498,0.10677130914399151
1252,241,1493,0.10680656911536904
1267,238,1505,0.1068552053897636
1273,237,1510,0.10686707326044705
1271,239,1510,0.10686455591816184
1257,235,1492,0.10686550995035603
1245,243,1488,0.10689896051508761
1251,245,1496,0.10695680362677214
1245,246,1491,0.10699797011848085
1244,245,1489,0.10704894960510529
1248,243,1491,0.10709740305884731
1249,250,1499,0.10713314042124121
1251,248,1499,0.1071638168648436
1243,249,1492,0.10718563739520708
1235,243,1478,0.10722294521423108
1239,243,1482,0.10727603719896903
1243,243,1486,0.10731572890351938
1243,246,1489,0.10734213041893997
1238,250,1488,0.10736587937630176
1245,245,1490,0.10739926809265624
1251,242,1493,0.1074146110015943
1247,245,1492,0.10741498838996452
1263,247,1510,0.10742613477017628
1256,249,1505,0.10740017469168672
1255,246,1501,0.10739344885105478
1252,253,1505,0.10739009318635581
1250,256,1506,0.10739383954453553
1246,250,1496,0.10740214114739163
1230,250,1480,0.10741937701462295
1231,251,1482,0.10746749944868249
1224,251,1475,0.10751162585559391
1234,254,1488,0.1075667076523347
1237,253,1490,0.10759330332592185
1240,259,1499,0.10761204629241206
1230,260,1490,0.10762239147965605
1224,267,1491,0.10765388819113378
1234,262,1496,0.10769877483679614
1227,259,1486,0.10771781564528904
1231,258,1489,0.10775014198596188
1232,262,1494,0.10777010583397363
1238,259,1497,0.10778665041934071
1237,260,1497,0.10778847568526452
1232,259,1491,0.1077942169313451
1236,262,1498,0.10780959391170555
1242,261,1503,0.10781456380325626
1236,261,1497,0.10780653376886384
1232,261,1493,0.1078142880932611
1237,260,1497,0.10782937243750855
1230,250,1480,0.10783033054024373
1232,248,1480,0.107847243456734
1233,246,1479,0.10785915100672522
1229,249,1478,0.10786835322933985
1232,258,1490,0.10788467496667811
1224,259,1483,0.10789173673407278
1226,258,1484,0.10791547188165061
1224,259,1483,0.10793293403811466
1230,262,1492,0.1079542963829347
1221,260,1481,0.10796033394765481
1211,264,1475,0.10798586760895174
1219,268,1487,0.10803271862849424
1236,270,1506,0.10805871247339689
1232,265,1497,0.10804465065345656
1239,262,1501,0.1080408812785646
1236,265,1501,0.10802294675185703
1227,266,1493,0.10801335629048779
1228,259,1487,0.10802396378569919
1220,256,1476,0.10803084715996
1223,266,1489,0.1080565428214452
1229,273,1502,0.108072264005399
1232,270,1502,0.1080738920453601
1233,269,1502,0.10806953260677833
1230,268,1498,0.10806410039218071
1228,266,1494,0.10806609115184614
1222,267,1489,0.10807241275522964
1232,266,1498,0.1080909749634525
1233,264,1497,0.10808646699266401
1231,263,1494,0.1080806858065438
1230,266,1496,0.10807886526568787
1218,270,1488,0.10807997202007046
1207,269,1476,0.10810897115385178
1216,275,1491,0.10816115937007503
1213,274,1487,0.10818788536964248
1223,270,1493,0.10821772050510446
1216,272,1488,0.1082239052896801
1228,275,1503,0.10824511092241662
1220,277,1497,0.10823859660744331
1212,277,1489,0.10824943454038277
1219,274,1493,0.10827627011289799
1216,274,1490,0.10828635291620876
1222,265,1487,0.10830373197287678
1236,265,1501,0.10830508048341664
1251,260,1511,0.10827652658538867
1250,262,1512,0.10821470148943964
1250,268,1518,0.10816125489573412
1248,271,1519,0.10811330069345665
1234,274,1508,0.10807463104786827
1227,276,1503,0.1080714906454244
1224,278,1502,0.1080846477289242
1225,278,1503,0.10810497125710837
1218,276,1494,0.10812058829347698
1215,278,1493,0.1081477392693317
1220,278,1498,0.10817895253359623
1222,272,1494,0.10819743578921451
1216,270,1486,0.10820775345948043
1217,267,1484,0.10822870339095772
1211,270,1481,0.10824535923702769
1209,276,1485,0.1082740134618476
1209,275,1484,0.10830573371747412
1209,277,1486,0.10833473327140071
1207,279,1486,0.10836111230653149
1226,273,1499,0.10838884333461882
1222,281,1503,0.10837215717633267
1234,281,1515,0.10836420420931443
1248,279,1527,0.10833008567512856
1247,277,1524,0.10826844320932377
1238,272,1510,0.10821549162828273
1239,272,1511,0.10818745095489668
1241,273,1514,0.10815944650189963
1235,269,1504,0.10812898868681446
1229,276,1505,0.10811416018538964
1238,272,1510,0.10811308785758651
1239,274,1513,0.1080924802192223
1232,270,1502,0.10807337183552405
1239,274,1513,0.10807193246534513
1241,276,1517,0.10805441616781347
1232,278,1510,0.10803506298705758
1227,282,1509,0.10803745901220081
1226,286,1512,0.1080501043796886
1231,284,1515,0.1080628050647232
1232,285,1517,0.10806433784071508
1224,286,1510,0.10806417681372409
1224,282,1506,0.10808185018118781
1232,281,1513,0.10809894339158847
1223,278,1501,0.10809751612672963
1219,277,1496,0.10811596026621938
1233,268,1501,0.10814246188996654
1231,274,1505,0.10813500409774
1230,284,1514,0.10813209187890478
1219,278,1497,0.10813111388794053
1213,271,1484,0.10815604003193535
1205,276,1481,0.10819471855805837
1211,287,1498,0.10824768123396565
1220,286,1506,0.10828228439825026
1216,300,1516,0.10829555227648335
1205,295,1500,0.10831697236270439
1201,302,1503,0.10836051064344121
1208,300,1508,0.10840906503336506
1207,299,1506,0.10843954509319992
1197,299,1496,0.1084690385037899
1200,298,1498,0.10852110942589814
1195,297,1492,0.10856073828299988
1191,301,1492,0.10860712856660587
1184,301,1485,0.10865919369513495
1197,299,1496,0.10872217568304786
1194,301,1495,0.10875114529105026
1198,305,1503,0.10878390532797585
1196,308,1504,0.1088057714957034
1208,308,1516,0.1088311056846333
1208,306,1514,0.10882783429580226
1205,307,1512,0.10882481565299766
1201,304,1505,0.10882884526298557
1202,306,1508,0.10884166498847084
1194,305,1499,0.10885078551925531
1190,311,1501,0.10887783217109949
1187,308,1495,0.10891210836103174
1191,306,1497,0.10895072328482071
1192,300,1492,0.1089768127957916
1188,304,1492,0.10899794559948728
1187,310,1497,0.10902585962376683
1180,310,1490,0.1090544608019334
1183,313,1496,0.10909693701089754
1182,313,1495,0.1091291936220926
1181,312,1493,0.1091612187931066
1185,316,1501,0.10919351144033505
1187,312,1499,0.10921470590346356
1180,319,1499,0.10922957352798696
1179,317,1496,0.10926063728288554
1173,326,1499,0.10929116885128747
1178,327,1505,0.10933363100249274
1175,321,1496,0.10936189351354812
1175,329,1504,0.10939514923175529
1169,325,1494,0.10942608027838471
1178,324,1502,0.10946682155577747
1171,325,1496,0.1094844436381398
1172,323,1495,0.10951630921888988
1168,329,1497,0.10954326295426028
1167,324,1491,0.10957667908435466
1158,327,1485,0.10961119750094454
1157,330,1487,0.10966288782953178
1151,334,1485,0.10971186145809102
1167,337,1504,0.10977067043145464
1160,339,1499,0.10978799861296089
1165,333,1498,0.10982047155928719
1167,326,1493,0.10983823843538662
1170,327,1497,0.10985165505883053
1165,328,1493,0.10985801660610477
1168,335,1503,0.10987550744717207
1170,339,1509,0.1098852617843836
1161,341,1502,0.10989108707975913
1169,337,1506,0.10991637620808196
1169,340,1509,0.10992073710309011
1153,341,1494,0.109925743128356
1168,337,1505,0.10996662279119898
1156,337,1493,0.1099700123820286
1147,333,1480,0.1100012190679738
1163,338,1501,0.11005040234905895
1158,338,1496,0.11005965323364231
1159,345,1504,0.1100787012510669
1156,339,1495,0.11009459528986713
1145,341,1486,0.11011587243984117
1156,343,1499,0.11016078180642459
1150,338,1488,0.11017785234958044
1146,344,1490,0.11020955482737672
1145,353,1498,0.11024839996086558
1138,353,1491,0.11028787105514654
1136,357,1493,0.11034180207817049
1133,361,1494,0.11039815101230717
1130,361,1491,0.1104562021663948
1139,357,1496,0.11051687775114555
1138,363,1501,0.11055260072964664
1128,368,1496,0.11058794014781138
1127,364,1491,0.11064385157847058
1128,361,1489,0.11069811917638621
1111,372,1483,0.11074653519396017
1120,364,1484,0.11082887885203775
1120,372,1492,0.11088532895346095
1127,369,1496,0.11093846612983711
1127,361,1488,0.11097085529737871
1129,369,1498,0.11100046178953665
1125,372,1497,0.11102629109416448
1121,377,1498,0.11105863126535392
1127,375,1502,0.11109663979805096
1129,381,1510,0.11112127597896734
1134,374,1508,0.11113949481813426
1121,377,1498,0.11114490366234353
1120,371,1491,0.1111786122526467
1138,366,1504,0.11121267619715708
1120,368,1488,0.111201667471458
1122,369,1491,0.11123339693111536
1116,375,1491,0.11125763001412964
1117,373,1490,0.11129261338122039
1127,377,1504,0.11132251741952247
1127,378,1505,0.11132417754282052
1128,377,1505,0.11132539190423628
1127,371,1498,0.111325328399212
1148,371,1519,0.1113272388499417
1154,370,1524,0.11128086988795616
1162,374,1536,0.1112241336924254
1149,374,1523,0.1111540736837453
1132,376,1508,0.11112008805840119
1134,371,1505,0.11112784927980615
1141,369,1510,0.11113166331770391
1132,377,1509,0.11111929545677182
1134,379,1513,0.11112883301611182
1133,376,1509,0.11113246541259325
1129,379,1508,0.11113831970353569
1119,376,1495,0.11115181254572301
1118,371,1489,0.11118713668502495
1124,377,1501,0.11122270490492352
1125,377,1502,0.1112432908193301
1116,374,1490,0.1112600692423329
1122,376,1498,0.11129436881732718
1129,378,1507,0.11131296480709103
1119,376,1495,0.11131413415213937
1119,376,1495,0.11133659955996209
1126,377,1503,0.11135618381121687
1115,382,1497,0.11135955949737265
1124,382,1506,0.1113882520874932
1114,378,1492,0.111393034097306
1114,376,1490,0.1114218510757607
1114,381,1495,0.11144799955152598
1120,381,1501,0.11147414929604445
1122,373,1495,0.11148506140407934
1112,380,1492,0.11149115281716483
1123,379,1502,0.11152051617771103
1118,378,1496,0.11152279399149165
1107,386,1493,0.11153701632076139
1112,382,1494,0.11157442592787857
1103,380,1483,0.11159651274238272
1109,391,1500,0.11163745251954939
1102,387,1489,0.11166515924897132
1103,391,1494,0.11170499457678218
1104,398,1502,0.1117395197758431
1099,399,1498,0.11177015912591991
1102,398,1500,0.11180829664108222
1099,398,1497,0.11183702166608044
1091,398,1489,0.1118713146901841
1097,401,1498,0.11191848717161293
1106,395,1501,0.11194663947295051
1104,394,1498,0.11195336979169176
1109,396,1505,0.11196344256133761
1104,387,1491,0.1119616615134607
1107,379,1486,0.11197206336205706
1114,384,1498,0.11197561859823939
1103,390,1493,0.11196329958684327
1108,388,1496,0.11197617984211171
1118,392,1510,0.11197861241225628
1111,394,1505,0.11195624767133136
1103,396,1499,0.11195149326026127
1111,398,1509,0.11196648039753956
1091,395,1486,0.11196210347396728
1092,395,1487,0.11200228564442011
1097,402,1499,0.1120372564256793
1083,408,1491,0.11205785059126036
1080,407,1487,0.11210734852524584
1079,412,1491,0.11216024270223864
1077,408,1485,0.11221184344207064
1086,407,1493,0.11226466589355416
1094,401,1495,0.11229388787912803
1102,401,1503,0.11230136762700553
1101,409,1510,0.11229061473223742
1087,409,1496,0.11228209603520387
1085,410,1495,0.11230533219104916
1092,416,1508,0.11233209786539583
1087,413,1500,0.11233975666323057
1093,413,1506,0.11235901345291108
1098,416,1514,0.1123636882956124
1092,416,1508,0.1123537417927914
1093,422,1515,0.11235890660422695
1086,421,1507,0.11236298047051001
1091,421,1512,0.11238386909003299
1090,415,1505,0.11239157384060824
1079,418,1497,0.11240090657915543
1081,420,1501,0.11243503062675263
1085,422,1507,0.11246126140583154
1084,414,1498,0.11247792243617973
1071,414,1485,0.11249610495353977
1062,415,1477,0.11254290305830651
1071,422,1493,0.11260643152384726
1075,423,1498,0.11264472303232434
1076,418,1494,0.11266958487585796
1075,416,1491,0.11268955192993405
1055,425,1480,0.11271397291215546
1054,419,1473,0.1127811909108328
1055,423,1478,0.11284390475060839
1066,422,1488,0.11290027724585552
1071,423,1494,0.11292805097620633
1081,422,1503,0.11294068274000671
1071,423,1494,0.11293047054764538
1060,418,1478,0.11294451131731872
1068,420,1488,0.11298318066398126
1080,422,1502,0.11300110194615072
1074,419,1493,0.11299080316951332
1086,422,1508,0.11299697114272876
1068,425,1493,0.11297633915838386
1077,424,1501,0.11299490238472983
1072,423,1495,0.11299261282730694
1073,421,1494,0.11299920666033067
1084,416,1500,0.11300370214643611
1078,416,1494,0.11298391266462947
1084,425,1509,0.11297792482301505
1087,427,1514,0.11295986241217142
1084,426,1510,0.11293613245701223
1090,427,1517,0.11292102659950265
1083,426,1509,0.11289364035651768
1091,426,1517,0.11288459536925152
1087,425,1512,0.1128588578010899
1075,427,1502,0.11284488503128781
1065,420,1485,0.11285797201217598
1059,419,1478,0.11289382659042545
1072,421,1493,0.11293958168136391
1070,425,1495,0.11295291325723394
1077,417,1494,0.11296884911834117
1075,419,1494,0.11296593392272014
1076,423,1499,0.11296733300202381
1080,425,1505,0.11296615122121256
1070,428,1498,0.1129542137739946
1061,430,1491,0.11296840822648559
1054,430,1484,0.11300251501292996
1059,435,1494,0.11304840784979574
1065,440,1505,0.11307878975253419
1065,434,1499,0.113093870464647
1058,436,1494,0.11310735892135973
1060,441,1501,0.11313632170094745
1057,441,1498,0.11315889684310453
1063,441,1504,0.11318662067375206
1064,443,1507,0.11319894092225326
1064,435,1499,0.11320852185238232
1057,433,1490,0.11321713647016927
1056,425,1481,0.11323904126979029
1066,426,1492,0.11326206166596553
1068,428,1496,0.11326013247286855
1064,429,1493,0.1132553327125866
1072,430,1502,0.11325999553950794
1068,425,1493,0.11324459742786307
1067,426,1493,0.11324215743076764
1063,427,1490,0.11324191857501123
1066,435,1501,0.11325041027445809
1066,433,1499,0.11325075398380108
1064,433,1497,0.1132508804588226
1074,428,1502,0.11325345176135013
1074,429,1503,0.11323319090573751
1065,433,1498,0.11321537690317098
1070,429,1499,0.11321973766343131
1067,423,1490,0.1132115258285003
1065,427,1492,0.11320919624187656
1068,426,1494,0.1132115171356378
1078,426,1504,0.1132076189322041
1060,427,1487,0.1131807497502402
1073,425,1498,0.11319666009328117
1073,425,1498,0.11318192657229893
1063,428,1491,0.11316762111882042
1070,424,1494,0.11317508466767741
1074,422,1496,0.11316571869992391
1078,426,1504,0.11314853863450047
1062,419,1481,0.1131245093735257
1051,425,1476,0.11313821562154656
1050,431,1481,0.11317913467355951
1055,427,1482,0.11321701397736987
1070,422,1492,0.11324028135948908
1066,430,1496,0.1132274085936082
1070,428,1498,0.11322444345355091
1080,430,1510,0.1132126217758349
1078,427,1505,0.11317717385895748
1075,429,1504,0.11315087618372673
1079,430,1509,0.11313506302289827
1080,428,1508,0.11311151396667568
1073,434,1507,0.11308646936633686
1072,432,1504,0.11308060819999696
1065,430,1495,0.11307829741403644
1057,429,1486,0.11309233525066413
1061,434,1495,0.1131245411377692
1057,437,1494,0.11314354858122741
1068,439,1507,0.11317232275229663
1065,434,1499,0.11317313329313182
1070,436,1506,0.11318444833989438
1052,446,1498,0.1131815869741317
1053,445,1498,0.11322055487937265
1039,446,1485,0.11325403283889571
1050,438,1488,0.11331836478735749
1057,437,1494,0.11335358562329588
1049,436,1485,0.113367893946082
1053,443,1496,0.11339840518321172
1049,447,1496,0.11341807931258771
1037,447,1484,0.1134445175251152
1042,444,1486,0.11349490520269384
1047,448,1495,0.11352979941876744
1048,445,1493,0.11354819798666799
1047,440,1487,0.11356424468496684
1056,448,1504,0.11358197770636178
1057,452,1509,0.11357979757587304
1045,452,1497,0.11357517479214554
1057,454,1511,0.11359858443439748
1058,457,1515,0.11359449655916183
1052,467,1519,0.11359061437614958
1045,462,1507,0.11360250023293951
1047,462,1509,0.1136299033907255
1049,456,1505,0.11365120208284513
1052,450,1502,0.11366846938497968
1041,461,1502,0.11367654924968157
1049,461,1510,0.11370815825085905
1052,462,1514,0.11372195235574598
1047,465,1512,0.11372937448933007
1043,460,1503,0.1137480912515632
1033,463,1496,0.11377427628664888
1039,461,1500,0.11382297979836058
1042,462,1504,0.11385319731475924
1034,468,1502,0.11387406275930786
1032,469,1501,0.11391341576010071
1031,468,1499,0.11395285653078183
1022,471,1493,0.11399240370495885
1015,471,1486,0.11404869755620513
1008,475,1483,0.11411804426452925
1016,479,1495,0.11419823818512385
1014,482,1496,0.11425501481375204
1013,485,1498,0.1143130479016942
1015,485,1500,0.11436897777159437
1019,491,1510,0.11441574613730196
1017,487,1504,0.11444767024812527
1023,491,1514,0.1144816414973541
1037,481,1518,0.11449860579454221
1024,476,1500,0.11448376189940741
1022,473,1495,0.11450085684221283
1018,473,1491,0.11452376196862599
1022,473,1495,0.11455366748902165
1023,469,1492,0.11457187776274584
1034,465,1499,0.11458533852642167
1031,466,1497,0.1145720671848599
1033,469,1502,0.11456656365927646
1028,463,1491,0.11455572212344077
1018,467,1485,0.1145562392433221
1024,466,1490,0.11458169206636251
1020,472,1492,0.11458907913789983
1024,471,1495,0.11460550182625955
1020,474,1494,0.11461277592589536
1018,478,1496,0.11462925685247757
1019,482,1501,0.11465077663614187
1020,483,1503,0.1146687159758341
1021,476,1497,0.11468267159222931
1025,479,1504,0.11469256010343219
1016,482,1498,0.11469304071754115
1019,485,1504,0.1147132120119325
1012,483,1495,0.11472383119247925
1012,483,1495,0.11475209296787074
1014,491,1505,0.11477796319905821
1018,490,1508,0.11479876725781572
1016,495,1511,0.11480658162337569
1009,487,1496,0.11481883488023542
1013,480,1493,0.11484694756833683
1022,489,1511,0.11486290385270717
1021,489,1510,0.11485679164597258
1013,483,1496,0.11485465994695038
1026,483,1509,0.1148696528337322
1027,482,1509,0.1148534070263289
1013,480,1493,0.11483560846361623
1012,487,1499,0.11485358157084141
1013,482,1495,0.11487214604348393
1016,488,1504,0.1148873769328079
1011,487,1498,0.11489419541154376
1014,487,1501,0.11491163564874718
1022,486,1508,0.11492125512594009
1028,490,1518,0.11491125765845127
1036,492,1528,0.11488827548688926
1034,486,1520,0.11485011983339995
1024,483,1507,0.11481929318893128
1024,487,1511,0.11481417030151375
1015,487,1502,0.11480812054437603
1012,486,1498,0.11482217585795856
1023,481,1504,0.11483936941842274
1010,480,1490,0.11482952766387139
1005,481,1486,0.11484935497887616
1016,484,1500,0.11487969169523439
1005,483,1488,0.11488128623696901
1004,473,1477,0.11490646603461264
1017,479,1496,0.11493254934573843
1026,474,1500,0.11492672233757446
1015,484,1499,0.11490122996384132
1018,487,1505,0.11490533791872182
1026,493,1519,0.11490249754461257
1013,497,1510,0.1148826768582899
1014,496,1510,0.11489289230387052
1002,495,1497,0.11490164643138769
997,501,1498,0.1149380614666329
998,496,1494,0.11498617871129917
1000,495,1495,0.11502851052650144
1001,496,1497,0.11506221436845934
997,498,1495,0.11509332357390177
995,502,1497,0.11512918489219068
999,499,1498,0.1151668819859384
990,498,1488,0.11519242650156775
978,501,1479,0.11523757101451877
983,501,1484,0.11530997778059852
996,504,1500,0.11536503438794242
1002,506,1508,0.11538386781475846
994,505,1499,0.11538873025877561
997,508,1505,0.11541047101546396
1000,508,1508,0.11542556499436951
1000,509,1509,0.11543225998614297
995,516,1511,0.1154407265174298
988,518,1506,0.11545950082463446
976,521,1497,0.11549315093616418
985,520,1505,0.11554981673120451
981,522,1503,0.11557996498292106
990,514,1504,0.11561792340609742
989,506,1495,0.1156326697563394
986,512,1498,0.1156492674638941
982,520,1502,0.11567011646978859
984,522,1506,0.11570110153527281
974,518,1492,0.11572573011169246
971,517,1488,0.11577040421796983
969,515,1484,0.11581735243531462
974,514,1488,0.11586333961994004
979,510,1489,0.11589299928515134
980,509,1489,0.11590825681259716
986,509,1495,0.11591935268643078
988,512,1500,0.11591448122610241
997,517,1514,0.11590816172143867
985,527,1512,0.11588441688397293
980,529,1509,0.11589073581851263
972,528,1500,0.11590859934471368
976,520,1496,0.11594135907166304
977,521,1498,0.11596095436856725
969,529,1498,0.1159771081452817
977,526,1503,0.11601110196156376
973,529,1502,0.11602473873820213
975,534,1509,0.11604755987433575
975,537,1512,0.11606318403229973
976,535,1511,0.11607671254380472
969,539,1508,0.11608622409973485
984,533,1517,0.11611160867718397
981,526,1507,0.11610052975874666
971,527,1498,0.11609766482706858
974,523,1497,0.11611880238591375
975,511,1486,0.11613090683859183
979,513,1492,0.1161401442690315
964,520,1484,0.11613969779216765
969,525,1494,0.11617642115198219
971,528,1499,0.1161977530587339
965,530,1495,0.11621269887245216
974,529,1503,0.11623942766810216
971,535,1506,0.11624257077964778
980,537,1517,0.11625326055719974
969,532,1501,0.11624324848192127
960,522,1482,0.1162579072412679
969,527,1496,0.11629091672596044
965,529,1494,0.1163036821693931
957,534,1491,0.11632389749054838
964,544,1508,0.11636220346774864
967,543,1510,0.11638263777803828
961,547,1508,0.11639556829077975
958,540,1498,0.11642237606065155
948,551,1499,0.11645300733122964
944,550,1494,0.11650589532549054
946,555,1501,0.11656329246259543
952,559,1511,0.1166115261811889
955,551,1506,0.11664176987783986
955,550,1505,0.116662506720043
946,546,1492,0.11668109986059641
964,552,1516,0.116719053762321
956,552,1508,0.11671262594774365
942,557,1499,0.11672664450091293
941,554,1495,0.11677287539928129
939,554,1493,0.11681705876851706
945,544,1489,0.11686216114831897
943,547,1490,0.11688971816110588
942,541,1483,0.11692014128150213
941,552,1493,0.11695184116527177
937,545,1482,0.11698303717490736
946,552,1498,0.11701903987864204
955,558,1513,0.1170303536855342
943,554,1497,0.11701990678044641
937,555,1492,0.11703671264640292
932,551,1483,0.11706679199897334
942,543,1485,0.11710675248282651
945,546,1491,0.11712135896317676
939,554,1493,0.11712810075979792
946,553,1499,0.11714806205182324
943,545,1488,0.11714978169864
936,554,1490,0.11715818050947407
934,554,1488,0.11718206909918115
923,561,1484,0.11720860787964854
938,562,1500,0.11726012398387299
947,564,1511,0.11727328917956839
946,565,1511,0.11726461936693852
935,571,1506,0.11725844394293812
939,571,1510,0.11727930800465253
936,572,1508,0.11729137751539737
942,572,1514,0.11731043067809598
938,570,1508,0.11731523684350942
943,572,1515,0.11732770561962451
946,576,1522,0.11732765376354003
943,580,1523,0.1173204932341455
923,580,1503,0.11731855810238181
930,576,1506,0.11736218842690596
933,575,1508,0.11738735753239783
935,575,1510,0.1174053338045819
929,580,1509,0.1174188454297823
913,578,1491,0.11744433486475189
906,579,1485,0.1175047126903809
910,570,1480,0.11757432125867368
916,580,1496,0.11763043027316901
926,591,1517,0.1176689668458757
919,583,1502,0.11768312783842268
915,589,1504,0.11771283206139739
915,593,1508,0.1177509176215368
918,587,1505,0.11778652384321042
923,584,1507,0.11781087609319318
927,584,1511,0.11782281593666635
912,584,1496,0.117824198903485
915,591,1506,0.11785937440042497
918,588,1506,0.11788469007433147
914,585,1499,0.11790128563926508
924,586,1510,0.11792693369115889
922,586,1508,0.11792912995287214
916,577,1493,0.11793470394767618
907,578,1485,0.11795432435239583
908,585,1493,0.11799237716208723
902,581,1483,0.11802566844662625
903,584,1487,0.11806979248668444
914,589,1503,0.11810578818024606
912,580,1492,0.11811305790447374
909,584,1493,0.11812478868480608
916,586,1502,0.11814760143615796
906,590,1496,0.11815138080453572
903,596,1499,0.11817586558190783
906,599,1505,0.11820618390786841
910,597,1507,0.11822685965033329
906,600,1506,0.11823676056574502
910,594,1504,0.11825659216732454
908,599,1507,0.118266506677552
901,606,1507,0.11827879858387128
910,599,1509,0.11830761910513538
917,598,1515,0.11831444100668122
903,599,1502,0.11830579021955753
908,593,1501,0.1183320704404823
905,587,1492,0.118346009012696
910,599,1509,0.11836679433632753
910,610,1520,0.11837203946865157
905,617,1522,0.11837801077172717
902,615,1517,0.11839524996632324
904,609,1513,0.11841912816708704
899,612,1511,0.11843759444696005
899,612,1511,0.11846547828705817
892,608,1500,0.11849081187360583
898,604,1502,0.11853120840815035
893,603,1496,0.11855357194727696
887,609,1496,0.11858735324179566
890,614,1504,0.11863285908367621
900,612,1512,0.11866827214842238
911,612,1523,0.11867833605824314
910,610,1520,0.11866291560339355
906,614,1520,0.11865152968724271
904,619,1523,0.11865051736767303
897,611,1508,0.11865528381269304
886,608,1494,0.11867528731643534
892,620,1512,0.11872027395540659
882,613,1495,0.11874914745946835
888,620,1508,0.11879894792921317
883,615,1498,0.11883051289566797
879,625,1504,0.11887165675049292
884,617,1501,0.11892080321490787
886,618,1504,0.11895396529791044
890,621,1511,0.11897991251941577
883,618,1501,0.11899406994395897
886,623,1509,0.11902359817562651
886,624,1510,0.11904319405159738
883,625,1508,0.11906422149411995
897,628,1525,0.11909077435781605
891,626,1517,0.11908145236722537
900,625,1525,0.11908693738505675
892,625,1517,0.11907023917851847
888,627,1515,0.11907496618696094
878,633,1511,0.11908940151872847
884,636,1520,0.1191288719268778
885,631,1516,0.11914953014100775
887,636,1523,0.11916592565734682
871,643,1514,0.11917865270510195
873,643,1516,0.11922738624788287
865,652,1517,0.119265830293254
868,658,1526,0.11932116391406071
861,654,1515,0.11936422165368775
847,654,1501,0.11941974137716663
849,650,1499,0.11950396739935798
841,650,1491,0.11957847178862366
851,650,1501,0.11966520496707986
844,648,1492,0.11972011830601835
850,652,1502,0.11978922735950352
850,656,1506,0.11983979460937257
852,651,1503,0.11988873797639986
844,653,1497,0.11992951508771842
845,660,1505,0.11998683640148673
833,659,1492,0.12003798602674547
836,671,1507,0.12011317383363217
833,668,1501,0.12017582961380924
833,673,1506,0.12024178054515575
829,671,1500,0.12030045390198184
829,675,1504,0.12036326713824536
827,667,1494,0.12042124962626016
830,670,1500,0.12048128307638678
825,672,1497,0.12053008217848639
816,662,1478,0.12058772538793949
814,665,1479,0.12066218970376692
815,678,1493,0.12073659133400738
818,672,1490,0.12080225395706393
818,677,1495,0.1208558027677887
811,682,1493,0.1209054147074198
816,678,1494,0.12096875125158416
816,679,1495,0.12101761618275035
820,672,1492,0.12106168652355274
832,674,1506,0.12109377939772528
839,668,1507,0.1210935627799194
838,665,1503,0.12107860648805299
838,666,1504,0.12106602493565884
839,663,1502,0.12105142336020083
836,658,1494,0.12103719687240387
838,655,1493,0.12103060331947853
834,650,1484,0.12102016817072199
844,651,1495,0.12101860769621958
848,660,1508,0.12099191760263174
850,661,1511,0.12095784277748606
846,663,1509,0.1209201072746258
856,665,1521,0.12089404710720293
854,663,1517,0.12084753626655742
850,664,1514,0.12080946048099303
851,673,1524,0.12078379387032318
845,673,1518,0.12075736528601197
841,661,1502,0.12074808344023089
842,647,1489,0.120748521437797
852,659,1511,0.1207450964167041
843,661,1504,0.12071941483246118
842,672,1514,0.1207177606216384
836,669,1505,0.1207184427784078
834,663,1497,0.12073617896593192
836,673,1509,0.12075614454245898
835,676,1511,0.12076934189506001
834,674,1508,0.12078500164245988
833,674,1507,0.12080115794292011
822,675,1497,0.12082120479986258
825,674,1499,0.1208658750786205
822,686,1508,0.12090070389060927
820,699,1519,0.12094311038653871
813,699,1512,0.120987350104319
802,692,1494,0.12104457233770971
803,693,1496,0.12112350124115649
800,694,1494,0.12119314288057371
794,695,1489,0.1212662041906414
807,689,1496,0.12134872916083367
806,687,1493,0.12139434304844535
810,693,1503,0.12143804203639214
817,698,1515,0.12146758363456858
818,693,1511,0.12147881672565475
819,693,1512,0.12148585522651441
818,700,1518,0.12148881881577925
821,702,1523,0.12149414674374104
810,689,1499,0.12149154737241431
804,697,1501,0.1215151870079421
809,695,1504,0.12155073633000484
815,694,1509,0.12157251407711939
816,701,1517,0.12158015098535349
805,701,1506,0.12158585218766578
807,702,1509,0.12161797985464755
809,707,1516,0.12164352031258346
800,703,1503,0.12166130969854023
801,712,1513,0.12169944883957268
799,710,1509,0.12173212760296707
801,713,1514,0.12176677991895386
803,713,1516,0.12179385538467159
793,703,1496,0.12181369945222684
798,703,1501,0.12185747520842609
798,697,1495,0.12188741326211447
800,702,1502,0.12191608954242023
792,707,1499,0.12193729555722926
783,718,1501,0.12197702587785905
782,718,1500,0.12203851420110415
779,722,1501,0.12209774644972234
776,724,1500,0.12216004488399018
772,721,1493,0.12222443868275086
778,727,1505,0.1222958744823957
780,727,1507,0.12234906223128725
780,724,1504,0.12239234317200158
781,727,1508,0.12243072496979444
774,733,1507,0.12246495155748495
780,734,1514,0.12251229918918195
770,733,1503,0.12254285179078148
771,736,1507,0.12259314485679586
775,729,1504,0.12263601076034415
775,720,1495,0.12266625496715189
772,716,1488,0.12269534589716038
777,718,1495,0.12272898547168434
779,718,1497,0.1227487478137562
773,717,1490,0.12276336581607497
770,725,1495,0.12279121617965717
768,720,1488,0.1228243286608924
772,728,1500,0.12285928754279678
765,723,1488,0.12288084265393948
761,726,1487,0.1229156754616054
768,720,1488,0.12295938236816767
781,727,1508,0.12298284648611908
780,734,1514,0.12297438329645127
788,738,1526,0.12296918043361746
784,735,1519,0.12294522681421977
787,744,1531,0.12293250194325184
780,739,1519,0.1229147822309839
767,735,1502,0.12291543333111829
766,740,1506,0.12294694007945506
771,736,1507,0.12297700330068563
775,735,1510,0.12299258978126484
765,731,1496,0.12299745360971916
764,739,1503,0.12302652516287887
763,735,1498,0.12305602679531191
768,739,1507,0.1230857159181087
762,736,1498,0.12309990989535465
773,741,1514,0.12312501005680619
778,733,1511,0.12312259300265932
777,744,1521,0.12310477092365589
782,745,1527,0.12309158288883246
781,737,1518,0.12306794555757694
779,726,1505,0.12304933024399296
774,731,1505,0.12303734589674925
772,725,1497,0.12303934531370297
770,740,1510,0.12304586616637399
765,738,1503,0.12305593769981212
773,730,1503,0.1230770482548807
760,732,1492,0.12307629090423632
763,740,1503,0.12310658738924206
768,736,1504,0.12312805681288355
763,736,1499,0.12313823594710932
755,742,1497,0.1231605000275088
751,736,1487,0.12320213692066258
750,742,1492,0.12325109868681981
758,741,1499,0.12329886761183931
761,734,1495,0.12332235668901649
761,737,1498,0.12333813105583342
757,743,1500,0.12335401233964502
753,745,1498,0.12337869349891996
754,747,1501,0.12341276386095323
753,746,1499,0.12344021465078385
773,743,1516,0.12346767162867194
767,741,1508,0.12344448379821933
762,749,1511,0.12343670201905262
759,754,1513,0.12344388770310061
759,753,1512,0.12345642227714677
753,759,1512,0.12346912136675456
755,758,1513,0.12349623790296547
756,757,1513,0.12351445065380638
754,754,1508,0.12352837074139895
755,758,1513,0.12354761673947749
750,757,1507,0.12356422835951564
746,756,1502,0.12359053935001092
745,746,1491,0.12362395562266731
754,754,1508,0.12365691984385457
749,752,1501,0.12366584169353821
738,759,1497,0.1236832105664351
745,751,1496,0.12372683202522584
749,757,1506,0.12375048270010065
752,756,1508,0.12376410149318758
744,750,1494,0.12376888819872732
750,758,1508,0.12379058494695215
750,762,1512,0.12379459861795543
747,755,1502,0.12379853139743503
749,750,1499,0.12380804343810387
757,756,1513,0.12381261888895466
752,760,1512,0.12379818168376033
752,765,1517,0.12379743432654725
759,759,1518,0.12379729556326147
748,750,1498,0.12378108751155725
749,751,1500,0.12379314887389083
756,745,1501,0.12380122308410862
759,748,1507,0.12378986061478661
763,758,1521,0.12377169770059399
769,744,1513,0.12374576719255703
771,746,1517,0.12370883169646799
771,743,1514,0.12367125699220641
779,743,1522,0.12363713426806427
760,748,1508,0.1235850129939169
756,743,1499,0.12358022566519467
760,744,1504,0.12358610597668679
763,748,1511,0.12358363215330369
764,750,1514,0.12357654657316468
761,757,1518,0.12356759141455001
758,759,1517,0.12356765789766029
757,756,1513,0.12357575298854241
752,756,1508,0.12358306317889493
756,758,1514,0.12360201016113191
754,770,1524,0.12361294720048445
754,771,1525,0.12362606929091836
758,762,1520,0.1236407861120027
760,752,1512,0.12364322907114036
761,761,1522,0.12364137089032312
755,755,1510,0.1236373473603367
755,759,1514,0.12364876172736426
745,759,1504,0.12366172415098355
747,759,1506,0.12369743668363156
736,756,1492,0.12372778899489954
735,754,1489,0.12378253478175587
735,755,1490,0.12383750547054805
730,761,1491,0.12388566809470924
732,764,1496,0.12394219869074959
744,775,1519,0.12399249660983344
738,787,1525,0.12400964670346465
735,787,1522,0.12404295477536476
731,785,1516,0.12408248115425033
723,782,1505,0.12412724793959501
729,781,1510,0.1241890833304716
723,783,1506,0.12423024172207237
725,789,1514,0.12428390623900917
723,791,1514,0.12432912112002877
728,783,1511,0.12437549421444773
718,794,1512,0.1244069132648949
724,788,1512,0.1244576465111054
731,784,1515,0.12449197644458775
730,787,1517,0.12450747963256639
727,779,1506,0.12452451180447363
729,783,1512,0.1245480161430709
725,779,1504,0.12456420793200851
730,777,1507,0.12458754844698589
734,769,1503,0.12459597996036668
726,776,1502,0.12459304557689457
712,781,1493,0.1246074152101958
715,777,1492,0.12465430466108701
711,776,1487,0.12468999446808184
715,784,1499,0.12473148288917477
720,787,1507,0.12476110525584286
725,773,1498,0.12477626580485608
727,779,1506,0.1247780964902018
735,779,1514,0.12477617015309772
725,778,1503,0.12475755260556219
725,773,1498,0.12476413076178883
729,783,1512,0.12477127457201372
719,784,1503,0.12476835215963533
717,792,1509,0.12479142004338804
720,788,1508,0.12481750582396355
724,784,1508,0.1248348722882886
717,777,1494,0.12484359464838347
723,787,1510,0.12486837188111888
713,793,1506,0.1248801541658586
716,799,1515,0.12491604212751453
709,806,1515,0.1249438101871338
708,807,1515,0.1249864704563069
707,808,1515,0.12503051577272706
707,805,1512,0.1250758783238122
695,804,1499,0.12511632323059824
698,805,1503,0.12518466207192083
697,809,1506,0.12523901436924997
693,811,1504,0.125290322689189
690,808,1498,0.1253503205880762
682,804,1486,0.12541309470916778
684,810,1494,0.12549057328481752
688,811,1499,0.12555630403959658
680,813,1493,0.12561019924109298
679,819,1498,0.12567862667589658
686,816,1502,0.12574454788948827
693,808,1501,0.12579001593162262
688,813,1501,0.12581550274946282
683,808,1491,0.12585128730379933
685,803,1488,0.12589610418002029
693,803,1496,0.1259317669210728
700,802,1502,0.12594629903391433
698,794,1492,0.12594167877745602
702,797,1499,0.12594308733479337
706,806,1512,0.12593441891274226
705,805,1510,0.12591674042474266
704,803,1507,0.12590327396386158
700,808,1508,0.12589325884034205
702,805,1507,0.1258925523635309
703,802,1505,0.12588899928632863
706,801,1507,0.12588433554051245
708,803,1511,0.12587332055612563
695,806,1501,0.12585854972055632
693,809,1502,0.12587764353678976
702,812,1514,0.12590120139039868
703,813,1516,0.1259037489495368
692,812,1504,0.12590420832355703
686,820,1506,0.12593132106278668
686,826,1512,0.12597243133599878
692,827,1519,0.12600956373226696
683,822,1505,0.12603014763185963
686,817,1503,0.12607127168035948
692,812,1504,0.12609933072044027
691,817,1508,0.12611019430613774
686,820,1506,0.12612255103329797
686,830,1516,0.12614624305491418
689,822,1511,0.1261678027745938
694,812,1506,0.12618034812826795
697,807,1504,0.12618176825977717
692,809,1501,0.12617727144852536
688,810,1498,0.12618466912183995
688,809,1497,0.12620160987680662
697,817,1514,0.1262174543245392
690,816,1506,0.12621113204659745
697,816,1513,0.12622145884143712
691,818,1509,0.12621286973328213
693,826,1519,0.12621729322463307
697,818,1515,0.1262175007613256
698,825,1523,0.12620738973393372
696,812,1508,0.1261957055908228
683,816,1499,0.12618835908741965
684,810,1494,0.12621248945477248
690,817,1507,0.12623193026411125
687,823,1510,0.126236699190837
680,823,1503,0.12624752476056092
675,826,1501,0.1262754953087547
673,819,1492,0.12631059983077317
680,829,1509,0.12634948418488134
672,838,1510,0.12637064521069713
675,827,1502,0.1264089430815617
678,831,1509,0.12643650517440058
681,822,1503,0.12645400069853227
681,825,1506,0.1264632128262097
681,829,1510,0.1264741342759256
685,834,1519,0.12648538351848385
686,838,1524,0.1264866378716696
691,835,1526,0.12648598318572854
686,837,1523,0.12647329150146547
668,837,1505,0.12647474542139575
676,841,1517,0.1265178176414243
668,848,1516,0.1265411730958549
670,842,1512,0.12658075328815677
667,844,1511,0.12661379047803886
671,852,1523,0.1266518089081079
668,852,1520,0.1266763965219217
662,849,1511,0.12670819557193386
663,855,1518,0.1267524297366175
668,858,1526,0.12678966318061888
656,860,1516,0.12681148239980947
652,847,1499,0.12686092508098906
645,838,1483,0.12691725365542003
652,844,1496,0.12698592525564215
655,842,1497,0.12703320355065084
648,841,1489,0.12707038480375302
649,848,1497,0.12711823408587158
658,844,1502,0.1271628762494038
664,850,1514,0.1271798519005763
651,860,1511,0.12718251878851133
645,864,1509,0.12721836149644208
641,870,1511,0.12726453121967432
642,870,1512,0.12731684330327683
643,859,1502,0.12736250457154955
652,867,1519,0.12740543388618586
652,864,1516,0.12742369565481243
647,869,1516,0.12744033830143534
648,866,1514,0.12746928334872035
655,860,1515,0.12749523828556236
645,872,1517,0.12750334390068016
644,868,1512,0.127536580433158
652,871,1523,0.12756999468814054
653,860,1513,0.12758289626933825
651,859,1510,0.12759039932845492
649,861,1510,0.1276039255988865
648,873,1521,0.1276209848151762
638,869,1507,0.1276397154207064
640,873,1513,0.12768354431730436
635,872,1507,0.12771891804661054
626,870,1496,0.12776397039282572
626,871,1497,0.12782577610857365
628,881,1509,0.12788253125216312
630,869,1499,0.12793091229080883
640,874,1514,0.12797090796422722
632,870,1502,0.12798536681958173
634,875,1509,0.1280201120372684
634,885,1519,0.128049321788832
632,879,1511,0.12807846387797947
633,878,1511,0.1281109570101162
639,882,1521,0.12813803076628777
638,881,1519,0.12814824640321565
625,873,1498,0.12816026907646827
623,874,1497,0.12820180466595404
633,873,1506,0.12824514915768911
634,877,1511,0.1282595826043768
624,883,1507,0.1282734965465215
631,891,1522,0.12831015767233256
626,899,1525,0.1283275667054161
629,889,1518,0.12835680775533043
623,876,1499,0.1283783144835572
623,878,1501,0.1284132563557253
635,878,1513,0.128443664383216
637,880,1517,0.12844287475436855
636,884,1520,0.12843658063112365
634,887,1521,0.12843387519001545
629,882,1511,0.1284363468437361
634,875,1509,0.12844925751437522
628,885,1513,0.12844832956589392
626,885,1511,0.12846152918134915
625,889,1514,0.1284780654375873
630,894,1524,0.1284968672656912
628,893,1521,0.12850446942668736
629,872,1501,0.12851654561451628
621,874,1495,0.12852330100981796
622,874,1496,0.12854798061191391
626,879,1505,0.128568658000679
619,886,1505,0.12857872164636044
613,881,1494,0.12860781125820403
617,887,1504,0.12864926946001812
612,895,1507,0.12867738185321195
611,878,1489,0.12871463603961836
618,899,1517,0.12875353870217626
625,886,1511,0.12877306548081002
633,883,1516,0.12877074457269744
634,894,1528,0.1287496658550939
623,900,1523,0.12872887884668824
625,894,1519,0.12873451187674692
624,900,1524,0.12873456758931331
620,898,1518,0.12873800645698041
626,907,1533,0.12875190102135947
617,901,1518,0.12875184509252768
624,888,1512,0.12877457837927475
618,889,1507,0.12877843462518443
617,903,1520,0.12879650377953233
616,896,1512,0.12881507617361368
618,887,1505,0.12883481245887307
614,882,1496,0.12884794335579008
611,884,1495,0.12887071840331907
608,900,1508,0.1288984340245048
610,894,1504,0.12893021205248778
596,897,1493,0.12895733318072602
593,885,1478,0.12901674582776995
583,892,1475,0.12907839904827786
588,900,1488,0.12915908307785898
589,899,1488,0.12922294485776875
589,911,1500,0.12928144302666497
592,903,1495,0.12933652412770746
588,902,1490,0.1293787587194698
587,912,1499,0.12942627719266414
583,920,1503,0.12947267906832038
585,923,1508,0.12952696868577268
591,927,1518,0.12957239117513966
596,922,1518,0.12960001726581713
590,924,1514,0.12961420961878573
583,924,1507,0.12964235103835584
576,921,1497,0.12968520467717964
584,926,1510,0.12974091799035264
588,919,1507,0.12977298412820928
581,922,1503,0.12979318192581704
582,911,1493,0.12982953009945664
591,918,1509,0.12986049208317899
593,914,1507,0.12986722486634336
591,920,1511,0.12986863085302583
588,921,1509,0.12987509188318314
597,921,1518,0.12988881334020647
588,926,1514,0.1298796352634764
582,927,1509,0.1298937966420377
575,926,1501,0.12992152918616937
575,931,1506,0.12996507021989567
570,927,1497,0.1300053960649425
577,928,1505,0.13005721372294518
572,917,1489,0.13008511577149715
578,920,1498,0.13012317935146991
589,910,1499,0.1301438106726512
583,919,1502,0.13013585933845748
587,920,1507,0.13014202002520206
590,929,1519,0.13013881208348654
597,917,1514,0.13012923789846953
597,923,1520,0.13010696661694854
592,925,1517,0.1300869071505714
584,925,1509,0.13008199369117876
590,928,1518,0.1300976797596028
579,933,1512,0.13009763752310372
578,934,1512,0.13012365259891548
592,928,1520,0.13015195034902005
581,926,1507,0.13014289506544358
579,934,1513,0.13016186195801616
575,931,1506,0.13018432684900816
572,936,1508,0.1302136957670129
575,929,1504,0.1302493230641592
575,932,1507,0.13027538165365216
574,928,1502,0.1302979205436716
581,935,1516,0.13032109453616467
581,937,1518,0.1303248421663273
575,928,1503,0.13032750233987497
576,918,1494,0.1303450649084082
571,934,1505,0.13035919403085555
568,938,1506,0.130386729988491
581,946,1527,0.13041862475256638
585,931,1516,0.13041844073002104
575,928,1503,0.1304086843352308
570,930,1500,0.13042526206844202
567,931,1498,0.1304525640405718
572,934,1506,0.13048500260994833
560,940,1500,0.13050415286813538
567,939,1506,0.13055189160104097
570,935,1505,0.1305783510282038
569,938,1507,0.1305955262531356
567,941,1508,0.13061426028880244
572,943,1515,0.130634163559832
571,941,1512,0.13064270769771555
573,940,1513,0.13065382046825433
566,934,1500,0.13066077177029264
577,930,1507,0.13068374772889074
575,937,1512,0.130676438155325
574,937,1511,0.13067338960540173
570,948,1518,0.13067430423481513
569,950,1519,0.13068541662029293
570,946,1516,0.13069823115900658
564,939,1503,0.1307083233274748
566,949,1515,0.13073284434522636
569,947,1516,0.13075059750162651
558,933,1491,0.13076132865769138
567,942,1509,0.1307962614028288
555,944,1499,0.13080592652858503
562,951,1513,0.13084615575732397
564,955,1519,0.1308663004802921
558,952,1510,0.13088058772844213
560,956,1516,0.13090720571063963
561,956,1517,0.13092792031024916
556,953,1509,0.1309449576766847
554,948,1502,0.13097020619968908
553,955,1508,0.13099913960876244
549,947,1496,0.13102891321412913
554,946,1500,0.13106643700039616
559,966,1525,0.13108916302343157
558,954,1512,0.13109956807865694
560,964,1524,0.13111125659387746
552,960,1512,0.1311182426060454
554,966,1520,0.13114550130081182
547,961,1508,0.13116561084886766
537,964,1501,0.1312019980631688
534,962,1496,0.13126179012787229
540,965,1505,0.13132499135530545
534,970,1504,0.13136974790164443
532,962,1494,0.1314246814524798
534,962,1496,0.1314815393605906
545,952,1497,0.13153219917025813
538,969,1507,0.13155181425306656
536,967,1503,0.13158675492777194
538,962,1500,0.13162320676732853
539,957,1496,0.13165202128737813
547,966,1513,0.13167664230457302
550,980,1530,0.1316823702986688
548,975,1523,0.13167950238832646
543,969,1512,0.13168128331564463
542,974,1516,0.13169632288762526
543,966,1509,0.13171198988205718
548,967,1515,0.1317245727899794
538,965,1503,0.13172397346878398
539,967,1506,0.13174730143190114
547,968,1515,0.1317679417858962
545,952,1497,0.13176836020371663
539,954,1493,0.13177618762035995
540,954,1494,0.13179783264980607
540,965,1505,0.13181433408333
538,967,1505,0.13183148950349208
534,966,1500,0.13185237384318194
527,961,1488,0.13188166602101667
528,969,1497,0.13192678978723993
532,975,1507,0.13196476338340585
532,968,1500,0.1319889666937751
541,967,1508,0.13201224255134547
545,967,1512,0.13201309490411434
545,969,1514,0.13200283818221648
544,972,1516,0.13199405267318856
544,973,1517,0.13198889798723545
540,979,1519,0.1319850197758533
539,972,1511,0.13199014455403038
549,974,1523,0.13199699366368162
548,971,1519,0.1319802521777127
543,976,1519,0.13196745239356894
530,975,1505,0.13196614070054494
532,969,1501,0.13199427299698882
531,969,1500,0.13201437472581612
535,959,1494,0.1320348207923621
536,967,1503,0.13204417718246497
529,964,1493,0.1320507766230897
531,971,1502,0.13207335806051593
520,971,1491,0.13208983717147113
528,969,1497,0.13213298659473144
533,973,1506,0.13215391969996504
522,977,1499,0.1321615425943658
530,978,1508,0.1321942488829364
520,974,1494,0.13220376833703898
519,978,1497,0.13223802742416935
524,980,1504,0.13227181755098516
523,979,1502,0.13229127183020875
521,980,1501,0.13231197574586628
523,987,1510,0.1323377844584306
519,993,1512,0.13235790764644093
520,990,1510,0.132388019356413
511,1001,1512,0.13241515515795738
511,1011,1522,0.13246235241945048
508,1002,1510,0.13250563816043912
509,1000,1509,0.13255346263032983
519,1003,1522,0.13259678040692774
520,999,1519,0.13261433404586753
514,998,1512,0.13262875260423507
516,992,1508,0.1326585402166991
517,1006,1523,0.13268331494813004
519,1012,1531,0.13270339309586263
508,1011,1519,0.132717799186229
509,1019,1528,0.13275725407230168
514,1017,1531,0.13279204378710158
510,1021,1531,0.13281346588494827
500,1012,1512,0.13284333426096073
497,1010,1507,0.13289565070462409
502,1008,1510,0.132951517719175
498,1019,1517,0.13299004563792083
490,1013,1503,0.13303432695692133
490,1007,1497,0.13309503265020978
497,995,1492,0.13314885440151455
503,998,1501,0.1331801444544006
503,997,1500,0.13319443684546
501,1012,1513,0.13320811098902527
511,1010,1521,0.13322472809498764
510,1012,1522,0.13321467811744506
507,1016,1523,0.13320660790946787
506,1016,1522,0.13320877575255785
507,1008,1515,0.13321436881295
506,1009,1515,0.13321807541907218
508,1014,1522,0.13322166034218802
506,1009,1515,0.13321972554366548
510,1006,1516,0.1332230825431172
501,994,1495,0.13321798016095585
507,993,1500,0.13323643375697838
503,997,1500,0.13323819730943845
511,1003,1514,0.1332524428579906
513,1001,1514,0.13324584913586984
506,1008,1514,0.13323519421417548
511,1009,1520,0.1332421441037979
513,1005,1518,0.13323694505623732
511,996,1507,0.1332279171420742
510,999,1509,0.1332236061812156
514,1000,1514,0.13322292511885533
503,1004,1507,0.13321155483185704
503,1001,1504,0.1332260672112001
495,999,1494,0.13323930872406922
498,996,1494,0.1332713135624647
488,1006,1494,0.13329259513137873
493,1010,1503,0.1333362531907278
496,1006,1502,0.13336617408675458
495,1018,1513,0.13338534639435815
486,1009,1495,0.1334062908734725
487,1015,1502,0.13344802572683628
493,1011,1504,0.13348495429717203
496,1017,1513,0.1335050373682175
490,1006,1496,0.13351768991272236
496,1009,1505,0.13354539031131363
506,1019,1525,0.1335532953421106
495,1016,1511,0.13353718826146602
489,1007,1496,0.13354717245747344
489,1015,1504,0.1335725046442117
487,1017,1504,0.13359716807843555
488,1026,1514,0.13362518558255312
494,1014,1508,0.13364777376903483
485,1020,1505,0.13365631251438942
487,1019,1506,0.13368624521240324
500,1025,1525,0.13370948841708372
505,1010,1515,0.1336981011458264
501,1012,1513,0.13367488860778015
498,1011,1509,0.13366293431032708
493,1019,1512,0.13366014607614002
493,1013,1506,0.13366863116333808
502,1013,1515,0.13367574082316136
496,1013,1509,0.13366049850004838
496,1010,1506,0.13365936295045683
497,1020,1517,0.13365841246747182
493,1015,1508,0.1336568239718396
486,1016,1502,0.13366564429481256
490,1018,1508,0.13368924055483952
496,1019,1515,0.13370336007629288
489,1024,1513,0.13370136060993165
493,1025,1518,0.13371691385580797
496,1022,1518,0.13371980165988284
499,1021,1520,0.13371363885291113
499,1022,1521,0.13369846187457582
499,1016,1515,0.13368571422988004
491,1004,1495,0.13367444648119164
496,1012,1508,0.13368139024836687
510,1020,1530,0.1336731763366242
501,1009,1510,0.13363218073668634
499,1007,1506,0.13361378732843301
507,1008,1515,0.1336018780369007
499,1006,1505,0.13357261479523774
501,1022,1523,0.1335664277873531
494,1012,1506,0.13355655202675518
488,1014,1502,0.1335663657869952
483,1015,1498,0.13358937820485392
486,1027,1513,0.13362234241811544
475,1025,1500,0.1336434197143457
484,1025,1509,0.13369054588234278
488,1030,1518,0.1337147572514267
495,1015,1510,0.1337269333285541
493,1025,1518,0.13372141352197986
487,1026,1513,0.13372096525667385
486,1025,1511,0.1337341706316727
486,1025,1511,0.133749323102251
486,1022,1508,0.13376352193447136
480,1025,1505,0.1337786170710982
477,1030,1507,0.13380716230846143
478,1033,1511,0.13384158864020576
478,1045,1523,0.13387166746635068
479,1028,1507,0.13389869851337827
478,1031,1509,0.13392190472748364
473,1042,1515,0.13394772448665718
480,1036,1516,0.1339831327578182
483,1024,1507,0.133999877368859
476,1025,1501,0.13400948371226934
477,1035,1512,0.1340364664098512
471,1023,1494,0.1340593161942413
476,1024,1500,0.13409365497141107
479,1031,1510,0.13411233085463703
478,1031,1509,0.1341205302502162
475,1028,1503,0.13413030061836284
475,1027,1502,0.13414768495887935
472,1033,1505,0.13416348995667737
477,1025,1502,0.13418579952324086
485,1028,1513,0.13419237297187198
483,1038,1521,0.13417803015845362
483,1030,1513,0.13417004760270512
482,1027,1509,0.134163462099958
480,1027,1507,0.13415960115457837
484,1030,1514,0.13416044690789966
486,1035,1521,0.13415175374832497
470,1045,1515,0.13413966342797368
473,1039,1512,0.13416713189397497
474,1037,1511,0.1341857560053857
466,1039,1505,0.13419922743276597
476,1036,1512,0.13423183325264695
484,1032,1516,0.13423703017311356
479,1027,1506,0.13422206515396648
473,1032,1505,0.1342200346123913
463,1029,1492,0.13423303086207308
465,1029,1494,0.13426876081533823
468,1027,1495,0.13429705243831555
467,1030,1497,0.13431683076383752
471,1043,1514,0.1343388335223904
464,1044,1508,0.13434957370453454
467,1050,1517,0.13437919176080393
473,1053,1526,0.13439749441073562
477,1055,1532,0.1344006059985799
470,1042,1512,0.1343935774271554
474,1043,1517,0.13440316526299992
468,1033,1501,0.13440437841009772
467,1031,1498,0.13441955796168645
471,1034,1505,0.1344368643267876
475,1024,1499,0.13444146660208145
477,1038,1515,0.13443517749805994
472,1035,1507,0.13442607859906228
475,1035,1510,0.13443016406881558
480,1034,1514,0.13442658202692478
476,1033,1509,0.1344142102278549
472,1040,1512,0.1344121307053622
467,1032,1499,0.134419548431902
471,1040,1511,0.1344382580112535
467,1032,1499,0.13444724943690944
467,1042,1509,0.13446581747172193
460,1046,1506,0.13448165776582457
456,1046,1502,0.13451307634572307
469,1045,1514,0.1345513477549857
467,1051,1518,0.13455613527090204
460,1037,1497,0.13456461520807111
464,1036,1500,0.13458985155075318
474,1037,1511,0.13460230600864256
475,1033,1508,0.13458921491811743
475,1028,1503,0.13457451392472744
475,1035,1510,0.1345616571511651
471,1036,1507,0.13454958176128362
477,1042,1519,0.1345491098591009
474,1037,1511,0.13453345543224537
463,1039,1502,0.1345269976045892
465,1040,1505,0.13454740965707987
458,1047,1505,0.13456102480364346
462,1048,1510,0.1345915565534711
460,1043,1503,0.13460774956743973
460,1044,1504,0.13462834459313502
455,1045,1500,0.1346487949860024
453,1048,1501,0.13467923560766212
458,1057,1515,0.13471305323587474
458,1065,1523,0.1347330269351996
455,1062,1517,0.13475167562054588
451,1053,1504,0.13477616650343793
458,1056,1514,0.13480876101108713
458,1056,1514,0.13482514179610766
464,1054,1518,0.1348394078824862
460,1062,1522,0.13483741745603137
461,1055,1516,0.13484542570208582
464,1048,1512,0.13485114459175956
464,1053,1517,0.13484992518717168
464,1046,1510,0.1348485022909963
467,1043,1510,0.13484645638841353
464,1044,1508,0.13483888169140548
461,1045,1506,0.1348375588783059
460,1052,1512,0.1348435274215644
464,1061,1525,0.13485143286873508
461,1056,1517,0.1348491019775814
461,1059,1520,0.13485515685476324
463,1059,1522,0.1348612535847587
464,1064,1528,0.1348630177887186
462,1063,1525,0.13485831790316258
459,1049,1508,0.13485899497821788
459,1052,1511,0.13486662255371326
463,1050,1513,0.13487115874917976
474,1044,1518,0.13486580370475781
474,1042,1516,0.13483429450693385
468,1044,1512,0.1348051703444931
469,1035,1504,0.13479305332032282
465,1043,1508,0.13478046953148032
467,1059,1526,0.1347806585735373
459,1050,1509,0.13477377651137687
450,1046,1496,0.1347880235518026
450,1040,1490,0.13482419724527162
453,1043,1496,0.13485653024740113
459,1039,1498,0.13487937608826578
461,1034,1495,0.13488512327217383
456,1045,1501,0.1348847295201085
456,1045,1501,0.13489795884528577
448,1032,1480,0.1349119392741696
447,1046,1493,0.1349449811066151
444,1057,1501,0.1349792867051142
450,1060,1510,0.13501888475101556
444,1060,1504,0.13504307606350027
444,1069,1513,0.13508082356893128
446,1076,1522,0.13511700789395245
441,1067,1508,0.135147426677221
441,1069,1510,0.13518920725520478
441,1073,1514,0.13522820678635555
440,1080,1520,0.13526454436703347
439,1079,1518,0.13529916722756474
443,1077,1520,0.135333425686036
442,1070,1512,0.13535508998965287
441,1078,1519,0.13537938472939245
446,1072,1518,0.1354033288248286
453,1078,1531,0.135413252426009
448,1076,1524,0.135405214584935
444,1080,1524,0.13541032331708827
450,1073,1523,0.13542548993864653
450,1071,1521,0.13542584249475956
446,1062,1508,0.13542624639032405
445,1067,1512,0.13543761057014242
445,1071,1516,0.13545131616255593
435,1068,1503,0.13546465383983491
432,1074,1506,0.13550121993018685
435,1069,1504,0.13554345540745216
438,1069,1507,0.13557471923987116
435,1071,1506,0.1355976080177992
434,1068,1502,0.13562504214997687
441,1058,1499,0.1356525385413657
438,1063,1501,0.13565960820753503
435,1073,1508,0.13567330271400685
440,1075,1515,0.1356921234566051
440,1080,1520,0.13569904305976552
436,1083,1519,0.1357050739324987
433,1072,1505,0.13572111337729434
430,1069,1499,0.13574212643307632
429,1077,1506,0.13576830937443415
437,1080,1517,0.13579303645761504
437,1088,1525,0.13579671436216864
435,1081,1516,0.13580168451614205
439,1085,1524,0.13581048292962666
429,1070,1499,0.13580929342003617
425,1079,1504,0.13583327344559495
423,1077,1500,0.13586574060508902
422,1078,1500,0.1359015713073535
423,1084,1507,0.13593727370383957
428,1085,1513,0.1359682694937544
431,1086,1517,0.13598368282610593
425,1086,1511,0.13598915092395547
431,1072,1503,0.13601035866494654
430,1087,1517,0.13601621233075833
425,1088,1513,0.1360255811652411
423,1087,1510,0.13604753777219106
424,1084,1508,0.13607037824941848
430,1073,1503,0.13608902695882136
427,1073,1500,0.13609203610926812
429,1063,1492,0.13610260707420838
428,1075,1503,0.1361074019582661
428,1079,1507,0.13611463887522846
421,1083,1504,0.13612218815668092
421,1085,1506,0.1361475343698095
419,1075,1494,0.136169908996922
428,1080,1508,0.1361949924374964
425,1080,1505,0.1361962837191921
439,1077,1516,0.1362056840081182
439,1089,1528,0.13617774216282338
433,1075,1508,0.1361535558925152
429,1079,1508,0.1361446064650735
430,1092,1522,0.13614719049449842
428,1095,1523,0.13614752719386888
420,1094,1514,0.13615289983763007
427,1093,1520,0.13617779595482252
424,1080,1504,0.13618229472087368
424,1077,1501,0.1361943315539904
426,1089,1515,0.13620496280092453
422,1090,1512,0.13621092787419997
429,1086,1515,0.13622882423473548
429,1086,1515,0.13622667731722266
431,1088,1519,0.1362241202152764
435,1084,1519,0.13621739356189055
435,1084,1519,0.13620224019000793
429,1073,1502,0.13618928041455766
431,1062,1493,0.13619282835258636
430,1066,1496,0.13619163062200626
426,1080,1506,0.136192189420714
427,1073,1500,0.13620212751525884
429,1090,1519,0.1362080422259645
425,1086,1511,0.1362104947716617
420,1072,1492,0.13622214875742092
419,1092,1511,0.1362454728779416
416,1098,1514,0.13627088793326106
412,1085,1497,0.1363020325710829
412,1087,1499,0.13634086750539548
415,1087,1502,0.13637819151750272
413,1107,1520,0.13640495076323508
414,1098,1512,0.13643599419618585
407,1091,1498,0.13646231582772272
405,1098,1503,0.13650351522638565
405,1105,1510,0.13654714684771327
400,1098,1498,0.13658946335786004
395,1107,1502,0.13664015561869813
385,1106,1491,0.1367010184840763
386,1109,1495,0.13678064531688597
391,1119,1510,0.13685244107638508
392,1114,1506,0.1369068299786821
386,1142,1528,0.13695542456719725
382,1141,1523,0.1370169480774771
382,1143,1525,0.13708421218992606
377,1127,1504,0.1371458077814036
386,1105,1491,0.1372149096431689
391,1117,1508,0.13725623942741152
394,1126,1520,0.13728298796355198
388,1122,1510,0.1373016022186403
392,1124,1516,0.13733378098422022
383,1126,1509,0.13735399453898503
380,1124,1504,0.1373977874507094
388,1131,1519,0.13744806368639703
388,1143,1531,0.13747549391502145
382,1142,1524,0.13750258976530103
380,1134,1514,0.13754262555421007
379,1126,1505,0.13758416156654937
376,1132,1508,0.13762706829990554
378,1142,1520,0.137674936933513
369,1145,1514,0.13771432735865974
363,1139,1502,0.1377731091609866
356,1137,1493,0.13784200573886912
359,1137,1496,0.13792336092633709
359,1133,1492,0.13799192531205892
358,1145,1503,0.1380563960752883
365,1139,1504,0.1381189537678498
364,1143,1507,0.13815945914630923
360,1147,1507,0.13820056639510775
366,1151,1517,0.13824782594390508
363,1143,1506,0.13827875816746263
359,1150,1509,0.13831639060753798
355,1154,1509,0.13836017775604628
354,1149,1503,0.1384111240552138
354,1155,1509,0.13846153518842447
352,1154,1506,0.13850908130865988
352,1167,1519,0.13855821077791894
351,1158,1509,0.13860281436254973
352,1163,1515,0.1386471064360923
346,1156,1502,0.13868663660304917
343,1166,1509,0.13873900163684888
341,1162,1503,0.13879623396677754
348,1157,1505,0.138854353981307
347,1149,1496,0.13889107629196074
347,1170,1517,0.13892968671209702
346,1166,1512,0.13896884665454906
342,1176,1518,0.13900786215939578
344,1174,1518,0.13905312827025945
340,1177,1517,0.1390898202095178
337,1187,1524,0.13913394687994463
340,1184,1524,0.13918144343617317
340,1168,1508,0.13921699915724106
337,1164,1501,0.1392495235925676
336,1173,1509,0.13928783159859645
334,1186,1520,0.13932800699121725
335,1189,1524,0.1393690404371936
333,1196,1529,0.13940599951148974
334,1188,1522,0.13944573015711648
329,1178,1507,0.13948114515695217
332,1180,1512,0.13952547400071022
336,1181,1517,0.13955900225245027
340,1191,1531,0.1395796217957564
342,1184,1526,0.13958848169750468
340,1183,1523,0.13959407394712933
342,1172,1514,0.13960435799733617
340,1183,1523,0.13960984139863253
337,1183,1520,0.13961819738480322
339,1177,1516,0.13963442687873062
339,1166,1505,0.13964392116547508
345,1173,1518,0.13965273952155705
336,1166,1502,0.1396447938431983
329,1172,1501,0.13965997663831037
325,1174,1499,0.1396910418543346
329,1162,1491,0.13972931014642698
337,1168,1505,0.13975487451691987
338,1176,1514,0.1397586059996895
340,1179,1519,0.1397616189632265
345,1176,1521,0.13975935465611158
344,1178,1522,0.13974422090325705
343,1179,1522,0.13973368792824872
340,1173,1513,0.1397258373960793
335,1179,1514,0.1397268712712901
337,1181,1518,0.13973965845548184
339,1180,1519,0.13974609231569743
339,1181,1520,0.13974794459927792
341,1187,1528,0.13975044212490004
343,1178,1521,0.13974793733424232
342,1181,1523,0.13974023326362606
340,1177,1517,0.1397365760503077
342,1172,1514,0.13973898805204407
343,1163,1506,0.13973783085189767
336,1163,1499,0.1397351220748238
336,1162,1498,0.13975084497180407
340,1174,1514,0.13976554788441972
335,1176,1511,0.13976943808892853
332,1180,1512,0.13978399144851525
335,1167,1502,0.13980502329340705
335,1183,1518,0.13981719176092716
338,1176,1514,0.13983003105953717
338,1172,1510,0.13983314707291192
337,1177,1514,0.13983577693952928
337,1187,1524,0.13984078765287028
335,1182,1517,0.13984480048822817
337,1180,1517,0.1398532547945526
332,1179,1511,0.13985685119658345
326,1188,1514,0.13987358035791042
327,1187,1514,0.13990228371190036
329,1192,1521,0.13992525883352303
327,1196,1523,0.13994189839749832
333,1188,1521,0.13996241354841002
333,1180,1513,0.13996655458742974
332,1185,1517,0.13996952196004636
333,1189,1522,0.1399746441889554
340,1188,1528,0.13997717084205202
333,1184,1517,0.13996259611187378
337,1187,1524,0.1399674363846778
336,1186,1522,0.13996062325713857
335,1179,1514,0.13995556786815427
335,1195,1530,0.13995173057576715
334,1186,1520,0.13994966515331161
331,1183,1514,0.13995064437933585
327,1188,1515,0.13995952514468935
329,1178,1507,0.13997827564227006
323,1186,1509,0.1399896420810167
325,1191,1516,0.1400142898467972
328,1197,1525,0.14003119008500378
328,1184,1512,0.14003902712129196
325,1177,1502,0.14004704471030752
323,1173,1496,0.1400616078193528
324,1189,1513,0.14008033170370038
330,1186,1516,0.14009639792814924
329,1190,1519,0.14009708448327401
334,1182,1516,0.14010011776553014
336,1200,1536,0.14008949625954745
332,1192,1524,0.14007492078517378
336,1192,1528,0.14007268936934003
333,1195,1528,0.14005956201592223
332,1193,1525,0.1400547438444083
332,1191,1523,0.14005301121458755
327,1191,1518,0.14005119330164598
327,1181,1508,0.14006327775539706
331,1174,1505,0.14007384792555666
329,1176,1505,0.14007254331151173
328,1166,1494,0.1400769728717367
334,1164,1498,0.14008392539468983
331,1178,1509,0.14007285319605295
324,1177,1501,0.14006880543112937
323,1176,1499,0.14008275223662006
320,1176,1496,0.1400985381923007
319,1180,1499,0.1401203880322753
316,1173,1489,0.14014255706474898
315,1182,1497,0.14017054890548283
316,1185,1501,0.1402001561771662
317,1191,1508,0.14022416905248583
320,1197,1517,0.14024412943698564
315,1191,1506,0.1402576579109521
309,1194,1503,0.1402828824470695
313,1201,1514,0.14032190691603744
315,1206,1521,0.1403458572431322
315,1198,1513,0.1403632094006819
310,1197,1507,0.14037848576703446
304,1194,1498,0.1404071288960564
309,1187,1496,0.14044954776539867
310,1190,1500,0.14047659656887998
310,1200,1510,0.14050015422289616
310,1190,1500,0.14052191001984798
314,1184,1498,0.14054365096016372
319,1192,1511,0.14055433327326267
312,1192,1504,0.14055150213414394
307,1202,1509,0.1405658496694634
308,1194,1502,0.14059166480379046
307,1199,1506,0.14061421062773366
307,1195,1502,0.14063737304278084
304,1192,1496,0.14065928418321455
310,1194,1504,0.140687330661195
311,1210,1521,0.14069730525130505
307,1207,1514,0.1407031974365665
311,1215,1526,0.14071908299308075
313,1211,1524,0.14072469430475876
312,1208,1520,0.14072419309612103
313,1204,1517,0.14072521096756635
315,1198,1513,0.1407248256936039
315,1197,1512,0.1407184916895278
324,1194,1518,0.14071326087471012
323,1197,1520,0.14068680991330842
326,1195,1521,0.14066564137892196
322,1204,1526,0.14063917031958081
319,1199,1518,0.14062550955175016
321,1183,1504,0.14062108332549023
320,1194,1514,0.14061076445439952
311,1204,1515,0.1406054075574293
318,1208,1526,0.14062238892851775
318,1203,1521,0.1406213917684779
314,1192,1506,0.1406228507378381
312,1203,1515,0.1406339972402586
310,1211,1521,0.14064867910947654
309,1212,1521,0.14066762427797197
306,1203,1509,0.14068650761072063
308,1207,1515,0.14071220140537258
302,1222,1524,0.14073088355148955
310,1212,1522,0.14076355944207908
304,1214,1518,0.14077467156235118
306,1206,1512,0.14079978267178567
309,1205,1514,0.14081761925613429
306,1214,1520,0.1408259800178718
313,1212,1525,0.14084157476093154
309,1209,1518,0.14083844794836642
307,1207,1514,0.14084484911849768
311,1200,1511,0.1408552978407144
308,1196,1504,0.14085547041764784
311,1198,1509,0.14086363675276026
311,1199,1510,0.14086197055979188
308,1194,1502,0.14086044283969631
308,1200,1508,0.14086690793308734
310,1200,1510,0.14087132593947732
304,1205,1509,0.14087257151068702
303,1198,1501,0.14088889662116494
303,1190,1493,0.14090418222286974
312,1204,1516,0.14091840812446826
308,1209,1517,0.14090857873848084
309,1205,1514,0.14090969766786807
310,1199,1509,0.14090796579015552
313,1201,1514,0.14090430476935775
315,1210,1525,0.14089379173028982
310,1190,1500,0.14087883644588808
307,1203,1510,0.14087729084642442
300,1200,1500,0.1408826788322613
302,1215,1517,0.140905714411269
298,1206,1504,0.14092203168053224
296,1204,1500,0.1409484366853224
295,1210,1505,0.14097767001888362
296,1218,1514,0.14100787317879637
294,1207,1501,0.14103207190020503
298,1200,1498,0.14105820751806694
299,1205,1504,0.14107232519946153
305,1219,1524,0.14108206574646204
303,1222,1525,0.1410769674450347
299,1229,1528,0.1410773056199352
299,1232,1531,0.14108755982484655
299,1221,1520,0.14109883173807766
306,1216,1522,0.14110743229386574
292,1211,1503,0.1410976452764375
294,1202,1496,0.14112369675824687
296,1207,1503,0.14114155273333517
302,1205,1507,0.14115333351450532
301,1209,1510,0.14114871287155015
300,1218,1518,0.14114783359132968
293,1223,1516,0.14114973506070047
294,1223,1517,0.14117131108842085
293,1213,1506,0.141186451535124
290,1224,1514,0.1412036472619235
291,1229,1520,0.1412284678353297
288,1226,1514,0.14124756157327387
293,1224,1517,0.1412734878136933
297,1217,1514,0.1412835669293419
301,1220,1521,0.1412826255635161
303,1203,1506,0.14127118186203103
305,1202,1507,0.14125516865887774
301,1213,1514,0.14123536028252293
308,1208,1516,0.14122709365199979
305,1196,1501,0.14119949456643316
303,1209,1512,0.1411821791858349
306,1208,1514,0.14116931116957632
311,1213,1524,0.14114928205602859
305,1200,1505,0.14111620453607315
305,1194,1499,0.1411020405391371
298,1206,1504,0.14108800383299716
304,1209,1513,0.14109319898681924
300,1209,1509,0.14108187509005524
298,1202,1500,0.14108349204918885
301,1198,1499,0.141088745332259
299,1196,1495,0.14108385417632574
308,1204,1512,0.14108437889283176
301,1200,1501,0.14106273685354762
305,1214,1519,0.1410610003659592
304,1209,1513,0.14104924224467086
305,1199,1504,0.14104172948682087
302,1191,1493,0.14103150057639258
303,1201,1504,0.14102991385594266
297,1201,1498,0.14102558623496825
297,1196,1493,0.14103682034875478
299,1202,1501,0.1410472658115423
302,1204,1506,0.14105091332849848
302,1202,1504,0.14104702155272972
303,1207,1510,0.14104403512624994
301,1216,1517,0.14103850426703307
296,1216,1512,0.141039731002624
300,1212,1512,0.14105579699473478
306,1208,1514,0.14105986614927468
303,1216,1519,0.1410482214832279
309,1211,1520,0.1410447762823789
300,1212,1512,0.14102681927716149
301,1217,1518,0.14103322444906158
300,1215,1515,0.1410377906034563
296,1218,1514,0.14104452790037414
292,1219,1511,0.14106278630258473
293,1222,1515,0.14109088082049684
290,1222,1512,0.141113738342751
289,1215,1504,0.14114241768974645
288,1222,1510,0.14117139057949857
287,1236,1523,0.1412017262943765
283,1238,1521,0.1412327947978566
286,1229,1515,0.1412724431621726
287,1228,1515,0.1413006676459401
288,1218,1506,0.14132508892507598
289,1226,1515,0.14134481951100397
286,1224,1510,0.14136042741134747
282,1230,1512,0.14138202203816738
284,1235,1519,0.1414134896048435
277,1226,1503,0.141436221687174
275,1232,1507,0.1414747931603489
269,1236,1505,0.14151589345472482
271,1237,1508,0.14156967714577667
277,1234,1511,0.14161450833995093
276,1235,1511,0.1416427763225695
278,1243,1521,0.14167226582876183
278,1239,1517,0.14169640707617825
268,1235,1503,0.14171911730925082
272,1237,1509,0.14176472839823082
272,1246,1518,0.14179682954630488
277,1228,1505,0.14182605528038933
268,1240,1508,0.1418416787451926
274,1231,1505,0.14188052914799032
270,1236,1506,0.14190189960286187
272,1231,1503,0.1419318212341617
269,1236,1505,0.14195388161403433
268,1236,1504,0.14198292265873522
267,1235,1502,0.1420124969320625
267,1247,1514,0.14204074913788287
266,1250,1516,0.14206663155005078
268,1256,1524,0.14209245612919885
271,1255,1526,0.14211243691338687
271,1246,1517,0.1421240582851712
273,1238,1511,0.14213553649376778
266,1262,1528,0.14213991590707922
267,1262,1529,0.14216275060051786
268,1253,1521,0.14218049855514767
272,1245,1517,0.14219402790601085
269,1250,1519,0.1421971806783686
270,1253,1523,0.14220775478799424
270,1260,1530,0.14221544803768763
267,1261,1528,0.1422220256677629
264,1253,1517,0.14223662430912312
266,1253,1519,0.1422572057277999
266,1259,1525,0.14227064157868294
266,1251,1517,0.14228337286100376
267,1246,1513,0.14229691433569372
263,1242,1505,0.14230618041248697
262,1242,1504,0.14232550799532798
264,1240,1504,0.14234734279018027
261,1240,1501,0.14236324555651517
260,1240,1500,0.14238636210060107
258,1243,1501,0.14240994797326553
257,1250,1507,0.14243627688447816
255,1250,1505,0.14246428985670218
254,1254,1508,0.14249553302367082
253,1251,1504,0.14252827498877202
252,1250,1502,0.14256184037084035
255,1249,1504,0.1425959776881362
258,1263,1521,0.14262027699453556
257,1254,1511,0.14263437226694378
262,1247,1509,0.14264961747200808
262,1252,1514,0.1426515772295214
266,1256,1522,0.14265416497463845
267,1259,1526,0.1426470392035719
265,1254,1519,0.14263812508854354
262,1246,1508,0.14263424527259247
263,1258,1521,0.1426389428762769
257,1253,1510,0.1426400207596888
255,1260,1515,0.1426564470389432
257,1264,1521,0.1426763425684209
261,1262,1523,0.14269211439984197
263,1257,1520,0.142695401161674
266,1255,1521,0.1426936165231197
261,1249,1510,0.1426847605353759
259,1248,1507,0.14268875918995405
260,1252,1512,0.1426977524973907
263,1245,1508,0.14270329567129042
262,1237,1499,0.1427015772248309
251,1247,1498,0.1427029339836096
254,1248,1502,0.14273405516499593
253,1258,1511,0.14275472981354534
257,1251,1508,0.14277580412619365
259,1246,1505,0.14278603228977232
256,1246,1502,0.1427904678544601
259,1242,1501,0.14280181549899312
255,1259,1514,0.14280581936577463
248,1268,1516,0.14281965242708497
253,1264,1517,0.1428499917092303
248,1263,1511,0.142866314775799
247,1274,1521,0.14289466118089067
248,1268,1516,0.14292540973556833
249,1265,1514,0.14295256007876325
250,1268,1518,0.14297433072337493
254,1260,1514,0.14299253531778766
254,1261,1515,0.14299947701818116
256,1270,1526,0.14300458191087337
253,1257,1510,0.14300167235146458
253,1255,1508,0.1430066622027897
254,1258,1512,0.14301231536040343
255,1265,1520,0.14301455117406392
250,1262,1512,0.14301499161280676
253,1264,1517,0.1430287083066144
261,1265,1526,0.14303333468815155
262,1260,1522,0.1430171165210535
259,1255,1514,0.14299865176766638
256,1256,1512,0.142990718079384
255,1255,1510,0.14299136125320408
255,1253,1508,0.14299495780777735
250,1264,1514,0.14299873791952533
249,1266,1515,0.14301555660889226
245,1258,1503,0.14303332789404424
244,1261,1505,0.14306031707011505
248,1269,1517,0.14308949424425807
247,1270,1517,0.14310512460988564
250,1272,1522,0.14312142487492568
252,1257,1509,0.1431293384998598
248,1255,1503,0.14313076863068236
252,1247,1499,0.14314333719538003
250,1260,1510,0.1431432524943072
242,1259,1501,0.1431495884957459
242,1261,1503,0.14317716514728449
239,1265,1504,0.14320049202790655
242,1257,1499,0.14323001744754973
243,1260,1503,0.14325011960994083
244,1265,1509,0.1432659945068992
247,1271,1518,0.14328019742886006
242,1279,1521,0.14328567295780567
247,1280,1527,0.14330417842666598
244,1271,1515,0.14330931833843003
240,1275,1515,0.14332210560222616
241,1268,1509,0.1433439819641518
241,1271,1512,0.14336217608276322
238,1271,1509,0.14337949547899473
239,1276,1515,0.1434036042217384
236,1270,1506,0.1434235515906776
235,1280,1515,0.14344946821594465
234,1282,1516,0.1434757643456959
235,1277,1512,0.14350310737121133
233,1284,1517,0.14352542604544494
231,1290,1521,0.14355138976312218
231,1291,1522,0.1435793278073537
232,1281,1513,0.14360665390912097
226,1283,1509,0.14362928050626173
226,1281,1507,0.14366558702120938
230,1292,1522,0.1436984232660294
233,1291,1524,0.14371932931728115
226,1289,1515,0.14372980626491194
230,1280,1510,0.1437591252717884
230,1292,1522,0.14377710597718174
225,1298,1523,0.14379397319855186
225,1291,1516,0.14382259102715747
227,1290,1517,0.1438492211896131
224,1306,1530,0.14386942313727044
220,1300,1520,0.14389578374166256
225,1290,1515,0.14393161347118588
221,1298,1519,0.14395255690007824
218,1297,1515,0.14398394656346147
215,1304,1519,0.1440200113315886
212,1310,1522,0.14406223405801105
211,1309,1520,0.14411008377899712
213,1308,1521,0.14415788361653709
212,1315,1527,0.14419695682733805
212,1313,1525,0.1442353983544587
213,1310,1523,0.1442725093942612
218,1310,1528,0.14430298989063034
217,1305,1522,0.14431867160761766
219,1297,1516,0.14433658690370316
222,1282,1504,0.1443492283343514
224,1278,1502,0.1443549010777897
224,1290,1514,0.1443548906228814
218,1296,1514,0.144354623140551
220,1297,1517,0.1443696123075742
217,1286,1503,0.14437848011786766
214,1299,1513,0.14439416604777075
214,1299,1513,0.14441702275271542
213,1298,1511,0.14443738290655797
212,1311,1523,0.14445913113098022
209,1310,1519,0.144483741747853
211,1293,1504,0.14451437720228064
206,1280,1486,0.14453753338556166
208,1273,1481,0.14457157607335502
205,1282,1487,0.14459794474208942
207,1289,1496,0.14463024700350235
211,1301,1512,0.1446568097901429
211,1295,1506,0.14467049140365262
210,1307,1517,0.14468432340317444
207,1306,1513,0.14470012394475748
206,1311,1517,0.1447233139496231
209,1307,1516,0.14474762577532244
210,1305,1515,0.1447625306527524
206,1310,1516,0.14477488901875057
210,1301,1511,0.14479702400795438
210,1308,1518,0.14480761613493967
205,1309,1514,0.14481820313835705
201,1292,1493,0.1448413960834628
205,1305,1510,0.14487332350216622
210,1308,1518,0.14489218327575046
209,1310,1519,0.14489641740877734
211,1301,1512,0.14490268813303828
210,1300,1510,0.1449040753658622
209,1296,1505,0.1449072938329438
205,1296,1501,0.14491250332870853
205,1297,1502,0.1449282773548285
203,1295,1498,0.14494295596473275
202,1303,1505,0.14496103224217816
205,1295,1500,0.1449820084389403
205,1298,1503,0.14499393577527214
202,1304,1506,0.145005093951183
203,1303,1506,0.1450241557788212
203,1319,1522,0.14503866403970714
204,1308,1512,0.14505241483620596
196,1319,1515,0.1450634236571061
197,1317,1514,0.14509409941454926
198,1315,1513,0.14511985436031272
198,1313,1511,0.14514201478279395
199,1325,1524,0.145162585728233
198,1309,1507,0.14517840466653442
201,1309,1510,0.14519594110690587
203,1328,1531,0.14520477366528334
198,1317,1515,0.14520814329402343
196,1312,1508,0.14522482599019212
195,1318,1513,0.14524559656099412
197,1313,1510,0.14526729724514847
199,1319,1518,0.14528299753586468
194,1308,1502,0.14529191912014283
192,1315,1507,0.14531190382174702
189,1325,1514,0.14533529161305603
182,1314,1496,0.14536519854069546
181,1303,1484,0.14541100512395083
179,1302,1481,0.1454557769522092
184,1309,1493,0.14550161807810558
187,1313,1500,0.14553364691519685
190,1323,1513,0.14555622557140294
190,1320,1510,0.1455695496218754
188,1322,1510,0.14558220134227898
188,1312,1500,0.1456008401549504
189,1316,1505,0.1456189603657428
184,1325,1509,0.1456332504948243
180,1329,1509,0.1456594215390281
183,1332,1515,0.14569424898474007
183,1326,1509,0.14571872819192078
178,1330,1508,0.1457412061952529
179,1311,1490,0.14577444416324842
176,1321,1497,0.14580316899196835
178,1313,1491,0.14583845407796037
181,1321,1502,0.1458672142671597
177,1340,1517,0.14588614644604786
174,1345,1519,0.14591497583842375
174,1343,1517,0.14594857536030484
178,1334,1512,0.14598023719184725
178,1339,1517,0.1459999324418152
184,1346,1530,0.14601825284751552
187,1336,1523,0.14601854482664234
185,1347,1532,0.14601131083009977
181,1351,1532,0.14600960478405045
175,1338,1513,0.14601938512320556
179,1328,1507,0.14604476844419728
182,1339,1521,0.1460582638158233
186,1323,1509,0.14606159100631103
187,1338,1525,0.14605411011757888
185,1326,1511,0.14604409363011134
184,1333,1517,0.1460400959236369
182,1337,1519,0.14603888486863906
176,1332,1508,0.14604249389170046
173,1318,1491,0.14606148747380243
178,1319,1497,0.14608747171093053
179,1321,1500,0.1460976847707613
180,1331,1511,0.14610433440655474
180,1331,1511,0.14610735094847016
182,1330,1512,0.14611052306727212
176,1337,1513,0.1461095262803308
179,1341,1520,0.14612427831403907
179,1342,1521,0.14612972332578564
178,1337,1515,0.14613433283182778
180,1352,1532,0.1461413995942425
179,1358,1537,0.1461439415689324
176,1359,1535,0.1461480132195367
182,1350,1532,0.1461593750987152
186,1338,1524,0.14615409054921524
184,1337,1521,0.14613944069598955
181,1336,1517,0.14613044257061866
178,1343,1521,0.1461305723135105
178,1332,1510,0.1461376674250929
177,1335,1512,0.1461435050055057
180,1331,1511,0.14615081944570119
179,1328,1507,0.14614958265595734
175,1330,1505,0.14615040001683663
169,1322,1491,0.14616163498468937
168,1324,1492,0.1461870781511425
172,1321,1493,0.14621442000864618
173,1329,1502,0.1462272133663578
172,1319,1491,0.14623641726305647
173,1326,1499,0.14624763232311397
174,1332,1506,0.14625667084905658
176,1336,1512,0.1462628006851627
172,1339,1511,0.14626407852200857
168,1327,1495,0.14627621045297698
170,1327,1497,0.1462976597382754
174,1334,1508,0.14631264724074436
176,1332,1508,0.14631614894939599
176,1331,1507,0.14631483476040838
181,1325,1506,0.14631277528767087
181,1339,1520,0.14629728877227147
184,1335,1519,0.1462831860846598
184,1344,1528,0.14626185569204453
180,1338,1518,0.14624239283798715
183,1337,1520,0.1462351031124255
177,1345,1522,0.14622070501175416
174,1343,1517,0.1462232934252806
176,1338,1514,0.14623299379012594
175,1340,1515,0.14623681419918852
181,1336,1517,0.146243879006282
179,1333,1512,0.14623442725467722
182,1333,1515,0.14623116652726548
178,1349,1527,0.14622033608969637
178,1357,1535,0.1462205063124786
180,1345,1525,0.14622132502504054
177,1355,1532,0.14621559682472562
176,1351,1527,0.14621919252694215
181,1344,1525,0.14622569738557853
180,1345,1525,0.14621830640613936
181,1344,1525,0.14621408238615788
183,1347,1530,0.14620865244921713
179,1348,1527,0.14619666731232112
175,1342,1517,0.14619686557921655
174,1333,1507,0.14620719279440225
174,1333,1507,0.14621999964490354
169,1332,1501,0.14623202392563464
170,1336,1506,0.14625700293856106
172,1344,1516,0.1462772318807478
169,1344,1513,0.14629140879913413
171,1336,1507,0.14631313614898098
166,1338,1504,0.14632797760384095
169,1341,1510,0.14635501546460417
170,1346,1516,0.1463726346790923
165,1337,1502,0.1463849529849639
168,1341,1509,0.14641016630458215
168,1342,1510,0.14642487207192145
169,1345,1514,0.14643804304324862
169,1342,1511,0.14644714873911624
174,1345,1519,0.14645488010349172
171,1344,1515,0.1464494727536754
171,1349,1520,0.14645251603914095
169,1341,1510,0.14645505529870828
165,1339,1504,0.14646217469543063
170,1334,1504,0.14647982135818383
173,1343,1516,0.14648336230621642
175,1352,1527,0.14647837436185238
172,1343,1515,0.1464683814017339
173,1330,1503,0.14646717048396968
174,1332,1506,0.14646307221544574
172,1339,1511,0.14645637606357131
173,1331,1504,0.14645596495266475
175,1325,1500,0.1464527673271952
176,1333,1509,0.1464452589687174
176,1344,1520,0.1464356336517331
177,1337,1514,0.1464277667520604
174,1331,1505,0.1464179949500626
173,1335,1508,0.14641627113904898
173,1344,1517,0.14641800142027928
172,1338,1510,0.14641988871760397
173,1348,1521,0.14642445555534497
173,1345,1518,0.14642614775188556
176,1353,1529,0.14642919917516584
175,1346,1521,0.14642385486600526
174,1354,1528,0.14642032975992803
168,1358,1526,0.14642040931239028
168,1354,1522,0.1464364679894392
168,1355,1523,0.146452283187301
167,1360,1527,0.14646716241522223
165,1353,1518,0.1464832039257788
168,1358,1526,0.1465030243317256
168,1359,1527,0.14651367059235845
168,1360,1528,0.14652418571598502
167,1343,1510,0.14653351497809455
161,1353,1514,0.14654592807930877
159,1359,1518,0.14657332353782915
163,1364,1527,0.14660416747677382
161,1344,1505,0.14662327637793843
161,1340,1501,0.14664605464753627
165,1340,1505,0.14666754449064326
161,1353,1514,0.1466774354677811
162,1356,1518,0.14669706999145668
161,1343,1504,0.1467131595569971
164,1349,1513,0.14673025625119668
165,1358,1523,0.14673830918795105
165,1351,1516,0.146742941530848
166,1363,1529,0.14674728583075303
163,1359,1522,0.14674897588540017
163,1367,1530,0.14675979074786924
165,1354,1519,0.14676969711344745
160,1339,1499,0.14677397883049578
157,1339,1496,0.14679154139945322
154,1338,1492,0.1468157876695627
156,1331,1487,0.14684552815410729
158,1338,1496,0.14686846014444357
160,1344,1504,0.1468847085787873
159,1350,1509,0.14689423687064276
161,1357,1518,0.1469059984659593
163,1356,1519,0.14691235770188385
163,1356,1519,0.14691286628827413
162,1356,1518,0.14691418051538288
159,1355,1514,0.1469181352214448
158,1348,1506,0.1469298718554036
157,1344,1501,0.14694376389752034
156,1343,1499,0.14695911339982776
153,1360,1513,0.14697660421514425
154,1362,1516,0.14700087180976204
156,1346,1502,0.1470194401720666
154,1353,1507,0.14703123494898482
153,1358,1511,0.14704705405608756
155,1354,1509,0.14706409301462173
154,1352,1506,0.14707449833246522
155,1360,1515,0.1470868549754429
150,1366,1516,0.14709564780197096
155,1361,1516,0.14711583190377112
156,1351,1507,0.14712138380188367
152,1340,1492,0.1471243734427084
153,1359,1512,0.1471375235968686
151,1367,1518,0.14714688579490393
156,1347,1503,0.1471603042154622
153,1344,1497,0.14715950209250545
153,1348,1501,0.14716679149315465
153,1363,1516,0.14717323222159576
155,1353,1508,0.14717898886966435
157,1350,1507,0.1471796696035956
160,1349,1509,0.14717520679681395
162,1355,1517,0.1471633680563906
157,1370,1527,0.14714708907872218
156,1372,1528,0.1471446722911818
161,1364,1525,0.14714556586549526
157,1360,1517,0.14713305795265094
156,1358,1514,0.14713183298801627
158,1357,1515,0.14713401788456731
155,1360,1515,0.14713104461232013
156,1365,1521,0.14713669924436992
156,1368,1524,0.14713921172373395
157,1365,1522,0.14714148706988314
157,1370,1527,0.1471405513494213
160,1363,1523,0.1471396274590308
161,1361,1522,0.14713086285862803
159,1356,1515,0.14712045704967536
155,1354,1509,0.14711674028200064
160,1351,1511,0.14712393995971404
162,1344,1506,0.14711760659091844
162,1356,1518,0.14710596782986624
157,1370,1527,0.14709546923657316
157,1359,1516,0.1470997468481676
159,1365,1524,0.14710353684336355
153,1370,1523,0.14710182540801806
149,1368,1517,0.147116957074081
149,1363,1512,0.1471408068753787
146,1371,1517,0.1471624263363391
145,1380,1525,0.14719018277246795
148,1378,1526,0.14721838393661446
149,1379,1528,0.14723703216794198
146,1378,1524,0.14725191536366686
149,1359,1508,0.1472741449890132
147,1359,1506,0.14728673085605462
149,1371,1520,0.14730387394926045
147,1371,1518,0.1473151112464582
149,1369,1518,0.14733154720787503
146,1367,1513,0.14734089952465318
143,1371,1514,0.14735812223081562
138,1374,1512,0.1473816354642992
141,1362,1503,0.14741571339371348
142,1363,1505,0.14743918670238648
145,1354,1499,0.1474581143545452
147,1359,1506,0.14746791397010606
148,1359,1507,0.14747153632051493
149,1364,1513,0.1474731794308625
147,1370,1517,0.14747216953735595
144,1372,1516,0.1474772149906464
149,1367,1516,0.1474897022069317
149,1363,1512,0.14748625564625495
153,1367,1520,0.14748161441502483
154,1362,1516,0.14746745145804382
155,1362,1517,0.14745169140299158
156,1364,1520,0.1474346413806096
154,1364,1518,0.1474162315257719
152,1358,1510,0.1474044353412745
152,1364,1516,0.14739898320166728
155,1363,1518,0.14739438922804027
154,1364,1518,0.14738197054084298
155,1360,1515,0.14737255054362908
154,1368,1522,0.14736128994032208
154,1370,1524,0.14735282732407204
153,1375,1528,0.14734552574921325
153,1362,1515,0.14734146967742262
155,1367,1522,0.14733697944890461
154,1357,1511,0.14732826382896158
155,1364,1519,0.14732225731006424
155,1354,1509,0.14731413978747096
156,1358,1514,0.14730653410572625
152,1360,1512,0.14729654163367115
148,1366,1514,0.14729825198419022
151,1374,1525,0.14731029225012354
150,1377,1527,0.1473131446600208
152,1372,1524,0.14731837801107647
152,1375,1527,0.14731820262200424
152,1379,1531,0.14731787915414477
156,1378,1534,0.14731769847852313
153,1375,1528,0.14730673751428502
155,1372,1527,0.14730483303103145
152,1376,1528,0.14729766258444627
150,1375,1525,0.14729886267152062
149,1377,1526,0.1473045155063667
150,1373,1523,0.14731209220393096
146,1376,1522,0.14731629203226157
149,1361,1510,0.14733073937857447
147,1367,1514,0.14733633164792648
152,1363,1515,0.14734735196113025
153,1349,1502,0.14734443836884709
152,1338,1490,0.14733905947431525
148,1340,1488,0.14733596556253215
145,1341,1486,0.14734339675881297
144,1354,1498,0.14735852009120326
146,1352,1498,0.14737549824780097
144,1360,1504,0.14738597618813068
145,1370,1515,0.147400306073264
147,1363,1510,0.14741059494738062
147,1364,1511,0.1474148075477216
147,1365,1512,0.1474192024066362
146,1370,1516,0.1474232001564922
143,1381,1524,0.14743004201407214
146,1385,1531,0.14744520811748887
145,1387,1532,0.14745161412347094
140,1381,1521,0.14746015400565132
139,1376,1515,0.1474817602801542
139,1381,1520,0.14750447751277515
136,1392,1528,0.14752553358806403
138,1387,1525,0.1475537044971275
135,1387,1522,0.14757496738330983
132,1382,1514,0.14760324324297422
130,1385,1515,0.14763795720175868
131,1392,1523,0.14767556266883605
127,1400,1527,0.1477087777818361
132,1406,1538,0.14775046686858634
131,1390,1521,0.14777602042291865
131,1387,1518,0.14780246029019226
134,1386,1520,0.1478268894307
136,1389,1525,0.14784162063047565
134,1386,1520,0.14784931108875152
134,1385,1519,0.14786181128659498
132,1381,1513,0.14787379610991752
131,1380,1511,0.1478897978229285
128,1379,1507,0.1479077517429145
131,1381,1512,0.14793153848947668
135,1389,1524,0.14794675275050465
135,1387,1522,0.14795076348490707
135,1379,1514,0.1479538942519407
138,1389,1527,0.14795702606454217
137,1401,1538,0.14795228443635902
132,1396,1528,0.14795098276163807
128,1375,1503,0.14796389221643189
134,1374,1508,0.14798638032819922
132,1373,1505,0.14799118290170463
134,1389,1523,0.1480008602804553
130,1387,1517,0.1480049908272525
130,1370,1500,0.14801958019133876
133,1385,1518,0.14803268017304994
135,1381,1516,0.14803663683498766
136,1373,1509,0.1480348426849009
135,1389,1524,0.14803006130380447
136,1392,1528,0.14802833152956432
137,1387,1524,0.14802396798057166
136,1379,1515,0.1480173222394353
137,1386,1523,0.1480143505745373
137,1388,1525,0.1480092136740957
137,1377,1514,0.14800522747245068
133,1377,1510,0.14800074477541952
135,1376,1511,0.14800689066931308
134,1386,1520,0.14800720141704357
135,1375,1510,0.14801031051980332
135,1392,1527,0.14801063550152202
137,1383,1520,0.14801121068606704
136,1381,1517,0.14800646792613673
136,1378,1514,0.14800520959352467
137,1373,1510,0.1480039755452231
140,1372,1512,0.14800029061862133
138,1370,1508,0.14798935963254956
136,1377,1513,0.14798500396932895
138,1384,1522,0.1479863184271669
137,1391,1528,0.1479815884960472
134,1406,1540,0.14797989313022633
133,1400,1533,0.1479860308246352
131,1394,1525,0.14799417110022406
134,1388,1522,0.14800700140931167
135,1381,1516,0.1480110406942238
132,1370,1502,0.1480130473577034
134,1377,1511,0.14802192708314005
137,1381,1518,0.14802437289819514
136,1388,1524,0.14801918930740582
134,1389,1523,0.14801735115711775
133,1383,1516,0.14802082149636064
134,1387,1521,0.14802775942773444
135,1375,1510,0.1480316103952388
132,1385,1517,0.1480324095276552
128,1383,1511,0.1480412043870167
131,1386,1517,0.148059089416969
136,1400,1536,0.14806760745685896
138,1396,1534,0.14806179216554619
136,1385,1521,0.14805056012001663
139,1366,1505,0.14804579142917604
137,1368,1505,0.14803251254296268
140,1363,1503,0.14802641180936518
141,1381,1522,0.1480120120031504
136,1375,1511,0.14799676575701945
134,1369,1503,0.14799673132946636
136,1385,1521,0.14800146699574182
132,1385,1517,0.14799999756386895
134,1395,1529,0.14800901488427257
134,1375,1509,0.14801175689123014
135,1356,1491,0.14801390556411265
133,1371,1504,0.14801334626116872
137,1387,1524,0.1480189671103758
139,1388,1527,0.14801346513722943
133,1374,1507,0.14800292397819845
132,1373,1505,0.148009065504694
133,1379,1512,0.14801804265661658
137,1371,1508,0.14802396545730143
139,1368,1507,0.14801858514036093
139,1375,1514,0.14800820914862733
140,1371,1511,0.14799824111593962
139,1363,1502,0.14798627260149866
139,1363,1502,0.14797814261198539
140,1381,1521,0.14797021082600426
135,1383,1518,0.14795947264656376
141,1364,1505,0.14796301264245104
140,1366,1506,0.14794906129800062
140,1379,1519,0.14793963090567142
141,1376,1517,0.14793047345020985
140,1390,1530,0.14791972109778545
143,1388,1531,0.1479121768683681
140,1380,1520,0.14789763360283711
142,1381,1523,0.14789162124354996
139,1371,1510,0.14788074679888086
143,1361,1504,0.1478789521249033
136,1377,1513,0.14786551220338698
137,1377,1514,0.14787145995239093
139,1390,1529,0.14787419805944846
140,1380,1520,0.14787141906519038
142,1385,1527,0.14786605904743555
142,1374,1516,0.14785557249961157
139,1386,1525,0.1478457632537663
137,1376,1513,0.14784566239373514
139,1375,1514,0.14785070220441887
143,1374,1517,0.14785006690421842
142,1374,1516,0.14783885152868387
138,1388,1526,0.14783093675845232
137,1371,1508,0.14783478727005506
139,1370,1509,0.14784129928399423
141,1371,1512,0.1478425795596616
139,1392,1531,0.14783834425198447
136,1381,1517,0.1478401155779645
137,1373,1510,0.14785056889915005
140,1376,1516,0.14785688501683103
137,1380,1517,0.14785419097038058
140,1393,1533,0.1478596864717842
142,1390,1532,0.14785656110583012
142,1383,1525,0.14784812022057184
139,1370,1509,0.14784090438974176
144,1378,1522,0.1478422605674865
143,1384,1527,0.14782900871693522
143,1375,1518,0.14782031278024108
144,1380,1524,0.14781137248422216
145,1383,1528,0.14780076142407697
145,1374,1519,0.14778815820386862
146,1364,1510,0.14777626693632306
149,1363,1512,0.1477631177734135
149,1369,1518,0.14774347556869183
147,1362,1509,0.1477258650080649
143,1362,1505,0.14771426169463392
145,1362,1507,0.14771386279511567
149,1377,1526,0.14770821376935747
152,1377,1529,0.14769239259375985
153,1369,1522,0.14766956084869537
151,1366,1517,0.14764539706138524
151,1351,1502,0.14762838872902692
147,1362,1509,0.14761298368206555
147,1355,1502,0.14760862970906602
145,1362,1507,0.14760453714846894
150,1367,1517,0.14760575270430695
146,1367,1513,0.1475936709672964
150,1367,1517,0.14759292454717263
145,1372,1517,0.14758155210928015
151,1364,1515,0.14758373658476379
150,1363,1513,0.1475703611409795
150,1361,1511,0.1475608806190711
152,1372,1524,0.14755226506364505
152,1361,1513,0.14753941633457418
152,1349,1501,0.14752850479960253
155,1361,1516,0.14751806550541674
157,1364,1521,0.14749975076165497
157,1362,1519,0.14747760603837812
156,1364,1520,0.14745720216114863
155,1365,1520,0.14744054860859354
156,1359,1515,0.14742830812280588
156,1367,1523,0.1474148089734817
156,1359,1515,0.1474025955174288
155,1373,1528,0.14739023967635434
153,1376,1529,0.1473813453826452
151,1370,1521,0.14737862928239273
152,1363,1515,0.14738184638849564
154,1362,1516,0.14738181244729792
150,1355,1505,0.14737627476677917
149,1360,1509,0.14738261008341166
150,1356,1506,0.14739089751637038
152,1350,1502,0.14739519847242313
148,1368,1516,0.14739378627891714
148,1363,1511,0.14740366062957397
149,1362,1511,0.14741263181018485
151,1375,1526,0.1474185071070516
151,1366,1517,0.14741855427685158
144,1356,1500,0.14741867386697255
144,1361,1505,0.14743737611384136
154,1374,1528,0.14745506952388343
154,1373,1527,0.14744452417874845
151,1369,1520,0.14743456985982317
151,1360,1511,0.1474341745631146
153,1364,1517,0.14743440669010652
151,1365,1516,0.14742952379663396
148,1376,1524,0.14743119300865207
147,1365,1512,0.14744089189628823
146,1367,1513,0.147453118127264
144,1371,1515,0.14746738455511546
143,1363,1506,0.14748485719633084
144,1369,1513,0.14750434026765458
145,1370,1515,0.14751967697880639
145,1370,1515,0.1475312014271141
143,1366,1509,0.14754213986041073
143,1366,1509,0.14755712251601916
141,1361,1502,0.14757076319018883
141,1364,1505,0.1475883976227278
142,1370,1512,0.147605299512199
141,1365,1506,0.1476179548179585
142,1373,1515,0.14763268050106787
144,1374,1518,0.14764437960689591
143,1375,1518,0.14764999132517662
141,1381,1522,0.1476580672695729
142,1381,1523,0.14767066681184274
139,1370,1509,0.14767988287488087
139,1368,1507,0.14769658530473584
139,1380,1519,0.14771204644034344
142,1382,1524,0.1477257520836358
144,1380,1524,0.1477305221519126
143,1380,1523,0.14773010365641795
145,1363,1508,0.14773225769309623
142,1380,1522,0.1477295127795223
143,1390,1533,0.1477349544513156
141,1389,1530,0.14773817013345006
145,1386,1531,0.1477470816718724
142,1378,1520,0.14774452933705257
140,1381,1521,0.1477497711019141
138,1393,1531,0.14776054663271332
139,1380,1519,0.14777534291043037
140,1380,1520,0.14778633466199206
141,1383,1524,0.14779434924916107
141,1380,1521,0.14779911994945844
133,1381,1514,0.1478039805323374
133,1374,1507,0.14783009196997463
137,1392,1529,0.14785572233690694
138,1391,1529,0.14786884396474356
137,1387,1524,0.14787809286280948
137,1379,1516,0.14788874207406164
134,1376,1510,0.147899558533933
130,1386,1516,0.14791731803226582
131,1374,1505,0.14794425104709785
135,1388,1523,0.1479664265346099
135,1381,1516,0.14797510501718456
132,1383,1515,0.14798276564741336
138,1386,1524,0.14799805292009524
137,1381,1518,0.14799631011073297
133,1384,1517,0.14799805553688386
130,1388,1518,0.14801038537942962
130,1379,1509,0.14802891093597823
131,1374,1505,0.1480466252572349
126,1384,1510,0.1480609192683484
123,1379,1502,0.14808664361216922
124,1382,1506,0.14811918819721925
124,1387,1511,0.14814663288982385
123,1379,1502,0.1481720271565078
123,1382,1505,0.1481983506936168
122,1391,1513,0.14822213878323823
124,1386,1510,0.14824739729673997
122,1391,1513,0.1482654255215572
121,1390,1511,0.14828832038407375
116,1388,1504,0.1483124717395083
112,1396,1508,0.14834870690419014
114,1393,1507,0.148393166988427
117,1393,1510,0.14842922254168558
113,1396,1509,0.1484548668887648
112,1400,1512,0.14848859947625978
112,1399,1511,0.14852301890991737
113,1399,1512,0.14855527270874472
113,1405,1518,0.14858262242018283
115,1401,1516,0.1486084755382432
114,1400,1514,0.14862812638307116
118,1391,1509,0.14864882719271447
117,1370,1487,0.14865754109865972
117,1379,1496,0.1486683700170199
118,1381,1499,0.14867803649616224
121,1385,1506,0.1486847388715016
120,1394,1514,0.14868258374339438
121,1393,1514,0.1486839100727799
122,1385,1507,0.14868266641445615
118,1397,1515,0.14867887956648673
116,1388,1504,0.148686492251671
112,1390,1502,0.14869920059979674
112,1417,1529,0.14872197949196128
112,1414,1526,0.14874358798523168
109,1416,1525,0.1487641108369417
110,1412,1522,0.14879133350851748
110,1409,1519,0.14881411310645962
109,1406,1515,0.14883564497152743
106,1403,1509,0.14885862203632183
106,1407,1513,0.14888816427849505
105,1395,1500,0.14891612053421482
106,1422,1528,0.14894577366931105
102,1428,1530,0.14897097060418665
104,1411,1515,0.14900492397766033
105,1408,1513,0.1490313049702879
107,1401,1508,0.14905282552480736
103,1396,1499,0.1490677034904904
101,1396,1497,0.14909263962414546
101,1386,1487,0.14912168812315546
99,1412,1511,0.14914814709418983
103,1402,1505,0.14917801348627094
102,1412,1514,0.1491948222448576
103,1399,1502,0.14921302453682636
98,1402,1500,0.14922700664233016
100,1401,1501,0.14925371696214584
103,1417,1520,0.14927329822374993
101,1416,1517,0.14928300216835402
101,1413,1514,0.14929738511977342
104,1402,1506,0.14931007485708275
104,1413,1517,0.14931432348735746
105,1411,1516,0.14931790427228742
108,1405,1513,0.14931817619400573
107,1386,1493,0.14931026407439627
103,1380,1483,0.14930447655173665
108,1387,1495,0.14930925120246
108,1395,1503,0.14930019980176873
109,1407,1516,0.14929169981374243
109,1401,1510,0.14928106793293128
108,1406,1514,0.14927105936669308
107,1401,1508,0.14926455956242324
106,1403,1509,0.14926070436262734
101,1396,1497,0.14926027880870218
107,1400,1507,0.14927317779603952
110,1422,1532,0.1492694774864277
106,1412,1518,0.14925813139278263
105,1405,1510,0.14925913241443012
102,1397,1499,0.14926257765059314
104,1406,1510,0.14927391381443478
104,1412,1516,0.14927909402932074
106,1413,1519,0.1492832617587052
109,1399,1508,0.14928157529033698
107,1404,1511,0.1492714332198162
108,1408,1516,0.14926676352113563
104,1405,1509,0.14926015126016737
106,1411,1517,0.14926537898456008
105,1406,1511,0.1492654680663821
109,1412,1521,0.14926866030494967
107,1409,1516,0.14926043522066465
109,1422,1531,0.1492575291290032
109,1426,1535,0.14924979135734182
105,1420,1525,0.14924319370888717
106,1414,1520,0.14924804103443048
101,1412,1513,0.14925008297059023
101,1417,1518,0.14926617655595006
96,1420,1516,0.1492808523603368
94,1424,1518,0.14930770011497452
99,1428,1527,0.14933842051815216
97,1431,1528,0.14935352549662637
98,1436,1534,0.1493737038867344
97,1421,1518,0.14938979874122324
92,1421,1513,0.14940726938263643
93,1425,1518,0.1494372990974507
95,1427,1522,0.14946283850164543
95,1430,1525,0.1494811888456681
94,1413,1507,0.14949877550332122
96,1422,1518,0.1495178162867365
94,1423,1517,0.14953006359274254
94,1421,1515,0.14954758618454794
94,1415,1509,0.14956366113079675
95,1419,1514,0.14957851534502692
94,1437,1531,0.1495899800292527
92,1431,1523,0.14960366190788058
91,1426,1517,0.14962171658925671
92,1430,1522,0.14964076788444416
92,1427,1519,0.14965600189932624
93,1424,1517,0.14967009661609126
95,1414,1509,0.14968129753444048
99,1421,1520,0.14968649131168238
100,1422,1522,0.1496796859122206
99,1420,1519,0.14967079448566736
99,1427,1526,0.14966513224074085
100,1424,1524,0.14965974834675017
96,1420,1516,0.14965293102255972
95,1428,1523,0.14965781886136786
96,1431,1527,0.14966484388396872
93,1434,1527,0.1496680958305174
92,1436,1528,0.149679751817269
92,1423,1515,0.14969291885451885
95,1415,1510,0.14970496190620788
97,1418,1515,0.1497080444590087
100,1419,1519,0.1497054944078826
100,1412,1512,0.14969551026775754
98,1409,1507,0.1496859143650145
98,1417,1515,0.14968211215784966
95,1418,1513,0.14967872724860595
96,1412,1508,0.14968378976881724
96,1417,1513,0.14968592398409095
94,1421,1515,0.14968793872870115
94,1418,1512,0.1496956739586338
96,1407,1503,0.14970311097160527
96,1424,1520,0.1497045955300862
94,1420,1514,0.14970594527980882
93,1416,1509,0.1497127679515457
94,1414,1508,0.1497219839068817
94,1407,1501,0.14972769121921073
93,1418,1511,0.14973289213141616
95,1422,1517,0.14974046658565146
92,1425,1517,0.14974196307141865
91,1419,1510,0.14975182742176668
89,1401,1490,0.14976393545248698
91,1413,1504,0.14978072840860931
89,1416,1505,0.14979086135638092
90,1402,1492,0.14980584454649346
90,1415,1505,0.14981729754208703
92,1424,1516,0.14982780901918905
93,1410,1503,0.14983224464394204
92,1423,1515,0.14983371411601362
89,1428,1517,0.14983773831331212
89,1423,1512,0.1498497105135104
89,1428,1517,0.14986020513254517
89,1433,1522,0.14987035036564023
87,1433,1520,0.14987976579611217
87,1431,1518,0.14989412728103235
89,1423,1512,0.14990699206135336
88,1427,1515,0.14991443461759796
89,1424,1513,0.1499241690515306
91,1433,1524,0.14993068356325268
90,1432,1522,0.14993136223512596
90,1429,1519,0.14993500463296364
89,1426,1515,0.1499384927154129
88,1417,1505,0.1499442050643577
85,1424,1509,0.14995220571640716
82,1419,1501,0.1499677798299175
82,1422,1504,0.1499903194377714
80,1423,1503,0.15001192499673738
81,1429,1510,0.15003659613261344
80,1436,1516,0.15005703538140583
78,1447,1525,0.1500785632108197
76,1443,1519,0.15010446363570018
79,1436,1515,0.1501344168447977
77,1430,1507,0.15015384187666603
77,1427,1504,0.1501777760861362
78,1432,1510,0.15019947560781177
79,1435,1514,0.15021649092390482
79,1430,1509,0.15022968971380102
77,1437,1514,0.15024188854411613
76,1431,1507,0.15025944978587355
77,1444,1521,0.15027895631498872
76,1436,1512,0.1502943936069238
77,1450,1527,0.1503114400978261
77,1439,1516,0.15032478933443694
75,1437,1512,0.1503370107417927
75,1443,1518,0.1503542109953446
72,1470,1542,0.1503702532232507
69,1460,1529,0.15039338910806696
69,1437,1506,0.1504233079238894
69,1439,1508,0.15045091309902867
68,1438,1506,0.15047641385183294
69,1437,1506,0.15050323568274382
68,1430,1498,0.15052553795767318
69,1438,1507,0.15054944966012465
68,1439,1507,0.15056877957358694
64,1442,1506,0.1505893281838557
60,1439,1499,0.1506196626592982
59,1438,1497,0.1506596968238153
58,1438,1496,0.15069914182359306
58,1443,1501,0.15073918487415292
58,1446,1504,0.15077639672712334
60,1456,1516,0.1508106839968106
57,1451,1508,0.15083725466999698
57,1452,1509,0.15087090593147104
59,1461,1520,0.15090275079309023
59,1453,1512,0.1509267986514812
57,1450,1507,0.1509494089854829
56,1453,1509,0.15097605562278713
55,1456,1511,0.15100404827439218
58,1462,1520,0.15103327714579462
58,1451,1509,0.15105190670851457
60,1447,1507,0.15106869969125758
61,1450,1511,0.15107883689768337
60,1445,1505,0.15108578276271792
63,1448,1511,0.15109500183566574
61,1449,1510,0.15109550153220455
64,1448,1512,0.1511021398232418
64,1452,1516,0.15110026937663878
64,1461,1525,0.15109886602622521
63,1459,1522,0.1510972840203556
63,1466,1529,0.15109860512019022
63,1454,1517,0.15110046557499446
64,1454,1518,0.15110256098112376
64,1447,1511,0.15110139624971716
62,1453,1515,0.15110065100221093
64,1446,1510,0.15110532742578864
61,1449,1510,0.15110410463793547
60,1452,1512,0.1511107956125094
58,1448,1506,0.1511196863319676
62,1459,1521,0.1511336504551506
59,1468,1527,0.15113593397689948
57,1466,1523,0.15114640153451528
58,1458,1516,0.15116209667422312
59,1457,1516,0.15117406000657943
59,1453,1512,0.15118317780501894
57,1455,1512,0.15119134455028976
59,1460,1519,0.15120466010549832
56,1445,1501,0.15121131309042202
55,1445,1500,0.15122599116045496
55,1439,1494,0.15124268360904092
59,1443,1502,0.15125841409413265
59,1464,1523,0.15126169176681775
59,1470,1529,0.15126467294513246
58,1461,1519,0.15126798969082844
55,1462,1517,0.1512739897162157
54,1451,1505,0.15128797985465436
55,1456,1511,0.151303265640214
56,1457,1513,0.1513151014036049
55,1455,1510,0.1513233013153619
55,1447,1502,0.15133399259594818
53,1466,1519,0.15134394216754005
51,1468,1519,0.15135956879449217
50,1470,1520,0.15137989534417212
51,1467,1518,0.15140205739779522
50,1462,1512,0.1514198036887132
49,1463,1512,0.15143918043141233
51,1462,1513,0.1514599133647667
50,1468,1518,0.15147389037602638
49,1463,1512,0.15149008329361385
48,1459,1507,0.15150831546813637
48,1463,1511,0.1515278996329514
46,1482,1528,0.15154623997822497
46,1474,1520,0.1515691962185698
44,1482,1526,0.15159014430167472
45,1474,1519,0.15161513112487032
46,1478,1524,0.15163581116329236
47,1482,1529,0.15165213345760456
45,1474,1519,0.15166437028407725
47,1474,1521,0.15168119339346106
47,1477,1524,0.15169140422768515
48,1482,1530,0.15170140783479696
48,1476,1524,0.1517085357112385
47,1480,1527,0.15171531800010515
47,1489,1536,0.15172450008322197
46,1486,1532,0.1517330182930689
45,1479,1524,0.1517433200759768
44,1471,1515,0.15175579779544932
44,1478,1522,0.15177058221867668
45,1475,1520,0.15178439809894148
45,1470,1515,0.15179458777214797
43,1465,1508,0.15180390305162064
44,1459,1503,0.15181826024877343
45,1473,1518,0.151828615943651
46,1471,1517,0.15183544173683605
49,1464,1513,0.1518387811239926
50,1470,1520,0.15183321908211525
51,1465,1516,0.15182487680786833
49,1469,1518,0.15181468142313473
50,1469,1519,0.15181147040353626
49,1479,1528,0.1518054338612786
50,1479,1529,0.15180243082037204
46,1483,1529,0.15179700157547743
44,1494,1538,0.15180300644815872
46,1482,1528,0.15181403669349988
48,1486,1534,0.15181841269305857
49,1483,1532,0.15181658512234117
51,1477,1528,0.151811996655557
52,1470,1522,0.15180173887750095
52,1473,1525,0.15178937574262905
52,1463,1515,0.1517781124813007
53,1458,1511,0.15176789183325334
54,1447,1501,0.15175526527740263
51,1456,1507,0.15174020920675427
52,1458,1510,0.1517352465086454
48,1471,1519,0.15172782433384566
46,1464,1510,0.1517324235933061
47,1474,1521,0.15174278130629557
46,1470,1516,0.15174964823271322
46,1466,1512,0.15175862649606564
46,1467,1513,0.15176723398961048
46,1470,1516,0.15177553310129646
46,1468,1514,0.15178332310016038
46,1456,1502,0.15179088429755613
46,1458,1504,0.15179764722245423
48,1454,1502,0.15180384771225897
48,1454,1502,0.15180392297476714
48,1471,1519,0.15180373252222318
47,1465,1512,0.15180320915749324
44,1469,1513,0.15180587819306957
43,1470,1513,0.15181717719897894
44,1467,1511,0.1518304557212412
42,1467,1509,0.15184041461589076
43,1472,1515,0.15185571268127307
43,1478,1521,0.15186700317189988
44,1472,1516,0.15187794204886557
41,1482,1523,0.1518854266824818
41,1477,1518,0.15190097527006846
41,1474,1515,0.15191564694656756
43,1474,1517,0.15192933245429455
45,1469,1514,0.15193626380679284
44,1456,1500,0.15193710366152197
44,1451,1495,0.1519397784937534
41,1469,1510,0.1519426100918463
41,1460,1501,0.1519537713681066
43,1463,1506,0.15196418196419045
43,1474,1517,0.15196847728948895
42,1472,1514,0.1519729304675125
43,1473,1516,0.1519799383127544
44,1474,1518,0.15198379710720886
42,1476,1518,0.1519848182048163
45,1490,1535,0.1519918642174987
46,1479,1525,0.1519901388580392
45,1469,1514,0.15198580045249005
47,1475,1522,0.1519847407927747
47,1469,1516,0.15197778466819675
47,1472,1519,0.15197139473820712
44,1470,1514,0.15196549179969093
44,1479,1523,0.151968131406642
41,1483,1524,0.15197042977181596
40,1482,1522,0.15198109517882255
40,1485,1525,0.15199358940172128
41,1478,1519,0.15200519709492005
41,1476,1517,0.1520130698568347
40,1459,1499,0.15201998301180436
39,1473,1512,0.1520294213289094
39,1479,1518,0.15204089831545647
38,1492,1530,0.15205156956800955
39,1486,1525,0.15206409897243753
42,1484,1526,0.15207306068485846
42,1476,1518,0.15207239500012656
43,1476,1519,0.15207143470979767
43,1477,1520,0.15206751924893663
40,1474,1514,0.1520638509280327
41,1475,1516,0.15206866036563205
41,1473,1514,0.15207029362728508
40,1460,1500,0.1520721719188269
39,1473,1512,0.15207688129310243
38,1483,1521,0.15208449494400822
37,1478,1515,0.1520944831864683
38,1481,1519,0.15210715246975334
37,1479,1516,0.1521162539656164
35,1471,1506,0.1521280959200899
37,1468,1505,0.15214512504278588
37,1466,1503,0.15215507910897416
36,1487,1523,0.15216446267342704
36,1490,1526,0.15217627507134307
38,1475,1513,0.15218715391006032
36,1477,1513,0.1521918553084091
37,1477,1514,0.15220205155856326
38,1481,1519,0.15220878126026055
38,1483,1521,0.15221208680789045
38,1483,1521,0.15221523866061917
37,1469,1506,0.15221822850077935
37,1490,1527,0.15222375057254656
37,1494,1531,0.15222922029057434
34,1491,1525,0.15223436108925795
34,1496,1530,0.15224807402690094
34,1481,1515,0.1522608661188979
33,1485,1518,0.1522728139826358
33,1493,1526,0.15228693848359157
35,1500,1535,0.1523001430026545
35,1495,1530,0.15230667289810887
33,1506,1539,0.15231284025936265
32,1492,1524,0.15232450647826454
32,1490,1522,0.15233810955480565
31,1487,1518,0.1523507991082055
31,1486,1517,0.15236549125789892
30,1483,1513,0.1523794660117826
30,1480,1510,0.1523960416222234
30,1467,1497,0.15241167875501457
30,1462,1492,0.1524263655348083
28,1459,1487,0.15244015433397812
28,1471,1499,0.15245912536949882
28,1472,1500,0.15247691925795448
28,1475,1503,0.15249360628002634
29,1460,1489,0.15250925488509257
28,1472,1500,0.1525209775965811
28,1485,1513,0.1525347257631076
26,1490,1516,0.15254760526209662
25,1490,1515,0.15256527919424984
27,1495,1522,0.15258486561497797
26,1500,1526,0.15259799296536983
24,1505,1529,0.15261320972939166
23,1498,1521,0.15263323202725768
23,1495,1518,0.15265475415963842
21,1493,1514,0.15267506799230257
19,1489,1508,0.15269963143014262
20,1480,1500,0.15272846429893971
22,1478,1500,0.15275251329065065
23,1482,1505,0.15276926318380632
23,1487,1510,0.1527819603366444
23,1492,1515,0.15279388757255163
24,1499,1523,0.15280515001699935
24,1503,1527,0.15281281565016686
24,1500,1524,0.1528200399582734
25,1503,1528,0.1528266313896423
26,1506,1532,0.15283000796782129
25,1503,1528,0.1528303093231968
21,1505,1526,0.1528337781418765
23,1502,1525,0.1528486725252789
23,1497,1520,0.15285672656156982
22,1496,1518,0.1528644006888666
22,1495,1517,0.1528744920475382
23,1476,1499,0.15288392194895
23,1469,1492,0.15288975251036455
22,1459,1481,0.1528950104830696
21,1476,1497,0.15290295501232312
23,1492,1515,0.15291328822076877
24,1472,1496,0.15291729990498823
23,1489,1512,0.1529181809608396
22,1488,1510,0.15292195049851487
21,1478,1499,0.15292864896805242
20,1487,1507,0.15293774886234335
20,1500,1520,0.1529490553314986
19,1492,1511,0.1529596168623976
18,1490,1508,0.15297228441024763
20,1508,1528,0.1529871122693827
21,1492,1513,0.152995263719788
19,1493,1512,0.15299992798292525
22,1488,1510,0.1530098538831411
22,1486,1508,0.15301035907711938
23,1477,1500,0.15301081964950744
26,1474,1500,0.15300839985601955
25,1482,1507,0.15299693868561562
26,1479,1505,0.15298933767709727
27,1487,1514,0.15297900474020876
28,1491,1519,0.15296635175939802
28,1491,1519,0.15295157515651833
28,1502,1530,0.15293779304273122
27,1501,1528,0.15292498115564093
25,1490,1515,0.1529158489944261
26,1490,1516,0.15291333113522762
25,1496,1521,0.1529081684905107
24,1491,1515,0.15290659190516384
23,1501,1524,0.15290810138424826
23,1503,1526,0.15291241643750633
23,1494,1517,0.15291641938427078
21,1493,1514,0.152920149415612
20,1497,1517,0.15292965063629044
20,1492,1512,0.15294147159155383
20,1490,1510,0.15295251071500413
20,1482,1502,0.1529631376624824
21,1493,1514,0.15297307866397225
21,1498,1519,0.15297926238577728
21,1502,1523,0.15298506779801074
22,1513,1535,0.15299051700641567
21,1513,1534,0.15299284403229932
21,1497,1518,0.1529981313397048
19,1505,1524,0.1530031078177809
19,1496,1515,0.15301375383622254
19,1503,1522,0.15302375133728582
19,1495,1514,0.1530331200224711
18,1490,1508,0.15304190017185398
17,1478,1495,0.15305321241445077
15,1477,1492,0.15306658174031834
15,1495,1510,0.15308508077830893
16,1512,1528,0.15310248193142584
16,1498,1514,0.15311585127684635
15,1496,1511,0.15312835652089063
15,1507,1522,0.15314307391721033
15,1504,1519,0.15315686533428174
15,1504,1519,0.15316979558847427
16,1491,1507,0.1531819200484109
14,1500,1514,0.153190454096761
13,1497,1510,0.15320446330504514
12,1496,1508,0.15322049185209818
14,1500,1514,0.1532385382792379
14,1500,1514,0.15324965395739756
13,1491,1504,0.15326010680387112
13,1501,1514,0.15327276253203106
13,1508,1521,0.1532846613159113
12,1498,1510,0.15329582605537356
12,1500,1512,0.15330948751814533
12,1501,1513,0.15332230859516702
14,1501,1515,0.1533343406397124
14,1494,1508,0.15333974701638944
13,1502,1515,0.15334484700254514
13,1493,1506,0.15335278127135407
13,1488,1501,0.1533602632666195
13,1482,1495,0.15336730308352325
13,1492,1505,0.15337392237100814
13,1491,1504,0.15338014426717309
13,1503,1516,0.1533859915910579
13,1489,1502,0.15339148630796381
13,1491,1504,0.1533966493429356
13,1496,1509,0.15340150052316143
13,1505,1518,0.1534060585775119
12,1506,1518,0.1534103411637171
11,1507,1518,0.15341734467956142
11,1509,1520,0.1534268225708277
11,1519,1530,0.153436018056315
10,1518,1528,0.1534446645831429
11,1514,1525,0.1534557340748315
12,1504,1516,0.15346310558579357
12,1507,1519,0.15346708673145332
12,1509,1521,0.1534708641548956
12,1515,1527,0.1534744330046069
10,1488,1498,0.1534778010562256
10,1483,1493,0.1534867867050077
10,1490,1500,0.1534952174579833
9,1494,1503,0.15350311618882387
9,1498,1507,0.15351350408101222
9,1517,1526,0.1535232307386027
11,1498,1509,0.15353234967421542
11,1504,1515,0.1535349478972774
12,1510,1522,0.1535374357881288
11,1508,1519,0.15353687319802717
12,1511,1523,0.15353937342134993
12,1509,1521,0.15353872402863913
12,1519,1531,0.1535381533302067
12,1506,1518,0.15353764005411383
12,1518,1530,0.15353717564143884
12,1516,1528,0.15353675350777565
12,1519,1531,0.15353636838449908
12,1512,1524,0.15353601595177882
11,1516,1527,0.15353569260416589
11,1516,1527,0.15353838377497303
11,1506,1517,0.15354089355007278
11,1514,1525,0.15354324291332763
10,1497,1507,0.15354544358435718
10,1495,1505,0.1535504163879434
10,1507,1517,0.15355509058297523
10,1504,1514,0.15355946636444204
10,1508,1518,0.15356356465258125
10,1501,1511,0.15356740492366683
10,1495,1505,0.15357100487187256
8,1489,1497,0.15357438064046436
8,1504,1512,0.15358344596448703
8,1498,1506,0.15359196051109622
8,1502,1510,0.15359994103724403
9,1504,1513,0.15360753717322
9,1509,1518,0.15361165409168662
10,1516,1526,0.15361556388210662
10,1521,1531,0.15361617093116547
11,1530,1541,0.15361678627764624
10,1524,1534,0.15361439057930684
11,1495,1506,0.15361502303907665
11,1497,1508,0.1536126889274945
12,1492,1504,0.15361054232996035
12,1497,1509,0.15360546996377736
12,1503,1515,0.15360075013796098
12,1494,1506,0.1535963522672388
12,1494,1506,0.15359224799251844
13,1494,1507,0.15358841357613237
14,1503,1517,0.1535817783540226
14,1499,1513,0.15357250073700313
14,1513,1527,0.1535638236142228
14,1512,1526,0.15355570412838582
14,1516,1530,0.15354810501193314
14,1524,1538,0.1535409906513857
14,1508,1522,0.15353432795150243
14,1507,1521,0.15352808635021006
14,1506,1520,0.15352223764156991
13,1503,1516,0.15351675576551432
12,1497,1509,0.15351459216382538
12,1495,1507,0.15351549800335162
12,1511,1523,0.15351639060919087
12,1520,1532,0.15351722381092886
12,1523,1535,0.15351799638210423
11,1521,1532,0.15351871226096714
11,1514,1525,0.15352241548639756
11,1511,1522,0.15352587321892222
13,1520,1533,0.15352909917012755
13,1505,1518,0.15352610589815302
13,1494,1507,0.1535233030908945
13,1500,1513,0.15352073090746474
13,1498,1511,0.15351833160266964
13,1494,1507,0.15351609327187832
12,1496,1508,0.15351400221377082
12,1499,1511,0.1535151358984958
12,1500,1512,0.15351618780434623
12,1511,1523,0.15351717276733626
12,1507,1519,0.1535180948539079
12,1500,1512,0.15351895796674442
12,1508,1520,0.1535197659562687
13,1510,1523,0.15352052249889586
13,1499,1512,0.1535181775849193
13,1485,1498,0.15351598498009766
13,1487,1500,0.15351393144171321
13,1493,1506,0.15351200920115932
13,1490,1503,0.15351020970243567
13,1500,1513,0.1535085246585956
12,1501,1513,0.15350694631131825
12,1511,1523,0.15350845244701192
14,1506,1520,0.15350984365058903
14,1498,1512,0.15350507624135745
14,1495,1509,0.15350060221785417
14,1493,1507,0.15349641735250738
14,1509,1523,0.15349250238432233
15,1507,1522,0.15348883851505604
14,1518,1532,0.15348248616445836
14,1512,1526,0.15347943627899346
14,1499,1513,0.1534766031316072
14,1494,1508,0.15347393392169073
14,1498,1512,0.15347142308705158
15,1503,1518,0.15346906380577782
14,1504,1518,0.15346385407094662
14,1501,1515,0.15346192797998362
15,1499,1514,0.15346016056862807
16,1494,1510,0.1534555758692769
16,1499,1515,0.1534483757076298
17,1507,1524,0.1534416901334994
16,1493,1509,0.15343243935525627
16,1493,1509,0.15342674366809686
18,1491,1509,0.15342141403508436
18,1494,1512,0.15341060827142677
18,1502,1520,0.15340052730835635
18,1500,1518,0.15339112157251486
18,1496,1514,0.15338233840370866
18,1492,1510,0.15337413036522976
20,1495,1515,0.15336645492445508
20,1500,1520,0.15335324904613498
21,1494,1515,0.15334075633258964
22,1494,1516,0.1533262330926689
22,1485,1507,0.15330991633335533
22,1482,1504,0.1532947569436561
22,1471,1493,0.15328065310465866
22,1479,1501,0.15326749543116608
22,1484,1506,0.15325520902962958
21,1490,1511,0.15324372789906174
22,1487,1509,0.1532357701098282
20,1489,1509,0.15322553594311164
20,1477,1497,0.15322158716559683
21,1492,1513,0.15321783403236983
22,1509,1531,0.15321142546638367
22,1502,1524,0.15320250277937117
20,1498,1518,0.15319416581997075
21,1497,1518,0.15319217557709472
21,1496,1517,0.153187258838941
19,1500,1519,0.15318266219176135
19,1494,1513,0.1531841109399833
19,1494,1513,0.15318537512587974
19,1500,1519,0.15318650535365538
19,1497,1516,0.15318752404822805
20,1499,1519,0.15318844723043626
20,1507,1527,0.15318640269309688
20,1501,1521,0.15318462948257588
20,1494,1514,0.1531830207502
20,1502,1522,0.15318152706514598
20,1494,1514,0.15318013415588427
20,1490,1510,0.1531788324732993
20,1490,1510,0.15317761439500177
21,1491,1512,0.15317647347949936
21,1505,1526,0.15317242365831849
20,1497,1517,0.153168663665153
20,1502,1522,0.1531678832241872
20,1497,1517,0.15316726382558646
18,1490,1508,0.1531665102439006
17,1482,1499,0.15317172232350246
18,1479,1497,0.15317933193259206
17,1489,1506,0.15318363198318252
16,1498,1514,0.1531905494729945
17,1498,1515,0.15319988917930952
17,1503,1520,0.15320578599492957
17,1511,1528,0.15321130816987863
17,1503,1520,0.153216495831621
17,1498,1515,0.1532211933603087
16,1500,1516,0.15322562697312123
15,1499,1514,0.1532326711996545
15,1505,1520,0.1532420827651864
14,1500,1514,0.15325082425303285
15,1506,1521,0.15326193034221544
15,1514,1529,0.15326940637738995
14,1505,1519,0.15327634325994013
14,1504,1518,0.1532858001110204
15,1494,1509,0.15329462527788718
15,1496,1511,0.1532999682694659
15,1495,1510,0.15330500327300575
16,1488,1504,0.15330973328381625
15,1480,1495,0.15331121426287045
16,1487,1503,0.15331559916271126
15,1500,1515,0.15331679088517486
15,1496,1511,0.1533208851518251
15,1495,1510,0.1533247067986604
15,1507,1522,0.15332829014379973
15,1508,1523,0.15333165164638196
14,1505,1519,0.153334805616624
14,1499,1513,0.15334064030018102
14,1493,1507,0.15334608472017008
15,1492,1507,0.1533511746574781
14,1490,1504,0.15335304670945887
14,1486,1500,0.1533577547250941
13,1491,1504,0.15336228270909746
14,1500,1514,0.15336949136094197
14,1512,1526,0.1533734383033226
14,1508,1522,0.1533771514974931
14,1499,1513,0.15338065249945684
14,1505,1519,0.15338394955192627
14,1501,1515,0.15338705197589725
14,1503,1517,0.1533899696633825
14,1497,1511,0.15339271261487922
14,1495,1509,0.1533952906636741
13,1500,1513,0.15339771332221053
13,1484,1497,0.1534030216449528
12,1490,1502,0.15340797156613017
12,1495,1507,0.1534155971901792
11,1510,1521,0.15342271163338667
11,1513,1524,0.15343225786679415
12,1510,1522,0.1534412161391397
12,1504,1516,0.15344669832259267
12,1497,1509,0.15345182370019342
12,1504,1516,0.15345663356450115
13,1499,1512,0.15346114843417333
13,1519,1532,0.15346250978230702
13,1515,1528,0.15346383385560114
13,1520,1533,0.15346510429321175
13,1520,1533,0.15346631658643728
14,1510,1524,0.15346746914014633
13,1519,1532,0.15346559327793907
13,1500,1513,0.15346685517272302
13,1502,1515,0.15346802301819143
13,1509,1522,0.15346911838939314
12,1504,1516,0.15347014732161054
11,1503,1514,0.15347393106017884
11,1502,1513,0.15348039551446635
11,1500,1511,0.15348641749468692
11,1492,1503,0.15349204159224702
12,1503,1515,0.15349729984198418
11,1502,1513,0.15349927865350663
11,1498,1509,0.15350412272999686
11,1495,1506,0.15350866147221004
10,1487,1497,0.15351291738927983
9,1486,1495,0.15351986710855833
8,1486,1494,0.15352932902758729
8,1503,1511,0.1535413263442117
7,1503,1510,0.15355256081508717
7,1506,1513,0.15356610568372234
7,1503,1510,0.15357880304142363
8,1492,1500,0.15359071404206515
9,1503,1512,0.15359886258871103
8,1530,1538,0.1536036023909464
8,1537,1545,0.1536109558259217
8,1519,1527,0.15361787583363032
9,1516,1525,0.15362437207400817
9,1516,1525,0.15362756414427042
9,1501,1510,0.15363057069943817
9,1498,1507,0.15363341110282708
9,1505,1514,0.15363602136355187
8,1509,1517,0.15363852708535414
8,1515,1523,0.1536437911040706
8,1510,1518,0.1536487442760337
8,1510,1518,0.15365338787941185
7,1498,1505,0.15365774277186278
7,1502,1509,0.1536648517875977
9,1510,1519,0.15367149462757054
9,1507,1516,0.15367183371374532
8,1502,1510,0.15367215195196152
8,1490,1498,0.15367543677979048
9,1497,1506,0.1536785057688741
9,1507,1516,0.15367841588307063
9,1518,1527,0.15367836624419576
9,1505,1514,0.15367833634588698
9,1500,1509,0.15367832020185945
9,1507,1516,0.1536783139053939
9,1512,1521,0.15367831477492527
8,1520,1528,0.15367832090454686
8,1511,1519,0.15368125975402225
9,1509,1518,0.15368403021538565
9,1509,1518,0.15368368217722098
8,1514,1522,0.1536833486603223
8,1517,1525,0.1536860368741316
7,1504,1511,0.15368854246794708
7,1500,1507,0.15369383016838095
8,1506,1514,0.15369876899898174
8,1511,1519,0.1537004306031781
7,1508,1515,0.15370201127058028
7,1516,1523,0.15370639291501662
7,1520,1527,0.1537105201193476
7,1517,1524,0.15371438812621213
6,1510,1516,0.15371801397355306
7,1509,1516,0.1537243971628083
6,1505,1511,0.15372738055969853
7,1521,1528,0.15373317024443733
7,1521,1528,0.15373569282577657
8,1499,1507,0.1537380601007974
8,1498,1506,0.1537373095893763
8,1515,1523,0.15373660732188024
7,1501,1508,0.15373596348925136
7,1507,1514,0.15373827083708103
7,1519,1526,0.1537404537806152
6,1503,1509,0.15374249885442834
6,1514,1520,0.15374754424126955
7,1523,1530,0.1537522575577842
7,1510,1517,0.15375374358587535
7,1512,1519,0.15375513904006158
7,1495,1502,0.15375645892555873
8,1500,1508,0.15375770508807596
8,1508,1516,0.1537558518877221
8,1502,1510,0.15375414375428484
8,1499,1507,0.1537525554753627
9,1510,1519,0.15375107543053546
9,1504,1513,0.15374661431624242
9,1507,1516,0.15374246258540794
9,1518,1527,0.15373858791364423
8,1523,1531,0.15373496582451576
8,1527,1535,0.15373453686360272
8,1515,1523,0.1537341103322234
10,1518,1528,0.15373370021613414
10,1508,1518,0.15372731530688502
10,1513,1523,0.15372140449402977
10,1509,1519,0.15371589303879157
10,1513,1523,0.15371074393152712
9,1508,1517,0.1537059275791111
9,1500,1509,0.15370433789758806
9,1500,1509,0.15370285810596362
9,1503,1512,0.15370146112637803
9,1505,1514,0.15370014315632735
9,1505,1514,0.15369890092867944
9,1500,1509,0.15369773096508918
9,1500,1509,0.1536966296556257
8,1476,1484,0.15369559337324953
11,1499,1510,0.15369757987299754
11,1504,1515,0.15369024200586887
10,1498,1508,0.15368343397760195
12,1503,1515,0.15368008063952732
13,1507,1520,0.15367103505188484
13,1501,1514,0.153659612912584
13,1517,1530,0.1536489945527651
13,1503,1516,0.1536390900749498
13,1502,1515,0.15362983805450794
12,1498,1510,0.15362118686356335
13,1506,1519,0.15361597523686485
13,1510,1523,0.1536079873407961
14,1496,1510,0.15360043685975075
13,1495,1508,0.15359038480182666
12,1496,1508,0.15358393991175542
12,1502,1514,0.15358071154116015
14,1501,1515,0.15357767311522794
12,1501,1513,0.1535690960993055
12,1483,1495,0.15356704101898241
12,1491,1503,0.1535650883650913
11,1504,1515,0.15356325033024137
11,1509,1520,0.15356444377614475
12,1520,1532,0.15356552042879393
12,1521,1533,0.15356353003197826
11,1513,1524,0.15356162618587224
11,1507,1518,0.15356283849468907
11,1506,1517,0.15356395086089608
10,1513,1523,0.15356497473435746
10,1509,1519,0.1535688215828324
10,1512,1522,0.1535723980321195
10,1512,1522,0.15357573124892313
8,1526,1534,0.153578842060426
8,1509,1517,0.15358769681944925
8,1514,1522,0.15359594604460627
8,1509,1517,0.15360375300038834
8,1498,1506,0.15361104276019819
7,1512,1519,0.1536178733275548
8,1502,1510,0.15362719233434802
9,1515,1524,0.15363302114497415
8,1511,1519,0.1536355492512447
8,1508,1516,0.15364090136826294
9,1504,1513,0.15364591327066554
9,1513,1522,0.1536476417586844
9,1508,1517,0.1536492918192055
10,1513,1523,0.15365085605086284
10,1510,1520,0.1536493703214031
9,1506,1515,0.15364802233547986
9,1502,1511,0.15364978544786065
9,1506,1515,0.153651486180764
9,1512,1521,0.15365309290132156
9,1506,1515,0.15365460630588107
9,1492,1501,0.15365603033695108
9,1488,1497,0.1536573696324432
9,1491,1500,0.15365862891496562
9,1496,1505,0.15365988970229932
7,1495,1502,0.15366108302050116
6,1503,1509,0.15366808496258788
7,1506,1513,0.15367751455077233
5,1508,1513,0.1536833892867009
5,1512,1517,0.15369492246934358
5,1510,1515,0.1537057785564236
5,1512,1517,0.15371597249270016
5,1487,1492,0.1537255435588322
5,1491,1496,0.15373453062625264
5,1493,1498,0.15374297035612694
5,1509,1514,0.1537508970051528
5,1517,1522,0.1537583425329542
5,1518,1523,0.15376533676752058
5,1518,1523,0.15377190757079634
5,1521,1526,0.15377808099085694
5,1518,1523,0.1537838813988689
3,1517,1520,0.15378933161208647
3,1514,1517,0.15380066557468722
3,1514,1517,0.15381129055378573
2,1530,1532,0.1538212723439415
2,1525,1527,0.15383367933241263
2,1522,1524,0.15384537516770422
2,1525,1527,0.15385637770634172
2,1509,1511,0.15386672528448472
2,1510,1512,0.15387645598177788
2,1512,1514,0.15388560619039096
2,1517,1519,0.15389421035467776
2,1527,1529,0.1539023009635193
2,1535,1537,0.15390990861619408
2,1534,1536,0.15391706211170203
2,1521,1523,0.1539237885444717
2,1518,1520,0.15393011339986112
2,1518,1520,0.15393606064673268
2,1520,1522,0.15394165282597388
2,1530,1532,0.15394691113454587
2,1517,1519,0.15395185550497625
2,1506,1508,0.15395650468037758
2,1508,1510,0.15396087628515148
2,1514,1516,0.15396498689157423
2,1519,1521,0.1539688520824763
2,1526,1528,0.15397248651022585
2,1524,1526,0.15397590395222585
3,1521,1524,0.15397911736312228
3,1512,1515,0.15397893145901198
3,1501,1504,0.15397877648684521
3,1505,1508,0.15397863256970243
3,1504,1507,0.15397849800775532
3,1495,1498,0.1539783721046124
2,1502,1504,0.15397825428375764
3,1513,1516,0.1539812113627086
4,1506,1510,0.15398080951149132
5,1518,1523,0.1539772363479335
5,1514,1519,0.1539706784285525
5,1503,1508,0.15396454846709598
5,1513,1518,0.15395879939201595
6,1517,1523,0.15395340159445461
5,1518,1523,0.15394523065278937
5,1507,1512,0.15394066816091978
5,1496,1501,0.1539363736483722
5,1506,1511,0.15393233944583018
5,1512,1517,0.15392854902371453
5,1507,1512,0.1539249872357886
4,1502,1506,0.15392164006159065
3,1501,1504,0.15392169169934547
3,1524,1527,0.153924814267709
4,1519,1523,0.1539277865583327
4,1499,1503,0.15392738305844386
5,1492,1497,0.15392703183811463
5,1493,1498,0.1539235488411325
6,1504,1510,0.15392031048077714
6,1504,1510,0.1539140610179595
6,1513,1519,0.15390820975084707
6,1518,1524,0.15390271632314204
6,1512,1518,0.15389755638554217
6,1516,1522,0.15389270900653793
6,1507,1513,0.15388815494518585
6,1513,1519,0.15388387625770267
6,1523,1529,0.15387985614269836
6,1516,1522,0.153876078847604
6,1518,1524,0.15387252959576114
6,1507,1513,0.15386919452273967
6,1509,1515,0.1538660606181916
6,1525,1531,0.15386311567190172
6,1520,1526,0.1538603482234578
6,1521,1527,0.15385774751521641
6,1515,1521,0.1538553034483266
6,1516,1522,0.15385300654160386
6,1524,1530,0.1538508478930628
6,1522,1528,0.15384881914392762
6,1533,1539,0.15384691244495158
6,1535,1541,0.15384512042488854
6,1523,1529,0.15384343616097024
6,1527,1533,0.15384185315125426
6,1524,1530,0.15384036528871864
6,1524,1530,0.15383896683698622
5,1516,1521,0.15383765240757336
5,1531,1536,0.15383958497620806
5,1511,1516,0.15384137566621198
5,1523,1528,0.1538430519389371
5,1522,1527,0.15384462467491844
4,1518,1522,0.1538461012542985
4,1510,1514,0.15385065221996316
3,1513,1516,0.15385491171176552
2,1512,1514,0.15386205508479858
2,1511,1513,0.1538719735815582
2,1518,1520,0.15388128892112676
2,1516,1518,0.1538900493291257
2,1522,1524,0.15389828936824826
2,1517,1519,0.1539060398519899
2,1520,1522,0.1539133295614381
2,1524,1526,0.1539201856088081
2,1512,1514,0.15392663356810915
2,1513,1515,0.1539326975574631
2,1503,1505,0.15393840031091133
2,1504,1506,0.153943763247797
2,1507,1509,0.15394880654094834
2,1516,1518,0.153953549183357
2,1504,1506,0.1539580090528423
2,1505,1507,0.15396220297430582
2,1509,1511,0.15396614677933024
2,1505,1507,0.15396985536299923
2,1510,1512,0.15397334273790428
2,1518,1520,0.1539766220853626
2,1512,1514,0.15397970580390954
2,1508,1510,0.15398260555515014
2,1504,1506,0.15398533230707126
2,1516,1518,0.15398789637492133
4,1527,1531,0.15399030745976852
4,1518,1522,0.15398611092471204
4,1512,1516,0.15398220757969416
4,1523,1527,0.15397854737086836
3,1525,1528,0.15397510985316645
3,1526,1529,0.15397510411524404
3,1536,1539,0.15397508030358573
2,1530,1532,0.15397505405887113
2,1526,1528,0.15397823346609282
2,1530,1532,0.15398120915274785
2,1527,1529,0.15398400831340797
2,1518,1520,0.15398664208210414
2,1524,1526,0.15398912002393067
2,1531,1533,0.1539914511139557
2,1528,1530,0.15399364386138045
2,1521,1523,0.15399570633230275
2,1515,1517,0.15399764616056966
1,1526,1527,0.1539994705602342
1,1515,1516,0.15400440771568624
0,1507,1507,0.15400904057867673
