1375,26,1401,0.13582123297528662
1414,25,1439,0.13296309507429405
1434,24,1458,0.13024757942513318
1451,22,1473,0.12771868250534474
1461,23,1484,0.12536869654306798
1469,25,1494,0.12320299988604194
1477,25,1502,0.12121110728041642
1476,25,1501,0.11937771332465369
1482,25,1507,0.11771141053700715
1474,23,1497,0.11618022803249634
1466,24,1490,0.11480637174003241
1470,24,1494,0.11357559777442183
1475,27,1502,0.11244572578148197
1477,24,1501,0.11140573701768985
1465,23,1488,0.11045470434862467
1466,25,1491,0.10961739385998424
1467,26,1493,0.10885272098967727
1468,26,1494,0.10815481713768554
1468,27,1495,0.10751730103902726
1456,27,1483,0.10693718514009994
1448,28,1476,0.10643632129517806
1438,30,1468,0.1059985585099027
1444,30,1474,0.10562217067403366
1445,31,1476,0.10526626209159648
1447,30,1477,0.10493983444736052
1446,32,1478,0.1046378557043093
1449,32,1481,0.10436526506398781
1455,31,1486,0.10411050839282325
1455,32,1487,0.10386513492116471
1454,30,1484,0.10364157413202499
1472,28,1500,0.10344017530095798
1461,27,1488,0.10321736392354985
1475,29,1504,0.10303893943645118
1459,31,1490,0.10284601887539417
1459,29,1488,0.10270551313845154
1475,31,1506,0.10257757388894177
1478,33,1511,0.1024262022166706
1481,34,1515,0.10228203024651088
1476,33,1509,0.10214454080562042
1479,32,1511,0.10203012648753368
1474,30,1504,0.10191942591431973
1462,32,1494,0.10182931663443878
1452,33,1485,0.10177342059860614
1466,33,1499,0.10174411715180916
1460,32,1492,0.10168727420802114
1462,34,1496,0.101648488975544
1470,36,1506,0.1016086517145905
1473,36,1509,0.10155544195534144
1464,36,1500,0.1015006247457786
1466,34,1500,0.10146993775993679
1461,35,1496,0.10143772038469052
1464,37,1501,0.1014193717906139
1468,38,1506,0.1013965237626164
1467,39,1506,0.10136703692377375
1483,40,1523,0.1013421311007232
1476,40,1516,0.10128555836182197
1459,39,1498,0.10124872393803691
1467,40,1507,0.10125158763195262
1452,41,1493,0.10123711837932238
1446,43,1489,0.10125626465963648
1448,44,1492,0.10128688614340894
1435,41,1476,0.10131031299924079
1438,40,1478,0.10135955928223254
1450,43,1493,0.10139835381119151
1457,43,1500,0.1014080460087981
1459,46,1505,0.1014018851912447
1462,45,1507,0.10139196247385648
1443,45,1488,0.10137641398457227
1440,45,1485,0.10140291210988618
1445,43,1488,0.10143297467672205
1445,42,1487,0.1014494897119805
1456,44,1500,0.10146441515403064
1460,43,1503,0.10145482549817564
1453,40,1493,0.10143747293695725
1447,40,1487,0.10143646736156949
1449,37,1486,0.10144847344680465
1453,38,1491,0.10145511069090013
1458,36,1494,0.10145250591388372
1456,39,1495,0.10143911707317901
1449,39,1488,0.10143147233675034
1449,40,1489,0.10143961854933853
1442,39,1481,0.10144717640721179
1448,40,1488,0.10146905491801908
1457,40,1497,0.1014757502506891
1454,40,1494,0.10146270310202939
1453,39,1492,0.10145780531042436
1442,41,1483,0.10145572381644964
1437,40,1477,0.10147739560391753
1433,40,1473,0.10150800918748004
1434,42,1476,0.1015444633871399
1439,40,1479,0.10157544308823009
1447,41,1488,0.10159273788096929
1438,43,1481,0.10159129544364966
1449,44,1493,0.10160957531918342
1465,45,1510,0.1016022682672023
1466,44,1510,0.1015615749645179
1463,47,1510,0.1015221476134308
1451,48,1499,0.10149281065674014
1447,48,1495,0.10149207759415305
1439,49,1488,0.1014999184309831
1438,52,1490,0.10152430234330588
1442,51,1493,0.10154904255392762
1427,52,1479,0.10156277114402286
1419,53,1472,0.10160763345292662
1421,54,1475,0.10166602655630427
1436,55,1491,0.10171557089661439
1436,54,1490,0.10172858622144734
1444,54,1498,0.10174020589614453
1438,52,1490,0.10173390405659248
1431,50,1481,0.1017413920025946
1426,51,1477,0.10176334286265419
1436,55,1491,0.10179384356298851
1442,56,1498,0.10180012809783069
1440,56,1496,0.10179257643539921
1432,57,1489,0.10179019823330142
1429,55,1484,0.10180527289960895
1424,57,1481,0.10182585079625228
1438,57,1495,0.10185532579040416
1445,53,1498,0.10185221635976344
1445,55,1500,0.1018341558435694
1437,56,1493,0.10181783576858612
1439,57,1496,0.10181998899878959
1441,57,1498,0.10181758371044403
1442,58,1500,0.10181060790371994
1447,56,1503,0.10180213406138952
1443,50,1493,0.10178370865417392
1433,53,1486,0.10177568614372833
1423,55,1478,0.10179006292644503
1430,56,1486,0.1018244580017949
1444,54,1498,0.10184105544556188
1451,54,1505,0.10182565485603647
1454,55,1509,0.10179662647616042
1436,57,1493,0.10176345048349703
1441,55,1496,0.10177233336973521
1438,55,1493,0.10176944692068973
1445,56,1501,0.10177315289020154
1437,60,1497,0.10176155700001242
1428,60,1488,0.10176812995026442
1417,59,1476,0.10179371873401685
1431,58,1489,0.1018410218345964
1424,56,1480,0.10185391745349116
1426,59,1485,0.10188101803088168
1412,55,1467,0.10190118582898805
1428,56,1484,0.10194965936637683
1442,58,1500,0.10195966227698718
1432,57,1489,0.10193829635355382
1430,58,1488,0.1019407605228249
1426,59,1485,0.10194734297889813
1427,58,1485,0.10196220512259264
1430,59,1489,0.10197339288893705
1433,60,1493,0.10197712394542052
1425,61,1486,0.10197405958211452
1424,61,1485,0.10198845854438435
1434,60,1494,0.10200410192318447
1429,63,1492,0.10199708324711011
1432,62,1494,0.10200127193358118
1444,61,1505,0.10199850237325583
1442,62,1504,0.101970114639859
1433,62,1495,0.1019488462493491
1423,65,1488,0.10194888298898296
1429,65,1494,0.10197016291549961
1439,63,1502,0.10197638960715226
1427,64,1491,0.10196078239901826
1426,65,1491,0.1019723460668251
1431,63,1494,0.10198525903883589
1432,63,1495,0.1019865484727803
1437,67,1504,0.10198545597886895
1412,66,1478,0.10197381994972045
1428,67,1495,0.1020170604074166
1411,66,1477,0.10202228294921181
1425,67,1492,0.10206380712426785
1436,68,1504,0.102071700848396
1437,67,1504,0.10205518085935437
1416,67,1483,0.10203806394577755
1419,65,1484,0.10206733597730544
1419,66,1485,0.10208801139687662
1426,67,1493,0.10210679058452225
1421,69,1490,0.10210807790710319
1413,71,1484,0.10211983035582
1422,69,1491,0.1021480321789909
1420,69,1489,0.10215435607300213
1414,71,1485,0.10216445174725773
1420,69,1489,0.10218692705518988
1420,72,1492,0.10219430704537519
1416,71,1487,0.10220118558125747
1421,71,1492,0.10221628577074948
1423,70,1493,0.10221905490021843
1422,72,1494,0.10221737390849173
1419,72,1491,0.10221813332792905
1432,78,1510,0.10222606124248339
1425,72,1497,0.10220480679667278
1438,73,1511,0.10220101403936564
1437,73,1510,0.10216929126006398
1436,76,1512,0.10214242095845982
1428,75,1503,0.10212031463293997
1409,81,1490,0.10211779880466133
1420,81,1501,0.10215639410829831
1421,81,1502,0.10216807561186127
1418,81,1499,0.1021766601657745
1425,83,1508,0.10219099275110934
1417,82,1499,0.10218901346231782
1405,85,1490,0.10220447017614387
1416,86,1502,0.10224541915375676
1411,89,1500,0.10225916791304676
1417,86,1503,0.10228182256096705
1407,92,1499,0.1022892588430301
1396,92,1488,0.10231798379968637
1422,88,1510,0.10236805577417694
1411,89,1500,0.10235782436059226
1422,91,1513,0.10237235985939193
1416,90,1506,0.10236212967445525
1402,88,1490,0.10236553989575572
1407,89,1496,0.10239928529328474
1406,92,1498,0.10241905554807396
1403,92,1495,0.10243924363984885
1398,92,1490,0.10246403602345047
1403,92,1495,0.10249765584172701
1407,95,1502,0.10251746989037326
1419,94,1513,0.10252665434145801
1401,95,1496,0.10250910306104587
1408,94,1502,0.10253298961827496
1410,97,1507,0.10253970267778971
1401,101,1502,0.10254155517620359
1413,103,1516,0.10256332207593742
1398,102,1500,0.10255766768045754
1405,103,1508,0.10258488788190988
1393,104,1497,0.10259431750704476
1393,97,1490,0.10262920552664444
1381,101,1482,0.10266125203606684
1377,108,1485,0.10271675929691583
1378,111,1489,0.10277591506719098
1365,110,1475,0.10282780102812424
1377,119,1496,0.10290373707000952
1391,118,1509,0.10294685752355866
1387,114,1501,0.10295623276345378
1395,112,1507,0.1029733325570236
1385,113,1498,0.10297092291968955
1388,109,1497,0.10299052441943214
1384,102,1486,0.10300259052545274
1384,101,1485,0.10302226193976705
1383,101,1484,0.10303938438356453
1392,103,1495,0.10305651237959529
1399,103,1502,0.10305174451268728
1391,105,1496,0.10303230636558534
1405,104,1509,0.10303237765071094
1395,101,1496,0.1030018728976939
1391,99,1490,0.10299610581139446
1400,97,1497,0.10299904069122409
1398,92,1490,0.10298276661702734
1397,91,1488,0.10297191824602418
1384,91,1475,0.10296359967331054
1393,93,1486,0.10298424733611615
1396,93,1489,0.10298336024974461
1383,98,1481,0.10297596383136129
1388,100,1488,0.10299800317132046
1388,103,1491,0.10300666780989977
1396,104,1500,0.10301533165273564
1386,102,1488,0.10300625948365509
1386,103,1489,0.10301962867778132
1392,105,1497,0.1030326336905489
1392,110,1502,0.10303122649966934
1385,113,1498,0.10302927305925388
1379,111,1490,0.10304271422684835
1377,111,1488,0.10306858568143848
1381,110,1491,0.10309634821047439
1381,113,1494,0.10311245724172544
1379,115,1494,0.10312760546299488
1383,114,1497,0.10314614044261704
1375,113,1488,0.10315464681335079
1376,116,1492,0.10317990515040844
1369,117,1486,0.10320046454763904
1370,117,1487,0.10323441686222858
1380,117,1497,0.10326316663996177
1368,118,1486,0.1032682481913719
1382,119,1501,0.10329881634893752
1383,118,1501,0.10329643605513414
1382,120,1502,0.10329187401211987
1379,123,1502,0.10329049368259882
1370,125,1495,0.10329635274660526
1379,126,1505,0.10332143124724098
1373,124,1497,0.10332481433605714
1378,124,1502,0.10334078342028455
1386,126,1512,0.10334418645886222
1386,126,1512,0.10332890097490266
1380,127,1507,0.10331476052193038
1370,126,1496,0.10331498382645546
1379,126,1505,0.10333794569220504
1383,123,1506,0.10333925109281672
1366,123,1489,0.1033317227348626
1363,126,1489,0.10336233093323113
1373,127,1500,0.10339704121074175
1374,124,1498,0.10340712799017307
1371,122,1493,0.1034139311391407
1376,118,1494,0.10342580599881364
1381,119,1500,0.10342565008889043
1376,122,1498,0.10341459968684323
1389,124,1513,0.10341539972378111
1389,123,1512,0.10338753753735244
1379,122,1501,0.10336279289097675
1377,125,1502,0.10336232167555552
1360,121,1481,0.10336653087391966
1357,119,1476,0.10340739232160086
1353,117,1470,0.1034511972283605
1357,122,1479,0.10349976874916422
1354,124,1478,0.10353546851436508
1356,127,1483,0.10357490402066505
1365,129,1494,0.10360642700678553
1360,134,1494,0.10361658347974455
1367,139,1506,0.10363660788798537
1355,134,1489,0.1036394154479575
1352,130,1482,0.10366871940580584
1353,132,1485,0.10370193990521362
1355,131,1486,0.10373027605532335
1369,129,1498,0.10375139187040033
1371,126,1497,0.10374019852815727
1374,128,1502,0.10372595243380356
1369,131,1500,0.1037062869953473
1357,132,1489,0.10370003609338427
1360,128,1488,0.10372071879502956
1356,128,1484,0.10373330094428174
1349,130,1479,0.10375263192097134
1358,133,1491,0.10378516858159598
1360,136,1496,0.10379517755798268
1347,137,1484,0.10379985576458622
1355,137,1492,0.10383212963479306
1359,135,1494,0.10384436502759384
1369,136,1505,0.10384610511061342
1363,131,1494,0.10382693646872031
1379,135,1514,0.10382263115806048
1371,134,1505,0.1037833912195185
1373,134,1507,0.10376482186356163
1378,137,1515,0.10374417784584235
1373,136,1509,0.10371449238559734
1373,140,1513,0.10369853310259852
1379,141,1520,0.10368426314737449
1368,142,1510,0.1036585819204456
1366,141,1507,0.10365905942037874
1360,140,1500,0.10366366198869556
1367,143,1510,0.1036806963064349
1366,140,1506,0.1036812499168349
1368,142,1510,0.10368383358471485
1362,143,1505,0.10368216692629545
1356,143,1499,0.10369441204106178
1349,145,1494,0.1037182860603598
1344,149,1493,0.10375607445407414
1352,151,1503,0.10380272117329956
1353,154,1507,0.1038282760589626
1353,154,1507,0.10384886741570351
1364,152,1516,0.1038679388317827
1368,153,1521,0.1038622587182298
1355,149,1504,0.1038478247886314
1342,149,1491,0.10386259916366652
1351,153,1504,0.10390490572077365
1353,153,1506,0.10392397109507531
1361,152,1513,0.10393723020156206
1357,151,1508,0.10393211085344141
1352,151,1503,0.10393625955583723
1343,155,1498,0.10395129059803439
1345,155,1500,0.10398520348397429
1348,152,1500,0.10401165201028582
1352,156,1508,0.10402926963185859
1338,156,1494,0.10403715282180542
1322,150,1472,0.10407516251030664
1321,154,1475,0.10414512637275429
1340,156,1496,0.10421114796549905
1339,154,1493,0.10422963328902916
1323,155,1478,0.10424794704049205
1325,159,1484,0.10430003715937605
1330,161,1491,0.10434384518545045
1334,160,1494,0.10437315616070032
1338,165,1503,0.10438998548242687
1323,163,1486,0.10439797415439284
1324,161,1485,0.10443828681246412
1323,162,1485,0.10447230378615363
1320,165,1485,0.1045062837772047
1324,170,1494,0.10454480327510719
1324,171,1495,0.10457092594502114
1326,172,1498,0.10459505411276906
1329,174,1503,0.10461347031605799
1327,173,1500,0.10462367794609718
1319,176,1495,0.1046375963529972
1305,177,1482,0.10466853724401572
1305,180,1485,0.10472724258088868
1315,182,1497,0.10478149245267245
1332,184,1516,0.10480973493415263
1312,185,1497,0.1047992800565115
1317,185,1502,0.10483280869267617
1316,185,1501,0.10485235380999694
1310,184,1494,0.10487227510807973
1323,184,1507,0.10490391973031567
1316,186,1502,0.10490390485721239
1311,187,1498,0.10492026556087847
1310,184,1494,0.10494562215621475
1294,187,1481,0.10497187413048444
1299,185,1484,0.10503196127540709
1274,187,1461,0.10507630113102533
1283,189,1472,0.10517222137101301
1303,193,1496,0.10523949809945256
1304,197,1501,0.10525797940161148
1302,195,1497,0.10527287036795185
1303,202,1505,0.10529133662588194
1301,200,1501,0.10530631302343181
1301,199,1500,0.10532450926303344
1299,198,1497,0.10534069800196848
1300,197,1497,0.10536078756299437
1305,198,1503,0.10537745690666331
1308,195,1503,0.10538049921607903
1312,196,1508,0.10537625252607898
1304,194,1498,0.10536354101034653
1305,196,1501,0.10536980789652667
1310,198,1508,0.10537230361438324
1294,198,1492,0.10536516617952005
1303,202,1505,0.1053934130547248
1304,195,1499,0.10539946784071468
1291,201,1492,0.10540374016521753
1286,204,1490,0.10543574436564533
1283,201,1484,0.10547682178017079
1272,202,1474,0.10552172927860873
1270,204,1474,0.10558642530502574
1291,207,1498,0.10564989830668627
1299,209,1508,0.10566188425641018
1296,206,1502,0.10565561914841001
1283,210,1493,0.10565647666029505
1286,212,1498,0.10568546082939737
1270,214,1484,0.10570574036023377
1274,215,1489,0.10575861763325566
1271,213,1484,0.10579855881518122
1275,217,1492,0.10584189915748954
1290,217,1507,0.10587289792438961
1286,211,1497,0.10586873421044035
1279,212,1491,0.10587458455829575
1277,210,1487,0.10589602377907979
1270,212,1482,0.10591989083045338
1252,208,1460,0.1059573746084429
1262,205,1467,0.10603121855633357
1271,209,1480,0.10607692254146112
1266,208,1474,0.10609912617415983
1262,214,1476,0.1061306888912215
1266,209,1475,0.10616788321088333
1259,211,1470,0.10619352871678896
1266,212,1478,0.1062331520144712
1272,220,1492,0.1062537905171638
1271,222,1493,0.10625885499824035
1276,219,1495,0.10626527772019927
1286,220,1506,0.10625976862391237
1282,221,1503,0.10623313651454129
1276,217,1493,0.10621772307386404
1285,226,1511,0.10621824037486256
1288,224,1512,0.10619977323659675
1268,224,1492,0.10617767408589368
1282,223,1505,0.10620163811491849
1284,223,1507,0.10619230066974933
1264,221,1485,0.1061786686779535
1260,224,1484,0.10621218292044432
1267,230,1497,0.10625098446726422
1257,232,1489,0.10627014158211438
1260,232,1492,0.10631112382925444
1276,227,1503,0.10634183138602499
1263,233,1496,0.106336180660837
1271,238,1509,0.10636057575765383
1268,237,1505,0.1063649636717571
1265,237,1502,0.10637551082988952
1264,241,1505,0.10639172459669168
1281,236,1517,0.10640855432380976
1268,240,1508,0.10638652118411375
1275,243,1518,0.10639456601597708
1269,245,1514,0.1063863033697777
1259,243,1502,0.10639289910181617
1260,244,1504,0.10642099264948168
1259,247,1506,0.10644476662852746
1254,244,1498,0.10646894196954032
1268,242,1510,0.10650401285440336
1262,241,1503,0.10650513074132138
1259,240,1499,0.10651844612826919
1246,239,1485,0.10653730537949917
1245,236,1481,0.10658415180877846
1238,241,1479,0.1066294325273358
1253,241,1494,0.10668484761097258
1260,240,1500,0.10670245349300994
1251,237,1488,0.10670347276083383
1257,237,1494,0.10672441275641333
1261,241,1502,0.1067303544518118
1265,243,1508,0.10672679004190339
1267,242,1509,0.10671450188097766
1257,244,1501,0.10669807534715123
1251,243,1494,0.10670613410708515
1251,241,1492,0.10672625190003002
1258,238,1496,0.1067447086650669
1268,241,1509,0.10674453143085011
1270,244,1514,0.10672212279657523
1274,244,1518,0.10669781111622272
1262,245,1507,0.1066673676470139
1259,241,1500,0.1066662593682413
1257,242,1499,0.10667238866429965
1256,246,1502,0.10668225644259027
1244,247,1491,0.10669336057895688
1242,246,1488,0.10673048455897191
1246,250,1496,0.10676762634743041
1249,251,1500,0.10679241042568594
1250,250,1500,0.1068096030999132
1253,258,1511,0.1068233546830681
1257,261,1518,0.10682892277039155
1242,257,1499,0.10682532937854151
1244,255,1499,0.10685528554173615
1251,252,1503,0.10687857384389103
1242,258,1500,0.10688465674262684
1245,257,1502,0.10691029538670485
1237,264,1501,0.10692692816356585
1238,262,1500,0.1069608644126865
1226,270,1496,0.10699023766733733
1223,272,1495,0.1070452883184926
1228,269,1497,0.10710252028350972
1234,270,1504,0.10714416620636971
1237,272,1509,0.10716938606831185
1221,269,1490,0.1071853527188675
1225,267,1492,0.10723558017822868
1224,269,1493,0.10727279430534781
1215,269,1484,0.1073096357593361
1227,271,1498,0.10736222121112647
1221,266,1487,0.10738370955727819
1225,265,1490,0.10741697545261687
1210,269,1479,0.10743894886168683
1216,271,1487,0.10749372952120811
1207,273,1480,0.1075306375587994
1208,274,1482,0.1075840618213046
1220,275,1495,0.10762870241747628
1221,274,1495,0.10764463995524977
1217,272,1489,0.10765724160667281
1203,278,1481,0.10767867377373432
1215,284,1499,0.10773026838958204
1225,286,1511,0.1077512738564155
1222,287,1509,0.10774847851519144
1216,285,1501,0.10775190595701664
1208,281,1489,0.10776887530780471
1195,282,1477,0.10780144218951633
1204,278,1482,0.10786045036679841
1202,282,1484,0.10789361879403486
1202,282,1484,0.10792828801098364
1211,285,1496,0.10796067780443913
1200,288,1488,0.10797000817297382
1201,294,1495,0.10800484817405721
1199,291,1490,0.10803393289413449
1205,290,1495,0.10806473537141321
1207,291,1498,0.10807966313827935
1211,294,1505,0.10808947101079902
1204,290,1494,0.10809115336929842
1202,290,1492,0.10810998458817352
1203,285,1488,0.10813134920726246
1214,287,1501,0.10814888196147915
1212,288,1500,0.1081402344752726
1207,288,1495,0.10813596964830062
1205,293,1498,0.10814350695207488
1197,289,1486,0.1081552672529298
1214,289,1503,0.10818458414796872
1207,287,1494,0.10817263357967849
1212,292,1504,0.1081786878002315
1215,293,1508,0.10817208979424794
1217,297,1514,0.1081590488816682
1211,302,1513,0.10814235902131156
1207,298,1505,0.10814111949638303
1197,298,1495,0.10814891739381469
1214,299,1513,0.1081785834222924
1199,297,1496,0.10816763727740167
1199,297,1496,0.10819172226228795
1200,298,1498,0.10821464115244968
1201,297,1498,0.10823293946771734
1193,302,1495,0.10824716829903569
1203,304,1507,0.10827777254017913
1189,297,1486,0.10828253182951164
1187,301,1488,0.10831878826099808
1192,306,1498,0.10835775391972004
1203,306,1509,0.10838351594574219
1198,305,1503,0.10838298211896003
1195,303,1498,0.10839456863332395
1197,306,1503,0.10841149128443686
1192,311,1503,0.10842166881371959
1195,310,1505,0.10844293954321722
1203,304,1507,0.10845560172722235
1212,302,1514,0.10844949752123342
1210,305,1515,0.10842286042737992
1201,310,1511,0.10840317633691025
1196,310,1506,0.10840609721271857
1198,314,1512,0.1084206864715426
1194,314,1508,0.1084292572405226
1185,316,1501,0.1084463922287852
1192,319,1511,0.10848257005171433
1177,321,1498,0.1085007934125011
1164,323,1487,0.10855149472036998
1172,320,1492,0.1086289415585654
1163,320,1483,0.10868183775406816
1173,322,1495,0.10875121040132509
1171,323,1494,0.10879128424617171
1178,324,1502,0.10883143419060172
1175,323,1498,0.10885384028854382
1165,326,1491,0.10888162045162712
1171,326,1497,0.1089301629307943
1164,334,1498,0.10896206570024254
1159,337,1496,0.1090079134377781
1152,332,1484,0.10906147142966549
1146,336,1482,0.10912690619082743
1146,331,1477,0.10920066238505698
1138,344,1482,0.10926850558123365
1149,344,1493,0.1093490939434998
1155,342,1497,0.109399330016903
1153,344,1497,0.10943089087798391
1169,340,1509,0.10946485150951794
1161,344,1505,0.10945843864237371
1152,344,1496,0.10947006612852299
1154,343,1497,0.10950170651752968
1148,347,1495,0.10952635362857709
1141,346,1487,0.1095628175258236
1140,339,1479,0.10961170981616043
1145,340,1485,0.10965904261319145
1148,343,1491,0.10969049560438733
1152,345,1497,0.10971249222833088
1152,346,1498,0.10972385245949422
1162,352,1514,0.10973529539743788
1162,360,1522,0.10972465389789217
1141,351,1492,0.10971634531215889
1136,358,1494,0.10975612262552037
1132,354,1486,0.10980436920703347
1128,356,1484,0.10985838546902318
1136,354,1490,0.10991664957256908
1137,350,1487,0.1099525852377553
1143,347,1490,0.10998397067742588
1146,350,1496,0.10999869494835761
1146,354,1500,0.1100063327731521
1155,365,1520,0.11001359648218324
1147,358,1505,0.10999825675065872
1146,359,1505,0.11000169491689091
1133,358,1491,0.11000590242624461
1137,361,1498,0.11003844957729164
1137,357,1494,0.11005904132376534
1137,362,1499,0.11007937989286048
1140,362,1502,0.11009719133686754
1142,359,1501,0.11010604604588742
1134,359,1493,0.110109717722827
1135,360,1495,0.11013187621208935
1140,359,1499,0.11015041934657073
1152,354,1506,0.1101554932509121
1148,348,1496,0.11013312555376807
1148,355,1503,0.1101205276856609
1138,356,1494,0.11010938140633958
1151,349,1500,0.1101214373331691
1145,355,1500,0.11010316191187906
1155,355,1510,0.1101023248007241
1149,356,1505,0.1100792780864285
1144,358,1502,0.11007218518755657
1153,360,1513,0.11007696008398798
1146,366,1512,0.11006030981176003
1144,367,1511,0.11005985192526108
1149,366,1515,0.11006535222290897
1141,356,1497,0.11005963079564189
1139,362,1501,0.11007382370984468
1128,368,1496,0.11009015103922198
1123,364,1487,0.11013021177437109
1114,360,1474,0.11017831130702785
1122,365,1487,0.11024286822377405
1133,365,1498,0.11028528905299588
1134,366,1500,0.1102992996775868
1143,377,1520,0.11031012553196887
1128,373,1501,0.1102990411907161
1136,379,1515,0.11032559759874314
1126,376,1502,0.11033147947110565
1126,381,1507,0.11035986105676748
1116,375,1491,0.11038736271223719
1123,376,1499,0.11043612051802254
1122,380,1502,0.11046530714814672
1122,375,1497,0.11049416226707014
1120,380,1500,0.11052060769556857
1104,375,1479,0.11054915252807142
1106,368,1474,0.11061143415722553
1106,372,1478,0.11066475944711673
1109,376,1485,0.1107123512041946
1108,381,1489,0.1107490308009187
1107,386,1493,0.11078554815026394
1110,381,1491,0.11082122954921644
1106,378,1484,0.11084702205092441
1112,376,1488,0.11087988176502915
1116,380,1496,0.11089764573228532
1117,378,1495,0.11090444963494128
1125,381,1506,0.11090877858078052
1117,382,1499,0.11089488746222226
1103,383,1486,0.11090098309922514
1109,386,1495,0.11093844977342045
1106,385,1491,0.11096045645425724
1106,388,1494,0.11098581132566719
1109,389,1498,0.1110090940402655
1123,393,1516,0.1110225209993351
1118,392,1510,0.1110031467984793
1116,390,1506,0.1109979520548409
1118,393,1511,0.1109993876780035
1118,395,1513,0.11099696848635837
1118,389,1507,0.11099477464439957
1124,395,1519,0.11099286387768342
1113,394,1507,0.11097848554557876
1111,394,1505,0.11099013133421626
1103,386,1489,0.11100726534308002
1098,388,1486,0.11104140636025728
1100,395,1495,0.11108316428801832
1094,406,1500,0.11111640154900591
1089,408,1497,0.11116164844905554
1087,402,1489,0.11121409931721765
1091,402,1493,0.1112659213718391
1091,399,1490,0.11130467249103145
1089,405,1494,0.1113407803962384
1097,406,1503,0.11137847590642704
1110,405,1515,0.11139463841429524
1088,407,1495,0.1113805400214253
1088,404,1492,0.11141891594542074
1093,402,1495,0.11145532548612064
1095,404,1499,0.11147481431718358
1104,402,1506,0.11148764796989408
1111,396,1507,0.11147929900790174
1108,393,1501,0.11145672263070651
1094,395,1489,0.11144262689823625
1095,393,1488,0.11146211519837276
1090,397,1487,0.11147604421873965
1089,398,1487,0.11149836447930063
1097,399,1496,0.11152193055150672
1089,395,1484,0.11152515946795574
1094,398,1492,0.11154656501947749
1088,390,1478,0.11155444254093197
1086,395,1481,0.11157688562491731
1090,400,1490,0.11160130691451865
1091,404,1495,0.11161524558984488
1099,405,1504,0.111625509545002
1080,408,1488,0.11161740625174012
1077,409,1486,0.1116531997807017
1074,414,1488,0.1116932601260035
1088,418,1506,0.11173629059165961
1088,418,1506,0.11174324139921595
1085,411,1496,0.11174864356685116
1096,408,1504,0.11176115365602282
1093,410,1503,0.11174734428655402
1090,418,1508,0.11174172129946157
1079,411,1490,0.1117440409553182
1080,410,1490,0.11177045922033457
1080,413,1493,0.11179437960501325
1066,422,1488,0.11181586577277752
1061,415,1476,0.11186869023069532
1062,419,1481,0.11192875086020625
1061,431,1492,0.11198191302776334
1073,431,1504,0.11203514452971594
1063,432,1495,0.11205669342632131
1061,424,1485,0.11210065987652829
1070,432,1502,0.11214487635384597
1059,437,1496,0.11216536590361757
1055,439,1494,0.11220935245702014
1059,442,1501,0.11225620173048707
1062,439,1501,0.11228926855647069
1066,439,1505,0.11231469170709374
1063,441,1504,0.11232929366469273
1065,440,1505,0.11235109223373203
1059,437,1496,0.11236713216377218
1059,436,1495,0.11239556712424341
1055,434,1489,0.11242137904693124
1038,433,1471,0.11245743742904107
1041,440,1481,0.11252951029327846
1049,446,1495,0.11258822048646105
1054,442,1496,0.11262367429417411
1047,441,1488,0.11264439337530546
1061,445,1506,0.11268029021260421
1050,448,1498,0.11268122478277728
1050,448,1498,0.11270863791685111
1053,451,1504,0.11273420980323291
1049,452,1501,0.11275093130310485
1042,455,1497,0.11277771665261391
1050,453,1503,0.11281821137189446
1052,450,1502,0.1128378709416611
1048,449,1497,0.11285189612298051
1042,456,1498,0.11287436175389612
1050,459,1509,0.11291015244708273
1047,459,1506,0.11292548994627637
1050,465,1515,0.11294812429184453
1044,466,1510,0.11296391430618469
1035,473,1508,0.11299315349546936
1023,473,1496,0.11304062064800174
1008,474,1482,0.11311365494751432
1006,476,1482,0.11321660149942017
1007,479,1486,0.11331679105651006
1012,484,1496,0.11340756050555488
1012,484,1496,0.11348106446496593
1027,485,1512,0.11354916013316807
1036,489,1525,0.11357555571753492
1025,489,1514,0.11357947888585519
1028,486,1514,0.11360979382604382
1031,478,1509,0.11363334552490922
1037,482,1519,0.11364755177722011
1029,483,1512,0.1136458961883307
1027,486,1513,0.11366366160792268
1029,488,1517,0.11368532814893338
1013,488,1501,0.11370116511258412
1001,492,1493,0.11375402294222542
1007,494,1501,0.1138313599190047
1012,487,1499,0.11388757446790987
1001,484,1485,0.11392684016787837
1019,489,1508,0.11398922951129553
1029,488,1517,0.11400540761391671
1018,483,1501,0.11399747194840301
1014,483,1497,0.11401581844830021
1014,490,1504,0.11404356962347112
994,499,1493,0.11406998940883689
1000,500,1500,0.1141416944694977
995,504,1499,0.11419496506401944
992,506,1498,0.1142556799030319
984,512,1496,0.11431985081621794
992,514,1506,0.11439787970584948
996,517,1513,0.11444972783759971
991,507,1498,0.11448833486853636
996,498,1494,0.11453428724347418
1001,503,1504,0.11456591821712259
991,515,1506,0.11458414280528345
999,502,1501,0.11462602264021361
997,506,1503,0.11464354910447656
993,504,1497,0.1146628978199611
986,506,1492,0.11469122838550407
991,510,1501,0.11473463740477673
990,508,1498,0.11476266153103881
998,511,1509,0.11479079237306465
996,518,1514,0.11479871191005264
990,505,1495,0.11481110672335308
981,508,1489,0.11483539106613191
986,512,1498,0.11487913590643072
989,512,1501,0.11490757418768319
991,509,1500,0.11492694246949388
992,509,1501,0.1149403247528379
990,515,1505,0.11494945280608451
992,516,1508,0.11496269152464808
989,513,1502,0.11497045514927091
993,518,1511,0.11498408334600473
984,516,1500,0.11498804543553931
983,516,1499,0.1150141232235137
987,516,1503,0.11503998530559383
983,526,1509,0.115055807381888
983,525,1508,0.11508104456160574
980,532,1512,0.11510518302420966
981,531,1512,0.11513478581153719
978,530,1508,0.11516085415680485
970,529,1499,0.1151930569907449
972,538,1510,0.11524190573091353
966,542,1508,0.1152815161875414
957,545,1502,0.11533282919611394
961,546,1507,0.11540318746651317
951,538,1489,0.11545929565241377
957,538,1495,0.11553254864948745
953,540,1493,0.1155880012607453
951,539,1490,0.11564859719234519
945,538,1483,0.11570772465505243
940,541,1481,0.115774840096573
942,548,1490,0.11584830788254658
945,548,1493,0.11591208687590521
949,551,1500,0.11596503099490313
954,551,1505,0.11600516290445842
958,552,1510,0.11603032720810998
955,549,1504,0.11604480221749794
948,550,1498,0.11606624096220858
945,545,1490,0.11610207685427315
935,553,1488,0.11614121793708516
940,555,1495,0.11619991222077213
942,552,1494,0.11624231155622013
951,556,1507,0.11627656408486384
940,556,1496,0.11628658641680037
954,556,1510,0.11631983535894802
947,548,1495,0.11631731178023415
958,556,1514,0.1163312067450973
965,550,1515,0.1163187326914745
961,553,1514,0.1162890838974383
971,563,1534,0.11627262935734281
972,564,1536,0.11623444185134195
954,560,1514,0.1161987522255992
955,568,1523,0.11620795307764265
946,552,1498,0.11621232917829172
944,558,1502,0.11623775999462867
949,564,1513,0.11626774836928594
948,561,1509,0.11628442015751722
950,562,1512,0.11630362605975333
945,565,1510,0.1163149082123828
943,561,1504,0.11633661746463901
949,564,1513,0.11636066319109521
950,568,1518,0.11637056057793174
946,568,1514,0.1163782431114942
950,563,1513,0.11639546953979522
948,566,1514,0.11640196187239299
946,571,1517,0.11641358048297888
939,572,1511,0.11643025388480649
930,571,1501,0.11646438154971533
931,577,1508,0.11651563823010448
941,578,1519,0.11656045481900008
937,576,1513,0.11657902414143712
936,577,1513,0.11660560663586249
926,581,1507,0.11663383304770986
928,577,1505,0.11668291810049576
925,583,1508,0.11672263686240004
920,584,1504,0.11676598670553513
922,584,1506,0.11681895105361216
920,584,1504,0.11686291050544564
917,585,1502,0.11690617535533492
925,586,1511,0.1169535686680249
923,584,1507,0.11698043286710813
918,585,1503,0.11701140647457824
909,581,1490,0.11705283044607268
910,589,1499,0.11711203840784996
898,589,1487,0.117164886599707
913,579,1492,0.11724153543479693
908,582,1490,0.11727496169736348
906,584,1490,0.11731690278140171
912,586,1498,0.11736055027825996
918,583,1501,0.11738877551268369
908,590,1498,0.11740148372990394
923,594,1517,0.11743632986200221
907,597,1504,0.11743470880662336
906,597,1503,0.11747092368436342
911,592,1503,0.117505695395134
906,594,1500,0.11752639279184118
912,587,1499,0.11755828385151883
907,584,1491,0.11757190944656098
907,582,1489,0.11759884218586127
910,589,1499,0.11762273367846031
895,589,1484,0.11763823849924965
896,601,1497,0.11768689102577735
894,608,1502,0.11773093270367381
900,603,1503,0.11777452153321073
894,603,1497,0.11780096266653349
888,599,1487,0.11783899640883157
891,594,1485,0.11788867445250852
893,599,1492,0.11792787488557817
901,603,1504,0.11795944917750166
894,607,1501,0.11797017608200341
893,622,1515,0.11799589607132216
894,620,1514,0.11802438935373905
886,623,1509,0.11804813679632303
887,618,1505,0.11809029726174432
892,616,1508,0.1181275638066345
883,615,1498,0.11814774841317004
886,623,1509,0.11818767106450424
893,620,1513,0.11821649588359062
901,627,1528,0.11822830601036012
895,632,1527,0.11822138185281164
891,623,1514,0.11822902154871279
893,625,1518,0.11824588646677144
880,630,1510,0.11825608466541385
879,632,1511,0.11829578875783867
878,615,1493,0.11833452773725878
887,622,1509,0.11837232644262734
886,620,1506,0.11838378468296856
891,614,1505,0.11839728408085935
892,617,1509,0.11839624410049926
887,611,1498,0.11839211409498109
893,618,1511,0.11840248837532315
900,621,1521,0.11839944146931634
891,619,1510,0.11837865847005408
896,631,1527,0.11838148404834026
897,634,1531,0.11837180280500455
896,623,1519,0.11836082567314567
882,629,1511,0.11835262367107319
878,618,1496,0.11837812964765476
876,623,1499,0.11841192249475128
870,626,1496,0.11844803214133023
884,625,1509,0.11849489291765256
889,630,1519,0.11850246231763516
891,628,1519,0.11849727586346795
891,630,1521,0.11848750947874581
888,626,1514,0.1184808375708365
878,623,1501,0.11848200427587216
871,617,1488,0.11850527671412109
879,612,1491,0.11854254231025953
883,608,1491,0.11855688405638895
887,613,1500,0.11856164570155389
893,624,1517,0.1185573489933373
874,628,1502,0.11854123129206434
879,634,1513,0.11857288906623346
867,632,1499,0.11859142758817512
861,638,1499,0.1186367896053358
862,630,1492,0.11869177994068603
870,625,1495,0.11874042339500203
874,633,1507,0.11876605160032945
879,623,1502,0.11878063909335125
885,628,1513,0.11878234914311438
877,623,1500,0.11876843294974698
875,627,1502,0.11877454728013152
885,636,1521,0.11878474435744504
877,635,1512,0.11877172200365642
879,642,1521,0.11877834222076121
884,626,1510,0.11878126657653448
873,624,1497,0.11877264491287111
864,628,1492,0.118789840607742
860,638,1498,0.11882775815436773
851,643,1494,0.11887269948125398
849,637,1486,0.11893487526892725
855,639,1494,0.11899644954320676
853,642,1495,0.11903983641062271
853,647,1500,0.11908518403135265
846,650,1496,0.1191287813788543
849,660,1509,0.11918371983370749
847,659,1506,0.11922774011705135
839,655,1494,0.11927122920358181
839,661,1500,0.11933237914865291
843,652,1495,0.11938956795856129
850,651,1501,0.11943304777549732
852,654,1506,0.11945791606689764
850,655,1505,0.11947422449798069
852,658,1510,0.11949420608658869
846,654,1500,0.11950690820580684
849,653,1502,0.1195364264603858
841,652,1493,0.11955682816491958
835,656,1491,0.11959278704336068
844,655,1499,0.11964133261339498
846,668,1514,0.11966504566395486
839,672,1511,0.11968165755641726
829,674,1503,0.11971302122904146
825,666,1491,0.11976818051331875
820,664,1484,0.1198271060947766
827,669,1496,0.11989562372377417
826,679,1505,0.11994017746110741
822,681,1503,0.11998420894104495
821,678,1499,0.12003413681389602
824,678,1502,0.1200838669519145
830,683,1513,0.12012194730331745
821,689,1510,0.12014407309080166
831,680,1511,0.12018798631806593
827,679,1506,0.1202050979829583
821,674,1495,0.1202312267831023
820,682,1502,0.12027028164056162
828,681,1509,0.12030949733167837
822,680,1502,0.12032615875205323
817,686,1503,0.12035845191070528
803,697,1500,0.12039999986317067
803,699,1502,0.12047387418505842
798,699,1497,0.12054322254826676
806,697,1503,0.12061898390459685
805,706,1511,0.12066801556868574
810,689,1499,0.120714531478518
806,694,1500,0.12074725663499848
804,682,1486,0.12078814579669983
809,689,1498,0.12083016629317726
808,691,1499,0.1208555848057517
811,695,1506,0.12088034152291678
807,691,1498,0.12089429751872646
810,694,1504,0.12091704674603657
806,693,1499,0.12093392072745593
809,702,1511,0.12096105561601796
804,707,1511,0.1209801962427121
797,714,1511,0.12101069569393648
796,712,1508,0.12105765745874024
791,708,1499,0.12110401346034586
791,712,1503,0.12116005785983125
781,698,1479,0.12121234161864901
791,701,1492,0.12128242351700258
787,715,1502,0.12132374634481981
775,726,1501,0.1213730535243921
778,723,1501,0.12144763768617663
782,725,1507,0.1215074232571543
777,720,1497,0.12155433399738595
777,722,1499,0.12161146324367955
771,726,1497,0.12166517349216155
770,734,1504,0.12172668642573398
762,723,1485,0.12178783942575126
770,731,1501,0.12186283859033578
773,728,1501,0.12191180273879482
768,732,1500,0.12195193823692112
768,728,1496,0.121999381300331
769,739,1508,0.12204412766358388
766,735,1501,0.12208278547725548
760,738,1498,0.12212619892684419
767,744,1511,0.12217965435887855
767,747,1514,0.12221192519569898
765,748,1513,0.12224270488247259
768,738,1506,0.12227601095929744
766,749,1515,0.12229966100162663
771,751,1522,0.12232438736193606
769,744,1513,0.12233529948721246
760,755,1515,0.12235016824972249
746,748,1494,0.12238581023754307
758,750,1508,0.12245302835519002
754,748,1502,0.12248615631414267
757,739,1496,0.12252763815750634
751,748,1499,0.12255856509218496
754,755,1509,0.1226023373239806
748,758,1506,0.12263819561375737
755,758,1513,0.12268760765113129
759,765,1524,0.12271520105806431
747,762,1509,0.12273092929553453
739,761,1500,0.12277432120679502
735,757,1492,0.12283279315844235
738,753,1491,0.12289597145750378
740,752,1492,0.12294596851183828
746,752,1498,0.1229861132359729
739,748,1487,0.12300938877384152
746,753,1499,0.12304745620574838
748,762,1510,0.1230657297230799
756,770,1526,0.12307630068182371
752,757,1509,0.12306785293693576
751,761,1512,0.12306946709056849
746,757,1503,0.12307343130137706
743,766,1509,0.12308869817070796
737,760,1497,0.12311021881656437
746,766,1512,0.12314787560483445
749,766,1515,0.12316088097640115
744,769,1513,0.123166608741107
745,762,1507,0.12318448574601618
742,764,1506,0.12319861271095288
755,752,1507,0.12322010344629629
756,758,1514,0.12320893176860118
747,763,1510,0.12319338131626846
744,757,1501,0.12320196296816417
746,760,1506,0.12321725313406529
740,761,1501,0.12322754494380081
732,756,1488,0.12325073384221064
740,755,1495,0.12329184806330402
740,759,1499,0.12330987636837852
737,764,1501,0.1233283497541504
740,762,1502,0.12335244992099247
738,766,1504,0.12336678391585311
735,767,1502,0.12338572340984694
734,765,1499,0.12341161804906112
735,764,1499,0.12343664358802765
739,772,1511,0.12345701958969584
749,771,1520,0.12346606730696251
746,770,1516,0.12345219036622833
747,765,1512,0.12344827311093837
748,771,1519,0.12344291910099933
745,762,1507,0.12343554777673144
746,759,1505,0.12343687853554584
738,756,1494,0.12343558294229628
741,778,1519,0.12345579171310725
734,771,1505,0.12346497418264825
731,780,1511,0.12349102101861505
730,780,1510,0.12352233587170051
731,773,1504,0.12355503580377253
730,772,1502,0.12358341755451224
727,771,1498,0.1236103360398145
717,772,1489,0.12364313775614191
725,779,1504,0.12369994475302708
713,786,1499,0.12373249255289615
716,776,1492,0.12379241585492327
720,776,1496,0.12383989909564903
722,771,1493,0.12387461762160772
736,774,1510,0.12390217671785539
730,777,1507,0.12389347584207239
733,779,1512,0.12390192688953665
739,780,1519,0.12390202971017322
738,782,1520,0.12388646806911831
740,773,1513,0.12387512076928082
737,779,1516,0.12385874880378622
737,780,1517,0.1238510338093581
726,777,1503,0.12384363541702224
720,784,1504,0.12386311709250047
724,776,1500,0.12389609634506461
719,786,1505,0.12391782204998507
716,782,1498,0.12395075663721836
721,792,1513,0.12398792775110212
713,798,1511,0.12401250242671949
716,798,1514,0.12405572104958949
714,796,1510,0.12408649922882523
705,806,1511,0.12412027585953578
708,797,1505,0.12417434500638866
711,801,1512,0.12421941750650747
713,803,1516,0.1242535060072582
715,800,1515,0.12427925845415505
719,805,1524,0.12430050966027913
714,801,1515,0.1243093225749098
713,798,1511,0.12433048696253664
707,801,1508,0.12435376954786216
697,807,1504,0.1243913811823483
696,800,1496,0.12445104189164241
700,801,1501,0.12450839869340836
691,802,1493,0.12455353982671155
689,806,1495,0.12461659780670115
679,809,1488,0.12467813298989122
678,816,1494,0.1247603820329807
691,817,1508,0.12483854384512251
695,807,1502,0.12487916073654161
701,803,1504,0.12490802020933338
691,809,1500,0.12492113009520456
686,821,1507,0.12495829765752989
687,818,1505,0.12500517889399887
691,827,1518,0.12504803336616846
692,833,1525,0.12507869941505181
693,837,1530,0.1251037636312252
686,828,1514,0.1251238465902382
681,828,1509,0.12515969818392428
685,832,1517,0.1252062865277949
690,830,1520,0.1252399605911942
683,832,1515,0.1252582099140477
682,836,1518,0.12529292894651423
678,840,1518,0.125327381834364
677,833,1510,0.1253689975553852
679,834,1513,0.12540917658723763
690,830,1520,0.12544111339158745
686,823,1509,0.12544479165887604
688,818,1506,0.1254584401167134
688,819,1507,0.1254658164092606
693,821,1514,0.12547214329535708
691,819,1510,0.12546624801271175
690,807,1497,0.12546492379931157
679,816,1495,0.12546776009639327
675,826,1501,0.12549920586324353
664,832,1496,0.12553908642543074
665,838,1503,0.1256046618479275
673,840,1513,0.12566435836848913
674,848,1522,0.12570101505657616
670,842,1512,0.12573390027696457
675,841,1516,0.12577160269103313
670,834,1504,0.12579604217822682
667,836,1503,0.12582990114037085
675,831,1506,0.12586911708291504
668,841,1509,0.1258862662814931
665,850,1515,0.12591975208094086
669,844,1513,0.12595818058595104
659,840,1499,0.12598330749940181
659,840,1499,0.1260299013912459
662,848,1510,0.12607412936304796
653,852,1505,0.12610780843521716
651,840,1491,0.12616105487173002
651,851,1502,0.12621506027784116
649,848,1497,0.1262664986253169
650,840,1490,0.12631860966388136
644,846,1490,0.1263656234701707
640,848,1488,0.12642538284370752
644,853,1497,0.12648961277770895
651,845,1496,0.12653891350595625
644,850,1494,0.1265676820076299
648,855,1503,0.1266103860887763
649,849,1498,0.12664065930674184
651,858,1509,0.126668598542101
640,866,1506,0.12669099671808629
640,865,1505,0.12673948351729206
641,866,1507,0.1267849977736261
636,868,1504,0.12682644575664187
633,862,1495,0.1268768141505945
631,867,1498,0.1269308343717942
624,866,1490,0.1269860541390545
627,867,1494,0.12705499360683414
626,871,1497,0.12711258029504635
624,874,1498,0.12716904895223796
626,871,1497,0.1272276358221405
631,862,1493,0.1272769255082287
637,870,1507,0.127312348682482
624,872,1496,0.12733087893331918
627,884,1511,0.12738162418282192
622,897,1519,0.12741997713236528
626,892,1518,0.12746921559693747
616,894,1510,0.12750589533629436
613,896,1509,0.12756604298957921
611,889,1500,0.12762924328938408
617,881,1498,0.12769232331607072
621,887,1508,0.12773666478012158
623,884,1507,0.12777101585381126
625,880,1505,0.12779662601098324
620,873,1493,0.12781649544560317
618,879,1497,0.12784923687193733
621,892,1513,0.1278847096797453
620,885,1505,0.127910014120608
618,886,1504,0.12793583705956618
615,884,1499,0.12796626485935395
623,895,1518,0.1280019570219469
628,908,1536,0.12801661452798996
616,911,1527,0.12801918397549442
606,895,1501,0.1280480860685733
610,901,1511,0.1280997704823648
601,895,1496,0.12813872692123549
604,894,1498,0.1281978695062308
605,890,1495,0.12824529121490133
604,898,1502,0.12828593541422825
615,898,1513,0.12832704191595115
607,893,1500,0.12833682639507904
603,890,1493,0.12836715359924217
601,887,1488,0.1284049157512952
598,895,1493,0.12844438174037784
604,895,1499,0.12848900575343997
602,910,1512,0.12851507870684994
604,914,1518,0.12854611544270766
604,911,1515,0.1285697285804834
604,917,1521,0.1285913625822995
605,913,1518,0.12861156853963093
602,912,1514,0.12862811231449686
603,918,1521,0.12864970309205004
600,912,1512,0.12866760463053276
596,918,1514,0.12869059430778965
600,925,1525,0.12872224065743432
598,920,1518,0.12874212648981764
595,929,1524,0.1287662113246172
601,911,1512,0.1287962145576912
606,907,1513,0.12880851368103785
598,912,1510,0.12880732971824008
591,917,1508,0.12882596373272967
598,920,1518,0.12886124159661558
598,920,1518,0.1288762393498627
601,914,1515,0.1288915602481431
599,914,1513,0.12889801823867106
595,913,1508,0.1289084872964108
585,920,1505,0.12892870362896755
576,922,1498,0.12897140776151567
583,926,1509,0.12903500124908496
584,926,1510,0.12907656931526187
583,929,1512,0.1291132548814838
579,925,1504,0.12915022024495681
579,924,1503,0.12919255634086127
579,920,1499,0.12923050291428234
577,923,1500,0.12926468241026526
579,932,1511,0.12930026274461975
584,931,1515,0.129329514637811
586,932,1518,0.12934376057309188
584,933,1517,0.1293536975156474
590,939,1529,0.12936817001020998
584,929,1513,0.1293660336087235
588,930,1518,0.12937956870078499
569,927,1496,0.12938228055639622
568,928,1496,0.12943335608912077
571,924,1495,0.12948211203629265
576,933,1509,0.12952014708501067
578,926,1504,0.12954404734296238
572,925,1497,0.12956193169107608
585,928,1513,0.1295923769840306
579,926,1505,0.12958739011164164
575,934,1509,0.1295978300574086
572,938,1510,0.12961769172080262
566,938,1504,0.129644971029181
568,938,1506,0.12968520201631642
566,932,1498,0.12971673021883418
570,927,1497,0.12974981163741905
570,929,1499,0.12977169945867165
575,923,1498,0.12979117117739722
579,935,1514,0.12979651114118237
576,940,1516,0.12978993799060398
574,946,1520,0.12979055000239134
569,944,1513,0.12979692762916187
573,935,1508,0.12981492693035096
572,931,1503,0.12982192364041764
573,929,1502,0.12983347743812565
571,926,1497,0.12984044475534273
557,932,1489,0.12985212082693434
562,940,1502,0.12989537852163988
567,939,1506,0.12992183890141562
565,936,1501,0.1299356133949447
564,943,1507,0.12995190110705532
573,944,1517,0.12996971853741968
569,948,1517,0.12996490577091435
566,950,1516,0.12997230414733593
561,943,1504,0.12998784194706195
560,943,1503,0.13001471927795114
569,939,1508,0.13004184348955197
565,952,1517,0.13004421459392623
563,945,1508,0.1300575253954051
560,951,1511,0.13007494298943853
553,953,1506,0.13009978526741073
550,961,1511,0.13014176262708815
554,954,1508,0.13018727658569226
560,942,1502,0.1302196084370844
561,940,1501,0.1302334679843797
568,948,1516,0.13024015352564194
572,939,1511,0.13022849258401095
570,942,1512,0.13020722602056978
575,943,1518,0.13019174879264356
571,957,1528,0.13016558139767445
569,954,1523,0.13015175901724604
569,956,1525,0.13014465250783522
559,950,1509,0.1301374120411025
557,948,1505,0.13015780869655946
559,954,1513,0.1301814804826277
560,942,1502,0.130198370846879
558,954,1512,0.1302115215407169
559,956,1515,0.13022939598267805
556,956,1512,0.1302427907477146
557,953,1510,0.1302617880652644
558,955,1513,0.1302766021857239
560,951,1511,0.13028806720129094
553,949,1502,0.13029478016526286
562,947,1509,0.13031875374868418
559,941,1500,0.13031851398516975
559,941,1500,0.1303259068780267
565,930,1495,0.13033165014329515
571,933,1504,0.13032138866293028
561,940,1501,0.1302948124250326
568,924,1492,0.1302967220316957
570,935,1505,0.13028093575240768
564,938,1502,0.1302623068546987
566,933,1499,0.13025968133196364
561,943,1504,0.13025093016427897
562,941,1503,0.1302561644454698
562,943,1505,0.1302580117594488
565,945,1510,0.130258216575246
563,945,1508,0.13025025456372374
565,952,1517,0.1302483042621555
561,950,1511,0.13024214004709486
565,948,1513,0.13024757543822585
568,951,1519,0.1302421252134285
558,963,1521,0.13022904985738082
555,956,1511,0.1302411947390557
554,956,1510,0.13026144980522683
540,955,1495,0.13028338162332037
546,968,1514,0.1303421731680513
546,958,1504,0.13038234667346915
547,950,1497,0.13042087812539682
549,953,1502,0.13045288428914714
535,947,1482,0.1304780331213439
544,958,1502,0.13053718318839777
546,963,1509,0.13057117331628
544,969,1513,0.1305963828319137
551,968,1519,0.13062449368652387
545,966,1511,0.13063568078400953
547,965,1512,0.13066218874918
546,969,1515,0.1306810649909482
540,964,1504,0.13070075581560714
531,960,1491,0.13073521628157775
535,967,1502,0.13079099745985331
530,977,1507,0.13083217290307114
527,975,1502,0.1308846240877381
526,986,1512,0.13093974723968643
527,980,1507,0.1309929473658229
524,989,1513,0.13103915112412093
521,988,1509,0.13108927226632006
518,983,1501,0.13114372066953411
525,993,1518,0.13120264040919863
514,983,1497,0.131238385285791
519,985,1504,0.1312991064589122
521,979,1500,0.1313423857192975
527,990,1517,0.13137760448632205
530,986,1516,0.13139466638683664
531,992,1523,0.13140238051828618
523,980,1503,0.13140841057831912
533,987,1520,0.1314349585785851
532,982,1514,0.13143381172081114
535,979,1514,0.13143427908183208
531,973,1504,0.131426979930133
540,968,1508,0.1314302747224287
539,954,1493,0.1314100466013783
539,967,1506,0.13139420802509033
535,973,1508,0.1313783031711426
530,980,1510,0.13137299402692157
525,982,1507,0.13138007032546206
528,987,1515,0.13139952835093122
532,989,1521,0.13141087518310082
524,971,1495,0.13141034331975365
519,975,1494,0.13142954222411973
525,980,1505,0.1314598885367486
530,978,1508,0.13147191305497483
529,982,1511,0.1314710158546655
523,976,1499,0.13147325386709524
526,966,1492,0.13148888435655626
525,978,1503,0.13149648039770334
525,989,1514,0.13150815214045575
520,984,1504,0.1315194155870261
511,999,1510,0.13154293634324724
512,1001,1513,0.13158647324820497
515,1006,1521,0.13162377516289406
512,992,1504,0.13165054984940305
513,999,1512,0.13168326751647952
505,997,1502,0.13171150665703105
504,1000,1504,0.1317580530278337
503,1006,1509,0.131803572008083
504,994,1498,0.13184791635947707
504,999,1503,0.13188598593536785
497,996,1493,0.13192173872016522
495,994,1489,0.1319718081213482
504,1000,1504,0.13202228925075044
498,1011,1509,0.13204846116695987
498,1012,1510,0.13209052811718205
497,1025,1522,0.13213133543390934
493,1024,1517,0.1321712617834111
494,1021,1515,0.13221833225390509
485,1025,1510,0.13225881073249457
481,1026,1507,0.13231927079939587
488,1026,1514,0.1323849799095689
485,1018,1503,0.13242796270871446
485,1027,1512,0.1324772805726488
485,1033,1518,0.1325237049921733
485,1031,1516,0.13256644608801366
480,1033,1513,0.1326060763621335
476,1032,1508,0.13265677704766296
470,1026,1496,0.13271424324578673
469,1045,1514,0.13278162554645648
469,1043,1512,0.13284717684834307
470,1037,1507,0.1329083213737678
465,1031,1496,0.13296298513385152
473,1033,1506,0.133026139049936
461,1038,1499,0.13306549394461809
453,1048,1501,0.13313279800136152
455,1064,1519,0.13321644484167225
446,1070,1516,0.13328877708519715
445,1065,1510,0.133378288822091
446,1058,1504,0.13346495168120376
441,1060,1501,0.13354361174938034
443,1062,1505,0.13362951780627924
444,1059,1503,0.1337048392665851
449,1055,1504,0.1337723684208453
448,1040,1488,0.1338230811191762
450,1053,1503,0.1338732135755806
447,1049,1496,0.13391500900030473
446,1051,1497,0.1339629038475783
448,1044,1492,0.13401093258867364
447,1059,1506,0.13405110259111125
452,1062,1514,0.13409067116181067
455,1060,1515,0.13411412949778584
452,1053,1505,0.13412825873680773
458,1051,1509,0.1341487497603706
462,1048,1510,0.13415156756186564
465,1054,1519,0.13414344848592846
466,1049,1515,0.1341284901051763
466,1051,1517,0.13411217223259564
461,1054,1515,0.1340972019479862
455,1046,1501,0.1340983641856587
452,1044,1496,0.1341151275851875
461,1051,1512,0.13413915438004176
457,1052,1509,0.13413778456000383
450,1062,1512,0.13414765989255048
453,1061,1514,0.13417741495536373
450,1060,1510,0.13419797399058936
443,1057,1500,0.1342248380661009
442,1057,1499,0.13426839966183898
438,1059,1497,0.1343097274761521
437,1070,1507,0.13436031822676553
441,1070,1511,0.1344092479004847
441,1072,1513,0.134444642084393
441,1065,1506,0.13447643267486178
442,1064,1506,0.13450617664026246
450,1067,1517,0.13452954538860376
444,1066,1510,0.13452993386972
450,1059,1509,0.13454824657183106
446,1064,1510,0.1345509541861367
448,1058,1506,0.1345634373628618
437,1056,1493,0.13457065266083312
441,1057,1498,0.13460615569039117
445,1059,1504,0.13462837640890218
444,1065,1509,0.13463834097731023
438,1070,1508,0.13465104380367218
442,1071,1513,0.1346786663796083
442,1065,1507,0.1346937481730764
438,1068,1506,0.13471064825363616
439,1072,1511,0.134736338676709
440,1077,1517,0.13475762175262793
440,1075,1515,0.13477466835159363
436,1066,1502,0.1347906982622827
432,1072,1504,0.13481552911195668
437,1066,1503,0.13485067270176007
438,1069,1507,0.13486974577468444
432,1059,1491,0.13488279019336827
423,1061,1484,0.13491018297400148
426,1072,1498,0.1349584122527546
423,1074,1497,0.13499561902969892
421,1083,1504,0.13503651788073046
431,1071,1502,0.13508036015616554
425,1087,1512,0.13509573360432714
424,1081,1505,0.13512757880942178
420,1096,1516,0.13516032825964952
415,1094,1509,0.13520164743465368
418,1089,1507,0.135253681053905
417,1084,1501,0.13529422153340545
425,1083,1508,0.13533530750294742
419,1082,1501,0.13535214294950307
419,1076,1495,0.13538291712910497
416,1074,1490,0.13541041801194248
424,1083,1507,0.13544398866293453
426,1092,1518,0.1354555768605901
424,1088,1512,0.13546172357054762
426,1085,1511,0.13547236162025267
429,1083,1512,0.1354771616085136
424,1079,1503,0.13547499846317795
421,1086,1507,0.13548704368745187
420,1075,1495,0.1355067619625094
417,1080,1497,0.13552763586406813
415,1078,1493,0.1355530014896711
424,1089,1513,0.13558221777777069
422,1095,1517,0.13558386421168114
423,1096,1519,0.13558977428451832
428,1096,1524,0.13559279175711278
428,1083,1511,0.13558333828233335
426,1088,1514,0.13557375978106706
427,1092,1519,0.13556923866423276
423,1089,1512,0.1355634377264198
418,1093,1511,0.13556806029830082
413,1089,1502,0.13558552760628545
413,1095,1508,0.13561399721206044
418,1087,1505,0.1356402836447128
419,1102,1521,0.13565177848969484
418,1082,1500,0.1356598555452806
420,1072,1492,0.13567104949854644
419,1072,1491,0.13567670533074683
419,1079,1498,0.13568355845400754
426,1085,1511,0.1356891580119035
428,1082,1510,0.13567750470573517
418,1091,1509,0.13565976429101445
415,1080,1495,0.13567038911643783
411,1071,1482,0.13568958818510374
412,1087,1499,0.13571674301240613
419,1095,1514,0.13573967897335457
416,1101,1517,0.135741006806306
412,1103,1515,0.1357507332124383
420,1102,1522,0.13576964319350654
418,1109,1527,0.1357665722694428
416,1105,1521,0.13576852947471946
416,1097,1513,0.13577654794590438
419,1102,1521,0.13578391021919342
416,1095,1511,0.13578253228074483
425,1098,1523,0.1357887553677463
423,1088,1511,0.13577284465508488
423,1094,1517,0.13576433416245512
428,1091,1519,0.13575589428781215
426,1093,1519,0.13573660002401977
426,1090,1516,0.13572299933470688
426,1093,1519,0.13571005324494578
429,1076,1505,0.13569914925570029
425,1080,1505,0.13568138392566492
422,1089,1511,0.1356747811395192
423,1102,1525,0.13567820710917833
422,1100,1522,0.13567837100639568
425,1094,1519,0.1356809579401105
425,1091,1516,0.1356764611330508
421,1086,1507,0.1356720990393866
422,1093,1515,0.13567765720457015
422,1095,1517,0.1356817859459468
421,1092,1513,0.13568575713687253
408,1083,1491,0.13568998540019225
416,1089,1505,0.13572650752486803
411,1087,1498,0.13573976955079448
414,1103,1517,0.13576419919424698
412,1100,1512,0.13577834655456592
413,1091,1504,0.13579570927289214
415,1082,1497,0.13581046411276337
419,1088,1507,0.1358177970147976
415,1085,1500,0.13581430276633447
419,1092,1511,0.13582107811660238
412,1084,1496,0.13581792364395473
406,1082,1488,0.13583195972954326
402,1090,1492,0.13585943665947603
411,1096,1507,0.13589578211539893
404,1094,1498,0.13590633688530004
410,1089,1499,0.13593535088503056
404,1105,1509,0.13594677654271659
402,1113,1515,0.1359729550469326
398,1109,1507,0.1360013827827099
400,1101,1501,0.13603797398645695
404,1098,1502,0.1360672238633046
400,1105,1505,0.1360855413907416
397,1108,1505,0.1361128231590044
399,1104,1503,0.13614562615939926
395,1092,1487,0.13616874832514853
403,1094,1497,0.1362018351770603
397,1086,1483,0.13620993230480985
404,1098,1502,0.13623219778796739
404,1092,1496,0.13623471727017045
403,1105,1508,0.13623637425801807
401,1109,1510,0.1362395976693745
396,1104,1500,0.13624739205102906
401,1108,1509,0.1362675608531949
393,1111,1504,0.1362729221137127
401,1106,1507,0.13629985968850553
395,1112,1507,0.136304133790878
396,1120,1516,0.13632377522956826
397,1120,1517,0.13634029853146842
397,1115,1512,0.13635185862486968
393,1118,1511,0.13636232040979568
389,1112,1501,0.13638365479300604
389,1113,1502,0.13641456024551907
397,1120,1517,0.13644218038365843
398,1115,1513,0.13644747381107197
403,1115,1518,0.13644991209652257
401,1110,1511,0.13643994092387618
407,1107,1514,0.13643647041296808
405,1113,1518,0.13641644204650202
409,1111,1520,0.13640242622850152
408,1106,1514,0.13637869421327192
412,1109,1521,0.1363605800320415
407,1109,1516,0.13633262857185235
408,1119,1527,0.1363191717669502
403,1119,1522,0.13630449327804967
400,1126,1526,0.136303685769842
405,1128,1533,0.1363109767142374
412,1121,1533,0.1363051843046147
410,1119,1529,0.13628141977326538
407,1121,1528,0.13626630704692266
401,1117,1518,0.13626159037823965
402,1126,1528,0.13627265004994907
402,1122,1524,0.1362802482142988
398,1123,1521,0.13628914103604498
399,1115,1514,0.1363083728370221
403,1108,1511,0.1363234239116982
403,1110,1513,0.13632665552006631
404,1114,1518,0.13632846493940748
403,1108,1511,0.1363273560982578
399,1110,1509,0.13632905253180216
405,1104,1509,0.136341009803848
405,1111,1516,0.13633647848060435
400,1112,1512,0.13633287165558672
394,1116,1510,0.1363432575593519
386,1120,1506,0.13636817863217865
384,1122,1506,0.1364120183795098
382,1134,1516,0.13645759211078812
385,1124,1509,0.13650587865950883
385,1118,1503,0.13654301120566228
385,1112,1497,0.1365778763584281
388,1116,1504,0.1366096274594458
385,1128,1513,0.1366315486826726
380,1133,1513,0.1366600805620514
372,1135,1507,0.1367009498124156
377,1129,1506,0.13675954376468144
373,1137,1510,0.13680008423616744
375,1132,1507,0.13684964993928692
375,1134,1509,0.1368917035259461
376,1138,1514,0.1369294481369371
370,1135,1505,0.1369599950481887
363,1142,1505,0.13700573468330352
364,1143,1507,0.13706666960338906
364,1142,1506,0.1371195071321294
363,1148,1511,0.13716895922632835
364,1153,1517,0.13721729871777438
358,1156,1514,0.13726004552003102
360,1152,1512,0.13731538548984826
364,1148,1512,0.13736176480317425
360,1148,1508,0.13739505789803683
359,1148,1507,0.1374368757079176
361,1147,1508,0.13747782334304035
358,1143,1501,0.13751123519670183
364,1146,1510,0.13755142449218913
373,1161,1534,0.13757075647946704
374,1154,1528,0.13756545227985437
371,1147,1518,0.13755860621204252
381,1144,1525,0.13755995696677448
375,1150,1525,0.13753458413079347
370,1147,1517,0.13752701004661538
371,1141,1512,0.13753295946531466
371,1135,1506,0.13753589098039576
369,1147,1516,0.1375393655459145
371,1149,1520,0.13754673326826833
368,1143,1511,0.13754897711681346
366,1144,1510,0.1375591883666662
366,1150,1516,0.13757445308141109
364,1150,1514,0.13758904272687078
359,1144,1503,0.13760686614756523
362,1148,1510,0.13763679240683885
362,1154,1516,0.13765646100920859
356,1163,1519,0.13767492239066176
357,1165,1522,0.1377081554174325
357,1162,1519,0.13773633908923735
356,1170,1526,0.1377631054754312
350,1178,1528,0.1377905900096223
350,1170,1520,0.13783161809898056
354,1169,1523,0.1378715993364907
357,1161,1518,0.13789776547886323
347,1163,1510,0.13791354657929078
357,1161,1518,0.1379560228460353
352,1143,1495,0.137969174260523
355,1146,1501,0.13799528624582735
356,1143,1499,0.13801219440485712
359,1154,1513,0.13802602050435644
356,1169,1525,0.1380301226339107
361,1156,1517,0.1380428378915603
353,1162,1515,0.13804136729538968
347,1160,1507,0.13806193104743855
350,1163,1513,0.13809651852752058
347,1157,1504,0.13812102771395704
350,1147,1497,0.1381521714262546
342,1153,1495,0.13817270197526688
343,1165,1508,0.1382153290736747
342,1172,1514,0.13825373166660898
340,1180,1520,0.1382909264975329
340,1174,1514,0.1383309330451772
336,1168,1504,0.13836687714224294
334,1170,1504,0.13841138441195025
332,1172,1504,0.13845832644542683
340,1182,1522,0.13850805543655223
334,1197,1531,0.13853381999434958
330,1198,1528,0.1385737515983699
336,1188,1524,0.13862037948027947
334,1187,1521,0.13864764163326904
335,1159,1494,0.13867965661397602
341,1177,1518,0.13870616021444782
343,1177,1520,0.13871392487364273
341,1173,1514,0.1387166272694113
330,1175,1505,0.1387249735049341
333,1180,1513,0.13876254542592822
331,1183,1514,0.13878957313311163
331,1184,1515,0.13882094740079495
336,1190,1526,0.1388484525577693
333,1197,1530,0.13886124295858152
329,1188,1517,0.13888125877871077
326,1189,1515,0.13891231575341473
321,1201,1522,0.1389498602108673
330,1198,1528,0.13899764212965796
328,1194,1522,0.1390156497198469
327,1191,1518,0.13903789417763016
327,1173,1500,0.13906149462566753
328,1183,1511,0.1390843204299692
320,1174,1494,0.13910321738176726
317,1181,1498,0.13914095389338965
315,1171,1486,0.13918389215046933
318,1178,1496,0.13923009155680902
314,1186,1500,0.13926488862380348
313,1187,1500,0.13930763696397544
312,1178,1490,0.13934969928635454
317,1179,1496,0.1393914387960441
314,1182,1496,0.13941632825550748
317,1206,1523,0.1394471667068749
309,1202,1511,0.13946699559702236
308,1203,1511,0.13950635606184864
307,1205,1512,0.1395467509409153
302,1213,1515,0.1395864897862645
305,1213,1518,0.13963716434081822
306,1200,1506,0.13967554903579377
312,1199,1511,0.13970981953176007
302,1212,1514,0.13972608126609487
303,1212,1515,0.13976706984831033
304,1204,1508,0.13980162722294673
292,1201,1493,0.13983189449502803
295,1217,1512,0.13989302312532167
291,1212,1503,0.13994265701591238
289,1209,1498,0.13999993799514976
289,1217,1506,0.1400584683912909
289,1214,1503,0.1401115459963827
294,1214,1508,0.14016127464180625
288,1218,1506,0.14019323672152553
296,1206,1502,0.1402404304905693
302,1207,1509,0.1402628909449782
299,1213,1512,0.14026771614299144
295,1205,1500,0.14028005936214133
297,1208,1505,0.14030300445686045
290,1220,1510,0.1403182188873483
289,1212,1501,0.1403514485455018
290,1213,1503,0.14038403707097796
289,1200,1489,0.140412200483123
286,1203,1489,0.14044277797572627
289,1210,1499,0.14047968722217888
289,1208,1497,0.14050552279124276
283,1209,1492,0.14053074189654402
287,1196,1483,0.14057127650449586
289,1213,1502,0.1405978859197734
291,1216,1507,0.14061743306300512
298,1205,1503,0.14063120265279938
298,1217,1515,0.14062381702970747
294,1212,1506,0.14061807303401178
289,1221,1510,0.140623743606142
291,1226,1517,0.1406421389121768
290,1216,1506,0.14065355507004756
287,1223,1510,0.1406656029382896
290,1227,1517,0.14068595999515765
290,1235,1525,0.1406971582961078
292,1238,1530,0.14070812627026533
288,1240,1528,0.14071379789998648
286,1240,1526,0.14073123927810838
283,1231,1514,0.14075261793724292
278,1240,1518,0.14078037880858257
276,1240,1516,0.1408215861250655
281,1256,1537,0.14086687155355604
280,1261,1541,0.14089453734779742
280,1254,1534,0.1409236379605529
276,1257,1533,0.14095104751454587
270,1250,1520,0.14098854782762227
273,1249,1522,0.14104036943571174
269,1246,1515,0.14107908457763774
269,1244,1513,0.14112531140233478
268,1234,1502,0.14116869586167569
265,1231,1496,0.14121196695207117
264,1242,1506,0.14126079047925588
267,1242,1509,0.14130931428252852
270,1243,1513,0.1413460995285801
270,1247,1517,0.1413728927148519
265,1257,1522,0.14139819276053217
265,1254,1519,0.14143603562979984
261,1265,1526,0.1414705345601769
255,1253,1508,0.141513155159448
256,1265,1521,0.14156927986773238
256,1260,1516,0.1416185850937608
253,1265,1518,0.14166360566672756
248,1265,1513,0.14171385657433677
250,1270,1520,0.14177399490262604
241,1266,1507,0.1418244233472319
239,1263,1502,0.14189702835479767
239,1270,1509,0.14197016465455317
246,1277,1523,0.14203947009188933
240,1282,1522,0.14208438853293717
243,1291,1534,0.14214336356738413
240,1292,1532,0.14219111081347055
241,1279,1520,0.14224405430806425
245,1268,1513,0.14229045697455228
245,1275,1520,0.14232241009791516
241,1270,1511,0.14235313816888875
241,1268,1509,0.14239234680243368
245,1277,1522,0.14242974563026295
242,1271,1513,0.14245474668420893
242,1274,1516,0.14248612545853875
240,1264,1504,0.142516689877836
244,1272,1516,0.14254992456194354
240,1268,1508,0.14256991817245282
238,1280,1518,0.14259940115264524
241,1278,1519,0.1426319549891765
237,1279,1516,0.14265414023278164
236,1272,1508,0.14268708099475141
235,1253,1488,0.14271920246622505
235,1275,1510,0.14275317271843976
236,1275,1511,0.14278380994591114
237,1281,1518,0.14281119054355032
233,1275,1508,0.1428342926216932
230,1280,1510,0.1428668543728595
225,1277,1502,0.14290547220365418
228,1278,1506,0.14295619044920355
227,1284,1511,0.14299525107908553
230,1298,1528,0.14303620865104327
230,1299,1529,0.14306647506819226
217,1311,1528,0.14309475076615472
218,1298,1516,0.1431570834689131
218,1296,1514,0.14321298551273523
216,1290,1506,0.14326494905150133
213,1300,1513,0.14332050604797758
222,1288,1510,0.143379705080501
222,1281,1503,0.143408723314985
221,1283,1504,0.14343671081148898
219,1286,1505,0.14346588359117646
222,1288,1510,0.14349853723176278
224,1291,1515,0.14352080660243238
223,1292,1515,0.1435353144808052
219,1292,1511,0.14355107799706818
221,1295,1516,0.14357629437678784
219,1302,1521,0.14359394762467098
217,1305,1522,0.14361669517132783
213,1299,1512,0.14364375312808686
214,1301,1515,0.1436800698967067
216,1296,1512,0.14371132607332965
212,1295,1507,0.14373327889952048
209,1294,1503,0.14376578121988381
211,1296,1507,0.14380522123469053
210,1303,1513,0.14383674505695102
208,1309,1517,0.1438682172333497
208,1314,1522,0.14390353769257247
211,1310,1521,0.14393661764169108
207,1301,1508,0.14395913882936792
207,1316,1523,0.14399023804495997
213,1308,1521,0.14402007962932942
210,1299,1509,0.14403159723658987
213,1304,1517,0.14405162660758095
207,1293,1500,0.14406226380666665
201,1299,1500,0.14408854283250017
201,1294,1495,0.1441295807057154
202,1312,1514,0.1441673969043681
199,1303,1502,0.14420110921411847
192,1302,1494,0.14424126072578386
195,1292,1487,0.1442973867281137
197,1291,1488,0.1443417496421472
202,1299,1501,0.14437701295050556
198,1303,1501,0.14439680004184133
193,1302,1495,0.14442686213014155
191,1309,1500,0.1444688043191816
195,1323,1518,0.1445147491110186
199,1320,1519,0.14454695866803838
202,1312,1514,0.14456606072004094
197,1314,1511,0.14457559227910213
194,1325,1519,0.14459752779208654
194,1318,1512,0.1446280716287981
195,1320,1515,0.14465742923395172
194,1323,1517,0.14468198784820172
192,1311,1503,0.14470666085589234
195,1308,1503,0.14473583166450724
195,1304,1499,0.1447555921005755
195,1307,1502,0.1447740067750679
191,1322,1513,0.1447921801724409
191,1320,1511,0.14482063418374838
192,1318,1510,0.14484781880294237
188,1308,1496,0.14487097395544266
184,1323,1507,0.14490390301393144
182,1326,1508,0.14494577853889026
186,1328,1514,0.14499127120911848
187,1325,1512,0.14502219665708954
186,1324,1510,0.14504779214478547
190,1329,1519,0.14507520102140192
196,1331,1527,0.14509008062911807
196,1332,1528,0.14508726935170746
191,1328,1519,0.14508523779816168
190,1342,1532,0.14509666417625747
189,1339,1528,0.14510982156708568
192,1330,1522,0.14512519516732186
192,1314,1506,0.1451310796632892
191,1321,1512,0.14513658891729475
192,1321,1513,0.14514448364899712
190,1327,1517,0.1451483384188111
184,1328,1512,0.1451577125987672
182,1331,1513,0.14518251659973194
183,1331,1514,0.14521176810604544
185,1333,1518,0.14523577901331197
184,1333,1517,0.1452526777088331
180,1334,1514,0.14527260678035844
180,1333,1513,0.14530246019105975
175,1338,1513,0.1453303652556104
177,1329,1506,0.1453704105434457
182,1330,1512,0.14540235992711076
184,1335,1519,0.1454175549686316
183,1333,1516,0.14542607060576093
181,1335,1516,0.1454367397207953
180,1343,1523,0.14545278471757242
180,1328,1508,0.14547081771770234
183,1340,1523,0.14548750919479697
182,1339,1521,0.1454942710043561
188,1335,1523,0.1455033744199558
188,1335,1523,0.14549646812905212
189,1321,1510,0.14549046054698825
185,1328,1513,0.14548221965002114
186,1321,1507,0.14548558401801936
186,1319,1505,0.14548560997361182
189,1323,1512,0.1454853228988548
184,1321,1505,0.14547641685226245
178,1324,1502,0.14548162970184259
183,1313,1496,0.14550218729109404
184,1328,1512,0.1455073078085039
188,1324,1512,0.14550970245868075
189,1319,1508,0.14550043985396688
194,1327,1521,0.14548903168024002
191,1314,1505,0.14546498328472102
183,1323,1506,0.1454506811930451
185,1317,1502,0.14545882943315036
185,1313,1498,0.14546046645377825
186,1309,1495,0.14546121079664018
184,1312,1496,0.14545881042433387
186,1326,1512,0.1454609751674557
184,1325,1509,0.14545689712011842
187,1326,1513,0.14545910777197335
183,1328,1511,0.14545307363571616
187,1332,1519,0.14545883545536387
192,1324,1516,0.1454531022004709
190,1337,1527,0.14543394587538944
190,1331,1521,0.14542159130951757
191,1326,1517,0.14541058226369663
190,1324,1514,0.14539775712436573
188,1325,1513,0.14538803540643014
186,1329,1515,0.14538440119571067
185,1329,1514,0.1453864320819319
182,1336,1518,0.1453918257775236
181,1336,1517,0.14540582070324257
179,1329,1508,0.14542178897275868
179,1323,1502,0.14544212149704794
182,1328,1510,0.14546080176769663
181,1325,1506,0.14547014600970953
185,1331,1516,0.1454812466554238
188,1345,1533,0.1454800059101878
189,1336,1525,0.14547098973032446
187,1323,1510,0.14546011836576006
188,1328,1516,0.14545634752368014
188,1329,1517,0.14545064627870175
187,1319,1506,0.14544547939860158
186,1315,1501,0.14544343189889097
187,1314,1501,0.14544449540438012
185,1314,1499,0.1454419505542346
185,1308,1493,0.1454452953317466
183,1307,1490,0.14544894437265943
179,1324,1503,0.14545780099830105
183,1332,1515,0.14547762199391445
181,1326,1507,0.14548488103165524
176,1330,1506,0.14549724578880358
180,1338,1518,0.14552319120479132
183,1335,1518,0.1455365941310133
180,1334,1514,0.14554045568768947
180,1323,1503,0.14555326520914985
179,1338,1517,0.1455650094166111
177,1342,1519,0.14557889461355283
179,1340,1519,0.14559732855829427
184,1337,1521,0.14560873172287794
182,1335,1517,0.14560568874791996
177,1340,1517,0.1456088826604566
180,1342,1522,0.1456260908385791
175,1344,1519,0.14563377996467114
174,1346,1520,0.14565455178388384
174,1353,1527,0.14567712449855744
173,1348,1521,0.14569842515057527
171,1336,1507,0.1457208555019529
170,1343,1513,0.145747901726191
171,1355,1526,0.14577533731203446
167,1355,1522,0.14579721833842318
167,1364,1531,0.14582910616940098
165,1361,1526,0.14585888611565342
164,1354,1518,0.14589295489783327
165,1350,1515,0.14592846409559088
165,1356,1521,0.145959174677222
165,1355,1520,0.14598706407176867
165,1352,1517,0.1460134883580097
161,1356,1517,0.14603809773983167
160,1353,1513,0.14607181280000478
161,1347,1508,0.14610523046952342
159,1353,1512,0.14613339428968536
160,1356,1516,0.1461656219957786
159,1347,1506,0.1461930684696972
161,1356,1517,0.14622159982419128
160,1363,1523,0.14624254133734438
159,1360,1519,0.14626475155019494
162,1360,1522,0.14628811906127803
160,1347,1507,0.14630159765717635
164,1345,1509,0.14631969711759582
164,1367,1531,0.14632508395324767
163,1357,1520,0.14633083173367198
164,1354,1518,0.14633908417473163
161,1353,1514,0.1463431954851259
160,1354,1514,0.14635628441364187
160,1354,1514,0.1463703808570678
162,1356,1518,0.14638349762517133
161,1359,1520,0.14638939846066784
165,1339,1504,0.14639809925390831
161,1350,1511,0.1463947215965074
167,1343,1510,0.1464032097986577
167,1353,1520,0.1463941633322867
168,1345,1513,0.14638500194651574
171,1337,1508,0.14637480565811306
170,1335,1505,0.14635632391268516
171,1341,1512,0.14634238399273097
168,1348,1516,0.14632691392888417
167,1358,1525,0.14632098897874304
165,1347,1512,0.14631839226027638
164,1361,1525,0.14632196022560529
165,1354,1519,0.1463282303213998
165,1362,1527,0.14633120055335272
161,1361,1522,0.14633448633523272
158,1345,1503,0.1463484774478559
157,1354,1511,0.14636950062790763
151,1357,1508,0.1463920163641247
154,1357,1511,0.14643112928212676
156,1349,1505,0.14645928197679484
152,1350,1502,0.14648023911005117
153,1368,1521,0.14651115998529238
151,1377,1528,0.14653753458123306
153,1373,1526,0.14656753733401823
149,1372,1521,0.14659031996405233
151,1371,1522,0.14662365774435734
151,1362,1513,0.14664821357308533
151,1373,1524,0.14667186729429932
148,1377,1525,0.14669327066170212
151,1372,1523,0.14672094832685642
154,1358,1512,0.14673827253887828
150,1359,1509,0.14674607553981375
150,1363,1513,0.14676464874424625
150,1351,1501,0.146781540348425
150,1354,1504,0.14679693527033202
149,1360,1509,0.1468121920776122
152,1365,1517,0.14682910534190266
153,1362,1515,0.14683613541534812
159,1367,1526,0.14683975811794878
155,1364,1519,0.14682711679525765
154,1371,1525,0.1468262474093245
154,1354,1508,0.1468275771890211
156,1363,1519,0.1468290684417225
157,1361,1518,0.14682591377745063
159,1354,1513,0.14681957749858904
160,1365,1525,0.1468088298325767
162,1369,1531,0.1467966422477708
161,1379,1540,0.1467782425337476
157,1366,1523,0.1467638010540527
152,1371,1523,0.1467616778802261
152,1372,1524,0.14677382767806507
158,1352,1510,0.14678543616054462
156,1347,1503,0.14677934650327001
159,1342,1501,0.14677933752162603
157,1346,1503,0.14677159646976956
155,1349,1504,0.14677010051267675
158,1362,1520,0.14677471700078246
156,1360,1516,0.14677129813031425
151,1356,1507,0.14677372535987243
153,1367,1520,0.1467907575242276
153,1358,1511,0.14680097408121737
157,1345,1502,0.14681060388204176
157,1367,1524,0.14680845662170364
157,1359,1516,0.14680656060903116
157,1363,1520,0.1468046058411654
159,1365,1524,0.14680317973917822
162,1362,1524,0.14679714760180648
158,1374,1532,0.1467829217453496
158,1368,1526,0.14678113804507564
160,1355,1515,0.14677978625363283
160,1366,1526,0.14677220250447132
157,1357,1514,0.1467651946349159
156,1357,1513,0.1467673180410474
156,1350,1506,0.14677121759175235
156,1359,1515,0.14677558254949624
148,1356,1504,0.14677942498766455
147,1359,1506,0.14680547723216836
143,1379,1522,0.14683211197801693
144,1377,1521,0.14686836757637817
143,1373,1516,0.1468988715211934
146,1378,1524,0.14692953881356863
142,1361,1503,0.14694963802673486
145,1350,1495,0.14697919815772717
148,1364,1512,0.14699718907992484
145,1346,1491,0.14700525815114382
146,1352,1498,0.14702144528604297
144,1353,1497,0.14703333968709895
142,1360,1502,0.14704954372311996
139,1354,1493,0.14707004279825012
140,1362,1502,0.14709668109238294
145,1373,1518,0.14711840971911339
143,1369,1512,0.1471244110168009
144,1371,1515,0.1471359180245225
142,1371,1513,0.1471436903591327
145,1391,1536,0.14715633884786236
143,1376,1519,0.14715988163893695
144,1365,1509,0.14716817872236027
146,1367,1513,0.14717311581492226
142,1378,1520,0.1471724770857277
143,1367,1510,0.14718242560395128
142,1356,1498,0.14718901353624544
143,1349,1492,0.1471978408113539
139,1365,1504,0.1472026233104948
139,1363,1502,0.14721820159051283
144,1366,1510,0.14723261823529885
144,1368,1512,0.14723177581530497
149,1366,1515,0.14723145643068555
148,1362,1510,0.14721633011976348
146,1364,1510,0.14720465010930192
146,1361,1507,0.14719995773295225
146,1359,1505,0.14719589188281396
145,1369,1514,0.14719171491774832
147,1381,1528,0.14719124929129243
146,1374,1520,0.14718555658614313
145,1380,1525,0.14718388828922943
144,1369,1513,0.1471855485333043
145,1376,1521,0.14718992799167366
147,1374,1521,0.14719191406913087
142,1358,1500,0.14718772556590276
143,1369,1512,0.14719767235411926
144,1382,1526,0.14720305213004065
145,1372,1517,0.14720529522357878
146,1374,1520,0.1472046245384021
143,1372,1515,0.14720155459081943
147,1373,1520,0.14720718676814493
146,1366,1512,0.1472011726820893
147,1360,1507,0.1471985787030009
148,1370,1518,0.1471936598427059
144,1375,1519,0.14718698728591537
144,1388,1532,0.1471924162482562
143,1388,1531,0.14719744587832065
146,1376,1522,0.14720467376585297
145,1367,1512,0.14720240741796875
143,1356,1499,0.14720295533196454
142,1355,1497,0.14720880536394254
143,1372,1515,0.14721744399856723
143,1367,1510,0.14722269514082087
145,1355,1500,0.1472276765736704
147,1364,1511,0.14722661688377994
145,1364,1509,0.14721938362809475
141,1362,1503,0.14721862660891383
142,1369,1511,0.14722941781933166
142,1365,1507,0.14723688523894574
140,1376,1516,0.14724349484603816
141,1374,1515,0.14725497309060986
137,1371,1508,0.14726292659971613
140,1369,1509,0.1472813849358438
145,1379,1524,0.14729035995292372
147,1374,1521,0.1472842065828953
148,1371,1519,0.14727277888675824
152,1372,1524,0.14726070061703256
151,1373,1524,0.1472379516309692
150,1374,1524,0.14721980035135065
151,1366,1517,0.14720603687125766
155,1371,1526,0.14719119321744
152,1362,1514,0.1471666029652484
149,1365,1514,0.1471514177300274
146,1366,1512,0.14714622471833577
145,1360,1505,0.14714951562212306
146,1349,1495,0.14715493140547095
143,1361,1504,0.14715738898565056
143,1366,1509,0.14716798496373099
148,1363,1511,0.1471777223849024
144,1351,1495,0.14717134065285964
146,1348,1494,0.147176378740863
141,1350,1491,0.14717453776436906
141,1358,1499,0.14718710511043423
135,1364,1499,0.14719751527739341
138,1368,1506,0.14722378991015414
139,1366,1505,0.14724000919507416
143,1366,1509,0.14725169129806306
146,1353,1499,0.14725134220299393
147,1361,1508,0.14724219329087163
149,1350,1499,0.14723005986017715
146,1372,1518,0.1472130745171473
144,1388,1532,0.14720639554884993
144,1385,1529,0.14720570079133188
146,1367,1513,0.14720540319766923
147,1371,1518,0.14719971790160824
146,1366,1512,0.14719110545851255
141,1369,1510,0.14718671892866225
138,1373,1511,0.14719688516584553
137,1369,1506,0.1472152075733101
141,1377,1518,0.14723475009021775
142,1386,1528,0.14724024917184375
147,1390,1537,0.14724202307248063
144,1385,1529,0.14722933052655476
146,1396,1542,0.14722541685831936
146,1385,1531,0.1472162621391516
144,1381,1525,0.14720819404818686
143,1392,1535,0.14720651916324715
140,1391,1531,0.14720772911514562
139,1387,1526,0.1472171228412622
138,1371,1509,0.14722831414531792
138,1376,1514,0.14724129612175701
138,1380,1518,0.14725364132901475
134,1377,1511,0.14726524363252674
135,1377,1512,0.14728777951849445
136,1379,1515,0.14730568122108598
133,1387,1520,0.1473194663362825
132,1383,1515,0.14734090143142636
132,1391,1523,0.14736351270465176
132,1385,1517,0.14738382776014028
131,1386,1517,0.14740338535422992
131,1380,1511,0.14742440134362916
130,1380,1510,0.14744404153191096
131,1390,1521,0.1474653958445212
124,1383,1507,0.14748299438818005
125,1389,1514,0.1475206711723504
123,1391,1514,0.1475531120751801
117,1405,1522,0.14758944380280245
121,1394,1515,0.14764118250311348
123,1390,1513,0.14767786740644417
118,1381,1499,0.1477061894228506
118,1388,1506,0.14774732815850056
117,1395,1512,0.14778551562181763
120,1395,1515,0.1478238244398875
117,1395,1512,0.1478515741242343
113,1385,1498,0.14788586456599667
118,1404,1522,0.14793007143093231
116,1390,1506,0.14795682504256774
120,1393,1513,0.14798783960840128
120,1391,1511,0.14800506905983557
116,1398,1514,0.14802069254590786
124,1397,1521,0.14804797784709586
121,1388,1509,0.14805028173442905
121,1381,1502,0.14806135804484083
122,1386,1508,0.14807219881406555
117,1387,1504,0.14807907212922736
117,1382,1499,0.1481003518297974
117,1391,1508,0.1481204103458871
115,1390,1505,0.14813906047830236
117,1386,1503,0.14816158414095434
116,1385,1501,0.1481762424464961
113,1382,1495,0.14819346278264484
113,1400,1513,0.1482184158369158
113,1389,1502,0.14824212427646372
109,1400,1509,0.14826306088971417
111,1395,1506,0.14829459297334555
110,1397,1507,0.14831808281758976
113,1395,1508,0.14834267001653725
109,1401,1510,0.14835670425590897
110,1395,1505,0.1483820914226386
110,1392,1502,0.14840184657979216
114,1393,1507,0.14842118406581048
111,1391,1502,0.1484279796669189
108,1409,1517,0.1484435943853127
108,1403,1511,0.1484671748797347
109,1419,1528,0.148489630311275
107,1415,1522,0.14850811616371876
106,1421,1527,0.14853077146528484
103,1416,1519,0.14855485039966343
98,1420,1518,0.14858587038317264
97,1417,1514,0.14863004564834476
95,1403,1498,0.14867391014284645
95,1415,1510,0.14872041987672854
95,1426,1521,0.148763900463464
95,1440,1535,0.14880509560363156
95,1436,1531,0.14884371220163226
95,1420,1515,0.148880161115178
95,1422,1517,0.14891435037608866
96,1415,1511,0.14894586970597826
96,1414,1510,0.14897224573806003
98,1408,1506,0.148996652932175
96,1411,1507,0.14901428780920284
94,1417,1511,0.1490372459606025
97,1406,1503,0.14906445274942418
97,1425,1522,0.14908117099561885
98,1418,1516,0.14909656052610723
100,1429,1529,0.14910808389850325
98,1421,1519,0.1491131738538026
98,1409,1507,0.1491238991501506
103,1402,1505,0.1491337443150861
101,1396,1497,0.14912848657639258
97,1406,1503,0.1491299779389863
97,1415,1512,0.14914333813633557
97,1413,1510,0.14915546388526965
96,1398,1494,0.1491672394837824
95,1407,1502,0.1491812710596864
95,1395,1490,0.14919743218608006
96,1392,1488,0.1492120181313453
97,1407,1504,0.14922252696532257
97,1423,1520,0.1492291891400288
96,1415,1511,0.14923501875442172
96,1423,1519,0.14924360890021543
98,1436,1534,0.14925178792540258
94,1425,1519,0.14925353315490508
92,1421,1513,0.14926650131514013
93,1420,1513,0.14928446313991098
96,1420,1516,0.14929836988604836
94,1419,1513,0.14930208037690462
96,1433,1529,0.14931153035683928
97,1445,1542,0.14931472211953312
97,1445,1542,0.14931457422508582
94,1434,1528,0.14931471842712582
96,1427,1523,0.14932367681543504
95,1428,1523,0.14932605487090658
89,1428,1517,0.1493311535840176
89,1424,1513,0.14935381216695828
90,1437,1527,0.14937517468881986
87,1439,1526,0.14939268616363807
87,1441,1528,0.1494177039608178
85,1450,1535,0.1494408996704949
85,1448,1533,0.149468795801147
85,1440,1525,0.1494952786509506
85,1440,1525,0.1495202490737512
82,1426,1508,0.149543598194016
79,1411,1490,0.1495740768407649
84,1428,1512,0.14961153922916354
85,1424,1509,0.1496312988297498
85,1423,1508,0.1496467998363829
84,1436,1520,0.149662027096438
85,1440,1525,0.1496794242091519
81,1423,1504,0.1496927943012788
80,1427,1507,0.14971663256696563
83,1430,1513,0.1497421169367402
79,1437,1516,0.14975694328369513
78,1438,1516,0.14978321956793683
78,1436,1514,0.14981106235104114
78,1425,1503,0.1498373126855571
79,1431,1510,0.14986219863666975
83,1426,1509,0.14988243243493482
84,1431,1515,0.14988947296632768
85,1429,1514,0.14989296743962638
84,1426,1510,0.14989370145994324
83,1426,1509,0.14989722113602627
81,1417,1498,0.1499036266164634
82,1430,1512,0.14991539069008245
79,1424,1503,0.14992357754435595
79,1421,1500,0.14994008330450062
82,1424,1506,0.14995523258650184
82,1419,1501,0.14996085858757754
81,1426,1507,0.14996652965067145
84,1428,1512,0.14997477024458994
82,1425,1507,0.14997388247923518
84,1420,1504,0.1499790495986758
82,1445,1527,0.14997839418480005
82,1441,1523,0.14998367695442905
85,1424,1509,0.14998859745210713
82,1425,1507,0.14998429896757684
79,1436,1515,0.14998930204574534
74,1441,1515,0.15000307229109158
74,1433,1507,0.15003050626376344
74,1447,1521,0.15005620604705094
75,1446,1521,0.15008075435971086
76,1433,1509,0.15010058412131977
76,1451,1527,0.15011602999050536
75,1448,1523,0.15013054686678554
75,1437,1512,0.15014690635970823
76,1439,1515,0.15016237208663952
69,1432,1501,0.15017379119706395
70,1440,1510,0.15020589062819753
68,1454,1522,0.1502332293825929
68,1450,1518,0.15026500076453606
69,1442,1511,0.15029440677644038
69,1440,1509,0.15031900819251787
72,1450,1522,0.1503420759343965
66,1456,1522,0.15035459468898268
66,1461,1527,0.1503846801093699
65,1461,1526,0.1504128632739902
65,1461,1526,0.1504423439228168
63,1451,1514,0.15046960793673608
62,1449,1511,0.15050098322937708
62,1461,1523,0.15053330101967727
66,1457,1523,0.15056351243578678
67,1465,1532,0.15058010132080912
69,1464,1533,0.15059255605336147
67,1450,1517,0.15059815803601043
69,1449,1518,0.15060977145601007
70,1459,1529,0.1506144979419869
70,1455,1525,0.15061565529657236
69,1457,1526,0.15061643542038816
69,1450,1519,0.15062070648416626
68,1452,1520,0.1506247054584614
70,1442,1512,0.15063160833201572
67,1458,1525,0.1506324039168208
67,1452,1519,0.15064211706863997
67,1446,1513,0.1506509174750573
64,1460,1524,0.15065921257328627
62,1460,1522,0.15067591047495985
61,1459,1520,0.15069782595530362
60,1450,1510,0.15072142618748066
64,1447,1511,0.1507465727541184
64,1461,1525,0.15075812691932872
62,1464,1526,0.15076881822452945
61,1458,1519,0.1507851416126851
62,1462,1524,0.15080394460899058
64,1455,1519,0.15081855064757435
64,1440,1504,0.15082616128434015
66,1440,1506,0.15083325921693633
67,1446,1513,0.15083373723826474
65,1443,1508,0.15083094511294978
64,1443,1507,0.15083445399870904
64,1453,1517,0.15084074746271534
66,1465,1531,0.15084649311358608
66,1449,1515,0.15084549500318756
67,1449,1516,0.15084478104663462
68,1435,1503,0.1508410570668852
65,1446,1511,0.1508346081139845
63,1444,1507,0.15083805810198483
62,1459,1521,0.15084717911972306
62,1468,1530,0.15085918488674427
59,1458,1517,0.15087059565092223
58,1462,1520,0.15089033531352913
55,1449,1504,0.1509117853392838
55,1459,1514,0.15094055659813
58,1460,1518,0.15096768367546415
59,1462,1521,0.15098427423318886
58,1470,1528,0.15099678586912227
55,1472,1527,0.1510117405761605
55,1445,1500,0.15103490930932778
55,1455,1510,0.15105617837901375
55,1469,1524,0.15107608057085462
57,1462,1519,0.15109509184440714
57,1467,1524,0.15110690902359397
55,1457,1512,0.1511184730847326
50,1482,1532,0.1511354735734859
52,1485,1537,0.15116654780873284
53,1483,1536,0.151189621903595
54,1466,1520,0.15120843534679804
51,1473,1524,0.15122338846548197
49,1476,1525,0.15124663916692704
48,1476,1524,0.15127433698873463
50,1469,1519,0.1513030159601298
48,1459,1507,0.1513236821855217
48,1453,1501,0.15134916340624918
47,1457,1504,0.15137303019669834
47,1449,1496,0.15139820143918117
49,1458,1507,0.15142236285458016
50,1444,1494,0.15143896942078844
48,1442,1490,0.1514514811683897
48,1451,1499,0.1514695032239688
46,1438,1484,0.1514864805654729
46,1453,1499,0.1515086133883587
50,1466,1516,0.15152939328034062
48,1469,1517,0.1515366446666425
51,1464,1515,0.15154921176283684
50,1466,1516,0.15155234404721296
47,1465,1512,0.15155862079334095
50,1469,1519,0.15157343487509953
49,1475,1524,0.15157796366530163
49,1469,1518,0.15158535234953885
47,1462,1509,0.15159230264564327
45,1464,1509,0.1516047952407511
44,1471,1515,0.15162228496731175
41,1462,1503,0.15164145701581966
43,1471,1514,0.15166812085311268
41,1476,1517,0.15168784616652342
39,1474,1513,0.15171205554108508
38,1465,1503,0.15174087593161403
38,1467,1505,0.15177081473765452
40,1476,1516,0.1517988253993459
41,1471,1512,0.1518182446197865
41,1466,1507,0.15183335236776924
46,1460,1506,0.15184761451326964
44,1478,1522,0.15184597385259765
44,1480,1524,0.15185067364584645
40,1473,1513,0.15185502389010924
42,1470,1512,0.15187122421200766
40,1457,1497,0.1518804791312156
41,1464,1505,0.15189513566545731
39,1475,1514,0.15190586619252935
38,1481,1519,0.1519218113473149
37,1475,1512,0.15193991532790313
36,1470,1506,0.1519600351213437
37,1467,1504,0.15198204703876292
37,1466,1503,0.15199982716468632
36,1473,1509,0.15201649680503887
35,1473,1508,0.15203507881799946
37,1476,1513,0.15205542790345958
37,1488,1525,0.15206861414149317
37,1486,1523,0.1520810235164264
37,1479,1516,0.15209268436937795
35,1477,1512,0.15210363737985796
36,1475,1511,0.15211947986084673
38,1479,1517,0.15213137598855778
37,1483,1520,0.1521366448300682
40,1480,1520,0.15214446907037948
40,1476,1516,0.1521426245946717
40,1481,1521,0.1521410148497996
40,1472,1512,0.1521396210435836
41,1471,1512,0.15213822035679606
43,1478,1521,0.15213349673651685
43,1485,1528,0.15212327328444478
42,1477,1519,0.15211352325228847
43,1480,1523,0.15210766497449985
41,1477,1518,0.15209901231739092
41,1473,1514,0.15209676342975928
39,1472,1511,0.15209456930845602
38,1486,1524,0.15209885238585677
37,1478,1515,0.1521057310521388
34,1463,1497,0.15211535998099449
32,1460,1492,0.15213337539573693
33,1464,1497,0.15215629329406588
34,1477,1511,0.15217453707802173
33,1475,1508,0.15218875884819055
33,1493,1526,0.15220505773128692
34,1497,1531,0.15222028498085458
34,1495,1529,0.1522316128230557
34,1489,1523,0.152242294074199
33,1489,1522,0.152252342912571
32,1489,1521,0.15226465347573184
34,1488,1522,0.15227912025476267
35,1474,1509,0.15228682356880666
32,1484,1516,0.15229082830021787
32,1476,1508,0.15230391257513848
32,1469,1501,0.15231567474744204
33,1460,1493,0.15232658570394217
33,1474,1507,0.15233374315378753
33,1482,1515,0.15234068733886427
32,1487,1519,0.152347390015412
33,1487,1520,0.1523569958860731
31,1489,1520,0.15236308150466582
33,1491,1524,0.15237498497947233
33,1502,1535,0.15238014118673524
31,1488,1519,0.1523850061127019
31,1492,1523,0.15239548111650467
32,1489,1521,0.15240516892551195
33,1482,1515,0.15241119888430124
32,1479,1511,0.15241375894106793
32,1463,1495,0.15241907356283757
32,1467,1499,0.15242404009397745
32,1467,1499,0.15242862821415729
33,1485,1518,0.1524329822560053
33,1480,1513,0.15243443247106636
33,1480,1513,0.15243577483940943
32,1481,1513,0.1524371315321843
32,1489,1521,0.15244143641630634
31,1489,1520,0.15244548788836268
33,1483,1516,0.15245231017645647
34,1471,1505,0.1524526692679891
32,1466,1498,0.15245014772704757
32,1463,1495,0.15245388709665103
35,1463,1498,0.15245752056428133
36,1479,1515,0.15245143657849908
36,1495,1531,0.15244275147539058
36,1483,1519,0.15243467211109543
34,1480,1514,0.15242713957079843
36,1470,1506,0.1524262751700731
37,1490,1527,0.1524196018603573
35,1495,1530,0.15241049057786615
36,1485,1521,0.15240801699956458
38,1475,1513,0.1524025817495676
38,1479,1517,0.15239154099155625
38,1485,1523,0.15238127595530093
37,1490,1527,0.15237171500022068
38,1477,1515,0.15236576727040105
38,1483,1521,0.15235727897401158
39,1484,1523,0.15234892415614357
38,1492,1530,0.1523384496105122
39,1481,1520,0.15233156079136884
41,1473,1514,0.15232225900656604
40,1469,1509,0.1523074755559966
41,1481,1522,0.15229696070168536
40,1474,1514,0.15228391049358286
41,1475,1516,0.15227426508770595
39,1479,1518,0.15226229850640152
39,1480,1519,0.15225763539015846
38,1486,1524,0.1522529874348632
42,1485,1527,0.15225153666642205
42,1489,1531,0.1522381286147265
43,1488,1531,0.15222564346804573
44,1494,1538,0.15221113708336273
45,1477,1522,0.15219480567303248
45,1477,1522,0.15217662903117954
45,1471,1516,0.15215971795944877
42,1472,1514,0.15214395731352112
43,1470,1513,0.15213838693211001
43,1473,1516,0.15213020340483982
42,1463,1505,0.1521222488362697
40,1474,1514,0.15211797790110854
41,1477,1518,0.15211964591906807
42,1472,1514,0.1521179141086754
42,1475,1517,0.1521133301862504
42,1479,1521,0.15210909002885842
42,1490,1532,0.1521046486473858
41,1481,1522,0.15210072382935969
42,1469,1511,0.1521002122170249
36,1472,1508,0.15209673047356317
35,1488,1523,0.15211184450659138
36,1474,1510,0.15212898318548723
36,1475,1511,0.1521419896130218
37,1487,1524,0.15215421420057107
36,1483,1519,0.15216275643470242
35,1482,1517,0.15217373846869617
33,1486,1519,0.152186989189477
34,1487,1521,0.1522054276200687
34,1479,1513,0.15221943716833988
34,1484,1518,0.15223281066546776
35,1480,1515,0.15224492218490526
35,1495,1530,0.15225333386034418
34,1494,1528,0.15226119209561456
33,1495,1528,0.1522714347855043
32,1483,1515,0.15228384669328354
33,1478,1511,0.15229830560059018
31,1486,1517,0.1523087678203138
33,1483,1516,0.15232428810238868
36,1479,1515,0.15233272314877178
35,1485,1520,0.1523313790303157
37,1474,1511,0.15233300399184835
36,1480,1516,0.15232862813512876
36,1471,1507,0.1523274640740633
35,1474,1509,0.15232656786258225
34,1492,1526,0.15232907435445736
34,1476,1510,0.15233434433307752
32,1469,1501,0.1523392321927655
31,1474,1505,0.15235013974419895
30,1483,1513,0.15236359361903687
31,1488,1519,0.15237946621764673
30,1494,1524,0.15239111486163595
30,1495,1525,0.1524048469030293
30,1494,1524,0.1524177182434091
29,1474,1503,0.15242984667583553
30,1476,1506,0.1524443164572146
31,1483,1514,0.15245500193448336
31,1482,1513,0.15246219097528133
31,1487,1518,0.15246898974037015
31,1480,1511,0.15247536659453492
30,1475,1505,0.1524812437773232
32,1487,1519,0.1524896904022957
31,1492,1523,0.15249143626977937
32,1477,1509,0.15249632285657932
32,1473,1505,0.15249769555279158
32,1482,1514,0.1524990074509927
30,1479,1509,0.15250036938663172
30,1484,1514,0.15250793698245158
31,1481,1512,0.15251505971587173
32,1485,1517,0.15251867442663003
31,1492,1523,0.15251922656835945
31,1507,1538,0.15252280400373017
32,1498,1530,0.1525262201666833
28,1488,1516,0.15252639864127762
28,1484,1512,0.15253829568801258
28,1483,1511,0.15254954871484638
29,1491,1520,0.15256004074114454
29,1488,1517,0.15256723967533245
30,1480,1510,0.15257403658998872
30,1493,1523,0.1525771972957
30,1493,1523,0.15258020498844588
28,1489,1517,0.1525830663805829
28,1476,1504,0.15259151877696653
29,1477,1506,0.15259936521852538
29,1492,1521,0.1526037677116258
27,1484,1511,0.1526078782581232
27,1484,1511,0.15261764900978325
25,1490,1515,0.15262670377622278
25,1494,1519,0.1526410935032889
24,1489,1513,0.15265442378487049
24,1488,1512,0.15266979631469632
23,1497,1520,0.15268416365997356
24,1508,1532,0.15270067942615106
24,1498,1522,0.15271317536538415
25,1483,1508,0.15272494391362673
25,1481,1506,0.152732845791095
25,1496,1521,0.1527402969384126
25,1497,1522,0.1527472983106849
25,1505,1530,0.1527537578337263
24,1497,1521,0.1527597245645166
23,1495,1518,0.15276849867782932
22,1500,1522,0.15277975476854083
20,1509,1529,0.15279333289962493
20,1498,1518,0.15281230280086977
21,1492,1513,0.152830037387215
20,1495,1515,0.15284367791118755
20,1499,1519,0.15285969980678352
20,1500,1520,0.1528747250581511
20,1490,1510,0.15288881459072584
21,1494,1515,0.152902029516545
19,1502,1521,0.15291126518582188
20,1506,1526,0.15292617000458095
20,1501,1521,0.15293682528308264
21,1498,1519,0.1529468055934218
21,1497,1518,0.15295298946215996
21,1514,1535,0.15295878861249795
21,1510,1531,0.15296422042860183
20,1501,1521,0.1529693082748488
20,1491,1511,0.15297731699674455
17,1498,1515,0.15298481813261813
17,1508,1525,0.15300147568795056
17,1504,1521,0.15301710613372238
17,1505,1522,0.15303177236972643
16,1500,1516,0.15304579460724121
17,1485,1502,0.1530621663935825
17,1491,1508,0.1530741819137917
18,1506,1524,0.15308545288878445
21,1504,1525,0.15309266147268213
23,1501,1524,0.15308994669609166
22,1501,1523,0.1530812136828329
22,1497,1519,0.153076329240363
22,1503,1525,0.1530717865756022
22,1505,1527,0.15306755412231443
22,1508,1530,0.1530636093507999
22,1500,1522,0.1530599326485832
20,1498,1518,0.15305650581382937
21,1490,1511,0.15305940783741737
21,1483,1504,0.15305914441129892
21,1484,1505,0.15305891549907977
20,1483,1503,0.15305872728302103
20,1489,1509,0.15306170047791384
20,1487,1507,0.1530643298368617
22,1503,1525,0.15306675970745284
22,1512,1534,0.15306278701043619
21,1511,1532,0.15305915589915786
21,1508,1529,0.15305874434396788
21,1497,1518,0.15305836213082644
21,1511,1532,0.1530579863931466
21,1509,1530,0.15305763191166746
19,1503,1522,0.15305732608248057
19,1501,1520,0.1530632718907035
18,1492,1510,0.15306882583310397
17,1492,1509,0.15307707249413968
18,1500,1518,0.15308788261537148
18,1511,1529,0.15309507943594924
19,1509,1528,0.15310176263063993
18,1506,1524,0.15310515015982296
19,1502,1521,0.153111475314284
20,1514,1534,0.15311427440323983
22,1524,1546,0.15311374346937467
22,1503,1525,0.15310715742512584
21,1500,1521,0.15310102709471468
21,1501,1522,0.15309834088703686
21,1492,1513,0.15309571155333662
21,1482,1503,0.1530936004955461
21,1491,1512,0.15309166311318903
21,1496,1517,0.1530898848401676
21,1487,1508,0.15308824620131786
21,1494,1515,0.15308673214907678
22,1497,1519,0.15308533057803955
22,1481,1503,0.15308086818873828
21,1489,1510,0.15307670587963496
22,1489,1511,0.1530757964895365
20,1503,1523,0.15307194955038922
18,1504,1522,0.15307450704752643
18,1505,1523,0.15308303048920466
18,1499,1517,0.15309099365467638
17,1483,1500,0.1530983968220356
20,1484,1504,0.15310843878210192
20,1496,1516,0.15310867576349405
20,1493,1513,0.1531089359574086
20,1505,1525,0.1531092171040717
20,1499,1519,0.15310951267086373
19,1489,1508,0.15310981655368863
20,1488,1508,0.15311324583793895
20,1500,1520,0.15311340765638992
20,1499,1519,0.15311362321019265
18,1502,1520,0.15311387517387648
17,1508,1525,0.15312017834443384
17,1503,1520,0.1531290865323485
19,1480,1499,0.15313731701979066
20,1489,1509,0.15313892597875292
19,1487,1506,0.15313745163667192
19,1478,1497,0.1531391508468986
19,1465,1484,0.15314077554485347
19,1470,1489,0.15314232713377682
20,1489,1509,0.15314365067430596
21,1471,1492,0.1531418179682046
23,1481,1504,0.15313695187319254
22,1481,1503,0.15312635614854345
21,1481,1502,0.15311971027987098
21,1489,1510,0.15311659666138142
21,1499,1520,0.15311363791101054
22,1500,1522,0.15311086657198777
20,1494,1514,0.15310514525640442
20,1488,1508,0.15310606059702792
20,1478,1498,0.15310665048146588
19,1491,1510,0.1531071806634674
19,1491,1510,0.15311079476456058
19,1503,1522,0.15311414534699008
19,1506,1525,0.15311702865018473
19,1509,1528,0.15311971157907045
19,1503,1522,0.15312219652443895
18,1510,1528,0.15312449910160425
18,1496,1514,0.15312964857621494
19,1495,1514,0.15313445595009903
19,1486,1505,0.15313576959997477
20,1500,1520,0.15313698575837356
22,1500,1522,0.15313501877520774
22,1496,1518,0.15312706694330366
22,1490,1512,0.15311970644055392
21,1499,1520,0.15311292936490026
19,1492,1511,0.15310972694021996
20,1487,1507,0.15311295599228622
20,1493,1513,0.15311295303853004
20,1487,1507,0.15311299447260943
20,1492,1512,0.15311306521587487
20,1494,1514,0.15311315299882192
20,1484,1504,0.1531132505200617
20,1492,1512,0.15311335306981877
20,1496,1516,0.1531134575062139
19,1493,1512,0.15311356169924653
19,1490,1509,0.1531169041229849
21,1493,1514,0.15312004508775223
21,1483,1504,0.15311677319019004
21,1485,1506,0.1531136821714758
20,1485,1505,0.15311071537751797
20,1476,1496,0.1531110137538988
19,1484,1503,0.1531112294768605
17,1485,1502,0.15311445904367382
18,1495,1513,0.153123658541585
18,1494,1512,0.15312925227926624
19,1496,1515,0.15313450272379917
20,1485,1505,0.15313608499314132
20,1497,1517,0.15313471415897112
17,1495,1512,0.15313357300078242
15,1502,1517,0.15314171695981732
16,1499,1515,0.1531553017457375
15,1491,1506,0.15316493602958683
14,1499,1513,0.15317696974757627
13,1489,1502,0.15319127555596665
12,1489,1501,0.1532077558884781
12,1501,1513,0.1532263895981253
11,1496,1507,0.15324384167624883
10,1495,1505,0.15326327773418758
10,1497,1507,0.15328459124054383
10,1499,1509,0.1533044971258893
9,1509,1518,0.15332313182846113
8,1518,1526,0.15334372999499832
8,1516,1524,0.1533662235598617
7,1514,1521,0.1533872420269356
7,1514,1521,0.1534101314214023
8,1505,1513,0.1534315944264983
8,1500,1508,0.1534484837165652
8,1510,1518,0.15346440750037005
8,1509,1517,0.15347937236660328
8,1516,1524,0.1534934291114252
9,1513,1522,0.15350663084042612
9,1504,1513,0.1535158284173455
8,1509,1517,0.15352447376988265
7,1516,1523,0.15353578107857213
7,1512,1519,0.15354951137348682
8,1509,1517,0.1535624383473669
8,1512,1520,0.15357130252084908
7,1517,1524,0.1535797047353328
7,1518,1525,0.15359083572516577
7,1514,1521,0.15360129963923091
8,1507,1515,0.15361113477764943
8,1512,1520,0.15361719872144547
8,1512,1520,0.15362289586604597
8,1508,1516,0.15362826156938944
8,1520,1528,0.15363331442409073
8,1518,1526,0.1536380709968473
8,1518,1526,0.1536425472585205
8,1501,1509,0.15364675866627708
8,1503,1511,0.15365072010003128
8,1499,1507,0.15365444580653076
8,1502,1510,0.15365794936832283
6,1509,1515,0.15366124369347955
6,1507,1513,0.15367079451138863
6,1504,1510,0.15367967134317065
5,1500,1505,0.1536879189781769
5,1515,1520,0.15369887763346715
5,1511,1516,0.1537091790093105
5,1498,1503,0.15371884392147955
5,1509,1514,0.15372791137366837
5,1515,1520,0.15373641936351862
5,1504,1509,0.15374440353201968
5,1510,1515,0.15375189710857115
5,1511,1516,0.15375893105517766
5,1508,1513,0.15376553423937817
5,1497,1502,0.15377173359953045
5,1496,1501,0.153777554295066
5,1497,1502,0.15378301984159126
5,1505,1510,0.15378815223243472
4,1496,1500,0.1537929720484512
4,1497,1501,0.1538007551733951
4,1508,1512,0.15380804591640548
4,1516,1520,0.1538148780505734
3,1512,1515,0.15382128677801388
3,1519,1522,0.15383054028909957
2,1517,1519,0.15383922885756135
2,1525,1527,0.15385072577055303
2,1526,1528,0.15386146577598456
2,1517,1519,0.15387153987818183
2,1519,1521,0.1538809969759346
2,1517,1519,0.15388987778157565
2,1518,1520,0.15389821884697333
2,1518,1520,0.15390605380590366
2,1516,1518,0.15391341390852945
2,1509,1511,0.15392032831836389
2,1498,1500,0.1539268243127708
2,1501,1503,0.1539329274372615
2,1509,1511,0.15393866163404812
2,1523,1525,0.15394404935418385
2,1519,1521,0.15394911165800973
2,1513,1515,0.1539538683065414
1,1502,1503,0.15395833784540844
1,1507,1508,0.1539658198572558
1,1516,1517,0.15397286148788997
1,1518,1519,0.1539794725397556
1,1533,1534,0.15398568082026073
1,1522,1523,0.1539915120627261
1,1523,1524,0.15399698990252886
1,1516,1517,0.15400213623529424
1,1509,1510,0.1540069714514318
1,1509,1510,0.15401151459614348
1,1510,1511,0.15401578348966966
1,1512,1513,0.15401979482468242
1,1504,1505,0.15402356424922276
1,1515,1516,0.1540271064396331
1,1514,1515,0.15403043516602694
1,1503,1504,0.15403356335184404
1,1511,1512,0.1540365031285086
1,1527,1528,0.15403926588589165
1,1521,1522,0.15404186231909522
1,1520,1521,0.15404430247195372
1,1514,1515,0.15404659577756977
1,1518,1519,0.1540487510961477
1,1507,1508,0.1540507767503465
1,1499,1500,0.15405268055834637
1,1509,1510,0.15405446986479923
1,1504,1505,0.15405615156981523
1,1512,1513,0.15405773215612378
1,1503,1504,0.15405921771453301
1,1509,1510,0.15406061396780246
1,1518,1519,0.15406192629303408
1,1514,1515,0.15406315974267848
1,1513,1514,0.15406431906424545
1,1524,1525,0.15406540871880237
1,1521,1522,0.15406643289833735
1,1527,1528,0.154067395542059
1,1524,1525,0.15406830035169944
1,1519,1520,0.1540691508058832
0,1520,1520,0.15406995017361988
