1379,28,1407,0.13582173672761821
1422,28,1450,0.13295186423544852
1443,26,1469,0.1302147069786182
1437,25,1462,0.1276632648520617
1452,24,1476,0.12535594905110922
1454,24,1478,0.12321518373300379
1456,24,1480,0.12126125224952126
1454,22,1476,0.11947708167255496
1470,21,1491,0.11785797581030366
1482,21,1503,0.11634415023854505
1473,21,1494,0.11493679660832164
1473,22,1495,0.11367797497655026
1474,23,1497,0.11253252768688914
1470,24,1494,0.11148764794178362
1463,23,1486,0.11054580820742445
1460,22,1482,0.10970505908684518
1463,22,1485,0.10894743664080345
1464,22,1486,0.10825061669551805
1458,23,1481,0.10761431220058038
1462,25,1487,0.10704871953324609
1470,24,1494,0.10652428740078071
1465,24,1489,0.1060289963615372
1478,25,1503,0.1055892189654573
1473,24,1497,0.10516021482876493
1489,24,1513,0.10478072662532989
1477,23,1500,0.10440027933922576
1480,24,1504,0.10408065734651498
1470,25,1495,0.10378313447733539
1457,24,1481,0.10353441339779326
1450,24,1474,0.1033364266505282
1442,25,1467,0.10317093641949354
1445,26,1471,0.10303847932308155
1470,26,1496,0.1029111532464851
1459,27,1486,0.1027410294356572
1473,27,1500,0.10261024612445098
1471,27,1498,0.10246053011910995
1463,27,1490,0.10232893592646577
1473,27,1500,0.10222642377764768
1470,27,1497,0.10211142756027979
1465,27,1492,0.10201315075220439
1466,28,1494,0.10193473552825776
1454,29,1483,0.10186139092367225
1455,28,1483,0.10182016885567602
1451,28,1479,0.10178054102178655
1462,28,1490,0.10175298789324166
1470,27,1497,0.1017039549738319
1461,27,1488,0.10164228665236735
1455,26,1481,0.10160561081138049
1454,26,1480,0.10158483321471282
1452,25,1477,0.10156790654498969
1458,26,1484,0.10155678760257256
1450,27,1477,0.10153407358574257
1449,24,1473,0.10153058511416811
1453,25,1478,0.10152959527693259
1449,25,1474,0.10152038035595994
1462,26,1488,0.10151995021577197
1467,24,1491,0.10149146978555472
1462,25,1487,0.10145498816629893
1464,23,1487,0.10143263636792511
1475,23,1498,0.10140766283256969
1481,23,1504,0.10136166634209505
1480,22,1502,0.10130693616112874
1478,23,1501,0.10125923862934283
1487,22,1509,0.10122025795374175
1480,21,1501,0.1011657925945293
1490,22,1512,0.10113103367140233
1481,22,1503,0.101077979600927
1478,23,1501,0.10104892821452886
1472,24,1496,0.10102884994986225
1460,25,1485,0.10102324446156356
1458,24,1482,0.10104381436322747
1452,23,1475,0.10106665742682353
1451,22,1473,0.1011010321859827
1450,23,1473,0.10113439948346084
1471,22,1493,0.10116680655461753
1466,23,1489,0.10115100137930354
1462,22,1484,0.10114699880641073
1479,22,1501,0.1011523957543054
1481,19,1500,0.10112109272823613
1473,19,1492,0.10108805092462017
1480,19,1499,0.10107524268335365
1467,19,1486,0.10104857187222663
1478,17,1495,0.10105176528703642
1479,17,1496,0.10103130331538132
1482,16,1498,0.10101070294211954
1485,16,1501,0.10098532508853487
1473,17,1490,0.10095593286195555
1478,18,1496,0.10095476714630554
1461,20,1481,0.10094285619753324
1470,19,1489,0.10096823151882262
1471,20,1491,0.10097194158050198
1464,20,1484,0.1009733475051774
1466,20,1486,0.10098955524034907
1469,20,1489,0.10100050258517022
1466,20,1486,0.10100376754730857
1471,17,1488,0.10101317583332264
1472,18,1490,0.10101120039749233
1490,18,1508,0.10100680403447174
1483,19,1502,0.10096472690638514
1478,20,1498,0.10094125345305978
1470,22,1492,0.10093090090602543
1472,23,1495,0.10093858056773444
1478,23,1501,0.10094141844916805
1472,24,1496,0.10093148055015838
1466,23,1489,0.10093541085078059
1463,26,1489,0.10095164786750307
1469,26,1495,0.10097310284641937
1481,26,1507,0.1009797484736099
1480,26,1506,0.10095994302144216
1464,25,1489,0.10094400492708282
1470,27,1497,0.10096353377102915
1474,25,1499,0.10096884408725547
1455,25,1480,0.10096485491462107
1450,28,1478,0.10100153786751927
1464,26,1490,0.10104573434537725
1469,26,1495,0.10105612848424851
1468,26,1494,0.10105498631196136
1469,26,1495,0.10105605054852976
1462,26,1488,0.10105507526594114
1461,25,1486,0.10106923527364371
1457,25,1482,0.10108424792055878
1453,28,1481,0.10110604671970518
1452,29,1481,0.10113470286659279
1449,30,1479,0.10116308711981763
1444,30,1474,0.10119557187692331
1440,28,1468,0.10123604807993292
1462,30,1492,0.10128177337074593
1472,29,1501,0.10127625491113168
1465,27,1492,0.10124963571103357
1472,27,1499,0.10124056045290225
1474,27,1501,0.10121737361821212
1479,27,1506,0.10119164477100893
1479,27,1506,0.10115754176331332
1477,27,1504,0.1011268459736236
1461,28,1489,0.10110297454899225
1468,27,1495,0.10111543102956123
1471,27,1498,0.10111161968097158
1479,26,1505,0.10110198514987084
1469,26,1495,0.10107594657910424
1474,27,1501,0.10107390702440137
1463,27,1490,0.10106148247876359
1452,28,1480,0.10107384515249467
1461,26,1487,0.10110922345439971
1466,26,1492,0.10112151011085181
1462,28,1490,0.10112266032383647
1463,29,1492,0.10113154709512509
1460,30,1490,0.1011371658422195
1462,29,1491,0.10114892753020896
1476,29,1505,0.10115562750221457
1475,28,1503,0.10113178142192386
1468,28,1496,0.10111224328619949
1459,27,1486,0.10110947863443809
1449,26,1475,0.10112611558436174
1457,24,1481,0.1011625284250735
1463,27,1490,0.1011784846712633
1476,24,1500,0.10118027023827679
1479,26,1505,0.10115382393166829
1469,24,1493,0.10112314174398108
1483,24,1507,0.10111621459845484
1489,23,1512,0.10107993749746912
1473,22,1495,0.10103447391829441
1475,22,1497,0.1010272323529445
1479,20,1499,0.10101635935957433
1473,21,1494,0.10099760394788099
1478,20,1498,0.10099298032452583
1475,22,1497,0.10097832015427198
1474,20,1494,0.10097157922055473
1470,20,1490,0.1009680070254355
1464,21,1485,0.10097293190953455
1479,23,1502,0.10099017054684761
1487,25,1512,0.1009740982751637
1471,26,1497,0.10094222802189129
1468,26,1494,0.10094723355416592
1466,25,1491,0.10095820592945942
1462,25,1487,0.10097232560627749
1453,25,1478,0.10099373961722628
1449,23,1472,0.10103245746714883
1446,23,1469,0.1010764316363829
1460,25,1485,0.10112322198100192
1463,28,1491,0.10113605561231523
1455,27,1482,0.10114146512548547
1466,24,1490,0.10116324727600802
1456,24,1480,0.10115891337536137
1468,25,1493,0.10117671097393593
1452,25,1477,0.10116716515899117
1449,26,1475,0.10119281028749878
1447,26,1473,0.10122283097261973
1445,27,1472,0.10125425814623731
1470,28,1498,0.10128777214078459
1461,27,1488,0.10126421034651767
1460,24,1484,0.10126246195997393
1453,25,1478,0.10126324443414778
1456,28,1484,0.10127869735389675
1465,29,1494,0.10128671565029088
1469,28,1497,0.101274451394461
1469,30,1499,0.10125476933515959
1458,29,1487,0.10123702560112385
1463,29,1492,0.10124434009068636
1459,29,1488,0.10124039126522871
1450,29,1479,0.10124520661941298
1454,29,1483,0.10126892593985919
1446,30,1476,0.10128266157174216
1463,29,1492,0.1013117446230826
1476,30,1506,0.10130195397102344
1474,31,1505,0.10126532300147283
1486,30,1516,0.10123642006253714
1482,29,1511,0.10118407024803566
1468,30,1498,0.10114544320334357
1474,31,1505,0.10114024618043067
1480,30,1510,0.10112261879815926
1477,31,1508,0.10109327715975355
1470,30,1500,0.10107247870059563
1466,30,1496,0.1010695563982443
1471,30,1501,0.10107537130274379
1477,28,1505,0.10107004848029721
1478,30,1508,0.10105266445738938
1457,31,1488,0.1010342156701686
1467,32,1499,0.10106272163120042
1474,31,1505,0.1010673810582552
1471,32,1503,0.101056684091085
1473,31,1504,0.10105298063148282
1479,32,1511,0.10104549275907619
1472,30,1502,0.10102609975011305
1469,30,1499,0.10102347701298597
1460,30,1490,0.10102736493620229
1470,30,1500,0.10105037118721973
1462,31,1493,0.10104959026666631
1466,31,1497,0.10106564178005581
1462,28,1490,0.10107208514904382
1461,29,1490,0.10108667240001636
1465,29,1494,0.10110197723085969
1447,29,1476,0.10110754890418285
1452,29,1481,0.10115092424934961
1444,29,1473,0.10118002547794004
1447,29,1476,0.10122362326860161
1441,32,1473,0.10125630258965086
1451,33,1484,0.10129910633767138
1456,33,1489,0.1013165931016768
1462,31,1493,0.10132186238332143
1454,32,1486,0.1013141969994849
1469,32,1501,0.10132401086143514
1450,33,1483,0.10130094908268222
1460,32,1492,0.1013199569029982
1458,31,1489,0.10131578501449477
1460,31,1491,0.10131655460155393
1460,32,1492,0.10131298027794738
1464,30,1494,0.1013095905326585
1452,29,1481,0.10129795992946945
1446,30,1476,0.10131359886713266
1459,30,1489,0.10134122128917714
1441,28,1469,0.10133844928308923
1458,30,1488,0.10137389672069431
1451,30,1481,0.10137020767303362
1464,32,1496,0.10138125062354178
1461,32,1493,0.10136371931728676
1457,33,1490,0.1013539161786159
1452,31,1483,0.1013535851655334
1439,32,1471,0.1013634613191477
1438,31,1469,0.10140013891350005
1429,33,1462,0.10143588295943955
1436,35,1471,0.10148773167730976
1439,35,1474,0.10152038621577301
1430,36,1466,0.10154363688983131
1439,35,1474,0.10158431588975539
1437,36,1473,0.10160202998066001
1442,34,1476,0.10162247680243491
1445,33,1478,0.10163034815372061
1441,34,1475,0.10163103664430402
1439,34,1473,0.10163998443264105
1440,35,1475,0.10165253284059739
1444,33,1477,0.10166194849836327
1461,35,1496,0.10166204192314954
1460,35,1495,0.10162604083224186
1450,35,1485,0.10159571174449851
1443,33,1476,0.10158939564597398
1457,35,1492,0.10159854710636637
1454,36,1490,0.10157710226440245
1460,35,1495,0.10156375551677618
1453,35,1488,0.1015388979108116
1450,34,1484,0.10153127371742375
1458,37,1495,0.10153088581493179
1448,36,1484,0.10151344751172683
1446,40,1486,0.10151901211786604
1446,41,1487,0.10152836181903702
1447,40,1487,0.10153695086592769
1446,39,1485,0.10154351774028562
1435,41,1476,0.10155211331217334
1440,42,1482,0.10158384313460843
1430,44,1474,0.10160213104265196
1431,45,1476,0.10164073001088555
1429,45,1474,0.10167337208105963
1423,44,1467,0.1017073731841988
1444,46,1490,0.10175062047787879
1444,46,1490,0.10174568359011843
1452,45,1497,0.1017416045736662
1444,46,1490,0.10172134922024285
1440,47,1487,0.10171929913990961
1437,47,1484,0.10172602351361686
1432,45,1477,0.10173851683681395
1429,46,1475,0.10176083171343887
1434,48,1482,0.10178806188602973
1429,47,1476,0.1018019533609111
1440,47,1487,0.10182525677629001
1445,46,1491,0.10182303585736623
1440,48,1488,0.10180982501141682
1448,48,1496,0.10180820487693878
1459,46,1505,0.10179016635939929
1440,47,1487,0.10174997467100766
1442,48,1490,0.10175431610456666
1450,48,1498,0.10175365635450188
1464,45,1509,0.10173593113233537
1458,46,1504,0.101689597432409
1454,48,1502,0.10166087656419438
1448,47,1495,0.10164305785938053
1445,47,1492,0.1016396927863752
1450,49,1499,0.10164356468090086
1439,47,1486,0.10163655213419037
1439,48,1487,0.10165290752850488
1442,48,1490,0.10166821520826583
1438,48,1486,0.1016760226508854
1437,51,1488,0.10169241902548432
1435,50,1485,0.10170998813906806
1440,48,1488,0.10173112521844868
1444,52,1496,0.10173903646337219
1431,50,1481,0.10173819810110916
1441,48,1489,0.10176577485511878
1444,50,1494,0.10176987488966847
1440,51,1491,0.10176746365305406
1427,50,1477,0.1017742782483598
1436,50,1486,0.10180844274057704
1440,54,1494,0.10182063576438213
1440,55,1495,0.10182357564521358
1437,53,1490,0.10182639323450435
1441,51,1492,0.10183453607662005
1436,52,1488,0.10183369276678116
1441,51,1492,0.10184338709052632
1440,53,1493,0.10184145929098426
1444,53,1497,0.10184207349815204
1446,54,1500,0.10183378498144195
1433,55,1488,0.10182197679158228
1420,54,1474,0.10183871381608636
1413,56,1469,0.10188200962495252
1418,55,1473,0.10193660835142002
1441,55,1496,0.10197600439145277
1445,53,1498,0.10196296316101142
1426,57,1483,0.10194280941045893
1433,58,1491,0.10196534404165745
1441,59,1500,0.10197081747891573
1429,59,1488,0.10195878854749153
1445,59,1504,0.10197355697654366
1447,60,1507,0.10195323393804032
1442,63,1505,0.10193023792540062
1430,62,1492,0.10192039622745747
1417,61,1478,0.10193734604625676
1422,63,1485,0.10198079508903354
1422,63,1485,0.10201017007358758
1418,63,1481,0.10203686737095126
1429,63,1492,0.10206975731896809
1430,63,1493,0.10207643946089216
1439,63,1502,0.10207973528666177
1438,64,1502,0.10206337385323845
1431,64,1495,0.1020505776452521
1429,65,1494,0.10205377008717775
1434,66,1500,0.10206109544950576
1434,66,1500,0.10205731523946067
1446,63,1509,0.10205322451185186
1437,64,1501,0.10202388443824961
1432,65,1497,0.10201652199557742
1436,64,1500,0.10202096877203282
1437,66,1503,0.10201704067787212
1424,67,1491,0.10201077041727563
1431,68,1499,0.10203277966775824
1427,68,1495,0.10203740467775091
1431,68,1499,0.10205049892730926
1431,68,1499,0.10205480968677699
1421,66,1487,0.10205862020244005
1424,66,1490,0.10208330623094565
1415,66,1481,0.10209911138358169
1419,68,1487,0.10213299665993332
1422,67,1489,0.1021561674430474
1424,67,1491,0.10216942509662907
1428,69,1497,0.10217700565121568
1428,71,1499,0.10217513263123085
1418,71,1489,0.10217295307998514
1439,70,1509,0.10219379609772059
1433,68,1501,0.10216774101861073
1423,73,1496,0.10215638380395013
1412,73,1485,0.10216886998627048
1426,71,1497,0.10220390581199217
1425,70,1495,0.10220608668407812
1419,72,1491,0.10221012783750665
1416,74,1490,0.10222657258070442
1420,77,1497,0.10224835343604323
1419,75,1494,0.10225953061703151
1427,77,1504,0.1022716798479863
1423,79,1502,0.10226584270474326
1412,79,1491,0.102269496785892
1417,79,1496,0.10229621296543208
1414,78,1492,0.10230975050603637
1420,78,1498,0.10232835126630171
1416,79,1495,0.10233274080949578
1421,76,1497,0.10234539635353557
1417,76,1493,0.10234616953080503
1409,80,1489,0.10235636882600023
1418,76,1494,0.10238219899251
1431,74,1505,0.10238622688648265
1424,77,1501,0.10236280737932678
1414,77,1491,0.10235672423689145
1407,78,1485,0.10237179848811075
1423,76,1499,0.10240112806666804
1420,75,1495,0.10239404875678751
1416,75,1491,0.10239344638117481
1407,75,1482,0.10240158791020651
1391,79,1470,0.10242815071592169
1399,80,1479,0.10248664473428333
1400,80,1480,0.10252364084853845
1399,81,1480,0.10255571242715948
1399,81,1480,0.10258688639325282
1406,81,1487,0.10261584407878362
1389,79,1468,0.10262665052941955
1397,75,1472,0.10267249173920895
1405,77,1482,0.10269656210823315
1418,78,1496,0.10270131200530129
1412,76,1488,0.10267852796188748
1422,77,1499,0.1026708897736575
1417,78,1495,0.10264141224459701
1413,76,1489,0.10262465545411865
1426,77,1503,0.10261698036007147
1415,79,1494,0.10258209090178246
1410,79,1489,0.10257534715654748
1405,78,1483,0.10257998702812891
1407,77,1484,0.10259508541614505
1415,79,1494,0.10260548894944246
1421,79,1500,0.10259824475286963
1419,84,1503,0.10257853230107514
1416,82,1498,0.10256474969173848
1424,82,1506,0.10255854166625028
1420,82,1502,0.1025350692571017
1420,81,1501,0.10252227770610713
1415,80,1495,0.10251112433891503
1424,80,1504,0.10251143183990122
1418,79,1497,0.10249242207315155
1417,77,1494,0.10248835309444143
1415,77,1492,0.10248728366980014
1428,80,1508,0.10248966685302534
1419,77,1496,0.10246421716296215
1407,79,1486,0.10245984682299213
1420,80,1500,0.10248156275612477
1411,81,1492,0.10247342444392224
1417,81,1498,0.10248560739305028
1419,77,1496,0.1024838241718696
1422,80,1502,0.10247752795195353
1436,79,1515,0.10246541565969938
1430,78,1508,0.10242397934643208
1421,79,1500,0.10239853787640957
1427,82,1509,0.10239527521087968
1418,80,1498,0.1023790845028212
1420,82,1502,0.10238397513444922
1418,83,1501,0.10238447772567252
1420,80,1500,0.10238889405766745
1430,84,1514,0.10238912183182226
1419,83,1502,0.10236844342089206
1425,78,1503,0.10237413842735009
1414,78,1492,0.10236592473935024
1406,76,1482,0.10238279980400812
1418,78,1496,0.1024145694384978
1424,77,1501,0.10241794479243893
1423,80,1503,0.10240800766077447
1419,79,1498,0.10240113336336339
1416,80,1496,0.10240331199337009
1411,79,1490,0.10241161035608942
1418,79,1497,0.10243020356911113
1426,82,1508,0.10243233203629024
1429,80,1509,0.10241708677059179
1422,82,1504,0.10239634694045556
1429,84,1513,0.1023928329714294
1421,85,1506,0.10237468333578047
1419,84,1503,0.1023749941923395
1422,85,1507,0.10237929208965074
1417,85,1502,0.10237692627118605
1426,86,1512,0.10238630347448409
1418,88,1506,0.10237538658116158
1409,84,1493,0.1023821080627039
1406,84,1490,0.10240765210852466
1412,84,1496,0.10243735922308636
1411,83,1494,0.10245182023665304
1397,84,1481,0.10246740594685307
1409,88,1497,0.10251234277845409
1405,89,1494,0.1025278031687727
1416,92,1508,0.10255137482972163
1420,97,1517,0.10254995549412615
1412,96,1508,0.10254036658998827
1419,99,1518,0.10254921366162041
1395,98,1493,0.10254270298520783
1406,97,1503,0.1025892945078338
1408,98,1506,0.10260801997744025
1405,97,1502,0.10262108112078686
1399,97,1496,0.10263980609841244
1400,95,1495,0.10266858028789652
1405,96,1501,0.10269118506980351
1408,94,1502,0.10270240663400046
1413,95,1508,0.10270645230451482
1408,94,1502,0.1026989236467354
1397,91,1488,0.10270339558741232
1393,91,1484,0.10273168421686109
1398,93,1491,0.10276647824206753
1403,97,1500,0.10278837260042628
1397,99,1496,0.10279763348700964
1404,99,1503,0.10281902101221178
1402,100,1502,0.1028235833713038
1400,97,1497,0.10283226201423375
1396,99,1495,0.102844813808167
1402,102,1504,0.1028650905069895
1401,100,1501,0.10287133526492578
1394,103,1497,0.10287894170085571
1395,102,1497,0.10290111678877004
1381,104,1485,0.10291959574206992
1383,102,1485,0.10296760669745353
1400,101,1501,0.10300739246166823
1406,104,1510,0.103006399621674
1420,102,1522,0.10299199679462585
1408,100,1508,0.10294854696191474
1409,103,1512,0.10293552048871137
1408,101,1509,0.10292154459815572
1411,98,1509,0.10291128458225356
1399,98,1497,0.102895852575192
1400,99,1499,0.10290718643598248
1401,98,1499,0.10291553319385478
1410,102,1512,0.10292121975343817
1400,103,1503,0.10290684139372243
1394,102,1496,0.1029161489230739
1412,102,1514,0.10293737583066097
1398,102,1500,0.10291806986926351
1381,100,1481,0.10293128560731354
1385,102,1487,0.10298001557952066
1382,100,1482,0.10301515560841981
1386,101,1487,0.10305457318981695
1394,98,1492,0.10308306862313861
1386,105,1491,0.10309147028463354
1392,103,1495,0.1031153452226248
1397,105,1502,0.10312387669633509
1390,103,1493,0.1031208131206957
1386,103,1489,0.10313322724682498
1411,102,1513,0.1031531276928941
1414,102,1516,0.10311758905099497
1398,103,1501,0.10307909739442815
1391,106,1497,0.10307855393495945
1386,108,1494,0.10309313984519385
1376,105,1481,0.10311835589143233
1370,108,1478,0.10316291952996318
1378,110,1488,0.10321664696094913
1384,108,1492,0.10324818038840239
1399,108,1507,0.1032640678477819
1392,109,1501,0.10324479589976754
1384,108,1492,0.10324285704758455
1392,109,1501,0.10325772674165944
1385,107,1492,0.10325521097618755
1398,105,1503,0.10326769412415279
1401,103,1504,0.10325086229799962
1391,105,1496,0.10322819245616305
1390,102,1492,0.10322922605901481
1391,102,1493,0.10323262538576905
1386,102,1488,0.1032336464018562
1386,103,1489,0.10324510468146553
1374,104,1478,0.10325633103624962
1377,106,1483,0.10329212916154151
1365,108,1473,0.10331896316811877
1373,105,1478,0.10336862400220785
1369,107,1476,0.10339673850338177
1378,110,1488,0.10343104322775837
1377,111,1488,0.10344215476734206
1391,111,1502,0.10345478302347519
1387,111,1498,0.10343614764229817
1385,106,1491,0.10342843242553468
1393,110,1503,0.10342647960173836
1397,113,1510,0.10340879953810646
1395,114,1509,0.10338490571702633
1396,116,1512,0.10336763029754335
1389,114,1503,0.10335000908903229
1376,117,1493,0.10334892551617038
1376,116,1492,0.10337638123490052
1377,119,1496,0.10340202025465058
1377,120,1497,0.10342210861706555
1381,120,1501,0.10344118731555905
1381,115,1496,0.10344996668521991
1375,115,1490,0.10345828614051449
1359,115,1474,0.10347863367718287
1373,113,1486,0.10353178449117983
1369,113,1482,0.10355029624549475
1374,110,1484,0.10357613560679642
1370,108,1478,0.10358883639494526
1378,114,1492,0.10360787367911611
1369,117,1486,0.10360915062467345
1379,113,1492,0.10362995149609207
1375,114,1489,0.1036270333984513
1368,114,1482,0.10363134922082771
1374,116,1490,0.10365134607270308
1366,117,1483,0.10365651052677233
1384,116,1500,0.10367885079461064
1388,118,1506,0.10366106850469858
1377,121,1498,0.10363526122966796
1381,123,1504,0.1036364784714869
1385,126,1511,0.10362976555713609
1379,129,1508,0.10361619170193723
1375,129,1504,0.10361638774159417
1379,128,1507,0.10362502046477585
1378,125,1503,0.10362500534496022
1386,123,1509,0.10362695031175051
1382,126,1508,0.10361169111157212
1365,126,1491,0.10360604487160842
1357,125,1482,0.10363651686377548
1360,122,1482,0.10368165301441636
1370,124,1494,0.1037162693462606
1371,121,1492,0.10372711100643361
1360,117,1477,0.10373411378438523
1358,116,1474,0.10376433923020226
1369,118,1487,0.10379556657910964
1369,121,1490,0.10380055008042803
1366,129,1495,0.10380656757287962
1371,126,1497,0.10381860557487319
1373,124,1497,0.10381932091594016
1364,128,1492,0.10381602455735725
1366,126,1492,0.10383252541105092
1373,126,1499,0.10384332110796489
1371,126,1497,0.10383739080904059
1386,128,1514,0.10383710422781314
1374,126,1500,0.10380332950614811
1367,125,1492,0.10379988045460899
1355,123,1478,0.10381182488523029
1365,127,1492,0.10384827862004706
1368,128,1496,0.10386025614310875
1373,130,1503,0.10386400059227735
1358,132,1490,0.10385730307880635
1359,133,1492,0.10388396451171918
1370,140,1510,0.10390563705691423
1375,137,1512,0.10390229838616756
1368,137,1505,0.10388837251708243
1365,135,1500,0.10389177348719528
1369,135,1504,0.10390098663104826
1360,133,1493,0.10390095798337012
1351,132,1483,0.1039210006706878
1353,136,1489,0.10395907881514008
1356,140,1496,0.10398904670905706
1360,139,1499,0.10401005400000775
1359,140,1499,0.10402052265385142
1367,136,1503,0.1040327866337864
1366,139,1505,0.10402703966366354
1355,138,1493,0.10402441950289619
1360,138,1498,0.10404585156065799
1359,135,1494,0.10405370978420368
1359,136,1495,0.10406307990843838
1360,137,1497,0.10407205928074664
1361,138,1499,0.10407896244249082
1361,132,1493,0.10408258143888531
1361,131,1492,0.1040865022693321
1356,133,1489,0.10409179321603118
1349,136,1485,0.10410625466391327
1350,139,1489,0.10413469332467795
1349,141,1490,0.10415894508656232
1358,141,1499,0.10418569824096018
1351,140,1491,0.10418963580443413
1348,143,1491,0.10420821045148211
1362,137,1499,0.10423153974531645
1362,136,1498,0.10422267411638998
1351,142,1493,0.10421483246783449
1346,142,1488,0.10423192151574265
1345,143,1488,0.1042585950339997
1345,143,1488,0.10428589707543147
1346,143,1489,0.10431102491821566
1355,143,1498,0.1043317669589493
1363,140,1503,0.10433226519193069
1364,137,1501,0.10431459830858512
1368,139,1507,0.10429656762151013
1359,140,1499,0.10427130109989818
1356,140,1496,0.10426834750281724
1368,139,1507,0.10427197926479544
1368,142,1510,0.10424876800036667
1352,141,1493,0.1042267741962684
1347,143,1490,0.10424130210102572
1349,141,1490,0.1042659526330476
1345,140,1485,0.10428350053262153
1355,140,1495,0.10430818889393546
1351,142,1493,0.10430891539118833
1356,143,1499,0.10431874104014555
1370,143,1513,0.10431767043829442
1365,144,1509,0.10428558596029838
1360,144,1504,0.10426721926750891
1359,139,1498,0.1042606841870029
1355,137,1492,0.10425770237096468
1366,136,1502,0.10426294514591772
1355,131,1486,0.104243309454315
1354,130,1484,0.10424884816205221
1355,130,1485,0.104257526678552
1366,134,1500,0.10426310340336535
1353,135,1488,0.1042438018606153
1353,135,1488,0.10425510274402482
1355,136,1491,0.1042651554371945
1363,136,1499,0.1042691654985584
1360,136,1496,0.10425587449832456
1359,142,1501,0.10425138655433724
1351,145,1496,0.1042508066074938
1344,149,1493,0.1042667464433278
1346,145,1491,0.10429680911014906
1339,143,1482,0.10431947949573597
1357,141,1498,0.10435606765149513
1351,144,1495,0.10435017135457453
1352,144,1496,0.1043590470458269
1358,145,1503,0.10436576891581095
1344,145,1489,0.10435963156641195
1352,150,1502,0.10438545813196484
1354,152,1506,0.10439207691592658
1337,152,1489,0.10439339772851074
1328,150,1478,0.1044322856642826
1347,151,1498,0.10448781350360616
1361,151,1512,0.1044967140719671
1343,155,1498,0.10447410562929706
1331,153,1484,0.10449391321528985
1336,157,1493,0.10453751914049196
1343,160,1503,0.10456415643026334
1362,162,1524,0.104573722901266
1361,162,1523,0.10454159054474538
1343,163,1506,0.10451588272883702
1332,159,1491,0.10453349826955317
1322,160,1482,0.10457233993793419
1323,163,1486,0.10463097669233612
1321,163,1484,0.10468295441127876
1316,165,1481,0.10473561495920598
1328,166,1494,0.10479431685650159
1346,165,1511,0.1048216481234295
1347,166,1513,0.10480747480497873
1349,165,1514,0.10479384058894016
1348,168,1516,0.1047767767838706
1334,169,1503,0.1047635583160779
1344,165,1509,0.10478166229942137
1364,160,1524,0.10477613409765332
1360,164,1524,0.10472551341226119
1357,163,1520,0.10468927348085129
1343,159,1502,0.10466170023131774
1331,161,1492,0.10466690403162048
1342,159,1501,0.10469708217692009
1336,158,1494,0.10470136884115945
1336,161,1497,0.10471743153112938
1328,162,1490,0.10473203772379869
1331,162,1493,0.10476341687781154
1332,163,1495,0.10478534705358811
1337,164,1501,0.1048031518744238
1342,163,1505,0.10480813782729165
1332,164,1496,0.10480245469338094
1331,165,1496,0.10481859654702166
1331,165,1496,0.10483583596249822
1327,165,1492,0.10485117912075889
1322,161,1483,0.10487513947908943
1323,162,1485,0.10490757399894686
1337,166,1503,0.10493539628569142
1336,166,1502,0.10492941491644775
1328,164,1492,0.1049270449110737
1335,162,1497,0.10494392818516506
1312,161,1473,0.10494317092821477
1318,160,1478,0.10499383687994003
1327,162,1489,0.10502780962024277
1329,163,1492,0.1050392221305474
1330,165,1495,0.10504440902623031
1325,165,1490,0.10504592559236933
1330,165,1495,0.10505767963186824
1334,166,1500,0.10505706653829482
1331,162,1493,0.1050476097381737
1331,165,1496,0.10504587103840929
1335,166,1501,0.10504398914244913
1333,165,1498,0.1050334111896381
1337,165,1502,0.10502820815786397
1326,164,1490,0.10501457775440894
1333,164,1497,0.10502720488414047
1324,161,1485,0.10502220013314688
1318,158,1476,0.10503769583990462
1326,157,1483,0.10506349687272239
1324,161,1485,0.10506894466871404
1331,161,1492,0.10507737664305455
1343,164,1507,0.10506994273373696
1338,164,1502,0.10503701106433962
1337,164,1501,0.1050170609367684
1339,162,1501,0.10500085593222305
1337,158,1495,0.10498179378171639
1332,163,1495,0.1049692783450114
1327,166,1493,0.10497000616030164
1321,162,1483,0.1049826679091959
1315,165,1480,0.10500783840222992
1330,165,1495,0.1050435875285497
1318,168,1486,0.10504360496447067
1313,164,1477,0.10507090227996536
1318,167,1485,0.10510652729593253
1332,165,1497,0.10512941156467609
1324,167,1491,0.10511900135867687
1328,164,1492,0.10512692082025438
1332,167,1499,0.10512599704193043
1325,168,1493,0.10511582493389694
1326,169,1495,0.10512076817921386
1326,174,1500,0.1051232080777941
1315,174,1489,0.1051247806683044
1320,172,1492,0.10515184290812644
1312,174,1486,0.10516700413499656
1316,175,1491,0.10519948703117414
1312,178,1490,0.1052211821008925
1311,176,1487,0.10525093798585897
1313,180,1493,0.10528065388517753
1315,181,1496,0.10530298977332628
1310,178,1488,0.1053192334763113
1311,182,1493,0.10534565485422095
1315,187,1502,0.10536742203500155
1301,185,1486,0.105380679992116
1302,188,1490,0.10542469409442187
1309,190,1499,0.10546247663183315
1306,194,1500,0.10548316170751232
1306,195,1501,0.10550956233706554
1320,196,1516,0.10553425856795645
1313,190,1503,0.10552685533323902
1320,187,1507,0.10553445402821796
1302,186,1488,0.10552628762204748
1299,189,1488,0.10555802919348495
1304,192,1496,0.10559363413459132
1301,192,1493,0.10561664561889465
1309,193,1502,0.10564359489375469
1314,193,1507,0.1056507790002398
1312,190,1502,0.10564753759782496
1300,191,1491,0.1056482294730949
1312,190,1502,0.10567596709968692
1311,194,1505,0.10567511829562078
1303,192,1495,0.10567561238288598
1312,191,1503,0.10569334829795932
1313,192,1505,0.10568873296073555
1321,192,1513,0.10568262684841993
1315,193,1508,0.10565857575221804
1297,194,1491,0.10564954127088055
1311,195,1506,0.10567995451416635
1295,194,1489,0.10567853886032634
1302,194,1496,0.10571393246649345
1303,191,1494,0.105730756040081
1306,190,1496,0.10574492952262
1309,187,1496,0.1057512654205549
1316,188,1504,0.10575206754064373
1307,187,1494,0.10573724185746305
1302,188,1490,0.10574339699560474
1305,191,1496,0.10575918461488573
1315,189,1504,0.10576717260663258
1318,185,1503,0.10575221555815073
1313,188,1501,0.10573383664940536
1311,189,1500,0.10572874717947606
1309,193,1502,0.10572718387557538
1300,195,1495,0.10573011163361024
1306,197,1503,0.10575242731726664
1302,196,1498,0.10576169621027465
1299,192,1491,0.1057777725244267
1308,194,1502,0.10579861661193213
1308,196,1504,0.10579916754168442
1311,196,1507,0.10579959164654536
1314,194,1508,0.10579306790304459
1303,193,1496,0.10578065696223544
1300,194,1494,0.10579319478111486
1304,193,1497,0.10580990938187483
1305,192,1497,0.10581618824744034
1304,191,1495,0.10582031921995651
1304,191,1495,0.10582567619950155
1297,188,1485,0.10583012733687176
1297,185,1482,0.10584844813345982
1294,184,1478,0.10586325047784932
1283,189,1472,0.10588340247957277
1303,188,1491,0.10592434172207973
1302,191,1493,0.10591849569336982
1297,191,1488,0.10591497948558384
1301,192,1493,0.10592274461580636
1295,189,1484,0.10592093290638646
1299,185,1484,0.10593251975823682
1299,189,1488,0.10593595159104809
1297,187,1484,0.10593761492293546
1313,186,1499,0.10594383903531523
1313,185,1498,0.10591483160356269
1297,189,1486,0.10588925397211607
1298,188,1486,0.10590124119527147
1297,188,1485,0.10591058132221963
1303,190,1493,0.10592110603031486
1308,192,1500,0.1059171546019844
1307,185,1492,0.10590200452641717
1298,187,1485,0.10589105443088882
1304,190,1494,0.10590050376419156
1312,188,1500,0.10589481218061782
1320,189,1509,0.10587310504417022
1304,192,1496,0.10583613784027972
1297,189,1486,0.10583688587498742
1305,189,1494,0.10585279744684215
1313,187,1500,0.10584931747017105
1306,189,1495,0.10583037542644512
1308,194,1502,0.10582983514397788
1318,198,1516,0.10582424170105455
1307,194,1501,0.10579631905476351
1305,191,1496,0.1057944946779379
1300,193,1493,0.10579696179075875
1306,190,1496,0.10581113431003523
1294,191,1485,0.10581116094628878
1291,192,1483,0.10583890025329286
1295,194,1489,0.10587046073946815
1294,197,1491,0.10589198203881982
1287,196,1483,0.10591406504404052
1292,191,1483,0.10594928133719071
1303,192,1495,0.10596971175884243
1295,193,1488,0.10596245595916418
1298,191,1489,0.10597326914173376
1307,187,1494,0.10597733505730636
1304,192,1496,0.105960670225044
1303,193,1496,0.10595119782402726
1297,195,1492,0.10594381886340914
1288,192,1480,0.10595047569644932
1294,191,1485,0.10597586035839762
1291,191,1482,0.1059857350020545
1302,192,1494,0.10600211197978066
1306,192,1498,0.10599414616165868
1292,196,1488,0.10597865698982492
1285,198,1483,0.10599432866830413
1300,197,1497,0.10602348480019262
1306,196,1502,0.10601719799552299
1316,191,1507,0.10599981639017651
1305,191,1496,0.10596248804671028
1299,194,1493,0.10595296094195707
1292,191,1483,0.10595702022873031
1292,192,1484,0.10597677166846714
1294,198,1492,0.10599491745945729
1300,199,1499,0.10600721632625476
1296,198,1494,0.1060044278231247
1295,197,1492,0.10600958865499432
1285,202,1487,0.10601868280301854
1291,207,1498,0.10604905257584143
1291,202,1493,0.10606483538917022
1301,205,1506,0.1060776175727821
1302,203,1505,0.10606756213015472
1291,205,1496,0.10605662754171587
1297,208,1505,0.10607148495888662
1289,214,1503,0.10607164846268358
1283,212,1495,0.10609035267233743
1285,211,1496,0.10612027679956974
1290,206,1496,0.1061430876406909
1294,203,1497,0.10615341231919859
1292,205,1497,0.1061546708124677
1291,207,1498,0.10615979546391817
1286,210,1496,0.10616740887823665
1291,206,1497,0.10618498618263378
1291,209,1500,0.10619016314136118
1292,214,1506,0.10619590629164598
1284,217,1501,0.10620012941714048
1280,217,1497,0.10622286261492445
1282,212,1494,0.10625245435116058
1271,214,1485,0.10627564939643484
1278,217,1495,0.10632146820153741
1282,221,1503,0.10634856403922885
1262,224,1486,0.10636503867549035
1256,221,1477,0.10642559693959822
1248,218,1466,0.10649492410987663
1251,220,1471,0.106574925785788
1240,221,1461,0.10664181147988842
1248,217,1465,0.1067254436421056
1267,219,1486,0.10678445591556074
1258,223,1481,0.10679766887417312
1264,221,1485,0.10682968888230164
1257,220,1477,0.10684615928031273
1260,219,1479,0.10687637867854619
1259,225,1484,0.1068979246774052
1270,224,1494,0.1069213239617903
1274,224,1498,0.10691905296983395
1286,224,1510,0.1069094440849323
1285,231,1516,0.10687469803322718
1278,230,1508,0.10684648099133344
1272,229,1501,0.1068370669109844
1279,223,1502,0.10684141185153116
1279,223,1502,0.10682995455610228
1274,227,1501,0.10682107056325708
1261,229,1490,0.10682416118467195
1268,232,1500,0.10685718510593065
1278,242,1520,0.10687379773946348
1276,240,1516,0.10686731549259744
1278,245,1523,0.10686886881386315
1274,243,1517,0.10686686939809276
1265,241,1506,0.10687501184007246
1259,245,1504,0.10690240544585584
1286,245,1531,0.10694107658256581
1272,244,1516,0.10691883679698747
1266,245,1511,0.10692921329053191
1261,246,1507,0.10695138884318045
1262,244,1506,0.10698318376600968
1262,241,1503,0.10701041771139116
1262,249,1511,0.10703684572452779
1264,248,1512,0.10706096485157097
1255,249,1504,0.10707996786586346
1254,245,1499,0.10711684925111388
1251,248,1499,0.1071534673109595
1256,245,1501,0.10719520505259952
1252,250,1502,0.1072235062846125
1245,251,1496,0.10725786689237822
1255,249,1504,0.10730363215351019
1239,248,1487,0.10732403381212464
1239,253,1492,0.10737597917199831
1237,253,1490,0.10742417432811802
1238,254,1492,0.10747293405403266
1235,252,1487,0.10751556578623561
1221,258,1479,0.10756055977376867
1223,259,1482,0.10763296936139141
1227,263,1490,0.10769548570368201
1226,262,1488,0.10774567518242786
1231,260,1491,0.10779350604942753
1226,259,1485,0.10782631702931007
1238,264,1502,0.10786682859195848
1231,270,1501,0.10787720991378913
1228,264,1492,0.10790381747522972
1235,267,1502,0.10793631352266526
1233,263,1496,0.10795035587282482
1225,269,1494,0.10796721314218835
1221,268,1489,0.10800041272589567
1222,266,1488,0.10803901303433268
1232,273,1505,0.10807253014468846
1240,267,1507,0.1080826154490105
1252,267,1519,0.10807452936697202
1251,265,1516,0.1080423196427198
1239,269,1508,0.10801456021874621
1228,262,1490,0.1080166173571478
1232,257,1489,0.1080426517645881
1219,254,1473,0.10805844858471741
1225,261,1486,0.10810147835167097
1223,266,1489,0.10812886529834433
1226,273,1499,0.10815911787674785
1243,273,1516,0.10818198532337853
1235,268,1503,0.10816570263938491
1235,272,1507,0.10816790855233961
1229,271,1500,0.10817052387609513
1239,270,1509,0.10818563786658424
1236,272,1508,0.10817778347465437
1236,274,1510,0.10817606090010252
1244,271,1515,0.10817489155644439
1236,276,1512,0.10815595447211768
1231,273,1504,0.10815722226197924
1234,278,1512,0.10816901864782835
1233,275,1508,0.10817289337047942
1230,275,1505,0.10818128878654593
1233,272,1505,0.10819651887266027
1236,278,1514,0.10820465985419364
1234,277,1511,0.10820569597241864
1230,276,1506,0.10821337169246106
1221,277,1498,0.10822889757818813
1219,281,1500,0.10826500291612633
1224,282,1506,0.1083020515072148
1231,286,1517,0.10832513367655267
1219,288,1507,0.10833085084806131
1219,281,1500,0.10836318271376477
1206,283,1489,0.10839350559059831
1212,285,1497,0.10845051649250571
1197,291,1488,0.108490257085798
1190,294,1484,0.10855960829410012
1184,287,1471,0.10863848542606368
1189,286,1475,0.10872512921521453
1189,286,1475,0.10879223019203628
1193,289,1482,0.10885591116450481
1204,292,1496,0.10890514485997357
1201,293,1494,0.10892703193273079
1186,295,1481,0.10895315571997082
1196,295,1491,0.10901023746023462
1202,292,1494,0.10904035152368362
1202,292,1494,0.109054879850074
1197,298,1495,0.10906805849897921
1203,298,1501,0.10909149867223895
1205,298,1503,0.1091007613580341
1206,292,1498,0.10910505229087052
1204,289,1493,0.10910819977590057
1208,287,1495,0.10911687526595047
1195,290,1485,0.10911651888823816
1203,291,1494,0.10914552078126498
1203,292,1495,0.10915434976225374
1213,290,1503,0.10916097755104978
1212,291,1503,0.1091453494850163
1211,299,1510,0.10913440829635356
1205,303,1508,0.10912730593338305
1210,298,1508,0.10913513437744608
1213,296,1509,0.10913141727584019
1210,301,1511,0.10912032639334884
1216,296,1512,0.10911620152436362
1205,294,1499,0.10909973347542706
1202,300,1502,0.10910750300211645
1203,298,1501,0.10912041356588292
1196,293,1489,0.1091301298466922
1194,296,1490,0.10915424030088186
1196,295,1491,0.10917870355896621
1200,293,1493,0.10919704345323397
1213,291,1504,0.10920331752535213
1201,286,1487,0.10918077950472208
1212,288,1500,0.10918687106808131
1205,290,1495,0.10916819218091818
1211,291,1502,0.10916647640307373
1207,290,1497,0.10915251439197884
1204,288,1492,0.1091493662633891
1220,293,1513,0.10915361743268438
1219,291,1510,0.1091227868323644
1218,292,1510,0.10909740801792012
1215,295,1510,0.10907638675238067
1201,297,1498,0.10906481719230658
1207,297,1504,0.1090835155562527
1205,299,1504,0.10908688760901115
1209,301,1510,0.10909455733646672
1196,296,1492,0.10909238067407948
1195,296,1491,0.10911911029606515
1205,295,1500,0.10914450630318324
1199,289,1488,0.109145259877866
1199,294,1493,0.10916000761745703
1201,296,1497,0.10917483910610126
1204,294,1498,0.10918364685281318
1208,291,1499,0.10918501319588042
1208,293,1501,0.10917676681899337
1201,293,1494,0.10916927740747429
1203,293,1496,0.10917729220164266
1202,288,1490,0.10918057847528402
1212,296,1508,0.10918607841201196
1222,293,1515,0.10917077110287704
1215,294,1509,0.10913450579447356
1203,294,1497,0.10911694998678488
1205,291,1496,0.10912950367093878
1201,286,1487,0.10913468629022915
1208,291,1499,0.1091491158076473
1205,292,1497,0.10914535109338282
1205,290,1495,0.10914876051690708
1192,290,1482,0.10915178463265716
1199,292,1491,0.10918184216020269
1202,296,1498,0.10919364521021603
1209,297,1506,0.10919804959324647
1211,291,1502,0.1091864692947198
1206,285,1491,0.10917242639318099
1198,290,1488,0.10917108227575117
1199,294,1493,0.10918703840219553
1190,290,1480,0.10919693940658007
1195,301,1496,0.10922787484709773
1186,301,1487,0.10924648094410536
1192,296,1488,0.10928438222022496
1207,298,1505,0.10930642251595096
1212,304,1516,0.10929383362345685
1218,304,1522,0.10927161224926973
1215,295,1510,0.10923705989692532
1211,289,1500,0.10921067565487384
1217,285,1502,0.10919642757959287
1220,285,1505,0.10916960962433589
1219,291,1510,0.10913762825912542
1215,296,1511,0.10910971832463051
1209,294,1503,0.1090909120701462
1215,291,1506,0.10908559376377576
1197,292,1489,0.10906820712487879
1207,288,1495,0.10909100165891546
1196,294,1490,0.1090895196585214
1195,293,1488,0.10911160277309072
1202,294,1496,0.1091332184103885
1206,293,1499,0.10913677571490407
1202,294,1496,0.10913162306228827
1200,298,1498,0.10913555649096061
1203,301,1504,0.10914387559589081
1203,300,1503,0.10914684171216506
1205,300,1505,0.10915111269587306
1199,306,1505,0.10914885297786586
1213,305,1518,0.10916032452862638
1207,303,1510,0.10914086871289609
1209,296,1505,0.10913803250329776
1221,301,1522,0.1091300019657048
1214,302,1516,0.10909542656388943
1205,299,1504,0.1090792979218136
1201,300,1501,0.10908578186147234
1196,298,1494,0.10910130581986827
1201,294,1495,0.109128554344953
1201,296,1497,0.10914434020062917
1197,303,1500,0.10915795546047334
1192,305,1497,0.10917964151371048
1192,308,1500,0.10921239152159547
1195,311,1506,0.10924163370463873
1190,311,1501,0.10926245406918358
1193,315,1508,0.10929116837090476
1190,311,1501,0.10931344190486585
1182,315,1497,0.10934108726375903
1195,314,1509,0.1093831457033132
1203,317,1520,0.10939352949375508
1209,311,1520,0.10938646881662492
1200,309,1509,0.10936672198112336
1202,312,1514,0.10936948705834944
1194,312,1506,0.10936748267149467
1198,310,1508,0.10938335249284341
1193,305,1498,0.10938839147662423
1190,308,1498,0.10940480261576195
1196,311,1507,0.10942561417412364
1194,310,1504,0.10943236377606315
1199,316,1515,0.10944323293865338
1189,313,1502,0.1094433328044013
1190,314,1504,0.10946623814864812
1202,310,1512,0.10948521295288426
1189,314,1503,0.10947526001616374
1181,314,1495,0.10949547429429206
1181,311,1492,0.10953194391079993
1190,313,1503,0.10956470473235434
1196,309,1505,0.10957550612499933
1197,307,1504,0.10957038737336894
1204,306,1510,0.10956334249696248
1196,307,1503,0.10954258120439596
1197,306,1503,0.10954266690406182
1186,311,1497,0.10954061481906266
1182,311,1493,0.10956259951800819
1174,305,1479,0.10959244765326986
1174,305,1479,0.10963638416851483
1176,306,1482,0.10967595863684011
1181,311,1492,0.1097073346836018
1182,305,1487,0.10972502990077912
1186,310,1496,0.10973931483283143
1180,307,1487,0.1097435140189906
1191,304,1495,0.10976011974885809
1209,309,1518,0.10975025485519403
1200,306,1506,0.10970094947715923
1195,303,1498,0.1096752504825377
1191,307,1498,0.10966459732625598
1186,312,1498,0.10966431078037431
1172,315,1487,0.10967566055617674
1162,315,1477,0.10971759554561789
1187,312,1499,0.10977652309595591
1194,306,1500,0.10977509174435174
1192,301,1493,0.10976023779645898
1189,302,1491,0.10975001025337949
1177,308,1485,0.10974843970888529
1177,308,1485,0.10977261996930551
1173,310,1483,0.10979473830838737
1171,309,1480,0.10982369849318577
1178,308,1486,0.10985428225021568
1192,307,1499,0.10986682445965751
1193,311,1504,0.10984614074361851
1189,309,1498,0.10982644531584633
1180,306,1486,0.10981681170458803
1174,311,1485,0.10982739677074532
1178,311,1489,0.1098510339581405
1181,306,1487,0.10986629396163317
1172,309,1481,0.10987262917098778
1172,312,1484,0.10989916905439806
1178,304,1482,0.10992412737798134
1183,309,1492,0.10993409619560034
1188,305,1493,0.10993170584917059
1177,307,1484,0.10991662552335474
1176,307,1483,0.10992749263948617
1173,305,1478,0.10994034804656348
1183,308,1491,0.10995866277489678
1189,308,1497,0.10995281999500321
1198,314,1512,0.10993394917652335
1195,315,1510,0.10989714485759944
1188,311,1499,0.10986998048156899
1195,307,1502,0.1098609404966626
1206,307,1513,0.1098375230429304
1203,302,1505,0.10979228575887089
1193,305,1498,0.10975800649394594
1210,307,1517,0.1097498226151634
1211,303,1514,0.10970478358183666
1207,310,1517,0.1096629143402264
1204,312,1516,0.10963305250870832
1202,307,1509,0.10961157164898197
1196,307,1503,0.10959627262425255
1186,311,1497,0.10959643030808372
1194,308,1502,0.10961883517788083
1190,308,1498,0.10962278078134137
1185,310,1495,0.10963397840099287
1194,312,1506,0.10965604726483949
1182,314,1496,0.10965624191395092
1179,315,1494,0.1096812699004292
1178,307,1485,0.10971065816712346
1168,310,1478,0.10974023762595099
1177,312,1489,0.10978835638973575
1179,311,1490,0.10981432962332231
1198,313,1511,0.10983227092782429
1199,320,1519,0.10980761635961125
1186,322,1508,0.1097827527980276
1191,321,1512,0.1097899474853568
1190,315,1505,0.10978536543511852
1179,314,1493,0.10978319788308806
1157,318,1475,0.10980696229473004
1164,318,1482,0.10987657915826578
1158,317,1475,0.10992521265059012
1167,320,1487,0.10998248881904439
1168,325,1493,0.11001705083971426
1173,326,1499,0.11004728211279864
1179,327,1506,0.11006501329841752
1182,327,1509,0.11006787838752789
1181,328,1509,0.11006589491913353
1167,323,1490,0.11006622628883939
1178,325,1503,0.11009856914741833
1176,324,1500,0.11010540936906014
1180,327,1507,0.11011491458354122
1184,334,1518,0.11011308389930634
1175,327,1502,0.11010258110282123
1180,330,1510,0.11011309765815776
1189,331,1520,0.11011244313371352
1166,334,1500,0.11009299688109221
1153,333,1486,0.11012524087763217
1148,333,1481,0.11018329872156034
1161,327,1488,0.11024578225411803
1163,326,1489,0.11027499057158931
1153,332,1485,0.11029856864771617
1152,336,1488,0.11034183580859377
1147,338,1485,0.11038508901785708
1141,341,1482,0.11043614344096696
1148,337,1485,0.11049563968793748
1148,341,1489,0.11053653684167247
1161,343,1504,0.11057322583436764
1142,341,1483,0.11057770185712687
1150,343,1493,0.11062691299050652
1155,341,1496,0.110654061005411
1148,339,1487,0.11066799550460232
1137,340,1477,0.11069841717840291
1139,345,1484,0.1107509794721075
1148,340,1488,0.11079416658611514
1138,346,1484,0.11081452473205985
1155,344,1499,0.11085560001648345
1164,342,1506,0.1108546761155099
1171,345,1516,0.11083428151910779
1170,345,1515,0.11080097669962012
1170,338,1508,0.11077274281750758
1163,335,1498,0.11074746937078903
1149,340,1489,0.110740458230035
1146,339,1485,0.11076426989340468
1139,344,1483,0.11079189538909678
1137,342,1479,0.11083288290567048
1145,333,1478,0.11087595077173543
1134,333,1467,0.11089927427950035
1130,337,1467,0.11094533660038014
1144,341,1485,0.11099706245213045
1129,342,1471,0.11101365645433933
1140,345,1485,0.11106142998908969
1140,349,1489,0.11108207204986431
1163,348,1511,0.11110065862991376
1147,344,1491,0.11106712032834876
1147,346,1493,0.11107235388670052
1142,347,1489,0.11107756892143542
1152,346,1498,0.11109513871666518
1152,349,1501,0.11108864528333832
1142,345,1487,0.11108337969097079
1132,349,1481,0.11110241889781455
1149,351,1500,0.11114191451811427
1145,350,1495,0.11114118590700862
1147,349,1496,0.11115031667886982
1136,356,1492,0.11115414741192932
1142,362,1504,0.11118251868993444
1145,363,1508,0.11119597790390999
1152,360,1512,0.11120140423485372
1138,356,1494,0.11119060008191278
1137,354,1491,0.111210976926479
1142,352,1494,0.11123231772609725
1148,353,1501,0.11124120761789921
1145,351,1496,0.11123767774084715
1134,354,1488,0.11124102001172273
1132,356,1488,0.11126901507991757
1141,349,1490,0.1112993707281824
1146,348,1494,0.11130652302368745
1139,349,1488,0.1113027739043914
1138,347,1485,0.1113152125199462
1139,355,1494,0.1113280795552533
1133,355,1488,0.11133691405356118
1126,355,1481,0.1113583231712686
1121,363,1484,0.11139259571702428
1126,360,1486,0.11143470677380826
1121,355,1476,0.11146359694097024
1129,357,1486,0.11150208245326132
1137,361,1498,0.11151910394042343
1132,361,1493,0.11151754817335974
1141,362,1503,0.111526577463381
1141,356,1497,0.11151509895470929
1157,352,1509,0.11150335917772779
1149,351,1500,0.11145843298295119
1151,349,1500,0.11143582466630426
1160,349,1509,0.11141107241431991
1155,347,1502,0.11136953853917789
1156,341,1497,0.1113423468567288
1157,342,1499,0.11131415630273436
1149,347,1496,0.11128707483687837
1153,350,1503,0.11127897235428169
1150,352,1502,0.1112605095144543
1152,358,1510,0.11124954538416926
1153,354,1507,0.11123671839903021
1146,354,1500,0.11122227960388824
1151,353,1504,0.11122428703391424
1161,352,1513,0.11121563478256215
1149,349,1498,0.1111853866917016
1151,353,1504,0.11118480682538712
1149,351,1500,0.11118069785687532
1150,355,1505,0.11118098445602391
1148,355,1503,0.11117884100116501
1142,356,1498,0.11118259128197373
1129,358,1487,0.1111995692124309
1141,358,1499,0.1112445614513302
1147,356,1503,0.1112582710552137
1148,364,1512,0.11125593752092712
1148,361,1509,0.11124974713342928
1144,363,1507,0.11124569863039588
1145,364,1509,0.11125014706068576
1133,365,1498,0.11125331046665478
1133,370,1503,0.11128254610905568
1142,367,1509,0.11131001426884572
1142,373,1515,0.11131575589316761
1136,365,1501,0.11132198703239911
1136,359,1495,0.11134037253190433
1134,362,1496,0.1113573934093272
1139,360,1499,0.11137797812413645
1141,364,1505,0.11138626240495564
1136,364,1500,0.11138883895951551
1132,363,1495,0.1114029268449649
1127,367,1494,0.11142428878654048
1136,367,1503,0.11145492537164951
1125,373,1498,0.11146606196332849
1118,376,1494,0.11150063586449875
1128,373,1501,0.11154769439248448
1131,373,1504,0.111570882287185
1136,372,1508,0.11158630050644763
1138,369,1507,0.11159037735809531
1135,376,1511,0.11159025893623699
1124,378,1502,0.11159838636344482
1115,378,1493,0.11162961902142314
1114,375,1489,0.11167886508911025
1108,377,1485,0.11172632152655701
1119,383,1502,0.1117825022104328
1116,389,1505,0.1118108630136257
1118,389,1507,0.11184410216933566
1112,382,1494,0.11187074368180902
1122,384,1506,0.11190851482280664
1122,379,1501,0.1119200120989073
1109,383,1492,0.11193068269894792
1107,387,1494,0.11196909956706193
1112,387,1499,0.11200967722914643
1093,389,1482,0.11203685050822126
1110,393,1503,0.11210353643625062
1114,390,1504,0.11212634751080795
1113,386,1499,0.11213976916314593
1107,390,1497,0.1121538134467403
1108,395,1503,0.1121824129245703
1100,394,1494,0.1122069941245591
1108,390,1498,0.11224665541309674
1120,392,1512,0.11226406472359728
1120,385,1505,0.11225488921308284
1122,389,1511,0.11224635388801854
1110,387,1497,0.11223482182671285
1107,391,1498,0.11225012929796799
1103,396,1499,0.11227077135307958
1110,393,1503,0.11229734230495658
1116,381,1497,0.11230611418601312
1113,390,1503,0.1123018134046294
1111,389,1500,0.11230364765111918
1110,390,1500,0.11230974625159768
1116,389,1505,0.1123180004488698
1114,393,1507,0.11231152480645779
1115,394,1509,0.11231181893407992
1105,390,1495,0.11230989272654635
1094,394,1488,0.1123297557751166
1096,389,1485,0.11237139010993272
1093,388,1481,0.11240415950759441
1096,391,1487,0.11244357469779008
1096,395,1491,0.11247392150502074
1098,394,1492,0.11250076697460624
1115,393,1508,0.11252140115198564
1101,398,1499,0.11250285973291911
1100,394,1494,0.11251671930213324
1100,393,1493,0.11253262593215183
1094,385,1479,0.11254761008331297
1107,394,1501,0.11257492782549841
1111,400,1511,0.11257078175795393
1110,403,1513,0.11255892149207454
1113,407,1520,0.11255113566252822
1105,403,1508,0.1125382995521928
1109,398,1507,0.11254372967712259
1097,399,1496,0.11253998137413213
1098,405,1503,0.11256413270678671
1096,409,1505,0.11258369254236587
1089,407,1496,0.11260756422855402
1096,403,1499,0.11264433536590172
1109,413,1522,0.11266186202110623
1104,409,1513,0.11265151345157796
1091,414,1505,0.11265365498526471
1097,421,1518,0.11268533752604128
1077,416,1493,0.1127021865908462
1078,420,1498,0.11276575764802094
1067,426,1493,0.11282280874770631
1075,424,1499,0.11290033902225112
1070,422,1492,0.11295274191541713
1076,426,1502,0.11301415589020757
1078,427,1505,0.11305589734553674
1077,433,1510,0.11309211846441965
1067,433,1500,0.11312783741270305
1074,429,1503,0.113184997192201
1075,431,1506,0.1132236581949061
1066,430,1496,0.11325823635164545
1057,437,1494,0.11331089569143689
1058,435,1493,0.11337833698220517
1042,438,1480,0.1134375747243488
1048,443,1491,0.11352712954052865
1050,441,1491,0.11359560075074278
1060,442,1502,0.11365554307783882
1062,442,1504,0.11368894271205127
1042,442,1484,0.11371606551496796
1042,448,1490,0.11378692051623257
1039,446,1485,0.11385144287304896
1046,444,1490,0.11391750079005386
1053,439,1492,0.11396396481300508
1045,441,1486,0.11399053178047919
1048,449,1497,0.11403029083057191
1050,442,1492,0.11406133573910647
1036,439,1475,0.11408476013094133
1043,449,1492,0.11413791377539355
1046,442,1488,0.11417163597091715
1044,446,1490,0.11419559979979774
1040,452,1492,0.11422150390513833
1052,446,1498,0.11425438119578171
1051,441,1492,0.11425824278160363
1051,449,1500,0.11426454634802027
1039,457,1496,0.11427006874828066
1039,456,1495,0.11430255532458826
1029,455,1484,0.11433233115064284
1030,454,1484,0.11438122965754743
1035,450,1485,0.11442374698837326
1045,447,1492,0.11445118845018126
1036,446,1482,0.11445451366719855
1043,447,1490,0.1144792001046606
1028,444,1472,0.11448570379334519
1038,451,1489,0.11452451288182339
1053,453,1506,0.11453530341377231
1056,444,1500,0.11451270885012083
1051,442,1493,0.11448505512849995
1057,449,1506,0.11447338879416623
1046,450,1496,0.11444872515681816
1047,449,1496,0.11444947721744392
1044,460,1504,0.11444801989295328
1042,465,1507,0.11445425421192901
1045,462,1507,0.11446433606106625
1049,456,1505,0.11446711094411124
1050,459,1509,0.11446076881228283
1045,459,1504,0.11445327782165123
1047,464,1511,0.1144588679274566
1055,461,1516,0.1144618000577839
1048,460,1508,0.11444671711389688
1042,460,1502,0.11444909761244063
1029,461,1490,0.11446562716385751
1030,458,1488,0.1145105210267711
1016,459,1475,0.11454846693654734
1024,456,1480,0.11461218237900886
1025,457,1482,0.11465245893668605
1026,462,1488,0.11468883413301707
1021,455,1476,0.11472036961483784
1031,460,1491,0.11475970800562639
1032,472,1504,0.11477367965646085
1037,472,1509,0.11478433812404046
1027,466,1493,0.11478314554267727
1025,471,1496,0.11480664581739548
1031,473,1504,0.11483235012756708
1030,468,1498,0.11484442585986027
1023,471,1494,0.11485758710383066
1023,474,1497,0.11488521519548132
1027,475,1502,0.1149110909390528
1015,476,1491,0.11492593489538093
1021,485,1506,0.11496838516851177
1029,482,1511,0.11499415627431782
1028,486,1514,0.11499931801670375
1031,481,1512,0.11500643067911348
1020,481,1501,0.11500706011439905
1017,478,1495,0.11503068149780933
1026,477,1503,0.11505852772241276
1020,483,1503,0.11506458269487924
1028,479,1507,0.11508253824753747
1031,472,1503,0.11508206373269367
1030,470,1500,0.11507434385770654
1019,475,1494,0.11507169785365866
1019,476,1495,0.11509580731557172
1009,471,1480,0.11511787352322436
1022,476,1498,0.11516169246483479
1030,477,1507,0.11517263392883152
1021,470,1491,0.11516488275404396
1011,474,1485,0.11517689394010193
1017,471,1488,0.11521036320009355
1010,475,1485,0.11522889399255774
1002,483,1485,0.11526256084411822
1022,485,1507,0.11531189091580667
1022,481,1503,0.1153121664684429
1015,478,1493,0.11531308808547949
1016,489,1505,0.11533014311202364
1011,490,1501,0.11534537476169572
1009,490,1499,0.11536930637378276
1011,486,1497,0.11539602340243245
1003,492,1495,0.11541660596439783
1000,487,1487,0.11545442852153855
1010,486,1496,0.11549598987120056
1002,489,1491,0.11551370629987662
998,485,1483,0.11554869317016667
1001,488,1489,0.11558892743466379
1009,488,1497,0.1156193524776927
1008,488,1496,0.1156290962657631
994,482,1476,0.1156413495395557
993,491,1484,0.11568563537654501
1002,485,1487,0.11572850074900408
1008,488,1496,0.11574846028059418
1006,490,1496,0.11575170897818542
1002,491,1493,0.11575993360005561
1007,491,1498,0.11577728538536412
1019,494,1513,0.11578298390400299
1017,488,1505,0.11576272172160706
1011,489,1500,0.11575000758187447
1010,483,1493,0.11575175176033942
1013,494,1507,0.1157550459626071
1014,495,1509,0.11575044672374667
1006,486,1492,0.11574430465915629
1007,494,1501,0.11575666355953274
1012,498,1510,0.11576698980167341
1004,496,1500,0.1157635811016262
1008,493,1501,0.11577943528762137
1009,492,1501,0.11578545005979461
1009,487,1496,0.11578689635891928
1008,487,1495,0.11578910604690094
1015,496,1511,0.11579264078675756
1018,498,1516,0.11577858524369931
1017,503,1520,0.11575935922799854
1005,501,1506,0.11574567949398666
998,505,1503,0.11575946130901894
1003,502,1505,0.11578907646395763
994,497,1491,0.1158027078327936
989,499,1488,0.11583544223727175
984,497,1481,0.11587657173198604
1000,499,1499,0.11592552598230148
1001,497,1498,0.11593452549415599
993,504,1497,0.1159406885959568
987,497,1484,0.11596553323489321
985,499,1484,0.11600157120435255
994,492,1486,0.11603881535939127
994,494,1488,0.11605308636906558
987,494,1481,0.11606541458186477
991,494,1485,0.11609442266252593
1000,496,1496,0.11611197276950332
1003,502,1505,0.11610887642403994
997,505,1502,0.11609818341014509
1002,507,1509,0.11610295844164878
999,507,1506,0.11609702312001659
990,512,1502,0.11609820384464145
986,508,1494,0.11612130626026966
989,509,1498,0.11615218608353053
987,512,1499,0.11617336322413002
996,522,1518,0.11619658129120143
981,516,1497,0.11620020571714454
987,507,1494,0.11623806752165201
983,513,1496,0.11625969753240889
980,516,1496,0.1162877615792722
981,522,1503,0.11632245929629136
991,518,1509,0.11635413159991433
982,510,1492,0.11636052681959402
982,515,1497,0.11638611842200826
989,510,1499,0.11640989623407533
977,512,1489,0.11641542668272216
980,513,1493,0.1164488749875875
980,521,1501,0.11647515399539349
988,520,1508,0.11650002484037632
989,521,1510,0.11650514816084737
991,527,1518,0.11650737701918178
967,523,1490,0.11650691650617911
958,525,1483,0.11656175952000637
960,531,1491,0.1166313399839077
957,539,1496,0.11668991496050601
968,535,1503,0.11675281170560696
962,538,1500,0.11678692354262964
966,540,1506,0.11683214569551166
968,539,1507,0.11686521967736976
972,535,1507,0.1168925762820924
965,538,1503,0.11691087569380489
956,539,1495,0.11694262459032652
961,539,1500,0.11699047075197683
976,543,1519,0.11702415565077942
965,539,1504,0.11702299717860537
959,544,1503,0.11704713182821162
959,541,1500,0.11708325946289364
966,542,1508,0.11711710987118971
957,544,1501,0.11713228251935953
947,541,1488,0.11716602558558006
951,544,1495,0.11722232344455912
962,545,1507,0.11726551251101675
956,543,1499,0.11728060387488864
960,547,1507,0.1173065685391185
969,538,1507,0.11732084790043869
971,525,1496,0.11731379737604733
955,534,1489,0.11730351289685714
959,539,1498,0.11732987829996439
969,545,1514,0.1173430929664979
947,548,1495,0.11733173454949598
950,552,1502,0.11737327818544496
945,552,1497,0.11740421838931912
947,549,1496,0.11744435476361048
958,548,1506,0.11747585423211226
956,548,1504,0.11747915080550325
951,548,1499,0.11748648700051828
942,549,1491,0.11750455770133708
947,551,1498,0.11754195720706669
949,551,1500,0.11756762961368974
952,546,1498,0.11758687054295087
950,552,1502,0.11759796528957586
949,548,1497,0.11761019405568718
942,554,1496,0.11762532758555622
952,555,1507,0.11765534005870756
946,551,1497,0.11765970144905408
946,550,1496,0.11767788960234193
959,550,1509,0.11769404347913676
964,550,1514,0.11768016795640335
954,552,1506,0.11765418083304015
955,543,1498,0.11765169256369448
942,544,1486,0.11764825082509828
947,544,1491,0.11767606920551207
945,545,1490,0.11769017402665526
950,547,1497,0.11770810654273682
949,551,1500,0.11771340827274836
947,551,1498,0.11772109989903871
947,554,1501,0.11773401546805141
953,553,1506,0.11774543024947974
942,557,1499,0.11774242591514751
944,563,1507,0.11776430771737978
942,562,1504,0.11778173651610359
936,566,1502,0.11780372876355273
942,561,1503,0.11783732087789317
940,565,1505,0.11785508336671613
939,569,1508,0.11787660002467862
940,568,1508,0.11789790820807873
940,573,1513,0.11791679888734329
938,567,1505,0.11793415822309473
932,568,1500,0.1179532840337181
927,573,1500,0.11798414927508592
935,570,1505,0.11802400986611111
939,573,1512,0.11804301143313861
937,565,1502,0.11805118472246569
939,562,1501,0.11806408694918304
936,570,1506,0.11807053645007146
924,577,1501,0.11808566870623263
916,570,1486,0.11812651607512258
921,571,1492,0.11818247627073156
932,583,1515,0.11822366457060449
939,583,1522,0.1182360006086817
939,574,1513,0.11823044081668162
928,577,1505,0.11822718538966347
923,580,1503,0.11824969960542787
925,588,1513,0.11828317967795343
916,587,1503,0.11831024181941636
918,588,1506,0.11835390388347404
925,577,1502,0.11838926591303281
927,580,1507,0.1184059108619517
934,581,1515,0.11841720672023325
938,579,1517,0.11841226094919928
933,577,1510,0.11839996436928601
934,579,1513,0.11840023059535269
918,574,1492,0.11839897853116021
911,580,1491,0.11843541904629692
910,577,1487,0.11848412366106324
921,571,1492,0.11853146178393832
924,560,1484,0.11854974926944901
920,572,1492,0.11855943137450257
923,572,1495,0.118576863758973
921,563,1484,0.11858466314466692
923,566,1489,0.1185941996826121
927,569,1496,0.11859869553460133
932,576,1508,0.1185939945127668
940,575,1515,0.11857957694059504
925,575,1500,0.1185477817529329
937,570,1507,0.11855248753336096
945,562,1507,0.11852974969029002
945,567,1512,0.11848873675947619
945,568,1513,0.11845129877102238
947,577,1524,0.11841688171205486
959,569,1528,0.11838175451060025
944,573,1517,0.11832244478205535
944,564,1508,0.11830153538535644
950,572,1522,0.1182821387275382
948,572,1520,0.11824793770351251
941,566,1507,0.11822203320858854
935,567,1502,0.11821492303475498
952,567,1519,0.11822048013199925
943,565,1508,0.1181864600244953
945,562,1507,0.11817674739785641
949,564,1513,0.11816387097415677
941,566,1507,0.11814360097826969
947,565,1512,0.11814236592684665
947,563,1510,0.11812751005028872
937,562,1499,0.11811432465300328
945,565,1510,0.11812469153914018
942,563,1505,0.11811593268964099
944,572,1516,0.11811498409477743
946,575,1521,0.11810775159738936
952,576,1528,0.11809708090037606
959,570,1529,0.11807333837993766
959,563,1522,0.11803664529321779
949,576,1525,0.11800371343492905
946,578,1524,0.11799652174243429
952,577,1529,0.11799730877052889
958,575,1533,0.11798388774717339
950,565,1515,0.11795819117040157
945,569,1514,0.11795397950644457
945,565,1510,0.11796052012190147
944,568,1512,0.11796676876316284
941,564,1505,0.11797513373807458
940,566,1506,0.11798974642840382
933,570,1503,0.11800456362794172
932,575,1507,0.11803282905729029
929,575,1504,0.1180614376247464
934,576,1510,0.11809547355419163
934,581,1515,0.11811628024184544
922,572,1494,0.11813626519432041
907,579,1486,0.1181811853793105
922,585,1507,0.1182571579677325
922,581,1503,0.11829294743933272
934,576,1510,0.11832608093627982
941,580,1521,0.11832957852431335
935,572,1507,0.11831726573637677
933,574,1507,0.11831865018235385
935,566,1501,0.11832534317676567
942,573,1515,0.11832638705688577
930,573,1503,0.11831283465179933
929,572,1501,0.11832743024768874
927,578,1505,0.11834358099613848
926,586,1512,0.11836357700907392
925,575,1500,0.11838607038464306
931,573,1504,0.11840907022420936
917,573,1490,0.11841559630632716
910,575,1485,0.11845474307293939
908,587,1495,0.11850798383847655
915,589,1504,0.11856328326804057
920,579,1499,0.11859858578001983
916,581,1497,0.11862012810100804
923,589,1512,0.1186492136687081
922,597,1519,0.118659157623008
915,584,1499,0.11867037799420002
908,585,1493,0.11869744538452888
920,590,1510,0.11873981347969396
923,587,1510,0.11875167854338507
917,592,1509,0.11875593227100671
910,590,1500,0.1187726038096903
913,589,1502,0.11880411419742881
917,588,1505,0.11882701462749777
918,589,1507,0.11883901331179975
928,591,1519,0.1188471582588757
921,589,1510,0.11883210068667358
907,590,1497,0.11883500580732888
910,588,1498,0.118868682047211
906,584,1490,0.11889226244184528
910,581,1491,0.11892223921707883
916,581,1497,0.11893999061108027
917,586,1503,0.11894195142863394
913,585,1498,0.11894057711663802
915,583,1498,0.11894818823486877
923,582,1505,0.11895094382339154
914,592,1506,0.11893683603469221
928,597,1525,0.11894294925279152
940,602,1542,0.11891807270862635
928,594,1522,0.11886689658362315
919,597,1516,0.11884918233379135
914,592,1506,0.11885205730612829
911,588,1499,0.1188659657331974
915,590,1505,0.11888676581425153
918,589,1507,0.11889749135912929
903,595,1498,0.11890081476085382
890,589,1479,0.11893764453222844
899,586,1485,0.11900108514227004
903,595,1498,0.11903847046379351
914,589,1503,0.11906417379839801
914,589,1503,0.11906106670460012
917,590,1507,0.11905764829197787
917,589,1506,0.11904741260380877
917,587,1504,0.11903908385927377
927,587,1514,0.1190314759838681
926,595,1521,0.1190015685110454
930,586,1516,0.11897801923419021
931,589,1520,0.11894784174870118
916,594,1510,0.11891909652087755
915,597,1512,0.1189279178272861
915,602,1517,0.11893839170447591
914,599,1513,0.11894787014066054
919,595,1514,0.11896133454073554
917,601,1518,0.11896219256459963
913,602,1515,0.11896743942965146
912,596,1508,0.11898225802004367
908,595,1503,0.11899691990110169
899,594,1493,0.11901889512677283
897,585,1482,0.11905822621368575
903,595,1498,0.11910079405873807
900,587,1487,0.11912706989910739
895,594,1489,0.11915820604683308
900,590,1490,0.11919903456627874
900,592,1492,0.11922556404604859
896,593,1489,0.11925044693034945
900,593,1493,0.11928277213467603
906,596,1502,0.11930315925389362
895,599,1494,0.11930978084084465
887,601,1488,0.11934138922942111
890,601,1491,0.11938746463619822
888,609,1497,0.11942564590658172
892,612,1504,0.11946506318736577
894,623,1517,0.11949194730517743
887,610,1497,0.11951177410345633
883,612,1495,0.11954573915835966
883,614,1497,0.11958817663983518
885,615,1500,0.11962761297579502
879,618,1497,0.11965993387320256
889,612,1501,0.11970354566323387
893,612,1505,0.11972008728993032
888,611,1499,0.11972579021899799
881,616,1497,0.11974271721761941
894,610,1504,0.1197727997051134
887,610,1497,0.11977211259853676
888,618,1506,0.11978706208818593
889,619,1508,0.11979917526786366
895,613,1508,0.11980867620101446
899,616,1515,0.11980333791781089
900,618,1518,0.11978947641929183
892,613,1505,0.11977456027200889
897,611,1508,0.11977949844062373
897,608,1505,0.11977142874345717
902,608,1510,0.11976303477537062
895,607,1502,0.11974494829842491
893,605,1498,0.11974246320511822
898,607,1505,0.11974526910321248
888,605,1493,0.11973690612479454
885,608,1493,0.11975215537539668
886,607,1493,0.11977325846696367
882,601,1483,0.11979175190312194
878,607,1485,0.11981703309477769
875,601,1476,0.1198481480704768
883,606,1489,0.11988395150652416
889,608,1497,0.11989899927075374
880,611,1491,0.11989911048617655
886,620,1506,0.11992105042805949
902,620,1522,0.11992661781491913
897,617,1514,0.11989558387999744
894,616,1510,0.11987767242799151
888,615,1503,0.11986662188526458
886,612,1498,0.11986989954633152
887,611,1498,0.11987807426781413
897,617,1514,0.11988295915595831
896,618,1514,0.11986455108696
883,625,1508,0.11985186397239116
885,619,1504,0.11986810153691142
881,618,1499,0.11988006488158386
875,614,1489,0.11989963059901765
877,612,1489,0.11993281407582151
880,630,1510,0.11995831912132111
884,623,1507,0.1199775920610104
879,627,1506,0.11998666573261257
869,626,1495,0.1200074157961621
868,623,1491,0.12005055406786944
885,626,1511,0.1200931331724909
879,633,1512,0.12009282669746682
868,641,1509,0.12010634119799153
873,638,1511,0.12014581311354164
877,638,1515,0.12017213217979272
878,634,1512,0.1201853598355002
872,625,1497,0.12019475457327083
877,629,1506,0.12021771716891745
871,631,1502,0.12022583847121794
861,633,1494,0.12024840528309653
858,637,1495,0.12029331220165602
866,634,1500,0.12033992494926345
872,621,1493,0.12036464597778262
882,631,1513,0.1203723291419039
874,631,1505,0.12035489135932627
873,628,1501,0.12035812522222106
873,631,1504,0.1203634818090586
872,627,1499,0.12037038103813683
872,619,1491,0.12037715079190353
876,624,1500,0.12038357637188192
871,618,1489,0.12037979410838813
877,626,1503,0.12038868626018118
874,614,1488,0.12038121614608295
878,621,1499,0.1203804334242901
875,625,1500,0.12037013943747268
884,627,1511,0.1203693518822762
869,628,1497,0.1203495838503143
866,635,1501,0.12036655748223542
867,628,1495,0.12038933310667138
863,630,1493,0.12040845970802333
865,634,1499,0.12043479649868452
875,629,1504,0.1204544010859334
869,632,1501,0.12044975795701607
871,640,1511,0.12046083543306242
877,654,1531,0.12046451972157662
873,654,1527,0.12045479980956122
847,642,1489,0.12045669159372623
852,646,1498,0.12051807809384947
851,644,1495,0.12056345033661325
857,645,1502,0.12060925638110291
854,645,1499,0.12063809077540831
855,648,1503,0.12067351482458288
862,639,1501,0.12070320104105313
860,652,1512,0.12071604724207048
855,646,1501,0.12073346736043883
855,654,1509,0.1207616450801719
855,653,1508,0.12078667307267427
842,653,1495,0.1208112055804531
837,651,1488,0.12086330975523467
832,661,1493,0.12092290735488166
826,673,1499,0.12098870789885638
833,669,1502,0.121063505767044
834,661,1495,0.12111592821414625
831,659,1490,0.12116344382629576
839,652,1491,0.1212122951331946
847,646,1493,0.12123980281449732
847,650,1497,0.12124716576705946
846,661,1507,0.12125306490030446
846,655,1501,0.1212632888200957
840,647,1487,0.12127228710234217
842,657,1499,0.12129587660144273
836,655,1491,0.12131229324377536
826,657,1483,0.12134071500307377
834,656,1490,0.12138830329090233
839,653,1492,0.1214157825854154
851,666,1517,0.1214309317415976
842,661,1503,0.12141827615897842
849,667,1516,0.12142792121591299
837,677,1514,0.12141963738790466
842,669,1511,0.12144085651152053
846,666,1512,0.12144828310931625
845,669,1514,0.12144656323918653
844,678,1522,0.12144745522203021
844,674,1518,0.12144875691349663
852,674,1526,0.12144940302660508
857,672,1529,0.12143364823724806
849,661,1510,0.12140631459837749
856,655,1511,0.12140041259253083
843,658,1501,0.12137837228244468
847,661,1508,0.12138789249258494
850,668,1518,0.12138985341152082
845,668,1513,0.12138491293685112
858,663,1521,0.12139242323139063
854,659,1513,0.12136878148723015
843,659,1502,0.12135657897658927
840,658,1498,0.1213707562564958
845,665,1510,0.12139157275472964
836,665,1501,0.12139905969069664
841,666,1507,0.1214274331231312
842,663,1505,0.12144108774230107
848,665,1513,0.12144967809388703
832,672,1504,0.12144589600445026
829,671,1500,0.12148007260328014
833,669,1502,0.12151845122335296
839,667,1506,0.12154400710779732
830,659,1489,0.12155334943144801
827,661,1488,0.12158299961294375
833,664,1497,0.12161668272090743
830,669,1499,0.12163579814068516
830,662,1492,0.12165866400813591
832,666,1498,0.12167900570259245
833,665,1498,0.12169197263654201
834,666,1500,0.12169970302296754
836,661,1497,0.1217054412655914
846,659,1505,0.12170621158393163
839,659,1498,0.12168322582584146
840,658,1498,0.1216777014501153
839,652,1491,0.1216709892476156
830,665,1495,0.12166791339055458
832,670,1502,0.12168453154170006
830,672,1502,0.12169519798104603
832,667,1499,0.12171028700738966
828,662,1490,0.12172084741971859
842,662,1504,0.12173779035932793
833,670,1503,0.12172115271470707
832,660,1492,0.12172812457830424
824,661,1485,0.12173618227659766
817,659,1476,0.12176212537091789
818,661,1479,0.12180191728893337
818,663,1481,0.12183667626363757
825,672,1497,0.12186944018884177
830,676,1506,0.12188391052490836
829,670,1499,0.1218854326233605
823,673,1496,0.12188714380759552
824,672,1496,0.12190339317423027
835,668,1503,0.12191643231066798
823,673,1496,0.12190431145537559
840,670,1510,0.12192065374877163
832,678,1510,0.12189732870234611
825,692,1517,0.12189355360333497
820,683,1503,0.1219050680475294
810,684,1494,0.12192712357325877
807,681,1488,0.1219703376238437
805,682,1487,0.12201880107669841
811,686,1497,0.12206651452279627
815,691,1506,0.12209618695852305
815,689,1504,0.12211354335417748
822,682,1504,0.12212976820372823
815,683,1498,0.12212704519633082
826,685,1511,0.12214062865201945
819,682,1501,0.12212643514872333
812,682,1494,0.1221304885700993
824,676,1500,0.12214966213560671
829,670,1499,0.12214081152097314
828,682,1510,0.1221203526652125
824,681,1505,0.1221034106920688
832,679,1511,0.12209759480789352
831,686,1517,0.12207307533271237
823,689,1512,0.1220531609165317
821,682,1503,0.12205318019670766
822,681,1503,0.12205964932382095
819,689,1508,0.12206249381149334
818,692,1510,0.1220729240095616
814,686,1500,0.12208678562350346
817,686,1503,0.12210951979862297
812,686,1498,0.12212364371837328
808,680,1488,0.1221486874990223
814,683,1497,0.12218213822482758
808,683,1491,0.12219955595238259
811,685,1496,0.12222750438674723
803,680,1483,0.12224502790721864
801,696,1497,0.12228016440452313
805,697,1502,0.12231718135307089
801,689,1490,0.12234178052805815
802,688,1490,0.12237369802737832
804,691,1495,0.12240019407510835
810,694,1504,0.1224187725145394
806,692,1498,0.12242318267374824
802,694,1496,0.12243692093055206
809,692,1501,0.12245965029070781
803,694,1497,0.12246406664415858
803,707,1510,0.12248278127500026
802,705,1507,0.1224993297617377
802,702,1504,0.12251877822069958
802,700,1502,0.1225375827693701
797,696,1493,0.12255560630767738
794,710,1504,0.12258589409503041
795,711,1506,0.12262184603736907
794,719,1513,0.1226524245007251
795,720,1515,0.12268375681755377
798,712,1510,0.12271036493708792
794,715,1509,0.12272881507933128
795,709,1504,0.12275644835756683
795,719,1514,0.12277883662104376
784,723,1507,0.12280166496622862
786,703,1489,0.12284775391629975
786,706,1492,0.12288625007344972
788,708,1496,0.12292180756915054
801,701,1502,0.12294824891539624
798,706,1504,0.12294201975517347
809,704,1513,0.12294336925446789
800,714,1514,0.12291962552006577
794,716,1510,0.12291801088734366
777,718,1495,0.12293163069524826
786,715,1501,0.12298114179672438
788,712,1500,0.12300767657791485
796,710,1506,0.1230285301487156
789,716,1505,0.12302912675548291
785,720,1505,0.12304416133387779
778,717,1495,0.12306820320969497
770,719,1489,0.12310491189670016
775,717,1492,0.12315937252301457
773,728,1501,0.12319975506390587
771,721,1492,0.12324495408972382
771,725,1496,0.12329007298906985
773,713,1486,0.12333308176253872
780,722,1502,0.123368418716659
768,723,1491,0.12338535680500476
766,737,1503,0.12342972534148804
769,739,1508,0.12347515043691218
773,733,1506,0.12350867876637178
774,733,1507,0.1235310054530374
766,737,1503,0.12354928743531547
773,740,1513,0.1235848875790986
763,741,1504,0.12360154267443878
777,736,1513,0.12364182920232804
775,736,1511,0.12364606035466061
774,733,1507,0.12365720435148363
772,733,1505,0.12367072220947165
774,735,1509,0.12368615411883986
787,739,1526,0.12369586220617407
772,732,1504,0.12367476659223868
775,725,1500,0.12369211211544233
775,736,1511,0.12370116655740705
772,740,1512,0.12370909250448996
770,733,1503,0.12372525119204739
773,740,1513,0.1237448654693803
769,738,1507,0.12375604858799637
771,739,1510,0.12377580729165853
771,742,1513,0.12378967159107673
765,737,1502,0.12380439931782536
765,739,1504,0.12383293063324045
770,740,1510,0.12385727934196104
764,739,1503,0.12386829404070568
759,739,1498,0.1238947240283578
758,736,1494,0.1239301754461359
761,747,1508,0.1239644987741629
762,748,1510,0.12398910183769385
772,752,1524,0.12401244206693328
779,751,1530,0.12401078249282728
768,740,1508,0.12399092815787645
758,735,1493,0.12399983215225158
746,737,1483,0.12403060089285069
750,749,1499,0.12408809698344314
751,746,1497,0.12413271539932941
758,746,1504,0.12417373898705328
760,748,1508,0.12419443159516969
768,753,1521,0.12421008727705814
763,751,1514,0.12420377608664897
769,755,1524,0.12420844311239188
759,746,1505,0.12419945799641866
763,748,1511,0.12421569671407436
760,748,1508,0.12422159165111754
763,746,1509,0.12423351586787439
747,751,1498,0.12423654966821598
752,749,1501,0.12427675978689563
752,753,1505,0.12430216643669648
758,755,1513,0.12432591822804265
756,761,1517,0.12433513286751927
756,764,1520,0.12435026278872022
765,761,1526,0.12436315515615273
772,755,1527,0.12435589848979267
768,755,1523,0.12433368277350923
761,749,1510,0.12432346482425327
759,753,1512,0.12433088660904071
763,752,1515,0.12434235390729946
748,746,1494,0.12434400047045548
747,749,1496,0.12437990557118737
753,743,1496,0.12441326776690347
754,744,1498,0.12442959825412324
758,744,1502,0.12444309343843266
754,744,1498,0.12444681288298572
764,732,1496,0.12445997805890816
762,735,1497,0.12444906603531707
756,738,1494,0.12444467510867316
770,740,1510,0.12445207379752624
767,742,1509,0.12442649076613567
773,750,1523,0.12440990067755994
775,748,1523,0.12438068927379252
757,746,1503,0.12434820413084392
765,741,1506,0.12435989077535269
769,738,1507,0.12435184580533416
772,734,1506,0.12433548082964163
773,741,1514,0.12431403189655214
773,731,1504,0.12429050692812087
771,734,1505,0.12426955477642825
775,741,1516,0.12425407237148509
765,737,1502,0.12423361857854362
765,743,1508,0.12423745545655018
768,735,1503,0.12424169880111688
765,739,1504,0.12423858068406965
764,738,1502,0.12424103861049808
766,730,1496,0.12424751554163181
767,743,1510,0.12425115071866571
760,737,1497,0.12425149979633705
770,739,1509,0.12426920160126427
771,747,1518,0.12426277779004335
772,746,1518,0.12425463565783507
761,750,1511,0.12424480323387228
762,745,1507,0.1242605777948513
764,745,1509,0.124270267550571
755,741,1496,0.12427571948747676
753,736,1489,0.12430281006334423
755,737,1492,0.1243327208024083
756,736,1492,0.12435572575698566
762,738,1500,0.12437466692033869
759,739,1498,0.12437992401915793
758,733,1491,0.12439178934584605
759,740,1499,0.12440416961409745
756,745,1501,0.12441280702016051
759,741,1500,0.12442771653294395
766,746,1512,0.12443588889400208
762,744,1506,0.12442694846290134
764,743,1507,0.12442811739820975
756,747,1503,0.12442419204418328
763,760,1523,0.12443939212375416
763,755,1518,0.12443705294213654
770,758,1528,0.12443525450350379
766,763,1529,0.12441729881180649
761,757,1518,0.12441015809857973
768,764,1532,0.12441497595171189
768,763,1531,0.12440630960779707
767,755,1522,0.12439916290682562
763,756,1519,0.12439404485568524
761,756,1517,0.12439655030432553
754,751,1505,0.12440233794009957
750,765,1515,0.12442235024866907
750,763,1513,0.12444958133368228
746,762,1508,0.12447606581176032
741,765,1506,0.12450977269075565
740,767,1507,0.12455279249493371
748,767,1515,0.12459446290235465
742,763,1505,0.12461626430826493
743,762,1505,0.12465221811314892
744,751,1495,0.1246829017753397
742,756,1498,0.12470564770394932
742,765,1507,0.12473208233657938
743,762,1505,0.12475509134476954
744,761,1505,0.12477418407473738
747,761,1508,0.12478833837234085
744,759,1503,0.12479523836164137
744,772,1516,0.12481033126088002
749,775,1524,0.12482746238642985
747,775,1522,0.12482952447402773
743,774,1517,0.12483574079792441
740,779,1519,0.12485138831997418
740,767,1507,0.12487254180178603
739,770,1509,0.12489310318095354
737,769,1506,0.12491369798323866
732,766,1498,0.1249362303692414
733,764,1497,0.12496968718321615
725,773,1498,0.12499966882066603
721,779,1500,0.12504613313866814
721,790,1511,0.1250998689208677
724,781,1505,0.1251493666909098
727,778,1505,0.12518854255715717
729,785,1514,0.12521813976819376
744,774,1518,0.12524146888143226
735,775,1510,0.12522720419211608
731,771,1502,0.12523490708739116
724,770,1494,0.12525081664586876
724,771,1495,0.1252816564951844
724,773,1497,0.1253111911708056
719,776,1495,0.12533829013667686
721,771,1492,0.12537411968636902
716,770,1486,0.12540284176943226
720,774,1494,0.12543916653929774
726,775,1501,0.12546497228319572
725,774,1499,0.12547391946633446
726,784,1510,0.12548555806540557
719,790,1509,0.1254955439859613
721,784,1505,0.1255221004705618
722,776,1498,0.12554177891965343
718,776,1494,0.1255570597181293
707,779,1486,0.12558182333990917
716,789,1505,0.12562967729632224
714,784,1498,0.12565508147762208
711,771,1482,0.12568317041401642
708,789,1497,0.12571684742214229
712,789,1501,0.1257546267625895
705,797,1502,0.12578029511297015
706,797,1503,0.12582048379298003
708,797,1505,0.125855637238167
697,791,1488,0.12588337414106845
697,796,1493,0.12593357698755991
703,796,1499,0.12597944160919697
702,795,1497,0.12600856395261312
706,801,1507,0.12603892148180015
695,794,1489,0.12605595690551152
696,802,1498,0.12609780642556992
692,802,1494,0.12613175318177589
694,791,1485,0.12617306702731912
702,797,1499,0.12620685183294647
703,796,1499,0.12622126872401934
699,800,1499,0.12623312655576646
706,806,1512,0.1262543907732804
701,810,1511,0.12625905479790447
698,810,1508,0.12627481810675825
703,806,1509,0.12629684140251185
698,800,1498,0.12630662809672646
704,799,1503,0.12632760641050417
709,795,1504,0.12633221988057128
713,796,1509,0.12632623711187063
706,796,1502,0.12631012837569
704,792,1496,0.12631247860777847
708,798,1506,0.1263210306051645
706,798,1504,0.12631988493237742
712,801,1513,0.12632128984416702
702,808,1510,0.12630959523897736
704,804,1508,0.1263209307303418
699,798,1497,0.1263247599998874
700,795,1495,0.12633921173714768
701,803,1504,0.12635160300574738
703,806,1509,0.12636303330564458
693,806,1499,0.1263683116894475
690,800,1490,0.12639749337477596
700,800,1500,0.126431937519275
703,798,1501,0.1264377691782439
713,803,1516,0.1264365431065963
705,803,1508,0.12641111261993274
713,811,1524,0.12640798922741772
700,800,1500,0.12638672947661075
701,796,1497,0.12640054019981117
702,803,1505,0.1264092233227877
698,803,1501,0.12641695886113316
695,807,1502,0.12643402523572636
696,810,1506,0.12645704158222132
692,817,1509,0.1264766790466144
695,817,1512,0.12650417855366794
693,810,1503,0.12652193131455294
696,811,1507,0.12654190831174822
696,810,1506,0.1265539151686184
693,808,1501,0.12656745131589242
698,813,1511,0.1265867384978131
698,807,1505,0.1265921948697597
698,814,1512,0.1265970547154253
697,821,1518,0.1266027535478691
701,816,1517,0.12660881323247086
706,814,1520,0.12660618783466
700,815,1515,0.12659254383414606
703,823,1526,0.1265946598088774
699,821,1520,0.126589885434291
692,821,1513,0.12659625007788894
695,809,1504,0.12662021972705859
695,811,1506,0.12663390164610028
698,815,1513,0.1266463607524211
685,819,1504,0.12665133992170852
684,809,1493,0.12668692485988045
686,809,1495,0.1267206544690363
691,810,1501,0.12674685894729026
694,809,1503,0.12676209754824952
692,810,1502,0.12676971160421358
680,809,1489,0.126782318133457
675,805,1480,0.12682239141127638
681,810,1491,0.1268691706756985
678,822,1500,0.12689756943685057
678,822,1500,0.12693162304258476
694,814,1508,0.1269640720744255
694,811,1505,0.12695680648187097
681,818,1499,0.1269515449552555
674,824,1498,0.126977134219436
673,823,1496,0.12701661281657153
683,812,1495,0.12705620608217721
685,822,1507,0.1270700914073438
682,823,1505,0.12707795533538266
687,823,1510,0.1270943253630485
686,822,1508,0.12709876316170368
683,818,1501,0.12710472336626114
690,813,1503,0.1271184263239552
684,817,1501,0.12711671281071735
686,813,1499,0.12712813890957425
686,825,1511,0.12713450268079213
682,829,1511,0.1271431568427093
681,821,1502,0.12715999192645985
676,820,1496,0.12717784090172304
666,831,1497,0.12720810296675716
668,831,1499,0.12725898862280302
672,824,1496,0.12730026896684496
673,826,1499,0.12732812977407723
676,833,1509,0.1273531447960115
676,831,1507,0.12736784317689598
679,824,1503,0.12738182744783114
684,829,1513,0.12738626767274888
680,837,1517,0.12737737231382518
675,835,1510,0.12737776486350894
682,831,1513,0.127389381659811
686,830,1516,0.1273838059468202
681,824,1505,0.1273707120657435
681,823,1504,0.12737055655573173
679,817,1496,0.12737149414274074
678,816,1494,0.12737754119520348
680,816,1496,0.12738621497749744
678,820,1498,0.12738902439873118
681,824,1505,0.12739492448216994
686,824,1510,0.12739303191587972
684,816,1500,0.1273807321649828
677,828,1505,0.12737611495547654
671,828,1499,0.12738971990709427
663,822,1485,0.1274146072162632
674,814,1488,0.1274547822326465
672,826,1498,0.12746728331965362
679,828,1507,0.12748404712476924
681,844,1525,0.12748456846405368
675,845,1520,0.1274793402147203
674,840,1514,0.12748998949135046
663,840,1503,0.1275028412833092
663,838,1501,0.12754225221174922
657,845,1502,0.12757842916985704
655,841,1496,0.12762561197831335
655,844,1499,0.12767297567152913
660,844,1504,0.1277162240255671
662,842,1504,0.12774614366000617
666,839,1505,0.12776966467992748
660,836,1496,0.12778374871250572
665,844,1509,0.12781157048557062
678,846,1524,0.12782754537291074
671,839,1510,0.12781248580284812
664,844,1508,0.12781452615962918
669,843,1512,0.12783423863910695
671,841,1512,0.12784089735692195
661,841,1502,0.12784421294849996
655,850,1505,0.12786922716872082
653,853,1506,0.12790734556902367
658,847,1505,0.12794712291537366
663,851,1514,0.12797100659084867
666,853,1519,0.12798230680959471
667,858,1525,0.1279869232453579
657,845,1502,0.1279880348600971
669,850,1519,0.12801265327371536
661,850,1511,0.12800872553357676
664,844,1508,0.12802508654148692
664,841,1505,0.1280333212227463
658,846,1504,0.12803980521448244
664,842,1506,0.12805887921340653
665,841,1506,0.12806416644777674
659,843,1502,0.12806619937613736
653,847,1500,0.12808276770432314
648,859,1507,0.12811253159415326
657,860,1517,0.12815213507127987
650,861,1511,0.12817027649555812
643,855,1498,0.1282033315277653
653,853,1506,0.12824971447773723
656,856,1512,0.12826771562202802
658,864,1522,0.12827705322115748
661,856,1517,0.12828081790766283
657,850,1507,0.12827942227141725
663,853,1516,0.12828734465873673
650,857,1507,0.12828139014139453
644,857,1501,0.12830769293480546
647,861,1508,0.12834444248206217
646,862,1508,0.12837124289936855
633,858,1491,0.12839830934294474
642,856,1498,0.12845376229866645
638,867,1505,0.12848594163753377
634,875,1509,0.1285251405345881
639,877,1516,0.12857250285140157
639,879,1518,0.12860470001578048
637,873,1510,0.1286339695400917
642,869,1511,0.12866530619809893
643,869,1512,0.12868325198229524
636,874,1510,0.12869664708248857
642,877,1519,0.1287256797376416
645,876,1521,0.1287405402388516
653,883,1536,0.12874958234518202
652,874,1526,0.1287399472597685
639,867,1506,0.12873399136595076
644,865,1509,0.1287592061168473
637,876,1513,0.12876966270261306
629,880,1509,0.12879662540196823
620,879,1499,0.1288408812865745
611,896,1507,0.1289030677806163
604,891,1495,0.12897965411497753
620,881,1501,0.1290662769644432
623,870,1493,0.12910918590343637
626,889,1515,0.12914084396132142
625,894,1519,0.12916362718402435
621,892,1513,0.12918715866287073
617,880,1497,0.12921931602447068
619,878,1497,0.12925758265957088
631,881,1512,0.1292891765692171
635,880,1515,0.12929007736488698
625,875,1500,0.1292811827537232
623,877,1500,0.1292952495008698
620,880,1500,0.12931281989888194
623,876,1499,0.1293359568812533
620,879,1499,0.12934869618362155
620,881,1501,0.12936983331693616
622,879,1501,0.12939039263808996
620,880,1500,0.1294054811627564
613,880,1493,0.12942460904059006
619,871,1490,0.12945869925581177
630,881,1511,0.12947502926811988
626,882,1508,0.1294651413983396
621,874,1495,0.129465122614847
618,888,1506,0.12947522490730992
618,886,1504,0.12949210090817995
618,888,1506,0.1295061372680549
617,867,1484,0.12952129753502736
627,876,1503,0.12953912162710446
625,876,1501,0.12952853532411993
623,874,1497,0.12952460857168027
619,869,1488,0.12952417598225055
616,876,1492,0.12953547757610737
616,873,1489,0.12955253178109882
617,882,1499,0.1295680493509358
625,887,1512,0.12958125610108748
621,890,1511,0.1295746436300173
627,895,1522,0.12958017528943955
624,891,1515,0.1295706342771007
617,885,1502,0.12956921836087937
614,886,1500,0.12958360381919173
613,886,1499,0.1296040245318923
618,893,1511,0.1296242567109406
611,892,1503,0.12962955454927777
618,887,1505,0.1296493838123765
619,890,1509,0.12964903315764403
624,886,1510,0.1296462300979483
624,884,1508,0.12963245234051518
624,877,1501,0.12962006315334804
625,868,1493,0.12960884028644146
634,868,1502,0.12959741377335385
631,863,1494,0.12956386549941576
629,870,1499,0.12954095420607456
632,873,1505,0.12952381632866256
629,873,1502,0.1294998184638198
635,878,1513,0.1294837733449323
636,877,1513,0.1294540458953647
626,883,1509,0.12942282291409912
624,874,1498,0.1294183022910478
631,875,1506,0.12941994856429673
636,868,1504,0.12940520603406733
630,864,1494,0.1293793848596521
628,864,1492,0.12936944187274277
625,866,1491,0.12936498663352206
627,870,1497,0.1293670480583248
624,869,1493,0.12936371445831932
618,871,1489,0.12936730383552875
623,871,1494,0.12938478280993848
628,877,1505,0.12939094541470653
633,886,1519,0.12938590623859642
633,877,1510,0.12936863644305086
635,875,1510,0.12935254576383792
633,870,1503,0.12933437792142116
628,873,1501,0.12932351421886293
630,866,1496,0.12932747247724571
631,868,1499,0.12932562728758354
632,881,1513,0.12932244695702202
624,869,1493,0.12931692269522718
624,862,1486,0.12933004878082596
620,873,1493,0.12934241539392144
616,884,1500,0.1293637916513975
618,877,1495,0.12939406765492922
620,878,1498,0.1294158307905961
622,868,1490,0.12943010939334193
612,872,1484,0.12943964473165437
626,880,1506,0.12947151813798663
634,873,1507,0.12946922505357722
633,879,1512,0.12944775325991706
630,879,1509,0.12943004033854832
620,880,1500,0.12942112004347342
624,878,1502,0.12943802688242514
625,889,1514,0.1294430216669996
626,880,1506,0.12944540218245051
627,875,1502,0.1294448561572461
629,870,1499,0.12944112162543062
621,880,1501,0.12943370832920892
618,888,1506,0.12944627803766853
616,890,1506,0.1294653231671977
621,891,1512,0.12948821719463888
620,890,1510,0.12949819419228248
624,883,1507,0.1295095302824701
626,886,1512,0.12950866687490936
631,882,1513,0.12950239788057144
629,871,1500,0.1294857579105008
630,874,1504,0.12947515756922615
635,873,1508,0.12946441247136597
632,880,1512,0.1294418060870186
632,879,1511,0.12942719384263573
634,881,1515,0.12941213149859251
622,877,1499,0.12939395601392875
630,884,1514,0.1294058986518669
631,890,1521,0.12939887465791852
642,882,1524,0.12938900579180604
635,879,1514,0.12935361362435363
642,880,1522,0.12933689721813935
638,873,1511,0.12930705612315221
635,874,1509,0.12928844593271538
626,875,1501,0.12927896187508237
624,881,1505,0.12929124297839611
625,877,1502,0.12930760331867386
629,868,1497,0.12932102420555386
625,879,1504,0.1293244603591213
620,883,1503,0.12933716757587393
620,887,1507,0.12935981712479294
624,887,1511,0.12938048582580353
628,892,1520,0.12939261531606333
613,898,1511,0.1293933207944561
618,890,1508,0.12942874464907844
617,892,1509,0.12944971165666097
611,894,1505,0.12947331106519233
614,900,1514,0.1295085510241753
610,898,1508,0.12953423873424466
620,894,1514,0.12956703126866942
614,891,1505,0.129573559768496
615,894,1509,0.12959346125830226
611,895,1506,0.12960837215512558
609,894,1503,0.12963296863851287
610,892,1502,0.12966052780074067
612,892,1504,0.12968299655552315
614,892,1506,0.12969881943521047
617,896,1513,0.12970944361330214
616,897,1513,0.12971246927580315
604,890,1494,0.1297184379413658
600,899,1499,0.12975183076030805
611,903,1514,0.12979260666085138
609,894,1503,0.12980242505582243
610,891,1501,0.12981601265253695
611,894,1505,0.12982696029941354
611,900,1511,0.12983659652011134
610,904,1514,0.12984670583522046
615,900,1515,0.12986023882606584
619,908,1527,0.1298626144819336
607,915,1522,0.1298555464568309
608,900,1508,0.12987778754113236
605,903,1508,0.12989611320085
606,906,1512,0.12992003231020913
600,909,1509,0.12993969390742588
606,911,1517,0.12997262505128945
606,906,1512,0.12998797558063363
603,891,1494,0.13000141412023666
605,903,1508,0.13002196476996633
614,898,1512,0.13003672857076154
610,895,1505,0.13002999793452916
614,899,1513,0.13003457190934065
607,908,1515,0.1300300176258873
603,909,1512,0.1300433475542488
599,906,1505,0.13006605979052221
598,903,1501,0.13009630154151422
599,907,1506,0.13012586209190227
597,904,1501,0.13014980610375418
589,901,1490,0.13017769685852815
586,906,1492,0.13022208220804304
594,906,1500,0.13027041605253886
592,911,1503,0.13029613225306266
593,915,1508,0.13032448799672802
595,912,1507,0.13034771820258798
600,913,1513,0.1303625598103032
600,907,1507,0.13036441801232102
603,909,1512,0.1303659683531836
599,915,1514,0.13035787922697836
596,920,1516,0.1303603356584239
590,914,1504,0.13037071665098465
592,910,1502,0.13039370423728586
598,911,1509,0.1304101592788491
599,908,1507,0.13041320433649908
588,907,1495,0.13041344336471627
583,898,1481,0.13043956072460655
589,903,1492,0.13047561603908928
585,903,1488,0.13049746813825852
581,908,1489,0.13052692860673412
576,918,1494,0.13056260716799806
583,910,1493,0.13060529241634344
590,918,1508,0.13062836043630036
595,931,1526,0.1306369798718181
589,926,1515,0.1306330828762295
599,920,1519,0.13064412472439182
594,914,1508,0.1306308355156295
595,915,1510,0.13063073675378145
600,925,1525,0.13062652807245395
594,925,1519,0.1306112988703276
590,921,1511,0.1306126246027176
593,922,1515,0.13062396323635853
595,920,1515,0.1306270645641731
601,928,1529,0.130623623017861
600,930,1530,0.1306065802369461
593,922,1515,0.13059363938936547
593,924,1517,0.13059861262476624
575,920,1495,0.13060312561841633
572,917,1489,0.13065037337018237
577,924,1501,0.13070249954660362
590,927,1517,0.1307387873945675
584,917,1501,0.13074162455718427
585,920,1505,0.1307582776473176
584,920,1504,0.13077083218208133
588,917,1505,0.13078316885242852
593,928,1521,0.13078361768258964
592,928,1520,0.13077350401208837
587,922,1509,0.13076686098393242
591,919,1510,0.13077033568650698
585,923,1508,0.1307645051665878
584,926,1510,0.13077376300182406
583,927,1510,0.1307845138341249
581,929,1510,0.13079806824581153
578,940,1518,0.13081617074950538
581,939,1520,0.1308383751422185
574,934,1508,0.13085194306502262
581,937,1518,0.13087823632249626
588,951,1539,0.13088636569973583
583,944,1527,0.13088073178698065
584,931,1515,0.13088804068727133
581,932,1513,0.1308921334479268
583,926,1509,0.13090341744086412
581,924,1505,0.13090902160312562
575,930,1505,0.1309187639477905
563,930,1493,0.13094093088653466
566,936,1502,0.1309895781009639
562,934,1496,0.1310282259670398
558,947,1505,0.13107535709098347
575,938,1513,0.13112741080959442
567,940,1507,0.1311353895786889
570,934,1504,0.1311623025116937
565,926,1491,0.13118008108351287
565,934,1499,0.13120770751896768
562,938,1500,0.13123393003313275
562,932,1494,0.1312668581493784
564,931,1495,0.13129833700517743
557,931,1488,0.1313226135074165
563,925,1488,0.13136154302645559
552,929,1481,0.13138315519287655
546,940,1486,0.13142919177151577
559,946,1505,0.13148800644930542
560,938,1498,0.1315099674722767
564,955,1519,0.13152767230798307
566,942,1508,0.1315361885896521
559,946,1505,0.13153865791670086
544,950,1494,0.13155639759183121
538,949,1487,0.13160651976511586
549,940,1489,0.13166649259421154
557,940,1497,0.13169594254152464
558,942,1500,0.13170459496471681
551,945,1496,0.1317110271133489
548,953,1501,0.13173327622891226
548,941,1489,0.13176138194183415
543,941,1484,0.13178912799008047
555,945,1500,0.13182699386311658
559,936,1495,0.1318330100395486
562,944,1506,0.1318299847361663
555,960,1515,0.13181821297868215
563,950,1513,0.1318265473495952
555,955,1510,0.1318153778468311
548,955,1503,0.13182447947182485
552,954,1506,0.13184969856473402
549,947,1496,0.13186311873730727
541,968,1509,0.13188402270614566
542,969,1511,0.13192313173922637
547,967,1514,0.1319573366926086
545,961,1506,0.1319776402428628
543,964,1507,0.13200225368636098
545,959,1504,0.13202954236347414
555,971,1526,0.13205028176845657
548,974,1522,0.13204513286156877
552,967,1519,0.13205652125713446
553,961,1514,0.13205753323393235
559,962,1521,0.132056707540762
559,964,1523,0.1320414390111954
558,965,1523,0.13202902902646346
563,958,1521,0.13201978097879016
559,953,1512,0.13199894159392897
553,946,1499,0.13198931537328412
551,944,1495,0.13199524024064768
553,951,1504,0.13200534089395966
559,940,1499,0.13200986311841387
556,941,1497,0.13199826022942773
554,948,1502,0.13199458683734375
558,945,1503,0.13199481581945632
552,960,1512,0.1319869363299976
547,959,1506,0.13199300375293618
545,962,1507,0.13200990364254195
545,947,1492,0.13202881043818893
548,953,1501,0.1320474750356059
555,962,1517,0.13205840074645248
558,957,1515,0.13205294067811807
553,966,1519,0.1320410070358629
548,958,1506,0.1320420583504692
558,965,1523,0.13205604272826174
556,959,1515,0.13204489094128463
562,962,1524,0.1320386114575359
562,956,1518,0.13201953692875087
557,950,1507,0.13200198332607505
559,935,1494,0.13199735817065217
559,938,1497,0.13198878587556087
563,950,1513,0.13198159467391168
560,958,1518,0.13196608398569665
560,943,1503,0.13195961885060975
557,949,1506,0.13195451470797312
550,954,1504,0.13195744088878938
556,961,1517,0.13197584706569923
551,962,1513,0.13197843172238613
546,969,1515,0.1319922947895137
547,968,1515,0.13201789351075047
543,966,1509,0.1320385181677893
548,958,1506,0.13206688441740208
526,966,1492,0.1320828246938994
528,966,1494,0.1321492610316965
536,963,1499,0.13220583231629618
537,956,1493,0.13224150313303024
538,967,1505,0.1322713703062801
541,967,1508,0.1322961847444814
535,964,1499,0.1323116147467049
540,967,1507,0.13234165345052598
542,970,1512,0.1323570580281071
539,979,1518,0.1323662045562438
539,983,1522,0.13238278080228547
536,982,1518,0.1323978878389289
542,986,1528,0.1324198983422996
536,972,1508,0.13242572395302293
538,966,1504,0.1324442002986922
549,976,1525,0.13245596492938908
536,981,1517,0.13243907376100514
533,980,1513,0.13245582152974048
526,987,1513,0.1324794145946249
521,993,1514,0.13251720103140505
524,981,1505,0.13256438765431272
526,991,1517,0.13260107924401907
532,982,1514,0.1326290238725467
530,978,1508,0.13263965369889832
535,976,1511,0.13265348986618805
531,974,1505,0.13265530962143565
529,971,1500,0.13266630859195988
520,968,1488,0.1326811423026436
524,986,1510,0.1327186000566869
518,987,1505,0.13274443020581575
528,987,1515,0.13278351319136442
534,989,1523,0.13279434079811253
527,990,1517,0.1327907302450936
524,990,1514,0.13280416699508735
531,980,1511,0.1328235381165904
529,977,1506,0.13282546933766376
534,978,1512,0.1328328360662841
532,971,1503,0.13282691956231912
528,985,1513,0.1328266965083236
521,987,1508,0.13283646867709276
522,994,1516,0.13286273949778235
531,988,1519,0.13288429174519295
521,982,1503,0.13288417556325163
522,974,1496,0.13290772541179066
522,994,1516,0.13292801847432034
525,990,1515,0.1329473909527269
522,1012,1534,0.1329576612292508
518,999,1517,0.13297429725410756
511,995,1506,0.13300092032016952
499,998,1497,0.13304137230130977
496,987,1483,0.13310888013732738
493,993,1486,0.13317744233358184
495,980,1475,0.1332472844734085
502,990,1492,0.13330679198264028
500,990,1490,0.13334624569687942
499,991,1490,0.13338766602496327
500,1000,1500,0.1334285184563941
496,1015,1511,0.13346597698232038
496,1004,1500,0.13350972234947836
498,1007,1505,0.1335519514319242
497,1016,1513,0.13358612769281522
494,1012,1506,0.13362233003928592
492,1005,1497,0.13366363601756123
486,1017,1503,0.13370689402982064
487,1019,1506,0.1337614762639046
488,1021,1509,0.13380968892516468
492,1021,1513,0.1338511514215217
490,1016,1506,0.13387984031604613
490,1015,1505,0.13391139340330566
495,1029,1524,0.133942573331072
486,1029,1515,0.1339592597041995
479,1033,1512,0.13399699780008067
483,1031,1514,0.13404901318490978
476,1036,1512,0.13408954284305374
477,1026,1503,0.13414358314227537
483,1028,1511,0.13419014558779616
482,1018,1500,0.13421775395577704
479,1022,1501,0.13424499969061623
482,1011,1493,0.13427872332949986
482,1023,1505,0.13430387949833775
487,1016,1503,0.13432602145701528
491,1026,1517,0.13433477627838922
489,1032,1521,0.13433467807302693
491,1032,1523,0.1343402331446306
482,1032,1514,0.1343407994096918
484,1024,1508,0.13436217491878527
481,1024,1505,0.134376439626654
485,1022,1507,0.13439555140164425
481,1021,1502,0.1344025966619448
479,1025,1504,0.13441777473704752
484,1026,1510,0.13443681216832742
475,1034,1509,0.13444293555406314
467,1043,1510,0.1344699283717459
454,1044,1498,0.13451510773131362
453,1042,1495,0.13458803128821145
456,1037,1493,0.13465750347749553
450,1051,1501,0.13471548242294376
451,1058,1509,0.13478371378335274
454,1054,1508,0.13484432052830755
462,1061,1523,0.13489243382405294
459,1059,1518,0.13491769542586454
457,1056,1513,0.13494857977160915
462,1053,1515,0.13498277994046387
463,1043,1506,0.13500172172833838
465,1038,1503,0.13501812043582434
464,1037,1501,0.13502835887604658
458,1044,1502,0.13504115084780344
462,1050,1512,0.13506851986534382
461,1041,1502,0.1350851293976503
461,1043,1504,0.13510404250750624
457,1051,1508,0.1351205913202949
461,1055,1516,0.1351461159581272
461,1053,1514,0.13516092384843945
450,1050,1500,0.13517474569801075
451,1052,1503,0.1352159120136088
452,1048,1500,0.13525229716811346
448,1052,1500,0.1352818241604412
447,1053,1500,0.13531850190278408
446,1055,1501,0.1353553810607717
452,1060,1512,0.13539372180551063
457,1066,1523,0.1354146255447893
448,1079,1527,0.13542298668331504
454,1070,1524,0.13545269138058225
458,1060,1518,0.13546642725019434
451,1046,1497,0.13546958105420653
446,1059,1505,0.13548994836406825
440,1058,1498,0.13552020432444994
440,1062,1502,0.1355631322175643
448,1067,1515,0.13560348463884492
450,1067,1517,0.13562083762826913
452,1063,1515,0.13563160743207836
460,1057,1517,0.13563797129030403
450,1050,1500,0.1356252266303839
454,1059,1513,0.13563654864773006
455,1069,1524,0.13563743432142275
455,1066,1521,0.135634743918608
452,1058,1510,0.13563225165190815
454,1058,1512,0.13563750739384367
454,1060,1514,0.135639318457905
450,1070,1520,0.1356420893321512
445,1065,1510,0.13565378435839373
451,1068,1519,0.13567775116168723
452,1061,1513,0.135684405709861
453,1067,1520,0.13568895598497296
442,1062,1504,0.13569088687781206
442,1056,1498,0.1357186724925797
438,1061,1499,0.13574495937215608
440,1062,1502,0.13577944070291964
441,1071,1512,0.13580805051233663
439,1059,1498,0.13583280802310688
443,1052,1495,0.1358619484515715
436,1063,1499,0.13587867116763291
435,1074,1509,0.13591105987081048
435,1086,1521,0.1359438371027883
432,1080,1512,0.1359740862285311
437,1071,1508,0.1360101963545901
433,1081,1514,0.1360315883504778
427,1084,1511,0.13606172173574416
428,1078,1506,0.1361040653884526
433,1075,1508,0.13614031552778427
429,1078,1507,0.13616336821150513
433,1072,1505,0.13619595805502943
430,1075,1505,0.13621599602510753
428,1083,1511,0.13624143327914143
424,1081,1505,0.13627012124413085
429,1083,1512,0.13630695780783475
423,1072,1495,0.13632818326243948
424,1083,1507,0.13636281068349404
427,1079,1506,0.13639350427015504
428,1092,1520,0.1364153375887553
424,1087,1511,0.136434175022153
423,1087,1510,0.13646189929336217
422,1099,1521,0.13649103006355726
416,1110,1526,0.13652063624791533
412,1103,1515,0.1365624655352821
408,1100,1508,0.13661109498592325
411,1097,1508,0.13666581791119337
407,1086,1493,0.13671129713964544
398,1098,1496,0.13676251459516733
401,1095,1496,0.1368294133114866
404,1098,1502,0.13688261877081268
410,1096,1506,0.13692474280566533
407,1089,1496,0.13694951990210769
404,1095,1499,0.13698040382469745
404,1088,1492,0.13701589556076715
407,1096,1503,0.13704907149280462
402,1096,1498,0.1370730956353611
404,1101,1505,0.13710694249251149
402,1106,1508,0.13713370736086727
397,1106,1503,0.13716287332932497
406,1106,1512,0.13720265770025042
401,1102,1503,0.1372185170470568
405,1093,1498,0.1372465632056156
408,1111,1519,0.13726364338253152
414,1108,1522,0.13727280205672102
407,1095,1502,0.13726732274574593
410,1102,1512,0.13727981462262911
415,1103,1518,0.13728352639623126
409,1100,1509,0.13727601594796865
409,1100,1509,0.13728314801185768
408,1103,1511,0.13729015942449532
408,1094,1502,0.13729868077943963
408,1102,1510,0.13730652015503078
405,1098,1503,0.1373133030375639
400,1104,1504,0.13732741694646236
401,1103,1504,0.13735223003349278
405,1112,1517,0.13737240929751215
404,1109,1513,0.1373812398048122
399,1110,1509,0.13739224629377447
399,1116,1515,0.13741374457822336
394,1120,1514,0.13743314996341907
392,1117,1509,0.13746277990901207
400,1100,1500,0.13749561559716075
402,1102,1504,0.13750776353009123
402,1109,1511,0.13751398231114867
401,1104,1505,0.13752013685657988
397,1108,1505,0.13752798148646003
384,1106,1490,0.13754535397806134
384,1107,1491,0.1375947621176674
393,1121,1514,0.13764015608190527
387,1119,1506,0.13765957821029842
386,1129,1515,0.13769150697094423
389,1120,1509,0.13772371578627554
382,1118,1500,0.13774604807163077
382,1126,1508,0.13778360001842072
386,1121,1507,0.13781884159859648
389,1117,1506,0.13784263169340277
394,1107,1501,0.13785737297400508
400,1103,1503,0.13785896533887348
400,1111,1511,0.13784710913753784
398,1111,1509,0.1378349331965858
392,1119,1511,0.13782855445897405
403,1113,1516,0.13783662865106636
402,1111,1513,0.13781732675415448
393,1114,1507,0.13780226703242757
404,1105,1509,0.13780938330147066
404,1104,1508,0.13778966913082347
407,1101,1508,0.13777227985381948
406,1110,1516,0.1377493395348812
403,1123,1526,0.1377304216653576
402,1126,1528,0.1377205283115561
399,1128,1527,0.1377142192078213
400,1117,1517,0.13771631341494886
399,1117,1516,0.13771572012641273
397,1117,1514,0.13771626377913038
397,1121,1518,0.13772167254565718
393,1126,1519,0.13772637220213094
390,1115,1505,0.1377403030635239
394,1114,1508,0.13775970270523283
387,1110,1497,0.13776897188897255
393,1121,1514,0.13779528518541265
396,1115,1511,0.13780383867968304
399,1111,1510,0.13780528104160314
396,1108,1504,0.13779986892471716
395,1116,1511,0.13780135361089946
392,1114,1506,0.13780506878481075
388,1101,1489,0.1378149927008606
394,1114,1508,0.13783328497044256
388,1102,1490,0.13783611010995112
397,1103,1500,0.13785428241305012
394,1112,1506,0.13784710267849815
400,1111,1511,0.13784867903648446
400,1121,1521,0.1378357042608515
398,1113,1511,0.1378244170732843
396,1114,1510,0.1378183090033967
391,1115,1506,0.13781664941774335
386,1115,1501,0.13782803260065837
388,1119,1507,0.13785000068481834
389,1135,1524,0.13786585720045955
394,1130,1524,0.13787941466938836
395,1130,1525,0.1378807053960427
390,1116,1506,0.1378790630359294
391,1114,1505,0.13788908610987632
398,1118,1516,0.1378960307775187
396,1120,1516,0.13788518140313674
394,1133,1527,0.13788074719207324
397,1120,1517,0.13788143232750572
383,1127,1510,0.13787531473267922
382,1131,1513,0.1379042816097076
380,1127,1507,0.13793314915113966
379,1115,1494,0.13796501223859042
380,1128,1508,0.13799729090733895
376,1129,1505,0.13802452048448596
379,1134,1513,0.13805937198397053
383,1135,1518,0.1380838104792264
384,1145,1529,0.1380953394803141
375,1136,1511,0.1381040998365042
374,1134,1508,0.1381343850587265
377,1134,1511,0.13816540027847315
377,1140,1517,0.13818656906842505
376,1139,1515,0.1382055483932393
380,1124,1504,0.13822662187541654
384,1112,1496,0.13823528837602006
385,1123,1508,0.13823372079461438
387,1122,1509,0.13822921513394917
385,1116,1501,0.13822026660928466
384,1128,1512,0.13821594625107972
379,1131,1510,0.13821437490281555
374,1129,1503,0.1382255060736384
375,1117,1492,0.13824802311490125
373,1130,1503,0.13826600774976788
374,1144,1518,0.13828699357143104
375,1139,1514,0.13830381013383414
381,1139,1520,0.1383164000193683
380,1145,1525,0.1383136110986698
375,1144,1519,0.13831514356112437
378,1143,1521,0.13832901853533555
377,1144,1521,0.1383345017795422
380,1137,1517,0.138342701910241
388,1132,1520,0.13834378579438072
381,1141,1522,0.13832508149476547
381,1151,1532,0.13832466803578458
371,1134,1505,0.13832479975911743
373,1142,1515,0.1383494777553233
373,1144,1517,0.138367081610484
370,1147,1517,0.13838382044688394
366,1145,1511,0.13840679199777395
366,1145,1511,0.13843669222826124
363,1142,1505,0.13846378771387058
365,1147,1512,0.13849624999700869
368,1146,1514,0.1385212686101044
368,1137,1505,0.1385369774390955
366,1133,1499,0.13855048986122825
366,1146,1512,0.13856808180988242
365,1151,1516,0.13858351054936283
366,1158,1524,0.1386011064130495
375,1150,1525,0.1386146553210993
370,1146,1516,0.13860583459747622
370,1141,1511,0.13861012670940173
371,1142,1513,0.13861376189185493
369,1148,1517,0.1386139220704054
375,1151,1526,0.13861917541245355
373,1155,1528,0.1386093348559262
373,1164,1537,0.13860646455657327
375,1153,1528,0.13860438309750575
369,1148,1517,0.1385972071277174
375,1148,1523,0.1386051910805369
369,1144,1513,0.13859638510794775
370,1143,1513,0.13860383130817172
362,1154,1516,0.1386083227361228
360,1163,1523,0.1386323058363679
358,1148,1506,0.13865908762069032
364,1153,1517,0.13868957960841521
366,1149,1515,0.1387016424901305
361,1144,1505,0.1387080582490033
364,1145,1509,0.1387266935119267
359,1145,1504,0.13873575582239225
366,1146,1512,0.1387570827796894
362,1154,1516,0.13875866254702818
359,1143,1502,0.13877028708618155
366,1149,1515,0.1387901840057086
366,1145,1511,0.13878928212614675
371,1147,1518,0.13878752354061458
370,1140,1510,0.13877322424774582
367,1142,1509,0.1387620572966011
373,1127,1500,0.13875925944001918
364,1133,1497,0.13874268842254864
364,1134,1498,0.1387507088480527
371,1138,1509,0.13875824560501904
375,1141,1516,0.1387468974163315
373,1143,1516,0.1387260437739368
368,1142,1510,0.13871077973059143
368,1149,1517,0.13870904192797145
358,1150,1508,0.13870848546521664
356,1153,1509,0.1387323940965067
350,1160,1510,0.13875954293590476
355,1165,1520,0.13879956834138787
354,1160,1514,0.1388253602804874
354,1173,1527,0.13885133155066437
354,1167,1521,0.13887638137892525
354,1156,1510,0.13889943212202321
352,1165,1517,0.13892128671855555
354,1171,1525,0.13894635316403486
351,1160,1511,0.13896489629408293
352,1169,1521,0.1389902229666564
353,1176,1529,0.13901174068988761
348,1177,1525,0.13902989310364594
346,1179,1525,0.13905844406584894
347,1166,1513,0.13908973451566026
347,1174,1521,0.1391160635317522
348,1167,1515,0.13913989966898366
342,1165,1507,0.1391595434241842
341,1166,1507,0.13919165146274798
343,1169,1512,0.13922361393971588
347,1164,1511,0.13924812898876385
346,1161,1507,0.1392616007101747
347,1168,1515,0.1392767184604658
346,1167,1513,0.13928744653241434
343,1161,1504,0.13929963258116854
339,1163,1502,0.13931903879918425
344,1161,1505,0.13934863774542117
343,1165,1508,0.13936325843156763
343,1172,1515,0.13938127138870862
344,1172,1516,0.1393983432951539
341,1159,1500,0.13941138942996256
338,1165,1503,0.13943180111716472
341,1171,1512,0.13945787029926737
337,1172,1509,0.13947488988946397
333,1170,1503,0.1395009050985908
339,1185,1524,0.13953461361713804
334,1188,1522,0.13955085247864524
336,1202,1538,0.13957806018792795
334,1198,1532,0.1395979993490397
329,1198,1527,0.13962192260421602
336,1189,1525,0.13965631416964241
339,1182,1521,0.13967063483715725
337,1180,1517,0.13967663413359513
331,1190,1521,0.13968742895555264
326,1185,1511,0.13971218127810306
326,1193,1519,0.13974758356413639
322,1172,1494,0.1397799538353096
327,1166,1493,0.1398199596286115
320,1182,1502,0.13984498520141905
313,1183,1496,0.13988636850759073
319,1192,1511,0.13994281352198648
321,1200,1521,0.13998026686223264
322,1200,1522,0.1400100962089659
323,1195,1518,0.1400348657311088
321,1197,1518,0.14005576969267758
318,1196,1514,0.14008084753844652
312,1181,1493,0.1401122317807499
312,1191,1503,0.14015690023766314
309,1197,1506,0.14019848593722975
310,1202,1512,0.1402458396691797
304,1205,1509,0.14028631468940098
302,1210,1512,0.14034017021621178
303,1219,1522,0.14039495953512734
303,1216,1519,0.14044284200068777
307,1216,1523,0.14048717749602585
304,1214,1518,0.14051836542128557
303,1222,1525,0.14055480471782347
304,1220,1524,0.14059112549507952
300,1220,1520,0.14062140922951152
300,1220,1520,0.14066084544488525
296,1221,1517,0.1406974273705953
295,1219,1514,0.140741572170897
294,1213,1507,0.14078421014401346
288,1209,1497,0.1408258980242138
297,1214,1511,0.1408799352386988
296,1213,1509,0.14090676710943298
297,1224,1521,0.14093377713725214
299,1231,1530,0.14095574036872865
298,1227,1525,0.14097041705392313
297,1235,1532,0.1409867451774443
295,1220,1515,0.14100324018302848
292,1216,1508,0.14102448095760103
293,1216,1509,0.14105146687528503
295,1213,1508,0.14107421595089842
295,1217,1512,0.1410900930308493
301,1220,1521,0.14110471129691018
298,1225,1523,0.14110208736395585
295,1219,1514,0.14110847331306647
293,1213,1506,0.14112177449205357
291,1227,1518,0.14114016408196733
286,1230,1516,0.141161889730391
293,1226,1519,0.1411952285279645
296,1225,1521,0.14120782204348103
293,1224,1517,0.14121199878606697
292,1205,1497,0.14122339932165684
284,1217,1501,0.1412375467470857
281,1231,1512,0.14127206475823112
276,1227,1503,0.14131121828149543
278,1214,1492,0.14136165250082008
279,1232,1511,0.1414034464474034
281,1229,1510,0.14143844540626482
276,1227,1503,0.1414663562179844
277,1243,1520,0.14150564720879416
276,1231,1507,0.14153905984587772
277,1229,1506,0.14157357466831358
279,1239,1518,0.14160256106778038
278,1254,1532,0.14162440699030826
275,1253,1528,0.14164791839427937
275,1241,1516,0.14167715029089237
274,1238,1512,0.14170429675964685
276,1245,1521,0.14173241873121584
278,1247,1525,0.14175401359086068
275,1251,1526,0.14176887331596347
272,1243,1515,0.14179059018957413
276,1247,1523,0.1418187647093053
277,1239,1516,0.14183443486481884
284,1236,1520,0.14184646807704918
287,1225,1512,0.14184007435171783
289,1228,1517,0.14182674173443682
286,1238,1524,0.14180848058506218
286,1236,1522,0.1417996837676352
291,1228,1519,0.1417919309253347
285,1229,1514,0.14177157199411983
281,1238,1519,0.14176714031772403
280,1228,1508,0.14177383255019702
283,1223,1506,0.14178256039456436
284,1228,1512,0.14178295215313533
288,1216,1504,0.14178105284268885
289,1220,1509,0.14176872515739836
289,1226,1515,0.1417541696714927
289,1237,1526,0.14174079457649402
290,1224,1514,0.14172891959145573
288,1222,1510,0.14171629013703357
285,1226,1511,0.14171005580534377
282,1220,1502,0.14171366443938335
284,1230,1514,0.14172474525818096
282,1235,1517,0.14172781000721282
291,1227,1518,0.14173561333808427
286,1230,1516,0.141720460879193
288,1230,1518,0.14171950949804374
286,1231,1517,0.14171293717259478
288,1229,1517,0.14171137267094402
285,1224,1509,0.14170494957213497
284,1236,1520,0.1417047796416874
287,1237,1524,0.14170753755362966
288,1235,1523,0.14170245677074417
283,1231,1514,0.14169538276168378
277,1227,1504,0.1417016531565086
282,1226,1508,0.1417226634090881
279,1225,1504,0.14172842278113806
285,1226,1511,0.14174196520845014
284,1226,1510,0.141739401191333
284,1225,1509,0.1417395314196344
285,1240,1525,0.14173948466301356
278,1230,1508,0.14173645531180118
270,1229,1499,0.14175366491478944
277,1215,1492,0.1417901777677042
271,1230,1501,0.14180665768881373
269,1239,1508,0.14183713299772246
273,1246,1519,0.14187058572744005
269,1236,1505,0.1418913476498003
269,1242,1511,0.1419204840162771
270,1239,1509,0.1419472435888899
264,1230,1494,0.14197047588692807
264,1227,1491,0.1420072548308664
268,1240,1508,0.14204244931791313
270,1235,1505,0.14206519501624967
268,1247,1515,0.14208192248594773
268,1248,1516,0.14210183217054556
263,1237,1500,0.14211950602024168
259,1232,1491,0.14214929529733805
261,1242,1503,0.14218813689188728
261,1239,1500,0.1422181350219286
264,1250,1514,0.1422460526137633
267,1236,1503,0.1422637319415652
272,1240,1512,0.14227181319852922
271,1249,1520,0.14226573479219315
268,1240,1508,0.14226315106818813
273,1250,1523,0.1422679400714453
274,1247,1521,0.1422589406206668
271,1249,1520,0.14224924571079284
270,1245,1515,0.14224799723058368
270,1242,1512,0.1422502465458404
265,1234,1499,0.14225161620137555
264,1236,1500,0.14226695934660294
267,1239,1506,0.1422834428970599
268,1242,1510,0.1422916836581608
267,1245,1512,0.14229645393564344
262,1250,1512,0.1423036206011813
267,1247,1514,0.14232317583867293
271,1241,1512,0.14232836762971893
279,1246,1525,0.14232212923959672
274,1241,1515,0.14229591072095876
269,1248,1517,0.14228443559236015
270,1255,1525,0.14228694266465727
270,1242,1512,0.14228668461067948
272,1249,1521,0.14228618181707436
274,1252,1526,0.14228088492417473
272,1243,1515,0.14227065407043937
265,1239,1504,0.14226708350709077
262,1246,1508,0.14228241475971665
256,1261,1517,0.14230535018887355
254,1254,1508,0.14234247889993754
250,1244,1494,0.1423822207632627
251,1230,1481,0.14242954457135862
258,1238,1496,0.14247044969300413
256,1249,1505,0.14248863647099003
259,1250,1509,0.14250997687540465
262,1256,1518,0.1425219996692178
261,1255,1516,0.14252625571402974
265,1250,1515,0.14253210861036983
265,1245,1510,0.14252739714561596
260,1251,1511,0.1425229127527766
260,1250,1510,0.14253157721608578
260,1245,1505,0.14253952069102405
266,1247,1513,0.14254625647319094
264,1246,1510,0.14253717614946632
255,1252,1507,0.14253282544401963
258,1249,1507,0.14255117196339495
258,1249,1507,0.14256105641321162
262,1251,1513,0.14256991071236372
264,1261,1525,0.142566958860594
264,1249,1513,0.142559219737403
261,1236,1497,0.14255108411541836
268,1242,1510,0.14255083448335576
267,1239,1506,0.14253293837188422
269,1238,1507,0.14251924823701437
271,1243,1514,0.14250101821242353
270,1250,1520,0.1424793880762329
263,1252,1515,0.14246091233094382
263,1242,1505,0.14246195458124475
263,1246,1509,0.1424634756199601
266,1244,1510,0.14246530658871343
259,1245,1504,0.14245996148781231
259,1249,1508,0.14247303053030813
257,1246,1503,0.14248562951531113
251,1256,1507,0.1425018116779832
251,1251,1502,0.14253274734747357
254,1250,1504,0.14256105935199095
254,1259,1513,0.1425786624827534
253,1252,1505,0.14259501877423789
253,1244,1497,0.14261240607860526
247,1257,1504,0.14262879006175128
250,1266,1516,0.1426601281963449
251,1256,1507,0.14268146294059686
258,1261,1519,0.14269871700139172
258,1268,1526,0.14269682068524867
257,1265,1522,0.14269621768208468
255,1259,1514,0.1426993669537413
254,1262,1516,0.1427078736240157
249,1262,1511,0.14271819375358008
249,1264,1513,0.14274182697312554
243,1261,1504,0.1427630438527714
242,1280,1522,0.14279755393012383
246,1256,1502,0.14283164020459466
244,1264,1508,0.14285303255779003
249,1274,1523,0.14287841490676342
234,1269,1503,0.1428887064624463
236,1269,1505,0.14293748851929702
236,1270,1506,0.14297744485512867
238,1277,1515,0.1430146459735849
234,1271,1505,0.14304397080706624
234,1269,1503,0.143081415623986
229,1269,1498,0.143116143547141
234,1278,1512,0.14316152051499967
232,1282,1514,0.1431902376311147
228,1272,1500,0.14322194459837242
230,1286,1516,0.14326281257372975
235,1272,1507,0.14329554399582117
233,1273,1506,0.14331265553712252
232,1263,1495,0.14333417658678516
233,1281,1514,0.14335656947167458
229,1266,1495,0.14337454298899288
226,1271,1497,0.14340234178131567
227,1281,1508,0.14343639956557758
229,1284,1513,0.14346451874112073
227,1290,1517,0.14348560077976696
229,1278,1507,0.14351080694309978
224,1281,1505,0.14352900711681504
222,1277,1499,0.14355957262148267
222,1284,1506,0.1435933625319857
221,1288,1509,0.14362367310475763
222,1285,1507,0.14365524741208419
223,1286,1509,0.14368165214144374
223,1285,1508,0.1437030653889891
228,1292,1520,0.1437226190201223
222,1294,1516,0.1437270546940445
226,1285,1511,0.1437474797762691
231,1273,1504,0.1437560599682812
234,1277,1511,0.1437510852697777
233,1287,1520,0.1437382281960843
235,1291,1526,0.143729102360907
231,1280,1511,0.14371567824994913
228,1285,1513,0.1437153700466496
225,1294,1519,0.14372348175172994
226,1288,1514,0.14373997722093002
226,1278,1504,0.1437531143092346
226,1293,1519,0.1437653501417761
228,1289,1517,0.1437768584068994
228,1287,1515,0.14378169882736164
225,1288,1513,0.14378586689221187
229,1285,1514,0.14379800861338604
227,1279,1506,0.14379846710691235
222,1292,1514,0.14380454533624745
219,1287,1506,0.14382420928010822
217,1299,1516,0.14385013227803725
219,1300,1519,0.14387935257514134
216,1291,1507,0.14390176768355087
213,1295,1508,0.14393085113123025
211,1289,1500,0.14396719378732764
211,1301,1512,0.1440052200066072
217,1300,1517,0.1440402720613468
211,1302,1513,0.14405700094607435
212,1294,1506,0.1440872630193895
215,1290,1505,0.14411291457482375
212,1304,1516,0.14412924390412954
213,1299,1512,0.14415206653619272
216,1298,1514,0.14417132500732963
218,1293,1511,0.14418069234504688
215,1304,1519,0.14418470176695108
216,1312,1528,0.14419698701199063
218,1304,1522,0.14420522103731437
220,1303,1523,0.14420729360035991
217,1300,1517,0.1442035001417942
211,1295,1506,0.14420832242136047
210,1299,1509,0.14423003148353342
211,1302,1513,0.14425285377920186
208,1313,1521,0.14427130057042514
208,1312,1520,0.1442970974920052
211,1315,1526,0.14432159382361878
209,1310,1519,0.1443362366932085
209,1310,1519,0.1443559151952671
207,1313,1520,0.14437408032218044
206,1310,1516,0.14439564458579224
207,1324,1531,0.14441851238141662
206,1316,1522,0.1444367760464508
206,1319,1525,0.14445632279405352
207,1313,1520,0.14447490878287744
205,1315,1520,0.1444895088516989
206,1317,1523,0.1445088028309684
202,1304,1506,0.14452471857625843
201,1313,1514,0.14455029355178464
197,1302,1499,0.14457649542325524
204,1301,1505,0.14461276986540259
205,1312,1517,0.14462714585404104
205,1313,1518,0.14463823733487435
203,1299,1502,0.14464831920269092
200,1300,1500,0.14466323813252974
198,1298,1496,0.14468529120462276
198,1307,1505,0.14471150222785384
195,1317,1512,0.14473612392125185
192,1322,1514,0.14476713750862846
189,1328,1517,0.14480452349512915
189,1330,1519,0.14484694382146454
187,1330,1517,0.14488728347550822
186,1326,1512,0.14493042482528704
190,1311,1501,0.14497271674799275
193,1329,1522,0.14500214154182056
194,1322,1516,0.14502158457478745
198,1328,1526,0.14503736789455834
194,1333,1527,0.14504074239356973
197,1322,1519,0.14505532123792886
199,1320,1519,0.1450606537085519
200,1314,1514,0.14506029209850305
206,1311,1517,0.14505695929022522
202,1325,1527,0.14503679564028032
203,1330,1533,0.14502852285570264
194,1323,1517,0.14501855654100076
196,1333,1529,0.14503375047179343
198,1338,1536,0.14504200675230822
200,1333,1533,0.14504445417896808
203,1327,1530,0.14504118602188254
197,1316,1513,0.14503022770521456
195,1313,1508,0.14503639314148653
194,1310,1504,0.1450487114587197
195,1314,1509,0.14506255718808428
189,1320,1509,0.14507225875251314
195,1327,1522,0.14509788603838567
191,1328,1519,0.14510521426709402
187,1333,1520,0.14512258201645675
184,1325,1509,0.14515005331977734
190,1330,1520,0.1451833976887149
193,1332,1525,0.1451987670965775
195,1332,1527,0.1452049511048482
195,1319,1514,0.1452047837829361
194,1316,1510,0.14520451700059964
189,1311,1500,0.14520692783071984
187,1315,1502,0.14522192314003157
186,1324,1510,0.14524202087246083
191,1322,1513,0.14526397780219572
190,1315,1505,0.1452711423273527
193,1331,1524,0.1452805905185716
194,1329,1523,0.14528148482629832
193,1318,1511,0.1452790063065201
188,1315,1503,0.14528016883219286
189,1315,1504,0.14529621505560503
187,1325,1512,0.14530807877922117
187,1320,1507,0.14532427248581434
181,1321,1502,0.14533980730143553
183,1319,1502,0.14537021989363075
182,1326,1508,0.1453928248958238
175,1327,1502,0.14541623420017913
177,1330,1507,0.14545713150676598
182,1344,1526,0.14548971398870797
179,1351,1530,0.14550632340621217
178,1334,1512,0.14553004204083153
179,1334,1513,0.1455552540756694
175,1332,1507,0.14557591716762994
180,1338,1518,0.14560616506356946
178,1340,1518,0.14562076912175537
176,1330,1506,0.1456404738282095
177,1347,1524,0.14566444685563446
180,1335,1515,0.14568362970808843
180,1334,1514,0.14569347434021673
182,1325,1507,0.14570269782254727
184,1341,1525,0.1457053952414281
183,1337,1520,0.14570283051232402
180,1330,1510,0.14570372589400848
181,1336,1517,0.1457130906376341
182,1336,1518,0.14571889874913094
185,1339,1524,0.14572125529543903
186,1340,1526,0.14571579164978124
185,1345,1530,0.14570791082062212
176,1340,1516,0.14570364847900655
184,1337,1521,0.14572389241338585
181,1341,1522,0.14572119622917956
182,1339,1521,0.14572731136567074
184,1331,1515,0.14573066686734076
181,1328,1509,0.14572894718115814
184,1333,1517,0.1457352093481399
185,1330,1515,0.14573320678352408
179,1336,1515,0.14572907034198684
177,1320,1497,0.14574117642325868
176,1331,1507,0.14575776094487433
177,1331,1508,0.14577552075622235
173,1333,1506,0.14578935022399964
174,1337,1511,0.14581389017891694
168,1338,1506,0.1458337155470043
171,1336,1507,0.14586863138945236
172,1350,1522,0.1458931302833922
169,1339,1508,0.14591348845576185
166,1334,1500,0.1459408678644415
169,1340,1509,0.1459745810317401
173,1343,1516,0.14599762614411418
172,1340,1512,0.14600879002120465
173,1342,1515,0.14602154263661832
173,1347,1520,0.1460304386353465
165,1350,1515,0.14603904394323614
164,1340,1504,0.14606899685524538
165,1338,1503,0.14609980872108064
161,1344,1505,0.14612573322899783
167,1330,1497,0.14616106739048873
167,1330,1497,0.14617808885343372
169,1337,1506,0.1461928181541891
168,1322,1490,0.14620102969815926
163,1321,1484,0.14621130960902093
161,1328,1489,0.146234164206523
163,1339,1502,0.14626128906832003
166,1335,1501,0.14628159931657106
163,1338,1501,0.14629194354862973
169,1321,1490,0.14630982048140478
165,1330,1495,0.1463098935636972
171,1332,1503,0.14632089847728977
172,1338,1510,0.14631533746614392
179,1337,1516,0.14630820727977437
179,1341,1520,0.14628256640691223
178,1335,1513,0.14625888230361056
178,1343,1521,0.14624033680799028
176,1350,1526,0.14622310525528104
174,1327,1501,0.14621263318641273
172,1340,1512,0.14620835332788804
172,1338,1510,0.14620968037894366
170,1341,1511,0.1462107082056505
169,1336,1505,0.1462162794514949
168,1337,1505,0.14622351250668195
167,1328,1495,0.14623309743227192
168,1338,1506,0.1462449092746433
168,1322,1490,0.14625374862548618
168,1315,1483,0.14626246003295132
166,1331,1497,0.14627076961437752
164,1333,1497,0.14628396653540182
162,1343,1505,0.14630180080820296
155,1354,1509,0.1463233377925367
158,1348,1506,0.1463629668425047
156,1366,1522,0.14639203666833012
157,1361,1518,0.1464244592328211
158,1359,1517,0.14645171907213517
157,1362,1519,0.1464741834338475
157,1358,1515,0.14649812391960165
156,1345,1501,0.14652055408114545
156,1345,1501,0.1465438241515565
156,1351,1507,0.14656532354454654
156,1353,1509,0.14658591604637985
156,1365,1521,0.1466045780699674
155,1362,1517,0.14662217116282183
158,1356,1514,0.14664154332501292
158,1356,1514,0.1466513310526997
157,1344,1501,0.14666117565486478
153,1359,1512,0.14667314739349255
153,1369,1522,0.14669623991058237
154,1375,1529,0.146717967131701
153,1361,1514,0.1467356351904286
154,1353,1507,0.14675501438368138
158,1363,1521,0.14677010142672167
158,1360,1518,0.1467728737453104
160,1351,1511,0.14677507153768451
159,1348,1507,0.14677212410215307
159,1357,1516,0.1467720691842076
158,1347,1505,0.14677239764501782
160,1334,1494,0.14677593866778502
161,1352,1513,0.14677322160761283
163,1354,1517,0.14676749660662508
162,1346,1508,0.1467564974373284
161,1346,1507,0.1467490879550445
162,1351,1513,0.14674451866596666
163,1352,1515,0.1467377111482045
163,1352,1515,0.14672795227504387
161,1346,1507,0.14671856046567677
164,1350,1514,0.14671532631198134
162,1342,1504,0.14670374920513868
164,1346,1510,0.14669849800130513
165,1355,1520,0.1466873558361036
164,1355,1519,0.14667415299430123
162,1340,1502,0.14666435705925931
157,1337,1494,0.14666030539915365
155,1341,1496,0.14667077048654206
156,1343,1499,0.14668643551636604
157,1367,1524,0.14669743915685493
152,1367,1519,0.14670584542571682
155,1359,1514,0.14672673248988968
159,1352,1511,0.14673824851246686
156,1350,1506,0.14673814998332127
158,1349,1507,0.14674692414405574
162,1353,1515,0.1467495717268157
166,1366,1532,0.14674144673379633
164,1358,1522,0.14672289220856238
163,1346,1509,0.14671079221398703
163,1347,1510,0.14670260589376702
165,1341,1506,0.1466948384202491
168,1341,1509,0.14668212657325871
165,1342,1507,0.14666223742202883
161,1347,1508,0.1466522424219873
158,1355,1513,0.14665319338936722
156,1356,1512,0.1466628870511396
154,1366,1520,0.1466780791620494
154,1354,1508,0.14669719537157735
153,1358,1511,0.1467143898463779
154,1365,1519,0.1467330937336456
156,1341,1497,0.14674783921360635
154,1346,1500,0.14675665342761024
154,1344,1498,0.14676937912139137
148,1341,1489,0.14678045458527314
149,1347,1496,0.14680770504699572
143,1355,1498,0.1468302935892241
149,1352,1501,0.14686751349512508
148,1356,1504,0.1468847348220483
146,1350,1496,0.1469033098063
147,1361,1508,0.14692617567085484
150,1364,1514,0.14694521377962919
146,1362,1508,0.14695477251590205
156,1360,1516,0.14697527819815434
153,1355,1508,0.14696739745375853
148,1354,1502,0.14696800136687904
149,1351,1500,0.1469819320770184
151,1343,1494,0.14699195962620248
151,1355,1506,0.14699598834303831
159,1359,1518,0.14699906105753324
162,1355,1517,0.14698041133874276
163,1355,1518,0.1469548086679739
157,1351,1508,0.14692844486915108
156,1347,1503,0.146920855925638
157,1358,1515,0.14691631014900008
157,1359,1516,0.14690892600546612
160,1366,1526,0.14690234521389975
158,1356,1514,0.14688845425958721
160,1345,1505,0.14688076422626464
160,1349,1509,0.1468683158502819
160,1359,1519,0.14685658941771781
159,1358,1517,0.14684533028895547
159,1344,1503,0.1468376367720687
162,1353,1515,0.1468301798783454
159,1358,1517,0.14681520501523634
157,1373,1530,0.14680970816218353
152,1381,1533,0.1468093678045049
154,1372,1526,0.14682287770357091
152,1362,1514,0.14682974898246215
153,1364,1517,0.14684162634528922
157,1369,1526,0.14684983042009417
158,1377,1535,0.14684677457022027
153,1376,1529,0.1468417313033768
155,1374,1529,0.14685096846670687
154,1381,1535,0.14685442998462636
153,1374,1527,0.1468605326019331
154,1373,1527,0.14686891027232635
151,1369,1520,0.14687369223270674
146,1377,1523,0.14688643720160285
142,1368,1510,0.14691180628879538
142,1373,1515,0.14694625847989298
148,1368,1516,0.14697796366208352
144,1365,1509,0.14699096882271376
144,1359,1503,0.14701375263546232
143,1357,1500,0.14703485097024607
145,1349,1494,0.14705752170437672
143,1367,1510,0.14707237223667907
145,1360,1505,0.1470919934173459
147,1361,1508,0.14710491193174885
143,1366,1509,0.14711170526648057
140,1368,1508,0.14712946947055847
138,1376,1514,0.1471541448548679
144,1389,1533,0.1471839910447059
143,1373,1516,0.147194338774383
140,1371,1511,0.14720706530768052
137,1369,1506,0.1472268881454305
139,1381,1520,0.14725330699547254
137,1384,1521,0.14727208876770595
136,1385,1521,0.14729495259681064
138,1387,1525,0.14731884064340028
138,1369,1507,0.14733521749534215
136,1382,1518,0.1473513167056153
138,1372,1510,0.1473709385267552
137,1380,1517,0.14738415835035507
134,1388,1522,0.14739929323627418
139,1384,1523,0.14742198295101316
137,1379,1516,0.14742899147120847
133,1383,1516,0.14744107422789374
132,1380,1512,0.14746329209188494
130,1384,1514,0.14748691187678953
126,1373,1499,0.14751447306176235
127,1393,1520,0.14755147870794716
126,1386,1512,0.14758304981957587
125,1396,1521,0.1476160672884771
129,1386,1515,0.14764945086573156
126,1403,1529,0.14766881752764152
121,1405,1526,0.14769564323996068
120,1407,1527,0.14773608755758277
121,1392,1513,0.1477763616847824
120,1368,1488,0.14781018583432132
120,1391,1511,0.14784437324445146
124,1394,1518,0.14787613830552587
126,1387,1513,0.14789419256240494
127,1389,1516,0.1479053357628773
127,1378,1505,0.14791308613514073
127,1381,1508,0.14792009014141583
125,1372,1497,0.14792682569871143
126,1373,1499,0.14793891277292967
124,1388,1512,0.14794737964647106
123,1395,1518,0.14796099972421603
124,1390,1514,0.1479769598264649
125,1401,1526,0.14798903048785816
124,1392,1516,0.14799717608002416
123,1392,1515,0.14800791222117027
119,1400,1519,0.14802160461529953
116,1400,1516,0.14804625864430632
118,1390,1508,0.14807747410335506
118,1384,1502,0.14810104543951932
117,1389,1506,0.14812244204999606
116,1406,1522,0.14814542179896484
118,1403,1521,0.14816962970696404
123,1401,1524,0.14818506792212346
124,1390,1514,0.14818505475795377
123,1399,1522,0.148182553515285
120,1399,1519,0.1481833645056373
118,1399,1517,0.1481923759318905
119,1395,1514,0.14820646272442767
122,1406,1528,0.14821761197533795
122,1394,1516,0.1482193951786612
122,1395,1517,0.1482207834235224
122,1402,1524,0.1482219035509772
123,1406,1529,0.1482232160441184
121,1393,1514,0.14822116602839086
121,1399,1520,0.14822505036696942
123,1385,1508,0.1482283887794953
122,1392,1514,0.14822606356671117
121,1388,1509,0.14822676815531566
123,1396,1519,0.1482305276301783
123,1384,1507,0.14822813183613026
120,1371,1491,0.14822564590794662
118,1391,1509,0.1482315171354216
114,1405,1519,0.1482428351079705
115,1401,1516,0.14826503158261567
118,1397,1515,0.1482827163303993
122,1408,1530,0.14829080396840932
124,1400,1524,0.1482869515427895
119,1380,1499,0.14827740467857903
116,1400,1516,0.14828338283913792
115,1405,1520,0.14829766917899317
118,1394,1512,0.14831383586779787
120,1390,1510,0.14832058146620392
119,1401,1520,0.1483214629021417
121,1396,1517,0.14832548701584636
123,1395,1518,0.14832338018779498
125,1393,1518,0.14831560527845813
123,1400,1523,0.1483028549936659
126,1395,1521,0.14829699712489508
124,1397,1521,0.14828339972774904
120,1380,1500,0.14827681524686087
119,1386,1505,0.14828310497751448
116,1405,1521,0.14829180293607788
113,1403,1516,0.14830947499464503
112,1419,1531,0.14833438916325467
109,1416,1525,0.1483604093698667
113,1414,1527,0.14839362627832645
114,1414,1528,0.14841318744463838
111,1403,1514,0.14842842706269985
109,1402,1511,0.14845131290354613
108,1417,1525,0.148478325201159
106,1422,1528,0.14850630261904532
107,1441,1548,0.148538738062483
109,1426,1535,0.1485663338869736
109,1412,1521,0.14858618303560883
109,1417,1526,0.14860499853688833
109,1413,1522,0.14862265995305063
109,1397,1506,0.14863939737544038
110,1408,1518,0.14865452236748475
105,1410,1515,0.14866594056468807
103,1404,1507,0.14869081376646315
104,1388,1492,0.148719391320129
102,1386,1488,0.1487429707339273
101,1393,1494,0.14877033322014005
102,1414,1516,0.1487987955530007
103,1411,1514,0.1488223299075182
103,1423,1526,0.14884125316904673
106,1432,1538,0.1488593284766279
105,1418,1523,0.14886743555922374
103,1420,1523,0.14887780059291664
100,1406,1506,0.1488937692943381
101,1415,1516,0.14891717174443314
102,1417,1519,0.1489366810730246
99,1413,1512,0.14895194524628752
98,1414,1512,0.14897499063464104
100,1417,1517,0.14899934049784025
100,1426,1526,0.14901640742199462
100,1422,1522,0.14903252252400523
101,1414,1515,0.14904737840209337
98,1412,1510,0.14905803340768017
96,1406,1502,0.1490769553540323
98,1413,1511,0.14910081488836124
95,1421,1516,0.1491173158333661
96,1414,1510,0.14914204909674866
97,1403,1500,0.14916257054772364
98,1414,1512,0.14917901426092983
97,1430,1527,0.14919168613753517
92,1423,1515,0.14920608200186
90,1436,1526,0.14923347711601195
90,1431,1521,0.14926481116717544
93,1422,1515,0.14929415113070824
88,1419,1507,0.14931325153015484
87,1430,1517,0.14934517696715024
91,1421,1512,0.14937784540347532
90,1413,1503,0.14939712113917772
91,1417,1508,0.14941835307397286
90,1435,1525,0.14943574093185347
88,1434,1522,0.1494550827011978
87,1435,1522,0.14947917811846648
87,1452,1539,0.14950513454247755
88,1448,1536,0.14952945423501934
85,1437,1522,0.1495491147544808
83,1435,1518,0.1495768022287204
82,1432,1514,0.14960824134164294
81,1420,1501,0.149640448476374
83,1415,1498,0.14967400594160862
85,1416,1501,0.14969909200304177
83,1417,1500,0.1497169186957956
82,1408,1490,0.14973960951849805
83,1430,1513,0.149763735463977
82,1428,1510,0.14978330977936602
79,1427,1506,0.1498052231208002
81,1435,1516,0.14983385484267175
80,1450,1530,0.1498544295922574
80,1438,1518,0.14987633329439437
83,1445,1528,0.14989696272995942
84,1449,1533,0.1499081658464801
84,1451,1535,0.14991562959645566
84,1435,1519,0.14992249751224468
82,1439,1521,0.14992903397696572
81,1444,1525,0.14994097632669123
81,1446,1527,0.1499551714195519
81,1446,1527,0.14996835561716376
81,1442,1523,0.1499807609727145
81,1445,1526,0.149992681008052
80,1441,1521,0.15000363454337917
83,1439,1522,0.1500169298809052
82,1441,1523,0.15002114182808066
80,1431,1511,0.15002799758117308
77,1422,1499,0.1500399368310898
80,1413,1493,0.15005942197715721
77,1420,1497,0.15006860069544722
81,1429,1510,0.15008614761033934
83,1423,1506,0.15009115242903232
82,1423,1505,0.15009076813497113
79,1426,1505,0.15009337253610402
80,1425,1505,0.150104492391791
81,1429,1510,0.15011189671933473
77,1443,1520,0.15011588848986188
75,1441,1516,0.15013109292416602
76,1442,1518,0.15015067444906613
75,1449,1524,0.1501660192058755
77,1444,1521,0.150183025462327
79,1442,1521,0.15019344324113781
78,1453,1531,0.1501980606615435
76,1443,1519,0.15020548697393957
75,1441,1516,0.1502184299884729
72,1435,1507,0.15023360676818098
72,1450,1522,0.15025650817922748
70,1442,1512,0.1502773617528173
75,1441,1516,0.1503024986691665
74,1438,1512,0.15031098758053768
75,1443,1518,0.1503219874534478
73,1449,1522,0.15032951551400964
73,1448,1521,0.15034230347129
72,1446,1518,0.15035419860267535
68,1438,1506,0.15036812147019446
70,1446,1516,0.15039302025228163
70,1445,1515,0.15041001017175742
66,1440,1506,0.15042547346880905
65,1439,1504,0.15045157114313096
66,1436,1502,0.1504787368569339
68,1442,1510,0.1505011759095121
64,1454,1518,0.15051655629245125
64,1445,1509,0.15054285968536255
65,1452,1517,0.1505674183911653
64,1452,1516,0.15058720236010012
59,1441,1500,0.15060869010874384
59,1451,1510,0.15064286573573568
57,1452,1509,0.1506748983853255
56,1439,1495,0.15071094695144308
59,1434,1493,0.15074778032548494
58,1428,1486,0.15077339945872562
62,1445,1507,0.15080106843623026
62,1441,1503,0.1508153961669552
62,1431,1493,0.1508289743717188
60,1439,1499,0.15084180222841756
59,1442,1501,0.15085992230019954
61,1440,1501,0.15087967711986516
59,1450,1509,0.15089232926335217
61,1447,1508,0.15091028439370283
63,1439,1502,0.15092121722332383
62,1454,1516,0.15092581194629864
62,1450,1512,0.15093285888029087
63,1457,1520,0.1509395947929776
64,1451,1515,0.15094297958752578
65,1452,1517,0.15094306755641898
66,1460,1526,0.1509404702573806
60,1457,1517,0.15093487212218562
58,1466,1524,0.1509474335780054
56,1464,1520,0.1509652704501269
56,1449,1505,0.15098794069979113
54,1441,1495,0.15100920103055196
56,1445,1501,0.15103516514580317
57,1450,1507,0.15105352939500327
57,1452,1509,0.15106770201488662
62,1446,1508,0.15108100039319214
61,1449,1510,0.151078699404816
62,1457,1519,0.1510798209850261
61,1459,1520,0.15107803317265117
63,1465,1528,0.15107972659192742
62,1454,1516,0.15107554167648363
60,1445,1505,0.15107457367480365
64,1449,1513,0.15107926607440247
65,1444,1509,0.15107191982188997
66,1439,1505,0.15106195591088534
64,1438,1502,0.1510500981747966
64,1457,1521,0.151044921722729
65,1455,1520,0.15104009708932548
64,1448,1512,0.1510325848671604
64,1445,1509,0.1510288742526184
66,1458,1524,0.1510258062722322
65,1453,1518,0.1510170273501012
63,1447,1510,0.15101199362918089
62,1449,1511,0.1510135317085051
58,1456,1514,0.15101791590570224
58,1458,1516,0.15103362761970057
56,1461,1517,0.1510483808568771
56,1450,1506,0.15106832832825506
59,1453,1512,0.15108697942082192
57,1444,1501,0.15109542751012062
58,1455,1513,0.15110912204660756
59,1450,1509,0.15111882450052957
58,1442,1500,0.15112455355418664
56,1431,1487,0.15113261355474322
62,1436,1498,0.15114609155810077
66,1447,1513,0.15114096089234685
64,1449,1513,0.15112485501396888
65,1443,1508,0.15111581586706369
64,1445,1509,0.15110463936301965
67,1450,1517,0.15109686898327065
65,1442,1507,0.15108148956676812
65,1447,1512,0.15107271914155182
66,1433,1499,0.15106384755221292
69,1432,1501,0.15105287995654917
70,1440,1510,0.15103419786991903
68,1444,1512,0.15101355114625115
66,1453,1519,0.1509997376701901
65,1452,1517,0.15099252326261037
68,1451,1519,0.1509887517327373
66,1458,1524,0.15097653343132353
65,1458,1523,0.15097098332748077
64,1451,1515,0.15096854066006807
64,1449,1513,0.15096907733125584
65,1449,1514,0.1509700435015271
64,1457,1521,0.15096815504902353
66,1448,1514,0.1509695946948615
62,1445,1507,0.15096481976984105
63,1443,1506,0.15097199759466823
62,1451,1513,0.1509759625327471
62,1444,1506,0.15098270978216102
64,1444,1508,0.15098928818204463
64,1454,1518,0.15098952910354657
65,1455,1520,0.15098978312089875
65,1460,1525,0.15098726248699057
65,1450,1515,0.1509852451480438
62,1451,1513,0.15098334306839614
62,1444,1506,0.15099068277178762
62,1439,1501,0.15099724419548446
63,1430,1493,0.15100363010463258
65,1439,1504,0.15100717301510513
63,1451,1514,0.15100508665989076
63,1442,1505,0.15100871259711504
62,1439,1501,0.15101256975680935
63,1450,1513,0.15101938470696807
63,1455,1518,0.15102289538015978
60,1457,1517,0.1510261278800013
58,1464,1522,0.15103768814054763
58,1471,1529,0.15105406978522148
56,1466,1522,0.1510696619862374
58,1471,1529,0.15108969050729745
58,1472,1530,0.15110301420005434
56,1475,1531,0.1511154618171207
58,1472,1530,0.15113287350853372
58,1467,1525,0.15114350090633513
61,1470,1531,0.15115351107110828
64,1463,1527,0.15115441803335908
64,1460,1524,0.15114625805395956
61,1455,1516,0.1511389250225098
62,1455,1517,0.15114108318802458
59,1447,1506,0.1511400845790784
58,1464,1522,0.1511478098497593
59,1460,1519,0.1511579000884187
60,1448,1508,0.15116431768536884
61,1451,1512,0.15116761120200542
61,1452,1513,0.15116789066061684
57,1444,1501,0.15116831241155487
54,1444,1498,0.15118041781163258
56,1451,1507,0.1512002452761882
57,1454,1511,0.151212958644339
56,1470,1526,0.15122215832608588
55,1461,1516,0.1512337875191526
54,1462,1516,0.1512469989329758
55,1468,1523,0.1512623335776279
57,1472,1529,0.15127376645731208
59,1475,1534,0.15127878696953398
57,1470,1527,0.15127787051276353
54,1466,1520,0.15128326267844638
52,1467,1519,0.1512971450876659
54,1457,1511,0.1513156969165954
55,1464,1519,0.15132726417547143
53,1456,1509,0.15133481146522285
52,1456,1508,0.15134715732496337
52,1451,1503,0.15136196786556788
50,1448,1498,0.15137583838591354
48,1444,1492,0.15139447325586258
51,1460,1511,0.1514176616182507
53,1453,1506,0.15143046473500144
52,1460,1512,0.15143708016874524
53,1463,1516,0.15144616012692252
54,1466,1520,0.1514519293839531
51,1463,1514,0.15145460971791644
52,1457,1509,0.15146575696874592
54,1465,1519,0.15147337647693776
52,1469,1521,0.15147477377194993
53,1473,1526,0.15148167006733132
52,1477,1529,0.15148544834002528
55,1465,1520,0.15149183777335323
55,1466,1521,0.15148910865978288
55,1468,1523,0.15148665554363794
51,1467,1518,0.1514844097853806
50,1462,1512,0.15149420689363013
51,1467,1518,0.15150683972750567
51,1470,1521,0.15151583298862645
49,1466,1515,0.15152432335381288
51,1464,1515,0.15153797815343498
50,1462,1512,0.15154496545129706
49,1467,1516,0.15155441942373138
50,1477,1527,0.1515657949228643
51,1468,1519,0.15157385726686148
49,1479,1528,0.1515786889930753
50,1478,1528,0.15158903727044618
49,1474,1523,0.15159570981818335
50,1488,1538,0.1516047984882973
47,1479,1526,0.15161065247471328
47,1465,1512,0.15162499801425386
46,1476,1522,0.15163852926416369
46,1465,1511,0.15165364357335678
47,1471,1518,0.1516682220174567
46,1463,1509,0.1516789893957794
46,1465,1511,0.1516919111956088
44,1466,1510,0.1517041027068973
45,1459,1504,0.15172118355516614
45,1459,1504,0.15173468277717372
44,1471,1515,0.15174738979365693
41,1486,1527,0.15176199420078254
44,1478,1522,0.15178456273253257
45,1460,1505,0.15179708715201085
45,1475,1520,0.15180579659237464
45,1461,1506,0.15181394774994295
46,1478,1524,0.15182157925526088
48,1479,1527,0.15182556723399476
46,1473,1519,0.15182390421504677
46,1468,1514,0.1518283055057144
45,1466,1511,0.15183226725963136
45,1481,1526,0.1518387387116087
44,1478,1522,0.1518448202987937
45,1483,1528,0.1518532243867888
43,1478,1521,0.15185836638197567
43,1486,1529,0.1518691176830154
43,1486,1529,0.15187904881577258
44,1473,1517,0.15188838051451903
42,1475,1517,0.1518941826470826
44,1481,1525,0.15190549478115054
47,1480,1527,0.151909784734581
48,1480,1528,0.1519049102921939
46,1477,1523,0.1518973824249507
45,1471,1516,0.1518960682181211
45,1464,1509,0.15189780796784144
44,1470,1514,0.15189941011837685
43,1469,1512,0.1519039353760636
42,1471,1513,0.15191115722566984
42,1471,1513,0.1519207084642574
39,1469,1508,0.1519299101234541
39,1478,1517,0.15194700149017476
39,1478,1517,0.15196308211208698
38,1483,1521,0.15197840308509597
38,1481,1519,0.15199556685013316
39,1477,1516,0.1520115968674883
38,1480,1518,0.15202346475801043
37,1483,1520,0.15203763387633226
37,1480,1517,0.15205397274456445
36,1496,1532,0.1520693257199711
38,1489,1527,0.15208654682761233
35,1484,1519,0.15209653698272485
33,1474,1507,0.15211463042139964
33,1483,1516,0.15213799442667622
37,1477,1514,0.1521598103133462
36,1485,1521,0.15216815433242276
37,1484,1521,0.1521794033261593
37,1483,1520,0.15218699593289112
37,1477,1514,0.152194201026545
38,1476,1514,0.15220103012748187
39,1472,1511,0.15220432547518642
39,1465,1504,0.15220451405272364
38,1460,1498,0.15220507630993058
38,1464,1502,0.15220850988171195
36,1458,1494,0.15221159898958883
37,1455,1492,0.15222086449274597
37,1462,1499,0.15222615459403788
35,1463,1498,0.1522312393369074
35,1470,1505,0.1522419716113468
37,1464,1501,0.1522520040287856
37,1473,1510,0.15225564310241851
36,1460,1496,0.15225912060956653
37,1482,1519,0.1522652982676729
39,1481,1520,0.15226802257308525
39,1478,1517,0.1522645552538519
40,1478,1518,0.1522613790904009
40,1482,1522,0.15225531332430853
39,1494,1533,0.1522496614822834
39,1489,1528,0.15224742094434401
40,1481,1521,0.15224533583812855
39,1483,1522,0.15224034719941976
37,1494,1531,0.15223872069890115
37,1485,1522,0.15224296699574025
36,1482,1518,0.15224645356610714
37,1488,1525,0.15225260288139064
37,1474,1511,0.1522550646593515
37,1481,1518,0.15225754328440197
37,1474,1511,0.1522594696384786
36,1475,1511,0.1522613288542978
35,1476,1511,0.15226597113622614
34,1478,1512,0.15227345447044338
32,1482,1514,0.15228311844752057
32,1475,1507,0.15229806772951146
32,1480,1512,0.15231200004059686
32,1487,1519,0.1523250035253122
33,1472,1505,0.15233714876840718
33,1483,1516,0.15234535359842358
33,1471,1504,0.15235340432205177
32,1484,1516,0.15236111645307548
31,1485,1516,0.15237136550728814
30,1484,1514,0.15238401230253423
31,1481,1512,0.15239874766446235
30,1478,1508,0.15240978182920556
29,1483,1512,0.15242310171370735
31,1485,1516,0.15243841395552138
31,1493,1524,0.15244693008983587
31,1491,1522,0.15245491489670857
29,1486,1515,0.1524627477640498
30,1483,1513,0.15247639820622935
30,1476,1506,0.1524861661918889
31,1490,1521,0.1524953637632656
31,1492,1523,0.15250079244931064
31,1486,1517,0.1525059126234169
31,1483,1514,0.15251093065692864
29,1477,1506,0.1525156422895383
26,1479,1505,0.15252593729467873
23,1483,1506,0.15254439824711644
24,1486,1510,0.15257086453145294
23,1475,1498,0.15259223282782955
24,1491,1515,0.1526153130972195
23,1494,1517,0.15263395769353683
23,1494,1517,0.15265456331606608
22,1502,1524,0.15267393763889078
22,1500,1522,0.15269532281445103
22,1478,1500,0.15271539324914174
22,1483,1505,0.15273431873825533
22,1483,1505,0.15275213956932213
23,1484,1507,0.15276888812167644
23,1487,1510,0.15278138100702332
23,1486,1509,0.1527930960357626
24,1490,1514,0.1528043380519084
23,1481,1504,0.15281206718973075
23,1486,1509,0.15282241958687515
23,1485,1508,0.1528321098720234
24,1485,1509,0.1528411954610582
25,1493,1518,0.15284657601546056
24,1488,1512,0.15284872057035997
24,1474,1498,0.15285397955055602
23,1475,1498,0.15285895575579642
23,1478,1501,0.1528665784370013
22,1488,1510,0.15287357568797874
20,1496,1516,0.15288325098114278
21,1494,1515,0.15289832120902602
21,1499,1520,0.15290937473922772
21,1491,1512,0.1529197566779122
23,1498,1521,0.15292948491107003
24,1498,1522,0.1529325946498788
22,1512,1534,0.15293255863087638
23,1498,1521,0.15293886555920044
23,1497,1520,0.1529417562609314
20,1489,1509,0.1529445828299293
20,1491,1511,0.152956062283083
22,1491,1513,0.15296683231407823
23,1502,1525,0.15297109154522098
23,1509,1532,0.15297233365232032
22,1507,1529,0.1529735666012127
22,1504,1526,0.15297765579914302
21,1503,1524,0.1529815204983188
21,1509,1530,0.15298810013501835
22,1511,1533,0.15299430073879375
23,1506,1529,0.15299712706863067
23,1500,1523,0.15299704352887997
22,1499,1521,0.15299687921991872
23,1499,1522,0.1529997588848405
22,1492,1514,0.1529993662179353
22,1504,1526,0.15300185638203742
21,1496,1517,0.1530041474191547
21,1490,1511,0.15300922238576276
21,1483,1504,0.15301382607682895
22,1457,1479,0.15301826259076864
22,1476,1498,0.15301965250318836
21,1485,1506,0.1530209509847804
21,1483,1504,0.15302535209105408
21,1486,1507,0.15302948357702795
22,1489,1511,0.15303336878681756
22,1483,1505,0.15303397688076814
22,1481,1503,0.15303457385079017
20,1476,1496,0.15303514575967603
20,1484,1504,0.15304185259021275
19,1487,1506,0.1530481061829363
20,1479,1499,0.15305679642386782
20,1493,1513,0.1530620546858513
20,1482,1502,0.15306698801602092
19,1492,1511,0.15307161824649623
19,1506,1525,0.1530788531376871
19,1492,1511,0.15308556279289715
18,1486,1504,0.15309182163292426
18,1493,1511,0.1531008849698187
19,1497,1516,0.15310929377875485
19,1493,1512,0.15311423900216056
20,1475,1495,0.15311894108978089
20,1479,1499,0.15312047912443205
19,1490,1509,0.15312192046966228
19,1493,1512,0.15312619115665357
19,1491,1510,0.15313013733072378
19,1487,1506,0.15313381797223738
19,1490,1509,0.15313719001217838
19,1494,1513,0.15314037988596282
17,1511,1528,0.15314333079464723
16,1505,1521,0.15315199678213653
15,1492,1507,0.1531633162493757
15,1488,1503,0.15317673665660642
15,1501,1516,0.1531892430944401
18,1486,1504,0.15320092551603628
18,1496,1514,0.15320290522020946
17,1503,1520,0.15320490510779103
19,1497,1516,0.15320972539175248
21,1487,1508,0.1532081130847176
22,1497,1519,0.15320058940552136
22,1490,1512,0.1531906674226296
22,1481,1503,0.15318147119194708
21,1491,1512,0.15317291988387396
22,1495,1517,0.15316774180212495
21,1490,1511,0.1531601199415902
19,1489,1508,0.15315620314854378
21,1497,1518,0.15315830023123925
22,1500,1522,0.15315441790386683
22,1492,1514,0.15314794087636366
22,1475,1497,0.15314193804284315
21,1481,1502,0.15313636189342839
20,1493,1513,0.15313409183631221
20,1505,1525,0.15313503395764969
18,1494,1512,0.15313588184180935
18,1487,1505,0.15314236898544364
18,1489,1507,0.15314871248151662
19,1506,1525,0.15315462474947616
19,1506,1525,0.1531571370134306
18,1496,1514,0.15315950239963752
18,1503,1521,0.1531646268458111
18,1503,1521,0.1531693926143969
17,1502,1519,0.15317383674515067
17,1492,1509,0.15318096121135016
17,1487,1504,0.15318765162238418
17,1491,1508,0.15319388750272592
17,1496,1513,0.15319970510745762
17,1501,1518,0.1532051408220587
17,1504,1521,0.15321022419123043
14,1507,1521,0.15321498093457275
16,1513,1529,0.1532282517109918
16,1502,1518,0.1532348030673527
17,1496,1513,0.15324089603048274
18,1497,1515,0.15324356700994968
17,1485,1502,0.15324289918965095
17,1500,1517,0.15324528394737283
17,1494,1511,0.15324752589929636
17,1496,1513,0.15324963421166055
19,1495,1514,0.153251519959816
20,1495,1515,0.1532472172447149
20,1504,1524,0.1532404383243158
20,1505,1525,0.15323414627256804
20,1497,1517,0.1532283129489511
18,1498,1516,0.15322289603237407
18,1510,1528,0.15322365904445223
18,1504,1522,0.15322434528540363
18,1504,1522,0.15322507170381974
18,1489,1507,0.15322571781649455
18,1486,1504,0.15322631965008543
18,1492,1510,0.15322681171269806
18,1490,1508,0.15322725620784736
17,1491,1508,0.15322765635320387
17,1493,1510,0.15323111584714583
17,1489,1506,0.15323431268154253
16,1494,1510,0.15323728571007694
17,1489,1506,0.15324288811638048
17,1502,1519,0.15324528471236146
17,1517,1534,0.15324750599104905
16,1509,1525,0.15324958833610577
16,1503,1519,0.15325457219771393
16,1506,1522,0.15325925000951043
16,1510,1526,0.15326363934451956
16,1508,1524,0.15326775438463716
16,1502,1518,0.15327170909887783
16,1493,1509,0.15327542736215174
16,1500,1516,0.15327892033606175
16,1492,1508,0.15328220168112525
16,1496,1512,0.15328520955070662
17,1500,1517,0.15328804605506802
17,1508,1525,0.15328763059324468
18,1512,1530,0.1532873898725508
18,1499,1517,0.15328433295933167
18,1498,1516,0.15328148899716715
17,1506,1523,0.15327886179300101
16,1503,1519,0.15327933306268451
17,1506,1523,0.1532827700201214
18,1516,1534,0.1532830738118732
17,1495,1512,0.15328037737860606
16,1487,1503,0.15328084012909207
13,1492,1505,0.15328427315291912
13,1481,1494,0.15329629626627475
13,1498,1511,0.15330751272771356
13,1487,1500,0.15331797296300595
13,1509,1522,0.1533275846164398
13,1520,1533,0.15333661111401076
13,1518,1531,0.15334506658051578
13,1518,1531,0.15335298341508935
13,1524,1537,0.15336039660106532
13,1512,1525,0.15336733980376432
11,1516,1527,0.15337384450934194
10,1516,1526,0.1533858707469765
10,1514,1524,0.15340014830880672
11,1521,1532,0.15341349769626286
10,1516,1526,0.15342289957336336
10,1506,1516,0.15343469551409056
10,1502,1512,0.15344568595529556
9,1492,1501,0.15345598426915116
9,1504,1513,0.15346873206577702
9,1512,1521,0.15348069773857964
9,1518,1527,0.15349193015415752
10,1519,1529,0.15350247155364907
10,1511,1521,0.15350915508005797
8,1516,1524,0.15351546681737357
9,1523,1532,0.1535277413950347
9,1521,1530,0.1535361656747562
9,1523,1532,0.15354401365816123
9,1520,1529,0.15355136104327563
9,1522,1531,0.15355824945903684
9,1525,1534,0.1535647117546438
9,1511,1520,0.15357077645106906
10,1515,1525,0.15357646928012653
10,1511,1521,0.1535787954942354
10,1512,1522,0.15358096775664457
10,1519,1529,0.15358302164664342
10,1511,1521,0.153584962700602
10,1509,1519,0.15358679552833673
9,1500,1509,0.15358852484135307
9,1505,1514,0.15359331483661262
9,1510,1519,0.15359779650460148
9,1493,1502,0.1536019921938273
7,1520,1527,0.15360592466069237
7,1512,1519,0.15361578224724276
7,1497,1504,0.15362503486055362
7,1504,1511,0.15363370667814302
7,1506,1513,0.1536418368245747
6,1517,1523,0.15364946176391986
6,1518,1524,0.15365979139900318
6,1518,1524,0.1536694804844439
6,1502,1508,0.1536785676103639
6,1497,1503,0.1536870937655611
6,1507,1513,0.15369509580417717
6,1510,1516,0.1537026074231741
7,1504,1511,0.15370965973998763
8,1508,1516,0.15371334604100576
7,1508,1515,0.1537136774293845
7,1512,1519,0.15371713162854053
7,1502,1509,0.15372039332535054
7,1502,1509,0.1537234728488129
7,1507,1514,0.1537263755507058
7,1511,1518,0.15372910908261406
7,1503,1510,0.15373168190257228
7,1504,1511,0.15373410260930426
7,1505,1512,0.15373637964966874
7,1514,1521,0.15373852118356696
7,1509,1516,0.15374053502139914
7,1522,1529,0.15374242859785311
7,1512,1519,0.1537442089650508
7,1507,1514,0.1537458827964346
8,1512,1520,0.15374745639672055
8,1511,1519,0.1537458570513687
8,1513,1521,0.15374436497929378
8,1499,1507,0.15374297165675002
8,1493,1501,0.1537416712775162
8,1493,1501,0.1537404570417228
7,1499,1506,0.15373932250619854
6,1506,1512,0.15374129121830007
6,1508,1514,0.15374625343666237
7,1507,1514,0.15375087805873414
8,1503,1511,0.15375196379148562
8,1509,1517,0.15374989264636593
8,1513,1521,0.1537480030882646
8,1501,1509,0.15374624762094374
9,1490,1499,0.15374461094825553
9,1496,1505,0.15374003497391242
9,1500,1509,0.1537357159795581
8,1500,1508,0.15373184369040607
7,1507,1514,0.15373148985428378
7,1523,1530,0.15373421450797203
7,1516,1523,0.15373677274087783
7,1505,1512,0.15373917251848912
7,1501,1508,0.15374142215764716
7,1502,1509,0.15374353124530793
7,1501,1508,0.15374550901918307
8,1501,1509,0.15374736409455914
7,1506,1513,0.1537459866674614
7,1526,1533,0.15374769336373328
7,1515,1522,0.1537493221182085
7,1511,1518,0.15375084723885382
7,1514,1521,0.15375227410404496
8,1508,1516,0.15375360984841724
8,1503,1511,0.1537518475758437
7,1508,1515,0.15375016866379418
6,1499,1505,0.15375164067384478
7,1509,1516,0.1537559950157136
8,1509,1517,0.15375701745246126
8,1504,1512,0.1537548991581813
8,1510,1518,0.1537529260074035
9,1509,1518,0.1537510834509273
9,1502,1511,0.15374637106401848
8,1500,1508,0.1537419430897102
9,1502,1511,0.15374079402761381
10,1496,1506,0.1537367020395506
11,1501,1512,0.15372973291622774
11,1497,1508,0.1537202031428609
11,1499,1510,0.1537112556081877
11,1509,1520,0.1537028718181157
11,1505,1516,0.15369501693807158
11,1509,1520,0.153687656550815
11,1509,1520,0.15368075812373183
10,1495,1505,0.15367429130939425
10,1502,1512,0.15367117258671667
9,1500,1509,0.15366826742982298
9,1499,1508,0.15366849715311606
8,1504,1512,0.15366873025354916
9,1505,1514,0.15367198786373332
9,1509,1518,0.15367194676568072
9,1505,1514,0.15367190131446684
11,1514,1525,0.1536718444454688
11,1515,1526,0.15366589411470918
11,1513,1524,0.15366027986159414
12,1510,1522,0.1536550380886354
12,1507,1519,0.15364711988616592
11,1502,1513,0.1536397293546762
11,1497,1508,0.1536358564138388
11,1492,1503,0.15363223096261597
11,1500,1511,0.15362883974170033
11,1495,1506,0.15362566402749464
11,1506,1517,0.15362268812249927
10,1497,1507,0.1536198982384513
10,1505,1515,0.15362022574689366
10,1508,1518,0.15362050961388263
9,1515,1524,0.15362075568445732
6,1522,1528,0.1536239881834103
8,1518,1526,0.15363609573678969
8,1533,1541,0.1536414337363063
8,1523,1531,0.1536464174857241
8,1516,1524,0.15365108159694332
9,1522,1531,0.1536554508578929
9,1506,1515,0.15365647941242042
9,1515,1524,0.15365744942113163
9,1516,1525,0.153658357147626
9,1518,1527,0.15365920829948265
8,1516,1524,0.15366000716526454
8,1526,1534,0.15366372652995117
8,1521,1529,0.15366724342498866
8,1531,1539,0.15367053725937452
9,1526,1535,0.15367362188945496
9,1518,1527,0.15367352461393874
9,1520,1529,0.15367341232733644
9,1507,1516,0.1536733142653628
8,1497,1505,0.15367322921283183
7,1501,1508,0.1536762387004896
8,1515,1523,0.15368209492980908
7,1513,1520,0.1536845062474402
8,1508,1516,0.15368983278413828
8,1511,1519,0.15369177925095137
8,1513,1521,0.15369361868437856
8,1503,1511,0.15369534786503672
8,1500,1508,0.1536969737241551
8,1515,1523,0.15369850230413237
8,1515,1523,0.15369993923251113
8,1519,1527,0.15370128984442816
8,1501,1509,0.15370255920775203
8,1482,1490,0.1537037521286262
8,1500,1508,0.15370487315546927
8,1493,1501,0.15370592658502047
8,1494,1502,0.1537069164705216
7,1505,1512,0.1537078466314175
6,1512,1518,0.1537117267760556
6,1513,1519,0.15371843871965743
6,1499,1505,0.15372473106468829
6,1513,1519,0.15373063156076083
6,1509,1515,0.15373610302410398
7,1523,1530,0.15374128819259508
8,1507,1515,0.15374314215967985
8,1510,1518,0.1537417959254959
8,1513,1521,0.1537405467752218
7,1520,1527,0.1537393853399712
7,1514,1521,0.15374138391280268
7,1514,1521,0.15374325123314062
7,1522,1529,0.15374499847542894
6,1512,1518,0.1537466348663271
7,1494,1501,0.1537511798787338
7,1512,1519,0.15375239614154573
7,1499,1506,0.15375353859746876
7,1494,1501,0.15375461182507266
7,1515,1522,0.15375562055172134
8,1513,1521,0.15375656864790452
8,1517,1525,0.15375433884048803
9,1505,1514,0.15375225015481928
9,1519,1528,0.1537472383963757
9,1517,1526,0.15374251347786422
9,1518,1527,0.1537380787319858
9,1517,1526,0.15373391803346245
8,1513,1521,0.15373001480053472
8,1509,1517,0.15372942248267507
8,1518,1526,0.15372886432456234
8,1519,1527,0.15372833422404975
8,1503,1511,0.15372783066456186
7,1501,1508,0.15372735303258744
8,1502,1510,0.1537299291885463
8,1502,1510,0.15372933819119727
8,1520,1528,0.15372876045091652
8,1513,1521,0.1537282140753918
8,1509,1517,0.1537276987804742
8,1514,1522,0.15372721337650747
7,1512,1519,0.15372675642767894
5,1506,1511,0.15372940786515488
5,1524,1529,0.15373791562918018
6,1524,1530,0.15374597284979108
6,1520,1526,0.15375043254340512
6,1514,1520,0.15375461499603577
7,1516,1523,0.15375853985635662
7,1526,1533,0.15375913425980708
7,1506,1513,0.1537597014511067
8,1506,1514,0.15376023308702835
8,1511,1519,0.15375771700982288
8,1512,1520,0.15375534273800892
8,1513,1521,0.15375311583000806
7,1514,1521,0.15375102785445433
7,1509,1516,0.15375214962910252
7,1509,1516,0.15375320355416547
7,1519,1526,0.15375419272474933
7,1522,1529,0.1537551196383529
8,1520,1528,0.15375598811475516
7,1508,1515,0.1537536889879866
7,1507,1514,0.1537546167011426
6,1503,1509,0.15375547583458504
6,1497,1503,0.1537593562439416
6,1493,1499,0.1537629934769289
5,1496,1501,0.15376640997725813
7,1497,1504,0.15377271386002778
7,1511,1518,0.15377231352335996
7,1519,1526,0.15377196690099018
8,1521,1529,0.15377164254559716
9,1507,1516,0.15376813872929812
9,1511,1520,0.15376177465112142
9,1511,1520,0.15375581801436553
9,1494,1503,0.15375022892369233
9,1509,1518,0.1537449836837434
9,1487,1496,0.15374006070467197
8,1490,1498,0.15373543984171587
9,1489,1498,0.15373419451554318
10,1486,1496,0.15372992645053285
11,1487,1498,0.1537228265147052
11,1488,1499,0.15371315312294315
11,1498,1509,0.1537040594767451
9,1512,1521,0.15369533898768828
7,1507,1514,0.1536934917394078
7,1505,1512,0.15369793633863285
6,1500,1506,0.15370208980835368
7,1492,1499,0.15370909080908565
7,1509,1516,0.15371258228945112
8,1510,1518,0.15371586795523992
8,1516,1524,0.15371589737231658
9,1513,1522,0.15371589889070744
8,1523,1531,0.15371288024464008
9,1507,1516,0.15371303812435635
9,1514,1523,0.15371019174410033
9,1501,1510,0.1537074991819556
8,1505,1513,0.1537049706515363
8,1501,1509,0.15370568252817798
7,1502,1509,0.15370634527144098
7,1514,1521,0.15370999744351496
7,1510,1517,0.1537134670368009
7,1503,1510,0.15371672907929612
7,1502,1509,0.15371979179607684
7,1504,1511,0.15372266654535324
7,1514,1521,0.15372536475941284
7,1514,1521,0.15372789737594877
6,1504,1510,0.1537302747128247
6,1512,1518,0.15373552957660658
5,1507,1512,0.15374049456372296
5,1506,1511,0.15374821921658813
5,1506,1511,0.1537555149431494
5,1514,1519,0.15376237699480286
6,1511,1517,0.153768827434181
6,1512,1518,0.15377181100319298
7,1512,1519,0.15377458667389715
7,1500,1507,0.15377409489587407
6,1501,1507,0.15377359419380957
6,1497,1503,0.15377633772548283
5,1502,1507,0.1537789066126793
5,1506,1511,0.15378443356962776
5,1497,1502,0.1537896271838129
6,1510,1516,0.1537945125636587
6,1509,1515,0.15379598111757742
6,1516,1522,0.15379736907914673
7,1498,1505,0.1537986724697426
7,1500,1507,0.15379676650284735
7,1500,1507,0.15379498090136978
7,1501,1508,0.1537933101485176
7,1505,1512,0.15379174755413255
6,1496,1502,0.1537902857142811
6,1508,1514,0.15379202961264266
6,1513,1519,0.1537936701324702
5,1503,1508,0.153795217295581
5,1497,1502,0.15379977690398008
5,1492,1497,0.15380406635453522
5,1493,1498,0.15380809872740023
5,1484,1489,0.15381188682832306
4,1505,1509,0.15381544487602025
4,1499,1503,0.1538219205966133
4,1519,1523,0.15382801287754735
4,1509,1513,0.15383373838338776
3,1526,1529,0.15383911737560044
3,1523,1526,0.15384727169526732
3,1513,1516,0.15385498708740866
3,1515,1518,0.1538622453837461
3,1516,1519,0.15386906885601037
3,1505,1508,0.15387548232381565
3,1509,1512,0.15388151002554654
3,1517,1520,0.15388717504685723
3,1516,1519,0.15389249920193376
3,1498,1501,0.15389750303814245
3,1505,1508,0.1539022058817252
3,1503,1506,0.15390662589772033
3,1516,1519,0.15391078015388973
3,1511,1514,0.1539146846843908
3,1495,1498,0.15391835455134806
2,1505,1507,0.15392180390354532
2,1513,1515,0.15392815506006743
2,1512,1514,0.15393416765092346
2,1512,1514,0.15393983042455933
2,1507,1509,0.15394515944645384
2,1508,1510,0.15395017253573356
2,1519,1521,0.15395488743997554
3,1505,1508,0.15395932133237955
3,1519,1522,0.1539603196795693
3,1507,1510,0.15396125947875125
3,1506,1509,0.153962137950826
3,1511,1514,0.1539629615823867
3,1512,1515,0.1539637349435451
3,1497,1500,0.15396446163726507
3,1505,1508,0.1539651447450046
3,1507,1510,0.15396578701833719
3,1513,1516,0.15396639097048587
3,1518,1521,0.15396695892539852
3,1510,1513,0.15396749304702517
3,1517,1520,0.15396799535856195
3,1519,1522,0.1539684677562346
4,1533,1537,0.15396891201991753
4,1517,1521,0.15396623490153344
3,1513,1516,0.15396369420709052
2,1527,1529,0.1539643960445215
2,1520,1522,0.15396818375770707
2,1504,1506,0.15397179318456383
2,1518,1520,0.15397520075436408
2,1505,1507,0.1539784111131724
1,1505,1506,0.15398143291003338
1,1500,1501,0.1539874525271
1,1505,1506,0.15399312382003735
1,1498,1499,0.15399846711442666
1,1498,1499,0.15400349698650484
1,1514,1515,0.1540082297292468
1,1512,1513,0.15401268181903233
1,1519,1520,0.154016869292692
0,1530,1530,0.15402080751167788
