1374,26,1400,0.13582110505920306
1406,26,1432,0.13296558699108732
1404,28,1432,0.13027222316835416
1417,29,1446,0.12782346138169998
1437,29,1466,0.12555609181150346
1447,29,1476,0.12343732909675903
1458,29,1487,0.12148121776968415
1465,29,1494,0.11967227553219553
1467,31,1498,0.11800789498333582
1470,31,1501,0.11648829293509994
1474,29,1503,0.11509721090281486
1474,29,1503,0.1138218672071427
1475,27,1502,0.1126610988328233
1478,30,1508,0.1116022712894929
1485,30,1515,0.11063122947390014
1482,30,1512,0.1097311822949261
1480,30,1510,0.10891968621288967
1489,31,1520,0.10818594233294855
1476,32,1508,0.10749787927373337
1476,32,1508,0.10690168664037504
1476,30,1506,0.10635847874963104
1475,29,1504,0.10586431748054569
1472,28,1500,0.10541692840939454
1472,29,1501,0.10501629161792597
1471,30,1501,0.10465183167769901
1476,30,1506,0.10432240510519543
1471,31,1502,0.1040118046674336
1460,30,1490,0.10373987758495709
1460,30,1490,0.10351677199726673
1454,31,1485,0.1033139432233527
1465,31,1496,0.10314251183333337
1457,33,1490,0.1029620576675538
1460,33,1493,0.10281529518925836
1456,35,1491,0.1026754313222283
1453,33,1486,0.10255664401812373
1445,33,1478,0.10245529260840858
1449,33,1482,0.10238047408240761
1461,33,1494,0.10230341396106857
1468,32,1500,0.10220723979734342
1461,35,1496,0.10210457152132349
1457,34,1491,0.10202638863344368
1446,34,1480,0.10196360225278606
1454,33,1487,0.1019305421465527
1462,32,1494,0.10188288174639683
1450,33,1483,0.10182208525563985
1447,34,1481,0.10179267392695877
1446,34,1480,0.10177293481521275
1471,34,1505,0.10175681216964916
1467,33,1500,0.10168844740354514
1458,33,1491,0.10163472100119908
1449,33,1482,0.10160510148300718
1467,34,1501,0.10159745498392056
1456,37,1493,0.10155196005331359
1450,37,1487,0.10153397737711814
1458,38,1496,0.10153078003451292
1459,35,1494,0.10151069214718107
1462,36,1498,0.10149048392760612
1446,37,1483,0.10146590996775665
1440,39,1479,0.10147761146822586
1454,39,1493,0.10150089812698376
1446,38,1484,0.1014919994323126
1447,37,1484,0.10150130733896244
1447,37,1484,0.10150713074550008
1439,38,1477,0.10151250301197595
1441,35,1476,0.10153421029255608
1449,35,1484,0.10154998846084955
1445,36,1481,0.10154741973990529
1442,39,1481,0.101553149288039
1448,39,1487,0.10156512793113472
1447,41,1488,0.10156328387471363
1462,41,1503,0.10156389257259014
1448,39,1487,0.10153244982223047
1455,38,1493,0.10153352893496143
1464,41,1505,0.10151964382129508
1446,42,1488,0.10148763202167106
1441,39,1480,0.10149684751292763
1447,39,1486,0.1015163479537735
1456,41,1497,0.10152126421027127
1463,44,1507,0.10150677483635029
1448,43,1491,0.10147891327245098
1436,43,1479,0.10148588251200931
1438,41,1479,0.10151792426618247
1449,40,1489,0.10154274618475082
1459,40,1499,0.10154148607091575
1463,41,1504,0.10151897754297981
1457,45,1502,0.10149012492831125
1453,48,1501,0.1014765337690876
1449,51,1500,0.10147237496201646
1439,51,1490,0.10147746226069476
1431,50,1481,0.10150351909985388
1442,52,1494,0.10154473938924481
1432,52,1484,0.10155853966188894
1442,51,1493,0.10159248827010274
1439,53,1492,0.10160204129360081
1431,52,1483,0.10161729144699554
1438,54,1492,0.10164869082426753
1430,53,1483,0.10166189880506131
1434,51,1485,0.10169164978766261
1434,52,1486,0.10170980620438805
1432,56,1488,0.10172658254250014
1435,60,1495,0.101746366855619
1448,60,1508,0.10175810225603246
1454,58,1512,0.10174065793840231
1457,59,1516,0.10171181153480072
1451,65,1516,0.10167885694753086
1447,66,1513,0.10166214856865637
1448,67,1515,0.10165544980179643
1450,64,1514,0.10164741626599491
1449,67,1516,0.10163613560598211
1449,67,1516,0.1016285048093588
1435,65,1500,0.10162156207131995
1429,63,1492,0.10164532182137882
1432,63,1495,0.10167984853656023
1438,68,1506,0.10170467781536408
1440,70,1510,0.10171436959133341
1445,68,1513,0.10171916603265853
1439,68,1507,0.10171278467865566
1444,68,1512,0.10171978193663637
1436,67,1503,0.10171463639596334
1430,69,1499,0.1017269547890102
1432,69,1501,0.10175142440019348
1427,68,1495,0.10176952141526631
1436,67,1503,0.10179677503196448
1420,70,1490,0.10180249257691777
1428,71,1499,0.10184223079552489
1420,71,1491,0.10186097542516492
1428,70,1498,0.10189568035281411
1435,73,1508,0.10191037852460197
1422,75,1497,0.10190838246463267
1430,78,1508,0.1019345490747575
1417,77,1494,0.10194120420281483
1421,76,1497,0.10197518104522044
1418,76,1494,0.10199801915913198
1409,75,1484,0.10202510607944847
1417,82,1499,0.10206933547071786
1427,82,1509,0.1020925492945556
1425,82,1507,0.10209194403177911
1421,84,1505,0.10209584827294023
1423,85,1508,0.10210822119049796
1410,86,1496,0.10211520569310358
1406,89,1495,0.10215017358835712
1398,90,1488,0.10219081883822437
1398,90,1488,0.10224472434045911
1402,89,1491,0.10229417475907931
1398,86,1484,0.10233071560777614
1383,87,1470,0.10237249225355206
1407,88,1495,0.1024436061000296
1403,88,1491,0.10245643556781543
1403,86,1489,0.10247625586240389
1399,87,1486,0.10249412507748668
1411,89,1500,0.10251919087445435
1401,91,1492,0.10251636996197626
1402,92,1494,0.10253517451339424
1413,95,1508,0.10255060943649905
1417,95,1512,0.10254090347142805
1411,95,1506,0.10252296074582165
1397,98,1495,0.10251957455070894
1389,99,1488,0.1025469249090105
1380,101,1481,0.10258951509736226
1384,102,1486,0.10264772522130901
1389,104,1493,0.10269238562998292
1392,104,1496,0.10272227477897018
1378,104,1482,0.10274341926800573
1386,104,1490,0.10279329578018409
1389,106,1495,0.10282158928480911
1390,101,1491,0.10284043173611782
1384,100,1484,0.1028557863025975
1385,104,1489,0.10288313582145076
1382,107,1489,0.10290644417253603
1388,106,1494,0.10293435512726642
1391,107,1498,0.10294690111531875
1377,113,1490,0.10295236944880641
1371,113,1484,0.1029878708664333
1375,117,1492,0.10303322599663835
1376,117,1493,0.1030651399541344
1380,119,1499,0.10309211646815894
1365,120,1485,0.10310847696607524
1368,120,1488,0.10315674244004808
1366,122,1488,0.1031943934737292
1369,125,1494,0.10323316336631716
1361,124,1485,0.10326259445595501
1359,126,1485,0.10330683844305956
1363,121,1484,0.10335203264140479
1359,124,1483,0.10338447641224752
1369,125,1494,0.10342335137780247
1355,124,1479,0.10343812356860471
1360,125,1485,0.1034817396126018
1351,130,1481,0.10351010409129843
1341,131,1472,0.1035558112673785
1343,135,1478,0.1036194441091612
1353,133,1486,0.10367245924294288
1358,133,1491,0.10369939135615859
1357,137,1494,0.10371356543276036
1339,135,1474,0.10372852480324822
1340,133,1473,0.10378138422097827
1341,133,1474,0.10382744007270116
1348,134,1482,0.1038671216175156
1367,136,1503,0.10388740160137543
1361,136,1497,0.10386417088099349
1374,135,1509,0.10385568206010629
1375,130,1505,0.10381969652360094
1376,132,1508,0.1037842594093012
1375,133,1508,0.10375009211475338
1372,137,1509,0.10372086174938232
1369,132,1501,0.10370064956186692
1361,134,1495,0.10368862320960194
1358,134,1492,0.10369517302324016
1345,130,1475,0.10370739359832905
1341,135,1476,0.10374706673172024
1343,134,1477,0.10379240129268542
1343,137,1480,0.10382976994816975
1351,136,1487,0.10386344287039753
1353,132,1485,0.1038765234088652
1364,130,1494,0.10388427562860027
1372,133,1505,0.10386724227162702
1367,130,1497,0.10383418382449565
1355,134,1489,0.1038147703580147
1357,137,1494,0.10382282156106333
1362,133,1495,0.10382614569896319
1357,131,1488,0.10381868400543123
1348,134,1482,0.10382255078951591
1354,133,1487,0.1038462670450497
1362,134,1496,0.10385438426105134
1361,136,1497,0.10384389712579542
1346,134,1480,0.1038364362245565
1348,137,1485,0.10386247449143085
1346,142,1488,0.10388282890704476
1349,145,1494,0.10390550771566193
1347,150,1497,0.10391989446470695
1348,149,1497,0.10393765323558973
1344,147,1491,0.10395162865950996
1346,148,1494,0.10397394718723803
1356,153,1509,0.10399077995740455
1348,150,1498,0.10398477967011463
1336,156,1492,0.10399681611668093
1344,159,1503,0.1040342023040786
1350,157,1507,0.10405137555311025
1350,153,1503,0.10405448792225475
1337,153,1490,0.1040568145476648
1326,157,1483,0.10408839374033459
1338,157,1495,0.10414158786015708
1337,158,1495,0.10416325748386136
1332,160,1492,0.10418482744555183
1340,153,1493,0.10421512292832476
1347,155,1502,0.10422572108016084
1342,155,1497,0.10421946673574972
1343,150,1493,0.10422314505915996
1349,150,1499,0.1042246424431578
1353,150,1503,0.1042128497256293
1344,149,1493,0.10419327516121184
1349,149,1498,0.10419461792335914
1350,151,1501,0.1041850763892395
1347,152,1499,0.10417364634056214
1337,153,1490,0.10417042075867361
1342,150,1492,0.10418890039799472
1348,148,1496,0.10419532799845349
1335,150,1485,0.10418826828864516
1347,153,1500,0.10420995787718425
1335,155,1490,0.10420439902825152
1331,158,1489,0.10422575858318606
1345,157,1502,0.1042539391561316
1342,159,1501,0.10424933785676029
1328,161,1489,0.10425227939411834
1333,162,1495,0.10428516140352916
1338,156,1494,0.10430435035802159
1339,155,1494,0.10431073558506476
1334,160,1494,0.10431421731377068
1343,163,1506,0.10432855190097473
1349,161,1510,0.10432214229019124
1337,156,1493,0.10430309145414356
1332,155,1487,0.10431109791933497
1327,154,1481,0.1043290961215732
1335,151,1486,0.10435579930388528
1337,151,1488,0.10436287080141042
1332,153,1485,0.1043643459436764
1333,156,1489,0.10437642240741614
1342,158,1500,0.1043856655922774
1351,159,1510,0.1043748267332801
1341,161,1502,0.10434510902117683
1324,162,1486,0.10434032441082669
1319,164,1483,0.10437334974343766
1317,162,1479,0.10441473198126097
1326,162,1488,0.10445705107981651
1322,163,1485,0.10447612297839665
1320,163,1483,0.10450268732716494
1316,166,1482,0.10453163962528944
1324,169,1493,0.10456745387545502
1332,169,1501,0.10458306590901462
1338,169,1507,0.10457929358084797
1325,169,1494,0.1045627305910088
1320,175,1495,0.10457706307190488
1312,174,1486,0.10460051162237967
1301,174,1475,0.10463934670084293
1310,180,1490,0.10469834319830923
1311,180,1491,0.1047325656908227
1311,182,1493,0.10476254494745821
1313,177,1490,0.10478972620680942
1312,178,1490,0.10480984713764023
1317,176,1493,0.10483012169927033
1313,177,1490,0.1048373677241389
1314,180,1494,0.10485326649166345
1308,179,1487,0.10486635604999565
1306,181,1487,0.10489185213818303
1304,181,1485,0.104918968030718
1296,185,1481,0.1049486257486869
1293,179,1472,0.10499296750424138
1285,182,1467,0.10504045052332484
1296,176,1472,0.10510131889687441
1297,180,1477,0.10513229911346204
1297,183,1480,0.10515842360272963
1303,179,1482,0.10518223173851858
1306,182,1488,0.1051905046890797
1305,186,1491,0.10519176880319162
1298,187,1485,0.10519494020556991
1298,187,1485,0.10521387665799603
1299,194,1493,0.10523125310444437
1299,193,1492,0.10524554260277483
1288,191,1479,0.10525871972657833
1295,191,1486,0.10529483649161535
1292,196,1488,0.10531330531938474
1287,196,1483,0.10533786081552217
1285,197,1482,0.1053711830348882
1289,203,1492,0.10540647434347455
1290,204,1494,0.10542989904222769
1298,203,1501,0.10544943562191392
1290,204,1494,0.105449353132934
1288,209,1497,0.10546696625778586
1284,213,1497,0.10548635294346076
1288,214,1502,0.1055140855036581
1272,208,1480,0.10553107446685463
1273,208,1481,0.10558174962438865
1289,211,1500,0.10562628944583986
1282,215,1497,0.10563086755204877
1289,212,1501,0.10565021966711247
1289,214,1503,0.10565251315895711
1291,209,1500,0.10565404116641457
1281,210,1491,0.10565072472859996
1287,208,1495,0.10567026983156617
1290,211,1501,0.10567551637383378
1290,209,1499,0.10567331356070751
1293,206,1499,0.10567129567939534
1288,206,1494,0.1056621572328435
1278,206,1484,0.10566521535388487
1288,204,1492,0.10569091507782073
1284,208,1492,0.10569256266535616
1286,210,1496,0.10570322915810731
1283,207,1490,0.10570815741189837
1276,209,1485,0.10572004252934636
1281,212,1493,0.10574582482747434
1278,209,1487,0.10575855686184818
1274,213,1487,0.10577602805996515
1281,210,1491,0.10580007075684315
1277,208,1485,0.105806341975624
1295,208,1503,0.10582173952405409
1294,205,1499,0.1057958631472372
1299,207,1506,0.10577537013567583
1292,215,1507,0.10574558722377582
1288,211,1499,0.10573434022827818
1286,208,1494,0.10573330633695449
1283,213,1496,0.10573660407001341
1288,215,1503,0.1057458252976118
1292,217,1509,0.10574273987141168
1288,214,1502,0.10573078971380001
1292,211,1503,0.10572885778210273
1279,217,1496,0.10571765811470815
1270,218,1488,0.10573748688451541
1259,217,1476,0.10577600858045112
1261,221,1482,0.1058361308933777
1272,222,1494,0.10588757606177669
1277,224,1501,0.10590967199915127
1291,226,1517,0.10591781799128767
1262,230,1492,0.10589383639046812
1258,237,1495,0.10593660163007534
1266,239,1505,0.10598424591951087
1273,236,1509,0.10601137270231163
1267,233,1500,0.10601986549252061
1273,228,1501,0.10604059330044129
1270,232,1502,0.1060472295029288
1263,232,1495,0.10605912527847852
1265,236,1501,0.10608611951794615
1268,236,1504,0.10610747755533247
1258,236,1494,0.10612054461230437
1271,239,1510,0.10615471021745758
1269,236,1505,0.10615697348646638
1262,237,1499,0.10616272010225825
1260,238,1498,0.10618423300176491
1259,240,1499,0.10620812866802976
1251,242,1493,0.10623161065181469
1247,247,1494,0.1062717268375906
1259,242,1501,0.10631752954914557
1249,239,1488,0.106333410582629
1245,238,1483,0.10636970708610409
1234,240,1474,0.10641240626517083
1236,239,1475,0.10647599331523148
1238,240,1478,0.10652958435628314
1248,243,1491,0.10657420706886005
1248,241,1489,0.10659277101243887
1231,243,1474,0.10660967168511455
1239,247,1486,0.10666353472821304
1236,251,1487,0.10669499268301323
1236,260,1496,0.10673104969003117
1234,263,1497,0.10676419063621446
1232,265,1497,0.10679969205227635
1226,268,1494,0.10683700994405536
1226,266,1492,0.10688513552781138
1218,268,1486,0.10692977138188942
1216,265,1481,0.10698835141255202
1231,270,1501,0.10704604448756756
1223,275,1498,0.1070652542413497
1227,274,1501,0.10710030594242304
1224,275,1499,0.10712380410482175
1222,274,1496,0.10715242726054171
1218,278,1496,0.10718348561372507
1213,276,1489,0.1072212163141219
1218,276,1494,0.10726632166680934
1235,277,1512,0.10729587364411135
1230,286,1516,0.1072855930601507
1218,281,1499,0.10728779557498334
1212,283,1495,0.10731613796635166
1216,284,1500,0.10735632752641337
1208,279,1487,0.1073846678062758
1206,283,1489,0.10742949897892853
1205,280,1485,0.10747469220180472
1206,289,1495,0.10751872779117551
1200,291,1491,0.10755749372978596
1197,296,1493,0.10760742798410732
1201,299,1500,0.10766048568487378
1184,304,1488,0.10770069855456331
1192,304,1496,0.10777673390310984
1185,309,1494,0.10782823377705045
1188,311,1499,0.10789156002699862
1185,306,1491,0.10794361806662167
1190,311,1501,0.10799759086615023
1184,308,1492,0.10803573370552394
1189,314,1503,0.10808555915434497
1185,313,1498,0.10812034374621378
1189,314,1503,0.10816180284119975
1199,311,1510,0.10819099391805702
1201,314,1515,0.10819561244574499
1190,312,1502,0.10819508709430535
1194,313,1507,0.10821961449707025
1192,309,1501,0.10823390752251286
1188,310,1498,0.1082513567797954
1176,314,1490,0.10827730369607562
1168,314,1482,0.10832684915939064
1180,315,1495,0.10839149105062205
1177,320,1497,0.10842291037057195
1180,319,1499,0.10845935515405376
1165,321,1486,0.10848620639607541
1171,327,1498,0.1085449993552248
1163,328,1491,0.10858493149281571
1175,325,1500,0.10864058529437635
1187,328,1515,0.10866413153635829
1179,321,1500,0.1086585935136165
1181,323,1504,0.10867174971961654
1171,327,1498,0.1086790407981026
1171,323,1494,0.10870956171237499
1167,323,1490,0.10873844680730599
1180,316,1496,0.10877370189822139
1178,323,1501,0.10877514558049711
1179,328,1507,0.1087813922496763
1183,325,1508,0.10878506434071138
1170,325,1495,0.10877895154557375
1172,328,1500,0.10880285252543892
1162,330,1492,0.10881978328196108
1158,331,1489,0.10885898912218435
1164,335,1499,0.1089038569015511
1157,339,1496,0.10893177905274042
1155,334,1489,0.10897405291142072
1159,331,1490,0.10901749270103675
1171,335,1506,0.10904862679602413
1182,334,1516,0.1090504129056657
1182,332,1514,0.10902759692224226
1183,331,1514,0.10900732231816629
1179,334,1513,0.10898653885428565
1178,334,1512,0.10897627120540966
1174,328,1502,0.10896974079832512
1169,339,1508,0.1089727810202344
1166,333,1499,0.10898772163631965
1156,335,1491,0.10900710022214508
1161,334,1495,0.10904700920353914
1158,328,1486,0.10907209796566772
1151,336,1487,0.10910238242496055
1156,335,1491,0.10914616794461494
1153,332,1485,0.10917440062513684
1144,336,1480,0.10920815301070538
1153,334,1487,0.10926167404595738
1152,332,1484,0.10928982386518088
1162,340,1502,0.10931735558439477
1153,338,1491,0.10931999190915402
1159,339,1498,0.10934312163783334
1150,335,1485,0.10935047120590387
1154,345,1499,0.10937710183221892
1148,341,1489,0.10939193400357645
1139,339,1478,0.10941945378406048
1135,339,1474,0.10946566446401583
1132,345,1477,0.10951786205054653
1146,355,1501,0.10957224601311194
1151,355,1506,0.10959015428882254
1142,365,1507,0.10959658016584627
1134,367,1501,0.10962333437780124
1139,364,1503,0.10966664874288053
1144,365,1509,0.10969484346095848
1150,362,1512,0.10970967951690536
1133,364,1497,0.10970913850058031
1139,369,1508,0.10974920038534439
1127,364,1491,0.10977277104362089
1123,368,1491,0.10982210197710007
1114,374,1488,0.10987519309725602
1121,371,1492,0.10994481871618536
1118,375,1493,0.10999353218802281
1121,375,1496,0.11004570285211682
1122,375,1497,0.11008686822277376
1122,377,1499,0.11012284167945008
1128,376,1504,0.11015657403545905
1120,373,1493,0.11017474868441536
1122,371,1493,0.1102093099494207
1131,371,1502,0.11023657383823952
1135,366,1501,0.11023988804945402
1135,372,1507,0.11023386346979684
1131,377,1508,0.11022904471415806
1135,376,1511,0.11023460304192806
1121,376,1497,0.11022997060968784
1113,376,1489,0.11025594417019668
1107,379,1486,0.11029970211200402
1106,380,1486,0.11035327329939988
1104,378,1482,0.11040540134391959
1108,372,1480,0.11045825427240938
1122,375,1497,0.11049689039732684
1124,370,1494,0.11050044732548853
1129,370,1499,0.11049823720909874
1124,371,1495,0.11048591557435952
1135,369,1504,0.1104848217105898
1123,370,1493,0.110458390171905
1131,363,1494,0.11046197074900206
1140,357,1497,0.11044675794837634
1133,362,1495,0.1104115897408278
1139,366,1505,0.11039557610459633
1135,368,1503,0.11036695735212679
1134,364,1498,0.11035049133861684
1132,371,1503,0.11033832873660541
1134,372,1506,0.1103323131699139
1124,372,1496,0.11032130092029961
1123,375,1498,0.11033556833739873
1125,383,1508,0.11035048622675166
1125,375,1500,0.1103599931249855
1129,378,1507,0.11036847329896028
1120,373,1493,0.11036616131721212
1106,377,1483,0.11038576214595323
1111,378,1489,0.11043680720517798
1110,376,1486,0.11047270139816182
1114,376,1490,0.11050794099131829
1111,378,1489,0.11053145182226436
1119,384,1503,0.11056005231230134
1124,380,1504,0.11056854116231614
1120,379,1499,0.1105632805023554
1129,380,1509,0.1105672153098595
1120,381,1501,0.11055122023504228
1118,388,1506,0.11055707896643138
1114,385,1499,0.11056768084973367
1103,391,1494,0.11058684496524673
1105,396,1501,0.11063080031794374
1106,400,1506,0.11066639420212634
1112,403,1515,0.11069886909828902
1103,405,1508,0.11071562610390913
1096,413,1509,0.11075215122877297
1088,407,1495,0.11080372166338759
1087,406,1493,0.11086920461802528
1085,409,1494,0.11093139201610774
1084,412,1496,0.1109946313081787
1086,417,1503,0.11105552325174305
1089,420,1509,0.11110588568626692
1085,419,1504,0.11114547236931252
1099,421,1520,0.11118931231575263
1094,414,1508,0.11119754229619268
1094,419,1513,0.11121623477111235
1073,422,1495,0.11123246251377708
1073,422,1495,0.11129581845384212
1062,419,1481,0.11135541587633682
1071,427,1498,0.1114360583022108
1067,427,1494,0.11149000791093788
1052,432,1484,0.11154804017490765
1059,433,1492,0.11163681908255768
1071,427,1498,0.11170338102471696
1067,435,1502,0.11173590219204009
1056,439,1495,0.11177685928071902
1044,436,1480,0.11184156364445631
1042,435,1477,0.11192727843450204
1048,437,1485,0.11201144767730781
1036,443,1479,0.11207614608576463
1037,452,1489,0.11216342394560386
1032,455,1487,0.11224160516093239
1030,452,1482,0.11232514567021536
1032,460,1492,0.11240665769831175
1040,463,1503,0.11247876272400664
1040,467,1507,0.11252539324224312
1045,470,1515,0.11256767132081728
1037,469,1506,0.1125961908429662
1046,462,1508,0.11264112845038703
1049,457,1506,0.1126602035593788
1042,458,1500,0.11267014498638335
1038,457,1495,0.11269692970514597
1024,460,1484,0.11273101713432897
1022,470,1492,0.11279548828541501
1004,474,1478,0.11285914679061157
1017,474,1491,0.1129615106128119
1010,482,1492,0.11302548634068639
1012,489,1501,0.11310144774832928
1007,493,1500,0.11316717578118685
1007,492,1499,0.11323922346356592
1016,494,1510,0.11330572433040345
1007,497,1504,0.11334615623420351
1005,491,1496,0.11340429663501832
1014,493,1507,0.11346279405521283
1013,497,1510,0.11349510217591476
1006,499,1505,0.11352707978382544
996,506,1502,0.11357299476234964
998,506,1504,0.11363830770464244
995,504,1499,0.11369456475816961
989,514,1503,0.11375600062054207
983,514,1497,0.11382819543374403
999,517,1516,0.11390677622618739
991,501,1492,0.11394044233311
998,510,1508,0.11399087213363295
995,516,1511,0.11402091174870346
991,509,1500,0.11405439649658708
1001,505,1506,0.11409454728265399
995,506,1501,0.11410753087847476
1010,512,1522,0.11413308514175209
1006,514,1520,0.1141217250008668
1000,512,1512,0.11411985000502427
1005,508,1513,0.11413166309249351
1000,505,1505,0.11413310399242274
998,518,1516,0.1141479331517054
1002,528,1530,0.11416711217636223
1004,525,1529,0.11417516908064045
993,515,1508,0.11417666747347394
1004,519,1523,0.11420421701941458
1006,517,1523,0.11420318885150549
1008,521,1529,0.11419799687953537
1008,523,1531,0.11418925244586738
993,518,1511,0.1141809238374604
983,518,1501,0.11420873926245637
971,509,1480,0.11425837688896742
976,514,1490,0.11433325058030856
985,511,1496,0.11438953078136943
984,510,1494,0.11441924640705953
990,516,1506,0.11444774444683972
979,519,1498,0.11446027720079778
978,525,1503,0.11449875500040128
966,525,1491,0.11453752473598118
971,520,1491,0.11460130639236894
980,521,1501,0.11464753619896104
981,522,1503,0.11467068081636675
977,526,1503,0.1146886424066763
977,529,1506,0.11471386578404554
978,532,1510,0.11473687653153405
981,528,1509,0.11475655836838054
979,527,1506,0.11476653134606929
978,522,1500,0.11478024199665006
972,523,1495,0.11479522759921956
967,525,1492,0.11482272927758208
979,523,1502,0.11485996858589025
971,528,1499,0.11486500004544871
968,533,1501,0.11488867535512813
969,532,1501,0.11491885024702041
959,534,1493,0.11494503834462189
955,529,1484,0.11499293427142224
937,535,1472,0.11504710618912903
949,546,1495,0.11513877003607981
956,534,1490,0.11519552740859818
966,542,1508,0.11523140115434029
964,534,1498,0.115239585193646
960,534,1494,0.11525137581032449
952,537,1489,0.11527339040964538
956,543,1499,0.11531295400120432
959,543,1502,0.11533906443659216
956,557,1513,0.11535567433790538
948,554,1502,0.11537867951190575
950,560,1510,0.11541998061201886
941,562,1503,0.11545349512540228
932,560,1492,0.1155065621127907
930,568,1498,0.11557685171382893
938,558,1496,0.11564690124608326
933,559,1492,0.11569204152875795
939,563,1502,0.11574561788253071
936,564,1500,0.11578136095749372
940,566,1506,0.11582077953903709
948,557,1505,0.11584743091430655
941,557,1498,0.11585259891308652
934,563,1497,0.11587526157019379
936,566,1502,0.11591285161885682
936,559,1495,0.11594276290036433
939,562,1501,0.11597001600108663
928,572,1500,0.1159880578272061
925,575,1500,0.1160324763417205
925,574,1499,0.11607973033182806
931,570,1501,0.1161254300094693
937,559,1496,0.11615284226766268
939,558,1497,0.11616223996150213
943,559,1502,0.1161675048072085
943,557,1500,0.11616160030701059
949,565,1514,0.11615655050945406
945,561,1506,0.11613787583907766
946,565,1511,0.11612977871557244
942,560,1502,0.11612061221181792
942,561,1503,0.1161222408352981
938,568,1506,0.11612372459758592
930,565,1495,0.11613541709159118
924,558,1482,0.11616410935183229
921,569,1490,0.1162055662739628
907,580,1487,0.1162510514760068
905,588,1493,0.1163283333106778
910,586,1496,0.11640474482551845
904,592,1496,0.11646386006962105
912,593,1505,0.1165339271011595
904,587,1491,0.11658000799985184
911,582,1493,0.11664252701074934
913,596,1509,0.11668291707101001
908,601,1509,0.11671543208498186
904,605,1509,0.11675787510277688
902,606,1508,0.11680872636015813
911,607,1518,0.11686032155660564
912,613,1525,0.11688639332070987
907,607,1514,0.11690757681620381
889,604,1493,0.11693890404990409
880,608,1488,0.11701155359079735
882,612,1494,0.11710009717180206
885,613,1498,0.11717577231325685
878,607,1485,0.11723992650965812
883,609,1492,0.11731651275874427
885,619,1504,0.11737445987436416
879,623,1502,0.11742395568888134
875,623,1498,0.1174850552376895
878,629,1507,0.1175525367070242
888,627,1515,0.11760811995977878
884,624,1508,0.11763546657156614
871,612,1483,0.11767180099540013
859,621,1480,0.11773598331511026
863,625,1488,0.11782391194372037
864,623,1487,0.11789656574025742
872,638,1510,0.1179607329980269
873,645,1518,0.11800258359694726
862,655,1517,0.11803815536027788
859,653,1512,0.11809829826759952
858,649,1507,0.11816087489331153
851,646,1497,0.11822163614851605
844,647,1491,0.11829445435160314
850,651,1501,0.11837970360303501
843,649,1492,0.11844504171422474
835,644,1479,0.11852093328932685
841,650,1491,0.11860882269152867
830,647,1477,0.11867651982347603
846,651,1497,0.1187641924351139
862,654,1516,0.11880527805652452
856,648,1504,0.11880471289788413
849,646,1495,0.11881988616852673
846,654,1500,0.11885176804641667
843,657,1500,0.11888715329343275
831,663,1494,0.11892671314401575
829,666,1495,0.11899295749032122
840,662,1502,0.11905755523039271
841,662,1503,0.11909051215921299
849,660,1509,0.11911969372655491
852,667,1519,0.11912863293464301
848,664,1512,0.1191300958310391
852,666,1518,0.11914129740936558
843,665,1508,0.11914151256851124
844,660,1504,0.11916234906721909
847,662,1509,0.11917954586584219
845,668,1513,0.11918728892168247
843,671,1514,0.11919810883656445
843,663,1506,0.11921210330033745
837,669,1506,0.11922792545941652
833,672,1505,0.11925826862595666
831,666,1497,0.11929587361771354
829,663,1492,0.11933500336858248
839,671,1510,0.11937549363731549
844,672,1516,0.11938799553410845
843,678,1521,0.11938759738625979
845,668,1513,0.11938944330433827
846,667,1513,0.11938591170457727
845,672,1517,0.11938092145260416
828,673,1501,0.1193777129209369
822,674,1496,0.11941851221967738
813,688,1501,0.11947144928576997
808,684,1492,0.11954275607645051
811,683,1494,0.11962104881033732
795,688,1483,0.11968646606531486
793,694,1487,0.11978543397087948
799,688,1487,0.1198801978305018
802,692,1494,0.11995422294978866
808,686,1494,0.12001501537664115
814,694,1508,0.1200550628418405
806,697,1503,0.12007679388190513
797,702,1499,0.12011728193074774
797,707,1504,0.12017801557020615
785,713,1498,0.12023449325788901
785,712,1497,0.1203163256279268
781,720,1501,0.12039102913535102
787,715,1502,0.12047007925781904
791,708,1499,0.12052992029364434
781,716,1497,0.120574200091677
776,714,1490,0.12063967449223563
788,710,1498,0.12071382733203541
778,711,1489,0.12075272845517937
774,723,1497,0.12081272815240222
766,728,1494,0.12087893916727782
755,736,1491,0.12096013818345203
768,742,1510,0.1210634129049411
767,723,1490,0.12112460387746614
758,724,1482,0.12118366592841057
758,732,1490,0.12126102850699538
768,730,1498,0.1213330437522146
764,740,1504,0.12137565383878343
768,746,1514,0.12142426714947752
771,744,1515,0.12145920743888095
767,742,1509,0.12148492445332426
768,739,1507,0.12151678985605663
753,743,1496,0.12154496951801441
751,737,1488,0.1216087072461486
754,747,1501,0.12167125668315162
753,751,1504,0.1217219527133572
754,751,1505,0.12177186300181145
750,746,1496,0.12181671824044343
747,763,1510,0.12186837605028603
739,761,1500,0.12192300268950557
736,762,1498,0.12199361403453336
739,775,1514,0.12206771740490069
735,775,1510,0.12212854735064164
723,774,1497,0.12219546328655947
732,775,1507,0.12228652806792391
736,778,1514,0.12234976739541992
733,781,1514,0.12239960164201627
726,775,1501,0.12245376847103433
728,785,1513,0.12252222317660767
724,782,1506,0.1225806284458945
719,776,1495,0.12264552502978787
725,777,1502,0.12271961288118792
728,774,1502,0.12277273748210873
714,772,1486,0.12281075764685483
718,780,1498,0.12288109322451896
716,776,1492,0.12293711050874417
717,776,1493,0.12299469278235328
724,780,1504,0.12304616352156833
719,774,1493,0.12307661212632551
702,784,1486,0.12311702566811532
703,790,1493,0.12319566383775214
700,795,1495,0.12326415626562699
711,790,1501,0.1233352605602956
719,804,1523,0.12337441429717817
709,801,1510,0.12339195988705132
713,804,1517,0.12343418022627427
717,795,1512,0.12346372254987933
722,796,1518,0.12348205462191625
717,802,1519,0.12348550984155132
718,787,1505,0.123501177233708
722,792,1514,0.1235132399200975
712,793,1505,0.1235156440649972
710,797,1507,0.12354226150222257
702,795,1497,0.12357351885974005
703,808,1511,0.12362322632417792
707,798,1505,0.12366732867589654
697,794,1491,0.12369736623447798
707,815,1522,0.12375179549126328
696,814,1510,0.12377601952436464
702,810,1512,0.12382715063247268
698,808,1506,0.1238596860367836
698,815,1513,0.1238992297924915
696,816,1512,0.1239361786874872
697,819,1516,0.1239762768074985
688,825,1513,0.12401000250397341
686,820,1506,0.12406210502182048
690,817,1507,0.1241139221037737
695,819,1514,0.12415225495855055
682,816,1498,0.12417584082989365
683,827,1510,0.12423081493414344
690,826,1516,0.12428056426614095
685,828,1513,0.12430940862031889
670,839,1509,0.12435042300359121
672,838,1510,0.12442685141050269
674,842,1516,0.12449452859311101
678,842,1520,0.124552754123828
672,832,1504,0.12459763212916798
669,835,1504,0.1246543171277716
665,836,1501,0.12471428035314769
658,843,1501,0.12478018763140356
655,842,1497,0.12485829990896612
654,850,1504,0.12493960742621787
658,847,1505,0.12501753247924666
656,845,1501,0.12507996654103304
660,838,1498,0.1251425168508372
663,850,1513,0.1251901299731462
669,852,1521,0.12522484656145916
673,851,1524,0.12524078839795022
670,845,1515,0.12524581077658012
662,851,1513,0.12525896464436262
668,846,1514,0.12529056939087377
670,848,1518,0.12530529270925705
661,848,1509,0.1253150596759288
657,853,1510,0.12534678588831244
653,851,1504,0.1253901023585099
657,851,1508,0.12544254476051014
657,859,1516,0.12548100881770322
661,853,1514,0.12551593792926857
654,864,1518,0.12553933974684836
655,861,1516,0.1255796420383518
657,854,1511,0.12561446166805157
654,843,1497,0.12564398633565277
649,847,1496,0.12567842819380803
642,852,1494,0.1257235511121419
637,853,1490,0.12578421385766922
629,862,1491,0.12585201144967947
631,859,1490,0.12593723260828965
630,855,1485,0.1260112838224531
630,856,1486,0.12608292829450174
634,859,1493,0.1261498378412708
648,867,1515,0.12620157744275295
650,870,1520,0.12621405213614348
644,868,1512,0.12622114715066288
642,876,1518,0.12624491715457492
643,883,1526,0.12627148576698594
641,880,1521,0.12629208135411052
632,880,1512,0.12631732642243373
625,887,1512,0.12636395448245347
615,888,1503,0.1264254594478916
622,888,1510,0.1265079053078824
618,890,1508,0.12656852045266054
615,892,1507,0.126634696344234
609,885,1494,0.12670283977860866
608,885,1493,0.1267801813352083
601,890,1491,0.12685498009803134
602,899,1501,0.12694301984068945
600,905,1505,0.12702343697417529
589,903,1492,0.12710139782524668
592,909,1501,0.12720141907913576
590,918,1508,0.12728678836656646
597,909,1506,0.12737129836336503
607,906,1513,0.1274303604141811
607,900,1507,0.12746011090568607
603,904,1507,0.12748860336680587
601,911,1512,0.12752656718020114
592,910,1502,0.12756563947923108
594,912,1506,0.12762394355783968
605,922,1527,0.1276754023659496
596,924,1520,0.12769660009287873
596,924,1520,0.12773987804042894
598,923,1521,0.12777963017203095
602,911,1513,0.1278102835811166
606,918,1524,0.12782952375840442
595,903,1498,0.12783786489729024
596,911,1507,0.12787595879051492
597,914,1511,0.1279071120076329
602,909,1511,0.12793363064456778
600,923,1523,0.12794564368225736
598,921,1519,0.12796310348671422
596,920,1516,0.12798595816491107
591,922,1513,0.1280124127369726
584,917,1501,0.1280501655933011
588,920,1508,0.1281019770870731
588,914,1502,0.12814036854756206
588,920,1508,0.12817556186470078
591,913,1504,0.12820908173807813
586,917,1503,0.1282308124752153
586,921,1507,0.1282639942775967
586,920,1506,0.12829628123666448
587,916,1503,0.12832532481409525
590,932,1522,0.12834901079280805
595,922,1517,0.1283655443187909
580,937,1517,0.12836746159692766
575,937,1512,0.12841113904797571
576,942,1518,0.12846295677900188
575,955,1530,0.12850992594843216
579,940,1519,0.12855486591641413
584,946,1530,0.1285873288333624
583,947,1530,0.1286054346359647
576,935,1511,0.1286248284984949
569,940,1509,0.12866052706570283
567,936,1503,0.1287107039240353
568,943,1511,0.12876205649652195
571,935,1506,0.12880613954693348
570,933,1503,0.12884095268439585
572,934,1506,0.12887385272242963
579,938,1517,0.12889945099320121
577,952,1529,0.12890576193220274
573,947,1520,0.12891707362024565
562,944,1506,0.12893847809151862
565,940,1505,0.1289892870929007
557,936,1493,0.12902759058947094
553,940,1493,0.1290825641763003
557,937,1494,0.1291450968649112
554,933,1487,0.12919403571555105
546,951,1497,0.12924959003085645
552,964,1516,0.12932161668735045
553,954,1507,0.12937277936217526
557,959,1516,0.1294179370720102
554,968,1522,0.12944976658910967
552,958,1510,0.1294858510464119
555,948,1503,0.12952402275053065
558,953,1511,0.1295502130713688
561,938,1499,0.12956738494448827
560,939,1499,0.12957787533449364
554,956,1510,0.1295914834340614
553,968,1521,0.12962031675442554
548,966,1514,0.12965032357645254
557,964,1521,0.129690924494638
556,961,1517,0.12970377511816067
557,962,1519,0.1297167506991307
555,960,1515,0.1297271100999996
556,950,1506,0.1297429526082678
561,964,1525,0.12975646518565415
556,966,1522,0.1297561451238594
549,969,1518,0.1297709200971921
545,969,1514,0.1298043945916848
540,972,1512,0.12984528881687712
539,957,1496,0.12989560633320427
538,964,1502,0.1299449965061748
533,968,1501,0.12999417641669864
524,967,1491,0.1300529025816316
534,968,1502,0.1301307218717326
534,975,1509,0.13017688715133957
532,963,1495,0.1302193205157744
531,970,1501,0.13026550640407109
529,973,1502,0.13031196678972104
529,970,1499,0.1303600847371951
533,977,1510,0.13040424114071075
532,977,1509,0.1304346430481539
531,984,1515,0.1304648812673442
532,989,1521,0.13049642776299233
529,989,1518,0.13052197633754678
535,987,1522,0.13055518782745598
532,985,1517,0.1305705415976453
527,977,1504,0.13059233787544525
516,987,1503,0.13062627052616618
513,988,1501,0.13068782298563086
516,978,1494,0.13075208771982322
518,977,1495,0.13080508418599146
521,980,1501,0.13085062720815366
522,1000,1522,0.1308856402539404
523,1000,1523,0.13091633283527088
520,1006,1526,0.13094313183720138
522,1008,1530,0.13097599257714446
523,997,1520,0.13100208161762786
527,997,1524,0.13102392415556205
518,1003,1521,0.1310353089900244
513,999,1512,0.13106704037762826
517,1007,1524,0.13110830671829718
510,1002,1512,0.13113813527288756
510,995,1505,0.13118393759987124
514,997,1511,0.1312256632939603
512,990,1502,0.1312528713619965
507,993,1500,0.13128332084678337
512,990,1502,0.13132382255593672
515,996,1511,0.131351230962777
508,1003,1511,0.13136829160312602
503,1000,1503,0.13140344813996374
500,1000,1500,0.13144964580498011
508,999,1507,0.13150066436055352
513,998,1511,0.131527204871014
514,994,1508,0.1315398533693839
507,998,1505,0.13154940781281535
508,1000,1508,0.13157607832179102
514,998,1512,0.13159723389770966
502,996,1498,0.1316013614153585
510,994,1504,0.1316381890713958
505,1000,1505,0.131650633494151
501,1007,1508,0.13167349488949956
499,1016,1515,0.13170567367168004
493,1014,1507,0.13174043752534156
501,1014,1515,0.13178845503894962
500,1001,1501,0.13181250110957396
490,1012,1502,0.1318382069803405
494,1001,1495,0.13189001170289713
500,1014,1514,0.13192726420439851
498,1025,1523,0.13194728729317412
490,1023,1513,0.13197145051572418
495,1018,1513,0.13201458879315975
492,1014,1506,0.13204138686639091
484,1020,1504,0.1320736588932214
487,1022,1509,0.1321261118900389
491,1021,1512,0.1321674651322146
494,1018,1512,0.13219503402296276
488,1018,1506,0.13221334407113214
480,1011,1491,0.13224889337647536
478,1009,1487,0.13230376750760264
480,1026,1506,0.13236063427365305
478,1023,1501,0.13240710215829743
478,1034,1512,0.13245600731010082
460,1025,1485,0.13250357349755287
458,1034,1492,0.1325940189607518
458,1037,1495,0.13268588757914107
458,1031,1489,0.13276999280383295
461,1033,1494,0.13284868448230586
462,1032,1494,0.13291383427293973
459,1048,1507,0.13297397680530706
460,1038,1498,0.1330376420272081
466,1046,1512,0.13309406845744717
467,1049,1516,0.1331302019918202
459,1049,1508,0.13316060973598337
460,1043,1503,0.13321182716034116
460,1048,1508,0.13325655737040626
458,1057,1515,0.1332976886327586
459,1053,1512,0.13334159058383435
464,1052,1516,0.13338005031219466
460,1055,1515,0.13340282792329952
458,1063,1521,0.1334353944306304
455,1061,1516,0.13347120045505914
458,1051,1509,0.13351134584144642
454,1061,1515,0.13354030114412072
451,1051,1502,0.13357680112984582
452,1048,1500,0.13361703669313038
453,1057,1510,0.1336529558539229
457,1058,1515,0.13368382062539313
452,1058,1510,0.13370187423519878
448,1060,1508,0.13373513867790798
446,1064,1510,0.13377557440822346
447,1062,1509,0.13381726750872822
447,1048,1495,0.13385196693238785
445,1057,1502,0.1338854725327838
444,1072,1516,0.13392149099086903
445,1056,1501,0.13395930740433365
452,1058,1510,0.133993655806829
453,1060,1513,0.13400869449126834
448,1063,1511,0.13401974929848787
450,1063,1513,0.1340436650531421
442,1062,1504,0.13406156738453576
444,1065,1509,0.13409793028565134
442,1069,1511,0.1341264073328293
442,1055,1497,0.13416109929778014
440,1076,1516,0.13419357333199777
439,1072,1511,0.13422876496949193
440,1072,1512,0.1342620989587212
434,1062,1496,0.13429183985993592
434,1067,1501,0.13433387679222122
445,1069,1514,0.13437290694724097
448,1070,1518,0.13438101146019477
441,1070,1511,0.1343798071008759
442,1057,1499,0.13439690563850298
444,1072,1516,0.13441138142461292
450,1065,1515,0.1344186169672891
452,1065,1517,0.1344100330669814
443,1066,1509,0.13439687919202656
445,1067,1512,0.134409558907633
446,1049,1495,0.1344168430405457
444,1054,1498,0.1344207282044908
449,1050,1499,0.13442915358514637
451,1049,1500,0.13442427579411909
452,1044,1496,0.13441468830675668
450,1053,1503,0.13440291057259685
456,1056,1512,0.13439625349591988
457,1062,1519,0.13437470189922193
446,1054,1500,0.13435206058459787
440,1057,1497,0.1343586236100725
443,1067,1510,0.13437934334526103
446,1057,1503,0.13439037177754465
440,1065,1505,0.13439390029194268
433,1059,1492,0.1344130153228386
429,1066,1495,0.13444994016053863
430,1074,1504,0.13449367814040208
436,1078,1514,0.13453058646237345
438,1079,1517,0.134549308623542
429,1096,1525,0.1345607770525823
432,1091,1523,0.13459391721858302
440,1081,1521,0.13461698646743217
438,1087,1525,0.13461721145711109
428,1097,1525,0.13462201119369635
425,1095,1520,0.13465323718964484
423,1089,1512,0.13468977446940258
419,1095,1514,0.1347285190184298
423,1088,1511,0.13477454495724908
423,1074,1497,0.13480588570110627
425,1087,1512,0.1348360997148456
425,1091,1516,0.1348591918637505
419,1094,1513,0.13487934439661345
413,1097,1510,0.13491441742889823
415,1108,1523,0.13496219491279032
417,1104,1521,0.135001849122174
416,1107,1523,0.13503278281294676
412,1103,1515,0.13506305688288578
415,1095,1510,0.13510200488432852
411,1096,1507,0.13513041797491163
402,1107,1509,0.13516690416574023
404,1106,1510,0.13522434583188528
394,1110,1504,0.13527301188667118
397,1123,1520,0.13534614447725946
399,1114,1513,0.13540608070079657
394,1120,1514,0.13545732777064978
393,1109,1502,0.1355176463053857
391,1105,1496,0.13557546481363725
386,1118,1504,0.13563651444594163
392,1125,1517,0.135707700811726
386,1122,1508,0.13575809771268113
385,1123,1508,0.13582229674224056
386,1133,1519,0.13588672951381253
388,1121,1509,0.13594199545502114
394,1131,1525,0.1359858697787266
396,1138,1534,0.1360104597711139
395,1133,1528,0.13602769400232426
388,1129,1517,0.1360462208634017
400,1129,1529,0.13608406527984657
393,1112,1505,0.13608715121497625
389,1117,1506,0.13610778558126177
391,1125,1516,0.1361393549351961
390,1127,1517,0.1361634353585676
385,1133,1518,0.13619020429469494
379,1127,1506,0.13622801522143418
376,1136,1512,0.13627860161243244
380,1141,1521,0.13633393550775522
377,1135,1512,0.13637476634094858
382,1143,1525,0.1364208304815488
381,1145,1526,0.1364501658921385
379,1137,1516,0.1364809481834822
377,1133,1510,0.13651415730444832
382,1130,1512,0.1365509137845311
381,1135,1516,0.1365718880163347
373,1133,1506,0.13659472021353986
373,1141,1514,0.1366369356720796
376,1135,1511,0.13667709776357007
378,1138,1516,0.13670606900092658
380,1133,1513,0.136729252280963
379,1137,1516,0.136745632288654
385,1144,1529,0.13676363767528493
385,1149,1534,0.13676388761291045
377,1147,1524,0.13676517668235913
375,1145,1520,0.13678724958236507
366,1153,1519,0.13681356161462077
373,1155,1528,0.13686217558214953
361,1146,1507,0.13688985621690183
365,1149,1514,0.13694666923965337
361,1151,1512,0.13698865302210136
348,1150,1498,0.13703892465553896
346,1150,1496,0.13712248428546414
352,1149,1501,0.13720617548665293
351,1158,1509,0.13726916009276324
358,1154,1512,0.13733049712025816
358,1162,1520,0.13736938860397374
357,1162,1519,0.13740436374647186
351,1166,1517,0.13744064803395323
345,1165,1510,0.13749092455668288
349,1159,1508,0.13755391115331161
355,1153,1508,0.1376010448174384
360,1161,1521,0.13762868913924284
351,1155,1506,0.13764167356994525
348,1161,1509,0.13767894340953024
353,1156,1509,0.13772230726511786
348,1163,1511,0.13774925227781826
335,1159,1494,0.13778845589041835
338,1169,1507,0.13786093181433418
339,1173,1512,0.13791915188411777
334,1178,1512,0.1379707530803972
332,1177,1509,0.13803231849508266
324,1177,1501,0.13809353795357257
325,1168,1493,0.13817197032617734
323,1174,1497,0.13824322562761182
324,1177,1501,0.1383162731686557
330,1182,1512,0.1383821423837779
332,1191,1523,0.1384258275183664
333,1183,1516,0.13846142007641604
330,1181,1511,0.13849299819953706
324,1185,1509,0.1385307574282328
325,1187,1512,0.13858222188471944
334,1184,1518,0.1386273055661304
337,1178,1515,0.13864514505016814
333,1192,1525,0.13865433748959385
331,1183,1514,0.13867444454217026
329,1182,1511,0.13869877595707927
329,1176,1505,0.138726248921755
331,1176,1507,0.13875314570631256
333,1175,1508,0.1387732419899091
331,1178,1509,0.13878718467337392
334,1176,1510,0.1388042633147551
338,1157,1495,0.13881136790561935
334,1162,1496,0.13880911920205616
334,1166,1500,0.13881745945836269
337,1163,1500,0.13882491517288537
339,1145,1484,0.13882336402225254
341,1153,1494,0.13881453125404142
342,1165,1507,0.138800177451898
340,1168,1508,0.13878400540978383
342,1167,1509,0.13877273870165663
342,1167,1509,0.13875672301585015
339,1178,1517,0.1387434602504309
342,1166,1508,0.13873965909483055
338,1171,1509,0.13872949978825802
336,1186,1522,0.13873159701440296
345,1184,1529,0.13873949121838774
347,1180,1527,0.13872237583629546
341,1163,1504,0.13870146519919377
343,1154,1497,0.1386975595599551
344,1166,1510,0.13868875820847
351,1175,1526,0.13867725680165063
350,1167,1517,0.13864821778821615
350,1160,1510,0.13862386054152231
349,1150,1499,0.13860223411580302
344,1155,1499,0.13858437027673048
336,1165,1501,0.1385830717199169
341,1162,1503,0.13860364667904712
332,1175,1507,0.13861097129022032
323,1179,1502,0.13864236959595558
312,1180,1492,0.13869517194913683
316,1186,1502,0.13877357034083712
313,1183,1496,0.13883510136765756
303,1199,1502,0.13890001186412274
304,1192,1496,0.13898640539818694
308,1186,1494,0.13906521977889585
301,1187,1488,0.1391276441463159
305,1189,1494,0.1392035112702437
303,1200,1503,0.13926349781403005
300,1201,1501,0.13932541950990504
305,1202,1507,0.13939274474935417
307,1211,1518,0.13944144766184782
306,1199,1505,0.13948135488264155
301,1208,1509,0.1395225268395086
306,1212,1518,0.13957504311124594
297,1206,1503,0.1396113114791981
301,1208,1509,0.13966916749146746
296,1217,1513,0.13971397521778184
304,1223,1527,0.13976942869860728
306,1205,1511,0.13979901488117907
301,1208,1509,0.13982110708945303
303,1210,1513,0.1398565034252821
300,1212,1512,0.1398830832849603
295,1210,1505,0.13991701054559327
300,1204,1504,0.13996496399352756
301,1201,1502,0.1399953054531154
299,1222,1521,0.1400204626260626
296,1215,1511,0.14004852127939543
294,1223,1517,0.14008330535457691
289,1211,1500,0.14012279685335638
290,1214,1504,0.14017299900281086
289,1204,1493,0.1402178674278524
288,1217,1505,0.14026173714329976
290,1217,1507,0.14030432356113715
290,1206,1496,0.14033895747064828
291,1222,1513,0.14037101791528447
292,1230,1522,0.14039800845001185
290,1232,1522,0.14042175587874056
294,1228,1522,0.14044967958818755
294,1227,1521,0.1404657546719332
294,1232,1526,0.14048035142615972
290,1228,1518,0.14049340315877387
293,1228,1521,0.14051696837475292
293,1228,1521,0.14053096105219093
291,1225,1516,0.14054378679168042
298,1228,1526,0.14056047701627913
291,1211,1502,0.14055528256387778
286,1234,1520,0.14056905938904485
285,1231,1516,0.14059549093661083
283,1227,1510,0.14062345941831325
277,1220,1497,0.1406550578853346
279,1230,1509,0.14070052093410834
274,1254,1528,0.14073920059590025
272,1249,1521,0.14078936528287614
270,1248,1518,0.14084171532839063
271,1246,1517,0.1408958243206898
269,1250,1519,0.1409436555450743
273,1242,1515,0.14099370853822749
268,1237,1505,0.1410299558090137
265,1239,1504,0.14107788384039746
268,1239,1507,0.14113025957167946
268,1248,1516,0.14117010001329097
268,1242,1510,0.14120702188087106
267,1248,1515,0.14124144745235415
267,1236,1503,0.14127634216163787
264,1241,1505,0.1413103268580799
263,1246,1509,0.14135028592246277
262,1240,1502,0.14138962680388084
268,1243,1511,0.14142756969948903
268,1250,1518,0.14144807616967686
272,1251,1523,0.14146773430606907
267,1251,1518,0.14147510532498317
266,1257,1523,0.14149546538980282
269,1257,1526,0.14151692142349073
270,1242,1512,0.14152903056544994
273,1232,1505,0.14153811149522258
273,1233,1506,0.1415382009030672
279,1234,1513,0.14153748115568276
279,1241,1520,0.14152064119391886
280,1231,1511,0.14150505121701198
284,1231,1515,0.14148788824873637
281,1234,1515,0.14146260864253357
283,1220,1503,0.14144687853749072
280,1230,1510,0.14142746809720866
278,1230,1508,0.14141728326917724
278,1234,1512,0.14141456070930183
276,1232,1508,0.1414119609011581
282,1237,1519,0.14141545821981183
283,1239,1522,0.14140279719808604
278,1251,1529,0.14138812614678137
281,1262,1543,0.14138769559618963
276,1258,1534,0.1413793899993364
275,1245,1520,0.14138524586136436
273,1237,1510,0.14139384348140702
272,1234,1506,0.141407036714716
270,1236,1506,0.14142183135144418
268,1230,1498,0.1414407626829872
266,1243,1509,0.14146424165760588
269,1248,1517,0.14149170091065297
267,1241,1508,0.14150843966471688
264,1245,1509,0.14152958059332757
262,1248,1510,0.1415587019510801
257,1253,1510,0.1415917856818373
257,1251,1508,0.14163620080876116
257,1250,1507,0.14167817232808383
261,1257,1518,0.14171618169311526
263,1268,1531,0.14173913424101303
263,1248,1511,0.14175562254838855
260,1239,1499,0.14177235586331213
261,1252,1513,0.14179770620383175
261,1272,1533,0.14181877834914755
256,1262,1518,0.14183881495832423
262,1249,1511,0.14187042642707465
260,1260,1520,0.14188424999366342
261,1258,1519,0.141903236664377
261,1247,1508,0.1419188669034585
257,1248,1505,0.14193350999770982
250,1252,1502,0.14195877256150918
246,1258,1504,0.14200054751984217
250,1273,1523,0.142051082334821
249,1268,1517,0.14208756330977537
254,1264,1518,0.1421245314501014
249,1259,1508,0.14214593826974384
249,1260,1509,0.14217948717004922
244,1263,1507,0.1422095895654228
243,1269,1512,0.1422521444529215
245,1257,1502,0.14229527410214515
247,1266,1513,0.14232922781868637
247,1276,1523,0.14235641587294856
243,1275,1518,0.14238218808433778
242,1287,1529,0.14241757096787355
240,1269,1509,0.1424549829808544
233,1272,1505,0.1424953033559097
232,1280,1512,0.142551898159581
233,1273,1506,0.1426070207584938
229,1291,1520,0.14265598798154167
228,1298,1526,0.14271332188346025
226,1278,1504,0.14276983663628784
229,1277,1506,0.1428281382470789
232,1263,1495,0.14287415455106103
234,1268,1502,0.14290938432035788
228,1266,1494,0.14293652004734828
229,1280,1509,0.14297883163673147
229,1277,1506,0.14301641144690355
228,1288,1516,0.1430517573668107
229,1288,1517,0.14308751058732688
226,1292,1518,0.1431189548907163
221,1295,1516,0.1431573976430359
221,1290,1511,0.1432058646913674
218,1287,1505,0.1432507698686041
214,1288,1502,0.1433013426546509
214,1299,1513,0.14335928528476485
213,1306,1519,0.14341371748029974
211,1311,1522,0.14346736548768685
212,1318,1530,0.1435227548153009
216,1311,1527,0.14357272645215782
211,1318,1529,0.14360817835918827
207,1314,1521,0.14365640529393586
206,1318,1524,0.14371253143728174
199,1321,1520,0.1437672863857359
201,1322,1523,0.14384011973945945
203,1316,1519,0.1439035347430574
199,1320,1519,0.1439575755464206
192,1319,1511,0.1440192469233405
199,1305,1504,0.14409635283719738
200,1312,1512,0.14414957112711932
197,1313,1510,0.14419711551595008
197,1312,1509,0.1442494895959596
192,1329,1521,0.1442999070214631
188,1329,1517,0.14436086969861311
188,1310,1498,0.14443032378727974
190,1314,1504,0.1444950338533023
191,1315,1506,0.1445503011570517
187,1323,1510,0.14460038786729415
186,1331,1517,0.1446578273749667
186,1326,1512,0.14471289113127014
185,1336,1521,0.14476429861805343
187,1323,1510,0.14481461553542618
186,1315,1501,0.1448555471687919
191,1323,1514,0.14489715374411213
187,1320,1507,0.14492234592341663
192,1318,1510,0.14495626402608747
194,1327,1521,0.14497440509367895
196,1335,1531,0.1449851017221685
199,1335,1534,0.14499090191027916
197,1328,1525,0.1449898082839521
193,1317,1510,0.14499409135566352
190,1329,1519,0.14501002478756803
191,1329,1520,0.14503376069241228
194,1326,1520,0.14505375095995737
190,1318,1508,0.14506468482943846
190,1323,1513,0.1450862288918409
186,1318,1504,0.14510701622277675
188,1322,1510,0.14513632825581946
189,1324,1513,0.1451566661748796
187,1314,1501,0.1451729719724548
189,1319,1508,0.1451938973064687
188,1326,1514,0.14520917040996842
189,1328,1517,0.14522682227013317
186,1334,1520,0.14524149782752577
185,1329,1514,0.145264723258691
181,1339,1520,0.14528966655351447
180,1332,1512,0.14532392934801272
182,1346,1528,0.14535811564748763
181,1328,1509,0.14538408919775853
180,1333,1513,0.14541277779273937
177,1325,1502,0.14544188864147184
176,1320,1496,0.14547886894118126
182,1341,1523,0.14551511959896846
179,1337,1516,0.14553133958589745
179,1334,1513,0.14555524683792126
179,1331,1510,0.14557749564421638
172,1337,1509,0.14559871972115673
172,1332,1504,0.14563785369148996
172,1343,1515,0.1456756482108562
172,1342,1514,0.1457112056822409
171,1324,1495,0.14574413553491897
171,1333,1504,0.14577681496209918
172,1345,1517,0.1458077629876522
166,1332,1498,0.1458356185753104
165,1346,1511,0.14587783287675407
161,1343,1504,0.1459217005164526
162,1350,1512,0.14597442010420475
164,1352,1516,0.14602119561743282
159,1352,1511,0.14605830682597903
155,1345,1500,0.1461066624002854
154,1359,1513,0.14616220316639641
159,1354,1513,0.14621742531875842
157,1357,1514,0.14625596354651452
155,1366,1521,0.1462976739691589
156,1362,1518,0.14634239500230162
160,1356,1516,0.14637975389921726
159,1343,1502,0.14640298818525999
156,1352,1508,0.14642703784707123
156,1360,1516,0.1464582475737781
156,1376,1532,0.14648704323309547
152,1386,1538,0.14651383399784895
150,1378,1528,0.1465498932760974
147,1369,1516,0.14658887274562896
147,1374,1521,0.14663357996381624
146,1363,1509,0.14667622212236486
145,1362,1507,0.14671853918959785
147,1356,1503,0.14676129968482945
148,1365,1513,0.1467961036905097
147,1367,1514,0.14682690792662914
148,1372,1520,0.14685900030928184
145,1382,1527,0.1468858542144208
143,1387,1530,0.14691932312924444
142,1389,1531,0.14695523367066143
142,1378,1520,0.14699243067218146
143,1379,1522,0.14702763834112545
142,1365,1507,0.14705752524164958
140,1362,1502,0.1470877432536205
135,1349,1484,0.14712190212795462
130,1367,1497,0.14716825443002707
132,1369,1501,0.14722538975465793
135,1369,1504,0.14727322278155186
133,1380,1513,0.14730895730312946
133,1389,1522,0.14734693777256147
134,1390,1524,0.14738261379951223
135,1380,1515,0.14741314083607432
134,1378,1512,0.1474392679912542
133,1387,1520,0.14746714445422973
130,1377,1507,0.1474954698397909
131,1377,1508,0.14753067719817078
128,1388,1516,0.14756198897116454
129,1390,1519,0.1475998526208139
129,1385,1514,0.14763205000425544
128,1389,1517,0.14766182505142422
127,1390,1517,0.14769226526235266
127,1391,1518,0.14772306136530367
130,1383,1513,0.14775226311728587
133,1395,1528,0.14777038550633248
134,1388,1522,0.14777950006204524
128,1383,1511,0.1477852510080913
127,1387,1514,0.1478084204184797
123,1379,1502,0.14783308959421954
127,1386,1513,0.14786738781521705
130,1399,1529,0.14788671654106544
129,1380,1509,0.14789684031256478
127,1389,1516,0.14790989170170799
130,1384,1514,0.14792827860299806
125,1385,1510,0.14793740546449033
124,1394,1518,0.1479595210466015
123,1385,1508,0.1479821244278659
125,1383,1508,0.14800694049263494
124,1383,1507,0.14802495404214025
125,1382,1507,0.1480442936861875
123,1392,1515,0.1480586258408521
125,1397,1522,0.14807746057659862
124,1393,1517,0.14808943462320687
126,1394,1520,0.1481038672400337
130,1395,1525,0.14811168528297283
127,1395,1522,0.14810845137860598
123,1396,1519,0.1481135632770662
124,1387,1511,0.14813067974786218
124,1393,1517,0.14814375517842265
123,1388,1511,0.14815559734203068
122,1384,1506,0.148169581160153
122,1378,1500,0.14818525269676489
125,1392,1517,0.14819977637077195
124,1395,1519,0.14820427067213424
123,1391,1514,0.14821111678292032
121,1390,1511,0.14821950754716767
121,1398,1519,0.14823397152741458
125,1401,1526,0.14824767122127877
122,1402,1524,0.14825004968568883
125,1398,1523,0.14826177215872716
119,1401,1520,0.1482644536382449
122,1399,1521,0.14828388085942104
124,1406,1530,0.14829361771022698
123,1405,1528,0.14829724682886541
120,1398,1518,0.1483032750464069
114,1404,1518,0.1483173313988877
113,1396,1509,0.1483483066036287
115,1400,1515,0.14837987591334034
112,1398,1510,0.14840418309226244
110,1401,1511,0.14843451293669496
112,1412,1524,0.14846918296552883
117,1407,1524,0.14849491590100386
116,1409,1525,0.14850557457929217
112,1403,1515,0.14851832850879115
110,1405,1515,0.14854133907216144
113,1413,1526,0.14856755299292154
115,1419,1534,0.1485842682418216
111,1391,1502,0.14859493615532865
110,1404,1514,0.14861544629393553
109,1396,1505,0.14863683240180536
107,1403,1510,0.14865996809263732
104,1411,1515,0.14868662594157356
103,1415,1518,0.14871957600529387
104,1420,1524,0.14875315054019128
105,1409,1514,0.1487820567518334
106,1426,1532,0.14880594256415894
107,1424,1531,0.1488252330888086
109,1411,1520,0.1488408569192587
102,1423,1525,0.1488497084696871
104,1411,1515,0.1488775608174108
106,1420,1526,0.1488983042480241
106,1412,1518,0.14891174186156111
108,1405,1513,0.14892482435673082
106,1419,1525,0.14893086615240414
105,1427,1532,0.14894137310679834
105,1419,1524,0.14895363093310088
107,1409,1516,0.14896516496619439
106,1402,1508,0.14897091429456555
104,1397,1501,0.1489786989723637
101,1402,1503,0.14899176830542168
103,1393,1496,0.14901213935354687
103,1397,1500,0.14902524525070673
103,1395,1498,0.14903745755608463
103,1397,1500,0.1490487214285891
102,1394,1496,0.14905909346376428
101,1413,1514,0.14907185690169783
99,1411,1510,0.1490864879648671
98,1414,1512,0.14910606056286888
97,1425,1522,0.1491271589870423
98,1437,1535,0.14914982554156242
98,1423,1521,0.1491678324793581
96,1426,1522,0.14918405050605293
94,1422,1516,0.14920445264952054
95,1417,1512,0.14922937217758642
95,1413,1508,0.14924994094692973
97,1424,1521,0.14926912187621028
97,1431,1528,0.1492820733206653
94,1413,1507,0.14929389610291283
94,1418,1512,0.14931321685370055
94,1421,1515,0.14933170347738453
92,1418,1510,0.14934879008755517
91,1423,1514,0.14937093397293616
92,1428,1520,0.14939495453082333
93,1439,1532,0.14941493709050715
92,1443,1535,0.14943055231428523
92,1436,1528,0.14944793737205045
92,1427,1519,0.14946426383712702
94,1444,1538,0.14947940232356738
95,1430,1525,0.14948829192065205
93,1435,1528,0.1494937772730796
93,1431,1524,0.1495042591205224
93,1421,1514,0.14951444092014926
90,1419,1509,0.14952349423268813
87,1408,1495,0.14954138224924476
90,1418,1508,0.1495664984909727
88,1425,1513,0.1495814762311573
91,1429,1520,0.14960136607989094
90,1432,1522,0.14961115600401917
88,1431,1519,0.14962283926144135
90,1447,1537,0.14963976785328226
90,1447,1537,0.1496505265942745
88,1445,1533,0.14966079473241228
87,1430,1517,0.1496762083503215
87,1418,1505,0.14969246063417438
90,1422,1512,0.149708852919828
90,1428,1518,0.14971484108870434
93,1424,1517,0.14971979024003496
91,1420,1511,0.14971596078818433
96,1410,1506,0.14971817848903535
94,1412,1506,0.1497065096989639
95,1411,1506,0.14970096108024183
96,1408,1504,0.14969393346479742
100,1402,1502,0.14968493235605454
100,1410,1510,0.14966533744961896
100,1411,1511,0.1496468983913362
100,1420,1520,0.14962864246323127
102,1407,1509,0.14961175525142445
108,1400,1508,0.14959031476900445
104,1421,1525,0.14955258581096742
101,1418,1519,0.1495291237911977
99,1432,1531,0.1495154820167225
99,1433,1532,0.149508875622508
100,1420,1520,0.1495027948633026
100,1416,1516,0.14949434298897707
101,1417,1518,0.14948588361455592
100,1410,1510,0.14947575550878298
99,1416,1515,0.1494694073194392
97,1415,1512,0.1494664242846086
97,1414,1511,0.14946932418727435
96,1420,1516,0.14947169760382825
97,1410,1507,0.14947692820008157
97,1405,1502,0.14947871647213484
97,1406,1503,0.1494802446730602
92,1405,1497,0.14948206390910265
85,1409,1494,0.14949805787965564
85,1420,1505,0.14953265586639047
87,1423,1510,0.14956550312040717
88,1428,1516,0.14959021604205947
88,1426,1514,0.1496110407351356
85,1436,1521,0.14963066392887484
83,1430,1513,0.149658014340519
87,1436,1523,0.14968933882803584
87,1430,1517,0.1497069620331027
85,1429,1514,0.14972247206455688
85,1427,1512,0.1497427933331755
84,1430,1514,0.14976183659005365
86,1434,1520,0.1497826334372482
86,1427,1513,0.14979683141784542
85,1416,1501,0.1498101521890261
85,1436,1521,0.14982567937200103
86,1437,1523,0.1498396568931911
83,1444,1527,0.14984982884072287
83,1441,1524,0.14986756107009325
84,1434,1518,0.14988387654652388
82,1443,1525,0.14989709945285742
77,1447,1524,0.14991545036935625
74,1447,1521,0.14994697887186537
72,1445,1517,0.14998473196617834
72,1446,1518,0.15002621913831876
72,1446,1518,0.15006516962693478
74,1447,1521,0.15010182807757946
73,1463,1536,0.1501305605393259
72,1449,1521,0.15015990190013914
76,1452,1528,0.1501900193868167
74,1452,1526,0.15020713278390893
71,1455,1526,0.15022939695706772
72,1457,1529,0.15025914491857115
74,1446,1520,0.15028421912799841
76,1449,1525,0.15030081313889931
76,1444,1520,0.1503106658537795
77,1437,1514,0.15031941681016822
77,1436,1513,0.15032390742855084
79,1441,1520,0.15032839712561177
80,1433,1513,0.15032697220891741
79,1437,1516,0.1503232721777758
77,1445,1522,0.1503226651208952
72,1441,1513,0.15032828278497995
73,1444,1517,0.15034802592321653
70,1434,1504,0.15036428441622143
70,1439,1509,0.15038724494892322
75,1437,1512,0.15040953999873324
76,1455,1531,0.15041656078239565
75,1452,1527,0.15042059812340758
74,1447,1521,0.15042735159348702
70,1442,1512,0.15043716225018713
72,1442,1514,0.15045726036117316
72,1436,1508,0.15047125549163248
69,1453,1522,0.15048438790203236
71,1452,1523,0.150506304797838
70,1456,1526,0.15052131569235605
70,1448,1518,0.1505377540315977
70,1443,1513,0.1505521981102271
69,1447,1516,0.1505657336668996
71,1436,1507,0.15058104967688357
72,1442,1514,0.15058933521721352
74,1441,1515,0.15059523531666044
75,1440,1515,0.15059541832789047
71,1432,1503,0.15059239213997386
73,1434,1507,0.15060166308776105
70,1431,1501,0.15060527934872103
71,1441,1512,0.15061681541805466
70,1450,1520,0.150625420158498
71,1445,1516,0.15063657575003225
71,1460,1531,0.15064503526123002
73,1447,1520,0.15065268954124136
73,1441,1514,0.1506543703721348
72,1442,1514,0.1506562020342035
72,1459,1531,0.15066097684401783
71,1467,1538,0.15066572124338426
68,1452,1520,0.15067239644309208
68,1451,1519,0.15068666130271424
69,1452,1521,0.15069993389034844
68,1448,1516,0.15070876041900994
70,1442,1512,0.15071967774692496
68,1429,1497,0.15072524667533202
66,1457,1523,0.15073661298841023
65,1453,1518,0.15075251182596117
66,1453,1519,0.15077004365968075
67,1454,1521,0.15078415920041385
64,1448,1512,0.1507945773795654
66,1418,1484,0.15081222930262814
67,1426,1493,0.15082309791683246
66,1443,1509,0.150830478584613
68,1442,1510,0.15084020435643924
66,1451,1517,0.1508436939235553
67,1443,1510,0.1508526552028627
65,1445,1510,0.15085805023173438
65,1444,1509,0.15086872294931236
64,1439,1503,0.15087881067943024
65,1450,1515,0.1508913558642018
65,1447,1512,0.15089979018237198
64,1450,1514,0.15090763900436482
64,1457,1521,0.1509179540847223
64,1453,1517,0.15092721706252216
65,1456,1521,0.15093582999262153
71,1467,1538,0.1509409350985907
70,1459,1529,0.15092920092198767
71,1446,1517,0.15092115457269745
70,1444,1514,0.15091130382842077
72,1443,1515,0.15090462578915076
67,1445,1512,0.15089306700802307
68,1453,1521,0.15089643884456716
69,1463,1532,0.15089630015140126
67,1458,1525,0.15089347043472082
70,1450,1520,0.1508959426282265
72,1451,1523,0.15088948377044953
72,1449,1521,0.15087832560060277
73,1454,1527,0.15086797114540165
75,1464,1539,0.15085534759539074
72,1454,1526,0.1508377431850315
73,1454,1527,0.1508302189978779
72,1442,1514,0.15081982585388695
73,1448,1521,0.1508123797545786
73,1442,1515,0.1508027853596076
73,1451,1524,0.15079401690552788
74,1446,1520,0.15078647056858263
74,1447,1521,0.15077688032102107
72,1434,1506,0.15076802097779132
70,1444,1514,0.15076505914708282
70,1434,1504,0.1507677318291914
74,1433,1507,0.15076924592949661
72,1441,1513,0.15076002332183963
75,1440,1515,0.15075706681036555
74,1437,1511,0.15074587313478774
71,1438,1509,0.15073829477195935
71,1431,1502,0.15073930405692568
71,1436,1507,0.15074048706537635
73,1441,1514,0.15074132595888895
73,1451,1524,0.15073720547162722
72,1441,1513,0.15073344316215895
71,1441,1512,0.15073278534742213
67,1448,1515,0.1507350563950267
66,1449,1515,0.15074899416026033
68,1446,1514,0.1507647277878676
68,1460,1528,0.15077331346385947
69,1445,1514,0.1507810595043248
67,1455,1522,0.15078487892938514
68,1463,1531,0.1507936831569393
69,1452,1521,0.15079954671750861
67,1442,1509,0.15080248919369477
70,1453,1523,0.1508107645778133
66,1448,1514,0.15081013205105387
66,1439,1505,0.15082050996656346
70,1441,1511,0.15083011924887846
68,1451,1519,0.1508282502862855
69,1453,1522,0.15083210393596144
70,1455,1525,0.15083308478740057
68,1450,1518,0.1508311132728104
68,1449,1517,0.1508348002579222
70,1449,1519,0.15083820678627646
67,1439,1506,0.15083540094680375
71,1448,1519,0.15084111166077738
68,1445,1513,0.1508350082418001
66,1439,1505,0.15083771972342788
67,1441,1508,0.15084583458589138
65,1444,1509,0.15085038107736495
66,1442,1508,0.15086034191529993
67,1443,1510,0.1508666521948892
68,1461,1529,0.15086946380794392
69,1485,1554,0.15086901157277494
66,1470,1536,0.15086602640244715
64,1456,1520,0.15087229366362975
63,1457,1520,0.15088388048240017
60,1453,1513,0.15089751495775464
60,1461,1521,0.15091882081595906
57,1457,1514,0.15093926035972033
57,1460,1517,0.1509668692978324
61,1453,1514,0.15099251439433437
59,1463,1522,0.15100519914759605
60,1464,1524,0.15102313236319742
59,1464,1523,0.15103754741386347
60,1461,1521,0.1510537944261383
59,1466,1525,0.15106637634153977
60,1452,1512,0.15108143909019472
59,1454,1513,0.15109306814045756
60,1466,1526,0.15110651223862212
59,1457,1516,0.15111683325492656
61,1464,1525,0.15112932002314494
59,1459,1518,0.15113471223149402
56,1457,1513,0.1511456603843525
58,1462,1520,0.15116439729308515
57,1467,1524,0.15117595865752362
55,1456,1511,0.1511895274044978
56,1464,1520,0.1512084319829863
57,1456,1513,0.15122322154622084
53,1466,1519,0.1512343344404677
51,1465,1516,0.15125633339218889
53,1457,1510,0.1512820257545019
56,1460,1516,0.15130026057908988
54,1459,1513,0.15130904598340475
54,1458,1512,0.15132282961384194
53,1468,1521,0.15133568906942302
53,1463,1516,0.15135065286994148
54,1451,1505,0.15136466640364823
52,1456,1508,0.15137493912604227
52,1461,1513,0.15138981036781124
55,1466,1521,0.15140416766162934
54,1456,1510,0.15140969607223984
54,1458,1512,0.15141777129555725
53,1457,1510,0.15142540265914306
50,1468,1518,0.1514351943377226
49,1464,1513,0.1514532102826437
49,1471,1520,0.1514732086603566
50,1469,1519,0.15149133439503257
50,1467,1517,0.15150532067264727
52,1465,1517,0.1515181201200338
50,1467,1517,0.15152415668275088
51,1466,1517,0.15153579714309556
52,1482,1534,0.15154342705549081
55,1473,1528,0.15154863671817362
53,1465,1518,0.1515449372505656
54,1464,1518,0.15154647565245288
54,1464,1518,0.15154528354872235
53,1459,1512,0.15154404225957216
52,1459,1511,0.1515455066447352
51,1454,1505,0.15155021457417767
50,1469,1519,0.15155731221467153
50,1465,1515,0.15156706174947326
50,1459,1509,0.15157586215545518
52,1469,1521,0.15158419965888087
52,1463,1515,0.15158666236095594
53,1477,1530,0.15158902002610217
50,1471,1521,0.1515881259869396
50,1470,1520,0.151595819971731
49,1471,1520,0.15160295044739588
46,1486,1532,0.1516122884478145
47,1478,1525,0.15162942835473464
46,1472,1518,0.15164205261021257
46,1464,1510,0.15165664445967306
46,1467,1513,0.15167018943697563
47,1475,1522,0.15168292024914581
45,1471,1516,0.15169171136678275
47,1471,1518,0.15170574834493888
48,1470,1518,0.1517126993346775
48,1457,1505,0.1517162346418638
49,1471,1520,0.1517195316287343
48,1458,1506,0.15171991430983167
47,1459,1506,0.15172301285648443
47,1463,1510,0.1517292980993973
46,1460,1506,0.15173484502433565
45,1458,1503,0.15174290847664232
45,1455,1500,0.15175332129722074
45,1454,1499,0.15176341117488662
45,1459,1504,0.1517729667972214
46,1484,1530,0.15178166273577318
47,1487,1534,0.15178673168229603
47,1487,1534,0.15178852019761155
46,1485,1531,0.15179020252393735
46,1480,1526,0.15179467083472092
45,1474,1519,0.15179881204706303
42,1477,1519,0.1518052837654551
44,1475,1519,0.1518202804230141
44,1470,1514,0.1518287527377178
42,1486,1528,0.15183644006174973
43,1488,1531,0.15184980186475516
43,1485,1528,0.1518591398851804
44,1500,1544,0.151867905393638
42,1488,1530,0.15187347124041148
42,1477,1519,0.15188453159735849
42,1466,1508,0.15189487747101738
44,1480,1524,0.1519045614053089
45,1486,1531,0.15190755163349245
42,1485,1527,0.15190708155143745
43,1478,1521,0.15191540669914794
43,1465,1508,0.1519199408700715
45,1463,1508,0.1519244253779898
46,1469,1515,0.15192280639198272
45,1466,1511,0.15191830452022514
45,1455,1500,0.15191698220292177
42,1462,1504,0.15191576282453584
41,1457,1498,0.15192325499711484
43,1456,1499,0.15193292238843104
44,1466,1510,0.1519364342777391
43,1468,1511,0.15193656382102427
44,1473,1517,0.15193946725640944
44,1473,1517,0.15193947134637503
45,1473,1518,0.15193970018696845
45,1470,1515,0.15193696701002143
46,1467,1513,0.15193403934972846
46,1463,1509,0.15192858485793856
49,1469,1518,0.15192363708006762
50,1465,1515,0.1519103395608628
49,1469,1518,0.15189509991671796
50,1465,1515,0.1518840444107268
46,1452,1498,0.15187130174481175
48,1459,1507,0.1518706906753336
43,1459,1502,0.15186430420074323
43,1461,1504,0.15187264641495904
41,1454,1495,0.15188039805592607
38,1463,1501,0.15189350810246802
39,1473,1512,0.15191471018320207
40,1481,1521,0.15193178800534368
39,1477,1516,0.15194477203650572
40,1482,1522,0.15195992731779723
39,1483,1522,0.15197139642318036
39,1481,1520,0.15198519920913905
39,1472,1511,0.15199813270439722
39,1475,1514,0.15201027098701603
37,1479,1516,0.15202122469195609
39,1471,1510,0.15203743222178764
38,1474,1512,0.15204686890081995
35,1481,1516,0.15205896136673386
34,1484,1518,0.15207905186041557
34,1486,1520,0.15210065764646655
35,1487,1522,0.15212082659052442
36,1491,1527,0.1521371000761163
36,1494,1530,0.15214951823335088
36,1487,1523,0.15216075646626714
33,1488,1521,0.15217131810372883
33,1502,1535,0.15219108428877065
32,1493,1525,0.15220959795148054
32,1487,1519,0.15223019392463524
32,1490,1522,0.15224950574697654
34,1491,1525,0.1522676370185777
34,1494,1528,0.1522786949324409
34,1493,1527,0.1522888859034609
34,1481,1515,0.1522981599644774
34,1472,1506,0.1523068647440585
33,1474,1507,0.1523152238348565
32,1477,1509,0.15232577158638694
32,1487,1519,0.1523392279507128
32,1473,1505,0.15235183469303018
31,1486,1517,0.1523633025382532
31,1495,1526,0.15237714496208563
31,1482,1513,0.15239011118787701
31,1477,1508,0.15240249883397575
31,1495,1526,0.1524140095021645
31,1486,1517,0.15242480493519078
31,1476,1507,0.15243496118915772
32,1479,1511,0.15244453842482655
32,1478,1510,0.15245075192060997
32,1475,1507,0.15245659462668124
32,1490,1522,0.1524621022683309
32,1482,1514,0.1524672919475878
32,1489,1521,0.15247217959310372
31,1493,1524,0.1524767808137641
30,1481,1511,0.1524838432698873
29,1498,1527,0.1524935535718265
29,1493,1522,0.15250589173347687
29,1489,1518,0.1525174279463569
28,1483,1511,0.15252823688324324
28,1482,1510,0.15254152288408446
27,1496,1523,0.15255397362365336
26,1485,1511,0.15256846252982761
27,1492,1519,0.15258503497477874
27,1500,1527,0.15259734781690698
30,1494,1524,0.15260887768408427
29,1507,1536,0.15261112916636316
27,1508,1535,0.15261647858361446
30,1502,1532,0.15262715952723307
33,1497,1530,0.15262833360923905
33,1497,1530,0.15262059396116281
33,1489,1522,0.15261349722578021
34,1489,1523,0.1526069434935269
34,1488,1522,0.15259792276005318
34,1477,1511,0.15258956293333115
34,1477,1511,0.1525818022315972
34,1492,1526,0.15257458811097993
33,1488,1521,0.15256771516665146
33,1503,1536,0.15256425530460244
34,1502,1536,0.15256115454397892
34,1494,1528,0.15255527339567188
33,1499,1532,0.1525497874965614
32,1497,1529,0.15254751962348476
32,1486,1518,0.15254812134664103
32,1485,1517,0.15254870441732132
32,1472,1504,0.15254921450361936
32,1474,1506,0.15254924822672095
33,1480,1513,0.15254932178259867
34,1480,1514,0.15254650220700358
34,1499,1533,0.152540470140107
34,1483,1517,0.1525348409779799
33,1468,1501,0.1525292786366581
33,1466,1499,0.1525273559234741
33,1463,1496,0.15252565286351058
33,1482,1515,0.1525238049435712
33,1497,1530,0.15252219677102613
31,1495,1526,0.1525207010743309
30,1508,1538,0.15252517372518884
32,1499,1531,0.15253260634389293
29,1496,1525,0.15253348603833405
30,1497,1527,0.15254285239273815
30,1502,1532,0.15254879489550238
29,1490,1519,0.1525543395323519
27,1485,1512,0.15256229187327044
26,1484,1510,0.1525755842150844
27,1485,1512,0.15259080332572217
26,1485,1511,0.15260222705320914
28,1487,1515,0.15261562761369304
28,1491,1519,0.15262219600383278
29,1499,1528,0.1526283691709429
28,1503,1531,0.1526310082826552
28,1488,1516,0.15263643599882573
28,1484,1512,0.1526415628950114
28,1483,1511,0.15264636837521298
28,1494,1522,0.1526508661124275
28,1494,1522,0.15265529518819473
30,1489,1519,0.1526590575786688
29,1475,1504,0.1526567374281571
31,1477,1508,0.15265758158251666
28,1478,1506,0.1526525167985982
25,1472,1497,0.1526569841085476
25,1481,1506,0.152670431977704
25,1487,1512,0.1526829943337941
25,1500,1525,0.15269456912532714
27,1487,1514,0.1527055787396842
28,1505,1533,0.15271031087004847
28,1521,1549,0.15271188048465448
26,1516,1542,0.15271344653685504
24,1494,1518,0.1527206738894148
24,1497,1521,0.15273359225370192
25,1487,1512,0.15274573673543032
25,1480,1505,0.15275444122093956
25,1483,1508,0.15276258615124216
25,1486,1511,0.15277038061175646
25,1490,1515,0.15277830925075467
26,1492,1518,0.1527856719017915
27,1499,1526,0.15278989640583063
26,1487,1513,0.15279108411705772
24,1488,1512,0.1527952619852593
24,1501,1525,0.15280503708107182
24,1502,1526,0.1528142692712157
22,1499,1521,0.15282295587909459
21,1499,1520,0.1528367857560503
21,1503,1524,0.15285257047468245
23,1509,1532,0.15286736911713963
22,1499,1521,0.15287533207958545
20,1494,1514,0.15288592142462223
21,1496,1517,0.15290145310192982
22,1506,1528,0.15291284415786321
22,1503,1525,0.15292063064720746
22,1486,1508,0.15292795277699667
21,1485,1506,0.1529348259394906
21,1475,1496,0.1529442960524966
24,1487,1511,0.15295318952514
22,1495,1517,0.15295252728395134
22,1498,1520,0.1529579301270706
22,1504,1526,0.15296298583373444
21,1503,1524,0.15296772224554847
21,1507,1528,0.15297498685824718
20,1505,1525,0.15298174203387188
19,1500,1519,0.15299079243670305
20,1494,1514,0.15300231137981513
20,1499,1519,0.1530101993713029
20,1496,1516,0.15301772931729377
22,1498,1520,0.15302479089939805
22,1509,1531,0.15302549445344693
22,1492,1514,0.1530262219154266
23,1493,1516,0.153026945039909
23,1490,1513,0.15302454528803366
22,1481,1503,0.15302233720637431
22,1482,1504,0.15302319637857287
21,1478,1499,0.1530239766995032
22,1493,1515,0.15302746187007485
23,1494,1517,0.15302764648429557
22,1494,1516,0.153024965835235
22,1492,1514,0.153025305766733
22,1489,1511,0.1530256438394273
23,1498,1521,0.1530259588158122
24,1493,1517,0.15302314016413823
23,1495,1518,0.15301751996485002
21,1502,1523,0.15301519103457076
20,1493,1513,0.15301913260683103
21,1502,1523,0.15302589101471237
18,1490,1508,0.15302904011615007
21,1508,1529,0.15304088359958296
21,1510,1531,0.15304299896779106
21,1493,1514,0.15304502119463223
21,1474,1495,0.15304692793504202
21,1485,1506,0.15304872032054478
21,1504,1525,0.15305040341873116
20,1508,1528,0.15305198317919086
19,1494,1513,0.15305656209459323
20,1495,1515,0.15306362584455535
20,1509,1529,0.15306744359203264
20,1502,1522,0.15307100970214663
22,1506,1528,0.15307411592498985
23,1503,1526,0.1530711701593701
23,1513,1536,0.1530653589928699
23,1505,1528,0.15305996842730407
24,1509,1533,0.1530549506361396
22,1495,1517,0.15304735275781162
22,1496,1518,0.1530461770483476
22,1494,1516,0.15304525100723815
22,1470,1492,0.15304434867720335
21,1483,1504,0.1530435016326705
20,1482,1502,0.15304566408585848
19,1485,1504,0.15305055334965773
19,1495,1514,0.15305812032321475
18,1491,1509,0.1530651599339663
19,1503,1522,0.1530746677569838
18,1500,1518,0.15308057283345514
18,1505,1523,0.15308890803195208
18,1505,1523,0.1530967172079037
18,1483,1501,0.15310401780084018
18,1505,1523,0.1531109410722594
18,1499,1517,0.15311738588445378
16,1501,1517,0.15312341706121782
17,1500,1517,0.1531348358372642
17,1503,1520,0.15314254725155593
16,1510,1526,0.1531497806548221
16,1505,1521,0.15315984798389345
17,1501,1518,0.15316928539615232
18,1508,1526,0.15317524678105643
18,1506,1524,0.15317794813527136
18,1491,1509,0.15318055041295828
17,1486,1503,0.153183032788033
16,1503,1519,0.15318821801015084
16,1506,1522,0.15319621637376765
17,1501,1518,0.15320383905580695
17,1492,1509,0.15320796090329533
17,1509,1526,0.153211862642188
17,1512,1529,0.15321554009452837
16,1504,1520,0.15321900351801093
17,1508,1525,0.15322519126469902
17,1501,1518,0.15322804293388498
15,1512,1527,0.15323095029634004
15,1503,1518,0.15323974422718487
16,1503,1519,0.15324801543929173
16,1504,1520,0.15325282944276405
16,1506,1522,0.15325738908260866
16,1496,1512,0.15326169210784685
16,1505,1521,0.1532657466280175
16,1517,1533,0.15326956397912617
17,1518,1535,0.15327315623885926
17,1508,1525,0.15327367078428777
16,1503,1519,0.15327416741672661
16,1512,1528,0.1532778260967248
15,1504,1519,0.15328127809861913
15,1505,1520,0.15328737884078036
14,1504,1518,0.15329311953883473
13,1509,1522,0.15330145496160114
13,1510,1523,0.153312199156158
13,1499,1512,0.1533222256932328
14,1509,1523,0.15333160312406238
14,1530,1544,0.1533374526500108
14,1528,1542,0.1533429555632625
13,1516,1529,0.15334812391451133
13,1521,1534,0.15335611938181945
12,1520,1532,0.15336361499912457
11,1508,1519,0.15337355485602697
11,1512,1523,0.15338582216525812
10,1510,1520,0.15339729519602274
10,1505,1515,0.15341121375582173
10,1500,1510,0.15342421643585252
9,1499,1508,0.1534363563727134
7,1504,1511,0.15345083157661146
8,1493,1501,0.15347054473046298
8,1502,1510,0.15348612800880027
8,1494,1502,0.1535007389830804
7,1499,1506,0.15351445585900458
8,1514,1522,0.1535301956088725
8,1518,1526,0.15354198873632657
8,1522,1530,0.15355328115576375
8,1522,1530,0.1535638807805053
8,1512,1520,0.15357384786307604
8,1512,1520,0.1535832172633927
8,1519,1527,0.15359202294874133
7,1509,1516,0.1536002979040462
8,1506,1514,0.15361109013687732
8,1511,1519,0.15361817274556874
8,1501,1509,0.153624851922147
7,1524,1531,0.15363113390397903
6,1526,1532,0.1536400612391833
6,1516,1522,0.15365135845764805
6,1517,1523,0.15366191319540803
6,1519,1525,0.15367182741340937
6,1510,1516,0.15368113501356523
6,1518,1524,0.15368987388771527
6,1529,1535,0.15369808009146527
7,1519,1526,0.15370578718698108
7,1521,1528,0.15371005061725695
6,1519,1525,0.15371409041032877
5,1519,1524,0.15372086357868753
5,1514,1519,0.1537301595225758
5,1517,1522,0.15373890424538283
5,1506,1511,0.15374711385056428
5,1492,1497,0.15375482222756212
5,1503,1508,0.15376206138372456
5,1504,1509,0.15376886096772283
5,1511,1516,0.15377524847550106
5,1508,1513,0.1537812494801269
5,1522,1527,0.1537868878235461
5,1523,1528,0.15379218577364104
4,1515,1519,0.15379716415554676
4,1504,1508,0.15380494173637424
4,1515,1519,0.15381222875971243
4,1516,1520,0.15381907180731796
4,1526,1530,0.15382550016313412
4,1523,1527,0.1538315399276101
4,1519,1523,0.1538372151864724
4,1521,1525,0.15384254835025923
5,1510,1515,0.1538475603417569
5,1512,1517,0.15384922078667856
5,1509,1514,0.15385080543250523
5,1505,1510,0.15385230393649837
5,1510,1515,0.1538537185390891
5,1507,1512,0.15385505258038054
5,1505,1510,0.15385630979636067
5,1517,1522,0.15385749404820828
5,1513,1518,0.15385860918355274
5,1523,1528,0.15385954682590636
5,1522,1527,0.153860481928395
5,1510,1515,0.15386136941263406
5,1512,1517,0.15386220661499914
4,1509,1513,0.1538629950632928
4,1516,1520,0.15386671358246282
3,1520,1523,0.15387023370534147
3,1510,1513,0.15387662546105027
3,1506,1509,0.1538826294098673
3,1500,1503,0.15388827431372198
4,1494,1498,0.1538935805302589
4,1496,1500,0.15389543003810416
4,1502,1506,0.1538971909344501
4,1510,1514,0.1538988535964087
4,1499,1503,0.15390041952403327
4,1502,1506,0.1539018931306323
5,1503,1508,0.1539032793606755
5,1503,1508,0.15390138620824648
5,1506,1511,0.15389963323258612
5,1515,1520,0.15389799616792876
5,1507,1512,0.15389646335337884
5,1501,1506,0.15389502655585283
4,1502,1506,0.15389367895184233
4,1507,1511,0.15389553051367544
4,1514,1518,0.15389725439756646
4,1522,1526,0.15389886733373814
4,1502,1506,0.15390038002844197
4,1493,1497,0.15390179989338296
4,1503,1507,0.15390313315668228
4,1510,1514,0.1539043853972003
4,1516,1520,0.15390556172807
4,1516,1520,0.15390666688180998
4,1516,1520,0.1539077052604199
4,1507,1511,0.15390868097017435
4,1507,1511,0.15390959784846533
4,1506,1510,0.15391045948588492
4,1513,1517,0.1539112692451243
4,1518,1522,0.15391203027756167
4,1517,1521,0.1539127455380676
4,1509,1513,0.15391341779837633
4,1505,1509,0.1539140496592657
4,1506,1510,0.15391464356172463
4,1519,1523,0.15391520179724325
4,1518,1522,0.15391572651733243
4,1507,1511,0.15391621974235664
3,1530,1533,0.15391668336975045
3,1516,1519,0.15392031779654214
3,1511,1514,0.15392371642654637
2,1500,1502,0.15392690495723227
2,1504,1506,0.15393300117351688
2,1509,1511,0.15393873683829842
3,1503,1506,0.15394413448274136
3,1500,1503,0.15394605117129306
3,1513,1516,0.15394787403434815
3,1523,1526,0.15394959388576737
2,1529,1531,0.1539512128683952
2,1529,1531,0.15395587391454935
2,1516,1518,0.15396024700188649
2,1528,1530,0.15396435933866992
2,1519,1521,0.15396822716015807
2,1519,1521,0.15397186479009764
2,1510,1512,0.1539752857289685
2,1497,1499,0.15397850275369732
2,1515,1517,0.15398152793597777
2,1513,1515,0.15398437266287562
2,1518,1520,0.15398704766408003
2,1521,1523,0.15398956304289133
2,1514,1516,0.15399192830858724
2,1514,1516,0.15399415240877048
1,1507,1508,0.1539962437609335
1,1509,1510,0.15400139251153128
1,1514,1515,0.15400622849354598
1,1504,1505,0.15401077530549676
1,1509,1510,0.15401505215794248
1,1514,1515,0.15401907533243198
1,1519,1520,0.15402285980650932
1,1522,1523,0.15402641962386054
1,1526,1527,0.1540297680103566
1,1523,1524,0.15403291743187572
1,1524,1525,0.15403587963699505
1,1525,1526,0.1540386656951131
1,1528,1529,0.1540412860326513
1,1523,1524,0.1540437504679019
1,1519,1520,0.1540460682445588
1,1518,1519,0.15404824806385892
1,1512,1513,0.15405029811527426
0,1519,1519,0.154052226105726
