1384,28,1412,0.1358205328796566
1425,28,1453,0.13293625751204646
1427,30,1457,0.13019201171405295
1428,34,1462,0.12768614063710193
1437,35,1472,0.12540076598789388
1456,36,1492,0.12329478057787846
1452,35,1487,0.12132792496105488
1466,33,1499,0.11954773372932191
1475,34,1509,0.11789154048842232
1470,33,1503,0.11636176104171335
1466,33,1499,0.11498225178226944
1462,34,1496,0.11373630913872787
1461,34,1495,0.11261175220323569
1445,32,1477,0.11159040011059208
1455,33,1488,0.11069825630532432
1445,34,1479,0.10986237964609229
1460,37,1497,0.10912423280352967
1449,37,1486,0.1084176495154609
1446,38,1484,0.10779983427379201
1462,37,1499,0.10724368097524767
1469,36,1505,0.10670142909873065
1477,37,1514,0.10619197173738985
1478,37,1515,0.10571039854536007
1460,37,1497,0.10526998005442828
1462,40,1502,0.10490934196571411
1447,42,1489,0.10457676082396679
1448,42,1490,0.10430698892533702
1441,44,1485,0.10405931087362928
1443,46,1489,0.10384926066325315
1455,45,1500,0.10365360576500632
1461,46,1507,0.1034492226926243
1444,47,1491,0.10325000056296801
1448,50,1498,0.10310566209799944
1445,49,1494,0.10296588385105025
1440,49,1489,0.10284524827595583
1438,50,1488,0.10274638775283033
1418,51,1469,0.10266079457487884
1420,52,1472,0.10262591402594325
1423,51,1474,0.10259006571169711
1438,52,1490,0.10255066186929356
1432,53,1485,0.10248250346021483
1436,52,1488,0.1024334932560183
1435,53,1488,0.10238038521367496
1435,56,1491,0.10233417480603314
1447,57,1504,0.10229204586596788
1434,55,1489,0.10222775307663184
1447,57,1504,0.10219714202640223
1440,55,1495,0.10214113212200986
1444,55,1499,0.10210506453179548
1435,55,1490,0.10206385652910648
1447,55,1502,0.1020459210350299
1451,55,1506,0.10200342804694286
1448,57,1505,0.10195620944948225
1444,59,1503,0.1019198505433641
1438,59,1497,0.10189523675998056
1441,62,1503,0.10188585982292275
1452,62,1514,0.10187087036905948
1454,66,1520,0.10183343664163912
1444,67,1511,0.10179520523264465
1431,65,1496,0.10178185918215615
1436,70,1506,0.10179780084494179
1430,72,1502,0.10180170951718753
1438,71,1509,0.1018180256633999
1431,68,1499,0.10181570538755468
1435,69,1504,0.10182903642685254
1431,69,1500,0.10183253123464261
1431,71,1502,0.10184447410895897
1427,74,1501,0.10185495479045516
1414,71,1485,0.10187339664354282
1409,75,1484,0.10191866986038935
1421,76,1497,0.10197105447753961
1410,77,1487,0.10199266272829108
1400,78,1478,0.10203596710055947
1409,77,1486,0.10209666361412668
1409,79,1488,0.10213281463076967
1425,83,1508,0.1021655639124928
1426,84,1510,0.10216145516095296
1419,88,1507,0.10215592235666744
1408,87,1495,0.10216576642667238
1392,86,1478,0.10219846413298996
1397,86,1483,0.10226312816486725
1387,88,1475,0.102311117672684
1390,85,1475,0.10237653269568404
1395,85,1480,0.1024298112324557
1407,83,1490,0.10246687245423983
1405,81,1486,0.10247518851399522
1418,85,1503,0.10248714588972241
1428,84,1512,0.10246976851834429
1420,82,1502,0.10243240206911657
1402,85,1487,0.10241575699569008
1389,87,1476,0.10243940962089639
1389,87,1476,0.1024892060573587
1385,86,1471,0.10253451700499039
1369,85,1454,0.10258453927686972
1383,85,1468,0.1026646730980475
1397,87,1484,0.10270728198094074
1403,88,1491,0.10271523693963573
1397,84,1481,0.10270941218161031
1407,88,1495,0.10271729928164358
1388,89,1477,0.1027030760882483
1389,88,1477,0.1027318458724365
1383,88,1471,0.10275594569788098
1382,89,1471,0.10279130992325705
1380,94,1474,0.1028257222773315
1389,100,1489,0.10286180632694926
1385,103,1488,0.10287502437008136
1374,99,1473,0.10289606229715435
1379,100,1479,0.10293937866161862
1397,98,1495,0.10296777567351242
1393,98,1491,0.1029544457654886
1399,95,1494,0.10295114987029182
1372,94,1466,0.10293480676078155
1388,96,1484,0.10297834022844242
1395,95,1490,0.10298321627312763
1390,98,1488,0.10297240405499415
1389,94,1483,0.10297369171321678
1392,90,1482,0.10297715061993964
1395,92,1487,0.10297351484097562
1403,91,1494,0.10296377304190124
1393,95,1488,0.10293747408561284
1400,94,1494,0.10293538661924677
1404,98,1502,0.10291811603274083
1384,100,1484,0.10289369202446204
1388,99,1487,0.10291545965483564
1384,104,1488,0.10292662270659125
1392,105,1497,0.10294541974056955
1380,104,1484,0.10294488021104069
1387,105,1492,0.10297071793439509
1387,108,1495,0.10297895638288146
1387,110,1497,0.10298717697746942
1397,107,1504,0.10299453908200615
1394,112,1506,0.10297909207899174
1399,113,1512,0.10297155228679085
1400,110,1510,0.10295385504091507
1389,108,1497,0.10293557995940264
1379,110,1489,0.10294282801977923
1393,108,1501,0.10297097746407882
1392,108,1500,0.10296639314980485
1392,107,1499,0.10296414949518934
1376,111,1487,0.10296180554267276
1374,111,1485,0.10299503219031653
1375,114,1489,0.10302973546339533
1375,114,1489,0.10305940042624279
1369,114,1483,0.10308662523207665
1372,118,1490,0.10312504735406414
1388,120,1508,0.10315296112037771
1389,116,1505,0.10314385382235844
1380,113,1493,0.10313309547480283
1387,112,1499,0.10314271896953073
1380,116,1496,0.10313625582825982
1387,117,1504,0.10314550158769357
1381,123,1504,0.10313839257664124
1373,120,1493,0.10314540891151075
1374,121,1495,0.1031692919614754
1381,117,1498,0.10318909276409755
1380,116,1496,0.10319140390292017
1373,113,1486,0.10319541494561701
1362,115,1477,0.10321469422054251
1367,116,1483,0.10325651125835084
1362,114,1476,0.10328445010355945
1371,117,1488,0.10332051366388458
1380,118,1498,0.1033334045764725
1383,120,1503,0.10332606077716104
1389,118,1507,0.10331314372410344
1387,119,1506,0.10328837094091209
1382,118,1500,0.10326993656538236
1364,119,1483,0.10326406303941255
1360,119,1479,0.10329801194535093
1350,117,1467,0.10333838170441564
1365,124,1489,0.10339711962828357
1359,127,1486,0.10341826683735729
1369,130,1499,0.10345068760660997
1376,131,1507,0.10345791127670335
1363,136,1499,0.10345012252754451
1363,134,1497,0.10347108579973248
1355,133,1488,0.10349026870003641
1364,135,1499,0.10352590400526801
1370,137,1507,0.10353808718915555
1365,135,1500,0.10353627074371513
1368,139,1507,0.10354539191932181
1362,140,1502,0.10354771946604742
1369,140,1509,0.10356328613869853
1368,145,1513,0.10356225883861239
1370,142,1512,0.10356331647857661
1368,142,1510,0.1035598553529222
1375,143,1518,0.10356131154631427
1346,145,1491,0.10354750061113079
1338,146,1484,0.1035985743824593
1345,147,1492,0.103663057527988
1334,147,1481,0.10370667386485106
1346,150,1496,0.10377068685632292
1362,149,1511,0.10380229346756557
1359,149,1508,0.1037962994845498
1352,151,1503,0.10379753582145262
1358,155,1513,0.1038140745260112
1358,153,1511,0.10381595891263046
1347,158,1505,0.10381785588820225
1360,157,1517,0.10384418334595988
1345,157,1502,0.10383963954574443
1346,157,1503,0.10386876571746866
1338,159,1497,0.10389328647870004
1340,161,1501,0.10393301591139291
1344,156,1500,0.10396452015192623
1346,155,1501,0.10398440264027067
1361,155,1516,0.10399809170724325
1356,152,1508,0.10397788410528694
1354,153,1507,0.10397037969118614
1348,151,1499,0.10396807251443164
1344,151,1495,0.10397913889187294
1350,153,1503,0.10399794724949611
1348,153,1501,0.10400208484095998
1344,153,1497,0.10400970710638954
1341,157,1498,0.10402615871671365
1336,160,1496,0.10404807439719921
1335,157,1492,0.10407892319370368
1339,159,1498,0.10410944225031261
1336,160,1496,0.104128743822126
1334,159,1493,0.1041532539059611
1332,158,1490,0.10418033828165328
1322,161,1483,0.10420976245847151
1317,164,1481,0.10425816517263314
1326,169,1495,0.10431440947691172
1329,166,1495,0.1043458779557822
1325,165,1490,0.10436802182245501
1320,165,1485,0.10439699579748087
1327,160,1487,0.10443445075133521
1337,160,1497,0.10445315006818494
1327,159,1486,0.10444822229918276
1330,162,1492,0.10446562102288595
1330,169,1499,0.10447488717449556
1315,173,1488,0.10448452024318991
1322,176,1498,0.10452686020910638
1302,172,1474,0.10455024514594673
1313,177,1490,0.1046160080332103
1316,180,1496,0.10465145361124406
1299,188,1487,0.10467687800913676
1308,192,1500,0.10473800571710275
1314,198,1512,0.10477425847063662
1310,193,1503,0.104793951170089
1309,191,1500,0.10482115770515364
1310,192,1502,0.10484805747079079
1299,193,1492,0.10487092557389839
1302,193,1495,0.10491580485875497
1299,193,1492,0.10495022358789986
1307,194,1501,0.10498789113626927
1312,194,1506,0.10500482154186898
1321,193,1514,0.10500920833418849
1319,193,1512,0.10499323187426343
1322,191,1513,0.10498339762970786
1303,190,1493,0.10496743762824569
1294,187,1481,0.10499457889227153
1289,187,1476,0.10503935680714062
1288,187,1475,0.10509189787432867
1309,190,1499,0.10514181545651297
1322,189,1511,0.10514040408205508
1319,187,1506,0.10511054565746393
1318,188,1506,0.1050900669829553
1319,188,1507,0.105073827539532
1312,186,1498,0.10505665399664427
1295,180,1475,0.10505655433718877
1291,184,1475,0.10509444204481974
1297,181,1478,0.10513802110278123
1289,181,1470,0.10516384053437364
1296,184,1480,0.10520517431741534
1309,184,1493,0.10522798344581336
1310,186,1496,0.10522011887190864
1306,188,1494,0.10521136829656212
1306,196,1502,0.10521211877445218
1306,197,1503,0.10521212640918294
1312,199,1511,0.10521191110229289
1301,199,1500,0.10519810919659452
1306,200,1506,0.10521020179495572
1308,202,1510,0.10521030305330764
1305,202,1507,0.1052061603913711
1299,203,1502,0.10520918680338193
1294,206,1500,0.10522568687088885
1287,208,1495,0.10525204222501201
1286,211,1497,0.10529170651394958
1272,213,1485,0.10533014865947812
1262,221,1483,0.10539744422759714
1265,225,1490,0.10548162050902576
1264,225,1489,0.10555263705702243
1259,227,1486,0.1056205531288346
1264,227,1491,0.10569451799634383
1255,233,1488,0.10575116913152517
1245,233,1478,0.10582346747603666
1253,235,1488,0.1059122599920112
1247,242,1489,0.10597635736364822
1250,237,1487,0.10604842050003302
1258,235,1493,0.10610715358344425
1270,232,1502,0.10614314941663398
1261,233,1494,0.10614907902901337
1273,233,1506,0.10617479516962604
1282,231,1513,0.10617134835359138
1288,229,1517,0.10614777343375444
1285,220,1505,0.10611214117397641
1271,227,1498,0.10608607668298277
1259,222,1481,0.10609380261982622
1269,222,1491,0.10612805355645996
1268,222,1490,0.10613708912579893
1263,234,1497,0.10614742026939022
1268,236,1504,0.10616755691849943
1278,231,1509,0.10617481235559176
1287,232,1519,0.10615876188510974
1275,232,1507,0.10612353733988344
1266,235,1501,0.10611853955654485
1274,231,1505,0.10613462008174145
1261,228,1489,0.10613114896420076
1252,229,1481,0.1061568720159274
1256,228,1484,0.10619981973157394
1267,233,1500,0.10622989742669403
1276,232,1508,0.10623303081403489
1265,233,1498,0.10621629779033342
1265,241,1506,0.10622564861659242
1262,246,1508,0.10623480797531201
1267,242,1509,0.10625014271212127
1269,240,1509,0.10625344592246438
1275,242,1517,0.10625159659431624
1258,244,1502,0.10623661184560702
1257,247,1504,0.10626122075632544
1249,245,1494,0.10628593221658644
1251,239,1490,0.10632680192779777
1267,243,1510,0.1063598147669969
1271,243,1514,0.10635494495314896
1255,240,1495,0.10634178070422831
1255,246,1501,0.10636547864683471
1255,244,1499,0.10638715679179031
1266,239,1505,0.10640697456935863
1266,241,1507,0.10640054680172926
1261,244,1505,0.10639466728794376
1260,248,1508,0.10640177451152884
1264,250,1514,0.1064100089455767
1267,249,1516,0.10640855112967136
1256,243,1499,0.10640038669948751
1264,241,1505,0.10641746488662465
1254,246,1500,0.10641490473390153
1245,248,1493,0.1064349998974128
1258,247,1505,0.10647401082964944
1260,248,1508,0.10648028750298484
1262,250,1512,0.10648173350088222
1256,245,1501,0.10647822574970361
1268,243,1511,0.10648928471223723
1262,242,1504,0.10647257047545552
1260,243,1503,0.10647100705456157
1259,239,1498,0.10647407455025756
1255,234,1489,0.10647817563518297
1251,239,1490,0.10649143223385252
1244,248,1492,0.10651207863752374
1257,245,1502,0.10654623257142727
1267,246,1513,0.10654821048038227
1261,253,1514,0.10652825360480708
1257,254,1511,0.1065235329485419
1263,257,1520,0.1065283717983315
1254,253,1507,0.10652056237490186
1249,255,1504,0.1065335582345516
1250,255,1505,0.10655707785246468
1238,260,1498,0.10657645999488798
1240,262,1502,0.10662019050780729
1225,260,1485,0.10665605190556487
1227,261,1488,0.1067226852636075
1225,262,1487,0.1067796022689428
1232,263,1495,0.1068361103151994
1232,266,1498,0.10687158264918098
1235,265,1500,0.10690382059816446
1229,267,1496,0.10692638150832497
1227,268,1495,0.10696011568417664
1225,263,1488,0.10699602708948248
1234,260,1494,0.10703349596929365
1233,258,1491,0.10704680706123898
1234,259,1493,0.10706160481835038
1239,259,1498,0.10707283816287616
1232,262,1494,0.10707228389873322
1227,266,1493,0.10708780229179168
1237,266,1503,0.10711294006512893
1235,269,1504,0.10711351410571879
1233,271,1504,0.1071184034291611
1228,270,1498,0.10712819828311343
1229,273,1502,0.10714850449587178
1228,272,1500,0.10716520261208064
1224,266,1490,0.10718242644554998
1218,267,1485,0.10720796135268044
1219,272,1491,0.10724380762742372
1226,272,1498,0.10727407689581599
1220,274,1494,0.10728595804247845
1228,273,1501,0.10731022529117382
1218,272,1490,0.10731457780452863
1215,275,1490,0.10734149109039376
1223,276,1499,0.10737267472531961
1224,276,1500,0.10738375326465568
1231,272,1503,0.10739090117204586
1226,267,1493,0.10738216406095065
1231,274,1505,0.10738558998941734
1231,274,1505,0.10737755178996206
1230,280,1510,0.10737010359692416
1227,283,1510,0.10736546429083141
1219,283,1502,0.10736836412144538
1214,280,1494,0.10738961528098134
1218,285,1503,0.1074200372880925
1205,281,1486,0.10743922946743094
1201,285,1486,0.10748619374000742
1202,284,1486,0.10753810323471463
1201,288,1489,0.10758324231267323
1197,287,1484,0.10762692910344947
1213,286,1499,0.107676566664571
1205,287,1492,0.10768598037310376
1200,290,1490,0.10771311354531439
1212,294,1506,0.1077481991206263
1213,290,1503,0.1077538540926155
1218,290,1508,0.10775683394347643
1214,295,1509,0.1077484960548113
1213,290,1503,0.10775084458033728
1208,291,1499,0.10775515797332053
1210,291,1501,0.10777068556598447
1208,294,1502,0.10778002318649575
1200,289,1489,0.1077931947419825
1202,288,1490,0.10782339351873929
1193,287,1480,0.1078472440305466
1192,285,1477,0.1078883052433763
1194,289,1483,0.1079282293093677
1210,288,1498,0.10795905487636989
1209,287,1496,0.10795119094404232
1206,282,1488,0.10794573206873079
1208,279,1487,0.10794855815435682
1208,277,1485,0.10794653010044111
1203,276,1479,0.10794412627714799
1210,279,1489,0.10795274006023117
1206,281,1487,0.10794499780829275
1212,284,1496,0.10794796130675245
1207,293,1500,0.10793736564025101
1210,292,1502,0.10793966586728965
1214,292,1506,0.10793516248183774
1208,300,1508,0.10792257743666739
1216,295,1511,0.1079250744069755
1217,292,1509,0.10790909737608512
1221,289,1510,0.1078927667306704
1221,293,1514,0.10786867061396901
1223,291,1514,0.10784667889499971
1215,295,1510,0.10782165344794091
1217,294,1511,0.1078167299017095
1228,289,1517,0.10780806381068331
1224,285,1509,0.10777497001319065
1221,279,1500,0.10775369433650425
1216,278,1494,0.10774057460019869
1212,279,1491,0.1077404761032191
1211,281,1492,0.10774979376781622
1205,280,1485,0.1077599150000243
1212,280,1492,0.10778281725077493
1213,278,1491,0.10778829861623052
1221,279,1500,0.10779087819928203
1217,276,1493,0.10777539623047983
1207,279,1486,0.10777068731525802
1214,283,1497,0.1077890474293113
1218,281,1499,0.10779024401113575
1215,286,1501,0.10778199416673186
1218,286,1504,0.10778103287574364
1204,285,1489,0.10777378086916624
1200,292,1492,0.10779921795912827
1199,299,1498,0.10783232351850078
1192,300,1492,0.10786519740617813
1200,306,1506,0.10791214780451536
1192,305,1497,0.10793787019495556
1194,312,1506,0.10797950565702448
1171,310,1481,0.10801315715407943
1178,315,1493,0.1080968533287684
1180,316,1496,0.10815787259816365
1187,320,1507,0.10820944414633224
1190,322,1512,0.10823986469080335
1180,325,1505,0.10826206079202659
1180,322,1502,0.10830574199978753
1172,329,1501,0.10834508711659828
1179,334,1513,0.10839963091490555
1182,326,1508,0.10843304461780104
1168,323,1491,0.10845708647049407
1161,321,1482,0.10851040387464923
1153,322,1475,0.10857561972850593
1149,326,1475,0.10865383219123086
1148,337,1485,0.1087340817649476
1148,339,1487,0.10880959338640503
1147,337,1484,0.10887999522813079
1154,339,1493,0.10894777957954783
1161,341,1502,0.10899421384045421
1156,345,1501,0.10902048372969961
1146,345,1491,0.10905621788357032
1150,340,1490,0.10911211005379458
1157,337,1494,0.10915546859380047
1158,336,1494,0.10918000485975955
1154,341,1495,0.1092003781775194
1156,347,1503,0.10922843151514314
1151,343,1494,0.10924929286773709
1156,342,1498,0.10928003267599802
1141,340,1481,0.10929709815854542
1148,345,1493,0.1093479722315131
1144,344,1488,0.10937901413021066
1148,344,1492,0.1094167196677597
1144,344,1488,0.10944128774090917
1142,350,1492,0.1094731903737768
1130,352,1482,0.10950602629769239
1127,351,1478,0.10956412429601797
1137,357,1494,0.10962452583152832
1142,359,1501,0.10965670505912645
1136,359,1495,0.10967435736040765
1130,353,1483,0.10970494003108097
1132,358,1490,0.10974631531041831
1135,360,1495,0.10977862988827056
1141,364,1505,0.1098020940176464
1138,358,1496,0.10980993467903744
1137,355,1492,0.10982334082365774
1149,360,1509,0.10983778107119972
1140,362,1502,0.10982399903551128
1145,369,1514,0.10983093025940427
1149,364,1513,0.10982595122183737
1141,362,1503,0.10981222636098757
1149,364,1513,0.10981879401015762
1148,360,1508,0.10980663583292984
1150,359,1509,0.10979801878113175
1150,362,1512,0.1097854200083253
1143,370,1513,0.10977426523698706
1138,365,1503,0.10977978489953515
1149,366,1515,0.10979647714774728
1137,373,1510,0.10978666881821891
1120,364,1484,0.10980504678282729
1116,374,1490,0.10986142418746316
1111,382,1493,0.10992226964518555
1109,383,1492,0.10998975206319338
1118,384,1502,0.11005548266867232
1116,387,1503,0.11009552147715007
1130,382,1512,0.11013647453639493
1120,387,1507,0.1101420198654472
1109,388,1497,0.11017083718469455
1110,384,1494,0.110221675814728
1111,384,1495,0.11026582319542513
1115,384,1499,0.11030385455302774
1117,383,1500,0.11032908851060733
1119,379,1498,0.11034803838247158
1119,380,1499,0.11036132203980521
1113,386,1499,0.1103730511159623
1122,379,1501,0.11039780841798677
1121,377,1498,0.11039935340054367
1113,376,1489,0.11040319850011977
1112,374,1486,0.11042430561001161
1117,382,1499,0.110446304168293
1110,379,1489,0.11045556491820488
1115,380,1495,0.11048090572255254
1109,386,1495,0.11049304601613169
1115,391,1506,0.11051817797029954
1114,400,1514,0.11052772806134062
1109,399,1508,0.11053970548317771
1105,400,1505,0.11056256441623816
1107,394,1501,0.11059265552635043
1108,394,1502,0.11061614037957991
1105,395,1500,0.11063427877476706
1104,398,1502,0.11065746011543269
1100,406,1506,0.11068174409075528
1095,413,1508,0.11071351568134868
1089,415,1504,0.11075400991582257
1092,410,1502,0.11080536718909716
1096,409,1505,0.11084528151362882
1085,409,1494,0.11087285547452336
1075,411,1486,0.11092315859833062
1077,416,1493,0.11099235754854885
1071,420,1491,0.11105075797720393
1085,424,1509,0.1111181526235646
1071,415,1486,0.11114758710038145
1068,421,1489,0.11120673529364901
1068,427,1495,0.11126797726720802
1073,428,1501,0.11132472170764016
1068,433,1501,0.11136582536742137
1068,432,1500,0.11141582730455375
1062,439,1501,0.1114621561472972
1058,444,1502,0.11151942526754759
1045,442,1487,0.11158040214148658
1051,450,1501,0.11166668887972446
1055,450,1505,0.11173068806621987
1057,453,1510,0.1117806181077036
1051,447,1498,0.11182170466249883
1055,445,1500,0.11187265389898167
1065,442,1507,0.11191064500774121
1066,437,1503,0.11192208728970626
1067,440,1507,0.11193016072013197
1075,437,1512,0.11193545373766561
1077,432,1509,0.11192173781636655
1077,433,1510,0.1119050079503905
1078,433,1511,0.11188878152159366
1070,429,1499,0.1118716792425081
1070,437,1507,0.11187472900950202
1074,439,1513,0.1118769704730811
1079,442,1521,0.11186930367596214
1077,447,1524,0.1118514226154555
1081,444,1525,0.11183979961623504
1076,445,1521,0.11182040231908935
1073,442,1515,0.11181482913698701
1063,446,1509,0.11181777289142701
1040,448,1488,0.11184421212993687
1039,449,1488,0.1119227774035329
1044,459,1503,0.11199704923964887
1036,464,1500,0.11205336068762728
1031,461,1492,0.11212521786737448
1019,470,1489,0.11220203622813717
1030,472,1502,0.1123010309483978
1026,471,1497,0.11236668059496228
1023,471,1494,0.11243626694968181
1026,473,1499,0.11250760689132826
1033,471,1504,0.11256589120980891
1033,473,1506,0.11260383156611838
1033,473,1506,0.11263816926860698
1019,461,1480,0.1126690385158131
1020,459,1479,0.11273039910097529
1020,467,1487,0.11278506768541878
1020,462,1482,0.11283521831418974
1029,458,1487,0.11288083846477188
1027,459,1486,0.11290113794919893
1029,460,1489,0.11292442141939915
1041,460,1501,0.11294108163721252
1035,464,1499,0.112928709662588
1027,467,1494,0.11293126846858734
1026,470,1496,0.11295364036821458
1012,472,1484,0.11297681642985193
1023,478,1501,0.11303224790400082
1026,485,1511,0.11305776047102159
1021,481,1502,0.11307450848711678
1016,476,1492,0.1131022241799873
1012,480,1492,0.11314111827157852
1000,491,1491,0.11318565524187435
1010,483,1493,0.1132552117144606
1012,482,1494,0.11329517476627551
1004,492,1496,0.11332791689027517
1008,496,1504,0.11337695785386845
1012,495,1507,0.11341275630674215
1010,503,1513,0.11343614615473128
1009,509,1518,0.11346211379168199
1002,508,1510,0.1134888316604919
989,515,1504,0.1135302965855173
985,522,1507,0.11359955703046147
978,530,1508,0.11367356538256258
973,528,1501,0.11375870839267584
980,528,1508,0.11384981895766666
959,536,1495,0.11391793269064626
966,543,1509,0.11403055067943085
955,542,1497,0.11411784976328022
959,534,1493,0.11422509088215524
959,531,1490,0.11431480821736038
966,538,1504,0.11439729855063732
961,531,1492,0.11445598887734426
960,528,1488,0.11452324646200979
959,534,1493,0.11458747825206697
963,531,1494,0.11464911743570205
962,534,1496,0.11469713819394663
957,534,1491,0.11474371143202707
945,531,1476,0.11479899444709542
941,530,1471,0.11487862553207737
942,552,1494,0.114961972285144
944,561,1505,0.11503677001672827
938,558,1496,0.11510046358410955
942,556,1498,0.115173510190405
945,554,1499,0.11523090579246377
949,557,1506,0.11527713772915436
944,559,1503,0.11531079050868233
936,561,1497,0.11535449148501818
936,563,1499,0.11541544795796137
937,568,1505,0.11547146922150095
938,572,1510,0.11552036461523976
931,567,1498,0.11556288582818204
927,557,1484,0.11561960257210703
935,558,1493,0.1156823403642402
947,559,1506,0.11572011872363791
948,566,1514,0.11572545534613238
948,564,1512,0.11572759109375122
946,559,1505,0.11572935977407113
944,560,1504,0.1157358056995293
932,562,1494,0.11574696163621497
928,565,1493,0.11578601957701368
929,562,1491,0.1158322138028262
931,567,1498,0.1158733209740536
923,572,1495,0.1159060840183449
918,576,1494,0.11595662864736907
915,576,1491,0.11601622992582623
920,584,1504,0.1160782458222565
931,586,1517,0.11612410626826254
934,577,1511,0.11613930404081517
925,588,1513,0.11614541820184979
920,591,1511,0.11617373422846299
918,596,1514,0.11621286410176318
917,594,1511,0.11625429257034003
914,598,1512,0.11629592044102254
902,603,1505,0.1163416186372312
889,606,1495,0.11641258301079116
890,604,1494,0.11650937932174867
895,595,1490,0.1165966629809006
891,600,1491,0.11666574007911866
896,598,1494,0.11673966451917325
899,600,1499,0.11679640424323809
898,596,1494,0.11684114101401238
899,603,1502,0.11688415057152668
895,610,1505,0.116920804905258
895,614,1509,0.11696515832206583
892,610,1502,0.11700567989747776
888,614,1502,0.11705086134174103
890,608,1498,0.11710197408851145
885,607,1492,0.1171440136556252
895,605,1500,0.11719403347049205
888,605,1493,0.11721595398946542
888,592,1480,0.11725348923541151
899,594,1493,0.11728983930175542
897,609,1506,0.11729587047315665
899,605,1504,0.11730689544195122
899,617,1516,0.11731236154622157
894,618,1512,0.11731759887445825
888,615,1503,0.11733443967939977
895,619,1514,0.11736497730850916
889,626,1515,0.1173762156365183
889,624,1513,0.11740047341095285
897,631,1528,0.11742348260214182
899,624,1523,0.1174259291910605
887,625,1512,0.11742351719845365
881,630,1511,0.11745113565605837
874,623,1497,0.11749127784789745
866,613,1479,0.11754536869092949
858,627,1485,0.11761498420742292
863,631,1494,0.11769877360697051
862,629,1491,0.11776437663990416
858,640,1498,0.11782658451241339
866,639,1505,0.11789491648906733
857,636,1493,0.11793891510749237
857,632,1489,0.11800144964456766
860,638,1498,0.11806043080470861
856,649,1505,0.118108919719145
852,653,1505,0.11816329349239432
844,659,1503,0.11822424552975669
839,663,1502,0.11830081804279576
831,678,1509,0.1183849397507755
829,680,1509,0.1184826035778227
824,681,1505,0.11857844795961617
823,679,1502,0.11867912712391668
827,675,1502,0.11877480164142554
823,668,1491,0.11885320466845471
819,678,1497,0.11893608533926905
823,681,1504,0.1190223146965398
820,680,1500,0.11909156860062257
810,679,1489,0.11916265427987609
812,676,1488,0.11925220923789955
815,665,1480,0.11932885991507546
818,666,1484,0.11939208727237392
811,670,1481,0.11944246391434646
820,668,1488,0.11950537106811736
816,668,1484,0.11954187544811438
816,682,1498,0.11958574118864367
819,684,1503,0.11962608180007334
823,677,1500,0.11965639520344955
820,688,1508,0.11967501828937788
814,695,1509,0.11970042986083111
813,685,1498,0.11973893651593549
819,686,1505,0.1197766025908784
811,688,1499,0.11979621519995419
814,699,1513,0.1198348038695535
808,703,1511,0.11986217347673751
811,700,1511,0.1199023899879572
817,690,1507,0.11993188688744748
817,692,1509,0.11994426655038305
820,694,1514,0.11995614391317871
799,706,1505,0.1199601546006664
790,699,1489,0.1200167289964574
793,700,1493,0.12009204052592395
784,710,1494,0.12015550585905072
788,709,1497,0.12023579248182922
794,713,1507,0.12030080494843486
793,710,1503,0.12034548900721076
795,724,1519,0.12038891758691611
795,724,1519,0.12042535485340171
789,723,1512,0.12045839084989554
788,734,1522,0.12050306886602438
783,730,1513,0.12054667217639245
782,724,1506,0.12059944810064252
786,726,1512,0.12065093603623346
788,726,1514,0.12068971579836962
786,729,1515,0.1207202970230406
777,727,1504,0.1207535248771831
778,726,1504,0.12080856458491476
775,727,1502,0.12085771060641846
769,733,1502,0.12091129237833836
761,732,1493,0.1209758479476509
764,735,1499,0.12105549895240925
766,736,1502,0.12112087611204952
770,731,1501,0.1211752271875632
767,732,1499,0.12121488698942663
770,733,1503,0.12126015790620814
768,740,1508,0.12129491005946776
761,740,1501,0.12133160079184936
760,735,1495,0.12138164113456285
764,740,1504,0.12143126112248673
758,750,1508,0.12146805297524367
747,751,1498,0.12151721295460863
755,746,1501,0.1215904127970876
754,750,1504,0.12163844057313705
746,746,1492,0.12168559928783157
753,753,1506,0.12175027596596631
751,753,1504,0.12179312565876325
746,744,1490,0.12183697286628424
746,731,1477,0.12189295239206274
742,726,1468,0.12194338432060636
753,735,1488,0.12199996112421188
757,747,1504,0.12202417267948419
753,757,1510,0.12203723550434584
761,759,1520,0.12205900250827094
757,752,1509,0.12206161724524599
763,745,1508,0.12207352437483959
770,740,1510,0.12206918309784623
774,751,1525,0.12204769300426627
787,753,1540,0.12201888418999275
780,747,1527,0.12195998933676908
779,745,1524,0.12192285378004707
780,736,1516,0.12189081761993836
771,734,1505,0.12185798970937144
762,729,1491,0.12185038539364053
764,727,1491,0.1218652359476237
765,737,1502,0.12187454113865488
771,738,1509,0.12188073814947062
771,744,1515,0.12187196482973821
767,746,1513,0.121865061835713
765,746,1511,0.12186839087440329
754,759,1513,0.12187742055375946
753,757,1510,0.12191303457554223
750,755,1505,0.12194980886417747
741,761,1502,0.12199248796266633
735,767,1502,0.12205522741736927
735,768,1503,0.12212855582544552
732,763,1495,0.12219527447889827
733,763,1496,0.12226482030580005
732,767,1499,0.122327602394035
724,772,1496,0.12238718750344654
729,783,1512,0.12246261326577908
723,781,1504,0.12252199109158621
725,783,1508,0.12259199415902654
722,773,1495,0.12265204003427069
731,782,1513,0.1227138785330299
735,782,1517,0.12274867387135453
741,780,1521,0.12277002897840862
741,779,1520,0.12277392347341035
721,775,1496,0.12277686937318341
726,779,1505,0.1228296616631716
721,779,1500,0.12286588967176812
731,776,1507,0.12291258100670849
724,773,1497,0.12292999248200215
723,776,1499,0.12296393878365083
723,777,1500,0.12299660869333845
720,777,1497,0.12302777706768414
731,777,1508,0.12306440466253431
723,769,1492,0.12307005482866021
721,769,1490,0.12309575535156186
726,770,1496,0.12312547851161704
718,772,1490,0.12313961128319015
717,778,1495,0.12317384930398532
718,779,1497,0.12320873877649013
713,787,1500,0.12323731069389783
702,796,1498,0.1232760845404059
717,794,1511,0.123339915911228
730,798,1528,0.12336239577100215
725,801,1526,0.12335155475133706
718,805,1523,0.12335509857619681
715,807,1522,0.1233764368174693
704,810,1514,0.1234039783932198
705,808,1513,0.12345664821246523
697,813,1510,0.12350405720709415
689,817,1506,0.12356793142282321
698,816,1514,0.12364806122640029
695,815,1510,0.12370043500411242
696,805,1501,0.12375736164446696
691,822,1513,0.1238071085572307
683,825,1508,0.12386677680273717
687,829,1516,0.12394183558014028
694,822,1516,0.12400212549538078
682,818,1500,0.12403947618150436
680,822,1502,0.12410469061116579
679,826,1505,0.12417000110569973
684,832,1516,0.1242331638577619
678,839,1517,0.12427871967700418
677,833,1510,0.12433711127377219
675,838,1513,0.12439423200101196
676,841,1517,0.12445325673305188
678,830,1508,0.12450433662756609
676,827,1503,0.12454603174858488
673,831,1504,0.12458899691680372
678,834,1512,0.12463570645646531
677,835,1512,0.1246674163641343
665,832,1497,0.12469887134453261
668,837,1505,0.12475793624367157
674,843,1517,0.12480532532117912
667,845,1512,0.12483383521572483
661,841,1502,0.12487935938091162
654,843,1497,0.12493734612072174
646,848,1494,0.12500708632329205
647,854,1501,0.12509174358294028
654,851,1505,0.12516978591103436
651,845,1496,0.12522353854169416
646,855,1501,0.12528167077345828
647,854,1501,0.12534818954868596
647,860,1507,0.12540763015015344
647,862,1509,0.12546340226403616
643,868,1511,0.12551469004145768
643,858,1501,0.12557318945986398
644,851,1495,0.1256271121133987
644,858,1502,0.12567445999427926
642,852,1494,0.12571861988260025
645,850,1495,0.12576438966593154
647,852,1499,0.12579992584610114
654,844,1498,0.12582777491381036
643,848,1491,0.12583585879953618
642,868,1510,0.1258715132177649
632,860,1492,0.12590786804117166
636,872,1508,0.12596732994503468
627,878,1505,0.12601257154005374
623,877,1500,0.12607619865062625
620,881,1501,0.12614638292964572
616,872,1488,0.12621838132049906
619,877,1496,0.12629596681006164
621,879,1500,0.12636063479965032
619,872,1491,0.12641532876078343
614,886,1500,0.1264706482834923
622,879,1501,0.12653587771913508
628,872,1500,0.1265771439763447
639,874,1513,0.1265997648206834
633,878,1511,0.12659370989874283
628,879,1507,0.12660415129090752
620,886,1506,0.12662723447568733
624,887,1511,0.1266695477129868
622,890,1512,0.12669673201063092
619,890,1509,0.12672592917714634
607,894,1501,0.12676143299195053
622,886,1508,0.12682672273138265
628,872,1500,0.12684754959806013
632,875,1507,0.1268506901669037
633,871,1504,0.12684348274302268
639,853,1492,0.1268333649775473
641,859,1500,0.126810292582389
642,854,1496,0.1267844505104857
636,863,1499,0.1267591985376002
642,864,1506,0.126751130429048
636,861,1497,0.1267278936866133
633,871,1504,0.12672318549677666
623,867,1490,0.12672661857979475
620,881,1501,0.1267547661107564
623,883,1506,0.1267871342035463
617,878,1495,0.12681058970830975
624,884,1508,0.12684866289929062
619,879,1498,0.12686668581212746
623,892,1515,0.12689602876824582
614,906,1520,0.12691514080128502
620,894,1514,0.1269554808796523
618,889,1507,0.1269756402668302
621,885,1506,0.12700000151662696
621,893,1514,0.12701494374704847
618,895,1513,0.12703036552778227
619,895,1514,0.12705309685275074
616,914,1530,0.12707139993809097
613,906,1519,0.12709686174146614
621,905,1526,0.127127602600614
605,909,1514,0.12713468343855466
600,918,1518,0.1271829432673762
593,911,1504,0.1272402653822482
592,912,1504,0.12731222063957973
583,916,1499,0.12738198380200672
585,911,1496,0.1274703876701974
592,912,1504,0.12754833165224855
588,914,1502,0.1276047482704041
587,928,1515,0.12766664193850508
585,938,1523,0.12772824885855574
580,934,1514,0.12779047775158106
574,933,1507,0.12786082504333215
572,939,1511,0.12794105001123443
570,938,1508,0.1280207716356517
577,937,1514,0.1281003774295742
571,931,1502,0.12815554106657376
570,943,1513,0.12822263054403432
559,941,1500,0.12828767141792075
560,927,1487,0.12837785707720956
567,936,1503,0.12845897126760636
574,932,1506,0.12851445724538868
578,936,1514,0.12854881686051367
572,946,1518,0.12857077109834114
563,935,1498,0.12860619374701746
564,940,1504,0.12866400548862694
561,954,1515,0.12871507841604335
562,964,1526,0.12876944019548944
565,959,1524,0.12881617811258197
567,951,1518,0.12885199285123905
563,947,1510,0.12888169237013664
555,959,1514,0.1289199714772947
555,955,1510,0.128976231429255
558,951,1509,0.12902705545102053
558,945,1503,0.12906732273360852
560,935,1495,0.12910421474686642
561,944,1505,0.12913258825203897
563,943,1506,0.1291570112670443
560,942,1502,0.12917415739727417
565,938,1503,0.12919644158658106
560,941,1501,0.12920550248556473
557,946,1503,0.12922763197725762
563,943,1506,0.12925558637481813
573,937,1510,0.1292669170986446
581,931,1512,0.12925041143030008
575,928,1503,0.12921304237010775
572,933,1505,0.12919462323659808
566,935,1501,0.12918772986972563
571,946,1517,0.12919703688246637
566,955,1521,0.12919163445891133
560,956,1516,0.12919951729850804
556,962,1518,0.12922421521301655
558,968,1526,0.12925822228585818
557,972,1529,0.12928455989763074
554,968,1522,0.1293136071725039
546,962,1508,0.12934897259793268
541,953,1494,0.12940357419971132
539,964,1503,0.12946666170450433
547,956,1503,0.1295291445112872
543,959,1502,0.12956536961021597
545,969,1514,0.12960879550091065
550,972,1522,0.12964434629022656
550,972,1522,0.12966464595224717
556,972,1528,0.12968518215697106
556,973,1529,0.1296895809716798
542,972,1514,0.12969496370738834
533,965,1498,0.12973535587170892
538,964,1502,0.12979649444471197
537,964,1501,0.1298409988021273
536,970,1506,0.12988599421187896
538,972,1510,0.12993169770209964
537,969,1506,0.12996877970650425
534,966,1500,0.13000475806136919
541,976,1517,0.13004705640785832
540,974,1514,0.1300682188273102
539,991,1530,0.1300909028814854
540,984,1524,0.13011440070470376
532,990,1522,0.13013432676693498
533,986,1519,0.13017496181093513
528,988,1516,0.13020947958819448
533,984,1517,0.13025421284959152
532,992,1524,0.13028298680243997
530,998,1528,0.1303135568288083
527,1001,1528,0.13034711484602213
525,997,1522,0.13038715080991856
526,986,1512,0.1304288304025081
517,994,1511,0.1304640951319406
518,987,1505,0.13051935201778866
514,987,1501,0.13056833088486627
510,993,1503,0.1306245124951574
518,992,1510,0.13068684949280007
515,999,1514,0.13072364618985105
521,994,1515,0.13076569277969183
517,995,1512,0.13078842398308202
514,988,1502,0.1308203614341472
513,1000,1513,0.13085868260204628
518,1007,1525,0.1308962944147434
517,1007,1524,0.13091883660197065
520,1006,1526,0.13094137470915604
516,995,1511,0.13095340682823448
521,997,1518,0.13097630549826295
519,996,1515,0.13098363089352325
513,991,1504,0.13099641690213615
509,987,1496,0.13102419468294838
512,993,1505,0.13105982147139564
513,989,1502,0.13108594881656502
508,992,1500,0.13110803920892525
508,1001,1509,0.1311422712673842
521,990,1511,0.13117458853487604
521,990,1511,0.1311697763812187
521,995,1516,0.13116531837828346
521,993,1514,0.13116212649085793
520,983,1503,0.13115963087805393
516,987,1503,0.1311605525899461
516,999,1515,0.131171075987992
513,1008,1521,0.13118043216108952
516,1003,1519,0.13119742300887013
513,1002,1515,0.13120634578924179
505,1000,1505,0.1312233855615548
500,1011,1511,0.1312598280230735
502,1015,1517,0.13130873715515481
494,1002,1496,0.1313497351792089
493,1013,1506,0.131408672241896
494,1019,1513,0.13146635202677082
487,1026,1513,0.13151745492083844
494,1023,1517,0.13158481538622646
490,1023,1513,0.13162829039910423
485,1022,1507,0.13168038976115415
481,1024,1505,0.1317428059735244
481,1029,1510,0.1318121810076506
479,1038,1517,0.13187629420169117
475,1032,1507,0.13194239340829717
473,1022,1495,0.13201310370610841
477,1037,1514,0.1320852364896803
470,1037,1507,0.13214207379063544
474,1046,1520,0.1322127438610553
480,1051,1531,0.13226894300719555
481,1045,1526,0.13230479024250297
480,1047,1527,0.13233531847464342
476,1034,1510,0.1323657493049602
478,1040,1518,0.13240343025888254
478,1035,1513,0.13243323619801106
478,1038,1516,0.13246052471652883
475,1043,1518,0.13248606327096912
476,1039,1515,0.1325183566681412
466,1025,1491,0.13254454961377585
476,1033,1509,0.1325956198387091
471,1040,1511,0.1326179042980631
473,1044,1517,0.1326508978810435
476,1040,1516,0.13267579924179074
475,1045,1520,0.1326916248714669
471,1054,1525,0.13270748654174044
467,1049,1516,0.13273278371649133
461,1047,1508,0.13276836024152527
469,1046,1515,0.13281714898326474
468,1051,1519,0.13284151254073412
463,1043,1506,0.1328661344700678
449,1021,1470,0.13290338216066266
456,1022,1478,0.13297486034520262
464,1023,1487,0.1330227425990611
463,1032,1495,0.13304545694896755
465,1030,1495,0.13306966068599832
471,1030,1501,0.13308689259821377
470,1038,1508,0.13308669786914237
474,1040,1514,0.1330884373850886
469,1040,1509,0.13307957008757793
472,1045,1517,0.13308449310578507
472,1059,1531,0.13308072710372199
469,1052,1521,0.13307797095022378
461,1049,1510,0.13308300468464476
458,1042,1500,0.1331094643103807
459,1051,1510,0.13314467166341495
447,1053,1500,0.13317483827974927
450,1060,1510,0.1332348233394282
444,1063,1507,0.13328364471856605
447,1060,1507,0.1333462412357966
450,1060,1510,0.133396772594579
457,1051,1508,0.13343592432172463
462,1048,1510,0.1334533981044148
464,1039,1503,0.13345607642319768
465,1033,1498,0.13345366166885428
464,1044,1508,0.13344950448093443
454,1034,1488,0.1334474404296697
462,1040,1502,0.13347252926790712
463,1040,1503,0.13347463720334798
457,1038,1495,0.13347420881532585
455,1041,1496,0.13348904757040464
454,1039,1493,0.13350716728085663
455,1051,1506,0.13352561229937784
449,1062,1511,0.1335415581588836
443,1069,1512,0.13357270743709132
438,1074,1512,0.13361814701551405
443,1066,1509,0.13367376046708046
448,1062,1510,0.13371047693638935
449,1056,1505,0.13373163100371893
440,1070,1510,0.13374944358480576
440,1070,1510,0.1337887801854237
442,1078,1520,0.13382391833125595
441,1079,1520,0.1338523874301281
442,1077,1519,0.13388076843606803
440,1086,1526,0.13390648484205597
438,1083,1521,0.13393643862663962
439,1080,1519,0.13397056709112426
443,1085,1528,0.13399868275738724
433,1078,1511,0.1340133177392726
439,1072,1511,0.134054036971035
433,1078,1511,0.1340754905660057
436,1075,1511,0.1341121811781173
437,1078,1515,0.13414082441427044
435,1083,1518,0.13416506703578912
431,1081,1512,0.13419224559187948
432,1068,1500,0.13422897941281386
428,1067,1495,0.13425892072893295
425,1068,1493,0.13429764574951172
424,1082,1506,0.13434158773262264
415,1078,1493,0.134383957295544
419,1096,1515,0.13444674260993195
412,1093,1505,0.13449494802989237
411,1090,1501,0.1345586631516113
419,1089,1508,0.1346213640634366
420,1091,1511,0.1346561559311351
418,1108,1526,0.13468626495755895
426,1109,1535,0.1347206785264616
415,1106,1521,0.13473197412115992
411,1100,1511,0.13477224779216854
414,1106,1520,0.13482091842269012
416,1095,1511,0.13485816719143964
416,1101,1517,0.13488794379358013
416,1104,1520,0.13491614667314072
414,1102,1516,0.13494300037478277
417,1097,1514,0.13497248977455117
414,1095,1509,0.13499210352184612
411,1093,1504,0.1350181995231196
407,1088,1495,0.1350506560305056
407,1088,1495,0.13509178375312658
416,1076,1492,0.13512899042508356
411,1084,1495,0.13513905144358643
415,1086,1501,0.13516240565018095
415,1091,1506,0.13517351511508752
414,1102,1516,0.1351848629139978
417,1100,1517,0.13519802011410056
415,1099,1514,0.1352012545524624
413,1104,1517,0.13521013610682595
409,1102,1511,0.13522450498437752
406,1094,1500,0.1352488298643415
405,1105,1510,0.13527930899541749
407,1095,1502,0.1353104433051035
402,1107,1509,0.13533470937346018
403,1087,1490,0.13537141907939984
409,1092,1501,0.1354011894869893
412,1079,1491,0.13541202383971004
408,1086,1494,0.13541365995418694
415,1097,1512,0.13542519853222224
415,1104,1519,0.13541709076714956
424,1108,1532,0.13540917895855856
417,1104,1521,0.1353778976588016
418,1108,1526,0.1353684438312133
413,1107,1520,0.13535712476281364
411,1094,1505,0.13536131851333827
415,1095,1510,0.13536971724613944
410,1101,1511,0.13536674041523294
407,1104,1511,0.1353775423963283
404,1123,1527,0.13539456504110103
398,1112,1510,0.13541768370781232
405,1110,1515,0.13545448559031814
404,1109,1513,0.13546933787085874
401,1101,1502,0.13548582290828332
402,1107,1509,0.1355094582508963
397,1112,1509,0.1355291743755522
396,1115,1511,0.13556007771734938
395,1133,1528,0.13559258464711854
401,1126,1527,0.13562679764756477
402,1123,1525,0.13564303722831153
393,1110,1503,0.13565449629641113
392,1111,1503,0.13568885014524718
395,1115,1510,0.13572341396693713
396,1123,1519,0.13574726845469143
398,1119,1517,0.13576808354408185
392,1129,1521,0.13578094834517598
394,1126,1520,0.13580992784637821
389,1120,1509,0.1358316675150212
382,1124,1506,0.1358669753799143
382,1131,1513,0.13591870820446572
381,1130,1511,0.13596557620246436
387,1128,1515,0.1360119312087731
387,1134,1521,0.13603954504533552
383,1128,1511,0.13606517748101588
386,1142,1528,0.13609966064014745
383,1127,1510,0.13612350344805127
375,1129,1504,0.1361543049492799
383,1115,1498,0.13620508455414385
385,1114,1499,0.136230712576079
381,1125,1506,0.13624880253132893
382,1130,1512,0.13627758133951318
383,1122,1505,0.13630120571529417
386,1125,1511,0.136320619362794
390,1121,1511,0.13633015604019175
392,1117,1509,0.13632864759778218
382,1117,1499,0.1363221559718838
382,1127,1509,0.13634360165400902
378,1124,1502,0.13636458688013675
377,1146,1523,0.13639445667868041
378,1140,1518,0.1364257477649886
368,1135,1503,0.13645136049896223
366,1143,1509,0.13650293933905294
364,1154,1518,0.13655521068559828
357,1147,1504,0.13660805785612964
354,1137,1491,0.13667621128893825
361,1141,1502,0.1367473128328082
357,1145,1502,0.1367944238102287
360,1148,1508,0.136849224143888
357,1164,1521,0.13689249453190003
363,1159,1522,0.13694112110241397
358,1154,1512,0.1369701449042892
358,1152,1510,0.1370123120398278
355,1156,1511,0.13705108739093555
351,1167,1518,0.13709665304935673
347,1174,1521,0.1371504559694604
344,1179,1523,0.13721110671609793
338,1159,1497,0.13727643152896307
336,1150,1486,0.13735486367959487
338,1162,1500,0.13743260158972043
341,1166,1507,0.1375017738499415
342,1170,1512,0.13755747117689013
346,1164,1510,0.13760592065358992
346,1166,1512,0.13763937074650134
340,1162,1502,0.1376716378274374
347,1169,1516,0.1377190726993938
337,1172,1509,0.1377438995121841
337,1171,1508,0.137794357076525
338,1163,1501,0.13784210494978968
332,1159,1491,0.13788380159079022
334,1165,1499,0.1379390024485626
328,1177,1505,0.13798543522050333
323,1188,1511,0.13804503952443004
318,1190,1508,0.1381138125368483
320,1187,1507,0.1381924352606119
317,1190,1507,0.1382609675005683
321,1196,1517,0.1383328601332214
317,1199,1516,0.13838870847229412
315,1195,1510,0.1384518365925126
309,1193,1502,0.13851606789775256
309,1202,1511,0.13859236045765863
308,1202,1510,0.13866244551974405
309,1203,1512,0.13873043083544417
308,1207,1515,0.1387914400561561
307,1209,1516,0.13885054534824298
307,1211,1518,0.13890876738681662
300,1222,1522,0.13896392008114716
297,1214,1511,0.13903558093770538
294,1213,1507,0.13910981637294462
291,1219,1510,0.1391870958748419
295,1209,1504,0.13926747893261904
289,1195,1484,0.139331227349761
286,1216,1502,0.13940819781877378
288,1214,1502,0.1394885341653631
286,1224,1510,0.13955805128801405
284,1232,1516,0.1396290935052312
281,1218,1499,0.13970124730958308
283,1216,1499,0.13977637934521783
286,1214,1500,0.13984025027216854
280,1228,1508,0.1398904075242905
275,1234,1509,0.13995481099115817
278,1220,1498,0.14002884837126783
283,1223,1506,0.14008827192739104
281,1223,1504,0.14012883310916224
272,1226,1498,0.14017403557339508
275,1222,1497,0.1402413348450464
277,1229,1506,0.14029451461102557
273,1224,1497,0.14033914250464194
270,1227,1497,0.14039258706689195
273,1220,1493,0.14044976488342947
270,1232,1502,0.14049386142285286
273,1232,1505,0.14054324334302168
268,1233,1501,0.1405801517716906
267,1245,1512,0.14062939398485533
264,1249,1513,0.14067703701589981
261,1249,1510,0.14073089376500467
261,1255,1516,0.1407902711521292
263,1260,1523,0.14084549329448304
262,1252,1514,0.14089139225215447
266,1248,1514,0.1409370781449299
270,1244,1514,0.1409679169894245
266,1240,1506,0.14098461258217646
266,1243,1509,0.14101227848531792
269,1238,1507,0.14103750737049583
268,1234,1502,0.1410525822767214
273,1236,1509,0.14106998374687685
274,1221,1495,0.1410723349217985
268,1220,1488,0.14107110845421256
262,1225,1487,0.14108656249463158
266,1242,1508,0.14111710076664005
271,1254,1525,0.14113404562224321
263,1252,1515,0.14113589415239525
260,1248,1508,0.14115970539452893
262,1250,1512,0.14119002114957624
266,1245,1511,0.1412127856475993
259,1244,1503,0.14122292047416451
261,1255,1516,0.14125252663656873
259,1253,1512,0.14127481115350335
255,1249,1504,0.1413006629758519
253,1246,1499,0.14133547387044246
254,1261,1515,0.14137427681206963
257,1267,1524,0.14140904765113615
257,1274,1531,0.1414330405958452
253,1272,1525,0.1414554784326436
250,1274,1524,0.14148804035455165
247,1281,1528,0.14152705317673323
246,1268,1514,0.14157155507773939
245,1267,1512,0.14161634538439205
241,1261,1502,0.1416611114935018
240,1272,1512,0.14171441816041305
240,1278,1518,0.14176632970117262
240,1287,1527,0.14181454686244355
236,1300,1536,0.14186013593050847
237,1293,1530,0.1419146221751384
231,1297,1528,0.14196175177510775
229,1292,1521,0.14202278099746746
231,1273,1504,0.14208574273097047
232,1267,1499,0.14213845813180487
232,1276,1508,0.14218471593530338
230,1279,1509,0.14222734757029395
236,1257,1493,0.14227302788752877
236,1269,1505,0.14229809780328367
234,1280,1514,0.14232184527305874
227,1289,1516,0.14234947965297387
226,1289,1515,0.14239549002714513
222,1287,1509,0.14244184144928732
221,1274,1495,0.14249616485235003
224,1280,1504,0.14254980467170603
222,1289,1511,0.14259148621125567
219,1295,1514,0.14263586956957724
220,1294,1514,0.14268639028646185
221,1292,1513,0.14273077189892638
222,1294,1516,0.14276942479631646
220,1293,1513,0.14280276324602603
220,1294,1514,0.14284047555289267
215,1289,1504,0.14287550265508747
212,1292,1504,0.14292304000187975
203,1305,1508,0.1429764258148064
202,1308,1510,0.14305299124343332
198,1313,1511,0.14312789193467532
198,1310,1508,0.1432095855955352
198,1316,1514,0.14328630277665624
195,1329,1524,0.14335745747144604
185,1324,1509,0.14343217794481256
185,1316,1501,0.1435306527054802
188,1327,1515,0.14362275559258575
190,1326,1516,0.14370063011270162
191,1334,1525,0.1437674807143658
192,1333,1525,0.14382691937056477
185,1329,1514,0.1438795178149353
182,1333,1515,0.14394991935871937
181,1334,1515,0.14402478216798476
178,1338,1516,0.1440970329227423
175,1331,1506,0.1441729286919394
172,1340,1512,0.14425317480472474
172,1348,1520,0.14433670578763844
173,1351,1524,0.14441483055427778
171,1352,1523,0.14448529901475657
170,1352,1522,0.14455745087969285
173,1352,1525,0.1446276067250068
168,1342,1510,0.14468380400673655
168,1342,1510,0.14475114846584194
168,1331,1499,0.1448139296539606
169,1335,1504,0.1448729607298473
168,1334,1502,0.1449248549370207
172,1338,1510,0.14497639696583572
170,1347,1517,0.14501304753420471
166,1345,1511,0.1450531612024496
167,1346,1513,0.14510242045240399
162,1350,1512,0.1451453943855501
158,1354,1512,0.14520024683172653
163,1357,1520,0.1452637929761903
160,1355,1515,0.14530874215809703
163,1344,1507,0.14535990054432454
162,1343,1505,0.1453986712150491
160,1352,1512,0.14543837583870722
160,1349,1509,0.1454822964731273
163,1358,1521,0.14552320616489056
160,1371,1531,0.1455527430561816
165,1357,1522,0.14558917526515716
167,1350,1517,0.14560842426527526
164,1362,1526,0.1456206414604225
164,1353,1517,0.14564081017813524
162,1354,1516,0.1456600070822185
160,1335,1495,0.14568412738712241
158,1328,1486,0.14571261092129487
159,1353,1512,0.145745272745363
159,1361,1520,0.14577322405629495
158,1367,1525,0.1458000321148856
156,1354,1510,0.14582849013718566
157,1365,1522,0.1458613411244436
156,1354,1510,0.14588906326475734
156,1364,1520,0.14591844506856805
156,1352,1508,0.1459460314490736
156,1365,1521,0.14597099071651465
156,1358,1514,0.14599422898404918
155,1353,1508,0.1460155943483418
159,1335,1494,0.1460389789380146
156,1339,1495,0.1460495317735139
160,1341,1501,0.14606882509726787
160,1356,1516,0.14607505064321025
157,1350,1507,0.14608082655108137
159,1351,1510,0.14609537032020495
165,1359,1524,0.14610315680754873
159,1360,1519,0.14609279875363942
155,1360,1515,0.14610126127033152
156,1365,1521,0.14612136465188402
156,1362,1518,0.14613741598362995
155,1361,1516,0.146151699614202
156,1356,1512,0.14616892738598003
154,1362,1516,0.14618194254335962
157,1360,1517,0.14620039368367319
158,1367,1525,0.14620910854427346
151,1360,1511,0.14621460167975944
153,1354,1507,0.1462408086821937
154,1342,1496,0.1462592761557152
154,1367,1521,0.14627381086269847
150,1367,1517,0.14628747511536444
148,1382,1530,0.1463120270189423
147,1390,1537,0.14634108941579665
146,1385,1531,0.14637150157477893
143,1379,1522,0.14640297827374973
144,1374,1518,0.14644130641806494
139,1374,1513,0.1464746507243999
137,1379,1516,0.14652054924296676
137,1375,1512,0.1465693340569624
140,1381,1521,0.14661476317014152
137,1380,1517,0.14664858487197227
129,1393,1522,0.14668912189637368
130,1389,1519,0.1467509431321045
130,1388,1518,0.14680580514983846
132,1384,1516,0.14685713984590154
128,1384,1512,0.14689890922672197
128,1393,1521,0.14694995363712807
126,1396,1522,0.1469976921012968
127,1384,1511,0.14704824401544714
122,1381,1503,0.14709251459007394
119,1380,1499,0.14714889635564432
115,1390,1505,0.14721104249063344
115,1395,1510,0.1472812747896023
118,1407,1525,0.14734709325320908
118,1414,1532,0.14739948702875566
116,1419,1535,0.14744875894683335
112,1407,1519,0.14750103416618873
110,1403,1513,0.14756190791442642
110,1406,1516,0.14762519619978798
109,1413,1522,0.14768414697360907
107,1403,1510,0.14774224620964127
105,1398,1503,0.14780279373239538
105,1408,1513,0.14786574660462415
104,1409,1513,0.14792485290291074
101,1408,1509,0.14798315820092472
101,1417,1518,0.14804646799708185
101,1423,1524,0.1481053814572405
102,1426,1528,0.14816085865311082
96,1435,1531,0.148209838291539
99,1434,1533,0.14827382551640564
96,1425,1521,0.14832495371035773
97,1428,1525,0.14838212649789154
95,1424,1519,0.14843278135964838
95,1426,1521,0.1484862628931912
95,1428,1523,0.1485364110564
94,1424,1518,0.148583515087211
95,1422,1517,0.14863083183181078
94,1430,1524,0.1486726096741411
90,1433,1523,0.1487151049703334
89,1419,1508,0.14876703759864923
89,1420,1509,0.14881886698221808
91,1423,1514,0.14886758703993114
88,1422,1510,0.14890733764386507
93,1428,1521,0.1489538242195775
89,1421,1510,0.14898268482465402
87,1414,1501,0.1490219083956186
88,1403,1491,0.14906436270896573
88,1418,1506,0.14910115200523677
85,1426,1511,0.1491360989597834
86,1438,1524,0.1491781319606459
84,1434,1518,0.14921470288871344
84,1434,1518,0.1492551645122198
80,1434,1514,0.1492931282627725
80,1455,1535,0.149340712605735
81,1446,1527,0.1493855632105153
82,1445,1527,0.1494246251828413
79,1437,1516,0.14945803848548
81,1441,1522,0.14949860026165473
78,1432,1510,0.14953047416561088
74,1426,1500,0.1495690398161782
79,1433,1512,0.14961754981100567
81,1433,1514,0.14964782480041539
83,1437,1520,0.149670479251162
81,1438,1519,0.1496856092894155
85,1433,1518,0.14970640239797992
85,1439,1524,0.1497139600127453
84,1439,1523,0.14972123561828335
82,1429,1511,0.14973124592192083
79,1433,1512,0.14974688238096653
78,1421,1499,0.1497707888158752
78,1428,1506,0.14979661883983408
80,1445,1525,0.14982051779256736
81,1447,1528,0.1498371501100609
80,1448,1528,0.1498500348493692
78,1441,1519,0.1498644100362519
77,1439,1516,0.14988397866637995
79,1442,1521,0.14990525108828595
79,1445,1524,0.14991935593408737
79,1434,1513,0.14993260476369025
77,1420,1497,0.14994481993675537
79,1438,1517,0.14996235316338308
77,1431,1508,0.14997279700861593
78,1422,1500,0.14998815262410758
79,1425,1504,0.14999905364746752
75,1435,1510,0.1500060427593965
74,1434,1508,0.15002453448858855
74,1453,1527,0.15004482815190648
74,1459,1533,0.1500637860310565
73,1460,1533,0.15008170476500282
75,1450,1525,0.15010166904013345
73,1456,1529,0.15011441638589806
71,1447,1518,0.15013266439838377
70,1433,1503,0.15015536194752582
72,1443,1515,0.15017972718169578
70,1447,1517,0.15019675371091362
72,1445,1517,0.15021878984990128
67,1445,1512,0.1502337168508063
69,1452,1521,0.15026313838911737
67,1452,1519,0.15028444859535012
67,1469,1536,0.15031061721134362
68,1461,1529,0.1503351869647607
70,1455,1525,0.15035500072330524
66,1447,1513,0.1503673618405051
65,1451,1516,0.15039159856045362
63,1439,1502,0.15041743489097992
63,1449,1512,0.1504477207157086
65,1456,1521,0.15047605952677295
65,1460,1525,0.1504965883628175
64,1459,1523,0.1505156761691616
64,1456,1520,0.15053657769406686
63,1466,1529,0.15055635614428367
62,1452,1514,0.15057795972627125
63,1458,1521,0.1506013358081852
62,1448,1510,0.15062026633575765
61,1446,1507,0.15064113062719298
59,1446,1505,0.15066371726734545
60,1458,1518,0.1506908011599006
61,1458,1519,0.15071290162312034
64,1455,1519,0.15072996958333898
63,1458,1521,0.15073689356094258
62,1451,1513,0.15074675403691573
61,1469,1530,0.15075893381674285
64,1463,1527,0.15077334067691558
62,1467,1529,0.15077762448751844
60,1459,1519,0.15078781748187686
60,1463,1523,0.15080370788521763
62,1452,1514,0.1508184917842901
60,1453,1513,0.15082593173086103
58,1455,1513,0.15083936174392806
58,1440,1498,0.15085824051656804
57,1436,1493,0.15087618049152618
57,1433,1490,0.15089619851453823
56,1452,1508,0.1509148523713191
55,1452,1507,0.15093523521570842
54,1459,1513,0.1509573767631953
53,1480,1533,0.1509812882806243
55,1485,1540,0.15100657040909773
54,1479,1533,0.15102418161662018
53,1480,1533,0.15104388767401994
55,1495,1550,0.15106547522554442
53,1486,1539,0.15107958932450916
50,1477,1527,0.1510990365416986
51,1468,1519,0.15112649853247898
52,1471,1523,0.15114917759706167
53,1477,1530,0.1511674279212578
55,1473,1528,0.15118122981145912
53,1476,1529,0.15118780775408674
53,1475,1528,0.151200296763029
52,1469,1521,0.15121201144506174
48,1480,1528,0.15122618082481062
48,1484,1532,0.15125189512376955
47,1470,1517,0.15127589308980316
46,1462,1508,0.15130154205620644
46,1470,1516,0.15132856920085347
47,1476,1523,0.15135388516052747
46,1484,1530,0.15137460477161443
44,1477,1521,0.1513972083193817
46,1485,1531,0.15142448244428203
46,1470,1516,0.15144375147053682
46,1469,1515,0.15146188183642642
44,1465,1509,0.15147891492500976
45,1472,1517,0.15150133751610442
43,1481,1524,0.15151927859196057
42,1486,1528,0.1515422710288979
39,1481,1520,0.15156697997287413
40,1481,1521,0.15159947444913674
39,1483,1522,0.15162691014451696
38,1485,1523,0.15165568927544573
37,1497,1534,0.1516858911474469
37,1480,1517,0.15171738933741188
39,1474,1513,0.15174692364040326
39,1482,1521,0.15176819893863633
39,1481,1520,0.15178817479419757
36,1488,1524,0.15180695525882298
37,1484,1521,0.15183412217872325
38,1466,1504,0.1518566078434989
38,1486,1524,0.15187468857578637
38,1494,1532,0.15189180714531844
37,1486,1523,0.15190795330929466
39,1482,1521,0.1519263326614351
39,1484,1523,0.1519375140621697
38,1488,1526,0.1519481022337521
37,1473,1510,0.15196116083114453
37,1469,1506,0.15197663157445995
38,1462,1500,0.1519911813072711
38,1469,1507,0.15200181677782543
37,1484,1521,0.15201170791313393
36,1483,1519,0.15202420234021063
34,1478,1512,0.15203895519059846
37,1483,1520,0.15205890307701597
35,1500,1535,0.1520685420003717
36,1487,1523,0.15208398982290372
37,1480,1517,0.15209576881836495
35,1483,1518,0.15210384193325382
37,1488,1525,0.15211757415181995
37,1474,1511,0.1521244706480801
36,1481,1517,0.1521310166067833
36,1480,1516,0.1521403135031746
35,1478,1513,0.1521490141058797
35,1484,1519,0.15216036149617085
36,1482,1518,0.1521709839891804
36,1481,1517,0.15217810409219595
37,1474,1511,0.15218480562824824
36,1483,1519,0.1521878938360537
37,1487,1524,0.15219386286398343
37,1486,1523,0.15219621946686337
35,1499,1534,0.1521986699962641
35,1500,1535,0.15220713761296306
35,1492,1527,0.15221518346918067
34,1483,1517,0.15222298328058526
33,1487,1520,0.15223341535368914
33,1484,1517,0.15224640521712463
33,1488,1521,0.15225864258556307
34,1481,1515,0.1522699198189489
34,1497,1531,0.15227730152493305
34,1479,1513,0.15228430548950014
34,1477,1511,0.15229082628322044
34,1474,1508,0.15229695457675427
33,1482,1515,0.15230293147752957
34,1482,1516,0.1523115100785385
32,1493,1525,0.15231643322708524
31,1474,1505,0.15232716119641335
30,1482,1512,0.1523403133936332
29,1483,1512,0.15235581492768493
28,1475,1503,0.15237325623755116
28,1481,1509,0.15239283392758016
28,1481,1509,0.1524111846328859
28,1497,1525,0.1524284104893397
28,1504,1532,0.15244458887748297
28,1495,1523,0.15245970815369045
26,1493,1519,0.15247388851864258
25,1488,1513,0.15249352788973472
24,1490,1514,0.1525148578780647
25,1492,1517,0.1525379902879593
26,1493,1519,0.1525567120797556
25,1478,1503,0.15257123302818384
25,1478,1503,0.15258789699285863
25,1481,1506,0.15260354226511172
25,1484,1509,0.15261823944739977
25,1493,1518,0.15263207498237352
25,1495,1520,0.1526450845215886
25,1488,1513,0.15265730782755388
24,1469,1493,0.1526688198437173
24,1482,1506,0.152682676401373
25,1488,1513,0.15269568490142496
26,1494,1520,0.15270497468589594
26,1494,1520,0.15271059867001413
26,1496,1522,0.15271610076443928
27,1489,1516,0.1527210392313404
25,1492,1517,0.1527229680932069
27,1489,1516,0.15273111088995817
27,1491,1518,0.1527325836934691
27,1484,1511,0.15273400489632474
28,1480,1508,0.15273536004694027
27,1482,1509,0.15273354785174523
27,1483,1510,0.1527347995138889
29,1490,1519,0.15273597637292113
30,1488,1518,0.15273097266680616
31,1492,1523,0.15272312523500994
30,1497,1527,0.15271279339579671
28,1489,1517,0.15270624198631702
30,1490,1520,0.152706225846984
28,1491,1519,0.15270002131735694
28,1492,1520,0.15270043732523975
28,1486,1514,0.1527008642449524
28,1494,1522,0.15270129106063565
29,1491,1520,0.15270170677050743
29,1496,1525,0.15269914165904092
30,1506,1536,0.15269673455732355
28,1494,1522,0.15269141265644656
27,1486,1513,0.1526925433851244
27,1473,1500,0.1526965381055294
26,1487,1513,0.15270028884427497
27,1493,1520,0.15270673896264547
26,1490,1516,0.1527096608664267
26,1486,1512,0.15271559438951443
27,1479,1506,0.15272123401625565
27,1474,1501,0.15272350947919983
26,1485,1511,0.15272566309906355
26,1484,1510,0.152730633485189
27,1488,1515,0.15273528178475781
27,1484,1511,0.15273647183734512
28,1489,1517,0.15273760977857714
26,1498,1524,0.15273568456858555
25,1503,1528,0.15274019927639307
25,1494,1519,0.15274750191343822
23,1484,1507,0.1527542724679414
25,1484,1509,0.15276668744118202
26,1485,1511,0.15277204166859334
24,1482,1506,0.1527739811712123
24,1495,1519,0.15278197002227475
21,1505,1526,0.15278946568913118
23,1498,1521,0.15280552082128807
23,1493,1516,0.15281448774869752
24,1485,1509,0.15282291843546286
23,1482,1505,0.15282779521249126
22,1492,1514,0.15283561499220935
22,1484,1506,0.15284593192307175
21,1486,1507,0.15285557468243033
20,1484,1504,0.1528678318122598
20,1490,1510,0.15288235291930932
20,1493,1513,0.15289594716612398
21,1475,1496,0.15290868531163054
21,1480,1501,0.15291759973733388
20,1483,1503,0.15292596760620117
20,1487,1507,0.15293687685622478
20,1490,1510,0.15294708564937495
20,1493,1513,0.15295664427207753
20,1493,1513,0.15296560050235988
18,1492,1510,0.1529739958450096
19,1485,1504,0.1529879054535818
18,1490,1508,0.15299784208489872
18,1485,1503,0.1530104131233351
20,1500,1520,0.15302219559459398
19,1499,1518,0.15302716480337147
20,1498,1518,0.15303492268424787
20,1498,1518,0.1530391394082028
19,1502,1521,0.1530432100077631
17,1500,1517,0.15305012070301519
17,1504,1521,0.15306275511544976
18,1495,1513,0.1530746190266962
18,1494,1512,0.15308265101608334
16,1493,1509,0.15309020665711187
15,1490,1505,0.1531033319352074
14,1486,1500,0.1531187048750978
14,1496,1510,0.1531361725793074
13,1498,1511,0.1531525115517572
13,1497,1510,0.15317088829339212
13,1491,1504,0.15318811302293953
13,1491,1504,0.15320425915638547
13,1498,1511,0.15321939487291364
13,1499,1512,0.1532335856060346
13,1500,1513,0.15324689266170835
14,1508,1522,0.15325937312347832
14,1503,1517,0.15326794289267082
14,1521,1535,0.15327598040289842
13,1519,1532,0.153283528475821
13,1505,1518,0.15329373250248002
13,1495,1508,0.15330330596680367
14,1488,1502,0.15331229423671863
13,1491,1504,0.15331759203246798
13,1481,1494,0.15332570038197113
13,1481,1494,0.15333331759395782
13,1490,1503,0.15334048049599638
13,1502,1515,0.15334715355969028
14,1496,1510,0.1533533993749293
14,1500,1514,0.1533561258150395
14,1498,1512,0.15335869237244412
13,1516,1529,0.15336109974795709
13,1515,1528,0.15336651515459812
13,1507,1520,0.15337158779318122
12,1503,1515,0.15337634619734392
12,1501,1513,0.15338391089118364
12,1486,1498,0.15339101246130363
12,1498,1510,0.15339767698043288
12,1507,1519,0.15340393248829584
12,1502,1514,0.1534098043653364
12,1503,1515,0.1534153161978426
11,1517,1528,0.15342049013079462
11,1517,1528,0.15342845965948754
11,1525,1536,0.153435946841097
11,1513,1524,0.15344297604186985
12,1515,1527,0.15344957506900941
11,1523,1534,0.15345262661450762
11,1511,1522,0.15345864838158393
11,1508,1519,0.15346429684702084
10,1509,1519,0.15346959094768253
10,1496,1506,0.15347773964916503
10,1502,1512,0.1534853967103646
10,1490,1500,0.15349266492328323
9,1495,1504,0.15349953074094813
9,1499,1508,0.1535091588827886
8,1511,1519,0.15351821093329968
8,1509,1517,0.1535298674261477
8,1507,1515,0.1535408222994737
8,1505,1513,0.15355109302800765
8,1520,1528,0.1535607339835504
6,1519,1525,0.15356977804179686
6,1510,1516,0.15358460315762215
6,1507,1513,0.15359853451176592
7,1498,1505,0.15361163462659866
7,1500,1507,0.1536206797726637
7,1508,1515,0.1536292595525378
7,1504,1511,0.1536373426768239
7,1514,1521,0.15364494875565465
8,1514,1522,0.15365210216965333
9,1508,1517,0.1536556232638269
10,1515,1525,0.15365574982762442
10,1504,1514,0.15365264137396448
10,1504,1514,0.15364973971513685
10,1504,1514,0.15364701658945304
10,1514,1524,0.15364446019762384
10,1515,1525,0.15364205994381805
10,1509,1519,0.1536398059078129
10,1492,1502,0.15363768882814177
9,1498,1507,0.1536357000798528
9,1493,1502,0.15363702163093074
9,1494,1503,0.15363826123739385
9,1512,1521,0.15363942580768175
9,1502,1511,0.15364051740509221
9,1503,1512,0.15364153943761616
10,1508,1518,0.15364249590998955
11,1507,1518,0.15364022602558283
11,1511,1522,0.15363499541617645
11,1508,1519,0.15363005758903164
11,1510,1521,0.1536254140479841
11,1513,1524,0.15362104806897586
9,1500,1509,0.15361694295048625
9,1502,1511,0.15361929999243343
8,1501,1509,0.1536215446161672
8,1520,1528,0.15362681930305733
8,1517,1525,0.15363178350256143
8,1506,1514,0.1536364587395953
8,1497,1505,0.15364086671339686
7,1506,1513,0.15364502278198663
7,1518,1525,0.15365215034795085
7,1521,1528,0.15365882924033133
7,1510,1517,0.1536650926183894
7,1504,1511,0.15367097229066448
7,1501,1508,0.1536764942815924
7,1506,1513,0.1536816816870509
7,1515,1522,0.15368655558769462
7,1523,1530,0.15369113545736154
7,1519,1526,0.15369543939598643
7,1514,1521,0.15369948428574395
8,1505,1513,0.1537032859074582
8,1521,1529,0.1537036399460935
8,1518,1526,0.15370400676124968
8,1517,1525,0.15370437597329714
8,1523,1531,0.15370474005022064
7,1531,1538,0.15370509528099707
6,1527,1533,0.15370864395690415
5,1523,1528,0.15371516258584486
5,1508,1513,0.15372442811340487
5,1497,1502,0.15373317850034782
5,1508,1513,0.15374140918659138
4,1520,1524,0.1537491459679991
4,1514,1518,0.15375961726817067
4,1528,1532,0.15376945612381296
4,1529,1533,0.15377869036764316
4,1514,1518,0.15378735943835534
4,1519,1523,0.1537954995524806
3,1505,1508,0.1538031440931786
5,1519,1524,0.1538135316016915
5,1518,1523,0.15381676824451865
4,1505,1509,0.15381994900328513
4,1504,1508,0.15382620722556267
5,1506,1511,0.1538321218952348
5,1508,1513,0.1538344529719684
5,1501,1506,0.1538366862641359
5,1509,1514,0.1538388142419778
5,1511,1516,0.15384083248928349
5,1522,1527,0.1538427421094532
5,1513,1518,0.15384454632425074
5,1517,1522,0.15384624928807647
5,1517,1522,0.1538478555635129
5,1507,1512,0.15384936985462258
5,1513,1518,0.1538507968601598
5,1512,1517,0.15385214118929336
5,1513,1518,0.1538534073125264
5,1514,1519,0.15385459953354402
5,1511,1516,0.15385572197399952
4,1510,1514,0.15385677856652488
4,1510,1514,0.1538610174988004
4,1506,1510,0.1538649216009758
4,1507,1511,0.15386856543656438
4,1504,1508,0.1538719751753826
5,1513,1518,0.1538751696070144
5,1522,1527,0.15387488894532667
4,1535,1539,0.15387464432173573
4,1533,1537,0.15387765773537207
4,1513,1517,0.1538804998025455
4,1509,1513,0.15388316336987193
4,1504,1508,0.1538856606409208
4,1511,1515,0.1538880030448829
4,1499,1503,0.15389020089823433
4,1504,1508,0.15389226361635516
4,1500,1504,0.1538941998660603
4,1508,1512,0.15389601766887004
3,1509,1512,0.1538977244757217
3,1509,1512,0.15390258076955865
2,1513,1515,0.15390707664247633
2,1511,1513,0.1539145464925489
2,1524,1526,0.1539215374327959
2,1512,1514,0.15392808400156338
2,1507,1509,0.15393422141656404
2,1498,1500,0.15393997864754413
2,1499,1501,0.15394538122739415
2,1512,1514,0.15395045228847123
1,1523,1524,0.15395521306498647
1,1521,1522,0.1539629540046716
1,1501,1502,0.1539702000199232
1,1498,1499,0.1539769967212025
1,1507,1508,0.15398337615217816
0,1522,1522,0.15398936586006104
