1375,32,1407,0.1358210378443416
1398,31,1429,0.13296212950519343
1411,32,1443,0.13029081371487183
1425,33,1458,0.12782025151512802
1429,32,1461,0.12553150755361517
1423,32,1455,0.12343612596813859
1439,34,1473,0.12154283912037156
1446,33,1479,0.11977685820538639
1443,33,1476,0.11815124174014809
1466,35,1501,0.11667817959967959
1479,37,1516,0.11528033248795166
1470,36,1506,0.11397657744545552
1461,36,1497,0.11281129445705591
1463,34,1497,0.11177210979167082
1456,33,1489,0.11082125712635346
1458,32,1490,0.10997195882967531
1468,31,1499,0.1091940763910107
1460,33,1493,0.10846312598917165
1457,34,1491,0.10781623347172144
1456,37,1493,0.10723430250869907
1452,34,1486,0.10670651346260311
1454,35,1489,0.10623544543121395
1469,34,1503,0.10580199722405059
1474,35,1509,0.10537417638125766
1457,38,1495,0.1049735781786234
1453,38,1491,0.10464648648243983
1446,42,1488,0.1043577731261023
1432,41,1473,0.10411008163982703
1447,44,1491,0.1039156949384512
1441,43,1484,0.10370576349936858
1445,44,1489,0.10352782030791338
1441,44,1485,0.10335673661657659
1447,45,1492,0.10321015924072889
1462,44,1506,0.10306361436224944
1463,46,1509,0.10289735193964958
1452,43,1495,0.10274398903953517
1447,39,1486,0.1026281371333048
1454,42,1496,0.10253371149370442
1452,41,1493,0.10243224891445635
1457,43,1500,0.10234450763552466
1459,44,1503,0.10225406244911078
1456,44,1500,0.1021674812251668
1444,44,1488,0.10209485249481524
1455,44,1499,0.10205439435184611
1446,45,1491,0.10199424057690182
1433,45,1478,0.10195838076537977
1442,48,1490,0.10195359440097274
1435,50,1485,0.10193011400988268
1442,52,1494,0.10192392433605939
1435,50,1485,0.10190325125614563
1446,51,1497,0.10189981904877601
1446,53,1499,0.10187286171932403
1440,51,1491,0.1018485437428649
1433,53,1486,0.10183990444943701
1429,56,1485,0.10184692504019335
1422,54,1476,0.1018617842218152
1417,58,1475,0.10189050017819312
1427,58,1485,0.1019270119348035
1439,57,1496,0.10193901949268099
1441,57,1498,0.10192409548945776
1439,59,1498,0.10190602894948601
1436,58,1494,0.10189335717874562
1432,57,1489,0.10188857285427823
1429,59,1488,0.10189320652809569
1422,59,1481,0.10190386827083657
1425,58,1483,0.10192837908547503
1425,55,1480,0.10194452953766986
1433,52,1485,0.10195876630282438
1436,51,1487,0.10195474828609136
1433,51,1484,0.10194455893352813
1437,50,1487,0.10194205883238688
1456,51,1507,0.10193098243682545
1444,51,1495,0.10187945684206376
1442,50,1492,0.1018581928920967
1440,48,1488,0.1018433774288232
1439,48,1487,0.10183409152192889
1438,48,1486,0.10182817602085617
1444,50,1494,0.10182492630951714
1444,50,1494,0.10180903934335465
1441,49,1490,0.10179407090948037
1451,49,1500,0.10178723889768157
1436,52,1488,0.10175949304826272
1436,49,1485,0.10176719997361719
1430,51,1481,0.10177393618825686
1431,51,1482,0.1017927260967295
1445,50,1495,0.10180788450635031
1440,49,1489,0.10179136542916811
1436,47,1483,0.1017869785831006
1436,45,1481,0.10179200158548146
1432,46,1478,0.10179631231951078
1433,47,1480,0.10180881056843834
1431,47,1478,0.1018180009435682
1433,47,1480,0.10183110384498388
1458,50,1508,0.10183854440346243
1454,51,1505,0.10179151632759982
1443,51,1494,0.10175746814897468
1432,49,1481,0.10175018371803293
1434,47,1481,0.10176774936006322
1426,46,1472,0.10177935304390949
1438,47,1485,0.10180641236366085
1443,45,1488,0.10180522944328116
1434,48,1482,0.10179362349547366
1440,47,1487,0.10180220800138753
1458,46,1504,0.1017969175783163
1447,48,1495,0.10175327965644777
1446,50,1496,0.10173695670161059
1459,50,1509,0.10172444219520368
1449,49,1498,0.10168516569165366
1438,47,1485,0.10167091971614248
1451,48,1499,0.10168181846902768
1450,48,1498,0.10166383927321541
1451,48,1499,0.10164931216653401
1446,48,1494,0.10163408988729436
1452,49,1501,0.10163079480659583
1448,50,1498,0.10161537855007766
1456,51,1507,0.10160969907519089
1445,51,1496,0.10158736441023614
1437,49,1486,0.10159059199148743
1421,50,1471,0.10161127006544969
1432,48,1480,0.10166447731730731
1439,46,1485,0.10168892517794341
1444,45,1489,0.10169623833158745
1438,46,1484,0.10169216165781732
1448,46,1494,0.1017016063097671
1452,45,1497,0.10168870860990509
1452,43,1495,0.10166804146454586
1451,44,1495,0.10164901452585948
1458,42,1500,0.10163427497517802
1450,45,1495,0.10160522688103722
1431,46,1477,0.10159610659688394
1440,47,1487,0.1016290964038674
1434,47,1481,0.1016398529917102
1428,49,1477,0.10166246132923674
1420,51,1471,0.10169620090163103
1425,51,1476,0.10174410681201178
1441,53,1494,0.10177736030640493
1420,53,1473,0.10177300887655143
1427,52,1479,0.10181402443285488
1428,47,1475,0.10183652733489826
1445,47,1492,0.10185486666741031
1438,50,1488,0.10183512918192746
1427,51,1478,0.10183168642350818
1425,48,1473,0.10185226345572794
1434,46,1480,0.10187546270555399
1441,51,1492,0.10187706429775949
1443,52,1495,0.10186331248302612
1456,51,1507,0.10184653332092922
1452,52,1504,0.10180344872274302
1440,52,1492,0.10177254009790979
1434,53,1487,0.1017700003366636
1424,52,1476,0.10178045822963788
1430,52,1482,0.10181178640822644
1420,52,1472,0.10182768278745655
1437,51,1488,0.10186377476993323
1447,52,1499,0.10185993290906736
1435,55,1490,0.10183466317010925
1426,56,1482,0.10183741395370494
1420,55,1475,0.10185967661512363
1418,56,1474,0.10189266936200646
1425,58,1483,0.10192691975530646
1440,56,1496,0.10194298050248501
1440,57,1497,0.10192523638269592
1440,57,1497,0.10190947926468169
1434,57,1491,0.10189554854146742
1431,59,1490,0.10189550353186765
1440,58,1498,0.10190218283755208
1439,58,1497,0.10188832673583921
1445,57,1502,0.10187812402143975
1435,54,1489,0.1018560180354974
1438,57,1495,0.10185764375252276
1431,57,1488,0.10185286055310555
1420,60,1480,0.10186384994209732
1425,60,1485,0.10189730656027297
1435,58,1493,0.10191700159312918
1424,58,1482,0.10191303800308173
1424,59,1483,0.10193363462037375
1423,57,1480,0.10195197593167218
1423,57,1480,0.10197066540222721
1436,57,1493,0.10198757286573397
1434,60,1494,0.10197512733615664
1442,60,1502,0.10196813446056734
1440,59,1499,0.10194436976277728
1442,62,1504,0.10192671816700674
1433,62,1495,0.10190644023647497
1433,62,1495,0.10190767785661368
1433,61,1494,0.1019089856750817
1444,61,1505,0.10191082606627909
1448,61,1509,0.10188869330329635
1444,63,1507,0.10185991099293525
1426,66,1492,0.10184229314351571
1426,68,1494,0.1018651042526029
1425,68,1493,0.10188585427762117
1434,69,1503,0.10190704820196249
1432,70,1502,0.10190707697607854
1432,69,1501,0.10191158627837439
1437,69,1506,0.10191616221336477
1427,67,1494,0.10190931381326258
1427,67,1494,0.10192407099024979
1437,70,1507,0.1019375956964927
1425,71,1496,0.10192798504478522
1431,72,1503,0.10194526521932644
1417,71,1488,0.1019485424808622
1431,73,1504,0.1019815694334471
1430,74,1504,0.1019819688084706
1420,74,1494,0.10198379532231874
1429,76,1505,0.10200712280127265
1425,76,1501,0.10200896656794736
1417,74,1491,0.10201937385429623
1431,72,1503,0.10204584863372666
1422,75,1497,0.10203985571054006
1428,78,1506,0.10205427805233136
1431,79,1510,0.10205461679788456
1420,80,1500,0.10204870105696572
1425,78,1503,0.10206729333145073
1415,77,1492,0.10207325120683006
1417,74,1491,0.10210014676033285
1418,71,1489,0.10212049107840539
1419,72,1491,0.10213685331073974
1430,75,1505,0.10214904073705505
1432,76,1508,0.10213664077107065
1424,74,1498,0.10212115598112344
1422,73,1495,0.10212397664268869
1425,76,1501,0.10213066644783644
1432,79,1511,0.10213016039775498
1412,83,1495,0.10211499311817378
1415,81,1496,0.10214404709756726
1414,80,1494,0.10216390710507167
1419,83,1502,0.10218404237709137
1424,86,1510,0.10219198136907542
1419,83,1502,0.10218892544985447
1403,82,1485,0.10219689167003239
1405,80,1485,0.10223860137006267
1395,80,1475,0.10227214103587508
1400,80,1480,0.10232499459084499
1399,85,1484,0.10236190539031483
1393,86,1479,0.10239764603678904
1397,90,1487,0.10244401346224201
1392,85,1477,0.10247816317037711
1394,87,1481,0.10251943901353978
1391,88,1479,0.10255249861369378
1391,89,1480,0.1025889902594582
1385,88,1473,0.10262229155291624
1398,91,1489,0.1026658807446341
1396,91,1487,0.10267731738859025
1397,94,1491,0.10269202703302675
1401,89,1490,0.10270353498419879
1396,90,1486,0.10270579218790303
1408,89,1497,0.10271862014502726
1398,88,1486,0.10270457188563636
1402,88,1490,0.10271325462584474
1410,89,1499,0.10271305918275309
1405,88,1493,0.10269558286453445
1408,87,1495,0.10269034339350655
1406,91,1497,0.1026786033866923
1422,89,1511,0.102671925854563
1408,91,1499,0.10263104518767427
1415,92,1507,0.10262370223119657
1399,91,1490,0.10260191333379347
1404,89,1493,0.102616900090492
1408,82,1490,0.10262014333039314
1396,86,1482,0.10261473616113291
1397,90,1487,0.10263630071345801
1397,90,1487,0.10265376247142104
1395,96,1491,0.10266933493830026
1390,100,1490,0.10268848240901039
1395,100,1495,0.10271640138779416
1399,96,1495,0.10273102020505373
1392,95,1487,0.10273535802432476
1400,93,1493,0.10275488760375907
1405,95,1500,0.10275514607455519
1396,94,1490,0.10274442672484571
1395,92,1487,0.10275434371657678
1390,95,1485,0.10276600311871162
1392,99,1491,0.10278764167583439
1400,97,1497,0.10280284249662339
1393,100,1493,0.10279911376922934
1395,100,1495,0.10281081607205839
1385,99,1484,0.10281736752503107
1388,98,1486,0.1028451842268894
1392,103,1495,0.10286438627282785
1395,101,1496,0.10287338553046708
1396,104,1500,0.10287488600810836
1395,104,1499,0.10287540448076408
1387,111,1498,0.10287798741767752
1390,116,1506,0.10289721577263387
1408,115,1523,0.10290869257950314
1391,116,1507,0.10288001426903388
1385,117,1502,0.10289164593947676
1375,113,1488,0.1029154077977605
1363,120,1483,0.10295937858955038
1363,116,1479,0.103025447765411
1347,121,1468,0.10308609401062142
1348,126,1474,0.10317668279636535
1358,124,1482,0.10325689774437045
1373,122,1495,0.103308191128453
1360,121,1481,0.10332204652325636
1369,125,1494,0.10336352149701263
1370,128,1498,0.10338234290622644
1352,126,1478,0.10339720067519238
1354,125,1479,0.10345066622997379
1372,121,1493,0.10349527818873529
1368,121,1489,0.10349662658907946
1369,125,1494,0.10350593819742723
1366,132,1498,0.10351215176309994
1379,134,1513,0.10352400650954482
1377,135,1512,0.10350644882960396
1375,135,1510,0.10349485663291993
1370,131,1501,0.10348898440050121
1373,133,1506,0.10349483504896635
1364,131,1495,0.1034940481406409
1352,137,1489,0.10351306683106795
1362,137,1499,0.10355657506757161
1345,139,1484,0.10357447589150647
1360,144,1504,0.10362794009930272
1369,139,1508,0.10364416105069445
1365,139,1504,0.10363927727049116
1359,144,1503,0.10364328173227737
1362,146,1508,0.10366072085453666
1364,143,1507,0.1036706768296696
1356,142,1498,0.10367526875246603
1360,136,1496,0.1036971297439705
1376,135,1511,0.1037078592347231
1367,137,1504,0.10368263866309352
1359,135,1494,0.10367951012355212
1353,135,1488,0.1036945032623578
1357,137,1494,0.10372140786024436
1344,141,1485,0.10373697530145749
1359,139,1498,0.10377996119500604
1352,138,1490,0.10378688337265113
1358,141,1499,0.10380783330689144
1352,141,1493,0.10381357002171601
1363,145,1508,0.10383261513897
1365,149,1514,0.10382570685537768
1360,152,1512,0.10381460115858783
1359,147,1506,0.10381560507675214
1351,151,1502,0.10381863201870843
1348,151,1499,0.10383917437336866
1344,153,1497,0.10386505567415591
1345,154,1499,0.10389763098770737
1358,151,1509,0.10392395827700757
1356,152,1508,0.10391999295067597
1351,150,1501,0.10392098919710874
1348,151,1499,0.10393243401862846
1342,153,1495,0.1039499310354153
1344,154,1498,0.10397856787432187
1351,156,1507,0.10400028015516635
1349,151,1500,0.10400517758350473
1346,153,1499,0.10401380950983072
1345,157,1502,0.104027881005223
1332,157,1489,0.10404440640380969
1335,158,1493,0.10408816249565657
1330,160,1490,0.10412159796218937
1341,156,1497,0.10416273373769938
1338,153,1491,0.10417617985452189
1336,153,1489,0.10419462233198123
1329,151,1480,0.10421627546340123
1340,152,1492,0.10425029579420113
1336,156,1492,0.10425673656499956
1332,152,1484,0.10427115305845054
1329,154,1483,0.10429364816899798
1331,155,1486,0.10432061577803328
1328,150,1478,0.10434064068802476
1327,157,1484,0.10436571097397618
1348,155,1503,0.10439041935097229
1337,155,1492,0.10436737522926683
1327,155,1482,0.10437040597453122
1334,160,1494,0.10439570380524249
1343,163,1506,0.10440315334109149
1352,165,1517,0.10438990442320359
1336,164,1500,0.10435764100402345
1340,165,1505,0.10436350661076199
1344,167,1511,0.10436036074803591
1336,164,1500,0.10434873548185174
1340,164,1504,0.10435682472051173
1331,169,1500,0.1043553369886936
1320,168,1488,0.10437354124270953
1319,168,1487,0.1044143489336007
1321,167,1488,0.10445239524536802
1325,166,1491,0.1044833082649619
1327,169,1496,0.10450295797370053
1326,169,1495,0.10451735642361287
1305,172,1477,0.10453405184256859
1314,173,1487,0.10459530603031066
1318,176,1494,0.1046321799767179
1315,177,1492,0.10465744536807371
1315,178,1493,0.10468664630691711
1304,173,1477,0.1047130052578128
1306,176,1482,0.10476086643068193
1317,180,1497,0.10480136503770159
1314,176,1490,0.10481409875410926
1320,177,1497,0.10483215362913559
1309,181,1490,0.1048356771077868
1292,182,1474,0.10486319711429233
1298,183,1481,0.10492593113660878
1313,183,1496,0.10497035933329539
1323,176,1499,0.10497732998541437
1326,179,1505,0.10496212424104076
1325,181,1506,0.1049413632096313
1319,185,1504,0.10492431652141254
1314,184,1498,0.10492205215802737
1308,182,1490,0.10493122201800452
1318,182,1500,0.10495322034314057
1314,189,1503,0.10495122840778853
1311,189,1500,0.10495818669695828
1305,195,1500,0.10497146296027875
1314,196,1510,0.1049968421099275
1309,197,1506,0.10500032293323162
1311,194,1505,0.10501467536332453
1302,200,1502,0.10502305044354707
1295,204,1499,0.10505063850383468
1301,196,1497,0.10509119916399338
1292,197,1489,0.10511620857747105
1291,210,1501,0.10515933160883302
1293,205,1498,0.1052010866022246
1296,206,1502,0.10523508641631926
1290,209,1499,0.10525937518274597
1283,206,1489,0.1052955935929041
1286,208,1494,0.10534429257875624
1282,212,1494,0.10538226951743714
1281,219,1500,0.10542609057684967
1282,222,1504,0.10546881577152561
1267,219,1486,0.10550628247665546
1263,220,1483,0.10557388634145758
1279,218,1497,0.10564410559579661
1277,217,1494,0.10567393963397997
1274,215,1489,0.10570635026556728
1281,220,1501,0.10574292634129759
1262,220,1482,0.10576046577900072
1266,220,1486,0.1058192786739955
1281,227,1508,0.10586489939648726
1274,226,1500,0.10587332478266084
1259,225,1484,0.10589661948442952
1274,221,1495,0.10595127030860242
1264,221,1485,0.10596724404861671
1283,223,1506,0.10600391758170134
1278,226,1504,0.10599472979211225
1275,226,1501,0.10599808682969737
1274,225,1499,0.10600926014120177
1281,224,1505,0.1060216395196258
1281,220,1501,0.10601741370836905
1273,219,1492,0.10601303784895214
1269,225,1494,0.10602736587720446
1279,225,1504,0.10604877250457026
1272,228,1500,0.10604514821155096
1264,228,1492,0.10605830350392662
1285,225,1510,0.10608841308536585
1269,223,1492,0.10607020730958733
1280,225,1505,0.1060893751455238
1268,226,1494,0.10608231275723327
1259,224,1483,0.10610150321413787
1257,225,1482,0.10613998059828295
1251,227,1478,0.10617964915837973
1249,228,1477,0.10622874844422499
1268,230,1498,0.10627740094575067
1264,234,1498,0.10627937839955692
1273,233,1506,0.10629006320291429
1264,233,1497,0.1062799794029077
1257,235,1492,0.10629150557686455
1253,229,1482,0.10631806448616352
1254,226,1480,0.10635104535726643
1264,232,1496,0.10637925925825256
1276,232,1508,0.10638345137958768
1263,227,1490,0.1063584984001809
1271,226,1497,0.10636438226146577
1279,230,1509,0.10635155708096924
1274,233,1507,0.10632234605948089
1269,237,1506,0.10630700174354084
1263,227,1490,0.10630445837273123
1257,228,1485,0.10631502115529144
1247,226,1473,0.10633898133882952
1256,231,1487,0.10638309414437988
1261,234,1495,0.10640342985022806
1261,238,1499,0.10641104396941004
1253,237,1490,0.10641836650972397
1263,235,1498,0.10644224724732794
1259,240,1499,0.10644168308373832
1252,247,1499,0.10645128831897122
1250,242,1492,0.10647609843022003
1248,241,1489,0.10650194816253525
1268,245,1513,0.10652984817941587
1261,244,1505,0.10651123283893096
1258,241,1499,0.10650928000707335
1261,240,1501,0.10651420364188223
1260,243,1503,0.10651219890339587
1257,249,1506,0.10651230160351836
1250,250,1500,0.10651942983380659
1243,252,1495,0.10654236267855427
1244,254,1498,0.10657907796075268
1249,256,1505,0.10661137983827945
1253,257,1510,0.10662991303865216
1256,260,1516,0.10663791337777205
1255,253,1508,0.10663808146362891
1257,248,1505,0.10664016234330032
1248,258,1506,0.10663734946857727
1240,251,1491,0.10665473720761341
1236,252,1488,0.1066874697558394
1233,258,1491,0.10672635617616144
1235,255,1490,0.10676947122802856
1245,255,1500,0.10680429952781868
1241,259,1500,0.10681529761331054
1241,268,1509,0.10683505400770582
1214,266,1480,0.10685437426693845
1212,266,1478,0.10693305780077729
1230,267,1497,0.10701035039666162
1220,262,1482,0.10704003103974091
1223,263,1486,0.10708820183459344
1234,263,1497,0.10712562199578798
1249,264,1513,0.10713558509498973
1245,262,1507,0.10711079525675789
1243,267,1510,0.10709599474635134
1236,267,1503,0.10708738787529275
1236,262,1498,0.10709483199392907
1228,264,1492,0.10710216918875048
1230,262,1492,0.10712793993538142
1224,259,1483,0.10714651961157803
1231,268,1499,0.10717743385490479
1242,266,1508,0.10718898445853853
1234,263,1497,0.10717457140066562
1219,264,1483,0.1071792729261983
1219,267,1486,0.10721725678947194
1215,269,1484,0.10725296750103955
1207,264,1471,0.10729512232964047
1195,271,1466,0.10735159789949508
1204,278,1482,0.10742990342154334
1212,278,1490,0.10748141991052396
1205,274,1479,0.10751116778479199
1204,273,1477,0.10755379000286204
1196,276,1472,0.10759528562756536
1201,278,1479,0.10765165115147746
1214,284,1498,0.10769344007786227
1209,282,1491,0.10770158762454755
1206,287,1493,0.10772116439812159
1204,285,1489,0.10774612668448164
1205,284,1489,0.10777317142787504
1211,282,1493,0.1077951189630669
1221,289,1510,0.10780179346132492
1210,289,1499,0.10778587053685448
1189,287,1476,0.10779678685732916
1202,290,1492,0.10785410050069903
1192,296,1488,0.10787683242502095
1190,291,1481,0.1079219027434528
1208,289,1497,0.10796662312514829
1204,289,1493,0.10796675934297952
1196,288,1484,0.10797617858386488
1192,287,1479,0.10800274213541541
1187,289,1476,0.10803810496895595
1189,296,1485,0.10808174196062147
1185,295,1480,0.10811785458224328
1188,294,1482,0.10816056855696936
1196,301,1497,0.1081932926920958
1201,304,1505,0.10820552578908646
1194,304,1498,0.10820677144411193
1199,306,1505,0.10822491148135974
1198,307,1505,0.10823144851537539
1189,311,1500,0.10823978999604139
1185,312,1497,0.10826776512873298
1189,315,1504,0.10830282815659618
1176,319,1495,0.1083253635517611
1175,325,1500,0.10837567542888568
1173,320,1493,0.1084253806830818
1177,327,1504,0.1084759550587257
1175,332,1507,0.10851314626914753
1171,334,1505,0.10855226909739864
1171,332,1503,0.10859854912592087
1160,335,1495,0.10863981234405032
1166,336,1502,0.10870357504528882
1175,343,1518,0.10874827932265102
1183,335,1518,0.10876842185164792
1154,334,1488,0.1087684282920021
1168,342,1510,0.1088343035824879
1178,341,1519,0.10886337037488132
1170,338,1508,0.10886647144360172
1177,336,1513,0.10888768626045685
1178,335,1513,0.10889152500232488
1180,338,1518,0.10889304030279615
1185,338,1523,0.10889167865555721
1177,337,1514,0.10887775296144603
1176,330,1506,0.10888228616504772
1182,330,1512,0.10888803990955342
1176,326,1502,0.10888016667981644
1179,322,1501,0.1088870102709581
1180,330,1510,0.10888671019556337
1176,328,1504,0.10888456937671254
1165,331,1496,0.10889079078847452
1158,327,1485,0.10892263311028008
1169,329,1498,0.1089670585134024
1173,322,1495,0.10898287163699594
1178,325,1503,0.10898864661838514
1172,333,1505,0.1089839911090948
1163,331,1494,0.10899402425533512
1165,344,1509,0.10902278393809234
1176,346,1522,0.10904572812819907
1170,343,1513,0.10904295273084898
1162,338,1500,0.1090555751301645
1163,335,1498,0.1090857425871755
1167,330,1497,0.10910956583980383
1167,335,1502,0.10912302865270447
1160,332,1492,0.10913445956695053
1153,334,1487,0.10916158023445846
1155,335,1490,0.10920310555893745
1152,342,1494,0.10923679306802342
1155,337,1492,0.10927468629952358
1160,339,1499,0.10930337726608176
1162,343,1505,0.10931740409029941
1163,343,1506,0.10932624558040381
1162,349,1511,0.10933215109484241
1153,347,1500,0.10933913409402553
1169,336,1505,0.10936579507893666
1166,340,1506,0.10935339621917507
1159,342,1501,0.10935045622695176
1160,353,1513,0.10936415890048014
1146,357,1503,0.10937467600540338
1143,357,1500,0.10941640689154149
1140,349,1489,0.10946204868431238
1151,353,1504,0.10950951000988578
1140,360,1500,0.10952825760836937
1142,353,1495,0.10957080638498035
1139,360,1499,0.10960606842404698
1133,357,1490,0.1096464925768113
1114,358,1472,0.1096965080723373
1117,356,1473,0.109786239888786
1126,358,1484,0.109862595877466
1140,360,1500,0.10991019447100989
1135,370,1505,0.10992273068197153
1133,368,1501,0.10994555091769406
1134,367,1501,0.10997282265980214
1133,372,1505,0.10999539936692386
1119,373,1492,0.11001974483976079
1113,375,1488,0.11007473607636192
1115,372,1487,0.11013819219047179
1132,368,1500,0.110192668797904
1135,368,1503,0.11020329504039449
1140,364,1504,0.11020591444061958
1128,369,1497,0.1101960735931251
1127,375,1502,0.11021491541331879
1120,379,1499,0.11023347208244204
1130,375,1505,0.110265550457926
1124,376,1500,0.11027531418628535
1111,366,1477,0.11029771048601758
1118,368,1486,0.11034692200502617
1129,379,1508,0.11037539026423676
1137,375,1512,0.11037508629803301
1138,377,1515,0.11035685163501181
1141,372,1513,0.11033909883044203
1128,373,1501,0.11031735520593816
1123,369,1492,0.11032667846447243
1125,376,1501,0.110347286343588
1116,375,1491,0.11036200260621065
1115,373,1488,0.11039628867754557
1120,372,1492,0.1104290666260799
1127,376,1503,0.11044673606504612
1128,384,1512,0.11044777743795621
1121,380,1501,0.11044655558345592
1121,381,1502,0.11046081565955575
1116,375,1491,0.11047466797543501
1126,383,1509,0.11049857975342445
1121,381,1502,0.11049883505667829
1124,382,1506,0.11050917691182002
1121,381,1502,0.11051218011835448
1131,378,1509,0.11052220035091614
1141,376,1517,0.11050699089745093
1139,374,1513,0.11047052212640594
1133,375,1508,0.11044012050902209
1121,375,1496,0.11042753750627217
1112,377,1489,0.11044344600167053
1111,381,1492,0.11047865669393105
1115,387,1502,0.11051373243232927
1108,395,1503,0.11053721472373645
1107,389,1496,0.11057553357898257
1102,397,1499,0.11061220686124726
1097,396,1493,0.11065821129588058
1091,398,1489,0.11071196154353548
1098,404,1502,0.11077521496605361
1104,398,1502,0.11081665894286029
1100,402,1502,0.11084219845196219
1103,399,1502,0.11087546950835431
1102,400,1502,0.11089850180588862
1097,397,1494,0.11092262838603116
1091,400,1491,0.11095737897127339
1096,398,1494,0.11100306655124723
1098,399,1497,0.1110349770030243
1100,402,1502,0.11106037284784236
1091,406,1497,0.11107978663569931
1082,414,1496,0.11111937660121934
1080,422,1502,0.11117766347293241
1078,410,1488,0.11123575451858336
1088,414,1502,0.11129527449032689
1075,415,1490,0.11132747233466514
1070,420,1490,0.11138831168777477
1072,423,1495,0.1114548362202466
1074,429,1503,0.11151140755128196
1077,435,1512,0.11156040896795211
1075,437,1512,0.11159707148345589
1072,433,1505,0.11163619463377059
1051,429,1480,0.11167964636678736
1042,447,1489,0.11177016796242933
1046,445,1491,0.11187522869821574
1053,440,1493,0.11196353471946698
1065,436,1501,0.1120268915569251
1064,436,1500,0.11205678266372793
1069,436,1505,0.1120852394950682
1068,441,1509,0.11209994593286807
1061,441,1502,0.11211800195166513
1056,442,1498,0.1121503189069869
1060,442,1502,0.11219114718154351
1060,442,1502,0.11221912188729313
1065,439,1504,0.11224431554419859
1070,447,1517,0.1122575206955166
1077,443,1520,0.11225674874223021
1073,442,1515,0.11224001405460565
1065,440,1505,0.11223449611817266
1069,432,1501,0.11224857963448823
1057,433,1490,0.11225194064863545
1053,437,1490,0.11228258632967109
1043,440,1483,0.11232094099059083
1037,434,1471,0.11237781066557244
1042,436,1478,0.11244394334570368
1055,447,1502,0.11249112230804453
1059,447,1506,0.1125048672677824
1067,444,1511,0.11250793991226903
1058,442,1500,0.11249110925766694
1049,444,1493,0.11249713722744509
1050,448,1498,0.11252236226443467
1039,453,1492,0.11254431318070685
1040,448,1488,0.11258916900086476
1058,444,1502,0.1126286867964313
1059,452,1511,0.11262258636875351
1067,451,1518,0.1126159611920347
1062,455,1517,0.11259129233511615
1066,448,1514,0.11257982548840563
1060,450,1510,0.1125608529201137
1052,453,1505,0.11255811285328068
1063,456,1519,0.11257394068428202
1054,456,1510,0.11256323987573733
1044,451,1495,0.1125748335304689
1051,445,1496,0.11260995528143697
1056,442,1498,0.11262633968546996
1056,453,1509,0.11262838839998157
1047,450,1497,0.11262955856671464
1038,452,1490,0.11265249974595434
1031,445,1476,0.11269437571857852
1035,447,1482,0.11275068942531224
1031,448,1479,0.11279294692321316
1035,456,1491,0.11283943981211614
1043,458,1501,0.11287350571570304
1027,444,1471,0.11288787075395368
1033,443,1476,0.11293894153949853
1024,444,1468,0.11297096545174452
1026,451,1477,0.11302189996229817
1029,465,1494,0.1130626503329916
1030,472,1502,0.11309287066119296
1036,476,1512,0.11311823680416858
1035,475,1510,0.11313004724447055
1037,477,1514,0.11314298558278409
1027,479,1506,0.11314954952820887
1034,480,1514,0.11317972039007795
1028,476,1504,0.11319177723356838
1027,482,1509,0.11321722987518136
1025,480,1505,0.11324310993070091
1030,474,1504,0.11327137934658875
1024,482,1506,0.11328585418506844
1019,476,1495,0.11331298328767843
1023,472,1495,0.11335076575518496
1017,478,1495,0.11337496641522032
1024,477,1501,0.11341173516212538
1016,477,1493,0.11342864133046827
1019,484,1503,0.11346401826831067
1010,490,1500,0.11349042535183669
1005,484,1489,0.11353656882807674
1012,488,1500,0.11358914868438198
1014,491,1505,0.11362081286686902
1016,494,1510,0.11364622521206101
1011,492,1503,0.11366635724570984
1001,496,1497,0.11369791638384323
1009,492,1501,0.11374985804512541
1011,504,1515,0.11377872240223086
1004,505,1509,0.11380073335402599
1006,499,1505,0.11383848927280252
1004,502,1506,0.11387004693232879
1004,503,1507,0.11390378787648875
1004,505,1509,0.11393660467131038
1006,502,1508,0.11396722815657091
990,501,1491,0.11399077830368899
986,503,1489,0.11405189680030783
989,508,1497,0.11411886474110605
995,520,1515,0.11417365289832716
991,514,1505,0.11420921344593958
977,513,1490,0.11425173202571288
985,513,1498,0.11432540895570983
998,513,1511,0.11437421283689453
998,507,1505,0.11438954271157754
996,513,1509,0.11440393852306595
985,512,1497,0.11442301602372133
985,515,1500,0.1144660143459279
982,515,1497,0.11450646241793341
977,513,1490,0.11455116859490883
979,517,1496,0.11460387731894336
975,516,1491,0.11464907022717633
981,525,1506,0.11470010282469956
978,533,1511,0.11473215182327554
979,538,1517,0.11476953526046635
979,529,1508,0.1148033129885909
972,526,1498,0.11483463147475029
978,522,1500,0.11488067502754827
967,523,1490,0.1149074420775784
965,540,1505,0.11495897888463197
966,542,1508,0.11501207632595149
968,544,1512,0.11505778593870143
951,546,1497,0.11509524320678807
943,543,1486,0.1151695876786527
948,545,1493,0.11525733119030508
954,549,1503,0.11532558276709294
944,549,1493,0.11537670434665898
944,551,1495,0.11544695505791924
943,550,1493,0.1155105054720967
943,553,1496,0.11557261515968516
935,550,1485,0.11563004371818986
943,550,1493,0.11570317758874403
944,547,1491,0.11575317059599305
943,554,1497,0.11579811163536341
940,556,1496,0.11584036225866366
946,561,1507,0.11588738208976868
953,546,1499,0.11591561174399008
943,548,1491,0.11592593204552631
944,561,1505,0.11595888038335887
951,564,1515,0.11598693845224627
938,561,1499,0.1159969948742836
930,565,1495,0.11603779599797776
919,565,1484,0.11609677276483167
923,573,1496,0.11617631648099933
929,578,1507,0.11623892751632205
933,580,1513,0.11628166342678163
921,581,1502,0.11631335012467976
911,574,1485,0.11637205132665965
918,581,1499,0.11645088035972813
920,581,1501,0.11650579902970043
922,577,1499,0.1165522711575306
918,579,1497,0.11659064810671524
910,577,1487,0.11663628418610181
907,582,1489,0.11669719237582483
906,593,1499,0.11676283516229038
899,599,1498,0.1168246033780078
889,588,1477,0.11689985689272159
892,599,1491,0.11699379565782099
891,607,1498,0.11707284622381066
897,602,1499,0.1171486566646559
898,607,1505,0.1172047936622923
901,606,1507,0.11725399500331588
911,602,1513,0.11729334253797663
907,604,1511,0.11730724269582574
907,605,1512,0.11733187355509038
891,615,1506,0.11735238087652274
887,615,1502,0.11740990242546707
876,611,1487,0.11747400779203772
888,612,1500,0.11755751257406186
886,608,1494,0.11760507144681265
890,608,1498,0.11765337800517957
897,614,1511,0.11768982596104494
892,618,1510,0.11770854829896876
891,615,1506,0.11773802227422124
883,614,1497,0.11776818009209383
886,607,1493,0.1178170707958172
896,602,1498,0.11785491723469102
888,607,1495,0.11786548018077031
878,623,1501,0.11789618505448984
877,619,1496,0.1179505621848824
876,625,1501,0.11800099508910257
883,623,1506,0.11804992781244032
890,623,1513,0.11807793402514748
893,626,1519,0.11808720742412387
896,628,1524,0.11808814255374052
887,636,1523,0.11808093602221152
886,628,1514,0.11809692326126722
887,625,1512,0.118114565660134
884,625,1509,0.11812900912938634
890,628,1518,0.11815125327033828
882,626,1508,0.11815775071282107
878,626,1504,0.11818217158839381
869,633,1502,0.11821318228055201
876,640,1516,0.11826403705833714
870,644,1514,0.11829441007506744
871,635,1506,0.11833760730843128
872,638,1510,0.11837596834620431
873,644,1517,0.11840933389914843
858,632,1490,0.11843897002014386
866,633,1499,0.11850226433308066
879,629,1508,0.11854180342378089
881,626,1507,0.11854968965419635
886,632,1518,0.11855209108245557
875,632,1507,0.11854254255312012
859,628,1487,0.11855899279747963
862,630,1492,0.11861070560733405
862,629,1491,0.1186497632473928
864,634,1498,0.11868918568497179
862,643,1505,0.11872189978004485
848,642,1490,0.11875689598013509
853,645,1498,0.11882467261601856
852,649,1501,0.11887349250939533
856,650,1506,0.11892292784463145
850,656,1506,0.11895971476388337
847,656,1503,0.11900706605954177
849,668,1517,0.11905753172575548
852,669,1521,0.119100238471636
844,675,1519,0.11913377565849659
838,669,1507,0.11918424549219862
840,666,1506,0.11924635172115661
846,673,1519,0.11929956786843121
844,680,1524,0.11933479677031887
835,677,1512,0.11937382198845865
829,673,1502,0.11943211751706326
831,675,1506,0.119501942074104
838,674,1512,0.11956312138298289
833,676,1509,0.11960254422093045
843,684,1527,0.11964898638811661
833,685,1518,0.11966958247612049
827,687,1514,0.11971378081830605
837,690,1527,0.11976908479937136
829,687,1516,0.11979630609518616
823,683,1506,0.11984181069855321
818,676,1494,0.11989631670064028
822,680,1502,0.11996096522727968
824,689,1513,0.12001327301674952
822,694,1516,0.12005643722882768
822,692,1514,0.12010233913174023
822,681,1503,0.12014424469685502
818,675,1493,0.12018160773458822
817,687,1504,0.1202252463250408
820,678,1498,0.12026841829856816
811,677,1488,0.12030125742989346
821,676,1497,0.12035298817643145
838,676,1514,0.12037497462205952
837,677,1514,0.12035429403378554
841,676,1517,0.12033886944776938
840,675,1515,0.12031400180408999
839,668,1507,0.12029411668919328
833,669,1502,0.12027860845593333
832,677,1509,0.12027762856587235
828,679,1507,0.12028150332650701
815,689,1504,0.12029353700084856
812,686,1498,0.12033646766693684
816,695,1511,0.12038431863858363
808,681,1489,0.12041841335444396
802,679,1481,0.12047338370793835
794,688,1482,0.12054021963548803
800,704,1504,0.12062094205670353
799,705,1504,0.12068301941778398
787,704,1491,0.12074127556345081
789,698,1487,0.12082357307321397
786,695,1481,0.1208942102151815
792,698,1490,0.12096716316564553
783,712,1495,0.12102175670155678
779,722,1501,0.12109456427211629
786,716,1502,0.12117241550843329
786,712,1498,0.121227534685086
782,723,1505,0.12128008283082994
781,715,1496,0.12133834203164783
790,715,1505,0.12139604303764724
778,715,1493,0.1214292593579101
789,714,1503,0.12149033833857935
785,721,1506,0.12152045688977633
790,721,1511,0.12155963955280648
787,722,1509,0.12158207088344229
782,715,1497,0.12160908439705162
788,712,1500,0.12164680396716332
797,700,1497,0.12166693644790984
799,714,1513,0.12166284702891807
797,720,1517,0.12165527680705797
792,725,1517,0.12165216606739561
793,716,1509,0.1216636067728952
780,720,1500,0.12166880431962866
784,719,1503,0.12170574435784072
789,717,1506,0.12173049495685807
785,708,1493,0.12174130561682686
797,719,1516,0.12176064536502261
801,721,1522,0.1217496731375601
796,723,1519,0.12173202420853273
798,707,1505,0.12172891640226466
794,722,1516,0.12172002825102499
777,725,1502,0.1217224887133467
782,725,1507,0.12176682859385497
773,723,1496,0.1217966678737842
767,716,1483,0.12184657339144156
757,719,1476,0.12190574383207448
756,720,1476,0.12198812700416956
761,737,1498,0.12206517338343571
776,733,1509,0.1221246902142336
776,735,1511,0.12214230646663012
775,727,1502,0.12215925742883967
779,726,1505,0.12217910288986605
783,728,1511,0.12218682310645189
780,736,1516,0.12218359360177597
774,738,1512,0.1221881746573565
766,730,1496,0.12220676584330477
764,732,1496,0.12224656189772508
768,735,1503,0.12228995683448922
766,743,1509,0.12232127307242462
759,747,1506,0.12235685574707464
755,748,1503,0.12240982217092271
752,760,1512,0.12246940174996603
753,760,1513,0.12253420170704665
756,753,1509,0.12258981166306981
764,751,1515,0.12263299876385737
756,748,1504,0.12265376910983619
754,744,1498,0.12269262392714865
755,746,1501,0.12273384808364937
749,753,1502,0.12277057097875967
751,770,1521,0.12281925185821412
748,768,1516,0.12286121997796733
735,770,1505,0.12290765422957962
733,763,1496,0.12298211472466822
722,775,1497,0.12305793775908075
728,771,1499,0.12315724551242607
717,769,1486,0.12323417522505176
728,773,1501,0.12333170311428361
732,774,1506,0.12339656252118537
734,783,1517,0.12344679744301096
730,785,1515,0.12348874395765047
727,783,1510,0.123539353544457
724,781,1505,0.12359299319153318
712,779,1491,0.12365131953468644
709,782,1491,0.12373493424366863
710,783,1493,0.1238195532467255
711,780,1491,0.12389735219300452
711,773,1484,0.12396619447612142
720,778,1498,0.12403082931442601
715,778,1493,0.12406874426370897
715,776,1491,0.12411600994011324
722,774,1496,0.12416052358557227
736,778,1514,0.12418341536764582
738,782,1520,0.1241685783637241
739,786,1525,0.12415068920086603
726,794,1520,0.12413316396422167
724,787,1511,0.12414663257541671
728,788,1516,0.12416601655814657
719,773,1492,0.12417344728374557
717,779,1496,0.12420198470589021
722,784,1506,0.12423457518011213
722,775,1497,0.12425045289149915
731,778,1509,0.12426508939409076
727,777,1504,0.12425733105293872
732,779,1511,0.12425944318485577
732,783,1515,0.12424795628726423
732,779,1511,0.12423702658052262
719,777,1496,0.12422784811687819
722,778,1500,0.12425128566075713
722,783,1505,0.12426665813614943
715,785,1500,0.12428381953654088
714,774,1488,0.12431579547840287
719,779,1498,0.12434838607301298
721,789,1510,0.1243666431416726
717,783,1500,0.12438027135816294
702,782,1484,0.12440226406345746
692,783,1475,0.12446253605444263
703,791,1494,0.12454186611178361
704,802,1506,0.12459036726834449
705,793,1498,0.12463268761557891
707,800,1507,0.12466791007485759
699,802,1501,0.1246954791616366
707,803,1510,0.12474098257344604
701,802,1503,0.12476449880222662
700,799,1499,0.12480374076040159
692,810,1502,0.12484340789229359
703,805,1508,0.12489720381375853
702,816,1518,0.12492114145957434
698,813,1511,0.12494896936247354
701,820,1521,0.12498410126294761
684,822,1506,0.12501057774661326
685,815,1500,0.12507603388178834
681,824,1505,0.1251351541526352
686,833,1519,0.12520121734942158
684,833,1517,0.12525067906231085
681,827,1508,0.12530109819860605
674,826,1500,0.12535694348460796
669,825,1494,0.1254263903555519
677,827,1504,0.1255015015013417
678,822,1500,0.1255513384639303
679,827,1506,0.12559510635369084
675,831,1506,0.125636492244373
680,833,1513,0.12568571619013644
681,836,1517,0.12571884662764782
678,835,1513,0.12574770358684426
675,845,1520,0.12577934918832365
671,840,1511,0.12581758132237983
673,835,1508,0.12586307077472728
659,823,1482,0.12590183031706143
653,832,1485,0.12597184883013582
661,821,1482,0.1260508036836812
668,814,1482,0.12610282709872306
671,820,1491,0.12613476514975333
666,830,1496,0.1261554139925678
665,827,1492,0.12618476217218932
670,823,1493,0.12621278371780886
670,827,1497,0.12622730791750808
689,815,1504,0.12623947053332674
688,823,1511,0.1262064710744314
683,816,1499,0.12618168871836394
684,820,1504,0.12617029729036494
678,829,1507,0.12615709672852382
676,819,1495,0.12615892736270987
684,825,1509,0.1261661621077966
684,822,1506,0.12615083712980182
680,830,1510,0.1261365390641063
674,834,1508,0.12613441730963207
674,840,1514,0.12614884098231147
658,842,1500,0.12616086551737735
665,843,1508,0.12621222530825257
662,844,1506,0.12624483979618897
669,834,1503,0.12628191121118046
668,847,1515,0.12630051331034836
673,836,1509,0.1263213153575143
668,831,1499,0.12632694611395162
667,830,1497,0.1263448796802983
663,836,1499,0.1263653297850427
660,844,1504,0.12639596243907467
656,857,1513,0.1264301366260705
654,860,1514,0.12647174889865723
653,854,1507,0.12651395985226496
653,853,1506,0.12655364490725318
651,848,1499,0.12658997532328276
650,851,1501,0.12662964413488711
652,845,1497,0.12667010152723893
656,858,1514,0.12670563420355677
645,858,1503,0.1267300609627762
650,854,1504,0.1267814794818335
658,853,1511,0.12681546924138523
650,855,1505,0.12682792299435197
650,869,1519,0.12685747932652405
647,857,1504,0.12688670607024918
643,861,1504,0.12692292168855793
645,871,1516,0.12696791496828866
639,867,1506,0.12700563019982605
641,864,1505,0.12705475492243615
645,869,1514,0.12709701458944356
646,872,1518,0.12712656319545015
639,876,1515,0.1271533809030191
632,888,1520,0.1271981607768462
628,889,1517,0.1272580631313492
624,890,1514,0.12732258902409435
624,888,1512,0.12739378567074444
626,902,1528,0.1274599422362219
625,897,1522,0.12751557564962313
618,895,1513,0.12757017323535977
614,899,1513,0.12763793296272163
623,893,1516,0.12771243203692456
621,895,1516,0.12775806619661784
613,893,1506,0.1278039860073342
620,896,1516,0.12786738927685798
615,885,1500,0.12790863429968197
614,890,1504,0.12795870027282394
611,905,1516,0.1280089429076906
610,911,1521,0.12806252382871286
609,900,1509,0.1281158893690691
610,902,1512,0.12816948664577774
609,907,1516,0.12821761988168293
614,910,1524,0.12826582790846386
613,908,1521,0.12829648894055734
613,907,1520,0.12832872562164876
614,904,1518,0.12835963702553932
611,908,1519,0.12838576847214708
608,900,1508,0.128419866056596
614,895,1509,0.12845858864060822
615,896,1511,0.12848232174002708
612,906,1518,0.12850306349681076
607,907,1514,0.12852843997909552
610,913,1523,0.12856398134234487
608,906,1514,0.12858844370937839
604,899,1503,0.12861733804979925
604,909,1513,0.1286554773952293
593,896,1489,0.12869082587877287
601,911,1512,0.12875073226031453
602,908,1510,0.12878724249149967
594,922,1516,0.128818333086925
602,921,1523,0.1288663960992734
593,906,1499,0.12889254530651978
586,918,1504,0.12893958820819174
589,921,1510,0.12900219606103
586,925,1511,0.1290535185245706
581,938,1519,0.12911153989276886
572,929,1501,0.1291771632944274
571,936,1507,0.1292595862157765
562,927,1489,0.12933940533038119
557,939,1496,0.1294368953548719
563,949,1512,0.12953789769086735
567,955,1522,0.1296179438370624
570,954,1524,0.12968483377474338
569,958,1527,0.12974164281195333
567,953,1520,0.12979722478150324
561,951,1512,0.1298552227035792
567,951,1518,0.1299229647075653
562,952,1514,0.1299715199967402
556,959,1515,0.13003100061415812
551,952,1503,0.13010237141261247
552,963,1515,0.1301805486109132
544,969,1513,0.13025074795235791
544,959,1503,0.13033532084202376
544,954,1498,0.1304149775958944
547,953,1500,0.1304902848767717
552,958,1510,0.13055306807014241
550,967,1517,0.1306007650403329
550,966,1516,0.13065124730125907
557,970,1527,0.13069908142766246
554,958,1512,0.13072843480693117
549,968,1517,0.13076538842152377
547,974,1521,0.13081326454099645
538,960,1498,0.13086260245592826
534,950,1484,0.13092936928529997
537,957,1494,0.1309996707110407
540,957,1497,0.13105757208399504
540,963,1503,0.13110601431618293
550,958,1508,0.1311509573159552
551,963,1514,0.1311669152619657
546,971,1517,0.13117905462039278
546,967,1513,0.13120207243842213
543,977,1520,0.1312234295986495
541,982,1523,0.13125234328978608
538,982,1520,0.13128501588932942
529,985,1514,0.13132337342627923
528,986,1514,0.13138079488898022
532,988,1520,0.13143665179711964
537,979,1516,0.131479795718408
531,985,1516,0.13150888967811372
533,981,1514,0.13155261428405943
525,989,1514,0.1315887099453256
522,990,1512,0.1316424229258713
529,984,1513,0.13169985595508596
531,989,1520,0.13173760168024787
534,982,1516,0.13176668577781261
533,999,1532,0.1317861122847119
525,994,1519,0.13180771916438544
538,987,1525,0.13184841469085526
540,980,1520,0.13185342819843412
530,974,1504,0.13185328470469224
524,961,1485,0.13187853607367134
516,972,1488,0.13191700739889753
526,975,1501,0.13197096540191405
525,977,1502,0.13199606691758003
528,984,1512,0.132023557678394
531,978,1509,0.13204142117500622
533,975,1508,0.13205221020958463
523,985,1508,0.13205720998732784
520,996,1516,0.13208570448968968
519,998,1517,0.1321211409304714
523,991,1514,0.13215868189170699
521,988,1509,0.13218196627198392
523,980,1503,0.1322104847291681
527,989,1516,0.13223191775166795
520,998,1518,0.13224156598230263
511,1001,1512,0.1322676166882691
515,997,1512,0.13231584414461162
521,995,1516,0.13235174327281152
518,998,1516,0.13237259201441673
512,1003,1515,0.13239857227051555
512,1005,1517,0.13243966863272438
507,1012,1519,0.1324794988511094
506,1010,1516,0.1325285204478144
495,1010,1505,0.1325761814648541
500,1017,1517,0.13264705881897138
503,1017,1520,0.13270056609519962
499,1005,1504,0.13274217590527315
497,1007,1504,0.13279107941220714
495,1003,1498,0.13284042824337391
497,1010,1507,0.13289079513632807
490,1011,1501,0.1329333926495745
491,1014,1505,0.13298962557664218
490,1021,1511,0.13303943787660338
493,1016,1509,0.13308734160695368
497,1016,1513,0.1331248025871633
497,1013,1510,0.1331493560782436
495,1009,1504,0.13317161336630362
499,1015,1514,0.1331962180787421
497,1010,1507,0.133207655241141
509,998,1507,0.13322351344247474
510,1000,1510,0.13320959971767196
508,997,1505,0.1331940638240612
501,994,1495,0.1331837567073041
503,997,1500,0.1331913938156951
504,994,1498,0.13319419646445313
495,1005,1500,0.1331938038400965
503,1007,1510,0.13321490648410447
503,995,1498,0.1332161067357301
502,1006,1508,0.13321825113007402
502,1008,1510,0.13322382417191683
504,1018,1522,0.13322983030733127
498,1019,1517,0.13323288705422245
494,1025,1519,0.13325101780364934
491,1019,1510,0.1332772575215789
479,1013,1492,0.13330854743007048
482,1011,1493,0.13336637451906286
482,1015,1497,0.13341171768182025
495,1010,1505,0.1334507563156372
499,1022,1521,0.1334561010008026
494,1018,1512,0.1334533650298026
496,1006,1502,0.13346200967807426
501,1005,1506,0.13346335327082895
490,1010,1500,0.13345241080140713
493,1020,1513,0.13346901011604573
495,1019,1514,0.13347557600975293
487,1022,1509,0.13347707063009684
486,1017,1503,0.13349900945878704
491,1018,1509,0.13352198270608095
499,1020,1519,0.13353034275877465
499,1013,1512,0.13351943777498676
497,1019,1516,0.133509493005779
491,1016,1507,0.1335048240248062
480,1016,1496,0.13351499713892973
486,1015,1501,0.1335526286837842
481,1020,1501,0.13357325676179344
483,1024,1507,0.13360333011902056
490,1019,1509,0.13362690324084386
489,1016,1505,0.13363194545925494
492,1016,1508,0.13363911254660363
489,1030,1519,0.13364113751282164
482,1034,1516,0.13365109844124134
490,1032,1522,0.13367603831867372
487,1032,1519,0.1336802169065133
486,1017,1503,0.1336905700057405
491,1029,1520,0.13370331892306597
489,1034,1523,0.13370392514838148
484,1041,1525,0.13370899219519347
485,1036,1521,0.1337273738657543
488,1031,1519,0.13374122246619297
493,1018,1511,0.13374672226521941
484,1021,1505,0.13373968323833657
481,1030,1511,0.13375479439915755
479,1029,1508,0.1337743519242881
479,1035,1514,0.13379600765907212
477,1040,1517,0.13381599826685384
480,1036,1516,0.13383849678092283
485,1037,1522,0.13385109356887873
484,1039,1523,0.13385089406853903
490,1048,1538,0.13385390454493615
485,1035,1520,0.13384310943781214
485,1032,1517,0.13384528157221584
484,1033,1517,0.13384789985295634
481,1036,1517,0.13385288399927364
473,1036,1509,0.1338666902357218
474,1048,1522,0.13389840273871048
467,1041,1508,0.13392471272776718
463,1044,1507,0.1339663110757895
466,1044,1510,0.1340149840648343
473,1041,1514,0.13405169100989606
478,1044,1522,0.13406782342528342
480,1040,1520,0.1340709703823861
476,1038,1514,0.13406812729101922
477,1039,1516,0.13407600709350453
477,1039,1516,0.13408085197679834
481,1035,1516,0.1340818076758622
481,1029,1510,0.13407240719342733
480,1025,1505,0.13406429637853673
473,1026,1499,0.13406038248610788
480,1023,1503,0.13407166645554267
472,1019,1491,0.13406358069256435
477,1020,1497,0.13407568488452148
482,1026,1508,0.1340770310339742
482,1031,1513,0.13406624269510956
479,1032,1511,0.1340581700389974
479,1037,1516,0.13405903606098454
477,1038,1515,0.13406181834644898
482,1026,1508,0.13406806640525828
481,1028,1509,0.13405816479807295
486,1011,1497,0.1340512205257637
489,1015,1504,0.13403189681761216
482,1024,1506,0.13400733703253773
483,1031,1514,0.13400262435492877
475,1025,1500,0.13399549140125255
474,1027,1501,0.13400746131486582
476,1031,1507,0.1340228490493209
480,1019,1499,0.1340304060147031
484,1027,1511,0.13402873440087976
482,1029,1511,0.1340184755380883
485,1031,1516,0.13401243165790905
480,1029,1509,0.13399910870990459
478,1038,1516,0.13399859317923613
477,1040,1517,0.13400304073073704
471,1039,1510,0.13401107980280835
476,1032,1508,0.13403343689716415
471,1036,1507,0.13404286696440124
477,1041,1518,0.13406498262797903
476,1054,1530,0.13406954235205068
476,1050,1526,0.13407603483854544
478,1038,1516,0.13408189953860566
472,1040,1512,0.1340827695736835
468,1041,1509,0.13409926421496907
470,1039,1509,0.13412482730793562
460,1043,1503,0.13414478663999063
466,1049,1515,0.1341883947274988
464,1044,1508,0.13421420937556278
465,1045,1510,0.1342418147763977
458,1037,1495,0.13426605836673275
462,1038,1500,0.1343053239545466
458,1056,1514,0.13433033003703634
459,1050,1509,0.13436276017065554
456,1062,1518,0.13439049383469506
454,1065,1519,0.1344250920999211
456,1059,1515,0.13446286054521914
452,1056,1508,0.134492059551641
448,1043,1491,0.134529687102221
447,1047,1494,0.1345738059416985
449,1055,1504,0.13461705475787206
444,1062,1506,0.13465023606008397
440,1068,1508,0.13469568247912445
442,1066,1508,0.13474751337659488
442,1068,1510,0.1347913381806137
442,1064,1506,0.13483127958624086
440,1067,1507,0.13486799162161076
444,1073,1517,0.13490663089607646
434,1071,1505,0.13493388504022402
430,1074,1504,0.13498641568442288
429,1089,1518,0.1350453308045435
430,1087,1517,0.13510237222761537
431,1075,1506,0.13515382032211753
433,1065,1498,0.13519792803408937
432,1074,1506,0.1352343830878873
437,1072,1509,0.1352702058232387
433,1075,1508,0.1352899647301503
422,1097,1519,0.13531985380233447
429,1089,1518,0.13537473393305993
427,1091,1518,0.13540694932521086
427,1093,1520,0.13544219312360015
423,1093,1516,0.13547499125918067
428,1094,1522,0.1355158291242259
424,1096,1520,0.13554135752828192
419,1098,1517,0.13557646512511753
418,1111,1529,0.13562388546263737
412,1108,1520,0.13567201207122173
415,1098,1513,0.13573166191012878
418,1097,1515,0.13577876074240156
424,1096,1520,0.13581675900106763
413,1107,1520,0.13583712428957784
412,1101,1513,0.13588302051497328
409,1105,1514,0.13592883132043249
411,1109,1520,0.13597870380739985
408,1098,1506,0.13602141121879854
401,1096,1497,0.1360690903775083
401,1105,1506,0.13613390641838838
395,1114,1509,0.13619402559185942
400,1109,1509,0.13626394940040537
396,1101,1497,0.13631735207427326
390,1104,1494,0.13637526274939404
390,1105,1495,0.1364447167089314
389,1103,1492,0.1365074886197238
389,1107,1496,0.1365689648521632
394,1114,1508,0.13662927690904275
399,1111,1510,0.136671799716985
392,1114,1506,0.13669788312274217
394,1118,1512,0.1367397149834558
389,1128,1517,0.13677363603947953
392,1118,1510,0.1368155947399817
391,1116,1507,0.13684778726359975
395,1119,1514,0.1368802640179292
388,1123,1511,0.13690040195953268
391,1130,1521,0.13693796137732372
390,1129,1519,0.13696482523191786
389,1129,1518,0.13699222747267947
389,1131,1520,0.13702233763854443
388,1122,1510,0.13704926680375354
390,1130,1520,0.13707661422340522
389,1132,1521,0.13709584255886306
388,1132,1520,0.13711715131757318
389,1128,1517,0.13713928538374728
388,1128,1516,0.1371588553604602
387,1136,1523,0.13717870960758374
384,1130,1514,0.13720098700267086
384,1137,1521,0.13723049738361126
385,1132,1517,0.1372585937965293
382,1132,1514,0.13728276699259734
384,1128,1512,0.13731053237083493
383,1142,1525,0.13733011952261762
379,1129,1508,0.13735134011126912
381,1137,1518,0.1373820895444133
386,1143,1529,0.13740639303620691
382,1144,1526,0.13741532630626974
375,1142,1517,0.13743330416807228
380,1147,1527,0.13746863351290553
373,1138,1511,0.13748852995319705
373,1146,1519,0.13752388446168984
379,1144,1523,0.13755730500157434
374,1146,1520,0.13757353376342607
373,1146,1519,0.13760077844959848
374,1143,1517,0.13762763192656885
379,1148,1527,0.13764951698627226
377,1156,1533,0.1376593857149704
379,1160,1539,0.13767501577959684
376,1153,1529,0.13768615770285936
374,1152,1526,0.13770322943321683
371,1151,1522,0.1377257386746006
358,1141,1499,0.13775530284966572
360,1149,1509,0.137815732357768
354,1159,1513,0.1378673808551347
348,1161,1509,0.1379280379888036
360,1155,1515,0.1380003566809734
358,1145,1503,0.13803795993958978
354,1147,1501,0.13807937418626423
357,1141,1498,0.1381277406518493
350,1136,1486,0.1381645183206283
352,1162,1514,0.13821916658110636
360,1165,1525,0.13826415669652245
363,1160,1523,0.13828530210055393
360,1160,1520,0.13829715031309672
358,1143,1501,0.1383154506109088
350,1158,1508,0.13833691222443123
352,1161,1513,0.1383775191201951
356,1152,1508,0.13840894046505425
351,1171,1522,0.138428777605912
351,1173,1524,0.1384606178553505
352,1176,1528,0.13849065541323496
346,1164,1510,0.13851717875671227
339,1167,1506,0.13855571289248345
341,1175,1516,0.13861074494131004
340,1182,1522,0.13865750695617282
336,1167,1503,0.1387023169381215
335,1166,1501,0.1387534503571596
341,1170,1511,0.13880260535314212
338,1162,1500,0.1388331411601035
343,1168,1511,0.13887130096935124
349,1171,1520,0.13889319141430229
345,1170,1515,0.138898032334411
345,1185,1530,0.1389133838943307
340,1188,1528,0.1389285534078023
330,1187,1517,0.13895424554459912
333,1177,1510,0.13900394444991232
329,1168,1497,0.13904406601294667
327,1173,1500,0.13909078872002964
327,1179,1506,0.13914104756313952
325,1189,1514,0.13918654329864172
326,1179,1505,0.139234037545023
331,1175,1506,0.13927738922205243
333,1173,1506,0.13930430428975998
335,1168,1503,0.13932282279819955
332,1182,1514,0.13933644024153477
326,1183,1509,0.13935630368128302
328,1188,1516,0.13939066392341795
328,1174,1502,0.1394171722706573
323,1174,1497,0.1394416452449376
320,1166,1486,0.13947730618676063
321,1183,1504,0.1395175701479019
319,1177,1496,0.1395520824783048
319,1194,1513,0.1395896142892826
318,1199,1517,0.1396258827698364
319,1187,1506,0.13966222445771861
321,1190,1511,0.13969366395199778
317,1192,1509,0.1397180426334826
316,1192,1508,0.13975082118494467
309,1194,1503,0.13978346015435125
316,1203,1519,0.13983336838625995
319,1201,1520,0.13986290024937284
314,1208,1522,0.13988443876033915
312,1201,1513,0.13991852340799618
305,1205,1510,0.13995548282575954
300,1210,1510,0.14000653263797205
303,1207,1510,0.14006470424109715
303,1200,1503,0.1401105444864069
306,1194,1500,0.14015397323338485
305,1201,1506,0.14018661903701446
311,1198,1509,0.140217779059534
318,1193,1511,0.14023211234626984
313,1196,1509,0.14022708532628844
312,1209,1521,0.14023637377529508
309,1207,1516,0.14024851905014582
301,1210,1511,0.14026843197187408
298,1216,1514,0.1403092450348375
294,1216,1510,0.14035598490136347
302,1217,1519,0.1404103894502034
300,1218,1518,0.14044058625102657
297,1218,1515,0.14047358918080646
291,1214,1505,0.14051084563901514
290,1216,1506,0.14056164669689042
294,1219,1513,0.14061123323452762
293,1220,1513,0.14064794971761915
288,1223,1511,0.1406846006522332
282,1225,1507,0.1407315947924578
283,1225,1508,0.1407912477631565
277,1220,1497,0.1408441372197598
278,1213,1491,0.14090855880905942
281,1223,1504,0.1409675409920117
283,1229,1512,0.14101554897110072
283,1238,1521,0.14105571649448584
278,1245,1523,0.1410911825695897
278,1236,1514,0.14113657429859536
279,1232,1511,0.14117889861461694
278,1224,1502,0.14121754249006652
274,1230,1504,0.14125828086614076
273,1234,1507,0.14130461358295007
270,1231,1501,0.1413490816412975
270,1241,1511,0.1414003105482571
269,1240,1509,0.14144924528284553
268,1233,1501,0.14149808272218034
269,1230,1499,0.1415472656484103
269,1226,1495,0.1415905436774079
270,1226,1496,0.14163033822220905
267,1224,1491,0.14166425301305727
266,1238,1504,0.1417052171017692
264,1247,1511,0.14174643039721432
259,1248,1507,0.14179165987487355
264,1254,1518,0.14184657019758753
260,1257,1517,0.1418835734703234
263,1258,1521,0.14192863629039937
258,1264,1522,0.14196423341201977
255,1260,1515,0.1420123991683603
250,1279,1529,0.14206577308402502
246,1277,1523,0.14212951874791777
249,1276,1525,0.14219921504901673
248,1272,1520,0.14225658225078322
251,1261,1512,0.1423137999732181
246,1260,1506,0.14236029209143322
247,1259,1506,0.1424184347121155
247,1263,1510,0.14246991424313
244,1264,1508,0.14251817703078906
247,1260,1507,0.1425702951519677
242,1264,1506,0.1426095191550037
243,1264,1507,0.14265963438335472
244,1268,1512,0.14270482932921044
246,1265,1511,0.14274305935061027
246,1273,1519,0.14277241285710776
251,1268,1519,0.14280055590782162
256,1276,1532,0.14281407070967564
252,1278,1530,0.14281489200820002
247,1280,1527,0.14282641654501685
240,1276,1516,0.14284888974527063
239,1273,1512,0.14288900201037497
246,1270,1516,0.14292926433697273
246,1272,1518,0.1429487921654969
249,1266,1515,0.1429678260677921
248,1264,1512,0.1429745870578264
256,1259,1515,0.1429833362841137
260,1260,1520,0.14297082947018325
258,1261,1519,0.14294722234010898
259,1255,1514,0.14292876898400256
254,1262,1516,0.1429092326487152
255,1259,1514,0.14290327963377675
252,1261,1513,0.14289485285972625
249,1266,1515,0.1428942736117465
246,1260,1506,0.1429019780626553
242,1265,1507,0.14291746484358075
243,1276,1519,0.14294327602405282
246,1277,1523,0.14296522917153834
242,1271,1513,0.14297915270590514
238,1253,1491,0.1430030028714225
245,1270,1515,0.14303422470199212
242,1267,1509,0.14304490666497796
243,1267,1510,0.14306329390563824
239,1256,1495,0.14307836934693569
246,1257,1503,0.14310334688458504
255,1243,1498,0.1431079023342741
251,1254,1505,0.14308824424925778
245,1261,1506,0.1430805038165266
245,1271,1516,0.1430877931447522
243,1271,1514,0.14309500513900683
242,1281,1523,0.14310651678469008
240,1282,1522,0.14311981993257164
241,1290,1531,0.14313784415124425
240,1278,1518,0.14315309807982066
241,1274,1515,0.14316926053322948
239,1278,1517,0.14318271335564625
233,1278,1511,0.14319829076578602
232,1271,1503,0.1432310579217097
229,1265,1494,0.14326374014582308
229,1270,1499,0.14330157048927109
230,1270,1500,0.14333616388070644
229,1271,1500,0.14336687867028364
226,1265,1491,0.14339865830430878
229,1269,1498,0.1434362029433035
228,1283,1511,0.1434623627202709
230,1288,1518,0.14349066195797383
228,1286,1514,0.14351101583353695
226,1275,1501,0.14353566289411007
227,1276,1503,0.1435646650039045
223,1258,1481,0.14358944832152123
228,1271,1499,0.14362423719604
228,1280,1508,0.14364302274691285
227,1276,1503,0.14366034747014655
225,1279,1504,0.1436808350224491
220,1268,1488,0.14370396072939862
217,1280,1497,0.14374000652221278
219,1272,1491,0.1437811748648022
222,1291,1513,0.14381390081836778
219,1295,1514,0.14383736563456814
225,1303,1528,0.1438675537838848
220,1293,1513,0.14387993966998017
218,1304,1522,0.14390369112032475
214,1305,1519,0.14393297332262503
219,1291,1510,0.1439698786836371
228,1297,1525,0.14399041790227113
232,1299,1531,0.14398485527536278
232,1301,1533,0.1439690328603835
233,1290,1523,0.14395430414148117
233,1293,1526,0.14393817233213604
229,1286,1515,0.1439235608099287
228,1292,1520,0.14392277838853673
225,1286,1511,0.1439236299718193
225,1290,1515,0.14393131322615768
221,1286,1507,0.1439383979432444
219,1285,1504,0.1439573389789126
220,1289,1509,0.14398199081626006
215,1295,1510,0.14400374014379252
215,1301,1516,0.14403727085906737
213,1293,1506,0.14407022959534338
208,1296,1504,0.14410636254132528
209,1298,1507,0.14415410120957645
211,1308,1519,0.14419599743358932
210,1293,1503,0.1442282785512778
213,1299,1512,0.14426006779458145
215,1295,1510,0.1442818396084066
214,1299,1513,0.14429707120123983
219,1299,1518,0.1443145702139285
217,1292,1509,0.14431693452554525
221,1294,1515,0.14432388295906687
225,1288,1513,0.14431998237166943
223,1304,1527,0.14430567092292626
215,1295,1510,0.14429949071248876
222,1298,1520,0.14431506031257293
215,1293,1508,0.1443116755054369
213,1290,1503,0.1443263180797226
206,1301,1507,0.14434454268187122
211,1308,1519,0.14438063391073616
211,1309,1520,0.144400448317102
214,1308,1522,0.14442003589938499
208,1313,1521,0.14443226911237483
214,1311,1525,0.14446019168389546
214,1304,1518,0.14446991332039533
212,1297,1509,0.1444800164318206
211,1297,1508,0.1444941156724966
213,1304,1517,0.14450885380734166
217,1310,1527,0.14451803055999946
214,1304,1518,0.14451568932170908
216,1311,1527,0.14452138184530441
216,1291,1507,0.14452096657799943
216,1304,1520,0.14452070831585917
213,1308,1521,0.144519524502545
211,1308,1519,0.14452596323844064
206,1301,1507,0.14453729638270546
210,1312,1522,0.1445604033845509
211,1312,1523,0.1445720236790632
209,1315,1524,0.14458006302010595
208,1301,1509,0.1445924849712941
206,1296,1502,0.14460549721489208
206,1305,1511,0.14462210988153446
208,1310,1518,0.14463625949069056
208,1302,1510,0.14464600781647494
207,1302,1509,0.14465481979667133
205,1305,1510,0.1446645602359416
208,1314,1522,0.14467830298960052
212,1303,1515,0.1446835595682356
214,1299,1513,0.14467797076204544
207,1295,1502,0.14466576871063658
210,1304,1514,0.14467290648371095
208,1296,1504,0.14467103527577557
205,1297,1502,0.1446734248554356
204,1302,1506,0.14468355066645178
203,1308,1511,0.1446968287496354
209,1304,1513,0.144711154001048
210,1299,1509,0.14470936202396104
214,1304,1518,0.14470564608898698
216,1308,1524,0.1446925433738862
217,1310,1527,0.14467477655580446
215,1306,1521,0.1446559689819027
212,1304,1516,0.14464317676528585
212,1314,1526,0.14463838390702186
206,1310,1516,0.14463426618773173
203,1301,1504,0.14464612209858638
203,1302,1505,0.14466553564299345
203,1295,1498,0.14468518016331383
208,1307,1515,0.14470326714681897
210,1301,1511,0.1447071059545094
204,1285,1489,0.14470564225557284
206,1305,1511,0.1447206630418739
207,1312,1519,0.14472923068363597
205,1304,1509,0.1447330238802051
208,1308,1516,0.14474089358696982
212,1291,1503,0.14473982987150888
216,1291,1507,0.1447295383455925
213,1301,1514,0.1447081893067722
211,1300,1511,0.14469630774617037
215,1298,1513,0.14469012521494434
214,1303,1517,0.14467406886267128
210,1304,1514,0.1446612752371743
210,1309,1519,0.14465934278591683
203,1321,1524,0.14465955690614807
201,1300,1501,0.14467726735567127
205,1310,1515,0.14469957920266388
201,1313,1514,0.1447110892865917
200,1325,1525,0.14473298596635703
201,1329,1530,0.1447570479512886
201,1333,1534,0.14477677778413617
199,1315,1514,0.14479625936806356
198,1323,1521,0.14482028040446376
202,1315,1517,0.1448453914672737
201,1315,1516,0.14485668008738678
201,1317,1518,0.14487041131132375
196,1326,1522,0.14488454286554242
198,1323,1521,0.1449112829001061
198,1313,1511,0.14493206372815318
196,1313,1509,0.14495074003154976
196,1309,1505,0.1449744680082117
190,1325,1515,0.14499725691190044
183,1318,1501,0.14503532688888165
182,1328,1510,0.14509032984914053
184,1326,1510,0.14514364674392552
186,1316,1502,0.14518814755202514
186,1306,1492,0.1452239977878023
194,1307,1501,0.1452579091111993
191,1313,1504,0.14526708272058383
197,1317,1514,0.14528360927434017
199,1319,1518,0.1452829189202773
200,1327,1527,0.14527630038476935
198,1323,1521,0.14526788149151368
195,1324,1519,0.1452657685899459
198,1321,1519,0.1452718061575938
201,1323,1524,0.14526981185043739
198,1323,1521,0.145260083205122
194,1325,1519,0.1452577605272486
197,1327,1524,0.14526668246159322
196,1329,1525,0.14526748661789188
194,1322,1516,0.14527225773994928
199,1329,1528,0.14528338979995858
192,1325,1517,0.14528022618849804
188,1330,1518,0.14529696249158078
189,1339,1528,0.1453236303692387
191,1318,1509,0.14534574829044913
188,1325,1513,0.14536088459027946
186,1312,1498,0.14538323527103747
187,1328,1515,0.14540931329310755
188,1313,1501,0.14543150009088754
188,1317,1505,0.1454492972359583
185,1323,1508,0.14546631585213135
185,1332,1517,0.14549025636621554
184,1323,1507,0.14551277215627803
190,1323,1513,0.14553722945276854
191,1310,1501,0.14554383421652317
189,1321,1510,0.145547052291145
182,1320,1502,0.14555663350734227
178,1322,1500,0.1455848591529483
182,1319,1501,0.1456216998400337
181,1330,1511,0.1456447499791682
183,1331,1514,0.14566897511996935
187,1323,1510,0.14568510661074544
185,1317,1502,0.14568823066668363
184,1318,1502,0.14569854995229348
188,1316,1504,0.1457104511136879
184,1323,1507,0.1457099070975514
188,1322,1510,0.14572002548078092
193,1318,1511,0.14571766187022267
189,1315,1504,0.14570160527006779
191,1320,1511,0.14570011801333227
194,1332,1526,0.14569216550329
194,1330,1524,0.14567680922955367
194,1329,1523,0.1456635945821337
190,1331,1521,0.14565362575401225
189,1331,1520,0.14565402541405006
191,1326,1517,0.14565884830242004
191,1325,1516,0.14565640632110732
187,1325,1512,0.1456548781606575
186,1329,1515,0.14566422689202996
189,1318,1507,0.14567530824513175
192,1312,1504,0.14567775561746255
191,1325,1516,0.1456707533460907
191,1321,1512,0.14566607348002225
186,1305,1491,0.1456614610454462
186,1321,1507,0.1456708984047767
191,1332,1523,0.14567917404298297
184,1329,1513,0.14567471302765228
187,1330,1517,0.14569003493752455
183,1330,1513,0.14569676518607735
185,1333,1518,0.14571399155989784
179,1324,1503,0.14572409590948887
180,1330,1510,0.14574969462159842
186,1324,1510,0.14577082957922438
185,1318,1503,0.14577559532564327
183,1317,1500,0.1457828747868421
177,1319,1496,0.1457958098714111
180,1317,1497,0.14582529823431276
172,1329,1501,0.1458452938687897
173,1337,1510,0.14588650076745818
176,1337,1513,0.14592244115303285
172,1339,1511,0.14594903731388098
167,1326,1493,0.14598325348419874
168,1335,1503,0.146029299366978
165,1329,1494,0.14606965814337206
163,1336,1499,0.14611302695665157
166,1337,1503,0.14615905575134222
167,1341,1508,0.14619457965670396
166,1333,1499,0.14622602411371444
171,1324,1495,0.14625697980641342
165,1326,1491,0.14627335373887862
171,1344,1515,0.14630506510436841
171,1338,1509,0.14631816167661393
173,1344,1517,0.14633136207606307
172,1343,1515,0.1463389171898425
169,1342,1511,0.14634881528017377
169,1344,1513,0.14636652887721577
169,1348,1517,0.14638295137370952
172,1336,1508,0.14639785349085632
169,1338,1507,0.14640329797679988
168,1333,1501,0.14641616404519328
172,1350,1522,0.14643141653626385
171,1357,1528,0.1464347361294413
170,1360,1530,0.1464399149132136
165,1349,1514,0.1464471237046992
164,1345,1509,0.14646749318847502
166,1348,1514,0.146490532101254
166,1343,1509,0.14650608644538998
163,1350,1513,0.14652027079389948
167,1357,1524,0.14654153557895339
166,1355,1521,0.14655044629521552
169,1343,1512,0.1465622846539839
167,1349,1516,0.14656499166431827
160,1348,1508,0.1465736797815562
161,1347,1508,0.14660149601879482
161,1349,1510,0.14662462624634212
163,1348,1511,0.1466449530142146
164,1350,1514,0.14665853435273035
162,1357,1519,0.14666797090581826
160,1367,1527,0.14668213242350578
161,1342,1503,0.14669970372565036
157,1347,1504,0.1467144323813981
157,1353,1510,0.14673914652109019
159,1346,1505,0.14676250794121745
159,1352,1511,0.14677993781782006
158,1350,1508,0.14679555897723828
156,1350,1506,0.146812970974169
157,1349,1506,0.14683441443477935
153,1355,1508,0.14685185349977276
156,1358,1514,0.14687867283835232
154,1377,1531,0.14689558042705658
151,1370,1521,0.14691718524137976
151,1364,1515,0.14694427441016625
141,1375,1516,0.14696972164178193
143,1375,1518,0.14702082485401197
140,1371,1511,0.1470629131780541
141,1378,1519,0.14710995918156555
145,1379,1524,0.1471515408268228
142,1368,1510,0.1471812571779016
139,1374,1513,0.14721737377526808
137,1388,1525,0.14725813415980937
137,1377,1514,0.14730213533151315
134,1371,1505,0.14734338590793394
136,1381,1517,0.14738936789905835
129,1377,1506,0.14742577533948734
131,1383,1514,0.14747955280109196
134,1403,1537,0.14752456458001764
133,1391,1524,0.14755976016238123
133,1377,1510,0.14759460423720458
132,1389,1521,0.14762731328527595
136,1387,1523,0.14766048257227532
133,1375,1508,0.14768193008424027
134,1380,1514,0.14771025621205436
131,1384,1515,0.14773355872937075
125,1385,1510,0.14776367989667422
127,1396,1523,0.14780769545961314
125,1395,1520,0.14784367476840157
126,1391,1517,0.14788261354687493
129,1392,1521,0.1479166629779315
129,1400,1529,0.14794041066839628
124,1406,1530,0.14796373352031725
123,1394,1517,0.14799829466193534
122,1395,1517,0.1480333669322923
124,1392,1516,0.14806931329370596
119,1390,1509,0.14809795477368948
118,1394,1512,0.1481383618491578
118,1379,1497,0.1481787546715757
116,1375,1491,0.1482166893875348
120,1377,1497,0.14825697711619917
122,1395,1517,0.14828366854255987
120,1391,1511,0.14830381086123534
123,1391,1514,0.14832778068704047
123,1406,1529,0.1483419198854762
123,1391,1514,0.14835527407886226
122,1398,1520,0.1483678890053258
121,1415,1536,0.14838236266277036
121,1401,1522,0.14839884965167302
122,1399,1521,0.14841384833455595
124,1397,1521,0.1484250021963228
123,1399,1522,0.1484306756839651
121,1415,1536,0.1484390566276452
115,1415,1530,0.14845246095768075
117,1400,1517,0.1484805674951291
118,1396,1514,0.14850059439178476
115,1402,1517,0.1485167457180517
118,1395,1513,0.14853936503700424
116,1394,1510,0.14855274260047543
112,1409,1521,0.1485714095369908
113,1407,1520,0.14859927479333268
112,1406,1518,0.14862368526452222
113,1397,1510,0.1486495149739969
112,1408,1520,0.14867177796319875
109,1403,1512,0.14869541276155826
106,1412,1518,0.14872497682271507
109,1397,1506,0.14876089083580252
112,1405,1517,0.14878638953325007
111,1403,1514,0.14880169447640834
113,1406,1519,0.1488191591164866
111,1409,1520,0.14882987402228012
109,1404,1513,0.14884550583878325
107,1406,1513,0.14886564601123958
108,1408,1516,0.14889056472736278
103,1399,1502,0.14891158573623156
102,1403,1505,0.14894425914141798
104,1400,1504,0.14897663789818502
107,1407,1514,0.1490010796151035
110,1413,1523,0.1490152606778924
110,1419,1529,0.14902027834590487
112,1411,1523,0.14902543961488296
114,1417,1531,0.14902556257085373
114,1412,1526,0.14901979129441054
114,1400,1514,0.1490144665766316
115,1398,1513,0.14900944672566768
112,1406,1518,0.14900237177843514
111,1408,1519,0.14900374440934694
105,1401,1506,0.1490072591336478
105,1392,1497,0.14902610411766865
110,1391,1501,0.14904449292061817
110,1400,1510,0.149048108199683
108,1410,1518,0.14905137061860516
108,1398,1506,0.14906086851925768
108,1399,1507,0.149070132919048
109,1412,1521,0.14907894929061707
109,1419,1528,0.14908514237559112
110,1409,1519,0.14909156000936655
109,1408,1517,0.1490953916857122
107,1415,1522,0.14910175840568202
103,1394,1497,0.14911387734719997
104,1407,1511,0.14913622607598317
103,1412,1515,0.14915457005982202
104,1400,1504,0.14917428845052577
104,1414,1518,0.14918959667845083
104,1406,1510,0.1492039128685615
102,1423,1525,0.14921691980342433
102,1408,1510,0.14923425068037624
103,1395,1498,0.14925058999929294
104,1405,1509,0.14926318911642056
108,1402,1510,0.14927298438715816
103,1401,1504,0.14927237315134095
99,1403,1502,0.14928557864397338
100,1418,1518,0.14930806530295115
102,1423,1525,0.14932613083353583
102,1422,1524,0.1493378882720259
101,1421,1522,0.1493489563492896
101,1424,1525,0.14936222040901462
103,1429,1532,0.14937406216064317
105,1434,1539,0.14937898460595161
108,1421,1529,0.1493785597958569
108,1409,1517,0.14936999012189425
107,1408,1515,0.149362053559741
106,1405,1511,0.14935732729748202
105,1406,1511,0.1493553970633274
107,1414,1521,0.14935627621313144
104,1407,1511,0.14935148901176368
107,1411,1518,0.14935562107331501
104,1402,1506,0.1493513127559992
107,1403,1510,0.1493558126779638
110,1412,1522,0.1493509861515483
108,1412,1520,0.14933750354285258
111,1404,1515,0.14933062905991104
110,1400,1510,0.14931545710158262
110,1410,1520,0.14930434845195845
109,1412,1521,0.14929379037339363
105,1405,1510,0.14928606195266161
104,1410,1514,0.14928941492751938
103,1408,1511,0.14929478632381754
100,1401,1501,0.14930233035033463
104,1402,1506,0.1493182200409671
106,1403,1509,0.14932270863402639
105,1410,1515,0.1493214284218908
105,1410,1515,0.14932261911675165
104,1398,1502,0.14932360188422142
107,1404,1511,0.14932715657852405
104,1398,1502,0.1493219551998251
107,1388,1495,0.14932466846849038
104,1398,1502,0.14931968707738696
109,1405,1514,0.14932263938506296
108,1412,1520,0.14931188510455504
106,1416,1522,0.14930483377961642
105,1415,1520,0.1493039881637367
105,1415,1520,0.14930671583347924
105,1416,1521,0.14930896523286413
106,1408,1514,0.1493109467845123
104,1410,1514,0.14931040158148662
103,1408,1511,0.1493162112527695
103,1416,1519,0.14932451793948257
104,1424,1528,0.14933243306649377
103,1420,1523,0.1493366734729748
102,1410,1512,0.14934327328961824
105,1407,1512,0.14935186815063325
108,1410,1518,0.149351459200384
105,1413,1518,0.14934343595130856
106,1410,1516,0.14934451096837095
107,1412,1519,0.149342476361041
102,1411,1513,0.14933792393770123
104,1400,1504,0.1493481863844417
104,1386,1490,0.14935145134692432
105,1395,1500,0.14935442970162494
105,1406,1511,0.14935428441675738
106,1421,1527,0.14935441959294457
106,1411,1517,0.14935187573978065
106,1409,1515,0.1493490671927136
107,1415,1522,0.14934667742167096
105,1415,1520,0.14934159208403938
108,1418,1526,0.14934195095398103
104,1415,1519,0.14933439948663435
104,1412,1516,0.14933810697097338
101,1413,1514,0.14934100151483068
104,1416,1520,0.14935145500666347
100,1401,1501,0.1493534109727205
100,1405,1505,0.14936661286287672
98,1416,1514,0.14937852321070472
95,1417,1512,0.14939475386010848
99,1409,1508,0.1494176844788881
97,1410,1507,0.14942820197875625
96,1414,1510,0.1494434936523275
98,1425,1523,0.14946021796678124
98,1413,1511,0.14947003554865673
97,1409,1506,0.14947987754496742
98,1411,1509,0.1494919976049241
99,1415,1514,0.14950058468065006
97,1408,1505,0.14950591543357533
97,1420,1517,0.1495163627235204
94,1424,1518,0.14952665128710618
100,1433,1533,0.1495448865293422
102,1421,1523,0.1495460091806506
102,1419,1521,0.1495428465754005
95,1427,1522,0.14954035536969124
96,1430,1526,0.149556971512264
95,1413,1508,0.1495697276829458
94,1403,1497,0.14958436018779966
92,1416,1508,0.14960047616685457
91,1418,1509,0.14962148056201635
93,1418,1511,0.14964368909002057
94,1421,1515,0.14965958372886726
91,1433,1524,0.14967212936385826
91,1421,1512,0.14969222804823887
91,1429,1520,0.14971095280092414
92,1418,1510,0.14972826572509648
93,1413,1506,0.14974171393911784
90,1413,1503,0.14975197740156837
91,1405,1496,0.1497694470375345
89,1409,1498,0.149783010370279
87,1422,1509,0.14980135308668488
86,1435,1521,0.14982413217023305
88,1437,1525,0.14984788271180416
88,1423,1511,0.14986447632010325
88,1416,1504,0.14987944498589523
90,1406,1496,0.14989401244101133
92,1433,1525,0.14990192265903957
93,1423,1516,0.14990440715628334
90,1418,1508,0.1499037391859505
90,1425,1515,0.14991063821325665
90,1414,1504,0.1499175329024759
89,1409,1498,0.1499239212449223
87,1416,1503,0.14993271064380043
86,1415,1501,0.14994546550445645
86,1410,1496,0.14995975939112
89,1415,1504,0.1499729006988751
91,1418,1509,0.14997709442705476
93,1412,1505,0.14997499507989243
91,1418,1509,0.14996798111084558
86,1408,1494,0.14996766143004764
86,1425,1511,0.1499811065060086
92,1419,1511,0.14999337130635385
90,1416,1506,0.149989450751281
88,1433,1521,0.1499908499883739
84,1430,1514,0.14999761527565464
85,1415,1500,0.15001509652150122
85,1434,1519,0.15002851795156602
83,1438,1521,0.15003991220241059
85,1432,1517,0.15005623480947533
85,1437,1522,0.15006551130695314
87,1424,1511,0.15007408990315518
88,1425,1513,0.15007685278724814
89,1416,1505,0.15007574587948952
90,1425,1515,0.1500725749075543
88,1426,1514,0.15006724667251492
90,1426,1516,0.15006757532204718
91,1424,1515,0.15006221651539473
89,1434,1523,0.15005504421917443
87,1417,1504,0.1500546974869968
87,1414,1501,0.1500600588640908
89,1419,1508,0.15006511989958424
86,1418,1504,0.15006500071415416
88,1415,1503,0.1500725611902541
88,1424,1512,0.15007435350450643
84,1433,1517,0.15007680701997017
87,1441,1528,0.15009017109464806
85,1439,1524,0.15009430015554556
86,1437,1523,0.15010366480744655
86,1430,1516,0.1501085587855312
84,1430,1514,0.15011312870381052
87,1436,1523,0.15012200814315732
88,1439,1527,0.1501225280250376
86,1429,1515,0.15012052958629618
87,1425,1512,0.15012481423972973
87,1430,1517,0.15012585639871145
87,1445,1532,0.15012638082202936
88,1427,1515,0.15012776836245098
89,1430,1519,0.1501264205419864
89,1442,1531,0.15012215219396347
88,1439,1527,0.15011733942219965
88,1432,1520,0.15011544869193516
87,1431,1518,0.15011310678426126
85,1433,1518,0.15011323366174129
87,1422,1509,0.15011912532318214
87,1449,1536,0.15011992263995316
89,1453,1542,0.15012055050065348
91,1438,1529,0.15011575841056912
86,1431,1517,0.15010528429377387
85,1437,1522,0.15010936548193402
82,1426,1508,0.15011548843080888
84,1425,1509,0.15012962624961207
85,1437,1522,0.15013759487425923
87,1452,1539,0.1501427721123598
86,1441,1527,0.1501420763927927
85,1427,1512,0.15014448169609848
85,1436,1521,0.15014782742560848
86,1423,1509,0.15015043850645937
86,1427,1513,0.1501491146224407
87,1432,1519,0.15014788309136132
86,1439,1525,0.15014426883065302
88,1431,1519,0.15014347785459592
87,1424,1511,0.1501373253955401
89,1426,1515,0.1501349406724387
86,1430,1516,0.15012705764074163
88,1428,1516,0.1501281141788875
85,1443,1528,0.1501237019186707
86,1460,1546,0.15012763339082355
86,1436,1522,0.15012815869086396
87,1430,1517,0.15012940320759693
82,1435,1517,0.15012855720889476
82,1444,1526,0.15014170481467792
80,1438,1518,0.1501536384098816
78,1436,1514,0.1501706868759094
79,1434,1513,0.15019198246556853
81,1434,1515,0.1502093381859188
78,1435,1513,0.15022005046387454
81,1441,1522,0.1502380790399031
81,1446,1527,0.15024712449312078
78,1438,1516,0.15025517892347767
75,1440,1515,0.1502713274280036
75,1432,1507,0.15029447169028795
76,1430,1506,0.15031619294125054
75,1442,1517,0.15033384440422395
72,1437,1509,0.1503528537456967
72,1445,1517,0.15037835656388723
73,1440,1513,0.15040226522721029
73,1445,1518,0.15042236418746335
71,1449,1520,0.15044099267146543
77,1444,1521,0.15046341590035195
76,1441,1517,0.1504673069123485
77,1450,1527,0.15047463820054197
77,1437,1514,0.15047828388954382
72,1437,1509,0.15048109027203502
73,1445,1518,0.15049756131623038
74,1441,1515,0.15050999891403183
74,1427,1501,0.15051861217888893
74,1426,1500,0.1505265258967601
74,1441,1515,0.1505349778394861
74,1461,1535,0.15054245637563643
72,1452,1524,0.1505490215100644
70,1448,1518,0.15056067043785745
70,1436,1506,0.15057657914554273
68,1442,1510,0.1505922507298869
66,1431,1497,0.15061249491360074
66,1431,1497,0.1506371872289274
66,1443,1509,0.1506605855979928
65,1449,1514,0.15068151107611275
66,1432,1498,0.15070371625061393
66,1443,1509,0.15072248745590783
67,1452,1519,0.15073971517457974
69,1451,1520,0.15075353249860365
68,1457,1525,0.15076091762447394
69,1454,1523,0.1507709486757866
69,1458,1527,0.15077760999213566
66,1464,1530,0.1507839390192459
67,1467,1534,0.15079830087298993
68,1464,1532,0.15080898878236304
64,1457,1521,0.1508164199429492
65,1466,1531,0.15083506517691903
63,1464,1527,0.1508495496927738
60,1450,1510,0.15086904344103988
60,1448,1508,0.15089521648943827
60,1461,1521,0.15091963318776794
62,1456,1518,0.1509429196582096
60,1450,1510,0.1509585118547947
58,1458,1516,0.15097827810966943
58,1465,1523,0.15100310908375777
58,1465,1523,0.15102631098117011
57,1457,1514,0.15104777871572414
56,1460,1516,0.1510710580460847
55,1465,1520,0.1510956697120023
57,1467,1524,0.15112137528776862
56,1460,1516,0.15113988768176298
57,1469,1526,0.1511603966799221
58,1462,1520,0.1511770341414908
61,1463,1524,0.15118994851827253
63,1454,1517,0.15119321163530608
63,1454,1517,0.15119063308341307
63,1451,1514,0.15118835925887086
60,1448,1508,0.15118633969668788
59,1458,1517,0.1511927466581818
58,1461,1519,0.15120198011025474
55,1461,1516,0.15121362476364064
56,1459,1515,0.151232410050399
57,1455,1512,0.15124695567758661
56,1455,1511,0.1512577544756372
57,1468,1525,0.15127048204347338
57,1473,1530,0.15127970202099103
58,1470,1528,0.15128850566682817
56,1473,1529,0.15129372075597858
56,1483,1539,0.15130411991227696
59,1470,1529,0.15131421012876886
63,1473,1536,0.1513151644182469
64,1474,1538,0.15130470362066434
64,1463,1527,0.15129229625424556
63,1463,1526,0.1512808643185266
66,1455,1521,0.15127290802986806
67,1469,1536,0.15125701470502298
69,1473,1542,0.15123944189464575
66,1470,1536,0.15121683439094846
65,1458,1523,0.15120455688185705
65,1453,1518,0.15119614727029596
64,1453,1517,0.15118819179937185
63,1455,1518,0.1511837444180902
63,1462,1525,0.1511827615219607
58,1446,1504,0.15118186606210127
59,1446,1505,0.15119468637479183
61,1447,1508,0.1512035001469093
60,1450,1510,0.15120659647617163
61,1450,1511,0.15121229374449163
61,1451,1512,0.1512147616228849
63,1443,1506,0.151217148998853
64,1444,1508,0.15121328801351755
61,1449,1510,0.1512065838165041
60,1460,1520,0.15120835841003546
62,1462,1524,0.15121247952257935
63,1453,1516,0.1512106285303355
63,1447,1510,0.15120635465335705
62,1445,1507,0.15120266813527977
62,1438,1500,0.1512022126110953
61,1440,1501,0.15120150804431323
62,1450,1512,0.15120324447435649
63,1453,1516,0.15120220462208994
61,1457,1518,0.1511985166876196
61,1468,1529,0.1512013791908057
60,1474,1534,0.1512039953507904
61,1471,1532,0.15120855711986267
60,1466,1526,0.15121036237531232
56,1460,1516,0.1512149420501798
57,1452,1509,0.15123023579764627
55,1463,1518,0.1512414371887685
56,1448,1504,0.15125766476857355
55,1457,1512,0.15127030544459846
56,1449,1505,0.1512852568639519
56,1454,1510,0.15129641625006054
57,1443,1500,0.1513068793165889
56,1459,1515,0.15131388629887377
58,1449,1507,0.15132315882517106
58,1449,1507,0.1513261965175018
59,1441,1500,0.15132873316924508
59,1453,1512,0.15132879333244603
59,1449,1508,0.15132865678890842
60,1452,1512,0.15132859464176943
58,1456,1514,0.15132569494005105
58,1459,1517,0.1513289131706544
59,1460,1519,0.15133180011902309
59,1462,1521,0.15133171768814338
59,1454,1513,0.15133178657134747
59,1447,1506,0.15133191042412988
56,1451,1507,0.15133158588554765
57,1446,1503,0.15133962647658475
60,1450,1510,0.15134381946223402
62,1449,1511,0.15133919730365775
64,1449,1513,0.15132937445146086
62,1438,1500,0.1513153975570919
58,1436,1494,0.15130835643839893
60,1452,1512,0.1513126446130168
63,1446,1509,0.15131066872447246
64,1453,1517,0.1513005202678747
64,1451,1515,0.15128845175850905
62,1460,1522,0.1512773761087666
63,1465,1528,0.15127274316572054
62,1453,1515,0.15126592183484
62,1451,1513,0.15126203251900874
60,1461,1521,0.1512590388392157
63,1456,1519,0.1512620677021702
62,1455,1517,0.15125642016458518
61,1466,1527,0.15125400218648247
57,1453,1510,0.15125403301588577
58,1457,1515,0.15126554885905472
57,1460,1517,0.15127381056368858
56,1456,1512,0.15128515857255026
54,1462,1516,0.1512988722913637
53,1461,1514,0.1513171161928405
50,1452,1502,0.151336481483721
51,1463,1514,0.15136285026580076
50,1466,1516,0.1513850111541015
50,1471,1521,0.1514086529269255
50,1474,1524,0.15143079389136477
50,1474,1524,0.15145148206261974
51,1471,1522,0.1514708090215057
50,1474,1524,0.1514860878398606
52,1483,1535,0.15150347009609888
52,1477,1529,0.1515141260843771
50,1475,1525,0.15152412349857122
50,1469,1519,0.1515389550574281
51,1464,1515,0.15155271531476922
52,1469,1521,0.15156287271884278
54,1456,1510,0.15156967713722783
51,1461,1512,0.1515700785132878
47,1452,1499,0.15157905841105582
49,1445,1494,0.15159874663231843
48,1461,1509,0.1516110238236629
48,1456,1504,0.1516253095609581
46,1467,1513,0.15163841598957262
46,1475,1521,0.1516563098193956
45,1477,1522,0.15167317622245424
47,1456,1503,0.15169173252032755
46,1475,1521,0.1517035095235098
47,1470,1517,0.15171709347240156
45,1461,1506,0.1517271342186856
41,1462,1503,0.15174285672950216
40,1455,1495,0.15176870411904153
40,1461,1501,0.15179554485287639
40,1458,1498,0.15182028638047382
41,1449,1490,0.15184365922877785
41,1462,1503,0.1518622159898369
43,1465,1508,0.15187976393472463
45,1470,1515,0.1518907566886304
43,1467,1510,0.15189540157910394
43,1478,1521,0.1519053797755502
44,1477,1521,0.15191481986318142
44,1474,1518,0.15192057246099372
44,1469,1513,0.1519260096254672
44,1481,1525,0.15193115485689623
44,1464,1508,0.1519359748371915
44,1465,1509,0.1519404960402924
44,1468,1512,0.15194473753856655
42,1471,1513,0.15194871636037519
40,1476,1516,0.15195797450151083
39,1465,1504,0.1519726088775683
40,1472,1512,0.15198933488041372
40,1474,1514,0.15200208380564836
40,1468,1508,0.15201430878070485
40,1476,1516,0.1520258063591112
38,1468,1506,0.1520366053433111
38,1475,1513,0.15205304458050656
37,1483,1520,0.15206846751458433
35,1476,1511,0.15208575425831747
34,1448,1482,0.15210730837950914
36,1451,1487,0.1521302878561679
35,1460,1495,0.15214615975473386
36,1468,1504,0.1521639400459318
35,1469,1504,0.15217788764154622
37,1477,1514,0.15219386484044198
39,1470,1509,0.15220284798140976
38,1473,1511,0.15220561545868358
38,1476,1514,0.15221125133329244
37,1480,1517,0.15221646531272132
36,1484,1520,0.15222441574795645
35,1490,1525,0.15223481079246917
35,1480,1515,0.15224753246463255
34,1486,1520,0.15225937786020666
35,1491,1526,0.15227325994718252
35,1488,1523,0.15228291105761657
35,1485,1520,0.15229195284670202
35,1488,1523,0.15230040894086322
35,1495,1530,0.1523083085457901
35,1492,1527,0.15231549393926863
35,1477,1512,0.15232220486127013
36,1471,1507,0.15232847614349077
35,1475,1510,0.15233145630538913
36,1483,1519,0.152337419222847
37,1497,1534,0.15234028695946059
37,1494,1531,0.15234020220835348
37,1477,1514,0.15234017248015924
37,1485,1522,0.15234020364133766
36,1483,1519,0.15234024684119665
35,1479,1514,0.15234356809546945
35,1481,1516,0.15234944777950474
36,1487,1523,0.15235458616446973
36,1480,1516,0.1523564983002189
37,1482,1519,0.15235854170073385
37,1490,1527,0.1523576686920213
37,1499,1536,0.15235693867667532
36,1490,1526,0.15235631076785264
35,1477,1512,0.1523583138861986
34,1471,1505,0.15236306376034287
34,1466,1500,0.15237062920826944
32,1466,1498,0.1523776506341812
28,1467,1495,0.1523897269487319
31,1472,1503,0.15241269270363586
32,1477,1509,0.15242576793086418
32,1488,1520,0.1524350176316035
29,1480,1509,0.15244398755467517
29,1472,1501,0.15246069132011153
32,1475,1507,0.15247577394189463
33,1474,1507,0.15248084900890582
33,1495,1528,0.1524824060959979
33,1486,1519,0.15248385814762308
32,1491,1523,0.15248519951442727
32,1484,1516,0.15248942955126155
34,1490,1524,0.15249316121863887
33,1487,1520,0.1524910062432959
33,1473,1506,0.15249205256016932
34,1479,1513,0.15249315621296725
32,1493,1525,0.15249146767909763
32,1501,1533,0.15249549902360843
32,1495,1527,0.15249919295586029
33,1489,1522,0.1525026380122882
32,1494,1526,0.15250304993236188
31,1494,1525,0.1525066073226808
29,1482,1511,0.15251271716469864
30,1484,1514,0.15252412681251046
29,1488,1517,0.1525317939091143
28,1489,1517,0.15254194236810664
28,1494,1522,0.15255431670206204
27,1489,1516,0.15256584087834135
29,1477,1506,0.15257942524727658
29,1480,1509,0.1525868220225857
29,1474,1503,0.1525938481707482
28,1464,1492,0.15260048773430082
29,1474,1503,0.15260964212737163
30,1469,1499,0.15261544137268235
29,1477,1506,0.1526180187770521
26,1478,1504,0.1526234071729491
26,1472,1498,0.15263750207466262
26,1470,1496,0.1526506697862042
26,1479,1505,0.1526629969878142
25,1487,1512,0.15267453951490603
25,1486,1511,0.15268823282629382
26,1487,1513,0.15270102161771107
27,1484,1511,0.15271008881908613
27,1479,1506,0.15271569838303228
27,1481,1508,0.15272102041316146
25,1492,1517,0.15272604929795786
27,1483,1510,0.15273678640423605
26,1479,1505,0.15274111958533065
26,1477,1503,0.15274815410654083
26,1475,1501,0.15275475541068487
26,1484,1510,0.15276095775816867
26,1480,1506,0.15276675083515434
28,1486,1514,0.15277213777293075
29,1480,1509,0.1527714757519694
29,1480,1509,0.1527679768388978
29,1494,1523,0.15276479795628217
28,1495,1523,0.15276189623173303
28,1495,1523,0.15276202165864375
28,1503,1531,0.1527621302247277
29,1492,1521,0.15276223032462444
28,1488,1516,0.15275953554902283
26,1501,1527,0.15275995332142248
27,1493,1520,0.15276599538148355
27,1485,1512,0.15276849071730542
24,1485,1509,0.1527711580088086
25,1483,1508,0.15278237055364133
24,1500,1524,0.15279000501529544
25,1491,1516,0.1528000112011131
25,1495,1520,0.15280661756733835
25,1496,1521,0.15281279023498973
23,1493,1516,0.1528185774617681
23,1500,1523,0.1528295992719378
25,1496,1521,0.15283992245217143
25,1485,1510,0.15284381040146142
25,1486,1511,0.1528475015778236
23,1472,1495,0.15285098285791748
23,1478,1501,0.15285999789795088
22,1484,1506,0.15286837997335995
22,1491,1513,0.15287901495692963
22,1502,1524,0.1528890639397006
21,1486,1507,0.15289846812945185
21,1483,1504,0.15291036846268535
21,1478,1499,0.15292134488606393
22,1488,1510,0.1529315306144124
23,1499,1522,0.15293819921634955
22,1498,1520,0.15294160803674534
23,1504,1527,0.15294768577734483
23,1496,1519,0.15295058276448675
24,1502,1526,0.15295333786119045
23,1496,1519,0.1529529045088722
24,1498,1522,0.15295541772665242
24,1498,1522,0.1529548314553869
25,1505,1530,0.15295432892767566
26,1504,1530,0.15295124665102386
26,1490,1516,0.1529451687376408
28,1493,1521,0.15293952878673503
28,1492,1520,0.15292836987528105
28,1491,1519,0.15291800287713808
28,1483,1511,0.15290835291475535
25,1470,1495,0.15289936070347593
26,1475,1501,0.15289936220888753
26,1464,1490,0.15289606810938675
25,1476,1501,0.15289278952829333
25,1477,1502,0.1528924639045699
25,1486,1511,0.15289209107062224
27,1491,1518,0.15289178146181956
26,1502,1528,0.1528857748190976
25,1502,1527,0.15288343520451475
25,1478,1503,0.15288424851204216
25,1478,1503,0.152885018978063
25,1482,1507,0.15288591589550746
26,1480,1506,0.15288661826266622
25,1485,1510,0.1528842595239862
24,1473,1497,0.15288505824268298
24,1470,1494,0.15288857277087609
24,1480,1504,0.15289183538113382
24,1487,1511,0.1528949266161521
23,1492,1515,0.15289780703831213
24,1494,1518,0.15290333040927867
24,1497,1521,0.15290548183501446
24,1492,1516,0.15290750599469496
25,1499,1524,0.15290940085945814
25,1484,1509,0.1529083210491186
25,1502,1527,0.1529073496619542
24,1498,1522,0.1529060261785493
24,1492,1516,0.1529074885803934
24,1502,1526,0.15290886205445378
25,1488,1513,0.15291012562082287
25,1489,1514,0.15290835111151935
24,1489,1513,0.15290671334863812
24,1485,1509,0.15290807401030182
24,1496,1520,0.15290933685125732
24,1489,1513,0.15291050755439453
24,1494,1518,0.1529115775108153
24,1488,1512,0.15291254774239443
24,1486,1510,0.15291342870953006
24,1490,1514,0.15291434458987513
24,1498,1522,0.15291522078486064
25,1479,1504,0.1529160258549068
27,1467,1494,0.15291387228180678
28,1477,1505,0.15290574553583258
28,1487,1515,0.1528953409674638
27,1495,1522,0.15288561968174402
29,1492,1521,0.15287946613404776
32,1491,1523,0.15286760957809897
32,1494,1526,0.15284777883410905
33,1479,1512,0.15282937447016
31,1482,1513,0.15280931519772334
29,1482,1511,0.15279632147288427
30,1465,1495,0.15278996527408992
30,1479,1509,0.15278103317649672
29,1468,1497,0.15277266918389343
31,1476,1507,0.15276773310398906
32,1472,1504,0.15275723516666356
33,1481,1514,0.15274455227117723
35,1476,1511,0.15272993018281608
35,1479,1514,0.15271071509693143
36,1464,1500,0.15269285820525147
35,1479,1514,0.15267325079465513
33,1466,1499,0.15265750669461517
33,1454,1487,0.1526484150867521
32,1463,1495,0.15264017455477064
34,1463,1497,0.1526353679968982
32,1462,1494,0.15262470328070635
33,1472,1505,0.15262067929360065
32,1475,1507,0.15261363448018528
34,1479,1513,0.15260978888346488
34,1487,1521,0.15260051952855375
35,1489,1524,0.1525918726147678
35,1488,1523,0.15258056991487437
36,1475,1511,0.1525699960901373
34,1468,1502,0.1525576281331637
35,1465,1500,0.15255170885471103
37,1471,1508,0.15254333179483917
37,1469,1506,0.1525292616960162
38,1472,1510,0.15251612832256306
38,1481,1519,0.15250099492194244
36,1469,1505,0.15248659147412957
35,1476,1511,0.15247922646425663
38,1483,1521,0.15247538553243659
38,1482,1520,0.15246279095579268
38,1477,1515,0.15245100713066298
38,1482,1520,0.1524398660986682
38,1473,1511,0.15242944610509931
36,1468,1504,0.15241981797574122
38,1479,1517,0.15241665777680852
38,1481,1519,0.1524076499781397
38,1476,1514,0.1523995489141151
40,1489,1529,0.1523918945200225
42,1478,1520,0.1523787365775646
40,1479,1519,0.1523608254359042
43,1484,1527,0.152349893132409
44,1486,1530,0.15233124861783862
43,1477,1520,0.15231086655194193
42,1480,1522,0.15229455448825768
39,1485,1524,0.1522824950266367
40,1495,1535,0.15227986508384717
40,1501,1541,0.15227456986910765
40,1497,1537,0.1522696325715976
40,1495,1535,0.152264857535632
42,1484,1526,0.15226044257806798
41,1476,1517,0.1522507132511774
40,1479,1519,0.15224454841716348
39,1477,1516,0.15224153997528062
37,1482,1519,0.15224153125167478
37,1476,1513,0.15224701418181813
38,1481,1519,0.15225204891434593
37,1479,1516,0.152253925685428
38,1488,1526,0.15225841837940116
40,1497,1537,0.1522597674664823
38,1486,1524,0.15225506472307498
37,1482,1519,0.15225623792647286
37,1480,1517,0.15226015531010462
38,1486,1524,0.1522637504470083
38,1475,1513,0.15226430767486374
36,1481,1517,0.15226474252317318
38,1489,1527,0.1522713652880105
40,1481,1521,0.1522719097321968
40,1479,1519,0.1522666686698069
40,1484,1524,0.1522616033348646
39,1482,1521,0.15225690471912431
37,1474,1511,0.15225524613352107
36,1482,1518,0.15226025675523489
32,1482,1514,0.1522681874923923
30,1487,1517,0.15228674843432913
31,1483,1514,0.15230986882407588
31,1484,1515,0.15232843324801923
33,1478,1511,0.152346166462385
33,1477,1510,0.15235695119657572
33,1476,1509,0.15236709644194696
36,1471,1507,0.152376588073386
36,1477,1513,0.15237697470786357
35,1492,1527,0.15237750296993896
35,1494,1529,0.15238100680304809
34,1484,1518,0.1523842945897205
33,1488,1521,0.15239022227621185
32,1460,1492,0.15239867531725726
32,1465,1497,0.15240942435391364
34,1467,1501,0.15241945831753614
33,1474,1507,0.1524230462156468
31,1466,1497,0.1524293085239308
33,1472,1505,0.1524407833772338
33,1475,1508,0.15244538455574488
33,1477,1510,0.15244946250977548
31,1479,1510,0.15245319240250552
32,1481,1513,0.15246248312636065
33,1480,1513,0.15246827487520936
34,1481,1515,0.15247082334338175
35,1467,1502,0.1524701484542041
35,1475,1510,0.1524666155936239
34,1481,1515,0.15246351843830153
33,1490,1523,0.1524634586300185
32,1483,1515,0.1524662975808357
35,1481,1516,0.15247176507553098
32,1485,1517,0.1524680258341909
34,1479,1513,0.1524730838307736
37,1483,1520,0.152471648226753
38,1483,1521,0.1524617366234765
38,1494,1532,0.15244949111735814
36,1501,1537,0.15243806430325305
35,1486,1521,0.15243335824010282
35,1483,1518,0.15243193320445866
33,1487,1520,0.1524305745925051
32,1476,1508,0.15243535814423556
32,1491,1523,0.15244275913797037
33,1480,1513,0.152449699148798
32,1482,1514,0.15245320412047064
31,1481,1512,0.15245941783733025
32,1474,1506,0.15246844249135488
32,1474,1506,0.15247368751436188
32,1475,1507,0.1524785951337004
33,1473,1506,0.1524831786521078
32,1474,1506,0.15248424029746288
31,1470,1501,0.15248809020604537
31,1481,1512,0.15249457751012707
32,1478,1510,0.15250058766209582
32,1493,1525,0.1525032282944037
32,1489,1521,0.15250560690988413
34,1481,1515,0.15250788426499093
35,1485,1520,0.1525038201915544
35,1483,1518,0.15249728971481447
36,1475,1511,0.15249119958383112
34,1474,1508,0.15248250777560948
33,1483,1516,0.1524801769049397
31,1462,1493,0.15248093587574288
30,1479,1509,0.15248734691934004
33,1479,1512,0.15249633379610422
33,1484,1517,0.15249596415854
33,1479,1512,0.15249567251240886
33,1492,1525,0.15249542634955468
32,1494,1526,0.15249521017386786
32,1482,1514,0.15249794610579542
32,1495,1527,0.15250053121906862
30,1492,1522,0.1525029599378361
28,1494,1522,0.1525112122142739
27,1492,1519,0.15252505600120592
28,1495,1523,0.15254073256184003
30,1494,1524,0.15255236162987984
30,1488,1518,0.1525572886370327
33,1484,1517,0.15256197016176754
34,1488,1522,0.15255743760622217
35,1476,1511,0.15255043846147373
34,1492,1526,0.1525412805665172
35,1491,1526,0.1525356781069903
35,1494,1529,0.1525274675250407
36,1493,1529,0.15251986044979024
35,1484,1519,0.15250956493526607
35,1481,1516,0.15250299139751403
35,1480,1515,0.1524969306838608
34,1497,1531,0.15249126995859058
33,1497,1530,0.15248932202652704
33,1482,1515,0.1524903409869277
33,1476,1509,0.1524913302666521
32,1488,1520,0.15249211781907462
32,1490,1522,0.15249609797492322
32,1492,1524,0.1524999156013569
31,1496,1527,0.15250352201001152
33,1485,1518,0.1525098682530953
32,1481,1513,0.15250968878779309
33,1483,1516,0.1525125094188682
33,1486,1519,0.15251232533763967
30,1470,1500,0.15251213501945304
29,1480,1509,0.15252066349659849
29,1472,1501,0.1525313862386298
28,1484,1512,0.15254134096397054
27,1482,1509,0.1525535339525774
27,1481,1508,0.15256775104415005
28,1500,1528,0.1525810093545858
30,1499,1529,0.15259050931839332
31,1480,1511,0.15259317299626626
32,1482,1514,0.15259281977489697
33,1473,1506,0.15258976755047565
33,1486,1519,0.1525839535285259
35,1498,1533,0.152578603783198
34,1501,1535,0.15256778292975173
34,1488,1522,0.1525610054457122
34,1490,1524,0.15255473959222257
35,1483,1518,0.152548883636105
34,1486,1520,0.15254049571160797
35,1492,1527,0.1525354664173435
36,1478,1514,0.15252777875911736
33,1476,1509,0.15251753647187358
32,1482,1514,0.15251667362871626
34,1470,1504,0.15251866970953384
36,1469,1505,0.15251471847486822
38,1469,1507,0.15250533459378393
38,1471,1509,0.15249061448918702
36,1480,1516,0.15247683590537087
36,1494,1530,0.1524698675343343
34,1490,1524,0.15246332120436282
34,1492,1526,0.152463035226013
37,1495,1532,0.15246270216994215
35,1495,1530,0.15245364357421157
34,1493,1527,0.15245117660496757
34,1490,1524,0.15245212406566855
34,1504,1538,0.15245305716955232
37,1491,1528,0.15245394125649828
37,1475,1512,0.15244619645817106
37,1483,1520,0.1524390983211192
36,1472,1508,0.15243255019317498
35,1480,1515,0.15242930831463308
34,1482,1516,0.15242913805489336
34,1477,1511,0.1524318755133752
34,1481,1515,0.15243438877870646
35,1483,1518,0.15243661432377473
37,1487,1524,0.1524357834937208
36,1491,1527,0.15242934054394155
36,1493,1529,0.15242621871894513
37,1489,1526,0.15242344484856965
37,1489,1526,0.15241807021233583
36,1491,1527,0.15241310735261418
35,1491,1526,0.15241135764780078
34,1494,1528,0.15241251688929267
36,1494,1530,0.15241642044105735
37,1469,1506,0.15241432627021165
37,1477,1514,0.15240956017456367
37,1482,1519,0.15240517127192313
37,1478,1515,0.15240110370968682
37,1479,1516,0.1523973246984109
36,1484,1520,0.15239380869652028
36,1485,1521,0.1523933385699638
35,1480,1515,0.1523928882315783
37,1490,1527,0.15239535862722206
35,1484,1519,0.15239187318379094
35,1481,1516,0.15239431275325907
35,1476,1511,0.1523965268109326
34,1472,1506,0.1523986045207635
33,1482,1515,0.1524034815695326
34,1480,1514,0.152410832884346
34,1481,1515,0.15241485732599222
33,1488,1521,0.15241863892220378
34,1497,1531,0.15242497582804002
34,1490,1524,0.15242793741738092
34,1494,1528,0.1524306954455761
33,1491,1524,0.15243340449803044
34,1487,1521,0.1524388005180878
34,1480,1514,0.15244090336531887
33,1483,1516,0.15244288335713305
33,1483,1516,0.15244765274766287
34,1485,1519,0.1524521061197612
34,1485,1519,0.15245328703034208
33,1489,1522,0.15245441010131253
32,1470,1502,0.15245834043129944
32,1470,1502,0.15246481809805557
30,1462,1492,0.15247083033604866
31,1465,1496,0.15248215650984787
31,1471,1502,0.15248979928807258
32,1482,1514,0.152497055916631
31,1478,1509,0.15250079153286109
31,1478,1509,0.15250717845609998
32,1485,1517,0.15251313831882288
32,1470,1502,0.15251581367920455
32,1481,1513,0.15251833819942406
32,1478,1510,0.152520700345922
32,1483,1515,0.15252291128744047
33,1484,1517,0.15252498211558724
33,1492,1525,0.15252406309538094
35,1488,1523,0.15252325520740723
34,1483,1517,0.15251657485058756
35,1491,1526,0.15251328799920622
35,1491,1526,0.15250737395841724
31,1483,1514,0.1525018293790399
34,1474,1508,0.15250832434764347
34,1470,1504,0.15250568559213473
33,1471,1504,0.1525032911097613
32,1474,1506,0.15250388026221215
32,1486,1518,0.15250734872714256
32,1477,1509,0.15251054087135363
31,1474,1505,0.15251356314794895
33,1485,1518,0.15251914311021078
33,1479,1512,0.15251857181324596
34,1490,1524,0.15251812884712748
33,1483,1516,0.15251484720326014
32,1502,1534,0.15251468297235954
31,1496,1527,0.15251752661868803
32,1500,1532,0.15252305684107537
31,1494,1525,0.15252529242771737
33,1484,1517,0.15253029767871065
32,1486,1518,0.1525290835164585
33,1471,1504,0.15253093535008208
32,1468,1500,0.15252969967301228
32,1467,1499,0.1525314851982657
32,1479,1511,0.15253326811572282
32,1475,1507,0.15253496402506445
32,1495,1527,0.15253646806794235
33,1491,1524,0.1525378538142802
32,1473,1505,0.15253621188161035
32,1471,1503,0.15253762344103675
31,1473,1504,0.1525389319663148
32,1476,1508,0.15254310120802475
32,1466,1498,0.1525439385859816
29,1481,1510,0.152544732803318
29,1478,1507,0.15255415510485226
28,1486,1514,0.152562901352247
29,1481,1510,0.15257402353001914
30,1486,1516,0.15258152514005802
27,1481,1508,0.15258545711051685
28,1486,1514,0.15259806542452214
28,1490,1518,0.1526068343996758
26,1486,1512,0.15261498959626116
28,1481,1509,0.1526283752206585
30,1487,1517,0.1526348810020169
29,1479,1508,0.15263498215596266
28,1488,1516,0.15263807573102434
28,1503,1531,0.15264404305305163
27,1489,1516,0.15264954136775213
27,1490,1517,0.15265756403679076
28,1490,1518,0.15266501538511068
28,1474,1502,0.15266899074708504
28,1479,1507,0.1526726972335538
28,1482,1510,0.1526761766338052
28,1487,1515,0.1526795063222951
29,1493,1522,0.15268261401649005
28,1503,1531,0.15268268900572385
28,1500,1528,0.15268569371656987
29,1491,1520,0.1526885735073888
28,1492,1520,0.15268822765912904
28,1502,1530,0.1526908710406964
29,1483,1512,0.15269346364404648
28,1495,1523,0.15269284505129047
29,1472,1501,0.15269517241462743
28,1488,1516,0.15269439511384938
25,1480,1505,0.15269664083628098
24,1481,1505,0.15270761021083198
23,1499,1522,0.15272089485425627
23,1503,1526,0.1527362706192703
22,1506,1528,0.1527507088473766
23,1497,1520,0.15276735837367006
25,1482,1507,0.15277995349845255
24,1482,1506,0.15278594343782326
24,1488,1512,0.1527945110875792
24,1494,1518,0.15280262708328463
25,1481,1506,0.1528102507408284
25,1484,1509,0.15281437592413283
24,1476,1500,0.15281828185254695
23,1478,1501,0.1528248722141738
25,1486,1511,0.15283398724013414
25,1492,1517,0.15283648419911525
26,1497,1523,0.1528388546147865
24,1492,1516,0.1528381048113233
23,1485,1508,0.15284339696619734
23,1489,1512,0.15285138459946357
26,1499,1525,0.15285898505181428
25,1498,1523,0.15285716722063897
25,1499,1524,0.15285842328441915
25,1496,1521,0.15285963746387637
26,1498,1524,0.15286074425133558
26,1494,1520,0.1528588332396858
26,1498,1524,0.15285708750959462
24,1502,1526,0.15285554299898832
22,1497,1519,0.15286016427918667
22,1480,1502,0.1528703628795464
23,1484,1507,0.15287986274041557
25,1482,1507,0.15288573222879986
25,1486,1511,0.15288528217548403
24,1484,1508,0.15288490910950872
24,1482,1506,0.1528875542683669
21,1479,1500,0.1528900187489357
20,1494,1514,0.15290131337671053
19,1490,1509,0.1529149503748457
20,1492,1512,0.15293066506335418
19,1497,1516,0.15294246010170448
19,1497,1516,0.15295647129042306
20,1490,1510,0.15296959616910352
21,1491,1512,0.1529788902312731
19,1479,1498,0.15298471591216045
20,1478,1498,0.15299607583949548
20,1483,1503,0.15300374885146503
20,1491,1511,0.15301095920107574
19,1493,1512,0.15301775599197612
19,1499,1518,0.1530270792197155
19,1502,1521,0.1530358045116208
18,1494,1512,0.15304397256497215
18,1494,1512,0.15305463026493674
16,1489,1505,0.15306459075882828
17,1493,1510,0.15307980330315374
16,1495,1511,0.15309114975827176
16,1492,1508,0.15310485771502264
16,1482,1498,0.1531176960363005
16,1497,1513,0.15312973088364845
16,1502,1518,0.15314101419004023
16,1498,1514,0.15315159422224717
15,1496,1511,0.15316151608934514
14,1505,1519,0.15317380432287522
14,1508,1522,0.1531883586735242
13,1511,1524,0.15320197625674212
12,1513,1525,0.1532177695710082
12,1510,1522,0.15323561120400123
12,1504,1516,0.15325232210242354
11,1500,1511,0.1532679847158679
11,1509,1520,0.15328571906343466
12,1512,1524,0.15330234789118397
12,1509,1521,0.15331480224422678
12,1506,1518,0.15332650604609058
12,1510,1522,0.15333749138936775
11,1503,1514,0.15334780123000663
10,1492,1502,0.1533605583958252
10,1499,1509,0.15337558909319376
9,1497,1506,0.15338969244145192
9,1498,1507,0.15340607201966716
10,1495,1505,0.1534214410600304
10,1491,1501,0.15343281632045844
10,1491,1501,0.15344350518474525
10,1491,1501,0.1534535405271185
11,1506,1517,0.15346296389470954
11,1513,1524,0.1534687173710279
11,1503,1514,0.1534741494980156
11,1502,1513,0.1534792592345036
11,1506,1517,0.15348408036488984
11,1524,1535,0.1534886031979598
11,1508,1519,0.15349285581080216
11,1505,1516,0.15349685558334303
11,1506,1517,0.15350061743235788
11,1515,1526,0.15350415515985977
11,1516,1527,0.15350748177928553
11,1521,1532,0.15351060961233107
11,1510,1521,0.1535135503254728
10,1514,1524,0.15351631495266763
9,1510,1519,0.1535219128153217
10,1502,1512,0.15353030563634995
9,1512,1521,0.15353516080169777
7,1489,1496,0.1535428454263372
7,1503,1510,0.15355623537340274
7,1506,1513,0.15356880483183402
7,1512,1519,0.15358060636201107
7,1524,1531,0.15359168807154855
7,1511,1518,0.15360209494978247
7,1515,1522,0.15361186894267284
7,1513,1520,0.1536210492245053
7,1516,1523,0.15362967242413095
7,1517,1524,0.15363777281741128
7,1521,1528,0.15364538249711837
7,1514,1521,0.1536525315258665
7,1498,1505,0.1536592480752071
6,1497,1503,0.15366555855295694
6,1515,1521,0.153674648611652
6,1511,1517,0.1536831972950925
5,1505,1510,0.15369122776196315
5,1511,1516,0.1537018735252862
5,1500,1505,0.15371187292130395
6,1501,1507,0.15372127146872697
6,1500,1506,0.15372698895349068
5,1505,1510,0.15373237077780302
6,1526,1532,0.15374064871943127
6,1518,1524,0.15374535419997226
6,1520,1526,0.1537497515844079
6,1504,1510,0.15375388256369138
5,1518,1523,0.15375776588493706
5,1513,1518,0.15376446662378843
5,1499,1504,0.15377079475163288
4,1508,1512,0.15377674618247356
4,1504,1508,0.15378549467732752
4,1513,1517,0.15379370148130814
4,1505,1509,0.15380141513973178
4,1512,1516,0.15380866620786013
4,1521,1525,0.15381548241414314
4,1503,1507,0.153821889778481
4,1513,1517,0.15382791279926467
4,1507,1511,0.15383357453644675
4,1500,1504,0.15383889668361642
4,1496,1500,0.15384389964013404
4,1511,1515,0.15384860258301022
4,1512,1516,0.15385302353714753
4,1497,1501,0.15385717944296914
4,1507,1511,0.15386108622090475
4,1502,1506,0.15386475883250988
4,1488,1492,0.15386821133817866
4,1496,1500,0.15387145695151624
4,1504,1508,0.1538745080904952
4,1506,1510,0.15387737642554722
4,1509,1513,0.1538800729247537
4,1516,1520,0.15388260789629918
5,1505,1510,0.15388499102834965
5,1521,1526,0.1538841417451802
5,1520,1525,0.15388332143288302
5,1517,1522,0.15388254918179325
3,1512,1515,0.1538818236443189
3,1527,1530,0.1538873572752438
3,1523,1526,0.15389259719475373
4,1513,1517,0.1538975338777245
4,1506,1510,0.15389907547313164
4,1514,1518,0.15390049800574981
4,1512,1516,0.15390183176727748
4,1500,1504,0.15390308428453528
4,1500,1504,0.15390426112881866
3,1503,1506,0.15390536715629924
4,1510,1514,0.1539094875514769
5,1499,1504,0.15391023678972748
5,1493,1498,0.15390786803242648
4,1492,1496,0.15390562275140446
4,1489,1493,0.15390659079636554
4,1503,1507,0.1539075319781113
4,1511,1515,0.15390842145941347
4,1521,1525,0.15390925937679345
4,1521,1525,0.15391004777748502
4,1518,1522,0.15391078918788212
4,1515,1519,0.15391148622762
4,1511,1515,0.15391214146852789
4,1506,1510,0.15391275737949978
4,1503,1507,0.15391333630599693
4,1504,1508,0.15391388046458176
4,1505,1509,0.1539143919442494
5,1487,1492,0.1539148727108544
5,1491,1496,0.15391208133908646
5,1489,1494,0.15390946815334558
5,1503,1508,0.15390701530574347
5,1515,1520,0.1539047124732798
5,1507,1512,0.15390255011177087
5,1513,1518,0.1539005193141483
5,1512,1517,0.1538986117999631
5,1519,1524,0.1538968198714343
5,1519,1524,0.15389513636128055
5,1510,1515,0.1538935545843039
5,1512,1517,0.15389206829532742
5,1504,1509,0.15389067165306652
5,1520,1525,0.15388935918885877
4,1514,1518,0.15388812577922992
5,1494,1499,0.15389018361312343
5,1504,1509,0.15388889330023262
5,1507,1512,0.1538876846646834
5,1512,1517,0.153886549107101
6,1516,1522,0.15388548245917885
5,1509,1514,0.1538813287740149
5,1517,1522,0.15388056552703674
5,1512,1517,0.15387984096792565
5,1509,1514,0.1538791607551361
5,1524,1529,0.15387852189776935
5,1518,1523,0.1538779216600611
6,1517,1523,0.153877357563017
6,1518,1524,0.1538736892945072
6,1518,1524,0.15387025247740152
6,1527,1533,0.15386702259717921
6,1522,1528,0.15386398723690062
6,1512,1518,0.15386113484335628
6,1527,1533,0.15385845450117736
6,1526,1532,0.15385593588794072
6,1526,1532,0.1538535692593114
6,1502,1508,0.15385134543317888
6,1518,1524,0.15384925576860323
6,1513,1519,0.1538472921410198
6,1510,1516,0.15384544691559549
7,1499,1506,0.15384371292011406
8,1504,1512,0.1538388639865538
8,1496,1504,0.15383125131486552
9,1502,1511,0.15382408613665122
9,1500,1509,0.15381414046372058
8,1506,1514,0.1538048179169812
7,1496,1503,0.15379917260890552
8,1508,1516,0.15379692898352995
9,1507,1516,0.15379174396124365
10,1519,1529,0.15378382537763552
10,1505,1515,0.15377321833311555
10,1500,1510,0.15376328461151811
10,1496,1506,0.15375396337674435
10,1499,1509,0.15374521473734024
10,1507,1517,0.15373700273307733
14,1512,1526,0.15372929388690218
14,1504,1518,0.1537093836941842
13,1512,1525,0.1536907549856106
14,1506,1520,0.1536764581491386
14,1494,1508,0.15365983680158327
14,1497,1511,0.15364425420952735
13,1491,1504,0.15362964033550983
13,1498,1511,0.15361909404713944
13,1506,1519,0.15360918316400296
13,1508,1521,0.15359987458507016
14,1499,1513,0.1535911326085172
13,1486,1499,0.15357977090304623
13,1507,1520,0.15357217546590307
11,1496,1507,0.1535650395900891
11,1502,1513,0.15356445771583607
11,1520,1531,0.15356392774311445
12,1512,1524,0.15356343363977232
11,1506,1517,0.15355993867651332
11,1495,1506,0.1535597859233144
11,1496,1507,0.15355962353993696
11,1506,1517,0.1535594605364827
11,1494,1505,0.15355929936586432
10,1502,1512,0.15355914151498729
10,1501,1511,0.1535621753096652
10,1505,1515,0.1535650126037627
10,1506,1516,0.1535676671937445
10,1509,1519,0.15357015289163248
9,1513,1522,0.15357248192998785
8,1511,1519,0.1535776904882949
10,1506,1516,0.1535857366475427
11,1515,1526,0.15358689299048683
11,1519,1530,0.15358495990680518
11,1514,1525,0.1535831278962812
11,1515,1526,0.15358140757588104
10,1499,1509,0.15357979247278666
10,1500,1510,0.1535814393630795
10,1507,1517,0.15358298152748112
10,1507,1517,0.15358436931801886
10,1508,1518,0.1535856812495806
10,1508,1518,0.1535869134261591
10,1507,1517,0.15358806940531985
10,1516,1526,0.15358915367388135
11,1513,1524,0.15359017069176664
10,1528,1538,0.1535879645669597
11,1527,1538,0.15358907700853572
11,1501,1512,0.15358693215587332
11,1488,1499,0.15358493146224528
11,1495,1506,0.1535830584048158
11,1500,1511,0.15358130331641184
11,1506,1517,0.15357965788250144
11,1497,1508,0.15357825814084242
11,1486,1497,0.15357691251657526
12,1479,1491,0.15357564289879636
11,1483,1494,0.1535712880381762
11,1483,1494,0.15357034731171265
11,1501,1512,0.15356949559744806
11,1494,1505,0.15356869471709442
12,1502,1514,0.1535679416898331
12,1499,1511,0.15356406879151677
12,1509,1521,0.15356044482583578
11,1504,1515,0.1535570500776822
11,1503,1514,0.15355706886123646
11,1494,1505,0.1535570850857271
11,1499,1510,0.15355710000185901
11,1507,1518,0.15355711401367672
10,1519,1529,0.15355712734512816
11,1517,1528,0.15356028954104062
11,1513,1524,0.15356004138933207
12,1511,1523,0.1535598197362395
12,1509,1521,0.1535565572135494
12,1506,1518,0.15355351224368088
12,1509,1521,0.15355065970068435
11,1514,1525,0.1535479872435307
11,1501,1512,0.15354867387249707
11,1505,1516,0.15354931558891347
11,1498,1509,0.15354991632701476
11,1490,1501,0.15355047943703723
11,1503,1514,0.15355100775628444
11,1498,1509,0.15355150372783308
11,1511,1522,0.15355196950460187
11,1509,1520,0.15355240702467093
11,1493,1504,0.1535528180598964
11,1495,1506,0.15355320424689434
10,1495,1505,0.15355356710734697
11,1497,1508,0.1535568933716145
11,1501,1512,0.15355704673411105
12,1494,1506,0.1535571348069562
13,1504,1517,0.15355407719235165
12,1509,1521,0.1535480744437435
11,1507,1518,0.15354557371604455
12,1514,1526,0.15354632317572517
12,1517,1529,0.15354391477890045
13,1517,1530,0.15354166339930336
12,1512,1524,0.15353650921026343
11,1509,1520,0.15353474821561644
12,1511,1523,0.15353616090942748
12,1501,1513,0.15353439885457384
12,1503,1515,0.15353278713891302
12,1515,1527,0.1535312514279887
11,1528,1539,0.1535298122853888
11,1511,1522,0.15353146116478858
12,1505,1517,0.15353304054786515
10,1510,1520,0.1535313344882557
10,1510,1520,0.15353604209435784
9,1512,1521,0.1535404595049506
9,1510,1519,0.15354772021032392
9,1510,1519,0.1535545151035
11,1517,1528,0.1535608889693976
11,1505,1516,0.1535605819268649
11,1511,1522,0.15356022259018734
12,1491,1503,0.15355994974858173
13,1495,1508,0.15355652324389432
13,1495,1508,0.15355030794384378
13,1498,1511,0.1535444704191749
13,1500,1513,0.15353900387317515
13,1494,1507,0.15353388345371738
14,1497,1511,0.1535290857720523
14,1492,1506,0.15352148472154833
14,1479,1493,0.1535143830134842
15,1489,1504,0.15350772999598686
15,1494,1509,0.15349838467683874
15,1497,1512,0.15348963757699044
15,1499,1514,0.15348144578948333
15,1503,1518,0.15347377078166788
16,1506,1522,0.1534665776518556
16,1498,1514,0.15345680155973995
16,1499,1515,0.15344765231327878
16,1501,1517,0.15343908683537158
16,1507,1523,0.15343106630015602
16,1496,1512,0.15342354960867144
16,1513,1529,0.15341650445870075
15,1499,1514,0.15340990035731886
15,1501,1516,0.1534066578334008
15,1503,1518,0.15340364063012177
15,1494,1509,0.15340080993651278
14,1501,1515,0.1533981512210077
12,1502,1514,0.15339873140436475
12,1499,1511,0.15340532587705857
13,1511,1524,0.15341146175575493
13,1505,1518,0.15341421975959427
13,1510,1523,0.15341677569696566
14,1511,1525,0.15341916526726304
14,1510,1524,0.15341828867943408
14,1506,1520,0.1534174604938797
14,1496,1510,0.1534166747952337
13,1502,1515,0.15341593187037023
13,1502,1515,0.15341833034534866
12,1492,1504,0.15342056566306306
14,1474,1488,0.15342567861595616
15,1482,1497,0.1534243260619801
14,1495,1509,0.15342021111206752
14,1498,1512,0.1534193448531357
14,1487,1501,0.15341856504426427
14,1501,1515,0.15341784051717197
15,1498,1513,0.15341716574978345
16,1494,1510,0.15341344617372765
18,1498,1516,0.15340701927634112
19,1490,1509,0.1533950917515118
19,1498,1517,0.153380962294607
19,1495,1514,0.15336775826940638
19,1506,1525,0.15335543118911157
19,1496,1515,0.1533439168612977
18,1504,1522,0.1533331560801074
20,1497,1517,0.15332598505205336
22,1502,1524,0.15331325273749055
22,1508,1530,0.15329540677164075
21,1494,1515,0.15327879912104747
20,1487,1507,0.15326623557771493
19,1499,1518,0.15325760737905836
20,1480,1500,0.15325252976519618
22,1481,1503,0.15324489556250598
22,1487,1509,0.1532318952863973
20,1495,1515,0.15321975550818798
21,1501,1522,0.15321416854010197
20,1507,1527,0.15320590483711405
20,1505,1525,0.15320117853077442
21,1491,1512,0.15319674001799746
21,1498,1519,0.15318963348759973
20,1503,1523,0.1531830029023961
22,1491,1513,0.1531796290558417
22,1494,1516,0.15317050496166174
20,1503,1523,0.15316195831561388
20,1492,1512,0.15315992282852994
20,1496,1516,0.1531579740428241
22,1503,1525,0.1531561251933331
22,1503,1525,0.1531484344258626
21,1508,1529,0.15314128316590453
21,1506,1527,0.15313755712778584
21,1510,1531,0.15313406638886884
23,1492,1515,0.1531307977498183
22,1503,1525,0.15312167139024319
23,1497,1520,0.15311618442957362
21,1504,1525,0.1531079965631054
21,1509,1530,0.1531063985093555
20,1507,1527,0.15310486788272862
20,1501,1521,0.15310631446407744
21,1488,1509,0.1531076209186203
20,1498,1518,0.15310591019972009
18,1504,1522,0.15310725139386291
18,1509,1527,0.1531143692991788
18,1520,1538,0.15312099239144897
17,1513,1530,0.15312716560573286
14,1513,1527,0.1531358191484435
13,1522,1535,0.15315289912542288
13,1517,1530,0.1531717778476894
12,1514,1526,0.15318945106209886
13,1504,1517,0.15320914939692923
12,1498,1510,0.1532244824917509
12,1502,1514,0.1532419207739537
12,1500,1512,0.15325827903241532
10,1506,1516,0.15327362611693085
11,1516,1527,0.15329411743687194
11,1517,1528,0.15331036202584067
12,1521,1533,0.15332558079106207
12,1519,1531,0.15333685073600448
13,1522,1535,0.15334744471618125
14,1520,1534,0.15335433336190557
14,1515,1529,0.15335771392557881
14,1517,1531,0.15336090572694325
13,1515,1528,0.1533639154338247
12,1504,1516,0.1533698041141343
12,1514,1526,0.15337825759675547
13,1514,1527,0.153386211299451
14,1522,1536,0.1533907169301874
14,1516,1530,0.15339196884269563
14,1509,1523,0.1533931404681144
14,1507,1521,0.15339425350793076
13,1503,1516,0.15339531026715694
13,1506,1519,0.15339919279689318
13,1496,1509,0.15340298747337455
12,1500,1512,0.15340656540241707
12,1491,1503,0.15341302478800997
12,1489,1501,0.15341909030005144
12,1500,1512,0.15342478226126333
14,1508,1522,0.1534301238461746
14,1517,1531,0.15342887502304756
13,1500,1513,0.15342773623909184
13,1498,1511,0.15342968865049142
16,1504,1520,0.1534315114212481
15,1506,1521,0.15342408688548048
16,1494,1510,0.1534202794344589
17,1501,1518,0.1534136809896367
18,1498,1516,0.15340441601792906
18,1500,1518,0.15339277658954448
19,1495,1514,0.15338171017832766
19,1499,1518,0.153368297475039
17,1496,1513,0.15335577364581432
16,1496,1512,0.15335022091712172
16,1502,1518,0.15334797903576697
16,1503,1519,0.1533458500855335
16,1501,1517,0.15334384061695858
16,1504,1520,0.15334194641545118
17,1489,1506,0.1533401620998678
16,1492,1508,0.1533355031658757
17,1487,1504,0.15333406391414692
17,1495,1512,0.15332968776309985
17,1503,1520,0.15332559092091522
18,1506,1524,0.15332174711629187
15,1510,1525,0.15331522660144445
15,1498,1513,0.1533180727491878
15,1502,1517,0.15332077279908038
15,1504,1519,0.15332329554485832
14,1505,1519,0.1533256537637391
13,1507,1520,0.15333106103476543
14,1496,1510,0.15333915222782887
13,1499,1512,0.15334370064595723
14,1488,1502,0.1533510705266935
13,1505,1518,0.15335477273259376
12,1509,1521,0.15336138798645574
11,1509,1520,0.153370545391163
11,1520,1531,0.15338212951531485
11,1504,1515,0.1533928803398636
13,1498,1511,0.15340316998292663
12,1497,1509,0.15340670853473115
12,1489,1501,0.15341303292385783
13,1483,1496,0.15341901361727558
13,1487,1500,0.15342137628875055
13,1493,1506,0.1534236074847908
13,1486,1499,0.15342570673440317
13,1503,1516,0.15342767912615224
14,1518,1532,0.15342952304657576
13,1503,1516,0.1534281301810016
13,1499,1512,0.15342999444972655
13,1506,1519,0.15343174016956593
13,1507,1520,0.15343337867455525
13,1500,1513,0.1534349169394445
13,1504,1517,0.153436361256842
12,1493,1505,0.15343771747794566
12,1507,1519,0.1534419573570321
13,1502,1515,0.15344595800758554
13,1498,1511,0.15344673201114037
13,1506,1519,0.15344744389601528
14,1508,1522,0.15344811502330166
13,1491,1504,0.1534456292421639
15,1492,1507,0.15344646124581904
15,1494,1509,0.1534409034703047
15,1506,1521,0.15343576544607568
14,1499,1513,0.1534309570603355
13,1504,1517,0.1534294323654811
12,1509,1521,0.1534311315180301
12,1501,1513,0.1534357495090445
12,1499,1511,0.1534400749262584
12,1502,1514,0.15344405102002429
13,1505,1518,0.1534478034532304
12,1507,1519,0.1534481926734021
12,1510,1522,0.15345174989864283
12,1516,1528,0.15345508615902081
12,1515,1527,0.1534582140301236
12,1506,1518,0.15346114686203818
12,1515,1527,0.1534638973628305
9,1525,1534,0.15346647733435553
9,1527,1536,0.1534781750591683
9,1512,1521,0.15348915869543245
9,1510,1519,0.15349960239245827
9,1504,1513,0.1535094202690196
7,1508,1515,0.1535186413860899
7,1506,1513,0.15353351206553703
7,1513,1520,0.15354745406161288
7,1514,1521,0.15356065354426754
7,1524,1531,0.1535730153300878
7,1504,1511,0.15358462498881384
6,1522,1528,0.15359553114921567
6,1522,1528,0.15360885043305483
7,1518,1525,0.15362135764228532
7,1518,1525,0.15363002606798953
7,1512,1519,0.15363818413904182
5,1516,1521,0.1536458512629715
5,1520,1525,0.15365936526040713
4,1523,1527,0.15367203187495895
4,1524,1528,0.1536869680152542
4,1518,1522,0.15370103766050092
5,1503,1508,0.15371426790462428
5,1501,1506,0.15372364682030423
5,1503,1508,0.15373244113014042
5,1509,1514,0.1537407051451231
4,1514,1518,0.15374847207638553
5,1508,1513,0.15375896878647535
5,1494,1499,0.15376578492513293
5,1494,1499,0.1537721757353079
5,1500,1505,0.15377818354137132
6,1497,1503,0.1537838314358019
6,1501,1507,0.15378607302078662
6,1493,1499,0.1537881612605355
6,1500,1506,0.1537901261882765
5,1503,1508,0.1537919765338053
5,1501,1506,0.15379682383456741
5,1493,1498,0.1538013735621017
5,1491,1496,0.15380565041985853
5,1509,1514,0.15380967073449286
5,1512,1517,0.15381344991793441
5,1515,1520,0.15381700244199362
4,1514,1518,0.1538203419058743
4,1512,1516,0.15382654239016064
4,1511,1515,0.15383240285804503
4,1507,1511,0.15383791521500545
4,1507,1511,0.1538430978187893
4,1513,1517,0.15384796984125299
4,1513,1517,0.153852549704554
4,1502,1506,0.15385685486025502
4,1504,1508,0.15386090176930492
4,1507,1511,0.15386470593014562
4,1513,1517,0.1538682819219286
4,1512,1516,0.15387164345253104
4,1511,1515,0.15387480340730506
4,1505,1509,0.15387777389676238
4,1504,1508,0.15388056630237332
3,1502,1505,0.15388319132012682
3,1506,1509,0.15388872895896727
3,1508,1511,0.15389396665236135
3,1518,1521,0.153898886681143
3,1506,1509,0.15390352112490918
3,1513,1516,0.1539078807752584
3,1506,1509,0.15391198054015198
3,1489,1492,0.15391583531910874
2,1510,1512,0.1539194595076363
2,1515,1517,0.1539260120367942
2,1516,1518,0.1539321718358605
2,1512,1514,0.15393796743228383
3,1505,1508,0.15394341918657667
3,1508,1511,0.15394538731710233
2,1501,1503,0.1539472454399338
2,1506,1508,0.15395214467084256
2,1508,1510,0.1539567480580816
2,1520,1522,0.1539610790315613
3,1512,1515,0.1539651528584181
3,1521,1524,0.15396582036255704
3,1518,1521,0.15396645570636908
3,1523,1526,0.15396705184993864
4,1514,1518,0.15396761163921951
4,1516,1520,0.1539650311687728
4,1513,1517,0.15396258217995654
4,1520,1524,0.15396027870212278
4,1523,1527,0.15395811356284247
3,1514,1517,0.15395607873902784
3,1504,1507,0.15395724885006687
3,1510,1513,0.15395837981993882
3,1503,1506,0.15395944746553117
4,1531,1535,0.15396045304943823
4,1528,1532,0.15395830323160126
4,1525,1529,0.1539562606330578
3,1534,1537,0.15395433877315187
3,1534,1537,0.15395561423421728
4,1526,1530,0.15395684361739348
4,1517,1521,0.15395490996361416
4,1511,1515,0.15395307115508622
4,1524,1528,0.15395134106968694
4,1514,1518,0.15394971445459102
4,1508,1512,0.15394818547135705
4,1499,1503,0.15394674840034533
4,1506,1510,0.15394539776798907
4,1507,1511,0.15394412838563537
3,1509,1512,0.15394293535729162
3,1504,1507,0.15394488291393713
4,1488,1492,0.15394674251358292
5,1488,1493,0.15394541315248542
5,1497,1502,0.15394095610508352
5,1496,1501,0.1539367907782642
5,1494,1499,0.15393288092900456
5,1484,1489,0.1539292086667249
5,1508,1513,0.15392575884141899
4,1509,1513,0.15392251765470533
4,1510,1514,0.15392264595867544
4,1517,1521,0.15392274802364064
4,1518,1522,0.1539228411004861
4,1508,1512,0.15392292760616702
4,1518,1522,0.15392300842636564
4,1517,1521,0.15392308407196423
4,1511,1515,0.1539231549256221
4,1510,1514,0.15392322131380878
4,1498,1502,0.15392328353090562
6,1506,1512,0.15392334184818948
6,1521,1527,0.15391706768439167
6,1510,1516,0.15391120531823468
5,1510,1515,0.15390570296699446
5,1515,1520,0.15390369856955188
5,1524,1529,0.15390179562959339
5,1516,1521,0.15390000479689522
5,1506,1511,0.15389832099102624
4,1504,1508,0.15389673807155702
4,1506,1510,0.15389836248637734
4,1499,1503,0.1538998807635039
4,1500,1504,0.15390130742356337
4,1499,1503,0.1539026480586881
4,1495,1499,0.1539039078337072
4,1501,1505,0.15390509160113708
4,1488,1492,0.15390620393805077
4,1491,1495,0.15390724915983667
4,1509,1513,0.15390823132989662
4,1507,1511,0.1539091542700735
4,1516,1520,0.15391002157221909
4,1498,1502,0.15391083661039573
4,1510,1514,0.15391160255319902
4,1516,1520,0.1539123223758455
4,1517,1521,0.15391299887181306
4,1516,1520,0.15391363466392532
4,1509,1513,0.15391423221483214
4,1521,1525,0.15391479383687945
4,1520,1524,0.15391532170138256
4,1527,1531,0.15391581784732755
4,1521,1525,0.1539162841895313
4,1521,1525,0.1539167225262922
3,1532,1535,0.15391713454656306
3,1531,1534,0.15392060750041595
3,1524,1527,0.15392390724870578
3,1521,1524,0.15392701514678417
3,1510,1513,0.15392993955020984
4,1509,1513,0.15393269030506163
4,1509,1513,0.15393208157976293
4,1502,1506,0.15393153026503964
4,1496,1500,0.15393101487782462
4,1506,1510,0.15393053138694845
4,1502,1506,0.15393007730763583
4,1497,1501,0.1539296506438204
5,1512,1517,0.15392924964890234
5,1520,1525,0.15392577068718505
5,1521,1526,0.15392247664643058
5,1529,1534,0.15391937903941458
5,1534,1539,0.1539164678153805
5,1532,1537,0.1539137322014029
4,1524,1528,0.1539111617507577
4,1533,1537,0.15391181547985638
4,1526,1530,0.1539124596896411
4,1516,1520,0.15391306816822936
4,1502,1506,0.15391364104221292
4,1492,1496,0.15391417992178438
4,1493,1497,0.15391468661963245
4,1490,1494,0.1539151477373567
4,1500,1504,0.1539155795806653
5,1512,1517,0.15391598430883546
5,1516,1521,0.15391317458927964
5,1516,1521,0.15391055449671132
5,1524,1529,0.1539080945607105
5,1529,1534,0.15390578358420892
5,1519,1524,0.15390361208811032
4,1505,1509,0.15390157141937005
4,1516,1520,0.1539028002117458
4,1521,1525,0.15390395520273467
4,1515,1519,0.1539050433809794
4,1509,1513,0.15390606706612378
4,1508,1512,0.1539070296354947
4,1506,1510,0.1539079345869202
4,1511,1515,0.15390878530737553
4,1503,1507,0.15390958501694485
4,1509,1513,0.15391033675859564
4,1511,1515,0.15391104340108921
2,1519,1521,0.15391170764592466
2,1525,1527,0.15391863259155172
2,1523,1525,0.15392517265150965
2,1519,1521,0.15393133171683712
2,1514,1516,0.15393712854355773
2,1517,1519,0.15394258288769802
2,1516,1518,0.15394771413028002
2,1521,1523,0.15395254088780855
2,1512,1514,0.15395708088541146
2,1517,1519,0.15396135092462124
2,1518,1520,0.15396536689131066
2,1518,1520,0.1539691437822251
2,1526,1528,0.1539726957403457
2,1527,1529,0.1539760360942188
2,1521,1523,0.1539791773986655
2,1513,1515,0.15398213147543985
1,1522,1523,0.1539849094530288
1,1509,1510,0.15399074037002775
1,1508,1509,0.1539962132020368
1,1505,1506,0.15400136189878857
1,1505,1506,0.15400620592528666
1,1505,1506,0.1540107630581885
1,1507,1508,0.15401505004673385
2,1513,1515,0.154019082710815
2,1520,1522,0.15401973326763616
2,1518,1520,0.15402031327849017
2,1519,1521,0.1540208528115932
2,1522,1524,0.15402135762831215
2,1515,1517,0.15402183085877905
2,1528,1530,0.1540222748751395
2,1526,1528,0.15402269170009522
2,1516,1518,0.1540230831367017
2,1509,1511,0.15402345082434418
2,1507,1509,0.15402379626929036
2,1509,1511,0.15402412086426384
2,1504,1506,0.1540244259023541
2,1507,1509,0.15402471258760894
1,1509,1510,0.15402498204350337
1,1513,1514,0.15402836130063294
1,1502,1503,0.15403158011228985
1,1503,1504,0.15403461582333997
1,1503,1504,0.15403747496449818
1,1514,1515,0.15404016647092422
1,1516,1517,0.15404269951043534
1,1524,1525,0.1540450830207651
1,1516,1517,0.15404732557206857
1,1520,1521,0.1540494353222382
1,1527,1528,0.1540514200067209
1,1530,1531,0.15405328694348888
1,1518,1519,0.15405504304529818
1,1508,1509,0.15405669483553858
1,1506,1507,0.15405824846576352
1,1509,1510,0.15405970973384367
1,1517,1518,0.15406108410214142
0,1525,1525,0.15406237671535183
